100	0.02	0.1	0.1	0	0	0.02
200	0.02	0.09	0.09	0	0	0.02
300	0.01	0.09	0.09	0	0	0.01
400	0.01	0.09	0.09	0	0	0.01
500	0.02	0.1	0.1	0	0	0.02
600	0.02	0.14	0.14	0	0	0.02
700	0.02	0.15	0.15	0	0	0.02
800	0.03	0.17	0.17	0	0	0.03
900	0.03	0.17	0.17	0	0	0.03
1000	0.03	0.18	0.18	0	0	0.03
1100	0.03	0.2	0.2	0	0	0.03
1200	0.04	0.21	0.21	0	0	0.04
1300	0.05	0.2	0.2	0	0	0.05
1400	0.05	0.19	0.19	0	0	0.05
1500	0.05	0.19	0.19	0	0	0.05
1600	0.05	0.21	0.21	0	0	0.05
1700	0.05	0.22	0.22	0	0	0.05
1800	0.05	0.2	0.2	0	0	0.05
1900	0.04	0.2	0.2	0	0	0.04
2000	0.04	0.19	0.19	0	0	0.04
2100	0.04	0.18	0.18	0	0	0.04
2200	0.04	0.18	0.18	0	0	0.04
2300	0.05	0.19	0.19	0	0	0.05
2400	0.06	0.2	0.2	0	0	0.06
2500	0.05	0.23	0.23	0	0	0.05
2600	0.05	0.24	0.24	0	0	0.05
2700	0.06	0.27	0.27	0	0	0.06
2800	0.06	0.27	0.27	0	0	0.06
2900	0.05	0.26	0.26	0	0	0.05
3000	0.06	0.26	0.26	0	0	0.06
3100	0.06	0.26	0.26	0	0	0.06
3200	0.07	0.25	0.25	0	0	0.07
3300	0.07	0.25	0.25	0	0	0.07
3400	0.07	0.26	0.26	0	0	0.07
3500	0.08	0.25	0.25	0	0	0.08
3600	0.08	0.25	0.25	0	0	0.08
3700	0.08	0.27	0.27	0	0	0.08
3800	0.09	0.26	0.26	0	0	0.09
3900	0.08	0.26	0.26	0	0	0.08
4000	0.07	0.27	0.27	0	0	0.07
4100	0.08	0.3	0.3	0	0	0.08
4200	0.08	0.31	0.31	0	0	0.08
4300	0.08	0.32	0.32	0	0	0.08
4400	0.09	0.32	0.32	0	0	0.09
4500	0.1	0.32	0.32	0	0	0.1
4600	0.1	0.32	0.32	0	0	0.1
4700	0.1	0.34	0.34	0	0	0.1
4800	0.11	0.35	0.35	0	0	0.11
4900	0.11	0.36	0.36	0	0	0.11
5000	0.12	0.35	0.35	0	0	0.12
5100	0.12	0.38	0.38	0	0	0.12
5200	0.11	0.37	0.37	0	0	0.11
5300	0.12	0.39	0.39	0	0	0.12
5400	0.12	0.38	0.38	0	0	0.12
5500	0.12	0.37	0.37	0	0	0.12
5600	0.12	0.38	0.38	0	0	0.12
5700	0.13	0.41	0.41	0	0	0.13
5800	0.13	0.42	0.42	0	0	0.13
5900	0.13	0.41	0.41	0	0	0.13
6000	0.13	0.42	0.42	0	0	0.13
6100	0.14	0.42	0.42	0	0	0.14
6200	0.14	0.42	0.42	0	0	0.14
6300	0.14	0.43	0.43	0	0	0.14
6400	0.14	0.43	0.43	0	0	0.14
6500	0.14	0.45	0.45	0	0	0.14
6600	0.14	0.45	0.45	0	0	0.14
6700	0.14	0.47	0.47	0	0	0.14
6800	0.14	0.47	0.47	0	0	0.14
6900	0.14	0.47	0.47	0	0	0.14
7000	0.15	0.47	0.47	0	0	0.15
7100	0.14	0.47	0.47	0	0	0.14
7200	0.14	0.47	0.47	0	0	0.14
7300	0.14	0.47	0.47	0	0	0.14
7400	0.14	0.47	0.47	0	0	0.14
7500	0.14	0.48	0.48	0	0	0.14
7600	0.14	0.48	0.48	0	0	0.14
7700	0.14	0.49	0.49	0	0	0.14
7800	0.14	0.48	0.48	0	0	0.14
7900	0.14	0.48	0.48	0	0	0.14
8000	0.14	0.48	0.48	0	0	0.14
8100	0.14	0.48	0.48	0	0	0.14
8200	0.14	0.48	0.48	0	0	0.14
8300	0.14	0.48	0.48	0	0	0.14
8400	0.13	0.47	0.47	0	0	0.13
8500	0.13	0.48	0.48	0	0	0.13
8600	0.13	0.48	0.48	0	0	0.13
8700	0.13	0.49	0.49	0	0	0.13
8800	0.12	0.47	0.47	0	0	0.12
8900	0.12	0.48	0.48	0	0	0.12
9000	0.12	0.48	0.48	0	0	0.12
9100	0.12	0.49	0.49	0	0	0.12
9200	0.12	0.49	0.49	0	0	0.12
9300	0.12	0.49	0.49	0	0	0.12
9400	0.12	0.5	0.5	0	0	0.12
9500	0.12	0.48	0.48	0	0	0.12
9600	0.12	0.48	0.48	0	0	0.12
9700	0.12	0.48	0.48	0	0	0.12
9800	0.12	0.48	0.48	0	0	0.12
9900	0.13	0.48	0.48	0	0	0.13
10000	0.14	0.47	0.47	0	0	0.14
10100	0.15	0.47	0.47	0	0	0.15
10200	0.15	0.47	0.47	0	0	0.15
10300	0.15	0.47	0.47	0	0	0.15
10400	0.15	0.49	0.49	0	0	0.15
10500	0.14	0.48	0.48	0	0	0.14
10600	0.14	0.49	0.49	0	0	0.14
10700	0.14	0.5	0.5	0	0	0.14
10800	0.15	0.5	0.5	0	0	0.15
10900	0.16	0.5	0.5	0	0	0.16
11000	0.16	0.5	0.5	0	0	0.16
11100	0.16	0.5	0.5	0	0	0.16
11200	0.16	0.51	0.51	0	0	0.16
11300	0.16	0.5	0.5	0	0	0.16
11400	0.16	0.5	0.5	0	0	0.16
11500	0.16	0.51	0.51	0	0	0.16
11600	0.16	0.51	0.51	0	0	0.16
11700	0.16	0.51	0.51	0	0	0.16
11800	0.16	0.51	0.51	0	0	0.16
11900	0.16	0.52	0.52	0	0	0.16
12000	0.16	0.53	0.53	0	0	0.16
12100	0.15	0.53	0.53	0	0	0.15
12200	0.15	0.53	0.53	0	0	0.15
12300	0.15	0.55	0.55	0	0	0.15
12400	0.15	0.55	0.55	0	0	0.15
12500	0.15	0.55	0.55	0	0	0.15
12600	0.15	0.55	0.55	0	0	0.15
12700	0.15	0.55	0.55	0	0	0.15
12800	0.16	0.55	0.55	0	0	0.16
12900	0.16	0.56	0.56	0	0	0.16
13000	0.16	0.56	0.56	0	0	0.16
13100	0.16	0.56	0.56	0	0	0.16
13200	0.17	0.55	0.55	0	0	0.17
13300	0.17	0.55	0.55	0	0	0.17
13400	0.18	0.55	0.55	0	0	0.18
13500	0.18	0.55	0.55	0	0	0.18
13600	0.18	0.55	0.55	0	0	0.18
13700	0.18	0.55	0.55	0	0	0.18
13800	0.18	0.55	0.55	0	0	0.18
13900	0.18	0.56	0.56	0	0	0.18
14000	0.17	0.56	0.56	0	0	0.17
14100	0.17	0.56	0.56	0	0	0.17
14200	0.17	0.57	0.57	0	0	0.17
14300	0.17	0.57	0.57	0	0	0.17
14400	0.17	0.57	0.57	0	0	0.17
14500	0.16	0.57	0.57	0	0	0.16
14600	0.16	0.56	0.56	0	0	0.16
14700	0.16	0.55	0.55	0	0	0.16
14800	0.16	0.55	0.55	0	0	0.16
14900	0.17	0.56	0.56	0	0	0.17
15000	0.18	0.56	0.56	0	0	0.18
15100	0.19	0.56	0.56	0	0	0.19
15200	0.2	0.56	0.56	0	0	0.2
15300	0.2	0.57	0.57	0	0	0.2
15400	0.2	0.57	0.57	0	0	0.2
15500	0.2	0.57	0.57	0	0	0.2
15600	0.2	0.57	0.57	0	0	0.2
15700	0.2	0.57	0.57	0	0	0.2
15800	0.2	0.57	0.57	0	0	0.2
15900	0.2	0.57	0.57	0	0	0.2
16000	0.2	0.57	0.57	0	0	0.2
16100	0.2	0.57	0.57	0	0	0.2
16200	0.21	0.57	0.57	0	0	0.21
16300	0.21	0.57	0.57	0	0	0.21
16400	0.21	0.58	0.58	0	0	0.21
16500	0.21	0.58	0.58	0	0	0.21
16600	0.21	0.57	0.57	0	0	0.21
16700	0.2	0.57	0.57	0	0	0.2
16800	0.2	0.57	0.57	0	0	0.2
16900	0.2	0.57	0.57	0	0	0.2
17000	0.2	0.58	0.58	0	0	0.2
17100	0.2	0.57	0.57	0	0	0.2
17200	0.2	0.57	0.57	0	0	0.2
17300	0.2	0.57	0.57	0	0	0.2
17400	0.2	0.57	0.57	0	0	0.2
17500	0.2	0.57	0.57	0	0	0.2
17600	0.2	0.57	0.57	0	0	0.2
17700	0.2	0.57	0.57	0	0	0.2
17800	0.2	0.56	0.56	0	0	0.2
17900	0.2	0.56	0.56	0	0	0.2
18000	0.2	0.56	0.56	0	0	0.2
18100	0.2	0.56	0.56	0	0	0.2
18200	0.2	0.57	0.57	0	0	0.2
18300	0.21	0.59	0.59	0	0	0.21
18400	0.2	0.59	0.59	0	0	0.2
18500	0.2	0.59	0.59	0	0	0.2
18600	0.2	0.59	0.59	0	0	0.2
18700	0.2	0.59	0.59	0	0	0.2
18800	0.2	0.59	0.59	0	0	0.2
18900	0.2	0.59	0.59	0	0	0.2
19000	0.2	0.59	0.59	0	0	0.2
19100	0.2	0.59	0.59	0	0	0.2
19200	0.2	0.59	0.59	0	0	0.2
19300	0.19	0.59	0.59	0	0	0.19
19400	0.19	0.59	0.59	0	0	0.19
19500	0.19	0.62	0.62	0	0	0.19
19600	0.2	0.62	0.62	0	0	0.2
19700	0.2	0.63	0.63	0	0	0.2
19800	0.2	0.62	0.62	0	0	0.2
19900	0.18	0.62	0.62	0	0	0.18
20000	0.18	0.62	0.62	0	0	0.18
20100	0.18	0.62	0.62	0	0	0.18
20200	0.18	0.61	0.61	0	0	0.18
20300	0.18	0.61	0.61	0	0	0.18
20400	0.18	0.61	0.61	0	0	0.18
20500	0.18	0.61	0.61	0	0	0.18
20600	0.18	0.61	0.61	0	0	0.18
20700	0.18	0.61	0.61	0	0	0.18
20800	0.18	0.61	0.61	0	0	0.18
20900	0.18	0.62	0.62	0	0	0.18
21000	0.18	0.61	0.61	0	0	0.18
21100	0.18	0.61	0.61	0	0	0.18
21200	0.18	0.61	0.61	0	0	0.18
21300	0.18	0.61	0.61	0	0	0.18
21400	0.18	0.61	0.61	0	0	0.18
21500	0.18	0.61	0.61	0	0	0.18
21600	0.18	0.61	0.61	0	0	0.18
21700	0.18	0.61	0.61	0	0	0.18
21800	0.18	0.62	0.62	0	0	0.18
21900	0.18	0.62	0.62	0	0	0.18
22000	0.18	0.63	0.63	0	0	0.18
22100	0.18	0.63	0.63	0	0	0.18
22200	0.18	0.63	0.63	0	0	0.18
22300	0.18	0.63	0.63	0	0	0.18
22400	0.18	0.63	0.63	0	0	0.18
22500	0.18	0.63	0.63	0	0	0.18
22600	0.18	0.63	0.63	0	0	0.18
22700	0.18	0.63	0.63	0	0	0.18
22800	0.18	0.63	0.63	0	0	0.18
22900	0.18	0.63	0.63	0	0	0.18
23000	0.18	0.63	0.63	0	0	0.18
23100	0.18	0.63	0.63	0	0	0.18
23200	0.19	0.62	0.62	0	0	0.19
23300	0.19	0.62	0.62	0	0	0.19
23400	0.18	0.63	0.63	0	0	0.18
23500	0.18	0.63	0.63	0	0	0.18
23600	0.19	0.62	0.62	0	0	0.19
23700	0.19	0.62	0.62	0	0	0.19
23800	0.19	0.62	0.62	0	0	0.19
23900	0.19	0.62	0.62	0	0	0.19
24000	0.19	0.62	0.62	0	0	0.19
24100	0.19	0.62	0.62	0	0	0.19
24200	0.19	0.62	0.62	0	0	0.19
24300	0.2	0.62	0.62	0	0	0.2
24400	0.2	0.62	0.62	0	0	0.2
24500	0.2	0.62	0.62	0	0	0.2
24600	0.19	0.62	0.62	0	0	0.19
24700	0.2	0.62	0.62	0	0	0.2
24800	0.2	0.62	0.62	0	0	0.2
24900	0.2	0.62	0.62	0	0	0.2
25000	0.2	0.62	0.62	0	0	0.2
25100	0.2	0.62	0.62	0	0	0.2
25200	0.2	0.62	0.62	0	0	0.2
25300	0.2	0.62	0.62	0	0	0.2
25400	0.2	0.62	0.62	0	0	0.2
25500	0.19	0.62	0.62	0	0	0.19
25600	0.19	0.62	0.62	0	0	0.19
25700	0.19	0.62	0.62	0	0	0.19
25800	0.19	0.62	0.62	0	0	0.19
25900	0.19	0.62	0.62	0	0	0.19
26000	0.19	0.62	0.62	0	0	0.19
26100	0.19	0.62	0.62	0	0	0.19
26200	0.19	0.62	0.62	0	0	0.19
26300	0.19	0.62	0.62	0	0	0.19
26400	0.19	0.62	0.62	0	0	0.19
26500	0.2	0.62	0.62	0	0	0.2
26600	0.2	0.62	0.62	0	0	0.2
26700	0.21	0.62	0.62	0	0	0.21
26800	0.21	0.62	0.62	0	0	0.21
26900	0.21	0.62	0.62	0	0	0.21
27000	0.21	0.62	0.62	0	0	0.21
27100	0.21	0.61	0.61	0	0	0.21
27200	0.21	0.61	0.61	0	0	0.21
27300	0.21	0.61	0.61	0	0	0.21
27400	0.21	0.61	0.61	0	0	0.21
27500	0.21	0.62	0.62	0	0	0.21
27600	0.21	0.62	0.62	0	0	0.21
27700	0.21	0.62	0.62	0	0	0.21
27800	0.2	0.62	0.62	0	0	0.2
27900	0.2	0.62	0.62	0	0	0.2
28000	0.2	0.62	0.62	0	0	0.2
28100	0.2	0.62	0.62	0	0	0.2
28200	0.2	0.62	0.62	0	0	0.2
28300	0.2	0.63	0.63	0	0	0.2
28400	0.2	0.63	0.63	0	0	0.2
28500	0.2	0.63	0.63	0	0	0.2
28600	0.2	0.63	0.63	0	0	0.2
28700	0.2	0.63	0.63	0	0	0.2
28800	0.2	0.63	0.63	0	0	0.2
28900	0.2	0.63	0.63	0	0	0.2
29000	0.2	0.63	0.63	0	0	0.2
29100	0.21	0.63	0.63	0	0	0.21
29200	0.21	0.63	0.63	0	0	0.21
29300	0.22	0.63	0.63	0	0	0.22
29400	0.22	0.64	0.64	0	0	0.22
29500	0.22	0.63	0.63	0	0	0.22
29600	0.22	0.63	0.63	0	0	0.22
29700	0.22	0.63	0.63	0	0	0.22
29800	0.23	0.64	0.64	0	0	0.23
29900	0.22	0.63	0.63	0	0	0.22
30000	0.22	0.63	0.63	0	0	0.22
30100	0.22	0.63	0.63	0	0	0.22
30200	0.21	0.63	0.63	0	0	0.21
30300	0.21	0.63	0.63	0	0	0.21
30400	0.21	0.63	0.63	0	0	0.21
30500	0.21	0.63	0.63	0	0	0.21
30600	0.21	0.63	0.63	0	0	0.21
30700	0.21	0.63	0.63	0	0	0.21
30800	0.21	0.63	0.63	0	0	0.21
30900	0.21	0.63	0.63	0	0	0.21
31000	0.21	0.63	0.63	0	0	0.21
31100	0.21	0.63	0.63	0	0	0.21
31200	0.21	0.63	0.63	0	0	0.21
31300	0.21	0.64	0.64	0	0	0.21
31400	0.21	0.64	0.64	0	0	0.21
31500	0.21	0.64	0.64	0	0	0.21
31600	0.22	0.64	0.64	0	0	0.22
31700	0.23	0.64	0.64	0	0	0.23
31800	0.23	0.64	0.64	0	0	0.23
31900	0.23	0.64	0.64	0	0	0.23
32000	0.23	0.64	0.64	0	0	0.23
32100	0.23	0.64	0.64	0	0	0.23
32200	0.23	0.64	0.64	0	0	0.23
32300	0.23	0.64	0.64	0	0	0.23
32400	0.23	0.64	0.64	0	0	0.23
32500	0.23	0.64	0.64	0	0	0.23
32600	0.23	0.64	0.64	0	0	0.23
32700	0.23	0.64	0.64	0	0	0.23
32800	0.23	0.64	0.64	0	0	0.23
32900	0.23	0.64	0.64	0	0	0.23
33000	0.23	0.64	0.64	0	0	0.23
33100	0.23	0.64	0.64	0	0	0.23
33200	0.24	0.64	0.64	0	0	0.24
33300	0.24	0.64	0.64	0	0	0.24
33400	0.23	0.64	0.64	0	0	0.23
33500	0.23	0.64	0.64	0	0	0.23
33600	0.23	0.64	0.64	0	0	0.23
33700	0.23	0.64	0.64	0	0	0.23
33800	0.23	0.64	0.64	0	0	0.23
33900	0.23	0.64	0.64	0	0	0.23
34000	0.23	0.64	0.64	0	0	0.23
34100	0.23	0.64	0.64	0	0	0.23
34200	0.23	0.64	0.64	0	0	0.23
34300	0.23	0.64	0.64	0	0	0.23
34400	0.23	0.64	0.64	0	0	0.23
34500	0.22	0.64	0.64	0	0	0.22
34600	0.22	0.64	0.64	0	0	0.22
34700	0.22	0.64	0.64	0	0	0.22
34800	0.22	0.65	0.65	0	0	0.22
34900	0.22	0.64	0.64	0	0	0.22
35000	0.22	0.64	0.64	0	0	0.22
35100	0.22	0.64	0.64	0	0	0.22
35200	0.21	0.64	0.64	0	0	0.21
35300	0.21	0.64	0.64	0	0	0.21
35400	0.21	0.65	0.65	0	0	0.21
35500	0.21	0.65	0.65	0	0	0.21
35600	0.22	0.64	0.64	0	0	0.22
35700	0.22	0.64	0.64	0	0	0.22
35800	0.22	0.64	0.64	0	0	0.22
35900	0.22	0.64	0.64	0	0	0.22
36000	0.23	0.64	0.64	0	0	0.23
36100	0.23	0.64	0.64	0	0	0.23
36200	0.22	0.64	0.64	0	0	0.22
36300	0.22	0.64	0.64	0	0	0.22
36400	0.22	0.66	0.66	0	0	0.22
36500	0.22	0.65	0.65	0	0	0.22
36600	0.22	0.66	0.66	0	0	0.22
36700	0.22	0.66	0.66	0	0	0.22
36800	0.23	0.66	0.66	0	0	0.23
36900	0.23	0.66	0.66	0	0	0.23
37000	0.23	0.66	0.66	0	0	0.23
37100	0.23	0.66	0.66	0	0	0.23
37200	0.23	0.66	0.66	0	0	0.23
37300	0.23	0.66	0.66	0	0	0.23
37400	0.23	0.66	0.66	0	0	0.23
37500	0.23	0.66	0.66	0	0	0.23
37600	0.23	0.66	0.66	0	0	0.23
37700	0.23	0.66	0.66	0	0	0.23
37800	0.23	0.66	0.66	0	0	0.23
37900	0.23	0.66	0.66	0	0	0.23
38000	0.23	0.66	0.66	0	0	0.23
38100	0.23	0.66	0.66	0	0	0.23
38200	0.23	0.66	0.66	0	0	0.23
38300	0.23	0.66	0.66	0	0	0.23
38400	0.23	0.66	0.66	0	0	0.23
38500	0.23	0.66	0.66	0	0	0.23
38600	0.23	0.66	0.66	0	0	0.23
38700	0.23	0.66	0.66	0	0	0.23
38800	0.23	0.66	0.66	0	0	0.23
38900	0.23	0.66	0.66	0	0	0.23
39000	0.23	0.66	0.66	0	0	0.23
39100	0.24	0.66	0.66	0	0	0.24
39200	0.24	0.66	0.66	0	0	0.24
39300	0.24	0.66	0.66	0	0	0.24
39400	0.24	0.66	0.66	0	0	0.24
39500	0.24	0.66	0.66	0	0	0.24
39600	0.24	0.66	0.66	0	0	0.24
39700	0.24	0.66	0.66	0	0	0.24
39800	0.24	0.66	0.66	0	0	0.24
39900	0.24	0.66	0.66	0	0	0.24
40000	0.24	0.66	0.66	0	0	0.24
40100	0.24	0.66	0.66	0	0	0.24
40200	0.24	0.66	0.66	0	0	0.24
40300	0.24	0.66	0.66	0	0	0.24
40400	0.24	0.66	0.66	0	0	0.24
40500	0.24	0.66	0.66	0	0	0.24
40600	0.24	0.66	0.66	0	0	0.24
40700	0.24	0.66	0.66	0	0	0.24
40800	0.24	0.66	0.66	0	0	0.24
40900	0.24	0.66	0.66	0	0	0.24
41000	0.24	0.66	0.66	0	0	0.24
41100	0.24	0.66	0.66	0	0	0.24
41200	0.24	0.66	0.66	0	0	0.24
41300	0.24	0.66	0.66	0	0	0.24
41400	0.24	0.66	0.66	0	0	0.24
41500	0.24	0.66	0.66	0	0	0.24
41600	0.24	0.66	0.66	0	0	0.24
41700	0.24	0.66	0.66	0	0	0.24
41800	0.24	0.66	0.66	0	0	0.24
41900	0.24	0.66	0.66	0	0	0.24
42000	0.24	0.66	0.66	0	0	0.24
42100	0.24	0.66	0.66	0	0	0.24
42200	0.24	0.66	0.66	0	0	0.24
42300	0.24	0.66	0.66	0	0	0.24
42400	0.24	0.66	0.66	0	0	0.24
42500	0.24	0.66	0.66	0	0	0.24
42600	0.24	0.66	0.66	0	0	0.24
42700	0.24	0.66	0.66	0	0	0.24
42800	0.25	0.66	0.66	0	0	0.25
42900	0.24	0.67	0.67	0	0	0.24
43000	0.24	0.67	0.67	0	0	0.24
43100	0.24	0.67	0.67	0	0	0.24
43200	0.24	0.67	0.67	0	0	0.24
43300	0.24	0.67	0.67	0	0	0.24
43400	0.24	0.67	0.67	0	0	0.24
43500	0.24	0.67	0.67	0	0	0.24
43600	0.25	0.67	0.67	0	0	0.25
43700	0.25	0.67	0.67	0	0	0.25
43800	0.25	0.67	0.67	0	0	0.25
43900	0.25	0.67	0.67	0	0	0.25
44000	0.25	0.67	0.67	0	0	0.25
44100	0.25	0.67	0.67	0	0	0.25
44200	0.25	0.67	0.67	0	0	0.25
44300	0.25	0.67	0.67	0	0	0.25
44400	0.25	0.67	0.67	0	0	0.25
44500	0.26	0.67	0.67	0	0	0.26
44600	0.26	0.67	0.67	0	0	0.26
44700	0.26	0.67	0.67	0	0	0.26
44800	0.26	0.67	0.67	0	0	0.26
44900	0.26	0.67	0.67	0	0	0.26
45000	0.26	0.67	0.67	0	0	0.26
45100	0.26	0.67	0.67	0	0	0.26
45200	0.26	0.67	0.67	0	0	0.26
45300	0.26	0.67	0.67	0	0	0.26
45400	0.26	0.67	0.67	0	0	0.26
45500	0.26	0.67	0.67	0	0	0.26
45600	0.26	0.67	0.67	0	0	0.26
45700	0.26	0.67	0.67	0	0	0.26
45800	0.26	0.67	0.67	0	0	0.26
45900	0.26	0.67	0.67	0	0	0.26
46000	0.26	0.67	0.67	0	0	0.26
46100	0.25	0.67	0.67	0	0	0.25
46200	0.25	0.67	0.67	0	0	0.25
46300	0.25	0.67	0.67	0	0	0.25
46400	0.25	0.67	0.67	0	0	0.25
46500	0.25	0.67	0.67	0	0	0.25
46600	0.25	0.67	0.67	0	0	0.25
46700	0.25	0.67	0.67	0	0	0.25
46800	0.25	0.68	0.68	0	0	0.25
46900	0.25	0.68	0.68	0	0	0.25
47000	0.25	0.68	0.68	0	0	0.25
47100	0.24	0.68	0.68	0	0	0.24
47200	0.26	0.68	0.68	0	0	0.26
47300	0.26	0.68	0.68	0	0	0.26
47400	0.24	0.68	0.68	0	0	0.24
47500	0.24	0.68	0.68	0	0	0.24
47600	0.24	0.68	0.68	0	0	0.24
47700	0.23	0.68	0.68	0	0	0.23
47800	0.23	0.68	0.68	0	0	0.23
47900	0.23	0.68	0.68	0	0	0.23
48000	0.23	0.68	0.68	0	0	0.23
48100	0.23	0.68	0.68	0	0	0.23
48200	0.23	0.68	0.68	0	0	0.23
48300	0.23	0.68	0.68	0	0	0.23
48400	0.23	0.68	0.68	0	0	0.23
48500	0.23	0.68	0.68	0	0	0.23
48600	0.23	0.68	0.68	0	0	0.23
48700	0.23	0.68	0.68	0	0	0.23
48800	0.23	0.68	0.68	0	0	0.23
48900	0.23	0.68	0.68	0	0	0.23
49000	0.23	0.68	0.68	0	0	0.23
49100	0.23	0.68	0.68	0	0	0.23
49200	0.23	0.68	0.68	0	0	0.23
49300	0.23	0.67	0.67	0	0	0.23
49400	0.23	0.67	0.67	0	0	0.23
49500	0.23	0.67	0.67	0	0	0.23
49600	0.23	0.67	0.67	0	0	0.23
49700	0.24	0.67	0.67	0	0	0.24
49800	0.24	0.67	0.67	0	0	0.24
49900	0.22	0.67	0.67	0	0	0.22
50000	0.22	0.67	0.67	0	0	0.22
50100	0.22	0.67	0.67	0	0	0.22
50200	0.22	0.68	0.68	0	0	0.22
50300	0.22	0.67	0.67	0	0	0.22
50400	0.22	0.67	0.67	0	0	0.22
50500	0.22	0.66	0.66	0	0	0.22
50600	0.22	0.66	0.66	0	0	0.22
50700	0.22	0.66	0.66	0	0	0.22
50800	0.22	0.66	0.66	0	0	0.22
50900	0.22	0.66	0.66	0	0	0.22
51000	0.22	0.66	0.66	0	0	0.22
51100	0.22	0.66	0.66	0	0	0.22
51200	0.22	0.67	0.67	0	0	0.22
51300	0.22	0.67	0.67	0	0	0.22
51400	0.22	0.67	0.67	0	0	0.22
51500	0.22	0.67	0.67	0	0	0.22
51600	0.23	0.67	0.67	0	0	0.23
51700	0.23	0.67	0.67	0	0	0.23
51800	0.23	0.67	0.67	0	0	0.23
51900	0.23	0.67	0.67	0	0	0.23
52000	0.23	0.67	0.67	0	0	0.23
52100	0.23	0.67	0.67	0	0	0.23
52200	0.23	0.67	0.67	0	0	0.23
52300	0.23	0.67	0.67	0	0	0.23
52400	0.23	0.67	0.67	0	0	0.23
52500	0.23	0.67	0.67	0	0	0.23
52600	0.24	0.67	0.67	0	0	0.24
52700	0.24	0.67	0.67	0	0	0.24
52800	0.24	0.67	0.67	0	0	0.24
52900	0.24	0.67	0.67	0	0	0.24
53000	0.24	0.67	0.67	0	0	0.24
53100	0.24	0.67	0.67	0	0	0.24
53200	0.24	0.67	0.67	0	0	0.24
53300	0.24	0.67	0.67	0	0	0.24
53400	0.24	0.67	0.67	0	0	0.24
53500	0.24	0.67	0.67	0	0	0.24
53600	0.25	0.67	0.67	0	0	0.25
53700	0.25	0.67	0.67	0	0	0.25
53800	0.25	0.67	0.67	0	0	0.25
53900	0.25	0.67	0.67	0	0	0.25
54000	0.25	0.67	0.67	0	0	0.25
54100	0.25	0.67	0.67	0	0	0.25
54200	0.25	0.68	0.68	0	0	0.25
54300	0.25	0.67	0.67	0	0	0.25
54400	0.25	0.67	0.67	0	0	0.25
54500	0.25	0.67	0.67	0	0	0.25
54600	0.25	0.67	0.67	0	0	0.25
54700	0.25	0.67	0.67	0	0	0.25
54800	0.25	0.67	0.67	0	0	0.25
54900	0.25	0.68	0.68	0	0	0.25
55000	0.25	0.68	0.68	0	0	0.25
55100	0.25	0.68	0.68	0	0	0.25
55200	0.25	0.68	0.68	0	0	0.25
55300	0.25	0.68	0.68	0	0	0.25
55400	0.25	0.68	0.68	0	0	0.25
55500	0.25	0.68	0.68	0	0	0.25
55600	0.25	0.68	0.68	0	0	0.25
55700	0.25	0.68	0.68	0	0	0.25
55800	0.25	0.68	0.68	0	0	0.25
55900	0.25	0.68	0.68	0	0	0.25
56000	0.25	0.68	0.68	0	0	0.25
56100	0.25	0.68	0.68	0	0	0.25
56200	0.25	0.68	0.68	0	0	0.25
56300	0.26	0.68	0.68	0	0	0.26
56400	0.26	0.68	0.68	0	0	0.26
56500	0.26	0.68	0.68	0	0	0.26
56600	0.25	0.68	0.68	0	0	0.25
56700	0.25	0.68	0.68	0	0	0.25
56800	0.25	0.68	0.68	0	0	0.25
56900	0.25	0.68	0.68	0	0	0.25
57000	0.25	0.68	0.68	0	0	0.25
57100	0.25	0.68	0.68	0	0	0.25
57200	0.25	0.68	0.68	0	0	0.25
57300	0.25	0.68	0.68	0	0	0.25
57400	0.25	0.68	0.68	0	0	0.25
57500	0.25	0.68	0.68	0	0	0.25
57600	0.25	0.68	0.68	0	0	0.25
57700	0.25	0.68	0.68	0	0	0.25
57800	0.25	0.68	0.68	0	0	0.25
57900	0.25	0.67	0.67	0	0	0.25
58000	0.25	0.67	0.67	0	0	0.25
58100	0.25	0.67	0.67	0	0	0.25
58200	0.25	0.67	0.67	0	0	0.25
58300	0.25	0.67	0.67	0	0	0.25
58400	0.25	0.67	0.67	0	0	0.25
58500	0.25	0.67	0.67	0	0	0.25
58600	0.25	0.67	0.67	0	0	0.25
58700	0.25	0.67	0.67	0	0	0.25
58800	0.25	0.67	0.67	0	0	0.25
58900	0.25	0.67	0.67	0	0	0.25
59000	0.25	0.67	0.67	0	0	0.25
59100	0.25	0.67	0.67	0	0	0.25
59200	0.25	0.67	0.67	0	0	0.25
59300	0.25	0.67	0.67	0	0	0.25
59400	0.25	0.67	0.67	0	0	0.25
59500	0.25	0.67	0.67	0	0	0.25
59600	0.25	0.67	0.67	0	0	0.25
59700	0.25	0.67	0.67	0	0	0.25
59800	0.25	0.67	0.67	0	0	0.25
59900	0.25	0.67	0.67	0	0	0.25
60000	0.25	0.67	0.67	0	0	0.25
60100	0.25	0.67	0.67	0	0	0.25
60200	0.26	0.67	0.67	0	0	0.26
60300	0.26	0.67	0.67	0	0	0.26
60400	0.26	0.67	0.67	0	0	0.26
60500	0.26	0.67	0.67	0	0	0.26
60600	0.26	0.67	0.67	0	0	0.26
60700	0.26	0.67	0.67	0	0	0.26
60800	0.26	0.67	0.67	0	0	0.26
60900	0.26	0.67	0.67	0	0	0.26
61000	0.26	0.67	0.67	0	0	0.26
61100	0.26	0.67	0.67	0	0	0.26
61200	0.26	0.67	0.67	0	0	0.26
61300	0.26	0.67	0.67	0	0	0.26
61400	0.26	0.67	0.67	0	0	0.26
61500	0.26	0.67	0.67	0	0	0.26
61600	0.26	0.67	0.67	0	0	0.26
61700	0.26	0.67	0.67	0	0	0.26
61800	0.25	0.67	0.67	0	0	0.25
61900	0.25	0.67	0.67	0	0	0.25
62000	0.25	0.67	0.67	0	0	0.25
62100	0.25	0.67	0.67	0	0	0.25
62200	0.26	0.67	0.67	0	0	0.26
62300	0.26	0.67	0.67	0	0	0.26
62400	0.26	0.67	0.67	0	0	0.26
62500	0.26	0.67	0.67	0	0	0.26
62600	0.26	0.67	0.67	0	0	0.26
62700	0.26	0.67	0.67	0	0	0.26
62800	0.26	0.67	0.67	0	0	0.26
62900	0.26	0.67	0.67	0	0	0.26
63000	0.26	0.67	0.67	0	0	0.26
63100	0.26	0.67	0.67	0	0	0.26
63200	0.26	0.67	0.67	0	0	0.26
63300	0.26	0.67	0.67	0	0	0.26
63400	0.26	0.67	0.67	0	0	0.26
63500	0.26	0.67	0.67	0	0	0.26
63600	0.26	0.67	0.67	0	0	0.26
63700	0.26	0.67	0.67	0	0	0.26
63800	0.26	0.67	0.67	0	0	0.26
63900	0.26	0.67	0.67	0	0	0.26
64000	0.26	0.67	0.67	0	0	0.26
64100	0.26	0.67	0.67	0	0	0.26
64200	0.26	0.67	0.67	0	0	0.26
64300	0.26	0.67	0.67	0	0	0.26
64400	0.27	0.67	0.67	0	0	0.27
64500	0.26	0.67	0.67	0	0	0.26
64600	0.26	0.67	0.67	0	0	0.26
64700	0.26	0.67	0.67	0	0	0.26
64800	0.26	0.67	0.67	0	0	0.26
64900	0.26	0.67	0.67	0	0	0.26
65000	0.26	0.67	0.67	0	0	0.26
65100	0.26	0.67	0.67	0	0	0.26
65200	0.26	0.67	0.67	0	0	0.26
65300	0.26	0.67	0.67	0	0	0.26
65400	0.27	0.67	0.67	0	0	0.27
65500	0.27	0.67	0.67	0	0	0.27
65600	0.27	0.67	0.67	0	0	0.27
65700	0.26	0.67	0.67	0	0	0.26
65800	0.26	0.67	0.67	0	0	0.26
65900	0.26	0.67	0.67	0	0	0.26
66000	0.26	0.67	0.67	0	0	0.26
66100	0.26	0.67	0.67	0	0	0.26
66200	0.25	0.67	0.67	0	0	0.25
66300	0.25	0.67	0.67	0	0	0.25
66400	0.25	0.67	0.67	0	0	0.25
66500	0.25	0.67	0.67	0	0	0.25
66600	0.25	0.67	0.67	0	0	0.25
66700	0.25	0.67	0.67	0	0	0.25
66800	0.25	0.67	0.67	0	0	0.25
66900	0.25	0.67	0.67	0	0	0.25
67000	0.26	0.67	0.67	0	0	0.26
67100	0.26	0.67	0.67	0	0	0.26
67200	0.26	0.67	0.67	0	0	0.26
67300	0.26	0.67	0.67	0	0	0.26
67400	0.26	0.67	0.67	0	0	0.26
67500	0.26	0.67	0.67	0	0	0.26
67600	0.26	0.67	0.67	0	0	0.26
67700	0.26	0.67	0.67	0	0	0.26
67800	0.26	0.67	0.67	0	0	0.26
67900	0.26	0.67	0.67	0	0	0.26
68000	0.26	0.67	0.67	0	0	0.26
68100	0.26	0.67	0.67	0	0	0.26
68200	0.26	0.67	0.67	0	0	0.26
68300	0.26	0.67	0.67	0	0	0.26
68400	0.26	0.67	0.67	0	0	0.26
68500	0.26	0.67	0.67	0	0	0.26
68600	0.26	0.67	0.67	0	0	0.26
68700	0.27	0.67	0.67	0	0	0.27
68800	0.27	0.67	0.67	0	0	0.27
68900	0.27	0.67	0.67	0	0	0.27
69000	0.27	0.67	0.67	0	0	0.27
69100	0.27	0.67	0.67	0	0	0.27
69200	0.27	0.67	0.67	0	0	0.27
69300	0.27	0.67	0.67	0	0	0.27
69400	0.27	0.67	0.67	0	0	0.27
69500	0.27	0.67	0.67	0	0	0.27
69600	0.27	0.67	0.67	0	0	0.27
69700	0.27	0.67	0.67	0	0	0.27
69800	0.27	0.68	0.68	0	0	0.27
69900	0.27	0.68	0.68	0	0	0.27
70000	0.27	0.69	0.69	0	0	0.27
70100	0.27	0.68	0.68	0	0	0.27
70200	0.27	0.68	0.68	0	0	0.27
70300	0.27	0.68	0.68	0	0	0.27
70400	0.27	0.68	0.68	0	0	0.27
70500	0.27	0.68	0.68	0	0	0.27
70600	0.27	0.68	0.68	0	0	0.27
70700	0.27	0.68	0.68	0	0	0.27
70800	0.27	0.68	0.68	0	0	0.27
70900	0.27	0.68	0.68	0	0	0.27
71000	0.27	0.68	0.68	0	0	0.27
71100	0.27	0.68	0.68	0	0	0.27
71200	0.27	0.68	0.68	0	0	0.27
71300	0.27	0.68	0.68	0	0	0.27
71400	0.27	0.68	0.68	0	0	0.27
71500	0.27	0.68	0.68	0	0	0.27
71600	0.27	0.68	0.68	0	0	0.27
71700	0.27	0.68	0.68	0	0	0.27
71800	0.27	0.68	0.68	0	0	0.27
71900	0.27	0.68	0.68	0	0	0.27
72000	0.27	0.68	0.68	0	0	0.27
72100	0.27	0.68	0.68	0	0	0.27
72200	0.27	0.68	0.68	0	0	0.27
72300	0.27	0.68	0.68	0	0	0.27
72400	0.27	0.68	0.68	0	0	0.27
72500	0.27	0.68	0.68	0	0	0.27
72600	0.27	0.68	0.68	0	0	0.27
72700	0.27	0.68	0.68	0	0	0.27
72800	0.27	0.68	0.68	0	0	0.27
72900	0.27	0.68	0.68	0	0	0.27
73000	0.27	0.68	0.68	0	0	0.27
73100	0.27	0.68	0.68	0	0	0.27
73200	0.27	0.68	0.68	0	0	0.27
73300	0.27	0.68	0.68	0	0	0.27
73400	0.27	0.68	0.68	0	0	0.27
73500	0.27	0.68	0.68	0	0	0.27
73600	0.27	0.68	0.68	0	0	0.27
73700	0.27	0.68	0.68	0	0	0.27
73800	0.27	0.68	0.68	0	0	0.27
73900	0.27	0.68	0.68	0	0	0.27
74000	0.27	0.68	0.68	0	0	0.27
74100	0.27	0.68	0.68	0	0	0.27
74200	0.27	0.68	0.68	0	0	0.27
74300	0.27	0.68	0.68	0	0	0.27
74400	0.27	0.68	0.68	0	0	0.27
74500	0.27	0.68	0.68	0	0	0.27
74600	0.27	0.68	0.68	0	0	0.27
74700	0.27	0.68	0.68	0	0	0.27
74800	0.27	0.68	0.68	0	0	0.27
74900	0.27	0.68	0.68	0	0	0.27
75000	0.27	0.68	0.68	0	0	0.27
75100	0.27	0.68	0.68	0	0	0.27
75200	0.27	0.68	0.68	0	0	0.27
75300	0.27	0.68	0.68	0	0	0.27
75400	0.27	0.68	0.68	0	0	0.27
75500	0.27	0.68	0.68	0	0	0.27
75600	0.27	0.68	0.68	0	0	0.27
75700	0.27	0.68	0.68	0	0	0.27
75800	0.26	0.68	0.68	0	0	0.26
75900	0.26	0.68	0.68	0	0	0.26
76000	0.26	0.68	0.68	0	0	0.26
76100	0.26	0.68	0.68	0	0	0.26
76200	0.26	0.68	0.68	0	0	0.26
76300	0.26	0.68	0.68	0	0	0.26
76400	0.26	0.68	0.68	0	0	0.26
76500	0.26	0.68	0.68	0	0	0.26
76600	0.26	0.68	0.68	0	0	0.26
76700	0.26	0.68	0.68	0	0	0.26
76800	0.26	0.68	0.68	0	0	0.26
76900	0.26	0.68	0.68	0	0	0.26
77000	0.26	0.68	0.68	0	0	0.26
77100	0.26	0.68	0.68	0	0	0.26
77200	0.26	0.68	0.68	0	0	0.26
77300	0.26	0.69	0.69	0	0	0.26
77400	0.26	0.69	0.69	0	0	0.26
77500	0.26	0.69	0.69	0	0	0.26
77600	0.26	0.69	0.69	0	0	0.26
77700	0.26	0.69	0.69	0	0	0.26
77800	0.26	0.69	0.69	0	0	0.26
77900	0.26	0.69	0.69	0	0	0.26
78000	0.26	0.69	0.69	0	0	0.26
78100	0.26	0.69	0.69	0	0	0.26
78200	0.26	0.69	0.69	0	0	0.26
78300	0.26	0.69	0.69	0	0	0.26
78400	0.26	0.69	0.69	0	0	0.26
78500	0.26	0.69	0.69	0	0	0.26
78600	0.26	0.69	0.69	0	0	0.26
78700	0.26	0.68	0.68	0	0	0.26
78800	0.26	0.68	0.68	0	0	0.26
78900	0.26	0.68	0.68	0	0	0.26
79000	0.26	0.68	0.68	0	0	0.26
79100	0.26	0.68	0.68	0	0	0.26
79200	0.26	0.68	0.68	0	0	0.26
79300	0.26	0.68	0.68	0	0	0.26
79400	0.25	0.68	0.68	0	0	0.25
79500	0.24	0.68	0.68	0	0	0.24
79600	0.24	0.68	0.68	0	0	0.24
79700	0.24	0.68	0.68	0	0	0.24
79800	0.24	0.68	0.68	0	0	0.24
79900	0.24	0.68	0.68	0	0	0.24
80000	0.24	0.68	0.68	0	0	0.24
80100	0.25	0.68	0.68	0	0	0.25
80200	0.25	0.68	0.68	0	0	0.25
80300	0.26	0.68	0.68	0	0	0.26
80400	0.26	0.68	0.68	0	0	0.26
80500	0.25	0.68	0.68	0	0	0.25
80600	0.25	0.68	0.68	0	0	0.25
80700	0.25	0.68	0.68	0	0	0.25
80800	0.26	0.68	0.68	0	0	0.26
80900	0.26	0.68	0.68	0	0	0.26
81000	0.27	0.68	0.68	0	0	0.27
81100	0.27	0.68	0.68	0	0	0.27
81200	0.27	0.68	0.68	0	0	0.27
81300	0.27	0.68	0.68	0	0	0.27
81400	0.27	0.68	0.68	0	0	0.27
81500	0.25	0.68	0.68	0	0	0.25
81600	0.25	0.68	0.68	0	0	0.25
81700	0.25	0.68	0.68	0	0	0.25
81800	0.25	0.68	0.68	0	0	0.25
81900	0.25	0.68	0.68	0	0	0.25
82000	0.25	0.68	0.68	0	0	0.25
82100	0.25	0.68	0.68	0	0	0.25
82200	0.25	0.68	0.68	0	0	0.25
82300	0.26	0.68	0.68	0	0	0.26
82400	0.26	0.68	0.68	0	0	0.26
82500	0.26	0.68	0.68	0	0	0.26
82600	0.26	0.68	0.68	0	0	0.26
82700	0.26	0.68	0.68	0	0	0.26
82800	0.26	0.69	0.69	0	0	0.26
82900	0.25	0.69	0.69	0	0	0.25
83000	0.25	0.69	0.69	0	0	0.25
83100	0.25	0.69	0.69	0	0	0.25
83200	0.25	0.69	0.69	0	0	0.25
83300	0.25	0.69	0.69	0	0	0.25
83400	0.25	0.69	0.69	0	0	0.25
83500	0.25	0.69	0.69	0	0	0.25
83600	0.25	0.69	0.69	0	0	0.25
83700	0.25	0.69	0.69	0	0	0.25
83800	0.25	0.69	0.69	0	0	0.25
83900	0.25	0.69	0.69	0	0	0.25
84000	0.25	0.69	0.69	0	0	0.25
84100	0.25	0.69	0.69	0	0	0.25
84200	0.25	0.69	0.69	0	0	0.25
84300	0.25	0.69	0.69	0	0	0.25
84400	0.26	0.69	0.69	0	0	0.26
84500	0.26	0.69	0.69	0	0	0.26
84600	0.26	0.69	0.69	0	0	0.26
84700	0.26	0.69	0.69	0	0	0.26
84800	0.26	0.69	0.69	0	0	0.26
84900	0.26	0.69	0.69	0	0	0.26
85000	0.26	0.67	0.67	0	0	0.26
85100	0.26	0.67	0.67	0	0	0.26
85200	0.26	0.67	0.67	0	0	0.26
85300	0.26	0.67	0.67	0	0	0.26
85400	0.26	0.67	0.67	0	0	0.26
85500	0.26	0.67	0.67	0	0	0.26
85600	0.26	0.67	0.67	0	0	0.26
85700	0.26	0.67	0.67	0	0	0.26
85800	0.26	0.67	0.67	0	0	0.26
85900	0.26	0.67	0.67	0	0	0.26
86000	0.26	0.67	0.67	0	0	0.26
86100	0.26	0.67	0.67	0	0	0.26
86200	0.26	0.67	0.67	0	0	0.26
86300	0.26	0.67	0.67	0	0	0.26
86400	0.26	0.67	0.67	0	0	0.26
86500	0.26	0.67	0.67	0	0	0.26
86600	0.26	0.67	0.67	0	0	0.26
86700	0.26	0.67	0.67	0	0	0.26
86800	0.26	0.67	0.67	0	0	0.26
86900	0.26	0.67	0.67	0	0	0.26
87000	0.26	0.67	0.67	0	0	0.26
87100	0.26	0.67	0.67	0	0	0.26
87200	0.26	0.67	0.67	0	0	0.26
87300	0.26	0.68	0.68	0	0	0.26
87400	0.26	0.68	0.68	0	0	0.26
87500	0.26	0.68	0.68	0	0	0.26
87600	0.26	0.68	0.68	0	0	0.26
87700	0.26	0.68	0.68	0	0	0.26
87800	0.26	0.68	0.68	0	0	0.26
87900	0.26	0.68	0.68	0	0	0.26
88000	0.26	0.68	0.68	0	0	0.26
88100	0.26	0.68	0.68	0	0	0.26
88200	0.25	0.68	0.68	0	0	0.25
88300	0.25	0.68	0.68	0	0	0.25
88400	0.25	0.68	0.68	0	0	0.25
88500	0.25	0.68	0.68	0	0	0.25
88600	0.25	0.68	0.68	0	0	0.25
88700	0.25	0.68	0.68	0	0	0.25
88800	0.25	0.68	0.68	0	0	0.25
88900	0.25	0.68	0.68	0	0	0.25
89000	0.25	0.68	0.68	0	0	0.25
89100	0.25	0.68	0.68	0	0	0.25
89200	0.25	0.68	0.68	0	0	0.25
89300	0.25	0.68	0.68	0	0	0.25
89400	0.25	0.68	0.68	0	0	0.25
89500	0.25	0.68	0.68	0	0	0.25
89600	0.25	0.68	0.68	0	0	0.25
89700	0.25	0.68	0.68	0	0	0.25
89800	0.25	0.68	0.68	0	0	0.25
89900	0.25	0.68	0.68	0	0	0.25
90000	0.25	0.67	0.67	0	0	0.25
90100	0.25	0.67	0.67	0	0	0.25
90200	0.25	0.67	0.67	0	0	0.25
90300	0.25	0.67	0.67	0	0	0.25
90400	0.25	0.67	0.67	0	0	0.25
90500	0.25	0.67	0.67	0	0	0.25
90600	0.25	0.67	0.67	0	0	0.25
90700	0.25	0.67	0.67	0	0	0.25
90800	0.25	0.67	0.67	0	0	0.25
90900	0.25	0.67	0.67	0	0	0.25
91000	0.25	0.68	0.68	0	0	0.25
91100	0.25	0.68	0.68	0	0	0.25
91200	0.25	0.68	0.68	0	0	0.25
91300	0.25	0.68	0.68	0	0	0.25
91400	0.25	0.68	0.68	0	0	0.25
91500	0.25	0.68	0.68	0	0	0.25
91600	0.25	0.69	0.69	0	0	0.25
91700	0.25	0.68	0.68	0	0	0.25
91800	0.25	0.68	0.68	0	0	0.25
91900	0.25	0.68	0.68	0	0	0.25
92000	0.25	0.68	0.68	0	0	0.25
92100	0.25	0.68	0.68	0	0	0.25
92200	0.25	0.68	0.68	0	0	0.25
92300	0.25	0.68	0.68	0	0	0.25
92400	0.25	0.68	0.68	0	0	0.25
92500	0.26	0.68	0.68	0	0	0.26
92600	0.26	0.68	0.68	0	0	0.26
92700	0.26	0.68	0.68	0	0	0.26
92800	0.26	0.68	0.68	0	0	0.26
92900	0.26	0.68	0.68	0	0	0.26
93000	0.26	0.68	0.68	0	0	0.26
93100	0.26	0.68	0.68	0	0	0.26
93200	0.26	0.68	0.68	0	0	0.26
93300	0.26	0.68	0.68	0	0	0.26
93400	0.26	0.68	0.68	0	0	0.26
93500	0.26	0.68	0.68	0	0	0.26
93600	0.26	0.68	0.68	0	0	0.26
93700	0.26	0.68	0.68	0	0	0.26
93800	0.26	0.68	0.68	0	0	0.26
93900	0.26	0.68	0.68	0	0	0.26
94000	0.26	0.68	0.68	0	0	0.26
94100	0.26	0.68	0.68	0	0	0.26
94200	0.26	0.68	0.68	0	0	0.26
94300	0.26	0.68	0.68	0	0	0.26
94400	0.26	0.68	0.68	0	0	0.26
94500	0.26	0.68	0.68	0	0	0.26
94600	0.26	0.68	0.68	0	0	0.26
94700	0.26	0.68	0.68	0	0	0.26
94800	0.26	0.68	0.68	0	0	0.26
94900	0.26	0.68	0.68	0	0	0.26
95000	0.26	0.67	0.67	0	0	0.26
95100	0.26	0.67	0.67	0	0	0.26
95200	0.26	0.67	0.67	0	0	0.26
95300	0.26	0.67	0.67	0	0	0.26
95400	0.26	0.67	0.67	0	0	0.26
95500	0.26	0.67	0.67	0	0	0.26
95600	0.26	0.67	0.67	0	0	0.26
95700	0.26	0.67	0.67	0	0	0.26
95800	0.26	0.67	0.67	0	0	0.26
95900	0.26	0.67	0.67	0	0	0.26
96000	0.26	0.67	0.67	0	0	0.26
96100	0.26	0.67	0.67	0	0	0.26
96200	0.25	0.67	0.67	0	0	0.25
96300	0.25	0.67	0.67	0	0	0.25
96400	0.25	0.67	0.67	0	0	0.25
96500	0.25	0.67	0.67	0	0	0.25
96600	0.25	0.67	0.67	0	0	0.25
96700	0.25	0.67	0.67	0	0	0.25
96800	0.25	0.67	0.67	0	0	0.25
96900	0.25	0.67	0.67	0	0	0.25
97000	0.25	0.67	0.67	0	0	0.25
97100	0.25	0.67	0.67	0	0	0.25
97200	0.25	0.67	0.67	0	0	0.25
97300	0.25	0.67	0.67	0	0	0.25
97400	0.25	0.67	0.67	0	0	0.25
97500	0.25	0.67	0.67	0	0	0.25
97600	0.25	0.67	0.67	0	0	0.25
97700	0.25	0.67	0.67	0	0	0.25
97800	0.25	0.67	0.67	0	0	0.25
97900	0.25	0.67	0.67	0	0	0.25
98000	0.25	0.67	0.67	0	0	0.25
98100	0.25	0.67	0.67	0	0	0.25
98200	0.25	0.67	0.67	0	0	0.25
98300	0.25	0.67	0.67	0	0	0.25
98400	0.25	0.67	0.67	0	0	0.25
98500	0.25	0.68	0.68	0	0	0.25
98600	0.25	0.68	0.68	0	0	0.25
98700	0.25	0.68	0.68	0	0	0.25
98800	0.25	0.68	0.68	0	0	0.25
98900	0.25	0.68	0.68	0	0	0.25
99000	0.25	0.68	0.68	0	0	0.25
99100	0.25	0.68	0.68	0	0	0.25
99200	0.25	0.68	0.68	0	0	0.25
99300	0.25	0.68	0.68	0	0	0.25
99400	0.25	0.68	0.68	0	0	0.25
99500	0.25	0.68	0.68	0	0	0.25
99600	0.25	0.68	0.68	0	0	0.25
99700	0.25	0.68	0.68	0	0	0.25
99800	0.25	0.68	0.68	0	0	0.25
99900	0.25	0.68	0.68	0	0	0.25
100000	0.25	0.68	0.68	0	0	0.25
100100	0.25	0.68	0.68	0	0	0.25
100200	0.25	0.68	0.68	0	0	0.25
100300	0.25	0.68	0.68	0	0	0.25
100400	0.25	0.68	0.68	0	0	0.25
100500	0.25	0.68	0.68	0	0	0.25
100600	0.25	0.68	0.68	0	0	0.25
100700	0.25	0.68	0.68	0	0	0.25
100800	0.26	0.68	0.68	0	0	0.26
100900	0.26	0.68	0.68	0	0	0.26
101000	0.26	0.68	0.68	0	0	0.26
101100	0.26	0.68	0.68	0	0	0.26
101200	0.26	0.68	0.68	0	0	0.26
101300	0.26	0.68	0.68	0	0	0.26
101400	0.26	0.68	0.68	0	0	0.26
101500	0.26	0.68	0.68	0	0	0.26
101600	0.26	0.68	0.68	0	0	0.26
101700	0.26	0.68	0.68	0	0	0.26
101800	0.26	0.68	0.68	0	0	0.26
101900	0.26	0.68	0.68	0	0	0.26
102000	0.26	0.68	0.68	0	0	0.26
102100	0.26	0.68	0.68	0	0	0.26
102200	0.26	0.68	0.68	0	0	0.26
102300	0.26	0.68	0.68	0	0	0.26
102400	0.26	0.68	0.68	0	0	0.26
102500	0.26	0.68	0.68	0	0	0.26
102600	0.25	0.68	0.68	0	0	0.25
102700	0.25	0.68	0.68	0	0	0.25
102800	0.25	0.68	0.68	0	0	0.25
102900	0.25	0.68	0.68	0	0	0.25
103000	0.25	0.68	0.68	0	0	0.25
103100	0.25	0.68	0.68	0	0	0.25
103200	0.25	0.68	0.68	0	0	0.25
103300	0.25	0.68	0.68	0	0	0.25
103400	0.25	0.68	0.68	0	0	0.25
103500	0.25	0.68	0.68	0	0	0.25
103600	0.25	0.68	0.68	0	0	0.25
103700	0.25	0.68	0.68	0	0	0.25
103800	0.25	0.68	0.68	0	0	0.25
103900	0.25	0.68	0.68	0	0	0.25
104000	0.25	0.68	0.68	0	0	0.25
104100	0.25	0.68	0.68	0	0	0.25
104200	0.25	0.69	0.69	0	0	0.25
104300	0.25	0.68	0.68	0	0	0.25
104400	0.25	0.68	0.68	0	0	0.25
104500	0.25	0.68	0.68	0	0	0.25
104600	0.25	0.68	0.68	0	0	0.25
104700	0.25	0.68	0.68	0	0	0.25
104800	0.25	0.68	0.68	0	0	0.25
104900	0.25	0.68	0.68	0	0	0.25
105000	0.25	0.68	0.68	0	0	0.25
105100	0.25	0.68	0.68	0	0	0.25
105200	0.25	0.68	0.68	0	0	0.25
105300	0.25	0.68	0.68	0	0	0.25
105400	0.25	0.68	0.68	0	0	0.25
105500	0.25	0.68	0.68	0	0	0.25
105600	0.25	0.68	0.68	0	0	0.25
105700	0.25	0.68	0.68	0	0	0.25
105800	0.25	0.68	0.68	0	0	0.25
105900	0.25	0.68	0.68	0	0	0.25
106000	0.25	0.68	0.68	0	0	0.25
106100	0.25	0.68	0.68	0	0	0.25
106200	0.25	0.68	0.68	0	0	0.25
106300	0.26	0.68	0.68	0	0	0.26
106400	0.26	0.68	0.68	0	0	0.26
106500	0.26	0.68	0.68	0	0	0.26
106600	0.26	0.68	0.68	0	0	0.26
106700	0.26	0.68	0.68	0	0	0.26
106800	0.26	0.68	0.68	0	0	0.26
106900	0.26	0.68	0.68	0	0	0.26
107000	0.26	0.68	0.68	0	0	0.26
107100	0.26	0.68	0.68	0	0	0.26
107200	0.26	0.68	0.68	0	0	0.26
107300	0.26	0.68	0.68	0	0	0.26
107400	0.26	0.68	0.68	0	0	0.26
107500	0.26	0.68	0.68	0	0	0.26
107600	0.26	0.68	0.68	0	0	0.26
107700	0.26	0.68	0.68	0	0	0.26
107800	0.26	0.68	0.68	0	0	0.26
107900	0.26	0.68	0.68	0	0	0.26
108000	0.26	0.68	0.68	0	0	0.26
108100	0.26	0.68	0.68	0	0	0.26
108200	0.26	0.68	0.68	0	0	0.26
108300	0.26	0.68	0.68	0	0	0.26
108400	0.26	0.68	0.68	0	0	0.26
108500	0.26	0.68	0.68	0	0	0.26
108600	0.26	0.68	0.68	0	0	0.26
108700	0.26	0.68	0.68	0	0	0.26
108800	0.26	0.68	0.68	0	0	0.26
108900	0.26	0.68	0.68	0	0	0.26
109000	0.26	0.68	0.68	0	0	0.26
109100	0.26	0.68	0.68	0	0	0.26
109200	0.26	0.68	0.68	0	0	0.26
109300	0.26	0.68	0.68	0	0	0.26
109400	0.26	0.68	0.68	0	0	0.26
109500	0.26	0.68	0.68	0	0	0.26
109600	0.26	0.68	0.68	0	0	0.26
109700	0.26	0.68	0.68	0	0	0.26
109800	0.26	0.68	0.68	0	0	0.26
109900	0.26	0.68	0.68	0	0	0.26
110000	0.26	0.68	0.68	0	0	0.26
110100	0.26	0.68	0.68	0	0	0.26
110200	0.26	0.68	0.68	0	0	0.26
110300	0.26	0.68	0.68	0	0	0.26
110400	0.26	0.68	0.68	0	0	0.26
110500	0.26	0.68	0.68	0	0	0.26
110600	0.26	0.68	0.68	0	0	0.26
110700	0.26	0.68	0.68	0	0	0.26
110800	0.26	0.68	0.68	0	0	0.26
110900	0.27	0.68	0.68	0	0	0.27
111000	0.27	0.68	0.68	0	0	0.27
111100	0.27	0.68	0.68	0	0	0.27
111200	0.27	0.68	0.68	0	0	0.27
111300	0.26	0.68	0.68	0	0	0.26
111400	0.26	0.68	0.68	0	0	0.26
111500	0.26	0.68	0.68	0	0	0.26
111600	0.26	0.68	0.68	0	0	0.26
111700	0.26	0.68	0.68	0	0	0.26
111800	0.26	0.68	0.68	0	0	0.26
111900	0.26	0.68	0.68	0	0	0.26
112000	0.26	0.68	0.68	0	0	0.26
112100	0.27	0.68	0.68	0	0	0.27
112200	0.27	0.68	0.68	0	0	0.27
112300	0.27	0.68	0.68	0	0	0.27
112400	0.27	0.68	0.68	0	0	0.27
112500	0.27	0.68	0.68	0	0	0.27
112600	0.27	0.68	0.68	0	0	0.27
112700	0.27	0.68	0.68	0	0	0.27
112800	0.27	0.68	0.68	0	0	0.27
112900	0.27	0.68	0.68	0	0	0.27
113000	0.27	0.68	0.68	0	0	0.27
113100	0.27	0.68	0.68	0	0	0.27
113200	0.27	0.68	0.68	0	0	0.27
113300	0.27	0.68	0.68	0	0	0.27
113400	0.27	0.68	0.68	0	0	0.27
113500	0.26	0.68	0.68	0	0	0.26
113600	0.26	0.68	0.68	0	0	0.26
113700	0.26	0.68	0.68	0	0	0.26
113800	0.26	0.68	0.68	0	0	0.26
113900	0.26	0.68	0.68	0	0	0.26
114000	0.26	0.68	0.68	0	0	0.26
114100	0.26	0.68	0.68	0	0	0.26
114200	0.26	0.68	0.68	0	0	0.26
114300	0.26	0.68	0.68	0	0	0.26
114400	0.26	0.68	0.68	0	0	0.26
114500	0.26	0.68	0.68	0	0	0.26
114600	0.26	0.68	0.68	0	0	0.26
114700	0.26	0.68	0.68	0	0	0.26
114800	0.26	0.68	0.68	0	0	0.26
114900	0.26	0.68	0.68	0	0	0.26
115000	0.26	0.68	0.68	0	0	0.26
115100	0.26	0.68	0.68	0	0	0.26
115200	0.26	0.68	0.68	0	0	0.26
115300	0.26	0.68	0.68	0	0	0.26
115400	0.26	0.68	0.68	0	0	0.26
115500	0.26	0.68	0.68	0	0	0.26
115600	0.26	0.68	0.68	0	0	0.26
115700	0.26	0.68	0.68	0	0	0.26
115800	0.27	0.68	0.68	0	0	0.27
115900	0.27	0.68	0.68	0	0	0.27
116000	0.27	0.68	0.68	0	0	0.27
116100	0.27	0.68	0.68	0	0	0.27
116200	0.27	0.68	0.68	0	0	0.27
116300	0.27	0.68	0.68	0	0	0.27
116400	0.27	0.68	0.68	0	0	0.27
116500	0.27	0.68	0.68	0	0	0.27
116600	0.27	0.69	0.69	0	0	0.27
116700	0.27	0.69	0.69	0	0	0.27
116800	0.27	0.69	0.69	0	0	0.27
116900	0.27	0.69	0.69	0	0	0.27
117000	0.27	0.69	0.69	0	0	0.27
117100	0.27	0.69	0.69	0	0	0.27
117200	0.27	0.69	0.69	0	0	0.27
117300	0.27	0.69	0.69	0	0	0.27
117400	0.27	0.69	0.69	0	0	0.27
117500	0.27	0.69	0.69	0	0	0.27
117600	0.27	0.69	0.69	0	0	0.27
117700	0.27	0.69	0.69	0	0	0.27
117800	0.27	0.69	0.69	0	0	0.27
117900	0.27	0.69	0.69	0	0	0.27
118000	0.27	0.69	0.69	0	0	0.27
118100	0.27	0.69	0.69	0	0	0.27
118200	0.27	0.69	0.69	0	0	0.27
118300	0.27	0.69	0.69	0	0	0.27
118400	0.27	0.69	0.69	0	0	0.27
118500	0.27	0.69	0.69	0	0	0.27
118600	0.27	0.69	0.69	0	0	0.27
118700	0.27	0.69	0.69	0	0	0.27
118800	0.27	0.69	0.69	0	0	0.27
118900	0.27	0.69	0.69	0	0	0.27
119000	0.27	0.69	0.69	0	0	0.27
119100	0.27	0.69	0.69	0	0	0.27
119200	0.27	0.69	0.69	0	0	0.27
119300	0.27	0.69	0.69	0	0	0.27
119400	0.27	0.69	0.69	0	0	0.27
119500	0.27	0.69	0.69	0	0	0.27
119600	0.27	0.69	0.69	0	0	0.27
119700	0.27	0.69	0.69	0	0	0.27
119800	0.27	0.69	0.69	0	0	0.27
119900	0.27	0.69	0.69	0	0	0.27
120000	0.27	0.69	0.69	0	0	0.27
120100	0.27	0.69	0.69	0	0	0.27
120200	0.27	0.69	0.69	0	0	0.27
120300	0.27	0.69	0.69	0	0	0.27
120400	0.27	0.69	0.69	0	0	0.27
120500	0.27	0.69	0.69	0	0	0.27
120600	0.27	0.69	0.69	0	0	0.27
120700	0.27	0.69	0.69	0	0	0.27
120800	0.27	0.69	0.69	0	0	0.27
120900	0.27	0.69	0.69	0	0	0.27
121000	0.27	0.69	0.69	0	0	0.27
121100	0.27	0.69	0.69	0	0	0.27
121200	0.27	0.69	0.69	0	0	0.27
121300	0.27	0.69	0.69	0	0	0.27
121400	0.27	0.69	0.69	0	0	0.27
121500	0.27	0.69	0.69	0	0	0.27
121600	0.27	0.69	0.69	0	0	0.27
121700	0.27	0.69	0.69	0	0	0.27
121800	0.27	0.69	0.69	0	0	0.27
121900	0.27	0.69	0.69	0	0	0.27
122000	0.27	0.69	0.69	0	0	0.27
122100	0.27	0.69	0.69	0	0	0.27
122200	0.27	0.69	0.69	0	0	0.27
122300	0.27	0.69	0.69	0	0	0.27
122400	0.27	0.69	0.69	0	0	0.27
122500	0.27	0.69	0.69	0	0	0.27
122600	0.27	0.69	0.69	0	0	0.27
122700	0.27	0.69	0.69	0	0	0.27
122800	0.27	0.69	0.69	0	0	0.27
122900	0.27	0.69	0.69	0	0	0.27
123000	0.27	0.69	0.69	0	0	0.27
123100	0.27	0.69	0.69	0	0	0.27
123200	0.27	0.69	0.69	0	0	0.27
123300	0.27	0.69	0.69	0	0	0.27
123400	0.27	0.69	0.69	0	0	0.27
123500	0.27	0.69	0.69	0	0	0.27
123600	0.27	0.69	0.69	0	0	0.27
123700	0.27	0.69	0.69	0	0	0.27
123800	0.27	0.69	0.69	0	0	0.27
123900	0.27	0.69	0.69	0	0	0.27
124000	0.27	0.69	0.69	0	0	0.27
124100	0.27	0.69	0.69	0	0	0.27
124200	0.27	0.69	0.69	0	0	0.27
124300	0.27	0.69	0.69	0	0	0.27
124400	0.27	0.69	0.69	0	0	0.27
124500	0.27	0.69	0.69	0	0	0.27
124600	0.27	0.69	0.69	0	0	0.27
124700	0.27	0.69	0.69	0	0	0.27
124800	0.27	0.69	0.69	0	0	0.27
124900	0.27	0.69	0.69	0	0	0.27
125000	0.27	0.69	0.69	0	0	0.27
125100	0.27	0.69	0.69	0	0	0.27
125200	0.27	0.69	0.69	0	0	0.27
125300	0.27	0.69	0.69	0	0	0.27
125400	0.27	0.69	0.69	0	0	0.27
125500	0.27	0.69	0.69	0	0	0.27
125600	0.27	0.69	0.69	0	0	0.27
125700	0.27	0.69	0.69	0	0	0.27
125800	0.27	0.69	0.69	0	0	0.27
125900	0.27	0.69	0.69	0	0	0.27
126000	0.27	0.69	0.69	0	0	0.27
126100	0.27	0.69	0.69	0	0	0.27
126200	0.27	0.69	0.69	0	0	0.27
126300	0.27	0.69	0.69	0	0	0.27
126400	0.27	0.69	0.69	0	0	0.27
126500	0.27	0.69	0.69	0	0	0.27
126600	0.27	0.69	0.69	0	0	0.27
126700	0.27	0.69	0.69	0	0	0.27
126800	0.27	0.69	0.69	0	0	0.27
126900	0.27	0.69	0.69	0	0	0.27
127000	0.27	0.69	0.69	0	0	0.27
127100	0.27	0.69	0.69	0	0	0.27
127200	0.27	0.69	0.69	0	0	0.27
127300	0.27	0.69	0.69	0	0	0.27
127400	0.27	0.69	0.69	0	0	0.27
127500	0.27	0.69	0.69	0	0	0.27
127600	0.27	0.69	0.69	0	0	0.27
127700	0.27	0.69	0.69	0	0	0.27
127800	0.27	0.69	0.69	0	0	0.27
127900	0.27	0.69	0.69	0	0	0.27
128000	0.27	0.69	0.69	0	0	0.27
128100	0.27	0.69	0.69	0	0	0.27
128200	0.27	0.69	0.69	0	0	0.27
128300	0.27	0.69	0.69	0	0	0.27
128400	0.27	0.69	0.69	0	0	0.27
128500	0.27	0.69	0.69	0	0	0.27
128600	0.27	0.69	0.69	0	0	0.27
128700	0.27	0.69	0.69	0	0	0.27
128800	0.27	0.69	0.69	0	0	0.27
128900	0.27	0.69	0.69	0	0	0.27
129000	0.27	0.69	0.69	0	0	0.27
129100	0.27	0.69	0.69	0	0	0.27
129200	0.27	0.69	0.69	0	0	0.27
129300	0.27	0.69	0.69	0	0	0.27
129400	0.26	0.69	0.69	0	0	0.26
129500	0.26	0.69	0.69	0	0	0.26
129600	0.26	0.69	0.69	0	0	0.26
129700	0.26	0.69	0.69	0	0	0.26
129800	0.26	0.69	0.69	0	0	0.26
129900	0.26	0.69	0.69	0	0	0.26
130000	0.26	0.69	0.69	0	0	0.26
130100	0.26	0.69	0.69	0	0	0.26
130200	0.26	0.68	0.68	0	0	0.26
130300	0.26	0.68	0.68	0	0	0.26
130400	0.26	0.68	0.68	0	0	0.26
130500	0.26	0.68	0.68	0	0	0.26
130600	0.26	0.68	0.68	0	0	0.26
130700	0.26	0.68	0.68	0	0	0.26
130800	0.26	0.68	0.68	0	0	0.26
130900	0.26	0.68	0.68	0	0	0.26
131000	0.26	0.68	0.68	0	0	0.26
131100	0.26	0.68	0.68	0	0	0.26
131200	0.26	0.68	0.68	0	0	0.26
131300	0.26	0.68	0.68	0	0	0.26
131400	0.26	0.68	0.68	0	0	0.26
131500	0.26	0.68	0.68	0	0	0.26
131600	0.26	0.68	0.68	0	0	0.26
131700	0.26	0.68	0.68	0	0	0.26
131800	0.26	0.68	0.68	0	0	0.26
131900	0.26	0.68	0.68	0	0	0.26
132000	0.27	0.68	0.68	0	0	0.27
132100	0.27	0.68	0.68	0	0	0.27
132200	0.27	0.68	0.68	0	0	0.27
132300	0.27	0.68	0.68	0	0	0.27
132400	0.27	0.68	0.68	0	0	0.27
132500	0.27	0.68	0.68	0	0	0.27
132600	0.27	0.68	0.68	0	0	0.27
132700	0.27	0.68	0.68	0	0	0.27
132800	0.27	0.68	0.68	0	0	0.27
132900	0.27	0.68	0.68	0	0	0.27
133000	0.27	0.68	0.68	0	0	0.27
133100	0.27	0.68	0.68	0	0	0.27
133200	0.27	0.68	0.68	0	0	0.27
133300	0.27	0.68	0.68	0	0	0.27
133400	0.27	0.68	0.68	0	0	0.27
133500	0.27	0.68	0.68	0	0	0.27
133600	0.27	0.68	0.68	0	0	0.27
133700	0.27	0.68	0.68	0	0	0.27
133800	0.27	0.68	0.68	0	0	0.27
133900	0.27	0.68	0.68	0	0	0.27
134000	0.27	0.68	0.68	0	0	0.27
134100	0.27	0.68	0.68	0	0	0.27
134200	0.27	0.68	0.68	0	0	0.27
134300	0.27	0.68	0.68	0	0	0.27
134400	0.27	0.68	0.68	0	0	0.27
134500	0.27	0.68	0.68	0	0	0.27
134600	0.27	0.68	0.68	0	0	0.27
134700	0.27	0.68	0.68	0	0	0.27
134800	0.27	0.68	0.68	0	0	0.27
134900	0.27	0.68	0.68	0	0	0.27
135000	0.27	0.68	0.68	0	0	0.27
135100	0.27	0.68	0.68	0	0	0.27
135200	0.27	0.68	0.68	0	0	0.27
135300	0.27	0.68	0.68	0	0	0.27
135400	0.27	0.68	0.68	0	0	0.27
135500	0.27	0.68	0.68	0	0	0.27
135600	0.27	0.69	0.69	0	0	0.27
135700	0.27	0.69	0.69	0	0	0.27
135800	0.27	0.69	0.69	0	0	0.27
135900	0.27	0.69	0.69	0	0	0.27
136000	0.27	0.69	0.69	0	0	0.27
136100	0.27	0.69	0.69	0	0	0.27
136200	0.27	0.69	0.69	0	0	0.27
136300	0.27	0.69	0.69	0	0	0.27
136400	0.27	0.69	0.69	0	0	0.27
136500	0.27	0.69	0.69	0	0	0.27
136600	0.27	0.69	0.69	0	0	0.27
136700	0.27	0.69	0.69	0	0	0.27
136800	0.27	0.69	0.69	0	0	0.27
136900	0.27	0.69	0.69	0	0	0.27
137000	0.27	0.69	0.69	0	0	0.27
137100	0.27	0.69	0.69	0	0	0.27
137200	0.27	0.69	0.69	0	0	0.27
137300	0.27	0.69	0.69	0	0	0.27
137400	0.27	0.69	0.69	0	0	0.27
137500	0.28	0.69	0.69	0	0	0.28
137600	0.28	0.69	0.69	0	0	0.28
137700	0.28	0.69	0.69	0	0	0.28
137800	0.26	0.69	0.69	0	0	0.26
137900	0.26	0.69	0.69	0	0	0.26
138000	0.26	0.69	0.69	0	0	0.26
138100	0.26	0.69	0.69	0	0	0.26
138200	0.25	0.69	0.69	0	0	0.25
138300	0.25	0.69	0.69	0	0	0.25
138400	0.25	0.69	0.69	0	0	0.25
138500	0.25	0.68	0.68	0	0	0.25
138600	0.25	0.68	0.68	0	0	0.25
138700	0.25	0.68	0.68	0	0	0.25
138800	0.25	0.68	0.68	0	0	0.25
138900	0.25	0.68	0.68	0	0	0.25
139000	0.25	0.68	0.68	0	0	0.25
139100	0.25	0.68	0.68	0	0	0.25
139200	0.25	0.68	0.68	0	0	0.25
139300	0.25	0.68	0.68	0	0	0.25
139400	0.25	0.68	0.68	0	0	0.25
139500	0.25	0.68	0.68	0	0	0.25
139600	0.26	0.68	0.68	0	0	0.26
139700	0.26	0.68	0.68	0	0	0.26
139800	0.26	0.68	0.68	0	0	0.26
139900	0.26	0.68	0.68	0	0	0.26
140000	0.26	0.68	0.68	0	0	0.26
140100	0.27	0.68	0.68	0	0	0.27
140200	0.27	0.69	0.69	0	0	0.27
140300	0.27	0.69	0.69	0	0	0.27
140400	0.27	0.69	0.69	0	0	0.27
140500	0.27	0.69	0.69	0	0	0.27
140600	0.27	0.69	0.69	0	0	0.27
140700	0.27	0.69	0.69	0	0	0.27
140800	0.27	0.69	0.69	0	0	0.27
140900	0.27	0.69	0.69	0	0	0.27
141000	0.27	0.69	0.69	0	0	0.27
141100	0.28	0.69	0.69	0	0	0.28
141200	0.27	0.69	0.69	0	0	0.27
141300	0.27	0.69	0.69	0	0	0.27
141400	0.27	0.69	0.69	0	0	0.27
141500	0.27	0.69	0.69	0	0	0.27
141600	0.27	0.69	0.69	0	0	0.27
141700	0.27	0.69	0.69	0	0	0.27
141800	0.27	0.69	0.69	0	0	0.27
141900	0.27	0.69	0.69	0	0	0.27
142000	0.27	0.69	0.69	0	0	0.27
142100	0.27	0.69	0.69	0	0	0.27
142200	0.27	0.69	0.69	0	0	0.27
142300	0.27	0.69	0.69	0	0	0.27
142400	0.27	0.69	0.69	0	0	0.27
142500	0.27	0.69	0.69	0	0	0.27
142600	0.27	0.69	0.69	0	0	0.27
142700	0.27	0.69	0.69	0	0	0.27
142800	0.27	0.69	0.69	0	0	0.27
142900	0.27	0.69	0.69	0	0	0.27
143000	0.27	0.7	0.7	0	0	0.27
143100	0.27	0.7	0.7	0	0	0.27
143200	0.27	0.7	0.7	0	0	0.27
143300	0.27	0.7	0.7	0	0	0.27
143400	0.25	0.7	0.7	0	0	0.25
143500	0.25	0.7	0.7	0	0	0.25
143600	0.25	0.7	0.7	0	0	0.25
143700	0.25	0.7	0.7	0	0	0.25
143800	0.25	0.7	0.7	0	0	0.25
143900	0.25	0.7	0.7	0	0	0.25
144000	0.25	0.7	0.7	0	0	0.25
144100	0.25	0.7	0.7	0	0	0.25
144200	0.25	0.7	0.7	0	0	0.25
144300	0.25	0.7	0.7	0	0	0.25
144400	0.25	0.7	0.7	0	0	0.25
144500	0.25	0.7	0.7	0	0	0.25
144600	0.25	0.7	0.7	0	0	0.25
144700	0.25	0.7	0.7	0	0	0.25
144800	0.25	0.69	0.69	0	0	0.25
144900	0.25	0.69	0.69	0	0	0.25
145000	0.25	0.69	0.69	0	0	0.25
145100	0.25	0.69	0.69	0	0	0.25
145200	0.25	0.69	0.69	0	0	0.25
145300	0.25	0.69	0.69	0	0	0.25
145400	0.25	0.69	0.69	0	0	0.25
145500	0.25	0.69	0.69	0	0	0.25
145600	0.25	0.68	0.68	0	0	0.25
145700	0.25	0.68	0.68	0	0	0.25
145800	0.25	0.68	0.68	0	0	0.25
145900	0.25	0.68	0.68	0	0	0.25
146000	0.25	0.68	0.68	0	0	0.25
146100	0.25	0.68	0.68	0	0	0.25
146200	0.25	0.68	0.68	0	0	0.25
146300	0.25	0.68	0.68	0	0	0.25
146400	0.25	0.68	0.68	0	0	0.25
146500	0.26	0.67	0.67	0	0	0.26
146600	0.26	0.67	0.67	0	0	0.26
146700	0.26	0.67	0.67	0	0	0.26
146800	0.26	0.67	0.67	0	0	0.26
146900	0.26	0.67	0.67	0	0	0.26
147000	0.26	0.67	0.67	0	0	0.26
147100	0.26	0.67	0.67	0	0	0.26
147200	0.25	0.67	0.67	0	0	0.25
147300	0.25	0.67	0.67	0	0	0.25
147400	0.25	0.67	0.67	0	0	0.25
147500	0.25	0.67	0.67	0	0	0.25
147600	0.25	0.66	0.66	0	0	0.25
147700	0.25	0.66	0.66	0	0	0.25
147800	0.25	0.66	0.66	0	0	0.25
147900	0.25	0.66	0.66	0	0	0.25
148000	0.25	0.66	0.66	0	0	0.25
148100	0.25	0.66	0.66	0	0	0.25
148200	0.25	0.66	0.66	0	0	0.25
148300	0.25	0.66	0.66	0	0	0.25
148400	0.25	0.66	0.66	0	0	0.25
148500	0.26	0.66	0.66	0	0	0.26
148600	0.27	0.66	0.66	0	0	0.27
148700	0.27	0.66	0.66	0	0	0.27
148800	0.26	0.66	0.66	0	0	0.26
148900	0.27	0.67	0.67	0	0	0.27
149000	0.27	0.66	0.66	0	0	0.27
149100	0.27	0.66	0.66	0	0	0.27
149200	0.26	0.66	0.66	0	0	0.26
149300	0.25	0.66	0.66	0	0	0.25
149400	0.25	0.67	0.67	0	0	0.25
149500	0.25	0.66	0.66	0	0	0.25
149600	0.25	0.66	0.66	0	0	0.25
149700	0.26	0.67	0.67	0	0	0.26
149800	0.25	0.67	0.67	0	0	0.25
149900	0.25	0.67	0.67	0	0	0.25
150000	0.25	0.67	0.67	0	0	0.25
150100	0.25	0.67	0.67	0	0	0.25
150200	0.25	0.67	0.67	0	0	0.25
150300	0.25	0.67	0.67	0	0	0.25
150400	0.25	0.67	0.67	0	0	0.25
150500	0.25	0.67	0.67	0	0	0.25
150600	0.25	0.67	0.67	0	0	0.25
150700	0.25	0.67	0.67	0	0	0.25
150800	0.25	0.67	0.67	0	0	0.25
150900	0.24	0.67	0.67	0	0	0.24
151000	0.24	0.67	0.67	0	0	0.24
151100	0.24	0.67	0.67	0	0	0.24
151200	0.24	0.67	0.67	0	0	0.24
151300	0.24	0.67	0.67	0	0	0.24
151400	0.24	0.67	0.67	0	0	0.24
151500	0.24	0.67	0.67	0	0	0.24
151600	0.24	0.67	0.67	0	0	0.24
151700	0.24	0.67	0.67	0	0	0.24
151800	0.25	0.67	0.67	0	0	0.25
151900	0.25	0.67	0.67	0	0	0.25
152000	0.25	0.67	0.67	0	0	0.25
152100	0.25	0.67	0.67	0	0	0.25
152200	0.24	0.67	0.67	0	0	0.24
152300	0.25	0.67	0.67	0	0	0.25
152400	0.25	0.67	0.67	0	0	0.25
152500	0.25	0.67	0.67	0	0	0.25
152600	0.25	0.67	0.67	0	0	0.25
152700	0.25	0.67	0.67	0	0	0.25
152800	0.26	0.67	0.67	0	0	0.26
152900	0.27	0.67	0.67	0	0	0.27
153000	0.27	0.67	0.67	0	0	0.27
153100	0.27	0.67	0.67	0	0	0.27
153200	0.28	0.67	0.67	0	0	0.28
153300	0.28	0.67	0.67	0	0	0.28
153400	0.28	0.67	0.67	0	0	0.28
153500	0.28	0.67	0.67	0	0	0.28
153600	0.28	0.67	0.67	0	0	0.28
153700	0.28	0.67	0.67	0	0	0.28
153800	0.28	0.67	0.67	0	0	0.28
153900	0.28	0.66	0.66	0	0	0.28
154000	0.28	0.66	0.66	0	0	0.28
154100	0.28	0.66	0.66	0	0	0.28
154200	0.28	0.66	0.66	0	0	0.28
154300	0.28	0.66	0.66	0	0	0.28
154400	0.28	0.66	0.66	0	0	0.28
154500	0.28	0.66	0.66	0	0	0.28
154600	0.29	0.66	0.66	0	0	0.29
154700	0.29	0.66	0.66	0	0	0.29
154800	0.29	0.66	0.66	0	0	0.29
154900	0.28	0.66	0.66	0	0	0.28
155000	0.28	0.66	0.66	0	0	0.28
155100	0.28	0.66	0.66	0	0	0.28
155200	0.28	0.66	0.66	0	0	0.28
155300	0.28	0.66	0.66	0	0	0.28
155400	0.28	0.66	0.66	0	0	0.28
155500	0.28	0.66	0.66	0	0	0.28
155600	0.28	0.66	0.66	0	0	0.28
155700	0.28	0.66	0.66	0	0	0.28
155800	0.28	0.66	0.66	0	0	0.28
155900	0.28	0.66	0.66	0	0	0.28
156000	0.28	0.66	0.66	0	0	0.28
156100	0.28	0.66	0.66	0	0	0.28
156200	0.28	0.66	0.66	0	0	0.28
156300	0.29	0.66	0.66	0	0	0.29
156400	0.29	0.66	0.66	0	0	0.29
156500	0.29	0.66	0.66	0	0	0.29
156600	0.29	0.66	0.66	0	0	0.29
156700	0.3	0.66	0.66	0	0	0.3
156800	0.3	0.66	0.66	0	0	0.3
156900	0.3	0.67	0.67	0	0	0.3
157000	0.3	0.66	0.66	0	0	0.3
157100	0.3	0.66	0.66	0	0	0.3
157200	0.3	0.66	0.66	0	0	0.3
157300	0.3	0.66	0.66	0	0	0.3
157400	0.3	0.66	0.66	0	0	0.3
157500	0.3	0.66	0.66	0	0	0.3
157600	0.3	0.66	0.66	0	0	0.3
157700	0.3	0.66	0.66	0	0	0.3
157800	0.29	0.65	0.65	0	0	0.29
157900	0.29	0.65	0.65	0	0	0.29
158000	0.29	0.65	0.65	0	0	0.29
158100	0.29	0.65	0.65	0	0	0.29
158200	0.29	0.65	0.65	0	0	0.29
158300	0.29	0.65	0.65	0	0	0.29
158400	0.29	0.65	0.65	0	0	0.29
158500	0.29	0.65	0.65	0	0	0.29
158600	0.29	0.65	0.65	0	0	0.29
158700	0.29	0.65	0.65	0	0	0.29
158800	0.29	0.65	0.65	0	0	0.29
158900	0.29	0.65	0.65	0	0	0.29
159000	0.29	0.65	0.65	0	0	0.29
159100	0.29	0.65	0.65	0	0	0.29
159200	0.29	0.65	0.65	0	0	0.29
159300	0.29	0.65	0.65	0	0	0.29
159400	0.29	0.65	0.65	0	0	0.29
159500	0.29	0.65	0.65	0	0	0.29
159600	0.29	0.65	0.65	0	0	0.29
159700	0.29	0.65	0.65	0	0	0.29
159800	0.3	0.65	0.65	0	0	0.3
159900	0.3	0.65	0.65	0	0	0.3
160000	0.3	0.65	0.65	0	0	0.3
160100	0.3	0.65	0.65	0	0	0.3
160200	0.3	0.65	0.65	0	0	0.3
160300	0.3	0.65	0.65	0	0	0.3
160400	0.3	0.65	0.65	0	0	0.3
160500	0.3	0.65	0.65	0	0	0.3
160600	0.3	0.65	0.65	0	0	0.3
160700	0.3	0.65	0.65	0	0	0.3
160800	0.3	0.65	0.65	0	0	0.3
160900	0.3	0.65	0.65	0	0	0.3
161000	0.3	0.65	0.65	0	0	0.3
161100	0.3	0.65	0.65	0	0	0.3
161200	0.3	0.65	0.65	0	0	0.3
161300	0.3	0.65	0.65	0	0	0.3
161400	0.3	0.65	0.65	0	0	0.3
161500	0.3	0.65	0.65	0	0	0.3
161600	0.3	0.65	0.65	0	0	0.3
161700	0.3	0.65	0.65	0	0	0.3
161800	0.3	0.65	0.65	0	0	0.3
161900	0.3	0.66	0.66	0	0	0.3
162000	0.3	0.65	0.65	0	0	0.3
162100	0.3	0.65	0.65	0	0	0.3
162200	0.3	0.65	0.65	0	0	0.3
162300	0.3	0.65	0.65	0	0	0.3
162400	0.29	0.65	0.65	0	0	0.29
162500	0.29	0.65	0.65	0	0	0.29
162600	0.29	0.65	0.65	0	0	0.29
162700	0.29	0.66	0.66	0	0	0.29
162800	0.29	0.66	0.66	0	0	0.29
162900	0.29	0.66	0.66	0	0	0.29
163000	0.29	0.66	0.66	0	0	0.29
163100	0.29	0.66	0.66	0	0	0.29
163200	0.29	0.66	0.66	0	0	0.29
163300	0.29	0.66	0.66	0	0	0.29
163400	0.29	0.65	0.65	0	0	0.29
163500	0.29	0.65	0.65	0	0	0.29
163600	0.29	0.65	0.65	0	0	0.29
163700	0.29	0.65	0.65	0	0	0.29
163800	0.29	0.65	0.65	0	0	0.29
163900	0.29	0.65	0.65	0	0	0.29
164000	0.29	0.65	0.65	0	0	0.29
164100	0.29	0.65	0.65	0	0	0.29
164200	0.29	0.65	0.65	0	0	0.29
164300	0.29	0.65	0.65	0	0	0.29
164400	0.29	0.65	0.65	0	0	0.29
164500	0.29	0.66	0.66	0	0	0.29
164600	0.29	0.66	0.66	0	0	0.29
164700	0.29	0.66	0.66	0	0	0.29
164800	0.29	0.66	0.66	0	0	0.29
164900	0.29	0.66	0.66	0	0	0.29
165000	0.29	0.66	0.66	0	0	0.29
165100	0.29	0.66	0.66	0	0	0.29
165200	0.29	0.66	0.66	0	0	0.29
165300	0.29	0.66	0.66	0	0	0.29
165400	0.29	0.66	0.66	0	0	0.29
165500	0.29	0.66	0.66	0	0	0.29
165600	0.29	0.66	0.66	0	0	0.29
165700	0.29	0.66	0.66	0	0	0.29
165800	0.29	0.66	0.66	0	0	0.29
165900	0.29	0.66	0.66	0	0	0.29
166000	0.29	0.66	0.66	0	0	0.29
166100	0.29	0.66	0.66	0	0	0.29
166200	0.29	0.66	0.66	0	0	0.29
166300	0.29	0.66	0.66	0	0	0.29
166400	0.29	0.67	0.67	0	0	0.29
166500	0.29	0.67	0.67	0	0	0.29
166600	0.29	0.67	0.67	0	0	0.29
166700	0.29	0.67	0.67	0	0	0.29
166800	0.29	0.67	0.67	0	0	0.29
166900	0.29	0.67	0.67	0	0	0.29
167000	0.29	0.67	0.67	0	0	0.29
167100	0.29	0.67	0.67	0	0	0.29
167200	0.29	0.67	0.67	0	0	0.29
167300	0.29	0.67	0.67	0	0	0.29
167400	0.29	0.67	0.67	0	0	0.29
167500	0.29	0.67	0.67	0	0	0.29
167600	0.29	0.67	0.67	0	0	0.29
167700	0.29	0.67	0.67	0	0	0.29
167800	0.29	0.67	0.67	0	0	0.29
167900	0.29	0.67	0.67	0	0	0.29
168000	0.29	0.67	0.67	0	0	0.29
168100	0.29	0.67	0.67	0	0	0.29
168200	0.29	0.67	0.67	0	0	0.29
168300	0.29	0.67	0.67	0	0	0.29
168400	0.29	0.67	0.67	0	0	0.29
168500	0.29	0.67	0.67	0	0	0.29
168600	0.29	0.67	0.67	0	0	0.29
168700	0.29	0.67	0.67	0	0	0.29
168800	0.29	0.67	0.67	0	0	0.29
168900	0.29	0.67	0.67	0	0	0.29
169000	0.29	0.67	0.67	0	0	0.29
169100	0.29	0.67	0.67	0	0	0.29
169200	0.29	0.67	0.67	0	0	0.29
169300	0.29	0.67	0.67	0	0	0.29
169400	0.29	0.67	0.67	0	0	0.29
169500	0.29	0.67	0.67	0	0	0.29
169600	0.29	0.67	0.67	0	0	0.29
169700	0.29	0.67	0.67	0	0	0.29
169800	0.29	0.67	0.67	0	0	0.29
169900	0.29	0.67	0.67	0	0	0.29
170000	0.29	0.67	0.67	0	0	0.29
170100	0.29	0.67	0.67	0	0	0.29
170200	0.29	0.67	0.67	0	0	0.29
170300	0.29	0.67	0.67	0	0	0.29
170400	0.29	0.67	0.67	0	0	0.29
170500	0.29	0.67	0.67	0	0	0.29
170600	0.29	0.67	0.67	0	0	0.29
170700	0.29	0.67	0.67	0	0	0.29
170800	0.29	0.67	0.67	0	0	0.29
170900	0.29	0.67	0.67	0	0	0.29
171000	0.29	0.67	0.67	0	0	0.29
171100	0.29	0.67	0.67	0	0	0.29
171200	0.29	0.67	0.67	0	0	0.29
171300	0.29	0.67	0.67	0	0	0.29
171400	0.29	0.67	0.67	0	0	0.29
171500	0.29	0.67	0.67	0	0	0.29
171600	0.29	0.67	0.67	0	0	0.29
171700	0.29	0.67	0.67	0	0	0.29
171800	0.29	0.67	0.67	0	0	0.29
171900	0.29	0.67	0.67	0	0	0.29
172000	0.29	0.67	0.67	0	0	0.29
172100	0.29	0.67	0.67	0	0	0.29
172200	0.29	0.67	0.67	0	0	0.29
172300	0.29	0.67	0.67	0	0	0.29
172400	0.29	0.67	0.67	0	0	0.29
172500	0.29	0.67	0.67	0	0	0.29
172600	0.29	0.67	0.67	0	0	0.29
172700	0.29	0.67	0.67	0	0	0.29
172800	0.29	0.67	0.67	0	0	0.29
172900	0.29	0.67	0.67	0	0	0.29
173000	0.29	0.67	0.67	0	0	0.29
173100	0.29	0.67	0.67	0	0	0.29
173200	0.29	0.67	0.67	0	0	0.29
173300	0.29	0.67	0.67	0	0	0.29
173400	0.29	0.67	0.67	0	0	0.29
173500	0.29	0.67	0.67	0	0	0.29
173600	0.29	0.67	0.67	0	0	0.29
173700	0.29	0.67	0.67	0	0	0.29
173800	0.29	0.67	0.67	0	0	0.29
173900	0.29	0.67	0.67	0	0	0.29
174000	0.29	0.67	0.67	0	0	0.29
174100	0.29	0.67	0.67	0	0	0.29
174200	0.29	0.67	0.67	0	0	0.29
174300	0.29	0.67	0.67	0	0	0.29
174400	0.29	0.67	0.67	0	0	0.29
174500	0.29	0.67	0.67	0	0	0.29
174600	0.29	0.67	0.67	0	0	0.29
174700	0.29	0.67	0.67	0	0	0.29
174800	0.29	0.67	0.67	0	0	0.29
174900	0.29	0.67	0.67	0	0	0.29
175000	0.29	0.67	0.67	0	0	0.29
175100	0.29	0.67	0.67	0	0	0.29
175200	0.29	0.67	0.67	0	0	0.29
175300	0.29	0.67	0.67	0	0	0.29
175400	0.29	0.67	0.67	0	0	0.29
175500	0.29	0.67	0.67	0	0	0.29
175600	0.29	0.67	0.67	0	0	0.29
175700	0.29	0.67	0.67	0	0	0.29
175800	0.29	0.67	0.67	0	0	0.29
175900	0.29	0.67	0.67	0	0	0.29
176000	0.29	0.67	0.67	0	0	0.29
176100	0.29	0.67	0.67	0	0	0.29
176200	0.29	0.67	0.67	0	0	0.29
176300	0.29	0.67	0.67	0	0	0.29
176400	0.29	0.67	0.67	0	0	0.29
176500	0.29	0.67	0.67	0	0	0.29
176600	0.29	0.67	0.67	0	0	0.29
176700	0.29	0.67	0.67	0	0	0.29
176800	0.29	0.67	0.67	0	0	0.29
176900	0.29	0.67	0.67	0	0	0.29
177000	0.29	0.67	0.67	0	0	0.29
177100	0.29	0.67	0.67	0	0	0.29
177200	0.29	0.67	0.67	0	0	0.29
177300	0.29	0.67	0.67	0	0	0.29
177400	0.29	0.67	0.67	0	0	0.29
177500	0.29	0.67	0.67	0	0	0.29
177600	0.29	0.67	0.67	0	0	0.29
177700	0.29	0.67	0.67	0	0	0.29
177800	0.29	0.67	0.67	0	0	0.29
177900	0.29	0.67	0.67	0	0	0.29
178000	0.29	0.67	0.67	0	0	0.29
178100	0.29	0.67	0.67	0	0	0.29
178200	0.29	0.67	0.67	0	0	0.29
178300	0.29	0.67	0.67	0	0	0.29
178400	0.29	0.67	0.67	0	0	0.29
178500	0.29	0.67	0.67	0	0	0.29
178600	0.29	0.67	0.67	0	0	0.29
178700	0.29	0.67	0.67	0	0	0.29
178800	0.29	0.67	0.67	0	0	0.29
178900	0.29	0.67	0.67	0	0	0.29
179000	0.29	0.67	0.67	0	0	0.29
179100	0.29	0.67	0.67	0	0	0.29
179200	0.29	0.67	0.67	0	0	0.29
179300	0.29	0.67	0.67	0	0	0.29
179400	0.29	0.67	0.67	0	0	0.29
179500	0.29	0.67	0.67	0	0	0.29
179600	0.29	0.67	0.67	0	0	0.29
179700	0.29	0.67	0.67	0	0	0.29
179800	0.29	0.67	0.67	0	0	0.29
179900	0.29	0.67	0.67	0	0	0.29
180000	0.29	0.67	0.67	0	0	0.29
180100	0.29	0.67	0.67	0	0	0.29
180200	0.29	0.67	0.67	0	0	0.29
180300	0.29	0.67	0.67	0	0	0.29
180400	0.29	0.67	0.67	0	0	0.29
180500	0.29	0.68	0.68	0	0	0.29
180600	0.29	0.67	0.67	0	0	0.29
180700	0.29	0.67	0.67	0	0	0.29
180800	0.29	0.67	0.67	0	0	0.29
180900	0.29	0.67	0.67	0	0	0.29
181000	0.29	0.67	0.67	0	0	0.29
181100	0.29	0.67	0.67	0	0	0.29
181200	0.29	0.67	0.67	0	0	0.29
181300	0.29	0.67	0.67	0	0	0.29
181400	0.29	0.67	0.67	0	0	0.29
181500	0.29	0.67	0.67	0	0	0.29
181600	0.29	0.67	0.67	0	0	0.29
181700	0.29	0.67	0.67	0	0	0.29
181800	0.29	0.67	0.67	0	0	0.29
181900	0.29	0.67	0.67	0	0	0.29
182000	0.29	0.67	0.67	0	0	0.29
182100	0.29	0.67	0.67	0	0	0.29
182200	0.29	0.67	0.67	0	0	0.29
182300	0.29	0.67	0.67	0	0	0.29
182400	0.29	0.67	0.67	0	0	0.29
182500	0.29	0.67	0.67	0	0	0.29
182600	0.29	0.67	0.67	0	0	0.29
182700	0.29	0.67	0.67	0	0	0.29
182800	0.29	0.67	0.67	0	0	0.29
182900	0.29	0.67	0.67	0	0	0.29
183000	0.29	0.67	0.67	0	0	0.29
183100	0.29	0.67	0.67	0	0	0.29
183200	0.29	0.67	0.67	0	0	0.29
183300	0.29	0.67	0.67	0	0	0.29
183400	0.29	0.67	0.67	0	0	0.29
183500	0.29	0.67	0.67	0	0	0.29
183600	0.29	0.67	0.67	0	0	0.29
183700	0.29	0.67	0.67	0	0	0.29
183800	0.29	0.67	0.67	0	0	0.29
183900	0.29	0.67	0.67	0	0	0.29
184000	0.29	0.67	0.67	0	0	0.29
184100	0.29	0.67	0.67	0	0	0.29
184200	0.29	0.67	0.67	0	0	0.29
184300	0.29	0.67	0.67	0	0	0.29
184400	0.29	0.67	0.67	0	0	0.29
184500	0.29	0.67	0.67	0	0	0.29
184600	0.29	0.67	0.67	0	0	0.29
184700	0.29	0.67	0.67	0	0	0.29
184800	0.29	0.67	0.67	0	0	0.29
184900	0.29	0.67	0.67	0	0	0.29
185000	0.29	0.67	0.67	0	0	0.29
185100	0.29	0.67	0.67	0	0	0.29
185200	0.29	0.67	0.67	0	0	0.29
185300	0.29	0.67	0.67	0	0	0.29
185400	0.29	0.67	0.67	0	0	0.29
185500	0.29	0.67	0.67	0	0	0.29
185600	0.29	0.67	0.67	0	0	0.29
185700	0.29	0.67	0.67	0	0	0.29
185800	0.29	0.67	0.67	0	0	0.29
185900	0.29	0.67	0.67	0	0	0.29
186000	0.29	0.67	0.67	0	0	0.29
186100	0.29	0.67	0.67	0	0	0.29
186200	0.29	0.67	0.67	0	0	0.29
186300	0.29	0.67	0.67	0	0	0.29
186400	0.29	0.67	0.67	0	0	0.29
186500	0.29	0.67	0.67	0	0	0.29
186600	0.29	0.67	0.67	0	0	0.29
186700	0.29	0.67	0.67	0	0	0.29
186800	0.29	0.67	0.67	0	0	0.29
186900	0.29	0.67	0.67	0	0	0.29
187000	0.29	0.67	0.67	0	0	0.29
187100	0.29	0.67	0.67	0	0	0.29
187200	0.29	0.67	0.67	0	0	0.29
187300	0.29	0.67	0.67	0	0	0.29
187400	0.29	0.67	0.67	0	0	0.29
187500	0.29	0.67	0.67	0	0	0.29
187600	0.29	0.67	0.67	0	0	0.29
187700	0.29	0.67	0.67	0	0	0.29
187800	0.29	0.67	0.67	0	0	0.29
187900	0.29	0.67	0.67	0	0	0.29
188000	0.29	0.67	0.67	0	0	0.29
188100	0.29	0.67	0.67	0	0	0.29
188200	0.29	0.67	0.67	0	0	0.29
188300	0.29	0.67	0.67	0	0	0.29
188400	0.29	0.67	0.67	0	0	0.29
188500	0.29	0.67	0.67	0	0	0.29
188600	0.29	0.67	0.67	0	0	0.29
188700	0.29	0.67	0.67	0	0	0.29
188800	0.29	0.67	0.67	0	0	0.29
188900	0.29	0.67	0.67	0	0	0.29
189000	0.29	0.67	0.67	0	0	0.29
189100	0.29	0.67	0.67	0	0	0.29
189200	0.29	0.67	0.67	0	0	0.29
189300	0.29	0.67	0.67	0	0	0.29
189400	0.29	0.67	0.67	0	0	0.29
189500	0.29	0.67	0.67	0	0	0.29
189600	0.29	0.67	0.67	0	0	0.29
189700	0.29	0.67	0.67	0	0	0.29
189800	0.29	0.67	0.67	0	0	0.29
189900	0.29	0.67	0.67	0	0	0.29
190000	0.29	0.67	0.67	0	0	0.29
190100	0.29	0.67	0.67	0	0	0.29
190200	0.29	0.67	0.67	0	0	0.29
190300	0.29	0.67	0.67	0	0	0.29
190400	0.29	0.67	0.67	0	0	0.29
190500	0.29	0.67	0.67	0	0	0.29
190600	0.29	0.67	0.67	0	0	0.29
190700	0.29	0.67	0.67	0	0	0.29
190800	0.29	0.67	0.67	0	0	0.29
190900	0.29	0.67	0.67	0	0	0.29
191000	0.29	0.67	0.67	0	0	0.29
191100	0.29	0.67	0.67	0	0	0.29
191200	0.29	0.67	0.67	0	0	0.29
191300	0.29	0.67	0.67	0	0	0.29
191400	0.29	0.67	0.67	0	0	0.29
191500	0.29	0.67	0.67	0	0	0.29
191600	0.29	0.67	0.67	0	0	0.29
191700	0.29	0.67	0.67	0	0	0.29
191800	0.29	0.67	0.67	0	0	0.29
191900	0.29	0.67	0.67	0	0	0.29
192000	0.29	0.67	0.67	0	0	0.29
192100	0.29	0.67	0.67	0	0	0.29
192200	0.29	0.67	0.67	0	0	0.29
192300	0.29	0.67	0.67	0	0	0.29
192400	0.29	0.67	0.67	0	0	0.29
192500	0.29	0.67	0.67	0	0	0.29
192600	0.29	0.67	0.67	0	0	0.29
192700	0.29	0.67	0.67	0	0	0.29
192800	0.29	0.67	0.67	0	0	0.29
192900	0.29	0.67	0.67	0	0	0.29
193000	0.29	0.67	0.67	0	0	0.29
193100	0.29	0.67	0.67	0	0	0.29
193200	0.29	0.67	0.67	0	0	0.29
193300	0.29	0.67	0.67	0	0	0.29
193400	0.29	0.67	0.67	0	0	0.29
193500	0.29	0.67	0.67	0	0	0.29
193600	0.29	0.67	0.67	0	0	0.29
193700	0.29	0.67	0.67	0	0	0.29
193800	0.29	0.67	0.67	0	0	0.29
193900	0.29	0.67	0.67	0	0	0.29
194000	0.29	0.67	0.67	0	0	0.29
194100	0.29	0.67	0.67	0	0	0.29
194200	0.29	0.67	0.67	0	0	0.29
194300	0.29	0.67	0.67	0	0	0.29
194400	0.29	0.67	0.67	0	0	0.29
194500	0.29	0.67	0.67	0	0	0.29
194600	0.29	0.67	0.67	0	0	0.29
194700	0.29	0.67	0.67	0	0	0.29
194800	0.29	0.67	0.67	0	0	0.29
194900	0.29	0.67	0.67	0	0	0.29
195000	0.29	0.67	0.67	0	0	0.29
195100	0.29	0.67	0.67	0	0	0.29
195200	0.29	0.67	0.67	0	0	0.29
195300	0.29	0.67	0.67	0	0	0.29
195400	0.29	0.67	0.67	0	0	0.29
195500	0.29	0.67	0.67	0	0	0.29
195600	0.29	0.67	0.67	0	0	0.29
195700	0.29	0.67	0.67	0	0	0.29
195800	0.29	0.67	0.67	0	0	0.29
195900	0.29	0.67	0.67	0	0	0.29
196000	0.29	0.67	0.67	0	0	0.29
196100	0.29	0.67	0.67	0	0	0.29
196200	0.29	0.67	0.67	0	0	0.29
196300	0.29	0.67	0.67	0	0	0.29
196400	0.29	0.67	0.67	0	0	0.29
196500	0.29	0.67	0.67	0	0	0.29
196600	0.29	0.67	0.67	0	0	0.29
196700	0.29	0.67	0.67	0	0	0.29
196800	0.29	0.67	0.67	0	0	0.29
196900	0.29	0.67	0.67	0	0	0.29
197000	0.29	0.67	0.67	0	0	0.29
197100	0.29	0.67	0.67	0	0	0.29
197200	0.29	0.67	0.67	0	0	0.29
197300	0.29	0.67	0.67	0	0	0.29
197400	0.29	0.67	0.67	0	0	0.29
197500	0.29	0.67	0.67	0	0	0.29
197600	0.29	0.67	0.67	0	0	0.29
197700	0.29	0.67	0.67	0	0	0.29
197800	0.29	0.67	0.67	0	0	0.29
197900	0.29	0.67	0.67	0	0	0.29
198000	0.29	0.67	0.67	0	0	0.29
198100	0.29	0.67	0.67	0	0	0.29
198200	0.29	0.67	0.67	0	0	0.29
198300	0.29	0.67	0.67	0	0	0.29
198400	0.29	0.67	0.67	0	0	0.29
198500	0.29	0.67	0.67	0	0	0.29
198600	0.29	0.67	0.67	0	0	0.29
198700	0.29	0.67	0.67	0	0	0.29
198800	0.29	0.67	0.67	0	0	0.29
198900	0.29	0.67	0.67	0	0	0.29
199000	0.29	0.67	0.67	0	0	0.29
199100	0.29	0.67	0.67	0	0	0.29
199200	0.29	0.67	0.67	0	0	0.29
199300	0.29	0.67	0.67	0	0	0.29
199400	0.29	0.67	0.67	0	0	0.29
199500	0.29	0.67	0.67	0	0	0.29
199600	0.29	0.67	0.67	0	0	0.29
199700	0.29	0.67	0.67	0	0	0.29
199800	0.29	0.67	0.67	0	0	0.29
199900	0.29	0.67	0.67	0	0	0.29
200000	0.29	0.67	0.67	0	0	0.29
200100	0.29	0.67	0.67	0	0	0.29
200200	0.29	0.67	0.67	0	0	0.29
200300	0.29	0.67	0.67	0	0	0.29
200400	0.29	0.67	0.67	0	0	0.29
200500	0.29	0.67	0.67	0	0	0.29
200600	0.29	0.67	0.67	0	0	0.29
200700	0.29	0.67	0.67	0	0	0.29
200800	0.29	0.67	0.67	0	0	0.29
200900	0.29	0.67	0.67	0	0	0.29
201000	0.29	0.67	0.67	0	0	0.29
201100	0.29	0.67	0.67	0	0	0.29
201200	0.29	0.67	0.67	0	0	0.29
201300	0.29	0.67	0.67	0	0	0.29
201400	0.29	0.67	0.67	0	0	0.29
201500	0.29	0.67	0.67	0	0	0.29
201600	0.29	0.67	0.67	0	0	0.29
201700	0.29	0.67	0.67	0	0	0.29
201800	0.29	0.67	0.67	0	0	0.29
201900	0.29	0.67	0.67	0	0	0.29
202000	0.29	0.67	0.67	0	0	0.29
202100	0.29	0.67	0.67	0	0	0.29
202200	0.29	0.67	0.67	0	0	0.29
202300	0.29	0.67	0.67	0	0	0.29
202400	0.29	0.67	0.67	0	0	0.29
202500	0.29	0.67	0.67	0	0	0.29
202600	0.29	0.67	0.67	0	0	0.29
202700	0.29	0.67	0.67	0	0	0.29
202800	0.29	0.67	0.67	0	0	0.29
202900	0.29	0.67	0.67	0	0	0.29
203000	0.29	0.67	0.67	0	0	0.29
203100	0.29	0.67	0.67	0	0	0.29
203200	0.29	0.67	0.67	0	0	0.29
203300	0.29	0.67	0.67	0	0	0.29
203400	0.29	0.67	0.67	0	0	0.29
203500	0.29	0.67	0.67	0	0	0.29
203600	0.29	0.67	0.67	0	0	0.29
203700	0.29	0.67	0.67	0	0	0.29
203800	0.29	0.67	0.67	0	0	0.29
203900	0.29	0.67	0.67	0	0	0.29
204000	0.29	0.67	0.67	0	0	0.29
204100	0.29	0.67	0.67	0	0	0.29
204200	0.29	0.67	0.67	0	0	0.29
204300	0.29	0.67	0.67	0	0	0.29
204400	0.29	0.67	0.67	0	0	0.29
204500	0.29	0.67	0.67	0	0	0.29
204600	0.29	0.67	0.67	0	0	0.29
204700	0.29	0.67	0.67	0	0	0.29
204800	0.29	0.68	0.68	0	0	0.29
204900	0.29	0.68	0.68	0	0	0.29
205000	0.29	0.68	0.68	0	0	0.29
205100	0.29	0.68	0.68	0	0	0.29
205200	0.29	0.68	0.68	0	0	0.29
205300	0.29	0.68	0.68	0	0	0.29
205400	0.29	0.68	0.68	0	0	0.29
205500	0.29	0.68	0.68	0	0	0.29
205600	0.29	0.68	0.68	0	0	0.29
205700	0.29	0.68	0.68	0	0	0.29
205800	0.29	0.68	0.68	0	0	0.29
205900	0.29	0.68	0.68	0	0	0.29
206000	0.29	0.68	0.68	0	0	0.29
206100	0.29	0.68	0.68	0	0	0.29
206200	0.29	0.68	0.68	0	0	0.29
206300	0.29	0.68	0.68	0	0	0.29
206400	0.29	0.68	0.68	0	0	0.29
206500	0.29	0.68	0.68	0	0	0.29
206600	0.29	0.68	0.68	0	0	0.29
206700	0.29	0.68	0.68	0	0	0.29
206800	0.29	0.68	0.68	0	0	0.29
206900	0.29	0.68	0.68	0	0	0.29
207000	0.29	0.68	0.68	0	0	0.29
207100	0.29	0.68	0.68	0	0	0.29
207200	0.29	0.68	0.68	0	0	0.29
207300	0.29	0.68	0.68	0	0	0.29
207400	0.29	0.68	0.68	0	0	0.29
207500	0.29	0.68	0.68	0	0	0.29
207600	0.29	0.68	0.68	0	0	0.29
207700	0.29	0.68	0.68	0	0	0.29
207800	0.29	0.68	0.68	0	0	0.29
207900	0.29	0.68	0.68	0	0	0.29
208000	0.29	0.68	0.68	0	0	0.29
208100	0.29	0.68	0.68	0	0	0.29
208200	0.29	0.68	0.68	0	0	0.29
208300	0.29	0.68	0.68	0	0	0.29
208400	0.29	0.68	0.68	0	0	0.29
208500	0.29	0.68	0.68	0	0	0.29
208600	0.29	0.68	0.68	0	0	0.29
208700	0.29	0.68	0.68	0	0	0.29
208800	0.29	0.68	0.68	0	0	0.29
208900	0.29	0.68	0.68	0	0	0.29
209000	0.29	0.68	0.68	0	0	0.29
209100	0.29	0.68	0.68	0	0	0.29
209200	0.29	0.68	0.68	0	0	0.29
209300	0.29	0.68	0.68	0	0	0.29
209400	0.29	0.68	0.68	0	0	0.29
209500	0.29	0.68	0.68	0	0	0.29
209600	0.29	0.68	0.68	0	0	0.29
209700	0.29	0.68	0.68	0	0	0.29
209800	0.29	0.68	0.68	0	0	0.29
209900	0.29	0.68	0.68	0	0	0.29
210000	0.29	0.68	0.68	0	0	0.29
210100	0.29	0.68	0.68	0	0	0.29
210200	0.29	0.68	0.68	0	0	0.29
210300	0.29	0.68	0.68	0	0	0.29
210400	0.29	0.68	0.68	0	0	0.29
210500	0.29	0.68	0.68	0	0	0.29
210600	0.29	0.68	0.68	0	0	0.29
210700	0.29	0.68	0.68	0	0	0.29
210800	0.29	0.68	0.68	0	0	0.29
210900	0.29	0.68	0.68	0	0	0.29
211000	0.29	0.68	0.68	0	0	0.29
211100	0.29	0.68	0.68	0	0	0.29
211200	0.29	0.68	0.68	0	0	0.29
211300	0.29	0.68	0.68	0	0	0.29
211400	0.29	0.68	0.68	0	0	0.29
211500	0.29	0.68	0.68	0	0	0.29
211600	0.29	0.68	0.68	0	0	0.29
211700	0.29	0.68	0.68	0	0	0.29
211800	0.29	0.68	0.68	0	0	0.29
211900	0.29	0.68	0.68	0	0	0.29
212000	0.29	0.68	0.68	0	0	0.29
212100	0.29	0.68	0.68	0	0	0.29
212200	0.29	0.68	0.68	0	0	0.29
212300	0.29	0.68	0.68	0	0	0.29
212400	0.29	0.68	0.68	0	0	0.29
212500	0.29	0.68	0.68	0	0	0.29
212600	0.29	0.68	0.68	0	0	0.29
212700	0.29	0.68	0.68	0	0	0.29
212800	0.29	0.68	0.68	0	0	0.29
212900	0.29	0.68	0.68	0	0	0.29
213000	0.29	0.68	0.68	0	0	0.29
213100	0.29	0.68	0.68	0	0	0.29
213200	0.29	0.68	0.68	0	0	0.29
213300	0.29	0.68	0.68	0	0	0.29
213400	0.29	0.68	0.68	0	0	0.29
213500	0.29	0.68	0.68	0	0	0.29
213600	0.29	0.68	0.68	0	0	0.29
213700	0.29	0.68	0.68	0	0	0.29
213800	0.29	0.68	0.68	0	0	0.29
213900	0.29	0.68	0.68	0	0	0.29
214000	0.29	0.68	0.68	0	0	0.29
214100	0.29	0.68	0.68	0	0	0.29
214200	0.29	0.68	0.68	0	0	0.29
214300	0.29	0.68	0.68	0	0	0.29
214400	0.29	0.68	0.68	0	0	0.29
214500	0.29	0.68	0.68	0	0	0.29
214600	0.29	0.68	0.68	0	0	0.29
214700	0.29	0.68	0.68	0	0	0.29
214800	0.29	0.68	0.68	0	0	0.29
214900	0.29	0.68	0.68	0	0	0.29
215000	0.29	0.68	0.68	0	0	0.29
215100	0.29	0.68	0.68	0	0	0.29
215200	0.29	0.68	0.68	0	0	0.29
215300	0.29	0.68	0.68	0	0	0.29
215400	0.29	0.68	0.68	0	0	0.29
215500	0.29	0.68	0.68	0	0	0.29
215600	0.29	0.68	0.68	0	0	0.29
215700	0.29	0.68	0.68	0	0	0.29
215800	0.29	0.68	0.68	0	0	0.29
215900	0.29	0.68	0.68	0	0	0.29
216000	0.29	0.68	0.68	0	0	0.29
216100	0.29	0.68	0.68	0	0	0.29
216200	0.29	0.68	0.68	0	0	0.29
216300	0.29	0.68	0.68	0	0	0.29
216400	0.29	0.68	0.68	0	0	0.29
216500	0.29	0.68	0.68	0	0	0.29
216600	0.29	0.68	0.68	0	0	0.29
216700	0.29	0.68	0.68	0	0	0.29
216800	0.29	0.68	0.68	0	0	0.29
216900	0.29	0.68	0.68	0	0	0.29
217000	0.29	0.68	0.68	0	0	0.29
217100	0.29	0.68	0.68	0	0	0.29
217200	0.29	0.68	0.68	0	0	0.29
217300	0.29	0.68	0.68	0	0	0.29
217400	0.29	0.68	0.68	0	0	0.29
217500	0.29	0.68	0.68	0	0	0.29
217600	0.29	0.68	0.68	0	0	0.29
217700	0.29	0.68	0.68	0	0	0.29
217800	0.29	0.68	0.68	0	0	0.29
217900	0.29	0.68	0.68	0	0	0.29
218000	0.29	0.68	0.68	0	0	0.29
218100	0.29	0.68	0.68	0	0	0.29
218200	0.29	0.68	0.68	0	0	0.29
218300	0.29	0.68	0.68	0	0	0.29
218400	0.29	0.68	0.68	0	0	0.29
218500	0.29	0.68	0.68	0	0	0.29
218600	0.29	0.68	0.68	0	0	0.29
218700	0.29	0.68	0.68	0	0	0.29
218800	0.29	0.68	0.68	0	0	0.29
218900	0.29	0.68	0.68	0	0	0.29
219000	0.29	0.68	0.68	0	0	0.29
219100	0.29	0.68	0.68	0	0	0.29
219200	0.29	0.68	0.68	0	0	0.29
219300	0.29	0.68	0.68	0	0	0.29
219400	0.29	0.68	0.68	0	0	0.29
219500	0.29	0.68	0.68	0	0	0.29
219600	0.29	0.68	0.68	0	0	0.29
219700	0.29	0.68	0.68	0	0	0.29
219800	0.29	0.68	0.68	0	0	0.29
219900	0.29	0.68	0.68	0	0	0.29
220000	0.29	0.68	0.68	0	0	0.29
220100	0.29	0.68	0.68	0	0	0.29
220200	0.29	0.68	0.68	0	0	0.29
220300	0.29	0.68	0.68	0	0	0.29
220400	0.29	0.68	0.68	0	0	0.29
220500	0.29	0.68	0.68	0	0	0.29
220600	0.29	0.68	0.68	0	0	0.29
220700	0.29	0.68	0.68	0	0	0.29
220800	0.29	0.68	0.68	0	0	0.29
220900	0.29	0.68	0.68	0	0	0.29
221000	0.29	0.68	0.68	0	0	0.29
221100	0.29	0.68	0.68	0	0	0.29
221200	0.29	0.68	0.68	0	0	0.29
221300	0.29	0.68	0.68	0	0	0.29
221400	0.29	0.68	0.68	0	0	0.29
221500	0.29	0.68	0.68	0	0	0.29
221600	0.29	0.68	0.68	0	0	0.29
221700	0.29	0.68	0.68	0	0	0.29
221800	0.29	0.68	0.68	0	0	0.29
221900	0.29	0.68	0.68	0	0	0.29
222000	0.29	0.68	0.68	0	0	0.29
222100	0.29	0.68	0.68	0	0	0.29
222200	0.29	0.68	0.68	0	0	0.29
222300	0.29	0.68	0.68	0	0	0.29
222400	0.29	0.68	0.68	0	0	0.29
222500	0.29	0.68	0.68	0	0	0.29
222600	0.29	0.68	0.68	0	0	0.29
222700	0.29	0.68	0.68	0	0	0.29
222800	0.29	0.68	0.68	0	0	0.29
222900	0.29	0.68	0.68	0	0	0.29
223000	0.29	0.68	0.68	0	0	0.29
223100	0.29	0.68	0.68	0	0	0.29
223200	0.29	0.68	0.68	0	0	0.29
223300	0.29	0.68	0.68	0	0	0.29
223400	0.29	0.68	0.68	0	0	0.29
223500	0.29	0.68	0.68	0	0	0.29
223600	0.29	0.68	0.68	0	0	0.29
223700	0.29	0.68	0.68	0	0	0.29
223800	0.29	0.68	0.68	0	0	0.29
223900	0.29	0.68	0.68	0	0	0.29
224000	0.28	0.68	0.68	0	0	0.28
224100	0.28	0.68	0.68	0	0	0.28
224200	0.28	0.68	0.68	0	0	0.28
224300	0.28	0.68	0.68	0	0	0.28
224400	0.28	0.68	0.68	0	0	0.28
224500	0.28	0.68	0.68	0	0	0.28
224600	0.28	0.68	0.68	0	0	0.28
224700	0.28	0.68	0.68	0	0	0.28
224800	0.28	0.68	0.68	0	0	0.28
224900	0.28	0.68	0.68	0	0	0.28
225000	0.28	0.68	0.68	0	0	0.28
225100	0.28	0.68	0.68	0	0	0.28
225200	0.28	0.68	0.68	0	0	0.28
225300	0.28	0.68	0.68	0	0	0.28
225400	0.28	0.68	0.68	0	0	0.28
225500	0.28	0.68	0.68	0	0	0.28
225600	0.28	0.68	0.68	0	0	0.28
225700	0.28	0.68	0.68	0	0	0.28
225800	0.28	0.68	0.68	0	0	0.28
225900	0.28	0.68	0.68	0	0	0.28
226000	0.28	0.68	0.68	0	0	0.28
226100	0.28	0.68	0.68	0	0	0.28
226200	0.28	0.68	0.68	0	0	0.28
226300	0.28	0.68	0.68	0	0	0.28
226400	0.28	0.68	0.68	0	0	0.28
226500	0.28	0.68	0.68	0	0	0.28
226600	0.28	0.68	0.68	0	0	0.28
226700	0.28	0.68	0.68	0	0	0.28
226800	0.28	0.68	0.68	0	0	0.28
226900	0.28	0.68	0.68	0	0	0.28
227000	0.28	0.68	0.68	0	0	0.28
227100	0.28	0.68	0.68	0	0	0.28
227200	0.28	0.68	0.68	0	0	0.28
227300	0.28	0.68	0.68	0	0	0.28
227400	0.28	0.68	0.68	0	0	0.28
227500	0.28	0.68	0.68	0	0	0.28
227600	0.28	0.68	0.68	0	0	0.28
227700	0.27	0.68	0.68	0	0	0.27
227800	0.27	0.68	0.68	0	0	0.27
227900	0.27	0.68	0.68	0	0	0.27
228000	0.27	0.68	0.68	0	0	0.27
228100	0.27	0.68	0.68	0	0	0.27
228200	0.27	0.68	0.68	0	0	0.27
228300	0.27	0.68	0.68	0	0	0.27
228400	0.27	0.68	0.68	0	0	0.27
228500	0.27	0.68	0.68	0	0	0.27
228600	0.27	0.68	0.68	0	0	0.27
228700	0.27	0.68	0.68	0	0	0.27
228800	0.27	0.68	0.68	0	0	0.27
228900	0.27	0.68	0.68	0	0	0.27
229000	0.27	0.68	0.68	0	0	0.27
229100	0.27	0.68	0.68	0	0	0.27
229200	0.27	0.68	0.68	0	0	0.27
229300	0.28	0.68	0.68	0	0	0.28
229400	0.27	0.68	0.68	0	0	0.27
229500	0.27	0.68	0.68	0	0	0.27
229600	0.27	0.68	0.68	0	0	0.27
229700	0.27	0.68	0.68	0	0	0.27
229800	0.27	0.68	0.68	0	0	0.27
229900	0.27	0.68	0.68	0	0	0.27
230000	0.27	0.68	0.68	0	0	0.27
230100	0.27	0.68	0.68	0	0	0.27
230200	0.27	0.68	0.68	0	0	0.27
230300	0.27	0.68	0.68	0	0	0.27
230400	0.27	0.68	0.68	0	0	0.27
230500	0.27	0.68	0.68	0	0	0.27
230600	0.27	0.68	0.68	0	0	0.27
230700	0.27	0.68	0.68	0	0	0.27
230800	0.27	0.68	0.68	0	0	0.27
230900	0.27	0.68	0.68	0	0	0.27
231000	0.27	0.68	0.68	0	0	0.27
231100	0.27	0.68	0.68	0	0	0.27
231200	0.27	0.68	0.68	0	0	0.27
231300	0.28	0.68	0.68	0	0	0.28
231400	0.28	0.68	0.68	0	0	0.28
231500	0.28	0.68	0.68	0	0	0.28
231600	0.28	0.68	0.68	0	0	0.28
231700	0.28	0.68	0.68	0	0	0.28
231800	0.28	0.68	0.68	0	0	0.28
231900	0.28	0.68	0.68	0	0	0.28
232000	0.28	0.68	0.68	0	0	0.28
232100	0.28	0.67	0.67	0	0	0.28
232200	0.28	0.67	0.67	0	0	0.28
232300	0.28	0.67	0.67	0	0	0.28
232400	0.28	0.67	0.67	0	0	0.28
232500	0.28	0.67	0.67	0	0	0.28
232600	0.28	0.67	0.67	0	0	0.28
232700	0.28	0.67	0.67	0	0	0.28
232800	0.28	0.67	0.67	0	0	0.28
232900	0.28	0.67	0.67	0	0	0.28
233000	0.28	0.67	0.67	0	0	0.28
233100	0.28	0.67	0.67	0	0	0.28
233200	0.28	0.67	0.67	0	0	0.28
233300	0.28	0.67	0.67	0	0	0.28
233400	0.28	0.67	0.67	0	0	0.28
233500	0.28	0.67	0.67	0	0	0.28
233600	0.28	0.67	0.67	0	0	0.28
233700	0.28	0.67	0.67	0	0	0.28
233800	0.28	0.67	0.67	0	0	0.28
233900	0.28	0.67	0.67	0	0	0.28
234000	0.28	0.67	0.67	0	0	0.28
234100	0.28	0.67	0.67	0	0	0.28
234200	0.28	0.67	0.67	0	0	0.28
234300	0.28	0.67	0.67	0	0	0.28
234400	0.28	0.67	0.67	0	0	0.28
234500	0.28	0.67	0.67	0	0	0.28
234600	0.28	0.67	0.67	0	0	0.28
234700	0.28	0.67	0.67	0	0	0.28
234800	0.28	0.67	0.67	0	0	0.28
234900	0.28	0.67	0.67	0	0	0.28
235000	0.28	0.67	0.67	0	0	0.28
235100	0.28	0.67	0.67	0	0	0.28
235200	0.28	0.67	0.67	0	0	0.28
235300	0.28	0.67	0.67	0	0	0.28
235400	0.28	0.67	0.67	0	0	0.28
235500	0.28	0.68	0.68	0	0	0.28
235600	0.28	0.68	0.68	0	0	0.28
235700	0.28	0.68	0.68	0	0	0.28
235800	0.28	0.68	0.68	0	0	0.28
235900	0.28	0.68	0.68	0	0	0.28
236000	0.28	0.68	0.68	0	0	0.28
236100	0.28	0.68	0.68	0	0	0.28
236200	0.28	0.68	0.68	0	0	0.28
236300	0.28	0.68	0.68	0	0	0.28
236400	0.28	0.68	0.68	0	0	0.28
236500	0.28	0.68	0.68	0	0	0.28
236600	0.28	0.68	0.68	0	0	0.28
236700	0.28	0.68	0.68	0	0	0.28
236800	0.28	0.68	0.68	0	0	0.28
236900	0.28	0.68	0.68	0	0	0.28
237000	0.28	0.68	0.68	0	0	0.28
237100	0.28	0.68	0.68	0	0	0.28
237200	0.28	0.68	0.68	0	0	0.28
237300	0.28	0.68	0.68	0	0	0.28
237400	0.28	0.68	0.68	0	0	0.28
237500	0.28	0.68	0.68	0	0	0.28
237600	0.28	0.68	0.68	0	0	0.28
237700	0.28	0.68	0.68	0	0	0.28
237800	0.28	0.68	0.68	0	0	0.28
237900	0.28	0.68	0.68	0	0	0.28
238000	0.28	0.68	0.68	0	0	0.28
238100	0.28	0.68	0.68	0	0	0.28
238200	0.28	0.68	0.68	0	0	0.28
238300	0.28	0.68	0.68	0	0	0.28
238400	0.28	0.68	0.68	0	0	0.28
238500	0.28	0.68	0.68	0	0	0.28
238600	0.28	0.68	0.68	0	0	0.28
238700	0.28	0.68	0.68	0	0	0.28
238800	0.28	0.68	0.68	0	0	0.28
238900	0.28	0.68	0.68	0	0	0.28
239000	0.28	0.68	0.68	0	0	0.28
239100	0.28	0.68	0.68	0	0	0.28
239200	0.28	0.68	0.68	0	0	0.28
239300	0.28	0.68	0.68	0	0	0.28
239400	0.28	0.68	0.68	0	0	0.28
239500	0.28	0.68	0.68	0	0	0.28
239600	0.28	0.68	0.68	0	0	0.28
239700	0.28	0.68	0.68	0	0	0.28
239800	0.28	0.68	0.68	0	0	0.28
239900	0.28	0.68	0.68	0	0	0.28
240000	0.28	0.68	0.68	0	0	0.28
240100	0.28	0.68	0.68	0	0	0.28
240200	0.28	0.68	0.68	0	0	0.28
240300	0.28	0.68	0.68	0	0	0.28
240400	0.28	0.68	0.68	0	0	0.28
240500	0.28	0.68	0.68	0	0	0.28
240600	0.28	0.68	0.68	0	0	0.28
240700	0.28	0.68	0.68	0	0	0.28
240800	0.28	0.68	0.68	0	0	0.28
240900	0.28	0.68	0.68	0	0	0.28
241000	0.28	0.68	0.68	0	0	0.28
241100	0.28	0.68	0.68	0	0	0.28
241200	0.28	0.68	0.68	0	0	0.28
241300	0.28	0.68	0.68	0	0	0.28
241400	0.28	0.68	0.68	0	0	0.28
241500	0.28	0.68	0.68	0	0	0.28
241600	0.28	0.68	0.68	0	0	0.28
241700	0.28	0.68	0.68	0	0	0.28
241800	0.28	0.68	0.68	0	0	0.28
241900	0.28	0.68	0.68	0	0	0.28
242000	0.28	0.68	0.68	0	0	0.28
242100	0.28	0.68	0.68	0	0	0.28
242200	0.28	0.68	0.68	0	0	0.28
242300	0.28	0.68	0.68	0	0	0.28
242400	0.28	0.68	0.68	0	0	0.28
242500	0.28	0.68	0.68	0	0	0.28
242600	0.28	0.68	0.68	0	0	0.28
242700	0.28	0.68	0.68	0	0	0.28
242800	0.28	0.68	0.68	0	0	0.28
242900	0.28	0.68	0.68	0	0	0.28
243000	0.28	0.68	0.68	0	0	0.28
243100	0.28	0.68	0.68	0	0	0.28
243200	0.27	0.68	0.68	0	0	0.27
243300	0.27	0.68	0.68	0	0	0.27
243400	0.27	0.68	0.68	0	0	0.27
243500	0.27	0.68	0.68	0	0	0.27
243600	0.26	0.68	0.68	0	0	0.26
243700	0.26	0.68	0.68	0	0	0.26
243800	0.26	0.68	0.68	0	0	0.26
243900	0.26	0.68	0.68	0	0	0.26
244000	0.26	0.68	0.68	0	0	0.26
244100	0.26	0.68	0.68	0	0	0.26
244200	0.26	0.68	0.68	0	0	0.26
244300	0.26	0.68	0.68	0	0	0.26
244400	0.26	0.68	0.68	0	0	0.26
244500	0.26	0.68	0.68	0	0	0.26
244600	0.26	0.68	0.68	0	0	0.26
244700	0.26	0.68	0.68	0	0	0.26
244800	0.26	0.68	0.68	0	0	0.26
244900	0.26	0.69	0.69	0	0	0.26
245000	0.26	0.69	0.69	0	0	0.26
245100	0.26	0.69	0.69	0	0	0.26
245200	0.26	0.69	0.69	0	0	0.26
245300	0.26	0.69	0.69	0	0	0.26
245400	0.26	0.69	0.69	0	0	0.26
245500	0.26	0.69	0.69	0	0	0.26
245600	0.26	0.69	0.69	0	0	0.26
245700	0.26	0.69	0.69	0	0	0.26
245800	0.26	0.69	0.69	0	0	0.26
245900	0.26	0.69	0.69	0	0	0.26
246000	0.26	0.69	0.69	0	0	0.26
246100	0.26	0.69	0.69	0	0	0.26
246200	0.26	0.69	0.69	0	0	0.26
246300	0.26	0.69	0.69	0	0	0.26
246400	0.26	0.69	0.69	0	0	0.26
246500	0.26	0.69	0.69	0	0	0.26
246600	0.26	0.69	0.69	0	0	0.26
246700	0.26	0.69	0.69	0	0	0.26
246800	0.26	0.69	0.69	0	0	0.26
246900	0.25	0.68	0.68	0	0	0.25
247000	0.25	0.68	0.68	0	0	0.25
247100	0.25	0.68	0.68	0	0	0.25
247200	0.25	0.68	0.68	0	0	0.25
247300	0.25	0.68	0.68	0	0	0.25
247400	0.25	0.68	0.68	0	0	0.25
247500	0.25	0.68	0.68	0	0	0.25
247600	0.25	0.68	0.68	0	0	0.25
247700	0.25	0.68	0.68	0	0	0.25
247800	0.25	0.68	0.68	0	0	0.25
247900	0.25	0.68	0.68	0	0	0.25
248000	0.25	0.69	0.69	0	0	0.25
248100	0.25	0.69	0.69	0	0	0.25
248200	0.25	0.69	0.69	0	0	0.25
248300	0.25	0.69	0.69	0	0	0.25
248400	0.25	0.69	0.69	0	0	0.25
248500	0.24	0.69	0.69	0	0	0.24
248600	0.24	0.69	0.69	0	0	0.24
248700	0.24	0.69	0.69	0	0	0.24
248800	0.24	0.69	0.69	0	0	0.24
248900	0.24	0.69	0.69	0	0	0.24
249000	0.25	0.69	0.69	0	0	0.25
249100	0.25	0.69	0.69	0	0	0.25
249200	0.25	0.69	0.69	0	0	0.25
249300	0.25	0.69	0.69	0	0	0.25
249400	0.25	0.69	0.69	0	0	0.25
249500	0.24	0.69	0.69	0	0	0.24
249600	0.24	0.69	0.69	0	0	0.24
249700	0.24	0.7	0.7	0	0	0.24
249800	0.24	0.7	0.7	0	0	0.24
249900	0.24	0.7	0.7	0	0	0.24
250000	0.24	0.7	0.7	0	0	0.24
250100	0.24	0.7	0.7	0	0	0.24
250200	0.24	0.7	0.7	0	0	0.24
250300	0.24	0.7	0.7	0	0	0.24
250400	0.24	0.7	0.7	0	0	0.24
250500	0.24	0.7	0.7	0	0	0.24
250600	0.24	0.7	0.7	0	0	0.24
250700	0.24	0.7	0.7	0	0	0.24
250800	0.24	0.7	0.7	0	0	0.24
250900	0.24	0.7	0.7	0	0	0.24
251000	0.24	0.7	0.7	0	0	0.24
251100	0.24	0.7	0.7	0	0	0.24
251200	0.24	0.7	0.7	0	0	0.24
251300	0.24	0.7	0.7	0	0	0.24
251400	0.24	0.7	0.7	0	0	0.24
251500	0.25	0.7	0.7	0	0	0.25
251600	0.25	0.7	0.7	0	0	0.25
251700	0.25	0.7	0.7	0	0	0.25
251800	0.24	0.7	0.7	0	0	0.24
251900	0.24	0.7	0.7	0	0	0.24
252000	0.24	0.7	0.7	0	0	0.24
252100	0.24	0.7	0.7	0	0	0.24
252200	0.24	0.7	0.7	0	0	0.24
252300	0.24	0.7	0.7	0	0	0.24
252400	0.24	0.7	0.7	0	0	0.24
252500	0.24	0.7	0.7	0	0	0.24
252600	0.24	0.7	0.7	0	0	0.24
252700	0.24	0.7	0.7	0	0	0.24
252800	0.24	0.7	0.7	0	0	0.24
252900	0.24	0.7	0.7	0	0	0.24
253000	0.24	0.7	0.7	0	0	0.24
253100	0.24	0.7	0.7	0	0	0.24
253200	0.24	0.7	0.7	0	0	0.24
253300	0.24	0.7	0.7	0	0	0.24
253400	0.24	0.7	0.7	0	0	0.24
253500	0.24	0.7	0.7	0	0	0.24
253600	0.24	0.7	0.7	0	0	0.24
253700	0.24	0.7	0.7	0	0	0.24
253800	0.24	0.7	0.7	0	0	0.24
253900	0.24	0.7	0.7	0	0	0.24
254000	0.24	0.7	0.7	0	0	0.24
254100	0.24	0.7	0.7	0	0	0.24
254200	0.24	0.7	0.7	0	0	0.24
254300	0.24	0.7	0.7	0	0	0.24
254400	0.24	0.7	0.7	0	0	0.24
254500	0.24	0.7	0.7	0	0	0.24
254600	0.24	0.7	0.7	0	0	0.24
254700	0.24	0.7	0.7	0	0	0.24
254800	0.24	0.7	0.7	0	0	0.24
254900	0.24	0.7	0.7	0	0	0.24
255000	0.24	0.7	0.7	0	0	0.24
255100	0.24	0.7	0.7	0	0	0.24
255200	0.24	0.7	0.7	0	0	0.24
255300	0.24	0.7	0.7	0	0	0.24
255400	0.24	0.7	0.7	0	0	0.24
255500	0.24	0.7	0.7	0	0	0.24
255600	0.24	0.7	0.7	0	0	0.24
255700	0.24	0.7	0.7	0	0	0.24
255800	0.24	0.7	0.7	0	0	0.24
255900	0.24	0.7	0.7	0	0	0.24
256000	0.24	0.7	0.7	0	0	0.24
256100	0.24	0.7	0.7	0	0	0.24
256200	0.24	0.7	0.7	0	0	0.24
256300	0.24	0.7	0.7	0	0	0.24
256400	0.24	0.7	0.7	0	0	0.24
256500	0.24	0.7	0.7	0	0	0.24
256600	0.24	0.7	0.7	0	0	0.24
256700	0.24	0.7	0.7	0	0	0.24
256800	0.24	0.7	0.7	0	0	0.24
256900	0.24	0.7	0.7	0	0	0.24
257000	0.24	0.7	0.7	0	0	0.24
257100	0.24	0.7	0.7	0	0	0.24
257200	0.24	0.7	0.7	0	0	0.24
257300	0.25	0.7	0.7	0	0	0.25
257400	0.25	0.7	0.7	0	0	0.25
257500	0.24	0.7	0.7	0	0	0.24
257600	0.24	0.7	0.7	0	0	0.24
257700	0.24	0.7	0.7	0	0	0.24
257800	0.24	0.7	0.7	0	0	0.24
257900	0.24	0.7	0.7	0	0	0.24
258000	0.24	0.7	0.7	0	0	0.24
258100	0.24	0.7	0.7	0	0	0.24
258200	0.24	0.7	0.7	0	0	0.24
258300	0.24	0.7	0.7	0	0	0.24
258400	0.24	0.7	0.7	0	0	0.24
258500	0.24	0.7	0.7	0	0	0.24
258600	0.24	0.7	0.7	0	0	0.24
258700	0.24	0.7	0.7	0	0	0.24
258800	0.24	0.7	0.7	0	0	0.24
258900	0.24	0.7	0.7	0	0	0.24
259000	0.25	0.7	0.7	0	0	0.25
259100	0.25	0.7	0.7	0	0	0.25
259200	0.25	0.7	0.7	0	0	0.25
259300	0.25	0.7	0.7	0	0	0.25
259400	0.25	0.7	0.7	0	0	0.25
259500	0.25	0.7	0.7	0	0	0.25
259600	0.25	0.7	0.7	0	0	0.25
259700	0.25	0.7	0.7	0	0	0.25
259800	0.25	0.7	0.7	0	0	0.25
259900	0.24	0.7	0.7	0	0	0.24
260000	0.24	0.7	0.7	0	0	0.24
260100	0.24	0.7	0.7	0	0	0.24
260200	0.24	0.7	0.7	0	0	0.24
260300	0.24	0.7	0.7	0	0	0.24
260400	0.24	0.7	0.7	0	0	0.24
260500	0.24	0.7	0.7	0	0	0.24
260600	0.24	0.7	0.7	0	0	0.24
260700	0.23	0.7	0.7	0	0	0.23
260800	0.23	0.7	0.7	0	0	0.23
260900	0.23	0.7	0.7	0	0	0.23
261000	0.23	0.7	0.7	0	0	0.23
261100	0.23	0.7	0.7	0	0	0.23
261200	0.23	0.7	0.7	0	0	0.23
261300	0.23	0.7	0.7	0	0	0.23
261400	0.23	0.7	0.7	0	0	0.23
261500	0.23	0.7	0.7	0	0	0.23
261600	0.23	0.7	0.7	0	0	0.23
261700	0.23	0.7	0.7	0	0	0.23
261800	0.23	0.7	0.7	0	0	0.23
261900	0.23	0.7	0.7	0	0	0.23
262000	0.23	0.7	0.7	0	0	0.23
262100	0.23	0.7	0.7	0	0	0.23
262200	0.23	0.7	0.7	0	0	0.23
262300	0.23	0.7	0.7	0	0	0.23
262400	0.23	0.7	0.7	0	0	0.23
262500	0.23	0.7	0.7	0	0	0.23
262600	0.23	0.7	0.7	0	0	0.23
262700	0.23	0.7	0.7	0	0	0.23
262800	0.24	0.7	0.7	0	0	0.24
262900	0.24	0.7	0.7	0	0	0.24
263000	0.24	0.7	0.7	0	0	0.24
263100	0.24	0.7	0.7	0	0	0.24
263200	0.24	0.7	0.7	0	0	0.24
263300	0.23	0.7	0.7	0	0	0.23
263400	0.23	0.7	0.7	0	0	0.23
263500	0.23	0.7	0.7	0	0	0.23
263600	0.23	0.7	0.7	0	0	0.23
263700	0.23	0.7	0.7	0	0	0.23
263800	0.23	0.7	0.7	0	0	0.23
263900	0.23	0.7	0.7	0	0	0.23
264000	0.23	0.7	0.7	0	0	0.23
264100	0.23	0.7	0.7	0	0	0.23
264200	0.23	0.7	0.7	0	0	0.23
264300	0.23	0.7	0.7	0	0	0.23
264400	0.24	0.7	0.7	0	0	0.24
264500	0.24	0.7	0.7	0	0	0.24
264600	0.24	0.7	0.7	0	0	0.24
264700	0.24	0.7	0.7	0	0	0.24
264800	0.24	0.7	0.7	0	0	0.24
264900	0.23	0.7	0.7	0	0	0.23
265000	0.23	0.7	0.7	0	0	0.23
265100	0.23	0.7	0.7	0	0	0.23
265200	0.23	0.7	0.7	0	0	0.23
265300	0.23	0.7	0.7	0	0	0.23
265400	0.23	0.7	0.7	0	0	0.23
265500	0.23	0.7	0.7	0	0	0.23
265600	0.23	0.7	0.7	0	0	0.23
265700	0.23	0.7	0.7	0	0	0.23
265800	0.23	0.7	0.7	0	0	0.23
265900	0.23	0.7	0.7	0	0	0.23
266000	0.24	0.7	0.7	0	0	0.24
266100	0.24	0.7	0.7	0	0	0.24
266200	0.24	0.7	0.7	0	0	0.24
266300	0.24	0.7	0.7	0	0	0.24
266400	0.24	0.7	0.7	0	0	0.24
266500	0.24	0.7	0.7	0	0	0.24
266600	0.23	0.7	0.7	0	0	0.23
266700	0.23	0.7	0.7	0	0	0.23
266800	0.23	0.7	0.7	0	0	0.23
266900	0.24	0.7	0.7	0	0	0.24
267000	0.24	0.7	0.7	0	0	0.24
267100	0.24	0.7	0.7	0	0	0.24
267200	0.24	0.7	0.7	0	0	0.24
267300	0.24	0.7	0.7	0	0	0.24
267400	0.24	0.7	0.7	0	0	0.24
267500	0.24	0.7	0.7	0	0	0.24
267600	0.24	0.7	0.7	0	0	0.24
267700	0.24	0.7	0.7	0	0	0.24
267800	0.24	0.7	0.7	0	0	0.24
267900	0.24	0.7	0.7	0	0	0.24
268000	0.25	0.7	0.7	0	0	0.25
268100	0.25	0.7	0.7	0	0	0.25
268200	0.25	0.7	0.7	0	0	0.25
268300	0.25	0.7	0.7	0	0	0.25
268400	0.25	0.7	0.7	0	0	0.25
268500	0.25	0.7	0.7	0	0	0.25
268600	0.25	0.7	0.7	0	0	0.25
268700	0.25	0.7	0.7	0	0	0.25
268800	0.25	0.7	0.7	0	0	0.25
268900	0.25	0.7	0.7	0	0	0.25
269000	0.26	0.7	0.7	0	0	0.26
269100	0.26	0.7	0.7	0	0	0.26
269200	0.26	0.7	0.7	0	0	0.26
269300	0.26	0.7	0.7	0	0	0.26
269400	0.26	0.7	0.7	0	0	0.26
269500	0.26	0.7	0.7	0	0	0.26
269600	0.26	0.7	0.7	0	0	0.26
269700	0.26	0.7	0.7	0	0	0.26
269800	0.26	0.7	0.7	0	0	0.26
269900	0.26	0.7	0.7	0	0	0.26
270000	0.26	0.7	0.7	0	0	0.26
270100	0.26	0.7	0.7	0	0	0.26
270200	0.26	0.7	0.7	0	0	0.26
270300	0.26	0.7	0.7	0	0	0.26
270400	0.26	0.7	0.7	0	0	0.26
270500	0.26	0.7	0.7	0	0	0.26
270600	0.26	0.7	0.7	0	0	0.26
270700	0.26	0.7	0.7	0	0	0.26
270800	0.25	0.7	0.7	0	0	0.25
270900	0.25	0.7	0.7	0	0	0.25
271000	0.25	0.7	0.7	0	0	0.25
271100	0.25	0.7	0.7	0	0	0.25
271200	0.24	0.7	0.7	0	0	0.24
271300	0.24	0.7	0.7	0	0	0.24
271400	0.24	0.7	0.7	0	0	0.24
271500	0.24	0.7	0.7	0	0	0.24
271600	0.24	0.7	0.7	0	0	0.24
271700	0.24	0.7	0.7	0	0	0.24
271800	0.24	0.7	0.7	0	0	0.24
271900	0.24	0.7	0.7	0	0	0.24
272000	0.24	0.7	0.7	0	0	0.24
272100	0.24	0.7	0.7	0	0	0.24
272200	0.24	0.7	0.7	0	0	0.24
272300	0.24	0.7	0.7	0	0	0.24
272400	0.24	0.7	0.7	0	0	0.24
272500	0.24	0.7	0.7	0	0	0.24
272600	0.24	0.7	0.7	0	0	0.24
272700	0.24	0.7	0.7	0	0	0.24
272800	0.24	0.7	0.7	0	0	0.24
272900	0.24	0.7	0.7	0	0	0.24
273000	0.24	0.7	0.7	0	0	0.24
273100	0.24	0.7	0.7	0	0	0.24
273200	0.25	0.7	0.7	0	0	0.25
273300	0.26	0.7	0.7	0	0	0.26
273400	0.26	0.7	0.7	0	0	0.26
273500	0.26	0.7	0.7	0	0	0.26
273600	0.26	0.7	0.7	0	0	0.26
273700	0.26	0.7	0.7	0	0	0.26
273800	0.26	0.7	0.7	0	0	0.26
273900	0.26	0.7	0.7	0	0	0.26
274000	0.26	0.7	0.7	0	0	0.26
274100	0.26	0.7	0.7	0	0	0.26
274200	0.26	0.7	0.7	0	0	0.26
274300	0.26	0.7	0.7	0	0	0.26
274400	0.25	0.7	0.7	0	0	0.25
274500	0.25	0.7	0.7	0	0	0.25
274600	0.25	0.7	0.7	0	0	0.25
274700	0.26	0.7	0.7	0	0	0.26
274800	0.26	0.7	0.7	0	0	0.26
274900	0.27	0.7	0.7	0	0	0.27
275000	0.27	0.7	0.7	0	0	0.27
275100	0.27	0.7	0.7	0	0	0.27
275200	0.27	0.7	0.7	0	0	0.27
275300	0.27	0.7	0.7	0	0	0.27
275400	0.27	0.7	0.7	0	0	0.27
275500	0.27	0.7	0.7	0	0	0.27
275600	0.27	0.7	0.7	0	0	0.27
275700	0.27	0.7	0.7	0	0	0.27
275800	0.27	0.7	0.7	0	0	0.27
275900	0.27	0.7	0.7	0	0	0.27
276000	0.27	0.7	0.7	0	0	0.27
276100	0.27	0.7	0.7	0	0	0.27
276200	0.27	0.7	0.7	0	0	0.27
276300	0.27	0.7	0.7	0	0	0.27
276400	0.27	0.7	0.7	0	0	0.27
276500	0.27	0.7	0.7	0	0	0.27
276600	0.27	0.7	0.7	0	0	0.27
276700	0.27	0.7	0.7	0	0	0.27
276800	0.27	0.7	0.7	0	0	0.27
276900	0.27	0.7	0.7	0	0	0.27
277000	0.27	0.7	0.7	0	0	0.27
277100	0.27	0.7	0.7	0	0	0.27
277200	0.27	0.7	0.7	0	0	0.27
277300	0.27	0.7	0.7	0	0	0.27
277400	0.27	0.7	0.7	0	0	0.27
277500	0.26	0.7	0.7	0	0	0.26
277600	0.26	0.7	0.7	0	0	0.26
277700	0.26	0.7	0.7	0	0	0.26
277800	0.26	0.7	0.7	0	0	0.26
277900	0.26	0.7	0.7	0	0	0.26
278000	0.26	0.7	0.7	0	0	0.26
278100	0.26	0.7	0.7	0	0	0.26
278200	0.26	0.7	0.7	0	0	0.26
278300	0.26	0.7	0.7	0	0	0.26
278400	0.26	0.7	0.7	0	0	0.26
278500	0.27	0.7	0.7	0	0	0.27
278600	0.27	0.7	0.7	0	0	0.27
278700	0.27	0.7	0.7	0	0	0.27
278800	0.27	0.7	0.7	0	0	0.27
278900	0.27	0.7	0.7	0	0	0.27
279000	0.27	0.7	0.7	0	0	0.27
279100	0.27	0.7	0.7	0	0	0.27
279200	0.26	0.7	0.7	0	0	0.26
279300	0.26	0.7	0.7	0	0	0.26
279400	0.26	0.7	0.7	0	0	0.26
279500	0.26	0.7	0.7	0	0	0.26
279600	0.26	0.7	0.7	0	0	0.26
279700	0.26	0.7	0.7	0	0	0.26
279800	0.26	0.7	0.7	0	0	0.26
279900	0.26	0.7	0.7	0	0	0.26
280000	0.26	0.7	0.7	0	0	0.26
280100	0.26	0.7	0.7	0	0	0.26
280200	0.26	0.7	0.7	0	0	0.26
280300	0.26	0.7	0.7	0	0	0.26
280400	0.26	0.7	0.7	0	0	0.26
280500	0.26	0.7	0.7	0	0	0.26
280600	0.26	0.7	0.7	0	0	0.26
280700	0.26	0.7	0.7	0	0	0.26
280800	0.26	0.7	0.7	0	0	0.26
280900	0.26	0.7	0.7	0	0	0.26
281000	0.26	0.7	0.7	0	0	0.26
281100	0.26	0.7	0.7	0	0	0.26
281200	0.26	0.7	0.7	0	0	0.26
281300	0.26	0.7	0.7	0	0	0.26
281400	0.26	0.7	0.7	0	0	0.26
281500	0.26	0.7	0.7	0	0	0.26
281600	0.26	0.7	0.7	0	0	0.26
281700	0.26	0.7	0.7	0	0	0.26
281800	0.26	0.7	0.7	0	0	0.26
281900	0.26	0.7	0.7	0	0	0.26
282000	0.26	0.7	0.7	0	0	0.26
282100	0.26	0.7	0.7	0	0	0.26
282200	0.26	0.7	0.7	0	0	0.26
282300	0.26	0.7	0.7	0	0	0.26
282400	0.26	0.7	0.7	0	0	0.26
282500	0.27	0.7	0.7	0	0	0.27
282600	0.26	0.7	0.7	0	0	0.26
282700	0.26	0.7	0.7	0	0	0.26
282800	0.26	0.7	0.7	0	0	0.26
282900	0.26	0.7	0.7	0	0	0.26
283000	0.26	0.7	0.7	0	0	0.26
283100	0.26	0.7	0.7	0	0	0.26
283200	0.26	0.7	0.7	0	0	0.26
283300	0.26	0.7	0.7	0	0	0.26
283400	0.26	0.7	0.7	0	0	0.26
283500	0.26	0.7	0.7	0	0	0.26
283600	0.26	0.7	0.7	0	0	0.26
283700	0.26	0.7	0.7	0	0	0.26
283800	0.26	0.7	0.7	0	0	0.26
283900	0.27	0.7	0.7	0	0	0.27
284000	0.27	0.7	0.7	0	0	0.27
284100	0.27	0.7	0.7	0	0	0.27
284200	0.27	0.7	0.7	0	0	0.27
284300	0.27	0.7	0.7	0	0	0.27
284400	0.27	0.7	0.7	0	0	0.27
284500	0.27	0.7	0.7	0	0	0.27
284600	0.27	0.7	0.7	0	0	0.27
284700	0.27	0.7	0.7	0	0	0.27
284800	0.27	0.7	0.7	0	0	0.27
284900	0.27	0.7	0.7	0	0	0.27
285000	0.27	0.7	0.7	0	0	0.27
285100	0.27	0.7	0.7	0	0	0.27
285200	0.27	0.7	0.7	0	0	0.27
285300	0.27	0.7	0.7	0	0	0.27
285400	0.27	0.7	0.7	0	0	0.27
285500	0.27	0.7	0.7	0	0	0.27
285600	0.27	0.7	0.7	0	0	0.27
285700	0.27	0.7	0.7	0	0	0.27
285800	0.27	0.7	0.7	0	0	0.27
285900	0.27	0.7	0.7	0	0	0.27
286000	0.27	0.7	0.7	0	0	0.27
286100	0.27	0.7	0.7	0	0	0.27
286200	0.26	0.7	0.7	0	0	0.26
286300	0.26	0.7	0.7	0	0	0.26
286400	0.26	0.7	0.7	0	0	0.26
286500	0.26	0.7	0.7	0	0	0.26
286600	0.26	0.7	0.7	0	0	0.26
286700	0.26	0.7	0.7	0	0	0.26
286800	0.26	0.7	0.7	0	0	0.26
286900	0.26	0.7	0.7	0	0	0.26
287000	0.26	0.7	0.7	0	0	0.26
287100	0.26	0.7	0.7	0	0	0.26
287200	0.26	0.7	0.7	0	0	0.26
287300	0.26	0.7	0.7	0	0	0.26
287400	0.26	0.7	0.7	0	0	0.26
287500	0.26	0.7	0.7	0	0	0.26
287600	0.26	0.7	0.7	0	0	0.26
287700	0.26	0.7	0.7	0	0	0.26
287800	0.26	0.7	0.7	0	0	0.26
287900	0.26	0.7	0.7	0	0	0.26
288000	0.26	0.7	0.7	0	0	0.26
288100	0.26	0.7	0.7	0	0	0.26
288200	0.26	0.7	0.7	0	0	0.26
288300	0.26	0.7	0.7	0	0	0.26
288400	0.26	0.7	0.7	0	0	0.26
288500	0.26	0.7	0.7	0	0	0.26
288600	0.26	0.7	0.7	0	0	0.26
288700	0.26	0.7	0.7	0	0	0.26
288800	0.26	0.7	0.7	0	0	0.26
288900	0.26	0.7	0.7	0	0	0.26
289000	0.26	0.7	0.7	0	0	0.26
289100	0.26	0.7	0.7	0	0	0.26
289200	0.26	0.7	0.7	0	0	0.26
289300	0.26	0.7	0.7	0	0	0.26
289400	0.26	0.7	0.7	0	0	0.26
289500	0.26	0.7	0.7	0	0	0.26
289600	0.26	0.7	0.7	0	0	0.26
289700	0.26	0.7	0.7	0	0	0.26
289800	0.26	0.7	0.7	0	0	0.26
289900	0.26	0.7	0.7	0	0	0.26
290000	0.26	0.7	0.7	0	0	0.26
290100	0.26	0.7	0.7	0	0	0.26
290200	0.26	0.7	0.7	0	0	0.26
290300	0.26	0.7	0.7	0	0	0.26
290400	0.26	0.7	0.7	0	0	0.26
290500	0.26	0.7	0.7	0	0	0.26
290600	0.26	0.7	0.7	0	0	0.26
290700	0.26	0.7	0.7	0	0	0.26
290800	0.26	0.7	0.7	0	0	0.26
290900	0.26	0.7	0.7	0	0	0.26
291000	0.26	0.7	0.7	0	0	0.26
291100	0.26	0.7	0.7	0	0	0.26
291200	0.26	0.7	0.7	0	0	0.26
291300	0.26	0.7	0.7	0	0	0.26
291400	0.26	0.7	0.7	0	0	0.26
291500	0.26	0.7	0.7	0	0	0.26
291600	0.26	0.7	0.7	0	0	0.26
291700	0.26	0.7	0.7	0	0	0.26
291800	0.26	0.7	0.7	0	0	0.26
291900	0.26	0.7	0.7	0	0	0.26
292000	0.26	0.7	0.7	0	0	0.26
292100	0.26	0.7	0.7	0	0	0.26
292200	0.26	0.7	0.7	0	0	0.26
292300	0.26	0.7	0.7	0	0	0.26
292400	0.26	0.7	0.7	0	0	0.26
292500	0.26	0.7	0.7	0	0	0.26
292600	0.26	0.7	0.7	0	0	0.26
292700	0.26	0.7	0.7	0	0	0.26
292800	0.26	0.7	0.7	0	0	0.26
292900	0.27	0.7	0.7	0	0	0.27
293000	0.27	0.7	0.7	0	0	0.27
293100	0.27	0.7	0.7	0	0	0.27
293200	0.27	0.7	0.7	0	0	0.27
293300	0.27	0.7	0.7	0	0	0.27
293400	0.27	0.7	0.7	0	0	0.27
293500	0.27	0.7	0.7	0	0	0.27
293600	0.27	0.7	0.7	0	0	0.27
293700	0.27	0.7	0.7	0	0	0.27
293800	0.27	0.7	0.7	0	0	0.27
293900	0.27	0.7	0.7	0	0	0.27
294000	0.27	0.7	0.7	0	0	0.27
294100	0.27	0.7	0.7	0	0	0.27
294200	0.27	0.7	0.7	0	0	0.27
294300	0.27	0.7	0.7	0	0	0.27
294400	0.27	0.7	0.7	0	0	0.27
294500	0.27	0.7	0.7	0	0	0.27
294600	0.27	0.7	0.7	0	0	0.27
294700	0.27	0.7	0.7	0	0	0.27
294800	0.27	0.7	0.7	0	0	0.27
294900	0.27	0.7	0.7	0	0	0.27
295000	0.27	0.7	0.7	0	0	0.27
295100	0.27	0.7	0.7	0	0	0.27
295200	0.27	0.7	0.7	0	0	0.27
295300	0.27	0.7	0.7	0	0	0.27
295400	0.27	0.7	0.7	0	0	0.27
295500	0.27	0.7	0.7	0	0	0.27
295600	0.27	0.7	0.7	0	0	0.27
295700	0.27	0.7	0.7	0	0	0.27
295800	0.27	0.7	0.7	0	0	0.27
295900	0.27	0.7	0.7	0	0	0.27
296000	0.27	0.7	0.7	0	0	0.27
296100	0.27	0.7	0.7	0	0	0.27
296200	0.27	0.7	0.7	0	0	0.27
296300	0.27	0.7	0.7	0	0	0.27
296400	0.27	0.7	0.7	0	0	0.27
296500	0.27	0.7	0.7	0	0	0.27
296600	0.26	0.7	0.7	0	0	0.26
296700	0.26	0.7	0.7	0	0	0.26
296800	0.26	0.7	0.7	0	0	0.26
296900	0.26	0.7	0.7	0	0	0.26
297000	0.26	0.7	0.7	0	0	0.26
297100	0.26	0.7	0.7	0	0	0.26
297200	0.26	0.7	0.7	0	0	0.26
297300	0.26	0.7	0.7	0	0	0.26
297400	0.26	0.7	0.7	0	0	0.26
297500	0.26	0.7	0.7	0	0	0.26
297600	0.25	0.7	0.7	0	0	0.25
297700	0.25	0.7	0.7	0	0	0.25
297800	0.25	0.7	0.7	0	0	0.25
297900	0.25	0.7	0.7	0	0	0.25
298000	0.25	0.7	0.7	0	0	0.25
298100	0.25	0.7	0.7	0	0	0.25
298200	0.25	0.7	0.7	0	0	0.25
298300	0.26	0.7	0.7	0	0	0.26
298400	0.26	0.7	0.7	0	0	0.26
298500	0.26	0.7	0.7	0	0	0.26
298600	0.25	0.7	0.7	0	0	0.25
298700	0.25	0.7	0.7	0	0	0.25
298800	0.25	0.7	0.7	0	0	0.25
298900	0.25	0.7	0.7	0	0	0.25
299000	0.25	0.7	0.7	0	0	0.25
299100	0.25	0.7	0.7	0	0	0.25
299200	0.25	0.7	0.7	0	0	0.25
299300	0.26	0.7	0.7	0	0	0.26
299400	0.26	0.7	0.7	0	0	0.26
299500	0.26	0.7	0.7	0	0	0.26
299600	0.26	0.7	0.7	0	0	0.26
299700	0.26	0.7	0.7	0	0	0.26
299800	0.26	0.7	0.7	0	0	0.26
299900	0.26	0.7	0.7	0	0	0.26
300000	0.26	0.7	0.7	0	0	0.26
