100	0.02	0.05	0.05	0	0	0.02
200	0.04	0.07	0.07	0	0	0.04
300	0.08	0.07	0.07	0	0	0.08
400	0.09	0.08	0.08	0	0	0.09
500	0.1	0.08	0.08	0	0	0.1
600	0.1	0.08	0.08	0	0	0.1
700	0.1	0.08	0.08	0	0	0.1
800	0.09	0.07	0.07	0	0	0.09
900	0.08	0.09	0.09	0	0	0.08
1000	0.09	0.07	0.07	0	0	0.09
1100	0.08	0.07	0.07	0	0	0.08
1200	0.12	0.07	0.07	0	0	0.12
1300	0.12	0.07	0.07	0	0	0.12
1400	0.13	0.07	0.07	0	0	0.13
1500	0.11	0.07	0.07	0	0	0.11
1600	0.11	0.08	0.08	0	0	0.11
1700	0.11	0.08	0.08	0	0	0.11
1800	0.13	0.08	0.08	0	0	0.13
1900	0.14	0.08	0.08	0	0	0.14
2000	0.14	0.08	0.08	0	0	0.14
2100	0.13	0.08	0.08	0	0	0.13
2200	0.13	0.07	0.07	0	0	0.13
2300	0.14	0.09	0.09	0	0	0.14
2400	0.13	0.11	0.11	0	0	0.13
2500	0.14	0.13	0.13	0	0	0.14
2600	0.14	0.13	0.13	0	0	0.14
2700	0.13	0.14	0.14	0	0	0.13
2800	0.14	0.15	0.15	0	0	0.14
2900	0.15	0.15	0.15	0	0	0.15
3000	0.16	0.17	0.17	0	0	0.16
3100	0.16	0.17	0.17	0	0	0.16
3200	0.17	0.19	0.19	0	0	0.17
3300	0.18	0.19	0.19	0	0	0.18
3400	0.18	0.2	0.2	0	0	0.18
3500	0.2	0.22	0.22	0	0	0.2
3600	0.2	0.22	0.22	0	0	0.2
3700	0.21	0.2	0.2	0	0	0.21
3800	0.2	0.18	0.18	0	0	0.2
3900	0.19	0.22	0.22	0	0	0.19
4000	0.21	0.23	0.23	0	0	0.21
4100	0.19	0.23	0.23	0	0	0.19
4200	0.17	0.22	0.22	0	0	0.17
4300	0.17	0.23	0.23	0	0	0.17
4400	0.17	0.23	0.23	0	0	0.17
4500	0.17	0.24	0.24	0	0	0.17
4600	0.17	0.23	0.23	0	0	0.17
4700	0.17	0.24	0.24	0	0	0.17
4800	0.17	0.24	0.24	0	0	0.17
4900	0.17	0.23	0.23	0	0	0.17
5000	0.18	0.23	0.23	0	0	0.18
5100	0.19	0.24	0.24	0	0	0.19
5200	0.19	0.24	0.24	0	0	0.19
5300	0.19	0.24	0.24	0	0	0.19
5400	0.19	0.24	0.24	0	0	0.19
5500	0.2	0.24	0.24	0	0	0.2
5600	0.2	0.24	0.24	0	0	0.2
5700	0.18	0.24	0.24	0	0	0.18
5800	0.19	0.25	0.25	0	0	0.19
5900	0.17	0.25	0.25	0	0	0.17
6000	0.2	0.26	0.26	0	0	0.2
6100	0.2	0.25	0.25	0	0	0.2
6200	0.22	0.25	0.25	0	0	0.22
6300	0.22	0.26	0.26	0	0	0.22
6400	0.2	0.26	0.26	0	0	0.2
6500	0.21	0.26	0.26	0	0	0.21
6600	0.21	0.25	0.25	0	0	0.21
6700	0.21	0.26	0.26	0	0	0.21
6800	0.21	0.27	0.27	0	0	0.21
6900	0.21	0.26	0.26	0	0	0.21
7000	0.21	0.25	0.25	0	0	0.21
7100	0.21	0.26	0.26	0	0	0.21
7200	0.21	0.26	0.26	0	0	0.21
7300	0.21	0.27	0.27	0	0	0.21
7400	0.21	0.26	0.26	0	0	0.21
7500	0.21	0.27	0.27	0	0	0.21
7600	0.21	0.27	0.27	0	0	0.21
7700	0.2	0.26	0.26	0	0	0.2
7800	0.22	0.27	0.27	0	0	0.22
7900	0.2	0.27	0.27	0	0	0.2
8000	0.2	0.26	0.26	0	0	0.2
8100	0.2	0.27	0.27	0	0	0.2
8200	0.2	0.28	0.28	0	0	0.2
8300	0.21	0.27	0.27	0	0	0.21
8400	0.22	0.28	0.28	0	0	0.22
8500	0.22	0.28	0.28	0	0	0.22
8600	0.22	0.27	0.27	0	0	0.22
8700	0.22	0.27	0.27	0	0	0.22
8800	0.24	0.27	0.27	0	0	0.24
8900	0.25	0.27	0.27	0	0	0.25
9000	0.25	0.27	0.27	0	0	0.25
9100	0.26	0.27	0.27	0	0	0.26
9200	0.26	0.28	0.28	0	0	0.26
9300	0.27	0.28	0.28	0	0	0.27
9400	0.27	0.28	0.28	0	0	0.27
9500	0.29	0.28	0.28	0	0	0.29
9600	0.29	0.29	0.29	0	0	0.29
9700	0.28	0.29	0.29	0	0	0.28
9800	0.31	0.29	0.29	0	0	0.31
9900	0.3	0.29	0.29	0	0	0.3
10000	0.31	0.29	0.29	0	0	0.31
10100	0.31	0.29	0.29	0	0	0.31
10200	0.33	0.3	0.3	0	0	0.33
10300	0.33	0.3	0.3	0	0	0.33
10400	0.34	0.31	0.31	0	0	0.34
10500	0.33	0.31	0.31	0	0	0.33
10600	0.33	0.31	0.31	0	0	0.33
10700	0.34	0.3	0.3	0	0	0.34
10800	0.34	0.3	0.3	0	0	0.34
10900	0.34	0.3	0.3	0	0	0.34
11000	0.34	0.3	0.3	0	0	0.34
11100	0.35	0.3	0.3	0	0	0.35
11200	0.33	0.32	0.32	0	0	0.33
11300	0.33	0.32	0.32	0	0	0.33
11400	0.33	0.33	0.33	0	0	0.33
11500	0.32	0.34	0.34	0	0	0.32
11600	0.31	0.34	0.34	0	0	0.31
11700	0.3	0.34	0.34	0	0	0.3
11800	0.31	0.34	0.34	0	0	0.31
11900	0.3	0.34	0.34	0	0	0.3
12000	0.3	0.34	0.34	0	0	0.3
12100	0.3	0.34	0.34	0	0	0.3
12200	0.3	0.34	0.34	0	0	0.3
12300	0.3	0.34	0.34	0	0	0.3
12400	0.3	0.34	0.34	0	0	0.3
12500	0.3	0.34	0.34	0	0	0.3
12600	0.31	0.34	0.34	0	0	0.31
12700	0.31	0.34	0.34	0	0	0.31
12800	0.32	0.35	0.35	0	0	0.32
12900	0.31	0.36	0.36	0	0	0.31
13000	0.32	0.35	0.35	0	0	0.32
13100	0.32	0.34	0.34	0	0	0.32
13200	0.33	0.35	0.35	0	0	0.33
13300	0.33	0.35	0.35	0	0	0.33
13400	0.32	0.35	0.35	0	0	0.32
13500	0.32	0.34	0.34	0	0	0.32
13600	0.32	0.34	0.34	0	0	0.32
13700	0.32	0.34	0.34	0	0	0.32
13800	0.32	0.35	0.35	0	0	0.32
13900	0.32	0.34	0.34	0	0	0.32
14000	0.32	0.33	0.33	0	0	0.32
14100	0.32	0.34	0.34	0	0	0.32
14200	0.32	0.32	0.32	0	0	0.32
14300	0.32	0.33	0.33	0	0	0.32
14400	0.33	0.33	0.33	0	0	0.33
14500	0.34	0.33	0.33	0	0	0.34
14600	0.34	0.33	0.33	0	0	0.34
14700	0.34	0.32	0.32	0	0	0.34
14800	0.36	0.31	0.31	0	0	0.36
14900	0.36	0.31	0.31	0	0	0.36
15000	0.36	0.31	0.31	0	0	0.36
15100	0.36	0.31	0.31	0	0	0.36
15200	0.37	0.31	0.31	0	0	0.37
15300	0.37	0.32	0.32	0	0	0.37
15400	0.37	0.32	0.32	0	0	0.37
15500	0.38	0.32	0.32	0	0	0.38
15600	0.38	0.33	0.33	0	0	0.38
15700	0.39	0.34	0.34	0	0	0.39
15800	0.4	0.32	0.32	0	0	0.4
15900	0.4	0.32	0.32	0	0	0.4
16000	0.41	0.32	0.32	0	0	0.41
16100	0.41	0.32	0.32	0	0	0.41
16200	0.41	0.33	0.33	0	0	0.41
16300	0.41	0.33	0.33	0	0	0.41
16400	0.41	0.33	0.33	0	0	0.41
16500	0.41	0.33	0.33	0	0	0.41
16600	0.41	0.33	0.33	0	0	0.41
16700	0.41	0.34	0.34	0	0	0.41
16800	0.41	0.35	0.35	0	0	0.41
16900	0.41	0.35	0.35	0	0	0.41
17000	0.41	0.34	0.34	0	0	0.41
17100	0.41	0.35	0.35	0	0	0.41
17200	0.41	0.35	0.35	0	0	0.41
17300	0.41	0.35	0.35	0	0	0.41
17400	0.41	0.35	0.35	0	0	0.41
17500	0.4	0.35	0.35	0	0	0.4
17600	0.4	0.35	0.35	0	0	0.4
17700	0.4	0.34	0.34	0	0	0.4
17800	0.4	0.35	0.35	0	0	0.4
17900	0.4	0.35	0.35	0	0	0.4
18000	0.4	0.35	0.35	0	0	0.4
18100	0.4	0.35	0.35	0	0	0.4
18200	0.4	0.35	0.35	0	0	0.4
18300	0.4	0.36	0.36	0	0	0.4
18400	0.39	0.36	0.36	0	0	0.39
18500	0.39	0.37	0.37	0	0	0.39
18600	0.39	0.38	0.38	0	0	0.39
18700	0.39	0.37	0.37	0	0	0.39
18800	0.4	0.37	0.37	0	0	0.4
18900	0.4	0.39	0.39	0	0	0.4
19000	0.39	0.38	0.38	0	0	0.39
19100	0.38	0.38	0.38	0	0	0.38
19200	0.38	0.37	0.37	0	0	0.38
19300	0.38	0.38	0.38	0	0	0.38
19400	0.38	0.38	0.38	0	0	0.38
19500	0.38	0.38	0.38	0	0	0.38
19600	0.38	0.38	0.38	0	0	0.38
19700	0.38	0.38	0.38	0	0	0.38
19800	0.38	0.39	0.39	0	0	0.38
19900	0.38	0.39	0.39	0	0	0.38
20000	0.38	0.39	0.39	0	0	0.38
20100	0.38	0.39	0.39	0	0	0.38
20200	0.38	0.4	0.4	0	0	0.38
20300	0.39	0.4	0.4	0	0	0.39
20400	0.39	0.39	0.39	0	0	0.39
20500	0.4	0.39	0.39	0	0	0.4
20600	0.39	0.39	0.39	0	0	0.39
20700	0.38	0.39	0.39	0	0	0.38
20800	0.39	0.39	0.39	0	0	0.39
20900	0.38	0.39	0.39	0	0	0.38
21000	0.38	0.39	0.39	0	0	0.38
21100	0.38	0.39	0.39	0	0	0.38
21200	0.4	0.39	0.39	0	0	0.4
21300	0.4	0.39	0.39	0	0	0.4
21400	0.4	0.39	0.39	0	0	0.4
21500	0.4	0.39	0.39	0	0	0.4
21600	0.4	0.39	0.39	0	0	0.4
21700	0.4	0.39	0.39	0	0	0.4
21800	0.4	0.39	0.39	0	0	0.4
21900	0.41	0.39	0.39	0	0	0.41
22000	0.41	0.39	0.39	0	0	0.41
22100	0.41	0.39	0.39	0	0	0.41
22200	0.41	0.39	0.39	0	0	0.41
22300	0.41	0.39	0.39	0	0	0.41
22400	0.42	0.39	0.39	0	0	0.42
22500	0.43	0.39	0.39	0	0	0.43
22600	0.43	0.4	0.4	0	0	0.43
22700	0.41	0.4	0.4	0	0	0.41
22800	0.41	0.4	0.4	0	0	0.41
22900	0.41	0.4	0.4	0	0	0.41
23000	0.41	0.4	0.4	0	0	0.41
23100	0.41	0.4	0.4	0	0	0.41
23200	0.41	0.4	0.4	0	0	0.41
23300	0.41	0.4	0.4	0	0	0.41
23400	0.41	0.4	0.4	0	0	0.41
23500	0.42	0.4	0.4	0	0	0.42
23600	0.42	0.4	0.4	0	0	0.42
23700	0.42	0.4	0.4	0	0	0.42
23800	0.42	0.4	0.4	0	0	0.42
23900	0.42	0.4	0.4	0	0	0.42
24000	0.42	0.4	0.4	0	0	0.42
24100	0.41	0.4	0.4	0	0	0.41
24200	0.42	0.4	0.4	0	0	0.42
24300	0.42	0.41	0.41	0	0	0.42
24400	0.42	0.41	0.41	0	0	0.42
24500	0.42	0.41	0.41	0	0	0.42
24600	0.42	0.41	0.41	0	0	0.42
24700	0.42	0.41	0.41	0	0	0.42
24800	0.42	0.42	0.42	0	0	0.42
24900	0.42	0.42	0.42	0	0	0.42
25000	0.42	0.42	0.42	0	0	0.42
25100	0.42	0.42	0.42	0	0	0.42
25200	0.42	0.42	0.42	0	0	0.42
25300	0.42	0.42	0.42	0	0	0.42
25400	0.42	0.42	0.42	0	0	0.42
25500	0.42	0.42	0.42	0	0	0.42
25600	0.42	0.42	0.42	0	0	0.42
25700	0.42	0.42	0.42	0	0	0.42
25800	0.42	0.42	0.42	0	0	0.42
25900	0.42	0.42	0.42	0	0	0.42
26000	0.42	0.42	0.42	0	0	0.42
26100	0.44	0.42	0.42	0	0	0.44
26200	0.43	0.42	0.42	0	0	0.43
26300	0.43	0.42	0.42	0	0	0.43
26400	0.43	0.42	0.42	0	0	0.43
26500	0.43	0.42	0.42	0	0	0.43
26600	0.43	0.42	0.42	0	0	0.43
26700	0.43	0.42	0.42	0	0	0.43
26800	0.42	0.42	0.42	0	0	0.42
26900	0.42	0.41	0.41	0	0	0.42
27000	0.41	0.41	0.41	0	0	0.41
27100	0.41	0.41	0.41	0	0	0.41
27200	0.41	0.41	0.41	0	0	0.41
27300	0.41	0.41	0.41	0	0	0.41
27400	0.41	0.41	0.41	0	0	0.41
27500	0.41	0.41	0.41	0	0	0.41
27600	0.42	0.41	0.41	0	0	0.42
27700	0.42	0.41	0.41	0	0	0.42
27800	0.42	0.41	0.41	0	0	0.42
27900	0.42	0.41	0.41	0	0	0.42
28000	0.42	0.41	0.41	0	0	0.42
28100	0.42	0.41	0.41	0	0	0.42
28200	0.42	0.41	0.41	0	0	0.42
28300	0.42	0.41	0.41	0	0	0.42
28400	0.42	0.41	0.41	0	0	0.42
28500	0.41	0.42	0.42	0	0	0.41
28600	0.4	0.41	0.41	0	0	0.4
28700	0.4	0.41	0.41	0	0	0.4
28800	0.41	0.41	0.41	0	0	0.41
28900	0.41	0.41	0.41	0	0	0.41
29000	0.41	0.41	0.41	0	0	0.41
29100	0.42	0.41	0.41	0	0	0.42
29200	0.42	0.41	0.41	0	0	0.42
29300	0.42	0.41	0.41	0	0	0.42
29400	0.42	0.41	0.41	0	0	0.42
29500	0.42	0.41	0.41	0	0	0.42
29600	0.41	0.41	0.41	0	0	0.41
29700	0.41	0.41	0.41	0	0	0.41
29800	0.41	0.41	0.41	0	0	0.41
29900	0.41	0.41	0.41	0	0	0.41
30000	0.41	0.41	0.41	0	0	0.41
30100	0.41	0.42	0.42	0	0	0.41
30200	0.41	0.41	0.41	0	0	0.41
30300	0.41	0.41	0.41	0	0	0.41
30400	0.41	0.41	0.41	0	0	0.41
30500	0.43	0.41	0.41	0	0	0.43
30600	0.42	0.41	0.41	0	0	0.42
30700	0.42	0.41	0.41	0	0	0.42
30800	0.42	0.41	0.41	0	0	0.42
30900	0.42	0.41	0.41	0	0	0.42
31000	0.42	0.41	0.41	0	0	0.42
31100	0.42	0.42	0.42	0	0	0.42
31200	0.42	0.42	0.42	0	0	0.42
31300	0.42	0.42	0.42	0	0	0.42
31400	0.42	0.42	0.42	0	0	0.42
31500	0.42	0.42	0.42	0	0	0.42
31600	0.42	0.42	0.42	0	0	0.42
31700	0.42	0.42	0.42	0	0	0.42
31800	0.42	0.42	0.42	0	0	0.42
31900	0.42	0.41	0.41	0	0	0.42
32000	0.43	0.41	0.41	0	0	0.43
32100	0.43	0.41	0.41	0	0	0.43
32200	0.43	0.41	0.41	0	0	0.43
32300	0.43	0.41	0.41	0	0	0.43
32400	0.43	0.41	0.41	0	0	0.43
32500	0.43	0.42	0.42	0	0	0.43
32600	0.43	0.41	0.41	0	0	0.43
32700	0.43	0.41	0.41	0	0	0.43
32800	0.43	0.41	0.41	0	0	0.43
32900	0.43	0.41	0.41	0	0	0.43
33000	0.43	0.41	0.41	0	0	0.43
33100	0.43	0.41	0.41	0	0	0.43
33200	0.43	0.41	0.41	0	0	0.43
33300	0.43	0.41	0.41	0	0	0.43
33400	0.43	0.41	0.41	0	0	0.43
33500	0.43	0.41	0.41	0	0	0.43
33600	0.43	0.41	0.41	0	0	0.43
33700	0.43	0.41	0.41	0	0	0.43
33800	0.43	0.41	0.41	0	0	0.43
33900	0.43	0.41	0.41	0	0	0.43
34000	0.43	0.41	0.41	0	0	0.43
34100	0.43	0.41	0.41	0	0	0.43
34200	0.43	0.41	0.41	0	0	0.43
34300	0.44	0.41	0.41	0	0	0.44
34400	0.44	0.41	0.41	0	0	0.44
34500	0.44	0.41	0.41	0	0	0.44
34600	0.44	0.41	0.41	0	0	0.44
34700	0.44	0.41	0.41	0	0	0.44
34800	0.45	0.42	0.42	0	0	0.45
34900	0.45	0.42	0.42	0	0	0.45
35000	0.45	0.42	0.42	0	0	0.45
35100	0.45	0.42	0.42	0	0	0.45
35200	0.45	0.43	0.43	0	0	0.45
35300	0.45	0.43	0.43	0	0	0.45
35400	0.45	0.43	0.43	0	0	0.45
35500	0.45	0.43	0.43	0	0	0.45
35600	0.45	0.43	0.43	0	0	0.45
35700	0.45	0.44	0.44	0	0	0.45
35800	0.45	0.43	0.43	0	0	0.45
35900	0.45	0.43	0.43	0	0	0.45
36000	0.45	0.43	0.43	0	0	0.45
36100	0.45	0.43	0.43	0	0	0.45
36200	0.45	0.43	0.43	0	0	0.45
36300	0.45	0.43	0.43	0	0	0.45
36400	0.45	0.43	0.43	0	0	0.45
36500	0.45	0.43	0.43	0	0	0.45
36600	0.45	0.43	0.43	0	0	0.45
36700	0.45	0.44	0.44	0	0	0.45
36800	0.45	0.44	0.44	0	0	0.45
36900	0.45	0.44	0.44	0	0	0.45
37000	0.46	0.44	0.44	0	0	0.46
37100	0.46	0.43	0.43	0	0	0.46
37200	0.46	0.43	0.43	0	0	0.46
37300	0.46	0.42	0.42	0	0	0.46
37400	0.46	0.42	0.42	0	0	0.46
37500	0.47	0.42	0.42	0	0	0.47
37600	0.47	0.42	0.42	0	0	0.47
37700	0.47	0.42	0.42	0	0	0.47
37800	0.47	0.42	0.42	0	0	0.47
37900	0.47	0.42	0.42	0	0	0.47
38000	0.47	0.42	0.42	0	0	0.47
38100	0.47	0.42	0.42	0	0	0.47
38200	0.47	0.42	0.42	0	0	0.47
38300	0.47	0.42	0.42	0	0	0.47
38400	0.47	0.42	0.42	0	0	0.47
38500	0.47	0.42	0.42	0	0	0.47
38600	0.47	0.42	0.42	0	0	0.47
38700	0.47	0.42	0.42	0	0	0.47
38800	0.47	0.42	0.42	0	0	0.47
38900	0.46	0.42	0.42	0	0	0.46
39000	0.46	0.42	0.42	0	0	0.46
39100	0.46	0.42	0.42	0	0	0.46
39200	0.46	0.42	0.42	0	0	0.46
39300	0.46	0.42	0.42	0	0	0.46
39400	0.46	0.42	0.42	0	0	0.46
39500	0.46	0.42	0.42	0	0	0.46
39600	0.46	0.42	0.42	0	0	0.46
39700	0.46	0.42	0.42	0	0	0.46
39800	0.46	0.42	0.42	0	0	0.46
39900	0.46	0.42	0.42	0	0	0.46
40000	0.46	0.42	0.42	0	0	0.46
40100	0.46	0.42	0.42	0	0	0.46
40200	0.46	0.42	0.42	0	0	0.46
40300	0.46	0.42	0.42	0	0	0.46
40400	0.46	0.43	0.43	0	0	0.46
40500	0.46	0.43	0.43	0	0	0.46
40600	0.46	0.43	0.43	0	0	0.46
40700	0.46	0.43	0.43	0	0	0.46
40800	0.46	0.43	0.43	0	0	0.46
40900	0.46	0.43	0.43	0	0	0.46
41000	0.46	0.44	0.44	0	0	0.46
41100	0.46	0.44	0.44	0	0	0.46
41200	0.46	0.44	0.44	0	0	0.46
41300	0.46	0.44	0.44	0	0	0.46
41400	0.46	0.44	0.44	0	0	0.46
41500	0.46	0.44	0.44	0	0	0.46
41600	0.46	0.44	0.44	0	0	0.46
41700	0.46	0.44	0.44	0	0	0.46
41800	0.46	0.43	0.43	0	0	0.46
41900	0.46	0.43	0.43	0	0	0.46
42000	0.46	0.43	0.43	0	0	0.46
42100	0.46	0.43	0.43	0	0	0.46
42200	0.46	0.43	0.43	0	0	0.46
42300	0.46	0.43	0.43	0	0	0.46
42400	0.46	0.44	0.44	0	0	0.46
42500	0.46	0.44	0.44	0	0	0.46
42600	0.46	0.44	0.44	0	0	0.46
42700	0.46	0.44	0.44	0	0	0.46
42800	0.46	0.44	0.44	0	0	0.46
42900	0.46	0.44	0.44	0	0	0.46
43000	0.46	0.44	0.44	0	0	0.46
43100	0.46	0.44	0.44	0	0	0.46
43200	0.46	0.43	0.43	0	0	0.46
43300	0.46	0.44	0.44	0	0	0.46
43400	0.46	0.43	0.43	0	0	0.46
43500	0.46	0.43	0.43	0	0	0.46
43600	0.46	0.43	0.43	0	0	0.46
43700	0.46	0.43	0.43	0	0	0.46
43800	0.46	0.43	0.43	0	0	0.46
43900	0.46	0.43	0.43	0	0	0.46
44000	0.46	0.43	0.43	0	0	0.46
44100	0.46	0.43	0.43	0	0	0.46
44200	0.46	0.43	0.43	0	0	0.46
44300	0.46	0.43	0.43	0	0	0.46
44400	0.46	0.43	0.43	0	0	0.46
44500	0.46	0.43	0.43	0	0	0.46
44600	0.46	0.43	0.43	0	0	0.46
44700	0.46	0.43	0.43	0	0	0.46
44800	0.46	0.43	0.43	0	0	0.46
44900	0.46	0.43	0.43	0	0	0.46
45000	0.46	0.43	0.43	0	0	0.46
45100	0.46	0.43	0.43	0	0	0.46
45200	0.46	0.43	0.43	0	0	0.46
45300	0.46	0.42	0.42	0	0	0.46
45400	0.46	0.42	0.42	0	0	0.46
45500	0.46	0.42	0.42	0	0	0.46
45600	0.46	0.42	0.42	0	0	0.46
45700	0.47	0.42	0.42	0	0	0.47
45800	0.46	0.42	0.42	0	0	0.46
45900	0.46	0.42	0.42	0	0	0.46
46000	0.47	0.42	0.42	0	0	0.47
46100	0.46	0.42	0.42	0	0	0.46
46200	0.46	0.42	0.42	0	0	0.46
46300	0.46	0.42	0.42	0	0	0.46
46400	0.46	0.42	0.42	0	0	0.46
46500	0.46	0.42	0.42	0	0	0.46
46600	0.46	0.42	0.42	0	0	0.46
46700	0.46	0.42	0.42	0	0	0.46
46800	0.45	0.42	0.42	0	0	0.45
46900	0.45	0.42	0.42	0	0	0.45
47000	0.45	0.42	0.42	0	0	0.45
47100	0.45	0.42	0.42	0	0	0.45
47200	0.45	0.42	0.42	0	0	0.45
47300	0.45	0.42	0.42	0	0	0.45
47400	0.45	0.42	0.42	0	0	0.45
47500	0.44	0.42	0.42	0	0	0.44
47600	0.44	0.43	0.43	0	0	0.44
47700	0.44	0.43	0.43	0	0	0.44
47800	0.44	0.43	0.43	0	0	0.44
47900	0.44	0.43	0.43	0	0	0.44
48000	0.44	0.43	0.43	0	0	0.44
48100	0.45	0.43	0.43	0	0	0.45
48200	0.44	0.44	0.44	0	0	0.44
48300	0.44	0.43	0.43	0	0	0.44
48400	0.44	0.43	0.43	0	0	0.44
48500	0.44	0.44	0.44	0	0	0.44
48600	0.44	0.43	0.43	0	0	0.44
48700	0.46	0.43	0.43	0	0	0.46
48800	0.45	0.43	0.43	0	0	0.45
48900	0.45	0.43	0.43	0	0	0.45
49000	0.45	0.43	0.43	0	0	0.45
49100	0.45	0.43	0.43	0	0	0.45
49200	0.45	0.43	0.43	0	0	0.45
49300	0.45	0.43	0.43	0	0	0.45
49400	0.45	0.43	0.43	0	0	0.45
49500	0.45	0.43	0.43	0	0	0.45
49600	0.45	0.43	0.43	0	0	0.45
49700	0.45	0.43	0.43	0	0	0.45
49800	0.45	0.43	0.43	0	0	0.45
49900	0.45	0.43	0.43	0	0	0.45
50000	0.45	0.43	0.43	0	0	0.45
50100	0.45	0.43	0.43	0	0	0.45
50200	0.45	0.43	0.43	0	0	0.45
50300	0.46	0.43	0.43	0	0	0.46
50400	0.44	0.43	0.43	0	0	0.44
50500	0.44	0.43	0.43	0	0	0.44
50600	0.45	0.43	0.43	0	0	0.45
50700	0.45	0.43	0.43	0	0	0.45
50800	0.45	0.43	0.43	0	0	0.45
50900	0.45	0.43	0.43	0	0	0.45
51000	0.45	0.43	0.43	0	0	0.45
51100	0.45	0.43	0.43	0	0	0.45
51200	0.45	0.43	0.43	0	0	0.45
51300	0.45	0.42	0.42	0	0	0.45
51400	0.45	0.42	0.42	0	0	0.45
51500	0.45	0.42	0.42	0	0	0.45
51600	0.45	0.43	0.43	0	0	0.45
51700	0.45	0.43	0.43	0	0	0.45
51800	0.45	0.44	0.44	0	0	0.45
51900	0.45	0.44	0.44	0	0	0.45
52000	0.45	0.44	0.44	0	0	0.45
52100	0.45	0.45	0.45	0	0	0.45
52200	0.45	0.45	0.45	0	0	0.45
52300	0.45	0.45	0.45	0	0	0.45
52400	0.45	0.45	0.45	0	0	0.45
52500	0.45	0.45	0.45	0	0	0.45
52600	0.45	0.45	0.45	0	0	0.45
52700	0.45	0.45	0.45	0	0	0.45
52800	0.45	0.45	0.45	0	0	0.45
52900	0.45	0.45	0.45	0	0	0.45
53000	0.45	0.45	0.45	0	0	0.45
53100	0.45	0.45	0.45	0	0	0.45
53200	0.45	0.44	0.44	0	0	0.45
53300	0.45	0.44	0.44	0	0	0.45
53400	0.45	0.44	0.44	0	0	0.45
53500	0.44	0.44	0.44	0	0	0.44
53600	0.44	0.44	0.44	0	0	0.44
53700	0.44	0.44	0.44	0	0	0.44
53800	0.44	0.44	0.44	0	0	0.44
53900	0.44	0.44	0.44	0	0	0.44
54000	0.44	0.44	0.44	0	0	0.44
54100	0.44	0.44	0.44	0	0	0.44
54200	0.44	0.44	0.44	0	0	0.44
54300	0.44	0.44	0.44	0	0	0.44
54400	0.44	0.44	0.44	0	0	0.44
54500	0.44	0.44	0.44	0	0	0.44
54600	0.44	0.44	0.44	0	0	0.44
54700	0.44	0.44	0.44	0	0	0.44
54800	0.44	0.45	0.45	0	0	0.44
54900	0.44	0.45	0.45	0	0	0.44
55000	0.44	0.44	0.44	0	0	0.44
55100	0.44	0.44	0.44	0	0	0.44
55200	0.44	0.44	0.44	0	0	0.44
55300	0.44	0.44	0.44	0	0	0.44
55400	0.44	0.44	0.44	0	0	0.44
55500	0.45	0.44	0.44	0	0	0.45
55600	0.45	0.44	0.44	0	0	0.45
55700	0.45	0.44	0.44	0	0	0.45
55800	0.45	0.44	0.44	0	0	0.45
55900	0.44	0.44	0.44	0	0	0.44
56000	0.43	0.44	0.44	0	0	0.43
56100	0.43	0.44	0.44	0	0	0.43
56200	0.43	0.44	0.44	0	0	0.43
56300	0.43	0.44	0.44	0	0	0.43
56400	0.43	0.44	0.44	0	0	0.43
56500	0.43	0.44	0.44	0	0	0.43
56600	0.44	0.44	0.44	0	0	0.44
56700	0.44	0.45	0.45	0	0	0.44
56800	0.44	0.45	0.45	0	0	0.44
56900	0.44	0.45	0.45	0	0	0.44
57000	0.44	0.45	0.45	0	0	0.44
57100	0.44	0.45	0.45	0	0	0.44
57200	0.44	0.45	0.45	0	0	0.44
57300	0.44	0.45	0.45	0	0	0.44
57400	0.44	0.45	0.45	0	0	0.44
57500	0.44	0.45	0.45	0	0	0.44
57600	0.44	0.45	0.45	0	0	0.44
57700	0.45	0.45	0.45	0	0	0.45
57800	0.45	0.47	0.47	0	0	0.45
57900	0.45	0.46	0.46	0	0	0.45
58000	0.45	0.46	0.46	0	0	0.45
58100	0.45	0.46	0.46	0	0	0.45
58200	0.45	0.46	0.46	0	0	0.45
58300	0.45	0.46	0.46	0	0	0.45
58400	0.45	0.46	0.46	0	0	0.45
58500	0.45	0.46	0.46	0	0	0.45
58600	0.45	0.46	0.46	0	0	0.45
58700	0.45	0.46	0.46	0	0	0.45
58800	0.45	0.46	0.46	0	0	0.45
58900	0.45	0.46	0.46	0	0	0.45
59000	0.45	0.46	0.46	0	0	0.45
59100	0.45	0.46	0.46	0	0	0.45
59200	0.45	0.46	0.46	0	0	0.45
59300	0.45	0.46	0.46	0	0	0.45
59400	0.45	0.46	0.46	0	0	0.45
59500	0.45	0.47	0.47	0	0	0.45
59600	0.45	0.46	0.46	0	0	0.45
59700	0.45	0.46	0.46	0	0	0.45
59800	0.45	0.46	0.46	0	0	0.45
59900	0.45	0.47	0.47	0	0	0.45
60000	0.45	0.46	0.46	0	0	0.45
60100	0.45	0.46	0.46	0	0	0.45
60200	0.45	0.46	0.46	0	0	0.45
60300	0.45	0.46	0.46	0	0	0.45
60400	0.45	0.46	0.46	0	0	0.45
60500	0.45	0.46	0.46	0	0	0.45
60600	0.45	0.46	0.46	0	0	0.45
60700	0.45	0.46	0.46	0	0	0.45
60800	0.45	0.46	0.46	0	0	0.45
60900	0.45	0.46	0.46	0	0	0.45
61000	0.45	0.46	0.46	0	0	0.45
61100	0.45	0.46	0.46	0	0	0.45
61200	0.45	0.46	0.46	0	0	0.45
61300	0.45	0.46	0.46	0	0	0.45
61400	0.45	0.46	0.46	0	0	0.45
61500	0.45	0.46	0.46	0	0	0.45
61600	0.45	0.46	0.46	0	0	0.45
61700	0.45	0.46	0.46	0	0	0.45
61800	0.45	0.46	0.46	0	0	0.45
61900	0.45	0.46	0.46	0	0	0.45
62000	0.45	0.46	0.46	0	0	0.45
62100	0.45	0.46	0.46	0	0	0.45
62200	0.45	0.46	0.46	0	0	0.45
62300	0.45	0.46	0.46	0	0	0.45
62400	0.45	0.46	0.46	0	0	0.45
62500	0.46	0.46	0.46	0	0	0.46
62600	0.46	0.47	0.47	0	0	0.46
62700	0.46	0.47	0.47	0	0	0.46
62800	0.46	0.47	0.47	0	0	0.46
62900	0.46	0.47	0.47	0	0	0.46
63000	0.46	0.47	0.47	0	0	0.46
63100	0.46	0.47	0.47	0	0	0.46
63200	0.46	0.47	0.47	0	0	0.46
63300	0.46	0.47	0.47	0	0	0.46
63400	0.46	0.47	0.47	0	0	0.46
63500	0.46	0.47	0.47	0	0	0.46
63600	0.46	0.47	0.47	0	0	0.46
63700	0.46	0.47	0.47	0	0	0.46
63800	0.46	0.47	0.47	0	0	0.46
63900	0.46	0.47	0.47	0	0	0.46
64000	0.46	0.47	0.47	0	0	0.46
64100	0.46	0.47	0.47	0	0	0.46
64200	0.46	0.47	0.47	0	0	0.46
64300	0.46	0.47	0.47	0	0	0.46
64400	0.46	0.47	0.47	0	0	0.46
64500	0.46	0.47	0.47	0	0	0.46
64600	0.46	0.47	0.47	0	0	0.46
64700	0.46	0.47	0.47	0	0	0.46
64800	0.46	0.47	0.47	0	0	0.46
64900	0.46	0.47	0.47	0	0	0.46
65000	0.46	0.47	0.47	0	0	0.46
65100	0.46	0.47	0.47	0	0	0.46
65200	0.46	0.47	0.47	0	0	0.46
65300	0.46	0.47	0.47	0	0	0.46
65400	0.46	0.47	0.47	0	0	0.46
65500	0.46	0.47	0.47	0	0	0.46
65600	0.46	0.47	0.47	0	0	0.46
65700	0.46	0.47	0.47	0	0	0.46
65800	0.46	0.46	0.46	0	0	0.46
65900	0.46	0.46	0.46	0	0	0.46
66000	0.46	0.46	0.46	0	0	0.46
66100	0.46	0.46	0.46	0	0	0.46
66200	0.46	0.46	0.46	0	0	0.46
66300	0.46	0.46	0.46	0	0	0.46
66400	0.46	0.46	0.46	0	0	0.46
66500	0.46	0.46	0.46	0	0	0.46
66600	0.46	0.46	0.46	0	0	0.46
66700	0.46	0.46	0.46	0	0	0.46
66800	0.46	0.46	0.46	0	0	0.46
66900	0.46	0.46	0.46	0	0	0.46
67000	0.46	0.46	0.46	0	0	0.46
67100	0.46	0.46	0.46	0	0	0.46
67200	0.46	0.46	0.46	0	0	0.46
67300	0.46	0.46	0.46	0	0	0.46
67400	0.46	0.46	0.46	0	0	0.46
67500	0.46	0.46	0.46	0	0	0.46
67600	0.46	0.46	0.46	0	0	0.46
67700	0.46	0.46	0.46	0	0	0.46
67800	0.46	0.46	0.46	0	0	0.46
67900	0.46	0.46	0.46	0	0	0.46
68000	0.46	0.46	0.46	0	0	0.46
68100	0.46	0.46	0.46	0	0	0.46
68200	0.46	0.46	0.46	0	0	0.46
68300	0.46	0.46	0.46	0	0	0.46
68400	0.46	0.46	0.46	0	0	0.46
68500	0.46	0.46	0.46	0	0	0.46
68600	0.46	0.46	0.46	0	0	0.46
68700	0.46	0.46	0.46	0	0	0.46
68800	0.46	0.46	0.46	0	0	0.46
68900	0.46	0.46	0.46	0	0	0.46
69000	0.46	0.46	0.46	0	0	0.46
69100	0.46	0.46	0.46	0	0	0.46
69200	0.46	0.46	0.46	0	0	0.46
69300	0.46	0.46	0.46	0	0	0.46
69400	0.46	0.46	0.46	0	0	0.46
69500	0.46	0.46	0.46	0	0	0.46
69600	0.46	0.46	0.46	0	0	0.46
69700	0.46	0.47	0.47	0	0	0.46
69800	0.46	0.46	0.46	0	0	0.46
69900	0.46	0.46	0.46	0	0	0.46
70000	0.46	0.46	0.46	0	0	0.46
70100	0.46	0.46	0.46	0	0	0.46
70200	0.46	0.46	0.46	0	0	0.46
70300	0.46	0.46	0.46	0	0	0.46
70400	0.46	0.46	0.46	0	0	0.46
70500	0.46	0.46	0.46	0	0	0.46
70600	0.46	0.46	0.46	0	0	0.46
70700	0.46	0.45	0.45	0	0	0.46
70800	0.46	0.45	0.45	0	0	0.46
70900	0.46	0.45	0.45	0	0	0.46
71000	0.46	0.45	0.45	0	0	0.46
71100	0.46	0.45	0.45	0	0	0.46
71200	0.46	0.45	0.45	0	0	0.46
71300	0.46	0.45	0.45	0	0	0.46
71400	0.46	0.45	0.45	0	0	0.46
71500	0.46	0.45	0.45	0	0	0.46
71600	0.46	0.45	0.45	0	0	0.46
71700	0.46	0.45	0.45	0	0	0.46
71800	0.46	0.45	0.45	0	0	0.46
71900	0.46	0.45	0.45	0	0	0.46
72000	0.46	0.45	0.45	0	0	0.46
72100	0.45	0.45	0.45	0	0	0.45
72200	0.45	0.45	0.45	0	0	0.45
72300	0.45	0.45	0.45	0	0	0.45
72400	0.45	0.45	0.45	0	0	0.45
72500	0.45	0.45	0.45	0	0	0.45
72600	0.45	0.45	0.45	0	0	0.45
72700	0.45	0.45	0.45	0	0	0.45
72800	0.45	0.45	0.45	0	0	0.45
72900	0.45	0.45	0.45	0	0	0.45
73000	0.45	0.45	0.45	0	0	0.45
73100	0.45	0.45	0.45	0	0	0.45
73200	0.46	0.45	0.45	0	0	0.46
73300	0.45	0.45	0.45	0	0	0.45
73400	0.45	0.45	0.45	0	0	0.45
73500	0.45	0.45	0.45	0	0	0.45
73600	0.45	0.45	0.45	0	0	0.45
73700	0.45	0.45	0.45	0	0	0.45
73800	0.45	0.45	0.45	0	0	0.45
73900	0.44	0.45	0.45	0	0	0.44
74000	0.44	0.45	0.45	0	0	0.44
74100	0.44	0.45	0.45	0	0	0.44
74200	0.45	0.45	0.45	0	0	0.45
74300	0.45	0.45	0.45	0	0	0.45
74400	0.45	0.45	0.45	0	0	0.45
74500	0.45	0.45	0.45	0	0	0.45
74600	0.45	0.45	0.45	0	0	0.45
74700	0.45	0.45	0.45	0	0	0.45
74800	0.45	0.45	0.45	0	0	0.45
74900	0.45	0.45	0.45	0	0	0.45
75000	0.45	0.45	0.45	0	0	0.45
75100	0.45	0.45	0.45	0	0	0.45
75200	0.45	0.45	0.45	0	0	0.45
75300	0.45	0.45	0.45	0	0	0.45
75400	0.45	0.45	0.45	0	0	0.45
75500	0.45	0.45	0.45	0	0	0.45
75600	0.45	0.45	0.45	0	0	0.45
75700	0.45	0.45	0.45	0	0	0.45
75800	0.45	0.45	0.45	0	0	0.45
75900	0.45	0.45	0.45	0	0	0.45
76000	0.45	0.45	0.45	0	0	0.45
76100	0.45	0.45	0.45	0	0	0.45
76200	0.45	0.45	0.45	0	0	0.45
76300	0.45	0.45	0.45	0	0	0.45
76400	0.45	0.45	0.45	0	0	0.45
76500	0.44	0.45	0.45	0	0	0.44
76600	0.44	0.45	0.45	0	0	0.44
76700	0.44	0.45	0.45	0	0	0.44
76800	0.44	0.45	0.45	0	0	0.44
76900	0.44	0.45	0.45	0	0	0.44
77000	0.44	0.45	0.45	0	0	0.44
77100	0.44	0.45	0.45	0	0	0.44
77200	0.44	0.45	0.45	0	0	0.44
77300	0.44	0.44	0.44	0	0	0.44
77400	0.43	0.44	0.44	0	0	0.43
77500	0.42	0.44	0.44	0	0	0.42
77600	0.42	0.44	0.44	0	0	0.42
77700	0.42	0.44	0.44	0	0	0.42
77800	0.42	0.44	0.44	0	0	0.42
77900	0.42	0.44	0.44	0	0	0.42
78000	0.42	0.44	0.44	0	0	0.42
78100	0.42	0.44	0.44	0	0	0.42
78200	0.42	0.44	0.44	0	0	0.42
78300	0.42	0.44	0.44	0	0	0.42
78400	0.42	0.44	0.44	0	0	0.42
78500	0.42	0.44	0.44	0	0	0.42
78600	0.42	0.44	0.44	0	0	0.42
78700	0.42	0.44	0.44	0	0	0.42
78800	0.42	0.44	0.44	0	0	0.42
78900	0.42	0.44	0.44	0	0	0.42
79000	0.42	0.44	0.44	0	0	0.42
79100	0.42	0.44	0.44	0	0	0.42
79200	0.43	0.44	0.44	0	0	0.43
79300	0.42	0.44	0.44	0	0	0.42
79400	0.42	0.44	0.44	0	0	0.42
79500	0.42	0.44	0.44	0	0	0.42
79600	0.42	0.44	0.44	0	0	0.42
79700	0.43	0.44	0.44	0	0	0.43
79800	0.43	0.44	0.44	0	0	0.43
79900	0.43	0.44	0.44	0	0	0.43
80000	0.43	0.44	0.44	0	0	0.43
80100	0.43	0.44	0.44	0	0	0.43
80200	0.43	0.44	0.44	0	0	0.43
80300	0.42	0.44	0.44	0	0	0.42
80400	0.42	0.44	0.44	0	0	0.42
80500	0.42	0.44	0.44	0	0	0.42
80600	0.42	0.44	0.44	0	0	0.42
80700	0.42	0.44	0.44	0	0	0.42
80800	0.43	0.44	0.44	0	0	0.43
80900	0.43	0.44	0.44	0	0	0.43
81000	0.43	0.44	0.44	0	0	0.43
81100	0.43	0.44	0.44	0	0	0.43
81200	0.43	0.44	0.44	0	0	0.43
81300	0.43	0.44	0.44	0	0	0.43
81400	0.43	0.44	0.44	0	0	0.43
81500	0.43	0.44	0.44	0	0	0.43
81600	0.43	0.44	0.44	0	0	0.43
81700	0.43	0.43	0.43	0	0	0.43
81800	0.44	0.43	0.43	0	0	0.44
81900	0.44	0.44	0.44	0	0	0.44
82000	0.43	0.44	0.44	0	0	0.43
82100	0.43	0.44	0.44	0	0	0.43
82200	0.43	0.44	0.44	0	0	0.43
82300	0.43	0.44	0.44	0	0	0.43
82400	0.43	0.44	0.44	0	0	0.43
82500	0.43	0.44	0.44	0	0	0.43
82600	0.43	0.44	0.44	0	0	0.43
82700	0.43	0.44	0.44	0	0	0.43
82800	0.43	0.44	0.44	0	0	0.43
82900	0.43	0.44	0.44	0	0	0.43
83000	0.43	0.44	0.44	0	0	0.43
83100	0.43	0.44	0.44	0	0	0.43
83200	0.43	0.44	0.44	0	0	0.43
83300	0.43	0.44	0.44	0	0	0.43
83400	0.43	0.44	0.44	0	0	0.43
83500	0.43	0.45	0.45	0	0	0.43
83600	0.43	0.45	0.45	0	0	0.43
83700	0.43	0.45	0.45	0	0	0.43
83800	0.43	0.45	0.45	0	0	0.43
83900	0.43	0.45	0.45	0	0	0.43
84000	0.43	0.45	0.45	0	0	0.43
84100	0.43	0.45	0.45	0	0	0.43
84200	0.43	0.45	0.45	0	0	0.43
84300	0.43	0.45	0.45	0	0	0.43
84400	0.43	0.45	0.45	0	0	0.43
84500	0.43	0.45	0.45	0	0	0.43
84600	0.43	0.45	0.45	0	0	0.43
84700	0.43	0.45	0.45	0	0	0.43
84800	0.43	0.45	0.45	0	0	0.43
84900	0.43	0.45	0.45	0	0	0.43
85000	0.43	0.45	0.45	0	0	0.43
85100	0.43	0.45	0.45	0	0	0.43
85200	0.43	0.45	0.45	0	0	0.43
85300	0.43	0.45	0.45	0	0	0.43
85400	0.43	0.45	0.45	0	0	0.43
85500	0.43	0.45	0.45	0	0	0.43
85600	0.43	0.45	0.45	0	0	0.43
85700	0.43	0.45	0.45	0	0	0.43
85800	0.43	0.45	0.45	0	0	0.43
85900	0.43	0.45	0.45	0	0	0.43
86000	0.43	0.45	0.45	0	0	0.43
86100	0.43	0.45	0.45	0	0	0.43
86200	0.43	0.45	0.45	0	0	0.43
86300	0.43	0.45	0.45	0	0	0.43
86400	0.43	0.45	0.45	0	0	0.43
86500	0.43	0.45	0.45	0	0	0.43
86600	0.43	0.45	0.45	0	0	0.43
86700	0.43	0.45	0.45	0	0	0.43
86800	0.43	0.45	0.45	0	0	0.43
86900	0.43	0.45	0.45	0	0	0.43
87000	0.43	0.44	0.44	0	0	0.43
87100	0.43	0.44	0.44	0	0	0.43
87200	0.43	0.44	0.44	0	0	0.43
87300	0.43	0.44	0.44	0	0	0.43
87400	0.43	0.44	0.44	0	0	0.43
87500	0.43	0.44	0.44	0	0	0.43
87600	0.43	0.44	0.44	0	0	0.43
87700	0.43	0.44	0.44	0	0	0.43
87800	0.43	0.44	0.44	0	0	0.43
87900	0.43	0.44	0.44	0	0	0.43
88000	0.43	0.45	0.45	0	0	0.43
88100	0.43	0.44	0.44	0	0	0.43
88200	0.44	0.44	0.44	0	0	0.44
88300	0.44	0.44	0.44	0	0	0.44
88400	0.44	0.44	0.44	0	0	0.44
88500	0.44	0.44	0.44	0	0	0.44
88600	0.44	0.44	0.44	0	0	0.44
88700	0.44	0.44	0.44	0	0	0.44
88800	0.44	0.44	0.44	0	0	0.44
88900	0.44	0.44	0.44	0	0	0.44
89000	0.44	0.44	0.44	0	0	0.44
89100	0.44	0.44	0.44	0	0	0.44
89200	0.44	0.44	0.44	0	0	0.44
89300	0.44	0.44	0.44	0	0	0.44
89400	0.45	0.44	0.44	0	0	0.45
89500	0.45	0.44	0.44	0	0	0.45
89600	0.45	0.44	0.44	0	0	0.45
89700	0.45	0.44	0.44	0	0	0.45
89800	0.45	0.44	0.44	0	0	0.45
89900	0.45	0.44	0.44	0	0	0.45
90000	0.45	0.44	0.44	0	0	0.45
90100	0.45	0.44	0.44	0	0	0.45
90200	0.45	0.44	0.44	0	0	0.45
90300	0.45	0.44	0.44	0	0	0.45
90400	0.45	0.44	0.44	0	0	0.45
90500	0.45	0.44	0.44	0	0	0.45
90600	0.45	0.44	0.44	0	0	0.45
90700	0.45	0.44	0.44	0	0	0.45
90800	0.45	0.44	0.44	0	0	0.45
90900	0.44	0.44	0.44	0	0	0.44
91000	0.44	0.44	0.44	0	0	0.44
91100	0.44	0.44	0.44	0	0	0.44
91200	0.44	0.44	0.44	0	0	0.44
91300	0.44	0.44	0.44	0	0	0.44
91400	0.44	0.44	0.44	0	0	0.44
91500	0.44	0.44	0.44	0	0	0.44
91600	0.44	0.44	0.44	0	0	0.44
91700	0.44	0.44	0.44	0	0	0.44
91800	0.44	0.44	0.44	0	0	0.44
91900	0.44	0.44	0.44	0	0	0.44
92000	0.44	0.44	0.44	0	0	0.44
92100	0.44	0.44	0.44	0	0	0.44
92200	0.44	0.44	0.44	0	0	0.44
92300	0.44	0.44	0.44	0	0	0.44
92400	0.44	0.44	0.44	0	0	0.44
92500	0.44	0.44	0.44	0	0	0.44
92600	0.44	0.44	0.44	0	0	0.44
92700	0.44	0.44	0.44	0	0	0.44
92800	0.44	0.44	0.44	0	0	0.44
92900	0.44	0.44	0.44	0	0	0.44
93000	0.44	0.44	0.44	0	0	0.44
93100	0.44	0.44	0.44	0	0	0.44
93200	0.44	0.44	0.44	0	0	0.44
93300	0.44	0.44	0.44	0	0	0.44
93400	0.44	0.44	0.44	0	0	0.44
93500	0.44	0.44	0.44	0	0	0.44
93600	0.44	0.44	0.44	0	0	0.44
93700	0.43	0.44	0.44	0	0	0.43
93800	0.43	0.44	0.44	0	0	0.43
93900	0.43	0.45	0.45	0	0	0.43
94000	0.43	0.45	0.45	0	0	0.43
94100	0.43	0.45	0.45	0	0	0.43
94200	0.43	0.45	0.45	0	0	0.43
94300	0.43	0.45	0.45	0	0	0.43
94400	0.43	0.45	0.45	0	0	0.43
94500	0.43	0.45	0.45	0	0	0.43
94600	0.43	0.45	0.45	0	0	0.43
94700	0.43	0.45	0.45	0	0	0.43
94800	0.43	0.45	0.45	0	0	0.43
94900	0.43	0.45	0.45	0	0	0.43
95000	0.43	0.45	0.45	0	0	0.43
95100	0.43	0.45	0.45	0	0	0.43
95200	0.43	0.45	0.45	0	0	0.43
95300	0.43	0.45	0.45	0	0	0.43
95400	0.43	0.45	0.45	0	0	0.43
95500	0.43	0.45	0.45	0	0	0.43
95600	0.43	0.45	0.45	0	0	0.43
95700	0.43	0.45	0.45	0	0	0.43
95800	0.43	0.45	0.45	0	0	0.43
95900	0.43	0.45	0.45	0	0	0.43
96000	0.44	0.45	0.45	0	0	0.44
96100	0.44	0.45	0.45	0	0	0.44
96200	0.44	0.45	0.45	0	0	0.44
96300	0.44	0.45	0.45	0	0	0.44
96400	0.44	0.45	0.45	0	0	0.44
96500	0.44	0.45	0.45	0	0	0.44
96600	0.43	0.45	0.45	0	0	0.43
96700	0.43	0.45	0.45	0	0	0.43
96800	0.43	0.45	0.45	0	0	0.43
96900	0.43	0.45	0.45	0	0	0.43
97000	0.43	0.45	0.45	0	0	0.43
97100	0.43	0.45	0.45	0	0	0.43
97200	0.43	0.45	0.45	0	0	0.43
97300	0.43	0.45	0.45	0	0	0.43
97400	0.43	0.45	0.45	0	0	0.43
97500	0.43	0.45	0.45	0	0	0.43
97600	0.43	0.45	0.45	0	0	0.43
97700	0.43	0.45	0.45	0	0	0.43
97800	0.43	0.45	0.45	0	0	0.43
97900	0.43	0.45	0.45	0	0	0.43
98000	0.43	0.45	0.45	0	0	0.43
98100	0.43	0.46	0.46	0	0	0.43
98200	0.43	0.46	0.46	0	0	0.43
98300	0.43	0.46	0.46	0	0	0.43
98400	0.43	0.45	0.45	0	0	0.43
98500	0.43	0.45	0.45	0	0	0.43
98600	0.43	0.45	0.45	0	0	0.43
98700	0.43	0.46	0.46	0	0	0.43
98800	0.43	0.46	0.46	0	0	0.43
98900	0.43	0.46	0.46	0	0	0.43
99000	0.43	0.46	0.46	0	0	0.43
99100	0.43	0.46	0.46	0	0	0.43
99200	0.43	0.46	0.46	0	0	0.43
99300	0.43	0.46	0.46	0	0	0.43
99400	0.43	0.46	0.46	0	0	0.43
99500	0.43	0.46	0.46	0	0	0.43
99600	0.43	0.46	0.46	0	0	0.43
99700	0.43	0.46	0.46	0	0	0.43
99800	0.43	0.46	0.46	0	0	0.43
99900	0.43	0.46	0.46	0	0	0.43
100000	0.43	0.46	0.46	0	0	0.43
100100	0.43	0.46	0.46	0	0	0.43
100200	0.43	0.46	0.46	0	0	0.43
100300	0.43	0.46	0.46	0	0	0.43
100400	0.43	0.46	0.46	0	0	0.43
100500	0.43	0.46	0.46	0	0	0.43
100600	0.43	0.46	0.46	0	0	0.43
100700	0.43	0.46	0.46	0	0	0.43
100800	0.43	0.46	0.46	0	0	0.43
100900	0.43	0.46	0.46	0	0	0.43
101000	0.43	0.46	0.46	0	0	0.43
101100	0.43	0.46	0.46	0	0	0.43
101200	0.43	0.46	0.46	0	0	0.43
101300	0.43	0.46	0.46	0	0	0.43
101400	0.43	0.46	0.46	0	0	0.43
101500	0.43	0.46	0.46	0	0	0.43
101600	0.43	0.46	0.46	0	0	0.43
101700	0.43	0.46	0.46	0	0	0.43
101800	0.43	0.46	0.46	0	0	0.43
101900	0.43	0.46	0.46	0	0	0.43
102000	0.43	0.47	0.47	0	0	0.43
102100	0.43	0.46	0.46	0	0	0.43
102200	0.43	0.46	0.46	0	0	0.43
102300	0.43	0.46	0.46	0	0	0.43
102400	0.43	0.46	0.46	0	0	0.43
102500	0.43	0.46	0.46	0	0	0.43
102600	0.43	0.46	0.46	0	0	0.43
102700	0.43	0.46	0.46	0	0	0.43
102800	0.43	0.45	0.45	0	0	0.43
102900	0.43	0.45	0.45	0	0	0.43
103000	0.43	0.45	0.45	0	0	0.43
103100	0.43	0.45	0.45	0	0	0.43
103200	0.43	0.45	0.45	0	0	0.43
103300	0.43	0.45	0.45	0	0	0.43
103400	0.43	0.45	0.45	0	0	0.43
103500	0.43	0.45	0.45	0	0	0.43
103600	0.43	0.45	0.45	0	0	0.43
103700	0.43	0.45	0.45	0	0	0.43
103800	0.43	0.45	0.45	0	0	0.43
103900	0.43	0.45	0.45	0	0	0.43
104000	0.43	0.45	0.45	0	0	0.43
104100	0.43	0.45	0.45	0	0	0.43
104200	0.43	0.45	0.45	0	0	0.43
104300	0.43	0.45	0.45	0	0	0.43
104400	0.43	0.45	0.45	0	0	0.43
104500	0.43	0.45	0.45	0	0	0.43
104600	0.43	0.45	0.45	0	0	0.43
104700	0.43	0.45	0.45	0	0	0.43
104800	0.43	0.45	0.45	0	0	0.43
104900	0.43	0.45	0.45	0	0	0.43
105000	0.43	0.45	0.45	0	0	0.43
105100	0.43	0.45	0.45	0	0	0.43
105200	0.43	0.45	0.45	0	0	0.43
105300	0.44	0.45	0.45	0	0	0.44
105400	0.43	0.45	0.45	0	0	0.43
105500	0.43	0.45	0.45	0	0	0.43
105600	0.43	0.45	0.45	0	0	0.43
105700	0.43	0.45	0.45	0	0	0.43
105800	0.43	0.45	0.45	0	0	0.43
105900	0.43	0.45	0.45	0	0	0.43
106000	0.43	0.45	0.45	0	0	0.43
106100	0.43	0.45	0.45	0	0	0.43
106200	0.43	0.45	0.45	0	0	0.43
106300	0.43	0.45	0.45	0	0	0.43
106400	0.43	0.45	0.45	0	0	0.43
106500	0.43	0.45	0.45	0	0	0.43
106600	0.44	0.45	0.45	0	0	0.44
106700	0.44	0.45	0.45	0	0	0.44
106800	0.44	0.45	0.45	0	0	0.44
106900	0.44	0.45	0.45	0	0	0.44
107000	0.44	0.45	0.45	0	0	0.44
107100	0.44	0.45	0.45	0	0	0.44
107200	0.44	0.45	0.45	0	0	0.44
107300	0.44	0.45	0.45	0	0	0.44
107400	0.44	0.45	0.45	0	0	0.44
107500	0.44	0.45	0.45	0	0	0.44
107600	0.44	0.45	0.45	0	0	0.44
107700	0.44	0.45	0.45	0	0	0.44
107800	0.44	0.45	0.45	0	0	0.44
107900	0.44	0.45	0.45	0	0	0.44
108000	0.44	0.45	0.45	0	0	0.44
108100	0.44	0.45	0.45	0	0	0.44
108200	0.44	0.45	0.45	0	0	0.44
108300	0.44	0.45	0.45	0	0	0.44
108400	0.44	0.45	0.45	0	0	0.44
108500	0.44	0.45	0.45	0	0	0.44
108600	0.44	0.45	0.45	0	0	0.44
108700	0.44	0.46	0.46	0	0	0.44
108800	0.44	0.46	0.46	0	0	0.44
108900	0.43	0.46	0.46	0	0	0.43
109000	0.43	0.46	0.46	0	0	0.43
109100	0.43	0.46	0.46	0	0	0.43
109200	0.43	0.46	0.46	0	0	0.43
109300	0.43	0.46	0.46	0	0	0.43
109400	0.43	0.46	0.46	0	0	0.43
109500	0.43	0.46	0.46	0	0	0.43
109600	0.43	0.46	0.46	0	0	0.43
109700	0.43	0.46	0.46	0	0	0.43
109800	0.43	0.46	0.46	0	0	0.43
109900	0.43	0.46	0.46	0	0	0.43
110000	0.43	0.46	0.46	0	0	0.43
110100	0.43	0.46	0.46	0	0	0.43
110200	0.43	0.46	0.46	0	0	0.43
110300	0.43	0.46	0.46	0	0	0.43
110400	0.43	0.46	0.46	0	0	0.43
110500	0.43	0.46	0.46	0	0	0.43
110600	0.43	0.46	0.46	0	0	0.43
110700	0.43	0.46	0.46	0	0	0.43
110800	0.43	0.46	0.46	0	0	0.43
110900	0.43	0.46	0.46	0	0	0.43
111000	0.43	0.46	0.46	0	0	0.43
111100	0.44	0.46	0.46	0	0	0.44
111200	0.44	0.46	0.46	0	0	0.44
111300	0.44	0.46	0.46	0	0	0.44
111400	0.44	0.46	0.46	0	0	0.44
111500	0.44	0.46	0.46	0	0	0.44
111600	0.44	0.47	0.47	0	0	0.44
111700	0.44	0.47	0.47	0	0	0.44
111800	0.44	0.47	0.47	0	0	0.44
111900	0.44	0.47	0.47	0	0	0.44
112000	0.44	0.47	0.47	0	0	0.44
112100	0.44	0.47	0.47	0	0	0.44
112200	0.44	0.47	0.47	0	0	0.44
112300	0.44	0.47	0.47	0	0	0.44
112400	0.44	0.47	0.47	0	0	0.44
112500	0.44	0.47	0.47	0	0	0.44
112600	0.44	0.47	0.47	0	0	0.44
112700	0.44	0.47	0.47	0	0	0.44
112800	0.44	0.47	0.47	0	0	0.44
112900	0.44	0.47	0.47	0	0	0.44
113000	0.44	0.47	0.47	0	0	0.44
113100	0.44	0.47	0.47	0	0	0.44
113200	0.44	0.47	0.47	0	0	0.44
113300	0.44	0.47	0.47	0	0	0.44
113400	0.44	0.47	0.47	0	0	0.44
113500	0.44	0.47	0.47	0	0	0.44
113600	0.44	0.47	0.47	0	0	0.44
113700	0.45	0.47	0.47	0	0	0.45
113800	0.44	0.47	0.47	0	0	0.44
113900	0.44	0.47	0.47	0	0	0.44
114000	0.44	0.47	0.47	0	0	0.44
114100	0.44	0.47	0.47	0	0	0.44
114200	0.44	0.47	0.47	0	0	0.44
114300	0.44	0.47	0.47	0	0	0.44
114400	0.44	0.47	0.47	0	0	0.44
114500	0.44	0.47	0.47	0	0	0.44
114600	0.44	0.47	0.47	0	0	0.44
114700	0.44	0.47	0.47	0	0	0.44
114800	0.44	0.47	0.47	0	0	0.44
114900	0.44	0.47	0.47	0	0	0.44
115000	0.44	0.47	0.47	0	0	0.44
115100	0.44	0.47	0.47	0	0	0.44
115200	0.44	0.47	0.47	0	0	0.44
115300	0.44	0.47	0.47	0	0	0.44
115400	0.44	0.47	0.47	0	0	0.44
115500	0.44	0.47	0.47	0	0	0.44
115600	0.44	0.47	0.47	0	0	0.44
115700	0.44	0.47	0.47	0	0	0.44
115800	0.44	0.47	0.47	0	0	0.44
115900	0.44	0.47	0.47	0	0	0.44
116000	0.44	0.47	0.47	0	0	0.44
116100	0.44	0.47	0.47	0	0	0.44
116200	0.44	0.47	0.47	0	0	0.44
116300	0.44	0.47	0.47	0	0	0.44
116400	0.44	0.47	0.47	0	0	0.44
116500	0.44	0.47	0.47	0	0	0.44
116600	0.44	0.47	0.47	0	0	0.44
116700	0.44	0.47	0.47	0	0	0.44
116800	0.44	0.47	0.47	0	0	0.44
116900	0.44	0.47	0.47	0	0	0.44
117000	0.44	0.47	0.47	0	0	0.44
117100	0.44	0.47	0.47	0	0	0.44
117200	0.44	0.47	0.47	0	0	0.44
117300	0.44	0.47	0.47	0	0	0.44
117400	0.44	0.46	0.46	0	0	0.44
117500	0.44	0.46	0.46	0	0	0.44
117600	0.44	0.46	0.46	0	0	0.44
117700	0.44	0.46	0.46	0	0	0.44
117800	0.44	0.46	0.46	0	0	0.44
117900	0.44	0.46	0.46	0	0	0.44
118000	0.44	0.46	0.46	0	0	0.44
118100	0.44	0.46	0.46	0	0	0.44
118200	0.44	0.46	0.46	0	0	0.44
118300	0.44	0.46	0.46	0	0	0.44
118400	0.44	0.46	0.46	0	0	0.44
118500	0.44	0.46	0.46	0	0	0.44
118600	0.44	0.46	0.46	0	0	0.44
118700	0.44	0.46	0.46	0	0	0.44
118800	0.44	0.46	0.46	0	0	0.44
118900	0.44	0.46	0.46	0	0	0.44
119000	0.44	0.46	0.46	0	0	0.44
119100	0.44	0.46	0.46	0	0	0.44
119200	0.44	0.46	0.46	0	0	0.44
119300	0.44	0.46	0.46	0	0	0.44
119400	0.44	0.46	0.46	0	0	0.44
119500	0.44	0.46	0.46	0	0	0.44
119600	0.43	0.46	0.46	0	0	0.43
119700	0.43	0.46	0.46	0	0	0.43
119800	0.43	0.46	0.46	0	0	0.43
119900	0.43	0.46	0.46	0	0	0.43
120000	0.43	0.46	0.46	0	0	0.43
120100	0.43	0.46	0.46	0	0	0.43
120200	0.43	0.46	0.46	0	0	0.43
120300	0.43	0.46	0.46	0	0	0.43
120400	0.43	0.46	0.46	0	0	0.43
120500	0.43	0.46	0.46	0	0	0.43
120600	0.43	0.46	0.46	0	0	0.43
120700	0.43	0.46	0.46	0	0	0.43
120800	0.44	0.46	0.46	0	0	0.44
120900	0.44	0.46	0.46	0	0	0.44
121000	0.44	0.46	0.46	0	0	0.44
121100	0.43	0.46	0.46	0	0	0.43
121200	0.43	0.46	0.46	0	0	0.43
121300	0.42	0.46	0.46	0	0	0.42
121400	0.42	0.46	0.46	0	0	0.42
121500	0.42	0.46	0.46	0	0	0.42
121600	0.42	0.46	0.46	0	0	0.42
121700	0.42	0.46	0.46	0	0	0.42
121800	0.43	0.46	0.46	0	0	0.43
121900	0.42	0.46	0.46	0	0	0.42
122000	0.42	0.46	0.46	0	0	0.42
122100	0.42	0.45	0.45	0	0	0.42
122200	0.42	0.45	0.45	0	0	0.42
122300	0.42	0.45	0.45	0	0	0.42
122400	0.42	0.45	0.45	0	0	0.42
122500	0.43	0.45	0.45	0	0	0.43
122600	0.43	0.45	0.45	0	0	0.43
122700	0.43	0.46	0.46	0	0	0.43
122800	0.43	0.46	0.46	0	0	0.43
122900	0.43	0.46	0.46	0	0	0.43
123000	0.43	0.46	0.46	0	0	0.43
123100	0.43	0.46	0.46	0	0	0.43
123200	0.43	0.46	0.46	0	0	0.43
123300	0.43	0.46	0.46	0	0	0.43
123400	0.43	0.46	0.46	0	0	0.43
123500	0.43	0.46	0.46	0	0	0.43
123600	0.42	0.46	0.46	0	0	0.42
123700	0.42	0.46	0.46	0	0	0.42
123800	0.42	0.46	0.46	0	0	0.42
123900	0.42	0.46	0.46	0	0	0.42
124000	0.42	0.46	0.46	0	0	0.42
124100	0.42	0.46	0.46	0	0	0.42
124200	0.42	0.46	0.46	0	0	0.42
124300	0.42	0.46	0.46	0	0	0.42
124400	0.42	0.46	0.46	0	0	0.42
124500	0.42	0.46	0.46	0	0	0.42
124600	0.42	0.46	0.46	0	0	0.42
124700	0.42	0.46	0.46	0	0	0.42
124800	0.42	0.46	0.46	0	0	0.42
124900	0.42	0.46	0.46	0	0	0.42
125000	0.42	0.46	0.46	0	0	0.42
125100	0.42	0.46	0.46	0	0	0.42
125200	0.42	0.46	0.46	0	0	0.42
125300	0.42	0.46	0.46	0	0	0.42
125400	0.42	0.46	0.46	0	0	0.42
125500	0.42	0.46	0.46	0	0	0.42
125600	0.42	0.46	0.46	0	0	0.42
125700	0.42	0.46	0.46	0	0	0.42
125800	0.42	0.46	0.46	0	0	0.42
125900	0.42	0.46	0.46	0	0	0.42
126000	0.42	0.46	0.46	0	0	0.42
126100	0.42	0.46	0.46	0	0	0.42
126200	0.42	0.46	0.46	0	0	0.42
126300	0.42	0.46	0.46	0	0	0.42
126400	0.42	0.46	0.46	0	0	0.42
126500	0.42	0.46	0.46	0	0	0.42
126600	0.42	0.46	0.46	0	0	0.42
126700	0.42	0.46	0.46	0	0	0.42
126800	0.42	0.46	0.46	0	0	0.42
126900	0.42	0.46	0.46	0	0	0.42
127000	0.42	0.46	0.46	0	0	0.42
127100	0.42	0.46	0.46	0	0	0.42
127200	0.42	0.46	0.46	0	0	0.42
127300	0.42	0.46	0.46	0	0	0.42
127400	0.42	0.46	0.46	0	0	0.42
127500	0.42	0.47	0.47	0	0	0.42
127600	0.42	0.48	0.48	0	0	0.42
127700	0.42	0.47	0.47	0	0	0.42
127800	0.42	0.47	0.47	0	0	0.42
127900	0.42	0.47	0.47	0	0	0.42
128000	0.42	0.47	0.47	0	0	0.42
128100	0.42	0.47	0.47	0	0	0.42
128200	0.42	0.47	0.47	0	0	0.42
128300	0.42	0.47	0.47	0	0	0.42
128400	0.42	0.47	0.47	0	0	0.42
128500	0.42	0.47	0.47	0	0	0.42
128600	0.42	0.47	0.47	0	0	0.42
128700	0.42	0.47	0.47	0	0	0.42
128800	0.42	0.47	0.47	0	0	0.42
128900	0.42	0.47	0.47	0	0	0.42
129000	0.42	0.47	0.47	0	0	0.42
129100	0.42	0.47	0.47	0	0	0.42
129200	0.42	0.47	0.47	0	0	0.42
129300	0.42	0.47	0.47	0	0	0.42
129400	0.42	0.47	0.47	0	0	0.42
129500	0.42	0.47	0.47	0	0	0.42
129600	0.42	0.47	0.47	0	0	0.42
129700	0.42	0.47	0.47	0	0	0.42
129800	0.42	0.48	0.48	0	0	0.42
129900	0.42	0.48	0.48	0	0	0.42
130000	0.42	0.48	0.48	0	0	0.42
130100	0.42	0.48	0.48	0	0	0.42
130200	0.42	0.48	0.48	0	0	0.42
130300	0.42	0.48	0.48	0	0	0.42
130400	0.42	0.48	0.48	0	0	0.42
130500	0.42	0.48	0.48	0	0	0.42
130600	0.42	0.48	0.48	0	0	0.42
130700	0.42	0.48	0.48	0	0	0.42
130800	0.42	0.48	0.48	0	0	0.42
130900	0.42	0.48	0.48	0	0	0.42
131000	0.42	0.48	0.48	0	0	0.42
131100	0.42	0.48	0.48	0	0	0.42
131200	0.42	0.48	0.48	0	0	0.42
131300	0.42	0.48	0.48	0	0	0.42
131400	0.42	0.48	0.48	0	0	0.42
131500	0.42	0.48	0.48	0	0	0.42
131600	0.42	0.48	0.48	0	0	0.42
131700	0.42	0.48	0.48	0	0	0.42
131800	0.42	0.48	0.48	0	0	0.42
131900	0.42	0.48	0.48	0	0	0.42
132000	0.42	0.48	0.48	0	0	0.42
132100	0.42	0.48	0.48	0	0	0.42
132200	0.42	0.48	0.48	0	0	0.42
132300	0.42	0.48	0.48	0	0	0.42
132400	0.42	0.48	0.48	0	0	0.42
132500	0.42	0.48	0.48	0	0	0.42
132600	0.42	0.48	0.48	0	0	0.42
132700	0.42	0.48	0.48	0	0	0.42
132800	0.42	0.48	0.48	0	0	0.42
132900	0.42	0.48	0.48	0	0	0.42
133000	0.42	0.48	0.48	0	0	0.42
133100	0.42	0.48	0.48	0	0	0.42
133200	0.42	0.48	0.48	0	0	0.42
133300	0.42	0.48	0.48	0	0	0.42
133400	0.42	0.48	0.48	0	0	0.42
133500	0.42	0.48	0.48	0	0	0.42
133600	0.42	0.48	0.48	0	0	0.42
133700	0.42	0.48	0.48	0	0	0.42
133800	0.42	0.48	0.48	0	0	0.42
133900	0.42	0.48	0.48	0	0	0.42
134000	0.42	0.48	0.48	0	0	0.42
134100	0.42	0.48	0.48	0	0	0.42
134200	0.42	0.48	0.48	0	0	0.42
134300	0.42	0.48	0.48	0	0	0.42
134400	0.43	0.48	0.48	0	0	0.43
134500	0.43	0.48	0.48	0	0	0.43
134600	0.43	0.48	0.48	0	0	0.43
134700	0.43	0.48	0.48	0	0	0.43
134800	0.43	0.48	0.48	0	0	0.43
134900	0.43	0.48	0.48	0	0	0.43
135000	0.43	0.48	0.48	0	0	0.43
135100	0.43	0.48	0.48	0	0	0.43
135200	0.43	0.48	0.48	0	0	0.43
135300	0.43	0.48	0.48	0	0	0.43
135400	0.43	0.48	0.48	0	0	0.43
135500	0.43	0.48	0.48	0	0	0.43
135600	0.43	0.48	0.48	0	0	0.43
135700	0.43	0.48	0.48	0	0	0.43
135800	0.43	0.48	0.48	0	0	0.43
135900	0.43	0.48	0.48	0	0	0.43
136000	0.43	0.48	0.48	0	0	0.43
136100	0.43	0.48	0.48	0	0	0.43
136200	0.43	0.48	0.48	0	0	0.43
136300	0.43	0.48	0.48	0	0	0.43
136400	0.43	0.48	0.48	0	0	0.43
136500	0.43	0.48	0.48	0	0	0.43
136600	0.43	0.48	0.48	0	0	0.43
136700	0.43	0.48	0.48	0	0	0.43
136800	0.43	0.48	0.48	0	0	0.43
136900	0.43	0.48	0.48	0	0	0.43
137000	0.43	0.48	0.48	0	0	0.43
137100	0.43	0.48	0.48	0	0	0.43
137200	0.44	0.48	0.48	0	0	0.44
137300	0.44	0.48	0.48	0	0	0.44
137400	0.43	0.48	0.48	0	0	0.43
137500	0.43	0.48	0.48	0	0	0.43
137600	0.43	0.48	0.48	0	0	0.43
137700	0.43	0.48	0.48	0	0	0.43
137800	0.43	0.48	0.48	0	0	0.43
137900	0.43	0.48	0.48	0	0	0.43
138000	0.43	0.48	0.48	0	0	0.43
138100	0.43	0.48	0.48	0	0	0.43
138200	0.43	0.48	0.48	0	0	0.43
138300	0.43	0.48	0.48	0	0	0.43
138400	0.43	0.48	0.48	0	0	0.43
138500	0.43	0.48	0.48	0	0	0.43
138600	0.43	0.48	0.48	0	0	0.43
138700	0.43	0.48	0.48	0	0	0.43
138800	0.43	0.48	0.48	0	0	0.43
138900	0.43	0.48	0.48	0	0	0.43
139000	0.43	0.48	0.48	0	0	0.43
139100	0.43	0.48	0.48	0	0	0.43
139200	0.43	0.48	0.48	0	0	0.43
139300	0.43	0.48	0.48	0	0	0.43
139400	0.43	0.48	0.48	0	0	0.43
139500	0.43	0.48	0.48	0	0	0.43
139600	0.43	0.48	0.48	0	0	0.43
139700	0.43	0.48	0.48	0	0	0.43
139800	0.43	0.48	0.48	0	0	0.43
139900	0.43	0.48	0.48	0	0	0.43
140000	0.43	0.48	0.48	0	0	0.43
140100	0.43	0.48	0.48	0	0	0.43
140200	0.43	0.48	0.48	0	0	0.43
140300	0.43	0.48	0.48	0	0	0.43
140400	0.43	0.48	0.48	0	0	0.43
140500	0.42	0.48	0.48	0	0	0.42
140600	0.42	0.48	0.48	0	0	0.42
140700	0.42	0.48	0.48	0	0	0.42
140800	0.42	0.48	0.48	0	0	0.42
140900	0.42	0.48	0.48	0	0	0.42
141000	0.42	0.48	0.48	0	0	0.42
141100	0.42	0.48	0.48	0	0	0.42
141200	0.42	0.48	0.48	0	0	0.42
141300	0.42	0.48	0.48	0	0	0.42
141400	0.42	0.48	0.48	0	0	0.42
141500	0.42	0.48	0.48	0	0	0.42
141600	0.42	0.48	0.48	0	0	0.42
141700	0.42	0.48	0.48	0	0	0.42
141800	0.42	0.48	0.48	0	0	0.42
141900	0.42	0.48	0.48	0	0	0.42
142000	0.42	0.48	0.48	0	0	0.42
142100	0.42	0.48	0.48	0	0	0.42
142200	0.42	0.48	0.48	0	0	0.42
142300	0.42	0.48	0.48	0	0	0.42
142400	0.42	0.48	0.48	0	0	0.42
142500	0.42	0.48	0.48	0	0	0.42
142600	0.42	0.48	0.48	0	0	0.42
142700	0.42	0.48	0.48	0	0	0.42
142800	0.42	0.48	0.48	0	0	0.42
142900	0.42	0.48	0.48	0	0	0.42
143000	0.42	0.48	0.48	0	0	0.42
143100	0.42	0.48	0.48	0	0	0.42
143200	0.43	0.48	0.48	0	0	0.43
143300	0.43	0.48	0.48	0	0	0.43
143400	0.42	0.48	0.48	0	0	0.42
143500	0.42	0.48	0.48	0	0	0.42
143600	0.42	0.48	0.48	0	0	0.42
143700	0.42	0.48	0.48	0	0	0.42
143800	0.42	0.48	0.48	0	0	0.42
143900	0.42	0.48	0.48	0	0	0.42
144000	0.43	0.48	0.48	0	0	0.43
144100	0.43	0.48	0.48	0	0	0.43
144200	0.43	0.48	0.48	0	0	0.43
144300	0.43	0.48	0.48	0	0	0.43
144400	0.43	0.48	0.48	0	0	0.43
144500	0.43	0.48	0.48	0	0	0.43
144600	0.43	0.48	0.48	0	0	0.43
144700	0.43	0.48	0.48	0	0	0.43
144800	0.43	0.48	0.48	0	0	0.43
144900	0.43	0.48	0.48	0	0	0.43
145000	0.43	0.48	0.48	0	0	0.43
145100	0.43	0.48	0.48	0	0	0.43
145200	0.43	0.48	0.48	0	0	0.43
145300	0.43	0.48	0.48	0	0	0.43
145400	0.43	0.48	0.48	0	0	0.43
145500	0.43	0.48	0.48	0	0	0.43
145600	0.43	0.48	0.48	0	0	0.43
145700	0.43	0.48	0.48	0	0	0.43
145800	0.43	0.48	0.48	0	0	0.43
145900	0.43	0.48	0.48	0	0	0.43
146000	0.43	0.48	0.48	0	0	0.43
146100	0.43	0.48	0.48	0	0	0.43
146200	0.43	0.48	0.48	0	0	0.43
146300	0.43	0.48	0.48	0	0	0.43
146400	0.43	0.48	0.48	0	0	0.43
146500	0.43	0.48	0.48	0	0	0.43
146600	0.43	0.48	0.48	0	0	0.43
146700	0.43	0.48	0.48	0	0	0.43
146800	0.43	0.48	0.48	0	0	0.43
146900	0.43	0.48	0.48	0	0	0.43
147000	0.43	0.48	0.48	0	0	0.43
147100	0.43	0.48	0.48	0	0	0.43
147200	0.43	0.48	0.48	0	0	0.43
147300	0.43	0.48	0.48	0	0	0.43
147400	0.43	0.48	0.48	0	0	0.43
147500	0.43	0.48	0.48	0	0	0.43
147600	0.43	0.48	0.48	0	0	0.43
147700	0.43	0.48	0.48	0	0	0.43
147800	0.43	0.48	0.48	0	0	0.43
147900	0.43	0.48	0.48	0	0	0.43
148000	0.43	0.48	0.48	0	0	0.43
148100	0.43	0.48	0.48	0	0	0.43
148200	0.43	0.48	0.48	0	0	0.43
148300	0.43	0.48	0.48	0	0	0.43
148400	0.43	0.49	0.49	0	0	0.43
148500	0.43	0.49	0.49	0	0	0.43
148600	0.43	0.49	0.49	0	0	0.43
148700	0.43	0.49	0.49	0	0	0.43
148800	0.44	0.49	0.49	0	0	0.44
148900	0.44	0.48	0.48	0	0	0.44
149000	0.44	0.48	0.48	0	0	0.44
149100	0.44	0.49	0.49	0	0	0.44
149200	0.44	0.49	0.49	0	0	0.44
149300	0.43	0.49	0.49	0	0	0.43
149400	0.43	0.49	0.49	0	0	0.43
149500	0.43	0.49	0.49	0	0	0.43
149600	0.43	0.49	0.49	0	0	0.43
149700	0.43	0.49	0.49	0	0	0.43
149800	0.42	0.49	0.49	0	0	0.42
149900	0.42	0.49	0.49	0	0	0.42
150000	0.42	0.49	0.49	0	0	0.42
150100	0.42	0.49	0.49	0	0	0.42
150200	0.42	0.49	0.49	0	0	0.42
150300	0.42	0.49	0.49	0	0	0.42
150400	0.42	0.49	0.49	0	0	0.42
150500	0.42	0.49	0.49	0	0	0.42
150600	0.42	0.49	0.49	0	0	0.42
150700	0.42	0.49	0.49	0	0	0.42
150800	0.42	0.49	0.49	0	0	0.42
150900	0.42	0.49	0.49	0	0	0.42
151000	0.41	0.49	0.49	0	0	0.41
151100	0.41	0.49	0.49	0	0	0.41
151200	0.41	0.49	0.49	0	0	0.41
151300	0.4	0.49	0.49	0	0	0.4
151400	0.4	0.49	0.49	0	0	0.4
151500	0.4	0.49	0.49	0	0	0.4
151600	0.4	0.49	0.49	0	0	0.4
151700	0.4	0.49	0.49	0	0	0.4
151800	0.4	0.49	0.49	0	0	0.4
151900	0.4	0.49	0.49	0	0	0.4
152000	0.4	0.49	0.49	0	0	0.4
152100	0.4	0.49	0.49	0	0	0.4
152200	0.4	0.49	0.49	0	0	0.4
152300	0.4	0.49	0.49	0	0	0.4
152400	0.4	0.49	0.49	0	0	0.4
152500	0.4	0.49	0.49	0	0	0.4
152600	0.41	0.49	0.49	0	0	0.41
152700	0.41	0.49	0.49	0	0	0.41
152800	0.42	0.49	0.49	0	0	0.42
152900	0.42	0.49	0.49	0	0	0.42
153000	0.42	0.49	0.49	0	0	0.42
153100	0.42	0.49	0.49	0	0	0.42
153200	0.42	0.49	0.49	0	0	0.42
153300	0.42	0.49	0.49	0	0	0.42
153400	0.41	0.49	0.49	0	0	0.41
153500	0.41	0.49	0.49	0	0	0.41
153600	0.41	0.49	0.49	0	0	0.41
153700	0.4	0.49	0.49	0	0	0.4
153800	0.4	0.49	0.49	0	0	0.4
153900	0.4	0.49	0.49	0	0	0.4
154000	0.4	0.49	0.49	0	0	0.4
154100	0.4	0.49	0.49	0	0	0.4
154200	0.4	0.49	0.49	0	0	0.4
154300	0.41	0.49	0.49	0	0	0.41
154400	0.4	0.49	0.49	0	0	0.4
154500	0.4	0.49	0.49	0	0	0.4
154600	0.4	0.48	0.48	0	0	0.4
154700	0.4	0.48	0.48	0	0	0.4
154800	0.4	0.48	0.48	0	0	0.4
154900	0.4	0.48	0.48	0	0	0.4
155000	0.4	0.48	0.48	0	0	0.4
155100	0.41	0.48	0.48	0	0	0.41
155200	0.4	0.48	0.48	0	0	0.4
155300	0.4	0.48	0.48	0	0	0.4
155400	0.4	0.48	0.48	0	0	0.4
155500	0.4	0.48	0.48	0	0	0.4
155600	0.4	0.48	0.48	0	0	0.4
155700	0.4	0.48	0.48	0	0	0.4
155800	0.4	0.48	0.48	0	0	0.4
155900	0.4	0.48	0.48	0	0	0.4
156000	0.4	0.48	0.48	0	0	0.4
156100	0.4	0.48	0.48	0	0	0.4
156200	0.4	0.48	0.48	0	0	0.4
156300	0.4	0.48	0.48	0	0	0.4
156400	0.4	0.48	0.48	0	0	0.4
156500	0.4	0.48	0.48	0	0	0.4
156600	0.4	0.48	0.48	0	0	0.4
156700	0.4	0.48	0.48	0	0	0.4
156800	0.4	0.48	0.48	0	0	0.4
156900	0.4	0.48	0.48	0	0	0.4
157000	0.4	0.48	0.48	0	0	0.4
157100	0.4	0.48	0.48	0	0	0.4
157200	0.4	0.48	0.48	0	0	0.4
157300	0.4	0.48	0.48	0	0	0.4
157400	0.4	0.48	0.48	0	0	0.4
157500	0.4	0.48	0.48	0	0	0.4
157600	0.4	0.48	0.48	0	0	0.4
157700	0.4	0.48	0.48	0	0	0.4
157800	0.4	0.48	0.48	0	0	0.4
157900	0.4	0.48	0.48	0	0	0.4
158000	0.4	0.48	0.48	0	0	0.4
158100	0.41	0.48	0.48	0	0	0.41
158200	0.41	0.48	0.48	0	0	0.41
158300	0.41	0.48	0.48	0	0	0.41
158400	0.41	0.48	0.48	0	0	0.41
158500	0.41	0.48	0.48	0	0	0.41
158600	0.41	0.48	0.48	0	0	0.41
158700	0.41	0.48	0.48	0	0	0.41
158800	0.41	0.48	0.48	0	0	0.41
158900	0.42	0.48	0.48	0	0	0.42
159000	0.42	0.48	0.48	0	0	0.42
159100	0.42	0.48	0.48	0	0	0.42
159200	0.42	0.48	0.48	0	0	0.42
159300	0.42	0.48	0.48	0	0	0.42
159400	0.42	0.48	0.48	0	0	0.42
159500	0.42	0.48	0.48	0	0	0.42
159600	0.42	0.48	0.48	0	0	0.42
159700	0.42	0.48	0.48	0	0	0.42
159800	0.42	0.48	0.48	0	0	0.42
159900	0.42	0.48	0.48	0	0	0.42
160000	0.42	0.48	0.48	0	0	0.42
160100	0.42	0.48	0.48	0	0	0.42
160200	0.42	0.48	0.48	0	0	0.42
160300	0.42	0.48	0.48	0	0	0.42
160400	0.42	0.48	0.48	0	0	0.42
160500	0.42	0.48	0.48	0	0	0.42
160600	0.42	0.48	0.48	0	0	0.42
160700	0.42	0.48	0.48	0	0	0.42
160800	0.42	0.48	0.48	0	0	0.42
160900	0.42	0.48	0.48	0	0	0.42
161000	0.42	0.48	0.48	0	0	0.42
161100	0.42	0.48	0.48	0	0	0.42
161200	0.42	0.48	0.48	0	0	0.42
161300	0.42	0.48	0.48	0	0	0.42
161400	0.42	0.48	0.48	0	0	0.42
161500	0.42	0.48	0.48	0	0	0.42
161600	0.42	0.48	0.48	0	0	0.42
161700	0.42	0.48	0.48	0	0	0.42
161800	0.42	0.48	0.48	0	0	0.42
161900	0.42	0.48	0.48	0	0	0.42
162000	0.42	0.48	0.48	0	0	0.42
162100	0.42	0.48	0.48	0	0	0.42
162200	0.42	0.47	0.47	0	0	0.42
162300	0.42	0.47	0.47	0	0	0.42
162400	0.42	0.47	0.47	0	0	0.42
162500	0.42	0.47	0.47	0	0	0.42
162600	0.42	0.47	0.47	0	0	0.42
162700	0.42	0.47	0.47	0	0	0.42
162800	0.42	0.47	0.47	0	0	0.42
162900	0.42	0.47	0.47	0	0	0.42
163000	0.42	0.47	0.47	0	0	0.42
163100	0.42	0.47	0.47	0	0	0.42
163200	0.42	0.47	0.47	0	0	0.42
163300	0.42	0.47	0.47	0	0	0.42
163400	0.42	0.47	0.47	0	0	0.42
163500	0.42	0.47	0.47	0	0	0.42
163600	0.42	0.47	0.47	0	0	0.42
163700	0.42	0.47	0.47	0	0	0.42
163800	0.42	0.47	0.47	0	0	0.42
163900	0.42	0.47	0.47	0	0	0.42
164000	0.42	0.48	0.48	0	0	0.42
164100	0.42	0.47	0.47	0	0	0.42
164200	0.42	0.47	0.47	0	0	0.42
164300	0.42	0.47	0.47	0	0	0.42
164400	0.42	0.47	0.47	0	0	0.42
164500	0.42	0.47	0.47	0	0	0.42
164600	0.42	0.47	0.47	0	0	0.42
164700	0.42	0.47	0.47	0	0	0.42
164800	0.42	0.47	0.47	0	0	0.42
164900	0.42	0.47	0.47	0	0	0.42
165000	0.42	0.47	0.47	0	0	0.42
165100	0.42	0.47	0.47	0	0	0.42
165200	0.42	0.47	0.47	0	0	0.42
165300	0.42	0.47	0.47	0	0	0.42
165400	0.42	0.47	0.47	0	0	0.42
165500	0.42	0.47	0.47	0	0	0.42
165600	0.42	0.47	0.47	0	0	0.42
165700	0.42	0.47	0.47	0	0	0.42
165800	0.43	0.47	0.47	0	0	0.43
165900	0.43	0.47	0.47	0	0	0.43
166000	0.43	0.47	0.47	0	0	0.43
166100	0.42	0.47	0.47	0	0	0.42
166200	0.42	0.47	0.47	0	0	0.42
166300	0.42	0.47	0.47	0	0	0.42
166400	0.42	0.47	0.47	0	0	0.42
166500	0.42	0.47	0.47	0	0	0.42
166600	0.42	0.47	0.47	0	0	0.42
166700	0.42	0.47	0.47	0	0	0.42
166800	0.42	0.47	0.47	0	0	0.42
166900	0.42	0.47	0.47	0	0	0.42
167000	0.42	0.47	0.47	0	0	0.42
167100	0.42	0.47	0.47	0	0	0.42
167200	0.42	0.46	0.46	0	0	0.42
167300	0.43	0.46	0.46	0	0	0.43
167400	0.42	0.46	0.46	0	0	0.42
167500	0.42	0.46	0.46	0	0	0.42
167600	0.43	0.46	0.46	0	0	0.43
167700	0.43	0.46	0.46	0	0	0.43
167800	0.43	0.46	0.46	0	0	0.43
167900	0.43	0.46	0.46	0	0	0.43
168000	0.43	0.46	0.46	0	0	0.43
168100	0.43	0.46	0.46	0	0	0.43
168200	0.43	0.46	0.46	0	0	0.43
168300	0.43	0.46	0.46	0	0	0.43
168400	0.43	0.46	0.46	0	0	0.43
168500	0.43	0.46	0.46	0	0	0.43
168600	0.43	0.46	0.46	0	0	0.43
168700	0.43	0.46	0.46	0	0	0.43
168800	0.44	0.46	0.46	0	0	0.44
168900	0.44	0.46	0.46	0	0	0.44
169000	0.45	0.46	0.46	0	0	0.45
169100	0.44	0.46	0.46	0	0	0.44
169200	0.44	0.46	0.46	0	0	0.44
169300	0.43	0.46	0.46	0	0	0.43
169400	0.43	0.46	0.46	0	0	0.43
169500	0.43	0.46	0.46	0	0	0.43
169600	0.43	0.46	0.46	0	0	0.43
169700	0.43	0.46	0.46	0	0	0.43
169800	0.43	0.46	0.46	0	0	0.43
169900	0.43	0.46	0.46	0	0	0.43
170000	0.43	0.46	0.46	0	0	0.43
170100	0.43	0.46	0.46	0	0	0.43
170200	0.43	0.46	0.46	0	0	0.43
170300	0.43	0.46	0.46	0	0	0.43
170400	0.43	0.46	0.46	0	0	0.43
170500	0.43	0.46	0.46	0	0	0.43
170600	0.44	0.46	0.46	0	0	0.44
170700	0.43	0.46	0.46	0	0	0.43
170800	0.42	0.46	0.46	0	0	0.42
170900	0.42	0.46	0.46	0	0	0.42
171000	0.42	0.46	0.46	0	0	0.42
171100	0.42	0.46	0.46	0	0	0.42
171200	0.42	0.46	0.46	0	0	0.42
171300	0.42	0.46	0.46	0	0	0.42
171400	0.42	0.46	0.46	0	0	0.42
171500	0.42	0.46	0.46	0	0	0.42
171600	0.42	0.46	0.46	0	0	0.42
171700	0.42	0.46	0.46	0	0	0.42
171800	0.43	0.46	0.46	0	0	0.43
171900	0.43	0.46	0.46	0	0	0.43
172000	0.43	0.46	0.46	0	0	0.43
172100	0.43	0.46	0.46	0	0	0.43
172200	0.42	0.46	0.46	0	0	0.42
172300	0.42	0.46	0.46	0	0	0.42
172400	0.42	0.46	0.46	0	0	0.42
172500	0.42	0.46	0.46	0	0	0.42
172600	0.42	0.46	0.46	0	0	0.42
172700	0.43	0.46	0.46	0	0	0.43
172800	0.43	0.46	0.46	0	0	0.43
172900	0.42	0.46	0.46	0	0	0.42
173000	0.42	0.46	0.46	0	0	0.42
173100	0.42	0.46	0.46	0	0	0.42
173200	0.42	0.46	0.46	0	0	0.42
173300	0.42	0.46	0.46	0	0	0.42
173400	0.42	0.46	0.46	0	0	0.42
173500	0.42	0.46	0.46	0	0	0.42
173600	0.42	0.46	0.46	0	0	0.42
173700	0.42	0.46	0.46	0	0	0.42
173800	0.42	0.46	0.46	0	0	0.42
173900	0.42	0.46	0.46	0	0	0.42
174000	0.42	0.46	0.46	0	0	0.42
174100	0.42	0.46	0.46	0	0	0.42
174200	0.42	0.46	0.46	0	0	0.42
174300	0.42	0.46	0.46	0	0	0.42
174400	0.42	0.46	0.46	0	0	0.42
174500	0.42	0.46	0.46	0	0	0.42
174600	0.42	0.46	0.46	0	0	0.42
174700	0.42	0.46	0.46	0	0	0.42
174800	0.42	0.46	0.46	0	0	0.42
174900	0.42	0.46	0.46	0	0	0.42
175000	0.42	0.46	0.46	0	0	0.42
175100	0.42	0.46	0.46	0	0	0.42
175200	0.42	0.46	0.46	0	0	0.42
175300	0.42	0.46	0.46	0	0	0.42
175400	0.42	0.46	0.46	0	0	0.42
175500	0.42	0.46	0.46	0	0	0.42
175600	0.42	0.46	0.46	0	0	0.42
175700	0.42	0.46	0.46	0	0	0.42
175800	0.42	0.46	0.46	0	0	0.42
175900	0.42	0.46	0.46	0	0	0.42
176000	0.43	0.46	0.46	0	0	0.43
176100	0.43	0.46	0.46	0	0	0.43
176200	0.43	0.46	0.46	0	0	0.43
176300	0.43	0.46	0.46	0	0	0.43
176400	0.43	0.46	0.46	0	0	0.43
176500	0.43	0.46	0.46	0	0	0.43
176600	0.43	0.46	0.46	0	0	0.43
176700	0.43	0.46	0.46	0	0	0.43
176800	0.43	0.46	0.46	0	0	0.43
176900	0.43	0.46	0.46	0	0	0.43
177000	0.43	0.46	0.46	0	0	0.43
177100	0.43	0.46	0.46	0	0	0.43
177200	0.43	0.46	0.46	0	0	0.43
177300	0.43	0.46	0.46	0	0	0.43
177400	0.43	0.46	0.46	0	0	0.43
177500	0.43	0.46	0.46	0	0	0.43
177600	0.43	0.46	0.46	0	0	0.43
177700	0.43	0.46	0.46	0	0	0.43
177800	0.43	0.46	0.46	0	0	0.43
177900	0.43	0.46	0.46	0	0	0.43
178000	0.43	0.46	0.46	0	0	0.43
178100	0.43	0.46	0.46	0	0	0.43
178200	0.43	0.46	0.46	0	0	0.43
178300	0.42	0.46	0.46	0	0	0.42
178400	0.42	0.46	0.46	0	0	0.42
178500	0.44	0.46	0.46	0	0	0.44
178600	0.43	0.46	0.46	0	0	0.43
178700	0.43	0.46	0.46	0	0	0.43
178800	0.43	0.46	0.46	0	0	0.43
178900	0.43	0.47	0.47	0	0	0.43
179000	0.43	0.46	0.46	0	0	0.43
179100	0.43	0.46	0.46	0	0	0.43
179200	0.43	0.46	0.46	0	0	0.43
179300	0.43	0.46	0.46	0	0	0.43
179400	0.43	0.46	0.46	0	0	0.43
179500	0.43	0.46	0.46	0	0	0.43
179600	0.43	0.46	0.46	0	0	0.43
179700	0.43	0.46	0.46	0	0	0.43
179800	0.43	0.46	0.46	0	0	0.43
179900	0.43	0.46	0.46	0	0	0.43
180000	0.43	0.46	0.46	0	0	0.43
180100	0.43	0.46	0.46	0	0	0.43
180200	0.43	0.46	0.46	0	0	0.43
180300	0.43	0.46	0.46	0	0	0.43
180400	0.43	0.46	0.46	0	0	0.43
180500	0.43	0.46	0.46	0	0	0.43
180600	0.43	0.46	0.46	0	0	0.43
180700	0.43	0.46	0.46	0	0	0.43
180800	0.43	0.46	0.46	0	0	0.43
180900	0.43	0.46	0.46	0	0	0.43
181000	0.43	0.46	0.46	0	0	0.43
181100	0.43	0.46	0.46	0	0	0.43
181200	0.43	0.46	0.46	0	0	0.43
181300	0.43	0.46	0.46	0	0	0.43
181400	0.43	0.46	0.46	0	0	0.43
181500	0.44	0.46	0.46	0	0	0.44
181600	0.44	0.46	0.46	0	0	0.44
181700	0.44	0.46	0.46	0	0	0.44
181800	0.44	0.46	0.46	0	0	0.44
181900	0.44	0.46	0.46	0	0	0.44
182000	0.44	0.46	0.46	0	0	0.44
182100	0.44	0.46	0.46	0	0	0.44
182200	0.44	0.46	0.46	0	0	0.44
182300	0.45	0.46	0.46	0	0	0.45
182400	0.44	0.46	0.46	0	0	0.44
182500	0.44	0.46	0.46	0	0	0.44
182600	0.44	0.46	0.46	0	0	0.44
182700	0.44	0.46	0.46	0	0	0.44
182800	0.44	0.46	0.46	0	0	0.44
182900	0.44	0.46	0.46	0	0	0.44
183000	0.44	0.46	0.46	0	0	0.44
183100	0.44	0.47	0.47	0	0	0.44
183200	0.44	0.47	0.47	0	0	0.44
183300	0.44	0.47	0.47	0	0	0.44
183400	0.44	0.47	0.47	0	0	0.44
183500	0.44	0.47	0.47	0	0	0.44
183600	0.44	0.47	0.47	0	0	0.44
183700	0.44	0.47	0.47	0	0	0.44
183800	0.44	0.47	0.47	0	0	0.44
183900	0.44	0.47	0.47	0	0	0.44
184000	0.44	0.47	0.47	0	0	0.44
184100	0.44	0.47	0.47	0	0	0.44
184200	0.44	0.47	0.47	0	0	0.44
184300	0.44	0.47	0.47	0	0	0.44
184400	0.44	0.47	0.47	0	0	0.44
184500	0.44	0.47	0.47	0	0	0.44
184600	0.44	0.47	0.47	0	0	0.44
184700	0.44	0.47	0.47	0	0	0.44
184800	0.44	0.47	0.47	0	0	0.44
184900	0.44	0.47	0.47	0	0	0.44
185000	0.44	0.47	0.47	0	0	0.44
185100	0.44	0.47	0.47	0	0	0.44
185200	0.44	0.47	0.47	0	0	0.44
185300	0.44	0.47	0.47	0	0	0.44
185400	0.44	0.47	0.47	0	0	0.44
185500	0.44	0.47	0.47	0	0	0.44
185600	0.44	0.47	0.47	0	0	0.44
185700	0.44	0.46	0.46	0	0	0.44
185800	0.44	0.46	0.46	0	0	0.44
185900	0.44	0.46	0.46	0	0	0.44
186000	0.44	0.46	0.46	0	0	0.44
186100	0.44	0.46	0.46	0	0	0.44
186200	0.44	0.46	0.46	0	0	0.44
186300	0.44	0.46	0.46	0	0	0.44
186400	0.44	0.46	0.46	0	0	0.44
186500	0.44	0.46	0.46	0	0	0.44
186600	0.44	0.46	0.46	0	0	0.44
186700	0.44	0.46	0.46	0	0	0.44
186800	0.44	0.46	0.46	0	0	0.44
186900	0.44	0.46	0.46	0	0	0.44
187000	0.44	0.46	0.46	0	0	0.44
187100	0.44	0.46	0.46	0	0	0.44
187200	0.44	0.46	0.46	0	0	0.44
187300	0.44	0.46	0.46	0	0	0.44
187400	0.44	0.46	0.46	0	0	0.44
187500	0.44	0.46	0.46	0	0	0.44
187600	0.44	0.46	0.46	0	0	0.44
187700	0.44	0.46	0.46	0	0	0.44
187800	0.44	0.46	0.46	0	0	0.44
187900	0.44	0.46	0.46	0	0	0.44
188000	0.44	0.46	0.46	0	0	0.44
188100	0.44	0.46	0.46	0	0	0.44
188200	0.44	0.46	0.46	0	0	0.44
188300	0.44	0.46	0.46	0	0	0.44
188400	0.44	0.46	0.46	0	0	0.44
188500	0.44	0.46	0.46	0	0	0.44
188600	0.44	0.47	0.47	0	0	0.44
188700	0.44	0.47	0.47	0	0	0.44
188800	0.44	0.47	0.47	0	0	0.44
188900	0.44	0.47	0.47	0	0	0.44
189000	0.44	0.47	0.47	0	0	0.44
189100	0.44	0.47	0.47	0	0	0.44
189200	0.43	0.47	0.47	0	0	0.43
189300	0.43	0.47	0.47	0	0	0.43
189400	0.43	0.47	0.47	0	0	0.43
189500	0.43	0.47	0.47	0	0	0.43
189600	0.43	0.47	0.47	0	0	0.43
189700	0.43	0.47	0.47	0	0	0.43
189800	0.43	0.47	0.47	0	0	0.43
189900	0.43	0.47	0.47	0	0	0.43
190000	0.43	0.47	0.47	0	0	0.43
190100	0.43	0.47	0.47	0	0	0.43
190200	0.43	0.47	0.47	0	0	0.43
190300	0.43	0.47	0.47	0	0	0.43
190400	0.43	0.47	0.47	0	0	0.43
190500	0.43	0.47	0.47	0	0	0.43
190600	0.43	0.47	0.47	0	0	0.43
190700	0.43	0.47	0.47	0	0	0.43
190800	0.43	0.47	0.47	0	0	0.43
190900	0.43	0.47	0.47	0	0	0.43
191000	0.43	0.47	0.47	0	0	0.43
191100	0.43	0.47	0.47	0	0	0.43
191200	0.43	0.47	0.47	0	0	0.43
191300	0.43	0.47	0.47	0	0	0.43
191400	0.43	0.47	0.47	0	0	0.43
191500	0.43	0.47	0.47	0	0	0.43
191600	0.43	0.47	0.47	0	0	0.43
191700	0.43	0.47	0.47	0	0	0.43
191800	0.43	0.47	0.47	0	0	0.43
191900	0.44	0.47	0.47	0	0	0.44
192000	0.44	0.47	0.47	0	0	0.44
192100	0.44	0.47	0.47	0	0	0.44
192200	0.44	0.47	0.47	0	0	0.44
192300	0.44	0.47	0.47	0	0	0.44
192400	0.44	0.47	0.47	0	0	0.44
192500	0.44	0.47	0.47	0	0	0.44
192600	0.44	0.47	0.47	0	0	0.44
192700	0.44	0.47	0.47	0	0	0.44
192800	0.44	0.47	0.47	0	0	0.44
192900	0.44	0.47	0.47	0	0	0.44
193000	0.44	0.47	0.47	0	0	0.44
193100	0.44	0.48	0.48	0	0	0.44
193200	0.44	0.47	0.47	0	0	0.44
193300	0.44	0.47	0.47	0	0	0.44
193400	0.44	0.47	0.47	0	0	0.44
193500	0.44	0.47	0.47	0	0	0.44
193600	0.44	0.47	0.47	0	0	0.44
193700	0.44	0.47	0.47	0	0	0.44
193800	0.44	0.47	0.47	0	0	0.44
193900	0.44	0.47	0.47	0	0	0.44
194000	0.44	0.47	0.47	0	0	0.44
194100	0.44	0.47	0.47	0	0	0.44
194200	0.44	0.47	0.47	0	0	0.44
194300	0.44	0.47	0.47	0	0	0.44
194400	0.44	0.47	0.47	0	0	0.44
194500	0.44	0.47	0.47	0	0	0.44
194600	0.44	0.48	0.48	0	0	0.44
194700	0.44	0.48	0.48	0	0	0.44
194800	0.44	0.48	0.48	0	0	0.44
194900	0.44	0.49	0.49	0	0	0.44
195000	0.44	0.49	0.49	0	0	0.44
195100	0.44	0.49	0.49	0	0	0.44
195200	0.44	0.49	0.49	0	0	0.44
195300	0.44	0.49	0.49	0	0	0.44
195400	0.44	0.49	0.49	0	0	0.44
195500	0.44	0.49	0.49	0	0	0.44
195600	0.44	0.49	0.49	0	0	0.44
195700	0.44	0.49	0.49	0	0	0.44
195800	0.44	0.49	0.49	0	0	0.44
195900	0.44	0.49	0.49	0	0	0.44
196000	0.44	0.49	0.49	0	0	0.44
196100	0.44	0.49	0.49	0	0	0.44
196200	0.44	0.49	0.49	0	0	0.44
196300	0.44	0.49	0.49	0	0	0.44
196400	0.44	0.49	0.49	0	0	0.44
196500	0.44	0.49	0.49	0	0	0.44
196600	0.44	0.49	0.49	0	0	0.44
196700	0.44	0.49	0.49	0	0	0.44
196800	0.44	0.49	0.49	0	0	0.44
196900	0.44	0.49	0.49	0	0	0.44
197000	0.44	0.49	0.49	0	0	0.44
197100	0.44	0.49	0.49	0	0	0.44
197200	0.44	0.49	0.49	0	0	0.44
197300	0.44	0.49	0.49	0	0	0.44
197400	0.44	0.49	0.49	0	0	0.44
197500	0.44	0.49	0.49	0	0	0.44
197600	0.44	0.49	0.49	0	0	0.44
197700	0.44	0.49	0.49	0	0	0.44
197800	0.44	0.49	0.49	0	0	0.44
197900	0.44	0.49	0.49	0	0	0.44
198000	0.44	0.49	0.49	0	0	0.44
198100	0.44	0.49	0.49	0	0	0.44
198200	0.44	0.49	0.49	0	0	0.44
198300	0.44	0.49	0.49	0	0	0.44
198400	0.43	0.49	0.49	0	0	0.43
198500	0.43	0.49	0.49	0	0	0.43
198600	0.43	0.49	0.49	0	0	0.43
198700	0.43	0.49	0.49	0	0	0.43
198800	0.43	0.49	0.49	0	0	0.43
198900	0.43	0.49	0.49	0	0	0.43
199000	0.43	0.49	0.49	0	0	0.43
199100	0.43	0.49	0.49	0	0	0.43
199200	0.43	0.49	0.49	0	0	0.43
199300	0.43	0.49	0.49	0	0	0.43
199400	0.43	0.49	0.49	0	0	0.43
199500	0.43	0.49	0.49	0	0	0.43
199600	0.43	0.49	0.49	0	0	0.43
199700	0.43	0.49	0.49	0	0	0.43
199800	0.43	0.49	0.49	0	0	0.43
199900	0.43	0.49	0.49	0	0	0.43
200000	0.43	0.49	0.49	0	0	0.43
200100	0.43	0.49	0.49	0	0	0.43
200200	0.43	0.49	0.49	0	0	0.43
200300	0.43	0.49	0.49	0	0	0.43
200400	0.43	0.49	0.49	0	0	0.43
200500	0.43	0.49	0.49	0	0	0.43
200600	0.43	0.49	0.49	0	0	0.43
200700	0.43	0.49	0.49	0	0	0.43
200800	0.43	0.49	0.49	0	0	0.43
200900	0.43	0.49	0.49	0	0	0.43
201000	0.43	0.49	0.49	0	0	0.43
201100	0.43	0.48	0.48	0	0	0.43
201200	0.43	0.48	0.48	0	0	0.43
201300	0.43	0.48	0.48	0	0	0.43
201400	0.43	0.48	0.48	0	0	0.43
201500	0.43	0.48	0.48	0	0	0.43
201600	0.43	0.48	0.48	0	0	0.43
201700	0.43	0.48	0.48	0	0	0.43
201800	0.43	0.48	0.48	0	0	0.43
201900	0.43	0.48	0.48	0	0	0.43
202000	0.43	0.48	0.48	0	0	0.43
202100	0.43	0.48	0.48	0	0	0.43
202200	0.43	0.48	0.48	0	0	0.43
202300	0.43	0.48	0.48	0	0	0.43
202400	0.43	0.48	0.48	0	0	0.43
202500	0.43	0.48	0.48	0	0	0.43
202600	0.43	0.48	0.48	0	0	0.43
202700	0.43	0.48	0.48	0	0	0.43
202800	0.43	0.48	0.48	0	0	0.43
202900	0.43	0.48	0.48	0	0	0.43
203000	0.43	0.48	0.48	0	0	0.43
203100	0.43	0.48	0.48	0	0	0.43
203200	0.43	0.48	0.48	0	0	0.43
203300	0.43	0.48	0.48	0	0	0.43
203400	0.43	0.48	0.48	0	0	0.43
203500	0.43	0.48	0.48	0	0	0.43
203600	0.43	0.48	0.48	0	0	0.43
203700	0.44	0.48	0.48	0	0	0.44
203800	0.43	0.48	0.48	0	0	0.43
203900	0.43	0.48	0.48	0	0	0.43
204000	0.43	0.49	0.49	0	0	0.43
204100	0.43	0.49	0.49	0	0	0.43
204200	0.43	0.49	0.49	0	0	0.43
204300	0.43	0.49	0.49	0	0	0.43
204400	0.43	0.49	0.49	0	0	0.43
204500	0.43	0.49	0.49	0	0	0.43
204600	0.43	0.49	0.49	0	0	0.43
204700	0.43	0.49	0.49	0	0	0.43
204800	0.43	0.49	0.49	0	0	0.43
204900	0.43	0.49	0.49	0	0	0.43
205000	0.43	0.49	0.49	0	0	0.43
205100	0.43	0.49	0.49	0	0	0.43
205200	0.43	0.49	0.49	0	0	0.43
205300	0.43	0.49	0.49	0	0	0.43
205400	0.43	0.49	0.49	0	0	0.43
205500	0.43	0.49	0.49	0	0	0.43
205600	0.43	0.49	0.49	0	0	0.43
205700	0.43	0.49	0.49	0	0	0.43
205800	0.43	0.49	0.49	0	0	0.43
205900	0.43	0.49	0.49	0	0	0.43
206000	0.43	0.49	0.49	0	0	0.43
206100	0.43	0.49	0.49	0	0	0.43
206200	0.43	0.49	0.49	0	0	0.43
206300	0.43	0.49	0.49	0	0	0.43
206400	0.43	0.49	0.49	0	0	0.43
206500	0.43	0.49	0.49	0	0	0.43
206600	0.43	0.49	0.49	0	0	0.43
206700	0.43	0.49	0.49	0	0	0.43
206800	0.43	0.49	0.49	0	0	0.43
206900	0.43	0.49	0.49	0	0	0.43
207000	0.44	0.49	0.49	0	0	0.44
207100	0.43	0.49	0.49	0	0	0.43
207200	0.43	0.49	0.49	0	0	0.43
207300	0.43	0.49	0.49	0	0	0.43
207400	0.43	0.49	0.49	0	0	0.43
207500	0.43	0.49	0.49	0	0	0.43
207600	0.43	0.49	0.49	0	0	0.43
207700	0.43	0.49	0.49	0	0	0.43
207800	0.43	0.49	0.49	0	0	0.43
207900	0.43	0.49	0.49	0	0	0.43
208000	0.43	0.49	0.49	0	0	0.43
208100	0.43	0.49	0.49	0	0	0.43
208200	0.43	0.49	0.49	0	0	0.43
208300	0.43	0.49	0.49	0	0	0.43
208400	0.43	0.49	0.49	0	0	0.43
208500	0.43	0.49	0.49	0	0	0.43
208600	0.43	0.49	0.49	0	0	0.43
208700	0.43	0.49	0.49	0	0	0.43
208800	0.43	0.49	0.49	0	0	0.43
208900	0.43	0.49	0.49	0	0	0.43
209000	0.43	0.49	0.49	0	0	0.43
209100	0.43	0.49	0.49	0	0	0.43
209200	0.43	0.49	0.49	0	0	0.43
209300	0.43	0.49	0.49	0	0	0.43
209400	0.43	0.49	0.49	0	0	0.43
209500	0.43	0.49	0.49	0	0	0.43
209600	0.43	0.49	0.49	0	0	0.43
209700	0.43	0.49	0.49	0	0	0.43
209800	0.43	0.49	0.49	0	0	0.43
209900	0.43	0.49	0.49	0	0	0.43
210000	0.43	0.49	0.49	0	0	0.43
210100	0.44	0.49	0.49	0	0	0.44
210200	0.44	0.49	0.49	0	0	0.44
210300	0.45	0.49	0.49	0	0	0.45
210400	0.45	0.49	0.49	0	0	0.45
210500	0.45	0.49	0.49	0	0	0.45
210600	0.45	0.49	0.49	0	0	0.45
210700	0.45	0.49	0.49	0	0	0.45
210800	0.45	0.49	0.49	0	0	0.45
210900	0.45	0.49	0.49	0	0	0.45
211000	0.45	0.49	0.49	0	0	0.45
211100	0.44	0.49	0.49	0	0	0.44
211200	0.44	0.49	0.49	0	0	0.44
211300	0.44	0.49	0.49	0	0	0.44
211400	0.44	0.49	0.49	0	0	0.44
211500	0.44	0.49	0.49	0	0	0.44
211600	0.44	0.49	0.49	0	0	0.44
211700	0.44	0.49	0.49	0	0	0.44
211800	0.44	0.49	0.49	0	0	0.44
211900	0.44	0.49	0.49	0	0	0.44
212000	0.44	0.49	0.49	0	0	0.44
212100	0.44	0.48	0.48	0	0	0.44
212200	0.44	0.48	0.48	0	0	0.44
212300	0.44	0.48	0.48	0	0	0.44
212400	0.44	0.48	0.48	0	0	0.44
212500	0.44	0.48	0.48	0	0	0.44
212600	0.44	0.48	0.48	0	0	0.44
212700	0.44	0.48	0.48	0	0	0.44
212800	0.44	0.48	0.48	0	0	0.44
212900	0.44	0.48	0.48	0	0	0.44
213000	0.44	0.48	0.48	0	0	0.44
213100	0.44	0.48	0.48	0	0	0.44
213200	0.44	0.49	0.49	0	0	0.44
213300	0.44	0.49	0.49	0	0	0.44
213400	0.44	0.49	0.49	0	0	0.44
213500	0.44	0.49	0.49	0	0	0.44
213600	0.44	0.49	0.49	0	0	0.44
213700	0.44	0.49	0.49	0	0	0.44
213800	0.44	0.49	0.49	0	0	0.44
213900	0.44	0.49	0.49	0	0	0.44
214000	0.44	0.49	0.49	0	0	0.44
214100	0.44	0.49	0.49	0	0	0.44
214200	0.44	0.49	0.49	0	0	0.44
214300	0.44	0.49	0.49	0	0	0.44
214400	0.44	0.49	0.49	0	0	0.44
214500	0.44	0.5	0.5	0	0	0.44
214600	0.44	0.49	0.49	0	0	0.44
214700	0.44	0.49	0.49	0	0	0.44
214800	0.44	0.48	0.48	0	0	0.44
214900	0.44	0.48	0.48	0	0	0.44
215000	0.44	0.48	0.48	0	0	0.44
215100	0.44	0.48	0.48	0	0	0.44
215200	0.44	0.48	0.48	0	0	0.44
215300	0.44	0.48	0.48	0	0	0.44
215400	0.44	0.48	0.48	0	0	0.44
215500	0.44	0.48	0.48	0	0	0.44
215600	0.44	0.48	0.48	0	0	0.44
215700	0.44	0.48	0.48	0	0	0.44
215800	0.44	0.48	0.48	0	0	0.44
215900	0.44	0.48	0.48	0	0	0.44
216000	0.44	0.48	0.48	0	0	0.44
216100	0.44	0.48	0.48	0	0	0.44
216200	0.44	0.48	0.48	0	0	0.44
216300	0.44	0.48	0.48	0	0	0.44
216400	0.44	0.48	0.48	0	0	0.44
216500	0.44	0.48	0.48	0	0	0.44
216600	0.44	0.48	0.48	0	0	0.44
216700	0.44	0.48	0.48	0	0	0.44
216800	0.44	0.48	0.48	0	0	0.44
216900	0.44	0.48	0.48	0	0	0.44
217000	0.44	0.48	0.48	0	0	0.44
217100	0.44	0.48	0.48	0	0	0.44
217200	0.44	0.48	0.48	0	0	0.44
217300	0.44	0.48	0.48	0	0	0.44
217400	0.44	0.48	0.48	0	0	0.44
217500	0.44	0.48	0.48	0	0	0.44
217600	0.44	0.48	0.48	0	0	0.44
217700	0.44	0.48	0.48	0	0	0.44
217800	0.44	0.48	0.48	0	0	0.44
217900	0.44	0.48	0.48	0	0	0.44
218000	0.44	0.48	0.48	0	0	0.44
218100	0.44	0.48	0.48	0	0	0.44
218200	0.44	0.48	0.48	0	0	0.44
218300	0.44	0.48	0.48	0	0	0.44
218400	0.44	0.48	0.48	0	0	0.44
218500	0.44	0.48	0.48	0	0	0.44
218600	0.44	0.48	0.48	0	0	0.44
218700	0.44	0.48	0.48	0	0	0.44
218800	0.44	0.48	0.48	0	0	0.44
218900	0.44	0.48	0.48	0	0	0.44
219000	0.44	0.48	0.48	0	0	0.44
219100	0.44	0.48	0.48	0	0	0.44
219200	0.44	0.48	0.48	0	0	0.44
219300	0.44	0.48	0.48	0	0	0.44
219400	0.44	0.48	0.48	0	0	0.44
219500	0.44	0.48	0.48	0	0	0.44
219600	0.44	0.48	0.48	0	0	0.44
219700	0.44	0.48	0.48	0	0	0.44
219800	0.44	0.48	0.48	0	0	0.44
219900	0.44	0.49	0.49	0	0	0.44
220000	0.44	0.48	0.48	0	0	0.44
220100	0.44	0.48	0.48	0	0	0.44
220200	0.44	0.48	0.48	0	0	0.44
220300	0.44	0.48	0.48	0	0	0.44
220400	0.44	0.48	0.48	0	0	0.44
220500	0.44	0.48	0.48	0	0	0.44
220600	0.44	0.48	0.48	0	0	0.44
220700	0.44	0.48	0.48	0	0	0.44
220800	0.44	0.48	0.48	0	0	0.44
220900	0.44	0.48	0.48	0	0	0.44
221000	0.45	0.48	0.48	0	0	0.45
221100	0.45	0.48	0.48	0	0	0.45
221200	0.45	0.48	0.48	0	0	0.45
221300	0.45	0.48	0.48	0	0	0.45
221400	0.45	0.48	0.48	0	0	0.45
221500	0.45	0.48	0.48	0	0	0.45
221600	0.45	0.48	0.48	0	0	0.45
221700	0.45	0.48	0.48	0	0	0.45
221800	0.45	0.48	0.48	0	0	0.45
221900	0.45	0.48	0.48	0	0	0.45
222000	0.45	0.48	0.48	0	0	0.45
222100	0.45	0.48	0.48	0	0	0.45
222200	0.45	0.48	0.48	0	0	0.45
222300	0.45	0.48	0.48	0	0	0.45
222400	0.45	0.48	0.48	0	0	0.45
222500	0.45	0.48	0.48	0	0	0.45
222600	0.45	0.48	0.48	0	0	0.45
222700	0.45	0.48	0.48	0	0	0.45
222800	0.45	0.48	0.48	0	0	0.45
222900	0.45	0.48	0.48	0	0	0.45
223000	0.45	0.48	0.48	0	0	0.45
223100	0.45	0.48	0.48	0	0	0.45
223200	0.45	0.48	0.48	0	0	0.45
223300	0.45	0.48	0.48	0	0	0.45
223400	0.45	0.48	0.48	0	0	0.45
223500	0.45	0.48	0.48	0	0	0.45
223600	0.45	0.48	0.48	0	0	0.45
223700	0.45	0.48	0.48	0	0	0.45
223800	0.45	0.48	0.48	0	0	0.45
223900	0.45	0.48	0.48	0	0	0.45
224000	0.45	0.48	0.48	0	0	0.45
224100	0.45	0.48	0.48	0	0	0.45
224200	0.45	0.48	0.48	0	0	0.45
224300	0.45	0.48	0.48	0	0	0.45
224400	0.45	0.48	0.48	0	0	0.45
224500	0.45	0.48	0.48	0	0	0.45
224600	0.45	0.48	0.48	0	0	0.45
224700	0.45	0.48	0.48	0	0	0.45
224800	0.45	0.48	0.48	0	0	0.45
224900	0.45	0.48	0.48	0	0	0.45
225000	0.45	0.48	0.48	0	0	0.45
225100	0.45	0.48	0.48	0	0	0.45
225200	0.45	0.48	0.48	0	0	0.45
225300	0.45	0.48	0.48	0	0	0.45
225400	0.45	0.48	0.48	0	0	0.45
225500	0.45	0.48	0.48	0	0	0.45
225600	0.45	0.48	0.48	0	0	0.45
225700	0.45	0.48	0.48	0	0	0.45
225800	0.45	0.48	0.48	0	0	0.45
225900	0.45	0.48	0.48	0	0	0.45
226000	0.45	0.48	0.48	0	0	0.45
226100	0.45	0.48	0.48	0	0	0.45
226200	0.45	0.48	0.48	0	0	0.45
226300	0.45	0.48	0.48	0	0	0.45
226400	0.45	0.48	0.48	0	0	0.45
226500	0.45	0.48	0.48	0	0	0.45
226600	0.45	0.48	0.48	0	0	0.45
226700	0.45	0.48	0.48	0	0	0.45
226800	0.45	0.48	0.48	0	0	0.45
226900	0.45	0.48	0.48	0	0	0.45
227000	0.45	0.48	0.48	0	0	0.45
227100	0.45	0.48	0.48	0	0	0.45
227200	0.45	0.48	0.48	0	0	0.45
227300	0.45	0.48	0.48	0	0	0.45
227400	0.45	0.48	0.48	0	0	0.45
227500	0.45	0.48	0.48	0	0	0.45
227600	0.45	0.48	0.48	0	0	0.45
227700	0.45	0.48	0.48	0	0	0.45
227800	0.45	0.48	0.48	0	0	0.45
227900	0.46	0.48	0.48	0	0	0.46
228000	0.45	0.48	0.48	0	0	0.45
228100	0.45	0.48	0.48	0	0	0.45
228200	0.45	0.48	0.48	0	0	0.45
228300	0.45	0.48	0.48	0	0	0.45
228400	0.45	0.48	0.48	0	0	0.45
228500	0.45	0.48	0.48	0	0	0.45
228600	0.45	0.48	0.48	0	0	0.45
228700	0.45	0.48	0.48	0	0	0.45
228800	0.45	0.48	0.48	0	0	0.45
228900	0.43	0.48	0.48	0	0	0.43
229000	0.43	0.48	0.48	0	0	0.43
229100	0.43	0.49	0.49	0	0	0.43
229200	0.43	0.48	0.48	0	0	0.43
229300	0.43	0.48	0.48	0	0	0.43
229400	0.43	0.48	0.48	0	0	0.43
229500	0.43	0.48	0.48	0	0	0.43
229600	0.43	0.48	0.48	0	0	0.43
229700	0.43	0.48	0.48	0	0	0.43
229800	0.43	0.48	0.48	0	0	0.43
229900	0.43	0.48	0.48	0	0	0.43
230000	0.43	0.48	0.48	0	0	0.43
230100	0.43	0.48	0.48	0	0	0.43
230200	0.43	0.48	0.48	0	0	0.43
230300	0.43	0.48	0.48	0	0	0.43
230400	0.43	0.48	0.48	0	0	0.43
230500	0.43	0.48	0.48	0	0	0.43
230600	0.43	0.48	0.48	0	0	0.43
230700	0.43	0.48	0.48	0	0	0.43
230800	0.43	0.48	0.48	0	0	0.43
230900	0.43	0.48	0.48	0	0	0.43
231000	0.43	0.48	0.48	0	0	0.43
231100	0.43	0.48	0.48	0	0	0.43
231200	0.45	0.48	0.48	0	0	0.45
231300	0.44	0.48	0.48	0	0	0.44
231400	0.44	0.48	0.48	0	0	0.44
231500	0.44	0.48	0.48	0	0	0.44
231600	0.44	0.48	0.48	0	0	0.44
231700	0.44	0.48	0.48	0	0	0.44
231800	0.44	0.48	0.48	0	0	0.44
231900	0.44	0.48	0.48	0	0	0.44
232000	0.44	0.48	0.48	0	0	0.44
232100	0.44	0.48	0.48	0	0	0.44
232200	0.44	0.48	0.48	0	0	0.44
232300	0.44	0.48	0.48	0	0	0.44
232400	0.44	0.48	0.48	0	0	0.44
232500	0.44	0.48	0.48	0	0	0.44
232600	0.44	0.48	0.48	0	0	0.44
232700	0.44	0.48	0.48	0	0	0.44
232800	0.44	0.48	0.48	0	0	0.44
232900	0.44	0.48	0.48	0	0	0.44
233000	0.44	0.48	0.48	0	0	0.44
233100	0.44	0.48	0.48	0	0	0.44
233200	0.44	0.48	0.48	0	0	0.44
233300	0.44	0.48	0.48	0	0	0.44
233400	0.44	0.48	0.48	0	0	0.44
233500	0.44	0.48	0.48	0	0	0.44
233600	0.45	0.48	0.48	0	0	0.45
233700	0.45	0.48	0.48	0	0	0.45
233800	0.45	0.48	0.48	0	0	0.45
233900	0.45	0.48	0.48	0	0	0.45
234000	0.45	0.48	0.48	0	0	0.45
234100	0.45	0.48	0.48	0	0	0.45
234200	0.45	0.48	0.48	0	0	0.45
234300	0.45	0.48	0.48	0	0	0.45
234400	0.45	0.48	0.48	0	0	0.45
234500	0.45	0.48	0.48	0	0	0.45
234600	0.45	0.48	0.48	0	0	0.45
234700	0.45	0.48	0.48	0	0	0.45
234800	0.45	0.48	0.48	0	0	0.45
234900	0.45	0.48	0.48	0	0	0.45
235000	0.45	0.48	0.48	0	0	0.45
235100	0.45	0.48	0.48	0	0	0.45
235200	0.45	0.48	0.48	0	0	0.45
235300	0.45	0.48	0.48	0	0	0.45
235400	0.45	0.48	0.48	0	0	0.45
235500	0.45	0.48	0.48	0	0	0.45
235600	0.45	0.48	0.48	0	0	0.45
235700	0.45	0.48	0.48	0	0	0.45
235800	0.45	0.48	0.48	0	0	0.45
235900	0.45	0.48	0.48	0	0	0.45
236000	0.45	0.48	0.48	0	0	0.45
236100	0.45	0.48	0.48	0	0	0.45
236200	0.45	0.48	0.48	0	0	0.45
236300	0.45	0.48	0.48	0	0	0.45
236400	0.45	0.48	0.48	0	0	0.45
236500	0.45	0.48	0.48	0	0	0.45
236600	0.45	0.48	0.48	0	0	0.45
236700	0.45	0.48	0.48	0	0	0.45
236800	0.45	0.48	0.48	0	0	0.45
236900	0.45	0.48	0.48	0	0	0.45
237000	0.45	0.48	0.48	0	0	0.45
237100	0.45	0.48	0.48	0	0	0.45
237200	0.45	0.48	0.48	0	0	0.45
237300	0.45	0.48	0.48	0	0	0.45
237400	0.45	0.48	0.48	0	0	0.45
237500	0.45	0.48	0.48	0	0	0.45
237600	0.45	0.48	0.48	0	0	0.45
237700	0.45	0.48	0.48	0	0	0.45
237800	0.45	0.48	0.48	0	0	0.45
237900	0.45	0.48	0.48	0	0	0.45
238000	0.45	0.48	0.48	0	0	0.45
238100	0.45	0.48	0.48	0	0	0.45
238200	0.45	0.48	0.48	0	0	0.45
238300	0.45	0.48	0.48	0	0	0.45
238400	0.45	0.48	0.48	0	0	0.45
238500	0.45	0.48	0.48	0	0	0.45
238600	0.45	0.48	0.48	0	0	0.45
238700	0.45	0.48	0.48	0	0	0.45
238800	0.45	0.48	0.48	0	0	0.45
238900	0.45	0.48	0.48	0	0	0.45
239000	0.45	0.48	0.48	0	0	0.45
239100	0.45	0.48	0.48	0	0	0.45
239200	0.45	0.48	0.48	0	0	0.45
239300	0.45	0.48	0.48	0	0	0.45
239400	0.45	0.48	0.48	0	0	0.45
239500	0.45	0.48	0.48	0	0	0.45
239600	0.45	0.48	0.48	0	0	0.45
239700	0.45	0.48	0.48	0	0	0.45
239800	0.45	0.48	0.48	0	0	0.45
239900	0.45	0.48	0.48	0	0	0.45
240000	0.45	0.48	0.48	0	0	0.45
240100	0.45	0.48	0.48	0	0	0.45
240200	0.45	0.48	0.48	0	0	0.45
240300	0.45	0.48	0.48	0	0	0.45
240400	0.45	0.48	0.48	0	0	0.45
240500	0.45	0.48	0.48	0	0	0.45
240600	0.45	0.48	0.48	0	0	0.45
240700	0.45	0.48	0.48	0	0	0.45
240800	0.45	0.48	0.48	0	0	0.45
240900	0.45	0.48	0.48	0	0	0.45
241000	0.45	0.48	0.48	0	0	0.45
241100	0.45	0.48	0.48	0	0	0.45
241200	0.45	0.48	0.48	0	0	0.45
241300	0.45	0.48	0.48	0	0	0.45
241400	0.45	0.48	0.48	0	0	0.45
241500	0.45	0.48	0.48	0	0	0.45
241600	0.45	0.48	0.48	0	0	0.45
241700	0.45	0.48	0.48	0	0	0.45
241800	0.45	0.48	0.48	0	0	0.45
241900	0.45	0.48	0.48	0	0	0.45
242000	0.45	0.48	0.48	0	0	0.45
242100	0.45	0.48	0.48	0	0	0.45
242200	0.45	0.48	0.48	0	0	0.45
242300	0.45	0.48	0.48	0	0	0.45
242400	0.45	0.48	0.48	0	0	0.45
242500	0.45	0.48	0.48	0	0	0.45
242600	0.45	0.48	0.48	0	0	0.45
242700	0.45	0.48	0.48	0	0	0.45
242800	0.45	0.48	0.48	0	0	0.45
242900	0.45	0.48	0.48	0	0	0.45
243000	0.45	0.48	0.48	0	0	0.45
243100	0.45	0.48	0.48	0	0	0.45
243200	0.45	0.48	0.48	0	0	0.45
243300	0.45	0.48	0.48	0	0	0.45
243400	0.45	0.48	0.48	0	0	0.45
243500	0.45	0.48	0.48	0	0	0.45
243600	0.45	0.48	0.48	0	0	0.45
243700	0.45	0.48	0.48	0	0	0.45
243800	0.45	0.48	0.48	0	0	0.45
243900	0.45	0.48	0.48	0	0	0.45
244000	0.45	0.48	0.48	0	0	0.45
244100	0.45	0.48	0.48	0	0	0.45
244200	0.45	0.48	0.48	0	0	0.45
244300	0.45	0.48	0.48	0	0	0.45
244400	0.45	0.48	0.48	0	0	0.45
244500	0.45	0.48	0.48	0	0	0.45
244600	0.45	0.48	0.48	0	0	0.45
244700	0.45	0.48	0.48	0	0	0.45
244800	0.45	0.48	0.48	0	0	0.45
244900	0.45	0.48	0.48	0	0	0.45
245000	0.45	0.48	0.48	0	0	0.45
245100	0.45	0.48	0.48	0	0	0.45
245200	0.45	0.48	0.48	0	0	0.45
245300	0.45	0.48	0.48	0	0	0.45
245400	0.45	0.48	0.48	0	0	0.45
245500	0.45	0.48	0.48	0	0	0.45
245600	0.45	0.48	0.48	0	0	0.45
245700	0.45	0.48	0.48	0	0	0.45
245800	0.45	0.48	0.48	0	0	0.45
245900	0.45	0.48	0.48	0	0	0.45
246000	0.45	0.48	0.48	0	0	0.45
246100	0.45	0.48	0.48	0	0	0.45
246200	0.45	0.48	0.48	0	0	0.45
246300	0.45	0.48	0.48	0	0	0.45
246400	0.45	0.48	0.48	0	0	0.45
246500	0.45	0.48	0.48	0	0	0.45
246600	0.45	0.48	0.48	0	0	0.45
246700	0.45	0.48	0.48	0	0	0.45
246800	0.45	0.48	0.48	0	0	0.45
246900	0.45	0.48	0.48	0	0	0.45
247000	0.45	0.48	0.48	0	0	0.45
247100	0.45	0.48	0.48	0	0	0.45
247200	0.45	0.48	0.48	0	0	0.45
247300	0.45	0.48	0.48	0	0	0.45
247400	0.45	0.48	0.48	0	0	0.45
247500	0.45	0.48	0.48	0	0	0.45
247600	0.45	0.48	0.48	0	0	0.45
247700	0.45	0.48	0.48	0	0	0.45
247800	0.45	0.48	0.48	0	0	0.45
247900	0.45	0.48	0.48	0	0	0.45
248000	0.45	0.48	0.48	0	0	0.45
248100	0.45	0.48	0.48	0	0	0.45
248200	0.45	0.48	0.48	0	0	0.45
248300	0.45	0.48	0.48	0	0	0.45
248400	0.45	0.48	0.48	0	0	0.45
248500	0.45	0.48	0.48	0	0	0.45
248600	0.45	0.48	0.48	0	0	0.45
248700	0.45	0.48	0.48	0	0	0.45
248800	0.45	0.48	0.48	0	0	0.45
248900	0.45	0.48	0.48	0	0	0.45
249000	0.45	0.48	0.48	0	0	0.45
249100	0.45	0.48	0.48	0	0	0.45
249200	0.45	0.48	0.48	0	0	0.45
249300	0.45	0.48	0.48	0	0	0.45
249400	0.45	0.48	0.48	0	0	0.45
249500	0.45	0.48	0.48	0	0	0.45
249600	0.45	0.48	0.48	0	0	0.45
249700	0.45	0.48	0.48	0	0	0.45
249800	0.45	0.48	0.48	0	0	0.45
249900	0.45	0.48	0.48	0	0	0.45
250000	0.45	0.48	0.48	0	0	0.45
250100	0.45	0.48	0.48	0	0	0.45
250200	0.45	0.48	0.48	0	0	0.45
250300	0.45	0.48	0.48	0	0	0.45
250400	0.45	0.48	0.48	0	0	0.45
250500	0.45	0.48	0.48	0	0	0.45
250600	0.45	0.48	0.48	0	0	0.45
250700	0.45	0.48	0.48	0	0	0.45
250800	0.45	0.48	0.48	0	0	0.45
250900	0.45	0.48	0.48	0	0	0.45
251000	0.45	0.48	0.48	0	0	0.45
251100	0.45	0.48	0.48	0	0	0.45
251200	0.45	0.48	0.48	0	0	0.45
251300	0.45	0.48	0.48	0	0	0.45
251400	0.45	0.48	0.48	0	0	0.45
251500	0.45	0.48	0.48	0	0	0.45
251600	0.45	0.48	0.48	0	0	0.45
251700	0.45	0.48	0.48	0	0	0.45
251800	0.45	0.48	0.48	0	0	0.45
251900	0.45	0.48	0.48	0	0	0.45
252000	0.45	0.48	0.48	0	0	0.45
252100	0.45	0.48	0.48	0	0	0.45
252200	0.45	0.48	0.48	0	0	0.45
252300	0.45	0.48	0.48	0	0	0.45
252400	0.45	0.48	0.48	0	0	0.45
252500	0.45	0.48	0.48	0	0	0.45
252600	0.45	0.48	0.48	0	0	0.45
252700	0.45	0.48	0.48	0	0	0.45
252800	0.45	0.48	0.48	0	0	0.45
252900	0.45	0.48	0.48	0	0	0.45
253000	0.45	0.48	0.48	0	0	0.45
253100	0.45	0.48	0.48	0	0	0.45
253200	0.45	0.48	0.48	0	0	0.45
253300	0.45	0.48	0.48	0	0	0.45
253400	0.45	0.48	0.48	0	0	0.45
253500	0.45	0.48	0.48	0	0	0.45
253600	0.45	0.48	0.48	0	0	0.45
253700	0.45	0.48	0.48	0	0	0.45
253800	0.45	0.48	0.48	0	0	0.45
253900	0.45	0.48	0.48	0	0	0.45
254000	0.45	0.48	0.48	0	0	0.45
254100	0.45	0.48	0.48	0	0	0.45
254200	0.45	0.48	0.48	0	0	0.45
254300	0.45	0.48	0.48	0	0	0.45
254400	0.45	0.48	0.48	0	0	0.45
254500	0.45	0.48	0.48	0	0	0.45
254600	0.45	0.48	0.48	0	0	0.45
254700	0.45	0.48	0.48	0	0	0.45
254800	0.45	0.48	0.48	0	0	0.45
254900	0.45	0.48	0.48	0	0	0.45
255000	0.45	0.48	0.48	0	0	0.45
255100	0.45	0.48	0.48	0	0	0.45
255200	0.45	0.48	0.48	0	0	0.45
255300	0.45	0.48	0.48	0	0	0.45
255400	0.45	0.48	0.48	0	0	0.45
255500	0.45	0.48	0.48	0	0	0.45
255600	0.45	0.48	0.48	0	0	0.45
255700	0.45	0.48	0.48	0	0	0.45
255800	0.45	0.48	0.48	0	0	0.45
255900	0.45	0.48	0.48	0	0	0.45
256000	0.45	0.48	0.48	0	0	0.45
256100	0.45	0.48	0.48	0	0	0.45
256200	0.45	0.48	0.48	0	0	0.45
256300	0.45	0.48	0.48	0	0	0.45
256400	0.45	0.48	0.48	0	0	0.45
256500	0.45	0.48	0.48	0	0	0.45
256600	0.45	0.48	0.48	0	0	0.45
256700	0.45	0.48	0.48	0	0	0.45
256800	0.45	0.48	0.48	0	0	0.45
256900	0.45	0.48	0.48	0	0	0.45
257000	0.45	0.48	0.48	0	0	0.45
257100	0.45	0.48	0.48	0	0	0.45
257200	0.45	0.48	0.48	0	0	0.45
257300	0.45	0.48	0.48	0	0	0.45
257400	0.45	0.48	0.48	0	0	0.45
257500	0.45	0.48	0.48	0	0	0.45
257600	0.45	0.48	0.48	0	0	0.45
257700	0.45	0.48	0.48	0	0	0.45
257800	0.45	0.48	0.48	0	0	0.45
257900	0.45	0.48	0.48	0	0	0.45
258000	0.44	0.48	0.48	0	0	0.44
258100	0.44	0.48	0.48	0	0	0.44
258200	0.44	0.48	0.48	0	0	0.44
258300	0.44	0.48	0.48	0	0	0.44
258400	0.44	0.48	0.48	0	0	0.44
258500	0.44	0.48	0.48	0	0	0.44
258600	0.44	0.48	0.48	0	0	0.44
258700	0.44	0.48	0.48	0	0	0.44
258800	0.44	0.48	0.48	0	0	0.44
258900	0.44	0.48	0.48	0	0	0.44
259000	0.44	0.48	0.48	0	0	0.44
259100	0.44	0.48	0.48	0	0	0.44
259200	0.44	0.48	0.48	0	0	0.44
259300	0.44	0.48	0.48	0	0	0.44
259400	0.44	0.48	0.48	0	0	0.44
259500	0.44	0.48	0.48	0	0	0.44
259600	0.44	0.48	0.48	0	0	0.44
259700	0.44	0.48	0.48	0	0	0.44
259800	0.44	0.48	0.48	0	0	0.44
259900	0.44	0.48	0.48	0	0	0.44
260000	0.44	0.48	0.48	0	0	0.44
260100	0.44	0.48	0.48	0	0	0.44
260200	0.44	0.48	0.48	0	0	0.44
260300	0.44	0.48	0.48	0	0	0.44
260400	0.44	0.48	0.48	0	0	0.44
260500	0.44	0.48	0.48	0	0	0.44
260600	0.44	0.48	0.48	0	0	0.44
260700	0.44	0.48	0.48	0	0	0.44
260800	0.44	0.48	0.48	0	0	0.44
260900	0.44	0.48	0.48	0	0	0.44
261000	0.44	0.48	0.48	0	0	0.44
261100	0.44	0.48	0.48	0	0	0.44
261200	0.44	0.48	0.48	0	0	0.44
261300	0.44	0.48	0.48	0	0	0.44
261400	0.44	0.47	0.47	0	0	0.44
261500	0.44	0.47	0.47	0	0	0.44
261600	0.44	0.47	0.47	0	0	0.44
261700	0.44	0.47	0.47	0	0	0.44
261800	0.44	0.47	0.47	0	0	0.44
261900	0.44	0.47	0.47	0	0	0.44
262000	0.44	0.47	0.47	0	0	0.44
262100	0.44	0.47	0.47	0	0	0.44
262200	0.44	0.47	0.47	0	0	0.44
262300	0.44	0.47	0.47	0	0	0.44
262400	0.44	0.47	0.47	0	0	0.44
262500	0.44	0.47	0.47	0	0	0.44
262600	0.44	0.47	0.47	0	0	0.44
262700	0.44	0.47	0.47	0	0	0.44
262800	0.44	0.47	0.47	0	0	0.44
262900	0.44	0.46	0.46	0	0	0.44
263000	0.44	0.46	0.46	0	0	0.44
263100	0.45	0.46	0.46	0	0	0.45
263200	0.45	0.46	0.46	0	0	0.45
263300	0.44	0.46	0.46	0	0	0.44
263400	0.44	0.46	0.46	0	0	0.44
263500	0.44	0.46	0.46	0	0	0.44
263600	0.44	0.46	0.46	0	0	0.44
263700	0.44	0.46	0.46	0	0	0.44
263800	0.44	0.46	0.46	0	0	0.44
263900	0.44	0.46	0.46	0	0	0.44
264000	0.44	0.46	0.46	0	0	0.44
264100	0.44	0.46	0.46	0	0	0.44
264200	0.44	0.46	0.46	0	0	0.44
264300	0.44	0.46	0.46	0	0	0.44
264400	0.44	0.46	0.46	0	0	0.44
264500	0.44	0.46	0.46	0	0	0.44
264600	0.44	0.46	0.46	0	0	0.44
264700	0.45	0.46	0.46	0	0	0.45
264800	0.44	0.46	0.46	0	0	0.44
264900	0.44	0.46	0.46	0	0	0.44
265000	0.43	0.46	0.46	0	0	0.43
265100	0.43	0.46	0.46	0	0	0.43
265200	0.43	0.46	0.46	0	0	0.43
265300	0.43	0.46	0.46	0	0	0.43
265400	0.43	0.46	0.46	0	0	0.43
265500	0.43	0.46	0.46	0	0	0.43
265600	0.43	0.46	0.46	0	0	0.43
265700	0.43	0.46	0.46	0	0	0.43
265800	0.43	0.46	0.46	0	0	0.43
265900	0.43	0.46	0.46	0	0	0.43
266000	0.43	0.46	0.46	0	0	0.43
266100	0.43	0.46	0.46	0	0	0.43
266200	0.43	0.46	0.46	0	0	0.43
266300	0.43	0.46	0.46	0	0	0.43
266400	0.43	0.47	0.47	0	0	0.43
266500	0.43	0.46	0.46	0	0	0.43
266600	0.43	0.46	0.46	0	0	0.43
266700	0.42	0.46	0.46	0	0	0.42
266800	0.42	0.46	0.46	0	0	0.42
266900	0.42	0.46	0.46	0	0	0.42
267000	0.42	0.46	0.46	0	0	0.42
267100	0.42	0.46	0.46	0	0	0.42
267200	0.42	0.47	0.47	0	0	0.42
267300	0.42	0.47	0.47	0	0	0.42
267400	0.42	0.47	0.47	0	0	0.42
267500	0.42	0.47	0.47	0	0	0.42
267600	0.42	0.48	0.48	0	0	0.42
267700	0.42	0.47	0.47	0	0	0.42
267800	0.42	0.47	0.47	0	0	0.42
267900	0.42	0.47	0.47	0	0	0.42
268000	0.42	0.48	0.48	0	0	0.42
268100	0.42	0.48	0.48	0	0	0.42
268200	0.42	0.48	0.48	0	0	0.42
268300	0.42	0.48	0.48	0	0	0.42
268400	0.42	0.47	0.47	0	0	0.42
268500	0.42	0.47	0.47	0	0	0.42
268600	0.42	0.47	0.47	0	0	0.42
268700	0.43	0.47	0.47	0	0	0.43
268800	0.42	0.47	0.47	0	0	0.42
268900	0.42	0.47	0.47	0	0	0.42
269000	0.43	0.47	0.47	0	0	0.43
269100	0.42	0.47	0.47	0	0	0.42
269200	0.42	0.47	0.47	0	0	0.42
269300	0.42	0.47	0.47	0	0	0.42
269400	0.42	0.47	0.47	0	0	0.42
269500	0.42	0.47	0.47	0	0	0.42
269600	0.42	0.47	0.47	0	0	0.42
269700	0.42	0.47	0.47	0	0	0.42
269800	0.42	0.47	0.47	0	0	0.42
269900	0.42	0.47	0.47	0	0	0.42
270000	0.42	0.47	0.47	0	0	0.42
270100	0.42	0.48	0.48	0	0	0.42
270200	0.42	0.47	0.47	0	0	0.42
270300	0.42	0.47	0.47	0	0	0.42
270400	0.42	0.46	0.46	0	0	0.42
270500	0.42	0.46	0.46	0	0	0.42
270600	0.42	0.46	0.46	0	0	0.42
270700	0.42	0.46	0.46	0	0	0.42
270800	0.42	0.46	0.46	0	0	0.42
270900	0.42	0.46	0.46	0	0	0.42
271000	0.42	0.46	0.46	0	0	0.42
271100	0.42	0.46	0.46	0	0	0.42
271200	0.42	0.46	0.46	0	0	0.42
271300	0.42	0.46	0.46	0	0	0.42
271400	0.42	0.46	0.46	0	0	0.42
271500	0.42	0.47	0.47	0	0	0.42
271600	0.42	0.46	0.46	0	0	0.42
271700	0.42	0.46	0.46	0	0	0.42
271800	0.42	0.46	0.46	0	0	0.42
271900	0.42	0.46	0.46	0	0	0.42
272000	0.42	0.46	0.46	0	0	0.42
272100	0.42	0.46	0.46	0	0	0.42
272200	0.42	0.46	0.46	0	0	0.42
272300	0.43	0.46	0.46	0	0	0.43
272400	0.43	0.46	0.46	0	0	0.43
272500	0.43	0.46	0.46	0	0	0.43
272600	0.43	0.46	0.46	0	0	0.43
272700	0.43	0.46	0.46	0	0	0.43
272800	0.43	0.46	0.46	0	0	0.43
272900	0.43	0.46	0.46	0	0	0.43
273000	0.43	0.46	0.46	0	0	0.43
273100	0.43	0.46	0.46	0	0	0.43
273200	0.43	0.46	0.46	0	0	0.43
273300	0.43	0.46	0.46	0	0	0.43
273400	0.43	0.46	0.46	0	0	0.43
273500	0.43	0.46	0.46	0	0	0.43
273600	0.43	0.46	0.46	0	0	0.43
273700	0.43	0.46	0.46	0	0	0.43
273800	0.43	0.46	0.46	0	0	0.43
273900	0.43	0.46	0.46	0	0	0.43
274000	0.43	0.46	0.46	0	0	0.43
274100	0.43	0.46	0.46	0	0	0.43
274200	0.43	0.46	0.46	0	0	0.43
274300	0.42	0.46	0.46	0	0	0.42
274400	0.42	0.46	0.46	0	0	0.42
274500	0.42	0.46	0.46	0	0	0.42
274600	0.42	0.46	0.46	0	0	0.42
274700	0.42	0.46	0.46	0	0	0.42
274800	0.42	0.46	0.46	0	0	0.42
274900	0.42	0.46	0.46	0	0	0.42
275000	0.42	0.46	0.46	0	0	0.42
275100	0.42	0.46	0.46	0	0	0.42
275200	0.42	0.47	0.47	0	0	0.42
275300	0.42	0.47	0.47	0	0	0.42
275400	0.42	0.47	0.47	0	0	0.42
275500	0.42	0.47	0.47	0	0	0.42
275600	0.42	0.47	0.47	0	0	0.42
275700	0.42	0.47	0.47	0	0	0.42
275800	0.42	0.47	0.47	0	0	0.42
275900	0.42	0.47	0.47	0	0	0.42
276000	0.42	0.47	0.47	0	0	0.42
276100	0.42	0.47	0.47	0	0	0.42
276200	0.42	0.47	0.47	0	0	0.42
276300	0.42	0.47	0.47	0	0	0.42
276400	0.43	0.47	0.47	0	0	0.43
276500	0.43	0.47	0.47	0	0	0.43
276600	0.43	0.47	0.47	0	0	0.43
276700	0.43	0.47	0.47	0	0	0.43
276800	0.43	0.47	0.47	0	0	0.43
276900	0.43	0.47	0.47	0	0	0.43
277000	0.43	0.47	0.47	0	0	0.43
277100	0.43	0.47	0.47	0	0	0.43
277200	0.43	0.47	0.47	0	0	0.43
277300	0.43	0.47	0.47	0	0	0.43
277400	0.43	0.47	0.47	0	0	0.43
277500	0.43	0.47	0.47	0	0	0.43
277600	0.43	0.47	0.47	0	0	0.43
277700	0.43	0.47	0.47	0	0	0.43
277800	0.43	0.47	0.47	0	0	0.43
277900	0.43	0.47	0.47	0	0	0.43
278000	0.43	0.47	0.47	0	0	0.43
278100	0.43	0.47	0.47	0	0	0.43
278200	0.43	0.47	0.47	0	0	0.43
278300	0.43	0.47	0.47	0	0	0.43
278400	0.43	0.47	0.47	0	0	0.43
278500	0.43	0.47	0.47	0	0	0.43
278600	0.43	0.47	0.47	0	0	0.43
278700	0.43	0.47	0.47	0	0	0.43
278800	0.43	0.47	0.47	0	0	0.43
278900	0.43	0.47	0.47	0	0	0.43
279000	0.43	0.47	0.47	0	0	0.43
279100	0.43	0.47	0.47	0	0	0.43
279200	0.43	0.47	0.47	0	0	0.43
279300	0.43	0.47	0.47	0	0	0.43
279400	0.43	0.47	0.47	0	0	0.43
279500	0.43	0.47	0.47	0	0	0.43
279600	0.43	0.47	0.47	0	0	0.43
279700	0.44	0.47	0.47	0	0	0.44
279800	0.44	0.47	0.47	0	0	0.44
279900	0.44	0.47	0.47	0	0	0.44
280000	0.44	0.47	0.47	0	0	0.44
280100	0.44	0.47	0.47	0	0	0.44
280200	0.44	0.47	0.47	0	0	0.44
280300	0.44	0.47	0.47	0	0	0.44
280400	0.44	0.47	0.47	0	0	0.44
280500	0.44	0.47	0.47	0	0	0.44
280600	0.44	0.47	0.47	0	0	0.44
280700	0.44	0.47	0.47	0	0	0.44
280800	0.44	0.47	0.47	0	0	0.44
280900	0.44	0.47	0.47	0	0	0.44
281000	0.44	0.47	0.47	0	0	0.44
281100	0.44	0.47	0.47	0	0	0.44
281200	0.44	0.47	0.47	0	0	0.44
281300	0.44	0.47	0.47	0	0	0.44
281400	0.45	0.47	0.47	0	0	0.45
281500	0.43	0.47	0.47	0	0	0.43
281600	0.43	0.47	0.47	0	0	0.43
281700	0.43	0.47	0.47	0	0	0.43
281800	0.42	0.47	0.47	0	0	0.42
281900	0.42	0.47	0.47	0	0	0.42
282000	0.42	0.47	0.47	0	0	0.42
282100	0.42	0.47	0.47	0	0	0.42
282200	0.42	0.47	0.47	0	0	0.42
282300	0.42	0.47	0.47	0	0	0.42
282400	0.42	0.47	0.47	0	0	0.42
282500	0.42	0.47	0.47	0	0	0.42
282600	0.42	0.47	0.47	0	0	0.42
282700	0.43	0.47	0.47	0	0	0.43
282800	0.43	0.47	0.47	0	0	0.43
282900	0.43	0.47	0.47	0	0	0.43
283000	0.43	0.47	0.47	0	0	0.43
283100	0.43	0.47	0.47	0	0	0.43
283200	0.43	0.47	0.47	0	0	0.43
283300	0.43	0.47	0.47	0	0	0.43
283400	0.44	0.47	0.47	0	0	0.44
283500	0.43	0.47	0.47	0	0	0.43
283600	0.43	0.47	0.47	0	0	0.43
283700	0.43	0.47	0.47	0	0	0.43
283800	0.43	0.47	0.47	0	0	0.43
283900	0.43	0.47	0.47	0	0	0.43
284000	0.43	0.47	0.47	0	0	0.43
284100	0.43	0.47	0.47	0	0	0.43
284200	0.43	0.47	0.47	0	0	0.43
284300	0.43	0.47	0.47	0	0	0.43
284400	0.43	0.47	0.47	0	0	0.43
284500	0.44	0.47	0.47	0	0	0.44
284600	0.43	0.47	0.47	0	0	0.43
284700	0.43	0.47	0.47	0	0	0.43
284800	0.43	0.47	0.47	0	0	0.43
284900	0.43	0.47	0.47	0	0	0.43
285000	0.43	0.47	0.47	0	0	0.43
285100	0.43	0.47	0.47	0	0	0.43
285200	0.43	0.47	0.47	0	0	0.43
285300	0.43	0.47	0.47	0	0	0.43
285400	0.43	0.47	0.47	0	0	0.43
285500	0.43	0.47	0.47	0	0	0.43
285600	0.43	0.47	0.47	0	0	0.43
285700	0.43	0.47	0.47	0	0	0.43
285800	0.43	0.47	0.47	0	0	0.43
285900	0.43	0.47	0.47	0	0	0.43
286000	0.43	0.47	0.47	0	0	0.43
286100	0.43	0.47	0.47	0	0	0.43
286200	0.43	0.47	0.47	0	0	0.43
286300	0.43	0.47	0.47	0	0	0.43
286400	0.43	0.47	0.47	0	0	0.43
286500	0.43	0.47	0.47	0	0	0.43
286600	0.43	0.47	0.47	0	0	0.43
286700	0.43	0.47	0.47	0	0	0.43
286800	0.43	0.47	0.47	0	0	0.43
286900	0.43	0.47	0.47	0	0	0.43
287000	0.43	0.47	0.47	0	0	0.43
287100	0.43	0.47	0.47	0	0	0.43
287200	0.43	0.47	0.47	0	0	0.43
287300	0.43	0.47	0.47	0	0	0.43
287400	0.43	0.47	0.47	0	0	0.43
287500	0.43	0.47	0.47	0	0	0.43
287600	0.43	0.47	0.47	0	0	0.43
287700	0.43	0.47	0.47	0	0	0.43
287800	0.43	0.47	0.47	0	0	0.43
287900	0.43	0.47	0.47	0	0	0.43
288000	0.43	0.47	0.47	0	0	0.43
288100	0.44	0.47	0.47	0	0	0.44
288200	0.43	0.47	0.47	0	0	0.43
288300	0.43	0.47	0.47	0	0	0.43
288400	0.43	0.47	0.47	0	0	0.43
288500	0.43	0.47	0.47	0	0	0.43
288600	0.43	0.47	0.47	0	0	0.43
288700	0.43	0.47	0.47	0	0	0.43
288800	0.43	0.47	0.47	0	0	0.43
288900	0.43	0.47	0.47	0	0	0.43
289000	0.43	0.47	0.47	0	0	0.43
289100	0.43	0.47	0.47	0	0	0.43
289200	0.43	0.47	0.47	0	0	0.43
289300	0.43	0.47	0.47	0	0	0.43
289400	0.43	0.47	0.47	0	0	0.43
289500	0.43	0.47	0.47	0	0	0.43
289600	0.43	0.47	0.47	0	0	0.43
289700	0.43	0.47	0.47	0	0	0.43
289800	0.43	0.47	0.47	0	0	0.43
289900	0.43	0.47	0.47	0	0	0.43
290000	0.43	0.47	0.47	0	0	0.43
290100	0.43	0.47	0.47	0	0	0.43
290200	0.43	0.47	0.47	0	0	0.43
290300	0.43	0.47	0.47	0	0	0.43
290400	0.43	0.47	0.47	0	0	0.43
290500	0.43	0.47	0.47	0	0	0.43
290600	0.43	0.47	0.47	0	0	0.43
290700	0.44	0.47	0.47	0	0	0.44
290800	0.44	0.47	0.47	0	0	0.44
290900	0.45	0.47	0.47	0	0	0.45
291000	0.45	0.47	0.47	0	0	0.45
291100	0.45	0.47	0.47	0	0	0.45
291200	0.45	0.47	0.47	0	0	0.45
291300	0.45	0.47	0.47	0	0	0.45
291400	0.45	0.47	0.47	0	0	0.45
291500	0.45	0.47	0.47	0	0	0.45
291600	0.45	0.47	0.47	0	0	0.45
291700	0.45	0.47	0.47	0	0	0.45
291800	0.45	0.47	0.47	0	0	0.45
291900	0.44	0.47	0.47	0	0	0.44
292000	0.44	0.47	0.47	0	0	0.44
292100	0.44	0.47	0.47	0	0	0.44
292200	0.44	0.47	0.47	0	0	0.44
292300	0.44	0.47	0.47	0	0	0.44
292400	0.44	0.47	0.47	0	0	0.44
292500	0.44	0.47	0.47	0	0	0.44
292600	0.44	0.47	0.47	0	0	0.44
292700	0.44	0.47	0.47	0	0	0.44
292800	0.44	0.47	0.47	0	0	0.44
292900	0.44	0.47	0.47	0	0	0.44
293000	0.44	0.47	0.47	0	0	0.44
293100	0.44	0.47	0.47	0	0	0.44
293200	0.44	0.47	0.47	0	0	0.44
293300	0.44	0.47	0.47	0	0	0.44
293400	0.44	0.47	0.47	0	0	0.44
293500	0.44	0.47	0.47	0	0	0.44
293600	0.44	0.47	0.47	0	0	0.44
293700	0.44	0.46	0.46	0	0	0.44
293800	0.44	0.46	0.46	0	0	0.44
293900	0.44	0.46	0.46	0	0	0.44
294000	0.44	0.46	0.46	0	0	0.44
294100	0.44	0.46	0.46	0	0	0.44
294200	0.44	0.46	0.46	0	0	0.44
294300	0.44	0.46	0.46	0	0	0.44
294400	0.44	0.46	0.46	0	0	0.44
294500	0.44	0.46	0.46	0	0	0.44
294600	0.44	0.46	0.46	0	0	0.44
294700	0.44	0.46	0.46	0	0	0.44
294800	0.44	0.46	0.46	0	0	0.44
294900	0.44	0.46	0.46	0	0	0.44
295000	0.44	0.46	0.46	0	0	0.44
295100	0.44	0.46	0.46	0	0	0.44
295200	0.44	0.46	0.46	0	0	0.44
295300	0.44	0.46	0.46	0	0	0.44
295400	0.44	0.46	0.46	0	0	0.44
295500	0.44	0.46	0.46	0	0	0.44
295600	0.44	0.46	0.46	0	0	0.44
295700	0.44	0.46	0.46	0	0	0.44
295800	0.44	0.46	0.46	0	0	0.44
295900	0.45	0.46	0.46	0	0	0.45
296000	0.44	0.46	0.46	0	0	0.44
296100	0.44	0.46	0.46	0	0	0.44
296200	0.44	0.46	0.46	0	0	0.44
296300	0.44	0.46	0.46	0	0	0.44
296400	0.44	0.46	0.46	0	0	0.44
296500	0.44	0.46	0.46	0	0	0.44
296600	0.44	0.46	0.46	0	0	0.44
296700	0.44	0.47	0.47	0	0	0.44
296800	0.44	0.46	0.46	0	0	0.44
296900	0.43	0.46	0.46	0	0	0.43
297000	0.43	0.46	0.46	0	0	0.43
297100	0.43	0.46	0.46	0	0	0.43
297200	0.44	0.46	0.46	0	0	0.44
297300	0.44	0.46	0.46	0	0	0.44
297400	0.43	0.46	0.46	0	0	0.43
297500	0.43	0.46	0.46	0	0	0.43
297600	0.43	0.46	0.46	0	0	0.43
297700	0.43	0.46	0.46	0	0	0.43
297800	0.43	0.46	0.46	0	0	0.43
297900	0.43	0.46	0.46	0	0	0.43
298000	0.43	0.46	0.46	0	0	0.43
298100	0.43	0.46	0.46	0	0	0.43
298200	0.43	0.46	0.46	0	0	0.43
298300	0.43	0.46	0.46	0	0	0.43
298400	0.43	0.46	0.46	0	0	0.43
298500	0.43	0.46	0.46	0	0	0.43
298600	0.43	0.46	0.46	0	0	0.43
298700	0.43	0.46	0.46	0	0	0.43
298800	0.43	0.46	0.46	0	0	0.43
298900	0.43	0.46	0.46	0	0	0.43
299000	0.43	0.46	0.46	0	0	0.43
299100	0.43	0.46	0.46	0	0	0.43
299200	0.43	0.47	0.47	0	0	0.43
299300	0.43	0.46	0.46	0	0	0.43
299400	0.43	0.47	0.47	0	0	0.43
299500	0.43	0.47	0.47	0	0	0.43
299600	0.43	0.47	0.47	0	0	0.43
299700	0.43	0.47	0.47	0	0	0.43
299800	0.42	0.47	0.47	0	0	0.42
299900	0.42	0.47	0.47	0	0	0.42
300000	0.42	0.47	0.47	0	0	0.42
