100	0.09	0.06	0.06	0	0	0.09
200	0.11	0.06	0.06	0	0	0.11
300	0.08	0.05	0.05	0	0	0.08
400	0.09	0.04	0.04	0	0	0.09
500	0.09	0.06	0.06	0	0	0.09
600	0.09	0.07	0.07	0	0	0.09
700	0.1	0.07	0.07	0	0	0.1
800	0.1	0.08	0.08	0	0	0.1
900	0.12	0.1	0.1	0	0	0.12
1000	0.11	0.12	0.12	0	0	0.11
1100	0.13	0.12	0.12	0	0	0.13
1200	0.14	0.12	0.12	0	0	0.14
1300	0.14	0.13	0.13	0	0	0.14
1400	0.14	0.15	0.15	0	0	0.14
1500	0.14	0.13	0.13	0	0	0.14
1600	0.13	0.14	0.14	0	0	0.13
1700	0.14	0.14	0.14	0	0	0.14
1800	0.14	0.14	0.14	0	0	0.14
1900	0.16	0.12	0.12	0	0	0.16
2000	0.15	0.13	0.13	0	0	0.15
2100	0.15	0.13	0.13	0	0	0.15
2200	0.16	0.12	0.12	0	0	0.16
2300	0.16	0.12	0.12	0	0	0.16
2400	0.18	0.12	0.12	0	0	0.18
2500	0.2	0.13	0.13	0	0	0.2
2600	0.18	0.15	0.15	0	0	0.18
2700	0.19	0.15	0.15	0	0	0.19
2800	0.19	0.16	0.16	0	0	0.19
2900	0.18	0.17	0.17	0	0	0.18
3000	0.18	0.18	0.18	0	0	0.18
3100	0.22	0.19	0.19	0	0	0.22
3200	0.23	0.19	0.19	0	0	0.23
3300	0.23	0.19	0.19	0	0	0.23
3400	0.2	0.18	0.18	0	0	0.2
3500	0.2	0.2	0.2	0	0	0.2
3600	0.19	0.19	0.19	0	0	0.19
3700	0.2	0.19	0.19	0	0	0.2
3800	0.21	0.19	0.19	0	0	0.21
3900	0.2	0.2	0.2	0	0	0.2
4000	0.2	0.2	0.2	0	0	0.2
4100	0.2	0.19	0.19	0	0	0.2
4200	0.19	0.2	0.2	0	0	0.19
4300	0.19	0.2	0.2	0	0	0.19
4400	0.2	0.22	0.22	0	0	0.2
4500	0.19	0.23	0.23	0	0	0.19
4600	0.19	0.23	0.23	0	0	0.19
4700	0.19	0.24	0.24	0	0	0.19
4800	0.19	0.25	0.25	0	0	0.19
4900	0.19	0.26	0.26	0	0	0.19
5000	0.19	0.26	0.26	0	0	0.19
5100	0.19	0.27	0.27	0	0	0.19
5200	0.19	0.27	0.27	0	0	0.19
5300	0.19	0.26	0.26	0	0	0.19
5400	0.2	0.27	0.27	0	0	0.2
5500	0.21	0.27	0.27	0	0	0.21
5600	0.24	0.26	0.26	0	0	0.24
5700	0.24	0.25	0.25	0	0	0.24
5800	0.24	0.24	0.24	0	0	0.24
5900	0.24	0.25	0.25	0	0	0.24
6000	0.21	0.25	0.25	0	0	0.21
6100	0.2	0.24	0.24	0	0	0.2
6200	0.21	0.24	0.24	0	0	0.21
6300	0.22	0.25	0.25	0	0	0.22
6400	0.21	0.26	0.26	0	0	0.21
6500	0.19	0.26	0.26	0	0	0.19
6600	0.18	0.26	0.26	0	0	0.18
6700	0.17	0.26	0.26	0	0	0.17
6800	0.18	0.25	0.25	0	0	0.18
6900	0.18	0.25	0.25	0	0	0.18
7000	0.2	0.25	0.25	0	0	0.2
7100	0.21	0.24	0.24	0	0	0.21
7200	0.22	0.24	0.24	0	0	0.22
7300	0.23	0.25	0.25	0	0	0.23
7400	0.22	0.27	0.27	0	0	0.22
7500	0.21	0.26	0.26	0	0	0.21
7600	0.23	0.25	0.25	0	0	0.23
7700	0.23	0.25	0.25	0	0	0.23
7800	0.23	0.24	0.24	0	0	0.23
7900	0.23	0.24	0.24	0	0	0.23
8000	0.23	0.25	0.25	0	0	0.23
8100	0.23	0.25	0.25	0	0	0.23
8200	0.24	0.25	0.25	0	0	0.24
8300	0.24	0.25	0.25	0	0	0.24
8400	0.24	0.25	0.25	0	0	0.24
8500	0.26	0.25	0.25	0	0	0.26
8600	0.26	0.25	0.25	0	0	0.26
8700	0.26	0.25	0.25	0	0	0.26
8800	0.26	0.26	0.26	0	0	0.26
8900	0.26	0.25	0.25	0	0	0.26
9000	0.26	0.25	0.25	0	0	0.26
9100	0.27	0.25	0.25	0	0	0.27
9200	0.27	0.25	0.25	0	0	0.27
9300	0.29	0.24	0.24	0	0	0.29
9400	0.29	0.25	0.25	0	0	0.29
9500	0.29	0.25	0.25	0	0	0.29
9600	0.3	0.26	0.26	0	0	0.3
9700	0.3	0.26	0.26	0	0	0.3
9800	0.31	0.26	0.26	0	0	0.31
9900	0.31	0.27	0.27	0	0	0.31
10000	0.3	0.27	0.27	0	0	0.3
10100	0.3	0.28	0.28	0	0	0.3
10200	0.3	0.28	0.28	0	0	0.3
10300	0.29	0.28	0.28	0	0	0.29
10400	0.29	0.28	0.28	0	0	0.29
10500	0.28	0.28	0.28	0	0	0.28
10600	0.27	0.28	0.28	0	0	0.27
10700	0.26	0.28	0.28	0	0	0.26
10800	0.26	0.28	0.28	0	0	0.26
10900	0.26	0.27	0.27	0	0	0.26
11000	0.26	0.28	0.28	0	0	0.26
11100	0.26	0.26	0.26	0	0	0.26
11200	0.26	0.26	0.26	0	0	0.26
11300	0.26	0.25	0.25	0	0	0.26
11400	0.26	0.26	0.26	0	0	0.26
11500	0.27	0.26	0.26	0	0	0.27
11600	0.26	0.26	0.26	0	0	0.26
11700	0.26	0.26	0.26	0	0	0.26
11800	0.26	0.26	0.26	0	0	0.26
11900	0.27	0.26	0.26	0	0	0.27
12000	0.27	0.27	0.27	0	0	0.27
12100	0.28	0.26	0.26	0	0	0.28
12200	0.28	0.27	0.27	0	0	0.28
12300	0.28	0.26	0.26	0	0	0.28
12400	0.28	0.25	0.25	0	0	0.28
12500	0.28	0.26	0.26	0	0	0.28
12600	0.28	0.26	0.26	0	0	0.28
12700	0.29	0.26	0.26	0	0	0.29
12800	0.29	0.26	0.26	0	0	0.29
12900	0.29	0.26	0.26	0	0	0.29
13000	0.29	0.26	0.26	0	0	0.29
13100	0.3	0.27	0.27	0	0	0.3
13200	0.31	0.29	0.29	0	0	0.31
13300	0.31	0.28	0.28	0	0	0.31
13400	0.31	0.28	0.28	0	0	0.31
13500	0.31	0.28	0.28	0	0	0.31
13600	0.31	0.29	0.29	0	0	0.31
13700	0.31	0.29	0.29	0	0	0.31
13800	0.31	0.29	0.29	0	0	0.31
13900	0.31	0.29	0.29	0	0	0.31
14000	0.32	0.28	0.28	0	0	0.32
14100	0.32	0.29	0.29	0	0	0.32
14200	0.32	0.29	0.29	0	0	0.32
14300	0.32	0.29	0.29	0	0	0.32
14400	0.32	0.29	0.29	0	0	0.32
14500	0.32	0.29	0.29	0	0	0.32
14600	0.33	0.29	0.29	0	0	0.33
14700	0.33	0.3	0.3	0	0	0.33
14800	0.34	0.3	0.3	0	0	0.34
14900	0.34	0.3	0.3	0	0	0.34
15000	0.35	0.3	0.3	0	0	0.35
15100	0.36	0.3	0.3	0	0	0.36
15200	0.37	0.3	0.3	0	0	0.37
15300	0.38	0.3	0.3	0	0	0.38
15400	0.38	0.3	0.3	0	0	0.38
15500	0.38	0.3	0.3	0	0	0.38
15600	0.38	0.3	0.3	0	0	0.38
15700	0.38	0.3	0.3	0	0	0.38
15800	0.38	0.29	0.29	0	0	0.38
15900	0.38	0.29	0.29	0	0	0.38
16000	0.37	0.29	0.29	0	0	0.37
16100	0.37	0.29	0.29	0	0	0.37
16200	0.36	0.29	0.29	0	0	0.36
16300	0.37	0.29	0.29	0	0	0.37
16400	0.36	0.29	0.29	0	0	0.36
16500	0.35	0.29	0.29	0	0	0.35
16600	0.35	0.29	0.29	0	0	0.35
16700	0.36	0.28	0.28	0	0	0.36
16800	0.36	0.3	0.3	0	0	0.36
16900	0.36	0.3	0.3	0	0	0.36
17000	0.36	0.3	0.3	0	0	0.36
17100	0.36	0.31	0.31	0	0	0.36
17200	0.36	0.31	0.31	0	0	0.36
17300	0.35	0.32	0.32	0	0	0.35
17400	0.35	0.32	0.32	0	0	0.35
17500	0.36	0.32	0.32	0	0	0.36
17600	0.37	0.33	0.33	0	0	0.37
17700	0.35	0.33	0.33	0	0	0.35
17800	0.35	0.34	0.34	0	0	0.35
17900	0.35	0.34	0.34	0	0	0.35
18000	0.37	0.34	0.34	0	0	0.37
18100	0.36	0.34	0.34	0	0	0.36
18200	0.37	0.34	0.34	0	0	0.37
18300	0.37	0.34	0.34	0	0	0.37
18400	0.37	0.34	0.34	0	0	0.37
18500	0.37	0.35	0.35	0	0	0.37
18600	0.37	0.35	0.35	0	0	0.37
18700	0.37	0.35	0.35	0	0	0.37
18800	0.38	0.35	0.35	0	0	0.38
18900	0.38	0.35	0.35	0	0	0.38
19000	0.38	0.35	0.35	0	0	0.38
19100	0.38	0.35	0.35	0	0	0.38
19200	0.38	0.36	0.36	0	0	0.38
19300	0.38	0.34	0.34	0	0	0.38
19400	0.38	0.33	0.33	0	0	0.38
19500	0.38	0.33	0.33	0	0	0.38
19600	0.38	0.33	0.33	0	0	0.38
19700	0.38	0.34	0.34	0	0	0.38
19800	0.38	0.34	0.34	0	0	0.38
19900	0.38	0.34	0.34	0	0	0.38
20000	0.38	0.35	0.35	0	0	0.38
20100	0.39	0.35	0.35	0	0	0.39
20200	0.39	0.35	0.35	0	0	0.39
20300	0.38	0.35	0.35	0	0	0.38
20400	0.38	0.34	0.34	0	0	0.38
20500	0.38	0.34	0.34	0	0	0.38
20600	0.37	0.34	0.34	0	0	0.37
20700	0.37	0.35	0.35	0	0	0.37
20800	0.37	0.35	0.35	0	0	0.37
20900	0.37	0.35	0.35	0	0	0.37
21000	0.38	0.35	0.35	0	0	0.38
21100	0.38	0.35	0.35	0	0	0.38
21200	0.38	0.35	0.35	0	0	0.38
21300	0.38	0.35	0.35	0	0	0.38
21400	0.38	0.35	0.35	0	0	0.38
21500	0.38	0.36	0.36	0	0	0.38
21600	0.39	0.34	0.34	0	0	0.39
21700	0.38	0.33	0.33	0	0	0.38
21800	0.38	0.33	0.33	0	0	0.38
21900	0.37	0.32	0.32	0	0	0.37
22000	0.37	0.32	0.32	0	0	0.37
22100	0.36	0.31	0.31	0	0	0.36
22200	0.33	0.31	0.31	0	0	0.33
22300	0.32	0.31	0.31	0	0	0.32
22400	0.32	0.31	0.31	0	0	0.32
22500	0.32	0.31	0.31	0	0	0.32
22600	0.33	0.32	0.32	0	0	0.33
22700	0.32	0.32	0.32	0	0	0.32
22800	0.32	0.32	0.32	0	0	0.32
22900	0.33	0.32	0.32	0	0	0.33
23000	0.32	0.32	0.32	0	0	0.32
23100	0.32	0.32	0.32	0	0	0.32
23200	0.32	0.32	0.32	0	0	0.32
23300	0.32	0.32	0.32	0	0	0.32
23400	0.32	0.33	0.33	0	0	0.32
23500	0.32	0.34	0.34	0	0	0.32
23600	0.34	0.34	0.34	0	0	0.34
23700	0.34	0.34	0.34	0	0	0.34
23800	0.33	0.34	0.34	0	0	0.33
23900	0.31	0.33	0.33	0	0	0.31
24000	0.32	0.33	0.33	0	0	0.32
24100	0.32	0.34	0.34	0	0	0.32
24200	0.32	0.34	0.34	0	0	0.32
24300	0.31	0.34	0.34	0	0	0.31
24400	0.31	0.34	0.34	0	0	0.31
24500	0.31	0.34	0.34	0	0	0.31
24600	0.3	0.34	0.34	0	0	0.3
24700	0.3	0.34	0.34	0	0	0.3
24800	0.3	0.35	0.35	0	0	0.3
24900	0.31	0.35	0.35	0	0	0.31
25000	0.31	0.35	0.35	0	0	0.31
25100	0.31	0.35	0.35	0	0	0.31
25200	0.31	0.35	0.35	0	0	0.31
25300	0.32	0.35	0.35	0	0	0.32
25400	0.32	0.35	0.35	0	0	0.32
25500	0.32	0.35	0.35	0	0	0.32
25600	0.32	0.34	0.34	0	0	0.32
25700	0.32	0.34	0.34	0	0	0.32
25800	0.32	0.34	0.34	0	0	0.32
25900	0.32	0.35	0.35	0	0	0.32
26000	0.32	0.35	0.35	0	0	0.32
26100	0.32	0.35	0.35	0	0	0.32
26200	0.33	0.36	0.36	0	0	0.33
26300	0.33	0.36	0.36	0	0	0.33
26400	0.33	0.36	0.36	0	0	0.33
26500	0.33	0.37	0.37	0	0	0.33
26600	0.34	0.38	0.38	0	0	0.34
26700	0.34	0.38	0.38	0	0	0.34
26800	0.34	0.38	0.38	0	0	0.34
26900	0.34	0.38	0.38	0	0	0.34
27000	0.36	0.38	0.38	0	0	0.36
27100	0.37	0.37	0.37	0	0	0.37
27200	0.35	0.37	0.37	0	0	0.35
27300	0.35	0.37	0.37	0	0	0.35
27400	0.36	0.37	0.37	0	0	0.36
27500	0.35	0.38	0.38	0	0	0.35
27600	0.35	0.38	0.38	0	0	0.35
27700	0.35	0.38	0.38	0	0	0.35
27800	0.35	0.38	0.38	0	0	0.35
27900	0.37	0.38	0.38	0	0	0.37
28000	0.37	0.38	0.38	0	0	0.37
28100	0.37	0.38	0.38	0	0	0.37
28200	0.36	0.38	0.38	0	0	0.36
28300	0.36	0.39	0.39	0	0	0.36
28400	0.37	0.39	0.39	0	0	0.37
28500	0.37	0.38	0.38	0	0	0.37
28600	0.37	0.38	0.38	0	0	0.37
28700	0.37	0.38	0.38	0	0	0.37
28800	0.37	0.38	0.38	0	0	0.37
28900	0.38	0.38	0.38	0	0	0.38
29000	0.38	0.38	0.38	0	0	0.38
29100	0.39	0.38	0.38	0	0	0.39
29200	0.39	0.38	0.38	0	0	0.39
29300	0.39	0.38	0.38	0	0	0.39
29400	0.39	0.38	0.38	0	0	0.39
29500	0.39	0.39	0.39	0	0	0.39
29600	0.39	0.39	0.39	0	0	0.39
29700	0.39	0.39	0.39	0	0	0.39
29800	0.4	0.39	0.39	0	0	0.4
29900	0.4	0.4	0.4	0	0	0.4
30000	0.4	0.4	0.4	0	0	0.4
30100	0.4	0.4	0.4	0	0	0.4
30200	0.4	0.4	0.4	0	0	0.4
30300	0.4	0.4	0.4	0	0	0.4
30400	0.4	0.4	0.4	0	0	0.4
30500	0.4	0.4	0.4	0	0	0.4
30600	0.42	0.4	0.4	0	0	0.42
30700	0.43	0.4	0.4	0	0	0.43
30800	0.41	0.4	0.4	0	0	0.41
30900	0.41	0.41	0.41	0	0	0.41
31000	0.41	0.41	0.41	0	0	0.41
31100	0.41	0.4	0.4	0	0	0.41
31200	0.41	0.4	0.4	0	0	0.41
31300	0.41	0.4	0.4	0	0	0.41
31400	0.41	0.41	0.41	0	0	0.41
31500	0.41	0.41	0.41	0	0	0.41
31600	0.41	0.41	0.41	0	0	0.41
31700	0.41	0.42	0.42	0	0	0.41
31800	0.41	0.42	0.42	0	0	0.41
31900	0.41	0.41	0.41	0	0	0.41
32000	0.41	0.41	0.41	0	0	0.41
32100	0.41	0.41	0.41	0	0	0.41
32200	0.41	0.41	0.41	0	0	0.41
32300	0.41	0.41	0.41	0	0	0.41
32400	0.41	0.41	0.41	0	0	0.41
32500	0.42	0.41	0.41	0	0	0.42
32600	0.42	0.41	0.41	0	0	0.42
32700	0.42	0.41	0.41	0	0	0.42
32800	0.42	0.41	0.41	0	0	0.42
32900	0.42	0.41	0.41	0	0	0.42
33000	0.42	0.41	0.41	0	0	0.42
33100	0.42	0.41	0.41	0	0	0.42
33200	0.42	0.41	0.41	0	0	0.42
33300	0.42	0.41	0.41	0	0	0.42
33400	0.42	0.41	0.41	0	0	0.42
33500	0.42	0.41	0.41	0	0	0.42
33600	0.42	0.41	0.41	0	0	0.42
33700	0.41	0.41	0.41	0	0	0.41
33800	0.41	0.41	0.41	0	0	0.41
33900	0.4	0.41	0.41	0	0	0.4
34000	0.39	0.41	0.41	0	0	0.39
34100	0.39	0.41	0.41	0	0	0.39
34200	0.39	0.4	0.4	0	0	0.39
34300	0.39	0.4	0.4	0	0	0.39
34400	0.39	0.4	0.4	0	0	0.39
34500	0.39	0.4	0.4	0	0	0.39
34600	0.39	0.4	0.4	0	0	0.39
34700	0.39	0.4	0.4	0	0	0.39
34800	0.39	0.4	0.4	0	0	0.39
34900	0.39	0.4	0.4	0	0	0.39
35000	0.39	0.4	0.4	0	0	0.39
35100	0.39	0.4	0.4	0	0	0.39
35200	0.4	0.4	0.4	0	0	0.4
35300	0.4	0.4	0.4	0	0	0.4
35400	0.4	0.4	0.4	0	0	0.4
35500	0.4	0.4	0.4	0	0	0.4
35600	0.4	0.4	0.4	0	0	0.4
35700	0.4	0.4	0.4	0	0	0.4
35800	0.4	0.4	0.4	0	0	0.4
35900	0.4	0.4	0.4	0	0	0.4
36000	0.4	0.4	0.4	0	0	0.4
36100	0.4	0.41	0.41	0	0	0.4
36200	0.41	0.4	0.4	0	0	0.41
36300	0.41	0.4	0.4	0	0	0.41
36400	0.41	0.4	0.4	0	0	0.41
36500	0.42	0.4	0.4	0	0	0.42
36600	0.42	0.39	0.39	0	0	0.42
36700	0.43	0.4	0.4	0	0	0.43
36800	0.43	0.4	0.4	0	0	0.43
36900	0.43	0.4	0.4	0	0	0.43
37000	0.42	0.4	0.4	0	0	0.42
37100	0.42	0.4	0.4	0	0	0.42
37200	0.42	0.4	0.4	0	0	0.42
37300	0.42	0.4	0.4	0	0	0.42
37400	0.42	0.4	0.4	0	0	0.42
37500	0.41	0.4	0.4	0	0	0.41
37600	0.41	0.4	0.4	0	0	0.41
37700	0.41	0.39	0.39	0	0	0.41
37800	0.41	0.39	0.39	0	0	0.41
37900	0.41	0.39	0.39	0	0	0.41
38000	0.41	0.39	0.39	0	0	0.41
38100	0.41	0.39	0.39	0	0	0.41
38200	0.41	0.39	0.39	0	0	0.41
38300	0.41	0.4	0.4	0	0	0.41
38400	0.41	0.4	0.4	0	0	0.41
38500	0.41	0.4	0.4	0	0	0.41
38600	0.41	0.39	0.39	0	0	0.41
38700	0.41	0.39	0.39	0	0	0.41
38800	0.41	0.39	0.39	0	0	0.41
38900	0.41	0.39	0.39	0	0	0.41
39000	0.42	0.39	0.39	0	0	0.42
39100	0.42	0.39	0.39	0	0	0.42
39200	0.42	0.39	0.39	0	0	0.42
39300	0.42	0.39	0.39	0	0	0.42
39400	0.42	0.39	0.39	0	0	0.42
39500	0.42	0.4	0.4	0	0	0.42
39600	0.42	0.4	0.4	0	0	0.42
39700	0.41	0.39	0.39	0	0	0.41
39800	0.41	0.39	0.39	0	0	0.41
39900	0.41	0.39	0.39	0	0	0.41
40000	0.41	0.39	0.39	0	0	0.41
40100	0.41	0.4	0.4	0	0	0.41
40200	0.41	0.4	0.4	0	0	0.41
40300	0.4	0.39	0.39	0	0	0.4
40400	0.39	0.39	0.39	0	0	0.39
40500	0.38	0.4	0.4	0	0	0.38
40600	0.38	0.39	0.39	0	0	0.38
40700	0.38	0.38	0.38	0	0	0.38
40800	0.38	0.38	0.38	0	0	0.38
40900	0.38	0.38	0.38	0	0	0.38
41000	0.38	0.38	0.38	0	0	0.38
41100	0.38	0.38	0.38	0	0	0.38
41200	0.38	0.38	0.38	0	0	0.38
41300	0.38	0.38	0.38	0	0	0.38
41400	0.38	0.38	0.38	0	0	0.38
41500	0.38	0.39	0.39	0	0	0.38
41600	0.38	0.39	0.39	0	0	0.38
41700	0.38	0.38	0.38	0	0	0.38
41800	0.38	0.38	0.38	0	0	0.38
41900	0.38	0.38	0.38	0	0	0.38
42000	0.38	0.38	0.38	0	0	0.38
42100	0.38	0.38	0.38	0	0	0.38
42200	0.38	0.38	0.38	0	0	0.38
42300	0.38	0.38	0.38	0	0	0.38
42400	0.38	0.38	0.38	0	0	0.38
42500	0.39	0.38	0.38	0	0	0.39
42600	0.4	0.38	0.38	0	0	0.4
42700	0.4	0.38	0.38	0	0	0.4
42800	0.39	0.38	0.38	0	0	0.39
42900	0.39	0.38	0.38	0	0	0.39
43000	0.39	0.39	0.39	0	0	0.39
43100	0.39	0.38	0.38	0	0	0.39
43200	0.39	0.4	0.4	0	0	0.39
43300	0.39	0.4	0.4	0	0	0.39
43400	0.39	0.4	0.4	0	0	0.39
43500	0.39	0.4	0.4	0	0	0.39
43600	0.41	0.4	0.4	0	0	0.41
43700	0.41	0.4	0.4	0	0	0.41
43800	0.41	0.4	0.4	0	0	0.41
43900	0.41	0.4	0.4	0	0	0.41
44000	0.42	0.4	0.4	0	0	0.42
44100	0.41	0.41	0.41	0	0	0.41
44200	0.41	0.41	0.41	0	0	0.41
44300	0.41	0.41	0.41	0	0	0.41
44400	0.41	0.41	0.41	0	0	0.41
44500	0.41	0.41	0.41	0	0	0.41
44600	0.41	0.41	0.41	0	0	0.41
44700	0.41	0.41	0.41	0	0	0.41
44800	0.43	0.41	0.41	0	0	0.43
44900	0.42	0.4	0.4	0	0	0.42
45000	0.42	0.4	0.4	0	0	0.42
45100	0.42	0.4	0.4	0	0	0.42
45200	0.42	0.4	0.4	0	0	0.42
45300	0.42	0.4	0.4	0	0	0.42
45400	0.42	0.4	0.4	0	0	0.42
45500	0.42	0.4	0.4	0	0	0.42
45600	0.42	0.4	0.4	0	0	0.42
45700	0.42	0.4	0.4	0	0	0.42
45800	0.42	0.4	0.4	0	0	0.42
45900	0.42	0.4	0.4	0	0	0.42
46000	0.42	0.4	0.4	0	0	0.42
46100	0.42	0.4	0.4	0	0	0.42
46200	0.42	0.4	0.4	0	0	0.42
46300	0.42	0.4	0.4	0	0	0.42
46400	0.42	0.4	0.4	0	0	0.42
46500	0.42	0.4	0.4	0	0	0.42
46600	0.42	0.4	0.4	0	0	0.42
46700	0.42	0.4	0.4	0	0	0.42
46800	0.43	0.4	0.4	0	0	0.43
46900	0.42	0.4	0.4	0	0	0.42
47000	0.43	0.4	0.4	0	0	0.43
47100	0.43	0.4	0.4	0	0	0.43
47200	0.43	0.4	0.4	0	0	0.43
47300	0.43	0.4	0.4	0	0	0.43
47400	0.43	0.4	0.4	0	0	0.43
47500	0.43	0.4	0.4	0	0	0.43
47600	0.43	0.4	0.4	0	0	0.43
47700	0.43	0.4	0.4	0	0	0.43
47800	0.43	0.4	0.4	0	0	0.43
47900	0.43	0.4	0.4	0	0	0.43
48000	0.43	0.4	0.4	0	0	0.43
48100	0.43	0.41	0.41	0	0	0.43
48200	0.43	0.42	0.42	0	0	0.43
48300	0.43	0.42	0.42	0	0	0.43
48400	0.43	0.42	0.42	0	0	0.43
48500	0.43	0.42	0.42	0	0	0.43
48600	0.43	0.42	0.42	0	0	0.43
48700	0.43	0.42	0.42	0	0	0.43
48800	0.43	0.42	0.42	0	0	0.43
48900	0.43	0.42	0.42	0	0	0.43
49000	0.43	0.42	0.42	0	0	0.43
49100	0.43	0.42	0.42	0	0	0.43
49200	0.43	0.42	0.42	0	0	0.43
49300	0.43	0.42	0.42	0	0	0.43
49400	0.43	0.42	0.42	0	0	0.43
49500	0.43	0.42	0.42	0	0	0.43
49600	0.43	0.42	0.42	0	0	0.43
49700	0.43	0.42	0.42	0	0	0.43
49800	0.43	0.42	0.42	0	0	0.43
49900	0.43	0.42	0.42	0	0	0.43
50000	0.43	0.42	0.42	0	0	0.43
50100	0.43	0.42	0.42	0	0	0.43
50200	0.43	0.42	0.42	0	0	0.43
50300	0.43	0.42	0.42	0	0	0.43
50400	0.43	0.42	0.42	0	0	0.43
50500	0.43	0.42	0.42	0	0	0.43
50600	0.43	0.43	0.43	0	0	0.43
50700	0.43	0.43	0.43	0	0	0.43
50800	0.43	0.43	0.43	0	0	0.43
50900	0.42	0.43	0.43	0	0	0.42
51000	0.42	0.43	0.43	0	0	0.42
51100	0.42	0.42	0.42	0	0	0.42
51200	0.42	0.42	0.42	0	0	0.42
51300	0.42	0.42	0.42	0	0	0.42
51400	0.41	0.42	0.42	0	0	0.41
51500	0.41	0.42	0.42	0	0	0.41
51600	0.41	0.42	0.42	0	0	0.41
51700	0.41	0.42	0.42	0	0	0.41
51800	0.41	0.43	0.43	0	0	0.41
51900	0.42	0.43	0.43	0	0	0.42
52000	0.42	0.43	0.43	0	0	0.42
52100	0.41	0.43	0.43	0	0	0.41
52200	0.41	0.43	0.43	0	0	0.41
52300	0.41	0.43	0.43	0	0	0.41
52400	0.41	0.43	0.43	0	0	0.41
52500	0.41	0.43	0.43	0	0	0.41
52600	0.41	0.43	0.43	0	0	0.41
52700	0.41	0.43	0.43	0	0	0.41
52800	0.41	0.43	0.43	0	0	0.41
52900	0.41	0.43	0.43	0	0	0.41
53000	0.41	0.43	0.43	0	0	0.41
53100	0.4	0.43	0.43	0	0	0.4
53200	0.4	0.43	0.43	0	0	0.4
53300	0.4	0.43	0.43	0	0	0.4
53400	0.4	0.43	0.43	0	0	0.4
53500	0.4	0.43	0.43	0	0	0.4
53600	0.4	0.43	0.43	0	0	0.4
53700	0.4	0.43	0.43	0	0	0.4
53800	0.4	0.43	0.43	0	0	0.4
53900	0.4	0.43	0.43	0	0	0.4
54000	0.4	0.43	0.43	0	0	0.4
54100	0.4	0.43	0.43	0	0	0.4
54200	0.4	0.44	0.44	0	0	0.4
54300	0.4	0.43	0.43	0	0	0.4
54400	0.4	0.44	0.44	0	0	0.4
54500	0.4	0.44	0.44	0	0	0.4
54600	0.4	0.44	0.44	0	0	0.4
54700	0.4	0.44	0.44	0	0	0.4
54800	0.41	0.44	0.44	0	0	0.41
54900	0.41	0.44	0.44	0	0	0.41
55000	0.41	0.44	0.44	0	0	0.41
55100	0.41	0.44	0.44	0	0	0.41
55200	0.41	0.44	0.44	0	0	0.41
55300	0.42	0.44	0.44	0	0	0.42
55400	0.41	0.44	0.44	0	0	0.41
55500	0.42	0.44	0.44	0	0	0.42
55600	0.42	0.44	0.44	0	0	0.42
55700	0.41	0.44	0.44	0	0	0.41
55800	0.41	0.44	0.44	0	0	0.41
55900	0.42	0.44	0.44	0	0	0.42
56000	0.42	0.44	0.44	0	0	0.42
56100	0.41	0.44	0.44	0	0	0.41
56200	0.41	0.44	0.44	0	0	0.41
56300	0.41	0.44	0.44	0	0	0.41
56400	0.41	0.44	0.44	0	0	0.41
56500	0.41	0.44	0.44	0	0	0.41
56600	0.41	0.44	0.44	0	0	0.41
56700	0.41	0.44	0.44	0	0	0.41
56800	0.41	0.44	0.44	0	0	0.41
56900	0.41	0.44	0.44	0	0	0.41
57000	0.42	0.44	0.44	0	0	0.42
57100	0.42	0.44	0.44	0	0	0.42
57200	0.42	0.44	0.44	0	0	0.42
57300	0.42	0.44	0.44	0	0	0.42
57400	0.42	0.44	0.44	0	0	0.42
57500	0.42	0.44	0.44	0	0	0.42
57600	0.42	0.44	0.44	0	0	0.42
57700	0.42	0.44	0.44	0	0	0.42
57800	0.42	0.44	0.44	0	0	0.42
57900	0.42	0.44	0.44	0	0	0.42
58000	0.42	0.44	0.44	0	0	0.42
58100	0.42	0.44	0.44	0	0	0.42
58200	0.42	0.44	0.44	0	0	0.42
58300	0.42	0.44	0.44	0	0	0.42
58400	0.42	0.44	0.44	0	0	0.42
58500	0.42	0.45	0.45	0	0	0.42
58600	0.42	0.44	0.44	0	0	0.42
58700	0.42	0.44	0.44	0	0	0.42
58800	0.42	0.44	0.44	0	0	0.42
58900	0.41	0.44	0.44	0	0	0.41
59000	0.41	0.44	0.44	0	0	0.41
59100	0.41	0.44	0.44	0	0	0.41
59200	0.41	0.44	0.44	0	0	0.41
59300	0.41	0.43	0.43	0	0	0.41
59400	0.42	0.43	0.43	0	0	0.42
59500	0.42	0.43	0.43	0	0	0.42
59600	0.43	0.43	0.43	0	0	0.43
59700	0.42	0.43	0.43	0	0	0.42
59800	0.42	0.43	0.43	0	0	0.42
59900	0.42	0.43	0.43	0	0	0.42
60000	0.42	0.43	0.43	0	0	0.42
60100	0.42	0.43	0.43	0	0	0.42
60200	0.42	0.43	0.43	0	0	0.42
60300	0.42	0.43	0.43	0	0	0.42
60400	0.42	0.43	0.43	0	0	0.42
60500	0.42	0.43	0.43	0	0	0.42
60600	0.42	0.43	0.43	0	0	0.42
60700	0.42	0.43	0.43	0	0	0.42
60800	0.42	0.43	0.43	0	0	0.42
60900	0.43	0.43	0.43	0	0	0.43
61000	0.43	0.43	0.43	0	0	0.43
61100	0.43	0.43	0.43	0	0	0.43
61200	0.43	0.43	0.43	0	0	0.43
61300	0.44	0.43	0.43	0	0	0.44
61400	0.44	0.43	0.43	0	0	0.44
61500	0.44	0.43	0.43	0	0	0.44
61600	0.44	0.43	0.43	0	0	0.44
61700	0.44	0.43	0.43	0	0	0.44
61800	0.44	0.43	0.43	0	0	0.44
61900	0.44	0.44	0.44	0	0	0.44
62000	0.44	0.44	0.44	0	0	0.44
62100	0.44	0.43	0.43	0	0	0.44
62200	0.44	0.43	0.43	0	0	0.44
62300	0.44	0.43	0.43	0	0	0.44
62400	0.44	0.43	0.43	0	0	0.44
62500	0.44	0.43	0.43	0	0	0.44
62600	0.45	0.43	0.43	0	0	0.45
62700	0.46	0.43	0.43	0	0	0.46
62800	0.46	0.43	0.43	0	0	0.46
62900	0.46	0.43	0.43	0	0	0.46
63000	0.45	0.43	0.43	0	0	0.45
63100	0.44	0.45	0.45	0	0	0.44
63200	0.44	0.44	0.44	0	0	0.44
63300	0.43	0.44	0.44	0	0	0.43
63400	0.43	0.44	0.44	0	0	0.43
63500	0.43	0.44	0.44	0	0	0.43
63600	0.43	0.44	0.44	0	0	0.43
63700	0.43	0.44	0.44	0	0	0.43
63800	0.43	0.44	0.44	0	0	0.43
63900	0.43	0.44	0.44	0	0	0.43
64000	0.43	0.44	0.44	0	0	0.43
64100	0.43	0.44	0.44	0	0	0.43
64200	0.43	0.43	0.43	0	0	0.43
64300	0.43	0.44	0.44	0	0	0.43
64400	0.43	0.43	0.43	0	0	0.43
64500	0.43	0.43	0.43	0	0	0.43
64600	0.43	0.43	0.43	0	0	0.43
64700	0.43	0.43	0.43	0	0	0.43
64800	0.43	0.44	0.44	0	0	0.43
64900	0.43	0.44	0.44	0	0	0.43
65000	0.43	0.44	0.44	0	0	0.43
65100	0.43	0.44	0.44	0	0	0.43
65200	0.43	0.44	0.44	0	0	0.43
65300	0.43	0.44	0.44	0	0	0.43
65400	0.43	0.44	0.44	0	0	0.43
65500	0.43	0.44	0.44	0	0	0.43
65600	0.43	0.44	0.44	0	0	0.43
65700	0.43	0.44	0.44	0	0	0.43
65800	0.43	0.44	0.44	0	0	0.43
65900	0.43	0.44	0.44	0	0	0.43
66000	0.43	0.45	0.45	0	0	0.43
66100	0.44	0.45	0.45	0	0	0.44
66200	0.44	0.45	0.45	0	0	0.44
66300	0.43	0.45	0.45	0	0	0.43
66400	0.43	0.45	0.45	0	0	0.43
66500	0.43	0.45	0.45	0	0	0.43
66600	0.43	0.45	0.45	0	0	0.43
66700	0.43	0.45	0.45	0	0	0.43
66800	0.43	0.45	0.45	0	0	0.43
66900	0.43	0.45	0.45	0	0	0.43
67000	0.43	0.45	0.45	0	0	0.43
67100	0.43	0.45	0.45	0	0	0.43
67200	0.43	0.45	0.45	0	0	0.43
67300	0.43	0.45	0.45	0	0	0.43
67400	0.43	0.45	0.45	0	0	0.43
67500	0.43	0.44	0.44	0	0	0.43
67600	0.43	0.44	0.44	0	0	0.43
67700	0.43	0.44	0.44	0	0	0.43
67800	0.43	0.44	0.44	0	0	0.43
67900	0.43	0.44	0.44	0	0	0.43
68000	0.43	0.44	0.44	0	0	0.43
68100	0.43	0.44	0.44	0	0	0.43
68200	0.43	0.44	0.44	0	0	0.43
68300	0.43	0.44	0.44	0	0	0.43
68400	0.43	0.44	0.44	0	0	0.43
68500	0.43	0.44	0.44	0	0	0.43
68600	0.43	0.45	0.45	0	0	0.43
68700	0.43	0.44	0.44	0	0	0.43
68800	0.43	0.44	0.44	0	0	0.43
68900	0.44	0.44	0.44	0	0	0.44
69000	0.44	0.44	0.44	0	0	0.44
69100	0.44	0.44	0.44	0	0	0.44
69200	0.44	0.44	0.44	0	0	0.44
69300	0.44	0.44	0.44	0	0	0.44
69400	0.44	0.44	0.44	0	0	0.44
69500	0.44	0.45	0.45	0	0	0.44
69600	0.43	0.44	0.44	0	0	0.43
69700	0.43	0.44	0.44	0	0	0.43
69800	0.43	0.44	0.44	0	0	0.43
69900	0.43	0.44	0.44	0	0	0.43
70000	0.43	0.44	0.44	0	0	0.43
70100	0.43	0.44	0.44	0	0	0.43
70200	0.43	0.44	0.44	0	0	0.43
70300	0.43	0.44	0.44	0	0	0.43
70400	0.43	0.44	0.44	0	0	0.43
70500	0.43	0.43	0.43	0	0	0.43
70600	0.43	0.43	0.43	0	0	0.43
70700	0.44	0.43	0.43	0	0	0.44
70800	0.43	0.43	0.43	0	0	0.43
70900	0.43	0.43	0.43	0	0	0.43
71000	0.43	0.43	0.43	0	0	0.43
71100	0.43	0.43	0.43	0	0	0.43
71200	0.43	0.43	0.43	0	0	0.43
71300	0.43	0.43	0.43	0	0	0.43
71400	0.43	0.43	0.43	0	0	0.43
71500	0.43	0.44	0.44	0	0	0.43
71600	0.43	0.44	0.44	0	0	0.43
71700	0.43	0.44	0.44	0	0	0.43
71800	0.43	0.44	0.44	0	0	0.43
71900	0.43	0.44	0.44	0	0	0.43
72000	0.43	0.44	0.44	0	0	0.43
72100	0.43	0.44	0.44	0	0	0.43
72200	0.43	0.45	0.45	0	0	0.43
72300	0.43	0.44	0.44	0	0	0.43
72400	0.43	0.44	0.44	0	0	0.43
72500	0.43	0.45	0.45	0	0	0.43
72600	0.43	0.46	0.46	0	0	0.43
72700	0.43	0.45	0.45	0	0	0.43
72800	0.43	0.45	0.45	0	0	0.43
72900	0.43	0.45	0.45	0	0	0.43
73000	0.43	0.45	0.45	0	0	0.43
73100	0.43	0.45	0.45	0	0	0.43
73200	0.43	0.45	0.45	0	0	0.43
73300	0.43	0.45	0.45	0	0	0.43
73400	0.43	0.45	0.45	0	0	0.43
73500	0.43	0.44	0.44	0	0	0.43
73600	0.43	0.44	0.44	0	0	0.43
73700	0.44	0.44	0.44	0	0	0.44
73800	0.44	0.44	0.44	0	0	0.44
73900	0.44	0.44	0.44	0	0	0.44
74000	0.43	0.44	0.44	0	0	0.43
74100	0.43	0.44	0.44	0	0	0.43
74200	0.43	0.44	0.44	0	0	0.43
74300	0.43	0.44	0.44	0	0	0.43
74400	0.43	0.44	0.44	0	0	0.43
74500	0.43	0.44	0.44	0	0	0.43
74600	0.43	0.44	0.44	0	0	0.43
74700	0.43	0.44	0.44	0	0	0.43
74800	0.43	0.44	0.44	0	0	0.43
74900	0.43	0.44	0.44	0	0	0.43
75000	0.43	0.44	0.44	0	0	0.43
75100	0.43	0.44	0.44	0	0	0.43
75200	0.43	0.44	0.44	0	0	0.43
75300	0.43	0.44	0.44	0	0	0.43
75400	0.43	0.44	0.44	0	0	0.43
75500	0.43	0.45	0.45	0	0	0.43
75600	0.43	0.45	0.45	0	0	0.43
75700	0.43	0.45	0.45	0	0	0.43
75800	0.43	0.45	0.45	0	0	0.43
75900	0.42	0.45	0.45	0	0	0.42
76000	0.42	0.45	0.45	0	0	0.42
76100	0.42	0.45	0.45	0	0	0.42
76200	0.42	0.45	0.45	0	0	0.42
76300	0.42	0.45	0.45	0	0	0.42
76400	0.42	0.45	0.45	0	0	0.42
76500	0.42	0.45	0.45	0	0	0.42
76600	0.42	0.45	0.45	0	0	0.42
76700	0.42	0.45	0.45	0	0	0.42
76800	0.42	0.45	0.45	0	0	0.42
76900	0.42	0.45	0.45	0	0	0.42
77000	0.42	0.45	0.45	0	0	0.42
77100	0.42	0.45	0.45	0	0	0.42
77200	0.42	0.45	0.45	0	0	0.42
77300	0.43	0.45	0.45	0	0	0.43
77400	0.43	0.45	0.45	0	0	0.43
77500	0.43	0.45	0.45	0	0	0.43
77600	0.43	0.45	0.45	0	0	0.43
77700	0.43	0.45	0.45	0	0	0.43
77800	0.43	0.46	0.46	0	0	0.43
77900	0.43	0.45	0.45	0	0	0.43
78000	0.43	0.45	0.45	0	0	0.43
78100	0.43	0.45	0.45	0	0	0.43
78200	0.43	0.45	0.45	0	0	0.43
78300	0.43	0.45	0.45	0	0	0.43
78400	0.43	0.45	0.45	0	0	0.43
78500	0.43	0.45	0.45	0	0	0.43
78600	0.43	0.45	0.45	0	0	0.43
78700	0.43	0.45	0.45	0	0	0.43
78800	0.43	0.45	0.45	0	0	0.43
78900	0.43	0.45	0.45	0	0	0.43
79000	0.43	0.45	0.45	0	0	0.43
79100	0.43	0.45	0.45	0	0	0.43
79200	0.43	0.45	0.45	0	0	0.43
79300	0.43	0.45	0.45	0	0	0.43
79400	0.43	0.45	0.45	0	0	0.43
79500	0.43	0.45	0.45	0	0	0.43
79600	0.43	0.45	0.45	0	0	0.43
79700	0.43	0.45	0.45	0	0	0.43
79800	0.43	0.45	0.45	0	0	0.43
79900	0.43	0.45	0.45	0	0	0.43
80000	0.43	0.45	0.45	0	0	0.43
80100	0.43	0.45	0.45	0	0	0.43
80200	0.43	0.45	0.45	0	0	0.43
80300	0.43	0.45	0.45	0	0	0.43
80400	0.43	0.45	0.45	0	0	0.43
80500	0.43	0.45	0.45	0	0	0.43
80600	0.43	0.45	0.45	0	0	0.43
80700	0.43	0.45	0.45	0	0	0.43
80800	0.43	0.45	0.45	0	0	0.43
80900	0.43	0.45	0.45	0	0	0.43
81000	0.43	0.45	0.45	0	0	0.43
81100	0.43	0.45	0.45	0	0	0.43
81200	0.43	0.45	0.45	0	0	0.43
81300	0.43	0.45	0.45	0	0	0.43
81400	0.43	0.45	0.45	0	0	0.43
81500	0.43	0.45	0.45	0	0	0.43
81600	0.43	0.45	0.45	0	0	0.43
81700	0.43	0.45	0.45	0	0	0.43
81800	0.43	0.45	0.45	0	0	0.43
81900	0.43	0.45	0.45	0	0	0.43
82000	0.43	0.45	0.45	0	0	0.43
82100	0.43	0.45	0.45	0	0	0.43
82200	0.43	0.45	0.45	0	0	0.43
82300	0.43	0.45	0.45	0	0	0.43
82400	0.44	0.45	0.45	0	0	0.44
82500	0.44	0.45	0.45	0	0	0.44
82600	0.44	0.45	0.45	0	0	0.44
82700	0.44	0.45	0.45	0	0	0.44
82800	0.43	0.45	0.45	0	0	0.43
82900	0.43	0.45	0.45	0	0	0.43
83000	0.43	0.45	0.45	0	0	0.43
83100	0.43	0.45	0.45	0	0	0.43
83200	0.43	0.45	0.45	0	0	0.43
83300	0.43	0.45	0.45	0	0	0.43
83400	0.43	0.45	0.45	0	0	0.43
83500	0.43	0.45	0.45	0	0	0.43
83600	0.43	0.45	0.45	0	0	0.43
83700	0.43	0.45	0.45	0	0	0.43
83800	0.43	0.45	0.45	0	0	0.43
83900	0.43	0.45	0.45	0	0	0.43
84000	0.43	0.45	0.45	0	0	0.43
84100	0.43	0.45	0.45	0	0	0.43
84200	0.43	0.45	0.45	0	0	0.43
84300	0.44	0.45	0.45	0	0	0.44
84400	0.44	0.45	0.45	0	0	0.44
84500	0.44	0.45	0.45	0	0	0.44
84600	0.44	0.45	0.45	0	0	0.44
84700	0.44	0.45	0.45	0	0	0.44
84800	0.44	0.45	0.45	0	0	0.44
84900	0.44	0.45	0.45	0	0	0.44
85000	0.44	0.45	0.45	0	0	0.44
85100	0.44	0.45	0.45	0	0	0.44
85200	0.44	0.45	0.45	0	0	0.44
85300	0.44	0.45	0.45	0	0	0.44
85400	0.44	0.45	0.45	0	0	0.44
85500	0.44	0.45	0.45	0	0	0.44
85600	0.44	0.45	0.45	0	0	0.44
85700	0.44	0.45	0.45	0	0	0.44
85800	0.44	0.45	0.45	0	0	0.44
85900	0.44	0.45	0.45	0	0	0.44
86000	0.44	0.45	0.45	0	0	0.44
86100	0.44	0.45	0.45	0	0	0.44
86200	0.44	0.45	0.45	0	0	0.44
86300	0.44	0.45	0.45	0	0	0.44
86400	0.44	0.45	0.45	0	0	0.44
86500	0.44	0.45	0.45	0	0	0.44
86600	0.44	0.45	0.45	0	0	0.44
86700	0.44	0.45	0.45	0	0	0.44
86800	0.44	0.45	0.45	0	0	0.44
86900	0.44	0.45	0.45	0	0	0.44
87000	0.44	0.45	0.45	0	0	0.44
87100	0.44	0.45	0.45	0	0	0.44
87200	0.44	0.45	0.45	0	0	0.44
87300	0.44	0.45	0.45	0	0	0.44
87400	0.44	0.45	0.45	0	0	0.44
87500	0.44	0.45	0.45	0	0	0.44
87600	0.44	0.45	0.45	0	0	0.44
87700	0.44	0.45	0.45	0	0	0.44
87800	0.44	0.45	0.45	0	0	0.44
87900	0.44	0.45	0.45	0	0	0.44
88000	0.44	0.45	0.45	0	0	0.44
88100	0.45	0.45	0.45	0	0	0.45
88200	0.45	0.45	0.45	0	0	0.45
88300	0.45	0.45	0.45	0	0	0.45
88400	0.45	0.46	0.46	0	0	0.45
88500	0.45	0.46	0.46	0	0	0.45
88600	0.45	0.46	0.46	0	0	0.45
88700	0.45	0.46	0.46	0	0	0.45
88800	0.45	0.46	0.46	0	0	0.45
88900	0.45	0.46	0.46	0	0	0.45
89000	0.45	0.46	0.46	0	0	0.45
89100	0.45	0.46	0.46	0	0	0.45
89200	0.45	0.46	0.46	0	0	0.45
89300	0.45	0.46	0.46	0	0	0.45
89400	0.44	0.47	0.47	0	0	0.44
89500	0.44	0.47	0.47	0	0	0.44
89600	0.44	0.47	0.47	0	0	0.44
89700	0.44	0.47	0.47	0	0	0.44
89800	0.44	0.47	0.47	0	0	0.44
89900	0.44	0.47	0.47	0	0	0.44
90000	0.44	0.47	0.47	0	0	0.44
90100	0.44	0.47	0.47	0	0	0.44
90200	0.44	0.46	0.46	0	0	0.44
90300	0.44	0.46	0.46	0	0	0.44
90400	0.44	0.46	0.46	0	0	0.44
90500	0.44	0.46	0.46	0	0	0.44
90600	0.44	0.46	0.46	0	0	0.44
90700	0.44	0.46	0.46	0	0	0.44
90800	0.44	0.46	0.46	0	0	0.44
90900	0.44	0.46	0.46	0	0	0.44
91000	0.44	0.46	0.46	0	0	0.44
91100	0.44	0.46	0.46	0	0	0.44
91200	0.44	0.46	0.46	0	0	0.44
91300	0.44	0.46	0.46	0	0	0.44
91400	0.44	0.46	0.46	0	0	0.44
91500	0.44	0.46	0.46	0	0	0.44
91600	0.44	0.46	0.46	0	0	0.44
91700	0.44	0.46	0.46	0	0	0.44
91800	0.44	0.46	0.46	0	0	0.44
91900	0.44	0.46	0.46	0	0	0.44
92000	0.44	0.46	0.46	0	0	0.44
92100	0.43	0.46	0.46	0	0	0.43
92200	0.43	0.46	0.46	0	0	0.43
92300	0.43	0.46	0.46	0	0	0.43
92400	0.43	0.46	0.46	0	0	0.43
92500	0.44	0.46	0.46	0	0	0.44
92600	0.44	0.46	0.46	0	0	0.44
92700	0.44	0.46	0.46	0	0	0.44
92800	0.44	0.46	0.46	0	0	0.44
92900	0.44	0.46	0.46	0	0	0.44
93000	0.44	0.46	0.46	0	0	0.44
93100	0.44	0.46	0.46	0	0	0.44
93200	0.44	0.46	0.46	0	0	0.44
93300	0.44	0.46	0.46	0	0	0.44
93400	0.44	0.46	0.46	0	0	0.44
93500	0.44	0.46	0.46	0	0	0.44
93600	0.44	0.46	0.46	0	0	0.44
93700	0.44	0.46	0.46	0	0	0.44
93800	0.44	0.46	0.46	0	0	0.44
93900	0.44	0.46	0.46	0	0	0.44
94000	0.44	0.46	0.46	0	0	0.44
94100	0.44	0.46	0.46	0	0	0.44
94200	0.44	0.46	0.46	0	0	0.44
94300	0.44	0.46	0.46	0	0	0.44
94400	0.44	0.46	0.46	0	0	0.44
94500	0.44	0.46	0.46	0	0	0.44
94600	0.44	0.46	0.46	0	0	0.44
94700	0.44	0.46	0.46	0	0	0.44
94800	0.44	0.46	0.46	0	0	0.44
94900	0.44	0.46	0.46	0	0	0.44
95000	0.44	0.46	0.46	0	0	0.44
95100	0.44	0.46	0.46	0	0	0.44
95200	0.44	0.46	0.46	0	0	0.44
95300	0.43	0.46	0.46	0	0	0.43
95400	0.43	0.46	0.46	0	0	0.43
95500	0.42	0.46	0.46	0	0	0.42
95600	0.42	0.46	0.46	0	0	0.42
95700	0.42	0.46	0.46	0	0	0.42
95800	0.42	0.46	0.46	0	0	0.42
95900	0.42	0.46	0.46	0	0	0.42
96000	0.42	0.46	0.46	0	0	0.42
96100	0.43	0.46	0.46	0	0	0.43
96200	0.43	0.46	0.46	0	0	0.43
96300	0.43	0.46	0.46	0	0	0.43
96400	0.43	0.46	0.46	0	0	0.43
96500	0.43	0.46	0.46	0	0	0.43
96600	0.43	0.46	0.46	0	0	0.43
96700	0.43	0.46	0.46	0	0	0.43
96800	0.43	0.46	0.46	0	0	0.43
96900	0.43	0.46	0.46	0	0	0.43
97000	0.43	0.46	0.46	0	0	0.43
97100	0.43	0.46	0.46	0	0	0.43
97200	0.43	0.46	0.46	0	0	0.43
97300	0.43	0.46	0.46	0	0	0.43
97400	0.43	0.46	0.46	0	0	0.43
97500	0.43	0.46	0.46	0	0	0.43
97600	0.43	0.46	0.46	0	0	0.43
97700	0.43	0.47	0.47	0	0	0.43
97800	0.43	0.47	0.47	0	0	0.43
97900	0.43	0.47	0.47	0	0	0.43
98000	0.43	0.47	0.47	0	0	0.43
98100	0.44	0.47	0.47	0	0	0.44
98200	0.44	0.47	0.47	0	0	0.44
98300	0.43	0.47	0.47	0	0	0.43
98400	0.44	0.47	0.47	0	0	0.44
98500	0.44	0.47	0.47	0	0	0.44
98600	0.45	0.47	0.47	0	0	0.45
98700	0.45	0.47	0.47	0	0	0.45
98800	0.44	0.47	0.47	0	0	0.44
98900	0.44	0.47	0.47	0	0	0.44
99000	0.44	0.47	0.47	0	0	0.44
99100	0.44	0.47	0.47	0	0	0.44
99200	0.44	0.47	0.47	0	0	0.44
99300	0.44	0.47	0.47	0	0	0.44
99400	0.44	0.47	0.47	0	0	0.44
99500	0.44	0.47	0.47	0	0	0.44
99600	0.44	0.47	0.47	0	0	0.44
99700	0.44	0.47	0.47	0	0	0.44
99800	0.44	0.47	0.47	0	0	0.44
99900	0.44	0.47	0.47	0	0	0.44
100000	0.44	0.47	0.47	0	0	0.44
100100	0.44	0.47	0.47	0	0	0.44
100200	0.44	0.47	0.47	0	0	0.44
100300	0.44	0.47	0.47	0	0	0.44
100400	0.44	0.47	0.47	0	0	0.44
100500	0.44	0.47	0.47	0	0	0.44
100600	0.44	0.47	0.47	0	0	0.44
100700	0.44	0.47	0.47	0	0	0.44
100800	0.44	0.47	0.47	0	0	0.44
100900	0.44	0.47	0.47	0	0	0.44
101000	0.44	0.46	0.46	0	0	0.44
101100	0.44	0.46	0.46	0	0	0.44
101200	0.44	0.46	0.46	0	0	0.44
101300	0.44	0.46	0.46	0	0	0.44
101400	0.44	0.46	0.46	0	0	0.44
101500	0.44	0.46	0.46	0	0	0.44
101600	0.45	0.46	0.46	0	0	0.45
101700	0.45	0.46	0.46	0	0	0.45
101800	0.45	0.46	0.46	0	0	0.45
101900	0.45	0.45	0.45	0	0	0.45
102000	0.45	0.45	0.45	0	0	0.45
102100	0.45	0.45	0.45	0	0	0.45
102200	0.45	0.45	0.45	0	0	0.45
102300	0.45	0.45	0.45	0	0	0.45
102400	0.45	0.45	0.45	0	0	0.45
102500	0.45	0.45	0.45	0	0	0.45
102600	0.45	0.46	0.46	0	0	0.45
102700	0.45	0.46	0.46	0	0	0.45
102800	0.45	0.46	0.46	0	0	0.45
102900	0.45	0.46	0.46	0	0	0.45
103000	0.45	0.46	0.46	0	0	0.45
103100	0.45	0.46	0.46	0	0	0.45
103200	0.45	0.46	0.46	0	0	0.45
103300	0.45	0.46	0.46	0	0	0.45
103400	0.45	0.46	0.46	0	0	0.45
103500	0.45	0.45	0.45	0	0	0.45
103600	0.45	0.45	0.45	0	0	0.45
103700	0.45	0.45	0.45	0	0	0.45
103800	0.45	0.45	0.45	0	0	0.45
103900	0.45	0.45	0.45	0	0	0.45
104000	0.45	0.45	0.45	0	0	0.45
104100	0.45	0.45	0.45	0	0	0.45
104200	0.45	0.45	0.45	0	0	0.45
104300	0.45	0.45	0.45	0	0	0.45
104400	0.45	0.46	0.46	0	0	0.45
104500	0.45	0.46	0.46	0	0	0.45
104600	0.45	0.46	0.46	0	0	0.45
104700	0.45	0.46	0.46	0	0	0.45
104800	0.45	0.46	0.46	0	0	0.45
104900	0.45	0.46	0.46	0	0	0.45
105000	0.45	0.46	0.46	0	0	0.45
105100	0.45	0.46	0.46	0	0	0.45
105200	0.45	0.46	0.46	0	0	0.45
105300	0.45	0.46	0.46	0	0	0.45
105400	0.45	0.46	0.46	0	0	0.45
105500	0.45	0.46	0.46	0	0	0.45
105600	0.45	0.46	0.46	0	0	0.45
105700	0.45	0.46	0.46	0	0	0.45
105800	0.45	0.46	0.46	0	0	0.45
105900	0.45	0.47	0.47	0	0	0.45
106000	0.45	0.47	0.47	0	0	0.45
106100	0.45	0.47	0.47	0	0	0.45
106200	0.45	0.47	0.47	0	0	0.45
106300	0.45	0.47	0.47	0	0	0.45
106400	0.45	0.47	0.47	0	0	0.45
106500	0.45	0.47	0.47	0	0	0.45
106600	0.45	0.47	0.47	0	0	0.45
106700	0.45	0.47	0.47	0	0	0.45
106800	0.45	0.47	0.47	0	0	0.45
106900	0.45	0.48	0.48	0	0	0.45
107000	0.45	0.48	0.48	0	0	0.45
107100	0.46	0.48	0.48	0	0	0.46
107200	0.45	0.48	0.48	0	0	0.45
107300	0.45	0.48	0.48	0	0	0.45
107400	0.45	0.48	0.48	0	0	0.45
107500	0.45	0.48	0.48	0	0	0.45
107600	0.45	0.48	0.48	0	0	0.45
107700	0.45	0.48	0.48	0	0	0.45
107800	0.45	0.48	0.48	0	0	0.45
107900	0.45	0.48	0.48	0	0	0.45
108000	0.45	0.48	0.48	0	0	0.45
108100	0.45	0.48	0.48	0	0	0.45
108200	0.45	0.48	0.48	0	0	0.45
108300	0.45	0.48	0.48	0	0	0.45
108400	0.45	0.48	0.48	0	0	0.45
108500	0.46	0.48	0.48	0	0	0.46
108600	0.45	0.48	0.48	0	0	0.45
108700	0.45	0.48	0.48	0	0	0.45
108800	0.46	0.48	0.48	0	0	0.46
108900	0.45	0.48	0.48	0	0	0.45
109000	0.45	0.48	0.48	0	0	0.45
109100	0.45	0.48	0.48	0	0	0.45
109200	0.45	0.48	0.48	0	0	0.45
109300	0.46	0.48	0.48	0	0	0.46
109400	0.46	0.48	0.48	0	0	0.46
109500	0.46	0.48	0.48	0	0	0.46
109600	0.46	0.48	0.48	0	0	0.46
109700	0.46	0.48	0.48	0	0	0.46
109800	0.46	0.48	0.48	0	0	0.46
109900	0.46	0.48	0.48	0	0	0.46
110000	0.46	0.48	0.48	0	0	0.46
110100	0.46	0.48	0.48	0	0	0.46
110200	0.46	0.48	0.48	0	0	0.46
110300	0.46	0.48	0.48	0	0	0.46
110400	0.46	0.48	0.48	0	0	0.46
110500	0.46	0.48	0.48	0	0	0.46
110600	0.46	0.48	0.48	0	0	0.46
110700	0.46	0.48	0.48	0	0	0.46
110800	0.46	0.48	0.48	0	0	0.46
110900	0.46	0.48	0.48	0	0	0.46
111000	0.46	0.48	0.48	0	0	0.46
111100	0.46	0.48	0.48	0	0	0.46
111200	0.46	0.48	0.48	0	0	0.46
111300	0.46	0.48	0.48	0	0	0.46
111400	0.46	0.47	0.47	0	0	0.46
111500	0.46	0.47	0.47	0	0	0.46
111600	0.46	0.47	0.47	0	0	0.46
111700	0.46	0.47	0.47	0	0	0.46
111800	0.46	0.47	0.47	0	0	0.46
111900	0.46	0.47	0.47	0	0	0.46
112000	0.46	0.47	0.47	0	0	0.46
112100	0.46	0.47	0.47	0	0	0.46
112200	0.46	0.47	0.47	0	0	0.46
112300	0.46	0.47	0.47	0	0	0.46
112400	0.46	0.47	0.47	0	0	0.46
112500	0.46	0.47	0.47	0	0	0.46
112600	0.46	0.47	0.47	0	0	0.46
112700	0.46	0.46	0.46	0	0	0.46
112800	0.46	0.46	0.46	0	0	0.46
112900	0.46	0.46	0.46	0	0	0.46
113000	0.46	0.46	0.46	0	0	0.46
113100	0.46	0.46	0.46	0	0	0.46
113200	0.46	0.46	0.46	0	0	0.46
113300	0.46	0.46	0.46	0	0	0.46
113400	0.46	0.46	0.46	0	0	0.46
113500	0.46	0.46	0.46	0	0	0.46
113600	0.46	0.46	0.46	0	0	0.46
113700	0.46	0.46	0.46	0	0	0.46
113800	0.46	0.46	0.46	0	0	0.46
113900	0.46	0.46	0.46	0	0	0.46
114000	0.46	0.46	0.46	0	0	0.46
114100	0.46	0.46	0.46	0	0	0.46
114200	0.46	0.46	0.46	0	0	0.46
114300	0.46	0.47	0.47	0	0	0.46
114400	0.46	0.47	0.47	0	0	0.46
114500	0.47	0.47	0.47	0	0	0.47
114600	0.46	0.46	0.46	0	0	0.46
114700	0.46	0.46	0.46	0	0	0.46
114800	0.46	0.46	0.46	0	0	0.46
114900	0.46	0.46	0.46	0	0	0.46
115000	0.46	0.46	0.46	0	0	0.46
115100	0.46	0.46	0.46	0	0	0.46
115200	0.46	0.46	0.46	0	0	0.46
115300	0.46	0.46	0.46	0	0	0.46
115400	0.46	0.46	0.46	0	0	0.46
115500	0.46	0.46	0.46	0	0	0.46
115600	0.46	0.46	0.46	0	0	0.46
115700	0.46	0.46	0.46	0	0	0.46
115800	0.46	0.46	0.46	0	0	0.46
115900	0.46	0.48	0.48	0	0	0.46
116000	0.46	0.48	0.48	0	0	0.46
116100	0.46	0.48	0.48	0	0	0.46
116200	0.46	0.47	0.47	0	0	0.46
116300	0.46	0.46	0.46	0	0	0.46
116400	0.46	0.46	0.46	0	0	0.46
116500	0.46	0.46	0.46	0	0	0.46
116600	0.46	0.46	0.46	0	0	0.46
116700	0.46	0.46	0.46	0	0	0.46
116800	0.46	0.46	0.46	0	0	0.46
116900	0.47	0.46	0.46	0	0	0.47
117000	0.47	0.46	0.46	0	0	0.47
117100	0.47	0.46	0.46	0	0	0.47
117200	0.47	0.46	0.46	0	0	0.47
117300	0.47	0.46	0.46	0	0	0.47
117400	0.47	0.46	0.46	0	0	0.47
117500	0.47	0.46	0.46	0	0	0.47
117600	0.47	0.46	0.46	0	0	0.47
117700	0.47	0.46	0.46	0	0	0.47
117800	0.47	0.45	0.45	0	0	0.47
117900	0.47	0.45	0.45	0	0	0.47
118000	0.47	0.45	0.45	0	0	0.47
118100	0.47	0.45	0.45	0	0	0.47
118200	0.47	0.45	0.45	0	0	0.47
118300	0.46	0.44	0.44	0	0	0.46
118400	0.46	0.44	0.44	0	0	0.46
118500	0.46	0.44	0.44	0	0	0.46
118600	0.46	0.44	0.44	0	0	0.46
118700	0.46	0.44	0.44	0	0	0.46
118800	0.46	0.44	0.44	0	0	0.46
118900	0.46	0.44	0.44	0	0	0.46
119000	0.46	0.44	0.44	0	0	0.46
119100	0.47	0.44	0.44	0	0	0.47
119200	0.47	0.44	0.44	0	0	0.47
119300	0.47	0.44	0.44	0	0	0.47
119400	0.47	0.44	0.44	0	0	0.47
119500	0.47	0.44	0.44	0	0	0.47
119600	0.47	0.44	0.44	0	0	0.47
119700	0.47	0.44	0.44	0	0	0.47
119800	0.47	0.44	0.44	0	0	0.47
119900	0.47	0.44	0.44	0	0	0.47
120000	0.47	0.44	0.44	0	0	0.47
120100	0.47	0.44	0.44	0	0	0.47
120200	0.47	0.44	0.44	0	0	0.47
120300	0.47	0.44	0.44	0	0	0.47
120400	0.47	0.44	0.44	0	0	0.47
120500	0.46	0.44	0.44	0	0	0.46
120600	0.46	0.44	0.44	0	0	0.46
120700	0.46	0.44	0.44	0	0	0.46
120800	0.46	0.44	0.44	0	0	0.46
120900	0.46	0.45	0.45	0	0	0.46
121000	0.46	0.45	0.45	0	0	0.46
121100	0.46	0.44	0.44	0	0	0.46
121200	0.46	0.45	0.45	0	0	0.46
121300	0.46	0.45	0.45	0	0	0.46
121400	0.46	0.45	0.45	0	0	0.46
121500	0.46	0.45	0.45	0	0	0.46
121600	0.46	0.45	0.45	0	0	0.46
121700	0.46	0.45	0.45	0	0	0.46
121800	0.46	0.44	0.44	0	0	0.46
121900	0.46	0.44	0.44	0	0	0.46
122000	0.46	0.44	0.44	0	0	0.46
122100	0.46	0.44	0.44	0	0	0.46
122200	0.46	0.43	0.43	0	0	0.46
122300	0.46	0.43	0.43	0	0	0.46
122400	0.47	0.43	0.43	0	0	0.47
122500	0.46	0.43	0.43	0	0	0.46
122600	0.46	0.43	0.43	0	0	0.46
122700	0.47	0.43	0.43	0	0	0.47
122800	0.48	0.43	0.43	0	0	0.48
122900	0.48	0.43	0.43	0	0	0.48
123000	0.47	0.43	0.43	0	0	0.47
123100	0.47	0.42	0.42	0	0	0.47
123200	0.47	0.42	0.42	0	0	0.47
123300	0.47	0.42	0.42	0	0	0.47
123400	0.47	0.42	0.42	0	0	0.47
123500	0.47	0.42	0.42	0	0	0.47
123600	0.47	0.42	0.42	0	0	0.47
123700	0.47	0.42	0.42	0	0	0.47
123800	0.47	0.42	0.42	0	0	0.47
123900	0.47	0.42	0.42	0	0	0.47
124000	0.47	0.42	0.42	0	0	0.47
124100	0.47	0.42	0.42	0	0	0.47
124200	0.46	0.42	0.42	0	0	0.46
124300	0.46	0.42	0.42	0	0	0.46
124400	0.47	0.42	0.42	0	0	0.47
124500	0.47	0.42	0.42	0	0	0.47
124600	0.47	0.42	0.42	0	0	0.47
124700	0.47	0.42	0.42	0	0	0.47
124800	0.48	0.42	0.42	0	0	0.48
124900	0.45	0.42	0.42	0	0	0.45
125000	0.44	0.42	0.42	0	0	0.44
125100	0.44	0.42	0.42	0	0	0.44
125200	0.44	0.42	0.42	0	0	0.44
125300	0.44	0.42	0.42	0	0	0.44
125400	0.44	0.42	0.42	0	0	0.44
125500	0.44	0.42	0.42	0	0	0.44
125600	0.44	0.42	0.42	0	0	0.44
125700	0.43	0.42	0.42	0	0	0.43
125800	0.43	0.42	0.42	0	0	0.43
125900	0.44	0.42	0.42	0	0	0.44
126000	0.43	0.42	0.42	0	0	0.43
126100	0.43	0.42	0.42	0	0	0.43
126200	0.43	0.42	0.42	0	0	0.43
126300	0.43	0.42	0.42	0	0	0.43
126400	0.43	0.42	0.42	0	0	0.43
126500	0.43	0.42	0.42	0	0	0.43
126600	0.43	0.42	0.42	0	0	0.43
126700	0.43	0.42	0.42	0	0	0.43
126800	0.43	0.42	0.42	0	0	0.43
126900	0.42	0.42	0.42	0	0	0.42
127000	0.41	0.42	0.42	0	0	0.41
127100	0.41	0.42	0.42	0	0	0.41
127200	0.41	0.42	0.42	0	0	0.41
127300	0.42	0.42	0.42	0	0	0.42
127400	0.42	0.41	0.41	0	0	0.42
127500	0.42	0.41	0.41	0	0	0.42
127600	0.42	0.41	0.41	0	0	0.42
127700	0.42	0.41	0.41	0	0	0.42
127800	0.43	0.41	0.41	0	0	0.43
127900	0.43	0.41	0.41	0	0	0.43
128000	0.43	0.41	0.41	0	0	0.43
128100	0.42	0.41	0.41	0	0	0.42
128200	0.43	0.41	0.41	0	0	0.43
128300	0.42	0.41	0.41	0	0	0.42
128400	0.42	0.41	0.41	0	0	0.42
128500	0.42	0.41	0.41	0	0	0.42
128600	0.42	0.41	0.41	0	0	0.42
128700	0.42	0.41	0.41	0	0	0.42
128800	0.42	0.41	0.41	0	0	0.42
128900	0.42	0.41	0.41	0	0	0.42
129000	0.42	0.41	0.41	0	0	0.42
129100	0.42	0.41	0.41	0	0	0.42
129200	0.42	0.41	0.41	0	0	0.42
129300	0.42	0.41	0.41	0	0	0.42
129400	0.42	0.41	0.41	0	0	0.42
129500	0.42	0.41	0.41	0	0	0.42
129600	0.42	0.41	0.41	0	0	0.42
129700	0.42	0.41	0.41	0	0	0.42
129800	0.42	0.41	0.41	0	0	0.42
129900	0.42	0.41	0.41	0	0	0.42
130000	0.41	0.42	0.42	0	0	0.41
130100	0.41	0.42	0.42	0	0	0.41
130200	0.42	0.42	0.42	0	0	0.42
130300	0.41	0.42	0.42	0	0	0.41
130400	0.41	0.42	0.42	0	0	0.41
130500	0.42	0.42	0.42	0	0	0.42
130600	0.41	0.42	0.42	0	0	0.41
130700	0.41	0.42	0.42	0	0	0.41
130800	0.41	0.42	0.42	0	0	0.41
130900	0.41	0.42	0.42	0	0	0.41
131000	0.41	0.42	0.42	0	0	0.41
131100	0.41	0.42	0.42	0	0	0.41
131200	0.4	0.42	0.42	0	0	0.4
131300	0.4	0.42	0.42	0	0	0.4
131400	0.39	0.42	0.42	0	0	0.39
131500	0.39	0.42	0.42	0	0	0.39
131600	0.39	0.42	0.42	0	0	0.39
131700	0.4	0.42	0.42	0	0	0.4
131800	0.39	0.41	0.41	0	0	0.39
131900	0.39	0.41	0.41	0	0	0.39
132000	0.39	0.41	0.41	0	0	0.39
132100	0.39	0.41	0.41	0	0	0.39
132200	0.39	0.41	0.41	0	0	0.39
132300	0.39	0.41	0.41	0	0	0.39
132400	0.4	0.41	0.41	0	0	0.4
132500	0.4	0.41	0.41	0	0	0.4
132600	0.41	0.41	0.41	0	0	0.41
132700	0.41	0.41	0.41	0	0	0.41
132800	0.4	0.41	0.41	0	0	0.4
132900	0.4	0.41	0.41	0	0	0.4
133000	0.4	0.41	0.41	0	0	0.4
133100	0.4	0.41	0.41	0	0	0.4
133200	0.4	0.41	0.41	0	0	0.4
133300	0.4	0.41	0.41	0	0	0.4
133400	0.4	0.41	0.41	0	0	0.4
133500	0.4	0.41	0.41	0	0	0.4
133600	0.4	0.41	0.41	0	0	0.4
133700	0.4	0.41	0.41	0	0	0.4
133800	0.4	0.41	0.41	0	0	0.4
133900	0.4	0.41	0.41	0	0	0.4
134000	0.4	0.41	0.41	0	0	0.4
134100	0.4	0.41	0.41	0	0	0.4
134200	0.4	0.41	0.41	0	0	0.4
134300	0.4	0.41	0.41	0	0	0.4
134400	0.4	0.41	0.41	0	0	0.4
134500	0.4	0.41	0.41	0	0	0.4
134600	0.4	0.41	0.41	0	0	0.4
134700	0.4	0.41	0.41	0	0	0.4
134800	0.4	0.41	0.41	0	0	0.4
134900	0.4	0.41	0.41	0	0	0.4
135000	0.4	0.41	0.41	0	0	0.4
135100	0.4	0.41	0.41	0	0	0.4
135200	0.4	0.41	0.41	0	0	0.4
135300	0.4	0.41	0.41	0	0	0.4
135400	0.4	0.41	0.41	0	0	0.4
135500	0.4	0.41	0.41	0	0	0.4
135600	0.4	0.41	0.41	0	0	0.4
135700	0.4	0.41	0.41	0	0	0.4
135800	0.4	0.41	0.41	0	0	0.4
135900	0.4	0.41	0.41	0	0	0.4
136000	0.4	0.41	0.41	0	0	0.4
136100	0.4	0.41	0.41	0	0	0.4
136200	0.4	0.41	0.41	0	0	0.4
136300	0.41	0.41	0.41	0	0	0.41
136400	0.41	0.41	0.41	0	0	0.41
136500	0.42	0.41	0.41	0	0	0.42
136600	0.42	0.41	0.41	0	0	0.42
136700	0.42	0.41	0.41	0	0	0.42
136800	0.42	0.41	0.41	0	0	0.42
136900	0.42	0.41	0.41	0	0	0.42
137000	0.42	0.41	0.41	0	0	0.42
137100	0.42	0.41	0.41	0	0	0.42
137200	0.42	0.41	0.41	0	0	0.42
137300	0.42	0.41	0.41	0	0	0.42
137400	0.43	0.42	0.42	0	0	0.43
137500	0.42	0.41	0.41	0	0	0.42
137600	0.42	0.41	0.41	0	0	0.42
137700	0.42	0.41	0.41	0	0	0.42
137800	0.42	0.41	0.41	0	0	0.42
137900	0.42	0.41	0.41	0	0	0.42
138000	0.42	0.41	0.41	0	0	0.42
138100	0.42	0.41	0.41	0	0	0.42
138200	0.42	0.41	0.41	0	0	0.42
138300	0.42	0.41	0.41	0	0	0.42
138400	0.42	0.41	0.41	0	0	0.42
138500	0.42	0.41	0.41	0	0	0.42
138600	0.42	0.41	0.41	0	0	0.42
138700	0.42	0.42	0.42	0	0	0.42
138800	0.42	0.41	0.41	0	0	0.42
138900	0.42	0.41	0.41	0	0	0.42
139000	0.42	0.41	0.41	0	0	0.42
139100	0.42	0.41	0.41	0	0	0.42
139200	0.43	0.41	0.41	0	0	0.43
139300	0.42	0.41	0.41	0	0	0.42
139400	0.43	0.41	0.41	0	0	0.43
139500	0.42	0.41	0.41	0	0	0.42
139600	0.42	0.41	0.41	0	0	0.42
139700	0.42	0.41	0.41	0	0	0.42
139800	0.43	0.41	0.41	0	0	0.43
139900	0.43	0.41	0.41	0	0	0.43
140000	0.43	0.41	0.41	0	0	0.43
140100	0.44	0.41	0.41	0	0	0.44
140200	0.44	0.41	0.41	0	0	0.44
140300	0.44	0.41	0.41	0	0	0.44
140400	0.44	0.41	0.41	0	0	0.44
140500	0.44	0.41	0.41	0	0	0.44
140600	0.44	0.41	0.41	0	0	0.44
140700	0.44	0.41	0.41	0	0	0.44
140800	0.44	0.41	0.41	0	0	0.44
140900	0.44	0.41	0.41	0	0	0.44
141000	0.44	0.41	0.41	0	0	0.44
141100	0.44	0.41	0.41	0	0	0.44
141200	0.44	0.41	0.41	0	0	0.44
141300	0.44	0.41	0.41	0	0	0.44
141400	0.44	0.41	0.41	0	0	0.44
141500	0.44	0.41	0.41	0	0	0.44
141600	0.44	0.41	0.41	0	0	0.44
141700	0.44	0.41	0.41	0	0	0.44
141800	0.44	0.41	0.41	0	0	0.44
141900	0.44	0.41	0.41	0	0	0.44
142000	0.42	0.41	0.41	0	0	0.42
142100	0.43	0.42	0.42	0	0	0.43
142200	0.43	0.42	0.42	0	0	0.43
142300	0.43	0.42	0.42	0	0	0.43
142400	0.43	0.42	0.42	0	0	0.43
142500	0.43	0.42	0.42	0	0	0.43
142600	0.43	0.42	0.42	0	0	0.43
142700	0.43	0.42	0.42	0	0	0.43
142800	0.43	0.42	0.42	0	0	0.43
142900	0.43	0.42	0.42	0	0	0.43
143000	0.43	0.42	0.42	0	0	0.43
143100	0.44	0.42	0.42	0	0	0.44
143200	0.43	0.42	0.42	0	0	0.43
143300	0.43	0.42	0.42	0	0	0.43
143400	0.43	0.42	0.42	0	0	0.43
143500	0.43	0.42	0.42	0	0	0.43
143600	0.43	0.42	0.42	0	0	0.43
143700	0.43	0.42	0.42	0	0	0.43
143800	0.43	0.42	0.42	0	0	0.43
143900	0.43	0.41	0.41	0	0	0.43
144000	0.43	0.41	0.41	0	0	0.43
144100	0.43	0.41	0.41	0	0	0.43
144200	0.43	0.41	0.41	0	0	0.43
144300	0.43	0.41	0.41	0	0	0.43
144400	0.43	0.41	0.41	0	0	0.43
144500	0.43	0.41	0.41	0	0	0.43
144600	0.43	0.41	0.41	0	0	0.43
144700	0.43	0.41	0.41	0	0	0.43
144800	0.43	0.41	0.41	0	0	0.43
144900	0.43	0.41	0.41	0	0	0.43
145000	0.43	0.41	0.41	0	0	0.43
145100	0.43	0.41	0.41	0	0	0.43
145200	0.43	0.41	0.41	0	0	0.43
145300	0.43	0.41	0.41	0	0	0.43
145400	0.43	0.41	0.41	0	0	0.43
145500	0.43	0.41	0.41	0	0	0.43
145600	0.44	0.41	0.41	0	0	0.44
145700	0.44	0.41	0.41	0	0	0.44
145800	0.44	0.41	0.41	0	0	0.44
145900	0.44	0.41	0.41	0	0	0.44
146000	0.44	0.41	0.41	0	0	0.44
146100	0.44	0.41	0.41	0	0	0.44
146200	0.44	0.41	0.41	0	0	0.44
146300	0.45	0.41	0.41	0	0	0.45
146400	0.46	0.42	0.42	0	0	0.46
146500	0.45	0.42	0.42	0	0	0.45
146600	0.44	0.42	0.42	0	0	0.44
146700	0.44	0.42	0.42	0	0	0.44
146800	0.44	0.42	0.42	0	0	0.44
146900	0.44	0.41	0.41	0	0	0.44
147000	0.44	0.41	0.41	0	0	0.44
147100	0.44	0.41	0.41	0	0	0.44
147200	0.44	0.41	0.41	0	0	0.44
147300	0.44	0.41	0.41	0	0	0.44
147400	0.44	0.41	0.41	0	0	0.44
147500	0.44	0.41	0.41	0	0	0.44
147600	0.44	0.41	0.41	0	0	0.44
147700	0.44	0.41	0.41	0	0	0.44
147800	0.44	0.43	0.43	0	0	0.44
147900	0.44	0.43	0.43	0	0	0.44
148000	0.44	0.43	0.43	0	0	0.44
148100	0.44	0.43	0.43	0	0	0.44
148200	0.44	0.43	0.43	0	0	0.44
148300	0.44	0.43	0.43	0	0	0.44
148400	0.44	0.43	0.43	0	0	0.44
148500	0.44	0.43	0.43	0	0	0.44
148600	0.44	0.43	0.43	0	0	0.44
148700	0.44	0.44	0.44	0	0	0.44
148800	0.44	0.44	0.44	0	0	0.44
148900	0.44	0.44	0.44	0	0	0.44
149000	0.44	0.44	0.44	0	0	0.44
149100	0.44	0.45	0.45	0	0	0.44
149200	0.44	0.45	0.45	0	0	0.44
149300	0.44	0.45	0.45	0	0	0.44
149400	0.44	0.45	0.45	0	0	0.44
149500	0.44	0.45	0.45	0	0	0.44
149600	0.44	0.45	0.45	0	0	0.44
149700	0.44	0.45	0.45	0	0	0.44
149800	0.44	0.45	0.45	0	0	0.44
149900	0.43	0.45	0.45	0	0	0.43
150000	0.43	0.46	0.46	0	0	0.43
150100	0.43	0.45	0.45	0	0	0.43
150200	0.43	0.45	0.45	0	0	0.43
150300	0.43	0.45	0.45	0	0	0.43
150400	0.43	0.45	0.45	0	0	0.43
150500	0.43	0.45	0.45	0	0	0.43
150600	0.43	0.45	0.45	0	0	0.43
150700	0.43	0.45	0.45	0	0	0.43
150800	0.43	0.45	0.45	0	0	0.43
150900	0.43	0.45	0.45	0	0	0.43
151000	0.43	0.45	0.45	0	0	0.43
151100	0.43	0.45	0.45	0	0	0.43
151200	0.43	0.45	0.45	0	0	0.43
151300	0.43	0.45	0.45	0	0	0.43
151400	0.43	0.45	0.45	0	0	0.43
151500	0.43	0.45	0.45	0	0	0.43
151600	0.43	0.45	0.45	0	0	0.43
151700	0.43	0.45	0.45	0	0	0.43
151800	0.43	0.45	0.45	0	0	0.43
151900	0.43	0.45	0.45	0	0	0.43
152000	0.43	0.45	0.45	0	0	0.43
152100	0.43	0.45	0.45	0	0	0.43
152200	0.44	0.45	0.45	0	0	0.44
152300	0.43	0.45	0.45	0	0	0.43
152400	0.43	0.45	0.45	0	0	0.43
152500	0.43	0.45	0.45	0	0	0.43
152600	0.43	0.45	0.45	0	0	0.43
152700	0.43	0.45	0.45	0	0	0.43
152800	0.43	0.45	0.45	0	0	0.43
152900	0.43	0.46	0.46	0	0	0.43
153000	0.43	0.46	0.46	0	0	0.43
153100	0.43	0.46	0.46	0	0	0.43
153200	0.43	0.46	0.46	0	0	0.43
153300	0.43	0.46	0.46	0	0	0.43
153400	0.43	0.46	0.46	0	0	0.43
153500	0.43	0.46	0.46	0	0	0.43
153600	0.43	0.47	0.47	0	0	0.43
153700	0.43	0.46	0.46	0	0	0.43
153800	0.43	0.46	0.46	0	0	0.43
153900	0.43	0.46	0.46	0	0	0.43
154000	0.43	0.46	0.46	0	0	0.43
154100	0.43	0.46	0.46	0	0	0.43
154200	0.43	0.46	0.46	0	0	0.43
154300	0.43	0.46	0.46	0	0	0.43
154400	0.43	0.46	0.46	0	0	0.43
154500	0.43	0.46	0.46	0	0	0.43
154600	0.43	0.45	0.45	0	0	0.43
154700	0.43	0.45	0.45	0	0	0.43
154800	0.43	0.45	0.45	0	0	0.43
154900	0.43	0.45	0.45	0	0	0.43
155000	0.43	0.44	0.44	0	0	0.43
155100	0.43	0.44	0.44	0	0	0.43
155200	0.43	0.44	0.44	0	0	0.43
155300	0.43	0.45	0.45	0	0	0.43
155400	0.43	0.44	0.44	0	0	0.43
155500	0.43	0.44	0.44	0	0	0.43
155600	0.43	0.44	0.44	0	0	0.43
155700	0.43	0.44	0.44	0	0	0.43
155800	0.43	0.44	0.44	0	0	0.43
155900	0.43	0.44	0.44	0	0	0.43
156000	0.43	0.44	0.44	0	0	0.43
156100	0.43	0.44	0.44	0	0	0.43
156200	0.42	0.44	0.44	0	0	0.42
156300	0.42	0.45	0.45	0	0	0.42
156400	0.41	0.45	0.45	0	0	0.41
156500	0.41	0.45	0.45	0	0	0.41
156600	0.41	0.44	0.44	0	0	0.41
156700	0.41	0.44	0.44	0	0	0.41
156800	0.41	0.44	0.44	0	0	0.41
156900	0.41	0.44	0.44	0	0	0.41
157000	0.41	0.44	0.44	0	0	0.41
157100	0.42	0.44	0.44	0	0	0.42
157200	0.42	0.44	0.44	0	0	0.42
157300	0.42	0.44	0.44	0	0	0.42
157400	0.42	0.44	0.44	0	0	0.42
157500	0.41	0.44	0.44	0	0	0.41
157600	0.41	0.44	0.44	0	0	0.41
157700	0.41	0.44	0.44	0	0	0.41
157800	0.41	0.44	0.44	0	0	0.41
157900	0.41	0.44	0.44	0	0	0.41
158000	0.41	0.44	0.44	0	0	0.41
158100	0.41	0.44	0.44	0	0	0.41
158200	0.41	0.44	0.44	0	0	0.41
158300	0.41	0.44	0.44	0	0	0.41
158400	0.42	0.44	0.44	0	0	0.42
158500	0.42	0.44	0.44	0	0	0.42
158600	0.42	0.44	0.44	0	0	0.42
158700	0.41	0.44	0.44	0	0	0.41
158800	0.41	0.44	0.44	0	0	0.41
158900	0.41	0.44	0.44	0	0	0.41
159000	0.41	0.44	0.44	0	0	0.41
159100	0.42	0.45	0.45	0	0	0.42
159200	0.42	0.45	0.45	0	0	0.42
159300	0.42	0.45	0.45	0	0	0.42
159400	0.42	0.45	0.45	0	0	0.42
159500	0.42	0.45	0.45	0	0	0.42
159600	0.41	0.45	0.45	0	0	0.41
159700	0.41	0.45	0.45	0	0	0.41
159800	0.41	0.45	0.45	0	0	0.41
159900	0.4	0.45	0.45	0	0	0.4
160000	0.4	0.45	0.45	0	0	0.4
160100	0.41	0.45	0.45	0	0	0.41
160200	0.41	0.45	0.45	0	0	0.41
160300	0.41	0.45	0.45	0	0	0.41
160400	0.41	0.45	0.45	0	0	0.41
160500	0.41	0.45	0.45	0	0	0.41
160600	0.4	0.45	0.45	0	0	0.4
160700	0.4	0.45	0.45	0	0	0.4
160800	0.4	0.45	0.45	0	0	0.4
160900	0.4	0.45	0.45	0	0	0.4
161000	0.4	0.45	0.45	0	0	0.4
161100	0.4	0.45	0.45	0	0	0.4
161200	0.41	0.46	0.46	0	0	0.41
161300	0.4	0.46	0.46	0	0	0.4
161400	0.4	0.46	0.46	0	0	0.4
161500	0.4	0.46	0.46	0	0	0.4
161600	0.4	0.46	0.46	0	0	0.4
161700	0.4	0.46	0.46	0	0	0.4
161800	0.4	0.46	0.46	0	0	0.4
161900	0.4	0.46	0.46	0	0	0.4
162000	0.4	0.46	0.46	0	0	0.4
162100	0.4	0.46	0.46	0	0	0.4
162200	0.4	0.46	0.46	0	0	0.4
162300	0.4	0.46	0.46	0	0	0.4
162400	0.4	0.46	0.46	0	0	0.4
162500	0.4	0.45	0.45	0	0	0.4
162600	0.4	0.45	0.45	0	0	0.4
162700	0.4	0.45	0.45	0	0	0.4
162800	0.4	0.45	0.45	0	0	0.4
162900	0.4	0.45	0.45	0	0	0.4
163000	0.4	0.45	0.45	0	0	0.4
163100	0.4	0.45	0.45	0	0	0.4
163200	0.4	0.45	0.45	0	0	0.4
163300	0.4	0.46	0.46	0	0	0.4
163400	0.4	0.46	0.46	0	0	0.4
163500	0.4	0.46	0.46	0	0	0.4
163600	0.4	0.46	0.46	0	0	0.4
163700	0.41	0.46	0.46	0	0	0.41
163800	0.41	0.45	0.45	0	0	0.41
163900	0.41	0.45	0.45	0	0	0.41
164000	0.41	0.45	0.45	0	0	0.41
164100	0.41	0.45	0.45	0	0	0.41
164200	0.41	0.45	0.45	0	0	0.41
164300	0.41	0.45	0.45	0	0	0.41
164400	0.41	0.47	0.47	0	0	0.41
164500	0.41	0.47	0.47	0	0	0.41
164600	0.41	0.47	0.47	0	0	0.41
164700	0.41	0.47	0.47	0	0	0.41
164800	0.41	0.47	0.47	0	0	0.41
164900	0.41	0.47	0.47	0	0	0.41
165000	0.41	0.47	0.47	0	0	0.41
165100	0.41	0.47	0.47	0	0	0.41
165200	0.41	0.47	0.47	0	0	0.41
165300	0.41	0.47	0.47	0	0	0.41
165400	0.41	0.46	0.46	0	0	0.41
165500	0.41	0.46	0.46	0	0	0.41
165600	0.41	0.46	0.46	0	0	0.41
165700	0.41	0.46	0.46	0	0	0.41
165800	0.41	0.46	0.46	0	0	0.41
165900	0.41	0.46	0.46	0	0	0.41
166000	0.41	0.46	0.46	0	0	0.41
166100	0.41	0.46	0.46	0	0	0.41
166200	0.41	0.46	0.46	0	0	0.41
166300	0.41	0.46	0.46	0	0	0.41
166400	0.41	0.46	0.46	0	0	0.41
166500	0.41	0.46	0.46	0	0	0.41
166600	0.41	0.46	0.46	0	0	0.41
166700	0.41	0.46	0.46	0	0	0.41
166800	0.41	0.46	0.46	0	0	0.41
166900	0.42	0.46	0.46	0	0	0.42
167000	0.41	0.46	0.46	0	0	0.41
167100	0.41	0.46	0.46	0	0	0.41
167200	0.41	0.46	0.46	0	0	0.41
167300	0.41	0.46	0.46	0	0	0.41
167400	0.41	0.46	0.46	0	0	0.41
167500	0.41	0.46	0.46	0	0	0.41
167600	0.4	0.46	0.46	0	0	0.4
167700	0.4	0.46	0.46	0	0	0.4
167800	0.4	0.46	0.46	0	0	0.4
167900	0.4	0.46	0.46	0	0	0.4
168000	0.4	0.46	0.46	0	0	0.4
168100	0.4	0.45	0.45	0	0	0.4
168200	0.4	0.45	0.45	0	0	0.4
168300	0.41	0.45	0.45	0	0	0.41
168400	0.41	0.45	0.45	0	0	0.41
168500	0.41	0.44	0.44	0	0	0.41
168600	0.41	0.44	0.44	0	0	0.41
168700	0.41	0.45	0.45	0	0	0.41
168800	0.41	0.45	0.45	0	0	0.41
168900	0.41	0.45	0.45	0	0	0.41
169000	0.41	0.45	0.45	0	0	0.41
169100	0.41	0.45	0.45	0	0	0.41
169200	0.42	0.45	0.45	0	0	0.42
169300	0.41	0.45	0.45	0	0	0.41
169400	0.41	0.43	0.43	0	0	0.41
169500	0.41	0.43	0.43	0	0	0.41
169600	0.41	0.43	0.43	0	0	0.41
169700	0.41	0.43	0.43	0	0	0.41
169800	0.41	0.42	0.42	0	0	0.41
169900	0.41	0.42	0.42	0	0	0.41
170000	0.41	0.42	0.42	0	0	0.41
170100	0.41	0.42	0.42	0	0	0.41
170200	0.41	0.41	0.41	0	0	0.41
170300	0.41	0.42	0.42	0	0	0.41
170400	0.41	0.42	0.42	0	0	0.41
170500	0.41	0.42	0.42	0	0	0.41
170600	0.41	0.42	0.42	0	0	0.41
170700	0.41	0.42	0.42	0	0	0.41
170800	0.4	0.42	0.42	0	0	0.4
170900	0.4	0.41	0.41	0	0	0.4
171000	0.4	0.41	0.41	0	0	0.4
171100	0.4	0.41	0.41	0	0	0.4
171200	0.4	0.41	0.41	0	0	0.4
171300	0.4	0.41	0.41	0	0	0.4
171400	0.4	0.4	0.4	0	0	0.4
171500	0.41	0.4	0.4	0	0	0.41
171600	0.41	0.4	0.4	0	0	0.41
171700	0.42	0.4	0.4	0	0	0.42
171800	0.42	0.4	0.4	0	0	0.42
171900	0.43	0.41	0.41	0	0	0.43
172000	0.42	0.4	0.4	0	0	0.42
172100	0.42	0.41	0.41	0	0	0.42
172200	0.42	0.41	0.41	0	0	0.42
172300	0.42	0.41	0.41	0	0	0.42
172400	0.42	0.41	0.41	0	0	0.42
172500	0.42	0.4	0.4	0	0	0.42
172600	0.42	0.4	0.4	0	0	0.42
172700	0.43	0.4	0.4	0	0	0.43
172800	0.44	0.4	0.4	0	0	0.44
172900	0.44	0.4	0.4	0	0	0.44
173000	0.44	0.4	0.4	0	0	0.44
173100	0.44	0.4	0.4	0	0	0.44
173200	0.44	0.4	0.4	0	0	0.44
173300	0.44	0.41	0.41	0	0	0.44
173400	0.44	0.41	0.41	0	0	0.44
173500	0.44	0.41	0.41	0	0	0.44
173600	0.44	0.41	0.41	0	0	0.44
173700	0.44	0.41	0.41	0	0	0.44
173800	0.44	0.41	0.41	0	0	0.44
173900	0.44	0.41	0.41	0	0	0.44
174000	0.44	0.41	0.41	0	0	0.44
174100	0.44	0.41	0.41	0	0	0.44
174200	0.44	0.41	0.41	0	0	0.44
174300	0.44	0.41	0.41	0	0	0.44
174400	0.44	0.41	0.41	0	0	0.44
174500	0.44	0.41	0.41	0	0	0.44
174600	0.44	0.41	0.41	0	0	0.44
174700	0.44	0.41	0.41	0	0	0.44
174800	0.44	0.41	0.41	0	0	0.44
174900	0.44	0.42	0.42	0	0	0.44
175000	0.44	0.42	0.42	0	0	0.44
175100	0.44	0.42	0.42	0	0	0.44
175200	0.44	0.42	0.42	0	0	0.44
175300	0.44	0.42	0.42	0	0	0.44
175400	0.44	0.42	0.42	0	0	0.44
175500	0.44	0.42	0.42	0	0	0.44
175600	0.44	0.42	0.42	0	0	0.44
175700	0.44	0.42	0.42	0	0	0.44
175800	0.44	0.42	0.42	0	0	0.44
175900	0.44	0.43	0.43	0	0	0.44
176000	0.44	0.43	0.43	0	0	0.44
176100	0.44	0.43	0.43	0	0	0.44
176200	0.44	0.43	0.43	0	0	0.44
176300	0.44	0.43	0.43	0	0	0.44
176400	0.44	0.43	0.43	0	0	0.44
176500	0.44	0.43	0.43	0	0	0.44
176600	0.44	0.43	0.43	0	0	0.44
176700	0.44	0.43	0.43	0	0	0.44
176800	0.44	0.42	0.42	0	0	0.44
176900	0.44	0.42	0.42	0	0	0.44
177000	0.44	0.41	0.41	0	0	0.44
177100	0.44	0.41	0.41	0	0	0.44
177200	0.44	0.41	0.41	0	0	0.44
177300	0.44	0.41	0.41	0	0	0.44
177400	0.43	0.41	0.41	0	0	0.43
177500	0.42	0.41	0.41	0	0	0.42
177600	0.42	0.41	0.41	0	0	0.42
177700	0.42	0.41	0.41	0	0	0.42
177800	0.42	0.41	0.41	0	0	0.42
177900	0.42	0.41	0.41	0	0	0.42
178000	0.42	0.4	0.4	0	0	0.42
178100	0.43	0.4	0.4	0	0	0.43
178200	0.43	0.4	0.4	0	0	0.43
178300	0.43	0.4	0.4	0	0	0.43
178400	0.43	0.4	0.4	0	0	0.43
178500	0.43	0.4	0.4	0	0	0.43
178600	0.43	0.4	0.4	0	0	0.43
178700	0.43	0.4	0.4	0	0	0.43
178800	0.43	0.4	0.4	0	0	0.43
178900	0.43	0.41	0.41	0	0	0.43
179000	0.43	0.41	0.41	0	0	0.43
179100	0.43	0.41	0.41	0	0	0.43
179200	0.44	0.41	0.41	0	0	0.44
179300	0.44	0.41	0.41	0	0	0.44
179400	0.44	0.41	0.41	0	0	0.44
179500	0.44	0.41	0.41	0	0	0.44
179600	0.44	0.41	0.41	0	0	0.44
179700	0.44	0.41	0.41	0	0	0.44
179800	0.44	0.41	0.41	0	0	0.44
179900	0.44	0.41	0.41	0	0	0.44
180000	0.44	0.4	0.4	0	0	0.44
180100	0.44	0.4	0.4	0	0	0.44
180200	0.44	0.4	0.4	0	0	0.44
180300	0.44	0.4	0.4	0	0	0.44
180400	0.44	0.4	0.4	0	0	0.44
180500	0.44	0.4	0.4	0	0	0.44
180600	0.44	0.4	0.4	0	0	0.44
180700	0.44	0.4	0.4	0	0	0.44
180800	0.44	0.4	0.4	0	0	0.44
180900	0.44	0.4	0.4	0	0	0.44
181000	0.45	0.4	0.4	0	0	0.45
181100	0.44	0.4	0.4	0	0	0.44
181200	0.43	0.4	0.4	0	0	0.43
181300	0.44	0.4	0.4	0	0	0.44
181400	0.44	0.4	0.4	0	0	0.44
181500	0.43	0.41	0.41	0	0	0.43
181600	0.43	0.41	0.41	0	0	0.43
181700	0.43	0.41	0.41	0	0	0.43
181800	0.43	0.42	0.42	0	0	0.43
181900	0.43	0.43	0.43	0	0	0.43
182000	0.43	0.43	0.43	0	0	0.43
182100	0.43	0.43	0.43	0	0	0.43
182200	0.43	0.43	0.43	0	0	0.43
182300	0.43	0.43	0.43	0	0	0.43
182400	0.43	0.43	0.43	0	0	0.43
182500	0.43	0.43	0.43	0	0	0.43
182600	0.43	0.43	0.43	0	0	0.43
182700	0.43	0.43	0.43	0	0	0.43
182800	0.43	0.43	0.43	0	0	0.43
182900	0.43	0.43	0.43	0	0	0.43
183000	0.44	0.43	0.43	0	0	0.44
183100	0.43	0.43	0.43	0	0	0.43
183200	0.43	0.43	0.43	0	0	0.43
183300	0.43	0.43	0.43	0	0	0.43
183400	0.43	0.43	0.43	0	0	0.43
183500	0.43	0.43	0.43	0	0	0.43
183600	0.43	0.43	0.43	0	0	0.43
183700	0.43	0.43	0.43	0	0	0.43
183800	0.43	0.43	0.43	0	0	0.43
183900	0.43	0.43	0.43	0	0	0.43
184000	0.43	0.43	0.43	0	0	0.43
184100	0.43	0.43	0.43	0	0	0.43
184200	0.43	0.43	0.43	0	0	0.43
184300	0.43	0.42	0.42	0	0	0.43
184400	0.43	0.41	0.41	0	0	0.43
184500	0.43	0.41	0.41	0	0	0.43
184600	0.43	0.41	0.41	0	0	0.43
184700	0.43	0.41	0.41	0	0	0.43
184800	0.43	0.41	0.41	0	0	0.43
184900	0.44	0.41	0.41	0	0	0.44
185000	0.44	0.42	0.42	0	0	0.44
185100	0.45	0.42	0.42	0	0	0.45
185200	0.45	0.42	0.42	0	0	0.45
185300	0.44	0.42	0.42	0	0	0.44
185400	0.44	0.42	0.42	0	0	0.44
185500	0.44	0.42	0.42	0	0	0.44
185600	0.45	0.42	0.42	0	0	0.45
185700	0.45	0.42	0.42	0	0	0.45
185800	0.45	0.42	0.42	0	0	0.45
185900	0.45	0.42	0.42	0	0	0.45
186000	0.45	0.42	0.42	0	0	0.45
186100	0.45	0.42	0.42	0	0	0.45
186200	0.45	0.42	0.42	0	0	0.45
186300	0.45	0.42	0.42	0	0	0.45
186400	0.45	0.42	0.42	0	0	0.45
186500	0.45	0.42	0.42	0	0	0.45
186600	0.45	0.42	0.42	0	0	0.45
186700	0.45	0.42	0.42	0	0	0.45
186800	0.45	0.42	0.42	0	0	0.45
186900	0.45	0.42	0.42	0	0	0.45
187000	0.45	0.42	0.42	0	0	0.45
187100	0.45	0.42	0.42	0	0	0.45
187200	0.45	0.42	0.42	0	0	0.45
187300	0.45	0.42	0.42	0	0	0.45
187400	0.45	0.42	0.42	0	0	0.45
187500	0.45	0.42	0.42	0	0	0.45
187600	0.45	0.42	0.42	0	0	0.45
187700	0.46	0.42	0.42	0	0	0.46
187800	0.46	0.42	0.42	0	0	0.46
187900	0.46	0.42	0.42	0	0	0.46
188000	0.46	0.43	0.43	0	0	0.46
188100	0.46	0.43	0.43	0	0	0.46
188200	0.46	0.43	0.43	0	0	0.46
188300	0.46	0.43	0.43	0	0	0.46
188400	0.46	0.43	0.43	0	0	0.46
188500	0.46	0.43	0.43	0	0	0.46
188600	0.46	0.43	0.43	0	0	0.46
188700	0.46	0.43	0.43	0	0	0.46
188800	0.46	0.43	0.43	0	0	0.46
188900	0.46	0.43	0.43	0	0	0.46
189000	0.46	0.43	0.43	0	0	0.46
189100	0.46	0.43	0.43	0	0	0.46
189200	0.47	0.43	0.43	0	0	0.47
189300	0.46	0.43	0.43	0	0	0.46
189400	0.46	0.43	0.43	0	0	0.46
189500	0.46	0.43	0.43	0	0	0.46
189600	0.46	0.43	0.43	0	0	0.46
189700	0.46	0.43	0.43	0	0	0.46
189800	0.46	0.43	0.43	0	0	0.46
189900	0.46	0.43	0.43	0	0	0.46
190000	0.46	0.43	0.43	0	0	0.46
190100	0.46	0.43	0.43	0	0	0.46
190200	0.46	0.43	0.43	0	0	0.46
190300	0.46	0.43	0.43	0	0	0.46
190400	0.46	0.43	0.43	0	0	0.46
190500	0.46	0.43	0.43	0	0	0.46
190600	0.46	0.43	0.43	0	0	0.46
190700	0.46	0.42	0.42	0	0	0.46
190800	0.46	0.42	0.42	0	0	0.46
190900	0.46	0.42	0.42	0	0	0.46
191000	0.46	0.42	0.42	0	0	0.46
191100	0.46	0.42	0.42	0	0	0.46
191200	0.45	0.42	0.42	0	0	0.45
191300	0.45	0.42	0.42	0	0	0.45
191400	0.45	0.42	0.42	0	0	0.45
191500	0.45	0.42	0.42	0	0	0.45
191600	0.46	0.43	0.43	0	0	0.46
191700	0.45	0.42	0.42	0	0	0.45
191800	0.45	0.42	0.42	0	0	0.45
191900	0.45	0.42	0.42	0	0	0.45
192000	0.45	0.42	0.42	0	0	0.45
192100	0.45	0.42	0.42	0	0	0.45
192200	0.45	0.42	0.42	0	0	0.45
192300	0.45	0.42	0.42	0	0	0.45
192400	0.45	0.42	0.42	0	0	0.45
192500	0.45	0.42	0.42	0	0	0.45
192600	0.46	0.42	0.42	0	0	0.46
192700	0.46	0.42	0.42	0	0	0.46
192800	0.47	0.42	0.42	0	0	0.47
192900	0.47	0.42	0.42	0	0	0.47
193000	0.47	0.42	0.42	0	0	0.47
193100	0.47	0.42	0.42	0	0	0.47
193200	0.47	0.42	0.42	0	0	0.47
193300	0.47	0.42	0.42	0	0	0.47
193400	0.47	0.42	0.42	0	0	0.47
193500	0.47	0.42	0.42	0	0	0.47
193600	0.48	0.42	0.42	0	0	0.48
193700	0.48	0.42	0.42	0	0	0.48
193800	0.48	0.42	0.42	0	0	0.48
193900	0.49	0.42	0.42	0	0	0.49
194000	0.49	0.42	0.42	0	0	0.49
194100	0.49	0.42	0.42	0	0	0.49
194200	0.49	0.42	0.42	0	0	0.49
194300	0.49	0.42	0.42	0	0	0.49
194400	0.49	0.42	0.42	0	0	0.49
194500	0.49	0.42	0.42	0	0	0.49
194600	0.49	0.42	0.42	0	0	0.49
194700	0.47	0.42	0.42	0	0	0.47
194800	0.48	0.42	0.42	0	0	0.48
194900	0.48	0.42	0.42	0	0	0.48
195000	0.47	0.42	0.42	0	0	0.47
195100	0.47	0.42	0.42	0	0	0.47
195200	0.47	0.42	0.42	0	0	0.47
195300	0.47	0.42	0.42	0	0	0.47
195400	0.47	0.42	0.42	0	0	0.47
195500	0.47	0.41	0.41	0	0	0.47
195600	0.47	0.41	0.41	0	0	0.47
195700	0.47	0.41	0.41	0	0	0.47
195800	0.47	0.41	0.41	0	0	0.47
195900	0.47	0.42	0.42	0	0	0.47
196000	0.47	0.42	0.42	0	0	0.47
196100	0.47	0.41	0.41	0	0	0.47
196200	0.47	0.41	0.41	0	0	0.47
196300	0.47	0.41	0.41	0	0	0.47
196400	0.47	0.41	0.41	0	0	0.47
196500	0.46	0.41	0.41	0	0	0.46
196600	0.46	0.41	0.41	0	0	0.46
196700	0.46	0.41	0.41	0	0	0.46
196800	0.46	0.41	0.41	0	0	0.46
196900	0.46	0.41	0.41	0	0	0.46
197000	0.46	0.41	0.41	0	0	0.46
197100	0.46	0.41	0.41	0	0	0.46
197200	0.46	0.41	0.41	0	0	0.46
197300	0.46	0.41	0.41	0	0	0.46
197400	0.46	0.41	0.41	0	0	0.46
197500	0.46	0.41	0.41	0	0	0.46
197600	0.46	0.41	0.41	0	0	0.46
197700	0.46	0.41	0.41	0	0	0.46
197800	0.46	0.4	0.4	0	0	0.46
197900	0.46	0.4	0.4	0	0	0.46
198000	0.46	0.4	0.4	0	0	0.46
198100	0.46	0.4	0.4	0	0	0.46
198200	0.46	0.4	0.4	0	0	0.46
198300	0.46	0.4	0.4	0	0	0.46
198400	0.46	0.4	0.4	0	0	0.46
198500	0.47	0.4	0.4	0	0	0.47
198600	0.46	0.4	0.4	0	0	0.46
198700	0.46	0.4	0.4	0	0	0.46
198800	0.46	0.4	0.4	0	0	0.46
198900	0.46	0.4	0.4	0	0	0.46
199000	0.46	0.4	0.4	0	0	0.46
199100	0.46	0.4	0.4	0	0	0.46
199200	0.46	0.41	0.41	0	0	0.46
199300	0.46	0.41	0.41	0	0	0.46
199400	0.46	0.41	0.41	0	0	0.46
199500	0.46	0.42	0.42	0	0	0.46
199600	0.46	0.42	0.42	0	0	0.46
199700	0.46	0.42	0.42	0	0	0.46
199800	0.46	0.42	0.42	0	0	0.46
199900	0.46	0.42	0.42	0	0	0.46
200000	0.46	0.42	0.42	0	0	0.46
200100	0.46	0.42	0.42	0	0	0.46
200200	0.46	0.42	0.42	0	0	0.46
200300	0.46	0.42	0.42	0	0	0.46
200400	0.46	0.42	0.42	0	0	0.46
200500	0.46	0.42	0.42	0	0	0.46
200600	0.46	0.42	0.42	0	0	0.46
200700	0.46	0.42	0.42	0	0	0.46
200800	0.46	0.42	0.42	0	0	0.46
200900	0.46	0.42	0.42	0	0	0.46
201000	0.46	0.42	0.42	0	0	0.46
201100	0.46	0.42	0.42	0	0	0.46
201200	0.46	0.43	0.43	0	0	0.46
201300	0.46	0.43	0.43	0	0	0.46
201400	0.46	0.44	0.44	0	0	0.46
201500	0.46	0.44	0.44	0	0	0.46
201600	0.46	0.44	0.44	0	0	0.46
201700	0.46	0.44	0.44	0	0	0.46
201800	0.46	0.44	0.44	0	0	0.46
201900	0.46	0.44	0.44	0	0	0.46
202000	0.46	0.43	0.43	0	0	0.46
202100	0.46	0.43	0.43	0	0	0.46
202200	0.46	0.44	0.44	0	0	0.46
202300	0.46	0.44	0.44	0	0	0.46
202400	0.46	0.44	0.44	0	0	0.46
202500	0.46	0.44	0.44	0	0	0.46
202600	0.46	0.44	0.44	0	0	0.46
202700	0.46	0.44	0.44	0	0	0.46
202800	0.46	0.44	0.44	0	0	0.46
202900	0.46	0.44	0.44	0	0	0.46
203000	0.46	0.44	0.44	0	0	0.46
203100	0.46	0.44	0.44	0	0	0.46
203200	0.46	0.44	0.44	0	0	0.46
203300	0.46	0.46	0.46	0	0	0.46
203400	0.46	0.46	0.46	0	0	0.46
203500	0.46	0.46	0.46	0	0	0.46
203600	0.46	0.46	0.46	0	0	0.46
203700	0.46	0.46	0.46	0	0	0.46
203800	0.46	0.46	0.46	0	0	0.46
203900	0.46	0.46	0.46	0	0	0.46
204000	0.46	0.46	0.46	0	0	0.46
204100	0.46	0.46	0.46	0	0	0.46
204200	0.46	0.46	0.46	0	0	0.46
204300	0.46	0.46	0.46	0	0	0.46
204400	0.46	0.46	0.46	0	0	0.46
204500	0.46	0.46	0.46	0	0	0.46
204600	0.46	0.46	0.46	0	0	0.46
204700	0.46	0.46	0.46	0	0	0.46
204800	0.46	0.46	0.46	0	0	0.46
204900	0.46	0.45	0.45	0	0	0.46
205000	0.46	0.45	0.45	0	0	0.46
205100	0.46	0.45	0.45	0	0	0.46
205200	0.46	0.44	0.44	0	0	0.46
205300	0.46	0.44	0.44	0	0	0.46
205400	0.46	0.44	0.44	0	0	0.46
205500	0.46	0.44	0.44	0	0	0.46
205600	0.46	0.44	0.44	0	0	0.46
205700	0.46	0.44	0.44	0	0	0.46
205800	0.46	0.44	0.44	0	0	0.46
205900	0.46	0.44	0.44	0	0	0.46
206000	0.46	0.44	0.44	0	0	0.46
206100	0.46	0.44	0.44	0	0	0.46
206200	0.46	0.44	0.44	0	0	0.46
206300	0.46	0.44	0.44	0	0	0.46
206400	0.46	0.44	0.44	0	0	0.46
206500	0.46	0.44	0.44	0	0	0.46
206600	0.46	0.44	0.44	0	0	0.46
206700	0.46	0.44	0.44	0	0	0.46
206800	0.46	0.44	0.44	0	0	0.46
206900	0.46	0.44	0.44	0	0	0.46
207000	0.46	0.44	0.44	0	0	0.46
207100	0.46	0.44	0.44	0	0	0.46
207200	0.46	0.44	0.44	0	0	0.46
207300	0.46	0.44	0.44	0	0	0.46
207400	0.46	0.44	0.44	0	0	0.46
207500	0.46	0.44	0.44	0	0	0.46
207600	0.46	0.44	0.44	0	0	0.46
207700	0.46	0.44	0.44	0	0	0.46
207800	0.46	0.44	0.44	0	0	0.46
207900	0.46	0.44	0.44	0	0	0.46
208000	0.46	0.44	0.44	0	0	0.46
208100	0.46	0.44	0.44	0	0	0.46
208200	0.46	0.44	0.44	0	0	0.46
208300	0.46	0.44	0.44	0	0	0.46
208400	0.46	0.44	0.44	0	0	0.46
208500	0.46	0.44	0.44	0	0	0.46
208600	0.46	0.44	0.44	0	0	0.46
208700	0.46	0.44	0.44	0	0	0.46
208800	0.46	0.45	0.45	0	0	0.46
208900	0.46	0.45	0.45	0	0	0.46
209000	0.46	0.45	0.45	0	0	0.46
209100	0.46	0.45	0.45	0	0	0.46
209200	0.46	0.45	0.45	0	0	0.46
209300	0.45	0.45	0.45	0	0	0.45
209400	0.45	0.45	0.45	0	0	0.45
209500	0.45	0.45	0.45	0	0	0.45
209600	0.45	0.45	0.45	0	0	0.45
209700	0.45	0.45	0.45	0	0	0.45
209800	0.45	0.45	0.45	0	0	0.45
209900	0.45	0.45	0.45	0	0	0.45
210000	0.45	0.45	0.45	0	0	0.45
210100	0.45	0.45	0.45	0	0	0.45
210200	0.45	0.45	0.45	0	0	0.45
210300	0.45	0.45	0.45	0	0	0.45
210400	0.45	0.45	0.45	0	0	0.45
210500	0.45	0.45	0.45	0	0	0.45
210600	0.45	0.45	0.45	0	0	0.45
210700	0.45	0.45	0.45	0	0	0.45
210800	0.45	0.45	0.45	0	0	0.45
210900	0.45	0.45	0.45	0	0	0.45
211000	0.45	0.44	0.44	0	0	0.45
211100	0.45	0.44	0.44	0	0	0.45
211200	0.45	0.44	0.44	0	0	0.45
211300	0.45	0.43	0.43	0	0	0.45
211400	0.45	0.43	0.43	0	0	0.45
211500	0.45	0.43	0.43	0	0	0.45
211600	0.45	0.42	0.42	0	0	0.45
211700	0.45	0.42	0.42	0	0	0.45
211800	0.45	0.42	0.42	0	0	0.45
211900	0.45	0.42	0.42	0	0	0.45
212000	0.45	0.42	0.42	0	0	0.45
212100	0.45	0.42	0.42	0	0	0.45
212200	0.45	0.42	0.42	0	0	0.45
212300	0.45	0.42	0.42	0	0	0.45
212400	0.45	0.42	0.42	0	0	0.45
212500	0.45	0.42	0.42	0	0	0.45
212600	0.45	0.42	0.42	0	0	0.45
212700	0.45	0.42	0.42	0	0	0.45
212800	0.45	0.42	0.42	0	0	0.45
212900	0.46	0.42	0.42	0	0	0.46
213000	0.46	0.41	0.41	0	0	0.46
213100	0.47	0.41	0.41	0	0	0.47
213200	0.47	0.41	0.41	0	0	0.47
213300	0.48	0.41	0.41	0	0	0.48
213400	0.48	0.41	0.41	0	0	0.48
213500	0.48	0.41	0.41	0	0	0.48
213600	0.48	0.41	0.41	0	0	0.48
213700	0.48	0.41	0.41	0	0	0.48
213800	0.48	0.41	0.41	0	0	0.48
213900	0.48	0.41	0.41	0	0	0.48
214000	0.48	0.41	0.41	0	0	0.48
214100	0.48	0.4	0.4	0	0	0.48
214200	0.48	0.4	0.4	0	0	0.48
214300	0.48	0.4	0.4	0	0	0.48
214400	0.48	0.39	0.39	0	0	0.48
214500	0.48	0.39	0.39	0	0	0.48
214600	0.48	0.39	0.39	0	0	0.48
214700	0.48	0.39	0.39	0	0	0.48
214800	0.48	0.39	0.39	0	0	0.48
214900	0.48	0.4	0.4	0	0	0.48
215000	0.48	0.39	0.39	0	0	0.48
215100	0.48	0.39	0.39	0	0	0.48
215200	0.48	0.39	0.39	0	0	0.48
215300	0.48	0.39	0.39	0	0	0.48
215400	0.48	0.39	0.39	0	0	0.48
215500	0.47	0.39	0.39	0	0	0.47
215600	0.47	0.39	0.39	0	0	0.47
215700	0.47	0.39	0.39	0	0	0.47
215800	0.47	0.39	0.39	0	0	0.47
215900	0.47	0.39	0.39	0	0	0.47
216000	0.47	0.39	0.39	0	0	0.47
216100	0.47	0.39	0.39	0	0	0.47
216200	0.46	0.4	0.4	0	0	0.46
216300	0.46	0.4	0.4	0	0	0.46
216400	0.46	0.4	0.4	0	0	0.46
216500	0.46	0.4	0.4	0	0	0.46
216600	0.46	0.4	0.4	0	0	0.46
216700	0.46	0.4	0.4	0	0	0.46
216800	0.46	0.4	0.4	0	0	0.46
216900	0.46	0.4	0.4	0	0	0.46
217000	0.46	0.4	0.4	0	0	0.46
217100	0.46	0.4	0.4	0	0	0.46
217200	0.46	0.4	0.4	0	0	0.46
217300	0.46	0.4	0.4	0	0	0.46
217400	0.46	0.41	0.41	0	0	0.46
217500	0.46	0.41	0.41	0	0	0.46
217600	0.46	0.4	0.4	0	0	0.46
217700	0.46	0.4	0.4	0	0	0.46
217800	0.46	0.4	0.4	0	0	0.46
217900	0.46	0.4	0.4	0	0	0.46
218000	0.46	0.4	0.4	0	0	0.46
218100	0.46	0.4	0.4	0	0	0.46
218200	0.46	0.4	0.4	0	0	0.46
218300	0.46	0.4	0.4	0	0	0.46
218400	0.46	0.4	0.4	0	0	0.46
218500	0.46	0.4	0.4	0	0	0.46
218600	0.46	0.4	0.4	0	0	0.46
218700	0.46	0.42	0.42	0	0	0.46
218800	0.46	0.42	0.42	0	0	0.46
218900	0.46	0.42	0.42	0	0	0.46
219000	0.46	0.42	0.42	0	0	0.46
219100	0.47	0.42	0.42	0	0	0.47
219200	0.47	0.42	0.42	0	0	0.47
219300	0.47	0.42	0.42	0	0	0.47
219400	0.47	0.42	0.42	0	0	0.47
219500	0.47	0.42	0.42	0	0	0.47
219600	0.47	0.42	0.42	0	0	0.47
219700	0.47	0.42	0.42	0	0	0.47
219800	0.48	0.42	0.42	0	0	0.48
219900	0.47	0.42	0.42	0	0	0.47
220000	0.47	0.42	0.42	0	0	0.47
220100	0.47	0.42	0.42	0	0	0.47
220200	0.47	0.42	0.42	0	0	0.47
220300	0.47	0.42	0.42	0	0	0.47
220400	0.47	0.42	0.42	0	0	0.47
220500	0.47	0.42	0.42	0	0	0.47
220600	0.47	0.42	0.42	0	0	0.47
220700	0.47	0.42	0.42	0	0	0.47
220800	0.48	0.42	0.42	0	0	0.48
220900	0.48	0.42	0.42	0	0	0.48
221000	0.48	0.43	0.43	0	0	0.48
221100	0.48	0.43	0.43	0	0	0.48
221200	0.48	0.43	0.43	0	0	0.48
221300	0.48	0.43	0.43	0	0	0.48
221400	0.48	0.43	0.43	0	0	0.48
221500	0.48	0.43	0.43	0	0	0.48
221600	0.48	0.43	0.43	0	0	0.48
221700	0.48	0.43	0.43	0	0	0.48
221800	0.48	0.42	0.42	0	0	0.48
221900	0.48	0.42	0.42	0	0	0.48
222000	0.48	0.42	0.42	0	0	0.48
222100	0.48	0.42	0.42	0	0	0.48
222200	0.48	0.42	0.42	0	0	0.48
222300	0.48	0.42	0.42	0	0	0.48
222400	0.48	0.42	0.42	0	0	0.48
222500	0.48	0.42	0.42	0	0	0.48
222600	0.48	0.42	0.42	0	0	0.48
222700	0.48	0.42	0.42	0	0	0.48
222800	0.48	0.42	0.42	0	0	0.48
222900	0.48	0.42	0.42	0	0	0.48
223000	0.48	0.41	0.41	0	0	0.48
223100	0.48	0.41	0.41	0	0	0.48
223200	0.48	0.41	0.41	0	0	0.48
223300	0.48	0.41	0.41	0	0	0.48
223400	0.48	0.41	0.41	0	0	0.48
223500	0.47	0.41	0.41	0	0	0.47
223600	0.47	0.41	0.41	0	0	0.47
223700	0.47	0.41	0.41	0	0	0.47
223800	0.47	0.42	0.42	0	0	0.47
223900	0.47	0.42	0.42	0	0	0.47
224000	0.47	0.42	0.42	0	0	0.47
224100	0.47	0.41	0.41	0	0	0.47
224200	0.46	0.41	0.41	0	0	0.46
224300	0.46	0.41	0.41	0	0	0.46
224400	0.46	0.42	0.42	0	0	0.46
224500	0.46	0.42	0.42	0	0	0.46
224600	0.46	0.42	0.42	0	0	0.46
224700	0.46	0.41	0.41	0	0	0.46
224800	0.46	0.41	0.41	0	0	0.46
224900	0.46	0.41	0.41	0	0	0.46
225000	0.46	0.41	0.41	0	0	0.46
225100	0.46	0.41	0.41	0	0	0.46
225200	0.46	0.41	0.41	0	0	0.46
225300	0.46	0.41	0.41	0	0	0.46
225400	0.46	0.4	0.4	0	0	0.46
225500	0.46	0.4	0.4	0	0	0.46
225600	0.46	0.4	0.4	0	0	0.46
225700	0.46	0.4	0.4	0	0	0.46
225800	0.47	0.4	0.4	0	0	0.47
225900	0.46	0.4	0.4	0	0	0.46
226000	0.46	0.4	0.4	0	0	0.46
226100	0.46	0.4	0.4	0	0	0.46
226200	0.46	0.4	0.4	0	0	0.46
226300	0.46	0.4	0.4	0	0	0.46
226400	0.46	0.4	0.4	0	0	0.46
226500	0.46	0.4	0.4	0	0	0.46
226600	0.46	0.4	0.4	0	0	0.46
226700	0.46	0.4	0.4	0	0	0.46
226800	0.46	0.4	0.4	0	0	0.46
226900	0.46	0.4	0.4	0	0	0.46
227000	0.46	0.4	0.4	0	0	0.46
227100	0.46	0.41	0.41	0	0	0.46
227200	0.46	0.4	0.4	0	0	0.46
227300	0.46	0.4	0.4	0	0	0.46
227400	0.46	0.4	0.4	0	0	0.46
227500	0.46	0.4	0.4	0	0	0.46
227600	0.46	0.4	0.4	0	0	0.46
227700	0.46	0.4	0.4	0	0	0.46
227800	0.46	0.4	0.4	0	0	0.46
227900	0.46	0.41	0.41	0	0	0.46
228000	0.46	0.41	0.41	0	0	0.46
228100	0.46	0.41	0.41	0	0	0.46
228200	0.46	0.4	0.4	0	0	0.46
228300	0.46	0.4	0.4	0	0	0.46
228400	0.46	0.4	0.4	0	0	0.46
228500	0.46	0.4	0.4	0	0	0.46
228600	0.46	0.39	0.39	0	0	0.46
228700	0.46	0.39	0.39	0	0	0.46
228800	0.46	0.39	0.39	0	0	0.46
228900	0.46	0.39	0.39	0	0	0.46
229000	0.46	0.39	0.39	0	0	0.46
229100	0.46	0.39	0.39	0	0	0.46
229200	0.46	0.39	0.39	0	0	0.46
229300	0.46	0.4	0.4	0	0	0.46
229400	0.46	0.4	0.4	0	0	0.46
229500	0.46	0.41	0.41	0	0	0.46
229600	0.46	0.41	0.41	0	0	0.46
229700	0.46	0.41	0.41	0	0	0.46
229800	0.46	0.41	0.41	0	0	0.46
229900	0.46	0.41	0.41	0	0	0.46
230000	0.46	0.41	0.41	0	0	0.46
230100	0.46	0.41	0.41	0	0	0.46
230200	0.46	0.41	0.41	0	0	0.46
230300	0.46	0.41	0.41	0	0	0.46
230400	0.46	0.41	0.41	0	0	0.46
230500	0.46	0.41	0.41	0	0	0.46
230600	0.46	0.41	0.41	0	0	0.46
230700	0.46	0.41	0.41	0	0	0.46
230800	0.46	0.41	0.41	0	0	0.46
230900	0.46	0.41	0.41	0	0	0.46
231000	0.46	0.41	0.41	0	0	0.46
231100	0.46	0.41	0.41	0	0	0.46
231200	0.46	0.41	0.41	0	0	0.46
231300	0.46	0.41	0.41	0	0	0.46
231400	0.46	0.41	0.41	0	0	0.46
231500	0.46	0.41	0.41	0	0	0.46
231600	0.46	0.41	0.41	0	0	0.46
231700	0.46	0.41	0.41	0	0	0.46
231800	0.46	0.41	0.41	0	0	0.46
231900	0.46	0.41	0.41	0	0	0.46
232000	0.46	0.41	0.41	0	0	0.46
232100	0.46	0.41	0.41	0	0	0.46
232200	0.46	0.42	0.42	0	0	0.46
232300	0.46	0.42	0.42	0	0	0.46
232400	0.46	0.42	0.42	0	0	0.46
232500	0.46	0.42	0.42	0	0	0.46
232600	0.46	0.42	0.42	0	0	0.46
232700	0.46	0.42	0.42	0	0	0.46
232800	0.46	0.42	0.42	0	0	0.46
232900	0.46	0.42	0.42	0	0	0.46
233000	0.46	0.42	0.42	0	0	0.46
233100	0.46	0.42	0.42	0	0	0.46
233200	0.46	0.42	0.42	0	0	0.46
233300	0.46	0.42	0.42	0	0	0.46
233400	0.46	0.42	0.42	0	0	0.46
233500	0.46	0.42	0.42	0	0	0.46
233600	0.46	0.42	0.42	0	0	0.46
233700	0.45	0.42	0.42	0	0	0.45
233800	0.45	0.42	0.42	0	0	0.45
233900	0.45	0.42	0.42	0	0	0.45
234000	0.45	0.42	0.42	0	0	0.45
234100	0.45	0.42	0.42	0	0	0.45
234200	0.45	0.42	0.42	0	0	0.45
234300	0.45	0.42	0.42	0	0	0.45
234400	0.45	0.42	0.42	0	0	0.45
234500	0.45	0.42	0.42	0	0	0.45
234600	0.45	0.42	0.42	0	0	0.45
234700	0.45	0.42	0.42	0	0	0.45
234800	0.45	0.42	0.42	0	0	0.45
234900	0.45	0.42	0.42	0	0	0.45
235000	0.44	0.42	0.42	0	0	0.44
235100	0.44	0.42	0.42	0	0	0.44
235200	0.44	0.42	0.42	0	0	0.44
235300	0.44	0.42	0.42	0	0	0.44
235400	0.44	0.43	0.43	0	0	0.44
235500	0.44	0.42	0.42	0	0	0.44
235600	0.44	0.42	0.42	0	0	0.44
235700	0.44	0.42	0.42	0	0	0.44
235800	0.45	0.42	0.42	0	0	0.45
235900	0.45	0.42	0.42	0	0	0.45
236000	0.45	0.42	0.42	0	0	0.45
236100	0.45	0.42	0.42	0	0	0.45
236200	0.45	0.42	0.42	0	0	0.45
236300	0.45	0.42	0.42	0	0	0.45
236400	0.45	0.42	0.42	0	0	0.45
236500	0.45	0.42	0.42	0	0	0.45
236600	0.45	0.42	0.42	0	0	0.45
236700	0.46	0.42	0.42	0	0	0.46
236800	0.45	0.42	0.42	0	0	0.45
236900	0.45	0.42	0.42	0	0	0.45
237000	0.45	0.42	0.42	0	0	0.45
237100	0.45	0.42	0.42	0	0	0.45
237200	0.45	0.43	0.43	0	0	0.45
237300	0.45	0.42	0.42	0	0	0.45
237400	0.45	0.42	0.42	0	0	0.45
237500	0.45	0.42	0.42	0	0	0.45
237600	0.45	0.43	0.43	0	0	0.45
237700	0.45	0.43	0.43	0	0	0.45
237800	0.45	0.43	0.43	0	0	0.45
237900	0.45	0.44	0.44	0	0	0.45
238000	0.45	0.43	0.43	0	0	0.45
238100	0.45	0.43	0.43	0	0	0.45
238200	0.45	0.43	0.43	0	0	0.45
238300	0.45	0.43	0.43	0	0	0.45
238400	0.45	0.43	0.43	0	0	0.45
238500	0.45	0.43	0.43	0	0	0.45
238600	0.45	0.43	0.43	0	0	0.45
238700	0.46	0.43	0.43	0	0	0.46
238800	0.46	0.43	0.43	0	0	0.46
238900	0.46	0.43	0.43	0	0	0.46
239000	0.46	0.42	0.42	0	0	0.46
239100	0.47	0.42	0.42	0	0	0.47
239200	0.47	0.42	0.42	0	0	0.47
239300	0.47	0.42	0.42	0	0	0.47
239400	0.47	0.42	0.42	0	0	0.47
239500	0.47	0.42	0.42	0	0	0.47
239600	0.47	0.43	0.43	0	0	0.47
239700	0.46	0.43	0.43	0	0	0.46
239800	0.46	0.43	0.43	0	0	0.46
239900	0.46	0.43	0.43	0	0	0.46
240000	0.47	0.43	0.43	0	0	0.47
240100	0.47	0.43	0.43	0	0	0.47
240200	0.47	0.44	0.44	0	0	0.47
240300	0.47	0.44	0.44	0	0	0.47
240400	0.47	0.44	0.44	0	0	0.47
240500	0.47	0.44	0.44	0	0	0.47
240600	0.47	0.44	0.44	0	0	0.47
240700	0.47	0.44	0.44	0	0	0.47
240800	0.47	0.44	0.44	0	0	0.47
240900	0.47	0.44	0.44	0	0	0.47
241000	0.47	0.45	0.45	0	0	0.47
241100	0.48	0.45	0.45	0	0	0.48
241200	0.48	0.45	0.45	0	0	0.48
241300	0.48	0.45	0.45	0	0	0.48
241400	0.47	0.45	0.45	0	0	0.47
241500	0.47	0.45	0.45	0	0	0.47
241600	0.47	0.45	0.45	0	0	0.47
241700	0.47	0.45	0.45	0	0	0.47
241800	0.47	0.45	0.45	0	0	0.47
241900	0.47	0.45	0.45	0	0	0.47
242000	0.47	0.45	0.45	0	0	0.47
242100	0.47	0.45	0.45	0	0	0.47
242200	0.47	0.45	0.45	0	0	0.47
242300	0.47	0.45	0.45	0	0	0.47
242400	0.47	0.45	0.45	0	0	0.47
242500	0.47	0.45	0.45	0	0	0.47
242600	0.47	0.46	0.46	0	0	0.47
242700	0.47	0.46	0.46	0	0	0.47
242800	0.47	0.46	0.46	0	0	0.47
242900	0.47	0.46	0.46	0	0	0.47
243000	0.47	0.46	0.46	0	0	0.47
243100	0.47	0.46	0.46	0	0	0.47
243200	0.47	0.46	0.46	0	0	0.47
243300	0.47	0.46	0.46	0	0	0.47
243400	0.47	0.46	0.46	0	0	0.47
243500	0.47	0.46	0.46	0	0	0.47
243600	0.47	0.46	0.46	0	0	0.47
243700	0.47	0.46	0.46	0	0	0.47
243800	0.47	0.46	0.46	0	0	0.47
243900	0.47	0.46	0.46	0	0	0.47
244000	0.47	0.46	0.46	0	0	0.47
244100	0.47	0.46	0.46	0	0	0.47
244200	0.47	0.45	0.45	0	0	0.47
244300	0.47	0.45	0.45	0	0	0.47
244400	0.47	0.45	0.45	0	0	0.47
244500	0.47	0.45	0.45	0	0	0.47
244600	0.47	0.45	0.45	0	0	0.47
244700	0.47	0.45	0.45	0	0	0.47
244800	0.47	0.45	0.45	0	0	0.47
244900	0.47	0.45	0.45	0	0	0.47
245000	0.48	0.45	0.45	0	0	0.48
245100	0.47	0.45	0.45	0	0	0.47
245200	0.47	0.45	0.45	0	0	0.47
245300	0.47	0.45	0.45	0	0	0.47
245400	0.47	0.45	0.45	0	0	0.47
245500	0.47	0.45	0.45	0	0	0.47
245600	0.47	0.45	0.45	0	0	0.47
245700	0.47	0.45	0.45	0	0	0.47
245800	0.47	0.45	0.45	0	0	0.47
245900	0.47	0.45	0.45	0	0	0.47
246000	0.47	0.45	0.45	0	0	0.47
246100	0.47	0.45	0.45	0	0	0.47
246200	0.47	0.46	0.46	0	0	0.47
246300	0.47	0.45	0.45	0	0	0.47
246400	0.47	0.45	0.45	0	0	0.47
246500	0.47	0.45	0.45	0	0	0.47
246600	0.47	0.45	0.45	0	0	0.47
246700	0.47	0.45	0.45	0	0	0.47
246800	0.47	0.45	0.45	0	0	0.47
246900	0.47	0.45	0.45	0	0	0.47
247000	0.47	0.45	0.45	0	0	0.47
247100	0.47	0.45	0.45	0	0	0.47
247200	0.47	0.46	0.46	0	0	0.47
247300	0.47	0.45	0.45	0	0	0.47
247400	0.47	0.45	0.45	0	0	0.47
247500	0.47	0.46	0.46	0	0	0.47
247600	0.47	0.46	0.46	0	0	0.47
247700	0.47	0.45	0.45	0	0	0.47
247800	0.47	0.45	0.45	0	0	0.47
247900	0.47	0.45	0.45	0	0	0.47
248000	0.47	0.45	0.45	0	0	0.47
248100	0.47	0.45	0.45	0	0	0.47
248200	0.47	0.45	0.45	0	0	0.47
248300	0.47	0.45	0.45	0	0	0.47
248400	0.47	0.45	0.45	0	0	0.47
248500	0.47	0.45	0.45	0	0	0.47
248600	0.47	0.45	0.45	0	0	0.47
248700	0.47	0.45	0.45	0	0	0.47
248800	0.47	0.45	0.45	0	0	0.47
248900	0.47	0.45	0.45	0	0	0.47
249000	0.47	0.45	0.45	0	0	0.47
249100	0.47	0.45	0.45	0	0	0.47
249200	0.47	0.45	0.45	0	0	0.47
249300	0.47	0.45	0.45	0	0	0.47
249400	0.47	0.45	0.45	0	0	0.47
249500	0.47	0.46	0.46	0	0	0.47
249600	0.47	0.46	0.46	0	0	0.47
249700	0.47	0.46	0.46	0	0	0.47
249800	0.47	0.46	0.46	0	0	0.47
249900	0.47	0.46	0.46	0	0	0.47
250000	0.47	0.46	0.46	0	0	0.47
250100	0.47	0.46	0.46	0	0	0.47
250200	0.47	0.46	0.46	0	0	0.47
250300	0.47	0.46	0.46	0	0	0.47
250400	0.47	0.46	0.46	0	0	0.47
250500	0.47	0.46	0.46	0	0	0.47
250600	0.47	0.46	0.46	0	0	0.47
250700	0.47	0.46	0.46	0	0	0.47
250800	0.47	0.46	0.46	0	0	0.47
250900	0.47	0.46	0.46	0	0	0.47
251000	0.47	0.46	0.46	0	0	0.47
251100	0.47	0.46	0.46	0	0	0.47
251200	0.47	0.46	0.46	0	0	0.47
251300	0.47	0.46	0.46	0	0	0.47
251400	0.47	0.47	0.47	0	0	0.47
251500	0.47	0.47	0.47	0	0	0.47
251600	0.47	0.47	0.47	0	0	0.47
251700	0.47	0.47	0.47	0	0	0.47
251800	0.47	0.47	0.47	0	0	0.47
251900	0.47	0.47	0.47	0	0	0.47
252000	0.47	0.47	0.47	0	0	0.47
252100	0.47	0.47	0.47	0	0	0.47
252200	0.47	0.47	0.47	0	0	0.47
252300	0.47	0.47	0.47	0	0	0.47
252400	0.47	0.47	0.47	0	0	0.47
252500	0.47	0.47	0.47	0	0	0.47
252600	0.47	0.47	0.47	0	0	0.47
252700	0.47	0.47	0.47	0	0	0.47
252800	0.47	0.47	0.47	0	0	0.47
252900	0.47	0.47	0.47	0	0	0.47
253000	0.47	0.47	0.47	0	0	0.47
253100	0.47	0.47	0.47	0	0	0.47
253200	0.47	0.47	0.47	0	0	0.47
253300	0.46	0.47	0.47	0	0	0.46
253400	0.46	0.47	0.47	0	0	0.46
253500	0.46	0.47	0.47	0	0	0.46
253600	0.46	0.47	0.47	0	0	0.46
253700	0.46	0.47	0.47	0	0	0.46
253800	0.46	0.47	0.47	0	0	0.46
253900	0.46	0.47	0.47	0	0	0.46
254000	0.46	0.47	0.47	0	0	0.46
254100	0.46	0.47	0.47	0	0	0.46
254200	0.47	0.47	0.47	0	0	0.47
254300	0.47	0.47	0.47	0	0	0.47
254400	0.47	0.47	0.47	0	0	0.47
254500	0.48	0.47	0.47	0	0	0.48
254600	0.48	0.47	0.47	0	0	0.48
254700	0.48	0.47	0.47	0	0	0.48
254800	0.48	0.47	0.47	0	0	0.48
254900	0.48	0.47	0.47	0	0	0.48
255000	0.48	0.47	0.47	0	0	0.48
255100	0.48	0.47	0.47	0	0	0.48
255200	0.48	0.47	0.47	0	0	0.48
255300	0.48	0.47	0.47	0	0	0.48
255400	0.48	0.47	0.47	0	0	0.48
255500	0.48	0.47	0.47	0	0	0.48
255600	0.48	0.47	0.47	0	0	0.48
255700	0.48	0.47	0.47	0	0	0.48
255800	0.48	0.47	0.47	0	0	0.48
255900	0.48	0.47	0.47	0	0	0.48
256000	0.48	0.47	0.47	0	0	0.48
256100	0.48	0.47	0.47	0	0	0.48
256200	0.48	0.47	0.47	0	0	0.48
256300	0.48	0.47	0.47	0	0	0.48
256400	0.48	0.46	0.46	0	0	0.48
256500	0.48	0.46	0.46	0	0	0.48
256600	0.48	0.46	0.46	0	0	0.48
256700	0.48	0.46	0.46	0	0	0.48
256800	0.48	0.46	0.46	0	0	0.48
256900	0.48	0.46	0.46	0	0	0.48
257000	0.48	0.46	0.46	0	0	0.48
257100	0.48	0.46	0.46	0	0	0.48
257200	0.48	0.46	0.46	0	0	0.48
257300	0.48	0.46	0.46	0	0	0.48
257400	0.48	0.46	0.46	0	0	0.48
257500	0.48	0.46	0.46	0	0	0.48
257600	0.48	0.46	0.46	0	0	0.48
257700	0.48	0.46	0.46	0	0	0.48
257800	0.48	0.46	0.46	0	0	0.48
257900	0.48	0.46	0.46	0	0	0.48
258000	0.48	0.46	0.46	0	0	0.48
258100	0.48	0.45	0.45	0	0	0.48
258200	0.48	0.45	0.45	0	0	0.48
258300	0.48	0.45	0.45	0	0	0.48
258400	0.48	0.45	0.45	0	0	0.48
258500	0.48	0.45	0.45	0	0	0.48
258600	0.48	0.45	0.45	0	0	0.48
258700	0.48	0.45	0.45	0	0	0.48
258800	0.48	0.45	0.45	0	0	0.48
258900	0.48	0.45	0.45	0	0	0.48
259000	0.48	0.45	0.45	0	0	0.48
259100	0.48	0.45	0.45	0	0	0.48
259200	0.48	0.45	0.45	0	0	0.48
259300	0.48	0.45	0.45	0	0	0.48
259400	0.48	0.45	0.45	0	0	0.48
259500	0.48	0.45	0.45	0	0	0.48
259600	0.48	0.45	0.45	0	0	0.48
259700	0.48	0.45	0.45	0	0	0.48
259800	0.48	0.45	0.45	0	0	0.48
259900	0.48	0.45	0.45	0	0	0.48
260000	0.48	0.45	0.45	0	0	0.48
260100	0.48	0.45	0.45	0	0	0.48
260200	0.48	0.45	0.45	0	0	0.48
260300	0.48	0.45	0.45	0	0	0.48
260400	0.48	0.45	0.45	0	0	0.48
260500	0.48	0.45	0.45	0	0	0.48
260600	0.48	0.45	0.45	0	0	0.48
260700	0.48	0.45	0.45	0	0	0.48
260800	0.48	0.45	0.45	0	0	0.48
260900	0.48	0.45	0.45	0	0	0.48
261000	0.48	0.45	0.45	0	0	0.48
261100	0.48	0.45	0.45	0	0	0.48
261200	0.48	0.45	0.45	0	0	0.48
261300	0.48	0.45	0.45	0	0	0.48
261400	0.48	0.45	0.45	0	0	0.48
261500	0.48	0.45	0.45	0	0	0.48
261600	0.48	0.45	0.45	0	0	0.48
261700	0.48	0.45	0.45	0	0	0.48
261800	0.48	0.45	0.45	0	0	0.48
261900	0.48	0.45	0.45	0	0	0.48
262000	0.48	0.45	0.45	0	0	0.48
262100	0.48	0.45	0.45	0	0	0.48
262200	0.48	0.45	0.45	0	0	0.48
262300	0.48	0.46	0.46	0	0	0.48
262400	0.48	0.45	0.45	0	0	0.48
262500	0.48	0.45	0.45	0	0	0.48
262600	0.48	0.45	0.45	0	0	0.48
262700	0.48	0.45	0.45	0	0	0.48
262800	0.48	0.45	0.45	0	0	0.48
262900	0.48	0.45	0.45	0	0	0.48
263000	0.48	0.45	0.45	0	0	0.48
263100	0.48	0.45	0.45	0	0	0.48
263200	0.48	0.45	0.45	0	0	0.48
263300	0.48	0.45	0.45	0	0	0.48
263400	0.48	0.45	0.45	0	0	0.48
263500	0.48	0.45	0.45	0	0	0.48
263600	0.48	0.45	0.45	0	0	0.48
263700	0.48	0.45	0.45	0	0	0.48
263800	0.48	0.45	0.45	0	0	0.48
263900	0.48	0.46	0.46	0	0	0.48
264000	0.48	0.46	0.46	0	0	0.48
264100	0.48	0.46	0.46	0	0	0.48
264200	0.48	0.46	0.46	0	0	0.48
264300	0.48	0.44	0.44	0	0	0.48
264400	0.48	0.44	0.44	0	0	0.48
264500	0.48	0.44	0.44	0	0	0.48
264600	0.48	0.44	0.44	0	0	0.48
264700	0.48	0.44	0.44	0	0	0.48
264800	0.49	0.44	0.44	0	0	0.49
264900	0.49	0.44	0.44	0	0	0.49
265000	0.49	0.44	0.44	0	0	0.49
265100	0.49	0.44	0.44	0	0	0.49
265200	0.49	0.44	0.44	0	0	0.49
265300	0.49	0.44	0.44	0	0	0.49
265400	0.49	0.44	0.44	0	0	0.49
265500	0.49	0.44	0.44	0	0	0.49
265600	0.49	0.44	0.44	0	0	0.49
265700	0.49	0.44	0.44	0	0	0.49
265800	0.49	0.44	0.44	0	0	0.49
265900	0.49	0.44	0.44	0	0	0.49
266000	0.49	0.44	0.44	0	0	0.49
266100	0.49	0.44	0.44	0	0	0.49
266200	0.49	0.44	0.44	0	0	0.49
266300	0.49	0.44	0.44	0	0	0.49
266400	0.49	0.44	0.44	0	0	0.49
266500	0.49	0.44	0.44	0	0	0.49
266600	0.49	0.44	0.44	0	0	0.49
266700	0.48	0.44	0.44	0	0	0.48
266800	0.48	0.44	0.44	0	0	0.48
266900	0.48	0.44	0.44	0	0	0.48
267000	0.48	0.44	0.44	0	0	0.48
267100	0.48	0.44	0.44	0	0	0.48
267200	0.48	0.44	0.44	0	0	0.48
267300	0.48	0.44	0.44	0	0	0.48
267400	0.48	0.44	0.44	0	0	0.48
267500	0.48	0.44	0.44	0	0	0.48
267600	0.48	0.45	0.45	0	0	0.48
267700	0.48	0.45	0.45	0	0	0.48
267800	0.48	0.45	0.45	0	0	0.48
267900	0.48	0.45	0.45	0	0	0.48
268000	0.48	0.44	0.44	0	0	0.48
268100	0.48	0.44	0.44	0	0	0.48
268200	0.48	0.44	0.44	0	0	0.48
268300	0.48	0.44	0.44	0	0	0.48
268400	0.48	0.44	0.44	0	0	0.48
268500	0.48	0.44	0.44	0	0	0.48
268600	0.48	0.44	0.44	0	0	0.48
268700	0.48	0.44	0.44	0	0	0.48
268800	0.48	0.44	0.44	0	0	0.48
268900	0.48	0.44	0.44	0	0	0.48
269000	0.48	0.44	0.44	0	0	0.48
269100	0.48	0.44	0.44	0	0	0.48
269200	0.48	0.44	0.44	0	0	0.48
269300	0.48	0.44	0.44	0	0	0.48
269400	0.48	0.44	0.44	0	0	0.48
269500	0.48	0.44	0.44	0	0	0.48
269600	0.48	0.44	0.44	0	0	0.48
269700	0.48	0.44	0.44	0	0	0.48
269800	0.48	0.44	0.44	0	0	0.48
269900	0.48	0.44	0.44	0	0	0.48
270000	0.49	0.44	0.44	0	0	0.49
270100	0.48	0.44	0.44	0	0	0.48
270200	0.48	0.44	0.44	0	0	0.48
270300	0.48	0.44	0.44	0	0	0.48
270400	0.48	0.44	0.44	0	0	0.48
270500	0.48	0.44	0.44	0	0	0.48
270600	0.48	0.44	0.44	0	0	0.48
270700	0.49	0.44	0.44	0	0	0.49
270800	0.48	0.44	0.44	0	0	0.48
270900	0.48	0.44	0.44	0	0	0.48
271000	0.48	0.44	0.44	0	0	0.48
271100	0.48	0.44	0.44	0	0	0.48
271200	0.48	0.44	0.44	0	0	0.48
271300	0.48	0.44	0.44	0	0	0.48
271400	0.48	0.44	0.44	0	0	0.48
271500	0.49	0.44	0.44	0	0	0.49
271600	0.5	0.44	0.44	0	0	0.5
271700	0.48	0.44	0.44	0	0	0.48
271800	0.48	0.44	0.44	0	0	0.48
271900	0.48	0.44	0.44	0	0	0.48
272000	0.48	0.44	0.44	0	0	0.48
272100	0.48	0.44	0.44	0	0	0.48
272200	0.48	0.44	0.44	0	0	0.48
272300	0.48	0.44	0.44	0	0	0.48
272400	0.48	0.44	0.44	0	0	0.48
272500	0.48	0.45	0.45	0	0	0.48
272600	0.48	0.45	0.45	0	0	0.48
272700	0.48	0.45	0.45	0	0	0.48
272800	0.48	0.45	0.45	0	0	0.48
272900	0.48	0.45	0.45	0	0	0.48
273000	0.48	0.45	0.45	0	0	0.48
273100	0.48	0.45	0.45	0	0	0.48
273200	0.48	0.45	0.45	0	0	0.48
273300	0.48	0.45	0.45	0	0	0.48
273400	0.48	0.45	0.45	0	0	0.48
273500	0.48	0.45	0.45	0	0	0.48
273600	0.48	0.45	0.45	0	0	0.48
273700	0.48	0.45	0.45	0	0	0.48
273800	0.48	0.45	0.45	0	0	0.48
273900	0.48	0.45	0.45	0	0	0.48
274000	0.48	0.45	0.45	0	0	0.48
274100	0.48	0.45	0.45	0	0	0.48
274200	0.48	0.45	0.45	0	0	0.48
274300	0.48	0.45	0.45	0	0	0.48
274400	0.48	0.45	0.45	0	0	0.48
274500	0.48	0.45	0.45	0	0	0.48
274600	0.48	0.45	0.45	0	0	0.48
274700	0.48	0.45	0.45	0	0	0.48
274800	0.48	0.45	0.45	0	0	0.48
274900	0.48	0.45	0.45	0	0	0.48
275000	0.48	0.45	0.45	0	0	0.48
275100	0.48	0.45	0.45	0	0	0.48
275200	0.48	0.45	0.45	0	0	0.48
275300	0.48	0.45	0.45	0	0	0.48
275400	0.48	0.45	0.45	0	0	0.48
275500	0.48	0.45	0.45	0	0	0.48
275600	0.48	0.45	0.45	0	0	0.48
275700	0.48	0.45	0.45	0	0	0.48
275800	0.48	0.45	0.45	0	0	0.48
275900	0.48	0.45	0.45	0	0	0.48
276000	0.48	0.45	0.45	0	0	0.48
276100	0.48	0.45	0.45	0	0	0.48
276200	0.48	0.45	0.45	0	0	0.48
276300	0.48	0.45	0.45	0	0	0.48
276400	0.48	0.45	0.45	0	0	0.48
276500	0.48	0.45	0.45	0	0	0.48
276600	0.48	0.45	0.45	0	0	0.48
276700	0.48	0.45	0.45	0	0	0.48
276800	0.48	0.45	0.45	0	0	0.48
276900	0.48	0.45	0.45	0	0	0.48
277000	0.48	0.45	0.45	0	0	0.48
277100	0.48	0.45	0.45	0	0	0.48
277200	0.48	0.45	0.45	0	0	0.48
277300	0.48	0.45	0.45	0	0	0.48
277400	0.48	0.46	0.46	0	0	0.48
277500	0.48	0.45	0.45	0	0	0.48
277600	0.48	0.45	0.45	0	0	0.48
277700	0.48	0.45	0.45	0	0	0.48
277800	0.48	0.45	0.45	0	0	0.48
277900	0.48	0.45	0.45	0	0	0.48
278000	0.48	0.45	0.45	0	0	0.48
278100	0.48	0.45	0.45	0	0	0.48
278200	0.48	0.45	0.45	0	0	0.48
278300	0.48	0.45	0.45	0	0	0.48
278400	0.48	0.45	0.45	0	0	0.48
278500	0.48	0.45	0.45	0	0	0.48
278600	0.49	0.45	0.45	0	0	0.49
278700	0.49	0.45	0.45	0	0	0.49
278800	0.49	0.45	0.45	0	0	0.49
278900	0.49	0.45	0.45	0	0	0.49
279000	0.49	0.45	0.45	0	0	0.49
279100	0.49	0.45	0.45	0	0	0.49
279200	0.49	0.45	0.45	0	0	0.49
279300	0.49	0.45	0.45	0	0	0.49
279400	0.49	0.45	0.45	0	0	0.49
279500	0.49	0.45	0.45	0	0	0.49
279600	0.49	0.45	0.45	0	0	0.49
279700	0.49	0.45	0.45	0	0	0.49
279800	0.49	0.45	0.45	0	0	0.49
279900	0.49	0.45	0.45	0	0	0.49
280000	0.49	0.45	0.45	0	0	0.49
280100	0.49	0.45	0.45	0	0	0.49
280200	0.49	0.45	0.45	0	0	0.49
280300	0.49	0.44	0.44	0	0	0.49
280400	0.49	0.44	0.44	0	0	0.49
280500	0.49	0.44	0.44	0	0	0.49
280600	0.49	0.44	0.44	0	0	0.49
280700	0.49	0.44	0.44	0	0	0.49
280800	0.49	0.44	0.44	0	0	0.49
280900	0.49	0.44	0.44	0	0	0.49
281000	0.49	0.44	0.44	0	0	0.49
281100	0.49	0.44	0.44	0	0	0.49
281200	0.49	0.44	0.44	0	0	0.49
281300	0.49	0.44	0.44	0	0	0.49
281400	0.49	0.44	0.44	0	0	0.49
281500	0.49	0.44	0.44	0	0	0.49
281600	0.49	0.44	0.44	0	0	0.49
281700	0.49	0.44	0.44	0	0	0.49
281800	0.49	0.44	0.44	0	0	0.49
281900	0.49	0.44	0.44	0	0	0.49
282000	0.49	0.44	0.44	0	0	0.49
282100	0.49	0.44	0.44	0	0	0.49
282200	0.49	0.44	0.44	0	0	0.49
282300	0.49	0.44	0.44	0	0	0.49
282400	0.49	0.44	0.44	0	0	0.49
282500	0.49	0.44	0.44	0	0	0.49
282600	0.49	0.44	0.44	0	0	0.49
282700	0.49	0.44	0.44	0	0	0.49
282800	0.49	0.44	0.44	0	0	0.49
282900	0.5	0.44	0.44	0	0	0.5
283000	0.49	0.44	0.44	0	0	0.49
283100	0.49	0.44	0.44	0	0	0.49
283200	0.49	0.44	0.44	0	0	0.49
283300	0.49	0.45	0.45	0	0	0.49
283400	0.49	0.44	0.44	0	0	0.49
283500	0.49	0.44	0.44	0	0	0.49
283600	0.49	0.44	0.44	0	0	0.49
283700	0.49	0.44	0.44	0	0	0.49
283800	0.5	0.44	0.44	0	0	0.5
283900	0.5	0.44	0.44	0	0	0.5
284000	0.49	0.44	0.44	0	0	0.49
284100	0.49	0.44	0.44	0	0	0.49
284200	0.49	0.44	0.44	0	0	0.49
284300	0.49	0.45	0.45	0	0	0.49
284400	0.49	0.45	0.45	0	0	0.49
284500	0.49	0.45	0.45	0	0	0.49
284600	0.49	0.45	0.45	0	0	0.49
284700	0.49	0.45	0.45	0	0	0.49
284800	0.49	0.45	0.45	0	0	0.49
284900	0.49	0.45	0.45	0	0	0.49
285000	0.49	0.45	0.45	0	0	0.49
285100	0.49	0.45	0.45	0	0	0.49
285200	0.49	0.45	0.45	0	0	0.49
285300	0.49	0.45	0.45	0	0	0.49
285400	0.49	0.45	0.45	0	0	0.49
285500	0.49	0.45	0.45	0	0	0.49
285600	0.49	0.45	0.45	0	0	0.49
285700	0.49	0.45	0.45	0	0	0.49
285800	0.49	0.45	0.45	0	0	0.49
285900	0.49	0.45	0.45	0	0	0.49
286000	0.48	0.45	0.45	0	0	0.48
286100	0.48	0.45	0.45	0	0	0.48
286200	0.48	0.45	0.45	0	0	0.48
286300	0.48	0.44	0.44	0	0	0.48
286400	0.48	0.44	0.44	0	0	0.48
286500	0.48	0.44	0.44	0	0	0.48
286600	0.49	0.44	0.44	0	0	0.49
286700	0.49	0.44	0.44	0	0	0.49
286800	0.49	0.44	0.44	0	0	0.49
286900	0.48	0.44	0.44	0	0	0.48
287000	0.48	0.44	0.44	0	0	0.48
287100	0.48	0.44	0.44	0	0	0.48
287200	0.48	0.44	0.44	0	0	0.48
287300	0.48	0.44	0.44	0	0	0.48
287400	0.48	0.44	0.44	0	0	0.48
287500	0.48	0.44	0.44	0	0	0.48
287600	0.48	0.44	0.44	0	0	0.48
287700	0.48	0.44	0.44	0	0	0.48
287800	0.48	0.44	0.44	0	0	0.48
287900	0.48	0.44	0.44	0	0	0.48
288000	0.48	0.44	0.44	0	0	0.48
288100	0.48	0.44	0.44	0	0	0.48
288200	0.48	0.44	0.44	0	0	0.48
288300	0.48	0.44	0.44	0	0	0.48
288400	0.48	0.45	0.45	0	0	0.48
288500	0.48	0.45	0.45	0	0	0.48
288600	0.48	0.44	0.44	0	0	0.48
288700	0.48	0.44	0.44	0	0	0.48
288800	0.48	0.44	0.44	0	0	0.48
288900	0.48	0.44	0.44	0	0	0.48
289000	0.48	0.44	0.44	0	0	0.48
289100	0.48	0.44	0.44	0	0	0.48
289200	0.48	0.43	0.43	0	0	0.48
289300	0.48	0.43	0.43	0	0	0.48
289400	0.48	0.43	0.43	0	0	0.48
289500	0.48	0.43	0.43	0	0	0.48
289600	0.48	0.43	0.43	0	0	0.48
289700	0.48	0.43	0.43	0	0	0.48
289800	0.48	0.43	0.43	0	0	0.48
289900	0.48	0.43	0.43	0	0	0.48
290000	0.48	0.43	0.43	0	0	0.48
290100	0.48	0.43	0.43	0	0	0.48
290200	0.48	0.43	0.43	0	0	0.48
290300	0.48	0.43	0.43	0	0	0.48
290400	0.48	0.43	0.43	0	0	0.48
290500	0.48	0.43	0.43	0	0	0.48
290600	0.48	0.43	0.43	0	0	0.48
290700	0.48	0.44	0.44	0	0	0.48
290800	0.48	0.44	0.44	0	0	0.48
290900	0.48	0.44	0.44	0	0	0.48
291000	0.48	0.44	0.44	0	0	0.48
291100	0.48	0.44	0.44	0	0	0.48
291200	0.48	0.44	0.44	0	0	0.48
291300	0.48	0.44	0.44	0	0	0.48
291400	0.48	0.43	0.43	0	0	0.48
291500	0.48	0.43	0.43	0	0	0.48
291600	0.48	0.43	0.43	0	0	0.48
291700	0.48	0.43	0.43	0	0	0.48
291800	0.48	0.43	0.43	0	0	0.48
291900	0.48	0.42	0.42	0	0	0.48
292000	0.48	0.42	0.42	0	0	0.48
292100	0.48	0.42	0.42	0	0	0.48
292200	0.48	0.42	0.42	0	0	0.48
292300	0.49	0.42	0.42	0	0	0.49
292400	0.48	0.42	0.42	0	0	0.48
292500	0.48	0.42	0.42	0	0	0.48
292600	0.48	0.42	0.42	0	0	0.48
292700	0.48	0.43	0.43	0	0	0.48
292800	0.48	0.43	0.43	0	0	0.48
292900	0.48	0.44	0.44	0	0	0.48
293000	0.48	0.44	0.44	0	0	0.48
293100	0.48	0.44	0.44	0	0	0.48
293200	0.48	0.44	0.44	0	0	0.48
293300	0.48	0.44	0.44	0	0	0.48
293400	0.48	0.44	0.44	0	0	0.48
293500	0.48	0.44	0.44	0	0	0.48
293600	0.48	0.44	0.44	0	0	0.48
293700	0.48	0.44	0.44	0	0	0.48
293800	0.48	0.44	0.44	0	0	0.48
293900	0.49	0.44	0.44	0	0	0.49
294000	0.48	0.44	0.44	0	0	0.48
294100	0.48	0.44	0.44	0	0	0.48
294200	0.48	0.44	0.44	0	0	0.48
294300	0.48	0.44	0.44	0	0	0.48
294400	0.48	0.44	0.44	0	0	0.48
294500	0.48	0.44	0.44	0	0	0.48
294600	0.48	0.45	0.45	0	0	0.48
294700	0.48	0.45	0.45	0	0	0.48
294800	0.48	0.45	0.45	0	0	0.48
294900	0.48	0.45	0.45	0	0	0.48
295000	0.48	0.45	0.45	0	0	0.48
295100	0.48	0.45	0.45	0	0	0.48
295200	0.48	0.45	0.45	0	0	0.48
295300	0.48	0.45	0.45	0	0	0.48
295400	0.48	0.45	0.45	0	0	0.48
295500	0.48	0.46	0.46	0	0	0.48
295600	0.48	0.46	0.46	0	0	0.48
295700	0.48	0.46	0.46	0	0	0.48
295800	0.48	0.45	0.45	0	0	0.48
295900	0.48	0.45	0.45	0	0	0.48
296000	0.48	0.45	0.45	0	0	0.48
296100	0.48	0.44	0.44	0	0	0.48
296200	0.48	0.44	0.44	0	0	0.48
296300	0.48	0.44	0.44	0	0	0.48
296400	0.48	0.44	0.44	0	0	0.48
296500	0.48	0.44	0.44	0	0	0.48
296600	0.48	0.44	0.44	0	0	0.48
296700	0.48	0.44	0.44	0	0	0.48
296800	0.48	0.44	0.44	0	0	0.48
296900	0.48	0.44	0.44	0	0	0.48
297000	0.49	0.44	0.44	0	0	0.49
297100	0.49	0.44	0.44	0	0	0.49
297200	0.49	0.44	0.44	0	0	0.49
297300	0.49	0.44	0.44	0	0	0.49
297400	0.49	0.44	0.44	0	0	0.49
297500	0.49	0.44	0.44	0	0	0.49
297600	0.49	0.44	0.44	0	0	0.49
297700	0.49	0.44	0.44	0	0	0.49
297800	0.49	0.44	0.44	0	0	0.49
297900	0.49	0.44	0.44	0	0	0.49
298000	0.49	0.43	0.43	0	0	0.49
298100	0.49	0.43	0.43	0	0	0.49
298200	0.49	0.43	0.43	0	0	0.49
298300	0.49	0.44	0.44	0	0	0.49
298400	0.49	0.44	0.44	0	0	0.49
298500	0.49	0.44	0.44	0	0	0.49
298600	0.49	0.44	0.44	0	0	0.49
298700	0.49	0.44	0.44	0	0	0.49
298800	0.49	0.44	0.44	0	0	0.49
298900	0.49	0.44	0.44	0	0	0.49
299000	0.49	0.44	0.44	0	0	0.49
299100	0.49	0.44	0.44	0	0	0.49
299200	0.49	0.44	0.44	0	0	0.49
299300	0.49	0.44	0.44	0	0	0.49
299400	0.49	0.44	0.44	0	0	0.49
299500	0.49	0.44	0.44	0	0	0.49
299600	0.49	0.44	0.44	0	0	0.49
299700	0.49	0.44	0.44	0	0	0.49
299800	0.49	0.44	0.44	0	0	0.49
299900	0.49	0.44	0.44	0	0	0.49
300000	0.49	0.44	0.44	0	0	0.49
