100	0.08	0.08	0.08	0	0	0.08
200	0.09	0.09	0.09	0	0	0.09
300	0.08	0.1	0.1	0	0	0.08
400	0.07	0.09	0.09	0	0	0.07
500	0.07	0.08	0.08	0	0	0.07
600	0.07	0.1	0.1	0	0	0.07
700	0.1	0.08	0.08	0	0	0.1
800	0.11	0.08	0.08	0	0	0.11
900	0.11	0.11	0.11	0	0	0.11
1000	0.11	0.12	0.12	0	0	0.11
1100	0.13	0.13	0.13	0	0	0.13
1200	0.14	0.12	0.12	0	0	0.14
1300	0.14	0.13	0.13	0	0	0.14
1400	0.14	0.11	0.11	0	0	0.14
1500	0.14	0.1	0.1	0	0	0.14
1600	0.15	0.11	0.11	0	0	0.15
1700	0.15	0.1	0.1	0	0	0.15
1800	0.15	0.1	0.1	0	0	0.15
1900	0.16	0.09	0.09	0	0	0.16
2000	0.16	0.09	0.09	0	0	0.16
2100	0.16	0.09	0.09	0	0	0.16
2200	0.16	0.09	0.09	0	0	0.16
2300	0.19	0.1	0.1	0	0	0.19
2400	0.21	0.1	0.1	0	0	0.21
2500	0.21	0.1	0.1	0	0	0.21
2600	0.2	0.11	0.11	0	0	0.2
2700	0.17	0.11	0.11	0	0	0.17
2800	0.18	0.12	0.12	0	0	0.18
2900	0.17	0.13	0.13	0	0	0.17
3000	0.18	0.13	0.13	0	0	0.18
3100	0.17	0.15	0.15	0	0	0.17
3200	0.17	0.14	0.14	0	0	0.17
3300	0.15	0.15	0.15	0	0	0.15
3400	0.15	0.14	0.14	0	0	0.15
3500	0.13	0.15	0.15	0	0	0.13
3600	0.13	0.15	0.15	0	0	0.13
3700	0.14	0.14	0.14	0	0	0.14
3800	0.13	0.13	0.13	0	0	0.13
3900	0.13	0.13	0.13	0	0	0.13
4000	0.15	0.13	0.13	0	0	0.15
4100	0.15	0.14	0.14	0	0	0.15
4200	0.15	0.15	0.15	0	0	0.15
4300	0.15	0.14	0.14	0	0	0.15
4400	0.15	0.14	0.14	0	0	0.15
4500	0.16	0.15	0.15	0	0	0.16
4600	0.16	0.15	0.15	0	0	0.16
4700	0.18	0.16	0.16	0	0	0.18
4800	0.19	0.16	0.16	0	0	0.19
4900	0.19	0.15	0.15	0	0	0.19
5000	0.18	0.15	0.15	0	0	0.18
5100	0.19	0.14	0.14	0	0	0.19
5200	0.2	0.15	0.15	0	0	0.2
5300	0.2	0.17	0.17	0	0	0.2
5400	0.21	0.16	0.16	0	0	0.21
5500	0.21	0.16	0.16	0	0	0.21
5600	0.23	0.15	0.15	0	0	0.23
5700	0.23	0.15	0.15	0	0	0.23
5800	0.23	0.16	0.16	0	0	0.23
5900	0.21	0.17	0.17	0	0	0.21
6000	0.2	0.16	0.16	0	0	0.2
6100	0.21	0.16	0.16	0	0	0.21
6200	0.21	0.15	0.15	0	0	0.21
6300	0.21	0.15	0.15	0	0	0.21
6400	0.21	0.15	0.15	0	0	0.21
6500	0.21	0.16	0.16	0	0	0.21
6600	0.21	0.17	0.17	0	0	0.21
6700	0.2	0.17	0.17	0	0	0.2
6800	0.2	0.18	0.18	0	0	0.2
6900	0.19	0.17	0.17	0	0	0.19
7000	0.19	0.19	0.19	0	0	0.19
7100	0.2	0.2	0.2	0	0	0.2
7200	0.2	0.2	0.2	0	0	0.2
7300	0.23	0.2	0.2	0	0	0.23
7400	0.24	0.2	0.2	0	0	0.24
7500	0.22	0.21	0.21	0	0	0.22
7600	0.22	0.22	0.22	0	0	0.22
7700	0.23	0.2	0.2	0	0	0.23
7800	0.23	0.21	0.21	0	0	0.23
7900	0.23	0.21	0.21	0	0	0.23
8000	0.22	0.21	0.21	0	0	0.22
8100	0.22	0.21	0.21	0	0	0.22
8200	0.22	0.22	0.22	0	0	0.22
8300	0.22	0.22	0.22	0	0	0.22
8400	0.23	0.22	0.22	0	0	0.23
8500	0.23	0.22	0.22	0	0	0.23
8600	0.23	0.23	0.23	0	0	0.23
8700	0.23	0.23	0.23	0	0	0.23
8800	0.23	0.23	0.23	0	0	0.23
8900	0.23	0.23	0.23	0	0	0.23
9000	0.26	0.23	0.23	0	0	0.26
9100	0.26	0.25	0.25	0	0	0.26
9200	0.27	0.25	0.25	0	0	0.27
9300	0.27	0.26	0.26	0	0	0.27
9400	0.27	0.27	0.27	0	0	0.27
9500	0.29	0.26	0.26	0	0	0.29
9600	0.27	0.27	0.27	0	0	0.27
9700	0.3	0.27	0.27	0	0	0.3
9800	0.3	0.26	0.26	0	0	0.3
9900	0.31	0.25	0.25	0	0	0.31
10000	0.31	0.24	0.24	0	0	0.31
10100	0.3	0.24	0.24	0	0	0.3
10200	0.3	0.23	0.23	0	0	0.3
10300	0.29	0.23	0.23	0	0	0.29
10400	0.3	0.24	0.24	0	0	0.3
10500	0.29	0.25	0.25	0	0	0.29
10600	0.28	0.25	0.25	0	0	0.28
10700	0.27	0.25	0.25	0	0	0.27
10800	0.26	0.26	0.26	0	0	0.26
10900	0.26	0.27	0.27	0	0	0.26
11000	0.26	0.26	0.26	0	0	0.26
11100	0.27	0.26	0.26	0	0	0.27
11200	0.29	0.26	0.26	0	0	0.29
11300	0.28	0.26	0.26	0	0	0.28
11400	0.28	0.26	0.26	0	0	0.28
11500	0.26	0.26	0.26	0	0	0.26
11600	0.27	0.26	0.26	0	0	0.27
11700	0.26	0.25	0.25	0	0	0.26
11800	0.26	0.26	0.26	0	0	0.26
11900	0.26	0.26	0.26	0	0	0.26
12000	0.28	0.26	0.26	0	0	0.28
12100	0.28	0.27	0.27	0	0	0.28
12200	0.27	0.26	0.26	0	0	0.27
12300	0.28	0.26	0.26	0	0	0.28
12400	0.28	0.26	0.26	0	0	0.28
12500	0.27	0.27	0.27	0	0	0.27
12600	0.25	0.28	0.28	0	0	0.25
12700	0.26	0.29	0.29	0	0	0.26
12800	0.25	0.29	0.29	0	0	0.25
12900	0.25	0.29	0.29	0	0	0.25
13000	0.27	0.29	0.29	0	0	0.27
13100	0.26	0.29	0.29	0	0	0.26
13200	0.23	0.29	0.29	0	0	0.23
13300	0.23	0.29	0.29	0	0	0.23
13400	0.24	0.29	0.29	0	0	0.24
13500	0.24	0.3	0.3	0	0	0.24
13600	0.26	0.29	0.29	0	0	0.26
13700	0.26	0.29	0.29	0	0	0.26
13800	0.25	0.29	0.29	0	0	0.25
13900	0.25	0.29	0.29	0	0	0.25
14000	0.25	0.29	0.29	0	0	0.25
14100	0.26	0.3	0.3	0	0	0.26
14200	0.26	0.3	0.3	0	0	0.26
14300	0.25	0.3	0.3	0	0	0.25
14400	0.25	0.29	0.29	0	0	0.25
14500	0.27	0.29	0.29	0	0	0.27
14600	0.28	0.3	0.3	0	0	0.28
14700	0.28	0.3	0.3	0	0	0.28
14800	0.29	0.3	0.3	0	0	0.29
14900	0.3	0.3	0.3	0	0	0.3
15000	0.29	0.29	0.29	0	0	0.29
15100	0.3	0.3	0.3	0	0	0.3
15200	0.3	0.31	0.31	0	0	0.3
15300	0.3	0.3	0.3	0	0	0.3
15400	0.3	0.3	0.3	0	0	0.3
15500	0.3	0.31	0.31	0	0	0.3
15600	0.31	0.31	0.31	0	0	0.31
15700	0.31	0.29	0.29	0	0	0.31
15800	0.31	0.29	0.29	0	0	0.31
15900	0.31	0.3	0.3	0	0	0.31
16000	0.31	0.3	0.3	0	0	0.31
16100	0.31	0.3	0.3	0	0	0.31
16200	0.31	0.3	0.3	0	0	0.31
16300	0.31	0.3	0.3	0	0	0.31
16400	0.3	0.32	0.32	0	0	0.3
16500	0.31	0.31	0.31	0	0	0.31
16600	0.31	0.31	0.31	0	0	0.31
16700	0.31	0.33	0.33	0	0	0.31
16800	0.3	0.33	0.33	0	0	0.3
16900	0.29	0.33	0.33	0	0	0.29
17000	0.31	0.35	0.35	0	0	0.31
17100	0.31	0.33	0.33	0	0	0.31
17200	0.32	0.33	0.33	0	0	0.32
17300	0.31	0.32	0.32	0	0	0.31
17400	0.33	0.31	0.31	0	0	0.33
17500	0.33	0.31	0.31	0	0	0.33
17600	0.34	0.31	0.31	0	0	0.34
17700	0.35	0.31	0.31	0	0	0.35
17800	0.36	0.32	0.32	0	0	0.36
17900	0.37	0.32	0.32	0	0	0.37
18000	0.35	0.32	0.32	0	0	0.35
18100	0.35	0.32	0.32	0	0	0.35
18200	0.37	0.33	0.33	0	0	0.37
18300	0.36	0.33	0.33	0	0	0.36
18400	0.36	0.33	0.33	0	0	0.36
18500	0.36	0.33	0.33	0	0	0.36
18600	0.36	0.33	0.33	0	0	0.36
18700	0.37	0.35	0.35	0	0	0.37
18800	0.38	0.34	0.34	0	0	0.38
18900	0.38	0.34	0.34	0	0	0.38
19000	0.39	0.34	0.34	0	0	0.39
19100	0.39	0.34	0.34	0	0	0.39
19200	0.39	0.35	0.35	0	0	0.39
19300	0.38	0.34	0.34	0	0	0.38
19400	0.38	0.35	0.35	0	0	0.38
19500	0.39	0.35	0.35	0	0	0.39
19600	0.39	0.33	0.33	0	0	0.39
19700	0.39	0.33	0.33	0	0	0.39
19800	0.39	0.33	0.33	0	0	0.39
19900	0.4	0.33	0.33	0	0	0.4
20000	0.4	0.33	0.33	0	0	0.4
20100	0.4	0.33	0.33	0	0	0.4
20200	0.4	0.33	0.33	0	0	0.4
20300	0.4	0.33	0.33	0	0	0.4
20400	0.4	0.33	0.33	0	0	0.4
20500	0.4	0.33	0.33	0	0	0.4
20600	0.4	0.34	0.34	0	0	0.4
20700	0.4	0.35	0.35	0	0	0.4
20800	0.4	0.35	0.35	0	0	0.4
20900	0.4	0.35	0.35	0	0	0.4
21000	0.4	0.37	0.37	0	0	0.4
21100	0.4	0.36	0.36	0	0	0.4
21200	0.4	0.36	0.36	0	0	0.4
21300	0.39	0.37	0.37	0	0	0.39
21400	0.39	0.37	0.37	0	0	0.39
21500	0.39	0.37	0.37	0	0	0.39
21600	0.39	0.37	0.37	0	0	0.39
21700	0.38	0.37	0.37	0	0	0.38
21800	0.38	0.37	0.37	0	0	0.38
21900	0.38	0.37	0.37	0	0	0.38
22000	0.38	0.37	0.37	0	0	0.38
22100	0.38	0.37	0.37	0	0	0.38
22200	0.38	0.38	0.38	0	0	0.38
22300	0.38	0.38	0.38	0	0	0.38
22400	0.38	0.37	0.37	0	0	0.38
22500	0.38	0.34	0.34	0	0	0.38
22600	0.38	0.34	0.34	0	0	0.38
22700	0.38	0.34	0.34	0	0	0.38
22800	0.38	0.33	0.33	0	0	0.38
22900	0.39	0.33	0.33	0	0	0.39
23000	0.39	0.34	0.34	0	0	0.39
23100	0.38	0.33	0.33	0	0	0.38
23200	0.38	0.33	0.33	0	0	0.38
23300	0.38	0.33	0.33	0	0	0.38
23400	0.38	0.33	0.33	0	0	0.38
23500	0.38	0.33	0.33	0	0	0.38
23600	0.38	0.35	0.35	0	0	0.38
23700	0.38	0.35	0.35	0	0	0.38
23800	0.38	0.35	0.35	0	0	0.38
23900	0.38	0.35	0.35	0	0	0.38
24000	0.38	0.36	0.36	0	0	0.38
24100	0.38	0.36	0.36	0	0	0.38
24200	0.38	0.36	0.36	0	0	0.38
24300	0.38	0.36	0.36	0	0	0.38
24400	0.38	0.36	0.36	0	0	0.38
24500	0.38	0.38	0.38	0	0	0.38
24600	0.39	0.38	0.38	0	0	0.39
24700	0.4	0.37	0.37	0	0	0.4
24800	0.41	0.37	0.37	0	0	0.41
24900	0.4	0.37	0.37	0	0	0.4
25000	0.4	0.37	0.37	0	0	0.4
25100	0.4	0.38	0.38	0	0	0.4
25200	0.4	0.38	0.38	0	0	0.4
25300	0.4	0.38	0.38	0	0	0.4
25400	0.4	0.38	0.38	0	0	0.4
25500	0.4	0.38	0.38	0	0	0.4
25600	0.4	0.38	0.38	0	0	0.4
25700	0.4	0.38	0.38	0	0	0.4
25800	0.4	0.39	0.39	0	0	0.4
25900	0.4	0.38	0.38	0	0	0.4
26000	0.4	0.38	0.38	0	0	0.4
26100	0.4	0.38	0.38	0	0	0.4
26200	0.41	0.37	0.37	0	0	0.41
26300	0.4	0.37	0.37	0	0	0.4
26400	0.39	0.37	0.37	0	0	0.39
26500	0.39	0.37	0.37	0	0	0.39
26600	0.39	0.37	0.37	0	0	0.39
26700	0.4	0.37	0.37	0	0	0.4
26800	0.39	0.37	0.37	0	0	0.39
26900	0.39	0.36	0.36	0	0	0.39
27000	0.39	0.36	0.36	0	0	0.39
27100	0.4	0.36	0.36	0	0	0.4
27200	0.4	0.36	0.36	0	0	0.4
27300	0.39	0.36	0.36	0	0	0.39
27400	0.39	0.36	0.36	0	0	0.39
27500	0.39	0.36	0.36	0	0	0.39
27600	0.39	0.37	0.37	0	0	0.39
27700	0.4	0.37	0.37	0	0	0.4
27800	0.4	0.37	0.37	0	0	0.4
27900	0.4	0.37	0.37	0	0	0.4
28000	0.4	0.37	0.37	0	0	0.4
28100	0.41	0.37	0.37	0	0	0.41
28200	0.4	0.38	0.38	0	0	0.4
28300	0.4	0.38	0.38	0	0	0.4
28400	0.41	0.38	0.38	0	0	0.41
28500	0.41	0.37	0.37	0	0	0.41
28600	0.41	0.37	0.37	0	0	0.41
28700	0.41	0.37	0.37	0	0	0.41
28800	0.4	0.37	0.37	0	0	0.4
28900	0.4	0.37	0.37	0	0	0.4
29000	0.4	0.37	0.37	0	0	0.4
29100	0.4	0.37	0.37	0	0	0.4
29200	0.4	0.37	0.37	0	0	0.4
29300	0.4	0.37	0.37	0	0	0.4
29400	0.41	0.37	0.37	0	0	0.41
29500	0.41	0.37	0.37	0	0	0.41
29600	0.41	0.37	0.37	0	0	0.41
29700	0.41	0.37	0.37	0	0	0.41
29800	0.41	0.39	0.39	0	0	0.41
29900	0.41	0.38	0.38	0	0	0.41
30000	0.41	0.38	0.38	0	0	0.41
30100	0.41	0.39	0.39	0	0	0.41
30200	0.41	0.39	0.39	0	0	0.41
30300	0.41	0.39	0.39	0	0	0.41
30400	0.41	0.4	0.4	0	0	0.41
30500	0.41	0.4	0.4	0	0	0.41
30600	0.41	0.4	0.4	0	0	0.41
30700	0.41	0.4	0.4	0	0	0.41
30800	0.42	0.4	0.4	0	0	0.42
30900	0.42	0.4	0.4	0	0	0.42
31000	0.41	0.4	0.4	0	0	0.41
31100	0.42	0.41	0.41	0	0	0.42
31200	0.42	0.42	0.42	0	0	0.42
31300	0.42	0.41	0.41	0	0	0.42
31400	0.42	0.41	0.41	0	0	0.42
31500	0.42	0.41	0.41	0	0	0.42
31600	0.43	0.41	0.41	0	0	0.43
31700	0.42	0.42	0.42	0	0	0.42
31800	0.42	0.41	0.41	0	0	0.42
31900	0.42	0.42	0.42	0	0	0.42
32000	0.42	0.42	0.42	0	0	0.42
32100	0.42	0.42	0.42	0	0	0.42
32200	0.42	0.42	0.42	0	0	0.42
32300	0.43	0.42	0.42	0	0	0.43
32400	0.44	0.41	0.41	0	0	0.44
32500	0.44	0.4	0.4	0	0	0.44
32600	0.44	0.4	0.4	0	0	0.44
32700	0.44	0.4	0.4	0	0	0.44
32800	0.45	0.39	0.39	0	0	0.45
32900	0.45	0.4	0.4	0	0	0.45
33000	0.44	0.4	0.4	0	0	0.44
33100	0.44	0.4	0.4	0	0	0.44
33200	0.44	0.4	0.4	0	0	0.44
33300	0.43	0.4	0.4	0	0	0.43
33400	0.43	0.4	0.4	0	0	0.43
33500	0.43	0.41	0.41	0	0	0.43
33600	0.43	0.41	0.41	0	0	0.43
33700	0.43	0.4	0.4	0	0	0.43
33800	0.44	0.4	0.4	0	0	0.44
33900	0.44	0.4	0.4	0	0	0.44
34000	0.44	0.4	0.4	0	0	0.44
34100	0.44	0.4	0.4	0	0	0.44
34200	0.44	0.4	0.4	0	0	0.44
34300	0.44	0.4	0.4	0	0	0.44
34400	0.44	0.4	0.4	0	0	0.44
34500	0.44	0.4	0.4	0	0	0.44
34600	0.44	0.41	0.41	0	0	0.44
34700	0.44	0.41	0.41	0	0	0.44
34800	0.44	0.41	0.41	0	0	0.44
34900	0.44	0.41	0.41	0	0	0.44
35000	0.44	0.41	0.41	0	0	0.44
35100	0.44	0.41	0.41	0	0	0.44
35200	0.44	0.41	0.41	0	0	0.44
35300	0.45	0.41	0.41	0	0	0.45
35400	0.44	0.41	0.41	0	0	0.44
35500	0.44	0.41	0.41	0	0	0.44
35600	0.44	0.42	0.42	0	0	0.44
35700	0.44	0.41	0.41	0	0	0.44
35800	0.44	0.41	0.41	0	0	0.44
35900	0.44	0.41	0.41	0	0	0.44
36000	0.44	0.41	0.41	0	0	0.44
36100	0.44	0.41	0.41	0	0	0.44
36200	0.44	0.41	0.41	0	0	0.44
36300	0.44	0.41	0.41	0	0	0.44
36400	0.44	0.39	0.39	0	0	0.44
36500	0.44	0.39	0.39	0	0	0.44
36600	0.44	0.39	0.39	0	0	0.44
36700	0.44	0.39	0.39	0	0	0.44
36800	0.44	0.4	0.4	0	0	0.44
36900	0.44	0.41	0.41	0	0	0.44
37000	0.44	0.41	0.41	0	0	0.44
37100	0.44	0.38	0.38	0	0	0.44
37200	0.44	0.38	0.38	0	0	0.44
37300	0.44	0.38	0.38	0	0	0.44
37400	0.44	0.38	0.38	0	0	0.44
37500	0.44	0.38	0.38	0	0	0.44
37600	0.45	0.39	0.39	0	0	0.45
37700	0.45	0.4	0.4	0	0	0.45
37800	0.46	0.4	0.4	0	0	0.46
37900	0.46	0.39	0.39	0	0	0.46
38000	0.46	0.39	0.39	0	0	0.46
38100	0.47	0.38	0.38	0	0	0.47
38200	0.46	0.39	0.39	0	0	0.46
38300	0.46	0.4	0.4	0	0	0.46
38400	0.46	0.4	0.4	0	0	0.46
38500	0.46	0.38	0.38	0	0	0.46
38600	0.46	0.38	0.38	0	0	0.46
38700	0.46	0.38	0.38	0	0	0.46
38800	0.46	0.39	0.39	0	0	0.46
38900	0.46	0.39	0.39	0	0	0.46
39000	0.46	0.38	0.38	0	0	0.46
39100	0.46	0.38	0.38	0	0	0.46
39200	0.46	0.38	0.38	0	0	0.46
39300	0.46	0.38	0.38	0	0	0.46
39400	0.46	0.38	0.38	0	0	0.46
39500	0.46	0.38	0.38	0	0	0.46
39600	0.45	0.38	0.38	0	0	0.45
39700	0.45	0.38	0.38	0	0	0.45
39800	0.45	0.38	0.38	0	0	0.45
39900	0.45	0.38	0.38	0	0	0.45
40000	0.45	0.38	0.38	0	0	0.45
40100	0.46	0.38	0.38	0	0	0.46
40200	0.45	0.38	0.38	0	0	0.45
40300	0.45	0.38	0.38	0	0	0.45
40400	0.45	0.38	0.38	0	0	0.45
40500	0.45	0.38	0.38	0	0	0.45
40600	0.45	0.38	0.38	0	0	0.45
40700	0.45	0.39	0.39	0	0	0.45
40800	0.44	0.38	0.38	0	0	0.44
40900	0.44	0.38	0.38	0	0	0.44
41000	0.44	0.39	0.39	0	0	0.44
41100	0.44	0.39	0.39	0	0	0.44
41200	0.44	0.38	0.38	0	0	0.44
41300	0.44	0.39	0.39	0	0	0.44
41400	0.44	0.38	0.38	0	0	0.44
41500	0.44	0.38	0.38	0	0	0.44
41600	0.44	0.38	0.38	0	0	0.44
41700	0.45	0.38	0.38	0	0	0.45
41800	0.45	0.38	0.38	0	0	0.45
41900	0.45	0.38	0.38	0	0	0.45
42000	0.45	0.39	0.39	0	0	0.45
42100	0.45	0.39	0.39	0	0	0.45
42200	0.45	0.38	0.38	0	0	0.45
42300	0.46	0.37	0.37	0	0	0.46
42400	0.46	0.37	0.37	0	0	0.46
42500	0.46	0.37	0.37	0	0	0.46
42600	0.46	0.37	0.37	0	0	0.46
42700	0.46	0.37	0.37	0	0	0.46
42800	0.46	0.37	0.37	0	0	0.46
42900	0.46	0.37	0.37	0	0	0.46
43000	0.46	0.38	0.38	0	0	0.46
43100	0.46	0.38	0.38	0	0	0.46
43200	0.46	0.38	0.38	0	0	0.46
43300	0.45	0.38	0.38	0	0	0.45
43400	0.45	0.38	0.38	0	0	0.45
43500	0.45	0.39	0.39	0	0	0.45
43600	0.45	0.39	0.39	0	0	0.45
43700	0.45	0.39	0.39	0	0	0.45
43800	0.45	0.39	0.39	0	0	0.45
43900	0.45	0.39	0.39	0	0	0.45
44000	0.45	0.39	0.39	0	0	0.45
44100	0.45	0.39	0.39	0	0	0.45
44200	0.44	0.39	0.39	0	0	0.44
44300	0.45	0.39	0.39	0	0	0.45
44400	0.45	0.39	0.39	0	0	0.45
44500	0.45	0.39	0.39	0	0	0.45
44600	0.46	0.39	0.39	0	0	0.46
44700	0.46	0.39	0.39	0	0	0.46
44800	0.46	0.39	0.39	0	0	0.46
44900	0.46	0.39	0.39	0	0	0.46
45000	0.46	0.39	0.39	0	0	0.46
45100	0.47	0.39	0.39	0	0	0.47
45200	0.46	0.4	0.4	0	0	0.46
45300	0.46	0.4	0.4	0	0	0.46
45400	0.46	0.4	0.4	0	0	0.46
45500	0.46	0.4	0.4	0	0	0.46
45600	0.46	0.4	0.4	0	0	0.46
45700	0.46	0.41	0.41	0	0	0.46
45800	0.46	0.41	0.41	0	0	0.46
45900	0.46	0.41	0.41	0	0	0.46
46000	0.46	0.41	0.41	0	0	0.46
46100	0.47	0.41	0.41	0	0	0.47
46200	0.47	0.41	0.41	0	0	0.47
46300	0.48	0.41	0.41	0	0	0.48
46400	0.47	0.41	0.41	0	0	0.47
46500	0.47	0.42	0.42	0	0	0.47
46600	0.47	0.42	0.42	0	0	0.47
46700	0.47	0.42	0.42	0	0	0.47
46800	0.47	0.41	0.41	0	0	0.47
46900	0.47	0.4	0.4	0	0	0.47
47000	0.47	0.4	0.4	0	0	0.47
47100	0.47	0.4	0.4	0	0	0.47
47200	0.47	0.4	0.4	0	0	0.47
47300	0.47	0.4	0.4	0	0	0.47
47400	0.48	0.4	0.4	0	0	0.48
47500	0.48	0.4	0.4	0	0	0.48
47600	0.47	0.4	0.4	0	0	0.47
47700	0.47	0.4	0.4	0	0	0.47
47800	0.48	0.4	0.4	0	0	0.48
47900	0.48	0.4	0.4	0	0	0.48
48000	0.48	0.41	0.41	0	0	0.48
48100	0.48	0.41	0.41	0	0	0.48
48200	0.48	0.41	0.41	0	0	0.48
48300	0.47	0.41	0.41	0	0	0.47
48400	0.47	0.41	0.41	0	0	0.47
48500	0.47	0.41	0.41	0	0	0.47
48600	0.47	0.41	0.41	0	0	0.47
48700	0.47	0.41	0.41	0	0	0.47
48800	0.47	0.41	0.41	0	0	0.47
48900	0.47	0.41	0.41	0	0	0.47
49000	0.47	0.41	0.41	0	0	0.47
49100	0.47	0.42	0.42	0	0	0.47
49200	0.47	0.42	0.42	0	0	0.47
49300	0.47	0.43	0.43	0	0	0.47
49400	0.48	0.43	0.43	0	0	0.48
49500	0.48	0.43	0.43	0	0	0.48
49600	0.48	0.43	0.43	0	0	0.48
49700	0.48	0.43	0.43	0	0	0.48
49800	0.48	0.43	0.43	0	0	0.48
49900	0.48	0.42	0.42	0	0	0.48
50000	0.48	0.42	0.42	0	0	0.48
50100	0.48	0.43	0.43	0	0	0.48
50200	0.48	0.43	0.43	0	0	0.48
50300	0.48	0.43	0.43	0	0	0.48
50400	0.48	0.42	0.42	0	0	0.48
50500	0.48	0.42	0.42	0	0	0.48
50600	0.48	0.42	0.42	0	0	0.48
50700	0.48	0.42	0.42	0	0	0.48
50800	0.48	0.42	0.42	0	0	0.48
50900	0.48	0.42	0.42	0	0	0.48
51000	0.48	0.42	0.42	0	0	0.48
51100	0.48	0.42	0.42	0	0	0.48
51200	0.48	0.42	0.42	0	0	0.48
51300	0.48	0.42	0.42	0	0	0.48
51400	0.48	0.42	0.42	0	0	0.48
51500	0.48	0.42	0.42	0	0	0.48
51600	0.48	0.42	0.42	0	0	0.48
51700	0.48	0.42	0.42	0	0	0.48
51800	0.48	0.42	0.42	0	0	0.48
51900	0.47	0.42	0.42	0	0	0.47
52000	0.47	0.42	0.42	0	0	0.47
52100	0.46	0.42	0.42	0	0	0.46
52200	0.46	0.42	0.42	0	0	0.46
52300	0.46	0.42	0.42	0	0	0.46
52400	0.46	0.42	0.42	0	0	0.46
52500	0.46	0.43	0.43	0	0	0.46
52600	0.46	0.41	0.41	0	0	0.46
52700	0.46	0.41	0.41	0	0	0.46
52800	0.46	0.41	0.41	0	0	0.46
52900	0.46	0.41	0.41	0	0	0.46
53000	0.46	0.41	0.41	0	0	0.46
53100	0.46	0.41	0.41	0	0	0.46
53200	0.46	0.41	0.41	0	0	0.46
53300	0.46	0.42	0.42	0	0	0.46
53400	0.46	0.42	0.42	0	0	0.46
53500	0.46	0.42	0.42	0	0	0.46
53600	0.46	0.42	0.42	0	0	0.46
53700	0.46	0.43	0.43	0	0	0.46
53800	0.46	0.43	0.43	0	0	0.46
53900	0.46	0.43	0.43	0	0	0.46
54000	0.47	0.43	0.43	0	0	0.47
54100	0.47	0.43	0.43	0	0	0.47
54200	0.47	0.43	0.43	0	0	0.47
54300	0.47	0.43	0.43	0	0	0.47
54400	0.47	0.43	0.43	0	0	0.47
54500	0.48	0.43	0.43	0	0	0.48
54600	0.48	0.43	0.43	0	0	0.48
54700	0.47	0.43	0.43	0	0	0.47
54800	0.47	0.43	0.43	0	0	0.47
54900	0.47	0.42	0.42	0	0	0.47
55000	0.47	0.43	0.43	0	0	0.47
55100	0.47	0.43	0.43	0	0	0.47
55200	0.47	0.43	0.43	0	0	0.47
55300	0.47	0.43	0.43	0	0	0.47
55400	0.47	0.43	0.43	0	0	0.47
55500	0.47	0.44	0.44	0	0	0.47
55600	0.46	0.43	0.43	0	0	0.46
55700	0.45	0.43	0.43	0	0	0.45
55800	0.45	0.43	0.43	0	0	0.45
55900	0.45	0.43	0.43	0	0	0.45
56000	0.45	0.43	0.43	0	0	0.45
56100	0.45	0.43	0.43	0	0	0.45
56200	0.45	0.44	0.44	0	0	0.45
56300	0.44	0.44	0.44	0	0	0.44
56400	0.44	0.44	0.44	0	0	0.44
56500	0.44	0.44	0.44	0	0	0.44
56600	0.44	0.44	0.44	0	0	0.44
56700	0.44	0.44	0.44	0	0	0.44
56800	0.44	0.44	0.44	0	0	0.44
56900	0.44	0.44	0.44	0	0	0.44
57000	0.44	0.44	0.44	0	0	0.44
57100	0.44	0.44	0.44	0	0	0.44
57200	0.44	0.44	0.44	0	0	0.44
57300	0.44	0.44	0.44	0	0	0.44
57400	0.44	0.44	0.44	0	0	0.44
57500	0.44	0.44	0.44	0	0	0.44
57600	0.44	0.44	0.44	0	0	0.44
57700	0.44	0.44	0.44	0	0	0.44
57800	0.44	0.44	0.44	0	0	0.44
57900	0.44	0.44	0.44	0	0	0.44
58000	0.45	0.44	0.44	0	0	0.45
58100	0.45	0.44	0.44	0	0	0.45
58200	0.45	0.44	0.44	0	0	0.45
58300	0.45	0.44	0.44	0	0	0.45
58400	0.45	0.44	0.44	0	0	0.45
58500	0.45	0.44	0.44	0	0	0.45
58600	0.45	0.44	0.44	0	0	0.45
58700	0.45	0.44	0.44	0	0	0.45
58800	0.45	0.44	0.44	0	0	0.45
58900	0.45	0.44	0.44	0	0	0.45
59000	0.45	0.44	0.44	0	0	0.45
59100	0.45	0.44	0.44	0	0	0.45
59200	0.45	0.44	0.44	0	0	0.45
59300	0.45	0.44	0.44	0	0	0.45
59400	0.45	0.44	0.44	0	0	0.45
59500	0.45	0.45	0.45	0	0	0.45
59600	0.45	0.45	0.45	0	0	0.45
59700	0.45	0.44	0.44	0	0	0.45
59800	0.45	0.44	0.44	0	0	0.45
59900	0.45	0.43	0.43	0	0	0.45
60000	0.45	0.43	0.43	0	0	0.45
60100	0.45	0.43	0.43	0	0	0.45
60200	0.45	0.43	0.43	0	0	0.45
60300	0.45	0.43	0.43	0	0	0.45
60400	0.45	0.43	0.43	0	0	0.45
60500	0.45	0.43	0.43	0	0	0.45
60600	0.45	0.43	0.43	0	0	0.45
60700	0.45	0.43	0.43	0	0	0.45
60800	0.45	0.43	0.43	0	0	0.45
60900	0.45	0.43	0.43	0	0	0.45
61000	0.45	0.43	0.43	0	0	0.45
61100	0.45	0.43	0.43	0	0	0.45
61200	0.45	0.43	0.43	0	0	0.45
61300	0.45	0.43	0.43	0	0	0.45
61400	0.45	0.43	0.43	0	0	0.45
61500	0.45	0.43	0.43	0	0	0.45
61600	0.45	0.43	0.43	0	0	0.45
61700	0.45	0.43	0.43	0	0	0.45
61800	0.45	0.43	0.43	0	0	0.45
61900	0.45	0.43	0.43	0	0	0.45
62000	0.45	0.43	0.43	0	0	0.45
62100	0.45	0.43	0.43	0	0	0.45
62200	0.45	0.43	0.43	0	0	0.45
62300	0.45	0.43	0.43	0	0	0.45
62400	0.45	0.43	0.43	0	0	0.45
62500	0.45	0.43	0.43	0	0	0.45
62600	0.45	0.43	0.43	0	0	0.45
62700	0.45	0.43	0.43	0	0	0.45
62800	0.45	0.43	0.43	0	0	0.45
62900	0.45	0.43	0.43	0	0	0.45
63000	0.45	0.43	0.43	0	0	0.45
63100	0.45	0.43	0.43	0	0	0.45
63200	0.45	0.43	0.43	0	0	0.45
63300	0.45	0.43	0.43	0	0	0.45
63400	0.45	0.44	0.44	0	0	0.45
63500	0.45	0.44	0.44	0	0	0.45
63600	0.45	0.44	0.44	0	0	0.45
63700	0.45	0.44	0.44	0	0	0.45
63800	0.46	0.44	0.44	0	0	0.46
63900	0.45	0.44	0.44	0	0	0.45
64000	0.45	0.44	0.44	0	0	0.45
64100	0.45	0.44	0.44	0	0	0.45
64200	0.44	0.44	0.44	0	0	0.44
64300	0.45	0.44	0.44	0	0	0.45
64400	0.45	0.44	0.44	0	0	0.45
64500	0.44	0.44	0.44	0	0	0.44
64600	0.43	0.44	0.44	0	0	0.43
64700	0.43	0.44	0.44	0	0	0.43
64800	0.43	0.44	0.44	0	0	0.43
64900	0.43	0.44	0.44	0	0	0.43
65000	0.43	0.44	0.44	0	0	0.43
65100	0.43	0.44	0.44	0	0	0.43
65200	0.43	0.44	0.44	0	0	0.43
65300	0.43	0.44	0.44	0	0	0.43
65400	0.41	0.44	0.44	0	0	0.41
65500	0.41	0.44	0.44	0	0	0.41
65600	0.41	0.44	0.44	0	0	0.41
65700	0.41	0.44	0.44	0	0	0.41
65800	0.42	0.44	0.44	0	0	0.42
65900	0.43	0.45	0.45	0	0	0.43
66000	0.43	0.45	0.45	0	0	0.43
66100	0.42	0.45	0.45	0	0	0.42
66200	0.42	0.45	0.45	0	0	0.42
66300	0.43	0.44	0.44	0	0	0.43
66400	0.43	0.44	0.44	0	0	0.43
66500	0.43	0.44	0.44	0	0	0.43
66600	0.43	0.44	0.44	0	0	0.43
66700	0.43	0.44	0.44	0	0	0.43
66800	0.44	0.45	0.45	0	0	0.44
66900	0.43	0.45	0.45	0	0	0.43
67000	0.43	0.45	0.45	0	0	0.43
67100	0.43	0.45	0.45	0	0	0.43
67200	0.43	0.45	0.45	0	0	0.43
67300	0.43	0.45	0.45	0	0	0.43
67400	0.43	0.44	0.44	0	0	0.43
67500	0.43	0.44	0.44	0	0	0.43
67600	0.43	0.44	0.44	0	0	0.43
67700	0.45	0.44	0.44	0	0	0.45
67800	0.44	0.44	0.44	0	0	0.44
67900	0.44	0.44	0.44	0	0	0.44
68000	0.44	0.44	0.44	0	0	0.44
68100	0.44	0.44	0.44	0	0	0.44
68200	0.44	0.44	0.44	0	0	0.44
68300	0.44	0.44	0.44	0	0	0.44
68400	0.43	0.44	0.44	0	0	0.43
68500	0.44	0.44	0.44	0	0	0.44
68600	0.43	0.44	0.44	0	0	0.43
68700	0.43	0.44	0.44	0	0	0.43
68800	0.43	0.44	0.44	0	0	0.43
68900	0.43	0.44	0.44	0	0	0.43
69000	0.43	0.44	0.44	0	0	0.43
69100	0.43	0.44	0.44	0	0	0.43
69200	0.44	0.44	0.44	0	0	0.44
69300	0.43	0.44	0.44	0	0	0.43
69400	0.43	0.44	0.44	0	0	0.43
69500	0.42	0.44	0.44	0	0	0.42
69600	0.42	0.44	0.44	0	0	0.42
69700	0.42	0.44	0.44	0	0	0.42
69800	0.41	0.44	0.44	0	0	0.41
69900	0.41	0.44	0.44	0	0	0.41
70000	0.41	0.44	0.44	0	0	0.41
70100	0.42	0.44	0.44	0	0	0.42
70200	0.41	0.44	0.44	0	0	0.41
70300	0.41	0.44	0.44	0	0	0.41
70400	0.41	0.44	0.44	0	0	0.41
70500	0.41	0.44	0.44	0	0	0.41
70600	0.41	0.45	0.45	0	0	0.41
70700	0.4	0.45	0.45	0	0	0.4
70800	0.4	0.45	0.45	0	0	0.4
70900	0.4	0.45	0.45	0	0	0.4
71000	0.4	0.45	0.45	0	0	0.4
71100	0.4	0.45	0.45	0	0	0.4
71200	0.4	0.45	0.45	0	0	0.4
71300	0.4	0.45	0.45	0	0	0.4
71400	0.4	0.45	0.45	0	0	0.4
71500	0.41	0.45	0.45	0	0	0.41
71600	0.41	0.45	0.45	0	0	0.41
71700	0.42	0.45	0.45	0	0	0.42
71800	0.42	0.45	0.45	0	0	0.42
71900	0.42	0.45	0.45	0	0	0.42
72000	0.42	0.45	0.45	0	0	0.42
72100	0.42	0.45	0.45	0	0	0.42
72200	0.42	0.45	0.45	0	0	0.42
72300	0.42	0.45	0.45	0	0	0.42
72400	0.42	0.45	0.45	0	0	0.42
72500	0.43	0.45	0.45	0	0	0.43
72600	0.43	0.45	0.45	0	0	0.43
72700	0.44	0.45	0.45	0	0	0.44
72800	0.44	0.45	0.45	0	0	0.44
72900	0.44	0.45	0.45	0	0	0.44
73000	0.43	0.45	0.45	0	0	0.43
73100	0.43	0.45	0.45	0	0	0.43
73200	0.43	0.45	0.45	0	0	0.43
73300	0.43	0.45	0.45	0	0	0.43
73400	0.43	0.45	0.45	0	0	0.43
73500	0.43	0.45	0.45	0	0	0.43
73600	0.43	0.45	0.45	0	0	0.43
73700	0.42	0.45	0.45	0	0	0.42
73800	0.42	0.45	0.45	0	0	0.42
73900	0.42	0.45	0.45	0	0	0.42
74000	0.42	0.45	0.45	0	0	0.42
74100	0.42	0.45	0.45	0	0	0.42
74200	0.42	0.45	0.45	0	0	0.42
74300	0.42	0.45	0.45	0	0	0.42
74400	0.42	0.45	0.45	0	0	0.42
74500	0.42	0.45	0.45	0	0	0.42
74600	0.42	0.45	0.45	0	0	0.42
74700	0.42	0.45	0.45	0	0	0.42
74800	0.42	0.45	0.45	0	0	0.42
74900	0.42	0.45	0.45	0	0	0.42
75000	0.42	0.45	0.45	0	0	0.42
75100	0.42	0.45	0.45	0	0	0.42
75200	0.42	0.45	0.45	0	0	0.42
75300	0.42	0.45	0.45	0	0	0.42
75400	0.42	0.46	0.46	0	0	0.42
75500	0.43	0.46	0.46	0	0	0.43
75600	0.42	0.46	0.46	0	0	0.42
75700	0.42	0.46	0.46	0	0	0.42
75800	0.42	0.46	0.46	0	0	0.42
75900	0.42	0.46	0.46	0	0	0.42
76000	0.42	0.46	0.46	0	0	0.42
76100	0.42	0.46	0.46	0	0	0.42
76200	0.42	0.46	0.46	0	0	0.42
76300	0.42	0.46	0.46	0	0	0.42
76400	0.42	0.46	0.46	0	0	0.42
76500	0.42	0.46	0.46	0	0	0.42
76600	0.42	0.46	0.46	0	0	0.42
76700	0.42	0.46	0.46	0	0	0.42
76800	0.42	0.46	0.46	0	0	0.42
76900	0.42	0.46	0.46	0	0	0.42
77000	0.43	0.46	0.46	0	0	0.43
77100	0.42	0.47	0.47	0	0	0.42
77200	0.42	0.47	0.47	0	0	0.42
77300	0.42	0.47	0.47	0	0	0.42
77400	0.42	0.47	0.47	0	0	0.42
77500	0.42	0.47	0.47	0	0	0.42
77600	0.42	0.47	0.47	0	0	0.42
77700	0.42	0.47	0.47	0	0	0.42
77800	0.42	0.47	0.47	0	0	0.42
77900	0.42	0.47	0.47	0	0	0.42
78000	0.42	0.47	0.47	0	0	0.42
78100	0.42	0.47	0.47	0	0	0.42
78200	0.42	0.48	0.48	0	0	0.42
78300	0.42	0.48	0.48	0	0	0.42
78400	0.42	0.48	0.48	0	0	0.42
78500	0.42	0.48	0.48	0	0	0.42
78600	0.42	0.49	0.49	0	0	0.42
78700	0.41	0.48	0.48	0	0	0.41
78800	0.41	0.48	0.48	0	0	0.41
78900	0.41	0.48	0.48	0	0	0.41
79000	0.41	0.47	0.47	0	0	0.41
79100	0.4	0.47	0.47	0	0	0.4
79200	0.4	0.46	0.46	0	0	0.4
79300	0.4	0.46	0.46	0	0	0.4
79400	0.4	0.46	0.46	0	0	0.4
79500	0.4	0.46	0.46	0	0	0.4
79600	0.4	0.46	0.46	0	0	0.4
79700	0.4	0.46	0.46	0	0	0.4
79800	0.4	0.46	0.46	0	0	0.4
79900	0.4	0.46	0.46	0	0	0.4
80000	0.4	0.46	0.46	0	0	0.4
80100	0.4	0.46	0.46	0	0	0.4
80200	0.4	0.46	0.46	0	0	0.4
80300	0.4	0.46	0.46	0	0	0.4
80400	0.4	0.46	0.46	0	0	0.4
80500	0.4	0.46	0.46	0	0	0.4
80600	0.4	0.46	0.46	0	0	0.4
80700	0.4	0.46	0.46	0	0	0.4
80800	0.4	0.46	0.46	0	0	0.4
80900	0.4	0.46	0.46	0	0	0.4
81000	0.4	0.46	0.46	0	0	0.4
81100	0.4	0.47	0.47	0	0	0.4
81200	0.4	0.47	0.47	0	0	0.4
81300	0.4	0.46	0.46	0	0	0.4
81400	0.4	0.47	0.47	0	0	0.4
81500	0.4	0.47	0.47	0	0	0.4
81600	0.4	0.46	0.46	0	0	0.4
81700	0.4	0.45	0.45	0	0	0.4
81800	0.4	0.44	0.44	0	0	0.4
81900	0.4	0.44	0.44	0	0	0.4
82000	0.4	0.43	0.43	0	0	0.4
82100	0.4	0.43	0.43	0	0	0.4
82200	0.4	0.44	0.44	0	0	0.4
82300	0.4	0.44	0.44	0	0	0.4
82400	0.4	0.44	0.44	0	0	0.4
82500	0.4	0.44	0.44	0	0	0.4
82600	0.4	0.44	0.44	0	0	0.4
82700	0.4	0.44	0.44	0	0	0.4
82800	0.4	0.43	0.43	0	0	0.4
82900	0.4	0.43	0.43	0	0	0.4
83000	0.4	0.42	0.42	0	0	0.4
83100	0.4	0.42	0.42	0	0	0.4
83200	0.4	0.42	0.42	0	0	0.4
83300	0.4	0.42	0.42	0	0	0.4
83400	0.4	0.42	0.42	0	0	0.4
83500	0.4	0.42	0.42	0	0	0.4
83600	0.4	0.42	0.42	0	0	0.4
83700	0.4	0.43	0.43	0	0	0.4
83800	0.4	0.42	0.42	0	0	0.4
83900	0.41	0.42	0.42	0	0	0.41
84000	0.41	0.42	0.42	0	0	0.41
84100	0.41	0.42	0.42	0	0	0.41
84200	0.41	0.42	0.42	0	0	0.41
84300	0.41	0.42	0.42	0	0	0.41
84400	0.4	0.42	0.42	0	0	0.4
84500	0.4	0.42	0.42	0	0	0.4
84600	0.4	0.42	0.42	0	0	0.4
84700	0.4	0.42	0.42	0	0	0.4
84800	0.4	0.42	0.42	0	0	0.4
84900	0.39	0.42	0.42	0	0	0.39
85000	0.4	0.42	0.42	0	0	0.4
85100	0.4	0.42	0.42	0	0	0.4
85200	0.4	0.42	0.42	0	0	0.4
85300	0.4	0.42	0.42	0	0	0.4
85400	0.41	0.42	0.42	0	0	0.41
85500	0.41	0.43	0.43	0	0	0.41
85600	0.4	0.43	0.43	0	0	0.4
85700	0.41	0.43	0.43	0	0	0.41
85800	0.41	0.43	0.43	0	0	0.41
85900	0.4	0.44	0.44	0	0	0.4
86000	0.4	0.43	0.43	0	0	0.4
86100	0.4	0.42	0.42	0	0	0.4
86200	0.4	0.42	0.42	0	0	0.4
86300	0.4	0.42	0.42	0	0	0.4
86400	0.4	0.42	0.42	0	0	0.4
86500	0.41	0.42	0.42	0	0	0.41
86600	0.41	0.42	0.42	0	0	0.41
86700	0.41	0.42	0.42	0	0	0.41
86800	0.42	0.42	0.42	0	0	0.42
86900	0.42	0.42	0.42	0	0	0.42
87000	0.42	0.42	0.42	0	0	0.42
87100	0.42	0.42	0.42	0	0	0.42
87200	0.43	0.43	0.43	0	0	0.43
87300	0.42	0.43	0.43	0	0	0.42
87400	0.42	0.42	0.42	0	0	0.42
87500	0.42	0.42	0.42	0	0	0.42
87600	0.42	0.43	0.43	0	0	0.42
87700	0.43	0.43	0.43	0	0	0.43
87800	0.43	0.43	0.43	0	0	0.43
87900	0.43	0.43	0.43	0	0	0.43
88000	0.43	0.43	0.43	0	0	0.43
88100	0.43	0.43	0.43	0	0	0.43
88200	0.43	0.43	0.43	0	0	0.43
88300	0.43	0.43	0.43	0	0	0.43
88400	0.43	0.43	0.43	0	0	0.43
88500	0.44	0.43	0.43	0	0	0.44
88600	0.43	0.43	0.43	0	0	0.43
88700	0.43	0.42	0.42	0	0	0.43
88800	0.43	0.41	0.41	0	0	0.43
88900	0.42	0.41	0.41	0	0	0.42
89000	0.42	0.41	0.41	0	0	0.42
89100	0.42	0.41	0.41	0	0	0.42
89200	0.42	0.41	0.41	0	0	0.42
89300	0.42	0.41	0.41	0	0	0.42
89400	0.43	0.41	0.41	0	0	0.43
89500	0.42	0.41	0.41	0	0	0.42
89600	0.42	0.41	0.41	0	0	0.42
89700	0.42	0.41	0.41	0	0	0.42
89800	0.42	0.41	0.41	0	0	0.42
89900	0.42	0.41	0.41	0	0	0.42
90000	0.42	0.41	0.41	0	0	0.42
90100	0.42	0.41	0.41	0	0	0.42
90200	0.42	0.41	0.41	0	0	0.42
90300	0.42	0.41	0.41	0	0	0.42
90400	0.42	0.41	0.41	0	0	0.42
90500	0.42	0.41	0.41	0	0	0.42
90600	0.42	0.41	0.41	0	0	0.42
90700	0.42	0.41	0.41	0	0	0.42
90800	0.42	0.41	0.41	0	0	0.42
90900	0.42	0.41	0.41	0	0	0.42
91000	0.42	0.41	0.41	0	0	0.42
91100	0.42	0.41	0.41	0	0	0.42
91200	0.42	0.41	0.41	0	0	0.42
91300	0.42	0.41	0.41	0	0	0.42
91400	0.42	0.43	0.43	0	0	0.42
91500	0.43	0.42	0.42	0	0	0.43
91600	0.44	0.43	0.43	0	0	0.44
91700	0.44	0.42	0.42	0	0	0.44
91800	0.44	0.43	0.43	0	0	0.44
91900	0.44	0.43	0.43	0	0	0.44
92000	0.44	0.43	0.43	0	0	0.44
92100	0.44	0.43	0.43	0	0	0.44
92200	0.44	0.43	0.43	0	0	0.44
92300	0.44	0.43	0.43	0	0	0.44
92400	0.44	0.43	0.43	0	0	0.44
92500	0.44	0.43	0.43	0	0	0.44
92600	0.44	0.43	0.43	0	0	0.44
92700	0.42	0.43	0.43	0	0	0.42
92800	0.42	0.43	0.43	0	0	0.42
92900	0.42	0.43	0.43	0	0	0.42
93000	0.42	0.43	0.43	0	0	0.42
93100	0.42	0.43	0.43	0	0	0.42
93200	0.42	0.43	0.43	0	0	0.42
93300	0.42	0.43	0.43	0	0	0.42
93400	0.42	0.43	0.43	0	0	0.42
93500	0.42	0.43	0.43	0	0	0.42
93600	0.42	0.43	0.43	0	0	0.42
93700	0.42	0.43	0.43	0	0	0.42
93800	0.42	0.43	0.43	0	0	0.42
93900	0.42	0.43	0.43	0	0	0.42
94000	0.42	0.43	0.43	0	0	0.42
94100	0.42	0.43	0.43	0	0	0.42
94200	0.42	0.43	0.43	0	0	0.42
94300	0.42	0.43	0.43	0	0	0.42
94400	0.42	0.43	0.43	0	0	0.42
94500	0.42	0.43	0.43	0	0	0.42
94600	0.42	0.43	0.43	0	0	0.42
94700	0.42	0.43	0.43	0	0	0.42
94800	0.42	0.43	0.43	0	0	0.42
94900	0.43	0.43	0.43	0	0	0.43
95000	0.42	0.43	0.43	0	0	0.42
95100	0.42	0.43	0.43	0	0	0.42
95200	0.42	0.43	0.43	0	0	0.42
95300	0.42	0.43	0.43	0	0	0.42
95400	0.42	0.43	0.43	0	0	0.42
95500	0.42	0.44	0.44	0	0	0.42
95600	0.42	0.44	0.44	0	0	0.42
95700	0.42	0.44	0.44	0	0	0.42
95800	0.42	0.44	0.44	0	0	0.42
95900	0.42	0.44	0.44	0	0	0.42
96000	0.42	0.44	0.44	0	0	0.42
96100	0.42	0.44	0.44	0	0	0.42
96200	0.42	0.44	0.44	0	0	0.42
96300	0.42	0.44	0.44	0	0	0.42
96400	0.42	0.44	0.44	0	0	0.42
96500	0.42	0.44	0.44	0	0	0.42
96600	0.42	0.44	0.44	0	0	0.42
96700	0.42	0.44	0.44	0	0	0.42
96800	0.42	0.44	0.44	0	0	0.42
96900	0.42	0.44	0.44	0	0	0.42
97000	0.42	0.45	0.45	0	0	0.42
97100	0.42	0.44	0.44	0	0	0.42
97200	0.42	0.44	0.44	0	0	0.42
97300	0.42	0.44	0.44	0	0	0.42
97400	0.42	0.44	0.44	0	0	0.42
97500	0.42	0.44	0.44	0	0	0.42
97600	0.42	0.44	0.44	0	0	0.42
97700	0.42	0.44	0.44	0	0	0.42
97800	0.42	0.44	0.44	0	0	0.42
97900	0.43	0.44	0.44	0	0	0.43
98000	0.42	0.44	0.44	0	0	0.42
98100	0.42	0.45	0.45	0	0	0.42
98200	0.42	0.44	0.44	0	0	0.42
98300	0.42	0.44	0.44	0	0	0.42
98400	0.42	0.44	0.44	0	0	0.42
98500	0.42	0.44	0.44	0	0	0.42
98600	0.42	0.44	0.44	0	0	0.42
98700	0.42	0.44	0.44	0	0	0.42
98800	0.42	0.44	0.44	0	0	0.42
98900	0.42	0.44	0.44	0	0	0.42
99000	0.42	0.44	0.44	0	0	0.42
99100	0.42	0.44	0.44	0	0	0.42
99200	0.42	0.44	0.44	0	0	0.42
99300	0.42	0.45	0.45	0	0	0.42
99400	0.42	0.45	0.45	0	0	0.42
99500	0.42	0.45	0.45	0	0	0.42
99600	0.42	0.45	0.45	0	0	0.42
99700	0.42	0.45	0.45	0	0	0.42
99800	0.42	0.45	0.45	0	0	0.42
99900	0.42	0.45	0.45	0	0	0.42
100000	0.42	0.45	0.45	0	0	0.42
100100	0.42	0.45	0.45	0	0	0.42
100200	0.43	0.45	0.45	0	0	0.43
100300	0.43	0.45	0.45	0	0	0.43
100400	0.43	0.45	0.45	0	0	0.43
100500	0.43	0.46	0.46	0	0	0.43
100600	0.43	0.46	0.46	0	0	0.43
100700	0.43	0.45	0.45	0	0	0.43
100800	0.43	0.45	0.45	0	0	0.43
100900	0.43	0.44	0.44	0	0	0.43
101000	0.43	0.44	0.44	0	0	0.43
101100	0.43	0.44	0.44	0	0	0.43
101200	0.43	0.45	0.45	0	0	0.43
101300	0.43	0.44	0.44	0	0	0.43
101400	0.43	0.44	0.44	0	0	0.43
101500	0.44	0.44	0.44	0	0	0.44
101600	0.44	0.44	0.44	0	0	0.44
101700	0.44	0.44	0.44	0	0	0.44
101800	0.43	0.44	0.44	0	0	0.43
101900	0.43	0.44	0.44	0	0	0.43
102000	0.43	0.44	0.44	0	0	0.43
102100	0.43	0.44	0.44	0	0	0.43
102200	0.43	0.44	0.44	0	0	0.43
102300	0.43	0.44	0.44	0	0	0.43
102400	0.44	0.44	0.44	0	0	0.44
102500	0.43	0.44	0.44	0	0	0.43
102600	0.43	0.44	0.44	0	0	0.43
102700	0.43	0.44	0.44	0	0	0.43
102800	0.43	0.44	0.44	0	0	0.43
102900	0.43	0.44	0.44	0	0	0.43
103000	0.43	0.44	0.44	0	0	0.43
103100	0.43	0.44	0.44	0	0	0.43
103200	0.43	0.44	0.44	0	0	0.43
103300	0.43	0.44	0.44	0	0	0.43
103400	0.43	0.44	0.44	0	0	0.43
103500	0.43	0.44	0.44	0	0	0.43
103600	0.43	0.44	0.44	0	0	0.43
103700	0.43	0.44	0.44	0	0	0.43
103800	0.43	0.44	0.44	0	0	0.43
103900	0.43	0.44	0.44	0	0	0.43
104000	0.43	0.44	0.44	0	0	0.43
104100	0.43	0.44	0.44	0	0	0.43
104200	0.43	0.44	0.44	0	0	0.43
104300	0.43	0.44	0.44	0	0	0.43
104400	0.43	0.44	0.44	0	0	0.43
104500	0.43	0.45	0.45	0	0	0.43
104600	0.43	0.45	0.45	0	0	0.43
104700	0.43	0.45	0.45	0	0	0.43
104800	0.43	0.45	0.45	0	0	0.43
104900	0.43	0.45	0.45	0	0	0.43
105000	0.43	0.46	0.46	0	0	0.43
105100	0.43	0.46	0.46	0	0	0.43
105200	0.43	0.46	0.46	0	0	0.43
105300	0.43	0.46	0.46	0	0	0.43
105400	0.43	0.46	0.46	0	0	0.43
105500	0.43	0.46	0.46	0	0	0.43
105600	0.43	0.46	0.46	0	0	0.43
105700	0.44	0.46	0.46	0	0	0.44
105800	0.44	0.46	0.46	0	0	0.44
105900	0.44	0.46	0.46	0	0	0.44
106000	0.44	0.45	0.45	0	0	0.44
106100	0.44	0.45	0.45	0	0	0.44
106200	0.43	0.45	0.45	0	0	0.43
106300	0.43	0.45	0.45	0	0	0.43
106400	0.43	0.45	0.45	0	0	0.43
106500	0.43	0.45	0.45	0	0	0.43
106600	0.43	0.45	0.45	0	0	0.43
106700	0.43	0.45	0.45	0	0	0.43
106800	0.43	0.45	0.45	0	0	0.43
106900	0.43	0.45	0.45	0	0	0.43
107000	0.43	0.45	0.45	0	0	0.43
107100	0.44	0.45	0.45	0	0	0.44
107200	0.44	0.45	0.45	0	0	0.44
107300	0.44	0.45	0.45	0	0	0.44
107400	0.44	0.45	0.45	0	0	0.44
107500	0.44	0.45	0.45	0	0	0.44
107600	0.44	0.45	0.45	0	0	0.44
107700	0.44	0.45	0.45	0	0	0.44
107800	0.44	0.45	0.45	0	0	0.44
107900	0.44	0.45	0.45	0	0	0.44
108000	0.44	0.45	0.45	0	0	0.44
108100	0.44	0.45	0.45	0	0	0.44
108200	0.44	0.45	0.45	0	0	0.44
108300	0.44	0.45	0.45	0	0	0.44
108400	0.44	0.45	0.45	0	0	0.44
108500	0.45	0.44	0.44	0	0	0.45
108600	0.45	0.44	0.44	0	0	0.45
108700	0.45	0.44	0.44	0	0	0.45
108800	0.45	0.44	0.44	0	0	0.45
108900	0.46	0.44	0.44	0	0	0.46
109000	0.46	0.44	0.44	0	0	0.46
109100	0.46	0.44	0.44	0	0	0.46
109200	0.46	0.44	0.44	0	0	0.46
109300	0.45	0.44	0.44	0	0	0.45
109400	0.46	0.44	0.44	0	0	0.46
109500	0.46	0.44	0.44	0	0	0.46
109600	0.46	0.44	0.44	0	0	0.46
109700	0.46	0.44	0.44	0	0	0.46
109800	0.45	0.44	0.44	0	0	0.45
109900	0.45	0.44	0.44	0	0	0.45
110000	0.44	0.44	0.44	0	0	0.44
110100	0.44	0.44	0.44	0	0	0.44
110200	0.44	0.44	0.44	0	0	0.44
110300	0.44	0.45	0.45	0	0	0.44
110400	0.44	0.46	0.46	0	0	0.44
110500	0.44	0.46	0.46	0	0	0.44
110600	0.45	0.46	0.46	0	0	0.45
110700	0.45	0.46	0.46	0	0	0.45
110800	0.45	0.46	0.46	0	0	0.45
110900	0.45	0.46	0.46	0	0	0.45
111000	0.45	0.46	0.46	0	0	0.45
111100	0.45	0.46	0.46	0	0	0.45
111200	0.45	0.46	0.46	0	0	0.45
111300	0.45	0.46	0.46	0	0	0.45
111400	0.45	0.47	0.47	0	0	0.45
111500	0.45	0.47	0.47	0	0	0.45
111600	0.45	0.47	0.47	0	0	0.45
111700	0.45	0.47	0.47	0	0	0.45
111800	0.45	0.47	0.47	0	0	0.45
111900	0.45	0.47	0.47	0	0	0.45
112000	0.45	0.47	0.47	0	0	0.45
112100	0.45	0.47	0.47	0	0	0.45
112200	0.45	0.47	0.47	0	0	0.45
112300	0.45	0.47	0.47	0	0	0.45
112400	0.45	0.47	0.47	0	0	0.45
112500	0.45	0.47	0.47	0	0	0.45
112600	0.45	0.47	0.47	0	0	0.45
112700	0.45	0.47	0.47	0	0	0.45
112800	0.45	0.47	0.47	0	0	0.45
112900	0.45	0.47	0.47	0	0	0.45
113000	0.45	0.47	0.47	0	0	0.45
113100	0.45	0.47	0.47	0	0	0.45
113200	0.45	0.47	0.47	0	0	0.45
113300	0.45	0.48	0.48	0	0	0.45
113400	0.45	0.47	0.47	0	0	0.45
113500	0.45	0.47	0.47	0	0	0.45
113600	0.45	0.47	0.47	0	0	0.45
113700	0.45	0.47	0.47	0	0	0.45
113800	0.45	0.47	0.47	0	0	0.45
113900	0.45	0.47	0.47	0	0	0.45
114000	0.45	0.47	0.47	0	0	0.45
114100	0.45	0.47	0.47	0	0	0.45
114200	0.45	0.47	0.47	0	0	0.45
114300	0.45	0.47	0.47	0	0	0.45
114400	0.45	0.47	0.47	0	0	0.45
114500	0.45	0.47	0.47	0	0	0.45
114600	0.45	0.47	0.47	0	0	0.45
114700	0.45	0.47	0.47	0	0	0.45
114800	0.45	0.47	0.47	0	0	0.45
114900	0.46	0.47	0.47	0	0	0.46
115000	0.46	0.47	0.47	0	0	0.46
115100	0.45	0.47	0.47	0	0	0.45
115200	0.45	0.47	0.47	0	0	0.45
115300	0.45	0.47	0.47	0	0	0.45
115400	0.45	0.47	0.47	0	0	0.45
115500	0.45	0.47	0.47	0	0	0.45
115600	0.45	0.47	0.47	0	0	0.45
115700	0.45	0.47	0.47	0	0	0.45
115800	0.45	0.47	0.47	0	0	0.45
115900	0.45	0.47	0.47	0	0	0.45
116000	0.45	0.47	0.47	0	0	0.45
116100	0.44	0.48	0.48	0	0	0.44
116200	0.44	0.47	0.47	0	0	0.44
116300	0.44	0.47	0.47	0	0	0.44
116400	0.44	0.47	0.47	0	0	0.44
116500	0.44	0.47	0.47	0	0	0.44
116600	0.44	0.47	0.47	0	0	0.44
116700	0.44	0.47	0.47	0	0	0.44
116800	0.44	0.47	0.47	0	0	0.44
116900	0.44	0.47	0.47	0	0	0.44
117000	0.44	0.47	0.47	0	0	0.44
117100	0.44	0.47	0.47	0	0	0.44
117200	0.44	0.47	0.47	0	0	0.44
117300	0.44	0.47	0.47	0	0	0.44
117400	0.44	0.47	0.47	0	0	0.44
117500	0.44	0.47	0.47	0	0	0.44
117600	0.44	0.47	0.47	0	0	0.44
117700	0.44	0.47	0.47	0	0	0.44
117800	0.44	0.47	0.47	0	0	0.44
117900	0.44	0.47	0.47	0	0	0.44
118000	0.44	0.47	0.47	0	0	0.44
118100	0.44	0.47	0.47	0	0	0.44
118200	0.44	0.47	0.47	0	0	0.44
118300	0.44	0.47	0.47	0	0	0.44
118400	0.44	0.47	0.47	0	0	0.44
118500	0.44	0.47	0.47	0	0	0.44
118600	0.44	0.47	0.47	0	0	0.44
118700	0.45	0.47	0.47	0	0	0.45
118800	0.44	0.47	0.47	0	0	0.44
118900	0.44	0.47	0.47	0	0	0.44
119000	0.44	0.47	0.47	0	0	0.44
119100	0.44	0.47	0.47	0	0	0.44
119200	0.44	0.47	0.47	0	0	0.44
119300	0.44	0.47	0.47	0	0	0.44
119400	0.45	0.47	0.47	0	0	0.45
119500	0.45	0.47	0.47	0	0	0.45
119600	0.45	0.47	0.47	0	0	0.45
119700	0.45	0.47	0.47	0	0	0.45
119800	0.45	0.47	0.47	0	0	0.45
119900	0.45	0.47	0.47	0	0	0.45
120000	0.45	0.47	0.47	0	0	0.45
120100	0.45	0.47	0.47	0	0	0.45
120200	0.45	0.47	0.47	0	0	0.45
120300	0.45	0.47	0.47	0	0	0.45
120400	0.45	0.47	0.47	0	0	0.45
120500	0.46	0.47	0.47	0	0	0.46
120600	0.45	0.47	0.47	0	0	0.45
120700	0.46	0.47	0.47	0	0	0.46
120800	0.46	0.47	0.47	0	0	0.46
120900	0.46	0.47	0.47	0	0	0.46
121000	0.46	0.47	0.47	0	0	0.46
121100	0.46	0.47	0.47	0	0	0.46
121200	0.46	0.47	0.47	0	0	0.46
121300	0.46	0.47	0.47	0	0	0.46
121400	0.45	0.47	0.47	0	0	0.45
121500	0.45	0.47	0.47	0	0	0.45
121600	0.45	0.47	0.47	0	0	0.45
121700	0.45	0.47	0.47	0	0	0.45
121800	0.45	0.47	0.47	0	0	0.45
121900	0.45	0.47	0.47	0	0	0.45
122000	0.45	0.47	0.47	0	0	0.45
122100	0.45	0.47	0.47	0	0	0.45
122200	0.45	0.48	0.48	0	0	0.45
122300	0.46	0.47	0.47	0	0	0.46
122400	0.46	0.47	0.47	0	0	0.46
122500	0.46	0.47	0.47	0	0	0.46
122600	0.46	0.47	0.47	0	0	0.46
122700	0.46	0.47	0.47	0	0	0.46
122800	0.46	0.47	0.47	0	0	0.46
122900	0.46	0.47	0.47	0	0	0.46
123000	0.46	0.47	0.47	0	0	0.46
123100	0.46	0.47	0.47	0	0	0.46
123200	0.46	0.47	0.47	0	0	0.46
123300	0.46	0.47	0.47	0	0	0.46
123400	0.47	0.47	0.47	0	0	0.47
123500	0.47	0.47	0.47	0	0	0.47
123600	0.47	0.47	0.47	0	0	0.47
123700	0.47	0.47	0.47	0	0	0.47
123800	0.47	0.47	0.47	0	0	0.47
123900	0.47	0.47	0.47	0	0	0.47
124000	0.47	0.47	0.47	0	0	0.47
124100	0.47	0.47	0.47	0	0	0.47
124200	0.47	0.47	0.47	0	0	0.47
124300	0.47	0.47	0.47	0	0	0.47
124400	0.47	0.47	0.47	0	0	0.47
124500	0.47	0.47	0.47	0	0	0.47
124600	0.47	0.47	0.47	0	0	0.47
124700	0.47	0.47	0.47	0	0	0.47
124800	0.47	0.47	0.47	0	0	0.47
124900	0.47	0.47	0.47	0	0	0.47
125000	0.47	0.47	0.47	0	0	0.47
125100	0.47	0.47	0.47	0	0	0.47
125200	0.47	0.47	0.47	0	0	0.47
125300	0.47	0.47	0.47	0	0	0.47
125400	0.47	0.47	0.47	0	0	0.47
125500	0.47	0.47	0.47	0	0	0.47
125600	0.47	0.47	0.47	0	0	0.47
125700	0.47	0.47	0.47	0	0	0.47
125800	0.47	0.47	0.47	0	0	0.47
125900	0.47	0.47	0.47	0	0	0.47
126000	0.48	0.47	0.47	0	0	0.48
126100	0.47	0.47	0.47	0	0	0.47
126200	0.47	0.48	0.48	0	0	0.47
126300	0.47	0.47	0.47	0	0	0.47
126400	0.47	0.47	0.47	0	0	0.47
126500	0.47	0.47	0.47	0	0	0.47
126600	0.47	0.47	0.47	0	0	0.47
126700	0.47	0.47	0.47	0	0	0.47
126800	0.48	0.47	0.47	0	0	0.48
126900	0.47	0.47	0.47	0	0	0.47
127000	0.47	0.47	0.47	0	0	0.47
127100	0.47	0.48	0.48	0	0	0.47
127200	0.47	0.48	0.48	0	0	0.47
127300	0.47	0.48	0.48	0	0	0.47
127400	0.47	0.48	0.48	0	0	0.47
127500	0.47	0.48	0.48	0	0	0.47
127600	0.47	0.48	0.48	0	0	0.47
127700	0.47	0.48	0.48	0	0	0.47
127800	0.47	0.48	0.48	0	0	0.47
127900	0.47	0.48	0.48	0	0	0.47
128000	0.47	0.48	0.48	0	0	0.47
128100	0.47	0.48	0.48	0	0	0.47
128200	0.47	0.48	0.48	0	0	0.47
128300	0.47	0.48	0.48	0	0	0.47
128400	0.47	0.48	0.48	0	0	0.47
128500	0.47	0.48	0.48	0	0	0.47
128600	0.47	0.48	0.48	0	0	0.47
128700	0.47	0.48	0.48	0	0	0.47
128800	0.47	0.48	0.48	0	0	0.47
128900	0.47	0.48	0.48	0	0	0.47
129000	0.47	0.48	0.48	0	0	0.47
129100	0.47	0.48	0.48	0	0	0.47
129200	0.47	0.48	0.48	0	0	0.47
129300	0.47	0.48	0.48	0	0	0.47
129400	0.47	0.48	0.48	0	0	0.47
129500	0.47	0.48	0.48	0	0	0.47
129600	0.47	0.48	0.48	0	0	0.47
129700	0.47	0.48	0.48	0	0	0.47
129800	0.47	0.48	0.48	0	0	0.47
129900	0.47	0.48	0.48	0	0	0.47
130000	0.47	0.48	0.48	0	0	0.47
130100	0.46	0.48	0.48	0	0	0.46
130200	0.46	0.48	0.48	0	0	0.46
130300	0.46	0.48	0.48	0	0	0.46
130400	0.46	0.48	0.48	0	0	0.46
130500	0.46	0.48	0.48	0	0	0.46
130600	0.46	0.48	0.48	0	0	0.46
130700	0.46	0.48	0.48	0	0	0.46
130800	0.47	0.48	0.48	0	0	0.47
130900	0.47	0.48	0.48	0	0	0.47
131000	0.47	0.48	0.48	0	0	0.47
131100	0.47	0.48	0.48	0	0	0.47
131200	0.47	0.48	0.48	0	0	0.47
131300	0.47	0.48	0.48	0	0	0.47
131400	0.48	0.48	0.48	0	0	0.48
131500	0.47	0.48	0.48	0	0	0.47
131600	0.47	0.48	0.48	0	0	0.47
131700	0.47	0.48	0.48	0	0	0.47
131800	0.47	0.48	0.48	0	0	0.47
131900	0.47	0.48	0.48	0	0	0.47
132000	0.47	0.48	0.48	0	0	0.47
132100	0.47	0.48	0.48	0	0	0.47
132200	0.47	0.48	0.48	0	0	0.47
132300	0.47	0.48	0.48	0	0	0.47
132400	0.47	0.48	0.48	0	0	0.47
132500	0.47	0.48	0.48	0	0	0.47
132600	0.47	0.48	0.48	0	0	0.47
132700	0.47	0.48	0.48	0	0	0.47
132800	0.47	0.48	0.48	0	0	0.47
132900	0.47	0.48	0.48	0	0	0.47
133000	0.47	0.48	0.48	0	0	0.47
133100	0.47	0.48	0.48	0	0	0.47
133200	0.47	0.48	0.48	0	0	0.47
133300	0.47	0.48	0.48	0	0	0.47
133400	0.47	0.48	0.48	0	0	0.47
133500	0.47	0.48	0.48	0	0	0.47
133600	0.47	0.48	0.48	0	0	0.47
133700	0.47	0.48	0.48	0	0	0.47
133800	0.47	0.48	0.48	0	0	0.47
133900	0.47	0.48	0.48	0	0	0.47
134000	0.47	0.48	0.48	0	0	0.47
134100	0.47	0.48	0.48	0	0	0.47
134200	0.47	0.48	0.48	0	0	0.47
134300	0.47	0.48	0.48	0	0	0.47
134400	0.47	0.48	0.48	0	0	0.47
134500	0.47	0.48	0.48	0	0	0.47
134600	0.47	0.48	0.48	0	0	0.47
134700	0.47	0.48	0.48	0	0	0.47
134800	0.47	0.48	0.48	0	0	0.47
134900	0.47	0.48	0.48	0	0	0.47
135000	0.47	0.48	0.48	0	0	0.47
135100	0.47	0.48	0.48	0	0	0.47
135200	0.47	0.48	0.48	0	0	0.47
135300	0.47	0.48	0.48	0	0	0.47
135400	0.47	0.48	0.48	0	0	0.47
135500	0.47	0.48	0.48	0	0	0.47
135600	0.47	0.48	0.48	0	0	0.47
135700	0.47	0.48	0.48	0	0	0.47
135800	0.47	0.48	0.48	0	0	0.47
135900	0.47	0.48	0.48	0	0	0.47
136000	0.47	0.48	0.48	0	0	0.47
136100	0.47	0.48	0.48	0	0	0.47
136200	0.48	0.48	0.48	0	0	0.48
136300	0.48	0.48	0.48	0	0	0.48
136400	0.48	0.48	0.48	0	0	0.48
136500	0.48	0.48	0.48	0	0	0.48
136600	0.48	0.48	0.48	0	0	0.48
136700	0.48	0.48	0.48	0	0	0.48
136800	0.48	0.48	0.48	0	0	0.48
136900	0.48	0.48	0.48	0	0	0.48
137000	0.48	0.48	0.48	0	0	0.48
137100	0.48	0.48	0.48	0	0	0.48
137200	0.48	0.48	0.48	0	0	0.48
137300	0.48	0.48	0.48	0	0	0.48
137400	0.48	0.48	0.48	0	0	0.48
137500	0.48	0.48	0.48	0	0	0.48
137600	0.48	0.48	0.48	0	0	0.48
137700	0.48	0.48	0.48	0	0	0.48
137800	0.48	0.48	0.48	0	0	0.48
137900	0.48	0.48	0.48	0	0	0.48
138000	0.48	0.48	0.48	0	0	0.48
138100	0.48	0.48	0.48	0	0	0.48
138200	0.48	0.48	0.48	0	0	0.48
138300	0.48	0.48	0.48	0	0	0.48
138400	0.48	0.48	0.48	0	0	0.48
138500	0.48	0.48	0.48	0	0	0.48
138600	0.48	0.48	0.48	0	0	0.48
138700	0.48	0.48	0.48	0	0	0.48
138800	0.48	0.48	0.48	0	0	0.48
138900	0.48	0.48	0.48	0	0	0.48
139000	0.48	0.48	0.48	0	0	0.48
139100	0.48	0.48	0.48	0	0	0.48
139200	0.48	0.48	0.48	0	0	0.48
139300	0.48	0.48	0.48	0	0	0.48
139400	0.48	0.48	0.48	0	0	0.48
139500	0.48	0.48	0.48	0	0	0.48
139600	0.48	0.48	0.48	0	0	0.48
139700	0.48	0.48	0.48	0	0	0.48
139800	0.48	0.48	0.48	0	0	0.48
139900	0.48	0.48	0.48	0	0	0.48
140000	0.48	0.48	0.48	0	0	0.48
140100	0.48	0.48	0.48	0	0	0.48
140200	0.48	0.48	0.48	0	0	0.48
140300	0.48	0.48	0.48	0	0	0.48
140400	0.48	0.48	0.48	0	0	0.48
140500	0.48	0.48	0.48	0	0	0.48
140600	0.48	0.47	0.47	0	0	0.48
140700	0.48	0.47	0.47	0	0	0.48
140800	0.48	0.47	0.47	0	0	0.48
140900	0.48	0.47	0.47	0	0	0.48
141000	0.48	0.47	0.47	0	0	0.48
141100	0.48	0.47	0.47	0	0	0.48
141200	0.48	0.47	0.47	0	0	0.48
141300	0.48	0.47	0.47	0	0	0.48
141400	0.48	0.47	0.47	0	0	0.48
141500	0.48	0.47	0.47	0	0	0.48
141600	0.48	0.47	0.47	0	0	0.48
141700	0.48	0.47	0.47	0	0	0.48
141800	0.48	0.47	0.47	0	0	0.48
141900	0.48	0.47	0.47	0	0	0.48
142000	0.48	0.47	0.47	0	0	0.48
142100	0.48	0.47	0.47	0	0	0.48
142200	0.48	0.46	0.46	0	0	0.48
142300	0.48	0.46	0.46	0	0	0.48
142400	0.48	0.46	0.46	0	0	0.48
142500	0.48	0.46	0.46	0	0	0.48
142600	0.48	0.46	0.46	0	0	0.48
142700	0.48	0.46	0.46	0	0	0.48
142800	0.49	0.46	0.46	0	0	0.49
142900	0.48	0.46	0.46	0	0	0.48
143000	0.48	0.46	0.46	0	0	0.48
143100	0.48	0.46	0.46	0	0	0.48
143200	0.48	0.46	0.46	0	0	0.48
143300	0.48	0.46	0.46	0	0	0.48
143400	0.48	0.46	0.46	0	0	0.48
143500	0.48	0.46	0.46	0	0	0.48
143600	0.48	0.46	0.46	0	0	0.48
143700	0.48	0.46	0.46	0	0	0.48
143800	0.48	0.46	0.46	0	0	0.48
143900	0.48	0.46	0.46	0	0	0.48
144000	0.48	0.46	0.46	0	0	0.48
144100	0.48	0.46	0.46	0	0	0.48
144200	0.48	0.46	0.46	0	0	0.48
144300	0.48	0.46	0.46	0	0	0.48
144400	0.48	0.46	0.46	0	0	0.48
144500	0.48	0.46	0.46	0	0	0.48
144600	0.47	0.46	0.46	0	0	0.47
144700	0.47	0.46	0.46	0	0	0.47
144800	0.47	0.46	0.46	0	0	0.47
144900	0.47	0.46	0.46	0	0	0.47
145000	0.47	0.46	0.46	0	0	0.47
145100	0.47	0.46	0.46	0	0	0.47
145200	0.47	0.46	0.46	0	0	0.47
145300	0.47	0.46	0.46	0	0	0.47
145400	0.47	0.46	0.46	0	0	0.47
145500	0.47	0.46	0.46	0	0	0.47
145600	0.47	0.46	0.46	0	0	0.47
145700	0.47	0.46	0.46	0	0	0.47
145800	0.48	0.46	0.46	0	0	0.48
145900	0.48	0.46	0.46	0	0	0.48
146000	0.48	0.46	0.46	0	0	0.48
146100	0.47	0.46	0.46	0	0	0.47
146200	0.47	0.46	0.46	0	0	0.47
146300	0.47	0.46	0.46	0	0	0.47
146400	0.47	0.46	0.46	0	0	0.47
146500	0.47	0.46	0.46	0	0	0.47
146600	0.47	0.46	0.46	0	0	0.47
146700	0.47	0.46	0.46	0	0	0.47
146800	0.47	0.46	0.46	0	0	0.47
146900	0.47	0.46	0.46	0	0	0.47
147000	0.47	0.46	0.46	0	0	0.47
147100	0.47	0.46	0.46	0	0	0.47
147200	0.47	0.46	0.46	0	0	0.47
147300	0.47	0.46	0.46	0	0	0.47
147400	0.47	0.46	0.46	0	0	0.47
147500	0.47	0.46	0.46	0	0	0.47
147600	0.47	0.47	0.47	0	0	0.47
147700	0.47	0.47	0.47	0	0	0.47
147800	0.47	0.46	0.46	0	0	0.47
147900	0.47	0.46	0.46	0	0	0.47
148000	0.47	0.46	0.46	0	0	0.47
148100	0.47	0.46	0.46	0	0	0.47
148200	0.47	0.46	0.46	0	0	0.47
148300	0.47	0.46	0.46	0	0	0.47
148400	0.47	0.46	0.46	0	0	0.47
148500	0.47	0.46	0.46	0	0	0.47
148600	0.47	0.46	0.46	0	0	0.47
148700	0.47	0.46	0.46	0	0	0.47
148800	0.48	0.46	0.46	0	0	0.48
148900	0.48	0.46	0.46	0	0	0.48
149000	0.48	0.46	0.46	0	0	0.48
149100	0.48	0.46	0.46	0	0	0.48
149200	0.48	0.47	0.47	0	0	0.48
149300	0.48	0.47	0.47	0	0	0.48
149400	0.48	0.47	0.47	0	0	0.48
149500	0.48	0.47	0.47	0	0	0.48
149600	0.48	0.47	0.47	0	0	0.48
149700	0.48	0.47	0.47	0	0	0.48
149800	0.48	0.47	0.47	0	0	0.48
149900	0.48	0.47	0.47	0	0	0.48
150000	0.48	0.47	0.47	0	0	0.48
150100	0.48	0.47	0.47	0	0	0.48
150200	0.48	0.47	0.47	0	0	0.48
150300	0.48	0.47	0.47	0	0	0.48
150400	0.48	0.47	0.47	0	0	0.48
150500	0.48	0.47	0.47	0	0	0.48
150600	0.48	0.47	0.47	0	0	0.48
150700	0.48	0.47	0.47	0	0	0.48
150800	0.48	0.47	0.47	0	0	0.48
150900	0.48	0.47	0.47	0	0	0.48
151000	0.48	0.47	0.47	0	0	0.48
151100	0.47	0.47	0.47	0	0	0.47
151200	0.47	0.47	0.47	0	0	0.47
151300	0.47	0.46	0.46	0	0	0.47
151400	0.47	0.46	0.46	0	0	0.47
151500	0.47	0.46	0.46	0	0	0.47
151600	0.47	0.46	0.46	0	0	0.47
151700	0.47	0.46	0.46	0	0	0.47
151800	0.47	0.46	0.46	0	0	0.47
151900	0.47	0.46	0.46	0	0	0.47
152000	0.47	0.46	0.46	0	0	0.47
152100	0.47	0.46	0.46	0	0	0.47
152200	0.47	0.46	0.46	0	0	0.47
152300	0.47	0.46	0.46	0	0	0.47
152400	0.47	0.46	0.46	0	0	0.47
152500	0.47	0.46	0.46	0	0	0.47
152600	0.47	0.46	0.46	0	0	0.47
152700	0.47	0.47	0.47	0	0	0.47
152800	0.47	0.46	0.46	0	0	0.47
152900	0.47	0.46	0.46	0	0	0.47
153000	0.47	0.46	0.46	0	0	0.47
153100	0.47	0.46	0.46	0	0	0.47
153200	0.47	0.46	0.46	0	0	0.47
153300	0.47	0.46	0.46	0	0	0.47
153400	0.47	0.46	0.46	0	0	0.47
153500	0.47	0.46	0.46	0	0	0.47
153600	0.47	0.46	0.46	0	0	0.47
153700	0.47	0.46	0.46	0	0	0.47
153800	0.47	0.47	0.47	0	0	0.47
153900	0.47	0.47	0.47	0	0	0.47
154000	0.47	0.47	0.47	0	0	0.47
154100	0.47	0.47	0.47	0	0	0.47
154200	0.47	0.47	0.47	0	0	0.47
154300	0.47	0.47	0.47	0	0	0.47
154400	0.47	0.48	0.48	0	0	0.47
154500	0.47	0.48	0.48	0	0	0.47
154600	0.47	0.48	0.48	0	0	0.47
154700	0.47	0.48	0.48	0	0	0.47
154800	0.47	0.48	0.48	0	0	0.47
154900	0.47	0.48	0.48	0	0	0.47
155000	0.47	0.48	0.48	0	0	0.47
155100	0.47	0.48	0.48	0	0	0.47
155200	0.47	0.47	0.47	0	0	0.47
155300	0.47	0.47	0.47	0	0	0.47
155400	0.47	0.47	0.47	0	0	0.47
155500	0.47	0.47	0.47	0	0	0.47
155600	0.47	0.47	0.47	0	0	0.47
155700	0.47	0.47	0.47	0	0	0.47
155800	0.47	0.47	0.47	0	0	0.47
155900	0.47	0.47	0.47	0	0	0.47
156000	0.47	0.47	0.47	0	0	0.47
156100	0.47	0.47	0.47	0	0	0.47
156200	0.47	0.47	0.47	0	0	0.47
156300	0.47	0.47	0.47	0	0	0.47
156400	0.47	0.47	0.47	0	0	0.47
156500	0.47	0.47	0.47	0	0	0.47
156600	0.47	0.47	0.47	0	0	0.47
156700	0.47	0.47	0.47	0	0	0.47
156800	0.47	0.47	0.47	0	0	0.47
156900	0.47	0.47	0.47	0	0	0.47
157000	0.47	0.47	0.47	0	0	0.47
157100	0.47	0.47	0.47	0	0	0.47
157200	0.47	0.47	0.47	0	0	0.47
157300	0.47	0.47	0.47	0	0	0.47
157400	0.48	0.47	0.47	0	0	0.48
157500	0.48	0.47	0.47	0	0	0.48
157600	0.48	0.47	0.47	0	0	0.48
157700	0.48	0.47	0.47	0	0	0.48
157800	0.48	0.47	0.47	0	0	0.48
157900	0.48	0.47	0.47	0	0	0.48
158000	0.48	0.47	0.47	0	0	0.48
158100	0.48	0.47	0.47	0	0	0.48
158200	0.48	0.47	0.47	0	0	0.48
158300	0.48	0.47	0.47	0	0	0.48
158400	0.48	0.47	0.47	0	0	0.48
158500	0.48	0.47	0.47	0	0	0.48
158600	0.48	0.47	0.47	0	0	0.48
158700	0.48	0.47	0.47	0	0	0.48
158800	0.48	0.47	0.47	0	0	0.48
158900	0.48	0.47	0.47	0	0	0.48
159000	0.48	0.47	0.47	0	0	0.48
159100	0.48	0.47	0.47	0	0	0.48
159200	0.48	0.47	0.47	0	0	0.48
159300	0.48	0.47	0.47	0	0	0.48
159400	0.48	0.47	0.47	0	0	0.48
159500	0.48	0.47	0.47	0	0	0.48
159600	0.48	0.47	0.47	0	0	0.48
159700	0.48	0.47	0.47	0	0	0.48
159800	0.48	0.47	0.47	0	0	0.48
159900	0.48	0.47	0.47	0	0	0.48
160000	0.48	0.47	0.47	0	0	0.48
160100	0.48	0.47	0.47	0	0	0.48
160200	0.48	0.47	0.47	0	0	0.48
160300	0.48	0.47	0.47	0	0	0.48
160400	0.48	0.47	0.47	0	0	0.48
160500	0.48	0.47	0.47	0	0	0.48
160600	0.48	0.47	0.47	0	0	0.48
160700	0.48	0.47	0.47	0	0	0.48
160800	0.48	0.47	0.47	0	0	0.48
160900	0.48	0.47	0.47	0	0	0.48
161000	0.48	0.47	0.47	0	0	0.48
161100	0.48	0.47	0.47	0	0	0.48
161200	0.48	0.47	0.47	0	0	0.48
161300	0.48	0.47	0.47	0	0	0.48
161400	0.48	0.47	0.47	0	0	0.48
161500	0.48	0.47	0.47	0	0	0.48
161600	0.48	0.47	0.47	0	0	0.48
161700	0.48	0.47	0.47	0	0	0.48
161800	0.48	0.47	0.47	0	0	0.48
161900	0.48	0.47	0.47	0	0	0.48
162000	0.48	0.47	0.47	0	0	0.48
162100	0.48	0.47	0.47	0	0	0.48
162200	0.48	0.47	0.47	0	0	0.48
162300	0.48	0.47	0.47	0	0	0.48
162400	0.47	0.47	0.47	0	0	0.47
162500	0.47	0.47	0.47	0	0	0.47
162600	0.47	0.47	0.47	0	0	0.47
162700	0.47	0.47	0.47	0	0	0.47
162800	0.47	0.47	0.47	0	0	0.47
162900	0.47	0.47	0.47	0	0	0.47
163000	0.47	0.47	0.47	0	0	0.47
163100	0.47	0.47	0.47	0	0	0.47
163200	0.47	0.47	0.47	0	0	0.47
163300	0.47	0.47	0.47	0	0	0.47
163400	0.47	0.47	0.47	0	0	0.47
163500	0.47	0.47	0.47	0	0	0.47
163600	0.47	0.47	0.47	0	0	0.47
163700	0.47	0.47	0.47	0	0	0.47
163800	0.47	0.48	0.48	0	0	0.47
163900	0.47	0.47	0.47	0	0	0.47
164000	0.47	0.47	0.47	0	0	0.47
164100	0.47	0.47	0.47	0	0	0.47
164200	0.47	0.47	0.47	0	0	0.47
164300	0.47	0.47	0.47	0	0	0.47
164400	0.47	0.47	0.47	0	0	0.47
164500	0.47	0.47	0.47	0	0	0.47
164600	0.47	0.47	0.47	0	0	0.47
164700	0.47	0.48	0.48	0	0	0.47
164800	0.47	0.48	0.48	0	0	0.47
164900	0.47	0.48	0.48	0	0	0.47
165000	0.47	0.48	0.48	0	0	0.47
165100	0.47	0.48	0.48	0	0	0.47
165200	0.47	0.48	0.48	0	0	0.47
165300	0.47	0.48	0.48	0	0	0.47
165400	0.47	0.48	0.48	0	0	0.47
165500	0.47	0.48	0.48	0	0	0.47
165600	0.47	0.48	0.48	0	0	0.47
165700	0.47	0.48	0.48	0	0	0.47
165800	0.47	0.48	0.48	0	0	0.47
165900	0.47	0.48	0.48	0	0	0.47
166000	0.47	0.48	0.48	0	0	0.47
166100	0.47	0.48	0.48	0	0	0.47
166200	0.48	0.48	0.48	0	0	0.48
166300	0.48	0.48	0.48	0	0	0.48
166400	0.48	0.48	0.48	0	0	0.48
166500	0.48	0.48	0.48	0	0	0.48
166600	0.48	0.48	0.48	0	0	0.48
166700	0.48	0.48	0.48	0	0	0.48
166800	0.48	0.48	0.48	0	0	0.48
166900	0.48	0.48	0.48	0	0	0.48
167000	0.48	0.48	0.48	0	0	0.48
167100	0.48	0.48	0.48	0	0	0.48
167200	0.48	0.48	0.48	0	0	0.48
167300	0.48	0.48	0.48	0	0	0.48
167400	0.48	0.48	0.48	0	0	0.48
167500	0.48	0.48	0.48	0	0	0.48
167600	0.48	0.48	0.48	0	0	0.48
167700	0.48	0.48	0.48	0	0	0.48
167800	0.48	0.48	0.48	0	0	0.48
167900	0.48	0.48	0.48	0	0	0.48
168000	0.48	0.48	0.48	0	0	0.48
168100	0.48	0.48	0.48	0	0	0.48
168200	0.48	0.48	0.48	0	0	0.48
168300	0.48	0.48	0.48	0	0	0.48
168400	0.48	0.48	0.48	0	0	0.48
168500	0.48	0.48	0.48	0	0	0.48
168600	0.48	0.48	0.48	0	0	0.48
168700	0.48	0.48	0.48	0	0	0.48
168800	0.48	0.48	0.48	0	0	0.48
168900	0.48	0.48	0.48	0	0	0.48
169000	0.48	0.48	0.48	0	0	0.48
169100	0.48	0.48	0.48	0	0	0.48
169200	0.48	0.48	0.48	0	0	0.48
169300	0.48	0.48	0.48	0	0	0.48
169400	0.48	0.48	0.48	0	0	0.48
169500	0.48	0.48	0.48	0	0	0.48
169600	0.48	0.48	0.48	0	0	0.48
169700	0.48	0.48	0.48	0	0	0.48
169800	0.48	0.48	0.48	0	0	0.48
169900	0.48	0.48	0.48	0	0	0.48
170000	0.48	0.48	0.48	0	0	0.48
170100	0.48	0.48	0.48	0	0	0.48
170200	0.48	0.48	0.48	0	0	0.48
170300	0.48	0.48	0.48	0	0	0.48
170400	0.48	0.48	0.48	0	0	0.48
170500	0.48	0.48	0.48	0	0	0.48
170600	0.48	0.47	0.47	0	0	0.48
170700	0.48	0.47	0.47	0	0	0.48
170800	0.48	0.47	0.47	0	0	0.48
170900	0.49	0.47	0.47	0	0	0.49
171000	0.49	0.47	0.47	0	0	0.49
171100	0.49	0.47	0.47	0	0	0.49
171200	0.49	0.47	0.47	0	0	0.49
171300	0.49	0.47	0.47	0	0	0.49
171400	0.49	0.47	0.47	0	0	0.49
171500	0.49	0.47	0.47	0	0	0.49
171600	0.49	0.47	0.47	0	0	0.49
171700	0.48	0.47	0.47	0	0	0.48
171800	0.48	0.47	0.47	0	0	0.48
171900	0.48	0.47	0.47	0	0	0.48
172000	0.48	0.47	0.47	0	0	0.48
172100	0.48	0.47	0.47	0	0	0.48
172200	0.48	0.47	0.47	0	0	0.48
172300	0.48	0.47	0.47	0	0	0.48
172400	0.48	0.47	0.47	0	0	0.48
172500	0.48	0.46	0.46	0	0	0.48
172600	0.48	0.46	0.46	0	0	0.48
172700	0.48	0.46	0.46	0	0	0.48
172800	0.48	0.46	0.46	0	0	0.48
172900	0.48	0.46	0.46	0	0	0.48
173000	0.48	0.46	0.46	0	0	0.48
173100	0.48	0.46	0.46	0	0	0.48
173200	0.48	0.46	0.46	0	0	0.48
173300	0.48	0.46	0.46	0	0	0.48
173400	0.48	0.46	0.46	0	0	0.48
173500	0.48	0.46	0.46	0	0	0.48
173600	0.48	0.46	0.46	0	0	0.48
173700	0.48	0.46	0.46	0	0	0.48
173800	0.48	0.46	0.46	0	0	0.48
173900	0.48	0.46	0.46	0	0	0.48
174000	0.48	0.46	0.46	0	0	0.48
174100	0.48	0.46	0.46	0	0	0.48
174200	0.48	0.46	0.46	0	0	0.48
174300	0.48	0.46	0.46	0	0	0.48
174400	0.48	0.46	0.46	0	0	0.48
174500	0.48	0.46	0.46	0	0	0.48
174600	0.48	0.46	0.46	0	0	0.48
174700	0.48	0.46	0.46	0	0	0.48
174800	0.48	0.46	0.46	0	0	0.48
174900	0.48	0.46	0.46	0	0	0.48
175000	0.48	0.46	0.46	0	0	0.48
175100	0.49	0.46	0.46	0	0	0.49
175200	0.48	0.46	0.46	0	0	0.48
175300	0.48	0.46	0.46	0	0	0.48
175400	0.48	0.46	0.46	0	0	0.48
175500	0.48	0.46	0.46	0	0	0.48
175600	0.48	0.46	0.46	0	0	0.48
175700	0.48	0.46	0.46	0	0	0.48
175800	0.48	0.46	0.46	0	0	0.48
175900	0.48	0.46	0.46	0	0	0.48
176000	0.48	0.46	0.46	0	0	0.48
176100	0.48	0.46	0.46	0	0	0.48
176200	0.48	0.46	0.46	0	0	0.48
176300	0.48	0.46	0.46	0	0	0.48
176400	0.48	0.46	0.46	0	0	0.48
176500	0.48	0.46	0.46	0	0	0.48
176600	0.48	0.46	0.46	0	0	0.48
176700	0.48	0.46	0.46	0	0	0.48
176800	0.48	0.46	0.46	0	0	0.48
176900	0.48	0.46	0.46	0	0	0.48
177000	0.48	0.46	0.46	0	0	0.48
177100	0.48	0.46	0.46	0	0	0.48
177200	0.48	0.46	0.46	0	0	0.48
177300	0.48	0.46	0.46	0	0	0.48
177400	0.48	0.46	0.46	0	0	0.48
177500	0.48	0.46	0.46	0	0	0.48
177600	0.48	0.46	0.46	0	0	0.48
177700	0.48	0.46	0.46	0	0	0.48
177800	0.48	0.46	0.46	0	0	0.48
177900	0.48	0.46	0.46	0	0	0.48
178000	0.49	0.46	0.46	0	0	0.49
178100	0.48	0.46	0.46	0	0	0.48
178200	0.48	0.46	0.46	0	0	0.48
178300	0.48	0.46	0.46	0	0	0.48
178400	0.48	0.46	0.46	0	0	0.48
178500	0.48	0.46	0.46	0	0	0.48
178600	0.48	0.46	0.46	0	0	0.48
178700	0.48	0.46	0.46	0	0	0.48
178800	0.48	0.46	0.46	0	0	0.48
178900	0.48	0.46	0.46	0	0	0.48
179000	0.48	0.46	0.46	0	0	0.48
179100	0.48	0.46	0.46	0	0	0.48
179200	0.48	0.46	0.46	0	0	0.48
179300	0.48	0.46	0.46	0	0	0.48
179400	0.48	0.46	0.46	0	0	0.48
179500	0.48	0.46	0.46	0	0	0.48
179600	0.48	0.46	0.46	0	0	0.48
179700	0.48	0.46	0.46	0	0	0.48
179800	0.48	0.46	0.46	0	0	0.48
179900	0.48	0.46	0.46	0	0	0.48
180000	0.48	0.46	0.46	0	0	0.48
180100	0.48	0.46	0.46	0	0	0.48
180200	0.48	0.46	0.46	0	0	0.48
180300	0.48	0.46	0.46	0	0	0.48
180400	0.48	0.46	0.46	0	0	0.48
180500	0.48	0.46	0.46	0	0	0.48
180600	0.48	0.46	0.46	0	0	0.48
180700	0.48	0.46	0.46	0	0	0.48
180800	0.48	0.46	0.46	0	0	0.48
180900	0.48	0.46	0.46	0	0	0.48
181000	0.48	0.46	0.46	0	0	0.48
181100	0.48	0.46	0.46	0	0	0.48
181200	0.48	0.46	0.46	0	0	0.48
181300	0.48	0.46	0.46	0	0	0.48
181400	0.48	0.46	0.46	0	0	0.48
181500	0.48	0.46	0.46	0	0	0.48
181600	0.48	0.46	0.46	0	0	0.48
181700	0.47	0.46	0.46	0	0	0.47
181800	0.47	0.46	0.46	0	0	0.47
181900	0.47	0.46	0.46	0	0	0.47
182000	0.47	0.46	0.46	0	0	0.47
182100	0.47	0.46	0.46	0	0	0.47
182200	0.47	0.46	0.46	0	0	0.47
182300	0.47	0.46	0.46	0	0	0.47
182400	0.47	0.46	0.46	0	0	0.47
182500	0.47	0.46	0.46	0	0	0.47
182600	0.47	0.46	0.46	0	0	0.47
182700	0.47	0.46	0.46	0	0	0.47
182800	0.46	0.46	0.46	0	0	0.46
182900	0.46	0.46	0.46	0	0	0.46
183000	0.46	0.46	0.46	0	0	0.46
183100	0.46	0.46	0.46	0	0	0.46
183200	0.46	0.47	0.47	0	0	0.46
183300	0.46	0.47	0.47	0	0	0.46
183400	0.46	0.47	0.47	0	0	0.46
183500	0.46	0.47	0.47	0	0	0.46
183600	0.46	0.47	0.47	0	0	0.46
183700	0.46	0.47	0.47	0	0	0.46
183800	0.46	0.47	0.47	0	0	0.46
183900	0.46	0.47	0.47	0	0	0.46
184000	0.47	0.47	0.47	0	0	0.47
184100	0.47	0.47	0.47	0	0	0.47
184200	0.47	0.47	0.47	0	0	0.47
184300	0.47	0.47	0.47	0	0	0.47
184400	0.47	0.47	0.47	0	0	0.47
184500	0.47	0.47	0.47	0	0	0.47
184600	0.47	0.47	0.47	0	0	0.47
184700	0.47	0.47	0.47	0	0	0.47
184800	0.47	0.47	0.47	0	0	0.47
184900	0.47	0.47	0.47	0	0	0.47
185000	0.47	0.47	0.47	0	0	0.47
185100	0.47	0.47	0.47	0	0	0.47
185200	0.47	0.47	0.47	0	0	0.47
185300	0.47	0.47	0.47	0	0	0.47
185400	0.47	0.47	0.47	0	0	0.47
185500	0.47	0.47	0.47	0	0	0.47
185600	0.47	0.47	0.47	0	0	0.47
185700	0.47	0.47	0.47	0	0	0.47
185800	0.47	0.47	0.47	0	0	0.47
185900	0.47	0.47	0.47	0	0	0.47
186000	0.47	0.47	0.47	0	0	0.47
186100	0.47	0.47	0.47	0	0	0.47
186200	0.47	0.47	0.47	0	0	0.47
186300	0.47	0.47	0.47	0	0	0.47
186400	0.47	0.48	0.48	0	0	0.47
186500	0.47	0.48	0.48	0	0	0.47
186600	0.47	0.48	0.48	0	0	0.47
186700	0.47	0.48	0.48	0	0	0.47
186800	0.47	0.48	0.48	0	0	0.47
186900	0.47	0.48	0.48	0	0	0.47
187000	0.47	0.48	0.48	0	0	0.47
187100	0.47	0.47	0.47	0	0	0.47
187200	0.47	0.47	0.47	0	0	0.47
187300	0.47	0.47	0.47	0	0	0.47
187400	0.47	0.47	0.47	0	0	0.47
187500	0.47	0.47	0.47	0	0	0.47
187600	0.47	0.48	0.48	0	0	0.47
187700	0.47	0.47	0.47	0	0	0.47
187800	0.47	0.47	0.47	0	0	0.47
187900	0.46	0.47	0.47	0	0	0.46
188000	0.46	0.47	0.47	0	0	0.46
188100	0.46	0.47	0.47	0	0	0.46
188200	0.46	0.47	0.47	0	0	0.46
188300	0.46	0.47	0.47	0	0	0.46
188400	0.46	0.47	0.47	0	0	0.46
188500	0.46	0.47	0.47	0	0	0.46
188600	0.46	0.47	0.47	0	0	0.46
188700	0.46	0.47	0.47	0	0	0.46
188800	0.46	0.47	0.47	0	0	0.46
188900	0.46	0.47	0.47	0	0	0.46
189000	0.46	0.47	0.47	0	0	0.46
189100	0.47	0.47	0.47	0	0	0.47
189200	0.48	0.47	0.47	0	0	0.48
189300	0.48	0.47	0.47	0	0	0.48
189400	0.48	0.47	0.47	0	0	0.48
189500	0.48	0.47	0.47	0	0	0.48
189600	0.48	0.47	0.47	0	0	0.48
189700	0.48	0.47	0.47	0	0	0.48
189800	0.48	0.47	0.47	0	0	0.48
189900	0.48	0.47	0.47	0	0	0.48
190000	0.48	0.48	0.48	0	0	0.48
190100	0.48	0.48	0.48	0	0	0.48
190200	0.48	0.47	0.47	0	0	0.48
190300	0.48	0.47	0.47	0	0	0.48
190400	0.48	0.47	0.47	0	0	0.48
190500	0.48	0.47	0.47	0	0	0.48
190600	0.48	0.47	0.47	0	0	0.48
190700	0.48	0.47	0.47	0	0	0.48
190800	0.48	0.47	0.47	0	0	0.48
190900	0.48	0.48	0.48	0	0	0.48
191000	0.48	0.48	0.48	0	0	0.48
191100	0.48	0.48	0.48	0	0	0.48
191200	0.48	0.48	0.48	0	0	0.48
191300	0.48	0.48	0.48	0	0	0.48
191400	0.48	0.48	0.48	0	0	0.48
191500	0.48	0.48	0.48	0	0	0.48
191600	0.48	0.48	0.48	0	0	0.48
191700	0.48	0.48	0.48	0	0	0.48
191800	0.48	0.48	0.48	0	0	0.48
191900	0.48	0.48	0.48	0	0	0.48
192000	0.48	0.48	0.48	0	0	0.48
192100	0.48	0.48	0.48	0	0	0.48
192200	0.48	0.48	0.48	0	0	0.48
192300	0.48	0.48	0.48	0	0	0.48
192400	0.47	0.48	0.48	0	0	0.47
192500	0.47	0.48	0.48	0	0	0.47
192600	0.47	0.48	0.48	0	0	0.47
192700	0.47	0.48	0.48	0	0	0.47
192800	0.47	0.48	0.48	0	0	0.47
192900	0.47	0.48	0.48	0	0	0.47
193000	0.48	0.48	0.48	0	0	0.48
193100	0.48	0.48	0.48	0	0	0.48
193200	0.48	0.48	0.48	0	0	0.48
193300	0.48	0.48	0.48	0	0	0.48
193400	0.48	0.48	0.48	0	0	0.48
193500	0.48	0.48	0.48	0	0	0.48
193600	0.48	0.48	0.48	0	0	0.48
193700	0.48	0.48	0.48	0	0	0.48
193800	0.48	0.47	0.47	0	0	0.48
193900	0.48	0.46	0.46	0	0	0.48
194000	0.48	0.46	0.46	0	0	0.48
194100	0.47	0.46	0.46	0	0	0.47
194200	0.47	0.46	0.46	0	0	0.47
194300	0.46	0.46	0.46	0	0	0.46
194400	0.46	0.46	0.46	0	0	0.46
194500	0.46	0.46	0.46	0	0	0.46
194600	0.46	0.47	0.47	0	0	0.46
194700	0.46	0.47	0.47	0	0	0.46
194800	0.46	0.47	0.47	0	0	0.46
194900	0.46	0.48	0.48	0	0	0.46
195000	0.46	0.47	0.47	0	0	0.46
195100	0.46	0.47	0.47	0	0	0.46
195200	0.46	0.47	0.47	0	0	0.46
195300	0.46	0.47	0.47	0	0	0.46
195400	0.46	0.47	0.47	0	0	0.46
195500	0.46	0.47	0.47	0	0	0.46
195600	0.46	0.47	0.47	0	0	0.46
195700	0.46	0.47	0.47	0	0	0.46
195800	0.46	0.47	0.47	0	0	0.46
195900	0.46	0.47	0.47	0	0	0.46
196000	0.47	0.47	0.47	0	0	0.47
196100	0.47	0.47	0.47	0	0	0.47
196200	0.47	0.47	0.47	0	0	0.47
196300	0.47	0.47	0.47	0	0	0.47
196400	0.47	0.47	0.47	0	0	0.47
196500	0.47	0.47	0.47	0	0	0.47
196600	0.47	0.47	0.47	0	0	0.47
196700	0.47	0.47	0.47	0	0	0.47
196800	0.47	0.47	0.47	0	0	0.47
196900	0.47	0.47	0.47	0	0	0.47
197000	0.47	0.47	0.47	0	0	0.47
197100	0.47	0.47	0.47	0	0	0.47
197200	0.47	0.47	0.47	0	0	0.47
197300	0.47	0.48	0.48	0	0	0.47
197400	0.47	0.48	0.48	0	0	0.47
197500	0.48	0.48	0.48	0	0	0.48
197600	0.48	0.48	0.48	0	0	0.48
197700	0.48	0.48	0.48	0	0	0.48
197800	0.48	0.48	0.48	0	0	0.48
197900	0.48	0.48	0.48	0	0	0.48
198000	0.48	0.48	0.48	0	0	0.48
198100	0.48	0.48	0.48	0	0	0.48
198200	0.48	0.48	0.48	0	0	0.48
198300	0.48	0.48	0.48	0	0	0.48
198400	0.48	0.48	0.48	0	0	0.48
198500	0.48	0.48	0.48	0	0	0.48
198600	0.48	0.48	0.48	0	0	0.48
198700	0.48	0.48	0.48	0	0	0.48
198800	0.48	0.48	0.48	0	0	0.48
198900	0.48	0.48	0.48	0	0	0.48
199000	0.48	0.48	0.48	0	0	0.48
199100	0.48	0.48	0.48	0	0	0.48
199200	0.48	0.47	0.47	0	0	0.48
199300	0.48	0.46	0.46	0	0	0.48
199400	0.48	0.46	0.46	0	0	0.48
199500	0.48	0.46	0.46	0	0	0.48
199600	0.48	0.46	0.46	0	0	0.48
199700	0.48	0.46	0.46	0	0	0.48
199800	0.48	0.46	0.46	0	0	0.48
199900	0.48	0.46	0.46	0	0	0.48
200000	0.48	0.46	0.46	0	0	0.48
200100	0.48	0.46	0.46	0	0	0.48
200200	0.48	0.46	0.46	0	0	0.48
200300	0.48	0.46	0.46	0	0	0.48
200400	0.48	0.46	0.46	0	0	0.48
200500	0.48	0.46	0.46	0	0	0.48
200600	0.48	0.46	0.46	0	0	0.48
200700	0.48	0.46	0.46	0	0	0.48
200800	0.48	0.46	0.46	0	0	0.48
200900	0.48	0.46	0.46	0	0	0.48
201000	0.48	0.46	0.46	0	0	0.48
201100	0.48	0.46	0.46	0	0	0.48
201200	0.48	0.46	0.46	0	0	0.48
201300	0.48	0.46	0.46	0	0	0.48
201400	0.48	0.46	0.46	0	0	0.48
201500	0.48	0.46	0.46	0	0	0.48
201600	0.48	0.47	0.47	0	0	0.48
201700	0.48	0.46	0.46	0	0	0.48
201800	0.48	0.46	0.46	0	0	0.48
201900	0.48	0.46	0.46	0	0	0.48
202000	0.48	0.45	0.45	0	0	0.48
202100	0.48	0.45	0.45	0	0	0.48
202200	0.48	0.45	0.45	0	0	0.48
202300	0.48	0.45	0.45	0	0	0.48
202400	0.48	0.45	0.45	0	0	0.48
202500	0.48	0.45	0.45	0	0	0.48
202600	0.48	0.45	0.45	0	0	0.48
202700	0.48	0.45	0.45	0	0	0.48
202800	0.48	0.45	0.45	0	0	0.48
202900	0.48	0.46	0.46	0	0	0.48
203000	0.48	0.45	0.45	0	0	0.48
203100	0.48	0.45	0.45	0	0	0.48
203200	0.48	0.45	0.45	0	0	0.48
203300	0.48	0.45	0.45	0	0	0.48
203400	0.48	0.45	0.45	0	0	0.48
203500	0.48	0.45	0.45	0	0	0.48
203600	0.48	0.46	0.46	0	0	0.48
203700	0.48	0.46	0.46	0	0	0.48
203800	0.48	0.46	0.46	0	0	0.48
203900	0.48	0.46	0.46	0	0	0.48
204000	0.49	0.46	0.46	0	0	0.49
204100	0.49	0.46	0.46	0	0	0.49
204200	0.48	0.46	0.46	0	0	0.48
204300	0.48	0.46	0.46	0	0	0.48
204400	0.48	0.46	0.46	0	0	0.48
204500	0.48	0.46	0.46	0	0	0.48
204600	0.48	0.46	0.46	0	0	0.48
204700	0.48	0.46	0.46	0	0	0.48
204800	0.48	0.46	0.46	0	0	0.48
204900	0.48	0.46	0.46	0	0	0.48
205000	0.48	0.46	0.46	0	0	0.48
205100	0.48	0.46	0.46	0	0	0.48
205200	0.48	0.46	0.46	0	0	0.48
205300	0.48	0.46	0.46	0	0	0.48
205400	0.48	0.46	0.46	0	0	0.48
205500	0.48	0.46	0.46	0	0	0.48
205600	0.48	0.46	0.46	0	0	0.48
205700	0.48	0.46	0.46	0	0	0.48
205800	0.49	0.46	0.46	0	0	0.49
205900	0.49	0.46	0.46	0	0	0.49
206000	0.49	0.46	0.46	0	0	0.49
206100	0.49	0.46	0.46	0	0	0.49
206200	0.49	0.46	0.46	0	0	0.49
206300	0.49	0.46	0.46	0	0	0.49
206400	0.5	0.46	0.46	0	0	0.5
206500	0.49	0.46	0.46	0	0	0.49
206600	0.49	0.46	0.46	0	0	0.49
206700	0.49	0.46	0.46	0	0	0.49
206800	0.5	0.46	0.46	0	0	0.5
206900	0.5	0.46	0.46	0	0	0.5
207000	0.5	0.46	0.46	0	0	0.5
207100	0.5	0.46	0.46	0	0	0.5
207200	0.49	0.46	0.46	0	0	0.49
207300	0.49	0.46	0.46	0	0	0.49
207400	0.49	0.46	0.46	0	0	0.49
207500	0.49	0.46	0.46	0	0	0.49
207600	0.49	0.46	0.46	0	0	0.49
207700	0.49	0.46	0.46	0	0	0.49
207800	0.49	0.46	0.46	0	0	0.49
207900	0.49	0.46	0.46	0	0	0.49
208000	0.49	0.46	0.46	0	0	0.49
208100	0.49	0.46	0.46	0	0	0.49
208200	0.49	0.46	0.46	0	0	0.49
208300	0.49	0.46	0.46	0	0	0.49
208400	0.49	0.46	0.46	0	0	0.49
208500	0.5	0.46	0.46	0	0	0.5
208600	0.49	0.46	0.46	0	0	0.49
208700	0.49	0.46	0.46	0	0	0.49
208800	0.49	0.46	0.46	0	0	0.49
208900	0.49	0.46	0.46	0	0	0.49
209000	0.49	0.46	0.46	0	0	0.49
209100	0.49	0.46	0.46	0	0	0.49
209200	0.49	0.46	0.46	0	0	0.49
209300	0.49	0.46	0.46	0	0	0.49
209400	0.49	0.46	0.46	0	0	0.49
209500	0.49	0.46	0.46	0	0	0.49
209600	0.49	0.46	0.46	0	0	0.49
209700	0.49	0.46	0.46	0	0	0.49
209800	0.48	0.46	0.46	0	0	0.48
209900	0.47	0.46	0.46	0	0	0.47
210000	0.47	0.46	0.46	0	0	0.47
210100	0.47	0.46	0.46	0	0	0.47
210200	0.47	0.47	0.47	0	0	0.47
210300	0.46	0.46	0.46	0	0	0.46
210400	0.46	0.46	0.46	0	0	0.46
210500	0.46	0.46	0.46	0	0	0.46
210600	0.45	0.46	0.46	0	0	0.45
210700	0.45	0.46	0.46	0	0	0.45
210800	0.45	0.46	0.46	0	0	0.45
210900	0.43	0.46	0.46	0	0	0.43
211000	0.43	0.46	0.46	0	0	0.43
211100	0.42	0.46	0.46	0	0	0.42
211200	0.42	0.47	0.47	0	0	0.42
211300	0.42	0.47	0.47	0	0	0.42
211400	0.42	0.47	0.47	0	0	0.42
211500	0.42	0.47	0.47	0	0	0.42
211600	0.42	0.47	0.47	0	0	0.42
211700	0.41	0.47	0.47	0	0	0.41
211800	0.41	0.47	0.47	0	0	0.41
211900	0.41	0.47	0.47	0	0	0.41
212000	0.4	0.47	0.47	0	0	0.4
212100	0.4	0.48	0.48	0	0	0.4
212200	0.4	0.46	0.46	0	0	0.4
212300	0.4	0.45	0.45	0	0	0.4
212400	0.4	0.44	0.44	0	0	0.4
212500	0.4	0.43	0.43	0	0	0.4
212600	0.4	0.43	0.43	0	0	0.4
212700	0.4	0.43	0.43	0	0	0.4
212800	0.4	0.43	0.43	0	0	0.4
212900	0.4	0.43	0.43	0	0	0.4
213000	0.4	0.42	0.42	0	0	0.4
213100	0.4	0.42	0.42	0	0	0.4
213200	0.4	0.42	0.42	0	0	0.4
213300	0.4	0.42	0.42	0	0	0.4
213400	0.4	0.42	0.42	0	0	0.4
213500	0.4	0.42	0.42	0	0	0.4
213600	0.4	0.42	0.42	0	0	0.4
213700	0.4	0.42	0.42	0	0	0.4
213800	0.4	0.42	0.42	0	0	0.4
213900	0.41	0.42	0.42	0	0	0.41
214000	0.4	0.42	0.42	0	0	0.4
214100	0.4	0.42	0.42	0	0	0.4
214200	0.4	0.42	0.42	0	0	0.4
214300	0.41	0.42	0.42	0	0	0.41
214400	0.41	0.42	0.42	0	0	0.41
214500	0.41	0.42	0.42	0	0	0.41
214600	0.41	0.42	0.42	0	0	0.41
214700	0.41	0.42	0.42	0	0	0.41
214800	0.41	0.42	0.42	0	0	0.41
214900	0.41	0.43	0.43	0	0	0.41
215000	0.41	0.43	0.43	0	0	0.41
215100	0.41	0.43	0.43	0	0	0.41
215200	0.41	0.44	0.44	0	0	0.41
215300	0.41	0.44	0.44	0	0	0.41
215400	0.4	0.44	0.44	0	0	0.4
215500	0.4	0.44	0.44	0	0	0.4
215600	0.4	0.44	0.44	0	0	0.4
215700	0.4	0.44	0.44	0	0	0.4
215800	0.4	0.44	0.44	0	0	0.4
215900	0.4	0.44	0.44	0	0	0.4
216000	0.41	0.44	0.44	0	0	0.41
216100	0.41	0.44	0.44	0	0	0.41
216200	0.41	0.44	0.44	0	0	0.41
216300	0.42	0.44	0.44	0	0	0.42
216400	0.42	0.44	0.44	0	0	0.42
216500	0.42	0.44	0.44	0	0	0.42
216600	0.42	0.44	0.44	0	0	0.42
216700	0.42	0.44	0.44	0	0	0.42
216800	0.41	0.44	0.44	0	0	0.41
216900	0.42	0.44	0.44	0	0	0.42
217000	0.42	0.45	0.45	0	0	0.42
217100	0.42	0.45	0.45	0	0	0.42
217200	0.42	0.45	0.45	0	0	0.42
217300	0.41	0.45	0.45	0	0	0.41
217400	0.41	0.45	0.45	0	0	0.41
217500	0.41	0.45	0.45	0	0	0.41
217600	0.41	0.45	0.45	0	0	0.41
217700	0.41	0.45	0.45	0	0	0.41
217800	0.41	0.45	0.45	0	0	0.41
217900	0.42	0.45	0.45	0	0	0.42
218000	0.43	0.45	0.45	0	0	0.43
218100	0.43	0.45	0.45	0	0	0.43
218200	0.43	0.46	0.46	0	0	0.43
218300	0.44	0.46	0.46	0	0	0.44
218400	0.44	0.45	0.45	0	0	0.44
218500	0.44	0.45	0.45	0	0	0.44
218600	0.43	0.45	0.45	0	0	0.43
218700	0.43	0.45	0.45	0	0	0.43
218800	0.43	0.45	0.45	0	0	0.43
218900	0.43	0.45	0.45	0	0	0.43
219000	0.43	0.45	0.45	0	0	0.43
219100	0.43	0.45	0.45	0	0	0.43
219200	0.43	0.45	0.45	0	0	0.43
219300	0.43	0.45	0.45	0	0	0.43
219400	0.43	0.45	0.45	0	0	0.43
219500	0.43	0.45	0.45	0	0	0.43
219600	0.43	0.45	0.45	0	0	0.43
219700	0.43	0.45	0.45	0	0	0.43
219800	0.43	0.44	0.44	0	0	0.43
219900	0.43	0.44	0.44	0	0	0.43
220000	0.43	0.44	0.44	0	0	0.43
220100	0.43	0.44	0.44	0	0	0.43
220200	0.43	0.44	0.44	0	0	0.43
220300	0.43	0.44	0.44	0	0	0.43
220400	0.43	0.44	0.44	0	0	0.43
220500	0.42	0.44	0.44	0	0	0.42
220600	0.42	0.42	0.42	0	0	0.42
220700	0.42	0.42	0.42	0	0	0.42
220800	0.42	0.42	0.42	0	0	0.42
220900	0.43	0.42	0.42	0	0	0.43
221000	0.42	0.43	0.43	0	0	0.42
221100	0.42	0.42	0.42	0	0	0.42
221200	0.42	0.42	0.42	0	0	0.42
221300	0.42	0.42	0.42	0	0	0.42
221400	0.42	0.42	0.42	0	0	0.42
221500	0.42	0.42	0.42	0	0	0.42
221600	0.42	0.42	0.42	0	0	0.42
221700	0.42	0.42	0.42	0	0	0.42
221800	0.42	0.42	0.42	0	0	0.42
221900	0.42	0.42	0.42	0	0	0.42
222000	0.42	0.42	0.42	0	0	0.42
222100	0.42	0.42	0.42	0	0	0.42
222200	0.42	0.42	0.42	0	0	0.42
222300	0.42	0.42	0.42	0	0	0.42
222400	0.42	0.42	0.42	0	0	0.42
222500	0.42	0.42	0.42	0	0	0.42
222600	0.42	0.42	0.42	0	0	0.42
222700	0.42	0.42	0.42	0	0	0.42
222800	0.42	0.42	0.42	0	0	0.42
222900	0.42	0.42	0.42	0	0	0.42
223000	0.42	0.42	0.42	0	0	0.42
223100	0.42	0.42	0.42	0	0	0.42
223200	0.42	0.42	0.42	0	0	0.42
223300	0.42	0.42	0.42	0	0	0.42
223400	0.42	0.42	0.42	0	0	0.42
223500	0.42	0.42	0.42	0	0	0.42
223600	0.44	0.42	0.42	0	0	0.44
223700	0.43	0.43	0.43	0	0	0.43
223800	0.43	0.43	0.43	0	0	0.43
223900	0.43	0.42	0.42	0	0	0.43
224000	0.43	0.43	0.43	0	0	0.43
224100	0.43	0.43	0.43	0	0	0.43
224200	0.43	0.43	0.43	0	0	0.43
224300	0.43	0.43	0.43	0	0	0.43
224400	0.43	0.44	0.44	0	0	0.43
224500	0.43	0.44	0.44	0	0	0.43
224600	0.43	0.44	0.44	0	0	0.43
224700	0.43	0.44	0.44	0	0	0.43
224800	0.43	0.44	0.44	0	0	0.43
224900	0.43	0.44	0.44	0	0	0.43
225000	0.43	0.44	0.44	0	0	0.43
225100	0.44	0.45	0.45	0	0	0.44
225200	0.44	0.44	0.44	0	0	0.44
225300	0.44	0.44	0.44	0	0	0.44
225400	0.44	0.44	0.44	0	0	0.44
225500	0.44	0.44	0.44	0	0	0.44
225600	0.44	0.44	0.44	0	0	0.44
225700	0.44	0.44	0.44	0	0	0.44
225800	0.44	0.44	0.44	0	0	0.44
225900	0.44	0.44	0.44	0	0	0.44
226000	0.44	0.44	0.44	0	0	0.44
226100	0.44	0.44	0.44	0	0	0.44
226200	0.44	0.44	0.44	0	0	0.44
226300	0.44	0.44	0.44	0	0	0.44
226400	0.44	0.44	0.44	0	0	0.44
226500	0.44	0.44	0.44	0	0	0.44
226600	0.44	0.44	0.44	0	0	0.44
226700	0.44	0.44	0.44	0	0	0.44
226800	0.44	0.44	0.44	0	0	0.44
226900	0.44	0.44	0.44	0	0	0.44
227000	0.44	0.44	0.44	0	0	0.44
227100	0.44	0.44	0.44	0	0	0.44
227200	0.44	0.44	0.44	0	0	0.44
227300	0.44	0.44	0.44	0	0	0.44
227400	0.44	0.44	0.44	0	0	0.44
227500	0.44	0.44	0.44	0	0	0.44
227600	0.44	0.44	0.44	0	0	0.44
227700	0.44	0.45	0.45	0	0	0.44
227800	0.44	0.45	0.45	0	0	0.44
227900	0.44	0.45	0.45	0	0	0.44
228000	0.44	0.45	0.45	0	0	0.44
228100	0.44	0.45	0.45	0	0	0.44
228200	0.44	0.45	0.45	0	0	0.44
228300	0.44	0.45	0.45	0	0	0.44
228400	0.44	0.45	0.45	0	0	0.44
228500	0.45	0.45	0.45	0	0	0.45
228600	0.44	0.45	0.45	0	0	0.44
228700	0.44	0.45	0.45	0	0	0.44
228800	0.44	0.45	0.45	0	0	0.44
228900	0.44	0.45	0.45	0	0	0.44
229000	0.44	0.46	0.46	0	0	0.44
229100	0.44	0.46	0.46	0	0	0.44
229200	0.44	0.46	0.46	0	0	0.44
229300	0.44	0.45	0.45	0	0	0.44
229400	0.44	0.45	0.45	0	0	0.44
229500	0.44	0.45	0.45	0	0	0.44
229600	0.44	0.45	0.45	0	0	0.44
229700	0.44	0.45	0.45	0	0	0.44
229800	0.44	0.45	0.45	0	0	0.44
229900	0.44	0.44	0.44	0	0	0.44
230000	0.44	0.44	0.44	0	0	0.44
230100	0.44	0.44	0.44	0	0	0.44
230200	0.44	0.44	0.44	0	0	0.44
230300	0.44	0.44	0.44	0	0	0.44
230400	0.44	0.44	0.44	0	0	0.44
230500	0.44	0.44	0.44	0	0	0.44
230600	0.44	0.44	0.44	0	0	0.44
230700	0.44	0.44	0.44	0	0	0.44
230800	0.44	0.44	0.44	0	0	0.44
230900	0.44	0.44	0.44	0	0	0.44
231000	0.44	0.45	0.45	0	0	0.44
231100	0.44	0.44	0.44	0	0	0.44
231200	0.44	0.44	0.44	0	0	0.44
231300	0.44	0.44	0.44	0	0	0.44
231400	0.44	0.44	0.44	0	0	0.44
231500	0.44	0.44	0.44	0	0	0.44
231600	0.44	0.44	0.44	0	0	0.44
231700	0.45	0.43	0.43	0	0	0.45
231800	0.44	0.43	0.43	0	0	0.44
231900	0.44	0.43	0.43	0	0	0.44
232000	0.44	0.43	0.43	0	0	0.44
232100	0.44	0.44	0.44	0	0	0.44
232200	0.44	0.44	0.44	0	0	0.44
232300	0.44	0.44	0.44	0	0	0.44
232400	0.44	0.44	0.44	0	0	0.44
232500	0.44	0.44	0.44	0	0	0.44
232600	0.44	0.44	0.44	0	0	0.44
232700	0.44	0.44	0.44	0	0	0.44
232800	0.44	0.44	0.44	0	0	0.44
232900	0.44	0.44	0.44	0	0	0.44
233000	0.44	0.44	0.44	0	0	0.44
233100	0.44	0.44	0.44	0	0	0.44
233200	0.44	0.44	0.44	0	0	0.44
233300	0.44	0.44	0.44	0	0	0.44
233400	0.44	0.44	0.44	0	0	0.44
233500	0.44	0.44	0.44	0	0	0.44
233600	0.44	0.44	0.44	0	0	0.44
233700	0.44	0.44	0.44	0	0	0.44
233800	0.44	0.44	0.44	0	0	0.44
233900	0.44	0.44	0.44	0	0	0.44
234000	0.44	0.44	0.44	0	0	0.44
234100	0.45	0.44	0.44	0	0	0.45
234200	0.45	0.44	0.44	0	0	0.45
234300	0.45	0.44	0.44	0	0	0.45
234400	0.45	0.44	0.44	0	0	0.45
234500	0.45	0.44	0.44	0	0	0.45
234600	0.45	0.44	0.44	0	0	0.45
234700	0.45	0.44	0.44	0	0	0.45
234800	0.46	0.44	0.44	0	0	0.46
234900	0.45	0.44	0.44	0	0	0.45
235000	0.45	0.44	0.44	0	0	0.45
235100	0.45	0.44	0.44	0	0	0.45
235200	0.45	0.44	0.44	0	0	0.45
235300	0.45	0.44	0.44	0	0	0.45
235400	0.45	0.44	0.44	0	0	0.45
235500	0.45	0.44	0.44	0	0	0.45
235600	0.45	0.44	0.44	0	0	0.45
235700	0.45	0.44	0.44	0	0	0.45
235800	0.45	0.44	0.44	0	0	0.45
235900	0.45	0.44	0.44	0	0	0.45
236000	0.45	0.45	0.45	0	0	0.45
236100	0.45	0.45	0.45	0	0	0.45
236200	0.45	0.46	0.46	0	0	0.45
236300	0.45	0.46	0.46	0	0	0.45
236400	0.45	0.45	0.45	0	0	0.45
236500	0.45	0.46	0.46	0	0	0.45
236600	0.45	0.46	0.46	0	0	0.45
236700	0.45	0.46	0.46	0	0	0.45
236800	0.45	0.46	0.46	0	0	0.45
236900	0.45	0.46	0.46	0	0	0.45
237000	0.45	0.46	0.46	0	0	0.45
237100	0.45	0.46	0.46	0	0	0.45
237200	0.45	0.46	0.46	0	0	0.45
237300	0.45	0.47	0.47	0	0	0.45
237400	0.45	0.46	0.46	0	0	0.45
237500	0.45	0.46	0.46	0	0	0.45
237600	0.45	0.46	0.46	0	0	0.45
237700	0.45	0.46	0.46	0	0	0.45
237800	0.45	0.46	0.46	0	0	0.45
237900	0.45	0.46	0.46	0	0	0.45
238000	0.45	0.46	0.46	0	0	0.45
238100	0.45	0.46	0.46	0	0	0.45
238200	0.45	0.46	0.46	0	0	0.45
238300	0.45	0.46	0.46	0	0	0.45
238400	0.46	0.46	0.46	0	0	0.46
238500	0.46	0.46	0.46	0	0	0.46
238600	0.46	0.46	0.46	0	0	0.46
238700	0.47	0.46	0.46	0	0	0.47
238800	0.46	0.46	0.46	0	0	0.46
238900	0.45	0.45	0.45	0	0	0.45
239000	0.45	0.45	0.45	0	0	0.45
239100	0.45	0.46	0.46	0	0	0.45
239200	0.45	0.46	0.46	0	0	0.45
239300	0.45	0.46	0.46	0	0	0.45
239400	0.45	0.45	0.45	0	0	0.45
239500	0.45	0.45	0.45	0	0	0.45
239600	0.46	0.45	0.45	0	0	0.46
239700	0.46	0.45	0.45	0	0	0.46
239800	0.46	0.45	0.45	0	0	0.46
239900	0.46	0.45	0.45	0	0	0.46
240000	0.46	0.45	0.45	0	0	0.46
240100	0.46	0.45	0.45	0	0	0.46
240200	0.46	0.45	0.45	0	0	0.46
240300	0.46	0.45	0.45	0	0	0.46
240400	0.46	0.45	0.45	0	0	0.46
240500	0.46	0.45	0.45	0	0	0.46
240600	0.46	0.45	0.45	0	0	0.46
240700	0.46	0.45	0.45	0	0	0.46
240800	0.46	0.45	0.45	0	0	0.46
240900	0.46	0.45	0.45	0	0	0.46
241000	0.46	0.45	0.45	0	0	0.46
241100	0.46	0.45	0.45	0	0	0.46
241200	0.46	0.45	0.45	0	0	0.46
241300	0.46	0.45	0.45	0	0	0.46
241400	0.46	0.45	0.45	0	0	0.46
241500	0.46	0.45	0.45	0	0	0.46
241600	0.46	0.45	0.45	0	0	0.46
241700	0.46	0.45	0.45	0	0	0.46
241800	0.46	0.45	0.45	0	0	0.46
241900	0.46	0.45	0.45	0	0	0.46
242000	0.46	0.45	0.45	0	0	0.46
242100	0.46	0.45	0.45	0	0	0.46
242200	0.46	0.45	0.45	0	0	0.46
242300	0.46	0.45	0.45	0	0	0.46
242400	0.46	0.45	0.45	0	0	0.46
242500	0.46	0.45	0.45	0	0	0.46
242600	0.46	0.45	0.45	0	0	0.46
242700	0.46	0.45	0.45	0	0	0.46
242800	0.46	0.45	0.45	0	0	0.46
242900	0.46	0.45	0.45	0	0	0.46
243000	0.46	0.45	0.45	0	0	0.46
243100	0.46	0.45	0.45	0	0	0.46
243200	0.46	0.45	0.45	0	0	0.46
243300	0.46	0.45	0.45	0	0	0.46
243400	0.46	0.45	0.45	0	0	0.46
243500	0.46	0.45	0.45	0	0	0.46
243600	0.46	0.45	0.45	0	0	0.46
243700	0.46	0.45	0.45	0	0	0.46
243800	0.47	0.45	0.45	0	0	0.47
243900	0.47	0.45	0.45	0	0	0.47
244000	0.47	0.45	0.45	0	0	0.47
244100	0.47	0.45	0.45	0	0	0.47
244200	0.47	0.46	0.46	0	0	0.47
244300	0.47	0.46	0.46	0	0	0.47
244400	0.47	0.46	0.46	0	0	0.47
244500	0.47	0.46	0.46	0	0	0.47
244600	0.47	0.46	0.46	0	0	0.47
244700	0.47	0.46	0.46	0	0	0.47
244800	0.47	0.45	0.45	0	0	0.47
244900	0.47	0.45	0.45	0	0	0.47
245000	0.47	0.45	0.45	0	0	0.47
245100	0.47	0.45	0.45	0	0	0.47
245200	0.47	0.45	0.45	0	0	0.47
245300	0.47	0.45	0.45	0	0	0.47
245400	0.47	0.45	0.45	0	0	0.47
245500	0.47	0.45	0.45	0	0	0.47
245600	0.47	0.45	0.45	0	0	0.47
245700	0.47	0.45	0.45	0	0	0.47
245800	0.47	0.45	0.45	0	0	0.47
245900	0.47	0.45	0.45	0	0	0.47
246000	0.47	0.45	0.45	0	0	0.47
246100	0.47	0.45	0.45	0	0	0.47
246200	0.47	0.45	0.45	0	0	0.47
246300	0.47	0.45	0.45	0	0	0.47
246400	0.47	0.45	0.45	0	0	0.47
246500	0.47	0.45	0.45	0	0	0.47
246600	0.47	0.45	0.45	0	0	0.47
246700	0.47	0.46	0.46	0	0	0.47
246800	0.47	0.46	0.46	0	0	0.47
246900	0.48	0.45	0.45	0	0	0.48
247000	0.48	0.45	0.45	0	0	0.48
247100	0.48	0.46	0.46	0	0	0.48
247200	0.48	0.45	0.45	0	0	0.48
247300	0.48	0.45	0.45	0	0	0.48
247400	0.48	0.45	0.45	0	0	0.48
247500	0.49	0.45	0.45	0	0	0.49
247600	0.47	0.45	0.45	0	0	0.47
247700	0.47	0.45	0.45	0	0	0.47
247800	0.47	0.45	0.45	0	0	0.47
247900	0.47	0.46	0.46	0	0	0.47
248000	0.47	0.46	0.46	0	0	0.47
248100	0.47	0.46	0.46	0	0	0.47
248200	0.47	0.46	0.46	0	0	0.47
248300	0.47	0.46	0.46	0	0	0.47
248400	0.47	0.46	0.46	0	0	0.47
248500	0.47	0.46	0.46	0	0	0.47
248600	0.47	0.46	0.46	0	0	0.47
248700	0.47	0.46	0.46	0	0	0.47
248800	0.47	0.46	0.46	0	0	0.47
248900	0.47	0.46	0.46	0	0	0.47
249000	0.47	0.46	0.46	0	0	0.47
249100	0.47	0.46	0.46	0	0	0.47
249200	0.47	0.46	0.46	0	0	0.47
249300	0.47	0.46	0.46	0	0	0.47
249400	0.47	0.46	0.46	0	0	0.47
249500	0.47	0.46	0.46	0	0	0.47
249600	0.47	0.46	0.46	0	0	0.47
249700	0.47	0.46	0.46	0	0	0.47
249800	0.47	0.46	0.46	0	0	0.47
249900	0.47	0.46	0.46	0	0	0.47
250000	0.47	0.46	0.46	0	0	0.47
250100	0.48	0.46	0.46	0	0	0.48
250200	0.48	0.46	0.46	0	0	0.48
250300	0.48	0.46	0.46	0	0	0.48
250400	0.48	0.46	0.46	0	0	0.48
250500	0.48	0.45	0.45	0	0	0.48
250600	0.48	0.45	0.45	0	0	0.48
250700	0.48	0.45	0.45	0	0	0.48
250800	0.48	0.45	0.45	0	0	0.48
250900	0.48	0.45	0.45	0	0	0.48
251000	0.48	0.45	0.45	0	0	0.48
251100	0.48	0.45	0.45	0	0	0.48
251200	0.48	0.45	0.45	0	0	0.48
251300	0.48	0.45	0.45	0	0	0.48
251400	0.48	0.45	0.45	0	0	0.48
251500	0.48	0.45	0.45	0	0	0.48
251600	0.48	0.45	0.45	0	0	0.48
251700	0.48	0.45	0.45	0	0	0.48
251800	0.48	0.45	0.45	0	0	0.48
251900	0.48	0.45	0.45	0	0	0.48
252000	0.48	0.45	0.45	0	0	0.48
252100	0.48	0.45	0.45	0	0	0.48
252200	0.48	0.45	0.45	0	0	0.48
252300	0.48	0.45	0.45	0	0	0.48
252400	0.48	0.45	0.45	0	0	0.48
252500	0.48	0.46	0.46	0	0	0.48
252600	0.48	0.46	0.46	0	0	0.48
252700	0.48	0.46	0.46	0	0	0.48
252800	0.48	0.46	0.46	0	0	0.48
252900	0.47	0.46	0.46	0	0	0.47
253000	0.47	0.46	0.46	0	0	0.47
253100	0.47	0.46	0.46	0	0	0.47
253200	0.47	0.46	0.46	0	0	0.47
253300	0.47	0.46	0.46	0	0	0.47
253400	0.47	0.46	0.46	0	0	0.47
253500	0.47	0.46	0.46	0	0	0.47
253600	0.47	0.46	0.46	0	0	0.47
253700	0.47	0.46	0.46	0	0	0.47
253800	0.47	0.46	0.46	0	0	0.47
253900	0.47	0.46	0.46	0	0	0.47
254000	0.47	0.46	0.46	0	0	0.47
254100	0.47	0.46	0.46	0	0	0.47
254200	0.47	0.46	0.46	0	0	0.47
254300	0.47	0.46	0.46	0	0	0.47
254400	0.47	0.46	0.46	0	0	0.47
254500	0.48	0.46	0.46	0	0	0.48
254600	0.48	0.46	0.46	0	0	0.48
254700	0.48	0.46	0.46	0	0	0.48
254800	0.48	0.46	0.46	0	0	0.48
254900	0.48	0.46	0.46	0	0	0.48
255000	0.48	0.46	0.46	0	0	0.48
255100	0.48	0.46	0.46	0	0	0.48
255200	0.48	0.46	0.46	0	0	0.48
255300	0.48	0.46	0.46	0	0	0.48
255400	0.48	0.46	0.46	0	0	0.48
255500	0.48	0.46	0.46	0	0	0.48
255600	0.48	0.46	0.46	0	0	0.48
255700	0.48	0.46	0.46	0	0	0.48
255800	0.48	0.46	0.46	0	0	0.48
255900	0.48	0.46	0.46	0	0	0.48
256000	0.48	0.46	0.46	0	0	0.48
256100	0.48	0.46	0.46	0	0	0.48
256200	0.48	0.46	0.46	0	0	0.48
256300	0.48	0.46	0.46	0	0	0.48
256400	0.48	0.46	0.46	0	0	0.48
256500	0.48	0.46	0.46	0	0	0.48
256600	0.48	0.46	0.46	0	0	0.48
256700	0.48	0.46	0.46	0	0	0.48
256800	0.48	0.46	0.46	0	0	0.48
256900	0.48	0.46	0.46	0	0	0.48
257000	0.48	0.46	0.46	0	0	0.48
257100	0.48	0.46	0.46	0	0	0.48
257200	0.48	0.46	0.46	0	0	0.48
257300	0.48	0.46	0.46	0	0	0.48
257400	0.48	0.46	0.46	0	0	0.48
257500	0.48	0.46	0.46	0	0	0.48
257600	0.48	0.46	0.46	0	0	0.48
257700	0.48	0.46	0.46	0	0	0.48
257800	0.48	0.46	0.46	0	0	0.48
257900	0.48	0.46	0.46	0	0	0.48
258000	0.48	0.46	0.46	0	0	0.48
258100	0.48	0.46	0.46	0	0	0.48
258200	0.48	0.46	0.46	0	0	0.48
258300	0.48	0.46	0.46	0	0	0.48
258400	0.48	0.46	0.46	0	0	0.48
258500	0.48	0.46	0.46	0	0	0.48
258600	0.48	0.46	0.46	0	0	0.48
258700	0.48	0.46	0.46	0	0	0.48
258800	0.48	0.46	0.46	0	0	0.48
258900	0.48	0.46	0.46	0	0	0.48
259000	0.48	0.46	0.46	0	0	0.48
259100	0.48	0.46	0.46	0	0	0.48
259200	0.48	0.46	0.46	0	0	0.48
259300	0.48	0.47	0.47	0	0	0.48
259400	0.48	0.47	0.47	0	0	0.48
259500	0.48	0.47	0.47	0	0	0.48
259600	0.48	0.47	0.47	0	0	0.48
259700	0.48	0.47	0.47	0	0	0.48
259800	0.48	0.47	0.47	0	0	0.48
259900	0.48	0.47	0.47	0	0	0.48
260000	0.48	0.47	0.47	0	0	0.48
260100	0.48	0.47	0.47	0	0	0.48
260200	0.48	0.47	0.47	0	0	0.48
260300	0.48	0.47	0.47	0	0	0.48
260400	0.49	0.47	0.47	0	0	0.49
260500	0.49	0.47	0.47	0	0	0.49
260600	0.49	0.47	0.47	0	0	0.49
260700	0.49	0.47	0.47	0	0	0.49
260800	0.49	0.48	0.48	0	0	0.49
260900	0.49	0.47	0.47	0	0	0.49
261000	0.49	0.47	0.47	0	0	0.49
261100	0.49	0.47	0.47	0	0	0.49
261200	0.49	0.47	0.47	0	0	0.49
261300	0.49	0.47	0.47	0	0	0.49
261400	0.48	0.47	0.47	0	0	0.48
261500	0.48	0.47	0.47	0	0	0.48
261600	0.48	0.47	0.47	0	0	0.48
261700	0.48	0.47	0.47	0	0	0.48
261800	0.48	0.47	0.47	0	0	0.48
261900	0.48	0.47	0.47	0	0	0.48
262000	0.48	0.47	0.47	0	0	0.48
262100	0.48	0.47	0.47	0	0	0.48
262200	0.48	0.47	0.47	0	0	0.48
262300	0.48	0.47	0.47	0	0	0.48
262400	0.48	0.47	0.47	0	0	0.48
262500	0.48	0.47	0.47	0	0	0.48
262600	0.48	0.47	0.47	0	0	0.48
262700	0.48	0.47	0.47	0	0	0.48
262800	0.48	0.47	0.47	0	0	0.48
262900	0.48	0.47	0.47	0	0	0.48
263000	0.48	0.47	0.47	0	0	0.48
263100	0.47	0.47	0.47	0	0	0.47
263200	0.46	0.47	0.47	0	0	0.46
263300	0.46	0.47	0.47	0	0	0.46
263400	0.47	0.47	0.47	0	0	0.47
263500	0.46	0.47	0.47	0	0	0.46
263600	0.46	0.47	0.47	0	0	0.46
263700	0.46	0.47	0.47	0	0	0.46
263800	0.46	0.47	0.47	0	0	0.46
263900	0.46	0.47	0.47	0	0	0.46
264000	0.46	0.47	0.47	0	0	0.46
264100	0.46	0.47	0.47	0	0	0.46
264200	0.46	0.47	0.47	0	0	0.46
264300	0.46	0.47	0.47	0	0	0.46
264400	0.46	0.47	0.47	0	0	0.46
264500	0.46	0.47	0.47	0	0	0.46
264600	0.46	0.47	0.47	0	0	0.46
264700	0.46	0.48	0.48	0	0	0.46
264800	0.46	0.48	0.48	0	0	0.46
264900	0.46	0.48	0.48	0	0	0.46
265000	0.46	0.49	0.49	0	0	0.46
265100	0.46	0.49	0.49	0	0	0.46
265200	0.46	0.49	0.49	0	0	0.46
265300	0.46	0.49	0.49	0	0	0.46
265400	0.46	0.49	0.49	0	0	0.46
265500	0.46	0.49	0.49	0	0	0.46
265600	0.46	0.49	0.49	0	0	0.46
265700	0.46	0.49	0.49	0	0	0.46
265800	0.47	0.49	0.49	0	0	0.47
265900	0.47	0.49	0.49	0	0	0.47
266000	0.47	0.49	0.49	0	0	0.47
266100	0.47	0.49	0.49	0	0	0.47
266200	0.48	0.49	0.49	0	0	0.48
266300	0.47	0.49	0.49	0	0	0.47
266400	0.46	0.49	0.49	0	0	0.46
266500	0.46	0.49	0.49	0	0	0.46
266600	0.46	0.49	0.49	0	0	0.46
266700	0.46	0.49	0.49	0	0	0.46
266800	0.46	0.49	0.49	0	0	0.46
266900	0.46	0.49	0.49	0	0	0.46
267000	0.46	0.49	0.49	0	0	0.46
267100	0.46	0.49	0.49	0	0	0.46
267200	0.46	0.49	0.49	0	0	0.46
267300	0.46	0.49	0.49	0	0	0.46
267400	0.46	0.49	0.49	0	0	0.46
267500	0.46	0.49	0.49	0	0	0.46
267600	0.46	0.49	0.49	0	0	0.46
267700	0.46	0.49	0.49	0	0	0.46
267800	0.46	0.49	0.49	0	0	0.46
267900	0.46	0.49	0.49	0	0	0.46
268000	0.46	0.49	0.49	0	0	0.46
268100	0.46	0.49	0.49	0	0	0.46
268200	0.46	0.49	0.49	0	0	0.46
268300	0.46	0.49	0.49	0	0	0.46
268400	0.46	0.49	0.49	0	0	0.46
268500	0.46	0.49	0.49	0	0	0.46
268600	0.46	0.49	0.49	0	0	0.46
268700	0.46	0.49	0.49	0	0	0.46
268800	0.46	0.49	0.49	0	0	0.46
268900	0.46	0.49	0.49	0	0	0.46
269000	0.46	0.49	0.49	0	0	0.46
269100	0.46	0.49	0.49	0	0	0.46
269200	0.46	0.49	0.49	0	0	0.46
269300	0.46	0.49	0.49	0	0	0.46
269400	0.46	0.49	0.49	0	0	0.46
269500	0.46	0.49	0.49	0	0	0.46
269600	0.46	0.49	0.49	0	0	0.46
269700	0.46	0.49	0.49	0	0	0.46
269800	0.46	0.49	0.49	0	0	0.46
269900	0.46	0.49	0.49	0	0	0.46
270000	0.46	0.49	0.49	0	0	0.46
270100	0.46	0.49	0.49	0	0	0.46
270200	0.46	0.49	0.49	0	0	0.46
270300	0.46	0.49	0.49	0	0	0.46
270400	0.46	0.49	0.49	0	0	0.46
270500	0.46	0.49	0.49	0	0	0.46
270600	0.46	0.49	0.49	0	0	0.46
270700	0.46	0.49	0.49	0	0	0.46
270800	0.46	0.49	0.49	0	0	0.46
270900	0.46	0.49	0.49	0	0	0.46
271000	0.46	0.49	0.49	0	0	0.46
271100	0.46	0.49	0.49	0	0	0.46
271200	0.46	0.49	0.49	0	0	0.46
271300	0.46	0.49	0.49	0	0	0.46
271400	0.46	0.49	0.49	0	0	0.46
271500	0.46	0.49	0.49	0	0	0.46
271600	0.46	0.49	0.49	0	0	0.46
271700	0.46	0.49	0.49	0	0	0.46
271800	0.46	0.49	0.49	0	0	0.46
271900	0.46	0.49	0.49	0	0	0.46
272000	0.46	0.49	0.49	0	0	0.46
272100	0.46	0.49	0.49	0	0	0.46
272200	0.46	0.49	0.49	0	0	0.46
272300	0.46	0.49	0.49	0	0	0.46
272400	0.46	0.49	0.49	0	0	0.46
272500	0.46	0.49	0.49	0	0	0.46
272600	0.46	0.49	0.49	0	0	0.46
272700	0.46	0.49	0.49	0	0	0.46
272800	0.46	0.49	0.49	0	0	0.46
272900	0.46	0.49	0.49	0	0	0.46
273000	0.46	0.49	0.49	0	0	0.46
273100	0.46	0.49	0.49	0	0	0.46
273200	0.46	0.49	0.49	0	0	0.46
273300	0.46	0.49	0.49	0	0	0.46
273400	0.46	0.49	0.49	0	0	0.46
273500	0.46	0.49	0.49	0	0	0.46
273600	0.46	0.49	0.49	0	0	0.46
273700	0.46	0.49	0.49	0	0	0.46
273800	0.46	0.49	0.49	0	0	0.46
273900	0.46	0.49	0.49	0	0	0.46
274000	0.46	0.49	0.49	0	0	0.46
274100	0.46	0.49	0.49	0	0	0.46
274200	0.46	0.49	0.49	0	0	0.46
274300	0.46	0.49	0.49	0	0	0.46
274400	0.46	0.49	0.49	0	0	0.46
274500	0.46	0.49	0.49	0	0	0.46
274600	0.46	0.49	0.49	0	0	0.46
274700	0.46	0.49	0.49	0	0	0.46
274800	0.46	0.49	0.49	0	0	0.46
274900	0.46	0.49	0.49	0	0	0.46
275000	0.46	0.49	0.49	0	0	0.46
275100	0.46	0.49	0.49	0	0	0.46
275200	0.46	0.49	0.49	0	0	0.46
275300	0.46	0.49	0.49	0	0	0.46
275400	0.46	0.49	0.49	0	0	0.46
275500	0.46	0.49	0.49	0	0	0.46
275600	0.46	0.49	0.49	0	0	0.46
275700	0.46	0.49	0.49	0	0	0.46
275800	0.46	0.49	0.49	0	0	0.46
275900	0.46	0.49	0.49	0	0	0.46
276000	0.46	0.49	0.49	0	0	0.46
276100	0.46	0.49	0.49	0	0	0.46
276200	0.46	0.49	0.49	0	0	0.46
276300	0.46	0.49	0.49	0	0	0.46
276400	0.46	0.49	0.49	0	0	0.46
276500	0.46	0.49	0.49	0	0	0.46
276600	0.46	0.49	0.49	0	0	0.46
276700	0.46	0.49	0.49	0	0	0.46
276800	0.46	0.49	0.49	0	0	0.46
276900	0.46	0.49	0.49	0	0	0.46
277000	0.46	0.49	0.49	0	0	0.46
277100	0.46	0.49	0.49	0	0	0.46
277200	0.46	0.49	0.49	0	0	0.46
277300	0.46	0.49	0.49	0	0	0.46
277400	0.46	0.49	0.49	0	0	0.46
277500	0.46	0.49	0.49	0	0	0.46
277600	0.46	0.49	0.49	0	0	0.46
277700	0.46	0.49	0.49	0	0	0.46
277800	0.46	0.49	0.49	0	0	0.46
277900	0.46	0.49	0.49	0	0	0.46
278000	0.46	0.49	0.49	0	0	0.46
278100	0.46	0.49	0.49	0	0	0.46
278200	0.46	0.49	0.49	0	0	0.46
278300	0.46	0.49	0.49	0	0	0.46
278400	0.46	0.49	0.49	0	0	0.46
278500	0.46	0.49	0.49	0	0	0.46
278600	0.46	0.49	0.49	0	0	0.46
278700	0.46	0.49	0.49	0	0	0.46
278800	0.46	0.48	0.48	0	0	0.46
278900	0.46	0.48	0.48	0	0	0.46
279000	0.46	0.48	0.48	0	0	0.46
279100	0.46	0.48	0.48	0	0	0.46
279200	0.46	0.48	0.48	0	0	0.46
279300	0.46	0.48	0.48	0	0	0.46
279400	0.46	0.48	0.48	0	0	0.46
279500	0.46	0.48	0.48	0	0	0.46
279600	0.46	0.48	0.48	0	0	0.46
279700	0.46	0.48	0.48	0	0	0.46
279800	0.46	0.48	0.48	0	0	0.46
279900	0.46	0.48	0.48	0	0	0.46
280000	0.46	0.48	0.48	0	0	0.46
280100	0.46	0.48	0.48	0	0	0.46
280200	0.47	0.48	0.48	0	0	0.47
280300	0.47	0.48	0.48	0	0	0.47
280400	0.47	0.48	0.48	0	0	0.47
280500	0.47	0.48	0.48	0	0	0.47
280600	0.47	0.48	0.48	0	0	0.47
280700	0.47	0.48	0.48	0	0	0.47
280800	0.47	0.48	0.48	0	0	0.47
280900	0.47	0.48	0.48	0	0	0.47
281000	0.47	0.48	0.48	0	0	0.47
281100	0.47	0.48	0.48	0	0	0.47
281200	0.47	0.48	0.48	0	0	0.47
281300	0.47	0.48	0.48	0	0	0.47
281400	0.47	0.48	0.48	0	0	0.47
281500	0.47	0.48	0.48	0	0	0.47
281600	0.47	0.48	0.48	0	0	0.47
281700	0.47	0.48	0.48	0	0	0.47
281800	0.47	0.48	0.48	0	0	0.47
281900	0.47	0.48	0.48	0	0	0.47
282000	0.47	0.48	0.48	0	0	0.47
282100	0.47	0.48	0.48	0	0	0.47
282200	0.47	0.48	0.48	0	0	0.47
282300	0.47	0.48	0.48	0	0	0.47
282400	0.47	0.48	0.48	0	0	0.47
282500	0.47	0.48	0.48	0	0	0.47
282600	0.47	0.48	0.48	0	0	0.47
282700	0.47	0.48	0.48	0	0	0.47
282800	0.47	0.48	0.48	0	0	0.47
282900	0.47	0.48	0.48	0	0	0.47
283000	0.47	0.48	0.48	0	0	0.47
283100	0.47	0.48	0.48	0	0	0.47
283200	0.47	0.48	0.48	0	0	0.47
283300	0.47	0.48	0.48	0	0	0.47
283400	0.47	0.48	0.48	0	0	0.47
283500	0.47	0.48	0.48	0	0	0.47
283600	0.47	0.48	0.48	0	0	0.47
283700	0.47	0.48	0.48	0	0	0.47
283800	0.47	0.48	0.48	0	0	0.47
283900	0.47	0.48	0.48	0	0	0.47
284000	0.47	0.48	0.48	0	0	0.47
284100	0.47	0.48	0.48	0	0	0.47
284200	0.47	0.48	0.48	0	0	0.47
284300	0.47	0.48	0.48	0	0	0.47
284400	0.47	0.48	0.48	0	0	0.47
284500	0.47	0.48	0.48	0	0	0.47
284600	0.47	0.48	0.48	0	0	0.47
284700	0.47	0.48	0.48	0	0	0.47
284800	0.47	0.47	0.47	0	0	0.47
284900	0.47	0.47	0.47	0	0	0.47
285000	0.47	0.47	0.47	0	0	0.47
285100	0.47	0.47	0.47	0	0	0.47
285200	0.47	0.47	0.47	0	0	0.47
285300	0.47	0.47	0.47	0	0	0.47
285400	0.47	0.47	0.47	0	0	0.47
285500	0.47	0.47	0.47	0	0	0.47
285600	0.47	0.47	0.47	0	0	0.47
285700	0.47	0.47	0.47	0	0	0.47
285800	0.47	0.47	0.47	0	0	0.47
285900	0.47	0.47	0.47	0	0	0.47
286000	0.47	0.47	0.47	0	0	0.47
286100	0.47	0.47	0.47	0	0	0.47
286200	0.47	0.47	0.47	0	0	0.47
286300	0.47	0.47	0.47	0	0	0.47
286400	0.47	0.47	0.47	0	0	0.47
286500	0.47	0.47	0.47	0	0	0.47
286600	0.47	0.47	0.47	0	0	0.47
286700	0.47	0.47	0.47	0	0	0.47
286800	0.47	0.47	0.47	0	0	0.47
286900	0.47	0.47	0.47	0	0	0.47
287000	0.47	0.47	0.47	0	0	0.47
287100	0.48	0.47	0.47	0	0	0.48
287200	0.48	0.47	0.47	0	0	0.48
287300	0.48	0.47	0.47	0	0	0.48
287400	0.48	0.47	0.47	0	0	0.48
287500	0.48	0.47	0.47	0	0	0.48
287600	0.48	0.47	0.47	0	0	0.48
287700	0.48	0.47	0.47	0	0	0.48
287800	0.48	0.47	0.47	0	0	0.48
287900	0.48	0.47	0.47	0	0	0.48
288000	0.48	0.47	0.47	0	0	0.48
288100	0.48	0.46	0.46	0	0	0.48
288200	0.48	0.46	0.46	0	0	0.48
288300	0.48	0.46	0.46	0	0	0.48
288400	0.47	0.46	0.46	0	0	0.47
288500	0.47	0.46	0.46	0	0	0.47
288600	0.47	0.46	0.46	0	0	0.47
288700	0.47	0.46	0.46	0	0	0.47
288800	0.47	0.46	0.46	0	0	0.47
288900	0.47	0.46	0.46	0	0	0.47
289000	0.47	0.46	0.46	0	0	0.47
289100	0.47	0.46	0.46	0	0	0.47
289200	0.47	0.46	0.46	0	0	0.47
289300	0.47	0.46	0.46	0	0	0.47
289400	0.47	0.46	0.46	0	0	0.47
289500	0.47	0.46	0.46	0	0	0.47
289600	0.47	0.46	0.46	0	0	0.47
289700	0.47	0.46	0.46	0	0	0.47
289800	0.47	0.46	0.46	0	0	0.47
289900	0.47	0.46	0.46	0	0	0.47
290000	0.47	0.46	0.46	0	0	0.47
290100	0.47	0.46	0.46	0	0	0.47
290200	0.47	0.46	0.46	0	0	0.47
290300	0.47	0.46	0.46	0	0	0.47
290400	0.47	0.46	0.46	0	0	0.47
290500	0.47	0.46	0.46	0	0	0.47
290600	0.47	0.46	0.46	0	0	0.47
290700	0.47	0.46	0.46	0	0	0.47
290800	0.47	0.46	0.46	0	0	0.47
290900	0.47	0.46	0.46	0	0	0.47
291000	0.47	0.46	0.46	0	0	0.47
291100	0.47	0.46	0.46	0	0	0.47
291200	0.47	0.46	0.46	0	0	0.47
291300	0.47	0.46	0.46	0	0	0.47
291400	0.47	0.46	0.46	0	0	0.47
291500	0.47	0.46	0.46	0	0	0.47
291600	0.47	0.46	0.46	0	0	0.47
291700	0.47	0.46	0.46	0	0	0.47
291800	0.47	0.46	0.46	0	0	0.47
291900	0.47	0.46	0.46	0	0	0.47
292000	0.47	0.46	0.46	0	0	0.47
292100	0.47	0.46	0.46	0	0	0.47
292200	0.47	0.46	0.46	0	0	0.47
292300	0.47	0.46	0.46	0	0	0.47
292400	0.47	0.46	0.46	0	0	0.47
292500	0.47	0.46	0.46	0	0	0.47
292600	0.47	0.46	0.46	0	0	0.47
292700	0.47	0.46	0.46	0	0	0.47
292800	0.47	0.46	0.46	0	0	0.47
292900	0.47	0.46	0.46	0	0	0.47
293000	0.47	0.46	0.46	0	0	0.47
293100	0.47	0.46	0.46	0	0	0.47
293200	0.47	0.46	0.46	0	0	0.47
293300	0.47	0.46	0.46	0	0	0.47
293400	0.47	0.46	0.46	0	0	0.47
293500	0.47	0.46	0.46	0	0	0.47
293600	0.47	0.46	0.46	0	0	0.47
293700	0.47	0.46	0.46	0	0	0.47
293800	0.47	0.46	0.46	0	0	0.47
293900	0.47	0.46	0.46	0	0	0.47
294000	0.47	0.46	0.46	0	0	0.47
294100	0.47	0.46	0.46	0	0	0.47
294200	0.47	0.46	0.46	0	0	0.47
294300	0.47	0.46	0.46	0	0	0.47
294400	0.47	0.46	0.46	0	0	0.47
294500	0.47	0.46	0.46	0	0	0.47
294600	0.47	0.46	0.46	0	0	0.47
294700	0.47	0.46	0.46	0	0	0.47
294800	0.47	0.46	0.46	0	0	0.47
294900	0.47	0.46	0.46	0	0	0.47
295000	0.47	0.46	0.46	0	0	0.47
295100	0.47	0.46	0.46	0	0	0.47
295200	0.47	0.46	0.46	0	0	0.47
295300	0.47	0.46	0.46	0	0	0.47
295400	0.47	0.46	0.46	0	0	0.47
295500	0.47	0.46	0.46	0	0	0.47
295600	0.47	0.46	0.46	0	0	0.47
295700	0.47	0.46	0.46	0	0	0.47
295800	0.47	0.46	0.46	0	0	0.47
295900	0.47	0.46	0.46	0	0	0.47
296000	0.47	0.46	0.46	0	0	0.47
296100	0.47	0.46	0.46	0	0	0.47
296200	0.47	0.46	0.46	0	0	0.47
296300	0.47	0.46	0.46	0	0	0.47
296400	0.47	0.46	0.46	0	0	0.47
296500	0.47	0.46	0.46	0	0	0.47
296600	0.47	0.46	0.46	0	0	0.47
296700	0.47	0.46	0.46	0	0	0.47
296800	0.47	0.46	0.46	0	0	0.47
296900	0.47	0.46	0.46	0	0	0.47
297000	0.47	0.46	0.46	0	0	0.47
297100	0.47	0.46	0.46	0	0	0.47
297200	0.47	0.46	0.46	0	0	0.47
297300	0.47	0.46	0.46	0	0	0.47
297400	0.47	0.46	0.46	0	0	0.47
297500	0.47	0.46	0.46	0	0	0.47
297600	0.47	0.46	0.46	0	0	0.47
297700	0.47	0.46	0.46	0	0	0.47
297800	0.47	0.46	0.46	0	0	0.47
297900	0.47	0.46	0.46	0	0	0.47
298000	0.47	0.46	0.46	0	0	0.47
298100	0.47	0.46	0.46	0	0	0.47
298200	0.47	0.46	0.46	0	0	0.47
298300	0.47	0.46	0.46	0	0	0.47
298400	0.47	0.46	0.46	0	0	0.47
298500	0.47	0.46	0.46	0	0	0.47
298600	0.47	0.46	0.46	0	0	0.47
298700	0.47	0.46	0.46	0	0	0.47
298800	0.47	0.46	0.46	0	0	0.47
298900	0.47	0.46	0.46	0	0	0.47
299000	0.47	0.46	0.46	0	0	0.47
299100	0.47	0.46	0.46	0	0	0.47
299200	0.47	0.46	0.46	0	0	0.47
299300	0.47	0.46	0.46	0	0	0.47
299400	0.47	0.46	0.46	0	0	0.47
299500	0.47	0.46	0.46	0	0	0.47
299600	0.47	0.46	0.46	0	0	0.47
299700	0.47	0.46	0.46	0	0	0.47
299800	0.47	0.46	0.46	0	0	0.47
299900	0.47	0.46	0.46	0	0	0.47
300000	0.47	0.46	0.46	0	0	0.47
