100	0.03	0.05	0.05	0	0	0.03
200	0.04	0.06	0.06	0	0	0.04
300	0.05	0.06	0.06	0	0	0.05
400	0.05	0.06	0.06	0	0	0.05
500	0.08	0.06	0.06	0	0	0.08
600	0.08	0.07	0.07	0	0	0.08
700	0.08	0.05	0.05	0	0	0.08
800	0.08	0.08	0.08	0	0	0.08
900	0.1	0.07	0.07	0	0	0.1
1000	0.1	0.07	0.07	0	0	0.1
1100	0.12	0.07	0.07	0	0	0.12
1200	0.11	0.11	0.11	0	0	0.11
1300	0.12	0.1	0.1	0	0	0.12
1400	0.1	0.12	0.12	0	0	0.1
1500	0.1	0.09	0.09	0	0	0.1
1600	0.13	0.09	0.09	0	0	0.13
1700	0.12	0.1	0.1	0	0	0.12
1800	0.15	0.1	0.1	0	0	0.15
1900	0.16	0.1	0.1	0	0	0.16
2000	0.15	0.11	0.11	0	0	0.15
2100	0.14	0.11	0.11	0	0	0.14
2200	0.13	0.1	0.1	0	0	0.13
2300	0.14	0.1	0.1	0	0	0.14
2400	0.12	0.1	0.1	0	0	0.12
2500	0.11	0.11	0.11	0	0	0.11
2600	0.11	0.11	0.11	0	0	0.11
2700	0.12	0.11	0.11	0	0	0.12
2800	0.12	0.12	0.12	0	0	0.12
2900	0.13	0.12	0.12	0	0	0.13
3000	0.12	0.13	0.13	0	0	0.12
3100	0.13	0.12	0.12	0	0	0.13
3200	0.13	0.12	0.12	0	0	0.13
3300	0.12	0.13	0.13	0	0	0.12
3400	0.12	0.12	0.12	0	0	0.12
3500	0.14	0.13	0.13	0	0	0.14
3600	0.14	0.14	0.14	0	0	0.14
3700	0.14	0.15	0.15	0	0	0.14
3800	0.15	0.14	0.14	0	0	0.15
3900	0.17	0.14	0.14	0	0	0.17
4000	0.17	0.14	0.14	0	0	0.17
4100	0.16	0.15	0.15	0	0	0.16
4200	0.16	0.14	0.14	0	0	0.16
4300	0.16	0.15	0.15	0	0	0.16
4400	0.16	0.15	0.15	0	0	0.16
4500	0.15	0.15	0.15	0	0	0.15
4600	0.16	0.17	0.17	0	0	0.16
4700	0.16	0.17	0.17	0	0	0.16
4800	0.18	0.18	0.18	0	0	0.18
4900	0.18	0.18	0.18	0	0	0.18
5000	0.2	0.2	0.2	0	0	0.2
5100	0.21	0.22	0.22	0	0	0.21
5200	0.23	0.22	0.22	0	0	0.23
5300	0.24	0.21	0.21	0	0	0.24
5400	0.25	0.21	0.21	0	0	0.25
5500	0.25	0.22	0.22	0	0	0.25
5600	0.25	0.21	0.21	0	0	0.25
5700	0.25	0.21	0.21	0	0	0.25
5800	0.25	0.22	0.22	0	0	0.25
5900	0.25	0.22	0.22	0	0	0.25
6000	0.24	0.22	0.22	0	0	0.24
6100	0.25	0.23	0.23	0	0	0.25
6200	0.25	0.23	0.23	0	0	0.25
6300	0.25	0.25	0.25	0	0	0.25
6400	0.26	0.24	0.24	0	0	0.26
6500	0.26	0.24	0.24	0	0	0.26
6600	0.27	0.24	0.24	0	0	0.27
6700	0.29	0.25	0.25	0	0	0.29
6800	0.29	0.25	0.25	0	0	0.29
6900	0.29	0.24	0.24	0	0	0.29
7000	0.29	0.24	0.24	0	0	0.29
7100	0.28	0.24	0.24	0	0	0.28
7200	0.28	0.25	0.25	0	0	0.28
7300	0.28	0.25	0.25	0	0	0.28
7400	0.28	0.24	0.24	0	0	0.28
7500	0.28	0.25	0.25	0	0	0.28
7600	0.28	0.26	0.26	0	0	0.28
7700	0.29	0.28	0.28	0	0	0.29
7800	0.29	0.27	0.27	0	0	0.29
7900	0.3	0.27	0.27	0	0	0.3
8000	0.28	0.27	0.27	0	0	0.28
8100	0.27	0.27	0.27	0	0	0.27
8200	0.27	0.25	0.25	0	0	0.27
8300	0.27	0.25	0.25	0	0	0.27
8400	0.26	0.25	0.25	0	0	0.26
8500	0.28	0.25	0.25	0	0	0.28
8600	0.28	0.24	0.24	0	0	0.28
8700	0.28	0.24	0.24	0	0	0.28
8800	0.28	0.24	0.24	0	0	0.28
8900	0.28	0.24	0.24	0	0	0.28
9000	0.28	0.24	0.24	0	0	0.28
9100	0.28	0.25	0.25	0	0	0.28
9200	0.28	0.23	0.23	0	0	0.28
9300	0.28	0.23	0.23	0	0	0.28
9400	0.28	0.24	0.24	0	0	0.28
9500	0.27	0.23	0.23	0	0	0.27
9600	0.27	0.22	0.22	0	0	0.27
9700	0.27	0.23	0.23	0	0	0.27
9800	0.27	0.24	0.24	0	0	0.27
9900	0.27	0.23	0.23	0	0	0.27
10000	0.27	0.23	0.23	0	0	0.27
10100	0.27	0.24	0.24	0	0	0.27
10200	0.28	0.24	0.24	0	0	0.28
10300	0.29	0.24	0.24	0	0	0.29
10400	0.28	0.24	0.24	0	0	0.28
10500	0.28	0.23	0.23	0	0	0.28
10600	0.28	0.23	0.23	0	0	0.28
10700	0.28	0.23	0.23	0	0	0.28
10800	0.29	0.22	0.22	0	0	0.29
10900	0.29	0.22	0.22	0	0	0.29
11000	0.3	0.22	0.22	0	0	0.3
11100	0.3	0.22	0.22	0	0	0.3
11200	0.3	0.22	0.22	0	0	0.3
11300	0.3	0.2	0.2	0	0	0.3
11400	0.31	0.2	0.2	0	0	0.31
11500	0.32	0.2	0.2	0	0	0.32
11600	0.3	0.2	0.2	0	0	0.3
11700	0.29	0.2	0.2	0	0	0.29
11800	0.3	0.2	0.2	0	0	0.3
11900	0.31	0.2	0.2	0	0	0.31
12000	0.31	0.22	0.22	0	0	0.31
12100	0.31	0.22	0.22	0	0	0.31
12200	0.32	0.23	0.23	0	0	0.32
12300	0.32	0.24	0.24	0	0	0.32
12400	0.34	0.23	0.23	0	0	0.34
12500	0.34	0.24	0.24	0	0	0.34
12600	0.34	0.24	0.24	0	0	0.34
12700	0.34	0.23	0.23	0	0	0.34
12800	0.34	0.23	0.23	0	0	0.34
12900	0.34	0.23	0.23	0	0	0.34
13000	0.34	0.23	0.23	0	0	0.34
13100	0.35	0.23	0.23	0	0	0.35
13200	0.35	0.24	0.24	0	0	0.35
13300	0.36	0.25	0.25	0	0	0.36
13400	0.36	0.26	0.26	0	0	0.36
13500	0.36	0.27	0.27	0	0	0.36
13600	0.35	0.28	0.28	0	0	0.35
13700	0.35	0.28	0.28	0	0	0.35
13800	0.35	0.28	0.28	0	0	0.35
13900	0.35	0.28	0.28	0	0	0.35
14000	0.37	0.28	0.28	0	0	0.37
14100	0.36	0.28	0.28	0	0	0.36
14200	0.35	0.28	0.28	0	0	0.35
14300	0.35	0.28	0.28	0	0	0.35
14400	0.35	0.28	0.28	0	0	0.35
14500	0.35	0.29	0.29	0	0	0.35
14600	0.36	0.27	0.27	0	0	0.36
14700	0.37	0.27	0.27	0	0	0.37
14800	0.36	0.27	0.27	0	0	0.36
14900	0.36	0.27	0.27	0	0	0.36
15000	0.37	0.28	0.28	0	0	0.37
15100	0.38	0.28	0.28	0	0	0.38
15200	0.39	0.29	0.29	0	0	0.39
15300	0.37	0.29	0.29	0	0	0.37
15400	0.37	0.29	0.29	0	0	0.37
15500	0.37	0.29	0.29	0	0	0.37
15600	0.37	0.3	0.3	0	0	0.37
15700	0.37	0.31	0.31	0	0	0.37
15800	0.37	0.29	0.29	0	0	0.37
15900	0.37	0.28	0.28	0	0	0.37
16000	0.39	0.29	0.29	0	0	0.39
16100	0.39	0.28	0.28	0	0	0.39
16200	0.39	0.28	0.28	0	0	0.39
16300	0.4	0.27	0.27	0	0	0.4
16400	0.4	0.29	0.29	0	0	0.4
16500	0.4	0.29	0.29	0	0	0.4
16600	0.4	0.29	0.29	0	0	0.4
16700	0.4	0.29	0.29	0	0	0.4
16800	0.4	0.31	0.31	0	0	0.4
16900	0.4	0.31	0.31	0	0	0.4
17000	0.41	0.31	0.31	0	0	0.41
17100	0.41	0.31	0.31	0	0	0.41
17200	0.41	0.31	0.31	0	0	0.41
17300	0.41	0.31	0.31	0	0	0.41
17400	0.41	0.31	0.31	0	0	0.41
17500	0.41	0.32	0.32	0	0	0.41
17600	0.41	0.33	0.33	0	0	0.41
17700	0.41	0.32	0.32	0	0	0.41
17800	0.4	0.32	0.32	0	0	0.4
17900	0.41	0.32	0.32	0	0	0.41
18000	0.41	0.32	0.32	0	0	0.41
18100	0.41	0.32	0.32	0	0	0.41
18200	0.41	0.32	0.32	0	0	0.41
18300	0.42	0.32	0.32	0	0	0.42
18400	0.42	0.32	0.32	0	0	0.42
18500	0.42	0.32	0.32	0	0	0.42
18600	0.42	0.32	0.32	0	0	0.42
18700	0.42	0.32	0.32	0	0	0.42
18800	0.42	0.32	0.32	0	0	0.42
18900	0.42	0.33	0.33	0	0	0.42
19000	0.42	0.31	0.31	0	0	0.42
19100	0.42	0.31	0.31	0	0	0.42
19200	0.42	0.3	0.3	0	0	0.42
19300	0.42	0.32	0.32	0	0	0.42
19400	0.41	0.31	0.31	0	0	0.41
19500	0.41	0.32	0.32	0	0	0.41
19600	0.41	0.32	0.32	0	0	0.41
19700	0.41	0.33	0.33	0	0	0.41
19800	0.41	0.33	0.33	0	0	0.41
19900	0.42	0.34	0.34	0	0	0.42
20000	0.43	0.33	0.33	0	0	0.43
20100	0.41	0.32	0.32	0	0	0.41
20200	0.41	0.32	0.32	0	0	0.41
20300	0.41	0.32	0.32	0	0	0.41
20400	0.41	0.32	0.32	0	0	0.41
20500	0.42	0.32	0.32	0	0	0.42
20600	0.42	0.32	0.32	0	0	0.42
20700	0.42	0.32	0.32	0	0	0.42
20800	0.42	0.32	0.32	0	0	0.42
20900	0.43	0.32	0.32	0	0	0.43
21000	0.42	0.32	0.32	0	0	0.42
21100	0.42	0.33	0.33	0	0	0.42
21200	0.42	0.33	0.33	0	0	0.42
21300	0.42	0.33	0.33	0	0	0.42
21400	0.42	0.33	0.33	0	0	0.42
21500	0.42	0.34	0.34	0	0	0.42
21600	0.42	0.34	0.34	0	0	0.42
21700	0.42	0.34	0.34	0	0	0.42
21800	0.42	0.34	0.34	0	0	0.42
21900	0.42	0.34	0.34	0	0	0.42
22000	0.43	0.33	0.33	0	0	0.43
22100	0.43	0.33	0.33	0	0	0.43
22200	0.43	0.34	0.34	0	0	0.43
22300	0.43	0.35	0.35	0	0	0.43
22400	0.43	0.34	0.34	0	0	0.43
22500	0.43	0.34	0.34	0	0	0.43
22600	0.44	0.34	0.34	0	0	0.44
22700	0.44	0.35	0.35	0	0	0.44
22800	0.44	0.35	0.35	0	0	0.44
22900	0.44	0.34	0.34	0	0	0.44
23000	0.43	0.33	0.33	0	0	0.43
23100	0.43	0.34	0.34	0	0	0.43
23200	0.43	0.33	0.33	0	0	0.43
23300	0.44	0.33	0.33	0	0	0.44
23400	0.44	0.33	0.33	0	0	0.44
23500	0.44	0.32	0.32	0	0	0.44
23600	0.44	0.32	0.32	0	0	0.44
23700	0.44	0.32	0.32	0	0	0.44
23800	0.44	0.32	0.32	0	0	0.44
23900	0.44	0.33	0.33	0	0	0.44
24000	0.44	0.33	0.33	0	0	0.44
24100	0.44	0.34	0.34	0	0	0.44
24200	0.44	0.34	0.34	0	0	0.44
24300	0.44	0.34	0.34	0	0	0.44
24400	0.44	0.34	0.34	0	0	0.44
24500	0.44	0.34	0.34	0	0	0.44
24600	0.44	0.34	0.34	0	0	0.44
24700	0.44	0.34	0.34	0	0	0.44
24800	0.45	0.35	0.35	0	0	0.45
24900	0.44	0.35	0.35	0	0	0.44
25000	0.45	0.35	0.35	0	0	0.45
25100	0.45	0.36	0.36	0	0	0.45
25200	0.45	0.35	0.35	0	0	0.45
25300	0.45	0.35	0.35	0	0	0.45
25400	0.46	0.35	0.35	0	0	0.46
25500	0.46	0.35	0.35	0	0	0.46
25600	0.46	0.35	0.35	0	0	0.46
25700	0.46	0.35	0.35	0	0	0.46
25800	0.46	0.35	0.35	0	0	0.46
25900	0.46	0.35	0.35	0	0	0.46
26000	0.46	0.35	0.35	0	0	0.46
26100	0.46	0.35	0.35	0	0	0.46
26200	0.46	0.35	0.35	0	0	0.46
26300	0.46	0.35	0.35	0	0	0.46
26400	0.45	0.35	0.35	0	0	0.45
26500	0.45	0.34	0.34	0	0	0.45
26600	0.45	0.34	0.34	0	0	0.45
26700	0.45	0.34	0.34	0	0	0.45
26800	0.44	0.34	0.34	0	0	0.44
26900	0.44	0.34	0.34	0	0	0.44
27000	0.44	0.34	0.34	0	0	0.44
27100	0.44	0.34	0.34	0	0	0.44
27200	0.44	0.34	0.34	0	0	0.44
27300	0.44	0.35	0.35	0	0	0.44
27400	0.44	0.35	0.35	0	0	0.44
27500	0.45	0.36	0.36	0	0	0.45
27600	0.45	0.35	0.35	0	0	0.45
27700	0.45	0.35	0.35	0	0	0.45
27800	0.45	0.35	0.35	0	0	0.45
27900	0.45	0.35	0.35	0	0	0.45
28000	0.45	0.36	0.36	0	0	0.45
28100	0.45	0.37	0.37	0	0	0.45
28200	0.45	0.36	0.36	0	0	0.45
28300	0.45	0.36	0.36	0	0	0.45
28400	0.45	0.36	0.36	0	0	0.45
28500	0.45	0.36	0.36	0	0	0.45
28600	0.45	0.36	0.36	0	0	0.45
28700	0.45	0.36	0.36	0	0	0.45
28800	0.45	0.37	0.37	0	0	0.45
28900	0.46	0.37	0.37	0	0	0.46
29000	0.46	0.37	0.37	0	0	0.46
29100	0.46	0.37	0.37	0	0	0.46
29200	0.46	0.37	0.37	0	0	0.46
29300	0.46	0.39	0.39	0	0	0.46
29400	0.46	0.39	0.39	0	0	0.46
29500	0.46	0.39	0.39	0	0	0.46
29600	0.46	0.39	0.39	0	0	0.46
29700	0.46	0.4	0.4	0	0	0.46
29800	0.46	0.39	0.39	0	0	0.46
29900	0.47	0.4	0.4	0	0	0.47
30000	0.46	0.39	0.39	0	0	0.46
30100	0.46	0.39	0.39	0	0	0.46
30200	0.46	0.39	0.39	0	0	0.46
30300	0.46	0.39	0.39	0	0	0.46
30400	0.46	0.39	0.39	0	0	0.46
30500	0.46	0.39	0.39	0	0	0.46
30600	0.46	0.39	0.39	0	0	0.46
30700	0.46	0.39	0.39	0	0	0.46
30800	0.46	0.39	0.39	0	0	0.46
30900	0.47	0.39	0.39	0	0	0.47
31000	0.48	0.39	0.39	0	0	0.48
31100	0.48	0.39	0.39	0	0	0.48
31200	0.49	0.39	0.39	0	0	0.49
31300	0.49	0.39	0.39	0	0	0.49
31400	0.49	0.39	0.39	0	0	0.49
31500	0.49	0.39	0.39	0	0	0.49
31600	0.49	0.4	0.4	0	0	0.49
31700	0.49	0.4	0.4	0	0	0.49
31800	0.49	0.4	0.4	0	0	0.49
31900	0.49	0.4	0.4	0	0	0.49
32000	0.49	0.4	0.4	0	0	0.49
32100	0.49	0.4	0.4	0	0	0.49
32200	0.49	0.4	0.4	0	0	0.49
32300	0.49	0.4	0.4	0	0	0.49
32400	0.49	0.4	0.4	0	0	0.49
32500	0.49	0.4	0.4	0	0	0.49
32600	0.49	0.4	0.4	0	0	0.49
32700	0.49	0.4	0.4	0	0	0.49
32800	0.49	0.4	0.4	0	0	0.49
32900	0.49	0.4	0.4	0	0	0.49
33000	0.5	0.4	0.4	0	0	0.5
33100	0.51	0.4	0.4	0	0	0.51
33200	0.51	0.4	0.4	0	0	0.51
33300	0.52	0.4	0.4	0	0	0.52
33400	0.52	0.4	0.4	0	0	0.52
33500	0.52	0.41	0.41	0	0	0.52
33600	0.52	0.41	0.41	0	0	0.52
33700	0.52	0.4	0.4	0	0	0.52
33800	0.52	0.41	0.41	0	0	0.52
33900	0.51	0.41	0.41	0	0	0.51
34000	0.51	0.41	0.41	0	0	0.51
34100	0.51	0.41	0.41	0	0	0.51
34200	0.5	0.4	0.4	0	0	0.5
34300	0.5	0.4	0.4	0	0	0.5
34400	0.5	0.4	0.4	0	0	0.5
34500	0.5	0.4	0.4	0	0	0.5
34600	0.49	0.42	0.42	0	0	0.49
34700	0.5	0.41	0.41	0	0	0.5
34800	0.5	0.41	0.41	0	0	0.5
34900	0.5	0.41	0.41	0	0	0.5
35000	0.5	0.41	0.41	0	0	0.5
35100	0.5	0.41	0.41	0	0	0.5
35200	0.5	0.41	0.41	0	0	0.5
35300	0.5	0.41	0.41	0	0	0.5
35400	0.5	0.41	0.41	0	0	0.5
35500	0.49	0.41	0.41	0	0	0.49
35600	0.49	0.41	0.41	0	0	0.49
35700	0.49	0.41	0.41	0	0	0.49
35800	0.49	0.41	0.41	0	0	0.49
35900	0.49	0.41	0.41	0	0	0.49
36000	0.49	0.41	0.41	0	0	0.49
36100	0.49	0.41	0.41	0	0	0.49
36200	0.49	0.41	0.41	0	0	0.49
36300	0.49	0.41	0.41	0	0	0.49
36400	0.49	0.41	0.41	0	0	0.49
36500	0.49	0.41	0.41	0	0	0.49
36600	0.49	0.41	0.41	0	0	0.49
36700	0.49	0.41	0.41	0	0	0.49
36800	0.49	0.41	0.41	0	0	0.49
36900	0.5	0.41	0.41	0	0	0.5
37000	0.49	0.41	0.41	0	0	0.49
37100	0.49	0.41	0.41	0	0	0.49
37200	0.49	0.41	0.41	0	0	0.49
37300	0.49	0.42	0.42	0	0	0.49
37400	0.49	0.42	0.42	0	0	0.49
37500	0.49	0.41	0.41	0	0	0.49
37600	0.48	0.41	0.41	0	0	0.48
37700	0.48	0.41	0.41	0	0	0.48
37800	0.48	0.41	0.41	0	0	0.48
37900	0.48	0.41	0.41	0	0	0.48
38000	0.48	0.4	0.4	0	0	0.48
38100	0.49	0.4	0.4	0	0	0.49
38200	0.49	0.4	0.4	0	0	0.49
38300	0.49	0.41	0.41	0	0	0.49
38400	0.49	0.41	0.41	0	0	0.49
38500	0.49	0.42	0.42	0	0	0.49
38600	0.49	0.42	0.42	0	0	0.49
38700	0.49	0.42	0.42	0	0	0.49
38800	0.49	0.42	0.42	0	0	0.49
38900	0.49	0.42	0.42	0	0	0.49
39000	0.49	0.42	0.42	0	0	0.49
39100	0.49	0.42	0.42	0	0	0.49
39200	0.49	0.42	0.42	0	0	0.49
39300	0.49	0.42	0.42	0	0	0.49
39400	0.49	0.43	0.43	0	0	0.49
39500	0.49	0.43	0.43	0	0	0.49
39600	0.49	0.43	0.43	0	0	0.49
39700	0.49	0.43	0.43	0	0	0.49
39800	0.49	0.43	0.43	0	0	0.49
39900	0.49	0.43	0.43	0	0	0.49
40000	0.49	0.43	0.43	0	0	0.49
40100	0.49	0.43	0.43	0	0	0.49
40200	0.49	0.43	0.43	0	0	0.49
40300	0.49	0.43	0.43	0	0	0.49
40400	0.49	0.43	0.43	0	0	0.49
40500	0.49	0.43	0.43	0	0	0.49
40600	0.49	0.43	0.43	0	0	0.49
40700	0.49	0.43	0.43	0	0	0.49
40800	0.49	0.43	0.43	0	0	0.49
40900	0.49	0.43	0.43	0	0	0.49
41000	0.49	0.43	0.43	0	0	0.49
41100	0.49	0.43	0.43	0	0	0.49
41200	0.49	0.44	0.44	0	0	0.49
41300	0.49	0.44	0.44	0	0	0.49
41400	0.49	0.44	0.44	0	0	0.49
41500	0.49	0.44	0.44	0	0	0.49
41600	0.49	0.44	0.44	0	0	0.49
41700	0.49	0.44	0.44	0	0	0.49
41800	0.49	0.45	0.45	0	0	0.49
41900	0.49	0.45	0.45	0	0	0.49
42000	0.48	0.45	0.45	0	0	0.48
42100	0.48	0.45	0.45	0	0	0.48
42200	0.48	0.45	0.45	0	0	0.48
42300	0.48	0.45	0.45	0	0	0.48
42400	0.48	0.44	0.44	0	0	0.48
42500	0.48	0.44	0.44	0	0	0.48
42600	0.48	0.44	0.44	0	0	0.48
42700	0.48	0.44	0.44	0	0	0.48
42800	0.48	0.45	0.45	0	0	0.48
42900	0.48	0.45	0.45	0	0	0.48
43000	0.47	0.45	0.45	0	0	0.47
43100	0.47	0.45	0.45	0	0	0.47
43200	0.47	0.45	0.45	0	0	0.47
43300	0.47	0.45	0.45	0	0	0.47
43400	0.48	0.45	0.45	0	0	0.48
43500	0.48	0.45	0.45	0	0	0.48
43600	0.47	0.45	0.45	0	0	0.47
43700	0.47	0.45	0.45	0	0	0.47
43800	0.47	0.44	0.44	0	0	0.47
43900	0.47	0.44	0.44	0	0	0.47
44000	0.47	0.44	0.44	0	0	0.47
44100	0.47	0.44	0.44	0	0	0.47
44200	0.47	0.44	0.44	0	0	0.47
44300	0.47	0.44	0.44	0	0	0.47
44400	0.47	0.44	0.44	0	0	0.47
44500	0.47	0.45	0.45	0	0	0.47
44600	0.47	0.45	0.45	0	0	0.47
44700	0.47	0.45	0.45	0	0	0.47
44800	0.47	0.45	0.45	0	0	0.47
44900	0.47	0.45	0.45	0	0	0.47
45000	0.47	0.45	0.45	0	0	0.47
45100	0.47	0.45	0.45	0	0	0.47
45200	0.47	0.45	0.45	0	0	0.47
45300	0.47	0.45	0.45	0	0	0.47
45400	0.47	0.45	0.45	0	0	0.47
45500	0.47	0.45	0.45	0	0	0.47
45600	0.47	0.45	0.45	0	0	0.47
45700	0.47	0.45	0.45	0	0	0.47
45800	0.47	0.45	0.45	0	0	0.47
45900	0.47	0.45	0.45	0	0	0.47
46000	0.47	0.45	0.45	0	0	0.47
46100	0.47	0.45	0.45	0	0	0.47
46200	0.47	0.45	0.45	0	0	0.47
46300	0.47	0.45	0.45	0	0	0.47
46400	0.47	0.45	0.45	0	0	0.47
46500	0.47	0.45	0.45	0	0	0.47
46600	0.47	0.45	0.45	0	0	0.47
46700	0.47	0.45	0.45	0	0	0.47
46800	0.47	0.45	0.45	0	0	0.47
46900	0.47	0.45	0.45	0	0	0.47
47000	0.47	0.45	0.45	0	0	0.47
47100	0.47	0.45	0.45	0	0	0.47
47200	0.47	0.45	0.45	0	0	0.47
47300	0.47	0.45	0.45	0	0	0.47
47400	0.47	0.45	0.45	0	0	0.47
47500	0.47	0.45	0.45	0	0	0.47
47600	0.48	0.45	0.45	0	0	0.48
47700	0.47	0.45	0.45	0	0	0.47
47800	0.47	0.46	0.46	0	0	0.47
47900	0.47	0.46	0.46	0	0	0.47
48000	0.47	0.46	0.46	0	0	0.47
48100	0.47	0.46	0.46	0	0	0.47
48200	0.47	0.46	0.46	0	0	0.47
48300	0.47	0.46	0.46	0	0	0.47
48400	0.47	0.46	0.46	0	0	0.47
48500	0.47	0.46	0.46	0	0	0.47
48600	0.47	0.46	0.46	0	0	0.47
48700	0.47	0.46	0.46	0	0	0.47
48800	0.47	0.46	0.46	0	0	0.47
48900	0.47	0.46	0.46	0	0	0.47
49000	0.47	0.46	0.46	0	0	0.47
49100	0.47	0.46	0.46	0	0	0.47
49200	0.47	0.46	0.46	0	0	0.47
49300	0.47	0.46	0.46	0	0	0.47
49400	0.47	0.46	0.46	0	0	0.47
49500	0.47	0.46	0.46	0	0	0.47
49600	0.47	0.46	0.46	0	0	0.47
49700	0.47	0.46	0.46	0	0	0.47
49800	0.47	0.46	0.46	0	0	0.47
49900	0.47	0.46	0.46	0	0	0.47
50000	0.47	0.46	0.46	0	0	0.47
50100	0.47	0.46	0.46	0	0	0.47
50200	0.47	0.46	0.46	0	0	0.47
50300	0.47	0.46	0.46	0	0	0.47
50400	0.47	0.45	0.45	0	0	0.47
50500	0.47	0.45	0.45	0	0	0.47
50600	0.47	0.45	0.45	0	0	0.47
50700	0.47	0.45	0.45	0	0	0.47
50800	0.48	0.45	0.45	0	0	0.48
50900	0.47	0.45	0.45	0	0	0.47
51000	0.47	0.45	0.45	0	0	0.47
51100	0.47	0.45	0.45	0	0	0.47
51200	0.47	0.45	0.45	0	0	0.47
51300	0.47	0.45	0.45	0	0	0.47
51400	0.47	0.46	0.46	0	0	0.47
51500	0.47	0.46	0.46	0	0	0.47
51600	0.47	0.46	0.46	0	0	0.47
51700	0.47	0.46	0.46	0	0	0.47
51800	0.47	0.46	0.46	0	0	0.47
51900	0.47	0.46	0.46	0	0	0.47
52000	0.47	0.46	0.46	0	0	0.47
52100	0.48	0.46	0.46	0	0	0.48
52200	0.48	0.46	0.46	0	0	0.48
52300	0.48	0.46	0.46	0	0	0.48
52400	0.48	0.46	0.46	0	0	0.48
52500	0.48	0.46	0.46	0	0	0.48
52600	0.48	0.46	0.46	0	0	0.48
52700	0.47	0.46	0.46	0	0	0.47
52800	0.47	0.46	0.46	0	0	0.47
52900	0.47	0.46	0.46	0	0	0.47
53000	0.47	0.46	0.46	0	0	0.47
53100	0.47	0.46	0.46	0	0	0.47
53200	0.47	0.46	0.46	0	0	0.47
53300	0.46	0.47	0.47	0	0	0.46
53400	0.46	0.47	0.47	0	0	0.46
53500	0.46	0.47	0.47	0	0	0.46
53600	0.46	0.47	0.47	0	0	0.46
53700	0.46	0.47	0.47	0	0	0.46
53800	0.46	0.47	0.47	0	0	0.46
53900	0.46	0.47	0.47	0	0	0.46
54000	0.46	0.47	0.47	0	0	0.46
54100	0.47	0.47	0.47	0	0	0.47
54200	0.46	0.47	0.47	0	0	0.46
54300	0.46	0.47	0.47	0	0	0.46
54400	0.47	0.47	0.47	0	0	0.47
54500	0.47	0.47	0.47	0	0	0.47
54600	0.47	0.47	0.47	0	0	0.47
54700	0.47	0.47	0.47	0	0	0.47
54800	0.47	0.47	0.47	0	0	0.47
54900	0.47	0.47	0.47	0	0	0.47
55000	0.47	0.47	0.47	0	0	0.47
55100	0.47	0.47	0.47	0	0	0.47
55200	0.47	0.47	0.47	0	0	0.47
55300	0.47	0.47	0.47	0	0	0.47
55400	0.47	0.47	0.47	0	0	0.47
55500	0.47	0.46	0.46	0	0	0.47
55600	0.47	0.47	0.47	0	0	0.47
55700	0.47	0.47	0.47	0	0	0.47
55800	0.47	0.47	0.47	0	0	0.47
55900	0.47	0.47	0.47	0	0	0.47
56000	0.47	0.47	0.47	0	0	0.47
56100	0.47	0.47	0.47	0	0	0.47
56200	0.47	0.48	0.48	0	0	0.47
56300	0.47	0.48	0.48	0	0	0.47
56400	0.47	0.48	0.48	0	0	0.47
56500	0.47	0.48	0.48	0	0	0.47
56600	0.47	0.48	0.48	0	0	0.47
56700	0.47	0.48	0.48	0	0	0.47
56800	0.47	0.48	0.48	0	0	0.47
56900	0.47	0.48	0.48	0	0	0.47
57000	0.47	0.48	0.48	0	0	0.47
57100	0.47	0.49	0.49	0	0	0.47
57200	0.47	0.48	0.48	0	0	0.47
57300	0.47	0.48	0.48	0	0	0.47
57400	0.47	0.48	0.48	0	0	0.47
57500	0.47	0.48	0.48	0	0	0.47
57600	0.47	0.48	0.48	0	0	0.47
57700	0.47	0.48	0.48	0	0	0.47
57800	0.47	0.48	0.48	0	0	0.47
57900	0.47	0.48	0.48	0	0	0.47
58000	0.47	0.48	0.48	0	0	0.47
58100	0.47	0.48	0.48	0	0	0.47
58200	0.47	0.48	0.48	0	0	0.47
58300	0.47	0.48	0.48	0	0	0.47
58400	0.47	0.48	0.48	0	0	0.47
58500	0.47	0.48	0.48	0	0	0.47
58600	0.47	0.48	0.48	0	0	0.47
58700	0.47	0.47	0.47	0	0	0.47
58800	0.47	0.47	0.47	0	0	0.47
58900	0.47	0.47	0.47	0	0	0.47
59000	0.47	0.47	0.47	0	0	0.47
59100	0.47	0.47	0.47	0	0	0.47
59200	0.47	0.47	0.47	0	0	0.47
59300	0.47	0.47	0.47	0	0	0.47
59400	0.47	0.47	0.47	0	0	0.47
59500	0.47	0.47	0.47	0	0	0.47
59600	0.48	0.47	0.47	0	0	0.48
59700	0.48	0.47	0.47	0	0	0.48
59800	0.48	0.47	0.47	0	0	0.48
59900	0.48	0.47	0.47	0	0	0.48
60000	0.48	0.47	0.47	0	0	0.48
60100	0.48	0.47	0.47	0	0	0.48
60200	0.48	0.47	0.47	0	0	0.48
60300	0.48	0.47	0.47	0	0	0.48
60400	0.48	0.47	0.47	0	0	0.48
60500	0.48	0.47	0.47	0	0	0.48
60600	0.48	0.47	0.47	0	0	0.48
60700	0.48	0.47	0.47	0	0	0.48
60800	0.48	0.48	0.48	0	0	0.48
60900	0.48	0.48	0.48	0	0	0.48
61000	0.48	0.48	0.48	0	0	0.48
61100	0.48	0.48	0.48	0	0	0.48
61200	0.48	0.48	0.48	0	0	0.48
61300	0.48	0.48	0.48	0	0	0.48
61400	0.48	0.48	0.48	0	0	0.48
61500	0.48	0.48	0.48	0	0	0.48
61600	0.48	0.48	0.48	0	0	0.48
61700	0.48	0.48	0.48	0	0	0.48
61800	0.48	0.48	0.48	0	0	0.48
61900	0.48	0.48	0.48	0	0	0.48
62000	0.48	0.48	0.48	0	0	0.48
62100	0.48	0.48	0.48	0	0	0.48
62200	0.48	0.48	0.48	0	0	0.48
62300	0.49	0.48	0.48	0	0	0.49
62400	0.49	0.48	0.48	0	0	0.49
62500	0.49	0.48	0.48	0	0	0.49
62600	0.49	0.48	0.48	0	0	0.49
62700	0.49	0.49	0.49	0	0	0.49
62800	0.49	0.48	0.48	0	0	0.49
62900	0.49	0.48	0.48	0	0	0.49
63000	0.49	0.48	0.48	0	0	0.49
63100	0.49	0.48	0.48	0	0	0.49
63200	0.49	0.48	0.48	0	0	0.49
63300	0.49	0.48	0.48	0	0	0.49
63400	0.49	0.48	0.48	0	0	0.49
63500	0.49	0.48	0.48	0	0	0.49
63600	0.49	0.48	0.48	0	0	0.49
63700	0.49	0.48	0.48	0	0	0.49
63800	0.49	0.48	0.48	0	0	0.49
63900	0.49	0.49	0.49	0	0	0.49
64000	0.49	0.49	0.49	0	0	0.49
64100	0.49	0.49	0.49	0	0	0.49
64200	0.49	0.49	0.49	0	0	0.49
64300	0.49	0.49	0.49	0	0	0.49
64400	0.49	0.49	0.49	0	0	0.49
64500	0.49	0.49	0.49	0	0	0.49
64600	0.49	0.49	0.49	0	0	0.49
64700	0.49	0.49	0.49	0	0	0.49
64800	0.49	0.49	0.49	0	0	0.49
64900	0.49	0.49	0.49	0	0	0.49
65000	0.49	0.49	0.49	0	0	0.49
65100	0.49	0.49	0.49	0	0	0.49
65200	0.49	0.49	0.49	0	0	0.49
65300	0.49	0.49	0.49	0	0	0.49
65400	0.49	0.49	0.49	0	0	0.49
65500	0.49	0.49	0.49	0	0	0.49
65600	0.49	0.49	0.49	0	0	0.49
65700	0.49	0.49	0.49	0	0	0.49
65800	0.49	0.49	0.49	0	0	0.49
65900	0.49	0.49	0.49	0	0	0.49
66000	0.49	0.49	0.49	0	0	0.49
66100	0.49	0.49	0.49	0	0	0.49
66200	0.49	0.49	0.49	0	0	0.49
66300	0.49	0.49	0.49	0	0	0.49
66400	0.49	0.49	0.49	0	0	0.49
66500	0.49	0.49	0.49	0	0	0.49
66600	0.49	0.49	0.49	0	0	0.49
66700	0.49	0.49	0.49	0	0	0.49
66800	0.49	0.49	0.49	0	0	0.49
66900	0.49	0.49	0.49	0	0	0.49
67000	0.49	0.49	0.49	0	0	0.49
67100	0.49	0.49	0.49	0	0	0.49
67200	0.49	0.49	0.49	0	0	0.49
67300	0.49	0.49	0.49	0	0	0.49
67400	0.5	0.49	0.49	0	0	0.5
67500	0.5	0.49	0.49	0	0	0.5
67600	0.5	0.49	0.49	0	0	0.5
67700	0.5	0.49	0.49	0	0	0.5
67800	0.5	0.49	0.49	0	0	0.5
67900	0.49	0.49	0.49	0	0	0.49
68000	0.49	0.48	0.48	0	0	0.49
68100	0.49	0.48	0.48	0	0	0.49
68200	0.49	0.48	0.48	0	0	0.49
68300	0.49	0.48	0.48	0	0	0.49
68400	0.49	0.48	0.48	0	0	0.49
68500	0.49	0.48	0.48	0	0	0.49
68600	0.49	0.48	0.48	0	0	0.49
68700	0.49	0.48	0.48	0	0	0.49
68800	0.49	0.48	0.48	0	0	0.49
68900	0.49	0.48	0.48	0	0	0.49
69000	0.49	0.47	0.47	0	0	0.49
69100	0.49	0.47	0.47	0	0	0.49
69200	0.49	0.47	0.47	0	0	0.49
69300	0.49	0.47	0.47	0	0	0.49
69400	0.49	0.47	0.47	0	0	0.49
69500	0.49	0.47	0.47	0	0	0.49
69600	0.49	0.47	0.47	0	0	0.49
69700	0.49	0.47	0.47	0	0	0.49
69800	0.48	0.47	0.47	0	0	0.48
69900	0.48	0.47	0.47	0	0	0.48
70000	0.48	0.47	0.47	0	0	0.48
70100	0.48	0.47	0.47	0	0	0.48
70200	0.48	0.47	0.47	0	0	0.48
70300	0.48	0.47	0.47	0	0	0.48
70400	0.47	0.47	0.47	0	0	0.47
70500	0.47	0.47	0.47	0	0	0.47
70600	0.47	0.47	0.47	0	0	0.47
70700	0.47	0.47	0.47	0	0	0.47
70800	0.47	0.47	0.47	0	0	0.47
70900	0.47	0.47	0.47	0	0	0.47
71000	0.47	0.47	0.47	0	0	0.47
71100	0.47	0.47	0.47	0	0	0.47
71200	0.48	0.47	0.47	0	0	0.48
71300	0.48	0.47	0.47	0	0	0.48
71400	0.48	0.47	0.47	0	0	0.48
71500	0.48	0.47	0.47	0	0	0.48
71600	0.48	0.47	0.47	0	0	0.48
71700	0.48	0.47	0.47	0	0	0.48
71800	0.48	0.48	0.48	0	0	0.48
71900	0.48	0.48	0.48	0	0	0.48
72000	0.48	0.48	0.48	0	0	0.48
72100	0.48	0.48	0.48	0	0	0.48
72200	0.48	0.48	0.48	0	0	0.48
72300	0.48	0.48	0.48	0	0	0.48
72400	0.48	0.48	0.48	0	0	0.48
72500	0.48	0.48	0.48	0	0	0.48
72600	0.48	0.49	0.49	0	0	0.48
72700	0.48	0.49	0.49	0	0	0.48
72800	0.48	0.49	0.49	0	0	0.48
72900	0.48	0.49	0.49	0	0	0.48
73000	0.48	0.49	0.49	0	0	0.48
73100	0.48	0.49	0.49	0	0	0.48
73200	0.48	0.48	0.48	0	0	0.48
73300	0.47	0.48	0.48	0	0	0.47
73400	0.47	0.48	0.48	0	0	0.47
73500	0.47	0.48	0.48	0	0	0.47
73600	0.47	0.48	0.48	0	0	0.47
73700	0.47	0.48	0.48	0	0	0.47
73800	0.47	0.48	0.48	0	0	0.47
73900	0.47	0.48	0.48	0	0	0.47
74000	0.47	0.48	0.48	0	0	0.47
74100	0.47	0.48	0.48	0	0	0.47
74200	0.47	0.48	0.48	0	0	0.47
74300	0.47	0.48	0.48	0	0	0.47
74400	0.47	0.48	0.48	0	0	0.47
74500	0.47	0.48	0.48	0	0	0.47
74600	0.47	0.48	0.48	0	0	0.47
74700	0.47	0.48	0.48	0	0	0.47
74800	0.47	0.48	0.48	0	0	0.47
74900	0.47	0.48	0.48	0	0	0.47
75000	0.47	0.48	0.48	0	0	0.47
75100	0.47	0.48	0.48	0	0	0.47
75200	0.46	0.48	0.48	0	0	0.46
75300	0.46	0.48	0.48	0	0	0.46
75400	0.46	0.48	0.48	0	0	0.46
75500	0.45	0.48	0.48	0	0	0.45
75600	0.45	0.48	0.48	0	0	0.45
75700	0.45	0.48	0.48	0	0	0.45
75800	0.45	0.48	0.48	0	0	0.45
75900	0.45	0.48	0.48	0	0	0.45
76000	0.45	0.48	0.48	0	0	0.45
76100	0.45	0.48	0.48	0	0	0.45
76200	0.45	0.48	0.48	0	0	0.45
76300	0.45	0.48	0.48	0	0	0.45
76400	0.45	0.48	0.48	0	0	0.45
76500	0.45	0.48	0.48	0	0	0.45
76600	0.45	0.48	0.48	0	0	0.45
76700	0.45	0.48	0.48	0	0	0.45
76800	0.45	0.48	0.48	0	0	0.45
76900	0.45	0.48	0.48	0	0	0.45
77000	0.45	0.48	0.48	0	0	0.45
77100	0.45	0.48	0.48	0	0	0.45
77200	0.45	0.48	0.48	0	0	0.45
77300	0.45	0.48	0.48	0	0	0.45
77400	0.45	0.48	0.48	0	0	0.45
77500	0.45	0.48	0.48	0	0	0.45
77600	0.45	0.48	0.48	0	0	0.45
77700	0.45	0.48	0.48	0	0	0.45
77800	0.45	0.48	0.48	0	0	0.45
77900	0.45	0.48	0.48	0	0	0.45
78000	0.45	0.48	0.48	0	0	0.45
78100	0.45	0.48	0.48	0	0	0.45
78200	0.45	0.48	0.48	0	0	0.45
78300	0.45	0.48	0.48	0	0	0.45
78400	0.45	0.48	0.48	0	0	0.45
78500	0.45	0.48	0.48	0	0	0.45
78600	0.45	0.48	0.48	0	0	0.45
78700	0.45	0.48	0.48	0	0	0.45
78800	0.45	0.48	0.48	0	0	0.45
78900	0.46	0.48	0.48	0	0	0.46
79000	0.46	0.48	0.48	0	0	0.46
79100	0.46	0.48	0.48	0	0	0.46
79200	0.46	0.48	0.48	0	0	0.46
79300	0.46	0.48	0.48	0	0	0.46
79400	0.46	0.49	0.49	0	0	0.46
79500	0.46	0.49	0.49	0	0	0.46
79600	0.46	0.49	0.49	0	0	0.46
79700	0.46	0.48	0.48	0	0	0.46
79800	0.46	0.48	0.48	0	0	0.46
79900	0.46	0.48	0.48	0	0	0.46
80000	0.46	0.48	0.48	0	0	0.46
80100	0.46	0.48	0.48	0	0	0.46
80200	0.46	0.48	0.48	0	0	0.46
80300	0.46	0.48	0.48	0	0	0.46
80400	0.46	0.48	0.48	0	0	0.46
80500	0.46	0.48	0.48	0	0	0.46
80600	0.46	0.48	0.48	0	0	0.46
80700	0.46	0.48	0.48	0	0	0.46
80800	0.46	0.48	0.48	0	0	0.46
80900	0.46	0.48	0.48	0	0	0.46
81000	0.46	0.48	0.48	0	0	0.46
81100	0.46	0.48	0.48	0	0	0.46
81200	0.46	0.48	0.48	0	0	0.46
81300	0.46	0.48	0.48	0	0	0.46
81400	0.46	0.49	0.49	0	0	0.46
81500	0.46	0.49	0.49	0	0	0.46
81600	0.46	0.49	0.49	0	0	0.46
81700	0.46	0.49	0.49	0	0	0.46
81800	0.46	0.49	0.49	0	0	0.46
81900	0.46	0.49	0.49	0	0	0.46
82000	0.46	0.49	0.49	0	0	0.46
82100	0.46	0.5	0.5	0	0	0.46
82200	0.46	0.48	0.48	0	0	0.46
82300	0.46	0.48	0.48	0	0	0.46
82400	0.46	0.48	0.48	0	0	0.46
82500	0.46	0.48	0.48	0	0	0.46
82600	0.46	0.48	0.48	0	0	0.46
82700	0.46	0.48	0.48	0	0	0.46
82800	0.45	0.48	0.48	0	0	0.45
82900	0.45	0.48	0.48	0	0	0.45
83000	0.45	0.48	0.48	0	0	0.45
83100	0.45	0.48	0.48	0	0	0.45
83200	0.45	0.48	0.48	0	0	0.45
83300	0.45	0.48	0.48	0	0	0.45
83400	0.46	0.48	0.48	0	0	0.46
83500	0.46	0.48	0.48	0	0	0.46
83600	0.46	0.48	0.48	0	0	0.46
83700	0.46	0.48	0.48	0	0	0.46
83800	0.46	0.48	0.48	0	0	0.46
83900	0.46	0.48	0.48	0	0	0.46
84000	0.47	0.48	0.48	0	0	0.47
84100	0.47	0.48	0.48	0	0	0.47
84200	0.47	0.48	0.48	0	0	0.47
84300	0.47	0.48	0.48	0	0	0.47
84400	0.47	0.47	0.47	0	0	0.47
84500	0.47	0.47	0.47	0	0	0.47
84600	0.47	0.47	0.47	0	0	0.47
84700	0.47	0.47	0.47	0	0	0.47
84800	0.47	0.47	0.47	0	0	0.47
84900	0.47	0.47	0.47	0	0	0.47
85000	0.47	0.47	0.47	0	0	0.47
85100	0.47	0.47	0.47	0	0	0.47
85200	0.47	0.47	0.47	0	0	0.47
85300	0.47	0.47	0.47	0	0	0.47
85400	0.47	0.47	0.47	0	0	0.47
85500	0.47	0.47	0.47	0	0	0.47
85600	0.47	0.47	0.47	0	0	0.47
85700	0.47	0.47	0.47	0	0	0.47
85800	0.47	0.47	0.47	0	0	0.47
85900	0.47	0.47	0.47	0	0	0.47
86000	0.47	0.47	0.47	0	0	0.47
86100	0.47	0.47	0.47	0	0	0.47
86200	0.47	0.47	0.47	0	0	0.47
86300	0.47	0.47	0.47	0	0	0.47
86400	0.47	0.47	0.47	0	0	0.47
86500	0.47	0.47	0.47	0	0	0.47
86600	0.47	0.47	0.47	0	0	0.47
86700	0.47	0.48	0.48	0	0	0.47
86800	0.47	0.48	0.48	0	0	0.47
86900	0.47	0.48	0.48	0	0	0.47
87000	0.47	0.48	0.48	0	0	0.47
87100	0.47	0.49	0.49	0	0	0.47
87200	0.47	0.49	0.49	0	0	0.47
87300	0.47	0.49	0.49	0	0	0.47
87400	0.47	0.5	0.5	0	0	0.47
87500	0.47	0.5	0.5	0	0	0.47
87600	0.47	0.5	0.5	0	0	0.47
87700	0.47	0.5	0.5	0	0	0.47
87800	0.47	0.5	0.5	0	0	0.47
87900	0.47	0.5	0.5	0	0	0.47
88000	0.47	0.5	0.5	0	0	0.47
88100	0.46	0.5	0.5	0	0	0.46
88200	0.46	0.5	0.5	0	0	0.46
88300	0.46	0.5	0.5	0	0	0.46
88400	0.46	0.5	0.5	0	0	0.46
88500	0.46	0.5	0.5	0	0	0.46
88600	0.46	0.5	0.5	0	0	0.46
88700	0.46	0.5	0.5	0	0	0.46
88800	0.46	0.5	0.5	0	0	0.46
88900	0.46	0.5	0.5	0	0	0.46
89000	0.46	0.5	0.5	0	0	0.46
89100	0.46	0.5	0.5	0	0	0.46
89200	0.46	0.5	0.5	0	0	0.46
89300	0.46	0.5	0.5	0	0	0.46
89400	0.46	0.5	0.5	0	0	0.46
89500	0.46	0.51	0.51	0	0	0.46
89600	0.46	0.51	0.51	0	0	0.46
89700	0.46	0.51	0.51	0	0	0.46
89800	0.46	0.51	0.51	0	0	0.46
89900	0.46	0.51	0.51	0	0	0.46
90000	0.46	0.51	0.51	0	0	0.46
90100	0.46	0.51	0.51	0	0	0.46
90200	0.46	0.51	0.51	0	0	0.46
90300	0.46	0.51	0.51	0	0	0.46
90400	0.46	0.51	0.51	0	0	0.46
90500	0.46	0.51	0.51	0	0	0.46
90600	0.46	0.51	0.51	0	0	0.46
90700	0.46	0.51	0.51	0	0	0.46
90800	0.46	0.51	0.51	0	0	0.46
90900	0.46	0.51	0.51	0	0	0.46
91000	0.46	0.51	0.51	0	0	0.46
91100	0.46	0.51	0.51	0	0	0.46
91200	0.46	0.51	0.51	0	0	0.46
91300	0.46	0.51	0.51	0	0	0.46
91400	0.46	0.51	0.51	0	0	0.46
91500	0.46	0.51	0.51	0	0	0.46
91600	0.46	0.51	0.51	0	0	0.46
91700	0.46	0.51	0.51	0	0	0.46
91800	0.46	0.51	0.51	0	0	0.46
91900	0.46	0.51	0.51	0	0	0.46
92000	0.46	0.51	0.51	0	0	0.46
92100	0.46	0.51	0.51	0	0	0.46
92200	0.46	0.51	0.51	0	0	0.46
92300	0.46	0.51	0.51	0	0	0.46
92400	0.46	0.51	0.51	0	0	0.46
92500	0.46	0.51	0.51	0	0	0.46
92600	0.46	0.51	0.51	0	0	0.46
92700	0.46	0.51	0.51	0	0	0.46
92800	0.46	0.51	0.51	0	0	0.46
92900	0.46	0.51	0.51	0	0	0.46
93000	0.46	0.51	0.51	0	0	0.46
93100	0.46	0.51	0.51	0	0	0.46
93200	0.46	0.51	0.51	0	0	0.46
93300	0.46	0.51	0.51	0	0	0.46
93400	0.46	0.51	0.51	0	0	0.46
93500	0.46	0.51	0.51	0	0	0.46
93600	0.46	0.51	0.51	0	0	0.46
93700	0.46	0.51	0.51	0	0	0.46
93800	0.46	0.51	0.51	0	0	0.46
93900	0.46	0.51	0.51	0	0	0.46
94000	0.46	0.51	0.51	0	0	0.46
94100	0.46	0.51	0.51	0	0	0.46
94200	0.46	0.51	0.51	0	0	0.46
94300	0.46	0.51	0.51	0	0	0.46
94400	0.46	0.51	0.51	0	0	0.46
94500	0.46	0.51	0.51	0	0	0.46
94600	0.46	0.51	0.51	0	0	0.46
94700	0.46	0.51	0.51	0	0	0.46
94800	0.46	0.51	0.51	0	0	0.46
94900	0.46	0.51	0.51	0	0	0.46
95000	0.46	0.51	0.51	0	0	0.46
95100	0.46	0.51	0.51	0	0	0.46
95200	0.46	0.51	0.51	0	0	0.46
95300	0.46	0.51	0.51	0	0	0.46
95400	0.46	0.51	0.51	0	0	0.46
95500	0.46	0.51	0.51	0	0	0.46
95600	0.46	0.51	0.51	0	0	0.46
95700	0.46	0.51	0.51	0	0	0.46
95800	0.46	0.51	0.51	0	0	0.46
95900	0.47	0.5	0.5	0	0	0.47
96000	0.47	0.5	0.5	0	0	0.47
96100	0.47	0.5	0.5	0	0	0.47
96200	0.47	0.49	0.49	0	0	0.47
96300	0.47	0.49	0.49	0	0	0.47
96400	0.47	0.49	0.49	0	0	0.47
96500	0.47	0.49	0.49	0	0	0.47
96600	0.47	0.49	0.49	0	0	0.47
96700	0.47	0.49	0.49	0	0	0.47
96800	0.47	0.49	0.49	0	0	0.47
96900	0.47	0.49	0.49	0	0	0.47
97000	0.47	0.49	0.49	0	0	0.47
97100	0.47	0.5	0.5	0	0	0.47
97200	0.47	0.5	0.5	0	0	0.47
97300	0.47	0.5	0.5	0	0	0.47
97400	0.47	0.5	0.5	0	0	0.47
97500	0.47	0.5	0.5	0	0	0.47
97600	0.47	0.5	0.5	0	0	0.47
97700	0.47	0.5	0.5	0	0	0.47
97800	0.47	0.51	0.51	0	0	0.47
97900	0.47	0.51	0.51	0	0	0.47
98000	0.47	0.51	0.51	0	0	0.47
98100	0.47	0.51	0.51	0	0	0.47
98200	0.47	0.51	0.51	0	0	0.47
98300	0.47	0.51	0.51	0	0	0.47
98400	0.47	0.51	0.51	0	0	0.47
98500	0.47	0.51	0.51	0	0	0.47
98600	0.47	0.51	0.51	0	0	0.47
98700	0.47	0.51	0.51	0	0	0.47
98800	0.47	0.51	0.51	0	0	0.47
98900	0.47	0.51	0.51	0	0	0.47
99000	0.47	0.51	0.51	0	0	0.47
99100	0.47	0.51	0.51	0	0	0.47
99200	0.47	0.51	0.51	0	0	0.47
99300	0.47	0.51	0.51	0	0	0.47
99400	0.47	0.51	0.51	0	0	0.47
99500	0.47	0.51	0.51	0	0	0.47
99600	0.47	0.51	0.51	0	0	0.47
99700	0.47	0.51	0.51	0	0	0.47
99800	0.47	0.51	0.51	0	0	0.47
99900	0.47	0.51	0.51	0	0	0.47
100000	0.47	0.51	0.51	0	0	0.47
100100	0.47	0.51	0.51	0	0	0.47
100200	0.47	0.51	0.51	0	0	0.47
100300	0.47	0.51	0.51	0	0	0.47
100400	0.47	0.51	0.51	0	0	0.47
100500	0.47	0.51	0.51	0	0	0.47
100600	0.47	0.51	0.51	0	0	0.47
100700	0.47	0.51	0.51	0	0	0.47
100800	0.47	0.51	0.51	0	0	0.47
100900	0.47	0.51	0.51	0	0	0.47
101000	0.47	0.51	0.51	0	0	0.47
101100	0.47	0.51	0.51	0	0	0.47
101200	0.47	0.51	0.51	0	0	0.47
101300	0.47	0.51	0.51	0	0	0.47
101400	0.47	0.51	0.51	0	0	0.47
101500	0.47	0.51	0.51	0	0	0.47
101600	0.47	0.51	0.51	0	0	0.47
101700	0.47	0.51	0.51	0	0	0.47
101800	0.47	0.51	0.51	0	0	0.47
101900	0.47	0.51	0.51	0	0	0.47
102000	0.47	0.51	0.51	0	0	0.47
102100	0.47	0.51	0.51	0	0	0.47
102200	0.47	0.51	0.51	0	0	0.47
102300	0.47	0.51	0.51	0	0	0.47
102400	0.47	0.51	0.51	0	0	0.47
102500	0.47	0.51	0.51	0	0	0.47
102600	0.47	0.51	0.51	0	0	0.47
102700	0.47	0.51	0.51	0	0	0.47
102800	0.47	0.51	0.51	0	0	0.47
102900	0.47	0.51	0.51	0	0	0.47
103000	0.47	0.51	0.51	0	0	0.47
103100	0.47	0.51	0.51	0	0	0.47
103200	0.47	0.51	0.51	0	0	0.47
103300	0.47	0.51	0.51	0	0	0.47
103400	0.47	0.51	0.51	0	0	0.47
103500	0.47	0.51	0.51	0	0	0.47
103600	0.47	0.51	0.51	0	0	0.47
103700	0.47	0.51	0.51	0	0	0.47
103800	0.47	0.51	0.51	0	0	0.47
103900	0.47	0.51	0.51	0	0	0.47
104000	0.47	0.51	0.51	0	0	0.47
104100	0.47	0.51	0.51	0	0	0.47
104200	0.47	0.51	0.51	0	0	0.47
104300	0.47	0.51	0.51	0	0	0.47
104400	0.47	0.51	0.51	0	0	0.47
104500	0.47	0.51	0.51	0	0	0.47
104600	0.47	0.51	0.51	0	0	0.47
104700	0.47	0.51	0.51	0	0	0.47
104800	0.47	0.51	0.51	0	0	0.47
104900	0.47	0.51	0.51	0	0	0.47
105000	0.47	0.51	0.51	0	0	0.47
105100	0.47	0.51	0.51	0	0	0.47
105200	0.47	0.51	0.51	0	0	0.47
105300	0.47	0.51	0.51	0	0	0.47
105400	0.47	0.51	0.51	0	0	0.47
105500	0.47	0.51	0.51	0	0	0.47
105600	0.47	0.51	0.51	0	0	0.47
105700	0.47	0.51	0.51	0	0	0.47
105800	0.47	0.51	0.51	0	0	0.47
105900	0.47	0.51	0.51	0	0	0.47
106000	0.47	0.51	0.51	0	0	0.47
106100	0.47	0.51	0.51	0	0	0.47
106200	0.47	0.51	0.51	0	0	0.47
106300	0.47	0.51	0.51	0	0	0.47
106400	0.47	0.51	0.51	0	0	0.47
106500	0.47	0.51	0.51	0	0	0.47
106600	0.47	0.51	0.51	0	0	0.47
106700	0.47	0.51	0.51	0	0	0.47
106800	0.47	0.51	0.51	0	0	0.47
106900	0.47	0.51	0.51	0	0	0.47
107000	0.47	0.51	0.51	0	0	0.47
107100	0.47	0.51	0.51	0	0	0.47
107200	0.47	0.51	0.51	0	0	0.47
107300	0.47	0.51	0.51	0	0	0.47
107400	0.47	0.51	0.51	0	0	0.47
107500	0.47	0.51	0.51	0	0	0.47
107600	0.47	0.51	0.51	0	0	0.47
107700	0.47	0.51	0.51	0	0	0.47
107800	0.47	0.51	0.51	0	0	0.47
107900	0.47	0.51	0.51	0	0	0.47
108000	0.47	0.51	0.51	0	0	0.47
108100	0.47	0.51	0.51	0	0	0.47
108200	0.47	0.51	0.51	0	0	0.47
108300	0.47	0.51	0.51	0	0	0.47
108400	0.47	0.51	0.51	0	0	0.47
108500	0.47	0.51	0.51	0	0	0.47
108600	0.47	0.51	0.51	0	0	0.47
108700	0.47	0.51	0.51	0	0	0.47
108800	0.47	0.51	0.51	0	0	0.47
108900	0.47	0.51	0.51	0	0	0.47
109000	0.47	0.51	0.51	0	0	0.47
109100	0.47	0.51	0.51	0	0	0.47
109200	0.47	0.51	0.51	0	0	0.47
109300	0.47	0.51	0.51	0	0	0.47
109400	0.47	0.51	0.51	0	0	0.47
109500	0.47	0.51	0.51	0	0	0.47
109600	0.47	0.51	0.51	0	0	0.47
109700	0.47	0.51	0.51	0	0	0.47
109800	0.47	0.51	0.51	0	0	0.47
109900	0.47	0.51	0.51	0	0	0.47
110000	0.47	0.51	0.51	0	0	0.47
110100	0.47	0.51	0.51	0	0	0.47
110200	0.47	0.51	0.51	0	0	0.47
110300	0.47	0.51	0.51	0	0	0.47
110400	0.47	0.51	0.51	0	0	0.47
110500	0.47	0.51	0.51	0	0	0.47
110600	0.47	0.51	0.51	0	0	0.47
110700	0.47	0.51	0.51	0	0	0.47
110800	0.47	0.51	0.51	0	0	0.47
110900	0.47	0.51	0.51	0	0	0.47
111000	0.47	0.51	0.51	0	0	0.47
111100	0.47	0.51	0.51	0	0	0.47
111200	0.47	0.51	0.51	0	0	0.47
111300	0.47	0.51	0.51	0	0	0.47
111400	0.47	0.51	0.51	0	0	0.47
111500	0.47	0.51	0.51	0	0	0.47
111600	0.47	0.51	0.51	0	0	0.47
111700	0.47	0.51	0.51	0	0	0.47
111800	0.47	0.51	0.51	0	0	0.47
111900	0.47	0.51	0.51	0	0	0.47
112000	0.47	0.51	0.51	0	0	0.47
112100	0.47	0.51	0.51	0	0	0.47
112200	0.47	0.51	0.51	0	0	0.47
112300	0.47	0.51	0.51	0	0	0.47
112400	0.47	0.51	0.51	0	0	0.47
112500	0.47	0.51	0.51	0	0	0.47
112600	0.47	0.51	0.51	0	0	0.47
112700	0.47	0.51	0.51	0	0	0.47
112800	0.47	0.51	0.51	0	0	0.47
112900	0.47	0.51	0.51	0	0	0.47
113000	0.46	0.51	0.51	0	0	0.46
113100	0.46	0.51	0.51	0	0	0.46
113200	0.46	0.51	0.51	0	0	0.46
113300	0.46	0.51	0.51	0	0	0.46
113400	0.46	0.51	0.51	0	0	0.46
113500	0.46	0.51	0.51	0	0	0.46
113600	0.46	0.51	0.51	0	0	0.46
113700	0.46	0.51	0.51	0	0	0.46
113800	0.46	0.51	0.51	0	0	0.46
113900	0.46	0.51	0.51	0	0	0.46
114000	0.46	0.51	0.51	0	0	0.46
114100	0.46	0.51	0.51	0	0	0.46
114200	0.46	0.51	0.51	0	0	0.46
114300	0.46	0.51	0.51	0	0	0.46
114400	0.46	0.51	0.51	0	0	0.46
114500	0.46	0.51	0.51	0	0	0.46
114600	0.46	0.51	0.51	0	0	0.46
114700	0.47	0.51	0.51	0	0	0.47
114800	0.47	0.51	0.51	0	0	0.47
114900	0.47	0.51	0.51	0	0	0.47
115000	0.47	0.51	0.51	0	0	0.47
115100	0.47	0.51	0.51	0	0	0.47
115200	0.47	0.51	0.51	0	0	0.47
115300	0.47	0.51	0.51	0	0	0.47
115400	0.47	0.51	0.51	0	0	0.47
115500	0.47	0.51	0.51	0	0	0.47
115600	0.47	0.51	0.51	0	0	0.47
115700	0.47	0.51	0.51	0	0	0.47
115800	0.47	0.51	0.51	0	0	0.47
115900	0.47	0.51	0.51	0	0	0.47
116000	0.47	0.51	0.51	0	0	0.47
116100	0.47	0.51	0.51	0	0	0.47
116200	0.47	0.51	0.51	0	0	0.47
116300	0.47	0.51	0.51	0	0	0.47
116400	0.47	0.51	0.51	0	0	0.47
116500	0.47	0.51	0.51	0	0	0.47
116600	0.47	0.51	0.51	0	0	0.47
116700	0.47	0.51	0.51	0	0	0.47
116800	0.47	0.51	0.51	0	0	0.47
116900	0.47	0.51	0.51	0	0	0.47
117000	0.47	0.51	0.51	0	0	0.47
117100	0.47	0.51	0.51	0	0	0.47
117200	0.47	0.51	0.51	0	0	0.47
117300	0.47	0.51	0.51	0	0	0.47
117400	0.47	0.51	0.51	0	0	0.47
117500	0.47	0.51	0.51	0	0	0.47
117600	0.48	0.51	0.51	0	0	0.48
117700	0.48	0.51	0.51	0	0	0.48
117800	0.48	0.51	0.51	0	0	0.48
117900	0.48	0.51	0.51	0	0	0.48
118000	0.48	0.51	0.51	0	0	0.48
118100	0.48	0.51	0.51	0	0	0.48
118200	0.48	0.51	0.51	0	0	0.48
118300	0.48	0.51	0.51	0	0	0.48
118400	0.48	0.51	0.51	0	0	0.48
118500	0.48	0.51	0.51	0	0	0.48
118600	0.48	0.51	0.51	0	0	0.48
118700	0.48	0.51	0.51	0	0	0.48
118800	0.48	0.51	0.51	0	0	0.48
118900	0.48	0.51	0.51	0	0	0.48
119000	0.48	0.51	0.51	0	0	0.48
119100	0.48	0.51	0.51	0	0	0.48
119200	0.48	0.51	0.51	0	0	0.48
119300	0.48	0.51	0.51	0	0	0.48
119400	0.48	0.51	0.51	0	0	0.48
119500	0.48	0.51	0.51	0	0	0.48
119600	0.48	0.51	0.51	0	0	0.48
119700	0.48	0.51	0.51	0	0	0.48
119800	0.48	0.51	0.51	0	0	0.48
119900	0.48	0.51	0.51	0	0	0.48
120000	0.48	0.51	0.51	0	0	0.48
120100	0.48	0.51	0.51	0	0	0.48
120200	0.48	0.51	0.51	0	0	0.48
120300	0.48	0.51	0.51	0	0	0.48
120400	0.48	0.51	0.51	0	0	0.48
120500	0.48	0.51	0.51	0	0	0.48
120600	0.48	0.51	0.51	0	0	0.48
120700	0.48	0.51	0.51	0	0	0.48
120800	0.48	0.51	0.51	0	0	0.48
120900	0.48	0.51	0.51	0	0	0.48
121000	0.48	0.51	0.51	0	0	0.48
121100	0.48	0.51	0.51	0	0	0.48
121200	0.48	0.51	0.51	0	0	0.48
121300	0.48	0.51	0.51	0	0	0.48
121400	0.48	0.51	0.51	0	0	0.48
121500	0.48	0.51	0.51	0	0	0.48
121600	0.48	0.51	0.51	0	0	0.48
121700	0.48	0.51	0.51	0	0	0.48
121800	0.48	0.51	0.51	0	0	0.48
121900	0.48	0.51	0.51	0	0	0.48
122000	0.48	0.51	0.51	0	0	0.48
122100	0.48	0.51	0.51	0	0	0.48
122200	0.48	0.51	0.51	0	0	0.48
122300	0.48	0.51	0.51	0	0	0.48
122400	0.48	0.51	0.51	0	0	0.48
122500	0.48	0.51	0.51	0	0	0.48
122600	0.48	0.51	0.51	0	0	0.48
122700	0.48	0.51	0.51	0	0	0.48
122800	0.48	0.51	0.51	0	0	0.48
122900	0.48	0.51	0.51	0	0	0.48
123000	0.48	0.51	0.51	0	0	0.48
123100	0.48	0.51	0.51	0	0	0.48
123200	0.48	0.51	0.51	0	0	0.48
123300	0.48	0.51	0.51	0	0	0.48
123400	0.48	0.51	0.51	0	0	0.48
123500	0.48	0.51	0.51	0	0	0.48
123600	0.48	0.51	0.51	0	0	0.48
123700	0.48	0.51	0.51	0	0	0.48
123800	0.48	0.51	0.51	0	0	0.48
123900	0.48	0.51	0.51	0	0	0.48
124000	0.48	0.51	0.51	0	0	0.48
124100	0.48	0.51	0.51	0	0	0.48
124200	0.48	0.51	0.51	0	0	0.48
124300	0.48	0.51	0.51	0	0	0.48
124400	0.48	0.51	0.51	0	0	0.48
124500	0.48	0.51	0.51	0	0	0.48
124600	0.48	0.51	0.51	0	0	0.48
124700	0.48	0.51	0.51	0	0	0.48
124800	0.48	0.51	0.51	0	0	0.48
124900	0.48	0.51	0.51	0	0	0.48
125000	0.48	0.51	0.51	0	0	0.48
125100	0.48	0.51	0.51	0	0	0.48
125200	0.48	0.51	0.51	0	0	0.48
125300	0.48	0.51	0.51	0	0	0.48
125400	0.48	0.51	0.51	0	0	0.48
125500	0.48	0.51	0.51	0	0	0.48
125600	0.48	0.51	0.51	0	0	0.48
125700	0.48	0.51	0.51	0	0	0.48
125800	0.48	0.51	0.51	0	0	0.48
125900	0.48	0.51	0.51	0	0	0.48
126000	0.48	0.51	0.51	0	0	0.48
126100	0.48	0.51	0.51	0	0	0.48
126200	0.48	0.51	0.51	0	0	0.48
126300	0.48	0.51	0.51	0	0	0.48
126400	0.48	0.51	0.51	0	0	0.48
126500	0.48	0.51	0.51	0	0	0.48
126600	0.48	0.51	0.51	0	0	0.48
126700	0.48	0.51	0.51	0	0	0.48
126800	0.48	0.51	0.51	0	0	0.48
126900	0.48	0.51	0.51	0	0	0.48
127000	0.48	0.51	0.51	0	0	0.48
127100	0.48	0.51	0.51	0	0	0.48
127200	0.48	0.51	0.51	0	0	0.48
127300	0.48	0.51	0.51	0	0	0.48
127400	0.48	0.51	0.51	0	0	0.48
127500	0.48	0.51	0.51	0	0	0.48
127600	0.48	0.51	0.51	0	0	0.48
127700	0.48	0.51	0.51	0	0	0.48
127800	0.48	0.51	0.51	0	0	0.48
127900	0.48	0.51	0.51	0	0	0.48
128000	0.48	0.51	0.51	0	0	0.48
128100	0.48	0.51	0.51	0	0	0.48
128200	0.48	0.51	0.51	0	0	0.48
128300	0.48	0.51	0.51	0	0	0.48
128400	0.48	0.51	0.51	0	0	0.48
128500	0.48	0.51	0.51	0	0	0.48
128600	0.48	0.51	0.51	0	0	0.48
128700	0.48	0.5	0.5	0	0	0.48
128800	0.48	0.5	0.5	0	0	0.48
128900	0.48	0.5	0.5	0	0	0.48
129000	0.48	0.5	0.5	0	0	0.48
129100	0.48	0.5	0.5	0	0	0.48
129200	0.48	0.5	0.5	0	0	0.48
129300	0.48	0.5	0.5	0	0	0.48
129400	0.48	0.5	0.5	0	0	0.48
129500	0.48	0.5	0.5	0	0	0.48
129600	0.48	0.5	0.5	0	0	0.48
129700	0.48	0.5	0.5	0	0	0.48
129800	0.48	0.5	0.5	0	0	0.48
129900	0.48	0.5	0.5	0	0	0.48
130000	0.48	0.5	0.5	0	0	0.48
130100	0.48	0.5	0.5	0	0	0.48
130200	0.48	0.5	0.5	0	0	0.48
130300	0.48	0.5	0.5	0	0	0.48
130400	0.48	0.5	0.5	0	0	0.48
130500	0.48	0.5	0.5	0	0	0.48
130600	0.48	0.5	0.5	0	0	0.48
130700	0.48	0.5	0.5	0	0	0.48
130800	0.48	0.5	0.5	0	0	0.48
130900	0.48	0.5	0.5	0	0	0.48
131000	0.48	0.5	0.5	0	0	0.48
131100	0.48	0.5	0.5	0	0	0.48
131200	0.48	0.5	0.5	0	0	0.48
131300	0.48	0.5	0.5	0	0	0.48
131400	0.48	0.5	0.5	0	0	0.48
131500	0.48	0.5	0.5	0	0	0.48
131600	0.48	0.51	0.51	0	0	0.48
131700	0.48	0.51	0.51	0	0	0.48
131800	0.48	0.51	0.51	0	0	0.48
131900	0.48	0.51	0.51	0	0	0.48
132000	0.48	0.51	0.51	0	0	0.48
132100	0.48	0.51	0.51	0	0	0.48
132200	0.48	0.51	0.51	0	0	0.48
132300	0.48	0.51	0.51	0	0	0.48
132400	0.48	0.51	0.51	0	0	0.48
132500	0.48	0.51	0.51	0	0	0.48
132600	0.48	0.51	0.51	0	0	0.48
132700	0.48	0.51	0.51	0	0	0.48
132800	0.48	0.51	0.51	0	0	0.48
132900	0.48	0.51	0.51	0	0	0.48
133000	0.48	0.51	0.51	0	0	0.48
133100	0.48	0.51	0.51	0	0	0.48
133200	0.48	0.51	0.51	0	0	0.48
133300	0.48	0.51	0.51	0	0	0.48
133400	0.48	0.51	0.51	0	0	0.48
133500	0.48	0.51	0.51	0	0	0.48
133600	0.48	0.51	0.51	0	0	0.48
133700	0.48	0.51	0.51	0	0	0.48
133800	0.48	0.51	0.51	0	0	0.48
133900	0.48	0.51	0.51	0	0	0.48
134000	0.48	0.51	0.51	0	0	0.48
134100	0.48	0.51	0.51	0	0	0.48
134200	0.48	0.51	0.51	0	0	0.48
134300	0.48	0.51	0.51	0	0	0.48
134400	0.48	0.51	0.51	0	0	0.48
134500	0.48	0.51	0.51	0	0	0.48
134600	0.48	0.51	0.51	0	0	0.48
134700	0.48	0.51	0.51	0	0	0.48
134800	0.48	0.51	0.51	0	0	0.48
134900	0.48	0.51	0.51	0	0	0.48
135000	0.48	0.51	0.51	0	0	0.48
135100	0.48	0.51	0.51	0	0	0.48
135200	0.48	0.51	0.51	0	0	0.48
135300	0.48	0.51	0.51	0	0	0.48
135400	0.48	0.51	0.51	0	0	0.48
135500	0.48	0.51	0.51	0	0	0.48
135600	0.48	0.51	0.51	0	0	0.48
135700	0.48	0.51	0.51	0	0	0.48
135800	0.48	0.51	0.51	0	0	0.48
135900	0.48	0.51	0.51	0	0	0.48
136000	0.48	0.51	0.51	0	0	0.48
136100	0.48	0.51	0.51	0	0	0.48
136200	0.48	0.51	0.51	0	0	0.48
136300	0.48	0.51	0.51	0	0	0.48
136400	0.48	0.51	0.51	0	0	0.48
136500	0.48	0.51	0.51	0	0	0.48
136600	0.48	0.51	0.51	0	0	0.48
136700	0.48	0.51	0.51	0	0	0.48
136800	0.48	0.51	0.51	0	0	0.48
136900	0.48	0.51	0.51	0	0	0.48
137000	0.48	0.51	0.51	0	0	0.48
137100	0.48	0.51	0.51	0	0	0.48
137200	0.48	0.51	0.51	0	0	0.48
137300	0.48	0.51	0.51	0	0	0.48
137400	0.48	0.51	0.51	0	0	0.48
137500	0.48	0.51	0.51	0	0	0.48
137600	0.48	0.51	0.51	0	0	0.48
137700	0.48	0.51	0.51	0	0	0.48
137800	0.48	0.51	0.51	0	0	0.48
137900	0.48	0.51	0.51	0	0	0.48
138000	0.48	0.51	0.51	0	0	0.48
138100	0.48	0.51	0.51	0	0	0.48
138200	0.48	0.51	0.51	0	0	0.48
138300	0.48	0.51	0.51	0	0	0.48
138400	0.48	0.51	0.51	0	0	0.48
138500	0.48	0.51	0.51	0	0	0.48
138600	0.48	0.51	0.51	0	0	0.48
138700	0.48	0.51	0.51	0	0	0.48
138800	0.48	0.51	0.51	0	0	0.48
138900	0.48	0.51	0.51	0	0	0.48
139000	0.48	0.51	0.51	0	0	0.48
139100	0.48	0.51	0.51	0	0	0.48
139200	0.48	0.51	0.51	0	0	0.48
139300	0.48	0.51	0.51	0	0	0.48
139400	0.48	0.51	0.51	0	0	0.48
139500	0.48	0.51	0.51	0	0	0.48
139600	0.48	0.51	0.51	0	0	0.48
139700	0.48	0.51	0.51	0	0	0.48
139800	0.48	0.51	0.51	0	0	0.48
139900	0.48	0.51	0.51	0	0	0.48
140000	0.48	0.51	0.51	0	0	0.48
140100	0.48	0.51	0.51	0	0	0.48
140200	0.48	0.51	0.51	0	0	0.48
140300	0.48	0.51	0.51	0	0	0.48
140400	0.48	0.51	0.51	0	0	0.48
140500	0.48	0.51	0.51	0	0	0.48
140600	0.48	0.51	0.51	0	0	0.48
140700	0.48	0.51	0.51	0	0	0.48
140800	0.48	0.51	0.51	0	0	0.48
140900	0.48	0.51	0.51	0	0	0.48
141000	0.48	0.51	0.51	0	0	0.48
141100	0.48	0.51	0.51	0	0	0.48
141200	0.48	0.51	0.51	0	0	0.48
141300	0.48	0.51	0.51	0	0	0.48
141400	0.48	0.51	0.51	0	0	0.48
141500	0.48	0.51	0.51	0	0	0.48
141600	0.48	0.51	0.51	0	0	0.48
141700	0.48	0.51	0.51	0	0	0.48
141800	0.48	0.51	0.51	0	0	0.48
141900	0.48	0.51	0.51	0	0	0.48
142000	0.48	0.51	0.51	0	0	0.48
142100	0.48	0.51	0.51	0	0	0.48
142200	0.48	0.51	0.51	0	0	0.48
142300	0.48	0.51	0.51	0	0	0.48
142400	0.48	0.51	0.51	0	0	0.48
142500	0.48	0.51	0.51	0	0	0.48
142600	0.48	0.51	0.51	0	0	0.48
142700	0.48	0.51	0.51	0	0	0.48
142800	0.48	0.51	0.51	0	0	0.48
142900	0.48	0.51	0.51	0	0	0.48
143000	0.48	0.51	0.51	0	0	0.48
143100	0.48	0.51	0.51	0	0	0.48
143200	0.48	0.51	0.51	0	0	0.48
143300	0.48	0.51	0.51	0	0	0.48
143400	0.48	0.51	0.51	0	0	0.48
143500	0.48	0.51	0.51	0	0	0.48
143600	0.48	0.51	0.51	0	0	0.48
143700	0.48	0.51	0.51	0	0	0.48
143800	0.48	0.51	0.51	0	0	0.48
143900	0.48	0.51	0.51	0	0	0.48
144000	0.48	0.51	0.51	0	0	0.48
144100	0.48	0.51	0.51	0	0	0.48
144200	0.48	0.51	0.51	0	0	0.48
144300	0.48	0.51	0.51	0	0	0.48
144400	0.48	0.51	0.51	0	0	0.48
144500	0.48	0.51	0.51	0	0	0.48
144600	0.48	0.51	0.51	0	0	0.48
144700	0.48	0.51	0.51	0	0	0.48
144800	0.48	0.51	0.51	0	0	0.48
144900	0.48	0.51	0.51	0	0	0.48
145000	0.48	0.51	0.51	0	0	0.48
145100	0.48	0.51	0.51	0	0	0.48
145200	0.48	0.51	0.51	0	0	0.48
145300	0.48	0.51	0.51	0	0	0.48
145400	0.48	0.51	0.51	0	0	0.48
145500	0.48	0.51	0.51	0	0	0.48
145600	0.48	0.51	0.51	0	0	0.48
145700	0.48	0.51	0.51	0	0	0.48
145800	0.48	0.51	0.51	0	0	0.48
145900	0.48	0.51	0.51	0	0	0.48
146000	0.48	0.51	0.51	0	0	0.48
146100	0.48	0.51	0.51	0	0	0.48
146200	0.48	0.51	0.51	0	0	0.48
146300	0.48	0.51	0.51	0	0	0.48
146400	0.48	0.51	0.51	0	0	0.48
146500	0.48	0.51	0.51	0	0	0.48
146600	0.48	0.51	0.51	0	0	0.48
146700	0.48	0.51	0.51	0	0	0.48
146800	0.48	0.51	0.51	0	0	0.48
146900	0.48	0.51	0.51	0	0	0.48
147000	0.48	0.51	0.51	0	0	0.48
147100	0.48	0.51	0.51	0	0	0.48
147200	0.48	0.51	0.51	0	0	0.48
147300	0.48	0.51	0.51	0	0	0.48
147400	0.48	0.51	0.51	0	0	0.48
147500	0.48	0.51	0.51	0	0	0.48
147600	0.48	0.51	0.51	0	0	0.48
147700	0.48	0.51	0.51	0	0	0.48
147800	0.48	0.51	0.51	0	0	0.48
147900	0.48	0.51	0.51	0	0	0.48
148000	0.48	0.51	0.51	0	0	0.48
148100	0.48	0.51	0.51	0	0	0.48
148200	0.48	0.51	0.51	0	0	0.48
148300	0.48	0.51	0.51	0	0	0.48
148400	0.48	0.51	0.51	0	0	0.48
148500	0.48	0.51	0.51	0	0	0.48
148600	0.48	0.51	0.51	0	0	0.48
148700	0.48	0.51	0.51	0	0	0.48
148800	0.48	0.51	0.51	0	0	0.48
148900	0.47	0.51	0.51	0	0	0.47
149000	0.47	0.51	0.51	0	0	0.47
149100	0.47	0.51	0.51	0	0	0.47
149200	0.47	0.51	0.51	0	0	0.47
149300	0.47	0.51	0.51	0	0	0.47
149400	0.47	0.51	0.51	0	0	0.47
149500	0.47	0.51	0.51	0	0	0.47
149600	0.47	0.51	0.51	0	0	0.47
149700	0.47	0.51	0.51	0	0	0.47
149800	0.47	0.51	0.51	0	0	0.47
149900	0.47	0.51	0.51	0	0	0.47
150000	0.47	0.51	0.51	0	0	0.47
150100	0.47	0.51	0.51	0	0	0.47
150200	0.47	0.51	0.51	0	0	0.47
150300	0.47	0.51	0.51	0	0	0.47
150400	0.47	0.51	0.51	0	0	0.47
150500	0.47	0.51	0.51	0	0	0.47
150600	0.47	0.51	0.51	0	0	0.47
150700	0.47	0.51	0.51	0	0	0.47
150800	0.47	0.51	0.51	0	0	0.47
150900	0.47	0.51	0.51	0	0	0.47
151000	0.47	0.51	0.51	0	0	0.47
151100	0.47	0.51	0.51	0	0	0.47
151200	0.47	0.51	0.51	0	0	0.47
151300	0.47	0.51	0.51	0	0	0.47
151400	0.47	0.51	0.51	0	0	0.47
151500	0.47	0.51	0.51	0	0	0.47
151600	0.47	0.51	0.51	0	0	0.47
151700	0.47	0.51	0.51	0	0	0.47
151800	0.47	0.51	0.51	0	0	0.47
151900	0.47	0.51	0.51	0	0	0.47
152000	0.47	0.51	0.51	0	0	0.47
152100	0.47	0.51	0.51	0	0	0.47
152200	0.47	0.51	0.51	0	0	0.47
152300	0.47	0.51	0.51	0	0	0.47
152400	0.47	0.51	0.51	0	0	0.47
152500	0.47	0.51	0.51	0	0	0.47
152600	0.47	0.51	0.51	0	0	0.47
152700	0.47	0.51	0.51	0	0	0.47
152800	0.47	0.51	0.51	0	0	0.47
152900	0.47	0.51	0.51	0	0	0.47
153000	0.47	0.51	0.51	0	0	0.47
153100	0.47	0.51	0.51	0	0	0.47
153200	0.47	0.51	0.51	0	0	0.47
153300	0.47	0.51	0.51	0	0	0.47
153400	0.47	0.51	0.51	0	0	0.47
153500	0.47	0.51	0.51	0	0	0.47
153600	0.47	0.51	0.51	0	0	0.47
153700	0.47	0.51	0.51	0	0	0.47
153800	0.47	0.51	0.51	0	0	0.47
153900	0.47	0.51	0.51	0	0	0.47
154000	0.47	0.51	0.51	0	0	0.47
154100	0.47	0.51	0.51	0	0	0.47
154200	0.47	0.51	0.51	0	0	0.47
154300	0.47	0.51	0.51	0	0	0.47
154400	0.47	0.51	0.51	0	0	0.47
154500	0.47	0.51	0.51	0	0	0.47
154600	0.47	0.5	0.5	0	0	0.47
154700	0.47	0.5	0.5	0	0	0.47
154800	0.47	0.5	0.5	0	0	0.47
154900	0.47	0.5	0.5	0	0	0.47
155000	0.47	0.5	0.5	0	0	0.47
155100	0.47	0.5	0.5	0	0	0.47
155200	0.47	0.5	0.5	0	0	0.47
155300	0.47	0.5	0.5	0	0	0.47
155400	0.47	0.5	0.5	0	0	0.47
155500	0.47	0.5	0.5	0	0	0.47
155600	0.47	0.5	0.5	0	0	0.47
155700	0.47	0.5	0.5	0	0	0.47
155800	0.47	0.5	0.5	0	0	0.47
155900	0.47	0.5	0.5	0	0	0.47
156000	0.47	0.5	0.5	0	0	0.47
156100	0.47	0.5	0.5	0	0	0.47
156200	0.47	0.5	0.5	0	0	0.47
156300	0.47	0.5	0.5	0	0	0.47
156400	0.47	0.5	0.5	0	0	0.47
156500	0.47	0.5	0.5	0	0	0.47
156600	0.47	0.5	0.5	0	0	0.47
156700	0.47	0.5	0.5	0	0	0.47
156800	0.47	0.5	0.5	0	0	0.47
156900	0.47	0.5	0.5	0	0	0.47
157000	0.47	0.5	0.5	0	0	0.47
157100	0.47	0.5	0.5	0	0	0.47
157200	0.47	0.5	0.5	0	0	0.47
157300	0.47	0.5	0.5	0	0	0.47
157400	0.47	0.5	0.5	0	0	0.47
157500	0.47	0.5	0.5	0	0	0.47
157600	0.47	0.5	0.5	0	0	0.47
157700	0.47	0.5	0.5	0	0	0.47
157800	0.47	0.5	0.5	0	0	0.47
157900	0.47	0.5	0.5	0	0	0.47
158000	0.47	0.5	0.5	0	0	0.47
158100	0.47	0.5	0.5	0	0	0.47
158200	0.47	0.5	0.5	0	0	0.47
158300	0.47	0.5	0.5	0	0	0.47
158400	0.47	0.5	0.5	0	0	0.47
158500	0.47	0.5	0.5	0	0	0.47
158600	0.47	0.5	0.5	0	0	0.47
158700	0.47	0.5	0.5	0	0	0.47
158800	0.48	0.5	0.5	0	0	0.48
158900	0.48	0.5	0.5	0	0	0.48
159000	0.48	0.5	0.5	0	0	0.48
159100	0.48	0.5	0.5	0	0	0.48
159200	0.48	0.5	0.5	0	0	0.48
159300	0.48	0.5	0.5	0	0	0.48
159400	0.48	0.5	0.5	0	0	0.48
159500	0.48	0.5	0.5	0	0	0.48
159600	0.48	0.5	0.5	0	0	0.48
159700	0.48	0.5	0.5	0	0	0.48
159800	0.48	0.5	0.5	0	0	0.48
159900	0.48	0.5	0.5	0	0	0.48
160000	0.48	0.5	0.5	0	0	0.48
160100	0.48	0.5	0.5	0	0	0.48
160200	0.48	0.5	0.5	0	0	0.48
160300	0.48	0.5	0.5	0	0	0.48
160400	0.48	0.5	0.5	0	0	0.48
160500	0.48	0.5	0.5	0	0	0.48
160600	0.48	0.5	0.5	0	0	0.48
160700	0.48	0.5	0.5	0	0	0.48
160800	0.48	0.5	0.5	0	0	0.48
160900	0.48	0.5	0.5	0	0	0.48
161000	0.48	0.5	0.5	0	0	0.48
161100	0.48	0.5	0.5	0	0	0.48
161200	0.48	0.5	0.5	0	0	0.48
161300	0.48	0.5	0.5	0	0	0.48
161400	0.48	0.5	0.5	0	0	0.48
161500	0.48	0.5	0.5	0	0	0.48
161600	0.48	0.5	0.5	0	0	0.48
161700	0.48	0.5	0.5	0	0	0.48
161800	0.48	0.5	0.5	0	0	0.48
161900	0.48	0.5	0.5	0	0	0.48
162000	0.48	0.5	0.5	0	0	0.48
162100	0.48	0.5	0.5	0	0	0.48
162200	0.48	0.5	0.5	0	0	0.48
162300	0.48	0.5	0.5	0	0	0.48
162400	0.48	0.5	0.5	0	0	0.48
162500	0.48	0.5	0.5	0	0	0.48
162600	0.48	0.5	0.5	0	0	0.48
162700	0.48	0.5	0.5	0	0	0.48
162800	0.48	0.5	0.5	0	0	0.48
162900	0.48	0.5	0.5	0	0	0.48
163000	0.48	0.5	0.5	0	0	0.48
163100	0.48	0.5	0.5	0	0	0.48
163200	0.48	0.51	0.51	0	0	0.48
163300	0.48	0.5	0.5	0	0	0.48
163400	0.48	0.5	0.5	0	0	0.48
163500	0.48	0.5	0.5	0	0	0.48
163600	0.48	0.5	0.5	0	0	0.48
163700	0.48	0.5	0.5	0	0	0.48
163800	0.48	0.5	0.5	0	0	0.48
163900	0.48	0.5	0.5	0	0	0.48
164000	0.48	0.5	0.5	0	0	0.48
164100	0.48	0.5	0.5	0	0	0.48
164200	0.48	0.5	0.5	0	0	0.48
164300	0.48	0.5	0.5	0	0	0.48
164400	0.48	0.5	0.5	0	0	0.48
164500	0.48	0.5	0.5	0	0	0.48
164600	0.48	0.5	0.5	0	0	0.48
164700	0.48	0.5	0.5	0	0	0.48
164800	0.48	0.51	0.51	0	0	0.48
164900	0.48	0.51	0.51	0	0	0.48
165000	0.48	0.51	0.51	0	0	0.48
165100	0.48	0.51	0.51	0	0	0.48
165200	0.48	0.51	0.51	0	0	0.48
165300	0.48	0.51	0.51	0	0	0.48
165400	0.48	0.51	0.51	0	0	0.48
165500	0.48	0.51	0.51	0	0	0.48
165600	0.48	0.51	0.51	0	0	0.48
165700	0.48	0.51	0.51	0	0	0.48
165800	0.48	0.51	0.51	0	0	0.48
165900	0.48	0.51	0.51	0	0	0.48
166000	0.48	0.51	0.51	0	0	0.48
166100	0.48	0.51	0.51	0	0	0.48
166200	0.48	0.51	0.51	0	0	0.48
166300	0.48	0.51	0.51	0	0	0.48
166400	0.48	0.51	0.51	0	0	0.48
166500	0.48	0.51	0.51	0	0	0.48
166600	0.48	0.51	0.51	0	0	0.48
166700	0.48	0.51	0.51	0	0	0.48
166800	0.48	0.51	0.51	0	0	0.48
166900	0.48	0.51	0.51	0	0	0.48
167000	0.48	0.51	0.51	0	0	0.48
167100	0.48	0.51	0.51	0	0	0.48
167200	0.48	0.51	0.51	0	0	0.48
167300	0.48	0.51	0.51	0	0	0.48
167400	0.48	0.51	0.51	0	0	0.48
167500	0.48	0.51	0.51	0	0	0.48
167600	0.48	0.51	0.51	0	0	0.48
167700	0.48	0.51	0.51	0	0	0.48
167800	0.48	0.51	0.51	0	0	0.48
167900	0.48	0.51	0.51	0	0	0.48
168000	0.48	0.51	0.51	0	0	0.48
168100	0.48	0.51	0.51	0	0	0.48
168200	0.48	0.51	0.51	0	0	0.48
168300	0.48	0.51	0.51	0	0	0.48
168400	0.48	0.51	0.51	0	0	0.48
168500	0.48	0.51	0.51	0	0	0.48
168600	0.48	0.51	0.51	0	0	0.48
168700	0.48	0.51	0.51	0	0	0.48
168800	0.48	0.51	0.51	0	0	0.48
168900	0.48	0.51	0.51	0	0	0.48
169000	0.48	0.51	0.51	0	0	0.48
169100	0.48	0.51	0.51	0	0	0.48
169200	0.48	0.51	0.51	0	0	0.48
169300	0.48	0.51	0.51	0	0	0.48
169400	0.48	0.51	0.51	0	0	0.48
169500	0.48	0.51	0.51	0	0	0.48
169600	0.48	0.51	0.51	0	0	0.48
169700	0.48	0.51	0.51	0	0	0.48
169800	0.48	0.51	0.51	0	0	0.48
169900	0.48	0.51	0.51	0	0	0.48
170000	0.48	0.51	0.51	0	0	0.48
170100	0.48	0.51	0.51	0	0	0.48
170200	0.48	0.51	0.51	0	0	0.48
170300	0.48	0.51	0.51	0	0	0.48
170400	0.48	0.51	0.51	0	0	0.48
170500	0.48	0.51	0.51	0	0	0.48
170600	0.48	0.51	0.51	0	0	0.48
170700	0.48	0.51	0.51	0	0	0.48
170800	0.48	0.51	0.51	0	0	0.48
170900	0.48	0.51	0.51	0	0	0.48
171000	0.48	0.51	0.51	0	0	0.48
171100	0.48	0.51	0.51	0	0	0.48
171200	0.48	0.51	0.51	0	0	0.48
171300	0.48	0.51	0.51	0	0	0.48
171400	0.48	0.51	0.51	0	0	0.48
171500	0.48	0.51	0.51	0	0	0.48
171600	0.48	0.51	0.51	0	0	0.48
171700	0.48	0.51	0.51	0	0	0.48
171800	0.48	0.51	0.51	0	0	0.48
171900	0.48	0.51	0.51	0	0	0.48
172000	0.48	0.51	0.51	0	0	0.48
172100	0.48	0.51	0.51	0	0	0.48
172200	0.48	0.51	0.51	0	0	0.48
172300	0.48	0.51	0.51	0	0	0.48
172400	0.48	0.51	0.51	0	0	0.48
172500	0.48	0.51	0.51	0	0	0.48
172600	0.48	0.51	0.51	0	0	0.48
172700	0.48	0.51	0.51	0	0	0.48
172800	0.48	0.51	0.51	0	0	0.48
172900	0.48	0.51	0.51	0	0	0.48
173000	0.48	0.51	0.51	0	0	0.48
173100	0.48	0.51	0.51	0	0	0.48
173200	0.48	0.51	0.51	0	0	0.48
173300	0.48	0.51	0.51	0	0	0.48
173400	0.48	0.51	0.51	0	0	0.48
173500	0.48	0.51	0.51	0	0	0.48
173600	0.48	0.51	0.51	0	0	0.48
173700	0.48	0.51	0.51	0	0	0.48
173800	0.48	0.51	0.51	0	0	0.48
173900	0.48	0.51	0.51	0	0	0.48
174000	0.48	0.51	0.51	0	0	0.48
174100	0.48	0.51	0.51	0	0	0.48
174200	0.48	0.51	0.51	0	0	0.48
174300	0.48	0.51	0.51	0	0	0.48
174400	0.48	0.51	0.51	0	0	0.48
174500	0.48	0.51	0.51	0	0	0.48
174600	0.48	0.51	0.51	0	0	0.48
174700	0.48	0.51	0.51	0	0	0.48
174800	0.48	0.51	0.51	0	0	0.48
174900	0.48	0.51	0.51	0	0	0.48
175000	0.47	0.51	0.51	0	0	0.47
175100	0.47	0.51	0.51	0	0	0.47
175200	0.47	0.51	0.51	0	0	0.47
175300	0.47	0.51	0.51	0	0	0.47
175400	0.47	0.51	0.51	0	0	0.47
175500	0.47	0.51	0.51	0	0	0.47
175600	0.47	0.51	0.51	0	0	0.47
175700	0.47	0.51	0.51	0	0	0.47
175800	0.48	0.51	0.51	0	0	0.48
175900	0.48	0.51	0.51	0	0	0.48
176000	0.48	0.51	0.51	0	0	0.48
176100	0.48	0.51	0.51	0	0	0.48
176200	0.48	0.51	0.51	0	0	0.48
176300	0.48	0.51	0.51	0	0	0.48
176400	0.48	0.51	0.51	0	0	0.48
176500	0.48	0.51	0.51	0	0	0.48
176600	0.48	0.51	0.51	0	0	0.48
176700	0.48	0.51	0.51	0	0	0.48
176800	0.48	0.51	0.51	0	0	0.48
176900	0.48	0.51	0.51	0	0	0.48
177000	0.48	0.51	0.51	0	0	0.48
177100	0.48	0.51	0.51	0	0	0.48
177200	0.48	0.51	0.51	0	0	0.48
177300	0.48	0.51	0.51	0	0	0.48
177400	0.48	0.51	0.51	0	0	0.48
177500	0.48	0.51	0.51	0	0	0.48
177600	0.48	0.51	0.51	0	0	0.48
177700	0.48	0.51	0.51	0	0	0.48
177800	0.48	0.51	0.51	0	0	0.48
177900	0.48	0.51	0.51	0	0	0.48
178000	0.48	0.51	0.51	0	0	0.48
178100	0.48	0.51	0.51	0	0	0.48
178200	0.48	0.51	0.51	0	0	0.48
178300	0.48	0.51	0.51	0	0	0.48
178400	0.48	0.51	0.51	0	0	0.48
178500	0.48	0.51	0.51	0	0	0.48
178600	0.48	0.51	0.51	0	0	0.48
178700	0.48	0.51	0.51	0	0	0.48
178800	0.48	0.51	0.51	0	0	0.48
178900	0.48	0.51	0.51	0	0	0.48
179000	0.48	0.51	0.51	0	0	0.48
179100	0.48	0.51	0.51	0	0	0.48
179200	0.48	0.51	0.51	0	0	0.48
179300	0.48	0.51	0.51	0	0	0.48
179400	0.48	0.51	0.51	0	0	0.48
179500	0.48	0.51	0.51	0	0	0.48
179600	0.48	0.51	0.51	0	0	0.48
179700	0.48	0.51	0.51	0	0	0.48
179800	0.48	0.51	0.51	0	0	0.48
179900	0.48	0.51	0.51	0	0	0.48
180000	0.48	0.51	0.51	0	0	0.48
180100	0.48	0.51	0.51	0	0	0.48
180200	0.48	0.51	0.51	0	0	0.48
180300	0.48	0.51	0.51	0	0	0.48
180400	0.48	0.51	0.51	0	0	0.48
180500	0.48	0.51	0.51	0	0	0.48
180600	0.48	0.51	0.51	0	0	0.48
180700	0.48	0.51	0.51	0	0	0.48
180800	0.48	0.51	0.51	0	0	0.48
180900	0.48	0.51	0.51	0	0	0.48
181000	0.48	0.51	0.51	0	0	0.48
181100	0.48	0.51	0.51	0	0	0.48
181200	0.48	0.51	0.51	0	0	0.48
181300	0.48	0.51	0.51	0	0	0.48
181400	0.48	0.51	0.51	0	0	0.48
181500	0.48	0.51	0.51	0	0	0.48
181600	0.48	0.51	0.51	0	0	0.48
181700	0.48	0.51	0.51	0	0	0.48
181800	0.48	0.51	0.51	0	0	0.48
181900	0.48	0.51	0.51	0	0	0.48
182000	0.48	0.51	0.51	0	0	0.48
182100	0.48	0.51	0.51	0	0	0.48
182200	0.48	0.51	0.51	0	0	0.48
182300	0.48	0.51	0.51	0	0	0.48
182400	0.48	0.51	0.51	0	0	0.48
182500	0.48	0.51	0.51	0	0	0.48
182600	0.48	0.51	0.51	0	0	0.48
182700	0.48	0.51	0.51	0	0	0.48
182800	0.48	0.51	0.51	0	0	0.48
182900	0.48	0.51	0.51	0	0	0.48
183000	0.48	0.51	0.51	0	0	0.48
183100	0.48	0.51	0.51	0	0	0.48
183200	0.48	0.51	0.51	0	0	0.48
183300	0.48	0.51	0.51	0	0	0.48
183400	0.48	0.51	0.51	0	0	0.48
183500	0.48	0.51	0.51	0	0	0.48
183600	0.48	0.51	0.51	0	0	0.48
183700	0.48	0.51	0.51	0	0	0.48
183800	0.48	0.51	0.51	0	0	0.48
183900	0.48	0.51	0.51	0	0	0.48
184000	0.48	0.51	0.51	0	0	0.48
184100	0.48	0.51	0.51	0	0	0.48
184200	0.48	0.51	0.51	0	0	0.48
184300	0.48	0.51	0.51	0	0	0.48
184400	0.48	0.51	0.51	0	0	0.48
184500	0.48	0.51	0.51	0	0	0.48
184600	0.48	0.51	0.51	0	0	0.48
184700	0.48	0.51	0.51	0	0	0.48
184800	0.48	0.51	0.51	0	0	0.48
184900	0.48	0.51	0.51	0	0	0.48
185000	0.48	0.51	0.51	0	0	0.48
185100	0.48	0.51	0.51	0	0	0.48
185200	0.48	0.51	0.51	0	0	0.48
185300	0.48	0.51	0.51	0	0	0.48
185400	0.48	0.51	0.51	0	0	0.48
185500	0.48	0.51	0.51	0	0	0.48
185600	0.48	0.51	0.51	0	0	0.48
185700	0.48	0.51	0.51	0	0	0.48
185800	0.48	0.51	0.51	0	0	0.48
185900	0.48	0.51	0.51	0	0	0.48
186000	0.48	0.51	0.51	0	0	0.48
186100	0.48	0.51	0.51	0	0	0.48
186200	0.48	0.51	0.51	0	0	0.48
186300	0.48	0.51	0.51	0	0	0.48
186400	0.48	0.51	0.51	0	0	0.48
186500	0.48	0.51	0.51	0	0	0.48
186600	0.48	0.51	0.51	0	0	0.48
186700	0.48	0.5	0.5	0	0	0.48
186800	0.48	0.5	0.5	0	0	0.48
186900	0.48	0.5	0.5	0	0	0.48
187000	0.48	0.5	0.5	0	0	0.48
187100	0.48	0.5	0.5	0	0	0.48
187200	0.48	0.5	0.5	0	0	0.48
187300	0.48	0.5	0.5	0	0	0.48
187400	0.48	0.5	0.5	0	0	0.48
187500	0.48	0.5	0.5	0	0	0.48
187600	0.48	0.5	0.5	0	0	0.48
187700	0.48	0.5	0.5	0	0	0.48
187800	0.48	0.51	0.51	0	0	0.48
187900	0.48	0.51	0.51	0	0	0.48
188000	0.48	0.51	0.51	0	0	0.48
188100	0.48	0.51	0.51	0	0	0.48
188200	0.48	0.51	0.51	0	0	0.48
188300	0.48	0.51	0.51	0	0	0.48
188400	0.48	0.51	0.51	0	0	0.48
188500	0.48	0.51	0.51	0	0	0.48
188600	0.48	0.51	0.51	0	0	0.48
188700	0.48	0.51	0.51	0	0	0.48
188800	0.48	0.51	0.51	0	0	0.48
188900	0.48	0.51	0.51	0	0	0.48
189000	0.48	0.51	0.51	0	0	0.48
189100	0.48	0.51	0.51	0	0	0.48
189200	0.48	0.51	0.51	0	0	0.48
189300	0.48	0.51	0.51	0	0	0.48
189400	0.48	0.51	0.51	0	0	0.48
189500	0.48	0.51	0.51	0	0	0.48
189600	0.48	0.51	0.51	0	0	0.48
189700	0.48	0.51	0.51	0	0	0.48
189800	0.48	0.51	0.51	0	0	0.48
189900	0.48	0.51	0.51	0	0	0.48
190000	0.48	0.51	0.51	0	0	0.48
190100	0.48	0.51	0.51	0	0	0.48
190200	0.48	0.51	0.51	0	0	0.48
190300	0.48	0.51	0.51	0	0	0.48
190400	0.48	0.51	0.51	0	0	0.48
190500	0.48	0.51	0.51	0	0	0.48
190600	0.48	0.51	0.51	0	0	0.48
190700	0.48	0.51	0.51	0	0	0.48
190800	0.48	0.51	0.51	0	0	0.48
190900	0.48	0.51	0.51	0	0	0.48
191000	0.48	0.51	0.51	0	0	0.48
191100	0.48	0.51	0.51	0	0	0.48
191200	0.48	0.51	0.51	0	0	0.48
191300	0.48	0.51	0.51	0	0	0.48
191400	0.48	0.51	0.51	0	0	0.48
191500	0.48	0.51	0.51	0	0	0.48
191600	0.48	0.51	0.51	0	0	0.48
191700	0.48	0.51	0.51	0	0	0.48
191800	0.48	0.51	0.51	0	0	0.48
191900	0.48	0.51	0.51	0	0	0.48
192000	0.48	0.51	0.51	0	0	0.48
192100	0.48	0.51	0.51	0	0	0.48
192200	0.48	0.51	0.51	0	0	0.48
192300	0.48	0.51	0.51	0	0	0.48
192400	0.48	0.51	0.51	0	0	0.48
192500	0.48	0.51	0.51	0	0	0.48
192600	0.48	0.51	0.51	0	0	0.48
192700	0.48	0.51	0.51	0	0	0.48
192800	0.48	0.51	0.51	0	0	0.48
192900	0.48	0.51	0.51	0	0	0.48
193000	0.48	0.51	0.51	0	0	0.48
193100	0.48	0.51	0.51	0	0	0.48
193200	0.48	0.51	0.51	0	0	0.48
193300	0.48	0.51	0.51	0	0	0.48
193400	0.48	0.51	0.51	0	0	0.48
193500	0.48	0.51	0.51	0	0	0.48
193600	0.48	0.51	0.51	0	0	0.48
193700	0.48	0.51	0.51	0	0	0.48
193800	0.48	0.51	0.51	0	0	0.48
193900	0.48	0.51	0.51	0	0	0.48
194000	0.48	0.51	0.51	0	0	0.48
194100	0.48	0.51	0.51	0	0	0.48
194200	0.48	0.51	0.51	0	0	0.48
194300	0.48	0.51	0.51	0	0	0.48
194400	0.48	0.51	0.51	0	0	0.48
194500	0.48	0.51	0.51	0	0	0.48
194600	0.48	0.51	0.51	0	0	0.48
194700	0.48	0.51	0.51	0	0	0.48
194800	0.48	0.51	0.51	0	0	0.48
194900	0.48	0.51	0.51	0	0	0.48
195000	0.48	0.51	0.51	0	0	0.48
195100	0.48	0.51	0.51	0	0	0.48
195200	0.48	0.51	0.51	0	0	0.48
195300	0.48	0.51	0.51	0	0	0.48
195400	0.48	0.51	0.51	0	0	0.48
195500	0.48	0.51	0.51	0	0	0.48
195600	0.48	0.51	0.51	0	0	0.48
195700	0.48	0.51	0.51	0	0	0.48
195800	0.48	0.51	0.51	0	0	0.48
195900	0.48	0.51	0.51	0	0	0.48
196000	0.48	0.51	0.51	0	0	0.48
196100	0.48	0.51	0.51	0	0	0.48
196200	0.48	0.51	0.51	0	0	0.48
196300	0.48	0.51	0.51	0	0	0.48
196400	0.48	0.51	0.51	0	0	0.48
196500	0.48	0.51	0.51	0	0	0.48
196600	0.48	0.51	0.51	0	0	0.48
196700	0.48	0.51	0.51	0	0	0.48
196800	0.48	0.51	0.51	0	0	0.48
196900	0.48	0.51	0.51	0	0	0.48
197000	0.48	0.51	0.51	0	0	0.48
197100	0.48	0.51	0.51	0	0	0.48
197200	0.48	0.51	0.51	0	0	0.48
197300	0.48	0.51	0.51	0	0	0.48
197400	0.48	0.51	0.51	0	0	0.48
197500	0.48	0.51	0.51	0	0	0.48
197600	0.48	0.51	0.51	0	0	0.48
197700	0.47	0.51	0.51	0	0	0.47
197800	0.47	0.51	0.51	0	0	0.47
197900	0.47	0.51	0.51	0	0	0.47
198000	0.47	0.51	0.51	0	0	0.47
198100	0.47	0.51	0.51	0	0	0.47
198200	0.47	0.51	0.51	0	0	0.47
198300	0.47	0.51	0.51	0	0	0.47
198400	0.47	0.51	0.51	0	0	0.47
198500	0.47	0.51	0.51	0	0	0.47
198600	0.47	0.51	0.51	0	0	0.47
198700	0.47	0.51	0.51	0	0	0.47
198800	0.47	0.51	0.51	0	0	0.47
198900	0.47	0.51	0.51	0	0	0.47
199000	0.47	0.51	0.51	0	0	0.47
199100	0.47	0.51	0.51	0	0	0.47
199200	0.47	0.51	0.51	0	0	0.47
199300	0.47	0.51	0.51	0	0	0.47
199400	0.47	0.51	0.51	0	0	0.47
199500	0.47	0.51	0.51	0	0	0.47
199600	0.47	0.51	0.51	0	0	0.47
199700	0.47	0.51	0.51	0	0	0.47
199800	0.47	0.51	0.51	0	0	0.47
199900	0.47	0.51	0.51	0	0	0.47
200000	0.47	0.51	0.51	0	0	0.47
200100	0.47	0.51	0.51	0	0	0.47
200200	0.47	0.51	0.51	0	0	0.47
200300	0.47	0.51	0.51	0	0	0.47
200400	0.47	0.51	0.51	0	0	0.47
200500	0.47	0.51	0.51	0	0	0.47
200600	0.47	0.51	0.51	0	0	0.47
200700	0.47	0.51	0.51	0	0	0.47
200800	0.47	0.51	0.51	0	0	0.47
200900	0.47	0.51	0.51	0	0	0.47
201000	0.47	0.51	0.51	0	0	0.47
201100	0.47	0.51	0.51	0	0	0.47
201200	0.47	0.51	0.51	0	0	0.47
201300	0.47	0.51	0.51	0	0	0.47
201400	0.47	0.51	0.51	0	0	0.47
201500	0.48	0.51	0.51	0	0	0.48
201600	0.48	0.51	0.51	0	0	0.48
201700	0.48	0.51	0.51	0	0	0.48
201800	0.48	0.51	0.51	0	0	0.48
201900	0.48	0.51	0.51	0	0	0.48
202000	0.48	0.51	0.51	0	0	0.48
202100	0.48	0.51	0.51	0	0	0.48
202200	0.48	0.51	0.51	0	0	0.48
202300	0.48	0.51	0.51	0	0	0.48
202400	0.48	0.51	0.51	0	0	0.48
202500	0.48	0.51	0.51	0	0	0.48
202600	0.48	0.51	0.51	0	0	0.48
202700	0.48	0.51	0.51	0	0	0.48
202800	0.48	0.51	0.51	0	0	0.48
202900	0.48	0.51	0.51	0	0	0.48
203000	0.48	0.51	0.51	0	0	0.48
203100	0.48	0.51	0.51	0	0	0.48
203200	0.48	0.51	0.51	0	0	0.48
203300	0.48	0.51	0.51	0	0	0.48
203400	0.48	0.51	0.51	0	0	0.48
203500	0.48	0.51	0.51	0	0	0.48
203600	0.48	0.51	0.51	0	0	0.48
203700	0.48	0.51	0.51	0	0	0.48
203800	0.48	0.51	0.51	0	0	0.48
203900	0.48	0.51	0.51	0	0	0.48
204000	0.48	0.51	0.51	0	0	0.48
204100	0.48	0.51	0.51	0	0	0.48
204200	0.48	0.51	0.51	0	0	0.48
204300	0.48	0.51	0.51	0	0	0.48
204400	0.48	0.51	0.51	0	0	0.48
204500	0.48	0.51	0.51	0	0	0.48
204600	0.48	0.51	0.51	0	0	0.48
204700	0.48	0.51	0.51	0	0	0.48
204800	0.48	0.51	0.51	0	0	0.48
204900	0.48	0.51	0.51	0	0	0.48
205000	0.48	0.51	0.51	0	0	0.48
205100	0.48	0.51	0.51	0	0	0.48
205200	0.48	0.51	0.51	0	0	0.48
205300	0.47	0.51	0.51	0	0	0.47
205400	0.47	0.51	0.51	0	0	0.47
205500	0.47	0.51	0.51	0	0	0.47
205600	0.47	0.51	0.51	0	0	0.47
205700	0.47	0.51	0.51	0	0	0.47
205800	0.47	0.51	0.51	0	0	0.47
205900	0.47	0.51	0.51	0	0	0.47
206000	0.47	0.51	0.51	0	0	0.47
206100	0.47	0.51	0.51	0	0	0.47
206200	0.47	0.51	0.51	0	0	0.47
206300	0.47	0.51	0.51	0	0	0.47
206400	0.47	0.51	0.51	0	0	0.47
206500	0.47	0.51	0.51	0	0	0.47
206600	0.47	0.51	0.51	0	0	0.47
206700	0.48	0.51	0.51	0	0	0.48
206800	0.48	0.51	0.51	0	0	0.48
206900	0.48	0.51	0.51	0	0	0.48
207000	0.48	0.51	0.51	0	0	0.48
207100	0.48	0.51	0.51	0	0	0.48
207200	0.48	0.51	0.51	0	0	0.48
207300	0.48	0.51	0.51	0	0	0.48
207400	0.48	0.51	0.51	0	0	0.48
207500	0.48	0.51	0.51	0	0	0.48
207600	0.48	0.51	0.51	0	0	0.48
207700	0.48	0.51	0.51	0	0	0.48
207800	0.48	0.51	0.51	0	0	0.48
207900	0.48	0.51	0.51	0	0	0.48
208000	0.48	0.51	0.51	0	0	0.48
208100	0.48	0.51	0.51	0	0	0.48
208200	0.48	0.51	0.51	0	0	0.48
208300	0.48	0.51	0.51	0	0	0.48
208400	0.48	0.51	0.51	0	0	0.48
208500	0.48	0.51	0.51	0	0	0.48
208600	0.48	0.51	0.51	0	0	0.48
208700	0.48	0.51	0.51	0	0	0.48
208800	0.48	0.51	0.51	0	0	0.48
208900	0.48	0.51	0.51	0	0	0.48
209000	0.48	0.51	0.51	0	0	0.48
209100	0.48	0.51	0.51	0	0	0.48
209200	0.48	0.51	0.51	0	0	0.48
209300	0.48	0.51	0.51	0	0	0.48
209400	0.48	0.51	0.51	0	0	0.48
209500	0.48	0.51	0.51	0	0	0.48
209600	0.48	0.51	0.51	0	0	0.48
209700	0.48	0.51	0.51	0	0	0.48
209800	0.48	0.51	0.51	0	0	0.48
209900	0.48	0.51	0.51	0	0	0.48
210000	0.48	0.51	0.51	0	0	0.48
210100	0.48	0.51	0.51	0	0	0.48
210200	0.48	0.51	0.51	0	0	0.48
210300	0.48	0.51	0.51	0	0	0.48
210400	0.48	0.51	0.51	0	0	0.48
210500	0.48	0.51	0.51	0	0	0.48
210600	0.48	0.51	0.51	0	0	0.48
210700	0.48	0.51	0.51	0	0	0.48
210800	0.48	0.51	0.51	0	0	0.48
210900	0.48	0.51	0.51	0	0	0.48
211000	0.48	0.51	0.51	0	0	0.48
211100	0.48	0.51	0.51	0	0	0.48
211200	0.48	0.51	0.51	0	0	0.48
211300	0.48	0.51	0.51	0	0	0.48
211400	0.48	0.51	0.51	0	0	0.48
211500	0.48	0.51	0.51	0	0	0.48
211600	0.48	0.51	0.51	0	0	0.48
211700	0.48	0.51	0.51	0	0	0.48
211800	0.48	0.51	0.51	0	0	0.48
211900	0.48	0.51	0.51	0	0	0.48
212000	0.48	0.51	0.51	0	0	0.48
212100	0.48	0.51	0.51	0	0	0.48
212200	0.48	0.51	0.51	0	0	0.48
212300	0.48	0.51	0.51	0	0	0.48
212400	0.48	0.51	0.51	0	0	0.48
212500	0.48	0.51	0.51	0	0	0.48
212600	0.48	0.51	0.51	0	0	0.48
212700	0.48	0.51	0.51	0	0	0.48
212800	0.48	0.51	0.51	0	0	0.48
212900	0.48	0.51	0.51	0	0	0.48
213000	0.48	0.51	0.51	0	0	0.48
213100	0.48	0.51	0.51	0	0	0.48
213200	0.48	0.51	0.51	0	0	0.48
213300	0.48	0.51	0.51	0	0	0.48
213400	0.48	0.51	0.51	0	0	0.48
213500	0.48	0.51	0.51	0	0	0.48
213600	0.48	0.51	0.51	0	0	0.48
213700	0.48	0.51	0.51	0	0	0.48
213800	0.48	0.51	0.51	0	0	0.48
213900	0.48	0.51	0.51	0	0	0.48
214000	0.48	0.51	0.51	0	0	0.48
214100	0.48	0.51	0.51	0	0	0.48
214200	0.48	0.51	0.51	0	0	0.48
214300	0.48	0.51	0.51	0	0	0.48
214400	0.48	0.51	0.51	0	0	0.48
214500	0.48	0.51	0.51	0	0	0.48
214600	0.48	0.51	0.51	0	0	0.48
214700	0.48	0.51	0.51	0	0	0.48
214800	0.48	0.51	0.51	0	0	0.48
214900	0.48	0.51	0.51	0	0	0.48
215000	0.48	0.51	0.51	0	0	0.48
215100	0.48	0.51	0.51	0	0	0.48
215200	0.48	0.51	0.51	0	0	0.48
215300	0.48	0.51	0.51	0	0	0.48
215400	0.48	0.51	0.51	0	0	0.48
215500	0.48	0.51	0.51	0	0	0.48
215600	0.48	0.51	0.51	0	0	0.48
215700	0.48	0.51	0.51	0	0	0.48
215800	0.48	0.51	0.51	0	0	0.48
215900	0.48	0.51	0.51	0	0	0.48
216000	0.48	0.51	0.51	0	0	0.48
216100	0.48	0.51	0.51	0	0	0.48
216200	0.48	0.51	0.51	0	0	0.48
216300	0.48	0.51	0.51	0	0	0.48
216400	0.48	0.51	0.51	0	0	0.48
216500	0.48	0.51	0.51	0	0	0.48
216600	0.48	0.51	0.51	0	0	0.48
216700	0.48	0.51	0.51	0	0	0.48
216800	0.48	0.51	0.51	0	0	0.48
216900	0.48	0.51	0.51	0	0	0.48
217000	0.48	0.51	0.51	0	0	0.48
217100	0.48	0.51	0.51	0	0	0.48
217200	0.48	0.51	0.51	0	0	0.48
217300	0.48	0.51	0.51	0	0	0.48
217400	0.48	0.51	0.51	0	0	0.48
217500	0.48	0.51	0.51	0	0	0.48
217600	0.48	0.51	0.51	0	0	0.48
217700	0.48	0.51	0.51	0	0	0.48
217800	0.48	0.51	0.51	0	0	0.48
217900	0.48	0.51	0.51	0	0	0.48
218000	0.48	0.51	0.51	0	0	0.48
218100	0.48	0.51	0.51	0	0	0.48
218200	0.48	0.51	0.51	0	0	0.48
218300	0.48	0.51	0.51	0	0	0.48
218400	0.48	0.51	0.51	0	0	0.48
218500	0.48	0.51	0.51	0	0	0.48
218600	0.48	0.51	0.51	0	0	0.48
218700	0.48	0.51	0.51	0	0	0.48
218800	0.48	0.51	0.51	0	0	0.48
218900	0.48	0.51	0.51	0	0	0.48
219000	0.48	0.51	0.51	0	0	0.48
219100	0.48	0.51	0.51	0	0	0.48
219200	0.48	0.51	0.51	0	0	0.48
219300	0.48	0.51	0.51	0	0	0.48
219400	0.48	0.51	0.51	0	0	0.48
219500	0.48	0.51	0.51	0	0	0.48
219600	0.48	0.51	0.51	0	0	0.48
219700	0.48	0.51	0.51	0	0	0.48
219800	0.48	0.51	0.51	0	0	0.48
219900	0.48	0.51	0.51	0	0	0.48
220000	0.48	0.51	0.51	0	0	0.48
220100	0.48	0.51	0.51	0	0	0.48
220200	0.48	0.51	0.51	0	0	0.48
220300	0.48	0.51	0.51	0	0	0.48
220400	0.48	0.51	0.51	0	0	0.48
220500	0.48	0.51	0.51	0	0	0.48
220600	0.48	0.51	0.51	0	0	0.48
220700	0.48	0.51	0.51	0	0	0.48
220800	0.48	0.51	0.51	0	0	0.48
220900	0.48	0.51	0.51	0	0	0.48
221000	0.48	0.51	0.51	0	0	0.48
221100	0.48	0.51	0.51	0	0	0.48
221200	0.48	0.51	0.51	0	0	0.48
221300	0.48	0.51	0.51	0	0	0.48
221400	0.48	0.51	0.51	0	0	0.48
221500	0.48	0.51	0.51	0	0	0.48
221600	0.48	0.51	0.51	0	0	0.48
221700	0.48	0.51	0.51	0	0	0.48
221800	0.48	0.51	0.51	0	0	0.48
221900	0.48	0.51	0.51	0	0	0.48
222000	0.48	0.51	0.51	0	0	0.48
222100	0.48	0.51	0.51	0	0	0.48
222200	0.48	0.51	0.51	0	0	0.48
222300	0.48	0.51	0.51	0	0	0.48
222400	0.48	0.51	0.51	0	0	0.48
222500	0.48	0.51	0.51	0	0	0.48
222600	0.48	0.51	0.51	0	0	0.48
222700	0.48	0.51	0.51	0	0	0.48
222800	0.48	0.51	0.51	0	0	0.48
222900	0.48	0.51	0.51	0	0	0.48
223000	0.48	0.51	0.51	0	0	0.48
223100	0.48	0.51	0.51	0	0	0.48
223200	0.48	0.51	0.51	0	0	0.48
223300	0.48	0.51	0.51	0	0	0.48
223400	0.48	0.51	0.51	0	0	0.48
223500	0.48	0.51	0.51	0	0	0.48
223600	0.48	0.51	0.51	0	0	0.48
223700	0.48	0.51	0.51	0	0	0.48
223800	0.48	0.51	0.51	0	0	0.48
223900	0.48	0.51	0.51	0	0	0.48
224000	0.48	0.51	0.51	0	0	0.48
224100	0.48	0.51	0.51	0	0	0.48
224200	0.48	0.51	0.51	0	0	0.48
224300	0.48	0.51	0.51	0	0	0.48
224400	0.48	0.51	0.51	0	0	0.48
224500	0.48	0.51	0.51	0	0	0.48
224600	0.48	0.51	0.51	0	0	0.48
224700	0.48	0.51	0.51	0	0	0.48
224800	0.48	0.51	0.51	0	0	0.48
224900	0.48	0.51	0.51	0	0	0.48
225000	0.48	0.51	0.51	0	0	0.48
225100	0.48	0.51	0.51	0	0	0.48
225200	0.48	0.51	0.51	0	0	0.48
225300	0.48	0.51	0.51	0	0	0.48
225400	0.48	0.51	0.51	0	0	0.48
225500	0.48	0.51	0.51	0	0	0.48
225600	0.48	0.51	0.51	0	0	0.48
225700	0.48	0.51	0.51	0	0	0.48
225800	0.48	0.51	0.51	0	0	0.48
225900	0.48	0.51	0.51	0	0	0.48
226000	0.48	0.51	0.51	0	0	0.48
226100	0.48	0.51	0.51	0	0	0.48
226200	0.48	0.51	0.51	0	0	0.48
226300	0.48	0.51	0.51	0	0	0.48
226400	0.48	0.51	0.51	0	0	0.48
226500	0.48	0.51	0.51	0	0	0.48
226600	0.48	0.51	0.51	0	0	0.48
226700	0.48	0.51	0.51	0	0	0.48
226800	0.48	0.51	0.51	0	0	0.48
226900	0.48	0.51	0.51	0	0	0.48
227000	0.48	0.51	0.51	0	0	0.48
227100	0.48	0.51	0.51	0	0	0.48
227200	0.48	0.51	0.51	0	0	0.48
227300	0.48	0.51	0.51	0	0	0.48
227400	0.48	0.51	0.51	0	0	0.48
227500	0.48	0.51	0.51	0	0	0.48
227600	0.48	0.51	0.51	0	0	0.48
227700	0.48	0.51	0.51	0	0	0.48
227800	0.48	0.51	0.51	0	0	0.48
227900	0.48	0.51	0.51	0	0	0.48
228000	0.48	0.51	0.51	0	0	0.48
228100	0.48	0.51	0.51	0	0	0.48
228200	0.48	0.51	0.51	0	0	0.48
228300	0.48	0.51	0.51	0	0	0.48
228400	0.48	0.51	0.51	0	0	0.48
228500	0.48	0.51	0.51	0	0	0.48
228600	0.48	0.51	0.51	0	0	0.48
228700	0.48	0.51	0.51	0	0	0.48
228800	0.48	0.51	0.51	0	0	0.48
228900	0.48	0.51	0.51	0	0	0.48
229000	0.48	0.51	0.51	0	0	0.48
229100	0.48	0.51	0.51	0	0	0.48
229200	0.48	0.51	0.51	0	0	0.48
229300	0.48	0.51	0.51	0	0	0.48
229400	0.48	0.51	0.51	0	0	0.48
229500	0.48	0.51	0.51	0	0	0.48
229600	0.48	0.51	0.51	0	0	0.48
229700	0.48	0.51	0.51	0	0	0.48
229800	0.47	0.51	0.51	0	0	0.47
229900	0.47	0.51	0.51	0	0	0.47
230000	0.47	0.51	0.51	0	0	0.47
230100	0.47	0.51	0.51	0	0	0.47
230200	0.47	0.51	0.51	0	0	0.47
230300	0.47	0.51	0.51	0	0	0.47
230400	0.47	0.51	0.51	0	0	0.47
230500	0.47	0.51	0.51	0	0	0.47
230600	0.47	0.51	0.51	0	0	0.47
230700	0.47	0.51	0.51	0	0	0.47
230800	0.47	0.51	0.51	0	0	0.47
230900	0.47	0.51	0.51	0	0	0.47
231000	0.47	0.51	0.51	0	0	0.47
231100	0.47	0.51	0.51	0	0	0.47
231200	0.47	0.51	0.51	0	0	0.47
231300	0.47	0.51	0.51	0	0	0.47
231400	0.47	0.51	0.51	0	0	0.47
231500	0.47	0.51	0.51	0	0	0.47
231600	0.47	0.51	0.51	0	0	0.47
231700	0.47	0.51	0.51	0	0	0.47
231800	0.47	0.51	0.51	0	0	0.47
231900	0.47	0.51	0.51	0	0	0.47
232000	0.47	0.51	0.51	0	0	0.47
232100	0.47	0.51	0.51	0	0	0.47
232200	0.47	0.51	0.51	0	0	0.47
232300	0.47	0.51	0.51	0	0	0.47
232400	0.47	0.51	0.51	0	0	0.47
232500	0.47	0.51	0.51	0	0	0.47
232600	0.47	0.51	0.51	0	0	0.47
232700	0.47	0.51	0.51	0	0	0.47
232800	0.47	0.51	0.51	0	0	0.47
232900	0.47	0.51	0.51	0	0	0.47
233000	0.47	0.51	0.51	0	0	0.47
233100	0.47	0.51	0.51	0	0	0.47
233200	0.47	0.51	0.51	0	0	0.47
233300	0.47	0.51	0.51	0	0	0.47
233400	0.47	0.51	0.51	0	0	0.47
233500	0.47	0.51	0.51	0	0	0.47
233600	0.47	0.51	0.51	0	0	0.47
233700	0.47	0.51	0.51	0	0	0.47
233800	0.47	0.51	0.51	0	0	0.47
233900	0.47	0.51	0.51	0	0	0.47
234000	0.47	0.51	0.51	0	0	0.47
234100	0.47	0.51	0.51	0	0	0.47
234200	0.47	0.51	0.51	0	0	0.47
234300	0.47	0.51	0.51	0	0	0.47
234400	0.47	0.51	0.51	0	0	0.47
234500	0.47	0.51	0.51	0	0	0.47
234600	0.47	0.51	0.51	0	0	0.47
234700	0.47	0.51	0.51	0	0	0.47
234800	0.47	0.51	0.51	0	0	0.47
234900	0.47	0.51	0.51	0	0	0.47
235000	0.47	0.51	0.51	0	0	0.47
235100	0.47	0.51	0.51	0	0	0.47
235200	0.47	0.51	0.51	0	0	0.47
235300	0.47	0.51	0.51	0	0	0.47
235400	0.47	0.51	0.51	0	0	0.47
235500	0.47	0.51	0.51	0	0	0.47
235600	0.47	0.51	0.51	0	0	0.47
235700	0.47	0.51	0.51	0	0	0.47
235800	0.47	0.51	0.51	0	0	0.47
235900	0.47	0.51	0.51	0	0	0.47
236000	0.47	0.51	0.51	0	0	0.47
236100	0.47	0.51	0.51	0	0	0.47
236200	0.47	0.51	0.51	0	0	0.47
236300	0.47	0.51	0.51	0	0	0.47
236400	0.47	0.51	0.51	0	0	0.47
236500	0.47	0.51	0.51	0	0	0.47
236600	0.47	0.51	0.51	0	0	0.47
236700	0.47	0.51	0.51	0	0	0.47
236800	0.47	0.51	0.51	0	0	0.47
236900	0.47	0.51	0.51	0	0	0.47
237000	0.47	0.51	0.51	0	0	0.47
237100	0.47	0.51	0.51	0	0	0.47
237200	0.47	0.51	0.51	0	0	0.47
237300	0.47	0.51	0.51	0	0	0.47
237400	0.47	0.51	0.51	0	0	0.47
237500	0.47	0.51	0.51	0	0	0.47
237600	0.47	0.51	0.51	0	0	0.47
237700	0.47	0.51	0.51	0	0	0.47
237800	0.47	0.51	0.51	0	0	0.47
237900	0.47	0.51	0.51	0	0	0.47
238000	0.47	0.51	0.51	0	0	0.47
238100	0.47	0.51	0.51	0	0	0.47
238200	0.47	0.51	0.51	0	0	0.47
238300	0.47	0.51	0.51	0	0	0.47
238400	0.47	0.51	0.51	0	0	0.47
238500	0.47	0.51	0.51	0	0	0.47
238600	0.47	0.51	0.51	0	0	0.47
238700	0.47	0.51	0.51	0	0	0.47
238800	0.47	0.51	0.51	0	0	0.47
238900	0.47	0.51	0.51	0	0	0.47
239000	0.47	0.51	0.51	0	0	0.47
239100	0.47	0.51	0.51	0	0	0.47
239200	0.47	0.51	0.51	0	0	0.47
239300	0.47	0.51	0.51	0	0	0.47
239400	0.47	0.51	0.51	0	0	0.47
239500	0.47	0.51	0.51	0	0	0.47
239600	0.47	0.51	0.51	0	0	0.47
239700	0.47	0.51	0.51	0	0	0.47
239800	0.47	0.51	0.51	0	0	0.47
239900	0.47	0.51	0.51	0	0	0.47
240000	0.47	0.51	0.51	0	0	0.47
240100	0.47	0.51	0.51	0	0	0.47
240200	0.47	0.51	0.51	0	0	0.47
240300	0.47	0.51	0.51	0	0	0.47
240400	0.47	0.51	0.51	0	0	0.47
240500	0.48	0.51	0.51	0	0	0.48
240600	0.48	0.51	0.51	0	0	0.48
240700	0.48	0.51	0.51	0	0	0.48
240800	0.48	0.51	0.51	0	0	0.48
240900	0.48	0.51	0.51	0	0	0.48
241000	0.48	0.51	0.51	0	0	0.48
241100	0.48	0.51	0.51	0	0	0.48
241200	0.48	0.51	0.51	0	0	0.48
241300	0.48	0.51	0.51	0	0	0.48
241400	0.48	0.51	0.51	0	0	0.48
241500	0.48	0.51	0.51	0	0	0.48
241600	0.48	0.51	0.51	0	0	0.48
241700	0.48	0.51	0.51	0	0	0.48
241800	0.48	0.51	0.51	0	0	0.48
241900	0.48	0.51	0.51	0	0	0.48
242000	0.48	0.51	0.51	0	0	0.48
242100	0.48	0.51	0.51	0	0	0.48
242200	0.48	0.51	0.51	0	0	0.48
242300	0.48	0.51	0.51	0	0	0.48
242400	0.48	0.51	0.51	0	0	0.48
242500	0.48	0.51	0.51	0	0	0.48
242600	0.48	0.51	0.51	0	0	0.48
242700	0.48	0.51	0.51	0	0	0.48
242800	0.48	0.51	0.51	0	0	0.48
242900	0.48	0.51	0.51	0	0	0.48
243000	0.48	0.51	0.51	0	0	0.48
243100	0.48	0.51	0.51	0	0	0.48
243200	0.48	0.51	0.51	0	0	0.48
243300	0.48	0.51	0.51	0	0	0.48
243400	0.48	0.51	0.51	0	0	0.48
243500	0.48	0.51	0.51	0	0	0.48
243600	0.48	0.51	0.51	0	0	0.48
243700	0.48	0.51	0.51	0	0	0.48
243800	0.48	0.51	0.51	0	0	0.48
243900	0.48	0.51	0.51	0	0	0.48
244000	0.48	0.51	0.51	0	0	0.48
244100	0.48	0.51	0.51	0	0	0.48
244200	0.48	0.51	0.51	0	0	0.48
244300	0.48	0.51	0.51	0	0	0.48
244400	0.48	0.51	0.51	0	0	0.48
244500	0.48	0.51	0.51	0	0	0.48
244600	0.48	0.51	0.51	0	0	0.48
244700	0.48	0.51	0.51	0	0	0.48
244800	0.48	0.51	0.51	0	0	0.48
244900	0.48	0.51	0.51	0	0	0.48
245000	0.48	0.51	0.51	0	0	0.48
245100	0.48	0.51	0.51	0	0	0.48
245200	0.48	0.51	0.51	0	0	0.48
245300	0.48	0.51	0.51	0	0	0.48
245400	0.48	0.51	0.51	0	0	0.48
245500	0.48	0.51	0.51	0	0	0.48
245600	0.48	0.51	0.51	0	0	0.48
245700	0.48	0.51	0.51	0	0	0.48
245800	0.48	0.51	0.51	0	0	0.48
245900	0.48	0.51	0.51	0	0	0.48
246000	0.48	0.51	0.51	0	0	0.48
246100	0.48	0.51	0.51	0	0	0.48
246200	0.48	0.51	0.51	0	0	0.48
246300	0.48	0.51	0.51	0	0	0.48
246400	0.48	0.51	0.51	0	0	0.48
246500	0.48	0.51	0.51	0	0	0.48
246600	0.48	0.51	0.51	0	0	0.48
246700	0.48	0.51	0.51	0	0	0.48
246800	0.48	0.51	0.51	0	0	0.48
246900	0.48	0.51	0.51	0	0	0.48
247000	0.48	0.51	0.51	0	0	0.48
247100	0.48	0.51	0.51	0	0	0.48
247200	0.48	0.51	0.51	0	0	0.48
247300	0.47	0.51	0.51	0	0	0.47
247400	0.47	0.51	0.51	0	0	0.47
247500	0.47	0.51	0.51	0	0	0.47
247600	0.47	0.51	0.51	0	0	0.47
247700	0.48	0.51	0.51	0	0	0.48
247800	0.48	0.51	0.51	0	0	0.48
247900	0.48	0.51	0.51	0	0	0.48
248000	0.48	0.51	0.51	0	0	0.48
248100	0.48	0.51	0.51	0	0	0.48
248200	0.48	0.51	0.51	0	0	0.48
248300	0.48	0.51	0.51	0	0	0.48
248400	0.48	0.51	0.51	0	0	0.48
248500	0.48	0.51	0.51	0	0	0.48
248600	0.48	0.51	0.51	0	0	0.48
248700	0.48	0.51	0.51	0	0	0.48
248800	0.48	0.51	0.51	0	0	0.48
248900	0.48	0.51	0.51	0	0	0.48
249000	0.48	0.51	0.51	0	0	0.48
249100	0.48	0.51	0.51	0	0	0.48
249200	0.48	0.51	0.51	0	0	0.48
249300	0.48	0.51	0.51	0	0	0.48
249400	0.48	0.51	0.51	0	0	0.48
249500	0.48	0.51	0.51	0	0	0.48
249600	0.48	0.51	0.51	0	0	0.48
249700	0.48	0.51	0.51	0	0	0.48
249800	0.48	0.51	0.51	0	0	0.48
249900	0.48	0.51	0.51	0	0	0.48
250000	0.48	0.51	0.51	0	0	0.48
250100	0.48	0.51	0.51	0	0	0.48
250200	0.48	0.51	0.51	0	0	0.48
250300	0.48	0.51	0.51	0	0	0.48
250400	0.48	0.51	0.51	0	0	0.48
250500	0.48	0.51	0.51	0	0	0.48
250600	0.48	0.51	0.51	0	0	0.48
250700	0.48	0.51	0.51	0	0	0.48
250800	0.48	0.51	0.51	0	0	0.48
250900	0.48	0.51	0.51	0	0	0.48
251000	0.48	0.51	0.51	0	0	0.48
251100	0.48	0.51	0.51	0	0	0.48
251200	0.48	0.51	0.51	0	0	0.48
251300	0.48	0.51	0.51	0	0	0.48
251400	0.48	0.51	0.51	0	0	0.48
251500	0.48	0.51	0.51	0	0	0.48
251600	0.48	0.51	0.51	0	0	0.48
251700	0.48	0.51	0.51	0	0	0.48
251800	0.48	0.51	0.51	0	0	0.48
251900	0.48	0.51	0.51	0	0	0.48
252000	0.48	0.51	0.51	0	0	0.48
252100	0.48	0.51	0.51	0	0	0.48
252200	0.48	0.51	0.51	0	0	0.48
252300	0.48	0.51	0.51	0	0	0.48
252400	0.48	0.51	0.51	0	0	0.48
252500	0.48	0.51	0.51	0	0	0.48
252600	0.48	0.51	0.51	0	0	0.48
252700	0.48	0.51	0.51	0	0	0.48
252800	0.48	0.51	0.51	0	0	0.48
252900	0.48	0.51	0.51	0	0	0.48
253000	0.48	0.51	0.51	0	0	0.48
253100	0.48	0.51	0.51	0	0	0.48
253200	0.48	0.51	0.51	0	0	0.48
253300	0.48	0.51	0.51	0	0	0.48
253400	0.48	0.51	0.51	0	0	0.48
253500	0.48	0.51	0.51	0	0	0.48
253600	0.48	0.51	0.51	0	0	0.48
253700	0.48	0.51	0.51	0	0	0.48
253800	0.48	0.51	0.51	0	0	0.48
253900	0.48	0.51	0.51	0	0	0.48
254000	0.48	0.51	0.51	0	0	0.48
254100	0.48	0.51	0.51	0	0	0.48
254200	0.48	0.51	0.51	0	0	0.48
254300	0.48	0.51	0.51	0	0	0.48
254400	0.48	0.51	0.51	0	0	0.48
254500	0.48	0.51	0.51	0	0	0.48
254600	0.48	0.51	0.51	0	0	0.48
254700	0.48	0.51	0.51	0	0	0.48
254800	0.48	0.51	0.51	0	0	0.48
254900	0.48	0.51	0.51	0	0	0.48
255000	0.48	0.51	0.51	0	0	0.48
255100	0.48	0.51	0.51	0	0	0.48
255200	0.48	0.51	0.51	0	0	0.48
255300	0.48	0.51	0.51	0	0	0.48
255400	0.48	0.51	0.51	0	0	0.48
255500	0.48	0.51	0.51	0	0	0.48
255600	0.48	0.51	0.51	0	0	0.48
255700	0.48	0.51	0.51	0	0	0.48
255800	0.47	0.51	0.51	0	0	0.47
255900	0.47	0.51	0.51	0	0	0.47
256000	0.47	0.51	0.51	0	0	0.47
256100	0.47	0.51	0.51	0	0	0.47
256200	0.47	0.51	0.51	0	0	0.47
256300	0.47	0.51	0.51	0	0	0.47
256400	0.47	0.51	0.51	0	0	0.47
256500	0.47	0.51	0.51	0	0	0.47
256600	0.47	0.51	0.51	0	0	0.47
256700	0.47	0.51	0.51	0	0	0.47
256800	0.47	0.51	0.51	0	0	0.47
256900	0.47	0.51	0.51	0	0	0.47
257000	0.47	0.51	0.51	0	0	0.47
257100	0.47	0.51	0.51	0	0	0.47
257200	0.47	0.51	0.51	0	0	0.47
257300	0.47	0.51	0.51	0	0	0.47
257400	0.47	0.51	0.51	0	0	0.47
257500	0.47	0.51	0.51	0	0	0.47
257600	0.47	0.51	0.51	0	0	0.47
257700	0.47	0.51	0.51	0	0	0.47
257800	0.47	0.51	0.51	0	0	0.47
257900	0.47	0.51	0.51	0	0	0.47
258000	0.47	0.51	0.51	0	0	0.47
258100	0.47	0.51	0.51	0	0	0.47
258200	0.47	0.51	0.51	0	0	0.47
258300	0.47	0.51	0.51	0	0	0.47
258400	0.47	0.51	0.51	0	0	0.47
258500	0.47	0.51	0.51	0	0	0.47
258600	0.47	0.51	0.51	0	0	0.47
258700	0.47	0.51	0.51	0	0	0.47
258800	0.47	0.51	0.51	0	0	0.47
258900	0.47	0.51	0.51	0	0	0.47
259000	0.47	0.51	0.51	0	0	0.47
259100	0.47	0.51	0.51	0	0	0.47
259200	0.47	0.51	0.51	0	0	0.47
259300	0.47	0.51	0.51	0	0	0.47
259400	0.47	0.51	0.51	0	0	0.47
259500	0.47	0.51	0.51	0	0	0.47
259600	0.47	0.51	0.51	0	0	0.47
259700	0.47	0.51	0.51	0	0	0.47
259800	0.47	0.51	0.51	0	0	0.47
259900	0.47	0.51	0.51	0	0	0.47
260000	0.47	0.51	0.51	0	0	0.47
260100	0.47	0.51	0.51	0	0	0.47
260200	0.47	0.51	0.51	0	0	0.47
260300	0.47	0.51	0.51	0	0	0.47
260400	0.47	0.51	0.51	0	0	0.47
260500	0.47	0.51	0.51	0	0	0.47
260600	0.47	0.51	0.51	0	0	0.47
260700	0.47	0.51	0.51	0	0	0.47
260800	0.47	0.51	0.51	0	0	0.47
260900	0.47	0.51	0.51	0	0	0.47
261000	0.47	0.51	0.51	0	0	0.47
261100	0.47	0.51	0.51	0	0	0.47
261200	0.47	0.51	0.51	0	0	0.47
261300	0.47	0.51	0.51	0	0	0.47
261400	0.47	0.51	0.51	0	0	0.47
261500	0.47	0.51	0.51	0	0	0.47
261600	0.47	0.51	0.51	0	0	0.47
261700	0.47	0.51	0.51	0	0	0.47
261800	0.47	0.51	0.51	0	0	0.47
261900	0.47	0.51	0.51	0	0	0.47
262000	0.47	0.51	0.51	0	0	0.47
262100	0.47	0.51	0.51	0	0	0.47
262200	0.47	0.51	0.51	0	0	0.47
262300	0.47	0.51	0.51	0	0	0.47
262400	0.47	0.51	0.51	0	0	0.47
262500	0.47	0.51	0.51	0	0	0.47
262600	0.47	0.51	0.51	0	0	0.47
262700	0.47	0.51	0.51	0	0	0.47
262800	0.47	0.51	0.51	0	0	0.47
262900	0.47	0.51	0.51	0	0	0.47
263000	0.47	0.51	0.51	0	0	0.47
263100	0.48	0.51	0.51	0	0	0.48
263200	0.47	0.51	0.51	0	0	0.47
263300	0.47	0.51	0.51	0	0	0.47
263400	0.47	0.51	0.51	0	0	0.47
263500	0.47	0.51	0.51	0	0	0.47
263600	0.47	0.51	0.51	0	0	0.47
263700	0.46	0.51	0.51	0	0	0.46
263800	0.46	0.51	0.51	0	0	0.46
263900	0.46	0.51	0.51	0	0	0.46
264000	0.46	0.51	0.51	0	0	0.46
264100	0.46	0.51	0.51	0	0	0.46
264200	0.46	0.51	0.51	0	0	0.46
264300	0.46	0.51	0.51	0	0	0.46
264400	0.46	0.51	0.51	0	0	0.46
264500	0.46	0.51	0.51	0	0	0.46
264600	0.46	0.51	0.51	0	0	0.46
264700	0.46	0.51	0.51	0	0	0.46
264800	0.46	0.51	0.51	0	0	0.46
264900	0.46	0.51	0.51	0	0	0.46
265000	0.46	0.51	0.51	0	0	0.46
265100	0.46	0.51	0.51	0	0	0.46
265200	0.46	0.51	0.51	0	0	0.46
265300	0.46	0.51	0.51	0	0	0.46
265400	0.46	0.51	0.51	0	0	0.46
265500	0.46	0.51	0.51	0	0	0.46
265600	0.46	0.51	0.51	0	0	0.46
265700	0.46	0.51	0.51	0	0	0.46
265800	0.46	0.51	0.51	0	0	0.46
265900	0.46	0.51	0.51	0	0	0.46
266000	0.46	0.51	0.51	0	0	0.46
266100	0.46	0.51	0.51	0	0	0.46
266200	0.46	0.51	0.51	0	0	0.46
266300	0.46	0.51	0.51	0	0	0.46
266400	0.46	0.51	0.51	0	0	0.46
266500	0.46	0.51	0.51	0	0	0.46
266600	0.46	0.51	0.51	0	0	0.46
266700	0.46	0.51	0.51	0	0	0.46
266800	0.46	0.51	0.51	0	0	0.46
266900	0.46	0.51	0.51	0	0	0.46
267000	0.46	0.51	0.51	0	0	0.46
267100	0.46	0.51	0.51	0	0	0.46
267200	0.46	0.51	0.51	0	0	0.46
267300	0.46	0.51	0.51	0	0	0.46
267400	0.46	0.51	0.51	0	0	0.46
267500	0.46	0.51	0.51	0	0	0.46
267600	0.46	0.51	0.51	0	0	0.46
267700	0.46	0.51	0.51	0	0	0.46
267800	0.46	0.51	0.51	0	0	0.46
267900	0.46	0.51	0.51	0	0	0.46
268000	0.46	0.51	0.51	0	0	0.46
268100	0.46	0.51	0.51	0	0	0.46
268200	0.46	0.51	0.51	0	0	0.46
268300	0.46	0.51	0.51	0	0	0.46
268400	0.46	0.51	0.51	0	0	0.46
268500	0.46	0.51	0.51	0	0	0.46
268600	0.46	0.51	0.51	0	0	0.46
268700	0.46	0.51	0.51	0	0	0.46
268800	0.46	0.51	0.51	0	0	0.46
268900	0.46	0.51	0.51	0	0	0.46
269000	0.46	0.51	0.51	0	0	0.46
269100	0.46	0.51	0.51	0	0	0.46
269200	0.46	0.51	0.51	0	0	0.46
269300	0.46	0.51	0.51	0	0	0.46
269400	0.46	0.51	0.51	0	0	0.46
269500	0.46	0.51	0.51	0	0	0.46
269600	0.46	0.51	0.51	0	0	0.46
269700	0.46	0.51	0.51	0	0	0.46
269800	0.46	0.51	0.51	0	0	0.46
269900	0.46	0.51	0.51	0	0	0.46
270000	0.46	0.51	0.51	0	0	0.46
270100	0.47	0.51	0.51	0	0	0.47
270200	0.47	0.51	0.51	0	0	0.47
270300	0.47	0.51	0.51	0	0	0.47
270400	0.47	0.51	0.51	0	0	0.47
270500	0.47	0.51	0.51	0	0	0.47
270600	0.47	0.51	0.51	0	0	0.47
270700	0.47	0.51	0.51	0	0	0.47
270800	0.47	0.51	0.51	0	0	0.47
270900	0.47	0.51	0.51	0	0	0.47
271000	0.47	0.51	0.51	0	0	0.47
271100	0.47	0.51	0.51	0	0	0.47
271200	0.47	0.51	0.51	0	0	0.47
271300	0.47	0.51	0.51	0	0	0.47
271400	0.47	0.51	0.51	0	0	0.47
271500	0.47	0.51	0.51	0	0	0.47
271600	0.46	0.51	0.51	0	0	0.46
271700	0.46	0.51	0.51	0	0	0.46
271800	0.46	0.51	0.51	0	0	0.46
271900	0.46	0.51	0.51	0	0	0.46
272000	0.46	0.51	0.51	0	0	0.46
272100	0.46	0.51	0.51	0	0	0.46
272200	0.46	0.51	0.51	0	0	0.46
272300	0.46	0.51	0.51	0	0	0.46
272400	0.47	0.51	0.51	0	0	0.47
272500	0.47	0.51	0.51	0	0	0.47
272600	0.47	0.51	0.51	0	0	0.47
272700	0.47	0.51	0.51	0	0	0.47
272800	0.47	0.51	0.51	0	0	0.47
272900	0.47	0.51	0.51	0	0	0.47
273000	0.47	0.51	0.51	0	0	0.47
273100	0.47	0.51	0.51	0	0	0.47
273200	0.47	0.51	0.51	0	0	0.47
273300	0.47	0.51	0.51	0	0	0.47
273400	0.47	0.51	0.51	0	0	0.47
273500	0.47	0.51	0.51	0	0	0.47
273600	0.48	0.51	0.51	0	0	0.48
273700	0.48	0.51	0.51	0	0	0.48
273800	0.48	0.51	0.51	0	0	0.48
273900	0.48	0.51	0.51	0	0	0.48
274000	0.48	0.51	0.51	0	0	0.48
274100	0.48	0.51	0.51	0	0	0.48
274200	0.48	0.51	0.51	0	0	0.48
274300	0.48	0.51	0.51	0	0	0.48
274400	0.48	0.51	0.51	0	0	0.48
274500	0.48	0.51	0.51	0	0	0.48
274600	0.48	0.51	0.51	0	0	0.48
274700	0.48	0.51	0.51	0	0	0.48
274800	0.48	0.51	0.51	0	0	0.48
274900	0.48	0.51	0.51	0	0	0.48
275000	0.48	0.51	0.51	0	0	0.48
275100	0.48	0.51	0.51	0	0	0.48
275200	0.48	0.51	0.51	0	0	0.48
275300	0.48	0.51	0.51	0	0	0.48
275400	0.48	0.51	0.51	0	0	0.48
275500	0.48	0.51	0.51	0	0	0.48
275600	0.48	0.51	0.51	0	0	0.48
275700	0.48	0.51	0.51	0	0	0.48
275800	0.48	0.51	0.51	0	0	0.48
275900	0.48	0.51	0.51	0	0	0.48
276000	0.48	0.51	0.51	0	0	0.48
276100	0.48	0.51	0.51	0	0	0.48
276200	0.48	0.51	0.51	0	0	0.48
276300	0.48	0.51	0.51	0	0	0.48
276400	0.48	0.51	0.51	0	0	0.48
276500	0.48	0.51	0.51	0	0	0.48
276600	0.48	0.51	0.51	0	0	0.48
276700	0.48	0.51	0.51	0	0	0.48
276800	0.48	0.51	0.51	0	0	0.48
276900	0.48	0.51	0.51	0	0	0.48
277000	0.48	0.51	0.51	0	0	0.48
277100	0.48	0.51	0.51	0	0	0.48
277200	0.48	0.51	0.51	0	0	0.48
277300	0.48	0.51	0.51	0	0	0.48
277400	0.48	0.51	0.51	0	0	0.48
277500	0.48	0.51	0.51	0	0	0.48
277600	0.47	0.51	0.51	0	0	0.47
277700	0.47	0.51	0.51	0	0	0.47
277800	0.47	0.51	0.51	0	0	0.47
277900	0.47	0.51	0.51	0	0	0.47
278000	0.47	0.51	0.51	0	0	0.47
278100	0.48	0.51	0.51	0	0	0.48
278200	0.48	0.51	0.51	0	0	0.48
278300	0.48	0.51	0.51	0	0	0.48
278400	0.48	0.51	0.51	0	0	0.48
278500	0.48	0.51	0.51	0	0	0.48
278600	0.48	0.51	0.51	0	0	0.48
278700	0.48	0.51	0.51	0	0	0.48
278800	0.47	0.51	0.51	0	0	0.47
278900	0.47	0.51	0.51	0	0	0.47
279000	0.47	0.51	0.51	0	0	0.47
279100	0.47	0.51	0.51	0	0	0.47
279200	0.46	0.51	0.51	0	0	0.46
279300	0.46	0.51	0.51	0	0	0.46
279400	0.46	0.51	0.51	0	0	0.46
279500	0.46	0.51	0.51	0	0	0.46
279600	0.46	0.51	0.51	0	0	0.46
279700	0.46	0.51	0.51	0	0	0.46
279800	0.46	0.51	0.51	0	0	0.46
279900	0.46	0.51	0.51	0	0	0.46
280000	0.46	0.51	0.51	0	0	0.46
280100	0.46	0.51	0.51	0	0	0.46
280200	0.46	0.51	0.51	0	0	0.46
280300	0.46	0.51	0.51	0	0	0.46
280400	0.46	0.51	0.51	0	0	0.46
280500	0.46	0.51	0.51	0	0	0.46
280600	0.46	0.51	0.51	0	0	0.46
280700	0.46	0.51	0.51	0	0	0.46
280800	0.46	0.51	0.51	0	0	0.46
280900	0.46	0.51	0.51	0	0	0.46
281000	0.46	0.51	0.51	0	0	0.46
281100	0.46	0.51	0.51	0	0	0.46
281200	0.46	0.51	0.51	0	0	0.46
281300	0.46	0.51	0.51	0	0	0.46
281400	0.46	0.51	0.51	0	0	0.46
281500	0.46	0.51	0.51	0	0	0.46
281600	0.46	0.51	0.51	0	0	0.46
281700	0.46	0.51	0.51	0	0	0.46
281800	0.46	0.51	0.51	0	0	0.46
281900	0.46	0.51	0.51	0	0	0.46
282000	0.46	0.51	0.51	0	0	0.46
282100	0.46	0.51	0.51	0	0	0.46
282200	0.46	0.51	0.51	0	0	0.46
282300	0.46	0.51	0.51	0	0	0.46
282400	0.46	0.51	0.51	0	0	0.46
282500	0.47	0.51	0.51	0	0	0.47
282600	0.47	0.51	0.51	0	0	0.47
282700	0.47	0.51	0.51	0	0	0.47
282800	0.47	0.51	0.51	0	0	0.47
282900	0.47	0.51	0.51	0	0	0.47
283000	0.47	0.51	0.51	0	0	0.47
283100	0.47	0.51	0.51	0	0	0.47
283200	0.47	0.51	0.51	0	0	0.47
283300	0.47	0.51	0.51	0	0	0.47
283400	0.47	0.51	0.51	0	0	0.47
283500	0.47	0.51	0.51	0	0	0.47
283600	0.47	0.51	0.51	0	0	0.47
283700	0.47	0.51	0.51	0	0	0.47
283800	0.47	0.51	0.51	0	0	0.47
283900	0.47	0.51	0.51	0	0	0.47
284000	0.47	0.51	0.51	0	0	0.47
284100	0.47	0.51	0.51	0	0	0.47
284200	0.47	0.51	0.51	0	0	0.47
284300	0.47	0.51	0.51	0	0	0.47
284400	0.47	0.51	0.51	0	0	0.47
284500	0.47	0.51	0.51	0	0	0.47
284600	0.47	0.51	0.51	0	0	0.47
284700	0.47	0.51	0.51	0	0	0.47
284800	0.47	0.51	0.51	0	0	0.47
284900	0.47	0.51	0.51	0	0	0.47
285000	0.47	0.51	0.51	0	0	0.47
285100	0.47	0.51	0.51	0	0	0.47
285200	0.47	0.51	0.51	0	0	0.47
285300	0.47	0.51	0.51	0	0	0.47
285400	0.47	0.51	0.51	0	0	0.47
285500	0.47	0.51	0.51	0	0	0.47
285600	0.47	0.51	0.51	0	0	0.47
285700	0.47	0.51	0.51	0	0	0.47
285800	0.47	0.51	0.51	0	0	0.47
285900	0.47	0.51	0.51	0	0	0.47
286000	0.47	0.51	0.51	0	0	0.47
286100	0.47	0.51	0.51	0	0	0.47
286200	0.48	0.51	0.51	0	0	0.48
286300	0.48	0.51	0.51	0	0	0.48
286400	0.48	0.51	0.51	0	0	0.48
286500	0.48	0.51	0.51	0	0	0.48
286600	0.48	0.51	0.51	0	0	0.48
286700	0.48	0.51	0.51	0	0	0.48
286800	0.48	0.51	0.51	0	0	0.48
286900	0.48	0.51	0.51	0	0	0.48
287000	0.48	0.51	0.51	0	0	0.48
287100	0.48	0.51	0.51	0	0	0.48
287200	0.48	0.51	0.51	0	0	0.48
287300	0.48	0.51	0.51	0	0	0.48
287400	0.48	0.51	0.51	0	0	0.48
287500	0.48	0.51	0.51	0	0	0.48
287600	0.48	0.51	0.51	0	0	0.48
287700	0.48	0.51	0.51	0	0	0.48
287800	0.48	0.51	0.51	0	0	0.48
287900	0.48	0.51	0.51	0	0	0.48
288000	0.48	0.51	0.51	0	0	0.48
288100	0.48	0.51	0.51	0	0	0.48
288200	0.48	0.51	0.51	0	0	0.48
288300	0.47	0.51	0.51	0	0	0.47
288400	0.47	0.51	0.51	0	0	0.47
288500	0.47	0.51	0.51	0	0	0.47
288600	0.47	0.51	0.51	0	0	0.47
288700	0.47	0.51	0.51	0	0	0.47
288800	0.47	0.51	0.51	0	0	0.47
288900	0.47	0.51	0.51	0	0	0.47
289000	0.47	0.51	0.51	0	0	0.47
289100	0.47	0.51	0.51	0	0	0.47
289200	0.47	0.51	0.51	0	0	0.47
289300	0.47	0.51	0.51	0	0	0.47
289400	0.47	0.51	0.51	0	0	0.47
289500	0.47	0.51	0.51	0	0	0.47
289600	0.47	0.51	0.51	0	0	0.47
289700	0.47	0.51	0.51	0	0	0.47
289800	0.47	0.51	0.51	0	0	0.47
289900	0.47	0.51	0.51	0	0	0.47
290000	0.47	0.51	0.51	0	0	0.47
290100	0.47	0.51	0.51	0	0	0.47
290200	0.47	0.51	0.51	0	0	0.47
290300	0.47	0.51	0.51	0	0	0.47
290400	0.47	0.51	0.51	0	0	0.47
290500	0.47	0.51	0.51	0	0	0.47
290600	0.47	0.51	0.51	0	0	0.47
290700	0.47	0.51	0.51	0	0	0.47
290800	0.47	0.51	0.51	0	0	0.47
290900	0.47	0.51	0.51	0	0	0.47
291000	0.47	0.51	0.51	0	0	0.47
291100	0.47	0.51	0.51	0	0	0.47
291200	0.47	0.51	0.51	0	0	0.47
291300	0.47	0.51	0.51	0	0	0.47
291400	0.47	0.51	0.51	0	0	0.47
291500	0.47	0.51	0.51	0	0	0.47
291600	0.47	0.51	0.51	0	0	0.47
291700	0.47	0.51	0.51	0	0	0.47
291800	0.47	0.51	0.51	0	0	0.47
291900	0.47	0.51	0.51	0	0	0.47
292000	0.47	0.51	0.51	0	0	0.47
292100	0.47	0.51	0.51	0	0	0.47
292200	0.47	0.51	0.51	0	0	0.47
292300	0.47	0.51	0.51	0	0	0.47
292400	0.47	0.51	0.51	0	0	0.47
292500	0.47	0.51	0.51	0	0	0.47
292600	0.47	0.51	0.51	0	0	0.47
292700	0.47	0.51	0.51	0	0	0.47
292800	0.47	0.51	0.51	0	0	0.47
292900	0.47	0.51	0.51	0	0	0.47
293000	0.47	0.51	0.51	0	0	0.47
293100	0.47	0.51	0.51	0	0	0.47
293200	0.47	0.51	0.51	0	0	0.47
293300	0.47	0.51	0.51	0	0	0.47
293400	0.47	0.51	0.51	0	0	0.47
293500	0.47	0.51	0.51	0	0	0.47
293600	0.47	0.51	0.51	0	0	0.47
293700	0.47	0.51	0.51	0	0	0.47
293800	0.47	0.51	0.51	0	0	0.47
293900	0.47	0.51	0.51	0	0	0.47
294000	0.47	0.51	0.51	0	0	0.47
294100	0.47	0.51	0.51	0	0	0.47
294200	0.47	0.51	0.51	0	0	0.47
294300	0.47	0.51	0.51	0	0	0.47
294400	0.47	0.51	0.51	0	0	0.47
294500	0.47	0.51	0.51	0	0	0.47
294600	0.47	0.51	0.51	0	0	0.47
294700	0.47	0.51	0.51	0	0	0.47
294800	0.47	0.51	0.51	0	0	0.47
294900	0.47	0.51	0.51	0	0	0.47
295000	0.47	0.51	0.51	0	0	0.47
295100	0.47	0.51	0.51	0	0	0.47
295200	0.47	0.51	0.51	0	0	0.47
295300	0.47	0.51	0.51	0	0	0.47
295400	0.47	0.51	0.51	0	0	0.47
295500	0.47	0.51	0.51	0	0	0.47
295600	0.47	0.51	0.51	0	0	0.47
295700	0.47	0.51	0.51	0	0	0.47
295800	0.47	0.51	0.51	0	0	0.47
295900	0.47	0.51	0.51	0	0	0.47
296000	0.47	0.51	0.51	0	0	0.47
296100	0.47	0.51	0.51	0	0	0.47
296200	0.47	0.51	0.51	0	0	0.47
296300	0.47	0.51	0.51	0	0	0.47
296400	0.47	0.51	0.51	0	0	0.47
296500	0.47	0.51	0.51	0	0	0.47
296600	0.47	0.51	0.51	0	0	0.47
296700	0.47	0.51	0.51	0	0	0.47
296800	0.47	0.51	0.51	0	0	0.47
296900	0.47	0.51	0.51	0	0	0.47
297000	0.47	0.51	0.51	0	0	0.47
297100	0.47	0.51	0.51	0	0	0.47
297200	0.47	0.51	0.51	0	0	0.47
297300	0.47	0.51	0.51	0	0	0.47
297400	0.47	0.51	0.51	0	0	0.47
297500	0.47	0.51	0.51	0	0	0.47
297600	0.47	0.51	0.51	0	0	0.47
297700	0.47	0.51	0.51	0	0	0.47
297800	0.47	0.51	0.51	0	0	0.47
297900	0.47	0.51	0.51	0	0	0.47
298000	0.47	0.51	0.51	0	0	0.47
298100	0.47	0.51	0.51	0	0	0.47
298200	0.47	0.51	0.51	0	0	0.47
298300	0.47	0.51	0.51	0	0	0.47
298400	0.47	0.51	0.51	0	0	0.47
298500	0.47	0.51	0.51	0	0	0.47
298600	0.47	0.51	0.51	0	0	0.47
298700	0.47	0.51	0.51	0	0	0.47
298800	0.48	0.51	0.51	0	0	0.48
298900	0.48	0.51	0.51	0	0	0.48
299000	0.48	0.51	0.51	0	0	0.48
299100	0.48	0.51	0.51	0	0	0.48
299200	0.48	0.51	0.51	0	0	0.48
299300	0.48	0.51	0.51	0	0	0.48
299400	0.48	0.51	0.51	0	0	0.48
299500	0.48	0.51	0.51	0	0	0.48
299600	0.48	0.51	0.51	0	0	0.48
299700	0.48	0.51	0.51	0	0	0.48
299800	0.48	0.51	0.51	0	0	0.48
299900	0.48	0.51	0.51	0	0	0.48
300000	0.48	0.51	0.51	0	0	0.48
