100	0.07	0.04	0.04	0	0	0.07
200	0.08	0.04	0.04	0	0	0.08
300	0.08	0.03	0.03	0	0	0.08
400	0.09	0.04	0.04	0	0	0.09
500	0.09	0.03	0.03	0	0	0.09
600	0.09	0.02	0.02	0	0	0.09
700	0.09	0.03	0.03	0	0	0.09
800	0.09	0.03	0.03	0	0	0.09
900	0.1	0.02	0.02	0	0	0.1
1000	0.11	0.02	0.02	0	0	0.11
1100	0.12	0.03	0.03	0	0	0.12
1200	0.11	0.05	0.05	0	0	0.11
1300	0.12	0.05	0.05	0	0	0.12
1400	0.13	0.05	0.05	0	0	0.13
1500	0.12	0.05	0.05	0	0	0.12
1600	0.13	0.05	0.05	0	0	0.13
1700	0.12	0.07	0.07	0	0	0.12
1800	0.12	0.05	0.05	0	0	0.12
1900	0.14	0.05	0.05	0	0	0.14
2000	0.14	0.05	0.05	0	0	0.14
2100	0.13	0.05	0.05	0	0	0.13
2200	0.11	0.04	0.04	0	0	0.11
2300	0.11	0.04	0.04	0	0	0.11
2400	0.11	0.05	0.05	0	0	0.11
2500	0.1	0.05	0.05	0	0	0.1
2600	0.11	0.05	0.05	0	0	0.11
2700	0.11	0.05	0.05	0	0	0.11
2800	0.12	0.05	0.05	0	0	0.12
2900	0.14	0.06	0.06	0	0	0.14
3000	0.14	0.06	0.06	0	0	0.14
3100	0.15	0.08	0.08	0	0	0.15
3200	0.17	0.08	0.08	0	0	0.17
3300	0.19	0.07	0.07	0	0	0.19
3400	0.19	0.07	0.07	0	0	0.19
3500	0.19	0.07	0.07	0	0	0.19
3600	0.19	0.07	0.07	0	0	0.19
3700	0.18	0.08	0.08	0	0	0.18
3800	0.18	0.07	0.07	0	0	0.18
3900	0.19	0.08	0.08	0	0	0.19
4000	0.21	0.09	0.09	0	0	0.21
4100	0.21	0.09	0.09	0	0	0.21
4200	0.21	0.12	0.12	0	0	0.21
4300	0.21	0.12	0.12	0	0	0.21
4400	0.2	0.13	0.13	0	0	0.2
4500	0.21	0.12	0.12	0	0	0.21
4600	0.2	0.12	0.12	0	0	0.2
4700	0.2	0.13	0.13	0	0	0.2
4800	0.2	0.12	0.12	0	0	0.2
4900	0.21	0.12	0.12	0	0	0.21
5000	0.22	0.12	0.12	0	0	0.22
5100	0.21	0.11	0.11	0	0	0.21
5200	0.21	0.11	0.11	0	0	0.21
5300	0.21	0.12	0.12	0	0	0.21
5400	0.22	0.13	0.13	0	0	0.22
5500	0.24	0.14	0.14	0	0	0.24
5600	0.24	0.14	0.14	0	0	0.24
5700	0.24	0.15	0.15	0	0	0.24
5800	0.25	0.14	0.14	0	0	0.25
5900	0.24	0.13	0.13	0	0	0.24
6000	0.24	0.15	0.15	0	0	0.24
6100	0.24	0.15	0.15	0	0	0.24
6200	0.23	0.17	0.17	0	0	0.23
6300	0.24	0.17	0.17	0	0	0.24
6400	0.24	0.17	0.17	0	0	0.24
6500	0.27	0.18	0.18	0	0	0.27
6600	0.29	0.17	0.17	0	0	0.29
6700	0.28	0.17	0.17	0	0	0.28
6800	0.28	0.17	0.17	0	0	0.28
6900	0.28	0.18	0.18	0	0	0.28
7000	0.27	0.18	0.18	0	0	0.27
7100	0.26	0.18	0.18	0	0	0.26
7200	0.27	0.18	0.18	0	0	0.27
7300	0.27	0.19	0.19	0	0	0.27
7400	0.27	0.21	0.21	0	0	0.27
7500	0.28	0.22	0.22	0	0	0.28
7600	0.27	0.21	0.21	0	0	0.27
7700	0.29	0.21	0.21	0	0	0.29
7800	0.31	0.21	0.21	0	0	0.31
7900	0.31	0.2	0.2	0	0	0.31
8000	0.33	0.2	0.2	0	0	0.33
8100	0.34	0.21	0.21	0	0	0.34
8200	0.33	0.2	0.2	0	0	0.33
8300	0.32	0.19	0.19	0	0	0.32
8400	0.33	0.19	0.19	0	0	0.33
8500	0.34	0.19	0.19	0	0	0.34
8600	0.34	0.2	0.2	0	0	0.34
8700	0.35	0.2	0.2	0	0	0.35
8800	0.35	0.21	0.21	0	0	0.35
8900	0.35	0.22	0.22	0	0	0.35
9000	0.35	0.22	0.22	0	0	0.35
9100	0.35	0.23	0.23	0	0	0.35
9200	0.36	0.23	0.23	0	0	0.36
9300	0.37	0.24	0.24	0	0	0.37
9400	0.4	0.26	0.26	0	0	0.4
9500	0.4	0.24	0.24	0	0	0.4
9600	0.4	0.25	0.25	0	0	0.4
9700	0.39	0.25	0.25	0	0	0.39
9800	0.39	0.25	0.25	0	0	0.39
9900	0.39	0.24	0.24	0	0	0.39
10000	0.39	0.24	0.24	0	0	0.39
10100	0.39	0.24	0.24	0	0	0.39
10200	0.39	0.26	0.26	0	0	0.39
10300	0.4	0.27	0.27	0	0	0.4
10400	0.41	0.27	0.27	0	0	0.41
10500	0.42	0.27	0.27	0	0	0.42
10600	0.42	0.27	0.27	0	0	0.42
10700	0.42	0.28	0.28	0	0	0.42
10800	0.43	0.28	0.28	0	0	0.43
10900	0.43	0.27	0.27	0	0	0.43
11000	0.43	0.27	0.27	0	0	0.43
11100	0.44	0.28	0.28	0	0	0.44
11200	0.44	0.28	0.28	0	0	0.44
11300	0.44	0.27	0.27	0	0	0.44
11400	0.44	0.27	0.27	0	0	0.44
11500	0.44	0.29	0.29	0	0	0.44
11600	0.44	0.29	0.29	0	0	0.44
11700	0.45	0.29	0.29	0	0	0.45
11800	0.44	0.29	0.29	0	0	0.44
11900	0.44	0.29	0.29	0	0	0.44
12000	0.44	0.29	0.29	0	0	0.44
12100	0.44	0.3	0.3	0	0	0.44
12200	0.44	0.29	0.29	0	0	0.44
12300	0.43	0.29	0.29	0	0	0.43
12400	0.43	0.29	0.29	0	0	0.43
12500	0.44	0.29	0.29	0	0	0.44
12600	0.44	0.29	0.29	0	0	0.44
12700	0.44	0.29	0.29	0	0	0.44
12800	0.44	0.29	0.29	0	0	0.44
12900	0.44	0.29	0.29	0	0	0.44
13000	0.44	0.29	0.29	0	0	0.44
13100	0.44	0.29	0.29	0	0	0.44
13200	0.44	0.29	0.29	0	0	0.44
13300	0.44	0.29	0.29	0	0	0.44
13400	0.45	0.3	0.3	0	0	0.45
13500	0.46	0.3	0.3	0	0	0.46
13600	0.46	0.3	0.3	0	0	0.46
13700	0.46	0.3	0.3	0	0	0.46
13800	0.46	0.3	0.3	0	0	0.46
13900	0.46	0.3	0.3	0	0	0.46
14000	0.46	0.3	0.3	0	0	0.46
14100	0.46	0.3	0.3	0	0	0.46
14200	0.46	0.29	0.29	0	0	0.46
14300	0.46	0.29	0.29	0	0	0.46
14400	0.46	0.29	0.29	0	0	0.46
14500	0.46	0.29	0.29	0	0	0.46
14600	0.46	0.29	0.29	0	0	0.46
14700	0.46	0.31	0.31	0	0	0.46
14800	0.47	0.31	0.31	0	0	0.47
14900	0.47	0.31	0.31	0	0	0.47
15000	0.47	0.32	0.32	0	0	0.47
15100	0.47	0.31	0.31	0	0	0.47
15200	0.47	0.31	0.31	0	0	0.47
15300	0.47	0.31	0.31	0	0	0.47
15400	0.47	0.31	0.31	0	0	0.47
15500	0.47	0.31	0.31	0	0	0.47
15600	0.47	0.31	0.31	0	0	0.47
15700	0.47	0.32	0.32	0	0	0.47
15800	0.47	0.32	0.32	0	0	0.47
15900	0.47	0.33	0.33	0	0	0.47
16000	0.47	0.33	0.33	0	0	0.47
16100	0.47	0.33	0.33	0	0	0.47
16200	0.47	0.33	0.33	0	0	0.47
16300	0.47	0.33	0.33	0	0	0.47
16400	0.47	0.33	0.33	0	0	0.47
16500	0.47	0.34	0.34	0	0	0.47
16600	0.46	0.34	0.34	0	0	0.46
16700	0.46	0.34	0.34	0	0	0.46
16800	0.46	0.35	0.35	0	0	0.46
16900	0.46	0.35	0.35	0	0	0.46
17000	0.46	0.35	0.35	0	0	0.46
17100	0.46	0.35	0.35	0	0	0.46
17200	0.46	0.35	0.35	0	0	0.46
17300	0.46	0.35	0.35	0	0	0.46
17400	0.46	0.35	0.35	0	0	0.46
17500	0.46	0.35	0.35	0	0	0.46
17600	0.46	0.35	0.35	0	0	0.46
17700	0.46	0.35	0.35	0	0	0.46
17800	0.46	0.35	0.35	0	0	0.46
17900	0.46	0.36	0.36	0	0	0.46
18000	0.46	0.36	0.36	0	0	0.46
18100	0.47	0.36	0.36	0	0	0.47
18200	0.46	0.37	0.37	0	0	0.46
18300	0.46	0.36	0.36	0	0	0.46
18400	0.46	0.37	0.37	0	0	0.46
18500	0.46	0.37	0.37	0	0	0.46
18600	0.46	0.39	0.39	0	0	0.46
18700	0.47	0.38	0.38	0	0	0.47
18800	0.46	0.38	0.38	0	0	0.46
18900	0.46	0.38	0.38	0	0	0.46
19000	0.46	0.38	0.38	0	0	0.46
19100	0.46	0.38	0.38	0	0	0.46
19200	0.46	0.38	0.38	0	0	0.46
19300	0.46	0.38	0.38	0	0	0.46
19400	0.46	0.38	0.38	0	0	0.46
19500	0.46	0.38	0.38	0	0	0.46
19600	0.46	0.38	0.38	0	0	0.46
19700	0.46	0.37	0.37	0	0	0.46
19800	0.46	0.38	0.38	0	0	0.46
19900	0.46	0.37	0.37	0	0	0.46
20000	0.45	0.37	0.37	0	0	0.45
20100	0.45	0.38	0.38	0	0	0.45
20200	0.45	0.38	0.38	0	0	0.45
20300	0.45	0.38	0.38	0	0	0.45
20400	0.45	0.38	0.38	0	0	0.45
20500	0.45	0.38	0.38	0	0	0.45
20600	0.45	0.38	0.38	0	0	0.45
20700	0.45	0.38	0.38	0	0	0.45
20800	0.45	0.38	0.38	0	0	0.45
20900	0.45	0.39	0.39	0	0	0.45
21000	0.45	0.39	0.39	0	0	0.45
21100	0.45	0.39	0.39	0	0	0.45
21200	0.45	0.4	0.4	0	0	0.45
21300	0.45	0.39	0.39	0	0	0.45
21400	0.45	0.39	0.39	0	0	0.45
21500	0.45	0.39	0.39	0	0	0.45
21600	0.45	0.39	0.39	0	0	0.45
21700	0.45	0.39	0.39	0	0	0.45
21800	0.46	0.39	0.39	0	0	0.46
21900	0.46	0.39	0.39	0	0	0.46
22000	0.45	0.39	0.39	0	0	0.45
22100	0.45	0.39	0.39	0	0	0.45
22200	0.45	0.39	0.39	0	0	0.45
22300	0.45	0.39	0.39	0	0	0.45
22400	0.45	0.39	0.39	0	0	0.45
22500	0.45	0.39	0.39	0	0	0.45
22600	0.45	0.39	0.39	0	0	0.45
22700	0.45	0.39	0.39	0	0	0.45
22800	0.45	0.39	0.39	0	0	0.45
22900	0.45	0.39	0.39	0	0	0.45
23000	0.45	0.39	0.39	0	0	0.45
23100	0.46	0.39	0.39	0	0	0.46
23200	0.45	0.4	0.4	0	0	0.45
23300	0.46	0.4	0.4	0	0	0.46
23400	0.47	0.4	0.4	0	0	0.47
23500	0.47	0.4	0.4	0	0	0.47
23600	0.47	0.4	0.4	0	0	0.47
23700	0.47	0.4	0.4	0	0	0.47
23800	0.47	0.4	0.4	0	0	0.47
23900	0.47	0.39	0.39	0	0	0.47
24000	0.47	0.39	0.39	0	0	0.47
24100	0.47	0.39	0.39	0	0	0.47
24200	0.47	0.39	0.39	0	0	0.47
24300	0.47	0.38	0.38	0	0	0.47
24400	0.47	0.38	0.38	0	0	0.47
24500	0.47	0.38	0.38	0	0	0.47
24600	0.47	0.38	0.38	0	0	0.47
24700	0.47	0.38	0.38	0	0	0.47
24800	0.47	0.39	0.39	0	0	0.47
24900	0.47	0.39	0.39	0	0	0.47
25000	0.47	0.39	0.39	0	0	0.47
25100	0.47	0.4	0.4	0	0	0.47
25200	0.47	0.4	0.4	0	0	0.47
25300	0.47	0.4	0.4	0	0	0.47
25400	0.47	0.4	0.4	0	0	0.47
25500	0.48	0.4	0.4	0	0	0.48
25600	0.48	0.4	0.4	0	0	0.48
25700	0.48	0.4	0.4	0	0	0.48
25800	0.48	0.41	0.41	0	0	0.48
25900	0.48	0.41	0.41	0	0	0.48
26000	0.47	0.41	0.41	0	0	0.47
26100	0.47	0.41	0.41	0	0	0.47
26200	0.47	0.41	0.41	0	0	0.47
26300	0.47	0.4	0.4	0	0	0.47
26400	0.48	0.4	0.4	0	0	0.48
26500	0.48	0.4	0.4	0	0	0.48
26600	0.48	0.4	0.4	0	0	0.48
26700	0.48	0.41	0.41	0	0	0.48
26800	0.48	0.41	0.41	0	0	0.48
26900	0.48	0.41	0.41	0	0	0.48
27000	0.48	0.41	0.41	0	0	0.48
27100	0.48	0.41	0.41	0	0	0.48
27200	0.48	0.42	0.42	0	0	0.48
27300	0.48	0.42	0.42	0	0	0.48
27400	0.48	0.42	0.42	0	0	0.48
27500	0.48	0.42	0.42	0	0	0.48
27600	0.48	0.42	0.42	0	0	0.48
27700	0.48	0.42	0.42	0	0	0.48
27800	0.48	0.42	0.42	0	0	0.48
27900	0.48	0.42	0.42	0	0	0.48
28000	0.48	0.42	0.42	0	0	0.48
28100	0.48	0.42	0.42	0	0	0.48
28200	0.48	0.42	0.42	0	0	0.48
28300	0.48	0.42	0.42	0	0	0.48
28400	0.48	0.42	0.42	0	0	0.48
28500	0.48	0.42	0.42	0	0	0.48
28600	0.48	0.42	0.42	0	0	0.48
28700	0.48	0.42	0.42	0	0	0.48
28800	0.49	0.42	0.42	0	0	0.49
28900	0.49	0.42	0.42	0	0	0.49
29000	0.49	0.42	0.42	0	0	0.49
29100	0.49	0.42	0.42	0	0	0.49
29200	0.49	0.42	0.42	0	0	0.49
29300	0.49	0.42	0.42	0	0	0.49
29400	0.49	0.42	0.42	0	0	0.49
29500	0.49	0.42	0.42	0	0	0.49
29600	0.49	0.42	0.42	0	0	0.49
29700	0.49	0.42	0.42	0	0	0.49
29800	0.49	0.42	0.42	0	0	0.49
29900	0.49	0.42	0.42	0	0	0.49
30000	0.49	0.42	0.42	0	0	0.49
30100	0.49	0.43	0.43	0	0	0.49
30200	0.49	0.43	0.43	0	0	0.49
30300	0.49	0.43	0.43	0	0	0.49
30400	0.5	0.43	0.43	0	0	0.5
30500	0.5	0.43	0.43	0	0	0.5
30600	0.5	0.43	0.43	0	0	0.5
30700	0.5	0.42	0.42	0	0	0.5
30800	0.5	0.42	0.42	0	0	0.5
30900	0.5	0.42	0.42	0	0	0.5
31000	0.5	0.42	0.42	0	0	0.5
31100	0.5	0.42	0.42	0	0	0.5
31200	0.5	0.42	0.42	0	0	0.5
31300	0.5	0.42	0.42	0	0	0.5
31400	0.5	0.42	0.42	0	0	0.5
31500	0.5	0.42	0.42	0	0	0.5
31600	0.5	0.42	0.42	0	0	0.5
31700	0.5	0.42	0.42	0	0	0.5
31800	0.5	0.42	0.42	0	0	0.5
31900	0.49	0.42	0.42	0	0	0.49
32000	0.49	0.42	0.42	0	0	0.49
32100	0.49	0.42	0.42	0	0	0.49
32200	0.49	0.42	0.42	0	0	0.49
32300	0.49	0.43	0.43	0	0	0.49
32400	0.49	0.43	0.43	0	0	0.49
32500	0.49	0.43	0.43	0	0	0.49
32600	0.49	0.44	0.44	0	0	0.49
32700	0.5	0.44	0.44	0	0	0.5
32800	0.5	0.44	0.44	0	0	0.5
32900	0.5	0.44	0.44	0	0	0.5
33000	0.5	0.44	0.44	0	0	0.5
33100	0.5	0.44	0.44	0	0	0.5
33200	0.5	0.44	0.44	0	0	0.5
33300	0.5	0.44	0.44	0	0	0.5
33400	0.5	0.44	0.44	0	0	0.5
33500	0.5	0.45	0.45	0	0	0.5
33600	0.5	0.44	0.44	0	0	0.5
33700	0.5	0.44	0.44	0	0	0.5
33800	0.5	0.44	0.44	0	0	0.5
33900	0.5	0.44	0.44	0	0	0.5
34000	0.5	0.44	0.44	0	0	0.5
34100	0.5	0.44	0.44	0	0	0.5
34200	0.5	0.44	0.44	0	0	0.5
34300	0.5	0.44	0.44	0	0	0.5
34400	0.5	0.44	0.44	0	0	0.5
34500	0.5	0.44	0.44	0	0	0.5
34600	0.5	0.44	0.44	0	0	0.5
34700	0.5	0.44	0.44	0	0	0.5
34800	0.5	0.44	0.44	0	0	0.5
34900	0.5	0.44	0.44	0	0	0.5
35000	0.5	0.44	0.44	0	0	0.5
35100	0.5	0.44	0.44	0	0	0.5
35200	0.5	0.44	0.44	0	0	0.5
35300	0.5	0.44	0.44	0	0	0.5
35400	0.5	0.44	0.44	0	0	0.5
35500	0.5	0.44	0.44	0	0	0.5
35600	0.5	0.44	0.44	0	0	0.5
35700	0.5	0.44	0.44	0	0	0.5
35800	0.5	0.44	0.44	0	0	0.5
35900	0.51	0.44	0.44	0	0	0.51
36000	0.5	0.44	0.44	0	0	0.5
36100	0.5	0.44	0.44	0	0	0.5
36200	0.5	0.44	0.44	0	0	0.5
36300	0.5	0.44	0.44	0	0	0.5
36400	0.5	0.44	0.44	0	0	0.5
36500	0.5	0.44	0.44	0	0	0.5
36600	0.5	0.44	0.44	0	0	0.5
36700	0.5	0.44	0.44	0	0	0.5
36800	0.5	0.44	0.44	0	0	0.5
36900	0.5	0.44	0.44	0	0	0.5
37000	0.5	0.44	0.44	0	0	0.5
37100	0.5	0.45	0.45	0	0	0.5
37200	0.5	0.45	0.45	0	0	0.5
37300	0.5	0.45	0.45	0	0	0.5
37400	0.5	0.45	0.45	0	0	0.5
37500	0.5	0.45	0.45	0	0	0.5
37600	0.5	0.45	0.45	0	0	0.5
37700	0.5	0.45	0.45	0	0	0.5
37800	0.5	0.45	0.45	0	0	0.5
37900	0.5	0.45	0.45	0	0	0.5
38000	0.5	0.45	0.45	0	0	0.5
38100	0.5	0.45	0.45	0	0	0.5
38200	0.5	0.45	0.45	0	0	0.5
38300	0.5	0.45	0.45	0	0	0.5
38400	0.5	0.45	0.45	0	0	0.5
38500	0.5	0.45	0.45	0	0	0.5
38600	0.5	0.45	0.45	0	0	0.5
38700	0.5	0.45	0.45	0	0	0.5
38800	0.5	0.45	0.45	0	0	0.5
38900	0.5	0.45	0.45	0	0	0.5
39000	0.5	0.45	0.45	0	0	0.5
39100	0.5	0.45	0.45	0	0	0.5
39200	0.5	0.45	0.45	0	0	0.5
39300	0.5	0.45	0.45	0	0	0.5
39400	0.5	0.45	0.45	0	0	0.5
39500	0.5	0.44	0.44	0	0	0.5
39600	0.5	0.44	0.44	0	0	0.5
39700	0.51	0.44	0.44	0	0	0.51
39800	0.51	0.44	0.44	0	0	0.51
39900	0.51	0.44	0.44	0	0	0.51
40000	0.51	0.44	0.44	0	0	0.51
40100	0.51	0.44	0.44	0	0	0.51
40200	0.51	0.44	0.44	0	0	0.51
40300	0.5	0.44	0.44	0	0	0.5
40400	0.5	0.44	0.44	0	0	0.5
40500	0.5	0.44	0.44	0	0	0.5
40600	0.49	0.45	0.45	0	0	0.49
40700	0.49	0.45	0.45	0	0	0.49
40800	0.49	0.46	0.46	0	0	0.49
40900	0.49	0.46	0.46	0	0	0.49
41000	0.49	0.46	0.46	0	0	0.49
41100	0.49	0.46	0.46	0	0	0.49
41200	0.49	0.45	0.45	0	0	0.49
41300	0.49	0.45	0.45	0	0	0.49
41400	0.49	0.45	0.45	0	0	0.49
41500	0.49	0.45	0.45	0	0	0.49
41600	0.49	0.45	0.45	0	0	0.49
41700	0.49	0.44	0.44	0	0	0.49
41800	0.49	0.44	0.44	0	0	0.49
41900	0.5	0.44	0.44	0	0	0.5
42000	0.49	0.45	0.45	0	0	0.49
42100	0.49	0.45	0.45	0	0	0.49
42200	0.48	0.45	0.45	0	0	0.48
42300	0.48	0.45	0.45	0	0	0.48
42400	0.48	0.45	0.45	0	0	0.48
42500	0.48	0.45	0.45	0	0	0.48
42600	0.48	0.46	0.46	0	0	0.48
42700	0.48	0.46	0.46	0	0	0.48
42800	0.48	0.46	0.46	0	0	0.48
42900	0.48	0.46	0.46	0	0	0.48
43000	0.48	0.46	0.46	0	0	0.48
43100	0.48	0.46	0.46	0	0	0.48
43200	0.48	0.46	0.46	0	0	0.48
43300	0.48	0.46	0.46	0	0	0.48
43400	0.48	0.46	0.46	0	0	0.48
43500	0.48	0.46	0.46	0	0	0.48
43600	0.48	0.46	0.46	0	0	0.48
43700	0.48	0.46	0.46	0	0	0.48
43800	0.49	0.46	0.46	0	0	0.49
43900	0.49	0.46	0.46	0	0	0.49
44000	0.49	0.46	0.46	0	0	0.49
44100	0.49	0.46	0.46	0	0	0.49
44200	0.49	0.46	0.46	0	0	0.49
44300	0.49	0.46	0.46	0	0	0.49
44400	0.49	0.46	0.46	0	0	0.49
44500	0.49	0.46	0.46	0	0	0.49
44600	0.49	0.46	0.46	0	0	0.49
44700	0.49	0.46	0.46	0	0	0.49
44800	0.49	0.46	0.46	0	0	0.49
44900	0.49	0.46	0.46	0	0	0.49
45000	0.49	0.46	0.46	0	0	0.49
45100	0.49	0.46	0.46	0	0	0.49
45200	0.49	0.46	0.46	0	0	0.49
45300	0.49	0.46	0.46	0	0	0.49
45400	0.49	0.46	0.46	0	0	0.49
45500	0.49	0.46	0.46	0	0	0.49
45600	0.49	0.46	0.46	0	0	0.49
45700	0.49	0.46	0.46	0	0	0.49
45800	0.49	0.46	0.46	0	0	0.49
45900	0.49	0.46	0.46	0	0	0.49
46000	0.49	0.46	0.46	0	0	0.49
46100	0.49	0.46	0.46	0	0	0.49
46200	0.49	0.46	0.46	0	0	0.49
46300	0.5	0.46	0.46	0	0	0.5
46400	0.5	0.46	0.46	0	0	0.5
46500	0.5	0.46	0.46	0	0	0.5
46600	0.5	0.46	0.46	0	0	0.5
46700	0.5	0.46	0.46	0	0	0.5
46800	0.5	0.46	0.46	0	0	0.5
46900	0.49	0.46	0.46	0	0	0.49
47000	0.49	0.46	0.46	0	0	0.49
47100	0.49	0.46	0.46	0	0	0.49
47200	0.49	0.46	0.46	0	0	0.49
47300	0.49	0.46	0.46	0	0	0.49
47400	0.49	0.48	0.48	0	0	0.49
47500	0.49	0.48	0.48	0	0	0.49
47600	0.49	0.48	0.48	0	0	0.49
47700	0.49	0.48	0.48	0	0	0.49
47800	0.49	0.48	0.48	0	0	0.49
47900	0.49	0.48	0.48	0	0	0.49
48000	0.49	0.48	0.48	0	0	0.49
48100	0.49	0.48	0.48	0	0	0.49
48200	0.49	0.48	0.48	0	0	0.49
48300	0.49	0.48	0.48	0	0	0.49
48400	0.49	0.48	0.48	0	0	0.49
48500	0.48	0.48	0.48	0	0	0.48
48600	0.48	0.48	0.48	0	0	0.48
48700	0.48	0.48	0.48	0	0	0.48
48800	0.48	0.48	0.48	0	0	0.48
48900	0.48	0.48	0.48	0	0	0.48
49000	0.48	0.48	0.48	0	0	0.48
49100	0.48	0.48	0.48	0	0	0.48
49200	0.48	0.48	0.48	0	0	0.48
49300	0.48	0.48	0.48	0	0	0.48
49400	0.48	0.48	0.48	0	0	0.48
49500	0.48	0.48	0.48	0	0	0.48
49600	0.48	0.48	0.48	0	0	0.48
49700	0.48	0.48	0.48	0	0	0.48
49800	0.48	0.48	0.48	0	0	0.48
49900	0.48	0.48	0.48	0	0	0.48
50000	0.48	0.48	0.48	0	0	0.48
50100	0.48	0.48	0.48	0	0	0.48
50200	0.48	0.48	0.48	0	0	0.48
50300	0.48	0.48	0.48	0	0	0.48
50400	0.48	0.48	0.48	0	0	0.48
50500	0.48	0.48	0.48	0	0	0.48
50600	0.48	0.48	0.48	0	0	0.48
50700	0.48	0.47	0.47	0	0	0.48
50800	0.48	0.47	0.47	0	0	0.48
50900	0.48	0.47	0.47	0	0	0.48
51000	0.48	0.47	0.47	0	0	0.48
51100	0.48	0.47	0.47	0	0	0.48
51200	0.48	0.47	0.47	0	0	0.48
51300	0.48	0.47	0.47	0	0	0.48
51400	0.48	0.47	0.47	0	0	0.48
51500	0.48	0.47	0.47	0	0	0.48
51600	0.48	0.47	0.47	0	0	0.48
51700	0.48	0.47	0.47	0	0	0.48
51800	0.48	0.47	0.47	0	0	0.48
51900	0.48	0.47	0.47	0	0	0.48
52000	0.48	0.47	0.47	0	0	0.48
52100	0.48	0.47	0.47	0	0	0.48
52200	0.48	0.47	0.47	0	0	0.48
52300	0.48	0.47	0.47	0	0	0.48
52400	0.48	0.47	0.47	0	0	0.48
52500	0.48	0.47	0.47	0	0	0.48
52600	0.48	0.47	0.47	0	0	0.48
52700	0.48	0.47	0.47	0	0	0.48
52800	0.48	0.47	0.47	0	0	0.48
52900	0.48	0.47	0.47	0	0	0.48
53000	0.48	0.48	0.48	0	0	0.48
53100	0.48	0.48	0.48	0	0	0.48
53200	0.48	0.48	0.48	0	0	0.48
53300	0.48	0.48	0.48	0	0	0.48
53400	0.48	0.48	0.48	0	0	0.48
53500	0.48	0.48	0.48	0	0	0.48
53600	0.48	0.48	0.48	0	0	0.48
53700	0.48	0.48	0.48	0	0	0.48
53800	0.48	0.48	0.48	0	0	0.48
53900	0.48	0.48	0.48	0	0	0.48
54000	0.48	0.48	0.48	0	0	0.48
54100	0.48	0.48	0.48	0	0	0.48
54200	0.48	0.48	0.48	0	0	0.48
54300	0.48	0.48	0.48	0	0	0.48
54400	0.48	0.48	0.48	0	0	0.48
54500	0.48	0.48	0.48	0	0	0.48
54600	0.48	0.48	0.48	0	0	0.48
54700	0.48	0.48	0.48	0	0	0.48
54800	0.48	0.48	0.48	0	0	0.48
54900	0.48	0.48	0.48	0	0	0.48
55000	0.48	0.48	0.48	0	0	0.48
55100	0.48	0.48	0.48	0	0	0.48
55200	0.48	0.48	0.48	0	0	0.48
55300	0.47	0.48	0.48	0	0	0.47
55400	0.47	0.47	0.47	0	0	0.47
55500	0.47	0.47	0.47	0	0	0.47
55600	0.47	0.47	0.47	0	0	0.47
55700	0.47	0.47	0.47	0	0	0.47
55800	0.47	0.47	0.47	0	0	0.47
55900	0.47	0.47	0.47	0	0	0.47
56000	0.47	0.47	0.47	0	0	0.47
56100	0.47	0.47	0.47	0	0	0.47
56200	0.47	0.47	0.47	0	0	0.47
56300	0.47	0.47	0.47	0	0	0.47
56400	0.47	0.47	0.47	0	0	0.47
56500	0.47	0.47	0.47	0	0	0.47
56600	0.47	0.47	0.47	0	0	0.47
56700	0.47	0.47	0.47	0	0	0.47
56800	0.47	0.47	0.47	0	0	0.47
56900	0.48	0.47	0.47	0	0	0.48
57000	0.48	0.47	0.47	0	0	0.48
57100	0.48	0.47	0.47	0	0	0.48
57200	0.48	0.47	0.47	0	0	0.48
57300	0.48	0.48	0.48	0	0	0.48
57400	0.48	0.48	0.48	0	0	0.48
57500	0.48	0.48	0.48	0	0	0.48
57600	0.48	0.48	0.48	0	0	0.48
57700	0.48	0.48	0.48	0	0	0.48
57800	0.48	0.47	0.47	0	0	0.48
57900	0.48	0.47	0.47	0	0	0.48
58000	0.48	0.47	0.47	0	0	0.48
58100	0.48	0.47	0.47	0	0	0.48
58200	0.48	0.47	0.47	0	0	0.48
58300	0.48	0.47	0.47	0	0	0.48
58400	0.48	0.47	0.47	0	0	0.48
58500	0.48	0.47	0.47	0	0	0.48
58600	0.48	0.48	0.48	0	0	0.48
58700	0.48	0.47	0.47	0	0	0.48
58800	0.48	0.47	0.47	0	0	0.48
58900	0.48	0.47	0.47	0	0	0.48
59000	0.48	0.47	0.47	0	0	0.48
59100	0.48	0.47	0.47	0	0	0.48
59200	0.48	0.47	0.47	0	0	0.48
59300	0.48	0.47	0.47	0	0	0.48
59400	0.48	0.47	0.47	0	0	0.48
59500	0.48	0.47	0.47	0	0	0.48
59600	0.48	0.47	0.47	0	0	0.48
59700	0.48	0.47	0.47	0	0	0.48
59800	0.48	0.47	0.47	0	0	0.48
59900	0.48	0.47	0.47	0	0	0.48
60000	0.48	0.47	0.47	0	0	0.48
60100	0.47	0.47	0.47	0	0	0.47
60200	0.47	0.47	0.47	0	0	0.47
60300	0.47	0.47	0.47	0	0	0.47
60400	0.47	0.47	0.47	0	0	0.47
60500	0.47	0.47	0.47	0	0	0.47
60600	0.47	0.47	0.47	0	0	0.47
60700	0.47	0.47	0.47	0	0	0.47
60800	0.47	0.47	0.47	0	0	0.47
60900	0.47	0.47	0.47	0	0	0.47
61000	0.47	0.46	0.46	0	0	0.47
61100	0.47	0.46	0.46	0	0	0.47
61200	0.47	0.46	0.46	0	0	0.47
61300	0.47	0.46	0.46	0	0	0.47
61400	0.47	0.47	0.47	0	0	0.47
61500	0.47	0.47	0.47	0	0	0.47
61600	0.47	0.47	0.47	0	0	0.47
61700	0.47	0.47	0.47	0	0	0.47
61800	0.47	0.47	0.47	0	0	0.47
61900	0.47	0.47	0.47	0	0	0.47
62000	0.47	0.47	0.47	0	0	0.47
62100	0.49	0.47	0.47	0	0	0.49
62200	0.48	0.47	0.47	0	0	0.48
62300	0.48	0.47	0.47	0	0	0.48
62400	0.48	0.48	0.48	0	0	0.48
62500	0.48	0.48	0.48	0	0	0.48
62600	0.48	0.47	0.47	0	0	0.48
62700	0.48	0.47	0.47	0	0	0.48
62800	0.48	0.47	0.47	0	0	0.48
62900	0.48	0.47	0.47	0	0	0.48
63000	0.48	0.47	0.47	0	0	0.48
63100	0.48	0.47	0.47	0	0	0.48
63200	0.48	0.47	0.47	0	0	0.48
63300	0.48	0.48	0.48	0	0	0.48
63400	0.48	0.47	0.47	0	0	0.48
63500	0.48	0.47	0.47	0	0	0.48
63600	0.49	0.47	0.47	0	0	0.49
63700	0.49	0.47	0.47	0	0	0.49
63800	0.49	0.47	0.47	0	0	0.49
63900	0.49	0.47	0.47	0	0	0.49
64000	0.49	0.47	0.47	0	0	0.49
64100	0.49	0.47	0.47	0	0	0.49
64200	0.49	0.47	0.47	0	0	0.49
64300	0.49	0.47	0.47	0	0	0.49
64400	0.49	0.47	0.47	0	0	0.49
64500	0.49	0.47	0.47	0	0	0.49
64600	0.49	0.47	0.47	0	0	0.49
64700	0.49	0.47	0.47	0	0	0.49
64800	0.49	0.47	0.47	0	0	0.49
64900	0.49	0.47	0.47	0	0	0.49
65000	0.49	0.47	0.47	0	0	0.49
65100	0.49	0.47	0.47	0	0	0.49
65200	0.49	0.47	0.47	0	0	0.49
65300	0.49	0.47	0.47	0	0	0.49
65400	0.49	0.47	0.47	0	0	0.49
65500	0.49	0.46	0.46	0	0	0.49
65600	0.49	0.46	0.46	0	0	0.49
65700	0.49	0.46	0.46	0	0	0.49
65800	0.49	0.47	0.47	0	0	0.49
65900	0.49	0.47	0.47	0	0	0.49
66000	0.49	0.47	0.47	0	0	0.49
66100	0.49	0.46	0.46	0	0	0.49
66200	0.49	0.46	0.46	0	0	0.49
66300	0.48	0.46	0.46	0	0	0.48
66400	0.48	0.46	0.46	0	0	0.48
66500	0.48	0.46	0.46	0	0	0.48
66600	0.48	0.46	0.46	0	0	0.48
66700	0.48	0.46	0.46	0	0	0.48
66800	0.48	0.46	0.46	0	0	0.48
66900	0.48	0.47	0.47	0	0	0.48
67000	0.48	0.47	0.47	0	0	0.48
67100	0.48	0.47	0.47	0	0	0.48
67200	0.48	0.47	0.47	0	0	0.48
67300	0.48	0.47	0.47	0	0	0.48
67400	0.48	0.47	0.47	0	0	0.48
67500	0.48	0.47	0.47	0	0	0.48
67600	0.48	0.47	0.47	0	0	0.48
67700	0.48	0.47	0.47	0	0	0.48
67800	0.48	0.47	0.47	0	0	0.48
67900	0.48	0.47	0.47	0	0	0.48
68000	0.48	0.47	0.47	0	0	0.48
68100	0.48	0.47	0.47	0	0	0.48
68200	0.48	0.47	0.47	0	0	0.48
68300	0.48	0.47	0.47	0	0	0.48
68400	0.48	0.47	0.47	0	0	0.48
68500	0.49	0.47	0.47	0	0	0.49
68600	0.48	0.47	0.47	0	0	0.48
68700	0.48	0.47	0.47	0	0	0.48
68800	0.48	0.47	0.47	0	0	0.48
68900	0.48	0.47	0.47	0	0	0.48
69000	0.48	0.47	0.47	0	0	0.48
69100	0.49	0.47	0.47	0	0	0.49
69200	0.48	0.47	0.47	0	0	0.48
69300	0.48	0.47	0.47	0	0	0.48
69400	0.48	0.47	0.47	0	0	0.48
69500	0.48	0.47	0.47	0	0	0.48
69600	0.48	0.47	0.47	0	0	0.48
69700	0.48	0.47	0.47	0	0	0.48
69800	0.48	0.47	0.47	0	0	0.48
69900	0.48	0.47	0.47	0	0	0.48
70000	0.48	0.47	0.47	0	0	0.48
70100	0.48	0.47	0.47	0	0	0.48
70200	0.48	0.47	0.47	0	0	0.48
70300	0.48	0.47	0.47	0	0	0.48
70400	0.48	0.47	0.47	0	0	0.48
70500	0.48	0.47	0.47	0	0	0.48
70600	0.48	0.47	0.47	0	0	0.48
70700	0.48	0.47	0.47	0	0	0.48
70800	0.48	0.47	0.47	0	0	0.48
70900	0.48	0.47	0.47	0	0	0.48
71000	0.48	0.47	0.47	0	0	0.48
71100	0.48	0.47	0.47	0	0	0.48
71200	0.48	0.47	0.47	0	0	0.48
71300	0.48	0.47	0.47	0	0	0.48
71400	0.48	0.47	0.47	0	0	0.48
71500	0.48	0.47	0.47	0	0	0.48
71600	0.48	0.47	0.47	0	0	0.48
71700	0.48	0.47	0.47	0	0	0.48
71800	0.48	0.47	0.47	0	0	0.48
71900	0.48	0.47	0.47	0	0	0.48
72000	0.48	0.47	0.47	0	0	0.48
72100	0.48	0.47	0.47	0	0	0.48
72200	0.48	0.47	0.47	0	0	0.48
72300	0.48	0.47	0.47	0	0	0.48
72400	0.48	0.47	0.47	0	0	0.48
72500	0.48	0.47	0.47	0	0	0.48
72600	0.48	0.47	0.47	0	0	0.48
72700	0.48	0.47	0.47	0	0	0.48
72800	0.48	0.48	0.48	0	0	0.48
72900	0.49	0.48	0.48	0	0	0.49
73000	0.49	0.48	0.48	0	0	0.49
73100	0.49	0.48	0.48	0	0	0.49
73200	0.49	0.48	0.48	0	0	0.49
73300	0.49	0.48	0.48	0	0	0.49
73400	0.49	0.48	0.48	0	0	0.49
73500	0.49	0.48	0.48	0	0	0.49
73600	0.49	0.48	0.48	0	0	0.49
73700	0.49	0.48	0.48	0	0	0.49
73800	0.49	0.48	0.48	0	0	0.49
73900	0.49	0.48	0.48	0	0	0.49
74000	0.49	0.48	0.48	0	0	0.49
74100	0.49	0.48	0.48	0	0	0.49
74200	0.49	0.49	0.49	0	0	0.49
74300	0.49	0.49	0.49	0	0	0.49
74400	0.49	0.48	0.48	0	0	0.49
74500	0.49	0.48	0.48	0	0	0.49
74600	0.49	0.47	0.47	0	0	0.49
74700	0.49	0.48	0.48	0	0	0.49
74800	0.49	0.48	0.48	0	0	0.49
74900	0.49	0.48	0.48	0	0	0.49
75000	0.49	0.48	0.48	0	0	0.49
75100	0.48	0.48	0.48	0	0	0.48
75200	0.48	0.48	0.48	0	0	0.48
75300	0.48	0.48	0.48	0	0	0.48
75400	0.48	0.48	0.48	0	0	0.48
75500	0.48	0.48	0.48	0	0	0.48
75600	0.48	0.48	0.48	0	0	0.48
75700	0.48	0.48	0.48	0	0	0.48
75800	0.48	0.48	0.48	0	0	0.48
75900	0.48	0.48	0.48	0	0	0.48
76000	0.48	0.48	0.48	0	0	0.48
76100	0.48	0.48	0.48	0	0	0.48
76200	0.47	0.48	0.48	0	0	0.47
76300	0.47	0.48	0.48	0	0	0.47
76400	0.47	0.48	0.48	0	0	0.47
76500	0.47	0.48	0.48	0	0	0.47
76600	0.47	0.48	0.48	0	0	0.47
76700	0.47	0.48	0.48	0	0	0.47
76800	0.47	0.48	0.48	0	0	0.47
76900	0.47	0.48	0.48	0	0	0.47
77000	0.47	0.48	0.48	0	0	0.47
77100	0.46	0.48	0.48	0	0	0.46
77200	0.46	0.48	0.48	0	0	0.46
77300	0.46	0.48	0.48	0	0	0.46
77400	0.46	0.48	0.48	0	0	0.46
77500	0.46	0.48	0.48	0	0	0.46
77600	0.46	0.48	0.48	0	0	0.46
77700	0.46	0.48	0.48	0	0	0.46
77800	0.46	0.48	0.48	0	0	0.46
77900	0.46	0.48	0.48	0	0	0.46
78000	0.46	0.48	0.48	0	0	0.46
78100	0.47	0.48	0.48	0	0	0.47
78200	0.47	0.48	0.48	0	0	0.47
78300	0.46	0.49	0.49	0	0	0.46
78400	0.47	0.49	0.49	0	0	0.47
78500	0.47	0.48	0.48	0	0	0.47
78600	0.47	0.48	0.48	0	0	0.47
78700	0.47	0.48	0.48	0	0	0.47
78800	0.47	0.48	0.48	0	0	0.47
78900	0.47	0.48	0.48	0	0	0.47
79000	0.47	0.48	0.48	0	0	0.47
79100	0.47	0.48	0.48	0	0	0.47
79200	0.46	0.48	0.48	0	0	0.46
79300	0.46	0.48	0.48	0	0	0.46
79400	0.46	0.48	0.48	0	0	0.46
79500	0.46	0.48	0.48	0	0	0.46
79600	0.46	0.48	0.48	0	0	0.46
79700	0.46	0.48	0.48	0	0	0.46
79800	0.46	0.48	0.48	0	0	0.46
79900	0.47	0.48	0.48	0	0	0.47
80000	0.47	0.48	0.48	0	0	0.47
80100	0.47	0.49	0.49	0	0	0.47
80200	0.47	0.48	0.48	0	0	0.47
80300	0.47	0.48	0.48	0	0	0.47
80400	0.48	0.48	0.48	0	0	0.48
80500	0.48	0.48	0.48	0	0	0.48
80600	0.48	0.48	0.48	0	0	0.48
80700	0.48	0.48	0.48	0	0	0.48
80800	0.48	0.49	0.49	0	0	0.48
80900	0.48	0.49	0.49	0	0	0.48
81000	0.48	0.49	0.49	0	0	0.48
81100	0.48	0.49	0.49	0	0	0.48
81200	0.48	0.49	0.49	0	0	0.48
81300	0.48	0.49	0.49	0	0	0.48
81400	0.48	0.49	0.49	0	0	0.48
81500	0.48	0.49	0.49	0	0	0.48
81600	0.48	0.49	0.49	0	0	0.48
81700	0.48	0.49	0.49	0	0	0.48
81800	0.48	0.49	0.49	0	0	0.48
81900	0.48	0.49	0.49	0	0	0.48
82000	0.48	0.49	0.49	0	0	0.48
82100	0.48	0.49	0.49	0	0	0.48
82200	0.48	0.49	0.49	0	0	0.48
82300	0.48	0.49	0.49	0	0	0.48
82400	0.48	0.49	0.49	0	0	0.48
82500	0.48	0.49	0.49	0	0	0.48
82600	0.48	0.49	0.49	0	0	0.48
82700	0.48	0.49	0.49	0	0	0.48
82800	0.48	0.49	0.49	0	0	0.48
82900	0.48	0.49	0.49	0	0	0.48
83000	0.48	0.49	0.49	0	0	0.48
83100	0.48	0.49	0.49	0	0	0.48
83200	0.48	0.49	0.49	0	0	0.48
83300	0.48	0.49	0.49	0	0	0.48
83400	0.48	0.49	0.49	0	0	0.48
83500	0.48	0.49	0.49	0	0	0.48
83600	0.48	0.49	0.49	0	0	0.48
83700	0.48	0.49	0.49	0	0	0.48
83800	0.48	0.49	0.49	0	0	0.48
83900	0.48	0.49	0.49	0	0	0.48
84000	0.48	0.49	0.49	0	0	0.48
84100	0.48	0.49	0.49	0	0	0.48
84200	0.48	0.49	0.49	0	0	0.48
84300	0.48	0.49	0.49	0	0	0.48
84400	0.48	0.49	0.49	0	0	0.48
84500	0.48	0.49	0.49	0	0	0.48
84600	0.49	0.49	0.49	0	0	0.49
84700	0.49	0.49	0.49	0	0	0.49
84800	0.49	0.49	0.49	0	0	0.49
84900	0.48	0.49	0.49	0	0	0.48
85000	0.48	0.49	0.49	0	0	0.48
85100	0.48	0.49	0.49	0	0	0.48
85200	0.48	0.49	0.49	0	0	0.48
85300	0.48	0.49	0.49	0	0	0.48
85400	0.48	0.49	0.49	0	0	0.48
85500	0.48	0.49	0.49	0	0	0.48
85600	0.48	0.49	0.49	0	0	0.48
85700	0.48	0.49	0.49	0	0	0.48
85800	0.48	0.49	0.49	0	0	0.48
85900	0.48	0.49	0.49	0	0	0.48
86000	0.48	0.49	0.49	0	0	0.48
86100	0.48	0.49	0.49	0	0	0.48
86200	0.48	0.49	0.49	0	0	0.48
86300	0.48	0.49	0.49	0	0	0.48
86400	0.48	0.49	0.49	0	0	0.48
86500	0.48	0.49	0.49	0	0	0.48
86600	0.48	0.49	0.49	0	0	0.48
86700	0.48	0.49	0.49	0	0	0.48
86800	0.48	0.49	0.49	0	0	0.48
86900	0.48	0.49	0.49	0	0	0.48
87000	0.48	0.49	0.49	0	0	0.48
87100	0.48	0.49	0.49	0	0	0.48
87200	0.48	0.49	0.49	0	0	0.48
87300	0.48	0.49	0.49	0	0	0.48
87400	0.48	0.49	0.49	0	0	0.48
87500	0.48	0.49	0.49	0	0	0.48
87600	0.48	0.49	0.49	0	0	0.48
87700	0.47	0.49	0.49	0	0	0.47
87800	0.47	0.49	0.49	0	0	0.47
87900	0.47	0.49	0.49	0	0	0.47
88000	0.47	0.49	0.49	0	0	0.47
88100	0.47	0.49	0.49	0	0	0.47
88200	0.47	0.49	0.49	0	0	0.47
88300	0.47	0.49	0.49	0	0	0.47
88400	0.47	0.49	0.49	0	0	0.47
88500	0.47	0.49	0.49	0	0	0.47
88600	0.47	0.49	0.49	0	0	0.47
88700	0.47	0.49	0.49	0	0	0.47
88800	0.47	0.49	0.49	0	0	0.47
88900	0.47	0.49	0.49	0	0	0.47
89000	0.47	0.49	0.49	0	0	0.47
89100	0.47	0.49	0.49	0	0	0.47
89200	0.47	0.49	0.49	0	0	0.47
89300	0.47	0.49	0.49	0	0	0.47
89400	0.47	0.5	0.5	0	0	0.47
89500	0.47	0.5	0.5	0	0	0.47
89600	0.47	0.5	0.5	0	0	0.47
89700	0.47	0.5	0.5	0	0	0.47
89800	0.48	0.5	0.5	0	0	0.48
89900	0.47	0.5	0.5	0	0	0.47
90000	0.47	0.5	0.5	0	0	0.47
90100	0.47	0.5	0.5	0	0	0.47
90200	0.47	0.5	0.5	0	0	0.47
90300	0.47	0.5	0.5	0	0	0.47
90400	0.47	0.5	0.5	0	0	0.47
90500	0.47	0.5	0.5	0	0	0.47
90600	0.47	0.5	0.5	0	0	0.47
90700	0.47	0.5	0.5	0	0	0.47
90800	0.47	0.5	0.5	0	0	0.47
90900	0.47	0.5	0.5	0	0	0.47
91000	0.47	0.5	0.5	0	0	0.47
91100	0.47	0.5	0.5	0	0	0.47
91200	0.47	0.5	0.5	0	0	0.47
91300	0.47	0.5	0.5	0	0	0.47
91400	0.47	0.5	0.5	0	0	0.47
91500	0.47	0.5	0.5	0	0	0.47
91600	0.47	0.5	0.5	0	0	0.47
91700	0.47	0.5	0.5	0	0	0.47
91800	0.47	0.5	0.5	0	0	0.47
91900	0.47	0.5	0.5	0	0	0.47
92000	0.47	0.5	0.5	0	0	0.47
92100	0.47	0.5	0.5	0	0	0.47
92200	0.47	0.5	0.5	0	0	0.47
92300	0.47	0.5	0.5	0	0	0.47
92400	0.47	0.5	0.5	0	0	0.47
92500	0.48	0.5	0.5	0	0	0.48
92600	0.48	0.5	0.5	0	0	0.48
92700	0.48	0.5	0.5	0	0	0.48
92800	0.48	0.5	0.5	0	0	0.48
92900	0.47	0.5	0.5	0	0	0.47
93000	0.47	0.5	0.5	0	0	0.47
93100	0.47	0.5	0.5	0	0	0.47
93200	0.47	0.5	0.5	0	0	0.47
93300	0.47	0.5	0.5	0	0	0.47
93400	0.47	0.5	0.5	0	0	0.47
93500	0.46	0.5	0.5	0	0	0.46
93600	0.46	0.5	0.5	0	0	0.46
93700	0.46	0.5	0.5	0	0	0.46
93800	0.46	0.5	0.5	0	0	0.46
93900	0.46	0.5	0.5	0	0	0.46
94000	0.46	0.5	0.5	0	0	0.46
94100	0.46	0.5	0.5	0	0	0.46
94200	0.46	0.5	0.5	0	0	0.46
94300	0.46	0.5	0.5	0	0	0.46
94400	0.46	0.5	0.5	0	0	0.46
94500	0.46	0.5	0.5	0	0	0.46
94600	0.46	0.5	0.5	0	0	0.46
94700	0.46	0.5	0.5	0	0	0.46
94800	0.46	0.5	0.5	0	0	0.46
94900	0.46	0.5	0.5	0	0	0.46
95000	0.46	0.5	0.5	0	0	0.46
95100	0.46	0.5	0.5	0	0	0.46
95200	0.46	0.5	0.5	0	0	0.46
95300	0.46	0.5	0.5	0	0	0.46
95400	0.46	0.5	0.5	0	0	0.46
95500	0.46	0.5	0.5	0	0	0.46
95600	0.46	0.5	0.5	0	0	0.46
95700	0.46	0.5	0.5	0	0	0.46
95800	0.46	0.5	0.5	0	0	0.46
95900	0.46	0.5	0.5	0	0	0.46
96000	0.46	0.5	0.5	0	0	0.46
96100	0.46	0.5	0.5	0	0	0.46
96200	0.46	0.5	0.5	0	0	0.46
96300	0.46	0.5	0.5	0	0	0.46
96400	0.46	0.5	0.5	0	0	0.46
96500	0.46	0.5	0.5	0	0	0.46
96600	0.46	0.51	0.51	0	0	0.46
96700	0.46	0.5	0.5	0	0	0.46
96800	0.46	0.5	0.5	0	0	0.46
96900	0.46	0.5	0.5	0	0	0.46
97000	0.46	0.5	0.5	0	0	0.46
97100	0.46	0.5	0.5	0	0	0.46
97200	0.46	0.5	0.5	0	0	0.46
97300	0.46	0.5	0.5	0	0	0.46
97400	0.46	0.5	0.5	0	0	0.46
97500	0.46	0.5	0.5	0	0	0.46
97600	0.46	0.5	0.5	0	0	0.46
97700	0.46	0.5	0.5	0	0	0.46
97800	0.46	0.5	0.5	0	0	0.46
97900	0.46	0.5	0.5	0	0	0.46
98000	0.46	0.5	0.5	0	0	0.46
98100	0.47	0.51	0.51	0	0	0.47
98200	0.46	0.51	0.51	0	0	0.46
98300	0.46	0.51	0.51	0	0	0.46
98400	0.46	0.51	0.51	0	0	0.46
98500	0.46	0.51	0.51	0	0	0.46
98600	0.46	0.51	0.51	0	0	0.46
98700	0.46	0.51	0.51	0	0	0.46
98800	0.46	0.51	0.51	0	0	0.46
98900	0.46	0.51	0.51	0	0	0.46
99000	0.46	0.51	0.51	0	0	0.46
99100	0.46	0.51	0.51	0	0	0.46
99200	0.46	0.51	0.51	0	0	0.46
99300	0.46	0.51	0.51	0	0	0.46
99400	0.47	0.51	0.51	0	0	0.47
99500	0.47	0.51	0.51	0	0	0.47
99600	0.47	0.51	0.51	0	0	0.47
99700	0.47	0.51	0.51	0	0	0.47
99800	0.47	0.51	0.51	0	0	0.47
99900	0.47	0.51	0.51	0	0	0.47
100000	0.47	0.51	0.51	0	0	0.47
100100	0.47	0.51	0.51	0	0	0.47
100200	0.47	0.51	0.51	0	0	0.47
100300	0.47	0.51	0.51	0	0	0.47
100400	0.46	0.51	0.51	0	0	0.46
100500	0.46	0.51	0.51	0	0	0.46
100600	0.46	0.51	0.51	0	0	0.46
100700	0.46	0.51	0.51	0	0	0.46
100800	0.46	0.51	0.51	0	0	0.46
100900	0.47	0.51	0.51	0	0	0.47
101000	0.48	0.51	0.51	0	0	0.48
101100	0.47	0.51	0.51	0	0	0.47
101200	0.47	0.51	0.51	0	0	0.47
101300	0.47	0.51	0.51	0	0	0.47
101400	0.47	0.51	0.51	0	0	0.47
101500	0.47	0.51	0.51	0	0	0.47
101600	0.47	0.51	0.51	0	0	0.47
101700	0.47	0.51	0.51	0	0	0.47
101800	0.47	0.51	0.51	0	0	0.47
101900	0.47	0.51	0.51	0	0	0.47
102000	0.47	0.51	0.51	0	0	0.47
102100	0.47	0.51	0.51	0	0	0.47
102200	0.47	0.51	0.51	0	0	0.47
102300	0.47	0.51	0.51	0	0	0.47
102400	0.47	0.51	0.51	0	0	0.47
102500	0.47	0.51	0.51	0	0	0.47
102600	0.47	0.51	0.51	0	0	0.47
102700	0.47	0.51	0.51	0	0	0.47
102800	0.47	0.51	0.51	0	0	0.47
102900	0.47	0.51	0.51	0	0	0.47
103000	0.47	0.51	0.51	0	0	0.47
103100	0.47	0.51	0.51	0	0	0.47
103200	0.47	0.51	0.51	0	0	0.47
103300	0.47	0.51	0.51	0	0	0.47
103400	0.47	0.51	0.51	0	0	0.47
103500	0.47	0.51	0.51	0	0	0.47
103600	0.47	0.51	0.51	0	0	0.47
103700	0.47	0.51	0.51	0	0	0.47
103800	0.47	0.51	0.51	0	0	0.47
103900	0.47	0.51	0.51	0	0	0.47
104000	0.47	0.51	0.51	0	0	0.47
104100	0.47	0.51	0.51	0	0	0.47
104200	0.47	0.51	0.51	0	0	0.47
104300	0.47	0.51	0.51	0	0	0.47
104400	0.47	0.51	0.51	0	0	0.47
104500	0.47	0.51	0.51	0	0	0.47
104600	0.47	0.51	0.51	0	0	0.47
104700	0.47	0.51	0.51	0	0	0.47
104800	0.47	0.51	0.51	0	0	0.47
104900	0.47	0.51	0.51	0	0	0.47
105000	0.47	0.51	0.51	0	0	0.47
105100	0.47	0.51	0.51	0	0	0.47
105200	0.47	0.51	0.51	0	0	0.47
105300	0.47	0.51	0.51	0	0	0.47
105400	0.47	0.51	0.51	0	0	0.47
105500	0.47	0.51	0.51	0	0	0.47
105600	0.47	0.51	0.51	0	0	0.47
105700	0.47	0.51	0.51	0	0	0.47
105800	0.47	0.51	0.51	0	0	0.47
105900	0.47	0.51	0.51	0	0	0.47
106000	0.47	0.51	0.51	0	0	0.47
106100	0.47	0.51	0.51	0	0	0.47
106200	0.47	0.51	0.51	0	0	0.47
106300	0.47	0.51	0.51	0	0	0.47
106400	0.47	0.51	0.51	0	0	0.47
106500	0.47	0.51	0.51	0	0	0.47
106600	0.47	0.51	0.51	0	0	0.47
106700	0.47	0.51	0.51	0	0	0.47
106800	0.47	0.51	0.51	0	0	0.47
106900	0.48	0.51	0.51	0	0	0.48
107000	0.48	0.51	0.51	0	0	0.48
107100	0.48	0.51	0.51	0	0	0.48
107200	0.48	0.51	0.51	0	0	0.48
107300	0.48	0.51	0.51	0	0	0.48
107400	0.48	0.51	0.51	0	0	0.48
107500	0.48	0.51	0.51	0	0	0.48
107600	0.48	0.51	0.51	0	0	0.48
107700	0.48	0.51	0.51	0	0	0.48
107800	0.48	0.51	0.51	0	0	0.48
107900	0.48	0.51	0.51	0	0	0.48
108000	0.48	0.51	0.51	0	0	0.48
108100	0.48	0.51	0.51	0	0	0.48
108200	0.48	0.51	0.51	0	0	0.48
108300	0.48	0.51	0.51	0	0	0.48
108400	0.48	0.51	0.51	0	0	0.48
108500	0.48	0.51	0.51	0	0	0.48
108600	0.48	0.51	0.51	0	0	0.48
108700	0.48	0.51	0.51	0	0	0.48
108800	0.48	0.51	0.51	0	0	0.48
108900	0.48	0.51	0.51	0	0	0.48
109000	0.48	0.51	0.51	0	0	0.48
109100	0.48	0.51	0.51	0	0	0.48
109200	0.48	0.51	0.51	0	0	0.48
109300	0.48	0.51	0.51	0	0	0.48
109400	0.48	0.51	0.51	0	0	0.48
109500	0.48	0.51	0.51	0	0	0.48
109600	0.48	0.51	0.51	0	0	0.48
109700	0.48	0.51	0.51	0	0	0.48
109800	0.48	0.51	0.51	0	0	0.48
109900	0.48	0.51	0.51	0	0	0.48
110000	0.48	0.51	0.51	0	0	0.48
110100	0.48	0.51	0.51	0	0	0.48
110200	0.48	0.51	0.51	0	0	0.48
110300	0.48	0.51	0.51	0	0	0.48
110400	0.48	0.51	0.51	0	0	0.48
110500	0.48	0.51	0.51	0	0	0.48
110600	0.48	0.51	0.51	0	0	0.48
110700	0.48	0.51	0.51	0	0	0.48
110800	0.48	0.51	0.51	0	0	0.48
110900	0.48	0.51	0.51	0	0	0.48
111000	0.48	0.51	0.51	0	0	0.48
111100	0.48	0.51	0.51	0	0	0.48
111200	0.48	0.51	0.51	0	0	0.48
111300	0.48	0.51	0.51	0	0	0.48
111400	0.48	0.51	0.51	0	0	0.48
111500	0.48	0.51	0.51	0	0	0.48
111600	0.48	0.51	0.51	0	0	0.48
111700	0.48	0.51	0.51	0	0	0.48
111800	0.48	0.51	0.51	0	0	0.48
111900	0.48	0.51	0.51	0	0	0.48
112000	0.48	0.51	0.51	0	0	0.48
112100	0.48	0.51	0.51	0	0	0.48
112200	0.48	0.51	0.51	0	0	0.48
112300	0.48	0.51	0.51	0	0	0.48
112400	0.48	0.51	0.51	0	0	0.48
112500	0.48	0.51	0.51	0	0	0.48
112600	0.48	0.51	0.51	0	0	0.48
112700	0.48	0.51	0.51	0	0	0.48
112800	0.48	0.51	0.51	0	0	0.48
112900	0.48	0.51	0.51	0	0	0.48
113000	0.48	0.51	0.51	0	0	0.48
113100	0.48	0.51	0.51	0	0	0.48
113200	0.48	0.51	0.51	0	0	0.48
113300	0.48	0.51	0.51	0	0	0.48
113400	0.48	0.51	0.51	0	0	0.48
113500	0.48	0.51	0.51	0	0	0.48
113600	0.48	0.51	0.51	0	0	0.48
113700	0.48	0.51	0.51	0	0	0.48
113800	0.48	0.51	0.51	0	0	0.48
113900	0.48	0.51	0.51	0	0	0.48
114000	0.48	0.51	0.51	0	0	0.48
114100	0.48	0.51	0.51	0	0	0.48
114200	0.48	0.51	0.51	0	0	0.48
114300	0.48	0.51	0.51	0	0	0.48
114400	0.48	0.51	0.51	0	0	0.48
114500	0.48	0.51	0.51	0	0	0.48
114600	0.48	0.51	0.51	0	0	0.48
114700	0.48	0.51	0.51	0	0	0.48
114800	0.48	0.51	0.51	0	0	0.48
114900	0.48	0.51	0.51	0	0	0.48
115000	0.48	0.51	0.51	0	0	0.48
115100	0.48	0.51	0.51	0	0	0.48
115200	0.48	0.51	0.51	0	0	0.48
115300	0.48	0.51	0.51	0	0	0.48
115400	0.48	0.51	0.51	0	0	0.48
115500	0.48	0.51	0.51	0	0	0.48
115600	0.48	0.51	0.51	0	0	0.48
115700	0.48	0.51	0.51	0	0	0.48
115800	0.48	0.51	0.51	0	0	0.48
115900	0.48	0.51	0.51	0	0	0.48
116000	0.48	0.51	0.51	0	0	0.48
116100	0.48	0.51	0.51	0	0	0.48
116200	0.48	0.51	0.51	0	0	0.48
116300	0.48	0.51	0.51	0	0	0.48
116400	0.48	0.51	0.51	0	0	0.48
116500	0.48	0.51	0.51	0	0	0.48
116600	0.48	0.51	0.51	0	0	0.48
116700	0.48	0.51	0.51	0	0	0.48
116800	0.48	0.51	0.51	0	0	0.48
116900	0.48	0.51	0.51	0	0	0.48
117000	0.48	0.51	0.51	0	0	0.48
117100	0.48	0.51	0.51	0	0	0.48
117200	0.48	0.51	0.51	0	0	0.48
117300	0.48	0.51	0.51	0	0	0.48
117400	0.48	0.51	0.51	0	0	0.48
117500	0.48	0.51	0.51	0	0	0.48
117600	0.48	0.51	0.51	0	0	0.48
117700	0.48	0.51	0.51	0	0	0.48
117800	0.48	0.51	0.51	0	0	0.48
117900	0.48	0.51	0.51	0	0	0.48
118000	0.48	0.51	0.51	0	0	0.48
118100	0.48	0.51	0.51	0	0	0.48
118200	0.48	0.51	0.51	0	0	0.48
118300	0.48	0.51	0.51	0	0	0.48
118400	0.48	0.51	0.51	0	0	0.48
118500	0.48	0.51	0.51	0	0	0.48
118600	0.48	0.5	0.5	0	0	0.48
118700	0.48	0.5	0.5	0	0	0.48
118800	0.48	0.5	0.5	0	0	0.48
118900	0.48	0.5	0.5	0	0	0.48
119000	0.48	0.5	0.5	0	0	0.48
119100	0.48	0.5	0.5	0	0	0.48
119200	0.48	0.5	0.5	0	0	0.48
119300	0.48	0.5	0.5	0	0	0.48
119400	0.48	0.5	0.5	0	0	0.48
119500	0.48	0.5	0.5	0	0	0.48
119600	0.48	0.5	0.5	0	0	0.48
119700	0.48	0.5	0.5	0	0	0.48
119800	0.48	0.5	0.5	0	0	0.48
119900	0.48	0.5	0.5	0	0	0.48
120000	0.48	0.5	0.5	0	0	0.48
120100	0.48	0.5	0.5	0	0	0.48
120200	0.48	0.5	0.5	0	0	0.48
120300	0.48	0.5	0.5	0	0	0.48
120400	0.48	0.5	0.5	0	0	0.48
120500	0.48	0.51	0.51	0	0	0.48
120600	0.48	0.51	0.51	0	0	0.48
120700	0.48	0.51	0.51	0	0	0.48
120800	0.48	0.51	0.51	0	0	0.48
120900	0.48	0.51	0.51	0	0	0.48
121000	0.48	0.51	0.51	0	0	0.48
121100	0.48	0.51	0.51	0	0	0.48
121200	0.48	0.51	0.51	0	0	0.48
121300	0.48	0.51	0.51	0	0	0.48
121400	0.48	0.51	0.51	0	0	0.48
121500	0.48	0.51	0.51	0	0	0.48
121600	0.48	0.51	0.51	0	0	0.48
121700	0.48	0.51	0.51	0	0	0.48
121800	0.48	0.51	0.51	0	0	0.48
121900	0.48	0.51	0.51	0	0	0.48
122000	0.48	0.51	0.51	0	0	0.48
122100	0.48	0.51	0.51	0	0	0.48
122200	0.48	0.51	0.51	0	0	0.48
122300	0.48	0.51	0.51	0	0	0.48
122400	0.48	0.51	0.51	0	0	0.48
122500	0.48	0.51	0.51	0	0	0.48
122600	0.48	0.51	0.51	0	0	0.48
122700	0.48	0.51	0.51	0	0	0.48
122800	0.48	0.51	0.51	0	0	0.48
122900	0.48	0.51	0.51	0	0	0.48
123000	0.48	0.51	0.51	0	0	0.48
123100	0.48	0.51	0.51	0	0	0.48
123200	0.48	0.51	0.51	0	0	0.48
123300	0.48	0.51	0.51	0	0	0.48
123400	0.48	0.51	0.51	0	0	0.48
123500	0.48	0.51	0.51	0	0	0.48
123600	0.48	0.51	0.51	0	0	0.48
123700	0.48	0.51	0.51	0	0	0.48
123800	0.48	0.51	0.51	0	0	0.48
123900	0.48	0.51	0.51	0	0	0.48
124000	0.48	0.51	0.51	0	0	0.48
124100	0.48	0.51	0.51	0	0	0.48
124200	0.48	0.51	0.51	0	0	0.48
124300	0.48	0.51	0.51	0	0	0.48
124400	0.48	0.51	0.51	0	0	0.48
124500	0.48	0.51	0.51	0	0	0.48
124600	0.48	0.51	0.51	0	0	0.48
124700	0.48	0.51	0.51	0	0	0.48
124800	0.48	0.51	0.51	0	0	0.48
124900	0.48	0.51	0.51	0	0	0.48
125000	0.48	0.51	0.51	0	0	0.48
125100	0.48	0.51	0.51	0	0	0.48
125200	0.48	0.51	0.51	0	0	0.48
125300	0.48	0.51	0.51	0	0	0.48
125400	0.48	0.51	0.51	0	0	0.48
125500	0.48	0.51	0.51	0	0	0.48
125600	0.47	0.51	0.51	0	0	0.47
125700	0.47	0.51	0.51	0	0	0.47
125800	0.47	0.51	0.51	0	0	0.47
125900	0.47	0.51	0.51	0	0	0.47
126000	0.47	0.51	0.51	0	0	0.47
126100	0.47	0.51	0.51	0	0	0.47
126200	0.47	0.51	0.51	0	0	0.47
126300	0.47	0.51	0.51	0	0	0.47
126400	0.47	0.51	0.51	0	0	0.47
126500	0.47	0.51	0.51	0	0	0.47
126600	0.47	0.51	0.51	0	0	0.47
126700	0.47	0.51	0.51	0	0	0.47
126800	0.47	0.51	0.51	0	0	0.47
126900	0.47	0.51	0.51	0	0	0.47
127000	0.47	0.51	0.51	0	0	0.47
127100	0.47	0.51	0.51	0	0	0.47
127200	0.47	0.51	0.51	0	0	0.47
127300	0.47	0.51	0.51	0	0	0.47
127400	0.47	0.51	0.51	0	0	0.47
127500	0.47	0.51	0.51	0	0	0.47
127600	0.47	0.51	0.51	0	0	0.47
127700	0.47	0.51	0.51	0	0	0.47
127800	0.47	0.51	0.51	0	0	0.47
127900	0.47	0.51	0.51	0	0	0.47
128000	0.47	0.51	0.51	0	0	0.47
128100	0.47	0.51	0.51	0	0	0.47
128200	0.47	0.51	0.51	0	0	0.47
128300	0.47	0.51	0.51	0	0	0.47
128400	0.47	0.51	0.51	0	0	0.47
128500	0.47	0.51	0.51	0	0	0.47
128600	0.47	0.51	0.51	0	0	0.47
128700	0.47	0.51	0.51	0	0	0.47
128800	0.47	0.51	0.51	0	0	0.47
128900	0.47	0.51	0.51	0	0	0.47
129000	0.47	0.51	0.51	0	0	0.47
129100	0.47	0.51	0.51	0	0	0.47
129200	0.47	0.51	0.51	0	0	0.47
129300	0.47	0.51	0.51	0	0	0.47
129400	0.47	0.51	0.51	0	0	0.47
129500	0.47	0.51	0.51	0	0	0.47
129600	0.47	0.51	0.51	0	0	0.47
129700	0.47	0.51	0.51	0	0	0.47
129800	0.47	0.52	0.52	0	0	0.47
129900	0.47	0.52	0.52	0	0	0.47
130000	0.47	0.52	0.52	0	0	0.47
130100	0.47	0.52	0.52	0	0	0.47
130200	0.47	0.52	0.52	0	0	0.47
130300	0.47	0.52	0.52	0	0	0.47
130400	0.47	0.52	0.52	0	0	0.47
130500	0.47	0.52	0.52	0	0	0.47
130600	0.47	0.52	0.52	0	0	0.47
130700	0.47	0.52	0.52	0	0	0.47
130800	0.47	0.52	0.52	0	0	0.47
130900	0.47	0.52	0.52	0	0	0.47
131000	0.47	0.52	0.52	0	0	0.47
131100	0.47	0.52	0.52	0	0	0.47
131200	0.47	0.52	0.52	0	0	0.47
131300	0.47	0.52	0.52	0	0	0.47
131400	0.47	0.52	0.52	0	0	0.47
131500	0.47	0.52	0.52	0	0	0.47
131600	0.47	0.52	0.52	0	0	0.47
131700	0.47	0.52	0.52	0	0	0.47
131800	0.47	0.52	0.52	0	0	0.47
131900	0.47	0.52	0.52	0	0	0.47
132000	0.47	0.52	0.52	0	0	0.47
132100	0.47	0.52	0.52	0	0	0.47
132200	0.47	0.52	0.52	0	0	0.47
132300	0.47	0.52	0.52	0	0	0.47
132400	0.47	0.52	0.52	0	0	0.47
132500	0.47	0.52	0.52	0	0	0.47
132600	0.47	0.52	0.52	0	0	0.47
132700	0.47	0.52	0.52	0	0	0.47
132800	0.47	0.52	0.52	0	0	0.47
132900	0.47	0.52	0.52	0	0	0.47
133000	0.47	0.51	0.51	0	0	0.47
133100	0.47	0.51	0.51	0	0	0.47
133200	0.47	0.51	0.51	0	0	0.47
133300	0.47	0.51	0.51	0	0	0.47
133400	0.47	0.51	0.51	0	0	0.47
133500	0.47	0.51	0.51	0	0	0.47
133600	0.47	0.51	0.51	0	0	0.47
133700	0.47	0.51	0.51	0	0	0.47
133800	0.47	0.51	0.51	0	0	0.47
133900	0.47	0.51	0.51	0	0	0.47
134000	0.47	0.51	0.51	0	0	0.47
134100	0.47	0.51	0.51	0	0	0.47
134200	0.47	0.51	0.51	0	0	0.47
134300	0.47	0.51	0.51	0	0	0.47
134400	0.47	0.51	0.51	0	0	0.47
134500	0.47	0.51	0.51	0	0	0.47
134600	0.47	0.51	0.51	0	0	0.47
134700	0.47	0.51	0.51	0	0	0.47
134800	0.47	0.51	0.51	0	0	0.47
134900	0.47	0.51	0.51	0	0	0.47
135000	0.47	0.51	0.51	0	0	0.47
135100	0.47	0.51	0.51	0	0	0.47
135200	0.47	0.51	0.51	0	0	0.47
135300	0.47	0.51	0.51	0	0	0.47
135400	0.47	0.51	0.51	0	0	0.47
135500	0.47	0.51	0.51	0	0	0.47
135600	0.47	0.51	0.51	0	0	0.47
135700	0.47	0.51	0.51	0	0	0.47
135800	0.47	0.51	0.51	0	0	0.47
135900	0.47	0.51	0.51	0	0	0.47
136000	0.47	0.51	0.51	0	0	0.47
136100	0.47	0.51	0.51	0	0	0.47
136200	0.47	0.51	0.51	0	0	0.47
136300	0.47	0.51	0.51	0	0	0.47
136400	0.47	0.51	0.51	0	0	0.47
136500	0.47	0.51	0.51	0	0	0.47
136600	0.47	0.51	0.51	0	0	0.47
136700	0.47	0.51	0.51	0	0	0.47
136800	0.47	0.51	0.51	0	0	0.47
136900	0.47	0.51	0.51	0	0	0.47
137000	0.47	0.51	0.51	0	0	0.47
137100	0.47	0.51	0.51	0	0	0.47
137200	0.47	0.51	0.51	0	0	0.47
137300	0.47	0.51	0.51	0	0	0.47
137400	0.47	0.51	0.51	0	0	0.47
137500	0.47	0.51	0.51	0	0	0.47
137600	0.47	0.51	0.51	0	0	0.47
137700	0.47	0.51	0.51	0	0	0.47
137800	0.47	0.51	0.51	0	0	0.47
137900	0.47	0.51	0.51	0	0	0.47
138000	0.47	0.51	0.51	0	0	0.47
138100	0.47	0.51	0.51	0	0	0.47
138200	0.47	0.51	0.51	0	0	0.47
138300	0.47	0.51	0.51	0	0	0.47
138400	0.47	0.51	0.51	0	0	0.47
138500	0.47	0.51	0.51	0	0	0.47
138600	0.47	0.51	0.51	0	0	0.47
138700	0.47	0.51	0.51	0	0	0.47
138800	0.47	0.51	0.51	0	0	0.47
138900	0.47	0.51	0.51	0	0	0.47
139000	0.47	0.51	0.51	0	0	0.47
139100	0.47	0.51	0.51	0	0	0.47
139200	0.47	0.51	0.51	0	0	0.47
139300	0.47	0.51	0.51	0	0	0.47
139400	0.47	0.51	0.51	0	0	0.47
139500	0.47	0.51	0.51	0	0	0.47
139600	0.47	0.51	0.51	0	0	0.47
139700	0.47	0.51	0.51	0	0	0.47
139800	0.47	0.52	0.52	0	0	0.47
139900	0.47	0.52	0.52	0	0	0.47
140000	0.47	0.52	0.52	0	0	0.47
140100	0.47	0.52	0.52	0	0	0.47
140200	0.47	0.52	0.52	0	0	0.47
140300	0.47	0.52	0.52	0	0	0.47
140400	0.47	0.51	0.51	0	0	0.47
140500	0.47	0.51	0.51	0	0	0.47
140600	0.47	0.51	0.51	0	0	0.47
140700	0.47	0.51	0.51	0	0	0.47
140800	0.47	0.51	0.51	0	0	0.47
140900	0.47	0.51	0.51	0	0	0.47
141000	0.47	0.51	0.51	0	0	0.47
141100	0.47	0.51	0.51	0	0	0.47
141200	0.47	0.51	0.51	0	0	0.47
141300	0.47	0.51	0.51	0	0	0.47
141400	0.47	0.51	0.51	0	0	0.47
141500	0.47	0.51	0.51	0	0	0.47
141600	0.47	0.51	0.51	0	0	0.47
141700	0.47	0.51	0.51	0	0	0.47
141800	0.47	0.51	0.51	0	0	0.47
141900	0.47	0.51	0.51	0	0	0.47
142000	0.47	0.51	0.51	0	0	0.47
142100	0.47	0.51	0.51	0	0	0.47
142200	0.47	0.51	0.51	0	0	0.47
142300	0.47	0.51	0.51	0	0	0.47
142400	0.47	0.51	0.51	0	0	0.47
142500	0.47	0.51	0.51	0	0	0.47
142600	0.47	0.51	0.51	0	0	0.47
142700	0.47	0.51	0.51	0	0	0.47
142800	0.47	0.51	0.51	0	0	0.47
142900	0.47	0.51	0.51	0	0	0.47
143000	0.47	0.51	0.51	0	0	0.47
143100	0.47	0.51	0.51	0	0	0.47
143200	0.47	0.51	0.51	0	0	0.47
143300	0.47	0.51	0.51	0	0	0.47
143400	0.47	0.51	0.51	0	0	0.47
143500	0.47	0.51	0.51	0	0	0.47
143600	0.47	0.51	0.51	0	0	0.47
143700	0.47	0.51	0.51	0	0	0.47
143800	0.47	0.51	0.51	0	0	0.47
143900	0.47	0.51	0.51	0	0	0.47
144000	0.47	0.51	0.51	0	0	0.47
144100	0.47	0.51	0.51	0	0	0.47
144200	0.47	0.51	0.51	0	0	0.47
144300	0.47	0.51	0.51	0	0	0.47
144400	0.47	0.51	0.51	0	0	0.47
144500	0.47	0.51	0.51	0	0	0.47
144600	0.47	0.51	0.51	0	0	0.47
144700	0.47	0.51	0.51	0	0	0.47
144800	0.47	0.51	0.51	0	0	0.47
144900	0.47	0.51	0.51	0	0	0.47
145000	0.47	0.51	0.51	0	0	0.47
145100	0.47	0.51	0.51	0	0	0.47
145200	0.47	0.51	0.51	0	0	0.47
145300	0.47	0.51	0.51	0	0	0.47
145400	0.47	0.51	0.51	0	0	0.47
145500	0.47	0.51	0.51	0	0	0.47
145600	0.47	0.51	0.51	0	0	0.47
145700	0.47	0.51	0.51	0	0	0.47
145800	0.47	0.51	0.51	0	0	0.47
145900	0.47	0.51	0.51	0	0	0.47
146000	0.47	0.51	0.51	0	0	0.47
146100	0.47	0.51	0.51	0	0	0.47
146200	0.47	0.51	0.51	0	0	0.47
146300	0.47	0.51	0.51	0	0	0.47
146400	0.47	0.51	0.51	0	0	0.47
146500	0.47	0.51	0.51	0	0	0.47
146600	0.47	0.51	0.51	0	0	0.47
146700	0.47	0.51	0.51	0	0	0.47
146800	0.47	0.51	0.51	0	0	0.47
146900	0.47	0.51	0.51	0	0	0.47
147000	0.47	0.51	0.51	0	0	0.47
147100	0.47	0.51	0.51	0	0	0.47
147200	0.47	0.51	0.51	0	0	0.47
147300	0.47	0.51	0.51	0	0	0.47
147400	0.47	0.51	0.51	0	0	0.47
147500	0.47	0.51	0.51	0	0	0.47
147600	0.47	0.51	0.51	0	0	0.47
147700	0.47	0.51	0.51	0	0	0.47
147800	0.47	0.51	0.51	0	0	0.47
147900	0.47	0.51	0.51	0	0	0.47
148000	0.47	0.51	0.51	0	0	0.47
148100	0.47	0.51	0.51	0	0	0.47
148200	0.47	0.51	0.51	0	0	0.47
148300	0.47	0.51	0.51	0	0	0.47
148400	0.47	0.51	0.51	0	0	0.47
148500	0.47	0.51	0.51	0	0	0.47
148600	0.47	0.51	0.51	0	0	0.47
148700	0.47	0.51	0.51	0	0	0.47
148800	0.47	0.51	0.51	0	0	0.47
148900	0.47	0.51	0.51	0	0	0.47
149000	0.47	0.51	0.51	0	0	0.47
149100	0.47	0.51	0.51	0	0	0.47
149200	0.47	0.51	0.51	0	0	0.47
149300	0.47	0.51	0.51	0	0	0.47
149400	0.47	0.51	0.51	0	0	0.47
149500	0.47	0.51	0.51	0	0	0.47
149600	0.47	0.51	0.51	0	0	0.47
149700	0.47	0.51	0.51	0	0	0.47
149800	0.47	0.51	0.51	0	0	0.47
149900	0.47	0.51	0.51	0	0	0.47
150000	0.47	0.51	0.51	0	0	0.47
150100	0.47	0.51	0.51	0	0	0.47
150200	0.47	0.51	0.51	0	0	0.47
150300	0.47	0.51	0.51	0	0	0.47
150400	0.47	0.51	0.51	0	0	0.47
150500	0.47	0.51	0.51	0	0	0.47
150600	0.47	0.51	0.51	0	0	0.47
150700	0.47	0.51	0.51	0	0	0.47
150800	0.47	0.51	0.51	0	0	0.47
150900	0.47	0.51	0.51	0	0	0.47
151000	0.47	0.51	0.51	0	0	0.47
151100	0.47	0.51	0.51	0	0	0.47
151200	0.47	0.51	0.51	0	0	0.47
151300	0.47	0.51	0.51	0	0	0.47
151400	0.47	0.51	0.51	0	0	0.47
151500	0.47	0.51	0.51	0	0	0.47
151600	0.47	0.51	0.51	0	0	0.47
151700	0.47	0.51	0.51	0	0	0.47
151800	0.47	0.51	0.51	0	0	0.47
151900	0.47	0.51	0.51	0	0	0.47
152000	0.47	0.51	0.51	0	0	0.47
152100	0.47	0.51	0.51	0	0	0.47
152200	0.47	0.51	0.51	0	0	0.47
152300	0.47	0.51	0.51	0	0	0.47
152400	0.47	0.51	0.51	0	0	0.47
152500	0.47	0.51	0.51	0	0	0.47
152600	0.47	0.51	0.51	0	0	0.47
152700	0.47	0.51	0.51	0	0	0.47
152800	0.47	0.51	0.51	0	0	0.47
152900	0.47	0.51	0.51	0	0	0.47
153000	0.47	0.51	0.51	0	0	0.47
153100	0.47	0.51	0.51	0	0	0.47
153200	0.47	0.51	0.51	0	0	0.47
153300	0.47	0.51	0.51	0	0	0.47
153400	0.47	0.51	0.51	0	0	0.47
153500	0.47	0.51	0.51	0	0	0.47
153600	0.47	0.51	0.51	0	0	0.47
153700	0.47	0.51	0.51	0	0	0.47
153800	0.47	0.51	0.51	0	0	0.47
153900	0.47	0.51	0.51	0	0	0.47
154000	0.47	0.51	0.51	0	0	0.47
154100	0.47	0.51	0.51	0	0	0.47
154200	0.47	0.51	0.51	0	0	0.47
154300	0.47	0.51	0.51	0	0	0.47
154400	0.47	0.51	0.51	0	0	0.47
154500	0.47	0.51	0.51	0	0	0.47
154600	0.47	0.51	0.51	0	0	0.47
154700	0.47	0.51	0.51	0	0	0.47
154800	0.47	0.51	0.51	0	0	0.47
154900	0.47	0.51	0.51	0	0	0.47
155000	0.47	0.51	0.51	0	0	0.47
155100	0.47	0.51	0.51	0	0	0.47
155200	0.47	0.51	0.51	0	0	0.47
155300	0.47	0.51	0.51	0	0	0.47
155400	0.47	0.51	0.51	0	0	0.47
155500	0.47	0.51	0.51	0	0	0.47
155600	0.47	0.51	0.51	0	0	0.47
155700	0.47	0.51	0.51	0	0	0.47
155800	0.47	0.51	0.51	0	0	0.47
155900	0.47	0.51	0.51	0	0	0.47
156000	0.47	0.51	0.51	0	0	0.47
156100	0.47	0.51	0.51	0	0	0.47
156200	0.47	0.51	0.51	0	0	0.47
156300	0.47	0.51	0.51	0	0	0.47
156400	0.47	0.51	0.51	0	0	0.47
156500	0.47	0.51	0.51	0	0	0.47
156600	0.47	0.51	0.51	0	0	0.47
156700	0.47	0.51	0.51	0	0	0.47
156800	0.47	0.51	0.51	0	0	0.47
156900	0.47	0.51	0.51	0	0	0.47
157000	0.47	0.51	0.51	0	0	0.47
157100	0.47	0.51	0.51	0	0	0.47
157200	0.47	0.51	0.51	0	0	0.47
157300	0.47	0.51	0.51	0	0	0.47
157400	0.47	0.51	0.51	0	0	0.47
157500	0.47	0.51	0.51	0	0	0.47
157600	0.47	0.51	0.51	0	0	0.47
157700	0.47	0.51	0.51	0	0	0.47
157800	0.47	0.51	0.51	0	0	0.47
157900	0.47	0.51	0.51	0	0	0.47
158000	0.47	0.51	0.51	0	0	0.47
158100	0.47	0.51	0.51	0	0	0.47
158200	0.47	0.51	0.51	0	0	0.47
158300	0.47	0.51	0.51	0	0	0.47
158400	0.47	0.51	0.51	0	0	0.47
158500	0.47	0.51	0.51	0	0	0.47
158600	0.47	0.51	0.51	0	0	0.47
158700	0.47	0.51	0.51	0	0	0.47
158800	0.47	0.51	0.51	0	0	0.47
158900	0.47	0.51	0.51	0	0	0.47
159000	0.47	0.51	0.51	0	0	0.47
159100	0.47	0.51	0.51	0	0	0.47
159200	0.47	0.51	0.51	0	0	0.47
159300	0.47	0.51	0.51	0	0	0.47
159400	0.47	0.51	0.51	0	0	0.47
159500	0.47	0.51	0.51	0	0	0.47
159600	0.47	0.51	0.51	0	0	0.47
159700	0.47	0.51	0.51	0	0	0.47
159800	0.47	0.51	0.51	0	0	0.47
159900	0.47	0.51	0.51	0	0	0.47
160000	0.47	0.51	0.51	0	0	0.47
160100	0.47	0.51	0.51	0	0	0.47
160200	0.47	0.51	0.51	0	0	0.47
160300	0.47	0.51	0.51	0	0	0.47
160400	0.47	0.51	0.51	0	0	0.47
160500	0.47	0.51	0.51	0	0	0.47
160600	0.47	0.51	0.51	0	0	0.47
160700	0.47	0.51	0.51	0	0	0.47
160800	0.47	0.51	0.51	0	0	0.47
160900	0.47	0.51	0.51	0	0	0.47
161000	0.47	0.51	0.51	0	0	0.47
161100	0.47	0.51	0.51	0	0	0.47
161200	0.47	0.51	0.51	0	0	0.47
161300	0.47	0.51	0.51	0	0	0.47
161400	0.47	0.51	0.51	0	0	0.47
161500	0.47	0.51	0.51	0	0	0.47
161600	0.47	0.51	0.51	0	0	0.47
161700	0.47	0.51	0.51	0	0	0.47
161800	0.47	0.51	0.51	0	0	0.47
161900	0.47	0.51	0.51	0	0	0.47
162000	0.47	0.51	0.51	0	0	0.47
162100	0.47	0.51	0.51	0	0	0.47
162200	0.47	0.51	0.51	0	0	0.47
162300	0.47	0.51	0.51	0	0	0.47
162400	0.47	0.51	0.51	0	0	0.47
162500	0.47	0.51	0.51	0	0	0.47
162600	0.47	0.51	0.51	0	0	0.47
162700	0.47	0.51	0.51	0	0	0.47
162800	0.47	0.51	0.51	0	0	0.47
162900	0.47	0.51	0.51	0	0	0.47
163000	0.47	0.51	0.51	0	0	0.47
163100	0.47	0.51	0.51	0	0	0.47
163200	0.47	0.51	0.51	0	0	0.47
163300	0.47	0.51	0.51	0	0	0.47
163400	0.47	0.51	0.51	0	0	0.47
163500	0.47	0.51	0.51	0	0	0.47
163600	0.47	0.51	0.51	0	0	0.47
163700	0.47	0.51	0.51	0	0	0.47
163800	0.47	0.51	0.51	0	0	0.47
163900	0.47	0.51	0.51	0	0	0.47
164000	0.47	0.51	0.51	0	0	0.47
164100	0.47	0.51	0.51	0	0	0.47
164200	0.47	0.51	0.51	0	0	0.47
164300	0.47	0.51	0.51	0	0	0.47
164400	0.47	0.51	0.51	0	0	0.47
164500	0.47	0.51	0.51	0	0	0.47
164600	0.47	0.51	0.51	0	0	0.47
164700	0.47	0.51	0.51	0	0	0.47
164800	0.47	0.51	0.51	0	0	0.47
164900	0.47	0.51	0.51	0	0	0.47
165000	0.47	0.51	0.51	0	0	0.47
165100	0.47	0.51	0.51	0	0	0.47
165200	0.47	0.51	0.51	0	0	0.47
165300	0.47	0.51	0.51	0	0	0.47
165400	0.47	0.51	0.51	0	0	0.47
165500	0.47	0.51	0.51	0	0	0.47
165600	0.47	0.51	0.51	0	0	0.47
165700	0.47	0.51	0.51	0	0	0.47
165800	0.47	0.51	0.51	0	0	0.47
165900	0.47	0.51	0.51	0	0	0.47
166000	0.47	0.51	0.51	0	0	0.47
166100	0.47	0.51	0.51	0	0	0.47
166200	0.47	0.51	0.51	0	0	0.47
166300	0.47	0.51	0.51	0	0	0.47
166400	0.47	0.51	0.51	0	0	0.47
166500	0.47	0.51	0.51	0	0	0.47
166600	0.47	0.51	0.51	0	0	0.47
166700	0.47	0.51	0.51	0	0	0.47
166800	0.47	0.51	0.51	0	0	0.47
166900	0.47	0.51	0.51	0	0	0.47
167000	0.47	0.51	0.51	0	0	0.47
167100	0.47	0.51	0.51	0	0	0.47
167200	0.47	0.51	0.51	0	0	0.47
167300	0.47	0.51	0.51	0	0	0.47
167400	0.47	0.51	0.51	0	0	0.47
167500	0.47	0.51	0.51	0	0	0.47
167600	0.47	0.51	0.51	0	0	0.47
167700	0.47	0.51	0.51	0	0	0.47
167800	0.47	0.51	0.51	0	0	0.47
167900	0.47	0.51	0.51	0	0	0.47
168000	0.47	0.51	0.51	0	0	0.47
168100	0.47	0.51	0.51	0	0	0.47
168200	0.47	0.52	0.52	0	0	0.47
168300	0.47	0.52	0.52	0	0	0.47
168400	0.47	0.52	0.52	0	0	0.47
168500	0.47	0.52	0.52	0	0	0.47
168600	0.47	0.52	0.52	0	0	0.47
168700	0.47	0.52	0.52	0	0	0.47
168800	0.47	0.52	0.52	0	0	0.47
168900	0.47	0.52	0.52	0	0	0.47
169000	0.47	0.52	0.52	0	0	0.47
169100	0.47	0.52	0.52	0	0	0.47
169200	0.47	0.52	0.52	0	0	0.47
169300	0.47	0.52	0.52	0	0	0.47
169400	0.47	0.52	0.52	0	0	0.47
169500	0.47	0.52	0.52	0	0	0.47
169600	0.47	0.52	0.52	0	0	0.47
169700	0.47	0.52	0.52	0	0	0.47
169800	0.47	0.52	0.52	0	0	0.47
169900	0.47	0.52	0.52	0	0	0.47
170000	0.47	0.52	0.52	0	0	0.47
170100	0.47	0.52	0.52	0	0	0.47
170200	0.47	0.52	0.52	0	0	0.47
170300	0.47	0.52	0.52	0	0	0.47
170400	0.47	0.52	0.52	0	0	0.47
170500	0.47	0.52	0.52	0	0	0.47
170600	0.47	0.52	0.52	0	0	0.47
170700	0.47	0.52	0.52	0	0	0.47
170800	0.47	0.52	0.52	0	0	0.47
170900	0.47	0.52	0.52	0	0	0.47
171000	0.47	0.52	0.52	0	0	0.47
171100	0.47	0.52	0.52	0	0	0.47
171200	0.47	0.52	0.52	0	0	0.47
171300	0.47	0.52	0.52	0	0	0.47
171400	0.47	0.52	0.52	0	0	0.47
171500	0.47	0.52	0.52	0	0	0.47
171600	0.47	0.52	0.52	0	0	0.47
171700	0.47	0.52	0.52	0	0	0.47
171800	0.47	0.52	0.52	0	0	0.47
171900	0.47	0.52	0.52	0	0	0.47
172000	0.47	0.52	0.52	0	0	0.47
172100	0.47	0.52	0.52	0	0	0.47
172200	0.47	0.52	0.52	0	0	0.47
172300	0.47	0.52	0.52	0	0	0.47
172400	0.47	0.52	0.52	0	0	0.47
172500	0.47	0.52	0.52	0	0	0.47
172600	0.47	0.52	0.52	0	0	0.47
172700	0.47	0.52	0.52	0	0	0.47
172800	0.47	0.52	0.52	0	0	0.47
172900	0.47	0.52	0.52	0	0	0.47
173000	0.47	0.52	0.52	0	0	0.47
173100	0.47	0.52	0.52	0	0	0.47
173200	0.47	0.52	0.52	0	0	0.47
173300	0.47	0.52	0.52	0	0	0.47
173400	0.47	0.52	0.52	0	0	0.47
173500	0.47	0.52	0.52	0	0	0.47
173600	0.47	0.52	0.52	0	0	0.47
173700	0.47	0.52	0.52	0	0	0.47
173800	0.47	0.52	0.52	0	0	0.47
173900	0.47	0.52	0.52	0	0	0.47
174000	0.47	0.52	0.52	0	0	0.47
174100	0.47	0.52	0.52	0	0	0.47
174200	0.47	0.52	0.52	0	0	0.47
174300	0.47	0.52	0.52	0	0	0.47
174400	0.47	0.52	0.52	0	0	0.47
174500	0.47	0.52	0.52	0	0	0.47
174600	0.47	0.52	0.52	0	0	0.47
174700	0.47	0.52	0.52	0	0	0.47
174800	0.47	0.52	0.52	0	0	0.47
174900	0.47	0.52	0.52	0	0	0.47
175000	0.47	0.52	0.52	0	0	0.47
175100	0.47	0.52	0.52	0	0	0.47
175200	0.47	0.52	0.52	0	0	0.47
175300	0.47	0.52	0.52	0	0	0.47
175400	0.47	0.52	0.52	0	0	0.47
175500	0.47	0.52	0.52	0	0	0.47
175600	0.47	0.52	0.52	0	0	0.47
175700	0.47	0.52	0.52	0	0	0.47
175800	0.47	0.52	0.52	0	0	0.47
175900	0.47	0.52	0.52	0	0	0.47
176000	0.47	0.52	0.52	0	0	0.47
176100	0.47	0.52	0.52	0	0	0.47
176200	0.47	0.52	0.52	0	0	0.47
176300	0.47	0.52	0.52	0	0	0.47
176400	0.47	0.52	0.52	0	0	0.47
176500	0.47	0.52	0.52	0	0	0.47
176600	0.47	0.52	0.52	0	0	0.47
176700	0.47	0.52	0.52	0	0	0.47
176800	0.47	0.52	0.52	0	0	0.47
176900	0.47	0.52	0.52	0	0	0.47
177000	0.47	0.52	0.52	0	0	0.47
177100	0.47	0.52	0.52	0	0	0.47
177200	0.47	0.52	0.52	0	0	0.47
177300	0.47	0.52	0.52	0	0	0.47
177400	0.47	0.52	0.52	0	0	0.47
177500	0.47	0.52	0.52	0	0	0.47
177600	0.47	0.52	0.52	0	0	0.47
177700	0.47	0.52	0.52	0	0	0.47
177800	0.47	0.52	0.52	0	0	0.47
177900	0.47	0.52	0.52	0	0	0.47
178000	0.47	0.52	0.52	0	0	0.47
178100	0.47	0.52	0.52	0	0	0.47
178200	0.47	0.52	0.52	0	0	0.47
178300	0.47	0.52	0.52	0	0	0.47
178400	0.47	0.52	0.52	0	0	0.47
178500	0.47	0.52	0.52	0	0	0.47
178600	0.47	0.52	0.52	0	0	0.47
178700	0.47	0.52	0.52	0	0	0.47
178800	0.47	0.52	0.52	0	0	0.47
178900	0.47	0.52	0.52	0	0	0.47
179000	0.47	0.52	0.52	0	0	0.47
179100	0.47	0.52	0.52	0	0	0.47
179200	0.47	0.52	0.52	0	0	0.47
179300	0.47	0.52	0.52	0	0	0.47
179400	0.47	0.52	0.52	0	0	0.47
179500	0.47	0.52	0.52	0	0	0.47
179600	0.47	0.52	0.52	0	0	0.47
179700	0.47	0.52	0.52	0	0	0.47
179800	0.47	0.52	0.52	0	0	0.47
179900	0.47	0.52	0.52	0	0	0.47
180000	0.47	0.52	0.52	0	0	0.47
180100	0.47	0.52	0.52	0	0	0.47
180200	0.47	0.52	0.52	0	0	0.47
180300	0.47	0.52	0.52	0	0	0.47
180400	0.47	0.52	0.52	0	0	0.47
180500	0.47	0.52	0.52	0	0	0.47
180600	0.47	0.52	0.52	0	0	0.47
180700	0.47	0.52	0.52	0	0	0.47
180800	0.47	0.51	0.51	0	0	0.47
180900	0.47	0.51	0.51	0	0	0.47
181000	0.47	0.51	0.51	0	0	0.47
181100	0.47	0.51	0.51	0	0	0.47
181200	0.47	0.51	0.51	0	0	0.47
181300	0.47	0.51	0.51	0	0	0.47
181400	0.47	0.51	0.51	0	0	0.47
181500	0.47	0.51	0.51	0	0	0.47
181600	0.47	0.51	0.51	0	0	0.47
181700	0.47	0.51	0.51	0	0	0.47
181800	0.47	0.51	0.51	0	0	0.47
181900	0.47	0.51	0.51	0	0	0.47
182000	0.47	0.52	0.52	0	0	0.47
182100	0.47	0.52	0.52	0	0	0.47
182200	0.47	0.52	0.52	0	0	0.47
182300	0.47	0.52	0.52	0	0	0.47
182400	0.47	0.52	0.52	0	0	0.47
182500	0.47	0.52	0.52	0	0	0.47
182600	0.47	0.52	0.52	0	0	0.47
182700	0.47	0.52	0.52	0	0	0.47
182800	0.47	0.52	0.52	0	0	0.47
182900	0.47	0.52	0.52	0	0	0.47
183000	0.47	0.52	0.52	0	0	0.47
183100	0.47	0.52	0.52	0	0	0.47
183200	0.47	0.52	0.52	0	0	0.47
183300	0.47	0.52	0.52	0	0	0.47
183400	0.47	0.52	0.52	0	0	0.47
183500	0.47	0.52	0.52	0	0	0.47
183600	0.47	0.52	0.52	0	0	0.47
183700	0.47	0.52	0.52	0	0	0.47
183800	0.47	0.52	0.52	0	0	0.47
183900	0.47	0.52	0.52	0	0	0.47
184000	0.47	0.52	0.52	0	0	0.47
184100	0.47	0.52	0.52	0	0	0.47
184200	0.47	0.52	0.52	0	0	0.47
184300	0.47	0.52	0.52	0	0	0.47
184400	0.47	0.52	0.52	0	0	0.47
184500	0.47	0.52	0.52	0	0	0.47
184600	0.47	0.52	0.52	0	0	0.47
184700	0.47	0.52	0.52	0	0	0.47
184800	0.47	0.52	0.52	0	0	0.47
184900	0.47	0.52	0.52	0	0	0.47
185000	0.47	0.52	0.52	0	0	0.47
185100	0.47	0.52	0.52	0	0	0.47
185200	0.47	0.52	0.52	0	0	0.47
185300	0.47	0.52	0.52	0	0	0.47
185400	0.47	0.52	0.52	0	0	0.47
185500	0.47	0.52	0.52	0	0	0.47
185600	0.47	0.52	0.52	0	0	0.47
185700	0.47	0.52	0.52	0	0	0.47
185800	0.47	0.52	0.52	0	0	0.47
185900	0.47	0.52	0.52	0	0	0.47
186000	0.47	0.52	0.52	0	0	0.47
186100	0.47	0.52	0.52	0	0	0.47
186200	0.47	0.52	0.52	0	0	0.47
186300	0.47	0.52	0.52	0	0	0.47
186400	0.47	0.52	0.52	0	0	0.47
186500	0.47	0.52	0.52	0	0	0.47
186600	0.47	0.52	0.52	0	0	0.47
186700	0.47	0.52	0.52	0	0	0.47
186800	0.47	0.52	0.52	0	0	0.47
186900	0.47	0.52	0.52	0	0	0.47
187000	0.47	0.52	0.52	0	0	0.47
187100	0.47	0.52	0.52	0	0	0.47
187200	0.47	0.52	0.52	0	0	0.47
187300	0.47	0.52	0.52	0	0	0.47
187400	0.47	0.52	0.52	0	0	0.47
187500	0.47	0.52	0.52	0	0	0.47
187600	0.47	0.52	0.52	0	0	0.47
187700	0.47	0.52	0.52	0	0	0.47
187800	0.47	0.52	0.52	0	0	0.47
187900	0.47	0.52	0.52	0	0	0.47
188000	0.47	0.52	0.52	0	0	0.47
188100	0.47	0.52	0.52	0	0	0.47
188200	0.47	0.52	0.52	0	0	0.47
188300	0.47	0.52	0.52	0	0	0.47
188400	0.47	0.52	0.52	0	0	0.47
188500	0.47	0.52	0.52	0	0	0.47
188600	0.47	0.52	0.52	0	0	0.47
188700	0.47	0.52	0.52	0	0	0.47
188800	0.47	0.52	0.52	0	0	0.47
188900	0.47	0.52	0.52	0	0	0.47
189000	0.47	0.52	0.52	0	0	0.47
189100	0.47	0.52	0.52	0	0	0.47
189200	0.47	0.52	0.52	0	0	0.47
189300	0.47	0.52	0.52	0	0	0.47
189400	0.47	0.52	0.52	0	0	0.47
189500	0.47	0.52	0.52	0	0	0.47
189600	0.47	0.52	0.52	0	0	0.47
189700	0.47	0.52	0.52	0	0	0.47
189800	0.47	0.52	0.52	0	0	0.47
189900	0.47	0.52	0.52	0	0	0.47
190000	0.47	0.52	0.52	0	0	0.47
190100	0.47	0.52	0.52	0	0	0.47
190200	0.47	0.52	0.52	0	0	0.47
190300	0.47	0.52	0.52	0	0	0.47
190400	0.47	0.52	0.52	0	0	0.47
190500	0.47	0.52	0.52	0	0	0.47
190600	0.47	0.52	0.52	0	0	0.47
190700	0.47	0.52	0.52	0	0	0.47
190800	0.47	0.52	0.52	0	0	0.47
190900	0.47	0.52	0.52	0	0	0.47
191000	0.47	0.52	0.52	0	0	0.47
191100	0.47	0.52	0.52	0	0	0.47
191200	0.47	0.52	0.52	0	0	0.47
191300	0.47	0.52	0.52	0	0	0.47
191400	0.47	0.52	0.52	0	0	0.47
191500	0.47	0.52	0.52	0	0	0.47
191600	0.47	0.52	0.52	0	0	0.47
191700	0.47	0.52	0.52	0	0	0.47
191800	0.47	0.52	0.52	0	0	0.47
191900	0.46	0.52	0.52	0	0	0.46
192000	0.46	0.52	0.52	0	0	0.46
192100	0.46	0.52	0.52	0	0	0.46
192200	0.46	0.52	0.52	0	0	0.46
192300	0.46	0.52	0.52	0	0	0.46
192400	0.46	0.52	0.52	0	0	0.46
192500	0.46	0.52	0.52	0	0	0.46
192600	0.46	0.52	0.52	0	0	0.46
192700	0.46	0.52	0.52	0	0	0.46
192800	0.46	0.52	0.52	0	0	0.46
192900	0.46	0.52	0.52	0	0	0.46
193000	0.46	0.52	0.52	0	0	0.46
193100	0.46	0.52	0.52	0	0	0.46
193200	0.46	0.52	0.52	0	0	0.46
193300	0.46	0.52	0.52	0	0	0.46
193400	0.47	0.52	0.52	0	0	0.47
193500	0.47	0.52	0.52	0	0	0.47
193600	0.47	0.52	0.52	0	0	0.47
193700	0.47	0.52	0.52	0	0	0.47
193800	0.47	0.52	0.52	0	0	0.47
193900	0.47	0.52	0.52	0	0	0.47
194000	0.47	0.52	0.52	0	0	0.47
194100	0.47	0.52	0.52	0	0	0.47
194200	0.47	0.52	0.52	0	0	0.47
194300	0.47	0.52	0.52	0	0	0.47
194400	0.47	0.52	0.52	0	0	0.47
194500	0.47	0.52	0.52	0	0	0.47
194600	0.47	0.52	0.52	0	0	0.47
194700	0.47	0.52	0.52	0	0	0.47
194800	0.47	0.52	0.52	0	0	0.47
194900	0.47	0.52	0.52	0	0	0.47
195000	0.47	0.52	0.52	0	0	0.47
195100	0.47	0.52	0.52	0	0	0.47
195200	0.47	0.52	0.52	0	0	0.47
195300	0.47	0.52	0.52	0	0	0.47
195400	0.47	0.52	0.52	0	0	0.47
195500	0.47	0.52	0.52	0	0	0.47
195600	0.47	0.52	0.52	0	0	0.47
195700	0.47	0.52	0.52	0	0	0.47
195800	0.47	0.52	0.52	0	0	0.47
195900	0.47	0.52	0.52	0	0	0.47
196000	0.47	0.52	0.52	0	0	0.47
196100	0.47	0.52	0.52	0	0	0.47
196200	0.47	0.52	0.52	0	0	0.47
196300	0.47	0.52	0.52	0	0	0.47
196400	0.47	0.52	0.52	0	0	0.47
196500	0.47	0.52	0.52	0	0	0.47
196600	0.47	0.52	0.52	0	0	0.47
196700	0.47	0.52	0.52	0	0	0.47
196800	0.47	0.52	0.52	0	0	0.47
196900	0.47	0.52	0.52	0	0	0.47
197000	0.47	0.52	0.52	0	0	0.47
197100	0.47	0.52	0.52	0	0	0.47
197200	0.47	0.52	0.52	0	0	0.47
197300	0.47	0.52	0.52	0	0	0.47
197400	0.47	0.52	0.52	0	0	0.47
197500	0.47	0.52	0.52	0	0	0.47
197600	0.47	0.52	0.52	0	0	0.47
197700	0.47	0.52	0.52	0	0	0.47
197800	0.47	0.52	0.52	0	0	0.47
197900	0.47	0.52	0.52	0	0	0.47
198000	0.47	0.52	0.52	0	0	0.47
198100	0.47	0.52	0.52	0	0	0.47
198200	0.47	0.52	0.52	0	0	0.47
198300	0.47	0.52	0.52	0	0	0.47
198400	0.47	0.52	0.52	0	0	0.47
198500	0.47	0.52	0.52	0	0	0.47
198600	0.47	0.52	0.52	0	0	0.47
198700	0.47	0.52	0.52	0	0	0.47
198800	0.47	0.52	0.52	0	0	0.47
198900	0.47	0.52	0.52	0	0	0.47
199000	0.47	0.52	0.52	0	0	0.47
199100	0.47	0.52	0.52	0	0	0.47
199200	0.47	0.52	0.52	0	0	0.47
199300	0.47	0.52	0.52	0	0	0.47
199400	0.47	0.52	0.52	0	0	0.47
199500	0.47	0.52	0.52	0	0	0.47
199600	0.47	0.52	0.52	0	0	0.47
199700	0.47	0.52	0.52	0	0	0.47
199800	0.47	0.52	0.52	0	0	0.47
199900	0.47	0.52	0.52	0	0	0.47
200000	0.47	0.52	0.52	0	0	0.47
200100	0.47	0.52	0.52	0	0	0.47
200200	0.47	0.52	0.52	0	0	0.47
200300	0.47	0.52	0.52	0	0	0.47
200400	0.47	0.52	0.52	0	0	0.47
200500	0.47	0.52	0.52	0	0	0.47
200600	0.47	0.52	0.52	0	0	0.47
200700	0.47	0.52	0.52	0	0	0.47
200800	0.47	0.52	0.52	0	0	0.47
200900	0.47	0.52	0.52	0	0	0.47
201000	0.47	0.52	0.52	0	0	0.47
201100	0.47	0.52	0.52	0	0	0.47
201200	0.47	0.52	0.52	0	0	0.47
201300	0.47	0.52	0.52	0	0	0.47
201400	0.47	0.52	0.52	0	0	0.47
201500	0.47	0.52	0.52	0	0	0.47
201600	0.47	0.52	0.52	0	0	0.47
201700	0.47	0.52	0.52	0	0	0.47
201800	0.47	0.52	0.52	0	0	0.47
201900	0.47	0.52	0.52	0	0	0.47
202000	0.47	0.52	0.52	0	0	0.47
202100	0.47	0.52	0.52	0	0	0.47
202200	0.47	0.52	0.52	0	0	0.47
202300	0.47	0.52	0.52	0	0	0.47
202400	0.47	0.52	0.52	0	0	0.47
202500	0.47	0.52	0.52	0	0	0.47
202600	0.47	0.52	0.52	0	0	0.47
202700	0.47	0.52	0.52	0	0	0.47
202800	0.47	0.52	0.52	0	0	0.47
202900	0.47	0.52	0.52	0	0	0.47
203000	0.47	0.52	0.52	0	0	0.47
203100	0.47	0.52	0.52	0	0	0.47
203200	0.47	0.52	0.52	0	0	0.47
203300	0.47	0.52	0.52	0	0	0.47
203400	0.47	0.52	0.52	0	0	0.47
203500	0.47	0.52	0.52	0	0	0.47
203600	0.47	0.52	0.52	0	0	0.47
203700	0.47	0.52	0.52	0	0	0.47
203800	0.47	0.52	0.52	0	0	0.47
203900	0.47	0.52	0.52	0	0	0.47
204000	0.47	0.52	0.52	0	0	0.47
204100	0.47	0.52	0.52	0	0	0.47
204200	0.47	0.52	0.52	0	0	0.47
204300	0.47	0.52	0.52	0	0	0.47
204400	0.47	0.52	0.52	0	0	0.47
204500	0.47	0.52	0.52	0	0	0.47
204600	0.47	0.52	0.52	0	0	0.47
204700	0.47	0.52	0.52	0	0	0.47
204800	0.47	0.52	0.52	0	0	0.47
204900	0.47	0.52	0.52	0	0	0.47
205000	0.47	0.52	0.52	0	0	0.47
205100	0.47	0.52	0.52	0	0	0.47
205200	0.47	0.52	0.52	0	0	0.47
205300	0.47	0.52	0.52	0	0	0.47
205400	0.47	0.52	0.52	0	0	0.47
205500	0.47	0.52	0.52	0	0	0.47
205600	0.47	0.52	0.52	0	0	0.47
205700	0.47	0.52	0.52	0	0	0.47
205800	0.47	0.52	0.52	0	0	0.47
205900	0.47	0.52	0.52	0	0	0.47
206000	0.47	0.52	0.52	0	0	0.47
206100	0.47	0.52	0.52	0	0	0.47
206200	0.47	0.52	0.52	0	0	0.47
206300	0.47	0.52	0.52	0	0	0.47
206400	0.47	0.52	0.52	0	0	0.47
206500	0.47	0.52	0.52	0	0	0.47
206600	0.47	0.52	0.52	0	0	0.47
206700	0.47	0.52	0.52	0	0	0.47
206800	0.47	0.52	0.52	0	0	0.47
206900	0.47	0.52	0.52	0	0	0.47
207000	0.47	0.52	0.52	0	0	0.47
207100	0.47	0.52	0.52	0	0	0.47
207200	0.47	0.52	0.52	0	0	0.47
207300	0.47	0.52	0.52	0	0	0.47
207400	0.47	0.52	0.52	0	0	0.47
207500	0.47	0.52	0.52	0	0	0.47
207600	0.47	0.52	0.52	0	0	0.47
207700	0.47	0.52	0.52	0	0	0.47
207800	0.47	0.52	0.52	0	0	0.47
207900	0.47	0.52	0.52	0	0	0.47
208000	0.47	0.52	0.52	0	0	0.47
208100	0.47	0.52	0.52	0	0	0.47
208200	0.47	0.52	0.52	0	0	0.47
208300	0.47	0.52	0.52	0	0	0.47
208400	0.47	0.52	0.52	0	0	0.47
208500	0.47	0.52	0.52	0	0	0.47
208600	0.47	0.52	0.52	0	0	0.47
208700	0.47	0.52	0.52	0	0	0.47
208800	0.47	0.52	0.52	0	0	0.47
208900	0.47	0.52	0.52	0	0	0.47
209000	0.47	0.52	0.52	0	0	0.47
209100	0.47	0.52	0.52	0	0	0.47
209200	0.47	0.52	0.52	0	0	0.47
209300	0.47	0.52	0.52	0	0	0.47
209400	0.47	0.52	0.52	0	0	0.47
209500	0.47	0.52	0.52	0	0	0.47
209600	0.47	0.52	0.52	0	0	0.47
209700	0.47	0.52	0.52	0	0	0.47
209800	0.47	0.52	0.52	0	0	0.47
209900	0.47	0.52	0.52	0	0	0.47
210000	0.47	0.52	0.52	0	0	0.47
210100	0.47	0.52	0.52	0	0	0.47
210200	0.47	0.52	0.52	0	0	0.47
210300	0.47	0.52	0.52	0	0	0.47
210400	0.47	0.52	0.52	0	0	0.47
210500	0.47	0.52	0.52	0	0	0.47
210600	0.47	0.52	0.52	0	0	0.47
210700	0.47	0.52	0.52	0	0	0.47
210800	0.47	0.52	0.52	0	0	0.47
210900	0.47	0.52	0.52	0	0	0.47
211000	0.47	0.52	0.52	0	0	0.47
211100	0.47	0.52	0.52	0	0	0.47
211200	0.47	0.52	0.52	0	0	0.47
211300	0.47	0.52	0.52	0	0	0.47
211400	0.47	0.52	0.52	0	0	0.47
211500	0.47	0.52	0.52	0	0	0.47
211600	0.47	0.52	0.52	0	0	0.47
211700	0.47	0.52	0.52	0	0	0.47
211800	0.47	0.52	0.52	0	0	0.47
211900	0.47	0.52	0.52	0	0	0.47
212000	0.47	0.52	0.52	0	0	0.47
212100	0.47	0.52	0.52	0	0	0.47
212200	0.47	0.52	0.52	0	0	0.47
212300	0.47	0.52	0.52	0	0	0.47
212400	0.47	0.52	0.52	0	0	0.47
212500	0.47	0.52	0.52	0	0	0.47
212600	0.47	0.52	0.52	0	0	0.47
212700	0.47	0.52	0.52	0	0	0.47
212800	0.47	0.52	0.52	0	0	0.47
212900	0.47	0.52	0.52	0	0	0.47
213000	0.47	0.52	0.52	0	0	0.47
213100	0.47	0.52	0.52	0	0	0.47
213200	0.47	0.52	0.52	0	0	0.47
213300	0.47	0.52	0.52	0	0	0.47
213400	0.47	0.52	0.52	0	0	0.47
213500	0.47	0.52	0.52	0	0	0.47
213600	0.47	0.52	0.52	0	0	0.47
213700	0.47	0.52	0.52	0	0	0.47
213800	0.47	0.52	0.52	0	0	0.47
213900	0.47	0.52	0.52	0	0	0.47
214000	0.47	0.52	0.52	0	0	0.47
214100	0.47	0.52	0.52	0	0	0.47
214200	0.47	0.52	0.52	0	0	0.47
214300	0.47	0.52	0.52	0	0	0.47
214400	0.47	0.52	0.52	0	0	0.47
214500	0.47	0.52	0.52	0	0	0.47
214600	0.47	0.52	0.52	0	0	0.47
214700	0.47	0.52	0.52	0	0	0.47
214800	0.47	0.52	0.52	0	0	0.47
214900	0.47	0.52	0.52	0	0	0.47
215000	0.47	0.52	0.52	0	0	0.47
215100	0.47	0.52	0.52	0	0	0.47
215200	0.47	0.52	0.52	0	0	0.47
215300	0.47	0.52	0.52	0	0	0.47
215400	0.47	0.52	0.52	0	0	0.47
215500	0.47	0.52	0.52	0	0	0.47
215600	0.47	0.52	0.52	0	0	0.47
215700	0.47	0.52	0.52	0	0	0.47
215800	0.47	0.52	0.52	0	0	0.47
215900	0.47	0.52	0.52	0	0	0.47
216000	0.47	0.52	0.52	0	0	0.47
216100	0.47	0.52	0.52	0	0	0.47
216200	0.47	0.52	0.52	0	0	0.47
216300	0.47	0.52	0.52	0	0	0.47
216400	0.47	0.52	0.52	0	0	0.47
216500	0.47	0.52	0.52	0	0	0.47
216600	0.47	0.52	0.52	0	0	0.47
216700	0.47	0.52	0.52	0	0	0.47
216800	0.47	0.52	0.52	0	0	0.47
216900	0.47	0.52	0.52	0	0	0.47
217000	0.47	0.52	0.52	0	0	0.47
217100	0.47	0.52	0.52	0	0	0.47
217200	0.47	0.52	0.52	0	0	0.47
217300	0.47	0.52	0.52	0	0	0.47
217400	0.47	0.52	0.52	0	0	0.47
217500	0.47	0.52	0.52	0	0	0.47
217600	0.47	0.52	0.52	0	0	0.47
217700	0.47	0.52	0.52	0	0	0.47
217800	0.47	0.52	0.52	0	0	0.47
217900	0.47	0.52	0.52	0	0	0.47
218000	0.47	0.52	0.52	0	0	0.47
218100	0.47	0.52	0.52	0	0	0.47
218200	0.47	0.52	0.52	0	0	0.47
218300	0.47	0.52	0.52	0	0	0.47
218400	0.47	0.52	0.52	0	0	0.47
218500	0.47	0.52	0.52	0	0	0.47
218600	0.47	0.52	0.52	0	0	0.47
218700	0.47	0.52	0.52	0	0	0.47
218800	0.47	0.52	0.52	0	0	0.47
218900	0.47	0.52	0.52	0	0	0.47
219000	0.47	0.52	0.52	0	0	0.47
219100	0.47	0.52	0.52	0	0	0.47
219200	0.47	0.52	0.52	0	0	0.47
219300	0.47	0.52	0.52	0	0	0.47
219400	0.47	0.52	0.52	0	0	0.47
219500	0.47	0.52	0.52	0	0	0.47
219600	0.47	0.52	0.52	0	0	0.47
219700	0.47	0.52	0.52	0	0	0.47
219800	0.47	0.52	0.52	0	0	0.47
219900	0.47	0.52	0.52	0	0	0.47
220000	0.47	0.52	0.52	0	0	0.47
220100	0.47	0.52	0.52	0	0	0.47
220200	0.47	0.52	0.52	0	0	0.47
220300	0.47	0.52	0.52	0	0	0.47
220400	0.47	0.52	0.52	0	0	0.47
220500	0.47	0.52	0.52	0	0	0.47
220600	0.47	0.52	0.52	0	0	0.47
220700	0.47	0.52	0.52	0	0	0.47
220800	0.47	0.52	0.52	0	0	0.47
220900	0.47	0.52	0.52	0	0	0.47
221000	0.47	0.52	0.52	0	0	0.47
221100	0.47	0.52	0.52	0	0	0.47
221200	0.47	0.52	0.52	0	0	0.47
221300	0.47	0.52	0.52	0	0	0.47
221400	0.47	0.52	0.52	0	0	0.47
221500	0.47	0.52	0.52	0	0	0.47
221600	0.47	0.52	0.52	0	0	0.47
221700	0.47	0.52	0.52	0	0	0.47
221800	0.47	0.52	0.52	0	0	0.47
221900	0.47	0.52	0.52	0	0	0.47
222000	0.47	0.52	0.52	0	0	0.47
222100	0.47	0.52	0.52	0	0	0.47
222200	0.47	0.52	0.52	0	0	0.47
222300	0.47	0.52	0.52	0	0	0.47
222400	0.47	0.52	0.52	0	0	0.47
222500	0.47	0.52	0.52	0	0	0.47
222600	0.47	0.52	0.52	0	0	0.47
222700	0.47	0.52	0.52	0	0	0.47
222800	0.47	0.52	0.52	0	0	0.47
222900	0.47	0.52	0.52	0	0	0.47
223000	0.47	0.52	0.52	0	0	0.47
223100	0.47	0.52	0.52	0	0	0.47
223200	0.47	0.52	0.52	0	0	0.47
223300	0.47	0.52	0.52	0	0	0.47
223400	0.47	0.52	0.52	0	0	0.47
223500	0.47	0.52	0.52	0	0	0.47
223600	0.47	0.52	0.52	0	0	0.47
223700	0.47	0.52	0.52	0	0	0.47
223800	0.47	0.52	0.52	0	0	0.47
223900	0.47	0.52	0.52	0	0	0.47
224000	0.47	0.52	0.52	0	0	0.47
224100	0.47	0.52	0.52	0	0	0.47
224200	0.47	0.52	0.52	0	0	0.47
224300	0.47	0.52	0.52	0	0	0.47
224400	0.47	0.52	0.52	0	0	0.47
224500	0.47	0.52	0.52	0	0	0.47
224600	0.47	0.52	0.52	0	0	0.47
224700	0.47	0.52	0.52	0	0	0.47
224800	0.47	0.52	0.52	0	0	0.47
224900	0.47	0.52	0.52	0	0	0.47
225000	0.47	0.52	0.52	0	0	0.47
225100	0.47	0.52	0.52	0	0	0.47
225200	0.47	0.52	0.52	0	0	0.47
225300	0.47	0.52	0.52	0	0	0.47
225400	0.47	0.52	0.52	0	0	0.47
225500	0.47	0.52	0.52	0	0	0.47
225600	0.47	0.52	0.52	0	0	0.47
225700	0.47	0.52	0.52	0	0	0.47
225800	0.47	0.52	0.52	0	0	0.47
225900	0.47	0.52	0.52	0	0	0.47
226000	0.47	0.52	0.52	0	0	0.47
226100	0.47	0.52	0.52	0	0	0.47
226200	0.47	0.52	0.52	0	0	0.47
226300	0.47	0.52	0.52	0	0	0.47
226400	0.47	0.52	0.52	0	0	0.47
226500	0.47	0.52	0.52	0	0	0.47
226600	0.47	0.52	0.52	0	0	0.47
226700	0.47	0.52	0.52	0	0	0.47
226800	0.47	0.52	0.52	0	0	0.47
226900	0.47	0.52	0.52	0	0	0.47
227000	0.47	0.52	0.52	0	0	0.47
227100	0.47	0.52	0.52	0	0	0.47
227200	0.47	0.52	0.52	0	0	0.47
227300	0.47	0.52	0.52	0	0	0.47
227400	0.47	0.52	0.52	0	0	0.47
227500	0.47	0.52	0.52	0	0	0.47
227600	0.47	0.52	0.52	0	0	0.47
227700	0.47	0.52	0.52	0	0	0.47
227800	0.47	0.52	0.52	0	0	0.47
227900	0.47	0.52	0.52	0	0	0.47
228000	0.47	0.52	0.52	0	0	0.47
228100	0.47	0.52	0.52	0	0	0.47
228200	0.47	0.52	0.52	0	0	0.47
228300	0.47	0.52	0.52	0	0	0.47
228400	0.47	0.52	0.52	0	0	0.47
228500	0.47	0.52	0.52	0	0	0.47
228600	0.47	0.52	0.52	0	0	0.47
228700	0.47	0.52	0.52	0	0	0.47
228800	0.47	0.52	0.52	0	0	0.47
228900	0.47	0.52	0.52	0	0	0.47
229000	0.47	0.52	0.52	0	0	0.47
229100	0.47	0.52	0.52	0	0	0.47
229200	0.47	0.52	0.52	0	0	0.47
229300	0.47	0.52	0.52	0	0	0.47
229400	0.47	0.52	0.52	0	0	0.47
229500	0.47	0.52	0.52	0	0	0.47
229600	0.47	0.52	0.52	0	0	0.47
229700	0.47	0.52	0.52	0	0	0.47
229800	0.47	0.52	0.52	0	0	0.47
229900	0.47	0.52	0.52	0	0	0.47
230000	0.47	0.52	0.52	0	0	0.47
230100	0.47	0.52	0.52	0	0	0.47
230200	0.47	0.52	0.52	0	0	0.47
230300	0.47	0.52	0.52	0	0	0.47
230400	0.47	0.52	0.52	0	0	0.47
230500	0.47	0.52	0.52	0	0	0.47
230600	0.47	0.52	0.52	0	0	0.47
230700	0.47	0.52	0.52	0	0	0.47
230800	0.47	0.52	0.52	0	0	0.47
230900	0.47	0.52	0.52	0	0	0.47
231000	0.47	0.52	0.52	0	0	0.47
231100	0.47	0.52	0.52	0	0	0.47
231200	0.47	0.52	0.52	0	0	0.47
231300	0.47	0.52	0.52	0	0	0.47
231400	0.47	0.52	0.52	0	0	0.47
231500	0.47	0.52	0.52	0	0	0.47
231600	0.47	0.52	0.52	0	0	0.47
231700	0.47	0.52	0.52	0	0	0.47
231800	0.47	0.52	0.52	0	0	0.47
231900	0.47	0.52	0.52	0	0	0.47
232000	0.47	0.52	0.52	0	0	0.47
232100	0.47	0.52	0.52	0	0	0.47
232200	0.47	0.52	0.52	0	0	0.47
232300	0.47	0.52	0.52	0	0	0.47
232400	0.47	0.52	0.52	0	0	0.47
232500	0.47	0.52	0.52	0	0	0.47
232600	0.47	0.52	0.52	0	0	0.47
232700	0.47	0.52	0.52	0	0	0.47
232800	0.47	0.52	0.52	0	0	0.47
232900	0.47	0.52	0.52	0	0	0.47
233000	0.47	0.52	0.52	0	0	0.47
233100	0.47	0.52	0.52	0	0	0.47
233200	0.47	0.52	0.52	0	0	0.47
233300	0.47	0.52	0.52	0	0	0.47
233400	0.47	0.52	0.52	0	0	0.47
233500	0.47	0.52	0.52	0	0	0.47
233600	0.47	0.52	0.52	0	0	0.47
233700	0.47	0.52	0.52	0	0	0.47
233800	0.47	0.52	0.52	0	0	0.47
233900	0.47	0.52	0.52	0	0	0.47
234000	0.47	0.52	0.52	0	0	0.47
234100	0.47	0.52	0.52	0	0	0.47
234200	0.47	0.52	0.52	0	0	0.47
234300	0.47	0.52	0.52	0	0	0.47
234400	0.47	0.52	0.52	0	0	0.47
234500	0.47	0.52	0.52	0	0	0.47
234600	0.47	0.52	0.52	0	0	0.47
234700	0.47	0.52	0.52	0	0	0.47
234800	0.47	0.52	0.52	0	0	0.47
234900	0.47	0.52	0.52	0	0	0.47
235000	0.47	0.52	0.52	0	0	0.47
235100	0.47	0.52	0.52	0	0	0.47
235200	0.47	0.52	0.52	0	0	0.47
235300	0.47	0.52	0.52	0	0	0.47
235400	0.47	0.52	0.52	0	0	0.47
235500	0.47	0.52	0.52	0	0	0.47
235600	0.47	0.52	0.52	0	0	0.47
235700	0.47	0.52	0.52	0	0	0.47
235800	0.47	0.52	0.52	0	0	0.47
235900	0.47	0.52	0.52	0	0	0.47
236000	0.47	0.52	0.52	0	0	0.47
236100	0.47	0.52	0.52	0	0	0.47
236200	0.47	0.52	0.52	0	0	0.47
236300	0.47	0.52	0.52	0	0	0.47
236400	0.47	0.52	0.52	0	0	0.47
236500	0.47	0.52	0.52	0	0	0.47
236600	0.47	0.52	0.52	0	0	0.47
236700	0.47	0.52	0.52	0	0	0.47
236800	0.47	0.52	0.52	0	0	0.47
236900	0.47	0.52	0.52	0	0	0.47
237000	0.47	0.52	0.52	0	0	0.47
237100	0.47	0.52	0.52	0	0	0.47
237200	0.47	0.52	0.52	0	0	0.47
237300	0.47	0.52	0.52	0	0	0.47
237400	0.47	0.52	0.52	0	0	0.47
237500	0.47	0.52	0.52	0	0	0.47
237600	0.47	0.52	0.52	0	0	0.47
237700	0.47	0.52	0.52	0	0	0.47
237800	0.47	0.52	0.52	0	0	0.47
237900	0.47	0.52	0.52	0	0	0.47
238000	0.47	0.52	0.52	0	0	0.47
238100	0.47	0.52	0.52	0	0	0.47
238200	0.47	0.52	0.52	0	0	0.47
238300	0.47	0.52	0.52	0	0	0.47
238400	0.47	0.52	0.52	0	0	0.47
238500	0.47	0.52	0.52	0	0	0.47
238600	0.47	0.52	0.52	0	0	0.47
238700	0.47	0.52	0.52	0	0	0.47
238800	0.47	0.52	0.52	0	0	0.47
238900	0.47	0.52	0.52	0	0	0.47
239000	0.47	0.52	0.52	0	0	0.47
239100	0.47	0.52	0.52	0	0	0.47
239200	0.47	0.52	0.52	0	0	0.47
239300	0.47	0.52	0.52	0	0	0.47
239400	0.47	0.52	0.52	0	0	0.47
239500	0.47	0.52	0.52	0	0	0.47
239600	0.47	0.52	0.52	0	0	0.47
239700	0.47	0.52	0.52	0	0	0.47
239800	0.47	0.52	0.52	0	0	0.47
239900	0.47	0.52	0.52	0	0	0.47
240000	0.47	0.52	0.52	0	0	0.47
240100	0.47	0.52	0.52	0	0	0.47
240200	0.47	0.52	0.52	0	0	0.47
240300	0.47	0.52	0.52	0	0	0.47
240400	0.47	0.52	0.52	0	0	0.47
240500	0.47	0.52	0.52	0	0	0.47
240600	0.47	0.52	0.52	0	0	0.47
240700	0.47	0.52	0.52	0	0	0.47
240800	0.47	0.52	0.52	0	0	0.47
240900	0.47	0.52	0.52	0	0	0.47
241000	0.47	0.52	0.52	0	0	0.47
241100	0.47	0.52	0.52	0	0	0.47
241200	0.47	0.52	0.52	0	0	0.47
241300	0.47	0.52	0.52	0	0	0.47
241400	0.47	0.52	0.52	0	0	0.47
241500	0.47	0.52	0.52	0	0	0.47
241600	0.47	0.52	0.52	0	0	0.47
241700	0.47	0.52	0.52	0	0	0.47
241800	0.47	0.52	0.52	0	0	0.47
241900	0.47	0.52	0.52	0	0	0.47
242000	0.47	0.52	0.52	0	0	0.47
242100	0.47	0.52	0.52	0	0	0.47
242200	0.47	0.52	0.52	0	0	0.47
242300	0.47	0.52	0.52	0	0	0.47
242400	0.47	0.52	0.52	0	0	0.47
242500	0.47	0.52	0.52	0	0	0.47
242600	0.47	0.52	0.52	0	0	0.47
242700	0.47	0.52	0.52	0	0	0.47
242800	0.47	0.52	0.52	0	0	0.47
242900	0.47	0.52	0.52	0	0	0.47
243000	0.47	0.52	0.52	0	0	0.47
243100	0.47	0.52	0.52	0	0	0.47
243200	0.47	0.52	0.52	0	0	0.47
243300	0.47	0.52	0.52	0	0	0.47
243400	0.47	0.52	0.52	0	0	0.47
243500	0.47	0.52	0.52	0	0	0.47
243600	0.47	0.52	0.52	0	0	0.47
243700	0.47	0.52	0.52	0	0	0.47
243800	0.47	0.52	0.52	0	0	0.47
243900	0.47	0.52	0.52	0	0	0.47
244000	0.47	0.52	0.52	0	0	0.47
244100	0.47	0.52	0.52	0	0	0.47
244200	0.47	0.52	0.52	0	0	0.47
244300	0.47	0.52	0.52	0	0	0.47
244400	0.47	0.52	0.52	0	0	0.47
244500	0.47	0.52	0.52	0	0	0.47
244600	0.47	0.52	0.52	0	0	0.47
244700	0.47	0.52	0.52	0	0	0.47
244800	0.47	0.52	0.52	0	0	0.47
244900	0.47	0.52	0.52	0	0	0.47
245000	0.47	0.52	0.52	0	0	0.47
245100	0.47	0.52	0.52	0	0	0.47
245200	0.47	0.52	0.52	0	0	0.47
245300	0.47	0.52	0.52	0	0	0.47
245400	0.47	0.52	0.52	0	0	0.47
245500	0.47	0.52	0.52	0	0	0.47
245600	0.47	0.52	0.52	0	0	0.47
245700	0.47	0.52	0.52	0	0	0.47
245800	0.47	0.52	0.52	0	0	0.47
245900	0.47	0.52	0.52	0	0	0.47
246000	0.47	0.52	0.52	0	0	0.47
246100	0.47	0.52	0.52	0	0	0.47
246200	0.47	0.52	0.52	0	0	0.47
246300	0.47	0.52	0.52	0	0	0.47
246400	0.47	0.52	0.52	0	0	0.47
246500	0.47	0.52	0.52	0	0	0.47
246600	0.47	0.52	0.52	0	0	0.47
246700	0.47	0.52	0.52	0	0	0.47
246800	0.47	0.52	0.52	0	0	0.47
246900	0.47	0.52	0.52	0	0	0.47
247000	0.47	0.52	0.52	0	0	0.47
247100	0.47	0.52	0.52	0	0	0.47
247200	0.47	0.52	0.52	0	0	0.47
247300	0.47	0.52	0.52	0	0	0.47
247400	0.47	0.52	0.52	0	0	0.47
247500	0.47	0.52	0.52	0	0	0.47
247600	0.47	0.52	0.52	0	0	0.47
247700	0.47	0.52	0.52	0	0	0.47
247800	0.47	0.52	0.52	0	0	0.47
247900	0.47	0.52	0.52	0	0	0.47
248000	0.47	0.52	0.52	0	0	0.47
248100	0.47	0.52	0.52	0	0	0.47
248200	0.47	0.52	0.52	0	0	0.47
248300	0.47	0.52	0.52	0	0	0.47
248400	0.47	0.52	0.52	0	0	0.47
248500	0.47	0.52	0.52	0	0	0.47
248600	0.47	0.52	0.52	0	0	0.47
248700	0.47	0.52	0.52	0	0	0.47
248800	0.47	0.52	0.52	0	0	0.47
248900	0.47	0.52	0.52	0	0	0.47
249000	0.47	0.52	0.52	0	0	0.47
249100	0.47	0.52	0.52	0	0	0.47
249200	0.47	0.52	0.52	0	0	0.47
249300	0.47	0.52	0.52	0	0	0.47
249400	0.47	0.52	0.52	0	0	0.47
249500	0.47	0.52	0.52	0	0	0.47
249600	0.47	0.52	0.52	0	0	0.47
249700	0.47	0.52	0.52	0	0	0.47
249800	0.47	0.52	0.52	0	0	0.47
249900	0.47	0.52	0.52	0	0	0.47
250000	0.47	0.52	0.52	0	0	0.47
250100	0.47	0.52	0.52	0	0	0.47
250200	0.47	0.52	0.52	0	0	0.47
250300	0.47	0.52	0.52	0	0	0.47
250400	0.47	0.52	0.52	0	0	0.47
250500	0.47	0.52	0.52	0	0	0.47
250600	0.47	0.52	0.52	0	0	0.47
250700	0.47	0.52	0.52	0	0	0.47
250800	0.47	0.52	0.52	0	0	0.47
250900	0.47	0.52	0.52	0	0	0.47
251000	0.47	0.52	0.52	0	0	0.47
251100	0.47	0.52	0.52	0	0	0.47
251200	0.47	0.52	0.52	0	0	0.47
251300	0.47	0.52	0.52	0	0	0.47
251400	0.47	0.52	0.52	0	0	0.47
251500	0.47	0.52	0.52	0	0	0.47
251600	0.47	0.52	0.52	0	0	0.47
251700	0.47	0.52	0.52	0	0	0.47
251800	0.47	0.52	0.52	0	0	0.47
251900	0.47	0.52	0.52	0	0	0.47
252000	0.47	0.52	0.52	0	0	0.47
252100	0.47	0.52	0.52	0	0	0.47
252200	0.47	0.52	0.52	0	0	0.47
252300	0.47	0.52	0.52	0	0	0.47
252400	0.47	0.52	0.52	0	0	0.47
252500	0.47	0.52	0.52	0	0	0.47
252600	0.47	0.52	0.52	0	0	0.47
252700	0.47	0.52	0.52	0	0	0.47
252800	0.47	0.52	0.52	0	0	0.47
252900	0.47	0.52	0.52	0	0	0.47
253000	0.47	0.52	0.52	0	0	0.47
253100	0.47	0.52	0.52	0	0	0.47
253200	0.47	0.52	0.52	0	0	0.47
253300	0.47	0.52	0.52	0	0	0.47
253400	0.47	0.52	0.52	0	0	0.47
253500	0.47	0.52	0.52	0	0	0.47
253600	0.47	0.52	0.52	0	0	0.47
253700	0.47	0.52	0.52	0	0	0.47
253800	0.47	0.52	0.52	0	0	0.47
253900	0.47	0.52	0.52	0	0	0.47
254000	0.47	0.52	0.52	0	0	0.47
254100	0.47	0.52	0.52	0	0	0.47
254200	0.47	0.52	0.52	0	0	0.47
254300	0.47	0.52	0.52	0	0	0.47
254400	0.47	0.52	0.52	0	0	0.47
254500	0.47	0.52	0.52	0	0	0.47
254600	0.47	0.52	0.52	0	0	0.47
254700	0.47	0.52	0.52	0	0	0.47
254800	0.47	0.52	0.52	0	0	0.47
254900	0.47	0.52	0.52	0	0	0.47
255000	0.47	0.52	0.52	0	0	0.47
255100	0.47	0.52	0.52	0	0	0.47
255200	0.47	0.52	0.52	0	0	0.47
255300	0.47	0.52	0.52	0	0	0.47
255400	0.47	0.52	0.52	0	0	0.47
255500	0.47	0.52	0.52	0	0	0.47
255600	0.47	0.52	0.52	0	0	0.47
255700	0.47	0.52	0.52	0	0	0.47
255800	0.47	0.52	0.52	0	0	0.47
255900	0.47	0.52	0.52	0	0	0.47
256000	0.47	0.52	0.52	0	0	0.47
256100	0.47	0.52	0.52	0	0	0.47
256200	0.47	0.52	0.52	0	0	0.47
256300	0.47	0.52	0.52	0	0	0.47
256400	0.47	0.52	0.52	0	0	0.47
256500	0.47	0.52	0.52	0	0	0.47
256600	0.47	0.52	0.52	0	0	0.47
256700	0.47	0.52	0.52	0	0	0.47
256800	0.47	0.52	0.52	0	0	0.47
256900	0.47	0.52	0.52	0	0	0.47
257000	0.47	0.52	0.52	0	0	0.47
257100	0.47	0.52	0.52	0	0	0.47
257200	0.47	0.52	0.52	0	0	0.47
257300	0.47	0.52	0.52	0	0	0.47
257400	0.47	0.52	0.52	0	0	0.47
257500	0.47	0.52	0.52	0	0	0.47
257600	0.47	0.52	0.52	0	0	0.47
257700	0.47	0.52	0.52	0	0	0.47
257800	0.47	0.52	0.52	0	0	0.47
257900	0.47	0.52	0.52	0	0	0.47
258000	0.47	0.52	0.52	0	0	0.47
258100	0.47	0.52	0.52	0	0	0.47
258200	0.47	0.52	0.52	0	0	0.47
258300	0.47	0.52	0.52	0	0	0.47
258400	0.47	0.52	0.52	0	0	0.47
258500	0.47	0.52	0.52	0	0	0.47
258600	0.47	0.52	0.52	0	0	0.47
258700	0.47	0.52	0.52	0	0	0.47
258800	0.47	0.52	0.52	0	0	0.47
258900	0.47	0.52	0.52	0	0	0.47
259000	0.47	0.52	0.52	0	0	0.47
259100	0.47	0.52	0.52	0	0	0.47
259200	0.47	0.52	0.52	0	0	0.47
259300	0.47	0.52	0.52	0	0	0.47
259400	0.47	0.52	0.52	0	0	0.47
259500	0.47	0.52	0.52	0	0	0.47
259600	0.47	0.52	0.52	0	0	0.47
259700	0.47	0.52	0.52	0	0	0.47
259800	0.47	0.52	0.52	0	0	0.47
259900	0.47	0.52	0.52	0	0	0.47
260000	0.47	0.52	0.52	0	0	0.47
260100	0.47	0.52	0.52	0	0	0.47
260200	0.47	0.52	0.52	0	0	0.47
260300	0.47	0.52	0.52	0	0	0.47
260400	0.47	0.52	0.52	0	0	0.47
260500	0.47	0.52	0.52	0	0	0.47
260600	0.47	0.52	0.52	0	0	0.47
260700	0.47	0.52	0.52	0	0	0.47
260800	0.47	0.52	0.52	0	0	0.47
260900	0.47	0.52	0.52	0	0	0.47
261000	0.47	0.52	0.52	0	0	0.47
261100	0.47	0.52	0.52	0	0	0.47
261200	0.47	0.52	0.52	0	0	0.47
261300	0.47	0.52	0.52	0	0	0.47
261400	0.47	0.52	0.52	0	0	0.47
261500	0.47	0.52	0.52	0	0	0.47
261600	0.47	0.52	0.52	0	0	0.47
261700	0.47	0.52	0.52	0	0	0.47
261800	0.47	0.52	0.52	0	0	0.47
261900	0.47	0.52	0.52	0	0	0.47
262000	0.47	0.52	0.52	0	0	0.47
262100	0.47	0.52	0.52	0	0	0.47
262200	0.47	0.52	0.52	0	0	0.47
262300	0.47	0.52	0.52	0	0	0.47
262400	0.47	0.52	0.52	0	0	0.47
262500	0.47	0.52	0.52	0	0	0.47
262600	0.47	0.52	0.52	0	0	0.47
262700	0.47	0.52	0.52	0	0	0.47
262800	0.47	0.52	0.52	0	0	0.47
262900	0.47	0.52	0.52	0	0	0.47
263000	0.47	0.52	0.52	0	0	0.47
263100	0.47	0.52	0.52	0	0	0.47
263200	0.47	0.52	0.52	0	0	0.47
263300	0.47	0.52	0.52	0	0	0.47
263400	0.47	0.52	0.52	0	0	0.47
263500	0.47	0.52	0.52	0	0	0.47
263600	0.47	0.52	0.52	0	0	0.47
263700	0.47	0.52	0.52	0	0	0.47
263800	0.47	0.52	0.52	0	0	0.47
263900	0.47	0.52	0.52	0	0	0.47
264000	0.47	0.52	0.52	0	0	0.47
264100	0.47	0.52	0.52	0	0	0.47
264200	0.47	0.52	0.52	0	0	0.47
264300	0.47	0.52	0.52	0	0	0.47
264400	0.47	0.52	0.52	0	0	0.47
264500	0.47	0.52	0.52	0	0	0.47
264600	0.47	0.52	0.52	0	0	0.47
264700	0.47	0.52	0.52	0	0	0.47
264800	0.47	0.52	0.52	0	0	0.47
264900	0.47	0.52	0.52	0	0	0.47
265000	0.47	0.52	0.52	0	0	0.47
265100	0.47	0.52	0.52	0	0	0.47
265200	0.47	0.52	0.52	0	0	0.47
265300	0.47	0.52	0.52	0	0	0.47
265400	0.47	0.52	0.52	0	0	0.47
265500	0.47	0.52	0.52	0	0	0.47
265600	0.47	0.52	0.52	0	0	0.47
265700	0.47	0.52	0.52	0	0	0.47
265800	0.47	0.52	0.52	0	0	0.47
265900	0.47	0.52	0.52	0	0	0.47
266000	0.47	0.52	0.52	0	0	0.47
266100	0.47	0.52	0.52	0	0	0.47
266200	0.47	0.52	0.52	0	0	0.47
266300	0.47	0.52	0.52	0	0	0.47
266400	0.47	0.52	0.52	0	0	0.47
266500	0.47	0.52	0.52	0	0	0.47
266600	0.47	0.52	0.52	0	0	0.47
266700	0.47	0.52	0.52	0	0	0.47
266800	0.47	0.52	0.52	0	0	0.47
266900	0.47	0.52	0.52	0	0	0.47
267000	0.47	0.52	0.52	0	0	0.47
267100	0.47	0.52	0.52	0	0	0.47
267200	0.47	0.52	0.52	0	0	0.47
267300	0.47	0.52	0.52	0	0	0.47
267400	0.47	0.52	0.52	0	0	0.47
267500	0.47	0.52	0.52	0	0	0.47
267600	0.47	0.52	0.52	0	0	0.47
267700	0.47	0.52	0.52	0	0	0.47
267800	0.47	0.52	0.52	0	0	0.47
267900	0.47	0.52	0.52	0	0	0.47
268000	0.47	0.52	0.52	0	0	0.47
268100	0.47	0.52	0.52	0	0	0.47
268200	0.47	0.52	0.52	0	0	0.47
268300	0.47	0.52	0.52	0	0	0.47
268400	0.47	0.52	0.52	0	0	0.47
268500	0.47	0.52	0.52	0	0	0.47
268600	0.47	0.52	0.52	0	0	0.47
268700	0.47	0.52	0.52	0	0	0.47
268800	0.47	0.52	0.52	0	0	0.47
268900	0.47	0.52	0.52	0	0	0.47
269000	0.47	0.52	0.52	0	0	0.47
269100	0.47	0.52	0.52	0	0	0.47
269200	0.47	0.52	0.52	0	0	0.47
269300	0.47	0.52	0.52	0	0	0.47
269400	0.47	0.52	0.52	0	0	0.47
269500	0.47	0.52	0.52	0	0	0.47
269600	0.47	0.52	0.52	0	0	0.47
269700	0.47	0.52	0.52	0	0	0.47
269800	0.47	0.52	0.52	0	0	0.47
269900	0.47	0.52	0.52	0	0	0.47
270000	0.47	0.52	0.52	0	0	0.47
270100	0.47	0.52	0.52	0	0	0.47
270200	0.47	0.52	0.52	0	0	0.47
270300	0.47	0.52	0.52	0	0	0.47
270400	0.47	0.52	0.52	0	0	0.47
270500	0.47	0.52	0.52	0	0	0.47
270600	0.47	0.52	0.52	0	0	0.47
270700	0.47	0.52	0.52	0	0	0.47
270800	0.47	0.52	0.52	0	0	0.47
270900	0.47	0.52	0.52	0	0	0.47
271000	0.47	0.52	0.52	0	0	0.47
271100	0.47	0.52	0.52	0	0	0.47
271200	0.47	0.52	0.52	0	0	0.47
271300	0.47	0.52	0.52	0	0	0.47
271400	0.47	0.52	0.52	0	0	0.47
271500	0.47	0.52	0.52	0	0	0.47
271600	0.47	0.52	0.52	0	0	0.47
271700	0.47	0.52	0.52	0	0	0.47
271800	0.47	0.52	0.52	0	0	0.47
271900	0.47	0.52	0.52	0	0	0.47
272000	0.47	0.52	0.52	0	0	0.47
272100	0.47	0.52	0.52	0	0	0.47
272200	0.47	0.52	0.52	0	0	0.47
272300	0.47	0.52	0.52	0	0	0.47
272400	0.47	0.52	0.52	0	0	0.47
272500	0.47	0.52	0.52	0	0	0.47
272600	0.47	0.52	0.52	0	0	0.47
272700	0.47	0.52	0.52	0	0	0.47
272800	0.47	0.52	0.52	0	0	0.47
272900	0.47	0.52	0.52	0	0	0.47
273000	0.47	0.52	0.52	0	0	0.47
273100	0.47	0.52	0.52	0	0	0.47
273200	0.47	0.52	0.52	0	0	0.47
273300	0.47	0.52	0.52	0	0	0.47
273400	0.47	0.52	0.52	0	0	0.47
273500	0.47	0.52	0.52	0	0	0.47
273600	0.47	0.52	0.52	0	0	0.47
273700	0.47	0.52	0.52	0	0	0.47
273800	0.47	0.52	0.52	0	0	0.47
273900	0.47	0.52	0.52	0	0	0.47
274000	0.47	0.52	0.52	0	0	0.47
274100	0.47	0.52	0.52	0	0	0.47
274200	0.47	0.52	0.52	0	0	0.47
274300	0.47	0.52	0.52	0	0	0.47
274400	0.47	0.52	0.52	0	0	0.47
274500	0.47	0.52	0.52	0	0	0.47
274600	0.47	0.52	0.52	0	0	0.47
274700	0.47	0.52	0.52	0	0	0.47
274800	0.47	0.52	0.52	0	0	0.47
274900	0.47	0.52	0.52	0	0	0.47
275000	0.47	0.52	0.52	0	0	0.47
275100	0.47	0.52	0.52	0	0	0.47
275200	0.47	0.52	0.52	0	0	0.47
275300	0.47	0.52	0.52	0	0	0.47
275400	0.47	0.52	0.52	0	0	0.47
275500	0.47	0.52	0.52	0	0	0.47
275600	0.47	0.52	0.52	0	0	0.47
275700	0.47	0.52	0.52	0	0	0.47
275800	0.47	0.52	0.52	0	0	0.47
275900	0.47	0.52	0.52	0	0	0.47
276000	0.47	0.52	0.52	0	0	0.47
276100	0.47	0.52	0.52	0	0	0.47
276200	0.47	0.52	0.52	0	0	0.47
276300	0.47	0.52	0.52	0	0	0.47
276400	0.47	0.52	0.52	0	0	0.47
276500	0.47	0.52	0.52	0	0	0.47
276600	0.47	0.52	0.52	0	0	0.47
276700	0.47	0.52	0.52	0	0	0.47
276800	0.47	0.52	0.52	0	0	0.47
276900	0.47	0.52	0.52	0	0	0.47
277000	0.47	0.52	0.52	0	0	0.47
277100	0.47	0.52	0.52	0	0	0.47
277200	0.47	0.52	0.52	0	0	0.47
277300	0.47	0.52	0.52	0	0	0.47
277400	0.47	0.52	0.52	0	0	0.47
277500	0.47	0.52	0.52	0	0	0.47
277600	0.47	0.52	0.52	0	0	0.47
277700	0.47	0.52	0.52	0	0	0.47
277800	0.47	0.52	0.52	0	0	0.47
277900	0.47	0.52	0.52	0	0	0.47
278000	0.47	0.52	0.52	0	0	0.47
278100	0.47	0.52	0.52	0	0	0.47
278200	0.47	0.52	0.52	0	0	0.47
278300	0.47	0.52	0.52	0	0	0.47
278400	0.47	0.52	0.52	0	0	0.47
278500	0.47	0.52	0.52	0	0	0.47
278600	0.47	0.52	0.52	0	0	0.47
278700	0.47	0.52	0.52	0	0	0.47
278800	0.47	0.52	0.52	0	0	0.47
278900	0.47	0.52	0.52	0	0	0.47
279000	0.47	0.52	0.52	0	0	0.47
279100	0.47	0.52	0.52	0	0	0.47
279200	0.47	0.52	0.52	0	0	0.47
279300	0.47	0.52	0.52	0	0	0.47
279400	0.47	0.52	0.52	0	0	0.47
279500	0.47	0.52	0.52	0	0	0.47
279600	0.47	0.52	0.52	0	0	0.47
279700	0.47	0.52	0.52	0	0	0.47
279800	0.47	0.52	0.52	0	0	0.47
279900	0.47	0.52	0.52	0	0	0.47
280000	0.47	0.52	0.52	0	0	0.47
280100	0.47	0.52	0.52	0	0	0.47
280200	0.47	0.52	0.52	0	0	0.47
280300	0.47	0.52	0.52	0	0	0.47
280400	0.47	0.52	0.52	0	0	0.47
280500	0.47	0.52	0.52	0	0	0.47
280600	0.47	0.52	0.52	0	0	0.47
280700	0.47	0.52	0.52	0	0	0.47
280800	0.47	0.52	0.52	0	0	0.47
280900	0.47	0.52	0.52	0	0	0.47
281000	0.47	0.52	0.52	0	0	0.47
281100	0.47	0.52	0.52	0	0	0.47
281200	0.47	0.52	0.52	0	0	0.47
281300	0.47	0.52	0.52	0	0	0.47
281400	0.47	0.52	0.52	0	0	0.47
281500	0.47	0.52	0.52	0	0	0.47
281600	0.47	0.52	0.52	0	0	0.47
281700	0.47	0.52	0.52	0	0	0.47
281800	0.47	0.52	0.52	0	0	0.47
281900	0.47	0.52	0.52	0	0	0.47
282000	0.47	0.52	0.52	0	0	0.47
282100	0.47	0.52	0.52	0	0	0.47
282200	0.47	0.52	0.52	0	0	0.47
282300	0.47	0.52	0.52	0	0	0.47
282400	0.47	0.52	0.52	0	0	0.47
282500	0.47	0.52	0.52	0	0	0.47
282600	0.47	0.52	0.52	0	0	0.47
282700	0.47	0.52	0.52	0	0	0.47
282800	0.47	0.52	0.52	0	0	0.47
282900	0.47	0.52	0.52	0	0	0.47
283000	0.47	0.52	0.52	0	0	0.47
283100	0.47	0.52	0.52	0	0	0.47
283200	0.47	0.52	0.52	0	0	0.47
283300	0.47	0.52	0.52	0	0	0.47
283400	0.47	0.52	0.52	0	0	0.47
283500	0.47	0.52	0.52	0	0	0.47
283600	0.47	0.52	0.52	0	0	0.47
283700	0.47	0.52	0.52	0	0	0.47
283800	0.47	0.52	0.52	0	0	0.47
283900	0.47	0.52	0.52	0	0	0.47
284000	0.47	0.52	0.52	0	0	0.47
284100	0.47	0.52	0.52	0	0	0.47
284200	0.47	0.52	0.52	0	0	0.47
284300	0.47	0.52	0.52	0	0	0.47
284400	0.47	0.52	0.52	0	0	0.47
284500	0.47	0.52	0.52	0	0	0.47
284600	0.47	0.52	0.52	0	0	0.47
284700	0.47	0.52	0.52	0	0	0.47
284800	0.47	0.52	0.52	0	0	0.47
284900	0.47	0.52	0.52	0	0	0.47
285000	0.47	0.52	0.52	0	0	0.47
285100	0.47	0.52	0.52	0	0	0.47
285200	0.47	0.52	0.52	0	0	0.47
285300	0.47	0.52	0.52	0	0	0.47
285400	0.47	0.52	0.52	0	0	0.47
285500	0.47	0.52	0.52	0	0	0.47
285600	0.47	0.52	0.52	0	0	0.47
285700	0.47	0.52	0.52	0	0	0.47
285800	0.47	0.52	0.52	0	0	0.47
285900	0.47	0.52	0.52	0	0	0.47
286000	0.47	0.52	0.52	0	0	0.47
286100	0.47	0.52	0.52	0	0	0.47
286200	0.47	0.52	0.52	0	0	0.47
286300	0.47	0.52	0.52	0	0	0.47
286400	0.47	0.52	0.52	0	0	0.47
286500	0.47	0.52	0.52	0	0	0.47
286600	0.47	0.52	0.52	0	0	0.47
286700	0.47	0.52	0.52	0	0	0.47
286800	0.47	0.52	0.52	0	0	0.47
286900	0.47	0.52	0.52	0	0	0.47
287000	0.47	0.52	0.52	0	0	0.47
287100	0.47	0.52	0.52	0	0	0.47
287200	0.47	0.52	0.52	0	0	0.47
287300	0.47	0.52	0.52	0	0	0.47
287400	0.47	0.52	0.52	0	0	0.47
287500	0.47	0.52	0.52	0	0	0.47
287600	0.47	0.52	0.52	0	0	0.47
287700	0.47	0.52	0.52	0	0	0.47
287800	0.47	0.52	0.52	0	0	0.47
287900	0.47	0.52	0.52	0	0	0.47
288000	0.47	0.52	0.52	0	0	0.47
288100	0.47	0.52	0.52	0	0	0.47
288200	0.47	0.52	0.52	0	0	0.47
288300	0.47	0.52	0.52	0	0	0.47
288400	0.47	0.52	0.52	0	0	0.47
288500	0.47	0.52	0.52	0	0	0.47
288600	0.47	0.52	0.52	0	0	0.47
288700	0.47	0.52	0.52	0	0	0.47
288800	0.46	0.52	0.52	0	0	0.46
288900	0.46	0.52	0.52	0	0	0.46
289000	0.46	0.52	0.52	0	0	0.46
289100	0.46	0.52	0.52	0	0	0.46
289200	0.46	0.52	0.52	0	0	0.46
289300	0.46	0.52	0.52	0	0	0.46
289400	0.46	0.52	0.52	0	0	0.46
289500	0.46	0.52	0.52	0	0	0.46
289600	0.46	0.52	0.52	0	0	0.46
289700	0.46	0.52	0.52	0	0	0.46
289800	0.46	0.52	0.52	0	0	0.46
289900	0.46	0.52	0.52	0	0	0.46
290000	0.46	0.52	0.52	0	0	0.46
290100	0.46	0.52	0.52	0	0	0.46
290200	0.46	0.52	0.52	0	0	0.46
290300	0.46	0.52	0.52	0	0	0.46
290400	0.46	0.52	0.52	0	0	0.46
290500	0.46	0.52	0.52	0	0	0.46
290600	0.46	0.52	0.52	0	0	0.46
290700	0.46	0.52	0.52	0	0	0.46
290800	0.46	0.52	0.52	0	0	0.46
290900	0.46	0.52	0.52	0	0	0.46
291000	0.46	0.52	0.52	0	0	0.46
291100	0.46	0.52	0.52	0	0	0.46
291200	0.46	0.52	0.52	0	0	0.46
291300	0.46	0.52	0.52	0	0	0.46
291400	0.46	0.52	0.52	0	0	0.46
291500	0.46	0.52	0.52	0	0	0.46
291600	0.46	0.52	0.52	0	0	0.46
291700	0.46	0.52	0.52	0	0	0.46
291800	0.46	0.52	0.52	0	0	0.46
291900	0.46	0.52	0.52	0	0	0.46
292000	0.46	0.52	0.52	0	0	0.46
292100	0.46	0.52	0.52	0	0	0.46
292200	0.46	0.52	0.52	0	0	0.46
292300	0.46	0.52	0.52	0	0	0.46
292400	0.46	0.52	0.52	0	0	0.46
292500	0.46	0.52	0.52	0	0	0.46
292600	0.46	0.52	0.52	0	0	0.46
292700	0.46	0.52	0.52	0	0	0.46
292800	0.46	0.52	0.52	0	0	0.46
292900	0.46	0.52	0.52	0	0	0.46
293000	0.46	0.52	0.52	0	0	0.46
293100	0.46	0.52	0.52	0	0	0.46
293200	0.46	0.52	0.52	0	0	0.46
293300	0.46	0.52	0.52	0	0	0.46
293400	0.46	0.52	0.52	0	0	0.46
293500	0.46	0.52	0.52	0	0	0.46
293600	0.46	0.52	0.52	0	0	0.46
293700	0.46	0.52	0.52	0	0	0.46
293800	0.46	0.52	0.52	0	0	0.46
293900	0.46	0.53	0.53	0	0	0.46
294000	0.46	0.53	0.53	0	0	0.46
294100	0.46	0.53	0.53	0	0	0.46
294200	0.46	0.53	0.53	0	0	0.46
294300	0.46	0.53	0.53	0	0	0.46
294400	0.46	0.53	0.53	0	0	0.46
294500	0.46	0.53	0.53	0	0	0.46
294600	0.46	0.53	0.53	0	0	0.46
294700	0.46	0.53	0.53	0	0	0.46
294800	0.46	0.53	0.53	0	0	0.46
294900	0.46	0.53	0.53	0	0	0.46
295000	0.46	0.53	0.53	0	0	0.46
295100	0.46	0.53	0.53	0	0	0.46
295200	0.46	0.53	0.53	0	0	0.46
295300	0.46	0.53	0.53	0	0	0.46
295400	0.46	0.53	0.53	0	0	0.46
295500	0.46	0.53	0.53	0	0	0.46
295600	0.46	0.53	0.53	0	0	0.46
295700	0.46	0.53	0.53	0	0	0.46
295800	0.46	0.53	0.53	0	0	0.46
295900	0.46	0.53	0.53	0	0	0.46
296000	0.46	0.53	0.53	0	0	0.46
296100	0.46	0.53	0.53	0	0	0.46
296200	0.46	0.53	0.53	0	0	0.46
296300	0.46	0.53	0.53	0	0	0.46
296400	0.46	0.53	0.53	0	0	0.46
296500	0.46	0.53	0.53	0	0	0.46
296600	0.46	0.53	0.53	0	0	0.46
296700	0.46	0.53	0.53	0	0	0.46
296800	0.46	0.53	0.53	0	0	0.46
296900	0.46	0.53	0.53	0	0	0.46
297000	0.46	0.53	0.53	0	0	0.46
297100	0.46	0.53	0.53	0	0	0.46
297200	0.46	0.53	0.53	0	0	0.46
297300	0.46	0.53	0.53	0	0	0.46
297400	0.46	0.53	0.53	0	0	0.46
297500	0.46	0.53	0.53	0	0	0.46
297600	0.46	0.53	0.53	0	0	0.46
297700	0.46	0.53	0.53	0	0	0.46
297800	0.46	0.53	0.53	0	0	0.46
297900	0.46	0.53	0.53	0	0	0.46
298000	0.46	0.53	0.53	0	0	0.46
298100	0.46	0.53	0.53	0	0	0.46
298200	0.46	0.53	0.53	0	0	0.46
298300	0.46	0.53	0.53	0	0	0.46
298400	0.46	0.53	0.53	0	0	0.46
298500	0.46	0.53	0.53	0	0	0.46
298600	0.46	0.53	0.53	0	0	0.46
298700	0.46	0.53	0.53	0	0	0.46
298800	0.46	0.53	0.53	0	0	0.46
298900	0.46	0.53	0.53	0	0	0.46
299000	0.46	0.53	0.53	0	0	0.46
299100	0.46	0.53	0.53	0	0	0.46
299200	0.46	0.53	0.53	0	0	0.46
299300	0.46	0.53	0.53	0	0	0.46
299400	0.46	0.53	0.53	0	0	0.46
299500	0.46	0.53	0.53	0	0	0.46
299600	0.46	0.53	0.53	0	0	0.46
299700	0.46	0.53	0.53	0	0	0.46
299800	0.46	0.53	0.53	0	0	0.46
299900	0.46	0.53	0.53	0	0	0.46
300000	0.46	0.53	0.53	0	0	0.46
