100	0.11	0.04	0.04	0	0	0.11
200	0.11	0.04	0.04	0	0	0.11
300	0.13	0.07	0.07	0	0	0.13
400	0.13	0.08	0.08	0	0	0.13
500	0.15	0.09	0.09	0	0	0.15
600	0.14	0.11	0.11	0	0	0.14
700	0.15	0.12	0.12	0	0	0.15
800	0.14	0.14	0.14	0	0	0.14
900	0.16	0.13	0.13	0	0	0.16
1000	0.17	0.12	0.12	0	0	0.17
1100	0.16	0.12	0.12	0	0	0.16
1200	0.16	0.13	0.13	0	0	0.16
1300	0.16	0.14	0.14	0	0	0.16
1400	0.16	0.1	0.1	0	0	0.16
1500	0.16	0.1	0.1	0	0	0.16
1600	0.16	0.12	0.12	0	0	0.16
1700	0.17	0.12	0.12	0	0	0.17
1800	0.16	0.11	0.11	0	0	0.16
1900	0.16	0.12	0.12	0	0	0.16
2000	0.16	0.12	0.12	0	0	0.16
2100	0.16	0.13	0.13	0	0	0.16
2200	0.17	0.14	0.14	0	0	0.17
2300	0.17	0.14	0.14	0	0	0.17
2400	0.17	0.15	0.15	0	0	0.17
2500	0.18	0.16	0.16	0	0	0.18
2600	0.19	0.17	0.17	0	0	0.19
2700	0.19	0.16	0.16	0	0	0.19
2800	0.19	0.18	0.18	0	0	0.19
2900	0.19	0.17	0.17	0	0	0.19
3000	0.2	0.16	0.16	0	0	0.2
3100	0.19	0.18	0.18	0	0	0.19
3200	0.19	0.18	0.18	0	0	0.19
3300	0.21	0.19	0.19	0	0	0.21
3400	0.21	0.16	0.16	0	0	0.21
3500	0.2	0.16	0.16	0	0	0.2
3600	0.2	0.15	0.15	0	0	0.2
3700	0.2	0.15	0.15	0	0	0.2
3800	0.2	0.15	0.15	0	0	0.2
3900	0.21	0.16	0.16	0	0	0.21
4000	0.21	0.16	0.16	0	0	0.21
4100	0.21	0.16	0.16	0	0	0.21
4200	0.21	0.18	0.18	0	0	0.21
4300	0.21	0.17	0.17	0	0	0.21
4400	0.25	0.16	0.16	0	0	0.25
4500	0.25	0.18	0.18	0	0	0.25
4600	0.24	0.18	0.18	0	0	0.24
4700	0.24	0.18	0.18	0	0	0.24
4800	0.26	0.19	0.19	0	0	0.26
4900	0.26	0.22	0.22	0	0	0.26
5000	0.26	0.22	0.22	0	0	0.26
5100	0.26	0.23	0.23	0	0	0.26
5200	0.26	0.22	0.22	0	0	0.26
5300	0.26	0.24	0.24	0	0	0.26
5400	0.27	0.26	0.26	0	0	0.27
5500	0.28	0.26	0.26	0	0	0.28
5600	0.28	0.25	0.25	0	0	0.28
5700	0.28	0.24	0.24	0	0	0.28
5800	0.27	0.25	0.25	0	0	0.27
5900	0.27	0.25	0.25	0	0	0.27
6000	0.27	0.25	0.25	0	0	0.27
6100	0.27	0.26	0.26	0	0	0.27
6200	0.28	0.27	0.27	0	0	0.28
6300	0.27	0.26	0.26	0	0	0.27
6400	0.29	0.26	0.26	0	0	0.29
6500	0.28	0.27	0.27	0	0	0.28
6600	0.28	0.27	0.27	0	0	0.28
6700	0.3	0.28	0.28	0	0	0.3
6800	0.3	0.28	0.28	0	0	0.3
6900	0.29	0.27	0.27	0	0	0.29
7000	0.3	0.27	0.27	0	0	0.3
7100	0.3	0.28	0.28	0	0	0.3
7200	0.3	0.28	0.28	0	0	0.3
7300	0.31	0.28	0.28	0	0	0.31
7400	0.31	0.29	0.29	0	0	0.31
7500	0.31	0.28	0.28	0	0	0.31
7600	0.31	0.29	0.29	0	0	0.31
7700	0.31	0.27	0.27	0	0	0.31
7800	0.31	0.27	0.27	0	0	0.31
7900	0.3	0.26	0.26	0	0	0.3
8000	0.31	0.26	0.26	0	0	0.31
8100	0.31	0.26	0.26	0	0	0.31
8200	0.31	0.27	0.27	0	0	0.31
8300	0.33	0.27	0.27	0	0	0.33
8400	0.32	0.28	0.28	0	0	0.32
8500	0.32	0.28	0.28	0	0	0.32
8600	0.33	0.28	0.28	0	0	0.33
8700	0.33	0.27	0.27	0	0	0.33
8800	0.32	0.28	0.28	0	0	0.32
8900	0.31	0.28	0.28	0	0	0.31
9000	0.31	0.28	0.28	0	0	0.31
9100	0.31	0.28	0.28	0	0	0.31
9200	0.31	0.27	0.27	0	0	0.31
9300	0.31	0.27	0.27	0	0	0.31
9400	0.31	0.27	0.27	0	0	0.31
9500	0.31	0.28	0.28	0	0	0.31
9600	0.31	0.27	0.27	0	0	0.31
9700	0.31	0.27	0.27	0	0	0.31
9800	0.32	0.28	0.28	0	0	0.32
9900	0.32	0.28	0.28	0	0	0.32
10000	0.32	0.28	0.28	0	0	0.32
10100	0.33	0.28	0.28	0	0	0.33
10200	0.33	0.28	0.28	0	0	0.33
10300	0.34	0.28	0.28	0	0	0.34
10400	0.34	0.29	0.29	0	0	0.34
10500	0.34	0.27	0.27	0	0	0.34
10600	0.34	0.27	0.27	0	0	0.34
10700	0.35	0.27	0.27	0	0	0.35
10800	0.35	0.29	0.29	0	0	0.35
10900	0.35	0.28	0.28	0	0	0.35
11000	0.36	0.28	0.28	0	0	0.36
11100	0.36	0.29	0.29	0	0	0.36
11200	0.36	0.28	0.28	0	0	0.36
11300	0.37	0.28	0.28	0	0	0.37
11400	0.37	0.28	0.28	0	0	0.37
11500	0.37	0.28	0.28	0	0	0.37
11600	0.37	0.28	0.28	0	0	0.37
11700	0.37	0.28	0.28	0	0	0.37
11800	0.37	0.28	0.28	0	0	0.37
11900	0.37	0.29	0.29	0	0	0.37
12000	0.38	0.3	0.3	0	0	0.38
12100	0.38	0.27	0.27	0	0	0.38
12200	0.39	0.29	0.29	0	0	0.39
12300	0.36	0.29	0.29	0	0	0.36
12400	0.38	0.28	0.28	0	0	0.38
12500	0.37	0.28	0.28	0	0	0.37
12600	0.35	0.29	0.29	0	0	0.35
12700	0.34	0.28	0.28	0	0	0.34
12800	0.34	0.28	0.28	0	0	0.34
12900	0.34	0.28	0.28	0	0	0.34
13000	0.34	0.29	0.29	0	0	0.34
13100	0.35	0.29	0.29	0	0	0.35
13200	0.36	0.29	0.29	0	0	0.36
13300	0.36	0.29	0.29	0	0	0.36
13400	0.36	0.29	0.29	0	0	0.36
13500	0.36	0.29	0.29	0	0	0.36
13600	0.36	0.29	0.29	0	0	0.36
13700	0.39	0.28	0.28	0	0	0.39
13800	0.41	0.28	0.28	0	0	0.41
13900	0.4	0.28	0.28	0	0	0.4
14000	0.36	0.27	0.27	0	0	0.36
14100	0.36	0.27	0.27	0	0	0.36
14200	0.37	0.27	0.27	0	0	0.37
14300	0.37	0.29	0.29	0	0	0.37
14400	0.37	0.29	0.29	0	0	0.37
14500	0.37	0.29	0.29	0	0	0.37
14600	0.36	0.29	0.29	0	0	0.36
14700	0.36	0.29	0.29	0	0	0.36
14800	0.36	0.29	0.29	0	0	0.36
14900	0.35	0.3	0.3	0	0	0.35
15000	0.35	0.3	0.3	0	0	0.35
15100	0.36	0.3	0.3	0	0	0.36
15200	0.37	0.3	0.3	0	0	0.37
15300	0.37	0.3	0.3	0	0	0.37
15400	0.37	0.31	0.31	0	0	0.37
15500	0.38	0.3	0.3	0	0	0.38
15600	0.37	0.3	0.3	0	0	0.37
15700	0.38	0.3	0.3	0	0	0.38
15800	0.38	0.3	0.3	0	0	0.38
15900	0.38	0.3	0.3	0	0	0.38
16000	0.38	0.3	0.3	0	0	0.38
16100	0.38	0.3	0.3	0	0	0.38
16200	0.38	0.31	0.31	0	0	0.38
16300	0.38	0.31	0.31	0	0	0.38
16400	0.38	0.31	0.31	0	0	0.38
16500	0.4	0.31	0.31	0	0	0.4
16600	0.4	0.31	0.31	0	0	0.4
16700	0.41	0.32	0.32	0	0	0.41
16800	0.41	0.32	0.32	0	0	0.41
16900	0.41	0.32	0.32	0	0	0.41
17000	0.4	0.32	0.32	0	0	0.4
17100	0.39	0.32	0.32	0	0	0.39
17200	0.39	0.32	0.32	0	0	0.39
17300	0.39	0.33	0.33	0	0	0.39
17400	0.4	0.32	0.32	0	0	0.4
17500	0.4	0.32	0.32	0	0	0.4
17600	0.39	0.32	0.32	0	0	0.39
17700	0.39	0.32	0.32	0	0	0.39
17800	0.39	0.33	0.33	0	0	0.39
17900	0.39	0.32	0.32	0	0	0.39
18000	0.39	0.32	0.32	0	0	0.39
18100	0.39	0.32	0.32	0	0	0.39
18200	0.4	0.33	0.33	0	0	0.4
18300	0.4	0.33	0.33	0	0	0.4
18400	0.4	0.34	0.34	0	0	0.4
18500	0.4	0.33	0.33	0	0	0.4
18600	0.4	0.33	0.33	0	0	0.4
18700	0.39	0.33	0.33	0	0	0.39
18800	0.39	0.33	0.33	0	0	0.39
18900	0.36	0.33	0.33	0	0	0.36
19000	0.36	0.33	0.33	0	0	0.36
19100	0.36	0.33	0.33	0	0	0.36
19200	0.36	0.33	0.33	0	0	0.36
19300	0.36	0.33	0.33	0	0	0.36
19400	0.38	0.33	0.33	0	0	0.38
19500	0.38	0.33	0.33	0	0	0.38
19600	0.38	0.33	0.33	0	0	0.38
19700	0.38	0.34	0.34	0	0	0.38
19800	0.38	0.33	0.33	0	0	0.38
19900	0.38	0.33	0.33	0	0	0.38
20000	0.38	0.34	0.34	0	0	0.38
20100	0.38	0.34	0.34	0	0	0.38
20200	0.38	0.34	0.34	0	0	0.38
20300	0.38	0.35	0.35	0	0	0.38
20400	0.38	0.35	0.35	0	0	0.38
20500	0.38	0.35	0.35	0	0	0.38
20600	0.39	0.34	0.34	0	0	0.39
20700	0.39	0.35	0.35	0	0	0.39
20800	0.39	0.35	0.35	0	0	0.39
20900	0.39	0.35	0.35	0	0	0.39
21000	0.41	0.35	0.35	0	0	0.41
21100	0.4	0.36	0.36	0	0	0.4
21200	0.39	0.35	0.35	0	0	0.39
21300	0.39	0.35	0.35	0	0	0.39
21400	0.39	0.35	0.35	0	0	0.39
21500	0.39	0.36	0.36	0	0	0.39
21600	0.39	0.35	0.35	0	0	0.39
21700	0.39	0.37	0.37	0	0	0.39
21800	0.39	0.36	0.36	0	0	0.39
21900	0.39	0.36	0.36	0	0	0.39
22000	0.4	0.37	0.37	0	0	0.4
22100	0.4	0.37	0.37	0	0	0.4
22200	0.4	0.37	0.37	0	0	0.4
22300	0.4	0.36	0.36	0	0	0.4
22400	0.4	0.36	0.36	0	0	0.4
22500	0.41	0.36	0.36	0	0	0.41
22600	0.41	0.36	0.36	0	0	0.41
22700	0.41	0.36	0.36	0	0	0.41
22800	0.39	0.36	0.36	0	0	0.39
22900	0.39	0.36	0.36	0	0	0.39
23000	0.39	0.36	0.36	0	0	0.39
23100	0.39	0.36	0.36	0	0	0.39
23200	0.39	0.36	0.36	0	0	0.39
23300	0.39	0.37	0.37	0	0	0.39
23400	0.39	0.37	0.37	0	0	0.39
23500	0.39	0.37	0.37	0	0	0.39
23600	0.39	0.38	0.38	0	0	0.39
23700	0.39	0.38	0.38	0	0	0.39
23800	0.4	0.38	0.38	0	0	0.4
23900	0.41	0.38	0.38	0	0	0.41
24000	0.4	0.38	0.38	0	0	0.4
24100	0.4	0.38	0.38	0	0	0.4
24200	0.4	0.38	0.38	0	0	0.4
24300	0.4	0.39	0.39	0	0	0.4
24400	0.4	0.39	0.39	0	0	0.4
24500	0.4	0.39	0.39	0	0	0.4
24600	0.4	0.39	0.39	0	0	0.4
24700	0.4	0.39	0.39	0	0	0.4
24800	0.4	0.39	0.39	0	0	0.4
24900	0.4	0.39	0.39	0	0	0.4
25000	0.41	0.39	0.39	0	0	0.41
25100	0.4	0.39	0.39	0	0	0.4
25200	0.4	0.39	0.39	0	0	0.4
25300	0.4	0.39	0.39	0	0	0.4
25400	0.4	0.39	0.39	0	0	0.4
25500	0.4	0.39	0.39	0	0	0.4
25600	0.4	0.39	0.39	0	0	0.4
25700	0.4	0.39	0.39	0	0	0.4
25800	0.4	0.39	0.39	0	0	0.4
25900	0.4	0.39	0.39	0	0	0.4
26000	0.41	0.39	0.39	0	0	0.41
26100	0.41	0.39	0.39	0	0	0.41
26200	0.41	0.4	0.4	0	0	0.41
26300	0.41	0.39	0.39	0	0	0.41
26400	0.41	0.39	0.39	0	0	0.41
26500	0.41	0.39	0.39	0	0	0.41
26600	0.41	0.39	0.39	0	0	0.41
26700	0.41	0.39	0.39	0	0	0.41
26800	0.41	0.39	0.39	0	0	0.41
26900	0.41	0.39	0.39	0	0	0.41
27000	0.41	0.38	0.38	0	0	0.41
27100	0.41	0.37	0.37	0	0	0.41
27200	0.41	0.37	0.37	0	0	0.41
27300	0.41	0.37	0.37	0	0	0.41
27400	0.42	0.37	0.37	0	0	0.42
27500	0.42	0.37	0.37	0	0	0.42
27600	0.43	0.37	0.37	0	0	0.43
27700	0.43	0.38	0.38	0	0	0.43
27800	0.43	0.38	0.38	0	0	0.43
27900	0.43	0.38	0.38	0	0	0.43
28000	0.43	0.39	0.39	0	0	0.43
28100	0.43	0.38	0.38	0	0	0.43
28200	0.43	0.38	0.38	0	0	0.43
28300	0.43	0.38	0.38	0	0	0.43
28400	0.43	0.38	0.38	0	0	0.43
28500	0.43	0.38	0.38	0	0	0.43
28600	0.43	0.38	0.38	0	0	0.43
28700	0.43	0.38	0.38	0	0	0.43
28800	0.43	0.38	0.38	0	0	0.43
28900	0.43	0.38	0.38	0	0	0.43
29000	0.44	0.38	0.38	0	0	0.44
29100	0.44	0.39	0.39	0	0	0.44
29200	0.44	0.39	0.39	0	0	0.44
29300	0.43	0.39	0.39	0	0	0.43
29400	0.41	0.39	0.39	0	0	0.41
29500	0.42	0.39	0.39	0	0	0.42
29600	0.41	0.39	0.39	0	0	0.41
29700	0.41	0.4	0.4	0	0	0.41
29800	0.41	0.4	0.4	0	0	0.41
29900	0.41	0.4	0.4	0	0	0.41
30000	0.41	0.39	0.39	0	0	0.41
30100	0.41	0.39	0.39	0	0	0.41
30200	0.41	0.39	0.39	0	0	0.41
30300	0.41	0.39	0.39	0	0	0.41
30400	0.42	0.39	0.39	0	0	0.42
30500	0.42	0.39	0.39	0	0	0.42
30600	0.42	0.4	0.4	0	0	0.42
30700	0.42	0.4	0.4	0	0	0.42
30800	0.42	0.39	0.39	0	0	0.42
30900	0.42	0.39	0.39	0	0	0.42
31000	0.42	0.4	0.4	0	0	0.42
31100	0.42	0.4	0.4	0	0	0.42
31200	0.42	0.4	0.4	0	0	0.42
31300	0.42	0.38	0.38	0	0	0.42
31400	0.42	0.38	0.38	0	0	0.42
31500	0.42	0.38	0.38	0	0	0.42
31600	0.42	0.38	0.38	0	0	0.42
31700	0.42	0.38	0.38	0	0	0.42
31800	0.41	0.39	0.39	0	0	0.41
31900	0.41	0.39	0.39	0	0	0.41
32000	0.41	0.39	0.39	0	0	0.41
32100	0.4	0.39	0.39	0	0	0.4
32200	0.4	0.39	0.39	0	0	0.4
32300	0.4	0.39	0.39	0	0	0.4
32400	0.4	0.39	0.39	0	0	0.4
32500	0.4	0.39	0.39	0	0	0.4
32600	0.4	0.39	0.39	0	0	0.4
32700	0.4	0.38	0.38	0	0	0.4
32800	0.41	0.38	0.38	0	0	0.41
32900	0.4	0.38	0.38	0	0	0.4
33000	0.4	0.38	0.38	0	0	0.4
33100	0.4	0.38	0.38	0	0	0.4
33200	0.4	0.38	0.38	0	0	0.4
33300	0.4	0.38	0.38	0	0	0.4
33400	0.41	0.38	0.38	0	0	0.41
33500	0.41	0.38	0.38	0	0	0.41
33600	0.4	0.38	0.38	0	0	0.4
33700	0.4	0.38	0.38	0	0	0.4
33800	0.4	0.38	0.38	0	0	0.4
33900	0.4	0.38	0.38	0	0	0.4
34000	0.4	0.38	0.38	0	0	0.4
34100	0.4	0.38	0.38	0	0	0.4
34200	0.4	0.38	0.38	0	0	0.4
34300	0.4	0.38	0.38	0	0	0.4
34400	0.4	0.38	0.38	0	0	0.4
34500	0.4	0.38	0.38	0	0	0.4
34600	0.4	0.39	0.39	0	0	0.4
34700	0.4	0.39	0.39	0	0	0.4
34800	0.4	0.39	0.39	0	0	0.4
34900	0.41	0.39	0.39	0	0	0.41
35000	0.4	0.39	0.39	0	0	0.4
35100	0.4	0.39	0.39	0	0	0.4
35200	0.4	0.39	0.39	0	0	0.4
35300	0.4	0.39	0.39	0	0	0.4
35400	0.4	0.39	0.39	0	0	0.4
35500	0.4	0.39	0.39	0	0	0.4
35600	0.4	0.39	0.39	0	0	0.4
35700	0.4	0.39	0.39	0	0	0.4
35800	0.41	0.39	0.39	0	0	0.41
35900	0.4	0.39	0.39	0	0	0.4
36000	0.4	0.39	0.39	0	0	0.4
36100	0.4	0.39	0.39	0	0	0.4
36200	0.4	0.39	0.39	0	0	0.4
36300	0.4	0.39	0.39	0	0	0.4
36400	0.4	0.39	0.39	0	0	0.4
36500	0.41	0.39	0.39	0	0	0.41
36600	0.41	0.39	0.39	0	0	0.41
36700	0.41	0.39	0.39	0	0	0.41
36800	0.43	0.39	0.39	0	0	0.43
36900	0.43	0.39	0.39	0	0	0.43
37000	0.43	0.39	0.39	0	0	0.43
37100	0.43	0.39	0.39	0	0	0.43
37200	0.43	0.4	0.4	0	0	0.43
37300	0.43	0.4	0.4	0	0	0.43
37400	0.43	0.39	0.39	0	0	0.43
37500	0.43	0.39	0.39	0	0	0.43
37600	0.44	0.39	0.39	0	0	0.44
37700	0.43	0.39	0.39	0	0	0.43
37800	0.43	0.39	0.39	0	0	0.43
37900	0.43	0.39	0.39	0	0	0.43
38000	0.43	0.39	0.39	0	0	0.43
38100	0.43	0.4	0.4	0	0	0.43
38200	0.43	0.4	0.4	0	0	0.43
38300	0.43	0.4	0.4	0	0	0.43
38400	0.44	0.4	0.4	0	0	0.44
38500	0.43	0.4	0.4	0	0	0.43
38600	0.44	0.4	0.4	0	0	0.44
38700	0.43	0.4	0.4	0	0	0.43
38800	0.42	0.4	0.4	0	0	0.42
38900	0.42	0.4	0.4	0	0	0.42
39000	0.42	0.4	0.4	0	0	0.42
39100	0.42	0.4	0.4	0	0	0.42
39200	0.42	0.4	0.4	0	0	0.42
39300	0.42	0.4	0.4	0	0	0.42
39400	0.42	0.4	0.4	0	0	0.42
39500	0.42	0.4	0.4	0	0	0.42
39600	0.42	0.4	0.4	0	0	0.42
39700	0.42	0.4	0.4	0	0	0.42
39800	0.42	0.4	0.4	0	0	0.42
39900	0.43	0.4	0.4	0	0	0.43
40000	0.42	0.4	0.4	0	0	0.42
40100	0.42	0.4	0.4	0	0	0.42
40200	0.41	0.4	0.4	0	0	0.41
40300	0.41	0.4	0.4	0	0	0.41
40400	0.41	0.4	0.4	0	0	0.41
40500	0.41	0.4	0.4	0	0	0.41
40600	0.41	0.4	0.4	0	0	0.41
40700	0.42	0.4	0.4	0	0	0.42
40800	0.41	0.4	0.4	0	0	0.41
40900	0.41	0.4	0.4	0	0	0.41
41000	0.41	0.41	0.41	0	0	0.41
41100	0.41	0.4	0.4	0	0	0.41
41200	0.41	0.4	0.4	0	0	0.41
41300	0.42	0.4	0.4	0	0	0.42
41400	0.41	0.4	0.4	0	0	0.41
41500	0.41	0.4	0.4	0	0	0.41
41600	0.41	0.39	0.39	0	0	0.41
41700	0.42	0.39	0.39	0	0	0.42
41800	0.39	0.39	0.39	0	0	0.39
41900	0.39	0.39	0.39	0	0	0.39
42000	0.39	0.39	0.39	0	0	0.39
42100	0.39	0.39	0.39	0	0	0.39
42200	0.39	0.39	0.39	0	0	0.39
42300	0.41	0.4	0.4	0	0	0.41
42400	0.41	0.4	0.4	0	0	0.41
42500	0.41	0.4	0.4	0	0	0.41
42600	0.4	0.4	0.4	0	0	0.4
42700	0.4	0.4	0.4	0	0	0.4
42800	0.4	0.41	0.41	0	0	0.4
42900	0.41	0.41	0.41	0	0	0.41
43000	0.41	0.41	0.41	0	0	0.41
43100	0.41	0.41	0.41	0	0	0.41
43200	0.4	0.41	0.41	0	0	0.4
43300	0.4	0.41	0.41	0	0	0.4
43400	0.4	0.41	0.41	0	0	0.4
43500	0.4	0.41	0.41	0	0	0.4
43600	0.41	0.41	0.41	0	0	0.41
43700	0.41	0.41	0.41	0	0	0.41
43800	0.41	0.41	0.41	0	0	0.41
43900	0.42	0.41	0.41	0	0	0.42
44000	0.42	0.42	0.42	0	0	0.42
44100	0.43	0.42	0.42	0	0	0.43
44200	0.43	0.42	0.42	0	0	0.43
44300	0.43	0.42	0.42	0	0	0.43
44400	0.43	0.43	0.43	0	0	0.43
44500	0.43	0.43	0.43	0	0	0.43
44600	0.43	0.43	0.43	0	0	0.43
44700	0.43	0.43	0.43	0	0	0.43
44800	0.43	0.43	0.43	0	0	0.43
44900	0.43	0.43	0.43	0	0	0.43
45000	0.42	0.43	0.43	0	0	0.42
45100	0.42	0.43	0.43	0	0	0.42
45200	0.42	0.43	0.43	0	0	0.42
45300	0.43	0.42	0.42	0	0	0.43
45400	0.44	0.42	0.42	0	0	0.44
45500	0.44	0.41	0.41	0	0	0.44
45600	0.44	0.41	0.41	0	0	0.44
45700	0.44	0.42	0.42	0	0	0.44
45800	0.44	0.41	0.41	0	0	0.44
45900	0.44	0.41	0.41	0	0	0.44
46000	0.44	0.42	0.42	0	0	0.44
46100	0.44	0.42	0.42	0	0	0.44
46200	0.44	0.42	0.42	0	0	0.44
46300	0.44	0.42	0.42	0	0	0.44
46400	0.44	0.42	0.42	0	0	0.44
46500	0.44	0.42	0.42	0	0	0.44
46600	0.44	0.42	0.42	0	0	0.44
46700	0.44	0.42	0.42	0	0	0.44
46800	0.44	0.42	0.42	0	0	0.44
46900	0.44	0.42	0.42	0	0	0.44
47000	0.44	0.43	0.43	0	0	0.44
47100	0.44	0.44	0.44	0	0	0.44
47200	0.44	0.43	0.43	0	0	0.44
47300	0.44	0.43	0.43	0	0	0.44
47400	0.44	0.43	0.43	0	0	0.44
47500	0.44	0.43	0.43	0	0	0.44
47600	0.44	0.43	0.43	0	0	0.44
47700	0.44	0.42	0.42	0	0	0.44
47800	0.44	0.42	0.42	0	0	0.44
47900	0.44	0.42	0.42	0	0	0.44
48000	0.44	0.42	0.42	0	0	0.44
48100	0.44	0.43	0.43	0	0	0.44
48200	0.44	0.43	0.43	0	0	0.44
48300	0.44	0.43	0.43	0	0	0.44
48400	0.44	0.43	0.43	0	0	0.44
48500	0.44	0.43	0.43	0	0	0.44
48600	0.44	0.43	0.43	0	0	0.44
48700	0.44	0.43	0.43	0	0	0.44
48800	0.44	0.43	0.43	0	0	0.44
48900	0.43	0.41	0.41	0	0	0.43
49000	0.42	0.4	0.4	0	0	0.42
49100	0.42	0.4	0.4	0	0	0.42
49200	0.42	0.4	0.4	0	0	0.42
49300	0.42	0.4	0.4	0	0	0.42
49400	0.42	0.4	0.4	0	0	0.42
49500	0.42	0.4	0.4	0	0	0.42
49600	0.42	0.4	0.4	0	0	0.42
49700	0.42	0.4	0.4	0	0	0.42
49800	0.42	0.4	0.4	0	0	0.42
49900	0.42	0.4	0.4	0	0	0.42
50000	0.42	0.4	0.4	0	0	0.42
50100	0.41	0.4	0.4	0	0	0.41
50200	0.41	0.41	0.41	0	0	0.41
50300	0.41	0.4	0.4	0	0	0.41
50400	0.41	0.4	0.4	0	0	0.41
50500	0.41	0.4	0.4	0	0	0.41
50600	0.41	0.4	0.4	0	0	0.41
50700	0.42	0.4	0.4	0	0	0.42
50800	0.41	0.4	0.4	0	0	0.41
50900	0.41	0.4	0.4	0	0	0.41
51000	0.41	0.4	0.4	0	0	0.41
51100	0.41	0.4	0.4	0	0	0.41
51200	0.41	0.4	0.4	0	0	0.41
51300	0.41	0.4	0.4	0	0	0.41
51400	0.41	0.4	0.4	0	0	0.41
51500	0.41	0.4	0.4	0	0	0.41
51600	0.41	0.4	0.4	0	0	0.41
51700	0.4	0.4	0.4	0	0	0.4
51800	0.4	0.4	0.4	0	0	0.4
51900	0.4	0.4	0.4	0	0	0.4
52000	0.4	0.4	0.4	0	0	0.4
52100	0.4	0.39	0.39	0	0	0.4
52200	0.4	0.39	0.39	0	0	0.4
52300	0.4	0.39	0.39	0	0	0.4
52400	0.4	0.39	0.39	0	0	0.4
52500	0.4	0.4	0.4	0	0	0.4
52600	0.4	0.4	0.4	0	0	0.4
52700	0.4	0.4	0.4	0	0	0.4
52800	0.4	0.39	0.39	0	0	0.4
52900	0.4	0.39	0.39	0	0	0.4
53000	0.4	0.39	0.39	0	0	0.4
53100	0.4	0.39	0.39	0	0	0.4
53200	0.4	0.39	0.39	0	0	0.4
53300	0.4	0.39	0.39	0	0	0.4
53400	0.4	0.39	0.39	0	0	0.4
53500	0.4	0.4	0.4	0	0	0.4
53600	0.4	0.4	0.4	0	0	0.4
53700	0.4	0.4	0.4	0	0	0.4
53800	0.4	0.39	0.39	0	0	0.4
53900	0.4	0.39	0.39	0	0	0.4
54000	0.4	0.39	0.39	0	0	0.4
54100	0.4	0.39	0.39	0	0	0.4
54200	0.39	0.39	0.39	0	0	0.39
54300	0.39	0.39	0.39	0	0	0.39
54400	0.39	0.39	0.39	0	0	0.39
54500	0.39	0.39	0.39	0	0	0.39
54600	0.39	0.39	0.39	0	0	0.39
54700	0.39	0.39	0.39	0	0	0.39
54800	0.4	0.39	0.39	0	0	0.4
54900	0.4	0.38	0.38	0	0	0.4
55000	0.4	0.37	0.37	0	0	0.4
55100	0.4	0.37	0.37	0	0	0.4
55200	0.4	0.37	0.37	0	0	0.4
55300	0.4	0.37	0.37	0	0	0.4
55400	0.4	0.37	0.37	0	0	0.4
55500	0.4	0.37	0.37	0	0	0.4
55600	0.41	0.38	0.38	0	0	0.41
55700	0.4	0.38	0.38	0	0	0.4
55800	0.4	0.37	0.37	0	0	0.4
55900	0.4	0.37	0.37	0	0	0.4
56000	0.4	0.38	0.38	0	0	0.4
56100	0.4	0.38	0.38	0	0	0.4
56200	0.4	0.38	0.38	0	0	0.4
56300	0.4	0.38	0.38	0	0	0.4
56400	0.4	0.38	0.38	0	0	0.4
56500	0.4	0.39	0.39	0	0	0.4
56600	0.4	0.39	0.39	0	0	0.4
56700	0.4	0.4	0.4	0	0	0.4
56800	0.4	0.4	0.4	0	0	0.4
56900	0.41	0.39	0.39	0	0	0.41
57000	0.41	0.39	0.39	0	0	0.41
57100	0.41	0.39	0.39	0	0	0.41
57200	0.42	0.39	0.39	0	0	0.42
57300	0.41	0.39	0.39	0	0	0.41
57400	0.41	0.39	0.39	0	0	0.41
57500	0.41	0.39	0.39	0	0	0.41
57600	0.41	0.39	0.39	0	0	0.41
57700	0.41	0.39	0.39	0	0	0.41
57800	0.41	0.39	0.39	0	0	0.41
57900	0.41	0.39	0.39	0	0	0.41
58000	0.42	0.39	0.39	0	0	0.42
58100	0.4	0.39	0.39	0	0	0.4
58200	0.39	0.39	0.39	0	0	0.39
58300	0.39	0.39	0.39	0	0	0.39
58400	0.39	0.39	0.39	0	0	0.39
58500	0.39	0.39	0.39	0	0	0.39
58600	0.39	0.39	0.39	0	0	0.39
58700	0.4	0.39	0.39	0	0	0.4
58800	0.41	0.39	0.39	0	0	0.41
58900	0.41	0.39	0.39	0	0	0.41
59000	0.41	0.4	0.4	0	0	0.41
59100	0.41	0.4	0.4	0	0	0.41
59200	0.41	0.4	0.4	0	0	0.41
59300	0.4	0.4	0.4	0	0	0.4
59400	0.41	0.4	0.4	0	0	0.41
59500	0.41	0.41	0.41	0	0	0.41
59600	0.4	0.4	0.4	0	0	0.4
59700	0.4	0.4	0.4	0	0	0.4
59800	0.39	0.4	0.4	0	0	0.39
59900	0.39	0.4	0.4	0	0	0.39
60000	0.39	0.41	0.41	0	0	0.39
60100	0.39	0.41	0.41	0	0	0.39
60200	0.4	0.41	0.41	0	0	0.4
60300	0.4	0.41	0.41	0	0	0.4
60400	0.4	0.41	0.41	0	0	0.4
60500	0.4	0.41	0.41	0	0	0.4
60600	0.39	0.41	0.41	0	0	0.39
60700	0.39	0.41	0.41	0	0	0.39
60800	0.39	0.4	0.4	0	0	0.39
60900	0.39	0.4	0.4	0	0	0.39
61000	0.39	0.4	0.4	0	0	0.39
61100	0.39	0.4	0.4	0	0	0.39
61200	0.39	0.4	0.4	0	0	0.39
61300	0.39	0.4	0.4	0	0	0.39
61400	0.39	0.4	0.4	0	0	0.39
61500	0.39	0.41	0.41	0	0	0.39
61600	0.39	0.41	0.41	0	0	0.39
61700	0.39	0.4	0.4	0	0	0.39
61800	0.39	0.4	0.4	0	0	0.39
61900	0.4	0.4	0.4	0	0	0.4
62000	0.39	0.4	0.4	0	0	0.39
62100	0.39	0.4	0.4	0	0	0.39
62200	0.39	0.4	0.4	0	0	0.39
62300	0.39	0.4	0.4	0	0	0.39
62400	0.39	0.4	0.4	0	0	0.39
62500	0.39	0.4	0.4	0	0	0.39
62600	0.39	0.4	0.4	0	0	0.39
62700	0.39	0.4	0.4	0	0	0.39
62800	0.39	0.4	0.4	0	0	0.39
62900	0.39	0.4	0.4	0	0	0.39
63000	0.39	0.4	0.4	0	0	0.39
63100	0.39	0.4	0.4	0	0	0.39
63200	0.39	0.4	0.4	0	0	0.39
63300	0.39	0.4	0.4	0	0	0.39
63400	0.39	0.4	0.4	0	0	0.39
63500	0.39	0.4	0.4	0	0	0.39
63600	0.39	0.4	0.4	0	0	0.39
63700	0.39	0.4	0.4	0	0	0.39
63800	0.39	0.4	0.4	0	0	0.39
63900	0.39	0.4	0.4	0	0	0.39
64000	0.39	0.41	0.41	0	0	0.39
64100	0.4	0.41	0.41	0	0	0.4
64200	0.39	0.4	0.4	0	0	0.39
64300	0.39	0.4	0.4	0	0	0.39
64400	0.39	0.4	0.4	0	0	0.39
64500	0.39	0.4	0.4	0	0	0.39
64600	0.39	0.41	0.41	0	0	0.39
64700	0.39	0.4	0.4	0	0	0.39
64800	0.39	0.39	0.39	0	0	0.39
64900	0.39	0.4	0.4	0	0	0.39
65000	0.39	0.4	0.4	0	0	0.39
65100	0.39	0.4	0.4	0	0	0.39
65200	0.39	0.41	0.41	0	0	0.39
65300	0.39	0.39	0.39	0	0	0.39
65400	0.39	0.4	0.4	0	0	0.39
65500	0.39	0.4	0.4	0	0	0.39
65600	0.4	0.4	0.4	0	0	0.4
65700	0.4	0.4	0.4	0	0	0.4
65800	0.4	0.4	0.4	0	0	0.4
65900	0.4	0.4	0.4	0	0	0.4
66000	0.4	0.41	0.41	0	0	0.4
66100	0.4	0.39	0.39	0	0	0.4
66200	0.4	0.39	0.39	0	0	0.4
66300	0.4	0.39	0.39	0	0	0.4
66400	0.4	0.38	0.38	0	0	0.4
66500	0.4	0.38	0.38	0	0	0.4
66600	0.4	0.38	0.38	0	0	0.4
66700	0.4	0.38	0.38	0	0	0.4
66800	0.4	0.38	0.38	0	0	0.4
66900	0.4	0.37	0.37	0	0	0.4
67000	0.4	0.37	0.37	0	0	0.4
67100	0.4	0.37	0.37	0	0	0.4
67200	0.4	0.37	0.37	0	0	0.4
67300	0.4	0.37	0.37	0	0	0.4
67400	0.4	0.38	0.38	0	0	0.4
67500	0.4	0.38	0.38	0	0	0.4
67600	0.4	0.38	0.38	0	0	0.4
67700	0.4	0.38	0.38	0	0	0.4
67800	0.4	0.38	0.38	0	0	0.4
67900	0.39	0.38	0.38	0	0	0.39
68000	0.39	0.38	0.38	0	0	0.39
68100	0.39	0.38	0.38	0	0	0.39
68200	0.39	0.38	0.38	0	0	0.39
68300	0.39	0.38	0.38	0	0	0.39
68400	0.39	0.38	0.38	0	0	0.39
68500	0.39	0.38	0.38	0	0	0.39
68600	0.39	0.38	0.38	0	0	0.39
68700	0.39	0.38	0.38	0	0	0.39
68800	0.39	0.37	0.37	0	0	0.39
68900	0.4	0.37	0.37	0	0	0.4
69000	0.4	0.37	0.37	0	0	0.4
69100	0.4	0.37	0.37	0	0	0.4
69200	0.4	0.37	0.37	0	0	0.4
69300	0.4	0.37	0.37	0	0	0.4
69400	0.4	0.37	0.37	0	0	0.4
69500	0.41	0.36	0.36	0	0	0.41
69600	0.4	0.37	0.37	0	0	0.4
69700	0.4	0.36	0.36	0	0	0.4
69800	0.4	0.36	0.36	0	0	0.4
69900	0.4	0.36	0.36	0	0	0.4
70000	0.4	0.36	0.36	0	0	0.4
70100	0.4	0.36	0.36	0	0	0.4
70200	0.4	0.36	0.36	0	0	0.4
70300	0.4	0.36	0.36	0	0	0.4
70400	0.4	0.36	0.36	0	0	0.4
70500	0.4	0.36	0.36	0	0	0.4
70600	0.4	0.36	0.36	0	0	0.4
70700	0.39	0.36	0.36	0	0	0.39
70800	0.39	0.37	0.37	0	0	0.39
70900	0.39	0.38	0.38	0	0	0.39
71000	0.39	0.37	0.37	0	0	0.39
71100	0.39	0.37	0.37	0	0	0.39
71200	0.39	0.37	0.37	0	0	0.39
71300	0.39	0.38	0.38	0	0	0.39
71400	0.39	0.38	0.38	0	0	0.39
71500	0.39	0.38	0.38	0	0	0.39
71600	0.39	0.38	0.38	0	0	0.39
71700	0.39	0.38	0.38	0	0	0.39
71800	0.4	0.39	0.39	0	0	0.4
71900	0.4	0.39	0.39	0	0	0.4
72000	0.41	0.38	0.38	0	0	0.41
72100	0.41	0.39	0.39	0	0	0.41
72200	0.41	0.39	0.39	0	0	0.41
72300	0.41	0.39	0.39	0	0	0.41
72400	0.41	0.39	0.39	0	0	0.41
72500	0.41	0.39	0.39	0	0	0.41
72600	0.41	0.4	0.4	0	0	0.41
72700	0.42	0.41	0.41	0	0	0.42
72800	0.42	0.4	0.4	0	0	0.42
72900	0.43	0.38	0.38	0	0	0.43
73000	0.43	0.36	0.36	0	0	0.43
73100	0.43	0.36	0.36	0	0	0.43
73200	0.43	0.37	0.37	0	0	0.43
73300	0.43	0.37	0.37	0	0	0.43
73400	0.43	0.37	0.37	0	0	0.43
73500	0.42	0.37	0.37	0	0	0.42
73600	0.42	0.37	0.37	0	0	0.42
73700	0.43	0.37	0.37	0	0	0.43
73800	0.43	0.38	0.38	0	0	0.43
73900	0.43	0.38	0.38	0	0	0.43
74000	0.44	0.38	0.38	0	0	0.44
74100	0.44	0.38	0.38	0	0	0.44
74200	0.44	0.38	0.38	0	0	0.44
74300	0.44	0.37	0.37	0	0	0.44
74400	0.43	0.37	0.37	0	0	0.43
74500	0.43	0.37	0.37	0	0	0.43
74600	0.41	0.37	0.37	0	0	0.41
74700	0.4	0.37	0.37	0	0	0.4
74800	0.4	0.37	0.37	0	0	0.4
74900	0.39	0.37	0.37	0	0	0.39
75000	0.39	0.37	0.37	0	0	0.39
75100	0.4	0.37	0.37	0	0	0.4
75200	0.4	0.37	0.37	0	0	0.4
75300	0.4	0.37	0.37	0	0	0.4
75400	0.4	0.37	0.37	0	0	0.4
75500	0.4	0.37	0.37	0	0	0.4
75600	0.4	0.37	0.37	0	0	0.4
75700	0.4	0.37	0.37	0	0	0.4
75800	0.41	0.37	0.37	0	0	0.41
75900	0.42	0.37	0.37	0	0	0.42
76000	0.41	0.37	0.37	0	0	0.41
76100	0.41	0.38	0.38	0	0	0.41
76200	0.41	0.38	0.38	0	0	0.41
76300	0.41	0.38	0.38	0	0	0.41
76400	0.4	0.38	0.38	0	0	0.4
76500	0.4	0.38	0.38	0	0	0.4
76600	0.4	0.39	0.39	0	0	0.4
76700	0.4	0.38	0.38	0	0	0.4
76800	0.4	0.38	0.38	0	0	0.4
76900	0.4	0.38	0.38	0	0	0.4
77000	0.4	0.38	0.38	0	0	0.4
77100	0.4	0.38	0.38	0	0	0.4
77200	0.4	0.38	0.38	0	0	0.4
77300	0.4	0.39	0.39	0	0	0.4
77400	0.4	0.39	0.39	0	0	0.4
77500	0.4	0.39	0.39	0	0	0.4
77600	0.4	0.39	0.39	0	0	0.4
77700	0.4	0.39	0.39	0	0	0.4
77800	0.4	0.39	0.39	0	0	0.4
77900	0.4	0.39	0.39	0	0	0.4
78000	0.4	0.39	0.39	0	0	0.4
78100	0.4	0.39	0.39	0	0	0.4
78200	0.4	0.39	0.39	0	0	0.4
78300	0.4	0.39	0.39	0	0	0.4
78400	0.4	0.38	0.38	0	0	0.4
78500	0.4	0.38	0.38	0	0	0.4
78600	0.4	0.38	0.38	0	0	0.4
78700	0.42	0.37	0.37	0	0	0.42
78800	0.42	0.37	0.37	0	0	0.42
78900	0.42	0.37	0.37	0	0	0.42
79000	0.41	0.37	0.37	0	0	0.41
79100	0.41	0.37	0.37	0	0	0.41
79200	0.41	0.37	0.37	0	0	0.41
79300	0.42	0.37	0.37	0	0	0.42
79400	0.42	0.37	0.37	0	0	0.42
79500	0.42	0.37	0.37	0	0	0.42
79600	0.42	0.37	0.37	0	0	0.42
79700	0.42	0.37	0.37	0	0	0.42
79800	0.42	0.37	0.37	0	0	0.42
79900	0.43	0.37	0.37	0	0	0.43
80000	0.43	0.37	0.37	0	0	0.43
80100	0.43	0.38	0.38	0	0	0.43
80200	0.43	0.38	0.38	0	0	0.43
80300	0.43	0.38	0.38	0	0	0.43
80400	0.43	0.38	0.38	0	0	0.43
80500	0.43	0.4	0.4	0	0	0.43
80600	0.43	0.4	0.4	0	0	0.43
80700	0.44	0.4	0.4	0	0	0.44
80800	0.44	0.4	0.4	0	0	0.44
80900	0.44	0.4	0.4	0	0	0.44
81000	0.44	0.4	0.4	0	0	0.44
81100	0.44	0.39	0.39	0	0	0.44
81200	0.44	0.39	0.39	0	0	0.44
81300	0.44	0.39	0.39	0	0	0.44
81400	0.44	0.38	0.38	0	0	0.44
81500	0.44	0.38	0.38	0	0	0.44
81600	0.44	0.38	0.38	0	0	0.44
81700	0.44	0.38	0.38	0	0	0.44
81800	0.44	0.38	0.38	0	0	0.44
81900	0.44	0.38	0.38	0	0	0.44
82000	0.44	0.38	0.38	0	0	0.44
82100	0.44	0.38	0.38	0	0	0.44
82200	0.44	0.38	0.38	0	0	0.44
82300	0.44	0.38	0.38	0	0	0.44
82400	0.44	0.38	0.38	0	0	0.44
82500	0.44	0.38	0.38	0	0	0.44
82600	0.45	0.38	0.38	0	0	0.45
82700	0.44	0.38	0.38	0	0	0.44
82800	0.44	0.38	0.38	0	0	0.44
82900	0.44	0.38	0.38	0	0	0.44
83000	0.44	0.38	0.38	0	0	0.44
83100	0.44	0.38	0.38	0	0	0.44
83200	0.44	0.38	0.38	0	0	0.44
83300	0.44	0.38	0.38	0	0	0.44
83400	0.45	0.38	0.38	0	0	0.45
83500	0.45	0.38	0.38	0	0	0.45
83600	0.45	0.38	0.38	0	0	0.45
83700	0.45	0.38	0.38	0	0	0.45
83800	0.45	0.39	0.39	0	0	0.45
83900	0.45	0.39	0.39	0	0	0.45
84000	0.45	0.39	0.39	0	0	0.45
84100	0.45	0.39	0.39	0	0	0.45
84200	0.45	0.39	0.39	0	0	0.45
84300	0.46	0.39	0.39	0	0	0.46
84400	0.46	0.39	0.39	0	0	0.46
84500	0.47	0.39	0.39	0	0	0.47
84600	0.48	0.39	0.39	0	0	0.48
84700	0.48	0.39	0.39	0	0	0.48
84800	0.47	0.39	0.39	0	0	0.47
84900	0.47	0.39	0.39	0	0	0.47
85000	0.47	0.39	0.39	0	0	0.47
85100	0.47	0.39	0.39	0	0	0.47
85200	0.46	0.39	0.39	0	0	0.46
85300	0.46	0.39	0.39	0	0	0.46
85400	0.46	0.39	0.39	0	0	0.46
85500	0.46	0.39	0.39	0	0	0.46
85600	0.47	0.4	0.4	0	0	0.47
85700	0.47	0.4	0.4	0	0	0.47
85800	0.47	0.4	0.4	0	0	0.47
85900	0.47	0.39	0.39	0	0	0.47
86000	0.45	0.39	0.39	0	0	0.45
86100	0.45	0.39	0.39	0	0	0.45
86200	0.45	0.4	0.4	0	0	0.45
86300	0.45	0.4	0.4	0	0	0.45
86400	0.45	0.4	0.4	0	0	0.45
86500	0.45	0.4	0.4	0	0	0.45
86600	0.45	0.4	0.4	0	0	0.45
86700	0.45	0.4	0.4	0	0	0.45
86800	0.45	0.4	0.4	0	0	0.45
86900	0.45	0.4	0.4	0	0	0.45
87000	0.45	0.4	0.4	0	0	0.45
87100	0.45	0.4	0.4	0	0	0.45
87200	0.45	0.4	0.4	0	0	0.45
87300	0.45	0.4	0.4	0	0	0.45
87400	0.45	0.4	0.4	0	0	0.45
87500	0.45	0.4	0.4	0	0	0.45
87600	0.45	0.41	0.41	0	0	0.45
87700	0.45	0.41	0.41	0	0	0.45
87800	0.45	0.41	0.41	0	0	0.45
87900	0.45	0.41	0.41	0	0	0.45
88000	0.45	0.4	0.4	0	0	0.45
88100	0.45	0.4	0.4	0	0	0.45
88200	0.45	0.4	0.4	0	0	0.45
88300	0.45	0.4	0.4	0	0	0.45
88400	0.45	0.4	0.4	0	0	0.45
88500	0.45	0.4	0.4	0	0	0.45
88600	0.45	0.4	0.4	0	0	0.45
88700	0.45	0.4	0.4	0	0	0.45
88800	0.45	0.4	0.4	0	0	0.45
88900	0.45	0.4	0.4	0	0	0.45
89000	0.45	0.4	0.4	0	0	0.45
89100	0.45	0.4	0.4	0	0	0.45
89200	0.45	0.4	0.4	0	0	0.45
89300	0.45	0.4	0.4	0	0	0.45
89400	0.45	0.4	0.4	0	0	0.45
89500	0.45	0.39	0.39	0	0	0.45
89600	0.45	0.39	0.39	0	0	0.45
89700	0.45	0.39	0.39	0	0	0.45
89800	0.45	0.39	0.39	0	0	0.45
89900	0.45	0.39	0.39	0	0	0.45
90000	0.45	0.39	0.39	0	0	0.45
90100	0.45	0.38	0.38	0	0	0.45
90200	0.45	0.38	0.38	0	0	0.45
90300	0.45	0.38	0.38	0	0	0.45
90400	0.45	0.38	0.38	0	0	0.45
90500	0.45	0.37	0.37	0	0	0.45
90600	0.45	0.37	0.37	0	0	0.45
90700	0.45	0.36	0.36	0	0	0.45
90800	0.45	0.36	0.36	0	0	0.45
90900	0.45	0.36	0.36	0	0	0.45
91000	0.45	0.36	0.36	0	0	0.45
91100	0.45	0.36	0.36	0	0	0.45
91200	0.45	0.37	0.37	0	0	0.45
91300	0.45	0.37	0.37	0	0	0.45
91400	0.45	0.37	0.37	0	0	0.45
91500	0.45	0.37	0.37	0	0	0.45
91600	0.45	0.37	0.37	0	0	0.45
91700	0.45	0.37	0.37	0	0	0.45
91800	0.45	0.37	0.37	0	0	0.45
91900	0.45	0.37	0.37	0	0	0.45
92000	0.45	0.37	0.37	0	0	0.45
92100	0.45	0.37	0.37	0	0	0.45
92200	0.45	0.37	0.37	0	0	0.45
92300	0.45	0.37	0.37	0	0	0.45
92400	0.45	0.37	0.37	0	0	0.45
92500	0.46	0.37	0.37	0	0	0.46
92600	0.46	0.37	0.37	0	0	0.46
92700	0.46	0.37	0.37	0	0	0.46
92800	0.46	0.37	0.37	0	0	0.46
92900	0.46	0.37	0.37	0	0	0.46
93000	0.46	0.37	0.37	0	0	0.46
93100	0.46	0.37	0.37	0	0	0.46
93200	0.46	0.37	0.37	0	0	0.46
93300	0.46	0.37	0.37	0	0	0.46
93400	0.46	0.37	0.37	0	0	0.46
93500	0.46	0.37	0.37	0	0	0.46
93600	0.46	0.37	0.37	0	0	0.46
93700	0.46	0.37	0.37	0	0	0.46
93800	0.46	0.37	0.37	0	0	0.46
93900	0.46	0.37	0.37	0	0	0.46
94000	0.46	0.37	0.37	0	0	0.46
94100	0.46	0.37	0.37	0	0	0.46
94200	0.46	0.37	0.37	0	0	0.46
94300	0.45	0.37	0.37	0	0	0.45
94400	0.46	0.38	0.38	0	0	0.46
94500	0.46	0.37	0.37	0	0	0.46
94600	0.46	0.37	0.37	0	0	0.46
94700	0.45	0.37	0.37	0	0	0.45
94800	0.45	0.37	0.37	0	0	0.45
94900	0.45	0.37	0.37	0	0	0.45
95000	0.45	0.37	0.37	0	0	0.45
95100	0.45	0.37	0.37	0	0	0.45
95200	0.45	0.37	0.37	0	0	0.45
95300	0.45	0.37	0.37	0	0	0.45
95400	0.45	0.37	0.37	0	0	0.45
95500	0.45	0.37	0.37	0	0	0.45
95600	0.45	0.37	0.37	0	0	0.45
95700	0.45	0.37	0.37	0	0	0.45
95800	0.45	0.37	0.37	0	0	0.45
95900	0.45	0.37	0.37	0	0	0.45
96000	0.45	0.37	0.37	0	0	0.45
96100	0.45	0.37	0.37	0	0	0.45
96200	0.45	0.37	0.37	0	0	0.45
96300	0.45	0.38	0.38	0	0	0.45
96400	0.45	0.37	0.37	0	0	0.45
96500	0.45	0.37	0.37	0	0	0.45
96600	0.45	0.37	0.37	0	0	0.45
96700	0.45	0.37	0.37	0	0	0.45
96800	0.46	0.37	0.37	0	0	0.46
96900	0.46	0.37	0.37	0	0	0.46
97000	0.45	0.37	0.37	0	0	0.45
97100	0.45	0.37	0.37	0	0	0.45
97200	0.45	0.38	0.38	0	0	0.45
97300	0.45	0.38	0.38	0	0	0.45
97400	0.45	0.37	0.37	0	0	0.45
97500	0.45	0.37	0.37	0	0	0.45
97600	0.46	0.37	0.37	0	0	0.46
97700	0.45	0.36	0.36	0	0	0.45
97800	0.45	0.36	0.36	0	0	0.45
97900	0.45	0.37	0.37	0	0	0.45
98000	0.44	0.37	0.37	0	0	0.44
98100	0.44	0.37	0.37	0	0	0.44
98200	0.44	0.37	0.37	0	0	0.44
98300	0.44	0.36	0.36	0	0	0.44
98400	0.44	0.35	0.35	0	0	0.44
98500	0.44	0.35	0.35	0	0	0.44
98600	0.44	0.35	0.35	0	0	0.44
98700	0.44	0.35	0.35	0	0	0.44
98800	0.44	0.35	0.35	0	0	0.44
98900	0.44	0.35	0.35	0	0	0.44
99000	0.44	0.36	0.36	0	0	0.44
99100	0.44	0.37	0.37	0	0	0.44
99200	0.44	0.37	0.37	0	0	0.44
99300	0.44	0.37	0.37	0	0	0.44
99400	0.44	0.37	0.37	0	0	0.44
99500	0.44	0.37	0.37	0	0	0.44
99600	0.44	0.37	0.37	0	0	0.44
99700	0.45	0.37	0.37	0	0	0.45
99800	0.44	0.37	0.37	0	0	0.44
99900	0.44	0.37	0.37	0	0	0.44
100000	0.44	0.37	0.37	0	0	0.44
100100	0.44	0.37	0.37	0	0	0.44
100200	0.44	0.37	0.37	0	0	0.44
100300	0.44	0.37	0.37	0	0	0.44
100400	0.44	0.37	0.37	0	0	0.44
100500	0.44	0.37	0.37	0	0	0.44
100600	0.44	0.37	0.37	0	0	0.44
100700	0.44	0.37	0.37	0	0	0.44
100800	0.44	0.37	0.37	0	0	0.44
100900	0.44	0.37	0.37	0	0	0.44
101000	0.44	0.37	0.37	0	0	0.44
101100	0.44	0.37	0.37	0	0	0.44
101200	0.43	0.38	0.38	0	0	0.43
101300	0.43	0.37	0.37	0	0	0.43
101400	0.43	0.37	0.37	0	0	0.43
101500	0.43	0.37	0.37	0	0	0.43
101600	0.43	0.37	0.37	0	0	0.43
101700	0.43	0.37	0.37	0	0	0.43
101800	0.43	0.37	0.37	0	0	0.43
101900	0.43	0.37	0.37	0	0	0.43
102000	0.43	0.37	0.37	0	0	0.43
102100	0.43	0.38	0.38	0	0	0.43
102200	0.43	0.38	0.38	0	0	0.43
102300	0.43	0.38	0.38	0	0	0.43
102400	0.43	0.38	0.38	0	0	0.43
102500	0.43	0.38	0.38	0	0	0.43
102600	0.43	0.38	0.38	0	0	0.43
102700	0.43	0.38	0.38	0	0	0.43
102800	0.43	0.38	0.38	0	0	0.43
102900	0.43	0.38	0.38	0	0	0.43
103000	0.43	0.38	0.38	0	0	0.43
103100	0.43	0.38	0.38	0	0	0.43
103200	0.43	0.38	0.38	0	0	0.43
103300	0.43	0.38	0.38	0	0	0.43
103400	0.43	0.38	0.38	0	0	0.43
103500	0.43	0.38	0.38	0	0	0.43
103600	0.43	0.38	0.38	0	0	0.43
103700	0.43	0.38	0.38	0	0	0.43
103800	0.43	0.38	0.38	0	0	0.43
103900	0.43	0.38	0.38	0	0	0.43
104000	0.43	0.38	0.38	0	0	0.43
104100	0.43	0.38	0.38	0	0	0.43
104200	0.44	0.38	0.38	0	0	0.44
104300	0.43	0.38	0.38	0	0	0.43
104400	0.43	0.38	0.38	0	0	0.43
104500	0.43	0.38	0.38	0	0	0.43
104600	0.43	0.39	0.39	0	0	0.43
104700	0.43	0.39	0.39	0	0	0.43
104800	0.43	0.39	0.39	0	0	0.43
104900	0.43	0.39	0.39	0	0	0.43
105000	0.43	0.39	0.39	0	0	0.43
105100	0.43	0.39	0.39	0	0	0.43
105200	0.43	0.39	0.39	0	0	0.43
105300	0.43	0.39	0.39	0	0	0.43
105400	0.43	0.39	0.39	0	0	0.43
105500	0.43	0.39	0.39	0	0	0.43
105600	0.43	0.39	0.39	0	0	0.43
105700	0.43	0.39	0.39	0	0	0.43
105800	0.43	0.39	0.39	0	0	0.43
105900	0.43	0.39	0.39	0	0	0.43
106000	0.43	0.4	0.4	0	0	0.43
106100	0.43	0.4	0.4	0	0	0.43
106200	0.43	0.39	0.39	0	0	0.43
106300	0.43	0.39	0.39	0	0	0.43
106400	0.43	0.39	0.39	0	0	0.43
106500	0.43	0.39	0.39	0	0	0.43
106600	0.43	0.39	0.39	0	0	0.43
106700	0.43	0.39	0.39	0	0	0.43
106800	0.43	0.4	0.4	0	0	0.43
106900	0.43	0.4	0.4	0	0	0.43
107000	0.43	0.39	0.39	0	0	0.43
107100	0.43	0.39	0.39	0	0	0.43
107200	0.43	0.4	0.4	0	0	0.43
107300	0.43	0.4	0.4	0	0	0.43
107400	0.43	0.4	0.4	0	0	0.43
107500	0.43	0.4	0.4	0	0	0.43
107600	0.43	0.4	0.4	0	0	0.43
107700	0.44	0.4	0.4	0	0	0.44
107800	0.44	0.4	0.4	0	0	0.44
107900	0.44	0.4	0.4	0	0	0.44
108000	0.44	0.4	0.4	0	0	0.44
108100	0.44	0.4	0.4	0	0	0.44
108200	0.44	0.39	0.39	0	0	0.44
108300	0.44	0.39	0.39	0	0	0.44
108400	0.44	0.38	0.38	0	0	0.44
108500	0.44	0.39	0.39	0	0	0.44
108600	0.44	0.39	0.39	0	0	0.44
108700	0.44	0.39	0.39	0	0	0.44
108800	0.44	0.39	0.39	0	0	0.44
108900	0.44	0.39	0.39	0	0	0.44
109000	0.44	0.39	0.39	0	0	0.44
109100	0.44	0.39	0.39	0	0	0.44
109200	0.44	0.39	0.39	0	0	0.44
109300	0.44	0.39	0.39	0	0	0.44
109400	0.44	0.39	0.39	0	0	0.44
109500	0.44	0.39	0.39	0	0	0.44
109600	0.44	0.39	0.39	0	0	0.44
109700	0.44	0.39	0.39	0	0	0.44
109800	0.44	0.4	0.4	0	0	0.44
109900	0.44	0.4	0.4	0	0	0.44
110000	0.44	0.4	0.4	0	0	0.44
110100	0.44	0.4	0.4	0	0	0.44
110200	0.44	0.39	0.39	0	0	0.44
110300	0.44	0.39	0.39	0	0	0.44
110400	0.44	0.4	0.4	0	0	0.44
110500	0.44	0.4	0.4	0	0	0.44
110600	0.44	0.4	0.4	0	0	0.44
110700	0.44	0.39	0.39	0	0	0.44
110800	0.44	0.39	0.39	0	0	0.44
110900	0.44	0.39	0.39	0	0	0.44
111000	0.44	0.39	0.39	0	0	0.44
111100	0.44	0.39	0.39	0	0	0.44
111200	0.44	0.39	0.39	0	0	0.44
111300	0.44	0.39	0.39	0	0	0.44
111400	0.44	0.39	0.39	0	0	0.44
111500	0.44	0.39	0.39	0	0	0.44
111600	0.44	0.39	0.39	0	0	0.44
111700	0.44	0.39	0.39	0	0	0.44
111800	0.44	0.39	0.39	0	0	0.44
111900	0.44	0.39	0.39	0	0	0.44
112000	0.44	0.39	0.39	0	0	0.44
112100	0.44	0.39	0.39	0	0	0.44
112200	0.44	0.39	0.39	0	0	0.44
112300	0.44	0.39	0.39	0	0	0.44
112400	0.44	0.39	0.39	0	0	0.44
112500	0.44	0.39	0.39	0	0	0.44
112600	0.44	0.39	0.39	0	0	0.44
112700	0.44	0.39	0.39	0	0	0.44
112800	0.44	0.4	0.4	0	0	0.44
112900	0.44	0.39	0.39	0	0	0.44
113000	0.44	0.39	0.39	0	0	0.44
113100	0.44	0.39	0.39	0	0	0.44
113200	0.44	0.39	0.39	0	0	0.44
113300	0.44	0.39	0.39	0	0	0.44
113400	0.44	0.39	0.39	0	0	0.44
113500	0.44	0.39	0.39	0	0	0.44
113600	0.44	0.38	0.38	0	0	0.44
113700	0.44	0.39	0.39	0	0	0.44
113800	0.44	0.39	0.39	0	0	0.44
113900	0.44	0.39	0.39	0	0	0.44
114000	0.44	0.39	0.39	0	0	0.44
114100	0.45	0.39	0.39	0	0	0.45
114200	0.45	0.39	0.39	0	0	0.45
114300	0.45	0.39	0.39	0	0	0.45
114400	0.45	0.39	0.39	0	0	0.45
114500	0.45	0.39	0.39	0	0	0.45
114600	0.45	0.39	0.39	0	0	0.45
114700	0.45	0.39	0.39	0	0	0.45
114800	0.45	0.39	0.39	0	0	0.45
114900	0.45	0.39	0.39	0	0	0.45
115000	0.45	0.39	0.39	0	0	0.45
115100	0.45	0.39	0.39	0	0	0.45
115200	0.45	0.39	0.39	0	0	0.45
115300	0.45	0.39	0.39	0	0	0.45
115400	0.45	0.39	0.39	0	0	0.45
115500	0.45	0.39	0.39	0	0	0.45
115600	0.45	0.39	0.39	0	0	0.45
115700	0.45	0.39	0.39	0	0	0.45
115800	0.45	0.4	0.4	0	0	0.45
115900	0.45	0.4	0.4	0	0	0.45
116000	0.45	0.4	0.4	0	0	0.45
116100	0.45	0.39	0.39	0	0	0.45
116200	0.46	0.4	0.4	0	0	0.46
116300	0.46	0.4	0.4	0	0	0.46
116400	0.46	0.41	0.41	0	0	0.46
116500	0.46	0.41	0.41	0	0	0.46
116600	0.46	0.41	0.41	0	0	0.46
116700	0.46	0.4	0.4	0	0	0.46
116800	0.46	0.4	0.4	0	0	0.46
116900	0.46	0.4	0.4	0	0	0.46
117000	0.46	0.4	0.4	0	0	0.46
117100	0.46	0.4	0.4	0	0	0.46
117200	0.46	0.39	0.39	0	0	0.46
117300	0.46	0.39	0.39	0	0	0.46
117400	0.46	0.4	0.4	0	0	0.46
117500	0.46	0.4	0.4	0	0	0.46
117600	0.46	0.4	0.4	0	0	0.46
117700	0.46	0.4	0.4	0	0	0.46
117800	0.46	0.4	0.4	0	0	0.46
117900	0.46	0.39	0.39	0	0	0.46
118000	0.46	0.39	0.39	0	0	0.46
118100	0.46	0.39	0.39	0	0	0.46
118200	0.46	0.39	0.39	0	0	0.46
118300	0.46	0.39	0.39	0	0	0.46
118400	0.46	0.39	0.39	0	0	0.46
118500	0.46	0.39	0.39	0	0	0.46
118600	0.46	0.39	0.39	0	0	0.46
118700	0.46	0.39	0.39	0	0	0.46
118800	0.46	0.39	0.39	0	0	0.46
118900	0.46	0.39	0.39	0	0	0.46
119000	0.46	0.39	0.39	0	0	0.46
119100	0.46	0.39	0.39	0	0	0.46
119200	0.46	0.39	0.39	0	0	0.46
119300	0.46	0.39	0.39	0	0	0.46
119400	0.46	0.39	0.39	0	0	0.46
119500	0.46	0.39	0.39	0	0	0.46
119600	0.46	0.39	0.39	0	0	0.46
119700	0.46	0.39	0.39	0	0	0.46
119800	0.46	0.39	0.39	0	0	0.46
119900	0.46	0.39	0.39	0	0	0.46
120000	0.46	0.39	0.39	0	0	0.46
120100	0.46	0.39	0.39	0	0	0.46
120200	0.46	0.39	0.39	0	0	0.46
120300	0.46	0.39	0.39	0	0	0.46
120400	0.46	0.39	0.39	0	0	0.46
120500	0.46	0.39	0.39	0	0	0.46
120600	0.46	0.39	0.39	0	0	0.46
120700	0.46	0.39	0.39	0	0	0.46
120800	0.46	0.39	0.39	0	0	0.46
120900	0.46	0.4	0.4	0	0	0.46
121000	0.46	0.4	0.4	0	0	0.46
121100	0.46	0.4	0.4	0	0	0.46
121200	0.46	0.4	0.4	0	0	0.46
121300	0.46	0.41	0.41	0	0	0.46
121400	0.46	0.4	0.4	0	0	0.46
121500	0.46	0.4	0.4	0	0	0.46
121600	0.46	0.4	0.4	0	0	0.46
121700	0.46	0.4	0.4	0	0	0.46
121800	0.46	0.4	0.4	0	0	0.46
121900	0.46	0.39	0.39	0	0	0.46
122000	0.46	0.39	0.39	0	0	0.46
122100	0.46	0.39	0.39	0	0	0.46
122200	0.46	0.39	0.39	0	0	0.46
122300	0.46	0.39	0.39	0	0	0.46
122400	0.46	0.39	0.39	0	0	0.46
122500	0.46	0.4	0.4	0	0	0.46
122600	0.46	0.4	0.4	0	0	0.46
122700	0.46	0.4	0.4	0	0	0.46
122800	0.46	0.4	0.4	0	0	0.46
122900	0.46	0.4	0.4	0	0	0.46
123000	0.46	0.4	0.4	0	0	0.46
123100	0.46	0.41	0.41	0	0	0.46
123200	0.46	0.4	0.4	0	0	0.46
123300	0.46	0.4	0.4	0	0	0.46
123400	0.46	0.4	0.4	0	0	0.46
123500	0.46	0.4	0.4	0	0	0.46
123600	0.46	0.4	0.4	0	0	0.46
123700	0.46	0.4	0.4	0	0	0.46
123800	0.46	0.4	0.4	0	0	0.46
123900	0.46	0.4	0.4	0	0	0.46
124000	0.47	0.4	0.4	0	0	0.47
124100	0.46	0.4	0.4	0	0	0.46
124200	0.46	0.4	0.4	0	0	0.46
124300	0.46	0.4	0.4	0	0	0.46
124400	0.46	0.41	0.41	0	0	0.46
124500	0.46	0.4	0.4	0	0	0.46
124600	0.46	0.4	0.4	0	0	0.46
124700	0.46	0.4	0.4	0	0	0.46
124800	0.46	0.4	0.4	0	0	0.46
124900	0.46	0.4	0.4	0	0	0.46
125000	0.46	0.4	0.4	0	0	0.46
125100	0.46	0.4	0.4	0	0	0.46
125200	0.46	0.4	0.4	0	0	0.46
125300	0.46	0.4	0.4	0	0	0.46
125400	0.46	0.4	0.4	0	0	0.46
125500	0.46	0.4	0.4	0	0	0.46
125600	0.46	0.4	0.4	0	0	0.46
125700	0.47	0.4	0.4	0	0	0.47
125800	0.47	0.4	0.4	0	0	0.47
125900	0.48	0.4	0.4	0	0	0.48
126000	0.48	0.4	0.4	0	0	0.48
126100	0.48	0.4	0.4	0	0	0.48
126200	0.48	0.39	0.39	0	0	0.48
126300	0.48	0.39	0.39	0	0	0.48
126400	0.47	0.39	0.39	0	0	0.47
126500	0.47	0.39	0.39	0	0	0.47
126600	0.47	0.39	0.39	0	0	0.47
126700	0.47	0.39	0.39	0	0	0.47
126800	0.47	0.39	0.39	0	0	0.47
126900	0.48	0.39	0.39	0	0	0.48
127000	0.47	0.39	0.39	0	0	0.47
127100	0.47	0.39	0.39	0	0	0.47
127200	0.47	0.39	0.39	0	0	0.47
127300	0.47	0.39	0.39	0	0	0.47
127400	0.47	0.39	0.39	0	0	0.47
127500	0.47	0.39	0.39	0	0	0.47
127600	0.47	0.39	0.39	0	0	0.47
127700	0.47	0.39	0.39	0	0	0.47
127800	0.47	0.39	0.39	0	0	0.47
127900	0.47	0.39	0.39	0	0	0.47
128000	0.47	0.39	0.39	0	0	0.47
128100	0.47	0.39	0.39	0	0	0.47
128200	0.47	0.39	0.39	0	0	0.47
128300	0.47	0.39	0.39	0	0	0.47
128400	0.47	0.39	0.39	0	0	0.47
128500	0.47	0.39	0.39	0	0	0.47
128600	0.47	0.39	0.39	0	0	0.47
128700	0.47	0.39	0.39	0	0	0.47
128800	0.47	0.39	0.39	0	0	0.47
128900	0.47	0.39	0.39	0	0	0.47
129000	0.47	0.39	0.39	0	0	0.47
129100	0.47	0.39	0.39	0	0	0.47
129200	0.47	0.39	0.39	0	0	0.47
129300	0.47	0.4	0.4	0	0	0.47
129400	0.47	0.4	0.4	0	0	0.47
129500	0.48	0.41	0.41	0	0	0.48
129600	0.47	0.4	0.4	0	0	0.47
129700	0.47	0.4	0.4	0	0	0.47
129800	0.47	0.39	0.39	0	0	0.47
129900	0.48	0.39	0.39	0	0	0.48
130000	0.47	0.4	0.4	0	0	0.47
130100	0.47	0.4	0.4	0	0	0.47
130200	0.47	0.4	0.4	0	0	0.47
130300	0.47	0.4	0.4	0	0	0.47
130400	0.47	0.4	0.4	0	0	0.47
130500	0.47	0.4	0.4	0	0	0.47
130600	0.46	0.4	0.4	0	0	0.46
130700	0.45	0.4	0.4	0	0	0.45
130800	0.45	0.4	0.4	0	0	0.45
130900	0.44	0.4	0.4	0	0	0.44
131000	0.44	0.4	0.4	0	0	0.44
131100	0.44	0.4	0.4	0	0	0.44
131200	0.44	0.4	0.4	0	0	0.44
131300	0.44	0.4	0.4	0	0	0.44
131400	0.44	0.4	0.4	0	0	0.44
131500	0.44	0.4	0.4	0	0	0.44
131600	0.44	0.4	0.4	0	0	0.44
131700	0.44	0.4	0.4	0	0	0.44
131800	0.44	0.4	0.4	0	0	0.44
131900	0.44	0.41	0.41	0	0	0.44
132000	0.44	0.41	0.41	0	0	0.44
132100	0.44	0.41	0.41	0	0	0.44
132200	0.44	0.41	0.41	0	0	0.44
132300	0.44	0.41	0.41	0	0	0.44
132400	0.44	0.41	0.41	0	0	0.44
132500	0.44	0.41	0.41	0	0	0.44
132600	0.44	0.41	0.41	0	0	0.44
132700	0.44	0.41	0.41	0	0	0.44
132800	0.44	0.41	0.41	0	0	0.44
132900	0.44	0.41	0.41	0	0	0.44
133000	0.44	0.41	0.41	0	0	0.44
133100	0.44	0.41	0.41	0	0	0.44
133200	0.44	0.41	0.41	0	0	0.44
133300	0.44	0.41	0.41	0	0	0.44
133400	0.44	0.41	0.41	0	0	0.44
133500	0.44	0.41	0.41	0	0	0.44
133600	0.44	0.41	0.41	0	0	0.44
133700	0.44	0.41	0.41	0	0	0.44
133800	0.44	0.42	0.42	0	0	0.44
133900	0.44	0.42	0.42	0	0	0.44
134000	0.44	0.42	0.42	0	0	0.44
134100	0.44	0.42	0.42	0	0	0.44
134200	0.44	0.42	0.42	0	0	0.44
134300	0.44	0.42	0.42	0	0	0.44
134400	0.44	0.42	0.42	0	0	0.44
134500	0.44	0.42	0.42	0	0	0.44
134600	0.44	0.42	0.42	0	0	0.44
134700	0.44	0.42	0.42	0	0	0.44
134800	0.44	0.42	0.42	0	0	0.44
134900	0.44	0.42	0.42	0	0	0.44
135000	0.44	0.42	0.42	0	0	0.44
135100	0.44	0.42	0.42	0	0	0.44
135200	0.44	0.42	0.42	0	0	0.44
135300	0.44	0.42	0.42	0	0	0.44
135400	0.44	0.42	0.42	0	0	0.44
135500	0.44	0.43	0.43	0	0	0.44
135600	0.44	0.42	0.42	0	0	0.44
135700	0.44	0.42	0.42	0	0	0.44
135800	0.44	0.42	0.42	0	0	0.44
135900	0.44	0.42	0.42	0	0	0.44
136000	0.43	0.42	0.42	0	0	0.43
136100	0.43	0.42	0.42	0	0	0.43
136200	0.43	0.42	0.42	0	0	0.43
136300	0.44	0.42	0.42	0	0	0.44
136400	0.44	0.42	0.42	0	0	0.44
136500	0.44	0.42	0.42	0	0	0.44
136600	0.44	0.42	0.42	0	0	0.44
136700	0.44	0.42	0.42	0	0	0.44
136800	0.44	0.42	0.42	0	0	0.44
136900	0.44	0.42	0.42	0	0	0.44
137000	0.44	0.43	0.43	0	0	0.44
137100	0.44	0.43	0.43	0	0	0.44
137200	0.44	0.42	0.42	0	0	0.44
137300	0.44	0.42	0.42	0	0	0.44
137400	0.44	0.42	0.42	0	0	0.44
137500	0.44	0.42	0.42	0	0	0.44
137600	0.44	0.42	0.42	0	0	0.44
137700	0.44	0.42	0.42	0	0	0.44
137800	0.44	0.42	0.42	0	0	0.44
137900	0.44	0.42	0.42	0	0	0.44
138000	0.44	0.41	0.41	0	0	0.44
138100	0.44	0.41	0.41	0	0	0.44
138200	0.43	0.41	0.41	0	0	0.43
138300	0.43	0.42	0.42	0	0	0.43
138400	0.43	0.42	0.42	0	0	0.43
138500	0.43	0.42	0.42	0	0	0.43
138600	0.43	0.42	0.42	0	0	0.43
138700	0.43	0.42	0.42	0	0	0.43
138800	0.43	0.42	0.42	0	0	0.43
138900	0.43	0.42	0.42	0	0	0.43
139000	0.43	0.42	0.42	0	0	0.43
139100	0.43	0.42	0.42	0	0	0.43
139200	0.43	0.42	0.42	0	0	0.43
139300	0.43	0.42	0.42	0	0	0.43
139400	0.42	0.42	0.42	0	0	0.42
139500	0.42	0.42	0.42	0	0	0.42
139600	0.42	0.42	0.42	0	0	0.42
139700	0.42	0.42	0.42	0	0	0.42
139800	0.42	0.42	0.42	0	0	0.42
139900	0.42	0.42	0.42	0	0	0.42
140000	0.42	0.42	0.42	0	0	0.42
140100	0.42	0.42	0.42	0	0	0.42
140200	0.42	0.43	0.43	0	0	0.42
140300	0.42	0.43	0.43	0	0	0.42
140400	0.42	0.43	0.43	0	0	0.42
140500	0.42	0.43	0.43	0	0	0.42
140600	0.42	0.42	0.42	0	0	0.42
140700	0.42	0.42	0.42	0	0	0.42
140800	0.42	0.42	0.42	0	0	0.42
140900	0.42	0.42	0.42	0	0	0.42
141000	0.42	0.42	0.42	0	0	0.42
141100	0.43	0.42	0.42	0	0	0.43
141200	0.43	0.42	0.42	0	0	0.43
141300	0.43	0.42	0.42	0	0	0.43
141400	0.41	0.42	0.42	0	0	0.41
141500	0.41	0.42	0.42	0	0	0.41
141600	0.41	0.42	0.42	0	0	0.41
141700	0.41	0.42	0.42	0	0	0.41
141800	0.41	0.42	0.42	0	0	0.41
141900	0.41	0.43	0.43	0	0	0.41
142000	0.41	0.42	0.42	0	0	0.41
142100	0.41	0.42	0.42	0	0	0.41
142200	0.41	0.42	0.42	0	0	0.41
142300	0.41	0.42	0.42	0	0	0.41
142400	0.41	0.42	0.42	0	0	0.41
142500	0.41	0.42	0.42	0	0	0.41
142600	0.41	0.42	0.42	0	0	0.41
142700	0.41	0.42	0.42	0	0	0.41
142800	0.41	0.42	0.42	0	0	0.41
142900	0.41	0.42	0.42	0	0	0.41
143000	0.41	0.42	0.42	0	0	0.41
143100	0.42	0.42	0.42	0	0	0.42
143200	0.41	0.42	0.42	0	0	0.41
143300	0.41	0.42	0.42	0	0	0.41
143400	0.41	0.42	0.42	0	0	0.41
143500	0.41	0.42	0.42	0	0	0.41
143600	0.41	0.42	0.42	0	0	0.41
143700	0.41	0.41	0.41	0	0	0.41
143800	0.42	0.41	0.41	0	0	0.42
143900	0.42	0.41	0.41	0	0	0.42
144000	0.42	0.41	0.41	0	0	0.42
144100	0.42	0.41	0.41	0	0	0.42
144200	0.42	0.4	0.4	0	0	0.42
144300	0.42	0.4	0.4	0	0	0.42
144400	0.42	0.4	0.4	0	0	0.42
144500	0.42	0.4	0.4	0	0	0.42
144600	0.42	0.4	0.4	0	0	0.42
144700	0.42	0.4	0.4	0	0	0.42
144800	0.42	0.4	0.4	0	0	0.42
144900	0.42	0.4	0.4	0	0	0.42
145000	0.42	0.4	0.4	0	0	0.42
145100	0.42	0.4	0.4	0	0	0.42
145200	0.42	0.4	0.4	0	0	0.42
145300	0.42	0.4	0.4	0	0	0.42
145400	0.42	0.4	0.4	0	0	0.42
145500	0.42	0.4	0.4	0	0	0.42
145600	0.42	0.4	0.4	0	0	0.42
145700	0.42	0.4	0.4	0	0	0.42
145800	0.43	0.4	0.4	0	0	0.43
145900	0.42	0.4	0.4	0	0	0.42
146000	0.42	0.4	0.4	0	0	0.42
146100	0.42	0.4	0.4	0	0	0.42
146200	0.42	0.4	0.4	0	0	0.42
146300	0.43	0.4	0.4	0	0	0.43
146400	0.43	0.4	0.4	0	0	0.43
146500	0.42	0.4	0.4	0	0	0.42
146600	0.42	0.4	0.4	0	0	0.42
146700	0.43	0.4	0.4	0	0	0.43
146800	0.42	0.4	0.4	0	0	0.42
146900	0.42	0.4	0.4	0	0	0.42
147000	0.42	0.4	0.4	0	0	0.42
147100	0.42	0.4	0.4	0	0	0.42
147200	0.42	0.4	0.4	0	0	0.42
147300	0.42	0.4	0.4	0	0	0.42
147400	0.42	0.4	0.4	0	0	0.42
147500	0.42	0.4	0.4	0	0	0.42
147600	0.42	0.4	0.4	0	0	0.42
147700	0.42	0.41	0.41	0	0	0.42
147800	0.42	0.41	0.41	0	0	0.42
147900	0.43	0.4	0.4	0	0	0.43
148000	0.43	0.4	0.4	0	0	0.43
148100	0.43	0.4	0.4	0	0	0.43
148200	0.43	0.4	0.4	0	0	0.43
148300	0.43	0.4	0.4	0	0	0.43
148400	0.43	0.4	0.4	0	0	0.43
148500	0.43	0.4	0.4	0	0	0.43
148600	0.43	0.4	0.4	0	0	0.43
148700	0.43	0.4	0.4	0	0	0.43
148800	0.43	0.4	0.4	0	0	0.43
148900	0.43	0.4	0.4	0	0	0.43
149000	0.43	0.4	0.4	0	0	0.43
149100	0.43	0.4	0.4	0	0	0.43
149200	0.43	0.4	0.4	0	0	0.43
149300	0.43	0.4	0.4	0	0	0.43
149400	0.43	0.41	0.41	0	0	0.43
149500	0.43	0.41	0.41	0	0	0.43
149600	0.43	0.41	0.41	0	0	0.43
149700	0.43	0.41	0.41	0	0	0.43
149800	0.43	0.41	0.41	0	0	0.43
149900	0.43	0.41	0.41	0	0	0.43
150000	0.43	0.41	0.41	0	0	0.43
150100	0.43	0.41	0.41	0	0	0.43
150200	0.43	0.41	0.41	0	0	0.43
150300	0.43	0.41	0.41	0	0	0.43
150400	0.43	0.42	0.42	0	0	0.43
150500	0.43	0.41	0.41	0	0	0.43
150600	0.44	0.41	0.41	0	0	0.44
150700	0.44	0.41	0.41	0	0	0.44
150800	0.44	0.41	0.41	0	0	0.44
150900	0.44	0.41	0.41	0	0	0.44
151000	0.44	0.41	0.41	0	0	0.44
151100	0.44	0.41	0.41	0	0	0.44
151200	0.44	0.42	0.42	0	0	0.44
151300	0.44	0.42	0.42	0	0	0.44
151400	0.44	0.42	0.42	0	0	0.44
151500	0.44	0.42	0.42	0	0	0.44
151600	0.44	0.42	0.42	0	0	0.44
151700	0.44	0.43	0.43	0	0	0.44
151800	0.44	0.43	0.43	0	0	0.44
151900	0.44	0.43	0.43	0	0	0.44
152000	0.44	0.43	0.43	0	0	0.44
152100	0.44	0.43	0.43	0	0	0.44
152200	0.44	0.43	0.43	0	0	0.44
152300	0.44	0.43	0.43	0	0	0.44
152400	0.44	0.43	0.43	0	0	0.44
152500	0.44	0.43	0.43	0	0	0.44
152600	0.44	0.43	0.43	0	0	0.44
152700	0.44	0.43	0.43	0	0	0.44
152800	0.44	0.43	0.43	0	0	0.44
152900	0.44	0.43	0.43	0	0	0.44
153000	0.44	0.43	0.43	0	0	0.44
153100	0.44	0.43	0.43	0	0	0.44
153200	0.44	0.43	0.43	0	0	0.44
153300	0.44	0.43	0.43	0	0	0.44
153400	0.44	0.43	0.43	0	0	0.44
153500	0.44	0.43	0.43	0	0	0.44
153600	0.44	0.43	0.43	0	0	0.44
153700	0.44	0.43	0.43	0	0	0.44
153800	0.44	0.43	0.43	0	0	0.44
153900	0.44	0.43	0.43	0	0	0.44
154000	0.44	0.43	0.43	0	0	0.44
154100	0.44	0.42	0.42	0	0	0.44
154200	0.44	0.42	0.42	0	0	0.44
154300	0.44	0.42	0.42	0	0	0.44
154400	0.44	0.42	0.42	0	0	0.44
154500	0.44	0.42	0.42	0	0	0.44
154600	0.44	0.42	0.42	0	0	0.44
154700	0.44	0.42	0.42	0	0	0.44
154800	0.44	0.42	0.42	0	0	0.44
154900	0.44	0.42	0.42	0	0	0.44
155000	0.44	0.43	0.43	0	0	0.44
155100	0.44	0.43	0.43	0	0	0.44
155200	0.44	0.43	0.43	0	0	0.44
155300	0.44	0.42	0.42	0	0	0.44
155400	0.44	0.42	0.42	0	0	0.44
155500	0.44	0.42	0.42	0	0	0.44
155600	0.44	0.42	0.42	0	0	0.44
155700	0.44	0.42	0.42	0	0	0.44
155800	0.44	0.43	0.43	0	0	0.44
155900	0.44	0.42	0.42	0	0	0.44
156000	0.44	0.42	0.42	0	0	0.44
156100	0.44	0.42	0.42	0	0	0.44
156200	0.44	0.42	0.42	0	0	0.44
156300	0.44	0.42	0.42	0	0	0.44
156400	0.44	0.43	0.43	0	0	0.44
156500	0.44	0.42	0.42	0	0	0.44
156600	0.44	0.42	0.42	0	0	0.44
156700	0.44	0.42	0.42	0	0	0.44
156800	0.44	0.42	0.42	0	0	0.44
156900	0.44	0.42	0.42	0	0	0.44
157000	0.44	0.42	0.42	0	0	0.44
157100	0.44	0.41	0.41	0	0	0.44
157200	0.44	0.41	0.41	0	0	0.44
157300	0.44	0.41	0.41	0	0	0.44
157400	0.44	0.41	0.41	0	0	0.44
157500	0.44	0.41	0.41	0	0	0.44
157600	0.44	0.41	0.41	0	0	0.44
157700	0.44	0.41	0.41	0	0	0.44
157800	0.44	0.41	0.41	0	0	0.44
157900	0.44	0.41	0.41	0	0	0.44
158000	0.44	0.41	0.41	0	0	0.44
158100	0.44	0.41	0.41	0	0	0.44
158200	0.44	0.41	0.41	0	0	0.44
158300	0.44	0.41	0.41	0	0	0.44
158400	0.44	0.41	0.41	0	0	0.44
158500	0.44	0.41	0.41	0	0	0.44
158600	0.44	0.41	0.41	0	0	0.44
158700	0.44	0.41	0.41	0	0	0.44
158800	0.44	0.42	0.42	0	0	0.44
158900	0.44	0.41	0.41	0	0	0.44
159000	0.44	0.41	0.41	0	0	0.44
159100	0.44	0.41	0.41	0	0	0.44
159200	0.44	0.41	0.41	0	0	0.44
159300	0.44	0.41	0.41	0	0	0.44
159400	0.43	0.41	0.41	0	0	0.43
159500	0.43	0.41	0.41	0	0	0.43
159600	0.43	0.41	0.41	0	0	0.43
159700	0.43	0.41	0.41	0	0	0.43
159800	0.43	0.41	0.41	0	0	0.43
159900	0.43	0.42	0.42	0	0	0.43
160000	0.43	0.42	0.42	0	0	0.43
160100	0.43	0.42	0.42	0	0	0.43
160200	0.43	0.42	0.42	0	0	0.43
160300	0.43	0.42	0.42	0	0	0.43
160400	0.43	0.42	0.42	0	0	0.43
160500	0.42	0.42	0.42	0	0	0.42
160600	0.42	0.42	0.42	0	0	0.42
160700	0.42	0.42	0.42	0	0	0.42
160800	0.42	0.42	0.42	0	0	0.42
160900	0.42	0.42	0.42	0	0	0.42
161000	0.42	0.42	0.42	0	0	0.42
161100	0.42	0.42	0.42	0	0	0.42
161200	0.42	0.43	0.43	0	0	0.42
161300	0.42	0.43	0.43	0	0	0.42
161400	0.42	0.43	0.43	0	0	0.42
161500	0.42	0.43	0.43	0	0	0.42
161600	0.42	0.43	0.43	0	0	0.42
161700	0.42	0.43	0.43	0	0	0.42
161800	0.42	0.43	0.43	0	0	0.42
161900	0.42	0.43	0.43	0	0	0.42
162000	0.42	0.43	0.43	0	0	0.42
162100	0.42	0.43	0.43	0	0	0.42
162200	0.42	0.43	0.43	0	0	0.42
162300	0.42	0.43	0.43	0	0	0.42
162400	0.42	0.43	0.43	0	0	0.42
162500	0.42	0.43	0.43	0	0	0.42
162600	0.42	0.43	0.43	0	0	0.42
162700	0.42	0.43	0.43	0	0	0.42
162800	0.42	0.43	0.43	0	0	0.42
162900	0.42	0.43	0.43	0	0	0.42
163000	0.42	0.43	0.43	0	0	0.42
163100	0.42	0.43	0.43	0	0	0.42
163200	0.42	0.43	0.43	0	0	0.42
163300	0.42	0.43	0.43	0	0	0.42
163400	0.42	0.43	0.43	0	0	0.42
163500	0.42	0.43	0.43	0	0	0.42
163600	0.42	0.43	0.43	0	0	0.42
163700	0.42	0.43	0.43	0	0	0.42
163800	0.42	0.43	0.43	0	0	0.42
163900	0.42	0.43	0.43	0	0	0.42
164000	0.42	0.43	0.43	0	0	0.42
164100	0.42	0.43	0.43	0	0	0.42
164200	0.42	0.43	0.43	0	0	0.42
164300	0.42	0.43	0.43	0	0	0.42
164400	0.42	0.43	0.43	0	0	0.42
164500	0.42	0.43	0.43	0	0	0.42
164600	0.42	0.43	0.43	0	0	0.42
164700	0.42	0.43	0.43	0	0	0.42
164800	0.42	0.43	0.43	0	0	0.42
164900	0.42	0.43	0.43	0	0	0.42
165000	0.42	0.44	0.44	0	0	0.42
165100	0.42	0.44	0.44	0	0	0.42
165200	0.42	0.44	0.44	0	0	0.42
165300	0.42	0.44	0.44	0	0	0.42
165400	0.42	0.43	0.43	0	0	0.42
165500	0.42	0.43	0.43	0	0	0.42
165600	0.42	0.43	0.43	0	0	0.42
165700	0.42	0.43	0.43	0	0	0.42
165800	0.42	0.43	0.43	0	0	0.42
165900	0.42	0.43	0.43	0	0	0.42
166000	0.42	0.43	0.43	0	0	0.42
166100	0.42	0.43	0.43	0	0	0.42
166200	0.42	0.43	0.43	0	0	0.42
166300	0.42	0.43	0.43	0	0	0.42
166400	0.42	0.42	0.42	0	0	0.42
166500	0.42	0.43	0.43	0	0	0.42
166600	0.42	0.42	0.42	0	0	0.42
166700	0.42	0.42	0.42	0	0	0.42
166800	0.42	0.42	0.42	0	0	0.42
166900	0.42	0.42	0.42	0	0	0.42
167000	0.42	0.42	0.42	0	0	0.42
167100	0.42	0.42	0.42	0	0	0.42
167200	0.42	0.42	0.42	0	0	0.42
167300	0.42	0.42	0.42	0	0	0.42
167400	0.42	0.42	0.42	0	0	0.42
167500	0.42	0.42	0.42	0	0	0.42
167600	0.42	0.42	0.42	0	0	0.42
167700	0.42	0.42	0.42	0	0	0.42
167800	0.42	0.42	0.42	0	0	0.42
167900	0.42	0.42	0.42	0	0	0.42
168000	0.42	0.42	0.42	0	0	0.42
168100	0.42	0.42	0.42	0	0	0.42
168200	0.42	0.42	0.42	0	0	0.42
168300	0.42	0.42	0.42	0	0	0.42
168400	0.42	0.42	0.42	0	0	0.42
168500	0.42	0.42	0.42	0	0	0.42
168600	0.42	0.42	0.42	0	0	0.42
168700	0.42	0.42	0.42	0	0	0.42
168800	0.42	0.42	0.42	0	0	0.42
168900	0.42	0.42	0.42	0	0	0.42
169000	0.42	0.42	0.42	0	0	0.42
169100	0.42	0.42	0.42	0	0	0.42
169200	0.42	0.42	0.42	0	0	0.42
169300	0.42	0.42	0.42	0	0	0.42
169400	0.42	0.42	0.42	0	0	0.42
169500	0.42	0.42	0.42	0	0	0.42
169600	0.43	0.42	0.42	0	0	0.43
169700	0.43	0.42	0.42	0	0	0.43
169800	0.43	0.42	0.42	0	0	0.43
169900	0.43	0.43	0.43	0	0	0.43
170000	0.43	0.44	0.44	0	0	0.43
170100	0.43	0.43	0.43	0	0	0.43
170200	0.43	0.44	0.44	0	0	0.43
170300	0.43	0.44	0.44	0	0	0.43
170400	0.43	0.43	0.43	0	0	0.43
170500	0.43	0.43	0.43	0	0	0.43
170600	0.43	0.43	0.43	0	0	0.43
170700	0.43	0.43	0.43	0	0	0.43
170800	0.43	0.43	0.43	0	0	0.43
170900	0.43	0.43	0.43	0	0	0.43
171000	0.44	0.43	0.43	0	0	0.44
171100	0.44	0.43	0.43	0	0	0.44
171200	0.44	0.43	0.43	0	0	0.44
171300	0.44	0.43	0.43	0	0	0.44
171400	0.44	0.43	0.43	0	0	0.44
171500	0.44	0.43	0.43	0	0	0.44
171600	0.44	0.43	0.43	0	0	0.44
171700	0.44	0.43	0.43	0	0	0.44
171800	0.44	0.43	0.43	0	0	0.44
171900	0.44	0.43	0.43	0	0	0.44
172000	0.44	0.43	0.43	0	0	0.44
172100	0.44	0.43	0.43	0	0	0.44
172200	0.44	0.43	0.43	0	0	0.44
172300	0.44	0.43	0.43	0	0	0.44
172400	0.44	0.43	0.43	0	0	0.44
172500	0.44	0.43	0.43	0	0	0.44
172600	0.44	0.43	0.43	0	0	0.44
172700	0.44	0.43	0.43	0	0	0.44
172800	0.43	0.43	0.43	0	0	0.43
172900	0.43	0.43	0.43	0	0	0.43
173000	0.43	0.43	0.43	0	0	0.43
173100	0.43	0.43	0.43	0	0	0.43
173200	0.43	0.43	0.43	0	0	0.43
173300	0.43	0.43	0.43	0	0	0.43
173400	0.43	0.43	0.43	0	0	0.43
173500	0.43	0.43	0.43	0	0	0.43
173600	0.43	0.43	0.43	0	0	0.43
173700	0.43	0.43	0.43	0	0	0.43
173800	0.43	0.43	0.43	0	0	0.43
173900	0.43	0.43	0.43	0	0	0.43
174000	0.43	0.43	0.43	0	0	0.43
174100	0.43	0.43	0.43	0	0	0.43
174200	0.43	0.43	0.43	0	0	0.43
174300	0.43	0.43	0.43	0	0	0.43
174400	0.43	0.43	0.43	0	0	0.43
174500	0.43	0.44	0.44	0	0	0.43
174600	0.43	0.44	0.44	0	0	0.43
174700	0.43	0.44	0.44	0	0	0.43
174800	0.43	0.44	0.44	0	0	0.43
174900	0.43	0.44	0.44	0	0	0.43
175000	0.43	0.44	0.44	0	0	0.43
175100	0.43	0.44	0.44	0	0	0.43
175200	0.43	0.44	0.44	0	0	0.43
175300	0.43	0.44	0.44	0	0	0.43
175400	0.43	0.44	0.44	0	0	0.43
175500	0.43	0.44	0.44	0	0	0.43
175600	0.43	0.44	0.44	0	0	0.43
175700	0.43	0.44	0.44	0	0	0.43
175800	0.43	0.44	0.44	0	0	0.43
175900	0.43	0.44	0.44	0	0	0.43
176000	0.43	0.44	0.44	0	0	0.43
176100	0.43	0.44	0.44	0	0	0.43
176200	0.43	0.44	0.44	0	0	0.43
176300	0.43	0.44	0.44	0	0	0.43
176400	0.43	0.43	0.43	0	0	0.43
176500	0.43	0.43	0.43	0	0	0.43
176600	0.43	0.43	0.43	0	0	0.43
176700	0.43	0.43	0.43	0	0	0.43
176800	0.43	0.43	0.43	0	0	0.43
176900	0.43	0.43	0.43	0	0	0.43
177000	0.43	0.43	0.43	0	0	0.43
177100	0.43	0.43	0.43	0	0	0.43
177200	0.43	0.43	0.43	0	0	0.43
177300	0.43	0.43	0.43	0	0	0.43
177400	0.43	0.43	0.43	0	0	0.43
177500	0.43	0.44	0.44	0	0	0.43
177600	0.43	0.44	0.44	0	0	0.43
177700	0.43	0.44	0.44	0	0	0.43
177800	0.43	0.43	0.43	0	0	0.43
177900	0.43	0.43	0.43	0	0	0.43
178000	0.43	0.43	0.43	0	0	0.43
178100	0.43	0.43	0.43	0	0	0.43
178200	0.43	0.43	0.43	0	0	0.43
178300	0.43	0.43	0.43	0	0	0.43
178400	0.43	0.43	0.43	0	0	0.43
178500	0.43	0.43	0.43	0	0	0.43
178600	0.43	0.43	0.43	0	0	0.43
178700	0.43	0.44	0.44	0	0	0.43
178800	0.43	0.44	0.44	0	0	0.43
178900	0.43	0.42	0.42	0	0	0.43
179000	0.43	0.42	0.42	0	0	0.43
179100	0.43	0.42	0.42	0	0	0.43
179200	0.43	0.42	0.42	0	0	0.43
179300	0.43	0.42	0.42	0	0	0.43
179400	0.43	0.42	0.42	0	0	0.43
179500	0.43	0.42	0.42	0	0	0.43
179600	0.43	0.42	0.42	0	0	0.43
179700	0.43	0.42	0.42	0	0	0.43
179800	0.43	0.42	0.42	0	0	0.43
179900	0.43	0.42	0.42	0	0	0.43
180000	0.43	0.42	0.42	0	0	0.43
180100	0.43	0.42	0.42	0	0	0.43
180200	0.43	0.42	0.42	0	0	0.43
180300	0.43	0.42	0.42	0	0	0.43
180400	0.43	0.42	0.42	0	0	0.43
180500	0.43	0.42	0.42	0	0	0.43
180600	0.43	0.42	0.42	0	0	0.43
180700	0.43	0.42	0.42	0	0	0.43
180800	0.43	0.42	0.42	0	0	0.43
180900	0.43	0.42	0.42	0	0	0.43
181000	0.44	0.42	0.42	0	0	0.44
181100	0.44	0.42	0.42	0	0	0.44
181200	0.44	0.42	0.42	0	0	0.44
181300	0.44	0.42	0.42	0	0	0.44
181400	0.44	0.42	0.42	0	0	0.44
181500	0.44	0.42	0.42	0	0	0.44
181600	0.44	0.42	0.42	0	0	0.44
181700	0.44	0.42	0.42	0	0	0.44
181800	0.44	0.43	0.43	0	0	0.44
181900	0.44	0.43	0.43	0	0	0.44
182000	0.44	0.43	0.43	0	0	0.44
182100	0.44	0.43	0.43	0	0	0.44
182200	0.44	0.44	0.44	0	0	0.44
182300	0.44	0.44	0.44	0	0	0.44
182400	0.43	0.44	0.44	0	0	0.43
182500	0.42	0.44	0.44	0	0	0.42
182600	0.43	0.44	0.44	0	0	0.43
182700	0.43	0.44	0.44	0	0	0.43
182800	0.43	0.44	0.44	0	0	0.43
182900	0.43	0.44	0.44	0	0	0.43
183000	0.43	0.44	0.44	0	0	0.43
183100	0.44	0.44	0.44	0	0	0.44
183200	0.44	0.44	0.44	0	0	0.44
183300	0.43	0.44	0.44	0	0	0.43
183400	0.43	0.44	0.44	0	0	0.43
183500	0.43	0.44	0.44	0	0	0.43
183600	0.43	0.44	0.44	0	0	0.43
183700	0.43	0.44	0.44	0	0	0.43
183800	0.43	0.44	0.44	0	0	0.43
183900	0.43	0.44	0.44	0	0	0.43
184000	0.43	0.44	0.44	0	0	0.43
184100	0.43	0.44	0.44	0	0	0.43
184200	0.43	0.44	0.44	0	0	0.43
184300	0.43	0.44	0.44	0	0	0.43
184400	0.43	0.44	0.44	0	0	0.43
184500	0.43	0.44	0.44	0	0	0.43
184600	0.43	0.45	0.45	0	0	0.43
184700	0.43	0.44	0.44	0	0	0.43
184800	0.43	0.44	0.44	0	0	0.43
184900	0.43	0.44	0.44	0	0	0.43
185000	0.43	0.44	0.44	0	0	0.43
185100	0.43	0.44	0.44	0	0	0.43
185200	0.43	0.44	0.44	0	0	0.43
185300	0.43	0.44	0.44	0	0	0.43
185400	0.43	0.44	0.44	0	0	0.43
185500	0.43	0.45	0.45	0	0	0.43
185600	0.43	0.45	0.45	0	0	0.43
185700	0.43	0.45	0.45	0	0	0.43
185800	0.43	0.45	0.45	0	0	0.43
185900	0.43	0.45	0.45	0	0	0.43
186000	0.43	0.45	0.45	0	0	0.43
186100	0.43	0.45	0.45	0	0	0.43
186200	0.43	0.45	0.45	0	0	0.43
186300	0.43	0.45	0.45	0	0	0.43
186400	0.43	0.45	0.45	0	0	0.43
186500	0.43	0.44	0.44	0	0	0.43
186600	0.43	0.44	0.44	0	0	0.43
186700	0.43	0.44	0.44	0	0	0.43
186800	0.43	0.44	0.44	0	0	0.43
186900	0.43	0.44	0.44	0	0	0.43
187000	0.43	0.44	0.44	0	0	0.43
187100	0.43	0.44	0.44	0	0	0.43
187200	0.43	0.45	0.45	0	0	0.43
187300	0.43	0.45	0.45	0	0	0.43
187400	0.43	0.45	0.45	0	0	0.43
187500	0.43	0.45	0.45	0	0	0.43
187600	0.44	0.45	0.45	0	0	0.44
187700	0.44	0.45	0.45	0	0	0.44
187800	0.44	0.45	0.45	0	0	0.44
187900	0.43	0.45	0.45	0	0	0.43
188000	0.43	0.45	0.45	0	0	0.43
188100	0.43	0.45	0.45	0	0	0.43
188200	0.43	0.45	0.45	0	0	0.43
188300	0.43	0.45	0.45	0	0	0.43
188400	0.43	0.45	0.45	0	0	0.43
188500	0.43	0.45	0.45	0	0	0.43
188600	0.43	0.44	0.44	0	0	0.43
188700	0.43	0.44	0.44	0	0	0.43
188800	0.43	0.44	0.44	0	0	0.43
188900	0.43	0.44	0.44	0	0	0.43
189000	0.43	0.44	0.44	0	0	0.43
189100	0.43	0.44	0.44	0	0	0.43
189200	0.43	0.44	0.44	0	0	0.43
189300	0.43	0.44	0.44	0	0	0.43
189400	0.43	0.44	0.44	0	0	0.43
189500	0.43	0.44	0.44	0	0	0.43
189600	0.43	0.44	0.44	0	0	0.43
189700	0.43	0.44	0.44	0	0	0.43
189800	0.43	0.44	0.44	0	0	0.43
189900	0.43	0.44	0.44	0	0	0.43
190000	0.44	0.44	0.44	0	0	0.44
190100	0.44	0.44	0.44	0	0	0.44
190200	0.43	0.44	0.44	0	0	0.43
190300	0.43	0.44	0.44	0	0	0.43
190400	0.43	0.45	0.45	0	0	0.43
190500	0.43	0.45	0.45	0	0	0.43
190600	0.43	0.45	0.45	0	0	0.43
190700	0.43	0.45	0.45	0	0	0.43
190800	0.43	0.45	0.45	0	0	0.43
190900	0.43	0.45	0.45	0	0	0.43
191000	0.43	0.45	0.45	0	0	0.43
191100	0.43	0.45	0.45	0	0	0.43
191200	0.43	0.45	0.45	0	0	0.43
191300	0.43	0.45	0.45	0	0	0.43
191400	0.43	0.45	0.45	0	0	0.43
191500	0.43	0.45	0.45	0	0	0.43
191600	0.43	0.44	0.44	0	0	0.43
191700	0.43	0.44	0.44	0	0	0.43
191800	0.43	0.44	0.44	0	0	0.43
191900	0.43	0.44	0.44	0	0	0.43
192000	0.43	0.44	0.44	0	0	0.43
192100	0.43	0.44	0.44	0	0	0.43
192200	0.43	0.44	0.44	0	0	0.43
192300	0.43	0.44	0.44	0	0	0.43
192400	0.43	0.44	0.44	0	0	0.43
192500	0.43	0.44	0.44	0	0	0.43
192600	0.43	0.44	0.44	0	0	0.43
192700	0.43	0.44	0.44	0	0	0.43
192800	0.44	0.44	0.44	0	0	0.44
192900	0.44	0.44	0.44	0	0	0.44
193000	0.44	0.44	0.44	0	0	0.44
193100	0.44	0.44	0.44	0	0	0.44
193200	0.44	0.44	0.44	0	0	0.44
193300	0.44	0.44	0.44	0	0	0.44
193400	0.44	0.44	0.44	0	0	0.44
193500	0.44	0.44	0.44	0	0	0.44
193600	0.45	0.44	0.44	0	0	0.45
193700	0.44	0.44	0.44	0	0	0.44
193800	0.44	0.44	0.44	0	0	0.44
193900	0.44	0.44	0.44	0	0	0.44
194000	0.44	0.44	0.44	0	0	0.44
194100	0.44	0.44	0.44	0	0	0.44
194200	0.44	0.44	0.44	0	0	0.44
194300	0.44	0.44	0.44	0	0	0.44
194400	0.44	0.44	0.44	0	0	0.44
194500	0.44	0.44	0.44	0	0	0.44
194600	0.44	0.44	0.44	0	0	0.44
194700	0.44	0.44	0.44	0	0	0.44
194800	0.44	0.44	0.44	0	0	0.44
194900	0.44	0.44	0.44	0	0	0.44
195000	0.44	0.44	0.44	0	0	0.44
195100	0.44	0.44	0.44	0	0	0.44
195200	0.44	0.44	0.44	0	0	0.44
195300	0.44	0.44	0.44	0	0	0.44
195400	0.44	0.44	0.44	0	0	0.44
195500	0.44	0.44	0.44	0	0	0.44
195600	0.44	0.44	0.44	0	0	0.44
195700	0.44	0.44	0.44	0	0	0.44
195800	0.44	0.44	0.44	0	0	0.44
195900	0.44	0.44	0.44	0	0	0.44
196000	0.44	0.44	0.44	0	0	0.44
196100	0.44	0.44	0.44	0	0	0.44
196200	0.44	0.44	0.44	0	0	0.44
196300	0.44	0.44	0.44	0	0	0.44
196400	0.44	0.44	0.44	0	0	0.44
196500	0.44	0.44	0.44	0	0	0.44
196600	0.44	0.45	0.45	0	0	0.44
196700	0.44	0.45	0.45	0	0	0.44
196800	0.44	0.45	0.45	0	0	0.44
196900	0.44	0.45	0.45	0	0	0.44
197000	0.44	0.45	0.45	0	0	0.44
197100	0.44	0.45	0.45	0	0	0.44
197200	0.44	0.45	0.45	0	0	0.44
197300	0.44	0.45	0.45	0	0	0.44
197400	0.44	0.45	0.45	0	0	0.44
197500	0.44	0.45	0.45	0	0	0.44
197600	0.44	0.45	0.45	0	0	0.44
197700	0.44	0.45	0.45	0	0	0.44
197800	0.44	0.45	0.45	0	0	0.44
197900	0.44	0.45	0.45	0	0	0.44
198000	0.44	0.45	0.45	0	0	0.44
198100	0.44	0.45	0.45	0	0	0.44
198200	0.44	0.45	0.45	0	0	0.44
198300	0.44	0.45	0.45	0	0	0.44
198400	0.44	0.45	0.45	0	0	0.44
198500	0.44	0.45	0.45	0	0	0.44
198600	0.44	0.45	0.45	0	0	0.44
198700	0.44	0.45	0.45	0	0	0.44
198800	0.44	0.45	0.45	0	0	0.44
198900	0.44	0.45	0.45	0	0	0.44
199000	0.44	0.45	0.45	0	0	0.44
199100	0.44	0.45	0.45	0	0	0.44
199200	0.44	0.45	0.45	0	0	0.44
199300	0.44	0.45	0.45	0	0	0.44
199400	0.44	0.45	0.45	0	0	0.44
199500	0.44	0.45	0.45	0	0	0.44
199600	0.44	0.45	0.45	0	0	0.44
199700	0.44	0.45	0.45	0	0	0.44
199800	0.44	0.45	0.45	0	0	0.44
199900	0.44	0.45	0.45	0	0	0.44
200000	0.44	0.45	0.45	0	0	0.44
200100	0.44	0.45	0.45	0	0	0.44
200200	0.44	0.45	0.45	0	0	0.44
200300	0.44	0.45	0.45	0	0	0.44
200400	0.44	0.45	0.45	0	0	0.44
200500	0.44	0.45	0.45	0	0	0.44
200600	0.44	0.45	0.45	0	0	0.44
200700	0.44	0.45	0.45	0	0	0.44
200800	0.44	0.45	0.45	0	0	0.44
200900	0.44	0.45	0.45	0	0	0.44
201000	0.44	0.45	0.45	0	0	0.44
201100	0.44	0.45	0.45	0	0	0.44
201200	0.44	0.45	0.45	0	0	0.44
201300	0.44	0.45	0.45	0	0	0.44
201400	0.44	0.45	0.45	0	0	0.44
201500	0.45	0.45	0.45	0	0	0.45
201600	0.45	0.45	0.45	0	0	0.45
201700	0.45	0.45	0.45	0	0	0.45
201800	0.45	0.45	0.45	0	0	0.45
201900	0.45	0.45	0.45	0	0	0.45
202000	0.45	0.45	0.45	0	0	0.45
202100	0.45	0.45	0.45	0	0	0.45
202200	0.45	0.45	0.45	0	0	0.45
202300	0.45	0.45	0.45	0	0	0.45
202400	0.45	0.45	0.45	0	0	0.45
202500	0.45	0.45	0.45	0	0	0.45
202600	0.45	0.45	0.45	0	0	0.45
202700	0.44	0.45	0.45	0	0	0.44
202800	0.44	0.46	0.46	0	0	0.44
202900	0.43	0.46	0.46	0	0	0.43
203000	0.43	0.46	0.46	0	0	0.43
203100	0.43	0.46	0.46	0	0	0.43
203200	0.42	0.46	0.46	0	0	0.42
203300	0.42	0.46	0.46	0	0	0.42
203400	0.42	0.45	0.45	0	0	0.42
203500	0.42	0.45	0.45	0	0	0.42
203600	0.42	0.45	0.45	0	0	0.42
203700	0.42	0.45	0.45	0	0	0.42
203800	0.43	0.45	0.45	0	0	0.43
203900	0.42	0.45	0.45	0	0	0.42
204000	0.42	0.45	0.45	0	0	0.42
204100	0.42	0.45	0.45	0	0	0.42
204200	0.42	0.45	0.45	0	0	0.42
204300	0.42	0.45	0.45	0	0	0.42
204400	0.42	0.45	0.45	0	0	0.42
204500	0.42	0.45	0.45	0	0	0.42
204600	0.42	0.45	0.45	0	0	0.42
204700	0.42	0.45	0.45	0	0	0.42
204800	0.41	0.45	0.45	0	0	0.41
204900	0.42	0.45	0.45	0	0	0.42
205000	0.42	0.45	0.45	0	0	0.42
205100	0.42	0.45	0.45	0	0	0.42
205200	0.42	0.45	0.45	0	0	0.42
205300	0.42	0.45	0.45	0	0	0.42
205400	0.42	0.45	0.45	0	0	0.42
205500	0.42	0.45	0.45	0	0	0.42
205600	0.42	0.45	0.45	0	0	0.42
205700	0.42	0.45	0.45	0	0	0.42
205800	0.42	0.45	0.45	0	0	0.42
205900	0.42	0.45	0.45	0	0	0.42
206000	0.42	0.45	0.45	0	0	0.42
206100	0.41	0.45	0.45	0	0	0.41
206200	0.42	0.45	0.45	0	0	0.42
206300	0.42	0.45	0.45	0	0	0.42
206400	0.42	0.46	0.46	0	0	0.42
206500	0.41	0.46	0.46	0	0	0.41
206600	0.41	0.46	0.46	0	0	0.41
206700	0.41	0.46	0.46	0	0	0.41
206800	0.41	0.46	0.46	0	0	0.41
206900	0.41	0.46	0.46	0	0	0.41
207000	0.41	0.46	0.46	0	0	0.41
207100	0.41	0.46	0.46	0	0	0.41
207200	0.41	0.46	0.46	0	0	0.41
207300	0.41	0.46	0.46	0	0	0.41
207400	0.41	0.46	0.46	0	0	0.41
207500	0.41	0.46	0.46	0	0	0.41
207600	0.41	0.46	0.46	0	0	0.41
207700	0.41	0.46	0.46	0	0	0.41
207800	0.41	0.47	0.47	0	0	0.41
207900	0.41	0.47	0.47	0	0	0.41
208000	0.41	0.47	0.47	0	0	0.41
208100	0.42	0.47	0.47	0	0	0.42
208200	0.42	0.47	0.47	0	0	0.42
208300	0.42	0.47	0.47	0	0	0.42
208400	0.42	0.47	0.47	0	0	0.42
208500	0.42	0.47	0.47	0	0	0.42
208600	0.42	0.47	0.47	0	0	0.42
208700	0.42	0.47	0.47	0	0	0.42
208800	0.42	0.47	0.47	0	0	0.42
208900	0.42	0.48	0.48	0	0	0.42
209000	0.42	0.48	0.48	0	0	0.42
209100	0.42	0.48	0.48	0	0	0.42
209200	0.42	0.48	0.48	0	0	0.42
209300	0.42	0.48	0.48	0	0	0.42
209400	0.42	0.48	0.48	0	0	0.42
209500	0.42	0.48	0.48	0	0	0.42
209600	0.41	0.47	0.47	0	0	0.41
209700	0.41	0.47	0.47	0	0	0.41
209800	0.41	0.47	0.47	0	0	0.41
209900	0.41	0.47	0.47	0	0	0.41
210000	0.41	0.47	0.47	0	0	0.41
210100	0.41	0.47	0.47	0	0	0.41
210200	0.41	0.47	0.47	0	0	0.41
210300	0.41	0.47	0.47	0	0	0.41
210400	0.41	0.47	0.47	0	0	0.41
210500	0.41	0.47	0.47	0	0	0.41
210600	0.4	0.47	0.47	0	0	0.4
210700	0.4	0.47	0.47	0	0	0.4
210800	0.4	0.46	0.46	0	0	0.4
210900	0.4	0.46	0.46	0	0	0.4
211000	0.4	0.46	0.46	0	0	0.4
211100	0.4	0.46	0.46	0	0	0.4
211200	0.4	0.46	0.46	0	0	0.4
211300	0.4	0.46	0.46	0	0	0.4
211400	0.4	0.46	0.46	0	0	0.4
211500	0.41	0.46	0.46	0	0	0.41
211600	0.4	0.46	0.46	0	0	0.4
211700	0.4	0.46	0.46	0	0	0.4
211800	0.4	0.46	0.46	0	0	0.4
211900	0.4	0.46	0.46	0	0	0.4
212000	0.4	0.46	0.46	0	0	0.4
212100	0.4	0.46	0.46	0	0	0.4
212200	0.4	0.46	0.46	0	0	0.4
212300	0.4	0.46	0.46	0	0	0.4
212400	0.41	0.46	0.46	0	0	0.41
212500	0.4	0.46	0.46	0	0	0.4
212600	0.4	0.46	0.46	0	0	0.4
212700	0.4	0.46	0.46	0	0	0.4
212800	0.4	0.46	0.46	0	0	0.4
212900	0.4	0.46	0.46	0	0	0.4
213000	0.4	0.46	0.46	0	0	0.4
213100	0.4	0.46	0.46	0	0	0.4
213200	0.41	0.46	0.46	0	0	0.41
213300	0.41	0.46	0.46	0	0	0.41
213400	0.41	0.46	0.46	0	0	0.41
213500	0.41	0.46	0.46	0	0	0.41
213600	0.41	0.46	0.46	0	0	0.41
213700	0.41	0.46	0.46	0	0	0.41
213800	0.41	0.46	0.46	0	0	0.41
213900	0.41	0.46	0.46	0	0	0.41
214000	0.41	0.46	0.46	0	0	0.41
214100	0.41	0.46	0.46	0	0	0.41
214200	0.42	0.46	0.46	0	0	0.42
214300	0.42	0.46	0.46	0	0	0.42
214400	0.41	0.46	0.46	0	0	0.41
214500	0.4	0.46	0.46	0	0	0.4
214600	0.4	0.46	0.46	0	0	0.4
214700	0.4	0.46	0.46	0	0	0.4
214800	0.4	0.46	0.46	0	0	0.4
214900	0.4	0.45	0.45	0	0	0.4
215000	0.4	0.45	0.45	0	0	0.4
215100	0.4	0.46	0.46	0	0	0.4
215200	0.4	0.45	0.45	0	0	0.4
215300	0.4	0.45	0.45	0	0	0.4
215400	0.4	0.45	0.45	0	0	0.4
215500	0.4	0.45	0.45	0	0	0.4
215600	0.4	0.45	0.45	0	0	0.4
215700	0.4	0.45	0.45	0	0	0.4
215800	0.4	0.45	0.45	0	0	0.4
215900	0.4	0.45	0.45	0	0	0.4
216000	0.4	0.45	0.45	0	0	0.4
216100	0.4	0.45	0.45	0	0	0.4
216200	0.4	0.45	0.45	0	0	0.4
216300	0.4	0.45	0.45	0	0	0.4
216400	0.4	0.45	0.45	0	0	0.4
216500	0.4	0.45	0.45	0	0	0.4
216600	0.4	0.45	0.45	0	0	0.4
216700	0.4	0.45	0.45	0	0	0.4
216800	0.4	0.45	0.45	0	0	0.4
216900	0.4	0.45	0.45	0	0	0.4
217000	0.4	0.45	0.45	0	0	0.4
217100	0.4	0.46	0.46	0	0	0.4
217200	0.4	0.45	0.45	0	0	0.4
217300	0.4	0.45	0.45	0	0	0.4
217400	0.4	0.45	0.45	0	0	0.4
217500	0.4	0.45	0.45	0	0	0.4
217600	0.4	0.45	0.45	0	0	0.4
217700	0.4	0.45	0.45	0	0	0.4
217800	0.4	0.46	0.46	0	0	0.4
217900	0.4	0.46	0.46	0	0	0.4
218000	0.4	0.46	0.46	0	0	0.4
218100	0.4	0.46	0.46	0	0	0.4
218200	0.4	0.46	0.46	0	0	0.4
218300	0.4	0.46	0.46	0	0	0.4
218400	0.4	0.46	0.46	0	0	0.4
218500	0.4	0.46	0.46	0	0	0.4
218600	0.4	0.46	0.46	0	0	0.4
218700	0.4	0.45	0.45	0	0	0.4
218800	0.4	0.45	0.45	0	0	0.4
218900	0.4	0.45	0.45	0	0	0.4
219000	0.4	0.45	0.45	0	0	0.4
219100	0.4	0.45	0.45	0	0	0.4
219200	0.4	0.46	0.46	0	0	0.4
219300	0.4	0.46	0.46	0	0	0.4
219400	0.4	0.45	0.45	0	0	0.4
219500	0.4	0.45	0.45	0	0	0.4
219600	0.4	0.45	0.45	0	0	0.4
219700	0.4	0.45	0.45	0	0	0.4
219800	0.41	0.45	0.45	0	0	0.41
219900	0.4	0.45	0.45	0	0	0.4
220000	0.4	0.45	0.45	0	0	0.4
220100	0.4	0.45	0.45	0	0	0.4
220200	0.41	0.45	0.45	0	0	0.41
220300	0.4	0.45	0.45	0	0	0.4
220400	0.4	0.45	0.45	0	0	0.4
220500	0.4	0.45	0.45	0	0	0.4
220600	0.4	0.45	0.45	0	0	0.4
220700	0.4	0.45	0.45	0	0	0.4
220800	0.4	0.45	0.45	0	0	0.4
220900	0.4	0.45	0.45	0	0	0.4
221000	0.4	0.45	0.45	0	0	0.4
221100	0.4	0.45	0.45	0	0	0.4
221200	0.4	0.45	0.45	0	0	0.4
221300	0.4	0.45	0.45	0	0	0.4
221400	0.4	0.45	0.45	0	0	0.4
221500	0.4	0.45	0.45	0	0	0.4
221600	0.4	0.45	0.45	0	0	0.4
221700	0.4	0.45	0.45	0	0	0.4
221800	0.4	0.45	0.45	0	0	0.4
221900	0.4	0.45	0.45	0	0	0.4
222000	0.4	0.45	0.45	0	0	0.4
222100	0.4	0.45	0.45	0	0	0.4
222200	0.4	0.45	0.45	0	0	0.4
222300	0.4	0.45	0.45	0	0	0.4
222400	0.4	0.45	0.45	0	0	0.4
222500	0.4	0.45	0.45	0	0	0.4
222600	0.4	0.46	0.46	0	0	0.4
222700	0.4	0.46	0.46	0	0	0.4
222800	0.4	0.45	0.45	0	0	0.4
222900	0.4	0.45	0.45	0	0	0.4
223000	0.4	0.45	0.45	0	0	0.4
223100	0.4	0.45	0.45	0	0	0.4
223200	0.4	0.45	0.45	0	0	0.4
223300	0.4	0.45	0.45	0	0	0.4
223400	0.4	0.45	0.45	0	0	0.4
223500	0.4	0.45	0.45	0	0	0.4
223600	0.4	0.45	0.45	0	0	0.4
223700	0.4	0.45	0.45	0	0	0.4
223800	0.4	0.45	0.45	0	0	0.4
223900	0.4	0.45	0.45	0	0	0.4
224000	0.41	0.45	0.45	0	0	0.41
224100	0.4	0.45	0.45	0	0	0.4
224200	0.4	0.45	0.45	0	0	0.4
224300	0.4	0.45	0.45	0	0	0.4
224400	0.4	0.45	0.45	0	0	0.4
224500	0.4	0.45	0.45	0	0	0.4
224600	0.4	0.45	0.45	0	0	0.4
224700	0.4	0.45	0.45	0	0	0.4
224800	0.4	0.45	0.45	0	0	0.4
224900	0.4	0.45	0.45	0	0	0.4
225000	0.4	0.45	0.45	0	0	0.4
225100	0.4	0.44	0.44	0	0	0.4
225200	0.4	0.43	0.43	0	0	0.4
225300	0.4	0.43	0.43	0	0	0.4
225400	0.4	0.43	0.43	0	0	0.4
225500	0.4	0.43	0.43	0	0	0.4
225600	0.4	0.43	0.43	0	0	0.4
225700	0.4	0.43	0.43	0	0	0.4
225800	0.4	0.43	0.43	0	0	0.4
225900	0.4	0.43	0.43	0	0	0.4
226000	0.41	0.43	0.43	0	0	0.41
226100	0.41	0.43	0.43	0	0	0.41
226200	0.41	0.43	0.43	0	0	0.41
226300	0.41	0.43	0.43	0	0	0.41
226400	0.41	0.43	0.43	0	0	0.41
226500	0.41	0.43	0.43	0	0	0.41
226600	0.42	0.43	0.43	0	0	0.42
226700	0.42	0.43	0.43	0	0	0.42
226800	0.42	0.43	0.43	0	0	0.42
226900	0.42	0.43	0.43	0	0	0.42
227000	0.42	0.43	0.43	0	0	0.42
227100	0.42	0.43	0.43	0	0	0.42
227200	0.42	0.43	0.43	0	0	0.42
227300	0.42	0.43	0.43	0	0	0.42
227400	0.42	0.43	0.43	0	0	0.42
227500	0.42	0.43	0.43	0	0	0.42
227600	0.42	0.43	0.43	0	0	0.42
227700	0.42	0.43	0.43	0	0	0.42
227800	0.42	0.43	0.43	0	0	0.42
227900	0.42	0.43	0.43	0	0	0.42
228000	0.42	0.43	0.43	0	0	0.42
228100	0.42	0.43	0.43	0	0	0.42
228200	0.42	0.43	0.43	0	0	0.42
228300	0.42	0.44	0.44	0	0	0.42
228400	0.42	0.44	0.44	0	0	0.42
228500	0.42	0.44	0.44	0	0	0.42
228600	0.42	0.44	0.44	0	0	0.42
228700	0.42	0.44	0.44	0	0	0.42
228800	0.42	0.44	0.44	0	0	0.42
228900	0.42	0.43	0.43	0	0	0.42
229000	0.42	0.43	0.43	0	0	0.42
229100	0.42	0.43	0.43	0	0	0.42
229200	0.42	0.43	0.43	0	0	0.42
229300	0.42	0.43	0.43	0	0	0.42
229400	0.42	0.43	0.43	0	0	0.42
229500	0.42	0.43	0.43	0	0	0.42
229600	0.42	0.43	0.43	0	0	0.42
229700	0.42	0.44	0.44	0	0	0.42
229800	0.42	0.44	0.44	0	0	0.42
229900	0.42	0.43	0.43	0	0	0.42
230000	0.42	0.43	0.43	0	0	0.42
230100	0.42	0.43	0.43	0	0	0.42
230200	0.42	0.43	0.43	0	0	0.42
230300	0.42	0.43	0.43	0	0	0.42
230400	0.42	0.44	0.44	0	0	0.42
230500	0.42	0.44	0.44	0	0	0.42
230600	0.42	0.44	0.44	0	0	0.42
230700	0.42	0.44	0.44	0	0	0.42
230800	0.42	0.44	0.44	0	0	0.42
230900	0.42	0.44	0.44	0	0	0.42
231000	0.42	0.44	0.44	0	0	0.42
231100	0.42	0.44	0.44	0	0	0.42
231200	0.42	0.44	0.44	0	0	0.42
231300	0.42	0.44	0.44	0	0	0.42
231400	0.43	0.44	0.44	0	0	0.43
231500	0.43	0.44	0.44	0	0	0.43
231600	0.43	0.44	0.44	0	0	0.43
231700	0.43	0.44	0.44	0	0	0.43
231800	0.43	0.44	0.44	0	0	0.43
231900	0.43	0.44	0.44	0	0	0.43
232000	0.43	0.44	0.44	0	0	0.43
232100	0.43	0.44	0.44	0	0	0.43
232200	0.43	0.44	0.44	0	0	0.43
232300	0.43	0.44	0.44	0	0	0.43
232400	0.43	0.44	0.44	0	0	0.43
232500	0.43	0.44	0.44	0	0	0.43
232600	0.43	0.44	0.44	0	0	0.43
232700	0.43	0.44	0.44	0	0	0.43
232800	0.43	0.44	0.44	0	0	0.43
232900	0.43	0.44	0.44	0	0	0.43
233000	0.43	0.44	0.44	0	0	0.43
233100	0.43	0.44	0.44	0	0	0.43
233200	0.43	0.44	0.44	0	0	0.43
233300	0.43	0.44	0.44	0	0	0.43
233400	0.43	0.44	0.44	0	0	0.43
233500	0.43	0.44	0.44	0	0	0.43
233600	0.43	0.44	0.44	0	0	0.43
233700	0.43	0.45	0.45	0	0	0.43
233800	0.43	0.45	0.45	0	0	0.43
233900	0.44	0.45	0.45	0	0	0.44
234000	0.45	0.45	0.45	0	0	0.45
234100	0.45	0.44	0.44	0	0	0.45
234200	0.45	0.44	0.44	0	0	0.45
234300	0.45	0.45	0.45	0	0	0.45
234400	0.45	0.43	0.43	0	0	0.45
234500	0.45	0.43	0.43	0	0	0.45
234600	0.45	0.43	0.43	0	0	0.45
234700	0.45	0.43	0.43	0	0	0.45
234800	0.45	0.43	0.43	0	0	0.45
234900	0.45	0.43	0.43	0	0	0.45
235000	0.45	0.43	0.43	0	0	0.45
235100	0.45	0.43	0.43	0	0	0.45
235200	0.45	0.43	0.43	0	0	0.45
235300	0.45	0.43	0.43	0	0	0.45
235400	0.45	0.43	0.43	0	0	0.45
235500	0.45	0.43	0.43	0	0	0.45
235600	0.46	0.43	0.43	0	0	0.46
235700	0.46	0.44	0.44	0	0	0.46
235800	0.46	0.44	0.44	0	0	0.46
235900	0.46	0.43	0.43	0	0	0.46
236000	0.46	0.43	0.43	0	0	0.46
236100	0.46	0.43	0.43	0	0	0.46
236200	0.46	0.43	0.43	0	0	0.46
236300	0.46	0.44	0.44	0	0	0.46
236400	0.46	0.44	0.44	0	0	0.46
236500	0.46	0.43	0.43	0	0	0.46
236600	0.46	0.43	0.43	0	0	0.46
236700	0.46	0.43	0.43	0	0	0.46
236800	0.46	0.43	0.43	0	0	0.46
236900	0.46	0.43	0.43	0	0	0.46
237000	0.46	0.44	0.44	0	0	0.46
237100	0.46	0.44	0.44	0	0	0.46
237200	0.46	0.44	0.44	0	0	0.46
237300	0.47	0.44	0.44	0	0	0.47
237400	0.47	0.44	0.44	0	0	0.47
237500	0.47	0.44	0.44	0	0	0.47
237600	0.47	0.44	0.44	0	0	0.47
237700	0.47	0.44	0.44	0	0	0.47
237800	0.47	0.44	0.44	0	0	0.47
237900	0.47	0.44	0.44	0	0	0.47
238000	0.47	0.44	0.44	0	0	0.47
238100	0.47	0.44	0.44	0	0	0.47
238200	0.47	0.44	0.44	0	0	0.47
238300	0.47	0.44	0.44	0	0	0.47
238400	0.46	0.44	0.44	0	0	0.46
238500	0.46	0.44	0.44	0	0	0.46
238600	0.46	0.44	0.44	0	0	0.46
238700	0.46	0.44	0.44	0	0	0.46
238800	0.46	0.44	0.44	0	0	0.46
238900	0.46	0.44	0.44	0	0	0.46
239000	0.46	0.44	0.44	0	0	0.46
239100	0.46	0.44	0.44	0	0	0.46
239200	0.46	0.44	0.44	0	0	0.46
239300	0.46	0.44	0.44	0	0	0.46
239400	0.46	0.44	0.44	0	0	0.46
239500	0.45	0.44	0.44	0	0	0.45
239600	0.45	0.44	0.44	0	0	0.45
239700	0.45	0.44	0.44	0	0	0.45
239800	0.45	0.43	0.43	0	0	0.45
239900	0.45	0.43	0.43	0	0	0.45
240000	0.45	0.43	0.43	0	0	0.45
240100	0.44	0.43	0.43	0	0	0.44
240200	0.44	0.43	0.43	0	0	0.44
240300	0.44	0.43	0.43	0	0	0.44
240400	0.44	0.43	0.43	0	0	0.44
240500	0.44	0.43	0.43	0	0	0.44
240600	0.45	0.43	0.43	0	0	0.45
240700	0.44	0.43	0.43	0	0	0.44
240800	0.43	0.43	0.43	0	0	0.43
240900	0.43	0.43	0.43	0	0	0.43
241000	0.43	0.43	0.43	0	0	0.43
241100	0.43	0.43	0.43	0	0	0.43
241200	0.43	0.43	0.43	0	0	0.43
241300	0.43	0.43	0.43	0	0	0.43
241400	0.43	0.43	0.43	0	0	0.43
241500	0.43	0.43	0.43	0	0	0.43
241600	0.43	0.43	0.43	0	0	0.43
241700	0.43	0.43	0.43	0	0	0.43
241800	0.43	0.43	0.43	0	0	0.43
241900	0.44	0.43	0.43	0	0	0.44
242000	0.44	0.43	0.43	0	0	0.44
242100	0.43	0.43	0.43	0	0	0.43
242200	0.43	0.43	0.43	0	0	0.43
242300	0.43	0.43	0.43	0	0	0.43
242400	0.43	0.43	0.43	0	0	0.43
242500	0.43	0.43	0.43	0	0	0.43
242600	0.43	0.43	0.43	0	0	0.43
242700	0.43	0.43	0.43	0	0	0.43
242800	0.43	0.43	0.43	0	0	0.43
242900	0.43	0.43	0.43	0	0	0.43
243000	0.43	0.43	0.43	0	0	0.43
243100	0.43	0.43	0.43	0	0	0.43
243200	0.43	0.43	0.43	0	0	0.43
243300	0.43	0.43	0.43	0	0	0.43
243400	0.43	0.43	0.43	0	0	0.43
243500	0.43	0.43	0.43	0	0	0.43
243600	0.43	0.43	0.43	0	0	0.43
243700	0.43	0.43	0.43	0	0	0.43
243800	0.43	0.43	0.43	0	0	0.43
243900	0.43	0.43	0.43	0	0	0.43
244000	0.43	0.43	0.43	0	0	0.43
244100	0.43	0.43	0.43	0	0	0.43
244200	0.43	0.43	0.43	0	0	0.43
244300	0.43	0.43	0.43	0	0	0.43
244400	0.44	0.43	0.43	0	0	0.44
244500	0.44	0.43	0.43	0	0	0.44
244600	0.44	0.43	0.43	0	0	0.44
244700	0.44	0.43	0.43	0	0	0.44
244800	0.44	0.43	0.43	0	0	0.44
244900	0.44	0.43	0.43	0	0	0.44
245000	0.44	0.43	0.43	0	0	0.44
245100	0.44	0.43	0.43	0	0	0.44
245200	0.44	0.43	0.43	0	0	0.44
245300	0.44	0.43	0.43	0	0	0.44
245400	0.44	0.43	0.43	0	0	0.44
245500	0.44	0.43	0.43	0	0	0.44
245600	0.44	0.43	0.43	0	0	0.44
245700	0.44	0.43	0.43	0	0	0.44
245800	0.44	0.43	0.43	0	0	0.44
245900	0.44	0.43	0.43	0	0	0.44
246000	0.44	0.43	0.43	0	0	0.44
246100	0.44	0.43	0.43	0	0	0.44
246200	0.44	0.44	0.44	0	0	0.44
246300	0.44	0.44	0.44	0	0	0.44
246400	0.44	0.44	0.44	0	0	0.44
246500	0.44	0.44	0.44	0	0	0.44
246600	0.44	0.44	0.44	0	0	0.44
246700	0.44	0.45	0.45	0	0	0.44
246800	0.44	0.44	0.44	0	0	0.44
246900	0.44	0.44	0.44	0	0	0.44
247000	0.44	0.44	0.44	0	0	0.44
247100	0.44	0.44	0.44	0	0	0.44
247200	0.43	0.44	0.44	0	0	0.43
247300	0.43	0.44	0.44	0	0	0.43
247400	0.43	0.44	0.44	0	0	0.43
247500	0.43	0.44	0.44	0	0	0.43
247600	0.43	0.44	0.44	0	0	0.43
247700	0.43	0.44	0.44	0	0	0.43
247800	0.43	0.44	0.44	0	0	0.43
247900	0.43	0.44	0.44	0	0	0.43
248000	0.43	0.44	0.44	0	0	0.43
248100	0.43	0.43	0.43	0	0	0.43
248200	0.43	0.43	0.43	0	0	0.43
248300	0.43	0.43	0.43	0	0	0.43
248400	0.43	0.43	0.43	0	0	0.43
248500	0.43	0.43	0.43	0	0	0.43
248600	0.43	0.43	0.43	0	0	0.43
248700	0.43	0.43	0.43	0	0	0.43
248800	0.43	0.43	0.43	0	0	0.43
248900	0.44	0.43	0.43	0	0	0.44
249000	0.44	0.43	0.43	0	0	0.44
249100	0.43	0.43	0.43	0	0	0.43
249200	0.43	0.43	0.43	0	0	0.43
249300	0.43	0.42	0.42	0	0	0.43
249400	0.44	0.42	0.42	0	0	0.44
249500	0.44	0.42	0.42	0	0	0.44
249600	0.44	0.42	0.42	0	0	0.44
249700	0.44	0.42	0.42	0	0	0.44
249800	0.43	0.43	0.43	0	0	0.43
249900	0.43	0.43	0.43	0	0	0.43
250000	0.43	0.43	0.43	0	0	0.43
250100	0.43	0.43	0.43	0	0	0.43
250200	0.43	0.43	0.43	0	0	0.43
250300	0.43	0.43	0.43	0	0	0.43
250400	0.43	0.43	0.43	0	0	0.43
250500	0.43	0.43	0.43	0	0	0.43
250600	0.43	0.43	0.43	0	0	0.43
250700	0.43	0.43	0.43	0	0	0.43
250800	0.43	0.43	0.43	0	0	0.43
250900	0.43	0.43	0.43	0	0	0.43
251000	0.43	0.43	0.43	0	0	0.43
251100	0.43	0.43	0.43	0	0	0.43
251200	0.43	0.43	0.43	0	0	0.43
251300	0.43	0.43	0.43	0	0	0.43
251400	0.43	0.43	0.43	0	0	0.43
251500	0.43	0.43	0.43	0	0	0.43
251600	0.43	0.43	0.43	0	0	0.43
251700	0.43	0.43	0.43	0	0	0.43
251800	0.43	0.43	0.43	0	0	0.43
251900	0.43	0.43	0.43	0	0	0.43
252000	0.43	0.43	0.43	0	0	0.43
252100	0.43	0.44	0.44	0	0	0.43
252200	0.43	0.44	0.44	0	0	0.43
252300	0.43	0.44	0.44	0	0	0.43
252400	0.43	0.44	0.44	0	0	0.43
252500	0.43	0.44	0.44	0	0	0.43
252600	0.43	0.44	0.44	0	0	0.43
252700	0.43	0.44	0.44	0	0	0.43
252800	0.43	0.44	0.44	0	0	0.43
252900	0.43	0.44	0.44	0	0	0.43
253000	0.43	0.44	0.44	0	0	0.43
253100	0.43	0.44	0.44	0	0	0.43
253200	0.43	0.44	0.44	0	0	0.43
253300	0.44	0.44	0.44	0	0	0.44
253400	0.43	0.44	0.44	0	0	0.43
253500	0.43	0.44	0.44	0	0	0.43
253600	0.43	0.44	0.44	0	0	0.43
253700	0.43	0.44	0.44	0	0	0.43
253800	0.43	0.44	0.44	0	0	0.43
253900	0.43	0.44	0.44	0	0	0.43
254000	0.43	0.44	0.44	0	0	0.43
254100	0.43	0.44	0.44	0	0	0.43
254200	0.42	0.44	0.44	0	0	0.42
254300	0.42	0.44	0.44	0	0	0.42
254400	0.42	0.44	0.44	0	0	0.42
254500	0.42	0.44	0.44	0	0	0.42
254600	0.43	0.44	0.44	0	0	0.43
254700	0.43	0.44	0.44	0	0	0.43
254800	0.43	0.44	0.44	0	0	0.43
254900	0.43	0.44	0.44	0	0	0.43
255000	0.41	0.44	0.44	0	0	0.41
255100	0.41	0.44	0.44	0	0	0.41
255200	0.42	0.44	0.44	0	0	0.42
255300	0.42	0.44	0.44	0	0	0.42
255400	0.42	0.44	0.44	0	0	0.42
255500	0.43	0.44	0.44	0	0	0.43
255600	0.43	0.44	0.44	0	0	0.43
255700	0.43	0.44	0.44	0	0	0.43
255800	0.43	0.44	0.44	0	0	0.43
255900	0.43	0.44	0.44	0	0	0.43
256000	0.43	0.44	0.44	0	0	0.43
256100	0.43	0.44	0.44	0	0	0.43
256200	0.43	0.44	0.44	0	0	0.43
256300	0.43	0.44	0.44	0	0	0.43
256400	0.43	0.44	0.44	0	0	0.43
256500	0.43	0.44	0.44	0	0	0.43
256600	0.43	0.45	0.45	0	0	0.43
256700	0.43	0.44	0.44	0	0	0.43
256800	0.43	0.45	0.45	0	0	0.43
256900	0.43	0.44	0.44	0	0	0.43
257000	0.43	0.44	0.44	0	0	0.43
257100	0.43	0.44	0.44	0	0	0.43
257200	0.43	0.44	0.44	0	0	0.43
257300	0.43	0.44	0.44	0	0	0.43
257400	0.43	0.44	0.44	0	0	0.43
257500	0.43	0.44	0.44	0	0	0.43
257600	0.43	0.44	0.44	0	0	0.43
257700	0.43	0.44	0.44	0	0	0.43
257800	0.43	0.44	0.44	0	0	0.43
257900	0.43	0.44	0.44	0	0	0.43
258000	0.43	0.44	0.44	0	0	0.43
258100	0.43	0.44	0.44	0	0	0.43
258200	0.43	0.44	0.44	0	0	0.43
258300	0.43	0.44	0.44	0	0	0.43
258400	0.43	0.44	0.44	0	0	0.43
258500	0.43	0.44	0.44	0	0	0.43
258600	0.43	0.44	0.44	0	0	0.43
258700	0.43	0.44	0.44	0	0	0.43
258800	0.43	0.44	0.44	0	0	0.43
258900	0.43	0.44	0.44	0	0	0.43
259000	0.43	0.44	0.44	0	0	0.43
259100	0.43	0.44	0.44	0	0	0.43
259200	0.43	0.44	0.44	0	0	0.43
259300	0.43	0.45	0.45	0	0	0.43
259400	0.43	0.44	0.44	0	0	0.43
259500	0.43	0.44	0.44	0	0	0.43
259600	0.43	0.44	0.44	0	0	0.43
259700	0.43	0.44	0.44	0	0	0.43
259800	0.43	0.44	0.44	0	0	0.43
259900	0.43	0.44	0.44	0	0	0.43
260000	0.43	0.44	0.44	0	0	0.43
260100	0.43	0.44	0.44	0	0	0.43
260200	0.44	0.44	0.44	0	0	0.44
260300	0.44	0.44	0.44	0	0	0.44
260400	0.44	0.44	0.44	0	0	0.44
260500	0.44	0.44	0.44	0	0	0.44
260600	0.44	0.44	0.44	0	0	0.44
260700	0.44	0.44	0.44	0	0	0.44
260800	0.44	0.44	0.44	0	0	0.44
260900	0.44	0.44	0.44	0	0	0.44
261000	0.44	0.45	0.45	0	0	0.44
261100	0.44	0.45	0.45	0	0	0.44
261200	0.44	0.45	0.45	0	0	0.44
261300	0.44	0.45	0.45	0	0	0.44
261400	0.44	0.45	0.45	0	0	0.44
261500	0.44	0.45	0.45	0	0	0.44
261600	0.43	0.46	0.46	0	0	0.43
261700	0.43	0.46	0.46	0	0	0.43
261800	0.43	0.46	0.46	0	0	0.43
261900	0.43	0.46	0.46	0	0	0.43
262000	0.43	0.46	0.46	0	0	0.43
262100	0.43	0.46	0.46	0	0	0.43
262200	0.43	0.46	0.46	0	0	0.43
262300	0.43	0.46	0.46	0	0	0.43
262400	0.43	0.46	0.46	0	0	0.43
262500	0.43	0.46	0.46	0	0	0.43
262600	0.43	0.47	0.47	0	0	0.43
262700	0.43	0.46	0.46	0	0	0.43
262800	0.43	0.46	0.46	0	0	0.43
262900	0.43	0.46	0.46	0	0	0.43
263000	0.43	0.46	0.46	0	0	0.43
263100	0.43	0.46	0.46	0	0	0.43
263200	0.43	0.46	0.46	0	0	0.43
263300	0.43	0.46	0.46	0	0	0.43
263400	0.43	0.46	0.46	0	0	0.43
263500	0.43	0.47	0.47	0	0	0.43
263600	0.43	0.47	0.47	0	0	0.43
263700	0.43	0.47	0.47	0	0	0.43
263800	0.43	0.47	0.47	0	0	0.43
263900	0.43	0.47	0.47	0	0	0.43
264000	0.43	0.47	0.47	0	0	0.43
264100	0.43	0.47	0.47	0	0	0.43
264200	0.43	0.47	0.47	0	0	0.43
264300	0.43	0.47	0.47	0	0	0.43
264400	0.43	0.47	0.47	0	0	0.43
264500	0.43	0.47	0.47	0	0	0.43
264600	0.43	0.47	0.47	0	0	0.43
264700	0.43	0.47	0.47	0	0	0.43
264800	0.43	0.47	0.47	0	0	0.43
264900	0.43	0.47	0.47	0	0	0.43
265000	0.43	0.46	0.46	0	0	0.43
265100	0.43	0.46	0.46	0	0	0.43
265200	0.44	0.47	0.47	0	0	0.44
265300	0.44	0.47	0.47	0	0	0.44
265400	0.44	0.47	0.47	0	0	0.44
265500	0.44	0.47	0.47	0	0	0.44
265600	0.44	0.47	0.47	0	0	0.44
265700	0.44	0.47	0.47	0	0	0.44
265800	0.44	0.48	0.48	0	0	0.44
265900	0.44	0.47	0.47	0	0	0.44
266000	0.44	0.47	0.47	0	0	0.44
266100	0.44	0.47	0.47	0	0	0.44
266200	0.44	0.47	0.47	0	0	0.44
266300	0.44	0.47	0.47	0	0	0.44
266400	0.44	0.47	0.47	0	0	0.44
266500	0.44	0.47	0.47	0	0	0.44
266600	0.44	0.47	0.47	0	0	0.44
266700	0.44	0.47	0.47	0	0	0.44
266800	0.44	0.47	0.47	0	0	0.44
266900	0.44	0.47	0.47	0	0	0.44
267000	0.44	0.47	0.47	0	0	0.44
267100	0.44	0.47	0.47	0	0	0.44
267200	0.44	0.47	0.47	0	0	0.44
267300	0.44	0.47	0.47	0	0	0.44
267400	0.44	0.47	0.47	0	0	0.44
267500	0.44	0.48	0.48	0	0	0.44
267600	0.44	0.48	0.48	0	0	0.44
267700	0.44	0.48	0.48	0	0	0.44
267800	0.44	0.48	0.48	0	0	0.44
267900	0.44	0.48	0.48	0	0	0.44
268000	0.44	0.48	0.48	0	0	0.44
268100	0.44	0.48	0.48	0	0	0.44
268200	0.44	0.48	0.48	0	0	0.44
268300	0.44	0.48	0.48	0	0	0.44
268400	0.44	0.48	0.48	0	0	0.44
268500	0.44	0.48	0.48	0	0	0.44
268600	0.44	0.48	0.48	0	0	0.44
268700	0.44	0.48	0.48	0	0	0.44
268800	0.44	0.48	0.48	0	0	0.44
268900	0.44	0.48	0.48	0	0	0.44
269000	0.44	0.48	0.48	0	0	0.44
269100	0.44	0.48	0.48	0	0	0.44
269200	0.44	0.48	0.48	0	0	0.44
269300	0.44	0.48	0.48	0	0	0.44
269400	0.44	0.48	0.48	0	0	0.44
269500	0.44	0.48	0.48	0	0	0.44
269600	0.44	0.48	0.48	0	0	0.44
269700	0.44	0.48	0.48	0	0	0.44
269800	0.44	0.48	0.48	0	0	0.44
269900	0.44	0.48	0.48	0	0	0.44
270000	0.44	0.48	0.48	0	0	0.44
270100	0.44	0.48	0.48	0	0	0.44
270200	0.44	0.48	0.48	0	0	0.44
270300	0.44	0.48	0.48	0	0	0.44
270400	0.44	0.48	0.48	0	0	0.44
270500	0.44	0.48	0.48	0	0	0.44
270600	0.44	0.48	0.48	0	0	0.44
270700	0.44	0.48	0.48	0	0	0.44
270800	0.44	0.48	0.48	0	0	0.44
270900	0.44	0.48	0.48	0	0	0.44
271000	0.44	0.48	0.48	0	0	0.44
271100	0.44	0.47	0.47	0	0	0.44
271200	0.44	0.47	0.47	0	0	0.44
271300	0.44	0.47	0.47	0	0	0.44
271400	0.44	0.47	0.47	0	0	0.44
271500	0.44	0.47	0.47	0	0	0.44
271600	0.44	0.47	0.47	0	0	0.44
271700	0.44	0.47	0.47	0	0	0.44
271800	0.44	0.47	0.47	0	0	0.44
271900	0.44	0.47	0.47	0	0	0.44
272000	0.44	0.47	0.47	0	0	0.44
272100	0.44	0.47	0.47	0	0	0.44
272200	0.44	0.47	0.47	0	0	0.44
272300	0.44	0.47	0.47	0	0	0.44
272400	0.44	0.47	0.47	0	0	0.44
272500	0.44	0.46	0.46	0	0	0.44
272600	0.44	0.46	0.46	0	0	0.44
272700	0.44	0.46	0.46	0	0	0.44
272800	0.44	0.46	0.46	0	0	0.44
272900	0.44	0.46	0.46	0	0	0.44
273000	0.44	0.46	0.46	0	0	0.44
273100	0.44	0.46	0.46	0	0	0.44
273200	0.44	0.46	0.46	0	0	0.44
273300	0.44	0.47	0.47	0	0	0.44
273400	0.44	0.47	0.47	0	0	0.44
273500	0.44	0.47	0.47	0	0	0.44
273600	0.44	0.47	0.47	0	0	0.44
273700	0.44	0.47	0.47	0	0	0.44
273800	0.44	0.47	0.47	0	0	0.44
273900	0.44	0.47	0.47	0	0	0.44
274000	0.44	0.47	0.47	0	0	0.44
274100	0.44	0.47	0.47	0	0	0.44
274200	0.44	0.47	0.47	0	0	0.44
274300	0.44	0.47	0.47	0	0	0.44
274400	0.44	0.47	0.47	0	0	0.44
274500	0.44	0.47	0.47	0	0	0.44
274600	0.44	0.47	0.47	0	0	0.44
274700	0.44	0.47	0.47	0	0	0.44
274800	0.44	0.47	0.47	0	0	0.44
274900	0.44	0.47	0.47	0	0	0.44
275000	0.44	0.47	0.47	0	0	0.44
275100	0.44	0.47	0.47	0	0	0.44
275200	0.44	0.47	0.47	0	0	0.44
275300	0.44	0.47	0.47	0	0	0.44
275400	0.44	0.47	0.47	0	0	0.44
275500	0.44	0.47	0.47	0	0	0.44
275600	0.44	0.48	0.48	0	0	0.44
275700	0.44	0.48	0.48	0	0	0.44
275800	0.44	0.48	0.48	0	0	0.44
275900	0.44	0.48	0.48	0	0	0.44
276000	0.44	0.48	0.48	0	0	0.44
276100	0.44	0.48	0.48	0	0	0.44
276200	0.44	0.48	0.48	0	0	0.44
276300	0.44	0.48	0.48	0	0	0.44
276400	0.44	0.48	0.48	0	0	0.44
276500	0.44	0.48	0.48	0	0	0.44
276600	0.44	0.48	0.48	0	0	0.44
276700	0.44	0.48	0.48	0	0	0.44
276800	0.44	0.48	0.48	0	0	0.44
276900	0.44	0.48	0.48	0	0	0.44
277000	0.44	0.48	0.48	0	0	0.44
277100	0.44	0.48	0.48	0	0	0.44
277200	0.44	0.48	0.48	0	0	0.44
277300	0.44	0.48	0.48	0	0	0.44
277400	0.44	0.48	0.48	0	0	0.44
277500	0.44	0.48	0.48	0	0	0.44
277600	0.44	0.48	0.48	0	0	0.44
277700	0.44	0.48	0.48	0	0	0.44
277800	0.44	0.48	0.48	0	0	0.44
277900	0.44	0.48	0.48	0	0	0.44
278000	0.44	0.48	0.48	0	0	0.44
278100	0.44	0.48	0.48	0	0	0.44
278200	0.44	0.48	0.48	0	0	0.44
278300	0.44	0.48	0.48	0	0	0.44
278400	0.44	0.48	0.48	0	0	0.44
278500	0.44	0.48	0.48	0	0	0.44
278600	0.44	0.48	0.48	0	0	0.44
278700	0.44	0.48	0.48	0	0	0.44
278800	0.43	0.48	0.48	0	0	0.43
278900	0.43	0.48	0.48	0	0	0.43
279000	0.43	0.48	0.48	0	0	0.43
279100	0.43	0.48	0.48	0	0	0.43
279200	0.43	0.48	0.48	0	0	0.43
279300	0.43	0.48	0.48	0	0	0.43
279400	0.43	0.48	0.48	0	0	0.43
279500	0.43	0.48	0.48	0	0	0.43
279600	0.43	0.48	0.48	0	0	0.43
279700	0.43	0.48	0.48	0	0	0.43
279800	0.43	0.48	0.48	0	0	0.43
279900	0.43	0.49	0.49	0	0	0.43
280000	0.43	0.49	0.49	0	0	0.43
280100	0.43	0.49	0.49	0	0	0.43
280200	0.43	0.49	0.49	0	0	0.43
280300	0.43	0.49	0.49	0	0	0.43
280400	0.43	0.49	0.49	0	0	0.43
280500	0.43	0.49	0.49	0	0	0.43
280600	0.43	0.49	0.49	0	0	0.43
280700	0.43	0.49	0.49	0	0	0.43
280800	0.43	0.49	0.49	0	0	0.43
280900	0.43	0.49	0.49	0	0	0.43
281000	0.43	0.49	0.49	0	0	0.43
281100	0.43	0.49	0.49	0	0	0.43
281200	0.43	0.49	0.49	0	0	0.43
281300	0.43	0.48	0.48	0	0	0.43
281400	0.43	0.47	0.47	0	0	0.43
281500	0.43	0.47	0.47	0	0	0.43
281600	0.43	0.47	0.47	0	0	0.43
281700	0.43	0.47	0.47	0	0	0.43
281800	0.43	0.47	0.47	0	0	0.43
281900	0.44	0.47	0.47	0	0	0.44
282000	0.44	0.47	0.47	0	0	0.44
282100	0.44	0.47	0.47	0	0	0.44
282200	0.44	0.47	0.47	0	0	0.44
282300	0.44	0.47	0.47	0	0	0.44
282400	0.44	0.47	0.47	0	0	0.44
282500	0.44	0.47	0.47	0	0	0.44
282600	0.44	0.47	0.47	0	0	0.44
282700	0.44	0.47	0.47	0	0	0.44
282800	0.44	0.47	0.47	0	0	0.44
282900	0.44	0.47	0.47	0	0	0.44
283000	0.45	0.47	0.47	0	0	0.45
283100	0.44	0.47	0.47	0	0	0.44
283200	0.44	0.47	0.47	0	0	0.44
283300	0.44	0.47	0.47	0	0	0.44
283400	0.44	0.47	0.47	0	0	0.44
283500	0.44	0.47	0.47	0	0	0.44
283600	0.44	0.47	0.47	0	0	0.44
283700	0.44	0.47	0.47	0	0	0.44
283800	0.44	0.47	0.47	0	0	0.44
283900	0.44	0.47	0.47	0	0	0.44
284000	0.44	0.47	0.47	0	0	0.44
284100	0.44	0.47	0.47	0	0	0.44
284200	0.44	0.47	0.47	0	0	0.44
284300	0.43	0.47	0.47	0	0	0.43
284400	0.43	0.47	0.47	0	0	0.43
284500	0.43	0.46	0.46	0	0	0.43
284600	0.43	0.46	0.46	0	0	0.43
284700	0.43	0.46	0.46	0	0	0.43
284800	0.43	0.46	0.46	0	0	0.43
284900	0.43	0.46	0.46	0	0	0.43
285000	0.43	0.46	0.46	0	0	0.43
285100	0.43	0.46	0.46	0	0	0.43
285200	0.43	0.46	0.46	0	0	0.43
285300	0.43	0.46	0.46	0	0	0.43
285400	0.43	0.46	0.46	0	0	0.43
285500	0.43	0.46	0.46	0	0	0.43
285600	0.43	0.46	0.46	0	0	0.43
285700	0.43	0.46	0.46	0	0	0.43
285800	0.43	0.46	0.46	0	0	0.43
285900	0.43	0.46	0.46	0	0	0.43
286000	0.44	0.46	0.46	0	0	0.44
286100	0.44	0.46	0.46	0	0	0.44
286200	0.44	0.46	0.46	0	0	0.44
286300	0.44	0.46	0.46	0	0	0.44
286400	0.44	0.46	0.46	0	0	0.44
286500	0.44	0.46	0.46	0	0	0.44
286600	0.44	0.46	0.46	0	0	0.44
286700	0.44	0.46	0.46	0	0	0.44
286800	0.44	0.47	0.47	0	0	0.44
286900	0.44	0.47	0.47	0	0	0.44
287000	0.44	0.47	0.47	0	0	0.44
287100	0.44	0.47	0.47	0	0	0.44
287200	0.44	0.47	0.47	0	0	0.44
287300	0.44	0.46	0.46	0	0	0.44
287400	0.44	0.45	0.45	0	0	0.44
287500	0.44	0.45	0.45	0	0	0.44
287600	0.44	0.45	0.45	0	0	0.44
287700	0.44	0.45	0.45	0	0	0.44
287800	0.44	0.45	0.45	0	0	0.44
287900	0.44	0.45	0.45	0	0	0.44
288000	0.44	0.45	0.45	0	0	0.44
288100	0.44	0.45	0.45	0	0	0.44
288200	0.44	0.45	0.45	0	0	0.44
288300	0.44	0.45	0.45	0	0	0.44
288400	0.44	0.45	0.45	0	0	0.44
288500	0.44	0.45	0.45	0	0	0.44
288600	0.44	0.45	0.45	0	0	0.44
288700	0.44	0.45	0.45	0	0	0.44
288800	0.44	0.45	0.45	0	0	0.44
288900	0.44	0.45	0.45	0	0	0.44
289000	0.44	0.45	0.45	0	0	0.44
289100	0.44	0.45	0.45	0	0	0.44
289200	0.44	0.45	0.45	0	0	0.44
289300	0.44	0.45	0.45	0	0	0.44
289400	0.44	0.45	0.45	0	0	0.44
289500	0.45	0.45	0.45	0	0	0.45
289600	0.45	0.45	0.45	0	0	0.45
289700	0.45	0.45	0.45	0	0	0.45
289800	0.45	0.45	0.45	0	0	0.45
289900	0.45	0.45	0.45	0	0	0.45
290000	0.45	0.45	0.45	0	0	0.45
290100	0.45	0.45	0.45	0	0	0.45
290200	0.44	0.45	0.45	0	0	0.44
290300	0.44	0.45	0.45	0	0	0.44
290400	0.44	0.45	0.45	0	0	0.44
290500	0.44	0.45	0.45	0	0	0.44
290600	0.44	0.45	0.45	0	0	0.44
290700	0.44	0.45	0.45	0	0	0.44
290800	0.45	0.45	0.45	0	0	0.45
290900	0.45	0.45	0.45	0	0	0.45
291000	0.44	0.45	0.45	0	0	0.44
291100	0.44	0.45	0.45	0	0	0.44
291200	0.44	0.45	0.45	0	0	0.44
291300	0.44	0.45	0.45	0	0	0.44
291400	0.44	0.45	0.45	0	0	0.44
291500	0.44	0.45	0.45	0	0	0.44
291600	0.44	0.45	0.45	0	0	0.44
291700	0.44	0.45	0.45	0	0	0.44
291800	0.44	0.45	0.45	0	0	0.44
291900	0.44	0.45	0.45	0	0	0.44
292000	0.44	0.46	0.46	0	0	0.44
292100	0.44	0.46	0.46	0	0	0.44
292200	0.44	0.46	0.46	0	0	0.44
292300	0.44	0.46	0.46	0	0	0.44
292400	0.44	0.46	0.46	0	0	0.44
292500	0.44	0.46	0.46	0	0	0.44
292600	0.44	0.45	0.45	0	0	0.44
292700	0.44	0.45	0.45	0	0	0.44
292800	0.44	0.45	0.45	0	0	0.44
292900	0.44	0.45	0.45	0	0	0.44
293000	0.44	0.45	0.45	0	0	0.44
293100	0.44	0.45	0.45	0	0	0.44
293200	0.44	0.45	0.45	0	0	0.44
293300	0.44	0.45	0.45	0	0	0.44
293400	0.44	0.45	0.45	0	0	0.44
293500	0.44	0.45	0.45	0	0	0.44
293600	0.44	0.45	0.45	0	0	0.44
293700	0.44	0.45	0.45	0	0	0.44
293800	0.44	0.45	0.45	0	0	0.44
293900	0.44	0.45	0.45	0	0	0.44
294000	0.44	0.45	0.45	0	0	0.44
294100	0.44	0.45	0.45	0	0	0.44
294200	0.44	0.45	0.45	0	0	0.44
294300	0.44	0.45	0.45	0	0	0.44
294400	0.44	0.45	0.45	0	0	0.44
294500	0.44	0.45	0.45	0	0	0.44
294600	0.44	0.45	0.45	0	0	0.44
294700	0.44	0.45	0.45	0	0	0.44
294800	0.44	0.45	0.45	0	0	0.44
294900	0.44	0.45	0.45	0	0	0.44
295000	0.44	0.45	0.45	0	0	0.44
295100	0.44	0.45	0.45	0	0	0.44
295200	0.44	0.45	0.45	0	0	0.44
295300	0.44	0.45	0.45	0	0	0.44
295400	0.44	0.45	0.45	0	0	0.44
295500	0.44	0.45	0.45	0	0	0.44
295600	0.44	0.45	0.45	0	0	0.44
295700	0.44	0.45	0.45	0	0	0.44
295800	0.44	0.45	0.45	0	0	0.44
295900	0.44	0.45	0.45	0	0	0.44
296000	0.44	0.45	0.45	0	0	0.44
296100	0.44	0.45	0.45	0	0	0.44
296200	0.44	0.45	0.45	0	0	0.44
296300	0.44	0.45	0.45	0	0	0.44
296400	0.44	0.45	0.45	0	0	0.44
296500	0.44	0.45	0.45	0	0	0.44
296600	0.44	0.45	0.45	0	0	0.44
296700	0.44	0.45	0.45	0	0	0.44
296800	0.44	0.45	0.45	0	0	0.44
296900	0.44	0.45	0.45	0	0	0.44
297000	0.44	0.45	0.45	0	0	0.44
297100	0.44	0.46	0.46	0	0	0.44
297200	0.44	0.46	0.46	0	0	0.44
297300	0.44	0.46	0.46	0	0	0.44
297400	0.44	0.46	0.46	0	0	0.44
297500	0.44	0.46	0.46	0	0	0.44
297600	0.44	0.46	0.46	0	0	0.44
297700	0.44	0.46	0.46	0	0	0.44
297800	0.44	0.46	0.46	0	0	0.44
297900	0.44	0.46	0.46	0	0	0.44
298000	0.44	0.46	0.46	0	0	0.44
298100	0.44	0.46	0.46	0	0	0.44
298200	0.44	0.46	0.46	0	0	0.44
298300	0.44	0.46	0.46	0	0	0.44
298400	0.44	0.46	0.46	0	0	0.44
298500	0.44	0.46	0.46	0	0	0.44
298600	0.44	0.46	0.46	0	0	0.44
298700	0.44	0.46	0.46	0	0	0.44
298800	0.44	0.46	0.46	0	0	0.44
298900	0.44	0.46	0.46	0	0	0.44
299000	0.44	0.46	0.46	0	0	0.44
299100	0.44	0.46	0.46	0	0	0.44
299200	0.44	0.46	0.46	0	0	0.44
299300	0.44	0.46	0.46	0	0	0.44
299400	0.44	0.46	0.46	0	0	0.44
299500	0.44	0.47	0.47	0	0	0.44
299600	0.44	0.47	0.47	0	0	0.44
299700	0.44	0.47	0.47	0	0	0.44
299800	0.44	0.47	0.47	0	0	0.44
299900	0.44	0.47	0.47	0	0	0.44
300000	0.44	0.47	0.47	0	0	0.44
