100	0.11	0.06	0.06	0	0	0.11
200	0.1	0.09	0.09	0	0	0.1
300	0.11	0.08	0.08	0	0	0.11
400	0.12	0.07	0.07	0	0	0.12
500	0.13	0.08	0.08	0	0	0.13
600	0.12	0.07	0.07	0	0	0.12
700	0.14	0.08	0.08	0	0	0.14
800	0.15	0.08	0.08	0	0	0.15
900	0.17	0.1	0.1	0	0	0.17
1000	0.18	0.1	0.1	0	0	0.18
1100	0.18	0.12	0.12	0	0	0.18
1200	0.17	0.12	0.12	0	0	0.17
1300	0.18	0.13	0.13	0	0	0.18
1400	0.21	0.13	0.13	0	0	0.21
1500	0.22	0.13	0.13	0	0	0.22
1600	0.2	0.14	0.14	0	0	0.2
1700	0.19	0.15	0.15	0	0	0.19
1800	0.21	0.16	0.16	0	0	0.21
1900	0.2	0.16	0.16	0	0	0.2
2000	0.2	0.16	0.16	0	0	0.2
2100	0.21	0.16	0.16	0	0	0.21
2200	0.21	0.17	0.17	0	0	0.21
2300	0.21	0.18	0.18	0	0	0.21
2400	0.22	0.2	0.2	0	0	0.22
2500	0.22	0.2	0.2	0	0	0.22
2600	0.22	0.2	0.2	0	0	0.22
2700	0.22	0.21	0.21	0	0	0.22
2800	0.22	0.21	0.21	0	0	0.22
2900	0.22	0.22	0.22	0	0	0.22
3000	0.22	0.2	0.2	0	0	0.22
3100	0.22	0.18	0.18	0	0	0.22
3200	0.23	0.18	0.18	0	0	0.23
3300	0.23	0.17	0.17	0	0	0.23
3400	0.23	0.18	0.18	0	0	0.23
3500	0.23	0.17	0.17	0	0	0.23
3600	0.25	0.17	0.17	0	0	0.25
3700	0.24	0.19	0.19	0	0	0.24
3800	0.24	0.19	0.19	0	0	0.24
3900	0.23	0.19	0.19	0	0	0.23
4000	0.22	0.19	0.19	0	0	0.22
4100	0.22	0.19	0.19	0	0	0.22
4200	0.21	0.21	0.21	0	0	0.21
4300	0.22	0.23	0.23	0	0	0.22
4400	0.22	0.22	0.22	0	0	0.22
4500	0.19	0.22	0.22	0	0	0.19
4600	0.19	0.22	0.22	0	0	0.19
4700	0.2	0.21	0.21	0	0	0.2
4800	0.19	0.22	0.22	0	0	0.19
4900	0.19	0.21	0.21	0	0	0.19
5000	0.19	0.22	0.22	0	0	0.19
5100	0.19	0.22	0.22	0	0	0.19
5200	0.22	0.22	0.22	0	0	0.22
5300	0.23	0.23	0.23	0	0	0.23
5400	0.22	0.23	0.23	0	0	0.22
5500	0.23	0.22	0.22	0	0	0.23
5600	0.24	0.22	0.22	0	0	0.24
5700	0.24	0.22	0.22	0	0	0.24
5800	0.24	0.22	0.22	0	0	0.24
5900	0.24	0.23	0.23	0	0	0.24
6000	0.26	0.25	0.25	0	0	0.26
6100	0.26	0.27	0.27	0	0	0.26
6200	0.28	0.28	0.28	0	0	0.28
6300	0.27	0.28	0.28	0	0	0.27
6400	0.27	0.29	0.29	0	0	0.27
6500	0.24	0.29	0.29	0	0	0.24
6600	0.25	0.29	0.29	0	0	0.25
6700	0.24	0.29	0.29	0	0	0.24
6800	0.23	0.29	0.29	0	0	0.23
6900	0.23	0.29	0.29	0	0	0.23
7000	0.23	0.29	0.29	0	0	0.23
7100	0.25	0.29	0.29	0	0	0.25
7200	0.25	0.29	0.29	0	0	0.25
7300	0.26	0.3	0.3	0	0	0.26
7400	0.26	0.3	0.3	0	0	0.26
7500	0.26	0.29	0.29	0	0	0.26
7600	0.22	0.29	0.29	0	0	0.22
7700	0.22	0.3	0.3	0	0	0.22
7800	0.21	0.31	0.31	0	0	0.21
7900	0.2	0.31	0.31	0	0	0.2
8000	0.19	0.31	0.31	0	0	0.19
8100	0.18	0.31	0.31	0	0	0.18
8200	0.19	0.31	0.31	0	0	0.19
8300	0.2	0.31	0.31	0	0	0.2
8400	0.22	0.32	0.32	0	0	0.22
8500	0.2	0.33	0.33	0	0	0.2
8600	0.19	0.33	0.33	0	0	0.19
8700	0.18	0.32	0.32	0	0	0.18
8800	0.18	0.33	0.33	0	0	0.18
8900	0.15	0.33	0.33	0	0	0.15
9000	0.16	0.31	0.31	0	0	0.16
9100	0.15	0.29	0.29	0	0	0.15
9200	0.15	0.29	0.29	0	0	0.15
9300	0.16	0.29	0.29	0	0	0.16
9400	0.17	0.3	0.3	0	0	0.17
9500	0.17	0.29	0.29	0	0	0.17
9600	0.18	0.29	0.29	0	0	0.18
9700	0.18	0.29	0.29	0	0	0.18
9800	0.18	0.31	0.31	0	0	0.18
9900	0.18	0.3	0.3	0	0	0.18
10000	0.19	0.3	0.3	0	0	0.19
10100	0.21	0.3	0.3	0	0	0.21
10200	0.21	0.3	0.3	0	0	0.21
10300	0.21	0.3	0.3	0	0	0.21
10400	0.22	0.29	0.29	0	0	0.22
10500	0.24	0.29	0.29	0	0	0.24
10600	0.26	0.29	0.29	0	0	0.26
10700	0.26	0.29	0.29	0	0	0.26
10800	0.25	0.29	0.29	0	0	0.25
10900	0.24	0.31	0.31	0	0	0.24
11000	0.25	0.31	0.31	0	0	0.25
11100	0.26	0.31	0.31	0	0	0.26
11200	0.25	0.31	0.31	0	0	0.25
11300	0.25	0.31	0.31	0	0	0.25
11400	0.25	0.32	0.32	0	0	0.25
11500	0.25	0.33	0.33	0	0	0.25
11600	0.26	0.35	0.35	0	0	0.26
11700	0.28	0.34	0.34	0	0	0.28
11800	0.27	0.34	0.34	0	0	0.27
11900	0.28	0.34	0.34	0	0	0.28
12000	0.29	0.35	0.35	0	0	0.29
12100	0.27	0.34	0.34	0	0	0.27
12200	0.27	0.35	0.35	0	0	0.27
12300	0.27	0.34	0.34	0	0	0.27
12400	0.27	0.33	0.33	0	0	0.27
12500	0.26	0.33	0.33	0	0	0.26
12600	0.26	0.32	0.32	0	0	0.26
12700	0.27	0.31	0.31	0	0	0.27
12800	0.27	0.29	0.29	0	0	0.27
12900	0.26	0.25	0.25	0	0	0.26
13000	0.26	0.25	0.25	0	0	0.26
13100	0.26	0.24	0.24	0	0	0.26
13200	0.29	0.25	0.25	0	0	0.29
13300	0.29	0.23	0.23	0	0	0.29
13400	0.27	0.22	0.22	0	0	0.27
13500	0.27	0.23	0.23	0	0	0.27
13600	0.28	0.22	0.22	0	0	0.28
13700	0.29	0.22	0.22	0	0	0.29
13800	0.29	0.22	0.22	0	0	0.29
13900	0.3	0.22	0.22	0	0	0.3
14000	0.3	0.21	0.21	0	0	0.3
14100	0.29	0.22	0.22	0	0	0.29
14200	0.26	0.22	0.22	0	0	0.26
14300	0.24	0.22	0.22	0	0	0.24
14400	0.25	0.22	0.22	0	0	0.25
14500	0.24	0.23	0.23	0	0	0.24
14600	0.24	0.23	0.23	0	0	0.24
14700	0.24	0.23	0.23	0	0	0.24
14800	0.25	0.23	0.23	0	0	0.25
14900	0.25	0.26	0.26	0	0	0.25
15000	0.27	0.29	0.29	0	0	0.27
15100	0.26	0.29	0.29	0	0	0.26
15200	0.25	0.29	0.29	0	0	0.25
15300	0.26	0.29	0.29	0	0	0.26
15400	0.26	0.29	0.29	0	0	0.26
15500	0.26	0.29	0.29	0	0	0.26
15600	0.27	0.31	0.31	0	0	0.27
15700	0.27	0.31	0.31	0	0	0.27
15800	0.27	0.3	0.3	0	0	0.27
15900	0.28	0.3	0.3	0	0	0.28
16000	0.28	0.3	0.3	0	0	0.28
16100	0.27	0.3	0.3	0	0	0.27
16200	0.27	0.3	0.3	0	0	0.27
16300	0.28	0.3	0.3	0	0	0.28
16400	0.27	0.29	0.29	0	0	0.27
16500	0.27	0.3	0.3	0	0	0.27
16600	0.27	0.31	0.31	0	0	0.27
16700	0.29	0.31	0.31	0	0	0.29
16800	0.29	0.32	0.32	0	0	0.29
16900	0.28	0.31	0.31	0	0	0.28
17000	0.28	0.3	0.3	0	0	0.28
17100	0.28	0.29	0.29	0	0	0.28
17200	0.28	0.3	0.3	0	0	0.28
17300	0.28	0.29	0.29	0	0	0.28
17400	0.28	0.29	0.29	0	0	0.28
17500	0.28	0.29	0.29	0	0	0.28
17600	0.27	0.28	0.28	0	0	0.27
17700	0.28	0.29	0.29	0	0	0.28
17800	0.28	0.3	0.3	0	0	0.28
17900	0.28	0.29	0.29	0	0	0.28
18000	0.28	0.29	0.29	0	0	0.28
18100	0.28	0.29	0.29	0	0	0.28
18200	0.28	0.3	0.3	0	0	0.28
18300	0.28	0.31	0.31	0	0	0.28
18400	0.28	0.3	0.3	0	0	0.28
18500	0.29	0.3	0.3	0	0	0.29
18600	0.29	0.3	0.3	0	0	0.29
18700	0.29	0.31	0.31	0	0	0.29
18800	0.3	0.31	0.31	0	0	0.3
18900	0.3	0.31	0.31	0	0	0.3
19000	0.31	0.31	0.31	0	0	0.31
19100	0.31	0.31	0.31	0	0	0.31
19200	0.31	0.31	0.31	0	0	0.31
19300	0.3	0.31	0.31	0	0	0.3
19400	0.3	0.3	0.3	0	0	0.3
19500	0.3	0.32	0.32	0	0	0.3
19600	0.29	0.32	0.32	0	0	0.29
19700	0.31	0.32	0.32	0	0	0.31
19800	0.31	0.32	0.32	0	0	0.31
19900	0.32	0.32	0.32	0	0	0.32
20000	0.31	0.32	0.32	0	0	0.31
20100	0.31	0.32	0.32	0	0	0.31
20200	0.3	0.32	0.32	0	0	0.3
20300	0.29	0.33	0.33	0	0	0.29
20400	0.29	0.33	0.33	0	0	0.29
20500	0.29	0.33	0.33	0	0	0.29
20600	0.29	0.34	0.34	0	0	0.29
20700	0.29	0.34	0.34	0	0	0.29
20800	0.29	0.34	0.34	0	0	0.29
20900	0.29	0.33	0.33	0	0	0.29
21000	0.29	0.33	0.33	0	0	0.29
21100	0.29	0.33	0.33	0	0	0.29
21200	0.3	0.33	0.33	0	0	0.3
21300	0.3	0.33	0.33	0	0	0.3
21400	0.31	0.33	0.33	0	0	0.31
21500	0.31	0.35	0.35	0	0	0.31
21600	0.31	0.34	0.34	0	0	0.31
21700	0.31	0.34	0.34	0	0	0.31
21800	0.32	0.34	0.34	0	0	0.32
21900	0.32	0.34	0.34	0	0	0.32
22000	0.32	0.35	0.35	0	0	0.32
22100	0.32	0.35	0.35	0	0	0.32
22200	0.33	0.34	0.34	0	0	0.33
22300	0.33	0.34	0.34	0	0	0.33
22400	0.33	0.34	0.34	0	0	0.33
22500	0.33	0.33	0.33	0	0	0.33
22600	0.32	0.33	0.33	0	0	0.32
22700	0.32	0.33	0.33	0	0	0.32
22800	0.33	0.33	0.33	0	0	0.33
22900	0.33	0.33	0.33	0	0	0.33
23000	0.33	0.33	0.33	0	0	0.33
23100	0.33	0.33	0.33	0	0	0.33
23200	0.33	0.33	0.33	0	0	0.33
23300	0.33	0.33	0.33	0	0	0.33
23400	0.33	0.33	0.33	0	0	0.33
23500	0.33	0.33	0.33	0	0	0.33
23600	0.34	0.34	0.34	0	0	0.34
23700	0.36	0.34	0.34	0	0	0.36
23800	0.35	0.34	0.34	0	0	0.35
23900	0.35	0.35	0.35	0	0	0.35
24000	0.35	0.35	0.35	0	0	0.35
24100	0.35	0.35	0.35	0	0	0.35
24200	0.37	0.34	0.34	0	0	0.37
24300	0.36	0.33	0.33	0	0	0.36
24400	0.35	0.33	0.33	0	0	0.35
24500	0.35	0.33	0.33	0	0	0.35
24600	0.34	0.33	0.33	0	0	0.34
24700	0.34	0.33	0.33	0	0	0.34
24800	0.35	0.33	0.33	0	0	0.35
24900	0.35	0.33	0.33	0	0	0.35
25000	0.35	0.33	0.33	0	0	0.35
25100	0.35	0.33	0.33	0	0	0.35
25200	0.35	0.35	0.35	0	0	0.35
25300	0.36	0.33	0.33	0	0	0.36
25400	0.37	0.34	0.34	0	0	0.37
25500	0.37	0.35	0.35	0	0	0.37
25600	0.37	0.35	0.35	0	0	0.37
25700	0.37	0.35	0.35	0	0	0.37
25800	0.38	0.36	0.36	0	0	0.38
25900	0.36	0.36	0.36	0	0	0.36
26000	0.37	0.36	0.36	0	0	0.37
26100	0.37	0.35	0.35	0	0	0.37
26200	0.37	0.36	0.36	0	0	0.37
26300	0.37	0.36	0.36	0	0	0.37
26400	0.37	0.36	0.36	0	0	0.37
26500	0.37	0.35	0.35	0	0	0.37
26600	0.36	0.36	0.36	0	0	0.36
26700	0.36	0.36	0.36	0	0	0.36
26800	0.36	0.37	0.37	0	0	0.36
26900	0.35	0.37	0.37	0	0	0.35
27000	0.35	0.36	0.36	0	0	0.35
27100	0.36	0.36	0.36	0	0	0.36
27200	0.36	0.37	0.37	0	0	0.36
27300	0.36	0.37	0.37	0	0	0.36
27400	0.36	0.37	0.37	0	0	0.36
27500	0.36	0.37	0.37	0	0	0.36
27600	0.36	0.37	0.37	0	0	0.36
27700	0.37	0.38	0.38	0	0	0.37
27800	0.38	0.37	0.37	0	0	0.38
27900	0.38	0.36	0.36	0	0	0.38
28000	0.39	0.36	0.36	0	0	0.39
28100	0.38	0.36	0.36	0	0	0.38
28200	0.38	0.37	0.37	0	0	0.38
28300	0.37	0.38	0.38	0	0	0.37
28400	0.36	0.37	0.37	0	0	0.36
28500	0.36	0.36	0.36	0	0	0.36
28600	0.36	0.36	0.36	0	0	0.36
28700	0.36	0.37	0.37	0	0	0.36
28800	0.36	0.37	0.37	0	0	0.36
28900	0.36	0.37	0.37	0	0	0.36
29000	0.36	0.37	0.37	0	0	0.36
29100	0.36	0.36	0.36	0	0	0.36
29200	0.37	0.36	0.36	0	0	0.37
29300	0.36	0.37	0.37	0	0	0.36
29400	0.35	0.36	0.36	0	0	0.35
29500	0.35	0.37	0.37	0	0	0.35
29600	0.35	0.37	0.37	0	0	0.35
29700	0.35	0.36	0.36	0	0	0.35
29800	0.35	0.36	0.36	0	0	0.35
29900	0.35	0.36	0.36	0	0	0.35
30000	0.35	0.36	0.36	0	0	0.35
30100	0.36	0.37	0.37	0	0	0.36
30200	0.36	0.37	0.37	0	0	0.36
30300	0.37	0.37	0.37	0	0	0.37
30400	0.36	0.37	0.37	0	0	0.36
30500	0.36	0.37	0.37	0	0	0.36
30600	0.36	0.38	0.38	0	0	0.36
30700	0.36	0.38	0.38	0	0	0.36
30800	0.37	0.37	0.37	0	0	0.37
30900	0.37	0.37	0.37	0	0	0.37
31000	0.37	0.37	0.37	0	0	0.37
31100	0.37	0.37	0.37	0	0	0.37
31200	0.37	0.37	0.37	0	0	0.37
31300	0.37	0.37	0.37	0	0	0.37
31400	0.38	0.37	0.37	0	0	0.38
31500	0.37	0.37	0.37	0	0	0.37
31600	0.37	0.37	0.37	0	0	0.37
31700	0.37	0.37	0.37	0	0	0.37
31800	0.37	0.38	0.38	0	0	0.37
31900	0.37	0.37	0.37	0	0	0.37
32000	0.38	0.37	0.37	0	0	0.38
32100	0.38	0.37	0.37	0	0	0.38
32200	0.38	0.37	0.37	0	0	0.38
32300	0.38	0.37	0.37	0	0	0.38
32400	0.38	0.37	0.37	0	0	0.38
32500	0.38	0.38	0.38	0	0	0.38
32600	0.38	0.38	0.38	0	0	0.38
32700	0.38	0.38	0.38	0	0	0.38
32800	0.38	0.38	0.38	0	0	0.38
32900	0.38	0.38	0.38	0	0	0.38
33000	0.38	0.38	0.38	0	0	0.38
33100	0.39	0.38	0.38	0	0	0.39
33200	0.39	0.38	0.38	0	0	0.39
33300	0.39	0.38	0.38	0	0	0.39
33400	0.39	0.38	0.38	0	0	0.39
33500	0.39	0.38	0.38	0	0	0.39
33600	0.39	0.38	0.38	0	0	0.39
33700	0.38	0.38	0.38	0	0	0.38
33800	0.38	0.38	0.38	0	0	0.38
33900	0.38	0.38	0.38	0	0	0.38
34000	0.38	0.38	0.38	0	0	0.38
34100	0.38	0.38	0.38	0	0	0.38
34200	0.39	0.38	0.38	0	0	0.39
34300	0.4	0.38	0.38	0	0	0.4
34400	0.4	0.38	0.38	0	0	0.4
34500	0.39	0.38	0.38	0	0	0.39
34600	0.39	0.38	0.38	0	0	0.39
34700	0.4	0.38	0.38	0	0	0.4
34800	0.4	0.38	0.38	0	0	0.4
34900	0.4	0.38	0.38	0	0	0.4
35000	0.4	0.38	0.38	0	0	0.4
35100	0.4	0.38	0.38	0	0	0.4
35200	0.4	0.38	0.38	0	0	0.4
35300	0.4	0.38	0.38	0	0	0.4
35400	0.4	0.38	0.38	0	0	0.4
35500	0.4	0.38	0.38	0	0	0.4
35600	0.4	0.38	0.38	0	0	0.4
35700	0.4	0.39	0.39	0	0	0.4
35800	0.39	0.38	0.38	0	0	0.39
35900	0.39	0.38	0.38	0	0	0.39
36000	0.39	0.38	0.38	0	0	0.39
36100	0.39	0.38	0.38	0	0	0.39
36200	0.39	0.38	0.38	0	0	0.39
36300	0.39	0.38	0.38	0	0	0.39
36400	0.39	0.38	0.38	0	0	0.39
36500	0.37	0.38	0.38	0	0	0.37
36600	0.37	0.38	0.38	0	0	0.37
36700	0.36	0.38	0.38	0	0	0.36
36800	0.36	0.38	0.38	0	0	0.36
36900	0.36	0.38	0.38	0	0	0.36
37000	0.36	0.38	0.38	0	0	0.36
37100	0.36	0.38	0.38	0	0	0.36
37200	0.37	0.38	0.38	0	0	0.37
37300	0.37	0.38	0.38	0	0	0.37
37400	0.37	0.39	0.39	0	0	0.37
37500	0.37	0.39	0.39	0	0	0.37
37600	0.37	0.39	0.39	0	0	0.37
37700	0.37	0.38	0.38	0	0	0.37
37800	0.37	0.38	0.38	0	0	0.37
37900	0.37	0.38	0.38	0	0	0.37
38000	0.38	0.38	0.38	0	0	0.38
38100	0.38	0.39	0.39	0	0	0.38
38200	0.38	0.39	0.39	0	0	0.38
38300	0.38	0.39	0.39	0	0	0.38
38400	0.38	0.39	0.39	0	0	0.38
38500	0.39	0.39	0.39	0	0	0.39
38600	0.39	0.39	0.39	0	0	0.39
38700	0.39	0.39	0.39	0	0	0.39
38800	0.4	0.39	0.39	0	0	0.4
38900	0.4	0.39	0.39	0	0	0.4
39000	0.4	0.39	0.39	0	0	0.4
39100	0.4	0.39	0.39	0	0	0.4
39200	0.4	0.39	0.39	0	0	0.4
39300	0.41	0.39	0.39	0	0	0.41
39400	0.41	0.39	0.39	0	0	0.41
39500	0.41	0.39	0.39	0	0	0.41
39600	0.41	0.39	0.39	0	0	0.41
39700	0.41	0.39	0.39	0	0	0.41
39800	0.41	0.4	0.4	0	0	0.41
39900	0.41	0.4	0.4	0	0	0.41
40000	0.41	0.42	0.42	0	0	0.41
40100	0.41	0.41	0.41	0	0	0.41
40200	0.41	0.41	0.41	0	0	0.41
40300	0.41	0.4	0.4	0	0	0.41
40400	0.42	0.4	0.4	0	0	0.42
40500	0.41	0.4	0.4	0	0	0.41
40600	0.41	0.4	0.4	0	0	0.41
40700	0.41	0.4	0.4	0	0	0.41
40800	0.41	0.4	0.4	0	0	0.41
40900	0.41	0.4	0.4	0	0	0.41
41000	0.41	0.4	0.4	0	0	0.41
41100	0.42	0.4	0.4	0	0	0.42
41200	0.41	0.4	0.4	0	0	0.41
41300	0.41	0.4	0.4	0	0	0.41
41400	0.41	0.4	0.4	0	0	0.41
41500	0.41	0.4	0.4	0	0	0.41
41600	0.41	0.4	0.4	0	0	0.41
41700	0.42	0.4	0.4	0	0	0.42
41800	0.42	0.4	0.4	0	0	0.42
41900	0.4	0.4	0.4	0	0	0.4
42000	0.4	0.4	0.4	0	0	0.4
42100	0.41	0.4	0.4	0	0	0.41
42200	0.41	0.4	0.4	0	0	0.41
42300	0.41	0.4	0.4	0	0	0.41
42400	0.41	0.4	0.4	0	0	0.41
42500	0.41	0.4	0.4	0	0	0.41
42600	0.4	0.4	0.4	0	0	0.4
42700	0.4	0.4	0.4	0	0	0.4
42800	0.4	0.39	0.39	0	0	0.4
42900	0.4	0.39	0.39	0	0	0.4
43000	0.4	0.39	0.39	0	0	0.4
43100	0.4	0.39	0.39	0	0	0.4
43200	0.4	0.38	0.38	0	0	0.4
43300	0.4	0.39	0.39	0	0	0.4
43400	0.4	0.38	0.38	0	0	0.4
43500	0.4	0.38	0.38	0	0	0.4
43600	0.4	0.39	0.39	0	0	0.4
43700	0.4	0.39	0.39	0	0	0.4
43800	0.4	0.4	0.4	0	0	0.4
43900	0.4	0.41	0.41	0	0	0.4
44000	0.4	0.41	0.41	0	0	0.4
44100	0.4	0.4	0.4	0	0	0.4
44200	0.4	0.4	0.4	0	0	0.4
44300	0.4	0.4	0.4	0	0	0.4
44400	0.4	0.4	0.4	0	0	0.4
44500	0.4	0.4	0.4	0	0	0.4
44600	0.41	0.4	0.4	0	0	0.41
44700	0.41	0.39	0.39	0	0	0.41
44800	0.43	0.39	0.39	0	0	0.43
44900	0.43	0.39	0.39	0	0	0.43
45000	0.42	0.39	0.39	0	0	0.42
45100	0.42	0.39	0.39	0	0	0.42
45200	0.42	0.4	0.4	0	0	0.42
45300	0.42	0.4	0.4	0	0	0.42
45400	0.42	0.4	0.4	0	0	0.42
45500	0.42	0.4	0.4	0	0	0.42
45600	0.42	0.4	0.4	0	0	0.42
45700	0.43	0.4	0.4	0	0	0.43
45800	0.42	0.42	0.42	0	0	0.42
45900	0.42	0.42	0.42	0	0	0.42
46000	0.42	0.42	0.42	0	0	0.42
46100	0.42	0.41	0.41	0	0	0.42
46200	0.42	0.41	0.41	0	0	0.42
46300	0.43	0.41	0.41	0	0	0.43
46400	0.42	0.41	0.41	0	0	0.42
46500	0.42	0.41	0.41	0	0	0.42
46600	0.41	0.41	0.41	0	0	0.41
46700	0.41	0.41	0.41	0	0	0.41
46800	0.41	0.41	0.41	0	0	0.41
46900	0.41	0.41	0.41	0	0	0.41
47000	0.41	0.41	0.41	0	0	0.41
47100	0.41	0.41	0.41	0	0	0.41
47200	0.42	0.41	0.41	0	0	0.42
47300	0.42	0.41	0.41	0	0	0.42
47400	0.41	0.41	0.41	0	0	0.41
47500	0.41	0.41	0.41	0	0	0.41
47600	0.41	0.41	0.41	0	0	0.41
47700	0.41	0.41	0.41	0	0	0.41
47800	0.41	0.41	0.41	0	0	0.41
47900	0.41	0.41	0.41	0	0	0.41
48000	0.41	0.42	0.42	0	0	0.41
48100	0.41	0.42	0.42	0	0	0.41
48200	0.41	0.42	0.42	0	0	0.41
48300	0.41	0.42	0.42	0	0	0.41
48400	0.41	0.42	0.42	0	0	0.41
48500	0.41	0.41	0.41	0	0	0.41
48600	0.41	0.41	0.41	0	0	0.41
48700	0.41	0.41	0.41	0	0	0.41
48800	0.41	0.41	0.41	0	0	0.41
48900	0.41	0.41	0.41	0	0	0.41
49000	0.41	0.41	0.41	0	0	0.41
49100	0.41	0.41	0.41	0	0	0.41
49200	0.41	0.41	0.41	0	0	0.41
49300	0.41	0.41	0.41	0	0	0.41
49400	0.41	0.4	0.4	0	0	0.41
49500	0.41	0.4	0.4	0	0	0.41
49600	0.41	0.4	0.4	0	0	0.41
49700	0.41	0.4	0.4	0	0	0.41
49800	0.41	0.4	0.4	0	0	0.41
49900	0.41	0.4	0.4	0	0	0.41
50000	0.41	0.4	0.4	0	0	0.41
50100	0.41	0.4	0.4	0	0	0.41
50200	0.41	0.4	0.4	0	0	0.41
50300	0.42	0.4	0.4	0	0	0.42
50400	0.42	0.4	0.4	0	0	0.42
50500	0.42	0.4	0.4	0	0	0.42
50600	0.42	0.4	0.4	0	0	0.42
50700	0.42	0.4	0.4	0	0	0.42
50800	0.41	0.4	0.4	0	0	0.41
50900	0.41	0.4	0.4	0	0	0.41
51000	0.41	0.4	0.4	0	0	0.41
51100	0.41	0.4	0.4	0	0	0.41
51200	0.41	0.4	0.4	0	0	0.41
51300	0.41	0.4	0.4	0	0	0.41
51400	0.41	0.4	0.4	0	0	0.41
51500	0.42	0.4	0.4	0	0	0.42
51600	0.42	0.4	0.4	0	0	0.42
51700	0.42	0.4	0.4	0	0	0.42
51800	0.42	0.4	0.4	0	0	0.42
51900	0.42	0.4	0.4	0	0	0.42
52000	0.42	0.4	0.4	0	0	0.42
52100	0.42	0.42	0.42	0	0	0.42
52200	0.41	0.4	0.4	0	0	0.41
52300	0.41	0.4	0.4	0	0	0.41
52400	0.41	0.41	0.41	0	0	0.41
52500	0.41	0.41	0.41	0	0	0.41
52600	0.41	0.42	0.42	0	0	0.41
52700	0.41	0.41	0.41	0	0	0.41
52800	0.41	0.41	0.41	0	0	0.41
52900	0.41	0.41	0.41	0	0	0.41
53000	0.41	0.41	0.41	0	0	0.41
53100	0.42	0.41	0.41	0	0	0.42
53200	0.42	0.41	0.41	0	0	0.42
53300	0.41	0.41	0.41	0	0	0.41
53400	0.41	0.41	0.41	0	0	0.41
53500	0.41	0.41	0.41	0	0	0.41
53600	0.41	0.41	0.41	0	0	0.41
53700	0.41	0.41	0.41	0	0	0.41
53800	0.41	0.41	0.41	0	0	0.41
53900	0.41	0.41	0.41	0	0	0.41
54000	0.41	0.41	0.41	0	0	0.41
54100	0.41	0.41	0.41	0	0	0.41
54200	0.41	0.41	0.41	0	0	0.41
54300	0.41	0.41	0.41	0	0	0.41
54400	0.4	0.41	0.41	0	0	0.4
54500	0.4	0.41	0.41	0	0	0.4
54600	0.4	0.41	0.41	0	0	0.4
54700	0.4	0.41	0.41	0	0	0.4
54800	0.4	0.42	0.42	0	0	0.4
54900	0.4	0.42	0.42	0	0	0.4
55000	0.4	0.42	0.42	0	0	0.4
55100	0.42	0.42	0.42	0	0	0.42
55200	0.4	0.42	0.42	0	0	0.4
55300	0.39	0.42	0.42	0	0	0.39
55400	0.38	0.42	0.42	0	0	0.38
55500	0.38	0.42	0.42	0	0	0.38
55600	0.38	0.42	0.42	0	0	0.38
55700	0.37	0.42	0.42	0	0	0.37
55800	0.37	0.42	0.42	0	0	0.37
55900	0.38	0.42	0.42	0	0	0.38
56000	0.37	0.42	0.42	0	0	0.37
56100	0.37	0.42	0.42	0	0	0.37
56200	0.37	0.43	0.43	0	0	0.37
56300	0.37	0.43	0.43	0	0	0.37
56400	0.37	0.43	0.43	0	0	0.37
56500	0.37	0.43	0.43	0	0	0.37
56600	0.36	0.42	0.42	0	0	0.36
56700	0.38	0.42	0.42	0	0	0.38
56800	0.38	0.42	0.42	0	0	0.38
56900	0.37	0.42	0.42	0	0	0.37
57000	0.37	0.42	0.42	0	0	0.37
57100	0.37	0.41	0.41	0	0	0.37
57200	0.37	0.41	0.41	0	0	0.37
57300	0.37	0.41	0.41	0	0	0.37
57400	0.37	0.42	0.42	0	0	0.37
57500	0.37	0.42	0.42	0	0	0.37
57600	0.37	0.42	0.42	0	0	0.37
57700	0.37	0.42	0.42	0	0	0.37
57800	0.37	0.42	0.42	0	0	0.37
57900	0.38	0.42	0.42	0	0	0.38
58000	0.38	0.42	0.42	0	0	0.38
58100	0.38	0.42	0.42	0	0	0.38
58200	0.38	0.42	0.42	0	0	0.38
58300	0.39	0.42	0.42	0	0	0.39
58400	0.39	0.41	0.41	0	0	0.39
58500	0.38	0.41	0.41	0	0	0.38
58600	0.38	0.42	0.42	0	0	0.38
58700	0.38	0.42	0.42	0	0	0.38
58800	0.38	0.42	0.42	0	0	0.38
58900	0.38	0.42	0.42	0	0	0.38
59000	0.37	0.42	0.42	0	0	0.37
59100	0.37	0.42	0.42	0	0	0.37
59200	0.37	0.42	0.42	0	0	0.37
59300	0.37	0.43	0.43	0	0	0.37
59400	0.37	0.43	0.43	0	0	0.37
59500	0.37	0.42	0.42	0	0	0.37
59600	0.37	0.42	0.42	0	0	0.37
59700	0.37	0.43	0.43	0	0	0.37
59800	0.37	0.42	0.42	0	0	0.37
59900	0.37	0.42	0.42	0	0	0.37
60000	0.38	0.42	0.42	0	0	0.38
60100	0.38	0.42	0.42	0	0	0.38
60200	0.37	0.42	0.42	0	0	0.37
60300	0.37	0.43	0.43	0	0	0.37
60400	0.37	0.43	0.43	0	0	0.37
60500	0.37	0.42	0.42	0	0	0.37
60600	0.37	0.42	0.42	0	0	0.37
60700	0.37	0.42	0.42	0	0	0.37
60800	0.37	0.42	0.42	0	0	0.37
60900	0.37	0.42	0.42	0	0	0.37
61000	0.37	0.43	0.43	0	0	0.37
61100	0.37	0.43	0.43	0	0	0.37
61200	0.37	0.43	0.43	0	0	0.37
61300	0.38	0.43	0.43	0	0	0.38
61400	0.38	0.43	0.43	0	0	0.38
61500	0.38	0.43	0.43	0	0	0.38
61600	0.37	0.43	0.43	0	0	0.37
61700	0.36	0.43	0.43	0	0	0.36
61800	0.36	0.43	0.43	0	0	0.36
61900	0.36	0.43	0.43	0	0	0.36
62000	0.36	0.43	0.43	0	0	0.36
62100	0.36	0.42	0.42	0	0	0.36
62200	0.36	0.42	0.42	0	0	0.36
62300	0.36	0.42	0.42	0	0	0.36
62400	0.36	0.42	0.42	0	0	0.36
62500	0.36	0.42	0.42	0	0	0.36
62600	0.36	0.42	0.42	0	0	0.36
62700	0.36	0.42	0.42	0	0	0.36
62800	0.36	0.42	0.42	0	0	0.36
62900	0.36	0.42	0.42	0	0	0.36
63000	0.36	0.42	0.42	0	0	0.36
63100	0.36	0.42	0.42	0	0	0.36
63200	0.36	0.42	0.42	0	0	0.36
63300	0.37	0.42	0.42	0	0	0.37
63400	0.38	0.42	0.42	0	0	0.38
63500	0.38	0.42	0.42	0	0	0.38
63600	0.37	0.42	0.42	0	0	0.37
63700	0.37	0.42	0.42	0	0	0.37
63800	0.37	0.42	0.42	0	0	0.37
63900	0.36	0.42	0.42	0	0	0.36
64000	0.36	0.44	0.44	0	0	0.36
64100	0.36	0.43	0.43	0	0	0.36
64200	0.36	0.42	0.42	0	0	0.36
64300	0.36	0.42	0.42	0	0	0.36
64400	0.36	0.42	0.42	0	0	0.36
64500	0.36	0.42	0.42	0	0	0.36
64600	0.36	0.42	0.42	0	0	0.36
64700	0.36	0.42	0.42	0	0	0.36
64800	0.36	0.42	0.42	0	0	0.36
64900	0.36	0.42	0.42	0	0	0.36
65000	0.36	0.42	0.42	0	0	0.36
65100	0.36	0.42	0.42	0	0	0.36
65200	0.36	0.42	0.42	0	0	0.36
65300	0.37	0.42	0.42	0	0	0.37
65400	0.37	0.42	0.42	0	0	0.37
65500	0.37	0.42	0.42	0	0	0.37
65600	0.37	0.42	0.42	0	0	0.37
65700	0.37	0.42	0.42	0	0	0.37
65800	0.37	0.42	0.42	0	0	0.37
65900	0.37	0.42	0.42	0	0	0.37
66000	0.39	0.42	0.42	0	0	0.39
66100	0.39	0.42	0.42	0	0	0.39
66200	0.38	0.42	0.42	0	0	0.38
66300	0.38	0.42	0.42	0	0	0.38
66400	0.38	0.42	0.42	0	0	0.38
66500	0.38	0.42	0.42	0	0	0.38
66600	0.38	0.42	0.42	0	0	0.38
66700	0.38	0.42	0.42	0	0	0.38
66800	0.39	0.43	0.43	0	0	0.39
66900	0.39	0.43	0.43	0	0	0.39
67000	0.39	0.42	0.42	0	0	0.39
67100	0.38	0.42	0.42	0	0	0.38
67200	0.38	0.42	0.42	0	0	0.38
67300	0.38	0.42	0.42	0	0	0.38
67400	0.38	0.42	0.42	0	0	0.38
67500	0.38	0.42	0.42	0	0	0.38
67600	0.38	0.42	0.42	0	0	0.38
67700	0.38	0.42	0.42	0	0	0.38
67800	0.38	0.42	0.42	0	0	0.38
67900	0.38	0.42	0.42	0	0	0.38
68000	0.38	0.42	0.42	0	0	0.38
68100	0.38	0.42	0.42	0	0	0.38
68200	0.38	0.42	0.42	0	0	0.38
68300	0.38	0.42	0.42	0	0	0.38
68400	0.38	0.42	0.42	0	0	0.38
68500	0.38	0.42	0.42	0	0	0.38
68600	0.38	0.42	0.42	0	0	0.38
68700	0.38	0.42	0.42	0	0	0.38
68800	0.38	0.43	0.43	0	0	0.38
68900	0.38	0.43	0.43	0	0	0.38
69000	0.38	0.43	0.43	0	0	0.38
69100	0.39	0.42	0.42	0	0	0.39
69200	0.39	0.42	0.42	0	0	0.39
69300	0.39	0.42	0.42	0	0	0.39
69400	0.39	0.43	0.43	0	0	0.39
69500	0.39	0.43	0.43	0	0	0.39
69600	0.39	0.43	0.43	0	0	0.39
69700	0.39	0.43	0.43	0	0	0.39
69800	0.39	0.43	0.43	0	0	0.39
69900	0.4	0.43	0.43	0	0	0.4
70000	0.4	0.43	0.43	0	0	0.4
70100	0.39	0.43	0.43	0	0	0.39
70200	0.4	0.43	0.43	0	0	0.4
70300	0.38	0.43	0.43	0	0	0.38
70400	0.36	0.43	0.43	0	0	0.36
70500	0.36	0.43	0.43	0	0	0.36
70600	0.36	0.43	0.43	0	0	0.36
70700	0.36	0.43	0.43	0	0	0.36
70800	0.37	0.43	0.43	0	0	0.37
70900	0.35	0.43	0.43	0	0	0.35
71000	0.35	0.43	0.43	0	0	0.35
71100	0.35	0.43	0.43	0	0	0.35
71200	0.35	0.43	0.43	0	0	0.35
71300	0.36	0.43	0.43	0	0	0.36
71400	0.36	0.44	0.44	0	0	0.36
71500	0.36	0.44	0.44	0	0	0.36
71600	0.36	0.44	0.44	0	0	0.36
71700	0.36	0.44	0.44	0	0	0.36
71800	0.36	0.44	0.44	0	0	0.36
71900	0.37	0.44	0.44	0	0	0.37
72000	0.36	0.44	0.44	0	0	0.36
72100	0.36	0.44	0.44	0	0	0.36
72200	0.37	0.44	0.44	0	0	0.37
72300	0.36	0.44	0.44	0	0	0.36
72400	0.36	0.44	0.44	0	0	0.36
72500	0.36	0.44	0.44	0	0	0.36
72600	0.36	0.44	0.44	0	0	0.36
72700	0.36	0.44	0.44	0	0	0.36
72800	0.37	0.44	0.44	0	0	0.37
72900	0.37	0.44	0.44	0	0	0.37
73000	0.37	0.44	0.44	0	0	0.37
73100	0.37	0.44	0.44	0	0	0.37
73200	0.37	0.44	0.44	0	0	0.37
73300	0.37	0.44	0.44	0	0	0.37
73400	0.38	0.44	0.44	0	0	0.38
73500	0.38	0.44	0.44	0	0	0.38
73600	0.38	0.44	0.44	0	0	0.38
73700	0.37	0.44	0.44	0	0	0.37
73800	0.37	0.44	0.44	0	0	0.37
73900	0.37	0.44	0.44	0	0	0.37
74000	0.37	0.44	0.44	0	0	0.37
74100	0.37	0.44	0.44	0	0	0.37
74200	0.37	0.44	0.44	0	0	0.37
74300	0.38	0.44	0.44	0	0	0.38
74400	0.39	0.44	0.44	0	0	0.39
74500	0.38	0.44	0.44	0	0	0.38
74600	0.38	0.44	0.44	0	0	0.38
74700	0.39	0.44	0.44	0	0	0.39
74800	0.39	0.44	0.44	0	0	0.39
74900	0.39	0.44	0.44	0	0	0.39
75000	0.39	0.44	0.44	0	0	0.39
75100	0.39	0.44	0.44	0	0	0.39
75200	0.39	0.44	0.44	0	0	0.39
75300	0.39	0.44	0.44	0	0	0.39
75400	0.39	0.44	0.44	0	0	0.39
75500	0.39	0.44	0.44	0	0	0.39
75600	0.39	0.44	0.44	0	0	0.39
75700	0.39	0.44	0.44	0	0	0.39
75800	0.39	0.44	0.44	0	0	0.39
75900	0.39	0.44	0.44	0	0	0.39
76000	0.4	0.44	0.44	0	0	0.4
76100	0.4	0.45	0.45	0	0	0.4
76200	0.4	0.44	0.44	0	0	0.4
76300	0.4	0.44	0.44	0	0	0.4
76400	0.4	0.44	0.44	0	0	0.4
76500	0.4	0.44	0.44	0	0	0.4
76600	0.41	0.44	0.44	0	0	0.41
76700	0.4	0.44	0.44	0	0	0.4
76800	0.4	0.44	0.44	0	0	0.4
76900	0.4	0.44	0.44	0	0	0.4
77000	0.4	0.44	0.44	0	0	0.4
77100	0.4	0.44	0.44	0	0	0.4
77200	0.4	0.44	0.44	0	0	0.4
77300	0.4	0.44	0.44	0	0	0.4
77400	0.4	0.44	0.44	0	0	0.4
77500	0.39	0.44	0.44	0	0	0.39
77600	0.39	0.44	0.44	0	0	0.39
77700	0.39	0.44	0.44	0	0	0.39
77800	0.39	0.44	0.44	0	0	0.39
77900	0.39	0.44	0.44	0	0	0.39
78000	0.39	0.44	0.44	0	0	0.39
78100	0.39	0.45	0.45	0	0	0.39
78200	0.39	0.45	0.45	0	0	0.39
78300	0.39	0.45	0.45	0	0	0.39
78400	0.4	0.45	0.45	0	0	0.4
78500	0.4	0.45	0.45	0	0	0.4
78600	0.4	0.46	0.46	0	0	0.4
78700	0.4	0.45	0.45	0	0	0.4
78800	0.4	0.45	0.45	0	0	0.4
78900	0.4	0.45	0.45	0	0	0.4
79000	0.4	0.45	0.45	0	0	0.4
79100	0.4	0.45	0.45	0	0	0.4
79200	0.4	0.45	0.45	0	0	0.4
79300	0.4	0.45	0.45	0	0	0.4
79400	0.4	0.45	0.45	0	0	0.4
79500	0.4	0.45	0.45	0	0	0.4
79600	0.4	0.45	0.45	0	0	0.4
79700	0.4	0.45	0.45	0	0	0.4
79800	0.4	0.45	0.45	0	0	0.4
79900	0.4	0.45	0.45	0	0	0.4
80000	0.4	0.45	0.45	0	0	0.4
80100	0.4	0.45	0.45	0	0	0.4
80200	0.4	0.45	0.45	0	0	0.4
80300	0.4	0.45	0.45	0	0	0.4
80400	0.41	0.45	0.45	0	0	0.41
80500	0.4	0.44	0.44	0	0	0.4
80600	0.4	0.44	0.44	0	0	0.4
80700	0.4	0.44	0.44	0	0	0.4
80800	0.4	0.44	0.44	0	0	0.4
80900	0.4	0.44	0.44	0	0	0.4
81000	0.4	0.45	0.45	0	0	0.4
81100	0.4	0.45	0.45	0	0	0.4
81200	0.4	0.44	0.44	0	0	0.4
81300	0.4	0.44	0.44	0	0	0.4
81400	0.4	0.44	0.44	0	0	0.4
81500	0.4	0.44	0.44	0	0	0.4
81600	0.4	0.44	0.44	0	0	0.4
81700	0.4	0.44	0.44	0	0	0.4
81800	0.4	0.44	0.44	0	0	0.4
81900	0.4	0.44	0.44	0	0	0.4
82000	0.4	0.44	0.44	0	0	0.4
82100	0.4	0.44	0.44	0	0	0.4
82200	0.4	0.44	0.44	0	0	0.4
82300	0.4	0.44	0.44	0	0	0.4
82400	0.4	0.44	0.44	0	0	0.4
82500	0.4	0.44	0.44	0	0	0.4
82600	0.4	0.44	0.44	0	0	0.4
82700	0.39	0.44	0.44	0	0	0.39
82800	0.39	0.44	0.44	0	0	0.39
82900	0.39	0.44	0.44	0	0	0.39
83000	0.39	0.44	0.44	0	0	0.39
83100	0.39	0.44	0.44	0	0	0.39
83200	0.39	0.44	0.44	0	0	0.39
83300	0.39	0.44	0.44	0	0	0.39
83400	0.39	0.44	0.44	0	0	0.39
83500	0.39	0.44	0.44	0	0	0.39
83600	0.39	0.44	0.44	0	0	0.39
83700	0.39	0.44	0.44	0	0	0.39
83800	0.39	0.44	0.44	0	0	0.39
83900	0.39	0.44	0.44	0	0	0.39
84000	0.39	0.44	0.44	0	0	0.39
84100	0.4	0.44	0.44	0	0	0.4
84200	0.39	0.44	0.44	0	0	0.39
84300	0.39	0.44	0.44	0	0	0.39
84400	0.39	0.44	0.44	0	0	0.39
84500	0.4	0.44	0.44	0	0	0.4
84600	0.4	0.44	0.44	0	0	0.4
84700	0.39	0.44	0.44	0	0	0.39
84800	0.39	0.44	0.44	0	0	0.39
84900	0.39	0.44	0.44	0	0	0.39
85000	0.39	0.44	0.44	0	0	0.39
85100	0.39	0.44	0.44	0	0	0.39
85200	0.39	0.44	0.44	0	0	0.39
85300	0.39	0.44	0.44	0	0	0.39
85400	0.39	0.44	0.44	0	0	0.39
85500	0.39	0.44	0.44	0	0	0.39
85600	0.39	0.44	0.44	0	0	0.39
85700	0.39	0.44	0.44	0	0	0.39
85800	0.39	0.44	0.44	0	0	0.39
85900	0.39	0.44	0.44	0	0	0.39
86000	0.39	0.44	0.44	0	0	0.39
86100	0.39	0.45	0.45	0	0	0.39
86200	0.39	0.44	0.44	0	0	0.39
86300	0.39	0.45	0.45	0	0	0.39
86400	0.39	0.43	0.43	0	0	0.39
86500	0.39	0.43	0.43	0	0	0.39
86600	0.39	0.43	0.43	0	0	0.39
86700	0.39	0.43	0.43	0	0	0.39
86800	0.39	0.43	0.43	0	0	0.39
86900	0.4	0.44	0.44	0	0	0.4
87000	0.39	0.44	0.44	0	0	0.39
87100	0.39	0.44	0.44	0	0	0.39
87200	0.39	0.44	0.44	0	0	0.39
87300	0.39	0.44	0.44	0	0	0.39
87400	0.39	0.44	0.44	0	0	0.39
87500	0.39	0.44	0.44	0	0	0.39
87600	0.4	0.44	0.44	0	0	0.4
87700	0.4	0.44	0.44	0	0	0.4
87800	0.4	0.43	0.43	0	0	0.4
87900	0.4	0.43	0.43	0	0	0.4
88000	0.4	0.43	0.43	0	0	0.4
88100	0.4	0.43	0.43	0	0	0.4
88200	0.4	0.43	0.43	0	0	0.4
88300	0.4	0.43	0.43	0	0	0.4
88400	0.4	0.43	0.43	0	0	0.4
88500	0.4	0.43	0.43	0	0	0.4
88600	0.4	0.43	0.43	0	0	0.4
88700	0.4	0.43	0.43	0	0	0.4
88800	0.4	0.43	0.43	0	0	0.4
88900	0.4	0.44	0.44	0	0	0.4
89000	0.4	0.44	0.44	0	0	0.4
89100	0.41	0.44	0.44	0	0	0.41
89200	0.41	0.43	0.43	0	0	0.41
89300	0.41	0.42	0.42	0	0	0.41
89400	0.4	0.42	0.42	0	0	0.4
89500	0.4	0.42	0.42	0	0	0.4
89600	0.39	0.42	0.42	0	0	0.39
89700	0.37	0.42	0.42	0	0	0.37
89800	0.37	0.42	0.42	0	0	0.37
89900	0.37	0.42	0.42	0	0	0.37
90000	0.37	0.41	0.41	0	0	0.37
90100	0.37	0.41	0.41	0	0	0.37
90200	0.37	0.41	0.41	0	0	0.37
90300	0.37	0.41	0.41	0	0	0.37
90400	0.38	0.41	0.41	0	0	0.38
90500	0.38	0.42	0.42	0	0	0.38
90600	0.38	0.42	0.42	0	0	0.38
90700	0.38	0.42	0.42	0	0	0.38
90800	0.38	0.42	0.42	0	0	0.38
90900	0.38	0.42	0.42	0	0	0.38
91000	0.38	0.42	0.42	0	0	0.38
91100	0.38	0.42	0.42	0	0	0.38
91200	0.38	0.42	0.42	0	0	0.38
91300	0.38	0.42	0.42	0	0	0.38
91400	0.38	0.42	0.42	0	0	0.38
91500	0.38	0.42	0.42	0	0	0.38
91600	0.38	0.42	0.42	0	0	0.38
91700	0.38	0.42	0.42	0	0	0.38
91800	0.38	0.42	0.42	0	0	0.38
91900	0.38	0.42	0.42	0	0	0.38
92000	0.38	0.42	0.42	0	0	0.38
92100	0.38	0.42	0.42	0	0	0.38
92200	0.38	0.42	0.42	0	0	0.38
92300	0.38	0.42	0.42	0	0	0.38
92400	0.38	0.42	0.42	0	0	0.38
92500	0.38	0.43	0.43	0	0	0.38
92600	0.39	0.42	0.42	0	0	0.39
92700	0.39	0.42	0.42	0	0	0.39
92800	0.39	0.42	0.42	0	0	0.39
92900	0.39	0.42	0.42	0	0	0.39
93000	0.39	0.42	0.42	0	0	0.39
93100	0.39	0.42	0.42	0	0	0.39
93200	0.39	0.42	0.42	0	0	0.39
93300	0.39	0.42	0.42	0	0	0.39
93400	0.38	0.42	0.42	0	0	0.38
93500	0.38	0.42	0.42	0	0	0.38
93600	0.38	0.42	0.42	0	0	0.38
93700	0.39	0.42	0.42	0	0	0.39
93800	0.39	0.42	0.42	0	0	0.39
93900	0.39	0.42	0.42	0	0	0.39
94000	0.39	0.42	0.42	0	0	0.39
94100	0.4	0.42	0.42	0	0	0.4
94200	0.39	0.42	0.42	0	0	0.39
94300	0.39	0.42	0.42	0	0	0.39
94400	0.39	0.42	0.42	0	0	0.39
94500	0.39	0.41	0.41	0	0	0.39
94600	0.39	0.41	0.41	0	0	0.39
94700	0.39	0.41	0.41	0	0	0.39
94800	0.38	0.41	0.41	0	0	0.38
94900	0.38	0.41	0.41	0	0	0.38
95000	0.38	0.41	0.41	0	0	0.38
95100	0.38	0.41	0.41	0	0	0.38
95200	0.38	0.41	0.41	0	0	0.38
95300	0.38	0.41	0.41	0	0	0.38
95400	0.38	0.4	0.4	0	0	0.38
95500	0.38	0.4	0.4	0	0	0.38
95600	0.38	0.4	0.4	0	0	0.38
95700	0.38	0.4	0.4	0	0	0.38
95800	0.39	0.4	0.4	0	0	0.39
95900	0.38	0.4	0.4	0	0	0.38
96000	0.39	0.4	0.4	0	0	0.39
96100	0.39	0.4	0.4	0	0	0.39
96200	0.39	0.4	0.4	0	0	0.39
96300	0.39	0.4	0.4	0	0	0.39
96400	0.39	0.4	0.4	0	0	0.39
96500	0.4	0.4	0.4	0	0	0.4
96600	0.4	0.4	0.4	0	0	0.4
96700	0.4	0.4	0.4	0	0	0.4
96800	0.4	0.4	0.4	0	0	0.4
96900	0.4	0.4	0.4	0	0	0.4
97000	0.4	0.4	0.4	0	0	0.4
97100	0.4	0.4	0.4	0	0	0.4
97200	0.41	0.4	0.4	0	0	0.41
97300	0.4	0.4	0.4	0	0	0.4
97400	0.39	0.4	0.4	0	0	0.39
97500	0.38	0.41	0.41	0	0	0.38
97600	0.38	0.4	0.4	0	0	0.38
97700	0.38	0.4	0.4	0	0	0.38
97800	0.39	0.4	0.4	0	0	0.39
97900	0.38	0.41	0.41	0	0	0.38
98000	0.38	0.41	0.41	0	0	0.38
98100	0.38	0.41	0.41	0	0	0.38
98200	0.38	0.41	0.41	0	0	0.38
98300	0.38	0.41	0.41	0	0	0.38
98400	0.38	0.41	0.41	0	0	0.38
98500	0.38	0.41	0.41	0	0	0.38
98600	0.38	0.41	0.41	0	0	0.38
98700	0.38	0.41	0.41	0	0	0.38
98800	0.38	0.41	0.41	0	0	0.38
98900	0.38	0.41	0.41	0	0	0.38
99000	0.38	0.41	0.41	0	0	0.38
99100	0.38	0.41	0.41	0	0	0.38
99200	0.38	0.41	0.41	0	0	0.38
99300	0.38	0.42	0.42	0	0	0.38
99400	0.38	0.42	0.42	0	0	0.38
99500	0.38	0.42	0.42	0	0	0.38
99600	0.38	0.42	0.42	0	0	0.38
99700	0.38	0.42	0.42	0	0	0.38
99800	0.38	0.41	0.41	0	0	0.38
99900	0.38	0.41	0.41	0	0	0.38
100000	0.38	0.41	0.41	0	0	0.38
100100	0.38	0.41	0.41	0	0	0.38
100200	0.38	0.41	0.41	0	0	0.38
100300	0.38	0.41	0.41	0	0	0.38
100400	0.38	0.41	0.41	0	0	0.38
100500	0.38	0.41	0.41	0	0	0.38
100600	0.38	0.41	0.41	0	0	0.38
100700	0.38	0.41	0.41	0	0	0.38
100800	0.38	0.41	0.41	0	0	0.38
100900	0.38	0.41	0.41	0	0	0.38
101000	0.38	0.41	0.41	0	0	0.38
101100	0.38	0.42	0.42	0	0	0.38
101200	0.39	0.41	0.41	0	0	0.39
101300	0.39	0.41	0.41	0	0	0.39
101400	0.39	0.41	0.41	0	0	0.39
101500	0.38	0.41	0.41	0	0	0.38
101600	0.38	0.41	0.41	0	0	0.38
101700	0.38	0.41	0.41	0	0	0.38
101800	0.38	0.41	0.41	0	0	0.38
101900	0.38	0.42	0.42	0	0	0.38
102000	0.38	0.43	0.43	0	0	0.38
102100	0.38	0.43	0.43	0	0	0.38
102200	0.38	0.43	0.43	0	0	0.38
102300	0.38	0.43	0.43	0	0	0.38
102400	0.38	0.43	0.43	0	0	0.38
102500	0.38	0.42	0.42	0	0	0.38
102600	0.38	0.41	0.41	0	0	0.38
102700	0.38	0.41	0.41	0	0	0.38
102800	0.38	0.41	0.41	0	0	0.38
102900	0.39	0.41	0.41	0	0	0.39
103000	0.38	0.4	0.4	0	0	0.38
103100	0.38	0.4	0.4	0	0	0.38
103200	0.38	0.4	0.4	0	0	0.38
103300	0.38	0.4	0.4	0	0	0.38
103400	0.39	0.4	0.4	0	0	0.39
103500	0.38	0.4	0.4	0	0	0.38
103600	0.39	0.4	0.4	0	0	0.39
103700	0.39	0.4	0.4	0	0	0.39
103800	0.39	0.4	0.4	0	0	0.39
103900	0.38	0.4	0.4	0	0	0.38
104000	0.38	0.39	0.39	0	0	0.38
104100	0.38	0.39	0.39	0	0	0.38
104200	0.38	0.39	0.39	0	0	0.38
104300	0.38	0.39	0.39	0	0	0.38
104400	0.38	0.39	0.39	0	0	0.38
104500	0.38	0.39	0.39	0	0	0.38
104600	0.38	0.39	0.39	0	0	0.38
104700	0.38	0.39	0.39	0	0	0.38
104800	0.37	0.39	0.39	0	0	0.37
104900	0.37	0.4	0.4	0	0	0.37
105000	0.37	0.39	0.39	0	0	0.37
105100	0.37	0.39	0.39	0	0	0.37
105200	0.37	0.39	0.39	0	0	0.37
105300	0.37	0.39	0.39	0	0	0.37
105400	0.37	0.39	0.39	0	0	0.37
105500	0.37	0.39	0.39	0	0	0.37
105600	0.38	0.39	0.39	0	0	0.38
105700	0.37	0.39	0.39	0	0	0.37
105800	0.37	0.39	0.39	0	0	0.37
105900	0.37	0.39	0.39	0	0	0.37
106000	0.37	0.39	0.39	0	0	0.37
106100	0.37	0.39	0.39	0	0	0.37
106200	0.37	0.39	0.39	0	0	0.37
106300	0.37	0.39	0.39	0	0	0.37
106400	0.37	0.39	0.39	0	0	0.37
106500	0.37	0.39	0.39	0	0	0.37
106600	0.37	0.39	0.39	0	0	0.37
106700	0.37	0.39	0.39	0	0	0.37
106800	0.37	0.39	0.39	0	0	0.37
106900	0.37	0.39	0.39	0	0	0.37
107000	0.37	0.39	0.39	0	0	0.37
107100	0.37	0.39	0.39	0	0	0.37
107200	0.37	0.39	0.39	0	0	0.37
107300	0.37	0.39	0.39	0	0	0.37
107400	0.38	0.39	0.39	0	0	0.38
107500	0.38	0.39	0.39	0	0	0.38
107600	0.38	0.39	0.39	0	0	0.38
107700	0.38	0.39	0.39	0	0	0.38
107800	0.38	0.39	0.39	0	0	0.38
107900	0.38	0.39	0.39	0	0	0.38
108000	0.38	0.39	0.39	0	0	0.38
108100	0.38	0.39	0.39	0	0	0.38
108200	0.38	0.39	0.39	0	0	0.38
108300	0.38	0.39	0.39	0	0	0.38
108400	0.38	0.39	0.39	0	0	0.38
108500	0.38	0.39	0.39	0	0	0.38
108600	0.37	0.39	0.39	0	0	0.37
108700	0.36	0.4	0.4	0	0	0.36
108800	0.36	0.39	0.39	0	0	0.36
108900	0.36	0.39	0.39	0	0	0.36
109000	0.36	0.39	0.39	0	0	0.36
109100	0.37	0.39	0.39	0	0	0.37
109200	0.37	0.39	0.39	0	0	0.37
109300	0.36	0.39	0.39	0	0	0.36
109400	0.36	0.39	0.39	0	0	0.36
109500	0.36	0.39	0.39	0	0	0.36
109600	0.37	0.39	0.39	0	0	0.37
109700	0.36	0.39	0.39	0	0	0.36
109800	0.37	0.38	0.38	0	0	0.37
109900	0.37	0.38	0.38	0	0	0.37
110000	0.36	0.39	0.39	0	0	0.36
110100	0.36	0.38	0.38	0	0	0.36
110200	0.36	0.38	0.38	0	0	0.36
110300	0.36	0.38	0.38	0	0	0.36
110400	0.36	0.39	0.39	0	0	0.36
110500	0.36	0.39	0.39	0	0	0.36
110600	0.36	0.39	0.39	0	0	0.36
110700	0.36	0.38	0.38	0	0	0.36
110800	0.36	0.38	0.38	0	0	0.36
110900	0.37	0.38	0.38	0	0	0.37
111000	0.37	0.38	0.38	0	0	0.37
111100	0.36	0.38	0.38	0	0	0.36
111200	0.36	0.38	0.38	0	0	0.36
111300	0.36	0.39	0.39	0	0	0.36
111400	0.36	0.39	0.39	0	0	0.36
111500	0.36	0.39	0.39	0	0	0.36
111600	0.37	0.39	0.39	0	0	0.37
111700	0.38	0.39	0.39	0	0	0.38
111800	0.36	0.39	0.39	0	0	0.36
111900	0.36	0.4	0.4	0	0	0.36
112000	0.35	0.39	0.39	0	0	0.35
112100	0.34	0.39	0.39	0	0	0.34
112200	0.33	0.39	0.39	0	0	0.33
112300	0.34	0.39	0.39	0	0	0.34
112400	0.33	0.39	0.39	0	0	0.33
112500	0.33	0.39	0.39	0	0	0.33
112600	0.33	0.39	0.39	0	0	0.33
112700	0.33	0.39	0.39	0	0	0.33
112800	0.33	0.39	0.39	0	0	0.33
112900	0.33	0.39	0.39	0	0	0.33
113000	0.33	0.39	0.39	0	0	0.33
113100	0.33	0.39	0.39	0	0	0.33
113200	0.33	0.39	0.39	0	0	0.33
113300	0.34	0.39	0.39	0	0	0.34
113400	0.36	0.39	0.39	0	0	0.36
113500	0.34	0.39	0.39	0	0	0.34
113600	0.34	0.39	0.39	0	0	0.34
113700	0.33	0.39	0.39	0	0	0.33
113800	0.33	0.39	0.39	0	0	0.33
113900	0.33	0.39	0.39	0	0	0.33
114000	0.33	0.39	0.39	0	0	0.33
114100	0.33	0.39	0.39	0	0	0.33
114200	0.33	0.4	0.4	0	0	0.33
114300	0.33	0.4	0.4	0	0	0.33
114400	0.33	0.39	0.39	0	0	0.33
114500	0.33	0.39	0.39	0	0	0.33
114600	0.33	0.39	0.39	0	0	0.33
114700	0.33	0.39	0.39	0	0	0.33
114800	0.34	0.39	0.39	0	0	0.34
114900	0.33	0.39	0.39	0	0	0.33
115000	0.33	0.39	0.39	0	0	0.33
115100	0.33	0.39	0.39	0	0	0.33
115200	0.34	0.4	0.4	0	0	0.34
115300	0.33	0.4	0.4	0	0	0.33
115400	0.32	0.4	0.4	0	0	0.32
115500	0.32	0.4	0.4	0	0	0.32
115600	0.33	0.4	0.4	0	0	0.33
115700	0.33	0.4	0.4	0	0	0.33
115800	0.33	0.39	0.39	0	0	0.33
115900	0.33	0.38	0.38	0	0	0.33
116000	0.33	0.38	0.38	0	0	0.33
116100	0.33	0.38	0.38	0	0	0.33
116200	0.33	0.38	0.38	0	0	0.33
116300	0.33	0.39	0.39	0	0	0.33
116400	0.33	0.39	0.39	0	0	0.33
116500	0.33	0.39	0.39	0	0	0.33
116600	0.33	0.39	0.39	0	0	0.33
116700	0.33	0.39	0.39	0	0	0.33
116800	0.33	0.39	0.39	0	0	0.33
116900	0.33	0.4	0.4	0	0	0.33
117000	0.33	0.4	0.4	0	0	0.33
117100	0.34	0.4	0.4	0	0	0.34
117200	0.34	0.4	0.4	0	0	0.34
117300	0.34	0.4	0.4	0	0	0.34
117400	0.33	0.4	0.4	0	0	0.33
117500	0.34	0.4	0.4	0	0	0.34
117600	0.34	0.4	0.4	0	0	0.34
117700	0.33	0.4	0.4	0	0	0.33
117800	0.33	0.4	0.4	0	0	0.33
117900	0.33	0.4	0.4	0	0	0.33
118000	0.33	0.4	0.4	0	0	0.33
118100	0.33	0.4	0.4	0	0	0.33
118200	0.33	0.4	0.4	0	0	0.33
118300	0.34	0.4	0.4	0	0	0.34
118400	0.33	0.4	0.4	0	0	0.33
118500	0.33	0.4	0.4	0	0	0.33
118600	0.33	0.4	0.4	0	0	0.33
118700	0.35	0.4	0.4	0	0	0.35
118800	0.35	0.4	0.4	0	0	0.35
118900	0.35	0.4	0.4	0	0	0.35
119000	0.36	0.4	0.4	0	0	0.36
119100	0.36	0.4	0.4	0	0	0.36
119200	0.36	0.4	0.4	0	0	0.36
119300	0.36	0.4	0.4	0	0	0.36
119400	0.36	0.41	0.41	0	0	0.36
119500	0.36	0.4	0.4	0	0	0.36
119600	0.36	0.4	0.4	0	0	0.36
119700	0.36	0.41	0.41	0	0	0.36
119800	0.36	0.4	0.4	0	0	0.36
119900	0.36	0.4	0.4	0	0	0.36
120000	0.36	0.4	0.4	0	0	0.36
120100	0.36	0.4	0.4	0	0	0.36
120200	0.37	0.4	0.4	0	0	0.37
120300	0.36	0.4	0.4	0	0	0.36
120400	0.36	0.4	0.4	0	0	0.36
120500	0.36	0.4	0.4	0	0	0.36
120600	0.36	0.41	0.41	0	0	0.36
120700	0.36	0.41	0.41	0	0	0.36
120800	0.35	0.42	0.42	0	0	0.35
120900	0.35	0.41	0.41	0	0	0.35
121000	0.35	0.41	0.41	0	0	0.35
121100	0.35	0.41	0.41	0	0	0.35
121200	0.35	0.41	0.41	0	0	0.35
121300	0.37	0.41	0.41	0	0	0.37
121400	0.36	0.41	0.41	0	0	0.36
121500	0.36	0.41	0.41	0	0	0.36
121600	0.36	0.41	0.41	0	0	0.36
121700	0.36	0.41	0.41	0	0	0.36
121800	0.36	0.41	0.41	0	0	0.36
121900	0.36	0.41	0.41	0	0	0.36
122000	0.36	0.41	0.41	0	0	0.36
122100	0.36	0.41	0.41	0	0	0.36
122200	0.36	0.41	0.41	0	0	0.36
122300	0.36	0.41	0.41	0	0	0.36
122400	0.36	0.41	0.41	0	0	0.36
122500	0.37	0.41	0.41	0	0	0.37
122600	0.36	0.41	0.41	0	0	0.36
122700	0.36	0.41	0.41	0	0	0.36
122800	0.36	0.41	0.41	0	0	0.36
122900	0.36	0.41	0.41	0	0	0.36
123000	0.36	0.41	0.41	0	0	0.36
123100	0.36	0.41	0.41	0	0	0.36
123200	0.36	0.41	0.41	0	0	0.36
123300	0.36	0.41	0.41	0	0	0.36
123400	0.36	0.41	0.41	0	0	0.36
123500	0.36	0.41	0.41	0	0	0.36
123600	0.36	0.41	0.41	0	0	0.36
123700	0.37	0.41	0.41	0	0	0.37
123800	0.38	0.41	0.41	0	0	0.38
123900	0.37	0.41	0.41	0	0	0.37
124000	0.36	0.41	0.41	0	0	0.36
124100	0.36	0.41	0.41	0	0	0.36
124200	0.36	0.41	0.41	0	0	0.36
124300	0.36	0.41	0.41	0	0	0.36
124400	0.36	0.41	0.41	0	0	0.36
124500	0.36	0.41	0.41	0	0	0.36
124600	0.36	0.42	0.42	0	0	0.36
124700	0.36	0.42	0.42	0	0	0.36
124800	0.36	0.42	0.42	0	0	0.36
124900	0.36	0.42	0.42	0	0	0.36
125000	0.36	0.42	0.42	0	0	0.36
125100	0.36	0.42	0.42	0	0	0.36
125200	0.36	0.42	0.42	0	0	0.36
125300	0.36	0.42	0.42	0	0	0.36
125400	0.36	0.42	0.42	0	0	0.36
125500	0.36	0.42	0.42	0	0	0.36
125600	0.36	0.42	0.42	0	0	0.36
125700	0.36	0.42	0.42	0	0	0.36
125800	0.36	0.42	0.42	0	0	0.36
125900	0.36	0.42	0.42	0	0	0.36
126000	0.37	0.42	0.42	0	0	0.37
126100	0.37	0.42	0.42	0	0	0.37
126200	0.36	0.42	0.42	0	0	0.36
126300	0.36	0.42	0.42	0	0	0.36
126400	0.36	0.42	0.42	0	0	0.36
126500	0.36	0.41	0.41	0	0	0.36
126600	0.36	0.41	0.41	0	0	0.36
126700	0.36	0.41	0.41	0	0	0.36
126800	0.36	0.41	0.41	0	0	0.36
126900	0.36	0.41	0.41	0	0	0.36
127000	0.36	0.41	0.41	0	0	0.36
127100	0.36	0.41	0.41	0	0	0.36
127200	0.37	0.41	0.41	0	0	0.37
127300	0.37	0.41	0.41	0	0	0.37
127400	0.36	0.41	0.41	0	0	0.36
127500	0.36	0.41	0.41	0	0	0.36
127600	0.37	0.41	0.41	0	0	0.37
127700	0.37	0.41	0.41	0	0	0.37
127800	0.37	0.41	0.41	0	0	0.37
127900	0.37	0.41	0.41	0	0	0.37
128000	0.37	0.41	0.41	0	0	0.37
128100	0.37	0.41	0.41	0	0	0.37
128200	0.37	0.41	0.41	0	0	0.37
128300	0.37	0.41	0.41	0	0	0.37
128400	0.37	0.41	0.41	0	0	0.37
128500	0.37	0.41	0.41	0	0	0.37
128600	0.36	0.42	0.42	0	0	0.36
128700	0.36	0.42	0.42	0	0	0.36
128800	0.36	0.41	0.41	0	0	0.36
128900	0.36	0.41	0.41	0	0	0.36
129000	0.36	0.41	0.41	0	0	0.36
129100	0.36	0.41	0.41	0	0	0.36
129200	0.37	0.41	0.41	0	0	0.37
129300	0.37	0.41	0.41	0	0	0.37
129400	0.37	0.41	0.41	0	0	0.37
129500	0.36	0.41	0.41	0	0	0.36
129600	0.36	0.41	0.41	0	0	0.36
129700	0.36	0.41	0.41	0	0	0.36
129800	0.36	0.41	0.41	0	0	0.36
129900	0.35	0.41	0.41	0	0	0.35
130000	0.35	0.41	0.41	0	0	0.35
130100	0.35	0.41	0.41	0	0	0.35
130200	0.35	0.41	0.41	0	0	0.35
130300	0.34	0.41	0.41	0	0	0.34
130400	0.34	0.41	0.41	0	0	0.34
130500	0.34	0.41	0.41	0	0	0.34
130600	0.34	0.41	0.41	0	0	0.34
130700	0.34	0.42	0.42	0	0	0.34
130800	0.34	0.42	0.42	0	0	0.34
130900	0.34	0.42	0.42	0	0	0.34
131000	0.35	0.42	0.42	0	0	0.35
131100	0.34	0.42	0.42	0	0	0.34
131200	0.34	0.42	0.42	0	0	0.34
131300	0.34	0.42	0.42	0	0	0.34
131400	0.34	0.42	0.42	0	0	0.34
131500	0.34	0.42	0.42	0	0	0.34
131600	0.34	0.42	0.42	0	0	0.34
131700	0.34	0.42	0.42	0	0	0.34
131800	0.34	0.41	0.41	0	0	0.34
131900	0.34	0.42	0.42	0	0	0.34
132000	0.35	0.42	0.42	0	0	0.35
132100	0.34	0.42	0.42	0	0	0.34
132200	0.34	0.42	0.42	0	0	0.34
132300	0.34	0.42	0.42	0	0	0.34
132400	0.34	0.42	0.42	0	0	0.34
132500	0.34	0.42	0.42	0	0	0.34
132600	0.34	0.42	0.42	0	0	0.34
132700	0.34	0.42	0.42	0	0	0.34
132800	0.33	0.42	0.42	0	0	0.33
132900	0.33	0.42	0.42	0	0	0.33
133000	0.33	0.42	0.42	0	0	0.33
133100	0.33	0.42	0.42	0	0	0.33
133200	0.33	0.42	0.42	0	0	0.33
133300	0.32	0.42	0.42	0	0	0.32
133400	0.32	0.42	0.42	0	0	0.32
133500	0.33	0.42	0.42	0	0	0.33
133600	0.33	0.42	0.42	0	0	0.33
133700	0.32	0.42	0.42	0	0	0.32
133800	0.33	0.42	0.42	0	0	0.33
133900	0.33	0.42	0.42	0	0	0.33
134000	0.32	0.42	0.42	0	0	0.32
134100	0.32	0.42	0.42	0	0	0.32
134200	0.32	0.42	0.42	0	0	0.32
134300	0.34	0.42	0.42	0	0	0.34
134400	0.33	0.42	0.42	0	0	0.33
134500	0.32	0.42	0.42	0	0	0.32
134600	0.31	0.42	0.42	0	0	0.31
134700	0.31	0.42	0.42	0	0	0.31
134800	0.31	0.42	0.42	0	0	0.31
134900	0.32	0.42	0.42	0	0	0.32
135000	0.32	0.42	0.42	0	0	0.32
135100	0.32	0.42	0.42	0	0	0.32
135200	0.31	0.42	0.42	0	0	0.31
135300	0.31	0.42	0.42	0	0	0.31
135400	0.31	0.42	0.42	0	0	0.31
135500	0.32	0.42	0.42	0	0	0.32
135600	0.31	0.42	0.42	0	0	0.31
135700	0.31	0.42	0.42	0	0	0.31
135800	0.32	0.42	0.42	0	0	0.32
135900	0.33	0.42	0.42	0	0	0.33
136000	0.31	0.42	0.42	0	0	0.31
136100	0.31	0.42	0.42	0	0	0.31
136200	0.31	0.42	0.42	0	0	0.31
136300	0.31	0.43	0.43	0	0	0.31
136400	0.32	0.42	0.42	0	0	0.32
136500	0.31	0.42	0.42	0	0	0.31
136600	0.31	0.42	0.42	0	0	0.31
136700	0.31	0.42	0.42	0	0	0.31
136800	0.32	0.42	0.42	0	0	0.32
136900	0.32	0.42	0.42	0	0	0.32
137000	0.32	0.42	0.42	0	0	0.32
137100	0.32	0.42	0.42	0	0	0.32
137200	0.32	0.42	0.42	0	0	0.32
137300	0.32	0.42	0.42	0	0	0.32
137400	0.32	0.42	0.42	0	0	0.32
137500	0.32	0.42	0.42	0	0	0.32
137600	0.32	0.42	0.42	0	0	0.32
137700	0.32	0.42	0.42	0	0	0.32
137800	0.32	0.42	0.42	0	0	0.32
137900	0.33	0.42	0.42	0	0	0.33
138000	0.33	0.43	0.43	0	0	0.33
138100	0.33	0.43	0.43	0	0	0.33
138200	0.33	0.43	0.43	0	0	0.33
138300	0.33	0.43	0.43	0	0	0.33
138400	0.33	0.43	0.43	0	0	0.33
138500	0.33	0.43	0.43	0	0	0.33
138600	0.33	0.43	0.43	0	0	0.33
138700	0.34	0.43	0.43	0	0	0.34
138800	0.34	0.43	0.43	0	0	0.34
138900	0.34	0.43	0.43	0	0	0.34
139000	0.35	0.43	0.43	0	0	0.35
139100	0.34	0.43	0.43	0	0	0.34
139200	0.34	0.43	0.43	0	0	0.34
139300	0.34	0.43	0.43	0	0	0.34
139400	0.34	0.43	0.43	0	0	0.34
139500	0.34	0.43	0.43	0	0	0.34
139600	0.34	0.43	0.43	0	0	0.34
139700	0.35	0.43	0.43	0	0	0.35
139800	0.35	0.43	0.43	0	0	0.35
139900	0.35	0.43	0.43	0	0	0.35
140000	0.35	0.43	0.43	0	0	0.35
140100	0.35	0.43	0.43	0	0	0.35
140200	0.35	0.43	0.43	0	0	0.35
140300	0.35	0.44	0.44	0	0	0.35
140400	0.35	0.43	0.43	0	0	0.35
140500	0.36	0.43	0.43	0	0	0.36
140600	0.35	0.43	0.43	0	0	0.35
140700	0.35	0.43	0.43	0	0	0.35
140800	0.35	0.43	0.43	0	0	0.35
140900	0.35	0.43	0.43	0	0	0.35
141000	0.35	0.43	0.43	0	0	0.35
141100	0.37	0.43	0.43	0	0	0.37
141200	0.37	0.43	0.43	0	0	0.37
141300	0.37	0.43	0.43	0	0	0.37
141400	0.38	0.43	0.43	0	0	0.38
141500	0.38	0.43	0.43	0	0	0.38
141600	0.38	0.43	0.43	0	0	0.38
141700	0.38	0.43	0.43	0	0	0.38
141800	0.37	0.43	0.43	0	0	0.37
141900	0.36	0.43	0.43	0	0	0.36
142000	0.36	0.43	0.43	0	0	0.36
142100	0.36	0.43	0.43	0	0	0.36
142200	0.36	0.43	0.43	0	0	0.36
142300	0.36	0.43	0.43	0	0	0.36
142400	0.36	0.43	0.43	0	0	0.36
142500	0.36	0.43	0.43	0	0	0.36
142600	0.36	0.43	0.43	0	0	0.36
142700	0.36	0.43	0.43	0	0	0.36
142800	0.36	0.43	0.43	0	0	0.36
142900	0.36	0.43	0.43	0	0	0.36
143000	0.37	0.43	0.43	0	0	0.37
143100	0.37	0.43	0.43	0	0	0.37
143200	0.37	0.43	0.43	0	0	0.37
143300	0.36	0.43	0.43	0	0	0.36
143400	0.36	0.43	0.43	0	0	0.36
143500	0.36	0.43	0.43	0	0	0.36
143600	0.36	0.43	0.43	0	0	0.36
143700	0.36	0.43	0.43	0	0	0.36
143800	0.36	0.43	0.43	0	0	0.36
143900	0.36	0.43	0.43	0	0	0.36
144000	0.36	0.43	0.43	0	0	0.36
144100	0.36	0.43	0.43	0	0	0.36
144200	0.37	0.43	0.43	0	0	0.37
144300	0.37	0.43	0.43	0	0	0.37
144400	0.38	0.43	0.43	0	0	0.38
144500	0.38	0.43	0.43	0	0	0.38
144600	0.38	0.43	0.43	0	0	0.38
144700	0.38	0.43	0.43	0	0	0.38
144800	0.38	0.43	0.43	0	0	0.38
144900	0.39	0.43	0.43	0	0	0.39
145000	0.39	0.43	0.43	0	0	0.39
145100	0.39	0.43	0.43	0	0	0.39
145200	0.39	0.43	0.43	0	0	0.39
145300	0.39	0.43	0.43	0	0	0.39
145400	0.39	0.43	0.43	0	0	0.39
145500	0.39	0.43	0.43	0	0	0.39
145600	0.39	0.43	0.43	0	0	0.39
145700	0.39	0.43	0.43	0	0	0.39
145800	0.39	0.43	0.43	0	0	0.39
145900	0.39	0.43	0.43	0	0	0.39
146000	0.39	0.43	0.43	0	0	0.39
146100	0.39	0.43	0.43	0	0	0.39
146200	0.39	0.43	0.43	0	0	0.39
146300	0.39	0.43	0.43	0	0	0.39
146400	0.38	0.43	0.43	0	0	0.38
146500	0.38	0.43	0.43	0	0	0.38
146600	0.38	0.43	0.43	0	0	0.38
146700	0.38	0.44	0.44	0	0	0.38
146800	0.38	0.44	0.44	0	0	0.38
146900	0.38	0.44	0.44	0	0	0.38
147000	0.38	0.44	0.44	0	0	0.38
147100	0.38	0.44	0.44	0	0	0.38
147200	0.38	0.44	0.44	0	0	0.38
147300	0.38	0.44	0.44	0	0	0.38
147400	0.38	0.44	0.44	0	0	0.38
147500	0.4	0.44	0.44	0	0	0.4
147600	0.39	0.44	0.44	0	0	0.39
147700	0.39	0.44	0.44	0	0	0.39
147800	0.39	0.44	0.44	0	0	0.39
147900	0.39	0.44	0.44	0	0	0.39
148000	0.39	0.44	0.44	0	0	0.39
148100	0.39	0.43	0.43	0	0	0.39
148200	0.39	0.43	0.43	0	0	0.39
148300	0.39	0.43	0.43	0	0	0.39
148400	0.39	0.43	0.43	0	0	0.39
148500	0.39	0.43	0.43	0	0	0.39
148600	0.39	0.43	0.43	0	0	0.39
148700	0.38	0.43	0.43	0	0	0.38
148800	0.39	0.43	0.43	0	0	0.39
148900	0.38	0.43	0.43	0	0	0.38
149000	0.38	0.43	0.43	0	0	0.38
149100	0.38	0.43	0.43	0	0	0.38
149200	0.38	0.43	0.43	0	0	0.38
149300	0.38	0.43	0.43	0	0	0.38
149400	0.37	0.43	0.43	0	0	0.37
149500	0.37	0.43	0.43	0	0	0.37
149600	0.37	0.43	0.43	0	0	0.37
149700	0.37	0.43	0.43	0	0	0.37
149800	0.37	0.43	0.43	0	0	0.37
149900	0.37	0.43	0.43	0	0	0.37
150000	0.37	0.43	0.43	0	0	0.37
150100	0.37	0.43	0.43	0	0	0.37
150200	0.37	0.43	0.43	0	0	0.37
150300	0.37	0.43	0.43	0	0	0.37
150400	0.38	0.43	0.43	0	0	0.38
150500	0.38	0.43	0.43	0	0	0.38
150600	0.38	0.43	0.43	0	0	0.38
150700	0.38	0.43	0.43	0	0	0.38
150800	0.39	0.43	0.43	0	0	0.39
150900	0.38	0.43	0.43	0	0	0.38
151000	0.38	0.43	0.43	0	0	0.38
151100	0.38	0.43	0.43	0	0	0.38
151200	0.38	0.43	0.43	0	0	0.38
151300	0.38	0.43	0.43	0	0	0.38
151400	0.38	0.43	0.43	0	0	0.38
151500	0.38	0.43	0.43	0	0	0.38
151600	0.38	0.43	0.43	0	0	0.38
151700	0.37	0.43	0.43	0	0	0.37
151800	0.37	0.43	0.43	0	0	0.37
151900	0.37	0.43	0.43	0	0	0.37
152000	0.37	0.43	0.43	0	0	0.37
152100	0.37	0.43	0.43	0	0	0.37
152200	0.38	0.43	0.43	0	0	0.38
152300	0.38	0.44	0.44	0	0	0.38
152400	0.38	0.44	0.44	0	0	0.38
152500	0.38	0.44	0.44	0	0	0.38
152600	0.36	0.44	0.44	0	0	0.36
152700	0.36	0.44	0.44	0	0	0.36
152800	0.36	0.44	0.44	0	0	0.36
152900	0.37	0.44	0.44	0	0	0.37
153000	0.37	0.44	0.44	0	0	0.37
153100	0.37	0.44	0.44	0	0	0.37
153200	0.38	0.44	0.44	0	0	0.38
153300	0.36	0.44	0.44	0	0	0.36
153400	0.36	0.44	0.44	0	0	0.36
153500	0.36	0.44	0.44	0	0	0.36
153600	0.36	0.44	0.44	0	0	0.36
153700	0.36	0.44	0.44	0	0	0.36
153800	0.37	0.44	0.44	0	0	0.37
153900	0.37	0.44	0.44	0	0	0.37
154000	0.37	0.44	0.44	0	0	0.37
154100	0.37	0.44	0.44	0	0	0.37
154200	0.37	0.44	0.44	0	0	0.37
154300	0.37	0.44	0.44	0	0	0.37
154400	0.37	0.44	0.44	0	0	0.37
154500	0.38	0.44	0.44	0	0	0.38
154600	0.38	0.45	0.45	0	0	0.38
154700	0.36	0.45	0.45	0	0	0.36
154800	0.36	0.45	0.45	0	0	0.36
154900	0.36	0.45	0.45	0	0	0.36
155000	0.36	0.45	0.45	0	0	0.36
155100	0.36	0.45	0.45	0	0	0.36
155200	0.36	0.45	0.45	0	0	0.36
155300	0.36	0.45	0.45	0	0	0.36
155400	0.36	0.44	0.44	0	0	0.36
155500	0.36	0.44	0.44	0	0	0.36
155600	0.36	0.44	0.44	0	0	0.36
155700	0.36	0.44	0.44	0	0	0.36
155800	0.36	0.44	0.44	0	0	0.36
155900	0.36	0.44	0.44	0	0	0.36
156000	0.36	0.44	0.44	0	0	0.36
156100	0.36	0.44	0.44	0	0	0.36
156200	0.36	0.44	0.44	0	0	0.36
156300	0.36	0.44	0.44	0	0	0.36
156400	0.36	0.44	0.44	0	0	0.36
156500	0.37	0.44	0.44	0	0	0.37
156600	0.37	0.44	0.44	0	0	0.37
156700	0.37	0.44	0.44	0	0	0.37
156800	0.37	0.44	0.44	0	0	0.37
156900	0.37	0.44	0.44	0	0	0.37
157000	0.37	0.44	0.44	0	0	0.37
157100	0.37	0.44	0.44	0	0	0.37
157200	0.37	0.44	0.44	0	0	0.37
157300	0.37	0.44	0.44	0	0	0.37
157400	0.38	0.44	0.44	0	0	0.38
157500	0.38	0.44	0.44	0	0	0.38
157600	0.37	0.44	0.44	0	0	0.37
157700	0.37	0.44	0.44	0	0	0.37
157800	0.37	0.44	0.44	0	0	0.37
157900	0.37	0.44	0.44	0	0	0.37
158000	0.37	0.44	0.44	0	0	0.37
158100	0.37	0.44	0.44	0	0	0.37
158200	0.37	0.44	0.44	0	0	0.37
158300	0.37	0.44	0.44	0	0	0.37
158400	0.37	0.44	0.44	0	0	0.37
158500	0.37	0.44	0.44	0	0	0.37
158600	0.38	0.44	0.44	0	0	0.38
158700	0.39	0.44	0.44	0	0	0.39
158800	0.38	0.44	0.44	0	0	0.38
158900	0.38	0.44	0.44	0	0	0.38
159000	0.38	0.44	0.44	0	0	0.38
159100	0.39	0.44	0.44	0	0	0.39
159200	0.4	0.44	0.44	0	0	0.4
159300	0.39	0.44	0.44	0	0	0.39
159400	0.39	0.44	0.44	0	0	0.39
159500	0.41	0.44	0.44	0	0	0.41
159600	0.41	0.44	0.44	0	0	0.41
159700	0.4	0.44	0.44	0	0	0.4
159800	0.4	0.44	0.44	0	0	0.4
159900	0.4	0.44	0.44	0	0	0.4
160000	0.4	0.44	0.44	0	0	0.4
160100	0.4	0.44	0.44	0	0	0.4
160200	0.38	0.44	0.44	0	0	0.38
160300	0.38	0.44	0.44	0	0	0.38
160400	0.38	0.44	0.44	0	0	0.38
160500	0.38	0.44	0.44	0	0	0.38
160600	0.38	0.44	0.44	0	0	0.38
160700	0.39	0.44	0.44	0	0	0.39
160800	0.37	0.44	0.44	0	0	0.37
160900	0.37	0.44	0.44	0	0	0.37
161000	0.38	0.44	0.44	0	0	0.38
161100	0.37	0.44	0.44	0	0	0.37
161200	0.37	0.44	0.44	0	0	0.37
161300	0.37	0.44	0.44	0	0	0.37
161400	0.37	0.44	0.44	0	0	0.37
161500	0.37	0.44	0.44	0	0	0.37
161600	0.37	0.44	0.44	0	0	0.37
161700	0.37	0.44	0.44	0	0	0.37
161800	0.37	0.44	0.44	0	0	0.37
161900	0.37	0.44	0.44	0	0	0.37
162000	0.37	0.44	0.44	0	0	0.37
162100	0.37	0.44	0.44	0	0	0.37
162200	0.36	0.44	0.44	0	0	0.36
162300	0.36	0.44	0.44	0	0	0.36
162400	0.36	0.44	0.44	0	0	0.36
162500	0.36	0.44	0.44	0	0	0.36
162600	0.36	0.44	0.44	0	0	0.36
162700	0.36	0.44	0.44	0	0	0.36
162800	0.37	0.44	0.44	0	0	0.37
162900	0.37	0.44	0.44	0	0	0.37
163000	0.36	0.44	0.44	0	0	0.36
163100	0.36	0.44	0.44	0	0	0.36
163200	0.36	0.44	0.44	0	0	0.36
163300	0.36	0.44	0.44	0	0	0.36
163400	0.36	0.44	0.44	0	0	0.36
163500	0.36	0.44	0.44	0	0	0.36
163600	0.36	0.44	0.44	0	0	0.36
163700	0.36	0.44	0.44	0	0	0.36
163800	0.37	0.44	0.44	0	0	0.37
163900	0.36	0.44	0.44	0	0	0.36
164000	0.36	0.44	0.44	0	0	0.36
164100	0.36	0.44	0.44	0	0	0.36
164200	0.36	0.44	0.44	0	0	0.36
164300	0.36	0.44	0.44	0	0	0.36
164400	0.36	0.44	0.44	0	0	0.36
164500	0.36	0.45	0.45	0	0	0.36
164600	0.36	0.45	0.45	0	0	0.36
164700	0.36	0.45	0.45	0	0	0.36
164800	0.36	0.45	0.45	0	0	0.36
164900	0.36	0.44	0.44	0	0	0.36
165000	0.36	0.44	0.44	0	0	0.36
165100	0.36	0.44	0.44	0	0	0.36
165200	0.36	0.44	0.44	0	0	0.36
165300	0.36	0.44	0.44	0	0	0.36
165400	0.36	0.44	0.44	0	0	0.36
165500	0.36	0.44	0.44	0	0	0.36
165600	0.36	0.44	0.44	0	0	0.36
165700	0.37	0.44	0.44	0	0	0.37
165800	0.36	0.44	0.44	0	0	0.36
165900	0.36	0.44	0.44	0	0	0.36
166000	0.36	0.44	0.44	0	0	0.36
166100	0.36	0.44	0.44	0	0	0.36
166200	0.36	0.44	0.44	0	0	0.36
166300	0.36	0.44	0.44	0	0	0.36
166400	0.36	0.44	0.44	0	0	0.36
166500	0.36	0.44	0.44	0	0	0.36
166600	0.36	0.44	0.44	0	0	0.36
166700	0.36	0.44	0.44	0	0	0.36
166800	0.36	0.44	0.44	0	0	0.36
166900	0.36	0.44	0.44	0	0	0.36
167000	0.36	0.44	0.44	0	0	0.36
167100	0.36	0.44	0.44	0	0	0.36
167200	0.36	0.44	0.44	0	0	0.36
167300	0.36	0.44	0.44	0	0	0.36
167400	0.37	0.44	0.44	0	0	0.37
167500	0.37	0.44	0.44	0	0	0.37
167600	0.37	0.44	0.44	0	0	0.37
167700	0.37	0.44	0.44	0	0	0.37
167800	0.37	0.44	0.44	0	0	0.37
167900	0.37	0.44	0.44	0	0	0.37
168000	0.37	0.44	0.44	0	0	0.37
168100	0.37	0.44	0.44	0	0	0.37
168200	0.37	0.44	0.44	0	0	0.37
168300	0.38	0.44	0.44	0	0	0.38
168400	0.37	0.44	0.44	0	0	0.37
168500	0.37	0.44	0.44	0	0	0.37
168600	0.37	0.44	0.44	0	0	0.37
168700	0.37	0.44	0.44	0	0	0.37
168800	0.37	0.44	0.44	0	0	0.37
168900	0.37	0.45	0.45	0	0	0.37
169000	0.37	0.44	0.44	0	0	0.37
169100	0.37	0.44	0.44	0	0	0.37
169200	0.37	0.44	0.44	0	0	0.37
169300	0.37	0.44	0.44	0	0	0.37
169400	0.37	0.44	0.44	0	0	0.37
169500	0.37	0.44	0.44	0	0	0.37
169600	0.37	0.44	0.44	0	0	0.37
169700	0.37	0.44	0.44	0	0	0.37
169800	0.37	0.44	0.44	0	0	0.37
169900	0.37	0.44	0.44	0	0	0.37
170000	0.37	0.44	0.44	0	0	0.37
170100	0.38	0.44	0.44	0	0	0.38
170200	0.38	0.44	0.44	0	0	0.38
170300	0.37	0.44	0.44	0	0	0.37
170400	0.37	0.44	0.44	0	0	0.37
170500	0.37	0.44	0.44	0	0	0.37
170600	0.37	0.44	0.44	0	0	0.37
170700	0.38	0.44	0.44	0	0	0.38
170800	0.37	0.44	0.44	0	0	0.37
170900	0.37	0.44	0.44	0	0	0.37
171000	0.37	0.44	0.44	0	0	0.37
171100	0.37	0.44	0.44	0	0	0.37
171200	0.37	0.44	0.44	0	0	0.37
171300	0.37	0.44	0.44	0	0	0.37
171400	0.37	0.44	0.44	0	0	0.37
171500	0.37	0.44	0.44	0	0	0.37
171600	0.37	0.44	0.44	0	0	0.37
171700	0.37	0.44	0.44	0	0	0.37
171800	0.37	0.44	0.44	0	0	0.37
171900	0.37	0.44	0.44	0	0	0.37
172000	0.37	0.44	0.44	0	0	0.37
172100	0.38	0.44	0.44	0	0	0.38
172200	0.38	0.44	0.44	0	0	0.38
172300	0.38	0.44	0.44	0	0	0.38
172400	0.38	0.44	0.44	0	0	0.38
172500	0.38	0.45	0.45	0	0	0.38
172600	0.38	0.44	0.44	0	0	0.38
172700	0.38	0.44	0.44	0	0	0.38
172800	0.38	0.44	0.44	0	0	0.38
172900	0.38	0.44	0.44	0	0	0.38
173000	0.38	0.44	0.44	0	0	0.38
173100	0.37	0.44	0.44	0	0	0.37
173200	0.37	0.44	0.44	0	0	0.37
173300	0.37	0.44	0.44	0	0	0.37
173400	0.37	0.44	0.44	0	0	0.37
173500	0.37	0.44	0.44	0	0	0.37
173600	0.37	0.44	0.44	0	0	0.37
173700	0.37	0.44	0.44	0	0	0.37
173800	0.37	0.44	0.44	0	0	0.37
173900	0.37	0.44	0.44	0	0	0.37
174000	0.37	0.44	0.44	0	0	0.37
174100	0.37	0.44	0.44	0	0	0.37
174200	0.37	0.44	0.44	0	0	0.37
174300	0.37	0.44	0.44	0	0	0.37
174400	0.37	0.44	0.44	0	0	0.37
174500	0.37	0.44	0.44	0	0	0.37
174600	0.37	0.44	0.44	0	0	0.37
174700	0.36	0.44	0.44	0	0	0.36
174800	0.36	0.44	0.44	0	0	0.36
174900	0.36	0.44	0.44	0	0	0.36
175000	0.36	0.44	0.44	0	0	0.36
175100	0.36	0.44	0.44	0	0	0.36
175200	0.36	0.44	0.44	0	0	0.36
175300	0.37	0.44	0.44	0	0	0.37
175400	0.36	0.44	0.44	0	0	0.36
175500	0.36	0.44	0.44	0	0	0.36
175600	0.36	0.44	0.44	0	0	0.36
175700	0.36	0.44	0.44	0	0	0.36
175800	0.36	0.44	0.44	0	0	0.36
175900	0.36	0.44	0.44	0	0	0.36
176000	0.37	0.44	0.44	0	0	0.37
176100	0.37	0.44	0.44	0	0	0.37
176200	0.37	0.44	0.44	0	0	0.37
176300	0.37	0.44	0.44	0	0	0.37
176400	0.37	0.44	0.44	0	0	0.37
176500	0.37	0.44	0.44	0	0	0.37
176600	0.37	0.44	0.44	0	0	0.37
176700	0.37	0.44	0.44	0	0	0.37
176800	0.37	0.44	0.44	0	0	0.37
176900	0.37	0.44	0.44	0	0	0.37
177000	0.37	0.44	0.44	0	0	0.37
177100	0.37	0.44	0.44	0	0	0.37
177200	0.37	0.44	0.44	0	0	0.37
177300	0.37	0.44	0.44	0	0	0.37
177400	0.37	0.44	0.44	0	0	0.37
177500	0.37	0.44	0.44	0	0	0.37
177600	0.37	0.44	0.44	0	0	0.37
177700	0.37	0.44	0.44	0	0	0.37
177800	0.37	0.44	0.44	0	0	0.37
177900	0.38	0.44	0.44	0	0	0.38
178000	0.36	0.44	0.44	0	0	0.36
178100	0.36	0.44	0.44	0	0	0.36
178200	0.36	0.44	0.44	0	0	0.36
178300	0.36	0.44	0.44	0	0	0.36
178400	0.36	0.44	0.44	0	0	0.36
178500	0.36	0.43	0.43	0	0	0.36
178600	0.36	0.43	0.43	0	0	0.36
178700	0.36	0.43	0.43	0	0	0.36
178800	0.36	0.43	0.43	0	0	0.36
178900	0.36	0.43	0.43	0	0	0.36
179000	0.36	0.43	0.43	0	0	0.36
179100	0.36	0.43	0.43	0	0	0.36
179200	0.36	0.43	0.43	0	0	0.36
179300	0.36	0.43	0.43	0	0	0.36
179400	0.36	0.43	0.43	0	0	0.36
179500	0.36	0.43	0.43	0	0	0.36
179600	0.36	0.43	0.43	0	0	0.36
179700	0.36	0.43	0.43	0	0	0.36
179800	0.36	0.43	0.43	0	0	0.36
179900	0.36	0.43	0.43	0	0	0.36
180000	0.37	0.43	0.43	0	0	0.37
180100	0.36	0.43	0.43	0	0	0.36
180200	0.36	0.43	0.43	0	0	0.36
180300	0.36	0.43	0.43	0	0	0.36
180400	0.36	0.43	0.43	0	0	0.36
180500	0.36	0.43	0.43	0	0	0.36
180600	0.37	0.43	0.43	0	0	0.37
180700	0.37	0.43	0.43	0	0	0.37
180800	0.36	0.43	0.43	0	0	0.36
180900	0.36	0.43	0.43	0	0	0.36
181000	0.36	0.44	0.44	0	0	0.36
181100	0.36	0.43	0.43	0	0	0.36
181200	0.36	0.43	0.43	0	0	0.36
181300	0.36	0.43	0.43	0	0	0.36
181400	0.37	0.41	0.41	0	0	0.37
181500	0.37	0.42	0.42	0	0	0.37
181600	0.36	0.42	0.42	0	0	0.36
181700	0.36	0.42	0.42	0	0	0.36
181800	0.36	0.42	0.42	0	0	0.36
181900	0.36	0.42	0.42	0	0	0.36
182000	0.36	0.42	0.42	0	0	0.36
182100	0.36	0.42	0.42	0	0	0.36
182200	0.36	0.42	0.42	0	0	0.36
182300	0.36	0.42	0.42	0	0	0.36
182400	0.36	0.42	0.42	0	0	0.36
182500	0.36	0.42	0.42	0	0	0.36
182600	0.36	0.42	0.42	0	0	0.36
182700	0.36	0.42	0.42	0	0	0.36
182800	0.36	0.42	0.42	0	0	0.36
182900	0.36	0.42	0.42	0	0	0.36
183000	0.36	0.43	0.43	0	0	0.36
183100	0.36	0.43	0.43	0	0	0.36
183200	0.36	0.43	0.43	0	0	0.36
183300	0.36	0.43	0.43	0	0	0.36
183400	0.36	0.43	0.43	0	0	0.36
183500	0.36	0.43	0.43	0	0	0.36
183600	0.36	0.43	0.43	0	0	0.36
183700	0.36	0.44	0.44	0	0	0.36
183800	0.36	0.44	0.44	0	0	0.36
183900	0.36	0.44	0.44	0	0	0.36
184000	0.37	0.44	0.44	0	0	0.37
184100	0.37	0.44	0.44	0	0	0.37
184200	0.36	0.44	0.44	0	0	0.36
184300	0.37	0.43	0.43	0	0	0.37
184400	0.37	0.43	0.43	0	0	0.37
184500	0.37	0.43	0.43	0	0	0.37
184600	0.37	0.43	0.43	0	0	0.37
184700	0.37	0.43	0.43	0	0	0.37
184800	0.37	0.43	0.43	0	0	0.37
184900	0.37	0.43	0.43	0	0	0.37
185000	0.37	0.43	0.43	0	0	0.37
185100	0.37	0.42	0.42	0	0	0.37
185200	0.38	0.42	0.42	0	0	0.38
185300	0.36	0.42	0.42	0	0	0.36
185400	0.36	0.42	0.42	0	0	0.36
185500	0.36	0.42	0.42	0	0	0.36
185600	0.37	0.42	0.42	0	0	0.37
185700	0.36	0.42	0.42	0	0	0.36
185800	0.36	0.42	0.42	0	0	0.36
185900	0.36	0.42	0.42	0	0	0.36
186000	0.37	0.42	0.42	0	0	0.37
186100	0.36	0.42	0.42	0	0	0.36
186200	0.36	0.42	0.42	0	0	0.36
186300	0.36	0.42	0.42	0	0	0.36
186400	0.37	0.42	0.42	0	0	0.37
186500	0.37	0.42	0.42	0	0	0.37
186600	0.36	0.42	0.42	0	0	0.36
186700	0.36	0.42	0.42	0	0	0.36
186800	0.36	0.41	0.41	0	0	0.36
186900	0.36	0.41	0.41	0	0	0.36
187000	0.36	0.41	0.41	0	0	0.36
187100	0.36	0.41	0.41	0	0	0.36
187200	0.36	0.41	0.41	0	0	0.36
187300	0.36	0.41	0.41	0	0	0.36
187400	0.36	0.42	0.42	0	0	0.36
187500	0.36	0.41	0.41	0	0	0.36
187600	0.36	0.41	0.41	0	0	0.36
187700	0.36	0.41	0.41	0	0	0.36
187800	0.36	0.41	0.41	0	0	0.36
187900	0.36	0.41	0.41	0	0	0.36
188000	0.37	0.41	0.41	0	0	0.37
188100	0.37	0.41	0.41	0	0	0.37
188200	0.36	0.41	0.41	0	0	0.36
188300	0.36	0.41	0.41	0	0	0.36
188400	0.36	0.41	0.41	0	0	0.36
188500	0.36	0.41	0.41	0	0	0.36
188600	0.36	0.41	0.41	0	0	0.36
188700	0.36	0.41	0.41	0	0	0.36
188800	0.36	0.41	0.41	0	0	0.36
188900	0.36	0.41	0.41	0	0	0.36
189000	0.36	0.41	0.41	0	0	0.36
189100	0.36	0.41	0.41	0	0	0.36
189200	0.36	0.41	0.41	0	0	0.36
189300	0.36	0.41	0.41	0	0	0.36
189400	0.36	0.41	0.41	0	0	0.36
189500	0.36	0.41	0.41	0	0	0.36
189600	0.36	0.41	0.41	0	0	0.36
189700	0.36	0.41	0.41	0	0	0.36
189800	0.36	0.41	0.41	0	0	0.36
189900	0.37	0.41	0.41	0	0	0.37
190000	0.36	0.41	0.41	0	0	0.36
190100	0.36	0.41	0.41	0	0	0.36
190200	0.36	0.41	0.41	0	0	0.36
190300	0.36	0.41	0.41	0	0	0.36
190400	0.37	0.41	0.41	0	0	0.37
190500	0.37	0.41	0.41	0	0	0.37
190600	0.37	0.42	0.42	0	0	0.37
190700	0.38	0.42	0.42	0	0	0.38
190800	0.37	0.42	0.42	0	0	0.37
190900	0.37	0.43	0.43	0	0	0.37
191000	0.37	0.43	0.43	0	0	0.37
191100	0.37	0.43	0.43	0	0	0.37
191200	0.39	0.42	0.42	0	0	0.39
191300	0.38	0.42	0.42	0	0	0.38
191400	0.38	0.41	0.41	0	0	0.38
191500	0.37	0.41	0.41	0	0	0.37
191600	0.37	0.41	0.41	0	0	0.37
191700	0.37	0.41	0.41	0	0	0.37
191800	0.37	0.41	0.41	0	0	0.37
191900	0.37	0.41	0.41	0	0	0.37
192000	0.37	0.41	0.41	0	0	0.37
192100	0.37	0.41	0.41	0	0	0.37
192200	0.37	0.41	0.41	0	0	0.37
192300	0.37	0.41	0.41	0	0	0.37
192400	0.37	0.41	0.41	0	0	0.37
192500	0.37	0.41	0.41	0	0	0.37
192600	0.37	0.41	0.41	0	0	0.37
192700	0.37	0.41	0.41	0	0	0.37
192800	0.37	0.41	0.41	0	0	0.37
192900	0.37	0.41	0.41	0	0	0.37
193000	0.37	0.41	0.41	0	0	0.37
193100	0.38	0.41	0.41	0	0	0.38
193200	0.37	0.41	0.41	0	0	0.37
193300	0.37	0.41	0.41	0	0	0.37
193400	0.38	0.41	0.41	0	0	0.38
193500	0.37	0.41	0.41	0	0	0.37
193600	0.38	0.41	0.41	0	0	0.38
193700	0.37	0.42	0.42	0	0	0.37
193800	0.37	0.41	0.41	0	0	0.37
193900	0.37	0.41	0.41	0	0	0.37
194000	0.37	0.41	0.41	0	0	0.37
194100	0.37	0.41	0.41	0	0	0.37
194200	0.37	0.41	0.41	0	0	0.37
194300	0.37	0.41	0.41	0	0	0.37
194400	0.37	0.41	0.41	0	0	0.37
194500	0.37	0.41	0.41	0	0	0.37
194600	0.37	0.41	0.41	0	0	0.37
194700	0.37	0.41	0.41	0	0	0.37
194800	0.37	0.41	0.41	0	0	0.37
194900	0.37	0.41	0.41	0	0	0.37
195000	0.37	0.41	0.41	0	0	0.37
195100	0.37	0.41	0.41	0	0	0.37
195200	0.37	0.41	0.41	0	0	0.37
195300	0.37	0.41	0.41	0	0	0.37
195400	0.37	0.41	0.41	0	0	0.37
195500	0.37	0.41	0.41	0	0	0.37
195600	0.37	0.41	0.41	0	0	0.37
195700	0.37	0.41	0.41	0	0	0.37
195800	0.38	0.41	0.41	0	0	0.38
195900	0.37	0.41	0.41	0	0	0.37
196000	0.37	0.41	0.41	0	0	0.37
196100	0.36	0.41	0.41	0	0	0.36
196200	0.36	0.41	0.41	0	0	0.36
196300	0.36	0.41	0.41	0	0	0.36
196400	0.36	0.41	0.41	0	0	0.36
196500	0.36	0.41	0.41	0	0	0.36
196600	0.36	0.42	0.42	0	0	0.36
196700	0.36	0.42	0.42	0	0	0.36
196800	0.36	0.41	0.41	0	0	0.36
196900	0.36	0.41	0.41	0	0	0.36
197000	0.36	0.41	0.41	0	0	0.36
197100	0.36	0.42	0.42	0	0	0.36
197200	0.36	0.42	0.42	0	0	0.36
197300	0.36	0.42	0.42	0	0	0.36
197400	0.36	0.42	0.42	0	0	0.36
197500	0.36	0.42	0.42	0	0	0.36
197600	0.36	0.42	0.42	0	0	0.36
197700	0.36	0.42	0.42	0	0	0.36
197800	0.36	0.42	0.42	0	0	0.36
197900	0.36	0.42	0.42	0	0	0.36
198000	0.36	0.42	0.42	0	0	0.36
198100	0.36	0.42	0.42	0	0	0.36
198200	0.36	0.42	0.42	0	0	0.36
198300	0.36	0.43	0.43	0	0	0.36
198400	0.36	0.43	0.43	0	0	0.36
198500	0.36	0.43	0.43	0	0	0.36
198600	0.37	0.43	0.43	0	0	0.37
198700	0.36	0.43	0.43	0	0	0.36
198800	0.36	0.43	0.43	0	0	0.36
198900	0.36	0.43	0.43	0	0	0.36
199000	0.36	0.43	0.43	0	0	0.36
199100	0.36	0.43	0.43	0	0	0.36
199200	0.36	0.43	0.43	0	0	0.36
199300	0.36	0.43	0.43	0	0	0.36
199400	0.37	0.43	0.43	0	0	0.37
199500	0.36	0.43	0.43	0	0	0.36
199600	0.36	0.43	0.43	0	0	0.36
199700	0.36	0.43	0.43	0	0	0.36
199800	0.36	0.43	0.43	0	0	0.36
199900	0.36	0.43	0.43	0	0	0.36
200000	0.36	0.43	0.43	0	0	0.36
200100	0.37	0.43	0.43	0	0	0.37
200200	0.37	0.43	0.43	0	0	0.37
200300	0.37	0.43	0.43	0	0	0.37
200400	0.37	0.43	0.43	0	0	0.37
200500	0.37	0.43	0.43	0	0	0.37
200600	0.37	0.43	0.43	0	0	0.37
200700	0.37	0.43	0.43	0	0	0.37
200800	0.37	0.43	0.43	0	0	0.37
200900	0.37	0.43	0.43	0	0	0.37
201000	0.37	0.43	0.43	0	0	0.37
201100	0.37	0.43	0.43	0	0	0.37
201200	0.37	0.43	0.43	0	0	0.37
201300	0.37	0.43	0.43	0	0	0.37
201400	0.38	0.43	0.43	0	0	0.38
201500	0.38	0.43	0.43	0	0	0.38
201600	0.38	0.43	0.43	0	0	0.38
201700	0.38	0.43	0.43	0	0	0.38
201800	0.38	0.43	0.43	0	0	0.38
201900	0.39	0.43	0.43	0	0	0.39
202000	0.38	0.43	0.43	0	0	0.38
202100	0.37	0.43	0.43	0	0	0.37
202200	0.37	0.43	0.43	0	0	0.37
202300	0.37	0.43	0.43	0	0	0.37
202400	0.37	0.43	0.43	0	0	0.37
202500	0.37	0.43	0.43	0	0	0.37
202600	0.37	0.43	0.43	0	0	0.37
202700	0.37	0.43	0.43	0	0	0.37
202800	0.37	0.43	0.43	0	0	0.37
202900	0.37	0.43	0.43	0	0	0.37
203000	0.37	0.43	0.43	0	0	0.37
203100	0.37	0.43	0.43	0	0	0.37
203200	0.37	0.43	0.43	0	0	0.37
203300	0.37	0.43	0.43	0	0	0.37
203400	0.37	0.43	0.43	0	0	0.37
203500	0.37	0.43	0.43	0	0	0.37
203600	0.37	0.43	0.43	0	0	0.37
203700	0.37	0.43	0.43	0	0	0.37
203800	0.37	0.43	0.43	0	0	0.37
203900	0.37	0.43	0.43	0	0	0.37
204000	0.37	0.43	0.43	0	0	0.37
204100	0.37	0.43	0.43	0	0	0.37
204200	0.37	0.44	0.44	0	0	0.37
204300	0.37	0.44	0.44	0	0	0.37
204400	0.37	0.44	0.44	0	0	0.37
204500	0.37	0.44	0.44	0	0	0.37
204600	0.37	0.44	0.44	0	0	0.37
204700	0.37	0.44	0.44	0	0	0.37
204800	0.37	0.44	0.44	0	0	0.37
204900	0.37	0.44	0.44	0	0	0.37
205000	0.37	0.44	0.44	0	0	0.37
205100	0.37	0.44	0.44	0	0	0.37
205200	0.37	0.44	0.44	0	0	0.37
205300	0.37	0.45	0.45	0	0	0.37
205400	0.37	0.44	0.44	0	0	0.37
205500	0.37	0.44	0.44	0	0	0.37
205600	0.37	0.44	0.44	0	0	0.37
205700	0.37	0.42	0.42	0	0	0.37
205800	0.37	0.41	0.41	0	0	0.37
205900	0.37	0.42	0.42	0	0	0.37
206000	0.37	0.41	0.41	0	0	0.37
206100	0.37	0.39	0.39	0	0	0.37
206200	0.37	0.39	0.39	0	0	0.37
206300	0.37	0.39	0.39	0	0	0.37
206400	0.37	0.39	0.39	0	0	0.37
206500	0.37	0.39	0.39	0	0	0.37
206600	0.37	0.39	0.39	0	0	0.37
206700	0.37	0.39	0.39	0	0	0.37
206800	0.37	0.39	0.39	0	0	0.37
206900	0.37	0.39	0.39	0	0	0.37
207000	0.37	0.39	0.39	0	0	0.37
207100	0.38	0.39	0.39	0	0	0.38
207200	0.37	0.39	0.39	0	0	0.37
207300	0.38	0.39	0.39	0	0	0.38
207400	0.38	0.39	0.39	0	0	0.38
207500	0.38	0.39	0.39	0	0	0.38
207600	0.39	0.39	0.39	0	0	0.39
207700	0.38	0.39	0.39	0	0	0.38
207800	0.38	0.39	0.39	0	0	0.38
207900	0.38	0.39	0.39	0	0	0.38
208000	0.38	0.38	0.38	0	0	0.38
208100	0.38	0.38	0.38	0	0	0.38
208200	0.38	0.38	0.38	0	0	0.38
208300	0.38	0.38	0.38	0	0	0.38
208400	0.39	0.38	0.38	0	0	0.39
208500	0.39	0.38	0.38	0	0	0.39
208600	0.39	0.38	0.38	0	0	0.39
208700	0.39	0.38	0.38	0	0	0.39
208800	0.4	0.38	0.38	0	0	0.4
208900	0.4	0.38	0.38	0	0	0.4
209000	0.38	0.38	0.38	0	0	0.38
209100	0.37	0.39	0.39	0	0	0.37
209200	0.38	0.39	0.39	0	0	0.38
209300	0.36	0.39	0.39	0	0	0.36
209400	0.36	0.4	0.4	0	0	0.36
209500	0.36	0.41	0.41	0	0	0.36
209600	0.36	0.4	0.4	0	0	0.36
209700	0.36	0.4	0.4	0	0	0.36
209800	0.36	0.4	0.4	0	0	0.36
209900	0.36	0.4	0.4	0	0	0.36
210000	0.36	0.4	0.4	0	0	0.36
210100	0.36	0.4	0.4	0	0	0.36
210200	0.36	0.4	0.4	0	0	0.36
210300	0.36	0.4	0.4	0	0	0.36
210400	0.36	0.4	0.4	0	0	0.36
210500	0.36	0.4	0.4	0	0	0.36
210600	0.36	0.4	0.4	0	0	0.36
210700	0.36	0.4	0.4	0	0	0.36
210800	0.36	0.4	0.4	0	0	0.36
210900	0.36	0.4	0.4	0	0	0.36
211000	0.36	0.4	0.4	0	0	0.36
211100	0.36	0.4	0.4	0	0	0.36
211200	0.36	0.4	0.4	0	0	0.36
211300	0.37	0.4	0.4	0	0	0.37
211400	0.36	0.4	0.4	0	0	0.36
211500	0.36	0.4	0.4	0	0	0.36
211600	0.37	0.4	0.4	0	0	0.37
211700	0.37	0.4	0.4	0	0	0.37
211800	0.37	0.4	0.4	0	0	0.37
211900	0.37	0.4	0.4	0	0	0.37
212000	0.37	0.4	0.4	0	0	0.37
212100	0.38	0.4	0.4	0	0	0.38
212200	0.38	0.4	0.4	0	0	0.38
212300	0.37	0.4	0.4	0	0	0.37
212400	0.37	0.4	0.4	0	0	0.37
212500	0.37	0.4	0.4	0	0	0.37
212600	0.37	0.4	0.4	0	0	0.37
212700	0.37	0.4	0.4	0	0	0.37
212800	0.37	0.4	0.4	0	0	0.37
212900	0.37	0.4	0.4	0	0	0.37
213000	0.36	0.4	0.4	0	0	0.36
213100	0.36	0.4	0.4	0	0	0.36
213200	0.36	0.4	0.4	0	0	0.36
213300	0.36	0.41	0.41	0	0	0.36
213400	0.37	0.4	0.4	0	0	0.37
213500	0.38	0.4	0.4	0	0	0.38
213600	0.37	0.4	0.4	0	0	0.37
213700	0.37	0.4	0.4	0	0	0.37
213800	0.37	0.4	0.4	0	0	0.37
213900	0.37	0.4	0.4	0	0	0.37
214000	0.37	0.4	0.4	0	0	0.37
214100	0.37	0.4	0.4	0	0	0.37
214200	0.37	0.41	0.41	0	0	0.37
214300	0.37	0.42	0.42	0	0	0.37
214400	0.37	0.42	0.42	0	0	0.37
214500	0.37	0.42	0.42	0	0	0.37
214600	0.38	0.42	0.42	0	0	0.38
214700	0.38	0.42	0.42	0	0	0.38
214800	0.38	0.42	0.42	0	0	0.38
214900	0.38	0.42	0.42	0	0	0.38
215000	0.38	0.42	0.42	0	0	0.38
215100	0.38	0.42	0.42	0	0	0.38
215200	0.38	0.42	0.42	0	0	0.38
215300	0.38	0.42	0.42	0	0	0.38
215400	0.38	0.42	0.42	0	0	0.38
215500	0.38	0.42	0.42	0	0	0.38
215600	0.38	0.43	0.43	0	0	0.38
215700	0.37	0.42	0.42	0	0	0.37
215800	0.38	0.42	0.42	0	0	0.38
215900	0.37	0.42	0.42	0	0	0.37
216000	0.38	0.42	0.42	0	0	0.38
216100	0.38	0.42	0.42	0	0	0.38
216200	0.38	0.43	0.43	0	0	0.38
216300	0.38	0.43	0.43	0	0	0.38
216400	0.38	0.43	0.43	0	0	0.38
216500	0.38	0.43	0.43	0	0	0.38
216600	0.38	0.43	0.43	0	0	0.38
216700	0.38	0.43	0.43	0	0	0.38
216800	0.39	0.42	0.42	0	0	0.39
216900	0.4	0.42	0.42	0	0	0.4
217000	0.39	0.42	0.42	0	0	0.39
217100	0.39	0.42	0.42	0	0	0.39
217200	0.39	0.42	0.42	0	0	0.39
217300	0.39	0.43	0.43	0	0	0.39
217400	0.39	0.43	0.43	0	0	0.39
217500	0.39	0.43	0.43	0	0	0.39
217600	0.4	0.43	0.43	0	0	0.4
217700	0.39	0.43	0.43	0	0	0.39
217800	0.39	0.43	0.43	0	0	0.39
217900	0.39	0.43	0.43	0	0	0.39
218000	0.39	0.44	0.44	0	0	0.39
218100	0.39	0.44	0.44	0	0	0.39
218200	0.39	0.44	0.44	0	0	0.39
218300	0.39	0.44	0.44	0	0	0.39
218400	0.39	0.44	0.44	0	0	0.39
218500	0.39	0.44	0.44	0	0	0.39
218600	0.39	0.44	0.44	0	0	0.39
218700	0.39	0.45	0.45	0	0	0.39
218800	0.39	0.45	0.45	0	0	0.39
218900	0.39	0.45	0.45	0	0	0.39
219000	0.39	0.45	0.45	0	0	0.39
219100	0.39	0.45	0.45	0	0	0.39
219200	0.39	0.45	0.45	0	0	0.39
219300	0.39	0.45	0.45	0	0	0.39
219400	0.4	0.45	0.45	0	0	0.4
219500	0.39	0.45	0.45	0	0	0.39
219600	0.39	0.45	0.45	0	0	0.39
219700	0.4	0.45	0.45	0	0	0.4
219800	0.4	0.45	0.45	0	0	0.4
219900	0.4	0.45	0.45	0	0	0.4
220000	0.4	0.45	0.45	0	0	0.4
220100	0.39	0.45	0.45	0	0	0.39
220200	0.39	0.45	0.45	0	0	0.39
220300	0.4	0.45	0.45	0	0	0.4
220400	0.4	0.45	0.45	0	0	0.4
220500	0.4	0.45	0.45	0	0	0.4
220600	0.4	0.45	0.45	0	0	0.4
220700	0.4	0.45	0.45	0	0	0.4
220800	0.39	0.45	0.45	0	0	0.39
220900	0.4	0.45	0.45	0	0	0.4
221000	0.4	0.45	0.45	0	0	0.4
221100	0.39	0.45	0.45	0	0	0.39
221200	0.39	0.45	0.45	0	0	0.39
221300	0.39	0.45	0.45	0	0	0.39
221400	0.38	0.45	0.45	0	0	0.38
221500	0.38	0.45	0.45	0	0	0.38
221600	0.38	0.45	0.45	0	0	0.38
221700	0.39	0.45	0.45	0	0	0.39
221800	0.38	0.45	0.45	0	0	0.38
221900	0.38	0.45	0.45	0	0	0.38
222000	0.38	0.45	0.45	0	0	0.38
222100	0.38	0.45	0.45	0	0	0.38
222200	0.38	0.45	0.45	0	0	0.38
222300	0.38	0.45	0.45	0	0	0.38
222400	0.38	0.45	0.45	0	0	0.38
222500	0.38	0.45	0.45	0	0	0.38
222600	0.38	0.45	0.45	0	0	0.38
222700	0.38	0.45	0.45	0	0	0.38
222800	0.37	0.45	0.45	0	0	0.37
222900	0.37	0.45	0.45	0	0	0.37
223000	0.37	0.45	0.45	0	0	0.37
223100	0.38	0.45	0.45	0	0	0.38
223200	0.37	0.45	0.45	0	0	0.37
223300	0.37	0.46	0.46	0	0	0.37
223400	0.37	0.46	0.46	0	0	0.37
223500	0.38	0.46	0.46	0	0	0.38
223600	0.37	0.46	0.46	0	0	0.37
223700	0.38	0.46	0.46	0	0	0.38
223800	0.38	0.46	0.46	0	0	0.38
223900	0.38	0.46	0.46	0	0	0.38
224000	0.38	0.46	0.46	0	0	0.38
224100	0.38	0.46	0.46	0	0	0.38
224200	0.38	0.46	0.46	0	0	0.38
224300	0.38	0.46	0.46	0	0	0.38
224400	0.38	0.46	0.46	0	0	0.38
224500	0.39	0.46	0.46	0	0	0.39
224600	0.38	0.46	0.46	0	0	0.38
224700	0.38	0.47	0.47	0	0	0.38
224800	0.38	0.47	0.47	0	0	0.38
224900	0.38	0.48	0.48	0	0	0.38
225000	0.38	0.48	0.48	0	0	0.38
225100	0.38	0.48	0.48	0	0	0.38
225200	0.38	0.48	0.48	0	0	0.38
225300	0.38	0.48	0.48	0	0	0.38
225400	0.38	0.48	0.48	0	0	0.38
225500	0.38	0.48	0.48	0	0	0.38
225600	0.38	0.48	0.48	0	0	0.38
225700	0.38	0.48	0.48	0	0	0.38
225800	0.38	0.48	0.48	0	0	0.38
225900	0.38	0.48	0.48	0	0	0.38
226000	0.38	0.48	0.48	0	0	0.38
226100	0.38	0.48	0.48	0	0	0.38
226200	0.37	0.48	0.48	0	0	0.37
226300	0.37	0.48	0.48	0	0	0.37
226400	0.37	0.48	0.48	0	0	0.37
226500	0.37	0.48	0.48	0	0	0.37
226600	0.37	0.47	0.47	0	0	0.37
226700	0.37	0.46	0.46	0	0	0.37
226800	0.37	0.46	0.46	0	0	0.37
226900	0.37	0.46	0.46	0	0	0.37
227000	0.37	0.46	0.46	0	0	0.37
227100	0.37	0.46	0.46	0	0	0.37
227200	0.37	0.46	0.46	0	0	0.37
227300	0.37	0.46	0.46	0	0	0.37
227400	0.37	0.45	0.45	0	0	0.37
227500	0.37	0.45	0.45	0	0	0.37
227600	0.37	0.45	0.45	0	0	0.37
227700	0.37	0.45	0.45	0	0	0.37
227800	0.37	0.45	0.45	0	0	0.37
227900	0.37	0.45	0.45	0	0	0.37
228000	0.37	0.45	0.45	0	0	0.37
228100	0.37	0.45	0.45	0	0	0.37
228200	0.37	0.45	0.45	0	0	0.37
228300	0.37	0.45	0.45	0	0	0.37
228400	0.37	0.45	0.45	0	0	0.37
228500	0.37	0.45	0.45	0	0	0.37
228600	0.37	0.45	0.45	0	0	0.37
228700	0.37	0.45	0.45	0	0	0.37
228800	0.37	0.45	0.45	0	0	0.37
228900	0.37	0.45	0.45	0	0	0.37
229000	0.37	0.45	0.45	0	0	0.37
229100	0.37	0.46	0.46	0	0	0.37
229200	0.37	0.46	0.46	0	0	0.37
229300	0.37	0.47	0.47	0	0	0.37
229400	0.37	0.47	0.47	0	0	0.37
229500	0.37	0.47	0.47	0	0	0.37
229600	0.37	0.46	0.46	0	0	0.37
229700	0.37	0.46	0.46	0	0	0.37
229800	0.37	0.46	0.46	0	0	0.37
229900	0.37	0.46	0.46	0	0	0.37
230000	0.37	0.46	0.46	0	0	0.37
230100	0.37	0.46	0.46	0	0	0.37
230200	0.37	0.46	0.46	0	0	0.37
230300	0.37	0.46	0.46	0	0	0.37
230400	0.37	0.46	0.46	0	0	0.37
230500	0.37	0.46	0.46	0	0	0.37
230600	0.37	0.46	0.46	0	0	0.37
230700	0.37	0.46	0.46	0	0	0.37
230800	0.37	0.46	0.46	0	0	0.37
230900	0.37	0.46	0.46	0	0	0.37
231000	0.37	0.46	0.46	0	0	0.37
231100	0.37	0.46	0.46	0	0	0.37
231200	0.37	0.46	0.46	0	0	0.37
231300	0.37	0.46	0.46	0	0	0.37
231400	0.37	0.46	0.46	0	0	0.37
231500	0.37	0.46	0.46	0	0	0.37
231600	0.37	0.46	0.46	0	0	0.37
231700	0.37	0.46	0.46	0	0	0.37
231800	0.37	0.46	0.46	0	0	0.37
231900	0.38	0.46	0.46	0	0	0.38
232000	0.38	0.47	0.47	0	0	0.38
232100	0.37	0.46	0.46	0	0	0.37
232200	0.38	0.46	0.46	0	0	0.38
232300	0.38	0.46	0.46	0	0	0.38
232400	0.37	0.46	0.46	0	0	0.37
232500	0.37	0.46	0.46	0	0	0.37
232600	0.37	0.46	0.46	0	0	0.37
232700	0.37	0.46	0.46	0	0	0.37
232800	0.37	0.46	0.46	0	0	0.37
232900	0.37	0.46	0.46	0	0	0.37
233000	0.37	0.46	0.46	0	0	0.37
233100	0.37	0.46	0.46	0	0	0.37
233200	0.37	0.46	0.46	0	0	0.37
233300	0.37	0.46	0.46	0	0	0.37
233400	0.37	0.46	0.46	0	0	0.37
233500	0.37	0.46	0.46	0	0	0.37
233600	0.37	0.46	0.46	0	0	0.37
233700	0.37	0.46	0.46	0	0	0.37
233800	0.37	0.46	0.46	0	0	0.37
233900	0.37	0.46	0.46	0	0	0.37
234000	0.37	0.46	0.46	0	0	0.37
234100	0.37	0.46	0.46	0	0	0.37
234200	0.37	0.46	0.46	0	0	0.37
234300	0.37	0.46	0.46	0	0	0.37
234400	0.37	0.46	0.46	0	0	0.37
234500	0.37	0.45	0.45	0	0	0.37
234600	0.37	0.45	0.45	0	0	0.37
234700	0.37	0.45	0.45	0	0	0.37
234800	0.37	0.45	0.45	0	0	0.37
234900	0.37	0.45	0.45	0	0	0.37
235000	0.37	0.45	0.45	0	0	0.37
235100	0.37	0.45	0.45	0	0	0.37
235200	0.37	0.45	0.45	0	0	0.37
235300	0.37	0.45	0.45	0	0	0.37
235400	0.37	0.45	0.45	0	0	0.37
235500	0.37	0.45	0.45	0	0	0.37
235600	0.37	0.45	0.45	0	0	0.37
235700	0.37	0.45	0.45	0	0	0.37
235800	0.37	0.45	0.45	0	0	0.37
235900	0.37	0.45	0.45	0	0	0.37
236000	0.37	0.45	0.45	0	0	0.37
236100	0.37	0.45	0.45	0	0	0.37
236200	0.37	0.45	0.45	0	0	0.37
236300	0.37	0.45	0.45	0	0	0.37
236400	0.37	0.45	0.45	0	0	0.37
236500	0.37	0.45	0.45	0	0	0.37
236600	0.37	0.45	0.45	0	0	0.37
236700	0.37	0.45	0.45	0	0	0.37
236800	0.37	0.45	0.45	0	0	0.37
236900	0.37	0.45	0.45	0	0	0.37
237000	0.37	0.45	0.45	0	0	0.37
237100	0.37	0.45	0.45	0	0	0.37
237200	0.37	0.45	0.45	0	0	0.37
237300	0.37	0.45	0.45	0	0	0.37
237400	0.37	0.45	0.45	0	0	0.37
237500	0.37	0.45	0.45	0	0	0.37
237600	0.37	0.45	0.45	0	0	0.37
237700	0.37	0.45	0.45	0	0	0.37
237800	0.37	0.45	0.45	0	0	0.37
237900	0.37	0.45	0.45	0	0	0.37
238000	0.37	0.45	0.45	0	0	0.37
238100	0.37	0.45	0.45	0	0	0.37
238200	0.37	0.45	0.45	0	0	0.37
238300	0.37	0.45	0.45	0	0	0.37
238400	0.37	0.45	0.45	0	0	0.37
238500	0.37	0.45	0.45	0	0	0.37
238600	0.37	0.45	0.45	0	0	0.37
238700	0.38	0.45	0.45	0	0	0.38
238800	0.37	0.45	0.45	0	0	0.37
238900	0.37	0.45	0.45	0	0	0.37
239000	0.37	0.45	0.45	0	0	0.37
239100	0.37	0.45	0.45	0	0	0.37
239200	0.37	0.45	0.45	0	0	0.37
239300	0.37	0.45	0.45	0	0	0.37
239400	0.37	0.45	0.45	0	0	0.37
239500	0.37	0.46	0.46	0	0	0.37
239600	0.37	0.45	0.45	0	0	0.37
239700	0.38	0.45	0.45	0	0	0.38
239800	0.37	0.45	0.45	0	0	0.37
239900	0.37	0.45	0.45	0	0	0.37
240000	0.37	0.45	0.45	0	0	0.37
240100	0.37	0.45	0.45	0	0	0.37
240200	0.37	0.45	0.45	0	0	0.37
240300	0.38	0.45	0.45	0	0	0.38
240400	0.37	0.45	0.45	0	0	0.37
240500	0.38	0.45	0.45	0	0	0.38
240600	0.38	0.45	0.45	0	0	0.38
240700	0.37	0.45	0.45	0	0	0.37
240800	0.37	0.45	0.45	0	0	0.37
240900	0.36	0.45	0.45	0	0	0.36
241000	0.36	0.45	0.45	0	0	0.36
241100	0.36	0.45	0.45	0	0	0.36
241200	0.36	0.45	0.45	0	0	0.36
241300	0.36	0.45	0.45	0	0	0.36
241400	0.36	0.45	0.45	0	0	0.36
241500	0.36	0.45	0.45	0	0	0.36
241600	0.36	0.45	0.45	0	0	0.36
241700	0.36	0.45	0.45	0	0	0.36
241800	0.36	0.45	0.45	0	0	0.36
241900	0.36	0.45	0.45	0	0	0.36
242000	0.36	0.45	0.45	0	0	0.36
242100	0.36	0.45	0.45	0	0	0.36
242200	0.36	0.45	0.45	0	0	0.36
242300	0.36	0.45	0.45	0	0	0.36
242400	0.36	0.45	0.45	0	0	0.36
242500	0.36	0.45	0.45	0	0	0.36
242600	0.37	0.45	0.45	0	0	0.37
242700	0.36	0.45	0.45	0	0	0.36
242800	0.36	0.45	0.45	0	0	0.36
242900	0.36	0.45	0.45	0	0	0.36
243000	0.36	0.45	0.45	0	0	0.36
243100	0.36	0.45	0.45	0	0	0.36
243200	0.36	0.45	0.45	0	0	0.36
243300	0.36	0.45	0.45	0	0	0.36
243400	0.36	0.45	0.45	0	0	0.36
243500	0.36	0.45	0.45	0	0	0.36
243600	0.36	0.45	0.45	0	0	0.36
243700	0.36	0.45	0.45	0	0	0.36
243800	0.37	0.45	0.45	0	0	0.37
243900	0.36	0.45	0.45	0	0	0.36
244000	0.36	0.45	0.45	0	0	0.36
244100	0.36	0.45	0.45	0	0	0.36
244200	0.36	0.45	0.45	0	0	0.36
244300	0.36	0.46	0.46	0	0	0.36
244400	0.36	0.46	0.46	0	0	0.36
244500	0.36	0.46	0.46	0	0	0.36
244600	0.36	0.45	0.45	0	0	0.36
244700	0.36	0.46	0.46	0	0	0.36
244800	0.36	0.45	0.45	0	0	0.36
244900	0.37	0.45	0.45	0	0	0.37
245000	0.37	0.45	0.45	0	0	0.37
245100	0.37	0.45	0.45	0	0	0.37
245200	0.37	0.45	0.45	0	0	0.37
245300	0.37	0.45	0.45	0	0	0.37
245400	0.37	0.45	0.45	0	0	0.37
245500	0.37	0.45	0.45	0	0	0.37
245600	0.37	0.45	0.45	0	0	0.37
245700	0.37	0.45	0.45	0	0	0.37
245800	0.38	0.45	0.45	0	0	0.38
245900	0.38	0.45	0.45	0	0	0.38
246000	0.37	0.45	0.45	0	0	0.37
246100	0.37	0.45	0.45	0	0	0.37
246200	0.37	0.45	0.45	0	0	0.37
246300	0.37	0.45	0.45	0	0	0.37
246400	0.38	0.45	0.45	0	0	0.38
246500	0.38	0.45	0.45	0	0	0.38
246600	0.38	0.45	0.45	0	0	0.38
246700	0.38	0.45	0.45	0	0	0.38
246800	0.38	0.45	0.45	0	0	0.38
246900	0.38	0.45	0.45	0	0	0.38
247000	0.38	0.45	0.45	0	0	0.38
247100	0.38	0.45	0.45	0	0	0.38
247200	0.38	0.45	0.45	0	0	0.38
247300	0.38	0.45	0.45	0	0	0.38
247400	0.38	0.45	0.45	0	0	0.38
247500	0.38	0.45	0.45	0	0	0.38
247600	0.38	0.45	0.45	0	0	0.38
247700	0.38	0.45	0.45	0	0	0.38
247800	0.39	0.46	0.46	0	0	0.39
247900	0.38	0.46	0.46	0	0	0.38
248000	0.38	0.45	0.45	0	0	0.38
248100	0.38	0.45	0.45	0	0	0.38
248200	0.38	0.45	0.45	0	0	0.38
248300	0.38	0.45	0.45	0	0	0.38
248400	0.38	0.45	0.45	0	0	0.38
248500	0.38	0.45	0.45	0	0	0.38
248600	0.38	0.45	0.45	0	0	0.38
248700	0.39	0.45	0.45	0	0	0.39
248800	0.39	0.45	0.45	0	0	0.39
248900	0.39	0.45	0.45	0	0	0.39
249000	0.39	0.45	0.45	0	0	0.39
249100	0.39	0.45	0.45	0	0	0.39
249200	0.39	0.45	0.45	0	0	0.39
249300	0.39	0.45	0.45	0	0	0.39
249400	0.39	0.45	0.45	0	0	0.39
249500	0.4	0.45	0.45	0	0	0.4
249600	0.4	0.45	0.45	0	0	0.4
249700	0.39	0.45	0.45	0	0	0.39
249800	0.4	0.45	0.45	0	0	0.4
249900	0.39	0.45	0.45	0	0	0.39
250000	0.39	0.45	0.45	0	0	0.39
250100	0.39	0.45	0.45	0	0	0.39
250200	0.39	0.45	0.45	0	0	0.39
250300	0.38	0.45	0.45	0	0	0.38
250400	0.38	0.45	0.45	0	0	0.38
250500	0.38	0.45	0.45	0	0	0.38
250600	0.38	0.45	0.45	0	0	0.38
250700	0.38	0.45	0.45	0	0	0.38
250800	0.38	0.46	0.46	0	0	0.38
250900	0.38	0.46	0.46	0	0	0.38
251000	0.38	0.46	0.46	0	0	0.38
251100	0.38	0.46	0.46	0	0	0.38
251200	0.38	0.46	0.46	0	0	0.38
251300	0.39	0.46	0.46	0	0	0.39
251400	0.39	0.46	0.46	0	0	0.39
251500	0.39	0.46	0.46	0	0	0.39
251600	0.39	0.46	0.46	0	0	0.39
251700	0.39	0.46	0.46	0	0	0.39
251800	0.39	0.46	0.46	0	0	0.39
251900	0.39	0.46	0.46	0	0	0.39
252000	0.39	0.46	0.46	0	0	0.39
252100	0.39	0.46	0.46	0	0	0.39
252200	0.39	0.47	0.47	0	0	0.39
252300	0.39	0.47	0.47	0	0	0.39
252400	0.39	0.47	0.47	0	0	0.39
252500	0.39	0.47	0.47	0	0	0.39
252600	0.39	0.47	0.47	0	0	0.39
252700	0.39	0.47	0.47	0	0	0.39
252800	0.39	0.47	0.47	0	0	0.39
252900	0.39	0.47	0.47	0	0	0.39
253000	0.39	0.46	0.46	0	0	0.39
253100	0.39	0.46	0.46	0	0	0.39
253200	0.39	0.46	0.46	0	0	0.39
253300	0.39	0.46	0.46	0	0	0.39
253400	0.39	0.46	0.46	0	0	0.39
253500	0.4	0.46	0.46	0	0	0.4
253600	0.4	0.46	0.46	0	0	0.4
253700	0.39	0.46	0.46	0	0	0.39
253800	0.39	0.46	0.46	0	0	0.39
253900	0.39	0.46	0.46	0	0	0.39
254000	0.39	0.46	0.46	0	0	0.39
254100	0.38	0.46	0.46	0	0	0.38
254200	0.38	0.46	0.46	0	0	0.38
254300	0.37	0.46	0.46	0	0	0.37
254400	0.37	0.46	0.46	0	0	0.37
254500	0.37	0.46	0.46	0	0	0.37
254600	0.37	0.46	0.46	0	0	0.37
254700	0.37	0.46	0.46	0	0	0.37
254800	0.37	0.46	0.46	0	0	0.37
254900	0.37	0.46	0.46	0	0	0.37
255000	0.37	0.46	0.46	0	0	0.37
255100	0.37	0.46	0.46	0	0	0.37
255200	0.37	0.46	0.46	0	0	0.37
255300	0.37	0.47	0.47	0	0	0.37
255400	0.37	0.47	0.47	0	0	0.37
255500	0.37	0.46	0.46	0	0	0.37
255600	0.37	0.46	0.46	0	0	0.37
255700	0.37	0.46	0.46	0	0	0.37
255800	0.37	0.46	0.46	0	0	0.37
255900	0.37	0.46	0.46	0	0	0.37
256000	0.37	0.46	0.46	0	0	0.37
256100	0.37	0.46	0.46	0	0	0.37
256200	0.37	0.46	0.46	0	0	0.37
256300	0.37	0.45	0.45	0	0	0.37
256400	0.37	0.45	0.45	0	0	0.37
256500	0.37	0.45	0.45	0	0	0.37
256600	0.37	0.45	0.45	0	0	0.37
256700	0.37	0.45	0.45	0	0	0.37
256800	0.37	0.45	0.45	0	0	0.37
256900	0.37	0.45	0.45	0	0	0.37
257000	0.37	0.45	0.45	0	0	0.37
257100	0.37	0.45	0.45	0	0	0.37
257200	0.37	0.45	0.45	0	0	0.37
257300	0.37	0.45	0.45	0	0	0.37
257400	0.37	0.45	0.45	0	0	0.37
257500	0.38	0.45	0.45	0	0	0.38
257600	0.38	0.45	0.45	0	0	0.38
257700	0.38	0.45	0.45	0	0	0.38
257800	0.38	0.45	0.45	0	0	0.38
257900	0.38	0.45	0.45	0	0	0.38
258000	0.38	0.45	0.45	0	0	0.38
258100	0.38	0.45	0.45	0	0	0.38
258200	0.38	0.45	0.45	0	0	0.38
258300	0.38	0.45	0.45	0	0	0.38
258400	0.38	0.45	0.45	0	0	0.38
258500	0.38	0.45	0.45	0	0	0.38
258600	0.39	0.45	0.45	0	0	0.39
258700	0.38	0.45	0.45	0	0	0.38
258800	0.38	0.45	0.45	0	0	0.38
258900	0.38	0.45	0.45	0	0	0.38
259000	0.38	0.45	0.45	0	0	0.38
259100	0.38	0.45	0.45	0	0	0.38
259200	0.38	0.45	0.45	0	0	0.38
259300	0.38	0.45	0.45	0	0	0.38
259400	0.38	0.45	0.45	0	0	0.38
259500	0.38	0.45	0.45	0	0	0.38
259600	0.38	0.45	0.45	0	0	0.38
259700	0.38	0.45	0.45	0	0	0.38
259800	0.38	0.45	0.45	0	0	0.38
259900	0.39	0.45	0.45	0	0	0.39
260000	0.38	0.45	0.45	0	0	0.38
260100	0.38	0.45	0.45	0	0	0.38
260200	0.38	0.45	0.45	0	0	0.38
260300	0.39	0.45	0.45	0	0	0.39
260400	0.38	0.45	0.45	0	0	0.38
260500	0.38	0.45	0.45	0	0	0.38
260600	0.38	0.45	0.45	0	0	0.38
260700	0.39	0.45	0.45	0	0	0.39
260800	0.38	0.45	0.45	0	0	0.38
260900	0.38	0.45	0.45	0	0	0.38
261000	0.38	0.45	0.45	0	0	0.38
261100	0.38	0.45	0.45	0	0	0.38
261200	0.38	0.45	0.45	0	0	0.38
261300	0.38	0.45	0.45	0	0	0.38
261400	0.38	0.45	0.45	0	0	0.38
261500	0.38	0.45	0.45	0	0	0.38
261600	0.38	0.45	0.45	0	0	0.38
261700	0.38	0.45	0.45	0	0	0.38
261800	0.38	0.45	0.45	0	0	0.38
261900	0.38	0.45	0.45	0	0	0.38
262000	0.38	0.46	0.46	0	0	0.38
262100	0.38	0.45	0.45	0	0	0.38
262200	0.38	0.45	0.45	0	0	0.38
262300	0.38	0.45	0.45	0	0	0.38
262400	0.38	0.46	0.46	0	0	0.38
262500	0.38	0.46	0.46	0	0	0.38
262600	0.38	0.46	0.46	0	0	0.38
262700	0.38	0.46	0.46	0	0	0.38
262800	0.38	0.46	0.46	0	0	0.38
262900	0.38	0.46	0.46	0	0	0.38
263000	0.38	0.46	0.46	0	0	0.38
263100	0.38	0.46	0.46	0	0	0.38
263200	0.38	0.46	0.46	0	0	0.38
263300	0.38	0.46	0.46	0	0	0.38
263400	0.39	0.46	0.46	0	0	0.39
263500	0.39	0.46	0.46	0	0	0.39
263600	0.39	0.46	0.46	0	0	0.39
263700	0.38	0.46	0.46	0	0	0.38
263800	0.38	0.46	0.46	0	0	0.38
263900	0.38	0.46	0.46	0	0	0.38
264000	0.38	0.46	0.46	0	0	0.38
264100	0.38	0.46	0.46	0	0	0.38
264200	0.37	0.46	0.46	0	0	0.37
264300	0.37	0.46	0.46	0	0	0.37
264400	0.37	0.46	0.46	0	0	0.37
264500	0.37	0.46	0.46	0	0	0.37
264600	0.37	0.46	0.46	0	0	0.37
264700	0.37	0.46	0.46	0	0	0.37
264800	0.37	0.46	0.46	0	0	0.37
264900	0.37	0.46	0.46	0	0	0.37
265000	0.37	0.47	0.47	0	0	0.37
265100	0.37	0.47	0.47	0	0	0.37
265200	0.37	0.46	0.46	0	0	0.37
265300	0.37	0.46	0.46	0	0	0.37
265400	0.37	0.46	0.46	0	0	0.37
265500	0.37	0.46	0.46	0	0	0.37
265600	0.37	0.46	0.46	0	0	0.37
265700	0.37	0.46	0.46	0	0	0.37
265800	0.37	0.46	0.46	0	0	0.37
265900	0.37	0.46	0.46	0	0	0.37
266000	0.37	0.46	0.46	0	0	0.37
266100	0.37	0.46	0.46	0	0	0.37
266200	0.37	0.46	0.46	0	0	0.37
266300	0.37	0.46	0.46	0	0	0.37
266400	0.37	0.46	0.46	0	0	0.37
266500	0.37	0.46	0.46	0	0	0.37
266600	0.37	0.46	0.46	0	0	0.37
266700	0.37	0.46	0.46	0	0	0.37
266800	0.37	0.46	0.46	0	0	0.37
266900	0.37	0.46	0.46	0	0	0.37
267000	0.37	0.46	0.46	0	0	0.37
267100	0.38	0.46	0.46	0	0	0.38
267200	0.39	0.46	0.46	0	0	0.39
267300	0.39	0.46	0.46	0	0	0.39
267400	0.39	0.46	0.46	0	0	0.39
267500	0.39	0.46	0.46	0	0	0.39
267600	0.39	0.47	0.47	0	0	0.39
267700	0.39	0.46	0.46	0	0	0.39
267800	0.39	0.46	0.46	0	0	0.39
267900	0.39	0.46	0.46	0	0	0.39
268000	0.39	0.46	0.46	0	0	0.39
268100	0.39	0.46	0.46	0	0	0.39
268200	0.39	0.46	0.46	0	0	0.39
268300	0.39	0.46	0.46	0	0	0.39
268400	0.39	0.46	0.46	0	0	0.39
268500	0.39	0.46	0.46	0	0	0.39
268600	0.39	0.46	0.46	0	0	0.39
268700	0.39	0.46	0.46	0	0	0.39
268800	0.39	0.46	0.46	0	0	0.39
268900	0.39	0.46	0.46	0	0	0.39
269000	0.39	0.46	0.46	0	0	0.39
269100	0.39	0.46	0.46	0	0	0.39
269200	0.39	0.46	0.46	0	0	0.39
269300	0.4	0.46	0.46	0	0	0.4
269400	0.4	0.46	0.46	0	0	0.4
269500	0.4	0.46	0.46	0	0	0.4
269600	0.39	0.46	0.46	0	0	0.39
269700	0.39	0.46	0.46	0	0	0.39
269800	0.39	0.46	0.46	0	0	0.39
269900	0.4	0.46	0.46	0	0	0.4
270000	0.39	0.46	0.46	0	0	0.39
270100	0.39	0.46	0.46	0	0	0.39
270200	0.39	0.46	0.46	0	0	0.39
270300	0.39	0.46	0.46	0	0	0.39
270400	0.39	0.46	0.46	0	0	0.39
270500	0.39	0.46	0.46	0	0	0.39
270600	0.39	0.46	0.46	0	0	0.39
270700	0.39	0.46	0.46	0	0	0.39
270800	0.39	0.46	0.46	0	0	0.39
270900	0.39	0.46	0.46	0	0	0.39
271000	0.39	0.47	0.47	0	0	0.39
271100	0.39	0.47	0.47	0	0	0.39
271200	0.39	0.47	0.47	0	0	0.39
271300	0.39	0.47	0.47	0	0	0.39
271400	0.39	0.47	0.47	0	0	0.39
271500	0.39	0.47	0.47	0	0	0.39
271600	0.39	0.47	0.47	0	0	0.39
271700	0.39	0.47	0.47	0	0	0.39
271800	0.38	0.47	0.47	0	0	0.38
271900	0.38	0.47	0.47	0	0	0.38
272000	0.38	0.47	0.47	0	0	0.38
272100	0.38	0.47	0.47	0	0	0.38
272200	0.38	0.47	0.47	0	0	0.38
272300	0.39	0.47	0.47	0	0	0.39
272400	0.38	0.47	0.47	0	0	0.38
272500	0.38	0.47	0.47	0	0	0.38
272600	0.38	0.47	0.47	0	0	0.38
272700	0.38	0.47	0.47	0	0	0.38
272800	0.38	0.47	0.47	0	0	0.38
272900	0.38	0.47	0.47	0	0	0.38
273000	0.38	0.47	0.47	0	0	0.38
273100	0.38	0.47	0.47	0	0	0.38
273200	0.38	0.47	0.47	0	0	0.38
273300	0.38	0.47	0.47	0	0	0.38
273400	0.38	0.47	0.47	0	0	0.38
273500	0.38	0.47	0.47	0	0	0.38
273600	0.38	0.47	0.47	0	0	0.38
273700	0.38	0.47	0.47	0	0	0.38
273800	0.38	0.47	0.47	0	0	0.38
273900	0.38	0.47	0.47	0	0	0.38
274000	0.38	0.47	0.47	0	0	0.38
274100	0.38	0.47	0.47	0	0	0.38
274200	0.38	0.47	0.47	0	0	0.38
274300	0.38	0.47	0.47	0	0	0.38
274400	0.38	0.47	0.47	0	0	0.38
274500	0.38	0.47	0.47	0	0	0.38
274600	0.39	0.47	0.47	0	0	0.39
274700	0.4	0.47	0.47	0	0	0.4
274800	0.4	0.47	0.47	0	0	0.4
274900	0.39	0.47	0.47	0	0	0.39
275000	0.39	0.47	0.47	0	0	0.39
275100	0.39	0.47	0.47	0	0	0.39
275200	0.39	0.47	0.47	0	0	0.39
275300	0.39	0.47	0.47	0	0	0.39
275400	0.39	0.47	0.47	0	0	0.39
275500	0.38	0.47	0.47	0	0	0.38
275600	0.38	0.47	0.47	0	0	0.38
275700	0.38	0.47	0.47	0	0	0.38
275800	0.38	0.47	0.47	0	0	0.38
275900	0.38	0.47	0.47	0	0	0.38
276000	0.38	0.47	0.47	0	0	0.38
276100	0.39	0.47	0.47	0	0	0.39
276200	0.39	0.47	0.47	0	0	0.39
276300	0.39	0.47	0.47	0	0	0.39
276400	0.38	0.47	0.47	0	0	0.38
276500	0.38	0.47	0.47	0	0	0.38
276600	0.38	0.47	0.47	0	0	0.38
276700	0.38	0.47	0.47	0	0	0.38
276800	0.38	0.47	0.47	0	0	0.38
276900	0.38	0.47	0.47	0	0	0.38
277000	0.38	0.47	0.47	0	0	0.38
277100	0.38	0.47	0.47	0	0	0.38
277200	0.38	0.47	0.47	0	0	0.38
277300	0.38	0.47	0.47	0	0	0.38
277400	0.38	0.47	0.47	0	0	0.38
277500	0.39	0.47	0.47	0	0	0.39
277600	0.39	0.47	0.47	0	0	0.39
277700	0.38	0.47	0.47	0	0	0.38
277800	0.38	0.47	0.47	0	0	0.38
277900	0.38	0.47	0.47	0	0	0.38
278000	0.38	0.47	0.47	0	0	0.38
278100	0.38	0.47	0.47	0	0	0.38
278200	0.38	0.47	0.47	0	0	0.38
278300	0.38	0.47	0.47	0	0	0.38
278400	0.38	0.47	0.47	0	0	0.38
278500	0.39	0.47	0.47	0	0	0.39
278600	0.39	0.47	0.47	0	0	0.39
278700	0.39	0.47	0.47	0	0	0.39
278800	0.38	0.47	0.47	0	0	0.38
278900	0.38	0.47	0.47	0	0	0.38
279000	0.38	0.49	0.49	0	0	0.38
279100	0.38	0.49	0.49	0	0	0.38
279200	0.38	0.49	0.49	0	0	0.38
279300	0.38	0.49	0.49	0	0	0.38
279400	0.38	0.49	0.49	0	0	0.38
279500	0.38	0.49	0.49	0	0	0.38
279600	0.38	0.49	0.49	0	0	0.38
279700	0.38	0.49	0.49	0	0	0.38
279800	0.38	0.49	0.49	0	0	0.38
279900	0.38	0.49	0.49	0	0	0.38
280000	0.38	0.49	0.49	0	0	0.38
280100	0.38	0.49	0.49	0	0	0.38
280200	0.38	0.49	0.49	0	0	0.38
280300	0.38	0.49	0.49	0	0	0.38
280400	0.38	0.49	0.49	0	0	0.38
280500	0.38	0.49	0.49	0	0	0.38
280600	0.38	0.49	0.49	0	0	0.38
280700	0.38	0.49	0.49	0	0	0.38
280800	0.38	0.49	0.49	0	0	0.38
280900	0.38	0.49	0.49	0	0	0.38
281000	0.38	0.49	0.49	0	0	0.38
281100	0.38	0.49	0.49	0	0	0.38
281200	0.38	0.49	0.49	0	0	0.38
281300	0.38	0.49	0.49	0	0	0.38
281400	0.38	0.49	0.49	0	0	0.38
281500	0.38	0.49	0.49	0	0	0.38
281600	0.38	0.49	0.49	0	0	0.38
281700	0.38	0.49	0.49	0	0	0.38
281800	0.38	0.49	0.49	0	0	0.38
281900	0.38	0.49	0.49	0	0	0.38
282000	0.38	0.49	0.49	0	0	0.38
282100	0.38	0.49	0.49	0	0	0.38
282200	0.38	0.49	0.49	0	0	0.38
282300	0.38	0.49	0.49	0	0	0.38
282400	0.38	0.49	0.49	0	0	0.38
282500	0.38	0.49	0.49	0	0	0.38
282600	0.38	0.49	0.49	0	0	0.38
282700	0.39	0.49	0.49	0	0	0.39
282800	0.38	0.49	0.49	0	0	0.38
282900	0.38	0.49	0.49	0	0	0.38
283000	0.38	0.49	0.49	0	0	0.38
283100	0.38	0.49	0.49	0	0	0.38
283200	0.38	0.49	0.49	0	0	0.38
283300	0.38	0.49	0.49	0	0	0.38
283400	0.38	0.49	0.49	0	0	0.38
283500	0.38	0.49	0.49	0	0	0.38
283600	0.38	0.49	0.49	0	0	0.38
283700	0.39	0.49	0.49	0	0	0.39
283800	0.39	0.49	0.49	0	0	0.39
283900	0.39	0.49	0.49	0	0	0.39
284000	0.39	0.49	0.49	0	0	0.39
284100	0.39	0.49	0.49	0	0	0.39
284200	0.39	0.49	0.49	0	0	0.39
284300	0.39	0.49	0.49	0	0	0.39
284400	0.39	0.49	0.49	0	0	0.39
284500	0.39	0.49	0.49	0	0	0.39
284600	0.39	0.49	0.49	0	0	0.39
284700	0.38	0.49	0.49	0	0	0.38
284800	0.38	0.49	0.49	0	0	0.38
284900	0.38	0.49	0.49	0	0	0.38
285000	0.38	0.49	0.49	0	0	0.38
285100	0.38	0.49	0.49	0	0	0.38
285200	0.38	0.49	0.49	0	0	0.38
285300	0.38	0.49	0.49	0	0	0.38
285400	0.38	0.49	0.49	0	0	0.38
285500	0.38	0.49	0.49	0	0	0.38
285600	0.38	0.49	0.49	0	0	0.38
285700	0.38	0.49	0.49	0	0	0.38
285800	0.38	0.49	0.49	0	0	0.38
285900	0.38	0.47	0.47	0	0	0.38
286000	0.38	0.47	0.47	0	0	0.38
286100	0.38	0.47	0.47	0	0	0.38
286200	0.38	0.47	0.47	0	0	0.38
286300	0.38	0.47	0.47	0	0	0.38
286400	0.38	0.47	0.47	0	0	0.38
286500	0.38	0.47	0.47	0	0	0.38
286600	0.38	0.48	0.48	0	0	0.38
286700	0.38	0.48	0.48	0	0	0.38
286800	0.38	0.48	0.48	0	0	0.38
286900	0.38	0.47	0.47	0	0	0.38
287000	0.38	0.47	0.47	0	0	0.38
287100	0.38	0.47	0.47	0	0	0.38
287200	0.38	0.47	0.47	0	0	0.38
287300	0.38	0.47	0.47	0	0	0.38
287400	0.38	0.47	0.47	0	0	0.38
287500	0.38	0.47	0.47	0	0	0.38
287600	0.38	0.47	0.47	0	0	0.38
287700	0.38	0.47	0.47	0	0	0.38
287800	0.39	0.48	0.48	0	0	0.39
287900	0.39	0.47	0.47	0	0	0.39
288000	0.39	0.47	0.47	0	0	0.39
288100	0.4	0.47	0.47	0	0	0.4
288200	0.39	0.47	0.47	0	0	0.39
288300	0.39	0.47	0.47	0	0	0.39
288400	0.38	0.47	0.47	0	0	0.38
288500	0.38	0.48	0.48	0	0	0.38
288600	0.38	0.48	0.48	0	0	0.38
288700	0.38	0.48	0.48	0	0	0.38
288800	0.38	0.48	0.48	0	0	0.38
288900	0.38	0.48	0.48	0	0	0.38
289000	0.38	0.48	0.48	0	0	0.38
289100	0.38	0.48	0.48	0	0	0.38
289200	0.38	0.48	0.48	0	0	0.38
289300	0.38	0.48	0.48	0	0	0.38
289400	0.38	0.48	0.48	0	0	0.38
289500	0.38	0.48	0.48	0	0	0.38
289600	0.38	0.48	0.48	0	0	0.38
289700	0.38	0.48	0.48	0	0	0.38
289800	0.38	0.48	0.48	0	0	0.38
289900	0.38	0.48	0.48	0	0	0.38
290000	0.38	0.48	0.48	0	0	0.38
290100	0.38	0.47	0.47	0	0	0.38
290200	0.38	0.47	0.47	0	0	0.38
290300	0.38	0.47	0.47	0	0	0.38
290400	0.38	0.47	0.47	0	0	0.38
290500	0.38	0.47	0.47	0	0	0.38
290600	0.38	0.47	0.47	0	0	0.38
290700	0.38	0.47	0.47	0	0	0.38
290800	0.38	0.47	0.47	0	0	0.38
290900	0.38	0.47	0.47	0	0	0.38
291000	0.38	0.47	0.47	0	0	0.38
291100	0.38	0.47	0.47	0	0	0.38
291200	0.38	0.47	0.47	0	0	0.38
291300	0.38	0.47	0.47	0	0	0.38
291400	0.38	0.47	0.47	0	0	0.38
291500	0.38	0.47	0.47	0	0	0.38
291600	0.38	0.47	0.47	0	0	0.38
291700	0.38	0.47	0.47	0	0	0.38
291800	0.38	0.47	0.47	0	0	0.38
291900	0.38	0.47	0.47	0	0	0.38
292000	0.38	0.47	0.47	0	0	0.38
292100	0.38	0.47	0.47	0	0	0.38
292200	0.38	0.47	0.47	0	0	0.38
292300	0.38	0.47	0.47	0	0	0.38
292400	0.38	0.47	0.47	0	0	0.38
292500	0.39	0.47	0.47	0	0	0.39
292600	0.38	0.47	0.47	0	0	0.38
292700	0.38	0.47	0.47	0	0	0.38
292800	0.38	0.47	0.47	0	0	0.38
292900	0.38	0.47	0.47	0	0	0.38
293000	0.38	0.47	0.47	0	0	0.38
293100	0.38	0.47	0.47	0	0	0.38
293200	0.39	0.47	0.47	0	0	0.39
293300	0.39	0.47	0.47	0	0	0.39
293400	0.38	0.47	0.47	0	0	0.38
293500	0.38	0.47	0.47	0	0	0.38
293600	0.38	0.47	0.47	0	0	0.38
293700	0.38	0.47	0.47	0	0	0.38
293800	0.38	0.47	0.47	0	0	0.38
293900	0.38	0.47	0.47	0	0	0.38
294000	0.38	0.47	0.47	0	0	0.38
294100	0.38	0.47	0.47	0	0	0.38
294200	0.38	0.47	0.47	0	0	0.38
294300	0.39	0.47	0.47	0	0	0.39
294400	0.38	0.47	0.47	0	0	0.38
294500	0.38	0.47	0.47	0	0	0.38
294600	0.38	0.47	0.47	0	0	0.38
294700	0.39	0.47	0.47	0	0	0.39
294800	0.39	0.48	0.48	0	0	0.39
294900	0.39	0.48	0.48	0	0	0.39
295000	0.39	0.48	0.48	0	0	0.39
295100	0.39	0.48	0.48	0	0	0.39
295200	0.39	0.48	0.48	0	0	0.39
295300	0.39	0.48	0.48	0	0	0.39
295400	0.39	0.48	0.48	0	0	0.39
295500	0.39	0.48	0.48	0	0	0.39
295600	0.39	0.48	0.48	0	0	0.39
295700	0.39	0.48	0.48	0	0	0.39
295800	0.39	0.48	0.48	0	0	0.39
295900	0.39	0.48	0.48	0	0	0.39
296000	0.39	0.48	0.48	0	0	0.39
296100	0.39	0.48	0.48	0	0	0.39
296200	0.39	0.48	0.48	0	0	0.39
296300	0.39	0.48	0.48	0	0	0.39
296400	0.39	0.48	0.48	0	0	0.39
296500	0.39	0.48	0.48	0	0	0.39
296600	0.39	0.48	0.48	0	0	0.39
296700	0.39	0.48	0.48	0	0	0.39
296800	0.39	0.48	0.48	0	0	0.39
296900	0.39	0.48	0.48	0	0	0.39
297000	0.39	0.48	0.48	0	0	0.39
297100	0.39	0.48	0.48	0	0	0.39
297200	0.39	0.48	0.48	0	0	0.39
297300	0.39	0.48	0.48	0	0	0.39
297400	0.39	0.48	0.48	0	0	0.39
297500	0.39	0.48	0.48	0	0	0.39
297600	0.39	0.48	0.48	0	0	0.39
297700	0.39	0.47	0.47	0	0	0.39
297800	0.39	0.47	0.47	0	0	0.39
297900	0.39	0.47	0.47	0	0	0.39
298000	0.39	0.47	0.47	0	0	0.39
298100	0.39	0.47	0.47	0	0	0.39
298200	0.39	0.47	0.47	0	0	0.39
298300	0.4	0.47	0.47	0	0	0.4
298400	0.4	0.47	0.47	0	0	0.4
298500	0.39	0.47	0.47	0	0	0.39
298600	0.39	0.45	0.45	0	0	0.39
298700	0.39	0.45	0.45	0	0	0.39
298800	0.39	0.45	0.45	0	0	0.39
298900	0.39	0.45	0.45	0	0	0.39
299000	0.39	0.45	0.45	0	0	0.39
299100	0.39	0.45	0.45	0	0	0.39
299200	0.39	0.45	0.45	0	0	0.39
299300	0.39	0.45	0.45	0	0	0.39
299400	0.39	0.45	0.45	0	0	0.39
299500	0.39	0.45	0.45	0	0	0.39
299600	0.39	0.45	0.45	0	0	0.39
299700	0.39	0.44	0.44	0	0	0.39
299800	0.39	0.44	0.44	0	0	0.39
299900	0.39	0.44	0.44	0	0	0.39
300000	0.39	0.44	0.44	0	0	0.39
