100	0.06	0.1	0.1	0	0	0.06
200	0.06	0.13	0.13	0	0	0.06
300	0.07	0.13	0.13	0	0	0.07
400	0.05	0.14	0.14	0	0	0.05
500	0.06	0.17	0.17	0	0	0.06
600	0.08	0.17	0.17	0	0	0.08
700	0.06	0.19	0.19	0	0	0.06
800	0.08	0.19	0.19	0	0	0.08
900	0.09	0.16	0.16	0	0	0.09
1000	0.1	0.16	0.16	0	0	0.1
1100	0.1	0.17	0.17	0	0	0.1
1200	0.09	0.19	0.19	0	0	0.09
1300	0.1	0.2	0.2	0	0	0.1
1400	0.1	0.19	0.19	0	0	0.1
1500	0.1	0.21	0.21	0	0	0.1
1600	0.09	0.21	0.21	0	0	0.09
1700	0.09	0.18	0.18	0	0	0.09
1800	0.11	0.2	0.2	0	0	0.11
1900	0.12	0.19	0.19	0	0	0.12
2000	0.13	0.22	0.22	0	0	0.13
2100	0.14	0.23	0.23	0	0	0.14
2200	0.14	0.23	0.23	0	0	0.14
2300	0.14	0.24	0.24	0	0	0.14
2400	0.15	0.25	0.25	0	0	0.15
2500	0.13	0.27	0.27	0	0	0.13
2600	0.13	0.27	0.27	0	0	0.13
2700	0.13	0.27	0.27	0	0	0.13
2800	0.13	0.26	0.26	0	0	0.13
2900	0.15	0.25	0.25	0	0	0.15
3000	0.16	0.24	0.24	0	0	0.16
3100	0.15	0.24	0.24	0	0	0.15
3200	0.16	0.24	0.24	0	0	0.16
3300	0.17	0.26	0.26	0	0	0.17
3400	0.17	0.26	0.26	0	0	0.17
3500	0.17	0.26	0.26	0	0	0.17
3600	0.17	0.25	0.25	0	0	0.17
3700	0.18	0.26	0.26	0	0	0.18
3800	0.17	0.28	0.28	0	0	0.17
3900	0.15	0.26	0.26	0	0	0.15
4000	0.15	0.26	0.26	0	0	0.15
4100	0.15	0.27	0.27	0	0	0.15
4200	0.16	0.27	0.27	0	0	0.16
4300	0.17	0.26	0.26	0	0	0.17
4400	0.16	0.26	0.26	0	0	0.16
4500	0.16	0.26	0.26	0	0	0.16
4600	0.17	0.29	0.29	0	0	0.17
4700	0.17	0.29	0.29	0	0	0.17
4800	0.18	0.31	0.31	0	0	0.18
4900	0.18	0.31	0.31	0	0	0.18
5000	0.19	0.31	0.31	0	0	0.19
5100	0.2	0.32	0.32	0	0	0.2
5200	0.2	0.32	0.32	0	0	0.2
5300	0.2	0.3	0.3	0	0	0.2
5400	0.18	0.29	0.29	0	0	0.18
5500	0.18	0.3	0.3	0	0	0.18
5600	0.2	0.3	0.3	0	0	0.2
5700	0.19	0.3	0.3	0	0	0.19
5800	0.19	0.31	0.31	0	0	0.19
5900	0.19	0.31	0.31	0	0	0.19
6000	0.18	0.31	0.31	0	0	0.18
6100	0.16	0.31	0.31	0	0	0.16
6200	0.16	0.31	0.31	0	0	0.16
6300	0.16	0.31	0.31	0	0	0.16
6400	0.16	0.31	0.31	0	0	0.16
6500	0.16	0.31	0.31	0	0	0.16
6600	0.16	0.32	0.32	0	0	0.16
6700	0.16	0.33	0.33	0	0	0.16
6800	0.16	0.33	0.33	0	0	0.16
6900	0.18	0.34	0.34	0	0	0.18
7000	0.18	0.33	0.33	0	0	0.18
7100	0.19	0.33	0.33	0	0	0.19
7200	0.19	0.33	0.33	0	0	0.19
7300	0.19	0.33	0.33	0	0	0.19
7400	0.19	0.32	0.32	0	0	0.19
7500	0.2	0.34	0.34	0	0	0.2
7600	0.2	0.34	0.34	0	0	0.2
7700	0.22	0.34	0.34	0	0	0.22
7800	0.21	0.34	0.34	0	0	0.21
7900	0.21	0.34	0.34	0	0	0.21
8000	0.21	0.34	0.34	0	0	0.21
8100	0.23	0.35	0.35	0	0	0.23
8200	0.25	0.35	0.35	0	0	0.25
8300	0.23	0.35	0.35	0	0	0.23
8400	0.23	0.36	0.36	0	0	0.23
8500	0.24	0.36	0.36	0	0	0.24
8600	0.23	0.37	0.37	0	0	0.23
8700	0.23	0.37	0.37	0	0	0.23
8800	0.23	0.38	0.38	0	0	0.23
8900	0.22	0.37	0.37	0	0	0.22
9000	0.22	0.38	0.38	0	0	0.22
9100	0.23	0.37	0.37	0	0	0.23
9200	0.23	0.38	0.38	0	0	0.23
9300	0.21	0.39	0.39	0	0	0.21
9400	0.21	0.39	0.39	0	0	0.21
9500	0.22	0.37	0.37	0	0	0.22
9600	0.22	0.37	0.37	0	0	0.22
9700	0.22	0.38	0.38	0	0	0.22
9800	0.22	0.36	0.36	0	0	0.22
9900	0.22	0.36	0.36	0	0	0.22
10000	0.22	0.36	0.36	0	0	0.22
10100	0.22	0.37	0.37	0	0	0.22
10200	0.22	0.37	0.37	0	0	0.22
10300	0.22	0.38	0.38	0	0	0.22
10400	0.23	0.37	0.37	0	0	0.23
10500	0.23	0.37	0.37	0	0	0.23
10600	0.24	0.37	0.37	0	0	0.24
10700	0.25	0.38	0.38	0	0	0.25
10800	0.24	0.37	0.37	0	0	0.24
10900	0.24	0.39	0.39	0	0	0.24
11000	0.24	0.39	0.39	0	0	0.24
11100	0.25	0.39	0.39	0	0	0.25
11200	0.25	0.4	0.4	0	0	0.25
11300	0.25	0.4	0.4	0	0	0.25
11400	0.26	0.4	0.4	0	0	0.26
11500	0.26	0.39	0.39	0	0	0.26
11600	0.26	0.39	0.39	0	0	0.26
11700	0.24	0.39	0.39	0	0	0.24
11800	0.22	0.38	0.38	0	0	0.22
11900	0.21	0.38	0.38	0	0	0.21
12000	0.22	0.37	0.37	0	0	0.22
12100	0.22	0.37	0.37	0	0	0.22
12200	0.23	0.37	0.37	0	0	0.23
12300	0.24	0.37	0.37	0	0	0.24
12400	0.24	0.37	0.37	0	0	0.24
12500	0.24	0.37	0.37	0	0	0.24
12600	0.24	0.37	0.37	0	0	0.24
12700	0.24	0.38	0.38	0	0	0.24
12800	0.25	0.38	0.38	0	0	0.25
12900	0.27	0.38	0.38	0	0	0.27
13000	0.27	0.39	0.39	0	0	0.27
13100	0.26	0.39	0.39	0	0	0.26
13200	0.25	0.37	0.37	0	0	0.25
13300	0.25	0.37	0.37	0	0	0.25
13400	0.25	0.37	0.37	0	0	0.25
13500	0.25	0.36	0.36	0	0	0.25
13600	0.25	0.35	0.35	0	0	0.25
13700	0.27	0.37	0.37	0	0	0.27
13800	0.27	0.39	0.39	0	0	0.27
13900	0.28	0.37	0.37	0	0	0.28
14000	0.28	0.38	0.38	0	0	0.28
14100	0.29	0.38	0.38	0	0	0.29
14200	0.3	0.39	0.39	0	0	0.3
14300	0.3	0.39	0.39	0	0	0.3
14400	0.3	0.38	0.38	0	0	0.3
14500	0.29	0.39	0.39	0	0	0.29
14600	0.3	0.39	0.39	0	0	0.3
14700	0.3	0.39	0.39	0	0	0.3
14800	0.3	0.38	0.38	0	0	0.3
14900	0.3	0.38	0.38	0	0	0.3
15000	0.29	0.39	0.39	0	0	0.29
15100	0.29	0.39	0.39	0	0	0.29
15200	0.29	0.4	0.4	0	0	0.29
15300	0.29	0.38	0.38	0	0	0.29
15400	0.29	0.39	0.39	0	0	0.29
15500	0.29	0.39	0.39	0	0	0.29
15600	0.29	0.39	0.39	0	0	0.29
15700	0.29	0.39	0.39	0	0	0.29
15800	0.29	0.39	0.39	0	0	0.29
15900	0.29	0.39	0.39	0	0	0.29
16000	0.28	0.39	0.39	0	0	0.28
16100	0.29	0.37	0.37	0	0	0.29
16200	0.3	0.37	0.37	0	0	0.3
16300	0.3	0.37	0.37	0	0	0.3
16400	0.3	0.37	0.37	0	0	0.3
16500	0.3	0.37	0.37	0	0	0.3
16600	0.29	0.38	0.38	0	0	0.29
16700	0.29	0.37	0.37	0	0	0.29
16800	0.29	0.37	0.37	0	0	0.29
16900	0.29	0.37	0.37	0	0	0.29
17000	0.3	0.37	0.37	0	0	0.3
17100	0.3	0.37	0.37	0	0	0.3
17200	0.3	0.37	0.37	0	0	0.3
17300	0.3	0.35	0.35	0	0	0.3
17400	0.3	0.35	0.35	0	0	0.3
17500	0.3	0.35	0.35	0	0	0.3
17600	0.31	0.36	0.36	0	0	0.31
17700	0.3	0.36	0.36	0	0	0.3
17800	0.31	0.37	0.37	0	0	0.31
17900	0.31	0.37	0.37	0	0	0.31
18000	0.31	0.37	0.37	0	0	0.31
18100	0.3	0.36	0.36	0	0	0.3
18200	0.3	0.36	0.36	0	0	0.3
18300	0.31	0.36	0.36	0	0	0.31
18400	0.3	0.36	0.36	0	0	0.3
18500	0.3	0.36	0.36	0	0	0.3
18600	0.3	0.36	0.36	0	0	0.3
18700	0.3	0.36	0.36	0	0	0.3
18800	0.3	0.36	0.36	0	0	0.3
18900	0.3	0.36	0.36	0	0	0.3
19000	0.3	0.36	0.36	0	0	0.3
19100	0.3	0.36	0.36	0	0	0.3
19200	0.31	0.36	0.36	0	0	0.31
19300	0.32	0.36	0.36	0	0	0.32
19400	0.3	0.36	0.36	0	0	0.3
19500	0.29	0.36	0.36	0	0	0.29
19600	0.29	0.36	0.36	0	0	0.29
19700	0.29	0.37	0.37	0	0	0.29
19800	0.29	0.37	0.37	0	0	0.29
19900	0.29	0.38	0.38	0	0	0.29
20000	0.29	0.38	0.38	0	0	0.29
20100	0.29	0.39	0.39	0	0	0.29
20200	0.29	0.4	0.4	0	0	0.29
20300	0.29	0.38	0.38	0	0	0.29
20400	0.29	0.36	0.36	0	0	0.29
20500	0.29	0.35	0.35	0	0	0.29
20600	0.3	0.36	0.36	0	0	0.3
20700	0.31	0.36	0.36	0	0	0.31
20800	0.31	0.35	0.35	0	0	0.31
20900	0.31	0.35	0.35	0	0	0.31
21000	0.33	0.35	0.35	0	0	0.33
21100	0.34	0.35	0.35	0	0	0.34
21200	0.36	0.35	0.35	0	0	0.36
21300	0.36	0.35	0.35	0	0	0.36
21400	0.36	0.36	0.36	0	0	0.36
21500	0.36	0.35	0.35	0	0	0.36
21600	0.36	0.35	0.35	0	0	0.36
21700	0.36	0.35	0.35	0	0	0.36
21800	0.36	0.36	0.36	0	0	0.36
21900	0.36	0.37	0.37	0	0	0.36
22000	0.36	0.37	0.37	0	0	0.36
22100	0.36	0.37	0.37	0	0	0.36
22200	0.36	0.37	0.37	0	0	0.36
22300	0.36	0.37	0.37	0	0	0.36
22400	0.36	0.38	0.38	0	0	0.36
22500	0.36	0.38	0.38	0	0	0.36
22600	0.36	0.39	0.39	0	0	0.36
22700	0.36	0.38	0.38	0	0	0.36
22800	0.36	0.38	0.38	0	0	0.36
22900	0.36	0.38	0.38	0	0	0.36
23000	0.36	0.39	0.39	0	0	0.36
23100	0.36	0.38	0.38	0	0	0.36
23200	0.37	0.38	0.38	0	0	0.37
23300	0.36	0.38	0.38	0	0	0.36
23400	0.36	0.38	0.38	0	0	0.36
23500	0.35	0.38	0.38	0	0	0.35
23600	0.34	0.38	0.38	0	0	0.34
23700	0.33	0.38	0.38	0	0	0.33
23800	0.33	0.38	0.38	0	0	0.33
23900	0.33	0.39	0.39	0	0	0.33
24000	0.33	0.39	0.39	0	0	0.33
24100	0.33	0.39	0.39	0	0	0.33
24200	0.33	0.39	0.39	0	0	0.33
24300	0.33	0.39	0.39	0	0	0.33
24400	0.34	0.38	0.38	0	0	0.34
24500	0.34	0.38	0.38	0	0	0.34
24600	0.35	0.38	0.38	0	0	0.35
24700	0.34	0.38	0.38	0	0	0.34
24800	0.34	0.38	0.38	0	0	0.34
24900	0.31	0.38	0.38	0	0	0.31
25000	0.32	0.38	0.38	0	0	0.32
25100	0.31	0.38	0.38	0	0	0.31
25200	0.31	0.38	0.38	0	0	0.31
25300	0.34	0.39	0.39	0	0	0.34
25400	0.33	0.39	0.39	0	0	0.33
25500	0.34	0.39	0.39	0	0	0.34
25600	0.34	0.4	0.4	0	0	0.34
25700	0.32	0.4	0.4	0	0	0.32
25800	0.32	0.4	0.4	0	0	0.32
25900	0.32	0.4	0.4	0	0	0.32
26000	0.32	0.4	0.4	0	0	0.32
26100	0.31	0.4	0.4	0	0	0.31
26200	0.31	0.4	0.4	0	0	0.31
26300	0.31	0.4	0.4	0	0	0.31
26400	0.31	0.41	0.41	0	0	0.31
26500	0.31	0.41	0.41	0	0	0.31
26600	0.31	0.4	0.4	0	0	0.31
26700	0.31	0.4	0.4	0	0	0.31
26800	0.31	0.4	0.4	0	0	0.31
26900	0.31	0.4	0.4	0	0	0.31
27000	0.31	0.4	0.4	0	0	0.31
27100	0.31	0.4	0.4	0	0	0.31
27200	0.32	0.4	0.4	0	0	0.32
27300	0.31	0.39	0.39	0	0	0.31
27400	0.33	0.39	0.39	0	0	0.33
27500	0.31	0.39	0.39	0	0	0.31
27600	0.31	0.39	0.39	0	0	0.31
27700	0.31	0.39	0.39	0	0	0.31
27800	0.32	0.39	0.39	0	0	0.32
27900	0.32	0.39	0.39	0	0	0.32
28000	0.32	0.39	0.39	0	0	0.32
28100	0.32	0.39	0.39	0	0	0.32
28200	0.31	0.39	0.39	0	0	0.31
28300	0.31	0.4	0.4	0	0	0.31
28400	0.32	0.4	0.4	0	0	0.32
28500	0.33	0.4	0.4	0	0	0.33
28600	0.34	0.39	0.39	0	0	0.34
28700	0.32	0.39	0.39	0	0	0.32
28800	0.33	0.39	0.39	0	0	0.33
28900	0.33	0.39	0.39	0	0	0.33
29000	0.33	0.39	0.39	0	0	0.33
29100	0.32	0.37	0.37	0	0	0.32
29200	0.32	0.37	0.37	0	0	0.32
29300	0.32	0.37	0.37	0	0	0.32
29400	0.32	0.37	0.37	0	0	0.32
29500	0.33	0.37	0.37	0	0	0.33
29600	0.33	0.37	0.37	0	0	0.33
29700	0.34	0.37	0.37	0	0	0.34
29800	0.35	0.37	0.37	0	0	0.35
29900	0.35	0.37	0.37	0	0	0.35
30000	0.35	0.37	0.37	0	0	0.35
30100	0.35	0.37	0.37	0	0	0.35
30200	0.35	0.37	0.37	0	0	0.35
30300	0.35	0.37	0.37	0	0	0.35
30400	0.35	0.38	0.38	0	0	0.35
30500	0.35	0.39	0.39	0	0	0.35
30600	0.34	0.37	0.37	0	0	0.34
30700	0.34	0.37	0.37	0	0	0.34
30800	0.32	0.37	0.37	0	0	0.32
30900	0.32	0.37	0.37	0	0	0.32
31000	0.33	0.37	0.37	0	0	0.33
31100	0.32	0.37	0.37	0	0	0.32
31200	0.33	0.37	0.37	0	0	0.33
31300	0.31	0.37	0.37	0	0	0.31
31400	0.31	0.37	0.37	0	0	0.31
31500	0.31	0.37	0.37	0	0	0.31
31600	0.31	0.37	0.37	0	0	0.31
31700	0.31	0.37	0.37	0	0	0.31
31800	0.31	0.37	0.37	0	0	0.31
31900	0.31	0.37	0.37	0	0	0.31
32000	0.31	0.37	0.37	0	0	0.31
32100	0.32	0.37	0.37	0	0	0.32
32200	0.32	0.37	0.37	0	0	0.32
32300	0.32	0.37	0.37	0	0	0.32
32400	0.33	0.37	0.37	0	0	0.33
32500	0.32	0.38	0.38	0	0	0.32
32600	0.32	0.39	0.39	0	0	0.32
32700	0.33	0.4	0.4	0	0	0.33
32800	0.32	0.39	0.39	0	0	0.32
32900	0.32	0.38	0.38	0	0	0.32
33000	0.33	0.38	0.38	0	0	0.33
33100	0.31	0.39	0.39	0	0	0.31
33200	0.31	0.37	0.37	0	0	0.31
33300	0.31	0.37	0.37	0	0	0.31
33400	0.32	0.37	0.37	0	0	0.32
33500	0.33	0.38	0.38	0	0	0.33
33600	0.32	0.38	0.38	0	0	0.32
33700	0.32	0.38	0.38	0	0	0.32
33800	0.32	0.38	0.38	0	0	0.32
33900	0.32	0.38	0.38	0	0	0.32
34000	0.32	0.39	0.39	0	0	0.32
34100	0.32	0.39	0.39	0	0	0.32
34200	0.32	0.4	0.4	0	0	0.32
34300	0.32	0.41	0.41	0	0	0.32
34400	0.32	0.39	0.39	0	0	0.32
34500	0.32	0.39	0.39	0	0	0.32
34600	0.33	0.37	0.37	0	0	0.33
34700	0.32	0.35	0.35	0	0	0.32
34800	0.32	0.35	0.35	0	0	0.32
34900	0.32	0.35	0.35	0	0	0.32
35000	0.32	0.35	0.35	0	0	0.32
35100	0.32	0.35	0.35	0	0	0.32
35200	0.33	0.36	0.36	0	0	0.33
35300	0.31	0.36	0.36	0	0	0.31
35400	0.31	0.36	0.36	0	0	0.31
35500	0.31	0.36	0.36	0	0	0.31
35600	0.31	0.36	0.36	0	0	0.31
35700	0.31	0.36	0.36	0	0	0.31
35800	0.31	0.36	0.36	0	0	0.31
35900	0.31	0.36	0.36	0	0	0.31
36000	0.31	0.37	0.37	0	0	0.31
36100	0.32	0.37	0.37	0	0	0.32
36200	0.32	0.36	0.36	0	0	0.32
36300	0.32	0.37	0.37	0	0	0.32
36400	0.33	0.37	0.37	0	0	0.33
36500	0.33	0.36	0.36	0	0	0.33
36600	0.33	0.36	0.36	0	0	0.33
36700	0.34	0.37	0.37	0	0	0.34
36800	0.34	0.36	0.36	0	0	0.34
36900	0.34	0.36	0.36	0	0	0.34
37000	0.34	0.36	0.36	0	0	0.34
37100	0.34	0.36	0.36	0	0	0.34
37200	0.34	0.36	0.36	0	0	0.34
37300	0.34	0.36	0.36	0	0	0.34
37400	0.34	0.36	0.36	0	0	0.34
37500	0.35	0.36	0.36	0	0	0.35
37600	0.35	0.36	0.36	0	0	0.35
37700	0.35	0.36	0.36	0	0	0.35
37800	0.35	0.37	0.37	0	0	0.35
37900	0.35	0.37	0.37	0	0	0.35
38000	0.35	0.37	0.37	0	0	0.35
38100	0.35	0.36	0.36	0	0	0.35
38200	0.35	0.36	0.36	0	0	0.35
38300	0.35	0.36	0.36	0	0	0.35
38400	0.35	0.36	0.36	0	0	0.35
38500	0.34	0.36	0.36	0	0	0.34
38600	0.35	0.36	0.36	0	0	0.35
38700	0.34	0.36	0.36	0	0	0.34
38800	0.34	0.36	0.36	0	0	0.34
38900	0.36	0.37	0.37	0	0	0.36
39000	0.36	0.36	0.36	0	0	0.36
39100	0.35	0.36	0.36	0	0	0.35
39200	0.35	0.37	0.37	0	0	0.35
39300	0.35	0.36	0.36	0	0	0.35
39400	0.36	0.36	0.36	0	0	0.36
39500	0.36	0.36	0.36	0	0	0.36
39600	0.36	0.36	0.36	0	0	0.36
39700	0.36	0.36	0.36	0	0	0.36
39800	0.36	0.36	0.36	0	0	0.36
39900	0.36	0.36	0.36	0	0	0.36
40000	0.36	0.36	0.36	0	0	0.36
40100	0.36	0.36	0.36	0	0	0.36
40200	0.36	0.36	0.36	0	0	0.36
40300	0.36	0.36	0.36	0	0	0.36
40400	0.36	0.37	0.37	0	0	0.36
40500	0.36	0.36	0.36	0	0	0.36
40600	0.36	0.37	0.37	0	0	0.36
40700	0.36	0.37	0.37	0	0	0.36
40800	0.36	0.37	0.37	0	0	0.36
40900	0.36	0.38	0.38	0	0	0.36
41000	0.36	0.38	0.38	0	0	0.36
41100	0.36	0.37	0.37	0	0	0.36
41200	0.36	0.37	0.37	0	0	0.36
41300	0.34	0.37	0.37	0	0	0.34
41400	0.35	0.37	0.37	0	0	0.35
41500	0.36	0.36	0.36	0	0	0.36
41600	0.38	0.36	0.36	0	0	0.38
41700	0.36	0.36	0.36	0	0	0.36
41800	0.36	0.35	0.35	0	0	0.36
41900	0.36	0.35	0.35	0	0	0.36
42000	0.36	0.35	0.35	0	0	0.36
42100	0.36	0.35	0.35	0	0	0.36
42200	0.36	0.35	0.35	0	0	0.36
42300	0.36	0.35	0.35	0	0	0.36
42400	0.36	0.35	0.35	0	0	0.36
42500	0.36	0.36	0.36	0	0	0.36
42600	0.36	0.35	0.35	0	0	0.36
42700	0.36	0.35	0.35	0	0	0.36
42800	0.36	0.36	0.36	0	0	0.36
42900	0.37	0.36	0.36	0	0	0.37
43000	0.37	0.36	0.36	0	0	0.37
43100	0.37	0.36	0.36	0	0	0.37
43200	0.36	0.37	0.37	0	0	0.36
43300	0.36	0.37	0.37	0	0	0.36
43400	0.36	0.37	0.37	0	0	0.36
43500	0.36	0.37	0.37	0	0	0.36
43600	0.36	0.37	0.37	0	0	0.36
43700	0.38	0.37	0.37	0	0	0.38
43800	0.37	0.37	0.37	0	0	0.37
43900	0.37	0.37	0.37	0	0	0.37
44000	0.37	0.37	0.37	0	0	0.37
44100	0.37	0.37	0.37	0	0	0.37
44200	0.38	0.37	0.37	0	0	0.38
44300	0.38	0.37	0.37	0	0	0.38
44400	0.38	0.37	0.37	0	0	0.38
44500	0.38	0.37	0.37	0	0	0.38
44600	0.39	0.37	0.37	0	0	0.39
44700	0.4	0.38	0.38	0	0	0.4
44800	0.39	0.38	0.38	0	0	0.39
44900	0.39	0.39	0.39	0	0	0.39
45000	0.4	0.4	0.4	0	0	0.4
45100	0.4	0.4	0.4	0	0	0.4
45200	0.4	0.4	0.4	0	0	0.4
45300	0.4	0.4	0.4	0	0	0.4
45400	0.4	0.4	0.4	0	0	0.4
45500	0.4	0.4	0.4	0	0	0.4
45600	0.39	0.4	0.4	0	0	0.39
45700	0.39	0.4	0.4	0	0	0.39
45800	0.4	0.4	0.4	0	0	0.4
45900	0.39	0.4	0.4	0	0	0.39
46000	0.39	0.4	0.4	0	0	0.39
46100	0.4	0.4	0.4	0	0	0.4
46200	0.4	0.4	0.4	0	0	0.4
46300	0.4	0.4	0.4	0	0	0.4
46400	0.39	0.4	0.4	0	0	0.39
46500	0.39	0.4	0.4	0	0	0.39
46600	0.39	0.4	0.4	0	0	0.39
46700	0.39	0.4	0.4	0	0	0.39
46800	0.39	0.4	0.4	0	0	0.39
46900	0.39	0.4	0.4	0	0	0.39
47000	0.38	0.4	0.4	0	0	0.38
47100	0.38	0.4	0.4	0	0	0.38
47200	0.38	0.41	0.41	0	0	0.38
47300	0.39	0.41	0.41	0	0	0.39
47400	0.4	0.41	0.41	0	0	0.4
47500	0.4	0.41	0.41	0	0	0.4
47600	0.39	0.41	0.41	0	0	0.39
47700	0.39	0.41	0.41	0	0	0.39
47800	0.39	0.41	0.41	0	0	0.39
47900	0.39	0.41	0.41	0	0	0.39
48000	0.39	0.41	0.41	0	0	0.39
48100	0.39	0.41	0.41	0	0	0.39
48200	0.39	0.41	0.41	0	0	0.39
48300	0.39	0.41	0.41	0	0	0.39
48400	0.39	0.41	0.41	0	0	0.39
48500	0.39	0.41	0.41	0	0	0.39
48600	0.39	0.41	0.41	0	0	0.39
48700	0.39	0.41	0.41	0	0	0.39
48800	0.39	0.41	0.41	0	0	0.39
48900	0.39	0.41	0.41	0	0	0.39
49000	0.39	0.41	0.41	0	0	0.39
49100	0.39	0.41	0.41	0	0	0.39
49200	0.39	0.41	0.41	0	0	0.39
49300	0.39	0.41	0.41	0	0	0.39
49400	0.39	0.41	0.41	0	0	0.39
49500	0.39	0.41	0.41	0	0	0.39
49600	0.39	0.41	0.41	0	0	0.39
49700	0.39	0.42	0.42	0	0	0.39
49800	0.39	0.41	0.41	0	0	0.39
49900	0.39	0.41	0.41	0	0	0.39
50000	0.41	0.41	0.41	0	0	0.41
50100	0.41	0.41	0.41	0	0	0.41
50200	0.41	0.41	0.41	0	0	0.41
50300	0.41	0.41	0.41	0	0	0.41
50400	0.41	0.41	0.41	0	0	0.41
50500	0.41	0.41	0.41	0	0	0.41
50600	0.41	0.41	0.41	0	0	0.41
50700	0.41	0.41	0.41	0	0	0.41
50800	0.41	0.41	0.41	0	0	0.41
50900	0.41	0.41	0.41	0	0	0.41
51000	0.41	0.41	0.41	0	0	0.41
51100	0.41	0.41	0.41	0	0	0.41
51200	0.41	0.41	0.41	0	0	0.41
51300	0.41	0.41	0.41	0	0	0.41
51400	0.42	0.41	0.41	0	0	0.42
51500	0.42	0.41	0.41	0	0	0.42
51600	0.42	0.41	0.41	0	0	0.42
51700	0.42	0.41	0.41	0	0	0.42
51800	0.42	0.41	0.41	0	0	0.42
51900	0.42	0.41	0.41	0	0	0.42
52000	0.42	0.4	0.4	0	0	0.42
52100	0.42	0.4	0.4	0	0	0.42
52200	0.42	0.4	0.4	0	0	0.42
52300	0.42	0.4	0.4	0	0	0.42
52400	0.42	0.4	0.4	0	0	0.42
52500	0.42	0.4	0.4	0	0	0.42
52600	0.43	0.4	0.4	0	0	0.43
52700	0.41	0.4	0.4	0	0	0.41
52800	0.41	0.4	0.4	0	0	0.41
52900	0.41	0.4	0.4	0	0	0.41
53000	0.41	0.4	0.4	0	0	0.41
53100	0.41	0.4	0.4	0	0	0.41
53200	0.41	0.4	0.4	0	0	0.41
53300	0.41	0.4	0.4	0	0	0.41
53400	0.42	0.4	0.4	0	0	0.42
53500	0.42	0.4	0.4	0	0	0.42
53600	0.42	0.4	0.4	0	0	0.42
53700	0.42	0.4	0.4	0	0	0.42
53800	0.42	0.4	0.4	0	0	0.42
53900	0.42	0.4	0.4	0	0	0.42
54000	0.42	0.4	0.4	0	0	0.42
54100	0.42	0.4	0.4	0	0	0.42
54200	0.42	0.4	0.4	0	0	0.42
54300	0.42	0.4	0.4	0	0	0.42
54400	0.42	0.4	0.4	0	0	0.42
54500	0.42	0.4	0.4	0	0	0.42
54600	0.42	0.4	0.4	0	0	0.42
54700	0.42	0.4	0.4	0	0	0.42
54800	0.42	0.4	0.4	0	0	0.42
54900	0.42	0.4	0.4	0	0	0.42
55000	0.43	0.4	0.4	0	0	0.43
55100	0.41	0.4	0.4	0	0	0.41
55200	0.41	0.4	0.4	0	0	0.41
55300	0.41	0.4	0.4	0	0	0.41
55400	0.41	0.4	0.4	0	0	0.41
55500	0.41	0.4	0.4	0	0	0.41
55600	0.41	0.4	0.4	0	0	0.41
55700	0.41	0.4	0.4	0	0	0.41
55800	0.41	0.4	0.4	0	0	0.41
55900	0.41	0.4	0.4	0	0	0.41
56000	0.41	0.4	0.4	0	0	0.41
56100	0.41	0.41	0.41	0	0	0.41
56200	0.41	0.4	0.4	0	0	0.41
56300	0.41	0.39	0.39	0	0	0.41
56400	0.41	0.39	0.39	0	0	0.41
56500	0.41	0.39	0.39	0	0	0.41
56600	0.41	0.39	0.39	0	0	0.41
56700	0.41	0.39	0.39	0	0	0.41
56800	0.41	0.39	0.39	0	0	0.41
56900	0.41	0.39	0.39	0	0	0.41
57000	0.41	0.39	0.39	0	0	0.41
57100	0.41	0.39	0.39	0	0	0.41
57200	0.41	0.39	0.39	0	0	0.41
57300	0.41	0.39	0.39	0	0	0.41
57400	0.41	0.39	0.39	0	0	0.41
57500	0.41	0.39	0.39	0	0	0.41
57600	0.4	0.39	0.39	0	0	0.4
57700	0.4	0.39	0.39	0	0	0.4
57800	0.41	0.39	0.39	0	0	0.41
57900	0.41	0.39	0.39	0	0	0.41
58000	0.41	0.39	0.39	0	0	0.41
58100	0.41	0.39	0.39	0	0	0.41
58200	0.41	0.39	0.39	0	0	0.41
58300	0.41	0.39	0.39	0	0	0.41
58400	0.41	0.39	0.39	0	0	0.41
58500	0.41	0.39	0.39	0	0	0.41
58600	0.41	0.39	0.39	0	0	0.41
58700	0.41	0.39	0.39	0	0	0.41
58800	0.41	0.39	0.39	0	0	0.41
58900	0.42	0.39	0.39	0	0	0.42
59000	0.42	0.39	0.39	0	0	0.42
59100	0.42	0.39	0.39	0	0	0.42
59200	0.42	0.39	0.39	0	0	0.42
59300	0.42	0.39	0.39	0	0	0.42
59400	0.42	0.39	0.39	0	0	0.42
59500	0.42	0.39	0.39	0	0	0.42
59600	0.42	0.39	0.39	0	0	0.42
59700	0.42	0.39	0.39	0	0	0.42
59800	0.42	0.39	0.39	0	0	0.42
59900	0.43	0.39	0.39	0	0	0.43
60000	0.42	0.39	0.39	0	0	0.42
60100	0.43	0.39	0.39	0	0	0.43
60200	0.41	0.39	0.39	0	0	0.41
60300	0.41	0.39	0.39	0	0	0.41
60400	0.41	0.39	0.39	0	0	0.41
60500	0.41	0.4	0.4	0	0	0.41
60600	0.41	0.4	0.4	0	0	0.41
60700	0.4	0.4	0.4	0	0	0.4
60800	0.4	0.4	0.4	0	0	0.4
60900	0.4	0.4	0.4	0	0	0.4
61000	0.39	0.4	0.4	0	0	0.39
61100	0.39	0.4	0.4	0	0	0.39
61200	0.39	0.4	0.4	0	0	0.39
61300	0.39	0.4	0.4	0	0	0.39
61400	0.4	0.4	0.4	0	0	0.4
61500	0.4	0.4	0.4	0	0	0.4
61600	0.4	0.4	0.4	0	0	0.4
61700	0.41	0.4	0.4	0	0	0.41
61800	0.41	0.4	0.4	0	0	0.41
61900	0.41	0.39	0.39	0	0	0.41
62000	0.41	0.39	0.39	0	0	0.41
62100	0.42	0.39	0.39	0	0	0.42
62200	0.41	0.39	0.39	0	0	0.41
62300	0.41	0.39	0.39	0	0	0.41
62400	0.41	0.39	0.39	0	0	0.41
62500	0.41	0.39	0.39	0	0	0.41
62600	0.41	0.39	0.39	0	0	0.41
62700	0.41	0.39	0.39	0	0	0.41
62800	0.41	0.39	0.39	0	0	0.41
62900	0.41	0.39	0.39	0	0	0.41
63000	0.41	0.39	0.39	0	0	0.41
63100	0.41	0.39	0.39	0	0	0.41
63200	0.41	0.39	0.39	0	0	0.41
63300	0.41	0.39	0.39	0	0	0.41
63400	0.41	0.39	0.39	0	0	0.41
63500	0.41	0.39	0.39	0	0	0.41
63600	0.41	0.39	0.39	0	0	0.41
63700	0.41	0.4	0.4	0	0	0.41
63800	0.41	0.4	0.4	0	0	0.41
63900	0.42	0.4	0.4	0	0	0.42
64000	0.42	0.4	0.4	0	0	0.42
64100	0.42	0.4	0.4	0	0	0.42
64200	0.42	0.4	0.4	0	0	0.42
64300	0.42	0.4	0.4	0	0	0.42
64400	0.42	0.4	0.4	0	0	0.42
64500	0.42	0.4	0.4	0	0	0.42
64600	0.42	0.4	0.4	0	0	0.42
64700	0.43	0.4	0.4	0	0	0.43
64800	0.43	0.4	0.4	0	0	0.43
64900	0.42	0.4	0.4	0	0	0.42
65000	0.42	0.4	0.4	0	0	0.42
65100	0.42	0.4	0.4	0	0	0.42
65200	0.42	0.4	0.4	0	0	0.42
65300	0.43	0.4	0.4	0	0	0.43
65400	0.43	0.4	0.4	0	0	0.43
65500	0.43	0.4	0.4	0	0	0.43
65600	0.43	0.42	0.42	0	0	0.43
65700	0.43	0.41	0.41	0	0	0.43
65800	0.43	0.4	0.4	0	0	0.43
65900	0.44	0.4	0.4	0	0	0.44
66000	0.44	0.4	0.4	0	0	0.44
66100	0.44	0.4	0.4	0	0	0.44
66200	0.44	0.4	0.4	0	0	0.44
66300	0.44	0.4	0.4	0	0	0.44
66400	0.44	0.4	0.4	0	0	0.44
66500	0.44	0.4	0.4	0	0	0.44
66600	0.44	0.4	0.4	0	0	0.44
66700	0.44	0.4	0.4	0	0	0.44
66800	0.44	0.4	0.4	0	0	0.44
66900	0.44	0.4	0.4	0	0	0.44
67000	0.44	0.4	0.4	0	0	0.44
67100	0.44	0.4	0.4	0	0	0.44
67200	0.44	0.4	0.4	0	0	0.44
67300	0.44	0.4	0.4	0	0	0.44
67400	0.44	0.4	0.4	0	0	0.44
67500	0.44	0.4	0.4	0	0	0.44
67600	0.44	0.4	0.4	0	0	0.44
67700	0.44	0.4	0.4	0	0	0.44
67800	0.44	0.4	0.4	0	0	0.44
67900	0.44	0.4	0.4	0	0	0.44
68000	0.44	0.4	0.4	0	0	0.44
68100	0.44	0.4	0.4	0	0	0.44
68200	0.44	0.4	0.4	0	0	0.44
68300	0.44	0.4	0.4	0	0	0.44
68400	0.44	0.4	0.4	0	0	0.44
68500	0.44	0.4	0.4	0	0	0.44
68600	0.43	0.4	0.4	0	0	0.43
68700	0.43	0.4	0.4	0	0	0.43
68800	0.43	0.4	0.4	0	0	0.43
68900	0.43	0.4	0.4	0	0	0.43
69000	0.42	0.4	0.4	0	0	0.42
69100	0.42	0.4	0.4	0	0	0.42
69200	0.42	0.4	0.4	0	0	0.42
69300	0.42	0.4	0.4	0	0	0.42
69400	0.42	0.4	0.4	0	0	0.42
69500	0.42	0.4	0.4	0	0	0.42
69600	0.42	0.4	0.4	0	0	0.42
69700	0.42	0.4	0.4	0	0	0.42
69800	0.42	0.4	0.4	0	0	0.42
69900	0.42	0.4	0.4	0	0	0.42
70000	0.42	0.4	0.4	0	0	0.42
70100	0.42	0.4	0.4	0	0	0.42
70200	0.42	0.4	0.4	0	0	0.42
70300	0.42	0.4	0.4	0	0	0.42
70400	0.42	0.4	0.4	0	0	0.42
70500	0.42	0.4	0.4	0	0	0.42
70600	0.42	0.4	0.4	0	0	0.42
70700	0.42	0.4	0.4	0	0	0.42
70800	0.42	0.4	0.4	0	0	0.42
70900	0.42	0.4	0.4	0	0	0.42
71000	0.42	0.4	0.4	0	0	0.42
71100	0.43	0.4	0.4	0	0	0.43
71200	0.43	0.4	0.4	0	0	0.43
71300	0.43	0.4	0.4	0	0	0.43
71400	0.43	0.4	0.4	0	0	0.43
71500	0.43	0.4	0.4	0	0	0.43
71600	0.44	0.4	0.4	0	0	0.44
71700	0.44	0.4	0.4	0	0	0.44
71800	0.44	0.4	0.4	0	0	0.44
71900	0.44	0.39	0.39	0	0	0.44
72000	0.44	0.39	0.39	0	0	0.44
72100	0.44	0.39	0.39	0	0	0.44
72200	0.44	0.39	0.39	0	0	0.44
72300	0.45	0.39	0.39	0	0	0.45
72400	0.44	0.39	0.39	0	0	0.44
72500	0.44	0.39	0.39	0	0	0.44
72600	0.44	0.39	0.39	0	0	0.44
72700	0.44	0.39	0.39	0	0	0.44
72800	0.44	0.39	0.39	0	0	0.44
72900	0.44	0.39	0.39	0	0	0.44
73000	0.44	0.39	0.39	0	0	0.44
73100	0.44	0.39	0.39	0	0	0.44
73200	0.44	0.39	0.39	0	0	0.44
73300	0.44	0.39	0.39	0	0	0.44
73400	0.45	0.39	0.39	0	0	0.45
73500	0.45	0.39	0.39	0	0	0.45
73600	0.45	0.39	0.39	0	0	0.45
73700	0.45	0.39	0.39	0	0	0.45
73800	0.45	0.39	0.39	0	0	0.45
73900	0.45	0.39	0.39	0	0	0.45
74000	0.45	0.39	0.39	0	0	0.45
74100	0.45	0.39	0.39	0	0	0.45
74200	0.45	0.39	0.39	0	0	0.45
74300	0.45	0.39	0.39	0	0	0.45
74400	0.44	0.39	0.39	0	0	0.44
74500	0.44	0.39	0.39	0	0	0.44
74600	0.44	0.39	0.39	0	0	0.44
74700	0.43	0.39	0.39	0	0	0.43
74800	0.43	0.39	0.39	0	0	0.43
74900	0.42	0.39	0.39	0	0	0.42
75000	0.41	0.39	0.39	0	0	0.41
75100	0.41	0.39	0.39	0	0	0.41
75200	0.41	0.39	0.39	0	0	0.41
75300	0.41	0.39	0.39	0	0	0.41
75400	0.41	0.39	0.39	0	0	0.41
75500	0.42	0.39	0.39	0	0	0.42
75600	0.41	0.39	0.39	0	0	0.41
75700	0.41	0.39	0.39	0	0	0.41
75800	0.4	0.39	0.39	0	0	0.4
75900	0.4	0.39	0.39	0	0	0.4
76000	0.4	0.39	0.39	0	0	0.4
76100	0.4	0.39	0.39	0	0	0.4
76200	0.39	0.39	0.39	0	0	0.39
76300	0.39	0.39	0.39	0	0	0.39
76400	0.38	0.39	0.39	0	0	0.38
76500	0.38	0.4	0.4	0	0	0.38
76600	0.38	0.39	0.39	0	0	0.38
76700	0.38	0.39	0.39	0	0	0.38
76800	0.38	0.39	0.39	0	0	0.38
76900	0.38	0.39	0.39	0	0	0.38
77000	0.39	0.39	0.39	0	0	0.39
77100	0.38	0.39	0.39	0	0	0.38
77200	0.38	0.39	0.39	0	0	0.38
77300	0.38	0.39	0.39	0	0	0.38
77400	0.38	0.39	0.39	0	0	0.38
77500	0.38	0.39	0.39	0	0	0.38
77600	0.38	0.39	0.39	0	0	0.38
77700	0.38	0.39	0.39	0	0	0.38
77800	0.38	0.39	0.39	0	0	0.38
77900	0.38	0.39	0.39	0	0	0.38
78000	0.38	0.39	0.39	0	0	0.38
78100	0.39	0.39	0.39	0	0	0.39
78200	0.38	0.39	0.39	0	0	0.38
78300	0.38	0.39	0.39	0	0	0.38
78400	0.38	0.39	0.39	0	0	0.38
78500	0.38	0.39	0.39	0	0	0.38
78600	0.38	0.39	0.39	0	0	0.38
78700	0.38	0.39	0.39	0	0	0.38
78800	0.38	0.39	0.39	0	0	0.38
78900	0.38	0.4	0.4	0	0	0.38
79000	0.38	0.39	0.39	0	0	0.38
79100	0.38	0.39	0.39	0	0	0.38
79200	0.38	0.4	0.4	0	0	0.38
79300	0.38	0.4	0.4	0	0	0.38
79400	0.38	0.4	0.4	0	0	0.38
79500	0.38	0.4	0.4	0	0	0.38
79600	0.38	0.4	0.4	0	0	0.38
79700	0.38	0.4	0.4	0	0	0.38
79800	0.38	0.4	0.4	0	0	0.38
79900	0.38	0.4	0.4	0	0	0.38
80000	0.38	0.41	0.41	0	0	0.38
80100	0.38	0.41	0.41	0	0	0.38
80200	0.38	0.41	0.41	0	0	0.38
80300	0.39	0.41	0.41	0	0	0.39
80400	0.38	0.41	0.41	0	0	0.38
80500	0.38	0.41	0.41	0	0	0.38
80600	0.38	0.41	0.41	0	0	0.38
80700	0.38	0.41	0.41	0	0	0.38
80800	0.38	0.41	0.41	0	0	0.38
80900	0.38	0.41	0.41	0	0	0.38
81000	0.38	0.41	0.41	0	0	0.38
81100	0.39	0.4	0.4	0	0	0.39
81200	0.39	0.39	0.39	0	0	0.39
81300	0.39	0.39	0.39	0	0	0.39
81400	0.39	0.39	0.39	0	0	0.39
81500	0.39	0.4	0.4	0	0	0.39
81600	0.39	0.39	0.39	0	0	0.39
81700	0.39	0.39	0.39	0	0	0.39
81800	0.39	0.39	0.39	0	0	0.39
81900	0.39	0.4	0.4	0	0	0.39
82000	0.39	0.4	0.4	0	0	0.39
82100	0.39	0.4	0.4	0	0	0.39
82200	0.39	0.39	0.39	0	0	0.39
82300	0.39	0.39	0.39	0	0	0.39
82400	0.39	0.39	0.39	0	0	0.39
82500	0.39	0.4	0.4	0	0	0.39
82600	0.38	0.39	0.39	0	0	0.38
82700	0.37	0.39	0.39	0	0	0.37
82800	0.37	0.38	0.38	0	0	0.37
82900	0.37	0.38	0.38	0	0	0.37
83000	0.38	0.38	0.38	0	0	0.38
83100	0.37	0.38	0.38	0	0	0.37
83200	0.37	0.38	0.38	0	0	0.37
83300	0.37	0.38	0.38	0	0	0.37
83400	0.37	0.38	0.38	0	0	0.37
83500	0.37	0.38	0.38	0	0	0.37
83600	0.37	0.38	0.38	0	0	0.37
83700	0.37	0.38	0.38	0	0	0.37
83800	0.37	0.38	0.38	0	0	0.37
83900	0.37	0.38	0.38	0	0	0.37
84000	0.37	0.38	0.38	0	0	0.37
84100	0.36	0.39	0.39	0	0	0.36
84200	0.36	0.39	0.39	0	0	0.36
84300	0.36	0.38	0.38	0	0	0.36
84400	0.36	0.38	0.38	0	0	0.36
84500	0.37	0.38	0.38	0	0	0.37
84600	0.36	0.39	0.39	0	0	0.36
84700	0.36	0.39	0.39	0	0	0.36
84800	0.36	0.39	0.39	0	0	0.36
84900	0.36	0.4	0.4	0	0	0.36
85000	0.36	0.4	0.4	0	0	0.36
85100	0.36	0.4	0.4	0	0	0.36
85200	0.36	0.4	0.4	0	0	0.36
85300	0.37	0.4	0.4	0	0	0.37
85400	0.37	0.4	0.4	0	0	0.37
85500	0.37	0.39	0.39	0	0	0.37
85600	0.36	0.39	0.39	0	0	0.36
85700	0.36	0.39	0.39	0	0	0.36
85800	0.36	0.38	0.38	0	0	0.36
85900	0.36	0.39	0.39	0	0	0.36
86000	0.36	0.38	0.38	0	0	0.36
86100	0.36	0.39	0.39	0	0	0.36
86200	0.36	0.38	0.38	0	0	0.36
86300	0.36	0.38	0.38	0	0	0.36
86400	0.36	0.38	0.38	0	0	0.36
86500	0.36	0.39	0.39	0	0	0.36
86600	0.36	0.39	0.39	0	0	0.36
86700	0.36	0.4	0.4	0	0	0.36
86800	0.37	0.4	0.4	0	0	0.37
86900	0.37	0.4	0.4	0	0	0.37
87000	0.38	0.4	0.4	0	0	0.38
87100	0.37	0.39	0.39	0	0	0.37
87200	0.37	0.39	0.39	0	0	0.37
87300	0.37	0.39	0.39	0	0	0.37
87400	0.37	0.38	0.38	0	0	0.37
87500	0.37	0.38	0.38	0	0	0.37
87600	0.37	0.38	0.38	0	0	0.37
87700	0.37	0.38	0.38	0	0	0.37
87800	0.37	0.38	0.38	0	0	0.37
87900	0.37	0.38	0.38	0	0	0.37
88000	0.37	0.38	0.38	0	0	0.37
88100	0.37	0.38	0.38	0	0	0.37
88200	0.37	0.38	0.38	0	0	0.37
88300	0.37	0.38	0.38	0	0	0.37
88400	0.37	0.38	0.38	0	0	0.37
88500	0.37	0.38	0.38	0	0	0.37
88600	0.37	0.38	0.38	0	0	0.37
88700	0.36	0.38	0.38	0	0	0.36
88800	0.36	0.38	0.38	0	0	0.36
88900	0.36	0.38	0.38	0	0	0.36
89000	0.36	0.38	0.38	0	0	0.36
89100	0.36	0.38	0.38	0	0	0.36
89200	0.36	0.38	0.38	0	0	0.36
89300	0.36	0.39	0.39	0	0	0.36
89400	0.36	0.38	0.38	0	0	0.36
89500	0.36	0.38	0.38	0	0	0.36
89600	0.36	0.38	0.38	0	0	0.36
89700	0.36	0.38	0.38	0	0	0.36
89800	0.36	0.38	0.38	0	0	0.36
89900	0.36	0.38	0.38	0	0	0.36
90000	0.36	0.39	0.39	0	0	0.36
90100	0.36	0.38	0.38	0	0	0.36
90200	0.36	0.38	0.38	0	0	0.36
90300	0.36	0.38	0.38	0	0	0.36
90400	0.36	0.38	0.38	0	0	0.36
90500	0.36	0.38	0.38	0	0	0.36
90600	0.36	0.38	0.38	0	0	0.36
90700	0.36	0.38	0.38	0	0	0.36
90800	0.36	0.38	0.38	0	0	0.36
90900	0.36	0.38	0.38	0	0	0.36
91000	0.36	0.38	0.38	0	0	0.36
91100	0.36	0.38	0.38	0	0	0.36
91200	0.36	0.38	0.38	0	0	0.36
91300	0.36	0.38	0.38	0	0	0.36
91400	0.36	0.39	0.39	0	0	0.36
91500	0.36	0.38	0.38	0	0	0.36
91600	0.36	0.38	0.38	0	0	0.36
91700	0.36	0.39	0.39	0	0	0.36
91800	0.36	0.39	0.39	0	0	0.36
91900	0.36	0.4	0.4	0	0	0.36
92000	0.36	0.4	0.4	0	0	0.36
92100	0.36	0.4	0.4	0	0	0.36
92200	0.37	0.39	0.39	0	0	0.37
92300	0.37	0.4	0.4	0	0	0.37
92400	0.36	0.4	0.4	0	0	0.36
92500	0.36	0.4	0.4	0	0	0.36
92600	0.37	0.39	0.39	0	0	0.37
92700	0.36	0.39	0.39	0	0	0.36
92800	0.36	0.4	0.4	0	0	0.36
92900	0.37	0.39	0.39	0	0	0.37
93000	0.37	0.39	0.39	0	0	0.37
93100	0.37	0.39	0.39	0	0	0.37
93200	0.37	0.39	0.39	0	0	0.37
93300	0.37	0.39	0.39	0	0	0.37
93400	0.38	0.38	0.38	0	0	0.38
93500	0.38	0.38	0.38	0	0	0.38
93600	0.38	0.38	0.38	0	0	0.38
93700	0.38	0.39	0.39	0	0	0.38
93800	0.39	0.39	0.39	0	0	0.39
93900	0.39	0.39	0.39	0	0	0.39
94000	0.39	0.38	0.38	0	0	0.39
94100	0.39	0.39	0.39	0	0	0.39
94200	0.39	0.39	0.39	0	0	0.39
94300	0.39	0.39	0.39	0	0	0.39
94400	0.39	0.39	0.39	0	0	0.39
94500	0.39	0.39	0.39	0	0	0.39
94600	0.39	0.39	0.39	0	0	0.39
94700	0.38	0.39	0.39	0	0	0.38
94800	0.38	0.39	0.39	0	0	0.38
94900	0.38	0.39	0.39	0	0	0.38
95000	0.38	0.38	0.38	0	0	0.38
95100	0.39	0.38	0.38	0	0	0.39
95200	0.39	0.38	0.38	0	0	0.39
95300	0.39	0.38	0.38	0	0	0.39
95400	0.39	0.38	0.38	0	0	0.39
95500	0.38	0.38	0.38	0	0	0.38
95600	0.38	0.38	0.38	0	0	0.38
95700	0.39	0.38	0.38	0	0	0.39
95800	0.39	0.38	0.38	0	0	0.39
95900	0.39	0.38	0.38	0	0	0.39
96000	0.39	0.39	0.39	0	0	0.39
96100	0.38	0.39	0.39	0	0	0.38
96200	0.38	0.39	0.39	0	0	0.38
96300	0.39	0.39	0.39	0	0	0.39
96400	0.39	0.39	0.39	0	0	0.39
96500	0.39	0.4	0.4	0	0	0.39
96600	0.39	0.4	0.4	0	0	0.39
96700	0.39	0.4	0.4	0	0	0.39
96800	0.39	0.4	0.4	0	0	0.39
96900	0.39	0.4	0.4	0	0	0.39
97000	0.39	0.4	0.4	0	0	0.39
97100	0.39	0.4	0.4	0	0	0.39
97200	0.39	0.4	0.4	0	0	0.39
97300	0.39	0.4	0.4	0	0	0.39
97400	0.39	0.4	0.4	0	0	0.39
97500	0.39	0.4	0.4	0	0	0.39
97600	0.39	0.4	0.4	0	0	0.39
97700	0.39	0.41	0.41	0	0	0.39
97800	0.4	0.41	0.41	0	0	0.4
97900	0.39	0.41	0.41	0	0	0.39
98000	0.39	0.42	0.42	0	0	0.39
98100	0.39	0.42	0.42	0	0	0.39
98200	0.4	0.42	0.42	0	0	0.4
98300	0.4	0.42	0.42	0	0	0.4
98400	0.4	0.42	0.42	0	0	0.4
98500	0.4	0.42	0.42	0	0	0.4
98600	0.4	0.42	0.42	0	0	0.4
98700	0.4	0.42	0.42	0	0	0.4
98800	0.4	0.42	0.42	0	0	0.4
98900	0.4	0.42	0.42	0	0	0.4
99000	0.4	0.42	0.42	0	0	0.4
99100	0.4	0.42	0.42	0	0	0.4
99200	0.4	0.4	0.4	0	0	0.4
99300	0.4	0.4	0.4	0	0	0.4
99400	0.4	0.39	0.39	0	0	0.4
99500	0.4	0.39	0.39	0	0	0.4
99600	0.4	0.39	0.39	0	0	0.4
99700	0.4	0.39	0.39	0	0	0.4
99800	0.4	0.39	0.39	0	0	0.4
99900	0.4	0.39	0.39	0	0	0.4
100000	0.4	0.39	0.39	0	0	0.4
100100	0.4	0.39	0.39	0	0	0.4
100200	0.4	0.39	0.39	0	0	0.4
100300	0.4	0.39	0.39	0	0	0.4
100400	0.4	0.39	0.39	0	0	0.4
100500	0.4	0.39	0.39	0	0	0.4
100600	0.4	0.39	0.39	0	0	0.4
100700	0.41	0.39	0.39	0	0	0.41
100800	0.4	0.39	0.39	0	0	0.4
100900	0.4	0.39	0.39	0	0	0.4
101000	0.4	0.39	0.39	0	0	0.4
101100	0.4	0.39	0.39	0	0	0.4
101200	0.4	0.39	0.39	0	0	0.4
101300	0.4	0.39	0.39	0	0	0.4
101400	0.41	0.38	0.38	0	0	0.41
101500	0.4	0.39	0.39	0	0	0.4
101600	0.4	0.39	0.39	0	0	0.4
101700	0.4	0.39	0.39	0	0	0.4
101800	0.4	0.39	0.39	0	0	0.4
101900	0.4	0.39	0.39	0	0	0.4
102000	0.4	0.39	0.39	0	0	0.4
102100	0.4	0.39	0.39	0	0	0.4
102200	0.4	0.4	0.4	0	0	0.4
102300	0.4	0.4	0.4	0	0	0.4
102400	0.4	0.4	0.4	0	0	0.4
102500	0.4	0.4	0.4	0	0	0.4
102600	0.4	0.4	0.4	0	0	0.4
102700	0.4	0.4	0.4	0	0	0.4
102800	0.4	0.4	0.4	0	0	0.4
102900	0.4	0.4	0.4	0	0	0.4
103000	0.4	0.4	0.4	0	0	0.4
103100	0.4	0.41	0.41	0	0	0.4
103200	0.4	0.41	0.41	0	0	0.4
103300	0.39	0.41	0.41	0	0	0.39
103400	0.39	0.4	0.4	0	0	0.39
103500	0.39	0.41	0.41	0	0	0.39
103600	0.41	0.4	0.4	0	0	0.41
103700	0.4	0.39	0.39	0	0	0.4
103800	0.4	0.39	0.39	0	0	0.4
103900	0.4	0.39	0.39	0	0	0.4
104000	0.41	0.39	0.39	0	0	0.41
104100	0.41	0.39	0.39	0	0	0.41
104200	0.42	0.39	0.39	0	0	0.42
104300	0.41	0.39	0.39	0	0	0.41
104400	0.41	0.39	0.39	0	0	0.41
104500	0.41	0.39	0.39	0	0	0.41
104600	0.41	0.39	0.39	0	0	0.41
104700	0.41	0.39	0.39	0	0	0.41
104800	0.41	0.39	0.39	0	0	0.41
104900	0.41	0.39	0.39	0	0	0.41
105000	0.41	0.39	0.39	0	0	0.41
105100	0.4	0.39	0.39	0	0	0.4
105200	0.42	0.39	0.39	0	0	0.42
105300	0.41	0.39	0.39	0	0	0.41
105400	0.41	0.39	0.39	0	0	0.41
105500	0.42	0.39	0.39	0	0	0.42
105600	0.42	0.39	0.39	0	0	0.42
105700	0.42	0.39	0.39	0	0	0.42
105800	0.42	0.39	0.39	0	0	0.42
105900	0.42	0.39	0.39	0	0	0.42
106000	0.42	0.38	0.38	0	0	0.42
106100	0.42	0.38	0.38	0	0	0.42
106200	0.43	0.38	0.38	0	0	0.43
106300	0.42	0.38	0.38	0	0	0.42
106400	0.42	0.38	0.38	0	0	0.42
106500	0.42	0.38	0.38	0	0	0.42
106600	0.43	0.38	0.38	0	0	0.43
106700	0.42	0.38	0.38	0	0	0.42
106800	0.42	0.38	0.38	0	0	0.42
106900	0.42	0.38	0.38	0	0	0.42
107000	0.42	0.38	0.38	0	0	0.42
107100	0.43	0.38	0.38	0	0	0.43
107200	0.43	0.38	0.38	0	0	0.43
107300	0.42	0.38	0.38	0	0	0.42
107400	0.42	0.37	0.37	0	0	0.42
107500	0.42	0.36	0.36	0	0	0.42
107600	0.42	0.37	0.37	0	0	0.42
107700	0.42	0.37	0.37	0	0	0.42
107800	0.42	0.37	0.37	0	0	0.42
107900	0.42	0.37	0.37	0	0	0.42
108000	0.42	0.37	0.37	0	0	0.42
108100	0.42	0.37	0.37	0	0	0.42
108200	0.42	0.37	0.37	0	0	0.42
108300	0.42	0.38	0.38	0	0	0.42
108400	0.42	0.38	0.38	0	0	0.42
108500	0.42	0.38	0.38	0	0	0.42
108600	0.42	0.38	0.38	0	0	0.42
108700	0.42	0.38	0.38	0	0	0.42
108800	0.42	0.39	0.39	0	0	0.42
108900	0.42	0.38	0.38	0	0	0.42
109000	0.42	0.38	0.38	0	0	0.42
109100	0.43	0.38	0.38	0	0	0.43
109200	0.42	0.37	0.37	0	0	0.42
109300	0.42	0.37	0.37	0	0	0.42
109400	0.42	0.37	0.37	0	0	0.42
109500	0.42	0.37	0.37	0	0	0.42
109600	0.42	0.37	0.37	0	0	0.42
109700	0.42	0.37	0.37	0	0	0.42
109800	0.42	0.37	0.37	0	0	0.42
109900	0.43	0.37	0.37	0	0	0.43
110000	0.43	0.37	0.37	0	0	0.43
110100	0.42	0.37	0.37	0	0	0.42
110200	0.41	0.37	0.37	0	0	0.41
110300	0.41	0.37	0.37	0	0	0.41
110400	0.41	0.37	0.37	0	0	0.41
110500	0.41	0.37	0.37	0	0	0.41
110600	0.41	0.37	0.37	0	0	0.41
110700	0.41	0.37	0.37	0	0	0.41
110800	0.41	0.38	0.38	0	0	0.41
110900	0.41	0.38	0.38	0	0	0.41
111000	0.41	0.38	0.38	0	0	0.41
111100	0.4	0.38	0.38	0	0	0.4
111200	0.41	0.38	0.38	0	0	0.41
111300	0.4	0.39	0.39	0	0	0.4
111400	0.4	0.39	0.39	0	0	0.4
111500	0.4	0.39	0.39	0	0	0.4
111600	0.4	0.39	0.39	0	0	0.4
111700	0.4	0.4	0.4	0	0	0.4
111800	0.4	0.4	0.4	0	0	0.4
111900	0.4	0.4	0.4	0	0	0.4
112000	0.4	0.39	0.39	0	0	0.4
112100	0.4	0.39	0.39	0	0	0.4
112200	0.4	0.39	0.39	0	0	0.4
112300	0.41	0.39	0.39	0	0	0.41
112400	0.4	0.39	0.39	0	0	0.4
112500	0.4	0.39	0.39	0	0	0.4
112600	0.4	0.39	0.39	0	0	0.4
112700	0.4	0.39	0.39	0	0	0.4
112800	0.39	0.39	0.39	0	0	0.39
112900	0.38	0.39	0.39	0	0	0.38
113000	0.39	0.39	0.39	0	0	0.39
113100	0.39	0.39	0.39	0	0	0.39
113200	0.39	0.39	0.39	0	0	0.39
113300	0.39	0.39	0.39	0	0	0.39
113400	0.39	0.39	0.39	0	0	0.39
113500	0.39	0.39	0.39	0	0	0.39
113600	0.39	0.39	0.39	0	0	0.39
113700	0.39	0.39	0.39	0	0	0.39
113800	0.39	0.39	0.39	0	0	0.39
113900	0.39	0.39	0.39	0	0	0.39
114000	0.39	0.39	0.39	0	0	0.39
114100	0.39	0.4	0.4	0	0	0.39
114200	0.39	0.39	0.39	0	0	0.39
114300	0.39	0.39	0.39	0	0	0.39
114400	0.39	0.39	0.39	0	0	0.39
114500	0.39	0.39	0.39	0	0	0.39
114600	0.39	0.39	0.39	0	0	0.39
114700	0.39	0.4	0.4	0	0	0.39
114800	0.39	0.42	0.42	0	0	0.39
114900	0.39	0.41	0.41	0	0	0.39
115000	0.39	0.41	0.41	0	0	0.39
115100	0.39	0.42	0.42	0	0	0.39
115200	0.39	0.42	0.42	0	0	0.39
115300	0.39	0.42	0.42	0	0	0.39
115400	0.39	0.42	0.42	0	0	0.39
115500	0.39	0.42	0.42	0	0	0.39
115600	0.39	0.42	0.42	0	0	0.39
115700	0.39	0.42	0.42	0	0	0.39
115800	0.39	0.42	0.42	0	0	0.39
115900	0.39	0.42	0.42	0	0	0.39
116000	0.39	0.42	0.42	0	0	0.39
116100	0.39	0.43	0.43	0	0	0.39
116200	0.39	0.42	0.42	0	0	0.39
116300	0.39	0.43	0.43	0	0	0.39
116400	0.39	0.43	0.43	0	0	0.39
116500	0.39	0.43	0.43	0	0	0.39
116600	0.39	0.43	0.43	0	0	0.39
116700	0.39	0.44	0.44	0	0	0.39
116800	0.39	0.44	0.44	0	0	0.39
116900	0.39	0.44	0.44	0	0	0.39
117000	0.39	0.44	0.44	0	0	0.39
117100	0.39	0.45	0.45	0	0	0.39
117200	0.39	0.45	0.45	0	0	0.39
117300	0.39	0.42	0.42	0	0	0.39
117400	0.39	0.42	0.42	0	0	0.39
117500	0.39	0.42	0.42	0	0	0.39
117600	0.39	0.42	0.42	0	0	0.39
117700	0.39	0.42	0.42	0	0	0.39
117800	0.39	0.42	0.42	0	0	0.39
117900	0.39	0.42	0.42	0	0	0.39
118000	0.39	0.42	0.42	0	0	0.39
118100	0.39	0.42	0.42	0	0	0.39
118200	0.39	0.42	0.42	0	0	0.39
118300	0.39	0.42	0.42	0	0	0.39
118400	0.39	0.42	0.42	0	0	0.39
118500	0.39	0.42	0.42	0	0	0.39
118600	0.39	0.42	0.42	0	0	0.39
118700	0.39	0.42	0.42	0	0	0.39
118800	0.39	0.42	0.42	0	0	0.39
118900	0.39	0.43	0.43	0	0	0.39
119000	0.39	0.42	0.42	0	0	0.39
119100	0.39	0.42	0.42	0	0	0.39
119200	0.39	0.42	0.42	0	0	0.39
119300	0.39	0.42	0.42	0	0	0.39
119400	0.39	0.42	0.42	0	0	0.39
119500	0.39	0.42	0.42	0	0	0.39
119600	0.4	0.42	0.42	0	0	0.4
119700	0.4	0.43	0.43	0	0	0.4
119800	0.4	0.43	0.43	0	0	0.4
119900	0.4	0.43	0.43	0	0	0.4
120000	0.4	0.42	0.42	0	0	0.4
120100	0.4	0.41	0.41	0	0	0.4
120200	0.39	0.41	0.41	0	0	0.39
120300	0.39	0.41	0.41	0	0	0.39
120400	0.39	0.42	0.42	0	0	0.39
120500	0.39	0.42	0.42	0	0	0.39
120600	0.39	0.42	0.42	0	0	0.39
120700	0.39	0.42	0.42	0	0	0.39
120800	0.39	0.43	0.43	0	0	0.39
120900	0.39	0.42	0.42	0	0	0.39
121000	0.39	0.42	0.42	0	0	0.39
121100	0.39	0.42	0.42	0	0	0.39
121200	0.39	0.42	0.42	0	0	0.39
121300	0.39	0.42	0.42	0	0	0.39
121400	0.39	0.42	0.42	0	0	0.39
121500	0.39	0.42	0.42	0	0	0.39
121600	0.39	0.42	0.42	0	0	0.39
121700	0.39	0.42	0.42	0	0	0.39
121800	0.39	0.42	0.42	0	0	0.39
121900	0.39	0.42	0.42	0	0	0.39
122000	0.39	0.41	0.41	0	0	0.39
122100	0.39	0.41	0.41	0	0	0.39
122200	0.39	0.41	0.41	0	0	0.39
122300	0.39	0.41	0.41	0	0	0.39
122400	0.39	0.41	0.41	0	0	0.39
122500	0.39	0.41	0.41	0	0	0.39
122600	0.39	0.42	0.42	0	0	0.39
122700	0.39	0.42	0.42	0	0	0.39
122800	0.39	0.4	0.4	0	0	0.39
122900	0.39	0.4	0.4	0	0	0.39
123000	0.39	0.39	0.39	0	0	0.39
123100	0.4	0.39	0.39	0	0	0.4
123200	0.4	0.39	0.39	0	0	0.4
123300	0.39	0.39	0.39	0	0	0.39
123400	0.39	0.39	0.39	0	0	0.39
123500	0.39	0.39	0.39	0	0	0.39
123600	0.4	0.39	0.39	0	0	0.4
123700	0.39	0.39	0.39	0	0	0.39
123800	0.39	0.4	0.4	0	0	0.39
123900	0.4	0.39	0.39	0	0	0.4
124000	0.4	0.39	0.39	0	0	0.4
124100	0.4	0.39	0.39	0	0	0.4
124200	0.4	0.4	0.4	0	0	0.4
124300	0.4	0.39	0.39	0	0	0.4
124400	0.4	0.39	0.39	0	0	0.4
124500	0.4	0.39	0.39	0	0	0.4
124600	0.4	0.4	0.4	0	0	0.4
124700	0.4	0.4	0.4	0	0	0.4
124800	0.4	0.4	0.4	0	0	0.4
124900	0.4	0.4	0.4	0	0	0.4
125000	0.4	0.41	0.41	0	0	0.4
125100	0.4	0.4	0.4	0	0	0.4
125200	0.4	0.4	0.4	0	0	0.4
125300	0.4	0.4	0.4	0	0	0.4
125400	0.4	0.4	0.4	0	0	0.4
125500	0.4	0.4	0.4	0	0	0.4
125600	0.4	0.4	0.4	0	0	0.4
125700	0.4	0.4	0.4	0	0	0.4
125800	0.4	0.4	0.4	0	0	0.4
125900	0.39	0.4	0.4	0	0	0.39
126000	0.39	0.39	0.39	0	0	0.39
126100	0.39	0.39	0.39	0	0	0.39
126200	0.38	0.39	0.39	0	0	0.38
126300	0.38	0.39	0.39	0	0	0.38
126400	0.38	0.39	0.39	0	0	0.38
126500	0.38	0.39	0.39	0	0	0.38
126600	0.38	0.39	0.39	0	0	0.38
126700	0.38	0.39	0.39	0	0	0.38
126800	0.38	0.39	0.39	0	0	0.38
126900	0.39	0.39	0.39	0	0	0.39
127000	0.39	0.39	0.39	0	0	0.39
127100	0.39	0.39	0.39	0	0	0.39
127200	0.39	0.39	0.39	0	0	0.39
127300	0.39	0.39	0.39	0	0	0.39
127400	0.39	0.39	0.39	0	0	0.39
127500	0.39	0.39	0.39	0	0	0.39
127600	0.39	0.39	0.39	0	0	0.39
127700	0.39	0.39	0.39	0	0	0.39
127800	0.39	0.39	0.39	0	0	0.39
127900	0.4	0.39	0.39	0	0	0.4
128000	0.4	0.39	0.39	0	0	0.4
128100	0.4	0.39	0.39	0	0	0.4
128200	0.39	0.39	0.39	0	0	0.39
128300	0.39	0.39	0.39	0	0	0.39
128400	0.39	0.39	0.39	0	0	0.39
128500	0.39	0.39	0.39	0	0	0.39
128600	0.4	0.39	0.39	0	0	0.4
128700	0.4	0.39	0.39	0	0	0.4
128800	0.4	0.39	0.39	0	0	0.4
128900	0.4	0.39	0.39	0	0	0.4
129000	0.4	0.39	0.39	0	0	0.4
129100	0.4	0.39	0.39	0	0	0.4
129200	0.4	0.39	0.39	0	0	0.4
129300	0.4	0.39	0.39	0	0	0.4
129400	0.4	0.39	0.39	0	0	0.4
129500	0.4	0.39	0.39	0	0	0.4
129600	0.4	0.39	0.39	0	0	0.4
129700	0.41	0.4	0.4	0	0	0.41
129800	0.41	0.39	0.39	0	0	0.41
129900	0.41	0.39	0.39	0	0	0.41
130000	0.4	0.39	0.39	0	0	0.4
130100	0.4	0.39	0.39	0	0	0.4
130200	0.41	0.39	0.39	0	0	0.41
130300	0.41	0.4	0.4	0	0	0.41
130400	0.41	0.39	0.39	0	0	0.41
130500	0.4	0.39	0.39	0	0	0.4
130600	0.4	0.39	0.39	0	0	0.4
130700	0.4	0.39	0.39	0	0	0.4
130800	0.4	0.39	0.39	0	0	0.4
130900	0.4	0.39	0.39	0	0	0.4
131000	0.4	0.39	0.39	0	0	0.4
131100	0.4	0.39	0.39	0	0	0.4
131200	0.4	0.39	0.39	0	0	0.4
131300	0.4	0.39	0.39	0	0	0.4
131400	0.4	0.39	0.39	0	0	0.4
131500	0.4	0.39	0.39	0	0	0.4
131600	0.41	0.39	0.39	0	0	0.41
131700	0.41	0.39	0.39	0	0	0.41
131800	0.41	0.39	0.39	0	0	0.41
131900	0.41	0.39	0.39	0	0	0.41
132000	0.41	0.39	0.39	0	0	0.41
132100	0.41	0.39	0.39	0	0	0.41
132200	0.41	0.39	0.39	0	0	0.41
132300	0.41	0.4	0.4	0	0	0.41
132400	0.41	0.4	0.4	0	0	0.41
132500	0.41	0.4	0.4	0	0	0.41
132600	0.41	0.4	0.4	0	0	0.41
132700	0.41	0.4	0.4	0	0	0.41
132800	0.41	0.4	0.4	0	0	0.41
132900	0.41	0.4	0.4	0	0	0.41
133000	0.41	0.4	0.4	0	0	0.41
133100	0.41	0.41	0.41	0	0	0.41
133200	0.41	0.41	0.41	0	0	0.41
133300	0.41	0.42	0.42	0	0	0.41
133400	0.41	0.41	0.41	0	0	0.41
133500	0.41	0.41	0.41	0	0	0.41
133600	0.41	0.41	0.41	0	0	0.41
133700	0.41	0.41	0.41	0	0	0.41
133800	0.41	0.42	0.42	0	0	0.41
133900	0.41	0.41	0.41	0	0	0.41
134000	0.41	0.41	0.41	0	0	0.41
134100	0.41	0.41	0.41	0	0	0.41
134200	0.41	0.41	0.41	0	0	0.41
134300	0.42	0.41	0.41	0	0	0.42
134400	0.42	0.41	0.41	0	0	0.42
134500	0.42	0.41	0.41	0	0	0.42
134600	0.42	0.41	0.41	0	0	0.42
134700	0.42	0.41	0.41	0	0	0.42
134800	0.42	0.41	0.41	0	0	0.42
134900	0.42	0.41	0.41	0	0	0.42
135000	0.42	0.41	0.41	0	0	0.42
135100	0.42	0.41	0.41	0	0	0.42
135200	0.42	0.41	0.41	0	0	0.42
135300	0.42	0.41	0.41	0	0	0.42
135400	0.42	0.41	0.41	0	0	0.42
135500	0.42	0.42	0.42	0	0	0.42
135600	0.42	0.42	0.42	0	0	0.42
135700	0.42	0.42	0.42	0	0	0.42
135800	0.42	0.42	0.42	0	0	0.42
135900	0.43	0.41	0.41	0	0	0.43
136000	0.42	0.41	0.41	0	0	0.42
136100	0.42	0.41	0.41	0	0	0.42
136200	0.42	0.41	0.41	0	0	0.42
136300	0.42	0.41	0.41	0	0	0.42
136400	0.42	0.41	0.41	0	0	0.42
136500	0.42	0.41	0.41	0	0	0.42
136600	0.42	0.41	0.41	0	0	0.42
136700	0.42	0.41	0.41	0	0	0.42
136800	0.42	0.41	0.41	0	0	0.42
136900	0.42	0.41	0.41	0	0	0.42
137000	0.42	0.4	0.4	0	0	0.42
137100	0.42	0.4	0.4	0	0	0.42
137200	0.42	0.4	0.4	0	0	0.42
137300	0.42	0.4	0.4	0	0	0.42
137400	0.42	0.41	0.41	0	0	0.42
137500	0.42	0.42	0.42	0	0	0.42
137600	0.42	0.41	0.41	0	0	0.42
137700	0.42	0.42	0.42	0	0	0.42
137800	0.42	0.42	0.42	0	0	0.42
137900	0.42	0.42	0.42	0	0	0.42
138000	0.42	0.42	0.42	0	0	0.42
138100	0.42	0.42	0.42	0	0	0.42
138200	0.42	0.42	0.42	0	0	0.42
138300	0.42	0.42	0.42	0	0	0.42
138400	0.42	0.41	0.41	0	0	0.42
138500	0.42	0.41	0.41	0	0	0.42
138600	0.42	0.41	0.41	0	0	0.42
138700	0.42	0.41	0.41	0	0	0.42
138800	0.43	0.41	0.41	0	0	0.43
138900	0.42	0.41	0.41	0	0	0.42
139000	0.42	0.41	0.41	0	0	0.42
139100	0.42	0.41	0.41	0	0	0.42
139200	0.42	0.41	0.41	0	0	0.42
139300	0.42	0.41	0.41	0	0	0.42
139400	0.42	0.41	0.41	0	0	0.42
139500	0.42	0.41	0.41	0	0	0.42
139600	0.42	0.41	0.41	0	0	0.42
139700	0.42	0.41	0.41	0	0	0.42
139800	0.42	0.41	0.41	0	0	0.42
139900	0.42	0.41	0.41	0	0	0.42
140000	0.42	0.41	0.41	0	0	0.42
140100	0.42	0.41	0.41	0	0	0.42
140200	0.42	0.41	0.41	0	0	0.42
140300	0.43	0.41	0.41	0	0	0.43
140400	0.42	0.41	0.41	0	0	0.42
140500	0.42	0.41	0.41	0	0	0.42
140600	0.42	0.41	0.41	0	0	0.42
140700	0.42	0.41	0.41	0	0	0.42
140800	0.42	0.41	0.41	0	0	0.42
140900	0.42	0.41	0.41	0	0	0.42
141000	0.42	0.41	0.41	0	0	0.42
141100	0.42	0.41	0.41	0	0	0.42
141200	0.42	0.41	0.41	0	0	0.42
141300	0.42	0.41	0.41	0	0	0.42
141400	0.42	0.41	0.41	0	0	0.42
141500	0.42	0.41	0.41	0	0	0.42
141600	0.42	0.41	0.41	0	0	0.42
141700	0.42	0.41	0.41	0	0	0.42
141800	0.42	0.41	0.41	0	0	0.42
141900	0.42	0.41	0.41	0	0	0.42
142000	0.42	0.41	0.41	0	0	0.42
142100	0.42	0.41	0.41	0	0	0.42
142200	0.42	0.4	0.4	0	0	0.42
142300	0.42	0.4	0.4	0	0	0.42
142400	0.43	0.4	0.4	0	0	0.43
142500	0.43	0.4	0.4	0	0	0.43
142600	0.43	0.41	0.41	0	0	0.43
142700	0.43	0.41	0.41	0	0	0.43
142800	0.44	0.41	0.41	0	0	0.44
142900	0.43	0.41	0.41	0	0	0.43
143000	0.43	0.41	0.41	0	0	0.43
143100	0.43	0.41	0.41	0	0	0.43
143200	0.43	0.41	0.41	0	0	0.43
143300	0.43	0.41	0.41	0	0	0.43
143400	0.43	0.41	0.41	0	0	0.43
143500	0.43	0.41	0.41	0	0	0.43
143600	0.43	0.41	0.41	0	0	0.43
143700	0.43	0.41	0.41	0	0	0.43
143800	0.43	0.41	0.41	0	0	0.43
143900	0.44	0.41	0.41	0	0	0.44
144000	0.44	0.41	0.41	0	0	0.44
144100	0.44	0.41	0.41	0	0	0.44
144200	0.43	0.41	0.41	0	0	0.43
144300	0.43	0.41	0.41	0	0	0.43
144400	0.43	0.41	0.41	0	0	0.43
144500	0.43	0.41	0.41	0	0	0.43
144600	0.43	0.41	0.41	0	0	0.43
144700	0.43	0.41	0.41	0	0	0.43
144800	0.43	0.41	0.41	0	0	0.43
144900	0.43	0.41	0.41	0	0	0.43
145000	0.43	0.41	0.41	0	0	0.43
145100	0.43	0.41	0.41	0	0	0.43
145200	0.43	0.41	0.41	0	0	0.43
145300	0.43	0.41	0.41	0	0	0.43
145400	0.42	0.41	0.41	0	0	0.42
145500	0.42	0.41	0.41	0	0	0.42
145600	0.42	0.41	0.41	0	0	0.42
145700	0.43	0.41	0.41	0	0	0.43
145800	0.43	0.41	0.41	0	0	0.43
145900	0.43	0.41	0.41	0	0	0.43
146000	0.43	0.42	0.42	0	0	0.43
146100	0.43	0.41	0.41	0	0	0.43
146200	0.43	0.41	0.41	0	0	0.43
146300	0.43	0.41	0.41	0	0	0.43
146400	0.43	0.41	0.41	0	0	0.43
146500	0.43	0.41	0.41	0	0	0.43
146600	0.43	0.41	0.41	0	0	0.43
146700	0.43	0.42	0.42	0	0	0.43
146800	0.43	0.42	0.42	0	0	0.43
146900	0.43	0.42	0.42	0	0	0.43
147000	0.43	0.42	0.42	0	0	0.43
147100	0.43	0.41	0.41	0	0	0.43
147200	0.43	0.41	0.41	0	0	0.43
147300	0.43	0.41	0.41	0	0	0.43
147400	0.43	0.41	0.41	0	0	0.43
147500	0.43	0.41	0.41	0	0	0.43
147600	0.43	0.41	0.41	0	0	0.43
147700	0.43	0.41	0.41	0	0	0.43
147800	0.43	0.41	0.41	0	0	0.43
147900	0.43	0.41	0.41	0	0	0.43
148000	0.43	0.41	0.41	0	0	0.43
148100	0.43	0.41	0.41	0	0	0.43
148200	0.43	0.42	0.42	0	0	0.43
148300	0.43	0.42	0.42	0	0	0.43
148400	0.43	0.42	0.42	0	0	0.43
148500	0.43	0.42	0.42	0	0	0.43
148600	0.43	0.42	0.42	0	0	0.43
148700	0.43	0.42	0.42	0	0	0.43
148800	0.43	0.42	0.42	0	0	0.43
148900	0.43	0.42	0.42	0	0	0.43
149000	0.43	0.42	0.42	0	0	0.43
149100	0.43	0.42	0.42	0	0	0.43
149200	0.44	0.41	0.41	0	0	0.44
149300	0.44	0.41	0.41	0	0	0.44
149400	0.44	0.41	0.41	0	0	0.44
149500	0.43	0.42	0.42	0	0	0.43
149600	0.43	0.42	0.42	0	0	0.43
149700	0.44	0.42	0.42	0	0	0.44
149800	0.44	0.42	0.42	0	0	0.44
149900	0.44	0.42	0.42	0	0	0.44
150000	0.44	0.42	0.42	0	0	0.44
150100	0.44	0.42	0.42	0	0	0.44
150200	0.44	0.42	0.42	0	0	0.44
150300	0.44	0.43	0.43	0	0	0.44
150400	0.44	0.43	0.43	0	0	0.44
150500	0.44	0.43	0.43	0	0	0.44
150600	0.44	0.44	0.44	0	0	0.44
150700	0.44	0.43	0.43	0	0	0.44
150800	0.44	0.43	0.43	0	0	0.44
150900	0.44	0.43	0.43	0	0	0.44
151000	0.44	0.43	0.43	0	0	0.44
151100	0.44	0.43	0.43	0	0	0.44
151200	0.44	0.43	0.43	0	0	0.44
151300	0.44	0.43	0.43	0	0	0.44
151400	0.44	0.43	0.43	0	0	0.44
151500	0.44	0.43	0.43	0	0	0.44
151600	0.44	0.43	0.43	0	0	0.44
151700	0.44	0.43	0.43	0	0	0.44
151800	0.44	0.43	0.43	0	0	0.44
151900	0.44	0.43	0.43	0	0	0.44
152000	0.44	0.43	0.43	0	0	0.44
152100	0.44	0.43	0.43	0	0	0.44
152200	0.44	0.43	0.43	0	0	0.44
152300	0.44	0.43	0.43	0	0	0.44
152400	0.44	0.42	0.42	0	0	0.44
152500	0.44	0.42	0.42	0	0	0.44
152600	0.44	0.42	0.42	0	0	0.44
152700	0.44	0.42	0.42	0	0	0.44
152800	0.44	0.41	0.41	0	0	0.44
152900	0.44	0.41	0.41	0	0	0.44
153000	0.44	0.42	0.42	0	0	0.44
153100	0.44	0.42	0.42	0	0	0.44
153200	0.44	0.42	0.42	0	0	0.44
153300	0.44	0.42	0.42	0	0	0.44
153400	0.44	0.42	0.42	0	0	0.44
153500	0.44	0.42	0.42	0	0	0.44
153600	0.44	0.42	0.42	0	0	0.44
153700	0.44	0.42	0.42	0	0	0.44
153800	0.44	0.42	0.42	0	0	0.44
153900	0.44	0.42	0.42	0	0	0.44
154000	0.44	0.42	0.42	0	0	0.44
154100	0.44	0.42	0.42	0	0	0.44
154200	0.44	0.42	0.42	0	0	0.44
154300	0.44	0.42	0.42	0	0	0.44
154400	0.42	0.42	0.42	0	0	0.42
154500	0.42	0.42	0.42	0	0	0.42
154600	0.42	0.42	0.42	0	0	0.42
154700	0.42	0.41	0.41	0	0	0.42
154800	0.42	0.41	0.41	0	0	0.42
154900	0.42	0.41	0.41	0	0	0.42
155000	0.42	0.41	0.41	0	0	0.42
155100	0.42	0.41	0.41	0	0	0.42
155200	0.42	0.41	0.41	0	0	0.42
155300	0.42	0.42	0.42	0	0	0.42
155400	0.42	0.41	0.41	0	0	0.42
155500	0.42	0.41	0.41	0	0	0.42
155600	0.42	0.41	0.41	0	0	0.42
155700	0.42	0.41	0.41	0	0	0.42
155800	0.42	0.41	0.41	0	0	0.42
155900	0.42	0.41	0.41	0	0	0.42
156000	0.42	0.41	0.41	0	0	0.42
156100	0.42	0.41	0.41	0	0	0.42
156200	0.42	0.41	0.41	0	0	0.42
156300	0.43	0.42	0.42	0	0	0.43
156400	0.42	0.41	0.41	0	0	0.42
156500	0.42	0.41	0.41	0	0	0.42
156600	0.42	0.41	0.41	0	0	0.42
156700	0.42	0.41	0.41	0	0	0.42
156800	0.42	0.42	0.42	0	0	0.42
156900	0.42	0.42	0.42	0	0	0.42
157000	0.42	0.42	0.42	0	0	0.42
157100	0.42	0.42	0.42	0	0	0.42
157200	0.42	0.42	0.42	0	0	0.42
157300	0.42	0.42	0.42	0	0	0.42
157400	0.42	0.42	0.42	0	0	0.42
157500	0.42	0.42	0.42	0	0	0.42
157600	0.42	0.42	0.42	0	0	0.42
157700	0.42	0.42	0.42	0	0	0.42
157800	0.42	0.42	0.42	0	0	0.42
157900	0.42	0.42	0.42	0	0	0.42
158000	0.42	0.42	0.42	0	0	0.42
158100	0.42	0.42	0.42	0	0	0.42
158200	0.42	0.42	0.42	0	0	0.42
158300	0.42	0.42	0.42	0	0	0.42
158400	0.42	0.42	0.42	0	0	0.42
158500	0.42	0.42	0.42	0	0	0.42
158600	0.42	0.42	0.42	0	0	0.42
158700	0.42	0.42	0.42	0	0	0.42
158800	0.42	0.43	0.43	0	0	0.42
158900	0.42	0.42	0.42	0	0	0.42
159000	0.42	0.42	0.42	0	0	0.42
159100	0.42	0.42	0.42	0	0	0.42
159200	0.42	0.42	0.42	0	0	0.42
159300	0.42	0.42	0.42	0	0	0.42
159400	0.42	0.42	0.42	0	0	0.42
159500	0.42	0.42	0.42	0	0	0.42
159600	0.42	0.42	0.42	0	0	0.42
159700	0.42	0.42	0.42	0	0	0.42
159800	0.42	0.41	0.41	0	0	0.42
159900	0.42	0.41	0.41	0	0	0.42
160000	0.42	0.41	0.41	0	0	0.42
160100	0.42	0.41	0.41	0	0	0.42
160200	0.42	0.41	0.41	0	0	0.42
160300	0.42	0.41	0.41	0	0	0.42
160400	0.42	0.41	0.41	0	0	0.42
160500	0.42	0.41	0.41	0	0	0.42
160600	0.42	0.41	0.41	0	0	0.42
160700	0.42	0.41	0.41	0	0	0.42
160800	0.42	0.41	0.41	0	0	0.42
160900	0.42	0.41	0.41	0	0	0.42
161000	0.42	0.41	0.41	0	0	0.42
161100	0.42	0.41	0.41	0	0	0.42
161200	0.42	0.41	0.41	0	0	0.42
161300	0.42	0.41	0.41	0	0	0.42
161400	0.42	0.41	0.41	0	0	0.42
161500	0.42	0.41	0.41	0	0	0.42
161600	0.42	0.41	0.41	0	0	0.42
161700	0.42	0.41	0.41	0	0	0.42
161800	0.42	0.41	0.41	0	0	0.42
161900	0.42	0.41	0.41	0	0	0.42
162000	0.42	0.41	0.41	0	0	0.42
162100	0.42	0.41	0.41	0	0	0.42
162200	0.42	0.41	0.41	0	0	0.42
162300	0.42	0.41	0.41	0	0	0.42
162400	0.42	0.41	0.41	0	0	0.42
162500	0.43	0.41	0.41	0	0	0.43
162600	0.43	0.41	0.41	0	0	0.43
162700	0.43	0.41	0.41	0	0	0.43
162800	0.43	0.41	0.41	0	0	0.43
162900	0.43	0.41	0.41	0	0	0.43
163000	0.43	0.41	0.41	0	0	0.43
163100	0.43	0.41	0.41	0	0	0.43
163200	0.43	0.42	0.42	0	0	0.43
163300	0.43	0.42	0.42	0	0	0.43
163400	0.43	0.42	0.42	0	0	0.43
163500	0.43	0.42	0.42	0	0	0.43
163600	0.43	0.42	0.42	0	0	0.43
163700	0.43	0.42	0.42	0	0	0.43
163800	0.43	0.42	0.42	0	0	0.43
163900	0.44	0.42	0.42	0	0	0.44
164000	0.43	0.42	0.42	0	0	0.43
164100	0.43	0.42	0.42	0	0	0.43
164200	0.43	0.42	0.42	0	0	0.43
164300	0.43	0.42	0.42	0	0	0.43
164400	0.43	0.42	0.42	0	0	0.43
164500	0.43	0.42	0.42	0	0	0.43
164600	0.43	0.42	0.42	0	0	0.43
164700	0.43	0.42	0.42	0	0	0.43
164800	0.43	0.42	0.42	0	0	0.43
164900	0.43	0.42	0.42	0	0	0.43
165000	0.43	0.42	0.42	0	0	0.43
165100	0.43	0.42	0.42	0	0	0.43
165200	0.43	0.42	0.42	0	0	0.43
165300	0.43	0.42	0.42	0	0	0.43
165400	0.43	0.42	0.42	0	0	0.43
165500	0.43	0.41	0.41	0	0	0.43
165600	0.43	0.41	0.41	0	0	0.43
165700	0.43	0.42	0.42	0	0	0.43
165800	0.43	0.42	0.42	0	0	0.43
165900	0.43	0.41	0.41	0	0	0.43
166000	0.43	0.41	0.41	0	0	0.43
166100	0.43	0.41	0.41	0	0	0.43
166200	0.43	0.41	0.41	0	0	0.43
166300	0.43	0.41	0.41	0	0	0.43
166400	0.43	0.41	0.41	0	0	0.43
166500	0.43	0.41	0.41	0	0	0.43
166600	0.43	0.41	0.41	0	0	0.43
166700	0.43	0.41	0.41	0	0	0.43
166800	0.43	0.41	0.41	0	0	0.43
166900	0.43	0.41	0.41	0	0	0.43
167000	0.43	0.41	0.41	0	0	0.43
167100	0.43	0.42	0.42	0	0	0.43
167200	0.43	0.42	0.42	0	0	0.43
167300	0.43	0.43	0.43	0	0	0.43
167400	0.43	0.43	0.43	0	0	0.43
167500	0.43	0.43	0.43	0	0	0.43
167600	0.43	0.43	0.43	0	0	0.43
167700	0.43	0.43	0.43	0	0	0.43
167800	0.43	0.43	0.43	0	0	0.43
167900	0.43	0.43	0.43	0	0	0.43
168000	0.43	0.43	0.43	0	0	0.43
168100	0.43	0.43	0.43	0	0	0.43
168200	0.43	0.43	0.43	0	0	0.43
168300	0.43	0.43	0.43	0	0	0.43
168400	0.43	0.43	0.43	0	0	0.43
168500	0.43	0.43	0.43	0	0	0.43
168600	0.43	0.43	0.43	0	0	0.43
168700	0.43	0.43	0.43	0	0	0.43
168800	0.43	0.43	0.43	0	0	0.43
168900	0.43	0.43	0.43	0	0	0.43
169000	0.43	0.43	0.43	0	0	0.43
169100	0.43	0.43	0.43	0	0	0.43
169200	0.43	0.43	0.43	0	0	0.43
169300	0.43	0.43	0.43	0	0	0.43
169400	0.43	0.43	0.43	0	0	0.43
169500	0.43	0.43	0.43	0	0	0.43
169600	0.43	0.43	0.43	0	0	0.43
169700	0.43	0.43	0.43	0	0	0.43
169800	0.43	0.43	0.43	0	0	0.43
169900	0.42	0.43	0.43	0	0	0.42
170000	0.42	0.43	0.43	0	0	0.42
170100	0.42	0.43	0.43	0	0	0.42
170200	0.42	0.43	0.43	0	0	0.42
170300	0.42	0.43	0.43	0	0	0.42
170400	0.42	0.43	0.43	0	0	0.42
170500	0.42	0.43	0.43	0	0	0.42
170600	0.42	0.43	0.43	0	0	0.42
170700	0.42	0.43	0.43	0	0	0.42
170800	0.42	0.43	0.43	0	0	0.42
170900	0.42	0.43	0.43	0	0	0.42
171000	0.42	0.43	0.43	0	0	0.42
171100	0.42	0.43	0.43	0	0	0.42
171200	0.42	0.43	0.43	0	0	0.42
171300	0.42	0.43	0.43	0	0	0.42
171400	0.41	0.43	0.43	0	0	0.41
171500	0.41	0.43	0.43	0	0	0.41
171600	0.41	0.43	0.43	0	0	0.41
171700	0.41	0.44	0.44	0	0	0.41
171800	0.41	0.44	0.44	0	0	0.41
171900	0.41	0.44	0.44	0	0	0.41
172000	0.41	0.44	0.44	0	0	0.41
172100	0.41	0.44	0.44	0	0	0.41
172200	0.41	0.44	0.44	0	0	0.41
172300	0.41	0.44	0.44	0	0	0.41
172400	0.41	0.44	0.44	0	0	0.41
172500	0.41	0.44	0.44	0	0	0.41
172600	0.41	0.44	0.44	0	0	0.41
172700	0.41	0.44	0.44	0	0	0.41
172800	0.41	0.44	0.44	0	0	0.41
172900	0.41	0.45	0.45	0	0	0.41
173000	0.41	0.44	0.44	0	0	0.41
173100	0.41	0.44	0.44	0	0	0.41
173200	0.41	0.45	0.45	0	0	0.41
173300	0.41	0.45	0.45	0	0	0.41
173400	0.41	0.45	0.45	0	0	0.41
173500	0.41	0.45	0.45	0	0	0.41
173600	0.41	0.45	0.45	0	0	0.41
173700	0.41	0.45	0.45	0	0	0.41
173800	0.41	0.45	0.45	0	0	0.41
173900	0.41	0.45	0.45	0	0	0.41
174000	0.41	0.45	0.45	0	0	0.41
174100	0.41	0.45	0.45	0	0	0.41
174200	0.41	0.45	0.45	0	0	0.41
174300	0.41	0.45	0.45	0	0	0.41
174400	0.41	0.45	0.45	0	0	0.41
174500	0.42	0.45	0.45	0	0	0.42
174600	0.42	0.45	0.45	0	0	0.42
174700	0.41	0.45	0.45	0	0	0.41
174800	0.41	0.45	0.45	0	0	0.41
174900	0.41	0.45	0.45	0	0	0.41
175000	0.41	0.45	0.45	0	0	0.41
175100	0.41	0.45	0.45	0	0	0.41
175200	0.41	0.45	0.45	0	0	0.41
175300	0.41	0.45	0.45	0	0	0.41
175400	0.41	0.45	0.45	0	0	0.41
175500	0.41	0.45	0.45	0	0	0.41
175600	0.41	0.45	0.45	0	0	0.41
175700	0.41	0.45	0.45	0	0	0.41
175800	0.41	0.45	0.45	0	0	0.41
175900	0.41	0.45	0.45	0	0	0.41
176000	0.41	0.45	0.45	0	0	0.41
176100	0.41	0.45	0.45	0	0	0.41
176200	0.41	0.45	0.45	0	0	0.41
176300	0.41	0.45	0.45	0	0	0.41
176400	0.41	0.46	0.46	0	0	0.41
176500	0.41	0.45	0.45	0	0	0.41
176600	0.41	0.45	0.45	0	0	0.41
176700	0.41	0.45	0.45	0	0	0.41
176800	0.41	0.45	0.45	0	0	0.41
176900	0.41	0.45	0.45	0	0	0.41
177000	0.41	0.45	0.45	0	0	0.41
177100	0.41	0.45	0.45	0	0	0.41
177200	0.41	0.45	0.45	0	0	0.41
177300	0.41	0.46	0.46	0	0	0.41
177400	0.41	0.45	0.45	0	0	0.41
177500	0.41	0.45	0.45	0	0	0.41
177600	0.41	0.45	0.45	0	0	0.41
177700	0.41	0.45	0.45	0	0	0.41
177800	0.41	0.45	0.45	0	0	0.41
177900	0.41	0.45	0.45	0	0	0.41
178000	0.41	0.45	0.45	0	0	0.41
178100	0.41	0.45	0.45	0	0	0.41
178200	0.41	0.45	0.45	0	0	0.41
178300	0.41	0.45	0.45	0	0	0.41
178400	0.41	0.45	0.45	0	0	0.41
178500	0.41	0.46	0.46	0	0	0.41
178600	0.41	0.46	0.46	0	0	0.41
178700	0.41	0.46	0.46	0	0	0.41
178800	0.41	0.47	0.47	0	0	0.41
178900	0.41	0.47	0.47	0	0	0.41
179000	0.41	0.47	0.47	0	0	0.41
179100	0.41	0.47	0.47	0	0	0.41
179200	0.41	0.47	0.47	0	0	0.41
179300	0.41	0.47	0.47	0	0	0.41
179400	0.41	0.47	0.47	0	0	0.41
179500	0.41	0.47	0.47	0	0	0.41
179600	0.41	0.47	0.47	0	0	0.41
179700	0.41	0.47	0.47	0	0	0.41
179800	0.41	0.47	0.47	0	0	0.41
179900	0.41	0.47	0.47	0	0	0.41
180000	0.41	0.47	0.47	0	0	0.41
180100	0.41	0.47	0.47	0	0	0.41
180200	0.41	0.47	0.47	0	0	0.41
180300	0.41	0.47	0.47	0	0	0.41
180400	0.41	0.47	0.47	0	0	0.41
180500	0.41	0.47	0.47	0	0	0.41
180600	0.41	0.47	0.47	0	0	0.41
180700	0.41	0.47	0.47	0	0	0.41
180800	0.41	0.48	0.48	0	0	0.41
180900	0.41	0.47	0.47	0	0	0.41
181000	0.41	0.47	0.47	0	0	0.41
181100	0.42	0.47	0.47	0	0	0.42
181200	0.42	0.47	0.47	0	0	0.42
181300	0.41	0.47	0.47	0	0	0.41
181400	0.41	0.47	0.47	0	0	0.41
181500	0.41	0.47	0.47	0	0	0.41
181600	0.41	0.47	0.47	0	0	0.41
181700	0.41	0.47	0.47	0	0	0.41
181800	0.41	0.47	0.47	0	0	0.41
181900	0.41	0.47	0.47	0	0	0.41
182000	0.41	0.47	0.47	0	0	0.41
182100	0.41	0.47	0.47	0	0	0.41
182200	0.41	0.47	0.47	0	0	0.41
182300	0.41	0.47	0.47	0	0	0.41
182400	0.41	0.47	0.47	0	0	0.41
182500	0.41	0.47	0.47	0	0	0.41
182600	0.41	0.47	0.47	0	0	0.41
182700	0.41	0.47	0.47	0	0	0.41
182800	0.41	0.47	0.47	0	0	0.41
182900	0.41	0.47	0.47	0	0	0.41
183000	0.41	0.47	0.47	0	0	0.41
183100	0.41	0.47	0.47	0	0	0.41
183200	0.41	0.47	0.47	0	0	0.41
183300	0.4	0.47	0.47	0	0	0.4
183400	0.4	0.47	0.47	0	0	0.4
183500	0.4	0.47	0.47	0	0	0.4
183600	0.4	0.47	0.47	0	0	0.4
183700	0.4	0.47	0.47	0	0	0.4
183800	0.4	0.47	0.47	0	0	0.4
183900	0.4	0.47	0.47	0	0	0.4
184000	0.4	0.47	0.47	0	0	0.4
184100	0.4	0.47	0.47	0	0	0.4
184200	0.4	0.47	0.47	0	0	0.4
184300	0.4	0.47	0.47	0	0	0.4
184400	0.4	0.47	0.47	0	0	0.4
184500	0.4	0.47	0.47	0	0	0.4
184600	0.4	0.47	0.47	0	0	0.4
184700	0.4	0.47	0.47	0	0	0.4
184800	0.4	0.47	0.47	0	0	0.4
184900	0.4	0.47	0.47	0	0	0.4
185000	0.4	0.47	0.47	0	0	0.4
185100	0.4	0.47	0.47	0	0	0.4
185200	0.4	0.47	0.47	0	0	0.4
185300	0.4	0.47	0.47	0	0	0.4
185400	0.4	0.47	0.47	0	0	0.4
185500	0.4	0.47	0.47	0	0	0.4
185600	0.4	0.47	0.47	0	0	0.4
185700	0.4	0.47	0.47	0	0	0.4
185800	0.4	0.48	0.48	0	0	0.4
185900	0.4	0.48	0.48	0	0	0.4
186000	0.4	0.48	0.48	0	0	0.4
186100	0.4	0.48	0.48	0	0	0.4
186200	0.4	0.48	0.48	0	0	0.4
186300	0.4	0.48	0.48	0	0	0.4
186400	0.4	0.48	0.48	0	0	0.4
186500	0.4	0.48	0.48	0	0	0.4
186600	0.4	0.48	0.48	0	0	0.4
186700	0.4	0.48	0.48	0	0	0.4
186800	0.4	0.48	0.48	0	0	0.4
186900	0.4	0.48	0.48	0	0	0.4
187000	0.4	0.48	0.48	0	0	0.4
187100	0.4	0.48	0.48	0	0	0.4
187200	0.4	0.48	0.48	0	0	0.4
187300	0.4	0.48	0.48	0	0	0.4
187400	0.4	0.48	0.48	0	0	0.4
187500	0.4	0.48	0.48	0	0	0.4
187600	0.4	0.48	0.48	0	0	0.4
187700	0.4	0.48	0.48	0	0	0.4
187800	0.4	0.48	0.48	0	0	0.4
187900	0.4	0.48	0.48	0	0	0.4
188000	0.4	0.48	0.48	0	0	0.4
188100	0.4	0.48	0.48	0	0	0.4
188200	0.4	0.48	0.48	0	0	0.4
188300	0.4	0.48	0.48	0	0	0.4
188400	0.4	0.48	0.48	0	0	0.4
188500	0.4	0.49	0.49	0	0	0.4
188600	0.4	0.48	0.48	0	0	0.4
188700	0.4	0.48	0.48	0	0	0.4
188800	0.4	0.48	0.48	0	0	0.4
188900	0.4	0.48	0.48	0	0	0.4
189000	0.4	0.48	0.48	0	0	0.4
189100	0.4	0.48	0.48	0	0	0.4
189200	0.4	0.48	0.48	0	0	0.4
189300	0.4	0.48	0.48	0	0	0.4
189400	0.4	0.48	0.48	0	0	0.4
189500	0.41	0.48	0.48	0	0	0.41
189600	0.41	0.48	0.48	0	0	0.41
189700	0.41	0.48	0.48	0	0	0.41
189800	0.41	0.48	0.48	0	0	0.41
189900	0.41	0.48	0.48	0	0	0.41
190000	0.41	0.48	0.48	0	0	0.41
190100	0.41	0.48	0.48	0	0	0.41
190200	0.41	0.48	0.48	0	0	0.41
190300	0.41	0.48	0.48	0	0	0.41
190400	0.41	0.48	0.48	0	0	0.41
190500	0.41	0.48	0.48	0	0	0.41
190600	0.41	0.48	0.48	0	0	0.41
190700	0.41	0.48	0.48	0	0	0.41
190800	0.41	0.48	0.48	0	0	0.41
190900	0.41	0.48	0.48	0	0	0.41
191000	0.41	0.48	0.48	0	0	0.41
191100	0.41	0.48	0.48	0	0	0.41
191200	0.41	0.48	0.48	0	0	0.41
191300	0.41	0.48	0.48	0	0	0.41
191400	0.41	0.48	0.48	0	0	0.41
191500	0.41	0.48	0.48	0	0	0.41
191600	0.41	0.48	0.48	0	0	0.41
191700	0.41	0.48	0.48	0	0	0.41
191800	0.41	0.48	0.48	0	0	0.41
191900	0.41	0.48	0.48	0	0	0.41
192000	0.41	0.48	0.48	0	0	0.41
192100	0.41	0.48	0.48	0	0	0.41
192200	0.4	0.48	0.48	0	0	0.4
192300	0.4	0.48	0.48	0	0	0.4
192400	0.4	0.48	0.48	0	0	0.4
192500	0.4	0.48	0.48	0	0	0.4
192600	0.4	0.48	0.48	0	0	0.4
192700	0.4	0.48	0.48	0	0	0.4
192800	0.4	0.48	0.48	0	0	0.4
192900	0.4	0.48	0.48	0	0	0.4
193000	0.4	0.48	0.48	0	0	0.4
193100	0.4	0.48	0.48	0	0	0.4
193200	0.4	0.48	0.48	0	0	0.4
193300	0.4	0.48	0.48	0	0	0.4
193400	0.4	0.48	0.48	0	0	0.4
193500	0.4	0.47	0.47	0	0	0.4
193600	0.4	0.47	0.47	0	0	0.4
193700	0.4	0.47	0.47	0	0	0.4
193800	0.4	0.47	0.47	0	0	0.4
193900	0.4	0.47	0.47	0	0	0.4
194000	0.4	0.47	0.47	0	0	0.4
194100	0.4	0.48	0.48	0	0	0.4
194200	0.4	0.47	0.47	0	0	0.4
194300	0.4	0.47	0.47	0	0	0.4
194400	0.4	0.47	0.47	0	0	0.4
194500	0.4	0.47	0.47	0	0	0.4
194600	0.4	0.47	0.47	0	0	0.4
194700	0.4	0.47	0.47	0	0	0.4
194800	0.4	0.47	0.47	0	0	0.4
194900	0.4	0.47	0.47	0	0	0.4
195000	0.4	0.47	0.47	0	0	0.4
195100	0.4	0.47	0.47	0	0	0.4
195200	0.4	0.46	0.46	0	0	0.4
195300	0.4	0.46	0.46	0	0	0.4
195400	0.4	0.46	0.46	0	0	0.4
195500	0.4	0.46	0.46	0	0	0.4
195600	0.4	0.46	0.46	0	0	0.4
195700	0.4	0.46	0.46	0	0	0.4
195800	0.4	0.46	0.46	0	0	0.4
195900	0.4	0.46	0.46	0	0	0.4
196000	0.4	0.46	0.46	0	0	0.4
196100	0.4	0.46	0.46	0	0	0.4
196200	0.4	0.46	0.46	0	0	0.4
196300	0.4	0.47	0.47	0	0	0.4
196400	0.4	0.46	0.46	0	0	0.4
196500	0.4	0.46	0.46	0	0	0.4
196600	0.4	0.46	0.46	0	0	0.4
196700	0.4	0.46	0.46	0	0	0.4
196800	0.4	0.45	0.45	0	0	0.4
196900	0.4	0.45	0.45	0	0	0.4
197000	0.4	0.45	0.45	0	0	0.4
197100	0.4	0.45	0.45	0	0	0.4
197200	0.4	0.45	0.45	0	0	0.4
197300	0.4	0.45	0.45	0	0	0.4
197400	0.4	0.45	0.45	0	0	0.4
197500	0.4	0.45	0.45	0	0	0.4
197600	0.4	0.45	0.45	0	0	0.4
197700	0.4	0.45	0.45	0	0	0.4
197800	0.4	0.45	0.45	0	0	0.4
197900	0.4	0.45	0.45	0	0	0.4
198000	0.4	0.45	0.45	0	0	0.4
198100	0.4	0.45	0.45	0	0	0.4
198200	0.4	0.45	0.45	0	0	0.4
198300	0.4	0.45	0.45	0	0	0.4
198400	0.4	0.45	0.45	0	0	0.4
198500	0.4	0.45	0.45	0	0	0.4
198600	0.4	0.45	0.45	0	0	0.4
198700	0.4	0.45	0.45	0	0	0.4
198800	0.4	0.45	0.45	0	0	0.4
198900	0.4	0.45	0.45	0	0	0.4
199000	0.4	0.45	0.45	0	0	0.4
199100	0.4	0.45	0.45	0	0	0.4
199200	0.4	0.45	0.45	0	0	0.4
199300	0.4	0.45	0.45	0	0	0.4
199400	0.4	0.45	0.45	0	0	0.4
199500	0.4	0.45	0.45	0	0	0.4
199600	0.4	0.45	0.45	0	0	0.4
199700	0.4	0.45	0.45	0	0	0.4
199800	0.4	0.45	0.45	0	0	0.4
199900	0.4	0.45	0.45	0	0	0.4
200000	0.4	0.45	0.45	0	0	0.4
200100	0.4	0.45	0.45	0	0	0.4
200200	0.4	0.45	0.45	0	0	0.4
200300	0.4	0.45	0.45	0	0	0.4
200400	0.4	0.45	0.45	0	0	0.4
200500	0.4	0.45	0.45	0	0	0.4
200600	0.4	0.45	0.45	0	0	0.4
200700	0.41	0.45	0.45	0	0	0.41
200800	0.41	0.45	0.45	0	0	0.41
200900	0.41	0.45	0.45	0	0	0.41
201000	0.41	0.45	0.45	0	0	0.41
201100	0.41	0.45	0.45	0	0	0.41
201200	0.41	0.45	0.45	0	0	0.41
201300	0.41	0.45	0.45	0	0	0.41
201400	0.41	0.45	0.45	0	0	0.41
201500	0.41	0.45	0.45	0	0	0.41
201600	0.41	0.45	0.45	0	0	0.41
201700	0.41	0.45	0.45	0	0	0.41
201800	0.41	0.45	0.45	0	0	0.41
201900	0.41	0.45	0.45	0	0	0.41
202000	0.41	0.45	0.45	0	0	0.41
202100	0.41	0.45	0.45	0	0	0.41
202200	0.41	0.45	0.45	0	0	0.41
202300	0.41	0.45	0.45	0	0	0.41
202400	0.41	0.45	0.45	0	0	0.41
202500	0.41	0.45	0.45	0	0	0.41
202600	0.41	0.45	0.45	0	0	0.41
202700	0.41	0.45	0.45	0	0	0.41
202800	0.41	0.45	0.45	0	0	0.41
202900	0.41	0.45	0.45	0	0	0.41
203000	0.42	0.45	0.45	0	0	0.42
203100	0.4	0.45	0.45	0	0	0.4
203200	0.4	0.45	0.45	0	0	0.4
203300	0.41	0.45	0.45	0	0	0.41
203400	0.4	0.45	0.45	0	0	0.4
203500	0.4	0.45	0.45	0	0	0.4
203600	0.4	0.46	0.46	0	0	0.4
203700	0.4	0.46	0.46	0	0	0.4
203800	0.39	0.46	0.46	0	0	0.39
203900	0.39	0.46	0.46	0	0	0.39
204000	0.39	0.46	0.46	0	0	0.39
204100	0.39	0.45	0.45	0	0	0.39
204200	0.39	0.45	0.45	0	0	0.39
204300	0.39	0.45	0.45	0	0	0.39
204400	0.39	0.45	0.45	0	0	0.39
204500	0.39	0.45	0.45	0	0	0.39
204600	0.39	0.45	0.45	0	0	0.39
204700	0.39	0.45	0.45	0	0	0.39
204800	0.39	0.45	0.45	0	0	0.39
204900	0.39	0.45	0.45	0	0	0.39
205000	0.39	0.45	0.45	0	0	0.39
205100	0.39	0.45	0.45	0	0	0.39
205200	0.39	0.45	0.45	0	0	0.39
205300	0.39	0.45	0.45	0	0	0.39
205400	0.39	0.45	0.45	0	0	0.39
205500	0.39	0.45	0.45	0	0	0.39
205600	0.39	0.45	0.45	0	0	0.39
205700	0.39	0.45	0.45	0	0	0.39
205800	0.39	0.45	0.45	0	0	0.39
205900	0.39	0.45	0.45	0	0	0.39
206000	0.39	0.45	0.45	0	0	0.39
206100	0.39	0.45	0.45	0	0	0.39
206200	0.39	0.45	0.45	0	0	0.39
206300	0.39	0.45	0.45	0	0	0.39
206400	0.39	0.45	0.45	0	0	0.39
206500	0.4	0.45	0.45	0	0	0.4
206600	0.4	0.45	0.45	0	0	0.4
206700	0.4	0.45	0.45	0	0	0.4
206800	0.4	0.45	0.45	0	0	0.4
206900	0.4	0.45	0.45	0	0	0.4
207000	0.4	0.45	0.45	0	0	0.4
207100	0.4	0.45	0.45	0	0	0.4
207200	0.4	0.45	0.45	0	0	0.4
207300	0.4	0.45	0.45	0	0	0.4
207400	0.4	0.45	0.45	0	0	0.4
207500	0.4	0.46	0.46	0	0	0.4
207600	0.4	0.46	0.46	0	0	0.4
207700	0.41	0.46	0.46	0	0	0.41
207800	0.41	0.46	0.46	0	0	0.41
207900	0.41	0.46	0.46	0	0	0.41
208000	0.41	0.46	0.46	0	0	0.41
208100	0.41	0.46	0.46	0	0	0.41
208200	0.41	0.46	0.46	0	0	0.41
208300	0.41	0.46	0.46	0	0	0.41
208400	0.41	0.46	0.46	0	0	0.41
208500	0.4	0.46	0.46	0	0	0.4
208600	0.4	0.46	0.46	0	0	0.4
208700	0.4	0.46	0.46	0	0	0.4
208800	0.4	0.46	0.46	0	0	0.4
208900	0.4	0.47	0.47	0	0	0.4
209000	0.4	0.46	0.46	0	0	0.4
209100	0.4	0.46	0.46	0	0	0.4
209200	0.4	0.46	0.46	0	0	0.4
209300	0.4	0.46	0.46	0	0	0.4
209400	0.4	0.46	0.46	0	0	0.4
209500	0.4	0.46	0.46	0	0	0.4
209600	0.4	0.46	0.46	0	0	0.4
209700	0.4	0.46	0.46	0	0	0.4
209800	0.4	0.46	0.46	0	0	0.4
209900	0.4	0.46	0.46	0	0	0.4
210000	0.4	0.46	0.46	0	0	0.4
210100	0.4	0.46	0.46	0	0	0.4
210200	0.4	0.46	0.46	0	0	0.4
210300	0.4	0.46	0.46	0	0	0.4
210400	0.4	0.46	0.46	0	0	0.4
210500	0.4	0.46	0.46	0	0	0.4
210600	0.41	0.46	0.46	0	0	0.41
210700	0.41	0.46	0.46	0	0	0.41
210800	0.41	0.46	0.46	0	0	0.41
210900	0.41	0.46	0.46	0	0	0.41
211000	0.41	0.46	0.46	0	0	0.41
211100	0.41	0.46	0.46	0	0	0.41
211200	0.41	0.46	0.46	0	0	0.41
211300	0.41	0.46	0.46	0	0	0.41
211400	0.41	0.46	0.46	0	0	0.41
211500	0.41	0.46	0.46	0	0	0.41
211600	0.41	0.46	0.46	0	0	0.41
211700	0.41	0.46	0.46	0	0	0.41
211800	0.41	0.46	0.46	0	0	0.41
211900	0.41	0.46	0.46	0	0	0.41
212000	0.41	0.46	0.46	0	0	0.41
212100	0.41	0.46	0.46	0	0	0.41
212200	0.41	0.46	0.46	0	0	0.41
212300	0.41	0.47	0.47	0	0	0.41
212400	0.41	0.46	0.46	0	0	0.41
212500	0.41	0.46	0.46	0	0	0.41
212600	0.41	0.46	0.46	0	0	0.41
212700	0.41	0.46	0.46	0	0	0.41
212800	0.41	0.46	0.46	0	0	0.41
212900	0.41	0.46	0.46	0	0	0.41
213000	0.41	0.46	0.46	0	0	0.41
213100	0.41	0.46	0.46	0	0	0.41
213200	0.41	0.46	0.46	0	0	0.41
213300	0.41	0.46	0.46	0	0	0.41
213400	0.41	0.46	0.46	0	0	0.41
213500	0.41	0.46	0.46	0	0	0.41
213600	0.41	0.47	0.47	0	0	0.41
213700	0.41	0.47	0.47	0	0	0.41
213800	0.41	0.47	0.47	0	0	0.41
213900	0.41	0.47	0.47	0	0	0.41
214000	0.41	0.47	0.47	0	0	0.41
214100	0.41	0.47	0.47	0	0	0.41
214200	0.41	0.47	0.47	0	0	0.41
214300	0.41	0.47	0.47	0	0	0.41
214400	0.41	0.48	0.48	0	0	0.41
214500	0.41	0.48	0.48	0	0	0.41
214600	0.41	0.48	0.48	0	0	0.41
214700	0.41	0.48	0.48	0	0	0.41
214800	0.41	0.48	0.48	0	0	0.41
214900	0.41	0.48	0.48	0	0	0.41
215000	0.41	0.48	0.48	0	0	0.41
215100	0.41	0.48	0.48	0	0	0.41
215200	0.41	0.48	0.48	0	0	0.41
215300	0.41	0.49	0.49	0	0	0.41
215400	0.41	0.48	0.48	0	0	0.41
215500	0.41	0.48	0.48	0	0	0.41
215600	0.41	0.48	0.48	0	0	0.41
215700	0.41	0.48	0.48	0	0	0.41
215800	0.41	0.48	0.48	0	0	0.41
215900	0.41	0.48	0.48	0	0	0.41
216000	0.41	0.48	0.48	0	0	0.41
216100	0.41	0.48	0.48	0	0	0.41
216200	0.41	0.48	0.48	0	0	0.41
216300	0.41	0.48	0.48	0	0	0.41
216400	0.41	0.48	0.48	0	0	0.41
216500	0.41	0.48	0.48	0	0	0.41
216600	0.41	0.48	0.48	0	0	0.41
216700	0.41	0.48	0.48	0	0	0.41
216800	0.41	0.48	0.48	0	0	0.41
216900	0.41	0.48	0.48	0	0	0.41
217000	0.41	0.48	0.48	0	0	0.41
217100	0.41	0.48	0.48	0	0	0.41
217200	0.41	0.48	0.48	0	0	0.41
217300	0.41	0.48	0.48	0	0	0.41
217400	0.41	0.48	0.48	0	0	0.41
217500	0.41	0.48	0.48	0	0	0.41
217600	0.41	0.48	0.48	0	0	0.41
217700	0.41	0.48	0.48	0	0	0.41
217800	0.41	0.48	0.48	0	0	0.41
217900	0.41	0.48	0.48	0	0	0.41
218000	0.41	0.48	0.48	0	0	0.41
218100	0.41	0.47	0.47	0	0	0.41
218200	0.41	0.46	0.46	0	0	0.41
218300	0.41	0.46	0.46	0	0	0.41
218400	0.41	0.46	0.46	0	0	0.41
218500	0.41	0.46	0.46	0	0	0.41
218600	0.41	0.46	0.46	0	0	0.41
218700	0.41	0.46	0.46	0	0	0.41
218800	0.41	0.46	0.46	0	0	0.41
218900	0.41	0.46	0.46	0	0	0.41
219000	0.41	0.46	0.46	0	0	0.41
219100	0.41	0.46	0.46	0	0	0.41
219200	0.41	0.46	0.46	0	0	0.41
219300	0.41	0.46	0.46	0	0	0.41
219400	0.41	0.46	0.46	0	0	0.41
219500	0.41	0.46	0.46	0	0	0.41
219600	0.42	0.46	0.46	0	0	0.42
219700	0.41	0.46	0.46	0	0	0.41
219800	0.41	0.46	0.46	0	0	0.41
219900	0.41	0.46	0.46	0	0	0.41
220000	0.41	0.46	0.46	0	0	0.41
220100	0.41	0.46	0.46	0	0	0.41
220200	0.41	0.46	0.46	0	0	0.41
220300	0.41	0.46	0.46	0	0	0.41
220400	0.41	0.46	0.46	0	0	0.41
220500	0.41	0.46	0.46	0	0	0.41
220600	0.41	0.46	0.46	0	0	0.41
220700	0.41	0.46	0.46	0	0	0.41
220800	0.41	0.46	0.46	0	0	0.41
220900	0.41	0.46	0.46	0	0	0.41
221000	0.41	0.46	0.46	0	0	0.41
221100	0.41	0.46	0.46	0	0	0.41
221200	0.41	0.46	0.46	0	0	0.41
221300	0.41	0.46	0.46	0	0	0.41
221400	0.41	0.46	0.46	0	0	0.41
221500	0.41	0.46	0.46	0	0	0.41
221600	0.41	0.46	0.46	0	0	0.41
221700	0.41	0.46	0.46	0	0	0.41
221800	0.41	0.46	0.46	0	0	0.41
221900	0.41	0.46	0.46	0	0	0.41
222000	0.41	0.46	0.46	0	0	0.41
222100	0.41	0.46	0.46	0	0	0.41
222200	0.41	0.46	0.46	0	0	0.41
222300	0.41	0.46	0.46	0	0	0.41
222400	0.41	0.46	0.46	0	0	0.41
222500	0.41	0.46	0.46	0	0	0.41
222600	0.41	0.46	0.46	0	0	0.41
222700	0.41	0.46	0.46	0	0	0.41
222800	0.41	0.46	0.46	0	0	0.41
222900	0.41	0.46	0.46	0	0	0.41
223000	0.41	0.46	0.46	0	0	0.41
223100	0.41	0.46	0.46	0	0	0.41
223200	0.41	0.46	0.46	0	0	0.41
223300	0.41	0.46	0.46	0	0	0.41
223400	0.41	0.46	0.46	0	0	0.41
223500	0.41	0.46	0.46	0	0	0.41
223600	0.41	0.47	0.47	0	0	0.41
223700	0.41	0.48	0.48	0	0	0.41
223800	0.41	0.48	0.48	0	0	0.41
223900	0.42	0.48	0.48	0	0	0.42
224000	0.43	0.48	0.48	0	0	0.43
224100	0.43	0.48	0.48	0	0	0.43
224200	0.43	0.48	0.48	0	0	0.43
224300	0.43	0.48	0.48	0	0	0.43
224400	0.43	0.48	0.48	0	0	0.43
224500	0.43	0.48	0.48	0	0	0.43
224600	0.43	0.48	0.48	0	0	0.43
224700	0.42	0.48	0.48	0	0	0.42
224800	0.42	0.48	0.48	0	0	0.42
224900	0.42	0.48	0.48	0	0	0.42
225000	0.42	0.48	0.48	0	0	0.42
225100	0.42	0.48	0.48	0	0	0.42
225200	0.42	0.48	0.48	0	0	0.42
225300	0.42	0.48	0.48	0	0	0.42
225400	0.42	0.48	0.48	0	0	0.42
225500	0.42	0.48	0.48	0	0	0.42
225600	0.42	0.48	0.48	0	0	0.42
225700	0.42	0.48	0.48	0	0	0.42
225800	0.42	0.48	0.48	0	0	0.42
225900	0.42	0.48	0.48	0	0	0.42
226000	0.42	0.48	0.48	0	0	0.42
226100	0.42	0.48	0.48	0	0	0.42
226200	0.42	0.48	0.48	0	0	0.42
226300	0.42	0.48	0.48	0	0	0.42
226400	0.42	0.48	0.48	0	0	0.42
226500	0.43	0.48	0.48	0	0	0.43
226600	0.43	0.48	0.48	0	0	0.43
226700	0.43	0.48	0.48	0	0	0.43
226800	0.43	0.48	0.48	0	0	0.43
226900	0.43	0.48	0.48	0	0	0.43
227000	0.43	0.48	0.48	0	0	0.43
227100	0.43	0.48	0.48	0	0	0.43
227200	0.43	0.49	0.49	0	0	0.43
227300	0.43	0.48	0.48	0	0	0.43
227400	0.43	0.48	0.48	0	0	0.43
227500	0.43	0.47	0.47	0	0	0.43
227600	0.43	0.47	0.47	0	0	0.43
227700	0.43	0.47	0.47	0	0	0.43
227800	0.43	0.47	0.47	0	0	0.43
227900	0.43	0.47	0.47	0	0	0.43
228000	0.43	0.47	0.47	0	0	0.43
228100	0.43	0.47	0.47	0	0	0.43
228200	0.43	0.47	0.47	0	0	0.43
228300	0.43	0.47	0.47	0	0	0.43
228400	0.43	0.47	0.47	0	0	0.43
228500	0.43	0.47	0.47	0	0	0.43
228600	0.43	0.47	0.47	0	0	0.43
228700	0.43	0.47	0.47	0	0	0.43
228800	0.43	0.47	0.47	0	0	0.43
228900	0.43	0.47	0.47	0	0	0.43
229000	0.43	0.47	0.47	0	0	0.43
229100	0.43	0.47	0.47	0	0	0.43
229200	0.43	0.47	0.47	0	0	0.43
229300	0.43	0.47	0.47	0	0	0.43
229400	0.43	0.47	0.47	0	0	0.43
229500	0.43	0.47	0.47	0	0	0.43
229600	0.43	0.47	0.47	0	0	0.43
229700	0.43	0.47	0.47	0	0	0.43
229800	0.43	0.47	0.47	0	0	0.43
229900	0.43	0.47	0.47	0	0	0.43
230000	0.43	0.47	0.47	0	0	0.43
230100	0.43	0.47	0.47	0	0	0.43
230200	0.43	0.47	0.47	0	0	0.43
230300	0.43	0.47	0.47	0	0	0.43
230400	0.43	0.47	0.47	0	0	0.43
230500	0.43	0.46	0.46	0	0	0.43
230600	0.44	0.46	0.46	0	0	0.44
230700	0.44	0.46	0.46	0	0	0.44
230800	0.44	0.46	0.46	0	0	0.44
230900	0.44	0.46	0.46	0	0	0.44
231000	0.44	0.46	0.46	0	0	0.44
231100	0.44	0.46	0.46	0	0	0.44
231200	0.44	0.46	0.46	0	0	0.44
231300	0.44	0.46	0.46	0	0	0.44
231400	0.44	0.46	0.46	0	0	0.44
231500	0.44	0.46	0.46	0	0	0.44
231600	0.44	0.46	0.46	0	0	0.44
231700	0.44	0.46	0.46	0	0	0.44
231800	0.43	0.46	0.46	0	0	0.43
231900	0.43	0.46	0.46	0	0	0.43
232000	0.43	0.46	0.46	0	0	0.43
232100	0.43	0.46	0.46	0	0	0.43
232200	0.43	0.46	0.46	0	0	0.43
232300	0.43	0.46	0.46	0	0	0.43
232400	0.43	0.46	0.46	0	0	0.43
232500	0.43	0.46	0.46	0	0	0.43
232600	0.43	0.46	0.46	0	0	0.43
232700	0.43	0.46	0.46	0	0	0.43
232800	0.43	0.46	0.46	0	0	0.43
232900	0.43	0.46	0.46	0	0	0.43
233000	0.43	0.46	0.46	0	0	0.43
233100	0.42	0.46	0.46	0	0	0.42
233200	0.42	0.46	0.46	0	0	0.42
233300	0.42	0.46	0.46	0	0	0.42
233400	0.42	0.46	0.46	0	0	0.42
233500	0.42	0.46	0.46	0	0	0.42
233600	0.42	0.46	0.46	0	0	0.42
233700	0.42	0.46	0.46	0	0	0.42
233800	0.42	0.46	0.46	0	0	0.42
233900	0.42	0.46	0.46	0	0	0.42
234000	0.42	0.46	0.46	0	0	0.42
234100	0.42	0.46	0.46	0	0	0.42
234200	0.42	0.46	0.46	0	0	0.42
234300	0.42	0.46	0.46	0	0	0.42
234400	0.42	0.46	0.46	0	0	0.42
234500	0.42	0.46	0.46	0	0	0.42
234600	0.42	0.46	0.46	0	0	0.42
234700	0.42	0.47	0.47	0	0	0.42
234800	0.42	0.46	0.46	0	0	0.42
234900	0.42	0.46	0.46	0	0	0.42
235000	0.42	0.46	0.46	0	0	0.42
235100	0.42	0.46	0.46	0	0	0.42
235200	0.42	0.46	0.46	0	0	0.42
235300	0.42	0.47	0.47	0	0	0.42
235400	0.42	0.46	0.46	0	0	0.42
235500	0.42	0.46	0.46	0	0	0.42
235600	0.42	0.46	0.46	0	0	0.42
235700	0.42	0.46	0.46	0	0	0.42
235800	0.42	0.46	0.46	0	0	0.42
235900	0.42	0.46	0.46	0	0	0.42
236000	0.42	0.46	0.46	0	0	0.42
236100	0.42	0.46	0.46	0	0	0.42
236200	0.42	0.46	0.46	0	0	0.42
236300	0.42	0.46	0.46	0	0	0.42
236400	0.42	0.46	0.46	0	0	0.42
236500	0.42	0.46	0.46	0	0	0.42
236600	0.42	0.46	0.46	0	0	0.42
236700	0.42	0.46	0.46	0	0	0.42
236800	0.42	0.46	0.46	0	0	0.42
236900	0.42	0.46	0.46	0	0	0.42
237000	0.42	0.46	0.46	0	0	0.42
237100	0.42	0.46	0.46	0	0	0.42
237200	0.42	0.46	0.46	0	0	0.42
237300	0.42	0.46	0.46	0	0	0.42
237400	0.42	0.46	0.46	0	0	0.42
237500	0.42	0.46	0.46	0	0	0.42
237600	0.43	0.46	0.46	0	0	0.43
237700	0.43	0.46	0.46	0	0	0.43
237800	0.43	0.46	0.46	0	0	0.43
237900	0.43	0.46	0.46	0	0	0.43
238000	0.43	0.46	0.46	0	0	0.43
238100	0.43	0.46	0.46	0	0	0.43
238200	0.43	0.46	0.46	0	0	0.43
238300	0.43	0.46	0.46	0	0	0.43
238400	0.43	0.46	0.46	0	0	0.43
238500	0.43	0.46	0.46	0	0	0.43
238600	0.43	0.46	0.46	0	0	0.43
238700	0.43	0.46	0.46	0	0	0.43
238800	0.43	0.46	0.46	0	0	0.43
238900	0.43	0.46	0.46	0	0	0.43
239000	0.43	0.46	0.46	0	0	0.43
239100	0.43	0.46	0.46	0	0	0.43
239200	0.43	0.46	0.46	0	0	0.43
239300	0.43	0.46	0.46	0	0	0.43
239400	0.43	0.46	0.46	0	0	0.43
239500	0.43	0.46	0.46	0	0	0.43
239600	0.43	0.46	0.46	0	0	0.43
239700	0.43	0.46	0.46	0	0	0.43
239800	0.43	0.46	0.46	0	0	0.43
239900	0.43	0.46	0.46	0	0	0.43
240000	0.43	0.46	0.46	0	0	0.43
240100	0.43	0.46	0.46	0	0	0.43
240200	0.43	0.46	0.46	0	0	0.43
240300	0.43	0.46	0.46	0	0	0.43
240400	0.43	0.46	0.46	0	0	0.43
240500	0.43	0.46	0.46	0	0	0.43
240600	0.43	0.46	0.46	0	0	0.43
240700	0.43	0.46	0.46	0	0	0.43
240800	0.43	0.46	0.46	0	0	0.43
240900	0.43	0.46	0.46	0	0	0.43
241000	0.43	0.46	0.46	0	0	0.43
241100	0.43	0.46	0.46	0	0	0.43
241200	0.43	0.46	0.46	0	0	0.43
241300	0.43	0.46	0.46	0	0	0.43
241400	0.43	0.46	0.46	0	0	0.43
241500	0.43	0.46	0.46	0	0	0.43
241600	0.43	0.46	0.46	0	0	0.43
241700	0.43	0.46	0.46	0	0	0.43
241800	0.43	0.46	0.46	0	0	0.43
241900	0.43	0.46	0.46	0	0	0.43
242000	0.43	0.46	0.46	0	0	0.43
242100	0.43	0.46	0.46	0	0	0.43
242200	0.43	0.46	0.46	0	0	0.43
242300	0.43	0.46	0.46	0	0	0.43
242400	0.43	0.46	0.46	0	0	0.43
242500	0.43	0.46	0.46	0	0	0.43
242600	0.43	0.46	0.46	0	0	0.43
242700	0.43	0.46	0.46	0	0	0.43
242800	0.43	0.46	0.46	0	0	0.43
242900	0.43	0.46	0.46	0	0	0.43
243000	0.43	0.46	0.46	0	0	0.43
243100	0.43	0.46	0.46	0	0	0.43
243200	0.43	0.46	0.46	0	0	0.43
243300	0.43	0.46	0.46	0	0	0.43
243400	0.43	0.46	0.46	0	0	0.43
243500	0.43	0.46	0.46	0	0	0.43
243600	0.43	0.46	0.46	0	0	0.43
243700	0.43	0.46	0.46	0	0	0.43
243800	0.43	0.46	0.46	0	0	0.43
243900	0.43	0.46	0.46	0	0	0.43
244000	0.43	0.46	0.46	0	0	0.43
244100	0.43	0.46	0.46	0	0	0.43
244200	0.43	0.46	0.46	0	0	0.43
244300	0.43	0.46	0.46	0	0	0.43
244400	0.43	0.46	0.46	0	0	0.43
244500	0.43	0.46	0.46	0	0	0.43
244600	0.43	0.46	0.46	0	0	0.43
244700	0.43	0.45	0.45	0	0	0.43
244800	0.43	0.44	0.44	0	0	0.43
244900	0.43	0.44	0.44	0	0	0.43
245000	0.43	0.44	0.44	0	0	0.43
245100	0.43	0.44	0.44	0	0	0.43
245200	0.43	0.44	0.44	0	0	0.43
245300	0.43	0.44	0.44	0	0	0.43
245400	0.43	0.44	0.44	0	0	0.43
245500	0.43	0.44	0.44	0	0	0.43
245600	0.43	0.44	0.44	0	0	0.43
245700	0.43	0.44	0.44	0	0	0.43
245800	0.43	0.44	0.44	0	0	0.43
245900	0.43	0.44	0.44	0	0	0.43
246000	0.43	0.44	0.44	0	0	0.43
246100	0.43	0.44	0.44	0	0	0.43
246200	0.42	0.44	0.44	0	0	0.42
246300	0.43	0.44	0.44	0	0	0.43
246400	0.43	0.44	0.44	0	0	0.43
246500	0.42	0.44	0.44	0	0	0.42
246600	0.42	0.44	0.44	0	0	0.42
246700	0.42	0.44	0.44	0	0	0.42
246800	0.42	0.44	0.44	0	0	0.42
246900	0.42	0.44	0.44	0	0	0.42
247000	0.42	0.44	0.44	0	0	0.42
247100	0.42	0.44	0.44	0	0	0.42
247200	0.42	0.44	0.44	0	0	0.42
247300	0.42	0.44	0.44	0	0	0.42
247400	0.42	0.44	0.44	0	0	0.42
247500	0.42	0.44	0.44	0	0	0.42
247600	0.42	0.44	0.44	0	0	0.42
247700	0.42	0.44	0.44	0	0	0.42
247800	0.42	0.44	0.44	0	0	0.42
247900	0.42	0.44	0.44	0	0	0.42
248000	0.42	0.44	0.44	0	0	0.42
248100	0.42	0.44	0.44	0	0	0.42
248200	0.42	0.44	0.44	0	0	0.42
248300	0.42	0.44	0.44	0	0	0.42
248400	0.42	0.44	0.44	0	0	0.42
248500	0.42	0.44	0.44	0	0	0.42
248600	0.42	0.44	0.44	0	0	0.42
248700	0.42	0.44	0.44	0	0	0.42
248800	0.42	0.44	0.44	0	0	0.42
248900	0.42	0.44	0.44	0	0	0.42
249000	0.42	0.44	0.44	0	0	0.42
249100	0.42	0.44	0.44	0	0	0.42
249200	0.42	0.44	0.44	0	0	0.42
249300	0.42	0.44	0.44	0	0	0.42
249400	0.42	0.44	0.44	0	0	0.42
249500	0.42	0.44	0.44	0	0	0.42
249600	0.42	0.44	0.44	0	0	0.42
249700	0.42	0.44	0.44	0	0	0.42
249800	0.42	0.44	0.44	0	0	0.42
249900	0.42	0.44	0.44	0	0	0.42
250000	0.42	0.44	0.44	0	0	0.42
250100	0.42	0.44	0.44	0	0	0.42
250200	0.42	0.44	0.44	0	0	0.42
250300	0.42	0.44	0.44	0	0	0.42
250400	0.42	0.44	0.44	0	0	0.42
250500	0.42	0.44	0.44	0	0	0.42
250600	0.42	0.44	0.44	0	0	0.42
250700	0.42	0.45	0.45	0	0	0.42
250800	0.42	0.44	0.44	0	0	0.42
250900	0.42	0.44	0.44	0	0	0.42
251000	0.42	0.44	0.44	0	0	0.42
251100	0.42	0.44	0.44	0	0	0.42
251200	0.42	0.44	0.44	0	0	0.42
251300	0.42	0.44	0.44	0	0	0.42
251400	0.42	0.44	0.44	0	0	0.42
251500	0.42	0.44	0.44	0	0	0.42
251600	0.42	0.44	0.44	0	0	0.42
251700	0.42	0.44	0.44	0	0	0.42
251800	0.42	0.44	0.44	0	0	0.42
251900	0.42	0.44	0.44	0	0	0.42
252000	0.42	0.44	0.44	0	0	0.42
252100	0.42	0.44	0.44	0	0	0.42
252200	0.42	0.44	0.44	0	0	0.42
252300	0.42	0.44	0.44	0	0	0.42
252400	0.42	0.44	0.44	0	0	0.42
252500	0.42	0.44	0.44	0	0	0.42
252600	0.42	0.44	0.44	0	0	0.42
252700	0.42	0.44	0.44	0	0	0.42
252800	0.42	0.44	0.44	0	0	0.42
252900	0.42	0.44	0.44	0	0	0.42
253000	0.42	0.44	0.44	0	0	0.42
253100	0.42	0.43	0.43	0	0	0.42
253200	0.42	0.43	0.43	0	0	0.42
253300	0.42	0.43	0.43	0	0	0.42
253400	0.42	0.44	0.44	0	0	0.42
253500	0.42	0.44	0.44	0	0	0.42
253600	0.42	0.44	0.44	0	0	0.42
253700	0.42	0.44	0.44	0	0	0.42
253800	0.42	0.44	0.44	0	0	0.42
253900	0.42	0.44	0.44	0	0	0.42
254000	0.42	0.44	0.44	0	0	0.42
254100	0.42	0.44	0.44	0	0	0.42
254200	0.42	0.44	0.44	0	0	0.42
254300	0.43	0.44	0.44	0	0	0.43
254400	0.43	0.44	0.44	0	0	0.43
254500	0.43	0.44	0.44	0	0	0.43
254600	0.43	0.44	0.44	0	0	0.43
254700	0.43	0.44	0.44	0	0	0.43
254800	0.43	0.44	0.44	0	0	0.43
254900	0.43	0.44	0.44	0	0	0.43
255000	0.43	0.44	0.44	0	0	0.43
255100	0.43	0.44	0.44	0	0	0.43
255200	0.43	0.44	0.44	0	0	0.43
255300	0.44	0.44	0.44	0	0	0.44
255400	0.44	0.44	0.44	0	0	0.44
255500	0.44	0.44	0.44	0	0	0.44
255600	0.44	0.44	0.44	0	0	0.44
255700	0.44	0.44	0.44	0	0	0.44
255800	0.44	0.45	0.45	0	0	0.44
255900	0.44	0.45	0.45	0	0	0.44
256000	0.44	0.45	0.45	0	0	0.44
256100	0.44	0.45	0.45	0	0	0.44
256200	0.44	0.45	0.45	0	0	0.44
256300	0.44	0.45	0.45	0	0	0.44
256400	0.44	0.45	0.45	0	0	0.44
256500	0.44	0.45	0.45	0	0	0.44
256600	0.44	0.45	0.45	0	0	0.44
256700	0.44	0.45	0.45	0	0	0.44
256800	0.44	0.45	0.45	0	0	0.44
256900	0.44	0.45	0.45	0	0	0.44
257000	0.44	0.45	0.45	0	0	0.44
257100	0.43	0.45	0.45	0	0	0.43
257200	0.43	0.45	0.45	0	0	0.43
257300	0.43	0.45	0.45	0	0	0.43
257400	0.43	0.45	0.45	0	0	0.43
257500	0.43	0.45	0.45	0	0	0.43
257600	0.43	0.45	0.45	0	0	0.43
257700	0.43	0.45	0.45	0	0	0.43
257800	0.43	0.45	0.45	0	0	0.43
257900	0.43	0.45	0.45	0	0	0.43
258000	0.43	0.45	0.45	0	0	0.43
258100	0.43	0.45	0.45	0	0	0.43
258200	0.43	0.45	0.45	0	0	0.43
258300	0.43	0.45	0.45	0	0	0.43
258400	0.43	0.45	0.45	0	0	0.43
258500	0.43	0.45	0.45	0	0	0.43
258600	0.43	0.45	0.45	0	0	0.43
258700	0.43	0.45	0.45	0	0	0.43
258800	0.43	0.45	0.45	0	0	0.43
258900	0.43	0.45	0.45	0	0	0.43
259000	0.43	0.44	0.44	0	0	0.43
259100	0.43	0.44	0.44	0	0	0.43
259200	0.43	0.44	0.44	0	0	0.43
259300	0.43	0.44	0.44	0	0	0.43
259400	0.43	0.44	0.44	0	0	0.43
259500	0.43	0.44	0.44	0	0	0.43
259600	0.43	0.44	0.44	0	0	0.43
259700	0.43	0.44	0.44	0	0	0.43
259800	0.43	0.44	0.44	0	0	0.43
259900	0.43	0.44	0.44	0	0	0.43
260000	0.43	0.44	0.44	0	0	0.43
260100	0.43	0.44	0.44	0	0	0.43
260200	0.44	0.44	0.44	0	0	0.44
260300	0.44	0.44	0.44	0	0	0.44
260400	0.44	0.44	0.44	0	0	0.44
260500	0.43	0.44	0.44	0	0	0.43
260600	0.43	0.44	0.44	0	0	0.43
260700	0.43	0.44	0.44	0	0	0.43
260800	0.43	0.44	0.44	0	0	0.43
260900	0.43	0.44	0.44	0	0	0.43
261000	0.43	0.44	0.44	0	0	0.43
261100	0.43	0.45	0.45	0	0	0.43
261200	0.43	0.44	0.44	0	0	0.43
261300	0.43	0.44	0.44	0	0	0.43
261400	0.43	0.44	0.44	0	0	0.43
261500	0.43	0.44	0.44	0	0	0.43
261600	0.43	0.44	0.44	0	0	0.43
261700	0.43	0.44	0.44	0	0	0.43
261800	0.43	0.44	0.44	0	0	0.43
261900	0.43	0.44	0.44	0	0	0.43
262000	0.43	0.45	0.45	0	0	0.43
262100	0.43	0.45	0.45	0	0	0.43
262200	0.43	0.45	0.45	0	0	0.43
262300	0.43	0.45	0.45	0	0	0.43
262400	0.43	0.45	0.45	0	0	0.43
262500	0.43	0.45	0.45	0	0	0.43
262600	0.43	0.45	0.45	0	0	0.43
262700	0.43	0.45	0.45	0	0	0.43
262800	0.43	0.45	0.45	0	0	0.43
262900	0.42	0.44	0.44	0	0	0.42
263000	0.42	0.44	0.44	0	0	0.42
263100	0.42	0.44	0.44	0	0	0.42
263200	0.42	0.44	0.44	0	0	0.42
263300	0.42	0.44	0.44	0	0	0.42
263400	0.42	0.44	0.44	0	0	0.42
263500	0.42	0.44	0.44	0	0	0.42
263600	0.42	0.44	0.44	0	0	0.42
263700	0.42	0.44	0.44	0	0	0.42
263800	0.42	0.44	0.44	0	0	0.42
263900	0.42	0.44	0.44	0	0	0.42
264000	0.42	0.44	0.44	0	0	0.42
264100	0.42	0.44	0.44	0	0	0.42
264200	0.42	0.44	0.44	0	0	0.42
264300	0.42	0.45	0.45	0	0	0.42
264400	0.42	0.45	0.45	0	0	0.42
264500	0.42	0.45	0.45	0	0	0.42
264600	0.42	0.45	0.45	0	0	0.42
264700	0.42	0.45	0.45	0	0	0.42
264800	0.42	0.45	0.45	0	0	0.42
264900	0.42	0.45	0.45	0	0	0.42
265000	0.42	0.45	0.45	0	0	0.42
265100	0.42	0.45	0.45	0	0	0.42
265200	0.42	0.45	0.45	0	0	0.42
265300	0.42	0.45	0.45	0	0	0.42
265400	0.42	0.45	0.45	0	0	0.42
265500	0.42	0.45	0.45	0	0	0.42
265600	0.42	0.45	0.45	0	0	0.42
265700	0.42	0.45	0.45	0	0	0.42
265800	0.42	0.45	0.45	0	0	0.42
265900	0.42	0.45	0.45	0	0	0.42
266000	0.42	0.46	0.46	0	0	0.42
266100	0.42	0.45	0.45	0	0	0.42
266200	0.42	0.45	0.45	0	0	0.42
266300	0.42	0.45	0.45	0	0	0.42
266400	0.42	0.45	0.45	0	0	0.42
266500	0.42	0.45	0.45	0	0	0.42
266600	0.42	0.45	0.45	0	0	0.42
266700	0.42	0.46	0.46	0	0	0.42
266800	0.42	0.45	0.45	0	0	0.42
266900	0.42	0.45	0.45	0	0	0.42
267000	0.42	0.45	0.45	0	0	0.42
267100	0.42	0.45	0.45	0	0	0.42
267200	0.42	0.45	0.45	0	0	0.42
267300	0.42	0.45	0.45	0	0	0.42
267400	0.42	0.45	0.45	0	0	0.42
267500	0.42	0.45	0.45	0	0	0.42
267600	0.42	0.45	0.45	0	0	0.42
267700	0.42	0.45	0.45	0	0	0.42
267800	0.41	0.45	0.45	0	0	0.41
267900	0.41	0.45	0.45	0	0	0.41
268000	0.41	0.45	0.45	0	0	0.41
268100	0.41	0.45	0.45	0	0	0.41
268200	0.41	0.45	0.45	0	0	0.41
268300	0.41	0.45	0.45	0	0	0.41
268400	0.41	0.45	0.45	0	0	0.41
268500	0.41	0.45	0.45	0	0	0.41
268600	0.41	0.45	0.45	0	0	0.41
268700	0.42	0.45	0.45	0	0	0.42
268800	0.42	0.45	0.45	0	0	0.42
268900	0.42	0.45	0.45	0	0	0.42
269000	0.42	0.45	0.45	0	0	0.42
269100	0.42	0.45	0.45	0	0	0.42
269200	0.42	0.45	0.45	0	0	0.42
269300	0.42	0.45	0.45	0	0	0.42
269400	0.42	0.45	0.45	0	0	0.42
269500	0.42	0.45	0.45	0	0	0.42
269600	0.42	0.45	0.45	0	0	0.42
269700	0.42	0.45	0.45	0	0	0.42
269800	0.42	0.45	0.45	0	0	0.42
269900	0.42	0.45	0.45	0	0	0.42
270000	0.42	0.45	0.45	0	0	0.42
270100	0.42	0.45	0.45	0	0	0.42
270200	0.42	0.45	0.45	0	0	0.42
270300	0.42	0.45	0.45	0	0	0.42
270400	0.42	0.45	0.45	0	0	0.42
270500	0.42	0.45	0.45	0	0	0.42
270600	0.43	0.45	0.45	0	0	0.43
270700	0.43	0.45	0.45	0	0	0.43
270800	0.43	0.45	0.45	0	0	0.43
270900	0.43	0.45	0.45	0	0	0.43
271000	0.43	0.45	0.45	0	0	0.43
271100	0.43	0.45	0.45	0	0	0.43
271200	0.43	0.45	0.45	0	0	0.43
271300	0.43	0.45	0.45	0	0	0.43
271400	0.43	0.45	0.45	0	0	0.43
271500	0.43	0.45	0.45	0	0	0.43
271600	0.43	0.45	0.45	0	0	0.43
271700	0.43	0.45	0.45	0	0	0.43
271800	0.43	0.45	0.45	0	0	0.43
271900	0.43	0.45	0.45	0	0	0.43
272000	0.43	0.45	0.45	0	0	0.43
272100	0.43	0.45	0.45	0	0	0.43
272200	0.42	0.45	0.45	0	0	0.42
272300	0.42	0.45	0.45	0	0	0.42
272400	0.42	0.45	0.45	0	0	0.42
272500	0.42	0.45	0.45	0	0	0.42
272600	0.42	0.45	0.45	0	0	0.42
272700	0.42	0.45	0.45	0	0	0.42
272800	0.42	0.45	0.45	0	0	0.42
272900	0.42	0.45	0.45	0	0	0.42
273000	0.42	0.45	0.45	0	0	0.42
273100	0.42	0.46	0.46	0	0	0.42
273200	0.42	0.45	0.45	0	0	0.42
273300	0.42	0.45	0.45	0	0	0.42
273400	0.42	0.45	0.45	0	0	0.42
273500	0.42	0.45	0.45	0	0	0.42
273600	0.42	0.45	0.45	0	0	0.42
273700	0.42	0.45	0.45	0	0	0.42
273800	0.42	0.45	0.45	0	0	0.42
273900	0.42	0.45	0.45	0	0	0.42
274000	0.42	0.45	0.45	0	0	0.42
274100	0.42	0.45	0.45	0	0	0.42
274200	0.42	0.45	0.45	0	0	0.42
274300	0.42	0.45	0.45	0	0	0.42
274400	0.42	0.45	0.45	0	0	0.42
274500	0.42	0.45	0.45	0	0	0.42
274600	0.42	0.45	0.45	0	0	0.42
274700	0.42	0.45	0.45	0	0	0.42
274800	0.42	0.45	0.45	0	0	0.42
274900	0.42	0.45	0.45	0	0	0.42
275000	0.42	0.45	0.45	0	0	0.42
275100	0.42	0.45	0.45	0	0	0.42
275200	0.42	0.46	0.46	0	0	0.42
275300	0.42	0.45	0.45	0	0	0.42
275400	0.42	0.45	0.45	0	0	0.42
275500	0.42	0.45	0.45	0	0	0.42
275600	0.42	0.45	0.45	0	0	0.42
275700	0.42	0.45	0.45	0	0	0.42
275800	0.42	0.45	0.45	0	0	0.42
275900	0.42	0.45	0.45	0	0	0.42
276000	0.42	0.46	0.46	0	0	0.42
276100	0.42	0.45	0.45	0	0	0.42
276200	0.42	0.45	0.45	0	0	0.42
276300	0.42	0.45	0.45	0	0	0.42
276400	0.42	0.46	0.46	0	0	0.42
276500	0.42	0.45	0.45	0	0	0.42
276600	0.43	0.45	0.45	0	0	0.43
276700	0.43	0.45	0.45	0	0	0.43
276800	0.43	0.45	0.45	0	0	0.43
276900	0.43	0.45	0.45	0	0	0.43
277000	0.43	0.45	0.45	0	0	0.43
277100	0.43	0.45	0.45	0	0	0.43
277200	0.43	0.45	0.45	0	0	0.43
277300	0.43	0.45	0.45	0	0	0.43
277400	0.44	0.45	0.45	0	0	0.44
277500	0.43	0.45	0.45	0	0	0.43
277600	0.43	0.45	0.45	0	0	0.43
277700	0.43	0.45	0.45	0	0	0.43
277800	0.43	0.45	0.45	0	0	0.43
277900	0.43	0.45	0.45	0	0	0.43
278000	0.43	0.45	0.45	0	0	0.43
278100	0.43	0.45	0.45	0	0	0.43
278200	0.43	0.45	0.45	0	0	0.43
278300	0.43	0.45	0.45	0	0	0.43
278400	0.43	0.45	0.45	0	0	0.43
278500	0.43	0.45	0.45	0	0	0.43
278600	0.43	0.45	0.45	0	0	0.43
278700	0.44	0.45	0.45	0	0	0.44
278800	0.43	0.45	0.45	0	0	0.43
278900	0.43	0.45	0.45	0	0	0.43
279000	0.43	0.45	0.45	0	0	0.43
279100	0.43	0.45	0.45	0	0	0.43
279200	0.43	0.45	0.45	0	0	0.43
279300	0.43	0.45	0.45	0	0	0.43
279400	0.43	0.45	0.45	0	0	0.43
279500	0.43	0.45	0.45	0	0	0.43
279600	0.43	0.45	0.45	0	0	0.43
279700	0.43	0.45	0.45	0	0	0.43
279800	0.43	0.45	0.45	0	0	0.43
279900	0.43	0.45	0.45	0	0	0.43
280000	0.43	0.45	0.45	0	0	0.43
280100	0.43	0.45	0.45	0	0	0.43
280200	0.43	0.44	0.44	0	0	0.43
280300	0.43	0.44	0.44	0	0	0.43
280400	0.43	0.44	0.44	0	0	0.43
280500	0.43	0.44	0.44	0	0	0.43
280600	0.43	0.44	0.44	0	0	0.43
280700	0.43	0.44	0.44	0	0	0.43
280800	0.43	0.44	0.44	0	0	0.43
280900	0.43	0.44	0.44	0	0	0.43
281000	0.43	0.44	0.44	0	0	0.43
281100	0.43	0.44	0.44	0	0	0.43
281200	0.43	0.44	0.44	0	0	0.43
281300	0.43	0.44	0.44	0	0	0.43
281400	0.43	0.44	0.44	0	0	0.43
281500	0.43	0.44	0.44	0	0	0.43
281600	0.43	0.44	0.44	0	0	0.43
281700	0.43	0.44	0.44	0	0	0.43
281800	0.43	0.44	0.44	0	0	0.43
281900	0.43	0.44	0.44	0	0	0.43
282000	0.43	0.44	0.44	0	0	0.43
282100	0.43	0.44	0.44	0	0	0.43
282200	0.44	0.44	0.44	0	0	0.44
282300	0.44	0.44	0.44	0	0	0.44
282400	0.44	0.44	0.44	0	0	0.44
282500	0.44	0.44	0.44	0	0	0.44
282600	0.44	0.44	0.44	0	0	0.44
282700	0.44	0.44	0.44	0	0	0.44
282800	0.44	0.44	0.44	0	0	0.44
282900	0.43	0.44	0.44	0	0	0.43
283000	0.43	0.44	0.44	0	0	0.43
283100	0.42	0.44	0.44	0	0	0.42
283200	0.42	0.44	0.44	0	0	0.42
283300	0.42	0.44	0.44	0	0	0.42
283400	0.42	0.44	0.44	0	0	0.42
283500	0.42	0.44	0.44	0	0	0.42
283600	0.42	0.44	0.44	0	0	0.42
283700	0.42	0.44	0.44	0	0	0.42
283800	0.42	0.44	0.44	0	0	0.42
283900	0.42	0.44	0.44	0	0	0.42
284000	0.42	0.44	0.44	0	0	0.42
284100	0.42	0.44	0.44	0	0	0.42
284200	0.42	0.44	0.44	0	0	0.42
284300	0.42	0.44	0.44	0	0	0.42
284400	0.42	0.44	0.44	0	0	0.42
284500	0.42	0.44	0.44	0	0	0.42
284600	0.42	0.44	0.44	0	0	0.42
284700	0.42	0.44	0.44	0	0	0.42
284800	0.42	0.44	0.44	0	0	0.42
284900	0.42	0.44	0.44	0	0	0.42
285000	0.42	0.44	0.44	0	0	0.42
285100	0.42	0.44	0.44	0	0	0.42
285200	0.42	0.44	0.44	0	0	0.42
285300	0.42	0.44	0.44	0	0	0.42
285400	0.42	0.44	0.44	0	0	0.42
285500	0.42	0.44	0.44	0	0	0.42
285600	0.42	0.44	0.44	0	0	0.42
285700	0.42	0.44	0.44	0	0	0.42
285800	0.42	0.44	0.44	0	0	0.42
285900	0.42	0.44	0.44	0	0	0.42
286000	0.42	0.44	0.44	0	0	0.42
286100	0.42	0.44	0.44	0	0	0.42
286200	0.43	0.44	0.44	0	0	0.43
286300	0.43	0.44	0.44	0	0	0.43
286400	0.43	0.44	0.44	0	0	0.43
286500	0.43	0.44	0.44	0	0	0.43
286600	0.43	0.44	0.44	0	0	0.43
286700	0.43	0.44	0.44	0	0	0.43
286800	0.43	0.44	0.44	0	0	0.43
286900	0.43	0.44	0.44	0	0	0.43
287000	0.43	0.44	0.44	0	0	0.43
287100	0.43	0.44	0.44	0	0	0.43
287200	0.43	0.44	0.44	0	0	0.43
287300	0.43	0.44	0.44	0	0	0.43
287400	0.43	0.44	0.44	0	0	0.43
287500	0.43	0.44	0.44	0	0	0.43
287600	0.43	0.44	0.44	0	0	0.43
287700	0.43	0.44	0.44	0	0	0.43
287800	0.43	0.44	0.44	0	0	0.43
287900	0.43	0.44	0.44	0	0	0.43
288000	0.43	0.44	0.44	0	0	0.43
288100	0.42	0.44	0.44	0	0	0.42
288200	0.42	0.44	0.44	0	0	0.42
288300	0.42	0.44	0.44	0	0	0.42
288400	0.42	0.44	0.44	0	0	0.42
288500	0.42	0.44	0.44	0	0	0.42
288600	0.42	0.44	0.44	0	0	0.42
288700	0.42	0.44	0.44	0	0	0.42
288800	0.42	0.44	0.44	0	0	0.42
288900	0.42	0.44	0.44	0	0	0.42
289000	0.42	0.44	0.44	0	0	0.42
289100	0.42	0.44	0.44	0	0	0.42
289200	0.42	0.44	0.44	0	0	0.42
289300	0.42	0.44	0.44	0	0	0.42
289400	0.41	0.44	0.44	0	0	0.41
289500	0.41	0.44	0.44	0	0	0.41
289600	0.41	0.44	0.44	0	0	0.41
289700	0.42	0.45	0.45	0	0	0.42
289800	0.42	0.45	0.45	0	0	0.42
289900	0.42	0.45	0.45	0	0	0.42
290000	0.42	0.45	0.45	0	0	0.42
290100	0.42	0.45	0.45	0	0	0.42
290200	0.42	0.46	0.46	0	0	0.42
290300	0.43	0.45	0.45	0	0	0.43
290400	0.43	0.45	0.45	0	0	0.43
290500	0.42	0.46	0.46	0	0	0.42
290600	0.42	0.46	0.46	0	0	0.42
290700	0.42	0.46	0.46	0	0	0.42
290800	0.42	0.45	0.45	0	0	0.42
290900	0.42	0.45	0.45	0	0	0.42
291000	0.42	0.45	0.45	0	0	0.42
291100	0.42	0.45	0.45	0	0	0.42
291200	0.42	0.45	0.45	0	0	0.42
291300	0.42	0.45	0.45	0	0	0.42
291400	0.42	0.45	0.45	0	0	0.42
291500	0.42	0.45	0.45	0	0	0.42
291600	0.42	0.45	0.45	0	0	0.42
291700	0.42	0.45	0.45	0	0	0.42
291800	0.42	0.45	0.45	0	0	0.42
291900	0.43	0.45	0.45	0	0	0.43
292000	0.42	0.45	0.45	0	0	0.42
292100	0.42	0.45	0.45	0	0	0.42
292200	0.41	0.45	0.45	0	0	0.41
292300	0.41	0.45	0.45	0	0	0.41
292400	0.41	0.45	0.45	0	0	0.41
292500	0.41	0.45	0.45	0	0	0.41
292600	0.41	0.45	0.45	0	0	0.41
292700	0.41	0.45	0.45	0	0	0.41
292800	0.41	0.45	0.45	0	0	0.41
292900	0.41	0.45	0.45	0	0	0.41
293000	0.41	0.45	0.45	0	0	0.41
293100	0.41	0.45	0.45	0	0	0.41
293200	0.41	0.45	0.45	0	0	0.41
293300	0.41	0.45	0.45	0	0	0.41
293400	0.41	0.45	0.45	0	0	0.41
293500	0.41	0.45	0.45	0	0	0.41
293600	0.41	0.45	0.45	0	0	0.41
293700	0.42	0.45	0.45	0	0	0.42
293800	0.41	0.45	0.45	0	0	0.41
293900	0.41	0.45	0.45	0	0	0.41
294000	0.41	0.45	0.45	0	0	0.41
294100	0.41	0.45	0.45	0	0	0.41
294200	0.41	0.45	0.45	0	0	0.41
294300	0.41	0.45	0.45	0	0	0.41
294400	0.41	0.45	0.45	0	0	0.41
294500	0.41	0.45	0.45	0	0	0.41
294600	0.41	0.45	0.45	0	0	0.41
294700	0.41	0.45	0.45	0	0	0.41
294800	0.41	0.45	0.45	0	0	0.41
294900	0.41	0.45	0.45	0	0	0.41
295000	0.41	0.45	0.45	0	0	0.41
295100	0.42	0.45	0.45	0	0	0.42
295200	0.41	0.45	0.45	0	0	0.41
295300	0.41	0.45	0.45	0	0	0.41
295400	0.41	0.46	0.46	0	0	0.41
295500	0.41	0.46	0.46	0	0	0.41
295600	0.41	0.46	0.46	0	0	0.41
295700	0.42	0.46	0.46	0	0	0.42
295800	0.41	0.46	0.46	0	0	0.41
295900	0.41	0.46	0.46	0	0	0.41
296000	0.42	0.47	0.47	0	0	0.42
296100	0.42	0.47	0.47	0	0	0.42
296200	0.42	0.47	0.47	0	0	0.42
296300	0.43	0.47	0.47	0	0	0.43
296400	0.42	0.47	0.47	0	0	0.42
296500	0.42	0.47	0.47	0	0	0.42
296600	0.42	0.47	0.47	0	0	0.42
296700	0.42	0.47	0.47	0	0	0.42
296800	0.42	0.47	0.47	0	0	0.42
296900	0.43	0.47	0.47	0	0	0.43
297000	0.44	0.47	0.47	0	0	0.44
297100	0.41	0.47	0.47	0	0	0.41
297200	0.41	0.47	0.47	0	0	0.41
297300	0.41	0.47	0.47	0	0	0.41
297400	0.41	0.47	0.47	0	0	0.41
297500	0.41	0.47	0.47	0	0	0.41
297600	0.41	0.47	0.47	0	0	0.41
297700	0.41	0.47	0.47	0	0	0.41
297800	0.41	0.47	0.47	0	0	0.41
297900	0.41	0.47	0.47	0	0	0.41
298000	0.41	0.47	0.47	0	0	0.41
298100	0.41	0.47	0.47	0	0	0.41
298200	0.41	0.47	0.47	0	0	0.41
298300	0.41	0.47	0.47	0	0	0.41
298400	0.41	0.47	0.47	0	0	0.41
298500	0.41	0.47	0.47	0	0	0.41
298600	0.41	0.47	0.47	0	0	0.41
298700	0.41	0.47	0.47	0	0	0.41
298800	0.41	0.47	0.47	0	0	0.41
298900	0.41	0.47	0.47	0	0	0.41
299000	0.41	0.47	0.47	0	0	0.41
299100	0.42	0.46	0.46	0	0	0.42
299200	0.42	0.46	0.46	0	0	0.42
299300	0.42	0.46	0.46	0	0	0.42
299400	0.42	0.46	0.46	0	0	0.42
299500	0.42	0.46	0.46	0	0	0.42
299600	0.42	0.46	0.46	0	0	0.42
299700	0.42	0.46	0.46	0	0	0.42
299800	0.42	0.46	0.46	0	0	0.42
299900	0.42	0.46	0.46	0	0	0.42
300000	0.43	0.46	0.46	0	0	0.43
