100	0.07	0.1	0.1	0	0	0.07
200	0.09	0.11	0.11	0	0	0.09
300	0.11	0.1	0.1	0	0	0.11
400	0.12	0.11	0.11	0	0	0.12
500	0.12	0.13	0.13	0	0	0.12
600	0.12	0.13	0.13	0	0	0.12
700	0.09	0.12	0.12	0	0	0.09
800	0.1	0.13	0.13	0	0	0.1
900	0.11	0.15	0.15	0	0	0.11
1000	0.11	0.16	0.16	0	0	0.11
1100	0.09	0.16	0.16	0	0	0.09
1200	0.1	0.17	0.17	0	0	0.1
1300	0.1	0.18	0.18	0	0	0.1
1400	0.11	0.18	0.18	0	0	0.11
1500	0.15	0.19	0.19	0	0	0.15
1600	0.14	0.18	0.18	0	0	0.14
1700	0.12	0.17	0.17	0	0	0.12
1800	0.11	0.18	0.18	0	0	0.11
1900	0.12	0.17	0.17	0	0	0.12
2000	0.1	0.16	0.16	0	0	0.1
2100	0.09	0.16	0.16	0	0	0.09
2200	0.1	0.17	0.17	0	0	0.1
2300	0.1	0.21	0.21	0	0	0.1
2400	0.11	0.19	0.19	0	0	0.11
2500	0.13	0.21	0.21	0	0	0.13
2600	0.14	0.21	0.21	0	0	0.14
2700	0.16	0.21	0.21	0	0	0.16
2800	0.14	0.21	0.21	0	0	0.14
2900	0.12	0.21	0.21	0	0	0.12
3000	0.11	0.21	0.21	0	0	0.11
3100	0.11	0.22	0.22	0	0	0.11
3200	0.12	0.18	0.18	0	0	0.12
3300	0.14	0.18	0.18	0	0	0.14
3400	0.13	0.16	0.16	0	0	0.13
3500	0.15	0.14	0.14	0	0	0.15
3600	0.15	0.17	0.17	0	0	0.15
3700	0.13	0.15	0.15	0	0	0.13
3800	0.14	0.14	0.14	0	0	0.14
3900	0.16	0.14	0.14	0	0	0.16
4000	0.18	0.14	0.14	0	0	0.18
4100	0.16	0.13	0.13	0	0	0.16
4200	0.17	0.17	0.17	0	0	0.17
4300	0.17	0.17	0.17	0	0	0.17
4400	0.17	0.18	0.18	0	0	0.17
4500	0.17	0.18	0.18	0	0	0.17
4600	0.17	0.18	0.18	0	0	0.17
4700	0.19	0.18	0.18	0	0	0.19
4800	0.19	0.2	0.2	0	0	0.19
4900	0.2	0.2	0.2	0	0	0.2
5000	0.21	0.19	0.19	0	0	0.21
5100	0.23	0.19	0.19	0	0	0.23
5200	0.23	0.19	0.19	0	0	0.23
5300	0.23	0.2	0.2	0	0	0.23
5400	0.23	0.2	0.2	0	0	0.23
5500	0.23	0.19	0.19	0	0	0.23
5600	0.23	0.19	0.19	0	0	0.23
5700	0.25	0.19	0.19	0	0	0.25
5800	0.24	0.19	0.19	0	0	0.24
5900	0.23	0.19	0.19	0	0	0.23
6000	0.23	0.19	0.19	0	0	0.23
6100	0.24	0.19	0.19	0	0	0.24
6200	0.24	0.2	0.2	0	0	0.24
6300	0.24	0.23	0.23	0	0	0.24
6400	0.24	0.23	0.23	0	0	0.24
6500	0.25	0.23	0.23	0	0	0.25
6600	0.25	0.23	0.23	0	0	0.25
6700	0.25	0.24	0.24	0	0	0.25
6800	0.26	0.25	0.25	0	0	0.26
6900	0.25	0.25	0.25	0	0	0.25
7000	0.26	0.25	0.25	0	0	0.26
7100	0.25	0.26	0.26	0	0	0.25
7200	0.25	0.27	0.27	0	0	0.25
7300	0.25	0.28	0.28	0	0	0.25
7400	0.25	0.29	0.29	0	0	0.25
7500	0.25	0.29	0.29	0	0	0.25
7600	0.27	0.29	0.29	0	0	0.27
7700	0.25	0.28	0.28	0	0	0.25
7800	0.25	0.28	0.28	0	0	0.25
7900	0.26	0.29	0.29	0	0	0.26
8000	0.27	0.29	0.29	0	0	0.27
8100	0.28	0.29	0.29	0	0	0.28
8200	0.28	0.31	0.31	0	0	0.28
8300	0.26	0.31	0.31	0	0	0.26
8400	0.25	0.31	0.31	0	0	0.25
8500	0.25	0.3	0.3	0	0	0.25
8600	0.25	0.3	0.3	0	0	0.25
8700	0.25	0.3	0.3	0	0	0.25
8800	0.25	0.3	0.3	0	0	0.25
8900	0.25	0.3	0.3	0	0	0.25
9000	0.26	0.31	0.31	0	0	0.26
9100	0.26	0.31	0.31	0	0	0.26
9200	0.26	0.31	0.31	0	0	0.26
9300	0.26	0.31	0.31	0	0	0.26
9400	0.26	0.31	0.31	0	0	0.26
9500	0.25	0.3	0.3	0	0	0.25
9600	0.26	0.3	0.3	0	0	0.26
9700	0.27	0.31	0.31	0	0	0.27
9800	0.27	0.31	0.31	0	0	0.27
9900	0.27	0.32	0.32	0	0	0.27
10000	0.28	0.31	0.31	0	0	0.28
10100	0.28	0.32	0.32	0	0	0.28
10200	0.26	0.33	0.33	0	0	0.26
10300	0.27	0.33	0.33	0	0	0.27
10400	0.25	0.33	0.33	0	0	0.25
10500	0.25	0.33	0.33	0	0	0.25
10600	0.25	0.33	0.33	0	0	0.25
10700	0.25	0.33	0.33	0	0	0.25
10800	0.24	0.33	0.33	0	0	0.24
10900	0.24	0.33	0.33	0	0	0.24
11000	0.24	0.33	0.33	0	0	0.24
11100	0.25	0.32	0.32	0	0	0.25
11200	0.27	0.32	0.32	0	0	0.27
11300	0.28	0.32	0.32	0	0	0.28
11400	0.28	0.32	0.32	0	0	0.28
11500	0.27	0.3	0.3	0	0	0.27
11600	0.26	0.3	0.3	0	0	0.26
11700	0.27	0.3	0.3	0	0	0.27
11800	0.25	0.3	0.3	0	0	0.25
11900	0.25	0.31	0.31	0	0	0.25
12000	0.27	0.31	0.31	0	0	0.27
12100	0.27	0.31	0.31	0	0	0.27
12200	0.27	0.31	0.31	0	0	0.27
12300	0.29	0.31	0.31	0	0	0.29
12400	0.29	0.31	0.31	0	0	0.29
12500	0.27	0.31	0.31	0	0	0.27
12600	0.27	0.32	0.32	0	0	0.27
12700	0.26	0.3	0.3	0	0	0.26
12800	0.26	0.3	0.3	0	0	0.26
12900	0.26	0.3	0.3	0	0	0.26
13000	0.26	0.29	0.29	0	0	0.26
13100	0.23	0.29	0.29	0	0	0.23
13200	0.23	0.29	0.29	0	0	0.23
13300	0.23	0.29	0.29	0	0	0.23
13400	0.23	0.29	0.29	0	0	0.23
13500	0.24	0.29	0.29	0	0	0.24
13600	0.24	0.29	0.29	0	0	0.24
13700	0.24	0.29	0.29	0	0	0.24
13800	0.24	0.29	0.29	0	0	0.24
13900	0.25	0.29	0.29	0	0	0.25
14000	0.24	0.31	0.31	0	0	0.24
14100	0.25	0.31	0.31	0	0	0.25
14200	0.25	0.32	0.32	0	0	0.25
14300	0.24	0.33	0.33	0	0	0.24
14400	0.25	0.34	0.34	0	0	0.25
14500	0.25	0.34	0.34	0	0	0.25
14600	0.26	0.33	0.33	0	0	0.26
14700	0.24	0.32	0.32	0	0	0.24
14800	0.25	0.3	0.3	0	0	0.25
14900	0.25	0.3	0.3	0	0	0.25
15000	0.25	0.3	0.3	0	0	0.25
15100	0.25	0.29	0.29	0	0	0.25
15200	0.25	0.3	0.3	0	0	0.25
15300	0.27	0.29	0.29	0	0	0.27
15400	0.26	0.29	0.29	0	0	0.26
15500	0.29	0.28	0.28	0	0	0.29
15600	0.32	0.28	0.28	0	0	0.32
15700	0.3	0.28	0.28	0	0	0.3
15800	0.31	0.28	0.28	0	0	0.31
15900	0.31	0.28	0.28	0	0	0.31
16000	0.3	0.28	0.28	0	0	0.3
16100	0.3	0.29	0.29	0	0	0.3
16200	0.29	0.3	0.3	0	0	0.29
16300	0.29	0.32	0.32	0	0	0.29
16400	0.28	0.33	0.33	0	0	0.28
16500	0.28	0.33	0.33	0	0	0.28
16600	0.28	0.33	0.33	0	0	0.28
16700	0.27	0.33	0.33	0	0	0.27
16800	0.26	0.33	0.33	0	0	0.26
16900	0.26	0.32	0.32	0	0	0.26
17000	0.26	0.32	0.32	0	0	0.26
17100	0.25	0.32	0.32	0	0	0.25
17200	0.26	0.32	0.32	0	0	0.26
17300	0.26	0.31	0.31	0	0	0.26
17400	0.26	0.32	0.32	0	0	0.26
17500	0.26	0.34	0.34	0	0	0.26
17600	0.26	0.34	0.34	0	0	0.26
17700	0.26	0.34	0.34	0	0	0.26
17800	0.27	0.33	0.33	0	0	0.27
17900	0.28	0.33	0.33	0	0	0.28
18000	0.27	0.33	0.33	0	0	0.27
18100	0.27	0.34	0.34	0	0	0.27
18200	0.28	0.33	0.33	0	0	0.28
18300	0.28	0.33	0.33	0	0	0.28
18400	0.27	0.32	0.32	0	0	0.27
18500	0.27	0.32	0.32	0	0	0.27
18600	0.27	0.31	0.31	0	0	0.27
18700	0.28	0.31	0.31	0	0	0.28
18800	0.27	0.31	0.31	0	0	0.27
18900	0.29	0.31	0.31	0	0	0.29
19000	0.29	0.31	0.31	0	0	0.29
19100	0.29	0.31	0.31	0	0	0.29
19200	0.29	0.31	0.31	0	0	0.29
19300	0.3	0.3	0.3	0	0	0.3
19400	0.3	0.3	0.3	0	0	0.3
19500	0.31	0.31	0.31	0	0	0.31
19600	0.32	0.33	0.33	0	0	0.32
19700	0.32	0.32	0.32	0	0	0.32
19800	0.32	0.33	0.33	0	0	0.32
19900	0.32	0.33	0.33	0	0	0.32
20000	0.32	0.33	0.33	0	0	0.32
20100	0.32	0.33	0.33	0	0	0.32
20200	0.32	0.33	0.33	0	0	0.32
20300	0.32	0.33	0.33	0	0	0.32
20400	0.32	0.33	0.33	0	0	0.32
20500	0.32	0.33	0.33	0	0	0.32
20600	0.32	0.34	0.34	0	0	0.32
20700	0.33	0.34	0.34	0	0	0.33
20800	0.33	0.35	0.35	0	0	0.33
20900	0.34	0.34	0.34	0	0	0.34
21000	0.34	0.33	0.33	0	0	0.34
21100	0.34	0.33	0.33	0	0	0.34
21200	0.34	0.33	0.33	0	0	0.34
21300	0.34	0.33	0.33	0	0	0.34
21400	0.34	0.33	0.33	0	0	0.34
21500	0.34	0.33	0.33	0	0	0.34
21600	0.34	0.32	0.32	0	0	0.34
21700	0.35	0.32	0.32	0	0	0.35
21800	0.35	0.33	0.33	0	0	0.35
21900	0.35	0.33	0.33	0	0	0.35
22000	0.35	0.34	0.34	0	0	0.35
22100	0.35	0.35	0.35	0	0	0.35
22200	0.35	0.34	0.34	0	0	0.35
22300	0.35	0.34	0.34	0	0	0.35
22400	0.35	0.34	0.34	0	0	0.35
22500	0.35	0.35	0.35	0	0	0.35
22600	0.34	0.34	0.34	0	0	0.34
22700	0.34	0.34	0.34	0	0	0.34
22800	0.34	0.34	0.34	0	0	0.34
22900	0.35	0.34	0.34	0	0	0.35
23000	0.34	0.35	0.35	0	0	0.34
23100	0.34	0.35	0.35	0	0	0.34
23200	0.34	0.35	0.35	0	0	0.34
23300	0.34	0.35	0.35	0	0	0.34
23400	0.34	0.35	0.35	0	0	0.34
23500	0.35	0.35	0.35	0	0	0.35
23600	0.35	0.34	0.34	0	0	0.35
23700	0.35	0.34	0.34	0	0	0.35
23800	0.35	0.34	0.34	0	0	0.35
23900	0.35	0.33	0.33	0	0	0.35
24000	0.35	0.33	0.33	0	0	0.35
24100	0.35	0.33	0.33	0	0	0.35
24200	0.33	0.34	0.34	0	0	0.33
24300	0.32	0.33	0.33	0	0	0.32
24400	0.32	0.33	0.33	0	0	0.32
24500	0.32	0.33	0.33	0	0	0.32
24600	0.34	0.32	0.32	0	0	0.34
24700	0.32	0.32	0.32	0	0	0.32
24800	0.32	0.32	0.32	0	0	0.32
24900	0.33	0.31	0.31	0	0	0.33
25000	0.32	0.3	0.3	0	0	0.32
25100	0.34	0.31	0.31	0	0	0.34
25200	0.35	0.31	0.31	0	0	0.35
25300	0.35	0.31	0.31	0	0	0.35
25400	0.34	0.31	0.31	0	0	0.34
25500	0.34	0.3	0.3	0	0	0.34
25600	0.34	0.29	0.29	0	0	0.34
25700	0.34	0.29	0.29	0	0	0.34
25800	0.34	0.3	0.3	0	0	0.34
25900	0.34	0.3	0.3	0	0	0.34
26000	0.35	0.3	0.3	0	0	0.35
26100	0.35	0.3	0.3	0	0	0.35
26200	0.34	0.3	0.3	0	0	0.34
26300	0.34	0.3	0.3	0	0	0.34
26400	0.34	0.3	0.3	0	0	0.34
26500	0.34	0.3	0.3	0	0	0.34
26600	0.34	0.3	0.3	0	0	0.34
26700	0.34	0.3	0.3	0	0	0.34
26800	0.34	0.31	0.31	0	0	0.34
26900	0.35	0.32	0.32	0	0	0.35
27000	0.35	0.32	0.32	0	0	0.35
27100	0.36	0.33	0.33	0	0	0.36
27200	0.35	0.34	0.34	0	0	0.35
27300	0.35	0.34	0.34	0	0	0.35
27400	0.35	0.34	0.34	0	0	0.35
27500	0.35	0.33	0.33	0	0	0.35
27600	0.35	0.32	0.32	0	0	0.35
27700	0.35	0.3	0.3	0	0	0.35
27800	0.35	0.3	0.3	0	0	0.35
27900	0.35	0.3	0.3	0	0	0.35
28000	0.35	0.3	0.3	0	0	0.35
28100	0.35	0.29	0.29	0	0	0.35
28200	0.36	0.29	0.29	0	0	0.36
28300	0.35	0.29	0.29	0	0	0.35
28400	0.35	0.29	0.29	0	0	0.35
28500	0.35	0.29	0.29	0	0	0.35
28600	0.35	0.29	0.29	0	0	0.35
28700	0.35	0.3	0.3	0	0	0.35
28800	0.35	0.3	0.3	0	0	0.35
28900	0.35	0.32	0.32	0	0	0.35
29000	0.36	0.32	0.32	0	0	0.36
29100	0.36	0.32	0.32	0	0	0.36
29200	0.36	0.32	0.32	0	0	0.36
29300	0.36	0.32	0.32	0	0	0.36
29400	0.36	0.32	0.32	0	0	0.36
29500	0.37	0.32	0.32	0	0	0.37
29600	0.37	0.32	0.32	0	0	0.37
29700	0.37	0.32	0.32	0	0	0.37
29800	0.38	0.32	0.32	0	0	0.38
29900	0.37	0.32	0.32	0	0	0.37
30000	0.37	0.32	0.32	0	0	0.37
30100	0.37	0.32	0.32	0	0	0.37
30200	0.37	0.32	0.32	0	0	0.37
30300	0.38	0.32	0.32	0	0	0.38
30400	0.39	0.32	0.32	0	0	0.39
30500	0.39	0.33	0.33	0	0	0.39
30600	0.4	0.33	0.33	0	0	0.4
30700	0.39	0.33	0.33	0	0	0.39
30800	0.37	0.33	0.33	0	0	0.37
30900	0.37	0.32	0.32	0	0	0.37
31000	0.37	0.32	0.32	0	0	0.37
31100	0.36	0.32	0.32	0	0	0.36
31200	0.37	0.32	0.32	0	0	0.37
31300	0.37	0.33	0.33	0	0	0.37
31400	0.37	0.33	0.33	0	0	0.37
31500	0.37	0.33	0.33	0	0	0.37
31600	0.37	0.33	0.33	0	0	0.37
31700	0.38	0.33	0.33	0	0	0.38
31800	0.37	0.35	0.35	0	0	0.37
31900	0.36	0.34	0.34	0	0	0.36
32000	0.36	0.35	0.35	0	0	0.36
32100	0.36	0.35	0.35	0	0	0.36
32200	0.36	0.35	0.35	0	0	0.36
32300	0.36	0.34	0.34	0	0	0.36
32400	0.36	0.34	0.34	0	0	0.36
32500	0.36	0.34	0.34	0	0	0.36
32600	0.36	0.34	0.34	0	0	0.36
32700	0.36	0.34	0.34	0	0	0.36
32800	0.36	0.34	0.34	0	0	0.36
32900	0.35	0.34	0.34	0	0	0.35
33000	0.36	0.34	0.34	0	0	0.36
33100	0.35	0.35	0.35	0	0	0.35
33200	0.35	0.35	0.35	0	0	0.35
33300	0.36	0.34	0.34	0	0	0.36
33400	0.36	0.34	0.34	0	0	0.36
33500	0.35	0.34	0.34	0	0	0.35
33600	0.37	0.34	0.34	0	0	0.37
33700	0.37	0.34	0.34	0	0	0.37
33800	0.37	0.34	0.34	0	0	0.37
33900	0.37	0.34	0.34	0	0	0.37
34000	0.37	0.34	0.34	0	0	0.37
34100	0.37	0.34	0.34	0	0	0.37
34200	0.37	0.34	0.34	0	0	0.37
34300	0.37	0.34	0.34	0	0	0.37
34400	0.38	0.34	0.34	0	0	0.38
34500	0.39	0.34	0.34	0	0	0.39
34600	0.39	0.34	0.34	0	0	0.39
34700	0.38	0.34	0.34	0	0	0.38
34800	0.38	0.34	0.34	0	0	0.38
34900	0.38	0.34	0.34	0	0	0.38
35000	0.38	0.34	0.34	0	0	0.38
35100	0.39	0.34	0.34	0	0	0.39
35200	0.38	0.36	0.36	0	0	0.38
35300	0.39	0.36	0.36	0	0	0.39
35400	0.38	0.36	0.36	0	0	0.38
35500	0.39	0.34	0.34	0	0	0.39
35600	0.4	0.34	0.34	0	0	0.4
35700	0.4	0.34	0.34	0	0	0.4
35800	0.4	0.34	0.34	0	0	0.4
35900	0.4	0.33	0.33	0	0	0.4
36000	0.4	0.33	0.33	0	0	0.4
36100	0.4	0.33	0.33	0	0	0.4
36200	0.43	0.34	0.34	0	0	0.43
36300	0.4	0.34	0.34	0	0	0.4
36400	0.4	0.33	0.33	0	0	0.4
36500	0.4	0.33	0.33	0	0	0.4
36600	0.4	0.34	0.34	0	0	0.4
36700	0.4	0.35	0.35	0	0	0.4
36800	0.4	0.35	0.35	0	0	0.4
36900	0.4	0.35	0.35	0	0	0.4
37000	0.39	0.35	0.35	0	0	0.39
37100	0.39	0.35	0.35	0	0	0.39
37200	0.39	0.35	0.35	0	0	0.39
37300	0.38	0.35	0.35	0	0	0.38
37400	0.37	0.35	0.35	0	0	0.37
37500	0.37	0.35	0.35	0	0	0.37
37600	0.37	0.34	0.34	0	0	0.37
37700	0.37	0.34	0.34	0	0	0.37
37800	0.37	0.34	0.34	0	0	0.37
37900	0.37	0.34	0.34	0	0	0.37
38000	0.37	0.34	0.34	0	0	0.37
38100	0.38	0.34	0.34	0	0	0.38
38200	0.39	0.34	0.34	0	0	0.39
38300	0.38	0.35	0.35	0	0	0.38
38400	0.38	0.34	0.34	0	0	0.38
38500	0.39	0.35	0.35	0	0	0.39
38600	0.39	0.34	0.34	0	0	0.39
38700	0.39	0.34	0.34	0	0	0.39
38800	0.39	0.34	0.34	0	0	0.39
38900	0.39	0.34	0.34	0	0	0.39
39000	0.39	0.33	0.33	0	0	0.39
39100	0.4	0.33	0.33	0	0	0.4
39200	0.4	0.33	0.33	0	0	0.4
39300	0.4	0.33	0.33	0	0	0.4
39400	0.4	0.33	0.33	0	0	0.4
39500	0.4	0.33	0.33	0	0	0.4
39600	0.4	0.34	0.34	0	0	0.4
39700	0.4	0.33	0.33	0	0	0.4
39800	0.4	0.33	0.33	0	0	0.4
39900	0.4	0.33	0.33	0	0	0.4
40000	0.4	0.33	0.33	0	0	0.4
40100	0.4	0.33	0.33	0	0	0.4
40200	0.4	0.32	0.32	0	0	0.4
40300	0.4	0.33	0.33	0	0	0.4
40400	0.4	0.31	0.31	0	0	0.4
40500	0.4	0.33	0.33	0	0	0.4
40600	0.4	0.33	0.33	0	0	0.4
40700	0.4	0.33	0.33	0	0	0.4
40800	0.39	0.33	0.33	0	0	0.39
40900	0.39	0.33	0.33	0	0	0.39
41000	0.4	0.33	0.33	0	0	0.4
41100	0.4	0.33	0.33	0	0	0.4
41200	0.4	0.33	0.33	0	0	0.4
41300	0.4	0.33	0.33	0	0	0.4
41400	0.4	0.33	0.33	0	0	0.4
41500	0.39	0.33	0.33	0	0	0.39
41600	0.39	0.33	0.33	0	0	0.39
41700	0.39	0.33	0.33	0	0	0.39
41800	0.39	0.33	0.33	0	0	0.39
41900	0.39	0.33	0.33	0	0	0.39
42000	0.39	0.33	0.33	0	0	0.39
42100	0.39	0.33	0.33	0	0	0.39
42200	0.39	0.33	0.33	0	0	0.39
42300	0.39	0.33	0.33	0	0	0.39
42400	0.39	0.33	0.33	0	0	0.39
42500	0.4	0.33	0.33	0	0	0.4
42600	0.39	0.33	0.33	0	0	0.39
42700	0.39	0.33	0.33	0	0	0.39
42800	0.39	0.33	0.33	0	0	0.39
42900	0.39	0.33	0.33	0	0	0.39
43000	0.39	0.33	0.33	0	0	0.39
43100	0.39	0.34	0.34	0	0	0.39
43200	0.39	0.34	0.34	0	0	0.39
43300	0.39	0.34	0.34	0	0	0.39
43400	0.39	0.34	0.34	0	0	0.39
43500	0.4	0.34	0.34	0	0	0.4
43600	0.39	0.34	0.34	0	0	0.39
43700	0.39	0.34	0.34	0	0	0.39
43800	0.39	0.34	0.34	0	0	0.39
43900	0.39	0.34	0.34	0	0	0.39
44000	0.39	0.34	0.34	0	0	0.39
44100	0.39	0.34	0.34	0	0	0.39
44200	0.39	0.34	0.34	0	0	0.39
44300	0.4	0.34	0.34	0	0	0.4
44400	0.39	0.34	0.34	0	0	0.39
44500	0.39	0.34	0.34	0	0	0.39
44600	0.39	0.34	0.34	0	0	0.39
44700	0.39	0.35	0.35	0	0	0.39
44800	0.39	0.34	0.34	0	0	0.39
44900	0.39	0.34	0.34	0	0	0.39
45000	0.39	0.34	0.34	0	0	0.39
45100	0.39	0.34	0.34	0	0	0.39
45200	0.39	0.34	0.34	0	0	0.39
45300	0.39	0.34	0.34	0	0	0.39
45400	0.38	0.35	0.35	0	0	0.38
45500	0.38	0.35	0.35	0	0	0.38
45600	0.38	0.35	0.35	0	0	0.38
45700	0.39	0.35	0.35	0	0	0.39
45800	0.38	0.35	0.35	0	0	0.38
45900	0.39	0.35	0.35	0	0	0.39
46000	0.39	0.35	0.35	0	0	0.39
46100	0.39	0.35	0.35	0	0	0.39
46200	0.39	0.36	0.36	0	0	0.39
46300	0.39	0.35	0.35	0	0	0.39
46400	0.39	0.35	0.35	0	0	0.39
46500	0.39	0.35	0.35	0	0	0.39
46600	0.39	0.35	0.35	0	0	0.39
46700	0.39	0.35	0.35	0	0	0.39
46800	0.39	0.35	0.35	0	0	0.39
46900	0.4	0.35	0.35	0	0	0.4
47000	0.4	0.35	0.35	0	0	0.4
47100	0.4	0.35	0.35	0	0	0.4
47200	0.4	0.35	0.35	0	0	0.4
47300	0.4	0.35	0.35	0	0	0.4
47400	0.4	0.35	0.35	0	0	0.4
47500	0.4	0.35	0.35	0	0	0.4
47600	0.4	0.35	0.35	0	0	0.4
47700	0.41	0.35	0.35	0	0	0.41
47800	0.41	0.35	0.35	0	0	0.41
47900	0.41	0.35	0.35	0	0	0.41
48000	0.41	0.35	0.35	0	0	0.41
48100	0.41	0.35	0.35	0	0	0.41
48200	0.41	0.35	0.35	0	0	0.41
48300	0.41	0.35	0.35	0	0	0.41
48400	0.41	0.35	0.35	0	0	0.41
48500	0.43	0.35	0.35	0	0	0.43
48600	0.42	0.36	0.36	0	0	0.42
48700	0.41	0.36	0.36	0	0	0.41
48800	0.41	0.36	0.36	0	0	0.41
48900	0.41	0.36	0.36	0	0	0.41
49000	0.41	0.36	0.36	0	0	0.41
49100	0.41	0.36	0.36	0	0	0.41
49200	0.41	0.36	0.36	0	0	0.41
49300	0.41	0.36	0.36	0	0	0.41
49400	0.42	0.36	0.36	0	0	0.42
49500	0.42	0.36	0.36	0	0	0.42
49600	0.42	0.36	0.36	0	0	0.42
49700	0.42	0.36	0.36	0	0	0.42
49800	0.42	0.36	0.36	0	0	0.42
49900	0.41	0.36	0.36	0	0	0.41
50000	0.41	0.36	0.36	0	0	0.41
50100	0.41	0.34	0.34	0	0	0.41
50200	0.41	0.35	0.35	0	0	0.41
50300	0.41	0.35	0.35	0	0	0.41
50400	0.41	0.34	0.34	0	0	0.41
50500	0.41	0.34	0.34	0	0	0.41
50600	0.41	0.34	0.34	0	0	0.41
50700	0.41	0.34	0.34	0	0	0.41
50800	0.41	0.34	0.34	0	0	0.41
50900	0.41	0.34	0.34	0	0	0.41
51000	0.41	0.34	0.34	0	0	0.41
51100	0.41	0.35	0.35	0	0	0.41
51200	0.41	0.35	0.35	0	0	0.41
51300	0.41	0.34	0.34	0	0	0.41
51400	0.41	0.34	0.34	0	0	0.41
51500	0.42	0.34	0.34	0	0	0.42
51600	0.41	0.35	0.35	0	0	0.41
51700	0.41	0.35	0.35	0	0	0.41
51800	0.41	0.35	0.35	0	0	0.41
51900	0.41	0.35	0.35	0	0	0.41
52000	0.41	0.35	0.35	0	0	0.41
52100	0.41	0.35	0.35	0	0	0.41
52200	0.41	0.35	0.35	0	0	0.41
52300	0.41	0.35	0.35	0	0	0.41
52400	0.41	0.35	0.35	0	0	0.41
52500	0.41	0.35	0.35	0	0	0.41
52600	0.41	0.35	0.35	0	0	0.41
52700	0.41	0.35	0.35	0	0	0.41
52800	0.41	0.35	0.35	0	0	0.41
52900	0.42	0.35	0.35	0	0	0.42
53000	0.42	0.35	0.35	0	0	0.42
53100	0.42	0.35	0.35	0	0	0.42
53200	0.42	0.35	0.35	0	0	0.42
53300	0.41	0.35	0.35	0	0	0.41
53400	0.41	0.35	0.35	0	0	0.41
53500	0.41	0.35	0.35	0	0	0.41
53600	0.41	0.35	0.35	0	0	0.41
53700	0.41	0.35	0.35	0	0	0.41
53800	0.41	0.35	0.35	0	0	0.41
53900	0.41	0.35	0.35	0	0	0.41
54000	0.41	0.36	0.36	0	0	0.41
54100	0.41	0.35	0.35	0	0	0.41
54200	0.41	0.35	0.35	0	0	0.41
54300	0.41	0.35	0.35	0	0	0.41
54400	0.41	0.34	0.34	0	0	0.41
54500	0.41	0.34	0.34	0	0	0.41
54600	0.41	0.34	0.34	0	0	0.41
54700	0.41	0.34	0.34	0	0	0.41
54800	0.41	0.34	0.34	0	0	0.41
54900	0.41	0.34	0.34	0	0	0.41
55000	0.41	0.34	0.34	0	0	0.41
55100	0.41	0.34	0.34	0	0	0.41
55200	0.41	0.34	0.34	0	0	0.41
55300	0.41	0.34	0.34	0	0	0.41
55400	0.41	0.34	0.34	0	0	0.41
55500	0.41	0.34	0.34	0	0	0.41
55600	0.41	0.34	0.34	0	0	0.41
55700	0.4	0.34	0.34	0	0	0.4
55800	0.4	0.34	0.34	0	0	0.4
55900	0.4	0.34	0.34	0	0	0.4
56000	0.4	0.34	0.34	0	0	0.4
56100	0.41	0.34	0.34	0	0	0.41
56200	0.41	0.34	0.34	0	0	0.41
56300	0.41	0.35	0.35	0	0	0.41
56400	0.41	0.35	0.35	0	0	0.41
56500	0.41	0.34	0.34	0	0	0.41
56600	0.42	0.35	0.35	0	0	0.42
56700	0.42	0.34	0.34	0	0	0.42
56800	0.42	0.34	0.34	0	0	0.42
56900	0.42	0.34	0.34	0	0	0.42
57000	0.42	0.35	0.35	0	0	0.42
57100	0.42	0.35	0.35	0	0	0.42
57200	0.43	0.35	0.35	0	0	0.43
57300	0.43	0.34	0.34	0	0	0.43
57400	0.43	0.34	0.34	0	0	0.43
57500	0.43	0.34	0.34	0	0	0.43
57600	0.44	0.34	0.34	0	0	0.44
57700	0.45	0.34	0.34	0	0	0.45
57800	0.45	0.34	0.34	0	0	0.45
57900	0.44	0.34	0.34	0	0	0.44
58000	0.45	0.34	0.34	0	0	0.45
58100	0.45	0.34	0.34	0	0	0.45
58200	0.44	0.34	0.34	0	0	0.44
58300	0.44	0.34	0.34	0	0	0.44
58400	0.44	0.34	0.34	0	0	0.44
58500	0.44	0.34	0.34	0	0	0.44
58600	0.44	0.34	0.34	0	0	0.44
58700	0.44	0.34	0.34	0	0	0.44
58800	0.44	0.34	0.34	0	0	0.44
58900	0.44	0.34	0.34	0	0	0.44
59000	0.44	0.34	0.34	0	0	0.44
59100	0.44	0.34	0.34	0	0	0.44
59200	0.44	0.34	0.34	0	0	0.44
59300	0.43	0.34	0.34	0	0	0.43
59400	0.43	0.34	0.34	0	0	0.43
59500	0.43	0.34	0.34	0	0	0.43
59600	0.43	0.34	0.34	0	0	0.43
59700	0.43	0.34	0.34	0	0	0.43
59800	0.43	0.34	0.34	0	0	0.43
59900	0.43	0.34	0.34	0	0	0.43
60000	0.43	0.34	0.34	0	0	0.43
60100	0.43	0.35	0.35	0	0	0.43
60200	0.43	0.34	0.34	0	0	0.43
60300	0.43	0.34	0.34	0	0	0.43
60400	0.43	0.34	0.34	0	0	0.43
60500	0.43	0.34	0.34	0	0	0.43
60600	0.43	0.34	0.34	0	0	0.43
60700	0.43	0.34	0.34	0	0	0.43
60800	0.43	0.34	0.34	0	0	0.43
60900	0.42	0.34	0.34	0	0	0.42
61000	0.42	0.34	0.34	0	0	0.42
61100	0.42	0.34	0.34	0	0	0.42
61200	0.42	0.34	0.34	0	0	0.42
61300	0.42	0.34	0.34	0	0	0.42
61400	0.42	0.34	0.34	0	0	0.42
61500	0.42	0.34	0.34	0	0	0.42
61600	0.42	0.34	0.34	0	0	0.42
61700	0.41	0.34	0.34	0	0	0.41
61800	0.41	0.34	0.34	0	0	0.41
61900	0.41	0.33	0.33	0	0	0.41
62000	0.41	0.35	0.35	0	0	0.41
62100	0.42	0.34	0.34	0	0	0.42
62200	0.41	0.34	0.34	0	0	0.41
62300	0.41	0.34	0.34	0	0	0.41
62400	0.42	0.34	0.34	0	0	0.42
62500	0.41	0.34	0.34	0	0	0.41
62600	0.41	0.34	0.34	0	0	0.41
62700	0.41	0.34	0.34	0	0	0.41
62800	0.41	0.34	0.34	0	0	0.41
62900	0.41	0.34	0.34	0	0	0.41
63000	0.41	0.34	0.34	0	0	0.41
63100	0.41	0.34	0.34	0	0	0.41
63200	0.41	0.34	0.34	0	0	0.41
63300	0.42	0.34	0.34	0	0	0.42
63400	0.42	0.34	0.34	0	0	0.42
63500	0.42	0.34	0.34	0	0	0.42
63600	0.42	0.34	0.34	0	0	0.42
63700	0.42	0.34	0.34	0	0	0.42
63800	0.42	0.34	0.34	0	0	0.42
63900	0.42	0.34	0.34	0	0	0.42
64000	0.43	0.35	0.35	0	0	0.43
64100	0.42	0.35	0.35	0	0	0.42
64200	0.42	0.35	0.35	0	0	0.42
64300	0.42	0.36	0.36	0	0	0.42
64400	0.41	0.36	0.36	0	0	0.41
64500	0.41	0.36	0.36	0	0	0.41
64600	0.41	0.36	0.36	0	0	0.41
64700	0.41	0.36	0.36	0	0	0.41
64800	0.41	0.36	0.36	0	0	0.41
64900	0.41	0.36	0.36	0	0	0.41
65000	0.41	0.36	0.36	0	0	0.41
65100	0.41	0.36	0.36	0	0	0.41
65200	0.41	0.36	0.36	0	0	0.41
65300	0.41	0.36	0.36	0	0	0.41
65400	0.41	0.36	0.36	0	0	0.41
65500	0.41	0.36	0.36	0	0	0.41
65600	0.41	0.36	0.36	0	0	0.41
65700	0.41	0.36	0.36	0	0	0.41
65800	0.41	0.36	0.36	0	0	0.41
65900	0.41	0.36	0.36	0	0	0.41
66000	0.41	0.36	0.36	0	0	0.41
66100	0.41	0.36	0.36	0	0	0.41
66200	0.41	0.36	0.36	0	0	0.41
66300	0.41	0.36	0.36	0	0	0.41
66400	0.41	0.36	0.36	0	0	0.41
66500	0.41	0.36	0.36	0	0	0.41
66600	0.41	0.36	0.36	0	0	0.41
66700	0.42	0.36	0.36	0	0	0.42
66800	0.42	0.36	0.36	0	0	0.42
66900	0.42	0.36	0.36	0	0	0.42
67000	0.42	0.36	0.36	0	0	0.42
67100	0.43	0.37	0.37	0	0	0.43
67200	0.43	0.37	0.37	0	0	0.43
67300	0.43	0.37	0.37	0	0	0.43
67400	0.43	0.37	0.37	0	0	0.43
67500	0.43	0.37	0.37	0	0	0.43
67600	0.43	0.37	0.37	0	0	0.43
67700	0.43	0.37	0.37	0	0	0.43
67800	0.43	0.37	0.37	0	0	0.43
67900	0.43	0.37	0.37	0	0	0.43
68000	0.43	0.37	0.37	0	0	0.43
68100	0.43	0.37	0.37	0	0	0.43
68200	0.43	0.37	0.37	0	0	0.43
68300	0.43	0.37	0.37	0	0	0.43
68400	0.43	0.37	0.37	0	0	0.43
68500	0.43	0.37	0.37	0	0	0.43
68600	0.43	0.37	0.37	0	0	0.43
68700	0.43	0.37	0.37	0	0	0.43
68800	0.43	0.37	0.37	0	0	0.43
68900	0.43	0.37	0.37	0	0	0.43
69000	0.43	0.37	0.37	0	0	0.43
69100	0.43	0.37	0.37	0	0	0.43
69200	0.43	0.37	0.37	0	0	0.43
69300	0.43	0.37	0.37	0	0	0.43
69400	0.43	0.37	0.37	0	0	0.43
69500	0.42	0.37	0.37	0	0	0.42
69600	0.42	0.37	0.37	0	0	0.42
69700	0.42	0.37	0.37	0	0	0.42
69800	0.42	0.37	0.37	0	0	0.42
69900	0.42	0.37	0.37	0	0	0.42
70000	0.42	0.37	0.37	0	0	0.42
70100	0.42	0.37	0.37	0	0	0.42
70200	0.42	0.37	0.37	0	0	0.42
70300	0.43	0.37	0.37	0	0	0.43
70400	0.42	0.37	0.37	0	0	0.42
70500	0.43	0.37	0.37	0	0	0.43
70600	0.44	0.37	0.37	0	0	0.44
70700	0.43	0.38	0.38	0	0	0.43
70800	0.43	0.37	0.37	0	0	0.43
70900	0.43	0.37	0.37	0	0	0.43
71000	0.43	0.37	0.37	0	0	0.43
71100	0.43	0.37	0.37	0	0	0.43
71200	0.43	0.37	0.37	0	0	0.43
71300	0.43	0.37	0.37	0	0	0.43
71400	0.43	0.37	0.37	0	0	0.43
71500	0.43	0.37	0.37	0	0	0.43
71600	0.43	0.37	0.37	0	0	0.43
71700	0.43	0.37	0.37	0	0	0.43
71800	0.43	0.37	0.37	0	0	0.43
71900	0.43	0.37	0.37	0	0	0.43
72000	0.44	0.37	0.37	0	0	0.44
72100	0.43	0.37	0.37	0	0	0.43
72200	0.43	0.37	0.37	0	0	0.43
72300	0.44	0.37	0.37	0	0	0.44
72400	0.43	0.37	0.37	0	0	0.43
72500	0.43	0.38	0.38	0	0	0.43
72600	0.43	0.38	0.38	0	0	0.43
72700	0.43	0.38	0.38	0	0	0.43
72800	0.44	0.38	0.38	0	0	0.44
72900	0.44	0.38	0.38	0	0	0.44
73000	0.44	0.37	0.37	0	0	0.44
73100	0.42	0.37	0.37	0	0	0.42
73200	0.42	0.37	0.37	0	0	0.42
73300	0.43	0.37	0.37	0	0	0.43
73400	0.43	0.37	0.37	0	0	0.43
73500	0.43	0.37	0.37	0	0	0.43
73600	0.44	0.37	0.37	0	0	0.44
73700	0.44	0.37	0.37	0	0	0.44
73800	0.42	0.37	0.37	0	0	0.42
73900	0.41	0.37	0.37	0	0	0.41
74000	0.39	0.37	0.37	0	0	0.39
74100	0.38	0.37	0.37	0	0	0.38
74200	0.38	0.37	0.37	0	0	0.38
74300	0.37	0.37	0.37	0	0	0.37
74400	0.37	0.37	0.37	0	0	0.37
74500	0.36	0.37	0.37	0	0	0.36
74600	0.35	0.37	0.37	0	0	0.35
74700	0.35	0.37	0.37	0	0	0.35
74800	0.36	0.37	0.37	0	0	0.36
74900	0.36	0.37	0.37	0	0	0.36
75000	0.36	0.37	0.37	0	0	0.36
75100	0.35	0.37	0.37	0	0	0.35
75200	0.35	0.37	0.37	0	0	0.35
75300	0.35	0.37	0.37	0	0	0.35
75400	0.35	0.38	0.38	0	0	0.35
75500	0.35	0.38	0.38	0	0	0.35
75600	0.36	0.38	0.38	0	0	0.36
75700	0.36	0.38	0.38	0	0	0.36
75800	0.36	0.38	0.38	0	0	0.36
75900	0.36	0.38	0.38	0	0	0.36
76000	0.36	0.38	0.38	0	0	0.36
76100	0.35	0.4	0.4	0	0	0.35
76200	0.35	0.39	0.39	0	0	0.35
76300	0.36	0.39	0.39	0	0	0.36
76400	0.37	0.39	0.39	0	0	0.37
76500	0.38	0.39	0.39	0	0	0.38
76600	0.38	0.39	0.39	0	0	0.38
76700	0.38	0.39	0.39	0	0	0.38
76800	0.39	0.39	0.39	0	0	0.39
76900	0.39	0.39	0.39	0	0	0.39
77000	0.39	0.39	0.39	0	0	0.39
77100	0.39	0.39	0.39	0	0	0.39
77200	0.39	0.39	0.39	0	0	0.39
77300	0.39	0.39	0.39	0	0	0.39
77400	0.39	0.39	0.39	0	0	0.39
77500	0.39	0.39	0.39	0	0	0.39
77600	0.39	0.39	0.39	0	0	0.39
77700	0.39	0.39	0.39	0	0	0.39
77800	0.39	0.39	0.39	0	0	0.39
77900	0.4	0.39	0.39	0	0	0.4
78000	0.39	0.39	0.39	0	0	0.39
78100	0.39	0.39	0.39	0	0	0.39
78200	0.39	0.39	0.39	0	0	0.39
78300	0.39	0.39	0.39	0	0	0.39
78400	0.39	0.39	0.39	0	0	0.39
78500	0.39	0.39	0.39	0	0	0.39
78600	0.39	0.39	0.39	0	0	0.39
78700	0.39	0.39	0.39	0	0	0.39
78800	0.39	0.39	0.39	0	0	0.39
78900	0.39	0.39	0.39	0	0	0.39
79000	0.39	0.39	0.39	0	0	0.39
79100	0.39	0.39	0.39	0	0	0.39
79200	0.38	0.39	0.39	0	0	0.38
79300	0.37	0.39	0.39	0	0	0.37
79400	0.36	0.39	0.39	0	0	0.36
79500	0.36	0.39	0.39	0	0	0.36
79600	0.36	0.39	0.39	0	0	0.36
79700	0.36	0.39	0.39	0	0	0.36
79800	0.36	0.39	0.39	0	0	0.36
79900	0.37	0.39	0.39	0	0	0.37
80000	0.37	0.39	0.39	0	0	0.37
80100	0.37	0.39	0.39	0	0	0.37
80200	0.37	0.39	0.39	0	0	0.37
80300	0.37	0.39	0.39	0	0	0.37
80400	0.37	0.39	0.39	0	0	0.37
80500	0.38	0.39	0.39	0	0	0.38
80600	0.38	0.39	0.39	0	0	0.38
80700	0.38	0.39	0.39	0	0	0.38
80800	0.38	0.39	0.39	0	0	0.38
80900	0.39	0.39	0.39	0	0	0.39
81000	0.4	0.39	0.39	0	0	0.4
81100	0.4	0.39	0.39	0	0	0.4
81200	0.4	0.39	0.39	0	0	0.4
81300	0.4	0.4	0.4	0	0	0.4
81400	0.4	0.4	0.4	0	0	0.4
81500	0.41	0.39	0.39	0	0	0.41
81600	0.41	0.39	0.39	0	0	0.41
81700	0.41	0.39	0.39	0	0	0.41
81800	0.41	0.39	0.39	0	0	0.41
81900	0.41	0.39	0.39	0	0	0.41
82000	0.41	0.39	0.39	0	0	0.41
82100	0.41	0.39	0.39	0	0	0.41
82200	0.41	0.4	0.4	0	0	0.41
82300	0.41	0.4	0.4	0	0	0.41
82400	0.41	0.4	0.4	0	0	0.41
82500	0.41	0.4	0.4	0	0	0.41
82600	0.41	0.4	0.4	0	0	0.41
82700	0.41	0.41	0.41	0	0	0.41
82800	0.41	0.4	0.4	0	0	0.41
82900	0.41	0.4	0.4	0	0	0.41
83000	0.41	0.4	0.4	0	0	0.41
83100	0.42	0.4	0.4	0	0	0.42
83200	0.42	0.4	0.4	0	0	0.42
83300	0.41	0.4	0.4	0	0	0.41
83400	0.41	0.4	0.4	0	0	0.41
83500	0.41	0.4	0.4	0	0	0.41
83600	0.41	0.4	0.4	0	0	0.41
83700	0.41	0.4	0.4	0	0	0.41
83800	0.41	0.4	0.4	0	0	0.41
83900	0.41	0.4	0.4	0	0	0.41
84000	0.41	0.4	0.4	0	0	0.41
84100	0.41	0.4	0.4	0	0	0.41
84200	0.41	0.4	0.4	0	0	0.41
84300	0.41	0.4	0.4	0	0	0.41
84400	0.41	0.4	0.4	0	0	0.41
84500	0.41	0.4	0.4	0	0	0.41
84600	0.41	0.4	0.4	0	0	0.41
84700	0.41	0.4	0.4	0	0	0.41
84800	0.41	0.4	0.4	0	0	0.41
84900	0.41	0.41	0.41	0	0	0.41
85000	0.41	0.4	0.4	0	0	0.41
85100	0.41	0.4	0.4	0	0	0.41
85200	0.41	0.4	0.4	0	0	0.41
85300	0.41	0.4	0.4	0	0	0.41
85400	0.41	0.4	0.4	0	0	0.41
85500	0.41	0.4	0.4	0	0	0.41
85600	0.41	0.4	0.4	0	0	0.41
85700	0.4	0.4	0.4	0	0	0.4
85800	0.4	0.4	0.4	0	0	0.4
85900	0.4	0.4	0.4	0	0	0.4
86000	0.4	0.4	0.4	0	0	0.4
86100	0.39	0.4	0.4	0	0	0.39
86200	0.39	0.41	0.41	0	0	0.39
86300	0.39	0.41	0.41	0	0	0.39
86400	0.39	0.41	0.41	0	0	0.39
86500	0.39	0.4	0.4	0	0	0.39
86600	0.4	0.41	0.41	0	0	0.4
86700	0.39	0.42	0.42	0	0	0.39
86800	0.39	0.41	0.41	0	0	0.39
86900	0.39	0.41	0.41	0	0	0.39
87000	0.39	0.41	0.41	0	0	0.39
87100	0.4	0.41	0.41	0	0	0.4
87200	0.41	0.41	0.41	0	0	0.41
87300	0.4	0.41	0.41	0	0	0.4
87400	0.4	0.42	0.42	0	0	0.4
87500	0.4	0.41	0.41	0	0	0.4
87600	0.4	0.41	0.41	0	0	0.4
87700	0.4	0.41	0.41	0	0	0.4
87800	0.4	0.41	0.41	0	0	0.4
87900	0.4	0.41	0.41	0	0	0.4
88000	0.4	0.41	0.41	0	0	0.4
88100	0.4	0.41	0.41	0	0	0.4
88200	0.4	0.41	0.41	0	0	0.4
88300	0.4	0.41	0.41	0	0	0.4
88400	0.4	0.41	0.41	0	0	0.4
88500	0.4	0.41	0.41	0	0	0.4
88600	0.4	0.42	0.42	0	0	0.4
88700	0.4	0.42	0.42	0	0	0.4
88800	0.4	0.42	0.42	0	0	0.4
88900	0.4	0.42	0.42	0	0	0.4
89000	0.4	0.42	0.42	0	0	0.4
89100	0.41	0.42	0.42	0	0	0.41
89200	0.4	0.42	0.42	0	0	0.4
89300	0.39	0.42	0.42	0	0	0.39
89400	0.4	0.42	0.42	0	0	0.4
89500	0.4	0.42	0.42	0	0	0.4
89600	0.39	0.42	0.42	0	0	0.39
89700	0.39	0.42	0.42	0	0	0.39
89800	0.39	0.42	0.42	0	0	0.39
89900	0.39	0.42	0.42	0	0	0.39
90000	0.39	0.42	0.42	0	0	0.39
90100	0.39	0.42	0.42	0	0	0.39
90200	0.4	0.42	0.42	0	0	0.4
90300	0.4	0.42	0.42	0	0	0.4
90400	0.39	0.42	0.42	0	0	0.39
90500	0.4	0.42	0.42	0	0	0.4
90600	0.4	0.42	0.42	0	0	0.4
90700	0.39	0.42	0.42	0	0	0.39
90800	0.39	0.42	0.42	0	0	0.39
90900	0.39	0.42	0.42	0	0	0.39
91000	0.39	0.42	0.42	0	0	0.39
91100	0.39	0.42	0.42	0	0	0.39
91200	0.38	0.42	0.42	0	0	0.38
91300	0.38	0.42	0.42	0	0	0.38
91400	0.39	0.42	0.42	0	0	0.39
91500	0.39	0.42	0.42	0	0	0.39
91600	0.39	0.42	0.42	0	0	0.39
91700	0.39	0.42	0.42	0	0	0.39
91800	0.39	0.42	0.42	0	0	0.39
91900	0.39	0.42	0.42	0	0	0.39
92000	0.39	0.42	0.42	0	0	0.39
92100	0.39	0.42	0.42	0	0	0.39
92200	0.39	0.42	0.42	0	0	0.39
92300	0.39	0.42	0.42	0	0	0.39
92400	0.39	0.42	0.42	0	0	0.39
92500	0.39	0.42	0.42	0	0	0.39
92600	0.39	0.42	0.42	0	0	0.39
92700	0.39	0.42	0.42	0	0	0.39
92800	0.39	0.42	0.42	0	0	0.39
92900	0.39	0.42	0.42	0	0	0.39
93000	0.39	0.42	0.42	0	0	0.39
93100	0.39	0.42	0.42	0	0	0.39
93200	0.39	0.42	0.42	0	0	0.39
93300	0.39	0.41	0.41	0	0	0.39
93400	0.39	0.41	0.41	0	0	0.39
93500	0.39	0.41	0.41	0	0	0.39
93600	0.38	0.41	0.41	0	0	0.38
93700	0.38	0.41	0.41	0	0	0.38
93800	0.38	0.41	0.41	0	0	0.38
93900	0.38	0.42	0.42	0	0	0.38
94000	0.38	0.43	0.43	0	0	0.38
94100	0.38	0.43	0.43	0	0	0.38
94200	0.38	0.43	0.43	0	0	0.38
94300	0.38	0.44	0.44	0	0	0.38
94400	0.4	0.43	0.43	0	0	0.4
94500	0.4	0.43	0.43	0	0	0.4
94600	0.4	0.43	0.43	0	0	0.4
94700	0.4	0.43	0.43	0	0	0.4
94800	0.4	0.43	0.43	0	0	0.4
94900	0.4	0.43	0.43	0	0	0.4
95000	0.4	0.43	0.43	0	0	0.4
95100	0.4	0.43	0.43	0	0	0.4
95200	0.4	0.43	0.43	0	0	0.4
95300	0.4	0.43	0.43	0	0	0.4
95400	0.4	0.43	0.43	0	0	0.4
95500	0.4	0.44	0.44	0	0	0.4
95600	0.4	0.44	0.44	0	0	0.4
95700	0.4	0.44	0.44	0	0	0.4
95800	0.4	0.44	0.44	0	0	0.4
95900	0.4	0.44	0.44	0	0	0.4
96000	0.4	0.44	0.44	0	0	0.4
96100	0.4	0.44	0.44	0	0	0.4
96200	0.4	0.43	0.43	0	0	0.4
96300	0.4	0.43	0.43	0	0	0.4
96400	0.41	0.43	0.43	0	0	0.41
96500	0.41	0.43	0.43	0	0	0.41
96600	0.41	0.43	0.43	0	0	0.41
96700	0.42	0.43	0.43	0	0	0.42
96800	0.42	0.43	0.43	0	0	0.42
96900	0.41	0.43	0.43	0	0	0.41
97000	0.41	0.42	0.42	0	0	0.41
97100	0.4	0.42	0.42	0	0	0.4
97200	0.39	0.42	0.42	0	0	0.39
97300	0.39	0.42	0.42	0	0	0.39
97400	0.38	0.42	0.42	0	0	0.38
97500	0.38	0.42	0.42	0	0	0.38
97600	0.38	0.42	0.42	0	0	0.38
97700	0.38	0.42	0.42	0	0	0.38
97800	0.38	0.41	0.41	0	0	0.38
97900	0.38	0.41	0.41	0	0	0.38
98000	0.38	0.42	0.42	0	0	0.38
98100	0.38	0.41	0.41	0	0	0.38
98200	0.38	0.41	0.41	0	0	0.38
98300	0.38	0.41	0.41	0	0	0.38
98400	0.38	0.41	0.41	0	0	0.38
98500	0.38	0.41	0.41	0	0	0.38
98600	0.38	0.41	0.41	0	0	0.38
98700	0.38	0.41	0.41	0	0	0.38
98800	0.38	0.41	0.41	0	0	0.38
98900	0.39	0.41	0.41	0	0	0.39
99000	0.39	0.41	0.41	0	0	0.39
99100	0.38	0.41	0.41	0	0	0.38
99200	0.38	0.41	0.41	0	0	0.38
99300	0.38	0.41	0.41	0	0	0.38
99400	0.38	0.41	0.41	0	0	0.38
99500	0.38	0.41	0.41	0	0	0.38
99600	0.38	0.41	0.41	0	0	0.38
99700	0.38	0.42	0.42	0	0	0.38
99800	0.38	0.42	0.42	0	0	0.38
99900	0.39	0.43	0.43	0	0	0.39
100000	0.39	0.41	0.41	0	0	0.39
100100	0.39	0.41	0.41	0	0	0.39
100200	0.38	0.41	0.41	0	0	0.38
100300	0.38	0.4	0.4	0	0	0.38
100400	0.38	0.4	0.4	0	0	0.38
100500	0.38	0.4	0.4	0	0	0.38
100600	0.38	0.4	0.4	0	0	0.38
100700	0.38	0.39	0.39	0	0	0.38
100800	0.38	0.39	0.39	0	0	0.38
100900	0.38	0.37	0.37	0	0	0.38
101000	0.38	0.37	0.37	0	0	0.38
101100	0.38	0.37	0.37	0	0	0.38
101200	0.38	0.37	0.37	0	0	0.38
101300	0.38	0.37	0.37	0	0	0.38
101400	0.38	0.37	0.37	0	0	0.38
101500	0.38	0.37	0.37	0	0	0.38
101600	0.38	0.37	0.37	0	0	0.38
101700	0.38	0.37	0.37	0	0	0.38
101800	0.38	0.37	0.37	0	0	0.38
101900	0.38	0.37	0.37	0	0	0.38
102000	0.39	0.37	0.37	0	0	0.39
102100	0.38	0.36	0.36	0	0	0.38
102200	0.38	0.36	0.36	0	0	0.38
102300	0.38	0.36	0.36	0	0	0.38
102400	0.37	0.36	0.36	0	0	0.37
102500	0.36	0.36	0.36	0	0	0.36
102600	0.36	0.37	0.37	0	0	0.36
102700	0.36	0.37	0.37	0	0	0.36
102800	0.36	0.37	0.37	0	0	0.36
102900	0.36	0.37	0.37	0	0	0.36
103000	0.36	0.36	0.36	0	0	0.36
103100	0.36	0.36	0.36	0	0	0.36
103200	0.36	0.36	0.36	0	0	0.36
103300	0.35	0.37	0.37	0	0	0.35
103400	0.35	0.36	0.36	0	0	0.35
103500	0.35	0.36	0.36	0	0	0.35
103600	0.35	0.37	0.37	0	0	0.35
103700	0.36	0.37	0.37	0	0	0.36
103800	0.36	0.37	0.37	0	0	0.36
103900	0.36	0.37	0.37	0	0	0.36
104000	0.36	0.36	0.36	0	0	0.36
104100	0.35	0.37	0.37	0	0	0.35
104200	0.35	0.37	0.37	0	0	0.35
104300	0.35	0.37	0.37	0	0	0.35
104400	0.35	0.37	0.37	0	0	0.35
104500	0.35	0.37	0.37	0	0	0.35
104600	0.35	0.38	0.38	0	0	0.35
104700	0.35	0.38	0.38	0	0	0.35
104800	0.35	0.38	0.38	0	0	0.35
104900	0.35	0.38	0.38	0	0	0.35
105000	0.36	0.38	0.38	0	0	0.36
105100	0.36	0.39	0.39	0	0	0.36
105200	0.36	0.39	0.39	0	0	0.36
105300	0.37	0.39	0.39	0	0	0.37
105400	0.37	0.39	0.39	0	0	0.37
105500	0.37	0.39	0.39	0	0	0.37
105600	0.37	0.4	0.4	0	0	0.37
105700	0.37	0.4	0.4	0	0	0.37
105800	0.37	0.4	0.4	0	0	0.37
105900	0.37	0.39	0.39	0	0	0.37
106000	0.37	0.39	0.39	0	0	0.37
106100	0.37	0.39	0.39	0	0	0.37
106200	0.38	0.39	0.39	0	0	0.38
106300	0.38	0.39	0.39	0	0	0.38
106400	0.38	0.39	0.39	0	0	0.38
106500	0.38	0.39	0.39	0	0	0.38
106600	0.38	0.39	0.39	0	0	0.38
106700	0.38	0.39	0.39	0	0	0.38
106800	0.38	0.39	0.39	0	0	0.38
106900	0.38	0.39	0.39	0	0	0.38
107000	0.39	0.39	0.39	0	0	0.39
107100	0.39	0.39	0.39	0	0	0.39
107200	0.39	0.39	0.39	0	0	0.39
107300	0.39	0.39	0.39	0	0	0.39
107400	0.39	0.38	0.38	0	0	0.39
107500	0.39	0.37	0.37	0	0	0.39
107600	0.39	0.37	0.37	0	0	0.39
107700	0.38	0.37	0.37	0	0	0.38
107800	0.38	0.37	0.37	0	0	0.38
107900	0.38	0.38	0.38	0	0	0.38
108000	0.38	0.38	0.38	0	0	0.38
108100	0.38	0.38	0.38	0	0	0.38
108200	0.38	0.38	0.38	0	0	0.38
108300	0.38	0.38	0.38	0	0	0.38
108400	0.38	0.38	0.38	0	0	0.38
108500	0.39	0.38	0.38	0	0	0.39
108600	0.39	0.38	0.38	0	0	0.39
108700	0.37	0.38	0.38	0	0	0.37
108800	0.37	0.38	0.38	0	0	0.37
108900	0.37	0.38	0.38	0	0	0.37
109000	0.37	0.38	0.38	0	0	0.37
109100	0.38	0.38	0.38	0	0	0.38
109200	0.36	0.38	0.38	0	0	0.36
109300	0.35	0.38	0.38	0	0	0.35
109400	0.35	0.39	0.39	0	0	0.35
109500	0.36	0.38	0.38	0	0	0.36
109600	0.35	0.38	0.38	0	0	0.35
109700	0.35	0.38	0.38	0	0	0.35
109800	0.36	0.38	0.38	0	0	0.36
109900	0.36	0.38	0.38	0	0	0.36
110000	0.36	0.38	0.38	0	0	0.36
110100	0.36	0.38	0.38	0	0	0.36
110200	0.36	0.39	0.39	0	0	0.36
110300	0.37	0.38	0.38	0	0	0.37
110400	0.37	0.38	0.38	0	0	0.37
110500	0.37	0.38	0.38	0	0	0.37
110600	0.36	0.38	0.38	0	0	0.36
110700	0.36	0.38	0.38	0	0	0.36
110800	0.36	0.38	0.38	0	0	0.36
110900	0.36	0.38	0.38	0	0	0.36
111000	0.36	0.39	0.39	0	0	0.36
111100	0.36	0.38	0.38	0	0	0.36
111200	0.36	0.38	0.38	0	0	0.36
111300	0.36	0.38	0.38	0	0	0.36
111400	0.36	0.38	0.38	0	0	0.36
111500	0.36	0.38	0.38	0	0	0.36
111600	0.36	0.38	0.38	0	0	0.36
111700	0.36	0.38	0.38	0	0	0.36
111800	0.36	0.39	0.39	0	0	0.36
111900	0.36	0.38	0.38	0	0	0.36
112000	0.36	0.38	0.38	0	0	0.36
112100	0.36	0.37	0.37	0	0	0.36
112200	0.35	0.37	0.37	0	0	0.35
112300	0.35	0.39	0.39	0	0	0.35
112400	0.34	0.4	0.4	0	0	0.34
112500	0.34	0.39	0.39	0	0	0.34
112600	0.34	0.39	0.39	0	0	0.34
112700	0.34	0.38	0.38	0	0	0.34
112800	0.36	0.38	0.38	0	0	0.36
112900	0.37	0.38	0.38	0	0	0.37
113000	0.36	0.38	0.38	0	0	0.36
113100	0.35	0.38	0.38	0	0	0.35
113200	0.35	0.38	0.38	0	0	0.35
113300	0.35	0.39	0.39	0	0	0.35
113400	0.35	0.38	0.38	0	0	0.35
113500	0.35	0.38	0.38	0	0	0.35
113600	0.35	0.38	0.38	0	0	0.35
113700	0.35	0.38	0.38	0	0	0.35
113800	0.35	0.38	0.38	0	0	0.35
113900	0.35	0.38	0.38	0	0	0.35
114000	0.35	0.38	0.38	0	0	0.35
114100	0.35	0.38	0.38	0	0	0.35
114200	0.35	0.38	0.38	0	0	0.35
114300	0.35	0.38	0.38	0	0	0.35
114400	0.36	0.38	0.38	0	0	0.36
114500	0.36	0.38	0.38	0	0	0.36
114600	0.36	0.38	0.38	0	0	0.36
114700	0.36	0.38	0.38	0	0	0.36
114800	0.37	0.39	0.39	0	0	0.37
114900	0.36	0.37	0.37	0	0	0.36
115000	0.36	0.37	0.37	0	0	0.36
115100	0.35	0.37	0.37	0	0	0.35
115200	0.35	0.36	0.36	0	0	0.35
115300	0.35	0.36	0.36	0	0	0.35
115400	0.35	0.36	0.36	0	0	0.35
115500	0.35	0.38	0.38	0	0	0.35
115600	0.35	0.38	0.38	0	0	0.35
115700	0.35	0.38	0.38	0	0	0.35
115800	0.35	0.38	0.38	0	0	0.35
115900	0.35	0.39	0.39	0	0	0.35
116000	0.35	0.39	0.39	0	0	0.35
116100	0.35	0.39	0.39	0	0	0.35
116200	0.36	0.39	0.39	0	0	0.36
116300	0.35	0.39	0.39	0	0	0.35
116400	0.36	0.39	0.39	0	0	0.36
116500	0.36	0.39	0.39	0	0	0.36
116600	0.36	0.39	0.39	0	0	0.36
116700	0.36	0.4	0.4	0	0	0.36
116800	0.36	0.39	0.39	0	0	0.36
116900	0.36	0.39	0.39	0	0	0.36
117000	0.36	0.39	0.39	0	0	0.36
117100	0.36	0.39	0.39	0	0	0.36
117200	0.36	0.39	0.39	0	0	0.36
117300	0.37	0.39	0.39	0	0	0.37
117400	0.36	0.39	0.39	0	0	0.36
117500	0.37	0.39	0.39	0	0	0.37
117600	0.37	0.39	0.39	0	0	0.37
117700	0.37	0.39	0.39	0	0	0.37
117800	0.37	0.39	0.39	0	0	0.37
117900	0.37	0.39	0.39	0	0	0.37
118000	0.37	0.39	0.39	0	0	0.37
118100	0.37	0.4	0.4	0	0	0.37
118200	0.38	0.39	0.39	0	0	0.38
118300	0.38	0.39	0.39	0	0	0.38
118400	0.38	0.39	0.39	0	0	0.38
118500	0.39	0.39	0.39	0	0	0.39
118600	0.39	0.39	0.39	0	0	0.39
118700	0.4	0.39	0.39	0	0	0.4
118800	0.39	0.39	0.39	0	0	0.39
118900	0.39	0.39	0.39	0	0	0.39
119000	0.39	0.4	0.4	0	0	0.39
119100	0.39	0.39	0.39	0	0	0.39
119200	0.39	0.39	0.39	0	0	0.39
119300	0.4	0.39	0.39	0	0	0.4
119400	0.39	0.39	0.39	0	0	0.39
119500	0.39	0.39	0.39	0	0	0.39
119600	0.38	0.39	0.39	0	0	0.38
119700	0.38	0.39	0.39	0	0	0.38
119800	0.38	0.39	0.39	0	0	0.38
119900	0.38	0.39	0.39	0	0	0.38
120000	0.38	0.39	0.39	0	0	0.38
120100	0.38	0.39	0.39	0	0	0.38
120200	0.38	0.39	0.39	0	0	0.38
120300	0.38	0.39	0.39	0	0	0.38
120400	0.39	0.39	0.39	0	0	0.39
120500	0.39	0.41	0.41	0	0	0.39
120600	0.4	0.4	0.4	0	0	0.4
120700	0.41	0.4	0.4	0	0	0.41
120800	0.41	0.4	0.4	0	0	0.41
120900	0.42	0.4	0.4	0	0	0.42
121000	0.42	0.4	0.4	0	0	0.42
121100	0.41	0.41	0.41	0	0	0.41
121200	0.41	0.4	0.4	0	0	0.41
121300	0.41	0.4	0.4	0	0	0.41
121400	0.41	0.39	0.39	0	0	0.41
121500	0.41	0.4	0.4	0	0	0.41
121600	0.4	0.4	0.4	0	0	0.4
121700	0.41	0.4	0.4	0	0	0.41
121800	0.4	0.4	0.4	0	0	0.4
121900	0.4	0.4	0.4	0	0	0.4
122000	0.41	0.4	0.4	0	0	0.41
122100	0.41	0.39	0.39	0	0	0.41
122200	0.41	0.39	0.39	0	0	0.41
122300	0.42	0.38	0.38	0	0	0.42
122400	0.42	0.38	0.38	0	0	0.42
122500	0.42	0.38	0.38	0	0	0.42
122600	0.42	0.38	0.38	0	0	0.42
122700	0.43	0.38	0.38	0	0	0.43
122800	0.43	0.38	0.38	0	0	0.43
122900	0.43	0.38	0.38	0	0	0.43
123000	0.43	0.39	0.39	0	0	0.43
123100	0.43	0.39	0.39	0	0	0.43
123200	0.43	0.39	0.39	0	0	0.43
123300	0.43	0.38	0.38	0	0	0.43
123400	0.43	0.38	0.38	0	0	0.43
123500	0.43	0.38	0.38	0	0	0.43
123600	0.43	0.38	0.38	0	0	0.43
123700	0.43	0.38	0.38	0	0	0.43
123800	0.43	0.38	0.38	0	0	0.43
123900	0.43	0.38	0.38	0	0	0.43
124000	0.43	0.38	0.38	0	0	0.43
124100	0.43	0.38	0.38	0	0	0.43
124200	0.43	0.38	0.38	0	0	0.43
124300	0.43	0.38	0.38	0	0	0.43
124400	0.44	0.38	0.38	0	0	0.44
124500	0.44	0.38	0.38	0	0	0.44
124600	0.45	0.38	0.38	0	0	0.45
124700	0.44	0.38	0.38	0	0	0.44
124800	0.44	0.38	0.38	0	0	0.44
124900	0.44	0.38	0.38	0	0	0.44
125000	0.44	0.39	0.39	0	0	0.44
125100	0.44	0.38	0.38	0	0	0.44
125200	0.44	0.38	0.38	0	0	0.44
125300	0.44	0.38	0.38	0	0	0.44
125400	0.44	0.38	0.38	0	0	0.44
125500	0.44	0.38	0.38	0	0	0.44
125600	0.44	0.38	0.38	0	0	0.44
125700	0.44	0.38	0.38	0	0	0.44
125800	0.44	0.38	0.38	0	0	0.44
125900	0.43	0.38	0.38	0	0	0.43
126000	0.43	0.39	0.39	0	0	0.43
126100	0.43	0.37	0.37	0	0	0.43
126200	0.44	0.37	0.37	0	0	0.44
126300	0.44	0.37	0.37	0	0	0.44
126400	0.44	0.37	0.37	0	0	0.44
126500	0.44	0.38	0.38	0	0	0.44
126600	0.44	0.37	0.37	0	0	0.44
126700	0.44	0.37	0.37	0	0	0.44
126800	0.44	0.37	0.37	0	0	0.44
126900	0.44	0.37	0.37	0	0	0.44
127000	0.44	0.37	0.37	0	0	0.44
127100	0.44	0.37	0.37	0	0	0.44
127200	0.44	0.37	0.37	0	0	0.44
127300	0.44	0.37	0.37	0	0	0.44
127400	0.44	0.37	0.37	0	0	0.44
127500	0.44	0.37	0.37	0	0	0.44
127600	0.44	0.37	0.37	0	0	0.44
127700	0.44	0.38	0.38	0	0	0.44
127800	0.43	0.38	0.38	0	0	0.43
127900	0.43	0.38	0.38	0	0	0.43
128000	0.44	0.38	0.38	0	0	0.44
128100	0.43	0.38	0.38	0	0	0.43
128200	0.43	0.38	0.38	0	0	0.43
128300	0.42	0.38	0.38	0	0	0.42
128400	0.42	0.38	0.38	0	0	0.42
128500	0.42	0.38	0.38	0	0	0.42
128600	0.43	0.37	0.37	0	0	0.43
128700	0.44	0.37	0.37	0	0	0.44
128800	0.44	0.37	0.37	0	0	0.44
128900	0.44	0.37	0.37	0	0	0.44
129000	0.43	0.37	0.37	0	0	0.43
129100	0.43	0.38	0.38	0	0	0.43
129200	0.43	0.38	0.38	0	0	0.43
129300	0.43	0.38	0.38	0	0	0.43
129400	0.43	0.38	0.38	0	0	0.43
129500	0.43	0.38	0.38	0	0	0.43
129600	0.43	0.38	0.38	0	0	0.43
129700	0.43	0.38	0.38	0	0	0.43
129800	0.43	0.38	0.38	0	0	0.43
129900	0.43	0.38	0.38	0	0	0.43
130000	0.43	0.38	0.38	0	0	0.43
130100	0.43	0.38	0.38	0	0	0.43
130200	0.44	0.38	0.38	0	0	0.44
130300	0.44	0.38	0.38	0	0	0.44
130400	0.44	0.38	0.38	0	0	0.44
130500	0.44	0.38	0.38	0	0	0.44
130600	0.44	0.38	0.38	0	0	0.44
130700	0.44	0.38	0.38	0	0	0.44
130800	0.44	0.38	0.38	0	0	0.44
130900	0.44	0.38	0.38	0	0	0.44
131000	0.45	0.38	0.38	0	0	0.45
131100	0.45	0.38	0.38	0	0	0.45
131200	0.44	0.38	0.38	0	0	0.44
131300	0.44	0.38	0.38	0	0	0.44
131400	0.45	0.38	0.38	0	0	0.45
131500	0.44	0.38	0.38	0	0	0.44
131600	0.44	0.38	0.38	0	0	0.44
131700	0.44	0.38	0.38	0	0	0.44
131800	0.44	0.38	0.38	0	0	0.44
131900	0.44	0.38	0.38	0	0	0.44
132000	0.44	0.38	0.38	0	0	0.44
132100	0.44	0.38	0.38	0	0	0.44
132200	0.44	0.39	0.39	0	0	0.44
132300	0.45	0.38	0.38	0	0	0.45
132400	0.45	0.38	0.38	0	0	0.45
132500	0.45	0.39	0.39	0	0	0.45
132600	0.45	0.39	0.39	0	0	0.45
132700	0.45	0.39	0.39	0	0	0.45
132800	0.45	0.39	0.39	0	0	0.45
132900	0.45	0.39	0.39	0	0	0.45
133000	0.45	0.39	0.39	0	0	0.45
133100	0.45	0.39	0.39	0	0	0.45
133200	0.45	0.39	0.39	0	0	0.45
133300	0.45	0.39	0.39	0	0	0.45
133400	0.45	0.39	0.39	0	0	0.45
133500	0.45	0.39	0.39	0	0	0.45
133600	0.45	0.39	0.39	0	0	0.45
133700	0.45	0.39	0.39	0	0	0.45
133800	0.45	0.39	0.39	0	0	0.45
133900	0.45	0.39	0.39	0	0	0.45
134000	0.45	0.39	0.39	0	0	0.45
134100	0.45	0.39	0.39	0	0	0.45
134200	0.44	0.39	0.39	0	0	0.44
134300	0.44	0.39	0.39	0	0	0.44
134400	0.44	0.39	0.39	0	0	0.44
134500	0.44	0.4	0.4	0	0	0.44
134600	0.44	0.4	0.4	0	0	0.44
134700	0.43	0.4	0.4	0	0	0.43
134800	0.43	0.41	0.41	0	0	0.43
134900	0.43	0.41	0.41	0	0	0.43
135000	0.43	0.4	0.4	0	0	0.43
135100	0.43	0.4	0.4	0	0	0.43
135200	0.43	0.4	0.4	0	0	0.43
135300	0.43	0.4	0.4	0	0	0.43
135400	0.43	0.4	0.4	0	0	0.43
135500	0.43	0.4	0.4	0	0	0.43
135600	0.43	0.4	0.4	0	0	0.43
135700	0.43	0.4	0.4	0	0	0.43
135800	0.43	0.4	0.4	0	0	0.43
135900	0.43	0.4	0.4	0	0	0.43
136000	0.43	0.4	0.4	0	0	0.43
136100	0.43	0.4	0.4	0	0	0.43
136200	0.43	0.4	0.4	0	0	0.43
136300	0.43	0.4	0.4	0	0	0.43
136400	0.43	0.4	0.4	0	0	0.43
136500	0.43	0.4	0.4	0	0	0.43
136600	0.43	0.4	0.4	0	0	0.43
136700	0.43	0.4	0.4	0	0	0.43
136800	0.43	0.4	0.4	0	0	0.43
136900	0.43	0.41	0.41	0	0	0.43
137000	0.43	0.41	0.41	0	0	0.43
137100	0.43	0.41	0.41	0	0	0.43
137200	0.43	0.41	0.41	0	0	0.43
137300	0.43	0.41	0.41	0	0	0.43
137400	0.43	0.41	0.41	0	0	0.43
137500	0.43	0.41	0.41	0	0	0.43
137600	0.43	0.41	0.41	0	0	0.43
137700	0.43	0.42	0.42	0	0	0.43
137800	0.43	0.42	0.42	0	0	0.43
137900	0.43	0.41	0.41	0	0	0.43
138000	0.43	0.41	0.41	0	0	0.43
138100	0.43	0.42	0.42	0	0	0.43
138200	0.43	0.41	0.41	0	0	0.43
138300	0.43	0.41	0.41	0	0	0.43
138400	0.43	0.41	0.41	0	0	0.43
138500	0.43	0.41	0.41	0	0	0.43
138600	0.43	0.41	0.41	0	0	0.43
138700	0.43	0.42	0.42	0	0	0.43
138800	0.43	0.41	0.41	0	0	0.43
138900	0.43	0.41	0.41	0	0	0.43
139000	0.43	0.41	0.41	0	0	0.43
139100	0.43	0.41	0.41	0	0	0.43
139200	0.43	0.41	0.41	0	0	0.43
139300	0.43	0.41	0.41	0	0	0.43
139400	0.43	0.41	0.41	0	0	0.43
139500	0.43	0.4	0.4	0	0	0.43
139600	0.43	0.4	0.4	0	0	0.43
139700	0.43	0.4	0.4	0	0	0.43
139800	0.43	0.4	0.4	0	0	0.43
139900	0.43	0.4	0.4	0	0	0.43
140000	0.43	0.4	0.4	0	0	0.43
140100	0.43	0.4	0.4	0	0	0.43
140200	0.43	0.4	0.4	0	0	0.43
140300	0.43	0.4	0.4	0	0	0.43
140400	0.43	0.4	0.4	0	0	0.43
140500	0.43	0.4	0.4	0	0	0.43
140600	0.43	0.4	0.4	0	0	0.43
140700	0.43	0.4	0.4	0	0	0.43
140800	0.43	0.4	0.4	0	0	0.43
140900	0.43	0.4	0.4	0	0	0.43
141000	0.43	0.39	0.39	0	0	0.43
141100	0.43	0.39	0.39	0	0	0.43
141200	0.43	0.39	0.39	0	0	0.43
141300	0.43	0.39	0.39	0	0	0.43
141400	0.42	0.39	0.39	0	0	0.42
141500	0.42	0.39	0.39	0	0	0.42
141600	0.42	0.39	0.39	0	0	0.42
141700	0.42	0.39	0.39	0	0	0.42
141800	0.42	0.39	0.39	0	0	0.42
141900	0.42	0.39	0.39	0	0	0.42
142000	0.42	0.39	0.39	0	0	0.42
142100	0.42	0.39	0.39	0	0	0.42
142200	0.42	0.39	0.39	0	0	0.42
142300	0.42	0.39	0.39	0	0	0.42
142400	0.42	0.39	0.39	0	0	0.42
142500	0.42	0.39	0.39	0	0	0.42
142600	0.42	0.39	0.39	0	0	0.42
142700	0.42	0.39	0.39	0	0	0.42
142800	0.42	0.39	0.39	0	0	0.42
142900	0.42	0.39	0.39	0	0	0.42
143000	0.42	0.39	0.39	0	0	0.42
143100	0.42	0.39	0.39	0	0	0.42
143200	0.42	0.39	0.39	0	0	0.42
143300	0.42	0.39	0.39	0	0	0.42
143400	0.43	0.39	0.39	0	0	0.43
143500	0.43	0.39	0.39	0	0	0.43
143600	0.42	0.4	0.4	0	0	0.42
143700	0.42	0.4	0.4	0	0	0.42
143800	0.42	0.4	0.4	0	0	0.42
143900	0.42	0.4	0.4	0	0	0.42
144000	0.42	0.4	0.4	0	0	0.42
144100	0.41	0.4	0.4	0	0	0.41
144200	0.41	0.4	0.4	0	0	0.41
144300	0.42	0.4	0.4	0	0	0.42
144400	0.42	0.41	0.41	0	0	0.42
144500	0.42	0.41	0.41	0	0	0.42
144600	0.42	0.41	0.41	0	0	0.42
144700	0.42	0.41	0.41	0	0	0.42
144800	0.42	0.41	0.41	0	0	0.42
144900	0.42	0.41	0.41	0	0	0.42
145000	0.42	0.41	0.41	0	0	0.42
145100	0.42	0.41	0.41	0	0	0.42
145200	0.43	0.41	0.41	0	0	0.43
145300	0.43	0.41	0.41	0	0	0.43
145400	0.43	0.41	0.41	0	0	0.43
145500	0.42	0.41	0.41	0	0	0.42
145600	0.42	0.41	0.41	0	0	0.42
145700	0.42	0.41	0.41	0	0	0.42
145800	0.42	0.41	0.41	0	0	0.42
145900	0.42	0.41	0.41	0	0	0.42
146000	0.42	0.41	0.41	0	0	0.42
146100	0.42	0.4	0.4	0	0	0.42
146200	0.42	0.4	0.4	0	0	0.42
146300	0.42	0.4	0.4	0	0	0.42
146400	0.42	0.4	0.4	0	0	0.42
146500	0.42	0.4	0.4	0	0	0.42
146600	0.42	0.4	0.4	0	0	0.42
146700	0.42	0.4	0.4	0	0	0.42
146800	0.43	0.4	0.4	0	0	0.43
146900	0.43	0.4	0.4	0	0	0.43
147000	0.43	0.4	0.4	0	0	0.43
147100	0.43	0.4	0.4	0	0	0.43
147200	0.43	0.4	0.4	0	0	0.43
147300	0.43	0.4	0.4	0	0	0.43
147400	0.43	0.4	0.4	0	0	0.43
147500	0.43	0.41	0.41	0	0	0.43
147600	0.43	0.42	0.42	0	0	0.43
147700	0.43	0.41	0.41	0	0	0.43
147800	0.43	0.41	0.41	0	0	0.43
147900	0.43	0.4	0.4	0	0	0.43
148000	0.43	0.4	0.4	0	0	0.43
148100	0.43	0.4	0.4	0	0	0.43
148200	0.43	0.4	0.4	0	0	0.43
148300	0.43	0.4	0.4	0	0	0.43
148400	0.43	0.4	0.4	0	0	0.43
148500	0.43	0.4	0.4	0	0	0.43
148600	0.43	0.4	0.4	0	0	0.43
148700	0.43	0.4	0.4	0	0	0.43
148800	0.43	0.4	0.4	0	0	0.43
148900	0.43	0.4	0.4	0	0	0.43
149000	0.43	0.39	0.39	0	0	0.43
149100	0.43	0.39	0.39	0	0	0.43
149200	0.43	0.39	0.39	0	0	0.43
149300	0.43	0.39	0.39	0	0	0.43
149400	0.43	0.39	0.39	0	0	0.43
149500	0.43	0.39	0.39	0	0	0.43
149600	0.43	0.39	0.39	0	0	0.43
149700	0.43	0.39	0.39	0	0	0.43
149800	0.43	0.4	0.4	0	0	0.43
149900	0.43	0.39	0.39	0	0	0.43
150000	0.43	0.39	0.39	0	0	0.43
150100	0.43	0.4	0.4	0	0	0.43
150200	0.43	0.4	0.4	0	0	0.43
150300	0.43	0.4	0.4	0	0	0.43
150400	0.43	0.4	0.4	0	0	0.43
150500	0.43	0.4	0.4	0	0	0.43
150600	0.43	0.4	0.4	0	0	0.43
150700	0.43	0.4	0.4	0	0	0.43
150800	0.43	0.4	0.4	0	0	0.43
150900	0.43	0.4	0.4	0	0	0.43
151000	0.43	0.4	0.4	0	0	0.43
151100	0.43	0.4	0.4	0	0	0.43
151200	0.44	0.4	0.4	0	0	0.44
151300	0.44	0.4	0.4	0	0	0.44
151400	0.44	0.4	0.4	0	0	0.44
151500	0.44	0.4	0.4	0	0	0.44
151600	0.44	0.41	0.41	0	0	0.44
151700	0.44	0.41	0.41	0	0	0.44
151800	0.44	0.41	0.41	0	0	0.44
151900	0.44	0.41	0.41	0	0	0.44
152000	0.44	0.41	0.41	0	0	0.44
152100	0.44	0.41	0.41	0	0	0.44
152200	0.44	0.41	0.41	0	0	0.44
152300	0.44	0.41	0.41	0	0	0.44
152400	0.45	0.41	0.41	0	0	0.45
152500	0.45	0.41	0.41	0	0	0.45
152600	0.45	0.41	0.41	0	0	0.45
152700	0.45	0.41	0.41	0	0	0.45
152800	0.45	0.41	0.41	0	0	0.45
152900	0.45	0.41	0.41	0	0	0.45
153000	0.45	0.41	0.41	0	0	0.45
153100	0.45	0.41	0.41	0	0	0.45
153200	0.44	0.41	0.41	0	0	0.44
153300	0.44	0.41	0.41	0	0	0.44
153400	0.44	0.41	0.41	0	0	0.44
153500	0.46	0.41	0.41	0	0	0.46
153600	0.45	0.41	0.41	0	0	0.45
153700	0.45	0.41	0.41	0	0	0.45
153800	0.45	0.41	0.41	0	0	0.45
153900	0.45	0.41	0.41	0	0	0.45
154000	0.45	0.41	0.41	0	0	0.45
154100	0.45	0.41	0.41	0	0	0.45
154200	0.45	0.41	0.41	0	0	0.45
154300	0.46	0.41	0.41	0	0	0.46
154400	0.46	0.41	0.41	0	0	0.46
154500	0.46	0.41	0.41	0	0	0.46
154600	0.46	0.41	0.41	0	0	0.46
154700	0.47	0.41	0.41	0	0	0.47
154800	0.46	0.42	0.42	0	0	0.46
154900	0.44	0.42	0.42	0	0	0.44
155000	0.44	0.42	0.42	0	0	0.44
155100	0.44	0.42	0.42	0	0	0.44
155200	0.44	0.42	0.42	0	0	0.44
155300	0.44	0.42	0.42	0	0	0.44
155400	0.45	0.42	0.42	0	0	0.45
155500	0.44	0.42	0.42	0	0	0.44
155600	0.45	0.42	0.42	0	0	0.45
155700	0.44	0.42	0.42	0	0	0.44
155800	0.44	0.42	0.42	0	0	0.44
155900	0.44	0.42	0.42	0	0	0.44
156000	0.44	0.42	0.42	0	0	0.44
156100	0.44	0.42	0.42	0	0	0.44
156200	0.44	0.42	0.42	0	0	0.44
156300	0.44	0.42	0.42	0	0	0.44
156400	0.44	0.42	0.42	0	0	0.44
156500	0.44	0.42	0.42	0	0	0.44
156600	0.44	0.42	0.42	0	0	0.44
156700	0.44	0.43	0.43	0	0	0.44
156800	0.45	0.43	0.43	0	0	0.45
156900	0.46	0.42	0.42	0	0	0.46
157000	0.45	0.42	0.42	0	0	0.45
157100	0.45	0.42	0.42	0	0	0.45
157200	0.44	0.42	0.42	0	0	0.44
157300	0.44	0.42	0.42	0	0	0.44
157400	0.44	0.43	0.43	0	0	0.44
157500	0.44	0.43	0.43	0	0	0.44
157600	0.44	0.43	0.43	0	0	0.44
157700	0.44	0.4	0.4	0	0	0.44
157800	0.44	0.4	0.4	0	0	0.44
157900	0.44	0.4	0.4	0	0	0.44
158000	0.44	0.4	0.4	0	0	0.44
158100	0.44	0.4	0.4	0	0	0.44
158200	0.44	0.4	0.4	0	0	0.44
158300	0.44	0.4	0.4	0	0	0.44
158400	0.44	0.4	0.4	0	0	0.44
158500	0.44	0.4	0.4	0	0	0.44
158600	0.45	0.4	0.4	0	0	0.45
158700	0.46	0.4	0.4	0	0	0.46
158800	0.46	0.4	0.4	0	0	0.46
158900	0.47	0.4	0.4	0	0	0.47
159000	0.46	0.4	0.4	0	0	0.46
159100	0.46	0.39	0.39	0	0	0.46
159200	0.46	0.38	0.38	0	0	0.46
159300	0.45	0.38	0.38	0	0	0.45
159400	0.45	0.38	0.38	0	0	0.45
159500	0.45	0.38	0.38	0	0	0.45
159600	0.45	0.39	0.39	0	0	0.45
159700	0.45	0.39	0.39	0	0	0.45
159800	0.45	0.39	0.39	0	0	0.45
159900	0.45	0.39	0.39	0	0	0.45
160000	0.45	0.39	0.39	0	0	0.45
160100	0.45	0.39	0.39	0	0	0.45
160200	0.45	0.39	0.39	0	0	0.45
160300	0.45	0.39	0.39	0	0	0.45
160400	0.45	0.39	0.39	0	0	0.45
160500	0.45	0.39	0.39	0	0	0.45
160600	0.45	0.39	0.39	0	0	0.45
160700	0.45	0.39	0.39	0	0	0.45
160800	0.45	0.39	0.39	0	0	0.45
160900	0.45	0.39	0.39	0	0	0.45
161000	0.45	0.39	0.39	0	0	0.45
161100	0.45	0.39	0.39	0	0	0.45
161200	0.45	0.39	0.39	0	0	0.45
161300	0.45	0.39	0.39	0	0	0.45
161400	0.45	0.39	0.39	0	0	0.45
161500	0.45	0.39	0.39	0	0	0.45
161600	0.45	0.39	0.39	0	0	0.45
161700	0.45	0.39	0.39	0	0	0.45
161800	0.45	0.39	0.39	0	0	0.45
161900	0.45	0.39	0.39	0	0	0.45
162000	0.45	0.39	0.39	0	0	0.45
162100	0.45	0.39	0.39	0	0	0.45
162200	0.45	0.39	0.39	0	0	0.45
162300	0.45	0.39	0.39	0	0	0.45
162400	0.45	0.39	0.39	0	0	0.45
162500	0.45	0.39	0.39	0	0	0.45
162600	0.45	0.39	0.39	0	0	0.45
162700	0.45	0.39	0.39	0	0	0.45
162800	0.45	0.39	0.39	0	0	0.45
162900	0.45	0.39	0.39	0	0	0.45
163000	0.45	0.4	0.4	0	0	0.45
163100	0.45	0.4	0.4	0	0	0.45
163200	0.45	0.4	0.4	0	0	0.45
163300	0.45	0.4	0.4	0	0	0.45
163400	0.45	0.4	0.4	0	0	0.45
163500	0.45	0.39	0.39	0	0	0.45
163600	0.45	0.38	0.38	0	0	0.45
163700	0.45	0.38	0.38	0	0	0.45
163800	0.45	0.39	0.39	0	0	0.45
163900	0.45	0.38	0.38	0	0	0.45
164000	0.45	0.37	0.37	0	0	0.45
164100	0.45	0.37	0.37	0	0	0.45
164200	0.44	0.37	0.37	0	0	0.44
164300	0.44	0.37	0.37	0	0	0.44
164400	0.44	0.37	0.37	0	0	0.44
164500	0.44	0.37	0.37	0	0	0.44
164600	0.44	0.37	0.37	0	0	0.44
164700	0.44	0.37	0.37	0	0	0.44
164800	0.44	0.37	0.37	0	0	0.44
164900	0.44	0.37	0.37	0	0	0.44
165000	0.44	0.37	0.37	0	0	0.44
165100	0.44	0.37	0.37	0	0	0.44
165200	0.44	0.37	0.37	0	0	0.44
165300	0.44	0.37	0.37	0	0	0.44
165400	0.44	0.37	0.37	0	0	0.44
165500	0.44	0.37	0.37	0	0	0.44
165600	0.44	0.37	0.37	0	0	0.44
165700	0.44	0.37	0.37	0	0	0.44
165800	0.46	0.37	0.37	0	0	0.46
165900	0.46	0.37	0.37	0	0	0.46
166000	0.46	0.37	0.37	0	0	0.46
166100	0.46	0.36	0.36	0	0	0.46
166200	0.46	0.36	0.36	0	0	0.46
166300	0.46	0.36	0.36	0	0	0.46
166400	0.46	0.36	0.36	0	0	0.46
166500	0.46	0.37	0.37	0	0	0.46
166600	0.45	0.37	0.37	0	0	0.45
166700	0.45	0.37	0.37	0	0	0.45
166800	0.45	0.37	0.37	0	0	0.45
166900	0.45	0.38	0.38	0	0	0.45
167000	0.45	0.37	0.37	0	0	0.45
167100	0.45	0.37	0.37	0	0	0.45
167200	0.45	0.36	0.36	0	0	0.45
167300	0.45	0.36	0.36	0	0	0.45
167400	0.45	0.36	0.36	0	0	0.45
167500	0.45	0.36	0.36	0	0	0.45
167600	0.45	0.36	0.36	0	0	0.45
167700	0.45	0.36	0.36	0	0	0.45
167800	0.46	0.36	0.36	0	0	0.46
167900	0.46	0.36	0.36	0	0	0.46
168000	0.46	0.36	0.36	0	0	0.46
168100	0.46	0.36	0.36	0	0	0.46
168200	0.46	0.36	0.36	0	0	0.46
168300	0.46	0.37	0.37	0	0	0.46
168400	0.46	0.37	0.37	0	0	0.46
168500	0.46	0.37	0.37	0	0	0.46
168600	0.46	0.37	0.37	0	0	0.46
168700	0.47	0.37	0.37	0	0	0.47
168800	0.46	0.37	0.37	0	0	0.46
168900	0.46	0.37	0.37	0	0	0.46
169000	0.46	0.37	0.37	0	0	0.46
169100	0.46	0.37	0.37	0	0	0.46
169200	0.46	0.37	0.37	0	0	0.46
169300	0.46	0.37	0.37	0	0	0.46
169400	0.46	0.37	0.37	0	0	0.46
169500	0.46	0.37	0.37	0	0	0.46
169600	0.46	0.37	0.37	0	0	0.46
169700	0.46	0.37	0.37	0	0	0.46
169800	0.46	0.37	0.37	0	0	0.46
169900	0.46	0.38	0.38	0	0	0.46
170000	0.46	0.38	0.38	0	0	0.46
170100	0.46	0.38	0.38	0	0	0.46
170200	0.46	0.39	0.39	0	0	0.46
170300	0.45	0.39	0.39	0	0	0.45
170400	0.45	0.39	0.39	0	0	0.45
170500	0.45	0.39	0.39	0	0	0.45
170600	0.45	0.39	0.39	0	0	0.45
170700	0.45	0.39	0.39	0	0	0.45
170800	0.45	0.39	0.39	0	0	0.45
170900	0.45	0.39	0.39	0	0	0.45
171000	0.45	0.39	0.39	0	0	0.45
171100	0.45	0.39	0.39	0	0	0.45
171200	0.45	0.39	0.39	0	0	0.45
171300	0.45	0.39	0.39	0	0	0.45
171400	0.45	0.39	0.39	0	0	0.45
171500	0.45	0.39	0.39	0	0	0.45
171600	0.45	0.38	0.38	0	0	0.45
171700	0.45	0.38	0.38	0	0	0.45
171800	0.45	0.38	0.38	0	0	0.45
171900	0.45	0.38	0.38	0	0	0.45
172000	0.46	0.38	0.38	0	0	0.46
172100	0.45	0.38	0.38	0	0	0.45
172200	0.45	0.4	0.4	0	0	0.45
172300	0.45	0.38	0.38	0	0	0.45
172400	0.45	0.38	0.38	0	0	0.45
172500	0.46	0.38	0.38	0	0	0.46
172600	0.46	0.39	0.39	0	0	0.46
172700	0.46	0.38	0.38	0	0	0.46
172800	0.46	0.38	0.38	0	0	0.46
172900	0.46	0.38	0.38	0	0	0.46
173000	0.46	0.38	0.38	0	0	0.46
173100	0.46	0.38	0.38	0	0	0.46
173200	0.46	0.38	0.38	0	0	0.46
173300	0.46	0.38	0.38	0	0	0.46
173400	0.46	0.38	0.38	0	0	0.46
173500	0.46	0.39	0.39	0	0	0.46
173600	0.47	0.38	0.38	0	0	0.47
173700	0.46	0.39	0.39	0	0	0.46
173800	0.46	0.38	0.38	0	0	0.46
173900	0.46	0.38	0.38	0	0	0.46
174000	0.46	0.38	0.38	0	0	0.46
174100	0.46	0.38	0.38	0	0	0.46
174200	0.46	0.37	0.37	0	0	0.46
174300	0.46	0.37	0.37	0	0	0.46
174400	0.46	0.37	0.37	0	0	0.46
174500	0.46	0.37	0.37	0	0	0.46
174600	0.46	0.38	0.38	0	0	0.46
174700	0.46	0.39	0.39	0	0	0.46
174800	0.46	0.38	0.38	0	0	0.46
174900	0.45	0.38	0.38	0	0	0.45
175000	0.45	0.38	0.38	0	0	0.45
175100	0.45	0.38	0.38	0	0	0.45
175200	0.44	0.38	0.38	0	0	0.44
175300	0.44	0.38	0.38	0	0	0.44
175400	0.43	0.38	0.38	0	0	0.43
175500	0.43	0.39	0.39	0	0	0.43
175600	0.43	0.38	0.38	0	0	0.43
175700	0.43	0.38	0.38	0	0	0.43
175800	0.43	0.38	0.38	0	0	0.43
175900	0.43	0.39	0.39	0	0	0.43
176000	0.43	0.39	0.39	0	0	0.43
176100	0.43	0.39	0.39	0	0	0.43
176200	0.43	0.38	0.38	0	0	0.43
176300	0.43	0.38	0.38	0	0	0.43
176400	0.44	0.38	0.38	0	0	0.44
176500	0.45	0.38	0.38	0	0	0.45
176600	0.45	0.38	0.38	0	0	0.45
176700	0.45	0.37	0.37	0	0	0.45
176800	0.45	0.37	0.37	0	0	0.45
176900	0.45	0.37	0.37	0	0	0.45
177000	0.45	0.37	0.37	0	0	0.45
177100	0.45	0.37	0.37	0	0	0.45
177200	0.45	0.37	0.37	0	0	0.45
177300	0.45	0.37	0.37	0	0	0.45
177400	0.45	0.37	0.37	0	0	0.45
177500	0.45	0.37	0.37	0	0	0.45
177600	0.45	0.37	0.37	0	0	0.45
177700	0.45	0.37	0.37	0	0	0.45
177800	0.45	0.37	0.37	0	0	0.45
177900	0.45	0.37	0.37	0	0	0.45
178000	0.45	0.37	0.37	0	0	0.45
178100	0.45	0.37	0.37	0	0	0.45
178200	0.45	0.37	0.37	0	0	0.45
178300	0.45	0.37	0.37	0	0	0.45
178400	0.45	0.37	0.37	0	0	0.45
178500	0.45	0.38	0.38	0	0	0.45
178600	0.45	0.38	0.38	0	0	0.45
178700	0.45	0.38	0.38	0	0	0.45
178800	0.45	0.37	0.37	0	0	0.45
178900	0.45	0.37	0.37	0	0	0.45
179000	0.45	0.37	0.37	0	0	0.45
179100	0.45	0.36	0.36	0	0	0.45
179200	0.45	0.36	0.36	0	0	0.45
179300	0.45	0.36	0.36	0	0	0.45
179400	0.45	0.36	0.36	0	0	0.45
179500	0.45	0.36	0.36	0	0	0.45
179600	0.45	0.36	0.36	0	0	0.45
179700	0.45	0.37	0.37	0	0	0.45
179800	0.45	0.37	0.37	0	0	0.45
179900	0.44	0.37	0.37	0	0	0.44
180000	0.44	0.37	0.37	0	0	0.44
180100	0.44	0.37	0.37	0	0	0.44
180200	0.44	0.37	0.37	0	0	0.44
180300	0.44	0.37	0.37	0	0	0.44
180400	0.44	0.37	0.37	0	0	0.44
180500	0.44	0.37	0.37	0	0	0.44
180600	0.44	0.37	0.37	0	0	0.44
180700	0.44	0.37	0.37	0	0	0.44
180800	0.44	0.37	0.37	0	0	0.44
180900	0.44	0.37	0.37	0	0	0.44
181000	0.44	0.37	0.37	0	0	0.44
181100	0.44	0.37	0.37	0	0	0.44
181200	0.44	0.37	0.37	0	0	0.44
181300	0.44	0.38	0.38	0	0	0.44
181400	0.44	0.38	0.38	0	0	0.44
181500	0.45	0.38	0.38	0	0	0.45
181600	0.45	0.38	0.38	0	0	0.45
181700	0.45	0.38	0.38	0	0	0.45
181800	0.45	0.38	0.38	0	0	0.45
181900	0.45	0.38	0.38	0	0	0.45
182000	0.45	0.38	0.38	0	0	0.45
182100	0.46	0.38	0.38	0	0	0.46
182200	0.45	0.38	0.38	0	0	0.45
182300	0.46	0.38	0.38	0	0	0.46
182400	0.46	0.38	0.38	0	0	0.46
182500	0.46	0.38	0.38	0	0	0.46
182600	0.47	0.38	0.38	0	0	0.47
182700	0.47	0.38	0.38	0	0	0.47
182800	0.47	0.38	0.38	0	0	0.47
182900	0.47	0.38	0.38	0	0	0.47
183000	0.46	0.38	0.38	0	0	0.46
183100	0.46	0.39	0.39	0	0	0.46
183200	0.46	0.39	0.39	0	0	0.46
183300	0.46	0.38	0.38	0	0	0.46
183400	0.46	0.38	0.38	0	0	0.46
183500	0.46	0.38	0.38	0	0	0.46
183600	0.46	0.38	0.38	0	0	0.46
183700	0.46	0.38	0.38	0	0	0.46
183800	0.46	0.38	0.38	0	0	0.46
183900	0.46	0.38	0.38	0	0	0.46
184000	0.46	0.38	0.38	0	0	0.46
184100	0.46	0.38	0.38	0	0	0.46
184200	0.46	0.38	0.38	0	0	0.46
184300	0.45	0.38	0.38	0	0	0.45
184400	0.45	0.38	0.38	0	0	0.45
184500	0.45	0.38	0.38	0	0	0.45
184600	0.45	0.38	0.38	0	0	0.45
184700	0.45	0.38	0.38	0	0	0.45
184800	0.45	0.38	0.38	0	0	0.45
184900	0.45	0.39	0.39	0	0	0.45
185000	0.45	0.39	0.39	0	0	0.45
185100	0.45	0.39	0.39	0	0	0.45
185200	0.45	0.39	0.39	0	0	0.45
185300	0.45	0.39	0.39	0	0	0.45
185400	0.45	0.39	0.39	0	0	0.45
185500	0.45	0.39	0.39	0	0	0.45
185600	0.45	0.39	0.39	0	0	0.45
185700	0.45	0.39	0.39	0	0	0.45
185800	0.45	0.38	0.38	0	0	0.45
185900	0.45	0.38	0.38	0	0	0.45
186000	0.45	0.38	0.38	0	0	0.45
186100	0.45	0.38	0.38	0	0	0.45
186200	0.45	0.38	0.38	0	0	0.45
186300	0.45	0.38	0.38	0	0	0.45
186400	0.45	0.38	0.38	0	0	0.45
186500	0.45	0.38	0.38	0	0	0.45
186600	0.45	0.38	0.38	0	0	0.45
186700	0.45	0.38	0.38	0	0	0.45
186800	0.45	0.38	0.38	0	0	0.45
186900	0.45	0.38	0.38	0	0	0.45
187000	0.45	0.38	0.38	0	0	0.45
187100	0.45	0.38	0.38	0	0	0.45
187200	0.45	0.38	0.38	0	0	0.45
187300	0.45	0.38	0.38	0	0	0.45
187400	0.45	0.38	0.38	0	0	0.45
187500	0.45	0.38	0.38	0	0	0.45
187600	0.45	0.38	0.38	0	0	0.45
187700	0.45	0.38	0.38	0	0	0.45
187800	0.45	0.39	0.39	0	0	0.45
187900	0.45	0.38	0.38	0	0	0.45
188000	0.45	0.38	0.38	0	0	0.45
188100	0.45	0.38	0.38	0	0	0.45
188200	0.45	0.37	0.37	0	0	0.45
188300	0.45	0.38	0.38	0	0	0.45
188400	0.45	0.37	0.37	0	0	0.45
188500	0.45	0.37	0.37	0	0	0.45
188600	0.45	0.37	0.37	0	0	0.45
188700	0.45	0.37	0.37	0	0	0.45
188800	0.45	0.37	0.37	0	0	0.45
188900	0.45	0.37	0.37	0	0	0.45
189000	0.45	0.37	0.37	0	0	0.45
189100	0.45	0.38	0.38	0	0	0.45
189200	0.45	0.38	0.38	0	0	0.45
189300	0.45	0.37	0.37	0	0	0.45
189400	0.45	0.37	0.37	0	0	0.45
189500	0.45	0.37	0.37	0	0	0.45
189600	0.45	0.37	0.37	0	0	0.45
189700	0.45	0.37	0.37	0	0	0.45
189800	0.45	0.37	0.37	0	0	0.45
189900	0.45	0.37	0.37	0	0	0.45
190000	0.45	0.37	0.37	0	0	0.45
190100	0.45	0.37	0.37	0	0	0.45
190200	0.45	0.37	0.37	0	0	0.45
190300	0.45	0.37	0.37	0	0	0.45
190400	0.45	0.38	0.38	0	0	0.45
190500	0.45	0.37	0.37	0	0	0.45
190600	0.45	0.37	0.37	0	0	0.45
190700	0.45	0.38	0.38	0	0	0.45
190800	0.45	0.37	0.37	0	0	0.45
190900	0.45	0.37	0.37	0	0	0.45
191000	0.45	0.37	0.37	0	0	0.45
191100	0.45	0.37	0.37	0	0	0.45
191200	0.45	0.37	0.37	0	0	0.45
191300	0.45	0.38	0.38	0	0	0.45
191400	0.45	0.38	0.38	0	0	0.45
191500	0.45	0.38	0.38	0	0	0.45
191600	0.45	0.38	0.38	0	0	0.45
191700	0.45	0.38	0.38	0	0	0.45
191800	0.45	0.38	0.38	0	0	0.45
191900	0.45	0.38	0.38	0	0	0.45
192000	0.45	0.38	0.38	0	0	0.45
192100	0.45	0.38	0.38	0	0	0.45
192200	0.45	0.38	0.38	0	0	0.45
192300	0.46	0.38	0.38	0	0	0.46
192400	0.45	0.38	0.38	0	0	0.45
192500	0.45	0.38	0.38	0	0	0.45
192600	0.46	0.38	0.38	0	0	0.46
192700	0.46	0.38	0.38	0	0	0.46
192800	0.45	0.38	0.38	0	0	0.45
192900	0.46	0.38	0.38	0	0	0.46
193000	0.45	0.38	0.38	0	0	0.45
193100	0.45	0.38	0.38	0	0	0.45
193200	0.45	0.38	0.38	0	0	0.45
193300	0.45	0.38	0.38	0	0	0.45
193400	0.45	0.38	0.38	0	0	0.45
193500	0.45	0.38	0.38	0	0	0.45
193600	0.45	0.38	0.38	0	0	0.45
193700	0.45	0.38	0.38	0	0	0.45
193800	0.45	0.38	0.38	0	0	0.45
193900	0.45	0.38	0.38	0	0	0.45
194000	0.45	0.38	0.38	0	0	0.45
194100	0.45	0.38	0.38	0	0	0.45
194200	0.45	0.37	0.37	0	0	0.45
194300	0.45	0.38	0.38	0	0	0.45
194400	0.45	0.38	0.38	0	0	0.45
194500	0.45	0.37	0.37	0	0	0.45
194600	0.45	0.37	0.37	0	0	0.45
194700	0.45	0.37	0.37	0	0	0.45
194800	0.45	0.37	0.37	0	0	0.45
194900	0.45	0.38	0.38	0	0	0.45
195000	0.45	0.38	0.38	0	0	0.45
195100	0.45	0.38	0.38	0	0	0.45
195200	0.46	0.38	0.38	0	0	0.46
195300	0.46	0.39	0.39	0	0	0.46
195400	0.46	0.38	0.38	0	0	0.46
195500	0.46	0.38	0.38	0	0	0.46
195600	0.46	0.38	0.38	0	0	0.46
195700	0.46	0.38	0.38	0	0	0.46
195800	0.46	0.38	0.38	0	0	0.46
195900	0.46	0.38	0.38	0	0	0.46
196000	0.46	0.38	0.38	0	0	0.46
196100	0.46	0.38	0.38	0	0	0.46
196200	0.46	0.38	0.38	0	0	0.46
196300	0.46	0.39	0.39	0	0	0.46
196400	0.46	0.39	0.39	0	0	0.46
196500	0.46	0.39	0.39	0	0	0.46
196600	0.46	0.39	0.39	0	0	0.46
196700	0.46	0.39	0.39	0	0	0.46
196800	0.46	0.38	0.38	0	0	0.46
196900	0.46	0.38	0.38	0	0	0.46
197000	0.46	0.38	0.38	0	0	0.46
197100	0.46	0.38	0.38	0	0	0.46
197200	0.46	0.38	0.38	0	0	0.46
197300	0.46	0.38	0.38	0	0	0.46
197400	0.46	0.38	0.38	0	0	0.46
197500	0.46	0.38	0.38	0	0	0.46
197600	0.46	0.38	0.38	0	0	0.46
197700	0.46	0.38	0.38	0	0	0.46
197800	0.46	0.39	0.39	0	0	0.46
197900	0.46	0.38	0.38	0	0	0.46
198000	0.46	0.38	0.38	0	0	0.46
198100	0.46	0.38	0.38	0	0	0.46
198200	0.46	0.38	0.38	0	0	0.46
198300	0.46	0.38	0.38	0	0	0.46
198400	0.46	0.38	0.38	0	0	0.46
198500	0.46	0.38	0.38	0	0	0.46
198600	0.46	0.38	0.38	0	0	0.46
198700	0.46	0.38	0.38	0	0	0.46
198800	0.47	0.38	0.38	0	0	0.47
198900	0.47	0.38	0.38	0	0	0.47
199000	0.47	0.38	0.38	0	0	0.47
199100	0.47	0.38	0.38	0	0	0.47
199200	0.47	0.38	0.38	0	0	0.47
199300	0.47	0.38	0.38	0	0	0.47
199400	0.47	0.38	0.38	0	0	0.47
199500	0.47	0.38	0.38	0	0	0.47
199600	0.47	0.38	0.38	0	0	0.47
199700	0.47	0.38	0.38	0	0	0.47
199800	0.47	0.38	0.38	0	0	0.47
199900	0.47	0.38	0.38	0	0	0.47
200000	0.47	0.38	0.38	0	0	0.47
200100	0.47	0.38	0.38	0	0	0.47
200200	0.47	0.38	0.38	0	0	0.47
200300	0.47	0.38	0.38	0	0	0.47
200400	0.46	0.39	0.39	0	0	0.46
200500	0.46	0.39	0.39	0	0	0.46
200600	0.46	0.39	0.39	0	0	0.46
200700	0.46	0.4	0.4	0	0	0.46
200800	0.46	0.39	0.39	0	0	0.46
200900	0.46	0.39	0.39	0	0	0.46
201000	0.46	0.39	0.39	0	0	0.46
201100	0.46	0.39	0.39	0	0	0.46
201200	0.46	0.39	0.39	0	0	0.46
201300	0.46	0.39	0.39	0	0	0.46
201400	0.45	0.39	0.39	0	0	0.45
201500	0.45	0.39	0.39	0	0	0.45
201600	0.46	0.39	0.39	0	0	0.46
201700	0.46	0.39	0.39	0	0	0.46
201800	0.46	0.39	0.39	0	0	0.46
201900	0.46	0.39	0.39	0	0	0.46
202000	0.46	0.4	0.4	0	0	0.46
202100	0.46	0.39	0.39	0	0	0.46
202200	0.46	0.39	0.39	0	0	0.46
202300	0.46	0.39	0.39	0	0	0.46
202400	0.46	0.39	0.39	0	0	0.46
202500	0.46	0.39	0.39	0	0	0.46
202600	0.46	0.39	0.39	0	0	0.46
202700	0.46	0.39	0.39	0	0	0.46
202800	0.46	0.39	0.39	0	0	0.46
202900	0.47	0.39	0.39	0	0	0.47
203000	0.47	0.39	0.39	0	0	0.47
203100	0.45	0.39	0.39	0	0	0.45
203200	0.45	0.39	0.39	0	0	0.45
203300	0.44	0.39	0.39	0	0	0.44
203400	0.44	0.39	0.39	0	0	0.44
203500	0.44	0.39	0.39	0	0	0.44
203600	0.44	0.39	0.39	0	0	0.44
203700	0.44	0.39	0.39	0	0	0.44
203800	0.44	0.39	0.39	0	0	0.44
203900	0.44	0.39	0.39	0	0	0.44
204000	0.45	0.4	0.4	0	0	0.45
204100	0.44	0.39	0.39	0	0	0.44
204200	0.44	0.39	0.39	0	0	0.44
204300	0.44	0.39	0.39	0	0	0.44
204400	0.44	0.39	0.39	0	0	0.44
204500	0.44	0.39	0.39	0	0	0.44
204600	0.44	0.39	0.39	0	0	0.44
204700	0.44	0.39	0.39	0	0	0.44
204800	0.45	0.39	0.39	0	0	0.45
204900	0.45	0.39	0.39	0	0	0.45
205000	0.45	0.39	0.39	0	0	0.45
205100	0.44	0.39	0.39	0	0	0.44
205200	0.44	0.39	0.39	0	0	0.44
205300	0.45	0.39	0.39	0	0	0.45
205400	0.45	0.39	0.39	0	0	0.45
205500	0.45	0.39	0.39	0	0	0.45
205600	0.45	0.39	0.39	0	0	0.45
205700	0.45	0.39	0.39	0	0	0.45
205800	0.45	0.39	0.39	0	0	0.45
205900	0.45	0.4	0.4	0	0	0.45
206000	0.45	0.39	0.39	0	0	0.45
206100	0.45	0.39	0.39	0	0	0.45
206200	0.45	0.39	0.39	0	0	0.45
206300	0.44	0.39	0.39	0	0	0.44
206400	0.44	0.39	0.39	0	0	0.44
206500	0.44	0.39	0.39	0	0	0.44
206600	0.44	0.39	0.39	0	0	0.44
206700	0.44	0.39	0.39	0	0	0.44
206800	0.44	0.39	0.39	0	0	0.44
206900	0.44	0.39	0.39	0	0	0.44
207000	0.44	0.39	0.39	0	0	0.44
207100	0.44	0.39	0.39	0	0	0.44
207200	0.44	0.39	0.39	0	0	0.44
207300	0.44	0.39	0.39	0	0	0.44
207400	0.44	0.4	0.4	0	0	0.44
207500	0.44	0.4	0.4	0	0	0.44
207600	0.44	0.39	0.39	0	0	0.44
207700	0.44	0.39	0.39	0	0	0.44
207800	0.44	0.39	0.39	0	0	0.44
207900	0.44	0.39	0.39	0	0	0.44
208000	0.44	0.39	0.39	0	0	0.44
208100	0.44	0.39	0.39	0	0	0.44
208200	0.44	0.39	0.39	0	0	0.44
208300	0.44	0.39	0.39	0	0	0.44
208400	0.43	0.39	0.39	0	0	0.43
208500	0.43	0.39	0.39	0	0	0.43
208600	0.43	0.39	0.39	0	0	0.43
208700	0.43	0.39	0.39	0	0	0.43
208800	0.43	0.39	0.39	0	0	0.43
208900	0.43	0.39	0.39	0	0	0.43
209000	0.42	0.39	0.39	0	0	0.42
209100	0.42	0.39	0.39	0	0	0.42
209200	0.43	0.39	0.39	0	0	0.43
209300	0.43	0.38	0.38	0	0	0.43
209400	0.42	0.38	0.38	0	0	0.42
209500	0.43	0.38	0.38	0	0	0.43
209600	0.43	0.38	0.38	0	0	0.43
209700	0.43	0.39	0.39	0	0	0.43
209800	0.43	0.38	0.38	0	0	0.43
209900	0.43	0.38	0.38	0	0	0.43
210000	0.44	0.38	0.38	0	0	0.44
210100	0.44	0.38	0.38	0	0	0.44
210200	0.44	0.39	0.39	0	0	0.44
210300	0.44	0.39	0.39	0	0	0.44
210400	0.44	0.39	0.39	0	0	0.44
210500	0.44	0.39	0.39	0	0	0.44
210600	0.44	0.39	0.39	0	0	0.44
210700	0.44	0.39	0.39	0	0	0.44
210800	0.44	0.39	0.39	0	0	0.44
210900	0.45	0.39	0.39	0	0	0.45
211000	0.44	0.39	0.39	0	0	0.44
211100	0.44	0.39	0.39	0	0	0.44
211200	0.44	0.38	0.38	0	0	0.44
211300	0.44	0.39	0.39	0	0	0.44
211400	0.44	0.39	0.39	0	0	0.44
211500	0.44	0.39	0.39	0	0	0.44
211600	0.44	0.39	0.39	0	0	0.44
211700	0.44	0.39	0.39	0	0	0.44
211800	0.44	0.39	0.39	0	0	0.44
211900	0.44	0.39	0.39	0	0	0.44
212000	0.44	0.39	0.39	0	0	0.44
212100	0.44	0.39	0.39	0	0	0.44
212200	0.44	0.39	0.39	0	0	0.44
212300	0.44	0.39	0.39	0	0	0.44
212400	0.44	0.39	0.39	0	0	0.44
212500	0.44	0.39	0.39	0	0	0.44
212600	0.44	0.4	0.4	0	0	0.44
212700	0.44	0.4	0.4	0	0	0.44
212800	0.44	0.4	0.4	0	0	0.44
212900	0.44	0.4	0.4	0	0	0.44
213000	0.44	0.4	0.4	0	0	0.44
213100	0.45	0.4	0.4	0	0	0.45
213200	0.45	0.4	0.4	0	0	0.45
213300	0.44	0.4	0.4	0	0	0.44
213400	0.44	0.4	0.4	0	0	0.44
213500	0.44	0.4	0.4	0	0	0.44
213600	0.44	0.4	0.4	0	0	0.44
213700	0.44	0.4	0.4	0	0	0.44
213800	0.44	0.4	0.4	0	0	0.44
213900	0.44	0.4	0.4	0	0	0.44
214000	0.44	0.4	0.4	0	0	0.44
214100	0.44	0.4	0.4	0	0	0.44
214200	0.44	0.4	0.4	0	0	0.44
214300	0.44	0.4	0.4	0	0	0.44
214400	0.44	0.4	0.4	0	0	0.44
214500	0.44	0.4	0.4	0	0	0.44
214600	0.44	0.4	0.4	0	0	0.44
214700	0.44	0.4	0.4	0	0	0.44
214800	0.44	0.4	0.4	0	0	0.44
214900	0.44	0.4	0.4	0	0	0.44
215000	0.44	0.4	0.4	0	0	0.44
215100	0.44	0.4	0.4	0	0	0.44
215200	0.44	0.4	0.4	0	0	0.44
215300	0.44	0.4	0.4	0	0	0.44
215400	0.44	0.4	0.4	0	0	0.44
215500	0.44	0.4	0.4	0	0	0.44
215600	0.44	0.4	0.4	0	0	0.44
215700	0.43	0.4	0.4	0	0	0.43
215800	0.43	0.4	0.4	0	0	0.43
215900	0.44	0.4	0.4	0	0	0.44
216000	0.43	0.4	0.4	0	0	0.43
216100	0.43	0.4	0.4	0	0	0.43
216200	0.43	0.4	0.4	0	0	0.43
216300	0.44	0.4	0.4	0	0	0.44
216400	0.44	0.4	0.4	0	0	0.44
216500	0.45	0.41	0.41	0	0	0.45
216600	0.45	0.4	0.4	0	0	0.45
216700	0.45	0.4	0.4	0	0	0.45
216800	0.44	0.4	0.4	0	0	0.44
216900	0.44	0.4	0.4	0	0	0.44
217000	0.44	0.4	0.4	0	0	0.44
217100	0.44	0.4	0.4	0	0	0.44
217200	0.44	0.4	0.4	0	0	0.44
217300	0.44	0.4	0.4	0	0	0.44
217400	0.44	0.4	0.4	0	0	0.44
217500	0.44	0.4	0.4	0	0	0.44
217600	0.44	0.4	0.4	0	0	0.44
217700	0.45	0.4	0.4	0	0	0.45
217800	0.45	0.4	0.4	0	0	0.45
217900	0.44	0.4	0.4	0	0	0.44
218000	0.44	0.4	0.4	0	0	0.44
218100	0.44	0.4	0.4	0	0	0.44
218200	0.44	0.4	0.4	0	0	0.44
218300	0.44	0.4	0.4	0	0	0.44
218400	0.44	0.4	0.4	0	0	0.44
218500	0.44	0.39	0.39	0	0	0.44
218600	0.44	0.39	0.39	0	0	0.44
218700	0.44	0.39	0.39	0	0	0.44
218800	0.44	0.39	0.39	0	0	0.44
218900	0.44	0.39	0.39	0	0	0.44
219000	0.44	0.39	0.39	0	0	0.44
219100	0.44	0.39	0.39	0	0	0.44
219200	0.44	0.39	0.39	0	0	0.44
219300	0.44	0.39	0.39	0	0	0.44
219400	0.44	0.39	0.39	0	0	0.44
219500	0.45	0.39	0.39	0	0	0.45
219600	0.46	0.39	0.39	0	0	0.46
219700	0.45	0.39	0.39	0	0	0.45
219800	0.45	0.39	0.39	0	0	0.45
219900	0.45	0.39	0.39	0	0	0.45
220000	0.45	0.39	0.39	0	0	0.45
220100	0.45	0.39	0.39	0	0	0.45
220200	0.45	0.39	0.39	0	0	0.45
220300	0.45	0.39	0.39	0	0	0.45
220400	0.45	0.39	0.39	0	0	0.45
220500	0.45	0.39	0.39	0	0	0.45
220600	0.45	0.39	0.39	0	0	0.45
220700	0.46	0.39	0.39	0	0	0.46
220800	0.46	0.39	0.39	0	0	0.46
220900	0.46	0.39	0.39	0	0	0.46
221000	0.46	0.39	0.39	0	0	0.46
221100	0.46	0.39	0.39	0	0	0.46
221200	0.46	0.39	0.39	0	0	0.46
221300	0.46	0.39	0.39	0	0	0.46
221400	0.46	0.39	0.39	0	0	0.46
221500	0.46	0.39	0.39	0	0	0.46
221600	0.46	0.39	0.39	0	0	0.46
221700	0.46	0.39	0.39	0	0	0.46
221800	0.46	0.39	0.39	0	0	0.46
221900	0.46	0.39	0.39	0	0	0.46
222000	0.46	0.39	0.39	0	0	0.46
222100	0.46	0.39	0.39	0	0	0.46
222200	0.46	0.39	0.39	0	0	0.46
222300	0.46	0.39	0.39	0	0	0.46
222400	0.46	0.39	0.39	0	0	0.46
222500	0.46	0.39	0.39	0	0	0.46
222600	0.46	0.39	0.39	0	0	0.46
222700	0.46	0.39	0.39	0	0	0.46
222800	0.46	0.39	0.39	0	0	0.46
222900	0.46	0.39	0.39	0	0	0.46
223000	0.46	0.39	0.39	0	0	0.46
223100	0.46	0.39	0.39	0	0	0.46
223200	0.46	0.39	0.39	0	0	0.46
223300	0.46	0.39	0.39	0	0	0.46
223400	0.46	0.39	0.39	0	0	0.46
223500	0.45	0.41	0.41	0	0	0.45
223600	0.45	0.41	0.41	0	0	0.45
223700	0.43	0.42	0.42	0	0	0.43
223800	0.43	0.42	0.42	0	0	0.43
223900	0.42	0.42	0.42	0	0	0.42
224000	0.42	0.42	0.42	0	0	0.42
224100	0.42	0.42	0.42	0	0	0.42
224200	0.42	0.42	0.42	0	0	0.42
224300	0.42	0.42	0.42	0	0	0.42
224400	0.42	0.42	0.42	0	0	0.42
224500	0.42	0.42	0.42	0	0	0.42
224600	0.42	0.42	0.42	0	0	0.42
224700	0.42	0.42	0.42	0	0	0.42
224800	0.42	0.42	0.42	0	0	0.42
224900	0.42	0.42	0.42	0	0	0.42
225000	0.42	0.42	0.42	0	0	0.42
225100	0.42	0.42	0.42	0	0	0.42
225200	0.42	0.42	0.42	0	0	0.42
225300	0.42	0.42	0.42	0	0	0.42
225400	0.42	0.42	0.42	0	0	0.42
225500	0.42	0.42	0.42	0	0	0.42
225600	0.42	0.42	0.42	0	0	0.42
225700	0.42	0.42	0.42	0	0	0.42
225800	0.42	0.42	0.42	0	0	0.42
225900	0.42	0.42	0.42	0	0	0.42
226000	0.42	0.42	0.42	0	0	0.42
226100	0.42	0.42	0.42	0	0	0.42
226200	0.42	0.42	0.42	0	0	0.42
226300	0.42	0.42	0.42	0	0	0.42
226400	0.42	0.41	0.41	0	0	0.42
226500	0.42	0.41	0.41	0	0	0.42
226600	0.42	0.41	0.41	0	0	0.42
226700	0.42	0.41	0.41	0	0	0.42
226800	0.42	0.41	0.41	0	0	0.42
226900	0.42	0.41	0.41	0	0	0.42
227000	0.42	0.41	0.41	0	0	0.42
227100	0.42	0.41	0.41	0	0	0.42
227200	0.42	0.41	0.41	0	0	0.42
227300	0.42	0.41	0.41	0	0	0.42
227400	0.42	0.41	0.41	0	0	0.42
227500	0.42	0.41	0.41	0	0	0.42
227600	0.42	0.41	0.41	0	0	0.42
227700	0.42	0.41	0.41	0	0	0.42
227800	0.42	0.41	0.41	0	0	0.42
227900	0.42	0.41	0.41	0	0	0.42
228000	0.42	0.41	0.41	0	0	0.42
228100	0.42	0.41	0.41	0	0	0.42
228200	0.42	0.41	0.41	0	0	0.42
228300	0.42	0.41	0.41	0	0	0.42
228400	0.42	0.41	0.41	0	0	0.42
228500	0.42	0.41	0.41	0	0	0.42
228600	0.42	0.41	0.41	0	0	0.42
228700	0.42	0.41	0.41	0	0	0.42
228800	0.42	0.41	0.41	0	0	0.42
228900	0.42	0.41	0.41	0	0	0.42
229000	0.42	0.41	0.41	0	0	0.42
229100	0.42	0.41	0.41	0	0	0.42
229200	0.42	0.41	0.41	0	0	0.42
229300	0.42	0.41	0.41	0	0	0.42
229400	0.42	0.41	0.41	0	0	0.42
229500	0.42	0.41	0.41	0	0	0.42
229600	0.42	0.42	0.42	0	0	0.42
229700	0.42	0.42	0.42	0	0	0.42
229800	0.42	0.42	0.42	0	0	0.42
229900	0.42	0.42	0.42	0	0	0.42
230000	0.42	0.42	0.42	0	0	0.42
230100	0.42	0.42	0.42	0	0	0.42
230200	0.42	0.42	0.42	0	0	0.42
230300	0.43	0.42	0.42	0	0	0.43
230400	0.43	0.42	0.42	0	0	0.43
230500	0.43	0.43	0.43	0	0	0.43
230600	0.42	0.42	0.42	0	0	0.42
230700	0.43	0.42	0.42	0	0	0.43
230800	0.44	0.42	0.42	0	0	0.44
230900	0.44	0.42	0.42	0	0	0.44
231000	0.44	0.42	0.42	0	0	0.44
231100	0.44	0.42	0.42	0	0	0.44
231200	0.44	0.42	0.42	0	0	0.44
231300	0.44	0.42	0.42	0	0	0.44
231400	0.44	0.42	0.42	0	0	0.44
231500	0.44	0.42	0.42	0	0	0.44
231600	0.44	0.42	0.42	0	0	0.44
231700	0.44	0.42	0.42	0	0	0.44
231800	0.44	0.42	0.42	0	0	0.44
231900	0.44	0.42	0.42	0	0	0.44
232000	0.43	0.42	0.42	0	0	0.43
232100	0.43	0.42	0.42	0	0	0.43
232200	0.43	0.43	0.43	0	0	0.43
232300	0.43	0.43	0.43	0	0	0.43
232400	0.43	0.43	0.43	0	0	0.43
232500	0.43	0.43	0.43	0	0	0.43
232600	0.43	0.43	0.43	0	0	0.43
232700	0.43	0.43	0.43	0	0	0.43
232800	0.43	0.43	0.43	0	0	0.43
232900	0.43	0.43	0.43	0	0	0.43
233000	0.43	0.43	0.43	0	0	0.43
233100	0.43	0.43	0.43	0	0	0.43
233200	0.43	0.43	0.43	0	0	0.43
233300	0.44	0.43	0.43	0	0	0.44
233400	0.44	0.43	0.43	0	0	0.44
233500	0.44	0.43	0.43	0	0	0.44
233600	0.45	0.43	0.43	0	0	0.45
233700	0.45	0.44	0.44	0	0	0.45
233800	0.45	0.43	0.43	0	0	0.45
233900	0.45	0.42	0.42	0	0	0.45
234000	0.45	0.42	0.42	0	0	0.45
234100	0.46	0.42	0.42	0	0	0.46
234200	0.46	0.42	0.42	0	0	0.46
234300	0.46	0.42	0.42	0	0	0.46
234400	0.46	0.42	0.42	0	0	0.46
234500	0.46	0.43	0.43	0	0	0.46
234600	0.45	0.43	0.43	0	0	0.45
234700	0.45	0.43	0.43	0	0	0.45
234800	0.45	0.43	0.43	0	0	0.45
234900	0.45	0.43	0.43	0	0	0.45
235000	0.45	0.43	0.43	0	0	0.45
235100	0.45	0.43	0.43	0	0	0.45
235200	0.45	0.44	0.44	0	0	0.45
235300	0.46	0.44	0.44	0	0	0.46
235400	0.46	0.44	0.44	0	0	0.46
235500	0.46	0.45	0.45	0	0	0.46
235600	0.46	0.44	0.44	0	0	0.46
235700	0.46	0.43	0.43	0	0	0.46
235800	0.46	0.42	0.42	0	0	0.46
235900	0.46	0.42	0.42	0	0	0.46
236000	0.46	0.42	0.42	0	0	0.46
236100	0.46	0.42	0.42	0	0	0.46
236200	0.46	0.42	0.42	0	0	0.46
236300	0.46	0.42	0.42	0	0	0.46
236400	0.46	0.42	0.42	0	0	0.46
236500	0.46	0.42	0.42	0	0	0.46
236600	0.46	0.42	0.42	0	0	0.46
236700	0.46	0.43	0.43	0	0	0.46
236800	0.46	0.43	0.43	0	0	0.46
236900	0.46	0.43	0.43	0	0	0.46
237000	0.46	0.43	0.43	0	0	0.46
237100	0.46	0.43	0.43	0	0	0.46
237200	0.46	0.43	0.43	0	0	0.46
237300	0.46	0.43	0.43	0	0	0.46
237400	0.46	0.43	0.43	0	0	0.46
237500	0.46	0.43	0.43	0	0	0.46
237600	0.46	0.43	0.43	0	0	0.46
237700	0.46	0.43	0.43	0	0	0.46
237800	0.46	0.43	0.43	0	0	0.46
237900	0.46	0.43	0.43	0	0	0.46
238000	0.47	0.43	0.43	0	0	0.47
238100	0.47	0.43	0.43	0	0	0.47
238200	0.47	0.43	0.43	0	0	0.47
238300	0.48	0.43	0.43	0	0	0.48
238400	0.48	0.43	0.43	0	0	0.48
238500	0.48	0.43	0.43	0	0	0.48
238600	0.48	0.43	0.43	0	0	0.48
238700	0.47	0.43	0.43	0	0	0.47
238800	0.47	0.43	0.43	0	0	0.47
238900	0.47	0.43	0.43	0	0	0.47
239000	0.47	0.43	0.43	0	0	0.47
239100	0.47	0.43	0.43	0	0	0.47
239200	0.47	0.43	0.43	0	0	0.47
239300	0.47	0.42	0.42	0	0	0.47
239400	0.47	0.42	0.42	0	0	0.47
239500	0.47	0.42	0.42	0	0	0.47
239600	0.47	0.42	0.42	0	0	0.47
239700	0.47	0.42	0.42	0	0	0.47
239800	0.47	0.42	0.42	0	0	0.47
239900	0.47	0.42	0.42	0	0	0.47
240000	0.47	0.42	0.42	0	0	0.47
240100	0.47	0.42	0.42	0	0	0.47
240200	0.46	0.42	0.42	0	0	0.46
240300	0.46	0.42	0.42	0	0	0.46
240400	0.46	0.42	0.42	0	0	0.46
240500	0.46	0.42	0.42	0	0	0.46
240600	0.46	0.42	0.42	0	0	0.46
240700	0.47	0.42	0.42	0	0	0.47
240800	0.47	0.42	0.42	0	0	0.47
240900	0.47	0.42	0.42	0	0	0.47
241000	0.47	0.42	0.42	0	0	0.47
241100	0.47	0.42	0.42	0	0	0.47
241200	0.47	0.42	0.42	0	0	0.47
241300	0.47	0.42	0.42	0	0	0.47
241400	0.47	0.42	0.42	0	0	0.47
241500	0.47	0.42	0.42	0	0	0.47
241600	0.47	0.42	0.42	0	0	0.47
241700	0.47	0.42	0.42	0	0	0.47
241800	0.47	0.42	0.42	0	0	0.47
241900	0.47	0.42	0.42	0	0	0.47
242000	0.47	0.42	0.42	0	0	0.47
242100	0.47	0.42	0.42	0	0	0.47
242200	0.47	0.42	0.42	0	0	0.47
242300	0.47	0.42	0.42	0	0	0.47
242400	0.47	0.42	0.42	0	0	0.47
242500	0.47	0.42	0.42	0	0	0.47
242600	0.47	0.42	0.42	0	0	0.47
242700	0.47	0.42	0.42	0	0	0.47
242800	0.47	0.42	0.42	0	0	0.47
242900	0.47	0.42	0.42	0	0	0.47
243000	0.47	0.42	0.42	0	0	0.47
243100	0.47	0.42	0.42	0	0	0.47
243200	0.47	0.42	0.42	0	0	0.47
243300	0.47	0.42	0.42	0	0	0.47
243400	0.47	0.42	0.42	0	0	0.47
243500	0.47	0.42	0.42	0	0	0.47
243600	0.47	0.42	0.42	0	0	0.47
243700	0.47	0.43	0.43	0	0	0.47
243800	0.47	0.42	0.42	0	0	0.47
243900	0.47	0.42	0.42	0	0	0.47
244000	0.47	0.42	0.42	0	0	0.47
244100	0.47	0.42	0.42	0	0	0.47
244200	0.47	0.42	0.42	0	0	0.47
244300	0.47	0.42	0.42	0	0	0.47
244400	0.48	0.42	0.42	0	0	0.48
244500	0.48	0.42	0.42	0	0	0.48
244600	0.48	0.42	0.42	0	0	0.48
244700	0.48	0.42	0.42	0	0	0.48
244800	0.48	0.42	0.42	0	0	0.48
244900	0.48	0.42	0.42	0	0	0.48
245000	0.48	0.42	0.42	0	0	0.48
245100	0.48	0.42	0.42	0	0	0.48
245200	0.48	0.42	0.42	0	0	0.48
245300	0.48	0.42	0.42	0	0	0.48
245400	0.48	0.42	0.42	0	0	0.48
245500	0.48	0.42	0.42	0	0	0.48
245600	0.48	0.42	0.42	0	0	0.48
245700	0.48	0.42	0.42	0	0	0.48
245800	0.48	0.42	0.42	0	0	0.48
245900	0.48	0.42	0.42	0	0	0.48
246000	0.48	0.42	0.42	0	0	0.48
246100	0.48	0.42	0.42	0	0	0.48
246200	0.48	0.42	0.42	0	0	0.48
246300	0.48	0.42	0.42	0	0	0.48
246400	0.48	0.42	0.42	0	0	0.48
246500	0.48	0.42	0.42	0	0	0.48
246600	0.48	0.42	0.42	0	0	0.48
246700	0.48	0.42	0.42	0	0	0.48
246800	0.48	0.42	0.42	0	0	0.48
246900	0.48	0.42	0.42	0	0	0.48
247000	0.48	0.42	0.42	0	0	0.48
247100	0.48	0.42	0.42	0	0	0.48
247200	0.48	0.42	0.42	0	0	0.48
247300	0.48	0.42	0.42	0	0	0.48
247400	0.48	0.42	0.42	0	0	0.48
247500	0.48	0.42	0.42	0	0	0.48
247600	0.48	0.42	0.42	0	0	0.48
247700	0.48	0.42	0.42	0	0	0.48
247800	0.48	0.42	0.42	0	0	0.48
247900	0.48	0.43	0.43	0	0	0.48
248000	0.48	0.42	0.42	0	0	0.48
248100	0.48	0.42	0.42	0	0	0.48
248200	0.48	0.42	0.42	0	0	0.48
248300	0.48	0.42	0.42	0	0	0.48
248400	0.48	0.42	0.42	0	0	0.48
248500	0.48	0.42	0.42	0	0	0.48
248600	0.48	0.42	0.42	0	0	0.48
248700	0.48	0.42	0.42	0	0	0.48
248800	0.48	0.42	0.42	0	0	0.48
248900	0.48	0.42	0.42	0	0	0.48
249000	0.49	0.42	0.42	0	0	0.49
249100	0.49	0.42	0.42	0	0	0.49
249200	0.49	0.42	0.42	0	0	0.49
249300	0.49	0.42	0.42	0	0	0.49
249400	0.49	0.42	0.42	0	0	0.49
249500	0.49	0.43	0.43	0	0	0.49
249600	0.49	0.42	0.42	0	0	0.49
249700	0.49	0.42	0.42	0	0	0.49
249800	0.49	0.42	0.42	0	0	0.49
249900	0.49	0.42	0.42	0	0	0.49
250000	0.49	0.42	0.42	0	0	0.49
250100	0.49	0.42	0.42	0	0	0.49
250200	0.49	0.42	0.42	0	0	0.49
250300	0.49	0.42	0.42	0	0	0.49
250400	0.49	0.42	0.42	0	0	0.49
250500	0.49	0.43	0.43	0	0	0.49
250600	0.49	0.43	0.43	0	0	0.49
250700	0.49	0.42	0.42	0	0	0.49
250800	0.49	0.42	0.42	0	0	0.49
250900	0.49	0.43	0.43	0	0	0.49
251000	0.49	0.43	0.43	0	0	0.49
251100	0.49	0.43	0.43	0	0	0.49
251200	0.49	0.43	0.43	0	0	0.49
251300	0.49	0.43	0.43	0	0	0.49
251400	0.49	0.43	0.43	0	0	0.49
251500	0.49	0.43	0.43	0	0	0.49
251600	0.49	0.43	0.43	0	0	0.49
251700	0.49	0.43	0.43	0	0	0.49
251800	0.49	0.43	0.43	0	0	0.49
251900	0.49	0.43	0.43	0	0	0.49
252000	0.49	0.43	0.43	0	0	0.49
252100	0.49	0.43	0.43	0	0	0.49
252200	0.49	0.43	0.43	0	0	0.49
252300	0.49	0.43	0.43	0	0	0.49
252400	0.49	0.43	0.43	0	0	0.49
252500	0.49	0.43	0.43	0	0	0.49
252600	0.49	0.43	0.43	0	0	0.49
252700	0.49	0.43	0.43	0	0	0.49
252800	0.49	0.43	0.43	0	0	0.49
252900	0.49	0.43	0.43	0	0	0.49
253000	0.49	0.43	0.43	0	0	0.49
253100	0.49	0.43	0.43	0	0	0.49
253200	0.49	0.43	0.43	0	0	0.49
253300	0.49	0.43	0.43	0	0	0.49
253400	0.49	0.43	0.43	0	0	0.49
253500	0.49	0.43	0.43	0	0	0.49
253600	0.49	0.43	0.43	0	0	0.49
253700	0.49	0.43	0.43	0	0	0.49
253800	0.49	0.43	0.43	0	0	0.49
253900	0.49	0.43	0.43	0	0	0.49
254000	0.49	0.43	0.43	0	0	0.49
254100	0.49	0.43	0.43	0	0	0.49
254200	0.49	0.43	0.43	0	0	0.49
254300	0.49	0.43	0.43	0	0	0.49
254400	0.49	0.43	0.43	0	0	0.49
254500	0.49	0.43	0.43	0	0	0.49
254600	0.49	0.43	0.43	0	0	0.49
254700	0.49	0.43	0.43	0	0	0.49
254800	0.5	0.43	0.43	0	0	0.5
254900	0.49	0.43	0.43	0	0	0.49
255000	0.49	0.43	0.43	0	0	0.49
255100	0.49	0.43	0.43	0	0	0.49
255200	0.49	0.43	0.43	0	0	0.49
255300	0.49	0.43	0.43	0	0	0.49
255400	0.49	0.43	0.43	0	0	0.49
255500	0.49	0.43	0.43	0	0	0.49
255600	0.49	0.42	0.42	0	0	0.49
255700	0.49	0.42	0.42	0	0	0.49
255800	0.49	0.42	0.42	0	0	0.49
255900	0.49	0.42	0.42	0	0	0.49
256000	0.49	0.42	0.42	0	0	0.49
256100	0.49	0.42	0.42	0	0	0.49
256200	0.49	0.42	0.42	0	0	0.49
256300	0.49	0.42	0.42	0	0	0.49
256400	0.49	0.42	0.42	0	0	0.49
256500	0.49	0.42	0.42	0	0	0.49
256600	0.49	0.42	0.42	0	0	0.49
256700	0.49	0.42	0.42	0	0	0.49
256800	0.49	0.42	0.42	0	0	0.49
256900	0.49	0.42	0.42	0	0	0.49
257000	0.49	0.42	0.42	0	0	0.49
257100	0.48	0.42	0.42	0	0	0.48
257200	0.48	0.42	0.42	0	0	0.48
257300	0.48	0.42	0.42	0	0	0.48
257400	0.48	0.41	0.41	0	0	0.48
257500	0.48	0.41	0.41	0	0	0.48
257600	0.47	0.41	0.41	0	0	0.47
257700	0.47	0.41	0.41	0	0	0.47
257800	0.47	0.41	0.41	0	0	0.47
257900	0.47	0.41	0.41	0	0	0.47
258000	0.47	0.41	0.41	0	0	0.47
258100	0.47	0.41	0.41	0	0	0.47
258200	0.47	0.42	0.42	0	0	0.47
258300	0.47	0.42	0.42	0	0	0.47
258400	0.47	0.42	0.42	0	0	0.47
258500	0.47	0.42	0.42	0	0	0.47
258600	0.47	0.42	0.42	0	0	0.47
258700	0.47	0.42	0.42	0	0	0.47
258800	0.47	0.42	0.42	0	0	0.47
258900	0.47	0.42	0.42	0	0	0.47
259000	0.47	0.42	0.42	0	0	0.47
259100	0.47	0.42	0.42	0	0	0.47
259200	0.47	0.42	0.42	0	0	0.47
259300	0.47	0.42	0.42	0	0	0.47
259400	0.47	0.42	0.42	0	0	0.47
259500	0.47	0.42	0.42	0	0	0.47
259600	0.47	0.42	0.42	0	0	0.47
259700	0.47	0.42	0.42	0	0	0.47
259800	0.47	0.42	0.42	0	0	0.47
259900	0.47	0.42	0.42	0	0	0.47
260000	0.47	0.42	0.42	0	0	0.47
260100	0.47	0.42	0.42	0	0	0.47
260200	0.47	0.42	0.42	0	0	0.47
260300	0.47	0.42	0.42	0	0	0.47
260400	0.48	0.42	0.42	0	0	0.48
260500	0.47	0.42	0.42	0	0	0.47
260600	0.47	0.42	0.42	0	0	0.47
260700	0.47	0.42	0.42	0	0	0.47
260800	0.47	0.42	0.42	0	0	0.47
260900	0.47	0.43	0.43	0	0	0.47
261000	0.47	0.43	0.43	0	0	0.47
261100	0.47	0.43	0.43	0	0	0.47
261200	0.47	0.42	0.42	0	0	0.47
261300	0.47	0.42	0.42	0	0	0.47
261400	0.47	0.42	0.42	0	0	0.47
261500	0.47	0.42	0.42	0	0	0.47
261600	0.47	0.42	0.42	0	0	0.47
261700	0.47	0.42	0.42	0	0	0.47
261800	0.47	0.42	0.42	0	0	0.47
261900	0.47	0.43	0.43	0	0	0.47
262000	0.47	0.44	0.44	0	0	0.47
262100	0.47	0.44	0.44	0	0	0.47
262200	0.47	0.44	0.44	0	0	0.47
262300	0.47	0.44	0.44	0	0	0.47
262400	0.47	0.44	0.44	0	0	0.47
262500	0.47	0.44	0.44	0	0	0.47
262600	0.47	0.44	0.44	0	0	0.47
262700	0.47	0.44	0.44	0	0	0.47
262800	0.47	0.44	0.44	0	0	0.47
262900	0.47	0.44	0.44	0	0	0.47
263000	0.47	0.44	0.44	0	0	0.47
263100	0.47	0.44	0.44	0	0	0.47
263200	0.47	0.44	0.44	0	0	0.47
263300	0.47	0.44	0.44	0	0	0.47
263400	0.47	0.44	0.44	0	0	0.47
263500	0.47	0.44	0.44	0	0	0.47
263600	0.47	0.44	0.44	0	0	0.47
263700	0.47	0.44	0.44	0	0	0.47
263800	0.47	0.44	0.44	0	0	0.47
263900	0.47	0.44	0.44	0	0	0.47
264000	0.47	0.44	0.44	0	0	0.47
264100	0.47	0.44	0.44	0	0	0.47
264200	0.47	0.44	0.44	0	0	0.47
264300	0.47	0.44	0.44	0	0	0.47
264400	0.47	0.44	0.44	0	0	0.47
264500	0.47	0.44	0.44	0	0	0.47
264600	0.47	0.43	0.43	0	0	0.47
264700	0.47	0.43	0.43	0	0	0.47
264800	0.47	0.43	0.43	0	0	0.47
264900	0.47	0.43	0.43	0	0	0.47
265000	0.47	0.43	0.43	0	0	0.47
265100	0.47	0.43	0.43	0	0	0.47
265200	0.47	0.44	0.44	0	0	0.47
265300	0.47	0.43	0.43	0	0	0.47
265400	0.47	0.43	0.43	0	0	0.47
265500	0.47	0.43	0.43	0	0	0.47
265600	0.47	0.43	0.43	0	0	0.47
265700	0.47	0.43	0.43	0	0	0.47
265800	0.47	0.43	0.43	0	0	0.47
265900	0.47	0.43	0.43	0	0	0.47
266000	0.47	0.43	0.43	0	0	0.47
266100	0.47	0.43	0.43	0	0	0.47
266200	0.47	0.43	0.43	0	0	0.47
266300	0.47	0.43	0.43	0	0	0.47
266400	0.47	0.43	0.43	0	0	0.47
266500	0.47	0.43	0.43	0	0	0.47
266600	0.47	0.43	0.43	0	0	0.47
266700	0.47	0.43	0.43	0	0	0.47
266800	0.47	0.43	0.43	0	0	0.47
266900	0.47	0.43	0.43	0	0	0.47
267000	0.47	0.43	0.43	0	0	0.47
267100	0.47	0.43	0.43	0	0	0.47
267200	0.47	0.43	0.43	0	0	0.47
267300	0.47	0.43	0.43	0	0	0.47
267400	0.47	0.43	0.43	0	0	0.47
267500	0.47	0.43	0.43	0	0	0.47
267600	0.47	0.43	0.43	0	0	0.47
267700	0.47	0.43	0.43	0	0	0.47
267800	0.48	0.43	0.43	0	0	0.48
267900	0.47	0.43	0.43	0	0	0.47
268000	0.47	0.43	0.43	0	0	0.47
268100	0.47	0.43	0.43	0	0	0.47
268200	0.47	0.43	0.43	0	0	0.47
268300	0.47	0.43	0.43	0	0	0.47
268400	0.47	0.43	0.43	0	0	0.47
268500	0.47	0.43	0.43	0	0	0.47
268600	0.47	0.43	0.43	0	0	0.47
268700	0.47	0.43	0.43	0	0	0.47
268800	0.47	0.43	0.43	0	0	0.47
268900	0.47	0.43	0.43	0	0	0.47
269000	0.47	0.43	0.43	0	0	0.47
269100	0.47	0.43	0.43	0	0	0.47
269200	0.47	0.43	0.43	0	0	0.47
269300	0.47	0.43	0.43	0	0	0.47
269400	0.47	0.43	0.43	0	0	0.47
269500	0.47	0.43	0.43	0	0	0.47
269600	0.47	0.43	0.43	0	0	0.47
269700	0.47	0.43	0.43	0	0	0.47
269800	0.47	0.43	0.43	0	0	0.47
269900	0.47	0.43	0.43	0	0	0.47
270000	0.47	0.43	0.43	0	0	0.47
270100	0.47	0.43	0.43	0	0	0.47
270200	0.47	0.43	0.43	0	0	0.47
270300	0.47	0.43	0.43	0	0	0.47
270400	0.47	0.43	0.43	0	0	0.47
270500	0.47	0.43	0.43	0	0	0.47
270600	0.47	0.43	0.43	0	0	0.47
270700	0.47	0.43	0.43	0	0	0.47
270800	0.47	0.43	0.43	0	0	0.47
270900	0.47	0.43	0.43	0	0	0.47
271000	0.47	0.43	0.43	0	0	0.47
271100	0.47	0.43	0.43	0	0	0.47
271200	0.47	0.43	0.43	0	0	0.47
271300	0.47	0.43	0.43	0	0	0.47
271400	0.47	0.43	0.43	0	0	0.47
271500	0.47	0.43	0.43	0	0	0.47
271600	0.47	0.43	0.43	0	0	0.47
271700	0.47	0.43	0.43	0	0	0.47
271800	0.47	0.43	0.43	0	0	0.47
271900	0.47	0.43	0.43	0	0	0.47
272000	0.47	0.43	0.43	0	0	0.47
272100	0.47	0.43	0.43	0	0	0.47
272200	0.47	0.43	0.43	0	0	0.47
272300	0.47	0.43	0.43	0	0	0.47
272400	0.47	0.43	0.43	0	0	0.47
272500	0.47	0.43	0.43	0	0	0.47
272600	0.47	0.43	0.43	0	0	0.47
272700	0.47	0.43	0.43	0	0	0.47
272800	0.47	0.43	0.43	0	0	0.47
272900	0.47	0.43	0.43	0	0	0.47
273000	0.47	0.43	0.43	0	0	0.47
273100	0.47	0.43	0.43	0	0	0.47
273200	0.47	0.43	0.43	0	0	0.47
273300	0.47	0.43	0.43	0	0	0.47
273400	0.47	0.43	0.43	0	0	0.47
273500	0.47	0.43	0.43	0	0	0.47
273600	0.47	0.43	0.43	0	0	0.47
273700	0.47	0.43	0.43	0	0	0.47
273800	0.48	0.43	0.43	0	0	0.48
273900	0.48	0.43	0.43	0	0	0.48
274000	0.48	0.43	0.43	0	0	0.48
274100	0.48	0.43	0.43	0	0	0.48
274200	0.48	0.43	0.43	0	0	0.48
274300	0.48	0.43	0.43	0	0	0.48
274400	0.48	0.43	0.43	0	0	0.48
274500	0.48	0.43	0.43	0	0	0.48
274600	0.48	0.43	0.43	0	0	0.48
274700	0.48	0.43	0.43	0	0	0.48
274800	0.48	0.43	0.43	0	0	0.48
274900	0.48	0.43	0.43	0	0	0.48
275000	0.48	0.43	0.43	0	0	0.48
275100	0.48	0.43	0.43	0	0	0.48
275200	0.48	0.43	0.43	0	0	0.48
275300	0.48	0.43	0.43	0	0	0.48
275400	0.48	0.43	0.43	0	0	0.48
275500	0.48	0.43	0.43	0	0	0.48
275600	0.48	0.43	0.43	0	0	0.48
275700	0.48	0.43	0.43	0	0	0.48
275800	0.48	0.43	0.43	0	0	0.48
275900	0.48	0.43	0.43	0	0	0.48
276000	0.49	0.43	0.43	0	0	0.49
276100	0.49	0.43	0.43	0	0	0.49
276200	0.49	0.43	0.43	0	0	0.49
276300	0.49	0.43	0.43	0	0	0.49
276400	0.49	0.43	0.43	0	0	0.49
276500	0.49	0.43	0.43	0	0	0.49
276600	0.49	0.43	0.43	0	0	0.49
276700	0.49	0.43	0.43	0	0	0.49
276800	0.49	0.43	0.43	0	0	0.49
276900	0.49	0.43	0.43	0	0	0.49
277000	0.49	0.43	0.43	0	0	0.49
277100	0.49	0.43	0.43	0	0	0.49
277200	0.49	0.43	0.43	0	0	0.49
277300	0.49	0.43	0.43	0	0	0.49
277400	0.49	0.43	0.43	0	0	0.49
277500	0.49	0.43	0.43	0	0	0.49
277600	0.49	0.43	0.43	0	0	0.49
277700	0.49	0.43	0.43	0	0	0.49
277800	0.49	0.44	0.44	0	0	0.49
277900	0.49	0.43	0.43	0	0	0.49
278000	0.49	0.43	0.43	0	0	0.49
278100	0.49	0.43	0.43	0	0	0.49
278200	0.49	0.43	0.43	0	0	0.49
278300	0.49	0.43	0.43	0	0	0.49
278400	0.49	0.43	0.43	0	0	0.49
278500	0.49	0.43	0.43	0	0	0.49
278600	0.49	0.43	0.43	0	0	0.49
278700	0.49	0.43	0.43	0	0	0.49
278800	0.49	0.43	0.43	0	0	0.49
278900	0.49	0.43	0.43	0	0	0.49
279000	0.49	0.43	0.43	0	0	0.49
279100	0.5	0.43	0.43	0	0	0.5
279200	0.5	0.43	0.43	0	0	0.5
279300	0.5	0.43	0.43	0	0	0.5
279400	0.5	0.44	0.44	0	0	0.5
279500	0.5	0.44	0.44	0	0	0.5
279600	0.5	0.44	0.44	0	0	0.5
279700	0.5	0.44	0.44	0	0	0.5
279800	0.5	0.44	0.44	0	0	0.5
279900	0.5	0.44	0.44	0	0	0.5
280000	0.5	0.44	0.44	0	0	0.5
280100	0.5	0.44	0.44	0	0	0.5
280200	0.5	0.44	0.44	0	0	0.5
280300	0.5	0.43	0.43	0	0	0.5
280400	0.5	0.43	0.43	0	0	0.5
280500	0.5	0.43	0.43	0	0	0.5
280600	0.5	0.43	0.43	0	0	0.5
280700	0.5	0.43	0.43	0	0	0.5
280800	0.5	0.43	0.43	0	0	0.5
280900	0.5	0.43	0.43	0	0	0.5
281000	0.5	0.43	0.43	0	0	0.5
281100	0.5	0.43	0.43	0	0	0.5
281200	0.5	0.43	0.43	0	0	0.5
281300	0.5	0.43	0.43	0	0	0.5
281400	0.5	0.43	0.43	0	0	0.5
281500	0.5	0.43	0.43	0	0	0.5
281600	0.5	0.43	0.43	0	0	0.5
281700	0.5	0.43	0.43	0	0	0.5
281800	0.5	0.43	0.43	0	0	0.5
281900	0.5	0.43	0.43	0	0	0.5
282000	0.5	0.43	0.43	0	0	0.5
282100	0.5	0.43	0.43	0	0	0.5
282200	0.5	0.43	0.43	0	0	0.5
282300	0.5	0.44	0.44	0	0	0.5
282400	0.5	0.44	0.44	0	0	0.5
282500	0.5	0.44	0.44	0	0	0.5
282600	0.5	0.44	0.44	0	0	0.5
282700	0.51	0.43	0.43	0	0	0.51
282800	0.5	0.43	0.43	0	0	0.5
282900	0.5	0.43	0.43	0	0	0.5
283000	0.5	0.43	0.43	0	0	0.5
283100	0.5	0.43	0.43	0	0	0.5
283200	0.5	0.43	0.43	0	0	0.5
283300	0.5	0.43	0.43	0	0	0.5
283400	0.5	0.43	0.43	0	0	0.5
283500	0.5	0.44	0.44	0	0	0.5
283600	0.5	0.44	0.44	0	0	0.5
283700	0.5	0.44	0.44	0	0	0.5
283800	0.5	0.44	0.44	0	0	0.5
283900	0.5	0.44	0.44	0	0	0.5
284000	0.5	0.44	0.44	0	0	0.5
284100	0.5	0.44	0.44	0	0	0.5
284200	0.5	0.44	0.44	0	0	0.5
284300	0.5	0.44	0.44	0	0	0.5
284400	0.5	0.44	0.44	0	0	0.5
284500	0.5	0.44	0.44	0	0	0.5
284600	0.5	0.44	0.44	0	0	0.5
284700	0.5	0.44	0.44	0	0	0.5
284800	0.5	0.44	0.44	0	0	0.5
284900	0.5	0.44	0.44	0	0	0.5
285000	0.5	0.44	0.44	0	0	0.5
285100	0.5	0.44	0.44	0	0	0.5
285200	0.5	0.44	0.44	0	0	0.5
285300	0.5	0.44	0.44	0	0	0.5
285400	0.5	0.44	0.44	0	0	0.5
285500	0.5	0.44	0.44	0	0	0.5
285600	0.5	0.44	0.44	0	0	0.5
285700	0.5	0.44	0.44	0	0	0.5
285800	0.5	0.44	0.44	0	0	0.5
285900	0.5	0.45	0.45	0	0	0.5
286000	0.5	0.45	0.45	0	0	0.5
286100	0.5	0.45	0.45	0	0	0.5
286200	0.5	0.45	0.45	0	0	0.5
286300	0.5	0.45	0.45	0	0	0.5
286400	0.5	0.45	0.45	0	0	0.5
286500	0.5	0.45	0.45	0	0	0.5
286600	0.5	0.45	0.45	0	0	0.5
286700	0.5	0.45	0.45	0	0	0.5
286800	0.5	0.45	0.45	0	0	0.5
286900	0.5	0.45	0.45	0	0	0.5
287000	0.5	0.45	0.45	0	0	0.5
287100	0.5	0.45	0.45	0	0	0.5
287200	0.5	0.45	0.45	0	0	0.5
287300	0.5	0.45	0.45	0	0	0.5
287400	0.5	0.45	0.45	0	0	0.5
287500	0.5	0.45	0.45	0	0	0.5
287600	0.5	0.45	0.45	0	0	0.5
287700	0.5	0.45	0.45	0	0	0.5
287800	0.5	0.45	0.45	0	0	0.5
287900	0.5	0.45	0.45	0	0	0.5
288000	0.5	0.45	0.45	0	0	0.5
288100	0.5	0.45	0.45	0	0	0.5
288200	0.5	0.45	0.45	0	0	0.5
288300	0.5	0.45	0.45	0	0	0.5
288400	0.5	0.45	0.45	0	0	0.5
288500	0.5	0.45	0.45	0	0	0.5
288600	0.5	0.45	0.45	0	0	0.5
288700	0.5	0.45	0.45	0	0	0.5
288800	0.5	0.45	0.45	0	0	0.5
288900	0.5	0.45	0.45	0	0	0.5
289000	0.5	0.45	0.45	0	0	0.5
289100	0.5	0.45	0.45	0	0	0.5
289200	0.5	0.45	0.45	0	0	0.5
289300	0.5	0.45	0.45	0	0	0.5
289400	0.5	0.45	0.45	0	0	0.5
289500	0.5	0.45	0.45	0	0	0.5
289600	0.5	0.45	0.45	0	0	0.5
289700	0.5	0.44	0.44	0	0	0.5
289800	0.5	0.44	0.44	0	0	0.5
289900	0.5	0.44	0.44	0	0	0.5
290000	0.5	0.44	0.44	0	0	0.5
290100	0.5	0.44	0.44	0	0	0.5
290200	0.5	0.44	0.44	0	0	0.5
290300	0.5	0.44	0.44	0	0	0.5
290400	0.5	0.44	0.44	0	0	0.5
290500	0.5	0.44	0.44	0	0	0.5
290600	0.5	0.44	0.44	0	0	0.5
290700	0.5	0.44	0.44	0	0	0.5
290800	0.5	0.44	0.44	0	0	0.5
290900	0.5	0.44	0.44	0	0	0.5
291000	0.5	0.44	0.44	0	0	0.5
291100	0.5	0.44	0.44	0	0	0.5
291200	0.5	0.44	0.44	0	0	0.5
291300	0.5	0.44	0.44	0	0	0.5
291400	0.5	0.44	0.44	0	0	0.5
291500	0.5	0.44	0.44	0	0	0.5
291600	0.5	0.44	0.44	0	0	0.5
291700	0.5	0.44	0.44	0	0	0.5
291800	0.5	0.44	0.44	0	0	0.5
291900	0.5	0.44	0.44	0	0	0.5
292000	0.5	0.44	0.44	0	0	0.5
292100	0.5	0.44	0.44	0	0	0.5
292200	0.5	0.44	0.44	0	0	0.5
292300	0.5	0.44	0.44	0	0	0.5
292400	0.5	0.44	0.44	0	0	0.5
292500	0.5	0.44	0.44	0	0	0.5
292600	0.5	0.43	0.43	0	0	0.5
292700	0.5	0.43	0.43	0	0	0.5
292800	0.5	0.43	0.43	0	0	0.5
292900	0.5	0.43	0.43	0	0	0.5
293000	0.5	0.43	0.43	0	0	0.5
293100	0.5	0.43	0.43	0	0	0.5
293200	0.5	0.43	0.43	0	0	0.5
293300	0.5	0.43	0.43	0	0	0.5
293400	0.5	0.43	0.43	0	0	0.5
293500	0.5	0.43	0.43	0	0	0.5
293600	0.5	0.43	0.43	0	0	0.5
293700	0.5	0.43	0.43	0	0	0.5
293800	0.5	0.43	0.43	0	0	0.5
293900	0.5	0.43	0.43	0	0	0.5
294000	0.5	0.43	0.43	0	0	0.5
294100	0.5	0.43	0.43	0	0	0.5
294200	0.5	0.43	0.43	0	0	0.5
294300	0.5	0.43	0.43	0	0	0.5
294400	0.5	0.43	0.43	0	0	0.5
294500	0.5	0.43	0.43	0	0	0.5
294600	0.5	0.43	0.43	0	0	0.5
294700	0.49	0.43	0.43	0	0	0.49
294800	0.49	0.43	0.43	0	0	0.49
294900	0.49	0.43	0.43	0	0	0.49
295000	0.49	0.43	0.43	0	0	0.49
295100	0.49	0.43	0.43	0	0	0.49
295200	0.49	0.43	0.43	0	0	0.49
295300	0.49	0.43	0.43	0	0	0.49
295400	0.49	0.43	0.43	0	0	0.49
295500	0.49	0.43	0.43	0	0	0.49
295600	0.49	0.43	0.43	0	0	0.49
295700	0.49	0.43	0.43	0	0	0.49
295800	0.49	0.43	0.43	0	0	0.49
295900	0.49	0.43	0.43	0	0	0.49
296000	0.49	0.43	0.43	0	0	0.49
296100	0.49	0.43	0.43	0	0	0.49
296200	0.49	0.43	0.43	0	0	0.49
296300	0.49	0.43	0.43	0	0	0.49
296400	0.49	0.43	0.43	0	0	0.49
296500	0.49	0.43	0.43	0	0	0.49
296600	0.49	0.43	0.43	0	0	0.49
296700	0.49	0.43	0.43	0	0	0.49
296800	0.49	0.43	0.43	0	0	0.49
296900	0.49	0.43	0.43	0	0	0.49
297000	0.49	0.43	0.43	0	0	0.49
297100	0.49	0.43	0.43	0	0	0.49
297200	0.49	0.43	0.43	0	0	0.49
297300	0.49	0.43	0.43	0	0	0.49
297400	0.49	0.43	0.43	0	0	0.49
297500	0.49	0.43	0.43	0	0	0.49
297600	0.49	0.43	0.43	0	0	0.49
297700	0.49	0.43	0.43	0	0	0.49
297800	0.49	0.44	0.44	0	0	0.49
297900	0.49	0.44	0.44	0	0	0.49
298000	0.49	0.44	0.44	0	0	0.49
298100	0.49	0.44	0.44	0	0	0.49
298200	0.49	0.44	0.44	0	0	0.49
298300	0.5	0.44	0.44	0	0	0.5
298400	0.49	0.44	0.44	0	0	0.49
298500	0.49	0.44	0.44	0	0	0.49
298600	0.49	0.44	0.44	0	0	0.49
298700	0.49	0.44	0.44	0	0	0.49
298800	0.49	0.44	0.44	0	0	0.49
298900	0.49	0.44	0.44	0	0	0.49
299000	0.49	0.44	0.44	0	0	0.49
299100	0.49	0.44	0.44	0	0	0.49
299200	0.5	0.44	0.44	0	0	0.5
299300	0.5	0.44	0.44	0	0	0.5
299400	0.5	0.44	0.44	0	0	0.5
299500	0.5	0.44	0.44	0	0	0.5
299600	0.5	0.44	0.44	0	0	0.5
299700	0.5	0.44	0.44	0	0	0.5
299800	0.49	0.44	0.44	0	0	0.49
299900	0.49	0.44	0.44	0	0	0.49
300000	0.49	0.44	0.44	0	0	0.49
