100	0.07	0.07	0.07	0	0	0.07
200	0.09	0.11	0.11	0	0	0.09
300	0.11	0.12	0.12	0	0	0.11
400	0.12	0.12	0.12	0	0	0.12
500	0.11	0.11	0.11	0	0	0.11
600	0.12	0.11	0.11	0	0	0.12
700	0.1	0.12	0.12	0	0	0.1
800	0.11	0.13	0.13	0	0	0.11
900	0.12	0.12	0.12	0	0	0.12
1000	0.15	0.12	0.12	0	0	0.15
1100	0.15	0.12	0.12	0	0	0.15
1200	0.16	0.12	0.12	0	0	0.16
1300	0.17	0.13	0.13	0	0	0.17
1400	0.17	0.13	0.13	0	0	0.17
1500	0.15	0.15	0.15	0	0	0.15
1600	0.17	0.13	0.13	0	0	0.17
1700	0.16	0.1	0.1	0	0	0.16
1800	0.15	0.11	0.11	0	0	0.15
1900	0.14	0.12	0.12	0	0	0.14
2000	0.14	0.13	0.13	0	0	0.14
2100	0.14	0.14	0.14	0	0	0.14
2200	0.15	0.16	0.16	0	0	0.15
2300	0.16	0.17	0.17	0	0	0.16
2400	0.16	0.19	0.19	0	0	0.16
2500	0.16	0.18	0.18	0	0	0.16
2600	0.16	0.18	0.18	0	0	0.16
2700	0.17	0.17	0.17	0	0	0.17
2800	0.17	0.16	0.16	0	0	0.17
2900	0.18	0.14	0.14	0	0	0.18
3000	0.2	0.15	0.15	0	0	0.2
3100	0.2	0.16	0.16	0	0	0.2
3200	0.21	0.16	0.16	0	0	0.21
3300	0.2	0.15	0.15	0	0	0.2
3400	0.23	0.15	0.15	0	0	0.23
3500	0.22	0.16	0.16	0	0	0.22
3600	0.22	0.19	0.19	0	0	0.22
3700	0.18	0.19	0.19	0	0	0.18
3800	0.18	0.19	0.19	0	0	0.18
3900	0.17	0.23	0.23	0	0	0.17
4000	0.15	0.23	0.23	0	0	0.15
4100	0.15	0.21	0.21	0	0	0.15
4200	0.14	0.22	0.22	0	0	0.14
4300	0.14	0.23	0.23	0	0	0.14
4400	0.14	0.23	0.23	0	0	0.14
4500	0.15	0.22	0.22	0	0	0.15
4600	0.15	0.22	0.22	0	0	0.15
4700	0.15	0.22	0.22	0	0	0.15
4800	0.16	0.21	0.21	0	0	0.16
4900	0.17	0.22	0.22	0	0	0.17
5000	0.17	0.23	0.23	0	0	0.17
5100	0.17	0.22	0.22	0	0	0.17
5200	0.16	0.21	0.21	0	0	0.16
5300	0.16	0.21	0.21	0	0	0.16
5400	0.15	0.21	0.21	0	0	0.15
5500	0.15	0.23	0.23	0	0	0.15
5600	0.15	0.22	0.22	0	0	0.15
5700	0.16	0.2	0.2	0	0	0.16
5800	0.17	0.2	0.2	0	0	0.17
5900	0.19	0.19	0.19	0	0	0.19
6000	0.2	0.19	0.19	0	0	0.2
6100	0.2	0.2	0.2	0	0	0.2
6200	0.22	0.21	0.21	0	0	0.22
6300	0.23	0.22	0.22	0	0	0.23
6400	0.25	0.22	0.22	0	0	0.25
6500	0.23	0.23	0.23	0	0	0.23
6600	0.24	0.22	0.22	0	0	0.24
6700	0.24	0.22	0.22	0	0	0.24
6800	0.23	0.23	0.23	0	0	0.23
6900	0.23	0.23	0.23	0	0	0.23
7000	0.23	0.23	0.23	0	0	0.23
7100	0.23	0.26	0.26	0	0	0.23
7200	0.22	0.25	0.25	0	0	0.22
7300	0.23	0.24	0.24	0	0	0.23
7400	0.22	0.24	0.24	0	0	0.22
7500	0.22	0.24	0.24	0	0	0.22
7600	0.22	0.24	0.24	0	0	0.22
7700	0.23	0.26	0.26	0	0	0.23
7800	0.22	0.26	0.26	0	0	0.22
7900	0.22	0.25	0.25	0	0	0.22
8000	0.22	0.25	0.25	0	0	0.22
8100	0.23	0.25	0.25	0	0	0.23
8200	0.22	0.24	0.24	0	0	0.22
8300	0.23	0.24	0.24	0	0	0.23
8400	0.23	0.25	0.25	0	0	0.23
8500	0.23	0.25	0.25	0	0	0.23
8600	0.23	0.25	0.25	0	0	0.23
8700	0.24	0.25	0.25	0	0	0.24
8800	0.24	0.25	0.25	0	0	0.24
8900	0.25	0.26	0.26	0	0	0.25
9000	0.25	0.26	0.26	0	0	0.25
9100	0.25	0.27	0.27	0	0	0.25
9200	0.26	0.27	0.27	0	0	0.26
9300	0.28	0.26	0.26	0	0	0.28
9400	0.29	0.26	0.26	0	0	0.29
9500	0.27	0.26	0.26	0	0	0.27
9600	0.26	0.26	0.26	0	0	0.26
9700	0.25	0.26	0.26	0	0	0.25
9800	0.26	0.26	0.26	0	0	0.26
9900	0.22	0.27	0.27	0	0	0.22
10000	0.22	0.28	0.28	0	0	0.22
10100	0.22	0.29	0.29	0	0	0.22
10200	0.24	0.28	0.28	0	0	0.24
10300	0.24	0.28	0.28	0	0	0.24
10400	0.25	0.28	0.28	0	0	0.25
10500	0.24	0.28	0.28	0	0	0.24
10600	0.24	0.29	0.29	0	0	0.24
10700	0.25	0.3	0.3	0	0	0.25
10800	0.26	0.3	0.3	0	0	0.26
10900	0.26	0.3	0.3	0	0	0.26
11000	0.26	0.29	0.29	0	0	0.26
11100	0.27	0.29	0.29	0	0	0.27
11200	0.27	0.29	0.29	0	0	0.27
11300	0.27	0.28	0.28	0	0	0.27
11400	0.24	0.28	0.28	0	0	0.24
11500	0.24	0.29	0.29	0	0	0.24
11600	0.26	0.29	0.29	0	0	0.26
11700	0.25	0.31	0.31	0	0	0.25
11800	0.25	0.29	0.29	0	0	0.25
11900	0.25	0.29	0.29	0	0	0.25
12000	0.25	0.29	0.29	0	0	0.25
12100	0.25	0.29	0.29	0	0	0.25
12200	0.25	0.29	0.29	0	0	0.25
12300	0.25	0.3	0.3	0	0	0.25
12400	0.25	0.29	0.29	0	0	0.25
12500	0.25	0.29	0.29	0	0	0.25
12600	0.25	0.29	0.29	0	0	0.25
12700	0.24	0.3	0.3	0	0	0.24
12800	0.25	0.31	0.31	0	0	0.25
12900	0.26	0.31	0.31	0	0	0.26
13000	0.27	0.31	0.31	0	0	0.27
13100	0.27	0.31	0.31	0	0	0.27
13200	0.26	0.31	0.31	0	0	0.26
13300	0.26	0.3	0.3	0	0	0.26
13400	0.26	0.3	0.3	0	0	0.26
13500	0.26	0.3	0.3	0	0	0.26
13600	0.28	0.29	0.29	0	0	0.28
13700	0.28	0.3	0.3	0	0	0.28
13800	0.28	0.29	0.29	0	0	0.28
13900	0.28	0.28	0.28	0	0	0.28
14000	0.29	0.28	0.28	0	0	0.29
14100	0.29	0.28	0.28	0	0	0.29
14200	0.28	0.27	0.27	0	0	0.28
14300	0.28	0.28	0.28	0	0	0.28
14400	0.27	0.28	0.28	0	0	0.27
14500	0.26	0.28	0.28	0	0	0.26
14600	0.26	0.28	0.28	0	0	0.26
14700	0.25	0.28	0.28	0	0	0.25
14800	0.25	0.28	0.28	0	0	0.25
14900	0.27	0.28	0.28	0	0	0.27
15000	0.27	0.28	0.28	0	0	0.27
15100	0.26	0.29	0.29	0	0	0.26
15200	0.26	0.29	0.29	0	0	0.26
15300	0.26	0.28	0.28	0	0	0.26
15400	0.28	0.28	0.28	0	0	0.28
15500	0.28	0.28	0.28	0	0	0.28
15600	0.28	0.28	0.28	0	0	0.28
15700	0.29	0.28	0.28	0	0	0.29
15800	0.29	0.28	0.28	0	0	0.29
15900	0.3	0.28	0.28	0	0	0.3
16000	0.32	0.29	0.29	0	0	0.32
16100	0.31	0.3	0.3	0	0	0.31
16200	0.3	0.3	0.3	0	0	0.3
16300	0.31	0.3	0.3	0	0	0.31
16400	0.3	0.29	0.29	0	0	0.3
16500	0.28	0.29	0.29	0	0	0.28
16600	0.28	0.29	0.29	0	0	0.28
16700	0.28	0.29	0.29	0	0	0.28
16800	0.28	0.29	0.29	0	0	0.28
16900	0.28	0.29	0.29	0	0	0.28
17000	0.28	0.29	0.29	0	0	0.28
17100	0.28	0.29	0.29	0	0	0.28
17200	0.29	0.29	0.29	0	0	0.29
17300	0.29	0.3	0.3	0	0	0.29
17400	0.3	0.28	0.28	0	0	0.3
17500	0.3	0.29	0.29	0	0	0.3
17600	0.29	0.29	0.29	0	0	0.29
17700	0.3	0.28	0.28	0	0	0.3
17800	0.3	0.28	0.28	0	0	0.3
17900	0.29	0.29	0.29	0	0	0.29
18000	0.29	0.29	0.29	0	0	0.29
18100	0.29	0.29	0.29	0	0	0.29
18200	0.3	0.29	0.29	0	0	0.3
18300	0.3	0.29	0.29	0	0	0.3
18400	0.3	0.29	0.29	0	0	0.3
18500	0.3	0.29	0.29	0	0	0.3
18600	0.31	0.3	0.3	0	0	0.31
18700	0.31	0.31	0.31	0	0	0.31
18800	0.32	0.31	0.31	0	0	0.32
18900	0.33	0.31	0.31	0	0	0.33
19000	0.34	0.31	0.31	0	0	0.34
19100	0.34	0.31	0.31	0	0	0.34
19200	0.34	0.31	0.31	0	0	0.34
19300	0.34	0.31	0.31	0	0	0.34
19400	0.34	0.32	0.32	0	0	0.34
19500	0.36	0.32	0.32	0	0	0.36
19600	0.35	0.31	0.31	0	0	0.35
19700	0.34	0.31	0.31	0	0	0.34
19800	0.35	0.31	0.31	0	0	0.35
19900	0.34	0.31	0.31	0	0	0.34
20000	0.33	0.31	0.31	0	0	0.33
20100	0.33	0.32	0.32	0	0	0.33
20200	0.33	0.31	0.31	0	0	0.33
20300	0.33	0.31	0.31	0	0	0.33
20400	0.33	0.32	0.32	0	0	0.33
20500	0.35	0.32	0.32	0	0	0.35
20600	0.35	0.32	0.32	0	0	0.35
20700	0.35	0.32	0.32	0	0	0.35
20800	0.35	0.34	0.34	0	0	0.35
20900	0.35	0.34	0.34	0	0	0.35
21000	0.35	0.35	0.35	0	0	0.35
21100	0.35	0.35	0.35	0	0	0.35
21200	0.35	0.34	0.34	0	0	0.35
21300	0.35	0.33	0.33	0	0	0.35
21400	0.33	0.34	0.34	0	0	0.33
21500	0.33	0.33	0.33	0	0	0.33
21600	0.35	0.33	0.33	0	0	0.35
21700	0.35	0.33	0.33	0	0	0.35
21800	0.34	0.33	0.33	0	0	0.34
21900	0.34	0.33	0.33	0	0	0.34
22000	0.35	0.33	0.33	0	0	0.35
22100	0.34	0.33	0.33	0	0	0.34
22200	0.34	0.34	0.34	0	0	0.34
22300	0.35	0.34	0.34	0	0	0.35
22400	0.34	0.34	0.34	0	0	0.34
22500	0.34	0.35	0.35	0	0	0.34
22600	0.35	0.36	0.36	0	0	0.35
22700	0.35	0.36	0.36	0	0	0.35
22800	0.35	0.36	0.36	0	0	0.35
22900	0.35	0.34	0.34	0	0	0.35
23000	0.35	0.36	0.36	0	0	0.35
23100	0.34	0.34	0.34	0	0	0.34
23200	0.33	0.34	0.34	0	0	0.33
23300	0.33	0.34	0.34	0	0	0.33
23400	0.34	0.33	0.33	0	0	0.34
23500	0.34	0.33	0.33	0	0	0.34
23600	0.36	0.33	0.33	0	0	0.36
23700	0.36	0.33	0.33	0	0	0.36
23800	0.35	0.33	0.33	0	0	0.35
23900	0.35	0.33	0.33	0	0	0.35
24000	0.35	0.34	0.34	0	0	0.35
24100	0.34	0.34	0.34	0	0	0.34
24200	0.3	0.34	0.34	0	0	0.3
24300	0.3	0.34	0.34	0	0	0.3
24400	0.31	0.34	0.34	0	0	0.31
24500	0.31	0.34	0.34	0	0	0.31
24600	0.29	0.34	0.34	0	0	0.29
24700	0.3	0.34	0.34	0	0	0.3
24800	0.3	0.34	0.34	0	0	0.3
24900	0.28	0.33	0.33	0	0	0.28
25000	0.28	0.33	0.33	0	0	0.28
25100	0.28	0.33	0.33	0	0	0.28
25200	0.28	0.35	0.35	0	0	0.28
25300	0.3	0.34	0.34	0	0	0.3
25400	0.3	0.34	0.34	0	0	0.3
25500	0.3	0.34	0.34	0	0	0.3
25600	0.29	0.36	0.36	0	0	0.29
25700	0.3	0.36	0.36	0	0	0.3
25800	0.3	0.34	0.34	0	0	0.3
25900	0.3	0.33	0.33	0	0	0.3
26000	0.3	0.34	0.34	0	0	0.3
26100	0.31	0.34	0.34	0	0	0.31
26200	0.31	0.34	0.34	0	0	0.31
26300	0.32	0.34	0.34	0	0	0.32
26400	0.32	0.34	0.34	0	0	0.32
26500	0.32	0.35	0.35	0	0	0.32
26600	0.32	0.34	0.34	0	0	0.32
26700	0.32	0.34	0.34	0	0	0.32
26800	0.31	0.34	0.34	0	0	0.31
26900	0.32	0.34	0.34	0	0	0.32
27000	0.33	0.34	0.34	0	0	0.33
27100	0.34	0.34	0.34	0	0	0.34
27200	0.35	0.34	0.34	0	0	0.35
27300	0.34	0.34	0.34	0	0	0.34
27400	0.34	0.35	0.35	0	0	0.34
27500	0.34	0.35	0.35	0	0	0.34
27600	0.34	0.35	0.35	0	0	0.34
27700	0.34	0.35	0.35	0	0	0.34
27800	0.33	0.35	0.35	0	0	0.33
27900	0.33	0.35	0.35	0	0	0.33
28000	0.32	0.35	0.35	0	0	0.32
28100	0.32	0.35	0.35	0	0	0.32
28200	0.32	0.35	0.35	0	0	0.32
28300	0.33	0.36	0.36	0	0	0.33
28400	0.33	0.36	0.36	0	0	0.33
28500	0.33	0.36	0.36	0	0	0.33
28600	0.33	0.36	0.36	0	0	0.33
28700	0.33	0.36	0.36	0	0	0.33
28800	0.32	0.36	0.36	0	0	0.32
28900	0.32	0.36	0.36	0	0	0.32
29000	0.32	0.36	0.36	0	0	0.32
29100	0.32	0.35	0.35	0	0	0.32
29200	0.32	0.34	0.34	0	0	0.32
29300	0.32	0.34	0.34	0	0	0.32
29400	0.33	0.33	0.33	0	0	0.33
29500	0.33	0.34	0.34	0	0	0.33
29600	0.33	0.34	0.34	0	0	0.33
29700	0.34	0.33	0.33	0	0	0.34
29800	0.34	0.32	0.32	0	0	0.34
29900	0.34	0.32	0.32	0	0	0.34
30000	0.33	0.32	0.32	0	0	0.33
30100	0.33	0.32	0.32	0	0	0.33
30200	0.33	0.32	0.32	0	0	0.33
30300	0.33	0.32	0.32	0	0	0.33
30400	0.33	0.32	0.32	0	0	0.33
30500	0.33	0.33	0.33	0	0	0.33
30600	0.33	0.33	0.33	0	0	0.33
30700	0.33	0.32	0.32	0	0	0.33
30800	0.33	0.32	0.32	0	0	0.33
30900	0.33	0.32	0.32	0	0	0.33
31000	0.35	0.32	0.32	0	0	0.35
31100	0.35	0.32	0.32	0	0	0.35
31200	0.35	0.32	0.32	0	0	0.35
31300	0.35	0.32	0.32	0	0	0.35
31400	0.35	0.32	0.32	0	0	0.35
31500	0.36	0.32	0.32	0	0	0.36
31600	0.35	0.32	0.32	0	0	0.35
31700	0.35	0.32	0.32	0	0	0.35
31800	0.35	0.32	0.32	0	0	0.35
31900	0.35	0.32	0.32	0	0	0.35
32000	0.34	0.32	0.32	0	0	0.34
32100	0.34	0.31	0.31	0	0	0.34
32200	0.34	0.31	0.31	0	0	0.34
32300	0.34	0.31	0.31	0	0	0.34
32400	0.34	0.31	0.31	0	0	0.34
32500	0.35	0.31	0.31	0	0	0.35
32600	0.35	0.31	0.31	0	0	0.35
32700	0.35	0.31	0.31	0	0	0.35
32800	0.34	0.31	0.31	0	0	0.34
32900	0.35	0.31	0.31	0	0	0.35
33000	0.35	0.33	0.33	0	0	0.35
33100	0.35	0.33	0.33	0	0	0.35
33200	0.35	0.32	0.32	0	0	0.35
33300	0.36	0.32	0.32	0	0	0.36
33400	0.36	0.33	0.33	0	0	0.36
33500	0.36	0.33	0.33	0	0	0.36
33600	0.36	0.32	0.32	0	0	0.36
33700	0.36	0.32	0.32	0	0	0.36
33800	0.37	0.32	0.32	0	0	0.37
33900	0.38	0.32	0.32	0	0	0.38
34000	0.38	0.33	0.33	0	0	0.38
34100	0.38	0.33	0.33	0	0	0.38
34200	0.38	0.33	0.33	0	0	0.38
34300	0.38	0.33	0.33	0	0	0.38
34400	0.39	0.33	0.33	0	0	0.39
34500	0.39	0.33	0.33	0	0	0.39
34600	0.39	0.33	0.33	0	0	0.39
34700	0.39	0.33	0.33	0	0	0.39
34800	0.39	0.33	0.33	0	0	0.39
34900	0.39	0.35	0.35	0	0	0.39
35000	0.4	0.35	0.35	0	0	0.4
35100	0.4	0.35	0.35	0	0	0.4
35200	0.4	0.35	0.35	0	0	0.4
35300	0.39	0.36	0.36	0	0	0.39
35400	0.39	0.36	0.36	0	0	0.39
35500	0.39	0.36	0.36	0	0	0.39
35600	0.39	0.36	0.36	0	0	0.39
35700	0.39	0.33	0.33	0	0	0.39
35800	0.39	0.33	0.33	0	0	0.39
35900	0.39	0.33	0.33	0	0	0.39
36000	0.39	0.34	0.34	0	0	0.39
36100	0.4	0.34	0.34	0	0	0.4
36200	0.4	0.34	0.34	0	0	0.4
36300	0.4	0.35	0.35	0	0	0.4
36400	0.41	0.34	0.34	0	0	0.41
36500	0.41	0.34	0.34	0	0	0.41
36600	0.41	0.33	0.33	0	0	0.41
36700	0.4	0.33	0.33	0	0	0.4
36800	0.4	0.33	0.33	0	0	0.4
36900	0.4	0.33	0.33	0	0	0.4
37000	0.4	0.34	0.34	0	0	0.4
37100	0.4	0.33	0.33	0	0	0.4
37200	0.41	0.33	0.33	0	0	0.41
37300	0.41	0.33	0.33	0	0	0.41
37400	0.4	0.33	0.33	0	0	0.4
37500	0.4	0.33	0.33	0	0	0.4
37600	0.4	0.34	0.34	0	0	0.4
37700	0.4	0.34	0.34	0	0	0.4
37800	0.4	0.34	0.34	0	0	0.4
37900	0.4	0.34	0.34	0	0	0.4
38000	0.4	0.34	0.34	0	0	0.4
38100	0.4	0.34	0.34	0	0	0.4
38200	0.4	0.35	0.35	0	0	0.4
38300	0.4	0.35	0.35	0	0	0.4
38400	0.4	0.34	0.34	0	0	0.4
38500	0.4	0.33	0.33	0	0	0.4
38600	0.41	0.33	0.33	0	0	0.41
38700	0.41	0.34	0.34	0	0	0.41
38800	0.41	0.34	0.34	0	0	0.41
38900	0.41	0.34	0.34	0	0	0.41
39000	0.4	0.34	0.34	0	0	0.4
39100	0.4	0.34	0.34	0	0	0.4
39200	0.4	0.34	0.34	0	0	0.4
39300	0.4	0.35	0.35	0	0	0.4
39400	0.4	0.35	0.35	0	0	0.4
39500	0.4	0.35	0.35	0	0	0.4
39600	0.4	0.35	0.35	0	0	0.4
39700	0.4	0.35	0.35	0	0	0.4
39800	0.39	0.36	0.36	0	0	0.39
39900	0.39	0.36	0.36	0	0	0.39
40000	0.39	0.36	0.36	0	0	0.39
40100	0.39	0.35	0.35	0	0	0.39
40200	0.4	0.36	0.36	0	0	0.4
40300	0.4	0.36	0.36	0	0	0.4
40400	0.4	0.35	0.35	0	0	0.4
40500	0.4	0.36	0.36	0	0	0.4
40600	0.4	0.36	0.36	0	0	0.4
40700	0.4	0.37	0.37	0	0	0.4
40800	0.4	0.37	0.37	0	0	0.4
40900	0.4	0.36	0.36	0	0	0.4
41000	0.4	0.37	0.37	0	0	0.4
41100	0.4	0.37	0.37	0	0	0.4
41200	0.4	0.37	0.37	0	0	0.4
41300	0.4	0.37	0.37	0	0	0.4
41400	0.4	0.36	0.36	0	0	0.4
41500	0.41	0.37	0.37	0	0	0.41
41600	0.41	0.37	0.37	0	0	0.41
41700	0.41	0.37	0.37	0	0	0.41
41800	0.42	0.36	0.36	0	0	0.42
41900	0.42	0.36	0.36	0	0	0.42
42000	0.42	0.36	0.36	0	0	0.42
42100	0.42	0.36	0.36	0	0	0.42
42200	0.42	0.36	0.36	0	0	0.42
42300	0.42	0.36	0.36	0	0	0.42
42400	0.42	0.36	0.36	0	0	0.42
42500	0.42	0.36	0.36	0	0	0.42
42600	0.42	0.36	0.36	0	0	0.42
42700	0.42	0.37	0.37	0	0	0.42
42800	0.42	0.36	0.36	0	0	0.42
42900	0.41	0.35	0.35	0	0	0.41
43000	0.42	0.36	0.36	0	0	0.42
43100	0.42	0.36	0.36	0	0	0.42
43200	0.42	0.36	0.36	0	0	0.42
43300	0.42	0.36	0.36	0	0	0.42
43400	0.41	0.36	0.36	0	0	0.41
43500	0.41	0.36	0.36	0	0	0.41
43600	0.41	0.36	0.36	0	0	0.41
43700	0.41	0.36	0.36	0	0	0.41
43800	0.41	0.36	0.36	0	0	0.41
43900	0.41	0.36	0.36	0	0	0.41
44000	0.41	0.36	0.36	0	0	0.41
44100	0.41	0.37	0.37	0	0	0.41
44200	0.41	0.37	0.37	0	0	0.41
44300	0.41	0.37	0.37	0	0	0.41
44400	0.41	0.37	0.37	0	0	0.41
44500	0.41	0.38	0.38	0	0	0.41
44600	0.41	0.39	0.39	0	0	0.41
44700	0.41	0.38	0.38	0	0	0.41
44800	0.41	0.38	0.38	0	0	0.41
44900	0.42	0.38	0.38	0	0	0.42
45000	0.42	0.39	0.39	0	0	0.42
45100	0.42	0.39	0.39	0	0	0.42
45200	0.42	0.39	0.39	0	0	0.42
45300	0.41	0.39	0.39	0	0	0.41
45400	0.41	0.39	0.39	0	0	0.41
45500	0.41	0.39	0.39	0	0	0.41
45600	0.41	0.38	0.38	0	0	0.41
45700	0.41	0.38	0.38	0	0	0.41
45800	0.41	0.38	0.38	0	0	0.41
45900	0.41	0.38	0.38	0	0	0.41
46000	0.41	0.38	0.38	0	0	0.41
46100	0.41	0.38	0.38	0	0	0.41
46200	0.41	0.38	0.38	0	0	0.41
46300	0.41	0.38	0.38	0	0	0.41
46400	0.41	0.39	0.39	0	0	0.41
46500	0.4	0.39	0.39	0	0	0.4
46600	0.4	0.39	0.39	0	0	0.4
46700	0.41	0.39	0.39	0	0	0.41
46800	0.41	0.39	0.39	0	0	0.41
46900	0.41	0.4	0.4	0	0	0.41
47000	0.42	0.4	0.4	0	0	0.42
47100	0.42	0.4	0.4	0	0	0.42
47200	0.42	0.39	0.39	0	0	0.42
47300	0.42	0.39	0.39	0	0	0.42
47400	0.42	0.4	0.4	0	0	0.42
47500	0.42	0.4	0.4	0	0	0.42
47600	0.42	0.4	0.4	0	0	0.42
47700	0.42	0.4	0.4	0	0	0.42
47800	0.43	0.4	0.4	0	0	0.43
47900	0.43	0.39	0.39	0	0	0.43
48000	0.42	0.39	0.39	0	0	0.42
48100	0.42	0.4	0.4	0	0	0.42
48200	0.42	0.4	0.4	0	0	0.42
48300	0.42	0.4	0.4	0	0	0.42
48400	0.42	0.39	0.39	0	0	0.42
48500	0.42	0.4	0.4	0	0	0.42
48600	0.42	0.4	0.4	0	0	0.42
48700	0.42	0.4	0.4	0	0	0.42
48800	0.42	0.4	0.4	0	0	0.42
48900	0.42	0.4	0.4	0	0	0.42
49000	0.43	0.41	0.41	0	0	0.43
49100	0.43	0.41	0.41	0	0	0.43
49200	0.43	0.4	0.4	0	0	0.43
49300	0.43	0.4	0.4	0	0	0.43
49400	0.43	0.4	0.4	0	0	0.43
49500	0.42	0.4	0.4	0	0	0.42
49600	0.42	0.4	0.4	0	0	0.42
49700	0.42	0.4	0.4	0	0	0.42
49800	0.42	0.39	0.39	0	0	0.42
49900	0.42	0.39	0.39	0	0	0.42
50000	0.42	0.39	0.39	0	0	0.42
50100	0.42	0.39	0.39	0	0	0.42
50200	0.42	0.4	0.4	0	0	0.42
50300	0.42	0.38	0.38	0	0	0.42
50400	0.42	0.38	0.38	0	0	0.42
50500	0.41	0.38	0.38	0	0	0.41
50600	0.41	0.38	0.38	0	0	0.41
50700	0.41	0.38	0.38	0	0	0.41
50800	0.42	0.38	0.38	0	0	0.42
50900	0.4	0.38	0.38	0	0	0.4
51000	0.4	0.38	0.38	0	0	0.4
51100	0.4	0.38	0.38	0	0	0.4
51200	0.4	0.38	0.38	0	0	0.4
51300	0.41	0.38	0.38	0	0	0.41
51400	0.41	0.38	0.38	0	0	0.41
51500	0.41	0.38	0.38	0	0	0.41
51600	0.41	0.38	0.38	0	0	0.41
51700	0.41	0.38	0.38	0	0	0.41
51800	0.41	0.38	0.38	0	0	0.41
51900	0.41	0.38	0.38	0	0	0.41
52000	0.41	0.38	0.38	0	0	0.41
52100	0.41	0.39	0.39	0	0	0.41
52200	0.41	0.38	0.38	0	0	0.41
52300	0.41	0.38	0.38	0	0	0.41
52400	0.41	0.38	0.38	0	0	0.41
52500	0.41	0.39	0.39	0	0	0.41
52600	0.41	0.39	0.39	0	0	0.41
52700	0.41	0.39	0.39	0	0	0.41
52800	0.42	0.39	0.39	0	0	0.42
52900	0.42	0.39	0.39	0	0	0.42
53000	0.41	0.39	0.39	0	0	0.41
53100	0.41	0.39	0.39	0	0	0.41
53200	0.41	0.39	0.39	0	0	0.41
53300	0.41	0.4	0.4	0	0	0.41
53400	0.41	0.4	0.4	0	0	0.41
53500	0.41	0.4	0.4	0	0	0.41
53600	0.41	0.4	0.4	0	0	0.41
53700	0.41	0.4	0.4	0	0	0.41
53800	0.42	0.41	0.41	0	0	0.42
53900	0.42	0.41	0.41	0	0	0.42
54000	0.42	0.41	0.41	0	0	0.42
54100	0.41	0.41	0.41	0	0	0.41
54200	0.42	0.41	0.41	0	0	0.42
54300	0.42	0.41	0.41	0	0	0.42
54400	0.42	0.41	0.41	0	0	0.42
54500	0.42	0.41	0.41	0	0	0.42
54600	0.42	0.42	0.42	0	0	0.42
54700	0.42	0.42	0.42	0	0	0.42
54800	0.42	0.42	0.42	0	0	0.42
54900	0.42	0.42	0.42	0	0	0.42
55000	0.42	0.42	0.42	0	0	0.42
55100	0.42	0.42	0.42	0	0	0.42
55200	0.42	0.41	0.41	0	0	0.42
55300	0.42	0.41	0.41	0	0	0.42
55400	0.42	0.41	0.41	0	0	0.42
55500	0.42	0.4	0.4	0	0	0.42
55600	0.42	0.4	0.4	0	0	0.42
55700	0.42	0.4	0.4	0	0	0.42
55800	0.42	0.4	0.4	0	0	0.42
55900	0.42	0.4	0.4	0	0	0.42
56000	0.42	0.4	0.4	0	0	0.42
56100	0.42	0.41	0.41	0	0	0.42
56200	0.42	0.42	0.42	0	0	0.42
56300	0.41	0.41	0.41	0	0	0.41
56400	0.41	0.41	0.41	0	0	0.41
56500	0.41	0.41	0.41	0	0	0.41
56600	0.41	0.4	0.4	0	0	0.41
56700	0.41	0.4	0.4	0	0	0.41
56800	0.41	0.4	0.4	0	0	0.41
56900	0.41	0.4	0.4	0	0	0.41
57000	0.41	0.4	0.4	0	0	0.41
57100	0.41	0.41	0.41	0	0	0.41
57200	0.41	0.4	0.4	0	0	0.41
57300	0.41	0.39	0.39	0	0	0.41
57400	0.41	0.39	0.39	0	0	0.41
57500	0.41	0.39	0.39	0	0	0.41
57600	0.41	0.39	0.39	0	0	0.41
57700	0.41	0.39	0.39	0	0	0.41
57800	0.41	0.39	0.39	0	0	0.41
57900	0.41	0.39	0.39	0	0	0.41
58000	0.41	0.39	0.39	0	0	0.41
58100	0.41	0.39	0.39	0	0	0.41
58200	0.41	0.39	0.39	0	0	0.41
58300	0.41	0.39	0.39	0	0	0.41
58400	0.41	0.39	0.39	0	0	0.41
58500	0.41	0.4	0.4	0	0	0.41
58600	0.42	0.4	0.4	0	0	0.42
58700	0.42	0.39	0.39	0	0	0.42
58800	0.42	0.39	0.39	0	0	0.42
58900	0.42	0.39	0.39	0	0	0.42
59000	0.42	0.39	0.39	0	0	0.42
59100	0.42	0.4	0.4	0	0	0.42
59200	0.42	0.39	0.39	0	0	0.42
59300	0.42	0.39	0.39	0	0	0.42
59400	0.42	0.39	0.39	0	0	0.42
59500	0.42	0.39	0.39	0	0	0.42
59600	0.42	0.39	0.39	0	0	0.42
59700	0.42	0.39	0.39	0	0	0.42
59800	0.42	0.39	0.39	0	0	0.42
59900	0.42	0.4	0.4	0	0	0.42
60000	0.42	0.4	0.4	0	0	0.42
60100	0.42	0.4	0.4	0	0	0.42
60200	0.42	0.4	0.4	0	0	0.42
60300	0.42	0.4	0.4	0	0	0.42
60400	0.42	0.4	0.4	0	0	0.42
60500	0.43	0.4	0.4	0	0	0.43
60600	0.42	0.41	0.41	0	0	0.42
60700	0.42	0.41	0.41	0	0	0.42
60800	0.43	0.41	0.41	0	0	0.43
60900	0.43	0.41	0.41	0	0	0.43
61000	0.43	0.41	0.41	0	0	0.43
61100	0.43	0.41	0.41	0	0	0.43
61200	0.43	0.41	0.41	0	0	0.43
61300	0.43	0.41	0.41	0	0	0.43
61400	0.44	0.41	0.41	0	0	0.44
61500	0.44	0.41	0.41	0	0	0.44
61600	0.44	0.41	0.41	0	0	0.44
61700	0.44	0.41	0.41	0	0	0.44
61800	0.44	0.41	0.41	0	0	0.44
61900	0.44	0.41	0.41	0	0	0.44
62000	0.44	0.38	0.38	0	0	0.44
62100	0.44	0.38	0.38	0	0	0.44
62200	0.44	0.38	0.38	0	0	0.44
62300	0.44	0.38	0.38	0	0	0.44
62400	0.44	0.38	0.38	0	0	0.44
62500	0.44	0.39	0.39	0	0	0.44
62600	0.44	0.38	0.38	0	0	0.44
62700	0.44	0.38	0.38	0	0	0.44
62800	0.44	0.38	0.38	0	0	0.44
62900	0.44	0.38	0.38	0	0	0.44
63000	0.43	0.39	0.39	0	0	0.43
63100	0.43	0.38	0.38	0	0	0.43
63200	0.43	0.36	0.36	0	0	0.43
63300	0.43	0.36	0.36	0	0	0.43
63400	0.44	0.36	0.36	0	0	0.44
63500	0.44	0.36	0.36	0	0	0.44
63600	0.44	0.36	0.36	0	0	0.44
63700	0.44	0.36	0.36	0	0	0.44
63800	0.44	0.36	0.36	0	0	0.44
63900	0.44	0.36	0.36	0	0	0.44
64000	0.44	0.36	0.36	0	0	0.44
64100	0.44	0.36	0.36	0	0	0.44
64200	0.44	0.36	0.36	0	0	0.44
64300	0.44	0.35	0.35	0	0	0.44
64400	0.44	0.35	0.35	0	0	0.44
64500	0.44	0.35	0.35	0	0	0.44
64600	0.44	0.35	0.35	0	0	0.44
64700	0.44	0.35	0.35	0	0	0.44
64800	0.44	0.35	0.35	0	0	0.44
64900	0.43	0.35	0.35	0	0	0.43
65000	0.43	0.35	0.35	0	0	0.43
65100	0.43	0.35	0.35	0	0	0.43
65200	0.44	0.36	0.36	0	0	0.44
65300	0.44	0.35	0.35	0	0	0.44
65400	0.44	0.35	0.35	0	0	0.44
65500	0.44	0.35	0.35	0	0	0.44
65600	0.44	0.35	0.35	0	0	0.44
65700	0.44	0.35	0.35	0	0	0.44
65800	0.44	0.35	0.35	0	0	0.44
65900	0.44	0.35	0.35	0	0	0.44
66000	0.44	0.35	0.35	0	0	0.44
66100	0.44	0.35	0.35	0	0	0.44
66200	0.44	0.35	0.35	0	0	0.44
66300	0.44	0.35	0.35	0	0	0.44
66400	0.44	0.35	0.35	0	0	0.44
66500	0.44	0.35	0.35	0	0	0.44
66600	0.44	0.35	0.35	0	0	0.44
66700	0.44	0.35	0.35	0	0	0.44
66800	0.44	0.36	0.36	0	0	0.44
66900	0.44	0.36	0.36	0	0	0.44
67000	0.44	0.36	0.36	0	0	0.44
67100	0.44	0.36	0.36	0	0	0.44
67200	0.44	0.36	0.36	0	0	0.44
67300	0.44	0.36	0.36	0	0	0.44
67400	0.44	0.36	0.36	0	0	0.44
67500	0.44	0.36	0.36	0	0	0.44
67600	0.44	0.36	0.36	0	0	0.44
67700	0.44	0.37	0.37	0	0	0.44
67800	0.44	0.37	0.37	0	0	0.44
67900	0.44	0.37	0.37	0	0	0.44
68000	0.44	0.37	0.37	0	0	0.44
68100	0.44	0.37	0.37	0	0	0.44
68200	0.44	0.37	0.37	0	0	0.44
68300	0.44	0.37	0.37	0	0	0.44
68400	0.44	0.38	0.38	0	0	0.44
68500	0.44	0.36	0.36	0	0	0.44
68600	0.44	0.36	0.36	0	0	0.44
68700	0.44	0.36	0.36	0	0	0.44
68800	0.44	0.36	0.36	0	0	0.44
68900	0.44	0.36	0.36	0	0	0.44
69000	0.44	0.36	0.36	0	0	0.44
69100	0.44	0.35	0.35	0	0	0.44
69200	0.45	0.35	0.35	0	0	0.45
69300	0.44	0.35	0.35	0	0	0.44
69400	0.44	0.35	0.35	0	0	0.44
69500	0.44	0.35	0.35	0	0	0.44
69600	0.44	0.35	0.35	0	0	0.44
69700	0.44	0.35	0.35	0	0	0.44
69800	0.44	0.36	0.36	0	0	0.44
69900	0.44	0.36	0.36	0	0	0.44
70000	0.44	0.36	0.36	0	0	0.44
70100	0.44	0.36	0.36	0	0	0.44
70200	0.43	0.36	0.36	0	0	0.43
70300	0.43	0.36	0.36	0	0	0.43
70400	0.43	0.36	0.36	0	0	0.43
70500	0.43	0.36	0.36	0	0	0.43
70600	0.43	0.36	0.36	0	0	0.43
70700	0.43	0.36	0.36	0	0	0.43
70800	0.44	0.36	0.36	0	0	0.44
70900	0.44	0.36	0.36	0	0	0.44
71000	0.43	0.36	0.36	0	0	0.43
71100	0.43	0.36	0.36	0	0	0.43
71200	0.43	0.36	0.36	0	0	0.43
71300	0.43	0.37	0.37	0	0	0.43
71400	0.43	0.37	0.37	0	0	0.43
71500	0.43	0.37	0.37	0	0	0.43
71600	0.43	0.37	0.37	0	0	0.43
71700	0.44	0.37	0.37	0	0	0.44
71800	0.43	0.37	0.37	0	0	0.43
71900	0.43	0.37	0.37	0	0	0.43
72000	0.42	0.38	0.38	0	0	0.42
72100	0.42	0.39	0.39	0	0	0.42
72200	0.42	0.38	0.38	0	0	0.42
72300	0.42	0.38	0.38	0	0	0.42
72400	0.42	0.38	0.38	0	0	0.42
72500	0.42	0.38	0.38	0	0	0.42
72600	0.41	0.38	0.38	0	0	0.41
72700	0.41	0.38	0.38	0	0	0.41
72800	0.41	0.38	0.38	0	0	0.41
72900	0.41	0.38	0.38	0	0	0.41
73000	0.41	0.39	0.39	0	0	0.41
73100	0.41	0.39	0.39	0	0	0.41
73200	0.41	0.39	0.39	0	0	0.41
73300	0.41	0.39	0.39	0	0	0.41
73400	0.41	0.39	0.39	0	0	0.41
73500	0.4	0.39	0.39	0	0	0.4
73600	0.4	0.4	0.4	0	0	0.4
73700	0.41	0.4	0.4	0	0	0.41
73800	0.4	0.4	0.4	0	0	0.4
73900	0.4	0.4	0.4	0	0	0.4
74000	0.4	0.4	0.4	0	0	0.4
74100	0.4	0.4	0.4	0	0	0.4
74200	0.41	0.4	0.4	0	0	0.41
74300	0.41	0.4	0.4	0	0	0.41
74400	0.4	0.4	0.4	0	0	0.4
74500	0.4	0.4	0.4	0	0	0.4
74600	0.4	0.4	0.4	0	0	0.4
74700	0.4	0.41	0.41	0	0	0.4
74800	0.4	0.41	0.41	0	0	0.4
74900	0.39	0.41	0.41	0	0	0.39
75000	0.39	0.42	0.42	0	0	0.39
75100	0.4	0.43	0.43	0	0	0.4
75200	0.4	0.43	0.43	0	0	0.4
75300	0.4	0.42	0.42	0	0	0.4
75400	0.4	0.41	0.41	0	0	0.4
75500	0.4	0.41	0.41	0	0	0.4
75600	0.4	0.41	0.41	0	0	0.4
75700	0.4	0.41	0.41	0	0	0.4
75800	0.4	0.41	0.41	0	0	0.4
75900	0.4	0.41	0.41	0	0	0.4
76000	0.4	0.42	0.42	0	0	0.4
76100	0.4	0.41	0.41	0	0	0.4
76200	0.4	0.41	0.41	0	0	0.4
76300	0.4	0.41	0.41	0	0	0.4
76400	0.4	0.41	0.41	0	0	0.4
76500	0.4	0.41	0.41	0	0	0.4
76600	0.4	0.41	0.41	0	0	0.4
76700	0.41	0.41	0.41	0	0	0.41
76800	0.41	0.41	0.41	0	0	0.41
76900	0.41	0.41	0.41	0	0	0.41
77000	0.41	0.42	0.42	0	0	0.41
77100	0.41	0.42	0.42	0	0	0.41
77200	0.41	0.41	0.41	0	0	0.41
77300	0.4	0.4	0.4	0	0	0.4
77400	0.4	0.4	0.4	0	0	0.4
77500	0.41	0.39	0.39	0	0	0.41
77600	0.41	0.39	0.39	0	0	0.41
77700	0.4	0.4	0.4	0	0	0.4
77800	0.4	0.4	0.4	0	0	0.4
77900	0.4	0.4	0.4	0	0	0.4
78000	0.4	0.4	0.4	0	0	0.4
78100	0.4	0.39	0.39	0	0	0.4
78200	0.4	0.39	0.39	0	0	0.4
78300	0.4	0.39	0.39	0	0	0.4
78400	0.4	0.39	0.39	0	0	0.4
78500	0.4	0.39	0.39	0	0	0.4
78600	0.4	0.39	0.39	0	0	0.4
78700	0.4	0.39	0.39	0	0	0.4
78800	0.4	0.39	0.39	0	0	0.4
78900	0.4	0.39	0.39	0	0	0.4
79000	0.4	0.4	0.4	0	0	0.4
79100	0.4	0.4	0.4	0	0	0.4
79200	0.4	0.4	0.4	0	0	0.4
79300	0.4	0.38	0.38	0	0	0.4
79400	0.4	0.38	0.38	0	0	0.4
79500	0.4	0.38	0.38	0	0	0.4
79600	0.4	0.38	0.38	0	0	0.4
79700	0.4	0.38	0.38	0	0	0.4
79800	0.4	0.38	0.38	0	0	0.4
79900	0.4	0.38	0.38	0	0	0.4
80000	0.4	0.38	0.38	0	0	0.4
80100	0.4	0.38	0.38	0	0	0.4
80200	0.4	0.38	0.38	0	0	0.4
80300	0.4	0.38	0.38	0	0	0.4
80400	0.4	0.38	0.38	0	0	0.4
80500	0.4	0.38	0.38	0	0	0.4
80600	0.4	0.38	0.38	0	0	0.4
80700	0.41	0.38	0.38	0	0	0.41
80800	0.41	0.38	0.38	0	0	0.41
80900	0.41	0.38	0.38	0	0	0.41
81000	0.41	0.38	0.38	0	0	0.41
81100	0.41	0.38	0.38	0	0	0.41
81200	0.41	0.38	0.38	0	0	0.41
81300	0.41	0.38	0.38	0	0	0.41
81400	0.41	0.39	0.39	0	0	0.41
81500	0.41	0.39	0.39	0	0	0.41
81600	0.41	0.39	0.39	0	0	0.41
81700	0.41	0.38	0.38	0	0	0.41
81800	0.41	0.38	0.38	0	0	0.41
81900	0.41	0.38	0.38	0	0	0.41
82000	0.41	0.38	0.38	0	0	0.41
82100	0.41	0.38	0.38	0	0	0.41
82200	0.41	0.38	0.38	0	0	0.41
82300	0.41	0.38	0.38	0	0	0.41
82400	0.41	0.38	0.38	0	0	0.41
82500	0.41	0.38	0.38	0	0	0.41
82600	0.41	0.38	0.38	0	0	0.41
82700	0.41	0.38	0.38	0	0	0.41
82800	0.41	0.38	0.38	0	0	0.41
82900	0.41	0.38	0.38	0	0	0.41
83000	0.41	0.38	0.38	0	0	0.41
83100	0.41	0.38	0.38	0	0	0.41
83200	0.41	0.39	0.39	0	0	0.41
83300	0.41	0.38	0.38	0	0	0.41
83400	0.41	0.38	0.38	0	0	0.41
83500	0.41	0.38	0.38	0	0	0.41
83600	0.41	0.39	0.39	0	0	0.41
83700	0.41	0.39	0.39	0	0	0.41
83800	0.41	0.39	0.39	0	0	0.41
83900	0.41	0.39	0.39	0	0	0.41
84000	0.41	0.39	0.39	0	0	0.41
84100	0.41	0.39	0.39	0	0	0.41
84200	0.41	0.39	0.39	0	0	0.41
84300	0.41	0.38	0.38	0	0	0.41
84400	0.41	0.38	0.38	0	0	0.41
84500	0.41	0.39	0.39	0	0	0.41
84600	0.41	0.38	0.38	0	0	0.41
84700	0.41	0.38	0.38	0	0	0.41
84800	0.41	0.38	0.38	0	0	0.41
84900	0.41	0.38	0.38	0	0	0.41
85000	0.41	0.38	0.38	0	0	0.41
85100	0.41	0.38	0.38	0	0	0.41
85200	0.41	0.38	0.38	0	0	0.41
85300	0.41	0.38	0.38	0	0	0.41
85400	0.41	0.38	0.38	0	0	0.41
85500	0.41	0.38	0.38	0	0	0.41
85600	0.41	0.38	0.38	0	0	0.41
85700	0.41	0.38	0.38	0	0	0.41
85800	0.41	0.38	0.38	0	0	0.41
85900	0.41	0.38	0.38	0	0	0.41
86000	0.41	0.38	0.38	0	0	0.41
86100	0.41	0.38	0.38	0	0	0.41
86200	0.41	0.38	0.38	0	0	0.41
86300	0.4	0.38	0.38	0	0	0.4
86400	0.4	0.39	0.39	0	0	0.4
86500	0.4	0.39	0.39	0	0	0.4
86600	0.4	0.41	0.41	0	0	0.4
86700	0.4	0.4	0.4	0	0	0.4
86800	0.4	0.4	0.4	0	0	0.4
86900	0.4	0.4	0.4	0	0	0.4
87000	0.4	0.4	0.4	0	0	0.4
87100	0.4	0.4	0.4	0	0	0.4
87200	0.4	0.39	0.39	0	0	0.4
87300	0.4	0.39	0.39	0	0	0.4
87400	0.4	0.4	0.4	0	0	0.4
87500	0.4	0.39	0.39	0	0	0.4
87600	0.41	0.39	0.39	0	0	0.41
87700	0.4	0.39	0.39	0	0	0.4
87800	0.4	0.39	0.39	0	0	0.4
87900	0.4	0.39	0.39	0	0	0.4
88000	0.4	0.39	0.39	0	0	0.4
88100	0.4	0.39	0.39	0	0	0.4
88200	0.4	0.39	0.39	0	0	0.4
88300	0.4	0.39	0.39	0	0	0.4
88400	0.4	0.39	0.39	0	0	0.4
88500	0.4	0.39	0.39	0	0	0.4
88600	0.4	0.39	0.39	0	0	0.4
88700	0.4	0.39	0.39	0	0	0.4
88800	0.4	0.39	0.39	0	0	0.4
88900	0.4	0.39	0.39	0	0	0.4
89000	0.4	0.39	0.39	0	0	0.4
89100	0.4	0.39	0.39	0	0	0.4
89200	0.4	0.4	0.4	0	0	0.4
89300	0.4	0.39	0.39	0	0	0.4
89400	0.4	0.4	0.4	0	0	0.4
89500	0.4	0.39	0.39	0	0	0.4
89600	0.4	0.39	0.39	0	0	0.4
89700	0.4	0.39	0.39	0	0	0.4
89800	0.4	0.39	0.39	0	0	0.4
89900	0.4	0.39	0.39	0	0	0.4
90000	0.4	0.4	0.4	0	0	0.4
90100	0.4	0.4	0.4	0	0	0.4
90200	0.4	0.4	0.4	0	0	0.4
90300	0.4	0.4	0.4	0	0	0.4
90400	0.4	0.4	0.4	0	0	0.4
90500	0.4	0.4	0.4	0	0	0.4
90600	0.4	0.4	0.4	0	0	0.4
90700	0.4	0.4	0.4	0	0	0.4
90800	0.4	0.4	0.4	0	0	0.4
90900	0.4	0.4	0.4	0	0	0.4
91000	0.4	0.4	0.4	0	0	0.4
91100	0.4	0.4	0.4	0	0	0.4
91200	0.4	0.4	0.4	0	0	0.4
91300	0.4	0.4	0.4	0	0	0.4
91400	0.4	0.39	0.39	0	0	0.4
91500	0.4	0.39	0.39	0	0	0.4
91600	0.4	0.4	0.4	0	0	0.4
91700	0.4	0.4	0.4	0	0	0.4
91800	0.4	0.4	0.4	0	0	0.4
91900	0.4	0.41	0.41	0	0	0.4
92000	0.4	0.4	0.4	0	0	0.4
92100	0.4	0.41	0.41	0	0	0.4
92200	0.4	0.41	0.41	0	0	0.4
92300	0.4	0.41	0.41	0	0	0.4
92400	0.41	0.41	0.41	0	0	0.41
92500	0.4	0.41	0.41	0	0	0.4
92600	0.4	0.41	0.41	0	0	0.4
92700	0.4	0.4	0.4	0	0	0.4
92800	0.4	0.4	0.4	0	0	0.4
92900	0.4	0.4	0.4	0	0	0.4
93000	0.4	0.4	0.4	0	0	0.4
93100	0.4	0.4	0.4	0	0	0.4
93200	0.4	0.4	0.4	0	0	0.4
93300	0.4	0.4	0.4	0	0	0.4
93400	0.4	0.4	0.4	0	0	0.4
93500	0.41	0.4	0.4	0	0	0.41
93600	0.41	0.39	0.39	0	0	0.41
93700	0.41	0.39	0.39	0	0	0.41
93800	0.41	0.39	0.39	0	0	0.41
93900	0.41	0.39	0.39	0	0	0.41
94000	0.41	0.39	0.39	0	0	0.41
94100	0.4	0.39	0.39	0	0	0.4
94200	0.4	0.39	0.39	0	0	0.4
94300	0.4	0.39	0.39	0	0	0.4
94400	0.4	0.39	0.39	0	0	0.4
94500	0.4	0.39	0.39	0	0	0.4
94600	0.4	0.39	0.39	0	0	0.4
94700	0.41	0.39	0.39	0	0	0.41
94800	0.41	0.39	0.39	0	0	0.41
94900	0.42	0.39	0.39	0	0	0.42
95000	0.42	0.39	0.39	0	0	0.42
95100	0.42	0.39	0.39	0	0	0.42
95200	0.42	0.39	0.39	0	0	0.42
95300	0.42	0.39	0.39	0	0	0.42
95400	0.42	0.38	0.38	0	0	0.42
95500	0.42	0.38	0.38	0	0	0.42
95600	0.42	0.38	0.38	0	0	0.42
95700	0.42	0.38	0.38	0	0	0.42
95800	0.42	0.39	0.39	0	0	0.42
95900	0.42	0.38	0.38	0	0	0.42
96000	0.42	0.38	0.38	0	0	0.42
96100	0.42	0.37	0.37	0	0	0.42
96200	0.42	0.37	0.37	0	0	0.42
96300	0.42	0.37	0.37	0	0	0.42
96400	0.42	0.37	0.37	0	0	0.42
96500	0.42	0.37	0.37	0	0	0.42
96600	0.42	0.37	0.37	0	0	0.42
96700	0.42	0.36	0.36	0	0	0.42
96800	0.42	0.36	0.36	0	0	0.42
96900	0.42	0.36	0.36	0	0	0.42
97000	0.42	0.36	0.36	0	0	0.42
97100	0.42	0.36	0.36	0	0	0.42
97200	0.42	0.37	0.37	0	0	0.42
97300	0.42	0.37	0.37	0	0	0.42
97400	0.42	0.36	0.36	0	0	0.42
97500	0.42	0.37	0.37	0	0	0.42
97600	0.42	0.37	0.37	0	0	0.42
97700	0.42	0.38	0.38	0	0	0.42
97800	0.42	0.37	0.37	0	0	0.42
97900	0.42	0.37	0.37	0	0	0.42
98000	0.42	0.37	0.37	0	0	0.42
98100	0.42	0.37	0.37	0	0	0.42
98200	0.42	0.37	0.37	0	0	0.42
98300	0.43	0.37	0.37	0	0	0.43
98400	0.42	0.36	0.36	0	0	0.42
98500	0.42	0.36	0.36	0	0	0.42
98600	0.42	0.36	0.36	0	0	0.42
98700	0.42	0.35	0.35	0	0	0.42
98800	0.42	0.35	0.35	0	0	0.42
98900	0.42	0.35	0.35	0	0	0.42
99000	0.42	0.35	0.35	0	0	0.42
99100	0.42	0.35	0.35	0	0	0.42
99200	0.42	0.35	0.35	0	0	0.42
99300	0.42	0.35	0.35	0	0	0.42
99400	0.43	0.35	0.35	0	0	0.43
99500	0.43	0.35	0.35	0	0	0.43
99600	0.43	0.35	0.35	0	0	0.43
99700	0.42	0.35	0.35	0	0	0.42
99800	0.42	0.35	0.35	0	0	0.42
99900	0.42	0.36	0.36	0	0	0.42
100000	0.42	0.36	0.36	0	0	0.42
100100	0.42	0.36	0.36	0	0	0.42
100200	0.42	0.36	0.36	0	0	0.42
100300	0.42	0.36	0.36	0	0	0.42
100400	0.41	0.36	0.36	0	0	0.41
100500	0.41	0.36	0.36	0	0	0.41
100600	0.41	0.36	0.36	0	0	0.41
100700	0.42	0.36	0.36	0	0	0.42
100800	0.41	0.36	0.36	0	0	0.41
100900	0.41	0.36	0.36	0	0	0.41
101000	0.41	0.36	0.36	0	0	0.41
101100	0.41	0.36	0.36	0	0	0.41
101200	0.41	0.36	0.36	0	0	0.41
101300	0.41	0.36	0.36	0	0	0.41
101400	0.41	0.36	0.36	0	0	0.41
101500	0.41	0.36	0.36	0	0	0.41
101600	0.41	0.36	0.36	0	0	0.41
101700	0.41	0.36	0.36	0	0	0.41
101800	0.41	0.36	0.36	0	0	0.41
101900	0.41	0.36	0.36	0	0	0.41
102000	0.41	0.36	0.36	0	0	0.41
102100	0.4	0.36	0.36	0	0	0.4
102200	0.4	0.36	0.36	0	0	0.4
102300	0.4	0.37	0.37	0	0	0.4
102400	0.4	0.36	0.36	0	0	0.4
102500	0.4	0.36	0.36	0	0	0.4
102600	0.4	0.36	0.36	0	0	0.4
102700	0.4	0.36	0.36	0	0	0.4
102800	0.4	0.36	0.36	0	0	0.4
102900	0.4	0.36	0.36	0	0	0.4
103000	0.4	0.36	0.36	0	0	0.4
103100	0.4	0.36	0.36	0	0	0.4
103200	0.4	0.36	0.36	0	0	0.4
103300	0.4	0.36	0.36	0	0	0.4
103400	0.4	0.36	0.36	0	0	0.4
103500	0.4	0.36	0.36	0	0	0.4
103600	0.4	0.36	0.36	0	0	0.4
103700	0.4	0.36	0.36	0	0	0.4
103800	0.4	0.36	0.36	0	0	0.4
103900	0.4	0.36	0.36	0	0	0.4
104000	0.4	0.36	0.36	0	0	0.4
104100	0.4	0.36	0.36	0	0	0.4
104200	0.4	0.36	0.36	0	0	0.4
104300	0.4	0.36	0.36	0	0	0.4
104400	0.4	0.39	0.39	0	0	0.4
104500	0.4	0.39	0.39	0	0	0.4
104600	0.4	0.39	0.39	0	0	0.4
104700	0.4	0.39	0.39	0	0	0.4
104800	0.4	0.4	0.4	0	0	0.4
104900	0.4	0.39	0.39	0	0	0.4
105000	0.4	0.39	0.39	0	0	0.4
105100	0.4	0.39	0.39	0	0	0.4
105200	0.4	0.39	0.39	0	0	0.4
105300	0.4	0.39	0.39	0	0	0.4
105400	0.4	0.39	0.39	0	0	0.4
105500	0.4	0.39	0.39	0	0	0.4
105600	0.4	0.39	0.39	0	0	0.4
105700	0.4	0.39	0.39	0	0	0.4
105800	0.4	0.39	0.39	0	0	0.4
105900	0.4	0.39	0.39	0	0	0.4
106000	0.4	0.39	0.39	0	0	0.4
106100	0.41	0.39	0.39	0	0	0.41
106200	0.41	0.39	0.39	0	0	0.41
106300	0.41	0.39	0.39	0	0	0.41
106400	0.41	0.39	0.39	0	0	0.41
106500	0.4	0.39	0.39	0	0	0.4
106600	0.4	0.39	0.39	0	0	0.4
106700	0.4	0.39	0.39	0	0	0.4
106800	0.39	0.39	0.39	0	0	0.39
106900	0.38	0.39	0.39	0	0	0.38
107000	0.38	0.39	0.39	0	0	0.38
107100	0.38	0.39	0.39	0	0	0.38
107200	0.38	0.39	0.39	0	0	0.38
107300	0.38	0.39	0.39	0	0	0.38
107400	0.38	0.37	0.37	0	0	0.38
107500	0.38	0.37	0.37	0	0	0.38
107600	0.38	0.38	0.38	0	0	0.38
107700	0.38	0.38	0.38	0	0	0.38
107800	0.38	0.37	0.37	0	0	0.38
107900	0.38	0.36	0.36	0	0	0.38
108000	0.39	0.36	0.36	0	0	0.39
108100	0.39	0.37	0.37	0	0	0.39
108200	0.38	0.37	0.37	0	0	0.38
108300	0.4	0.38	0.38	0	0	0.4
108400	0.4	0.38	0.38	0	0	0.4
108500	0.4	0.38	0.38	0	0	0.4
108600	0.4	0.38	0.38	0	0	0.4
108700	0.4	0.38	0.38	0	0	0.4
108800	0.4	0.38	0.38	0	0	0.4
108900	0.4	0.38	0.38	0	0	0.4
109000	0.4	0.38	0.38	0	0	0.4
109100	0.4	0.38	0.38	0	0	0.4
109200	0.4	0.38	0.38	0	0	0.4
109300	0.4	0.38	0.38	0	0	0.4
109400	0.4	0.38	0.38	0	0	0.4
109500	0.4	0.38	0.38	0	0	0.4
109600	0.4	0.38	0.38	0	0	0.4
109700	0.4	0.38	0.38	0	0	0.4
109800	0.4	0.38	0.38	0	0	0.4
109900	0.41	0.38	0.38	0	0	0.41
110000	0.41	0.38	0.38	0	0	0.41
110100	0.41	0.39	0.39	0	0	0.41
110200	0.41	0.38	0.38	0	0	0.41
110300	0.41	0.38	0.38	0	0	0.41
110400	0.41	0.38	0.38	0	0	0.41
110500	0.41	0.38	0.38	0	0	0.41
110600	0.41	0.38	0.38	0	0	0.41
110700	0.41	0.38	0.38	0	0	0.41
110800	0.41	0.38	0.38	0	0	0.41
110900	0.41	0.38	0.38	0	0	0.41
111000	0.41	0.38	0.38	0	0	0.41
111100	0.41	0.38	0.38	0	0	0.41
111200	0.41	0.38	0.38	0	0	0.41
111300	0.41	0.38	0.38	0	0	0.41
111400	0.41	0.38	0.38	0	0	0.41
111500	0.41	0.38	0.38	0	0	0.41
111600	0.42	0.38	0.38	0	0	0.42
111700	0.42	0.38	0.38	0	0	0.42
111800	0.41	0.38	0.38	0	0	0.41
111900	0.41	0.38	0.38	0	0	0.41
112000	0.41	0.38	0.38	0	0	0.41
112100	0.41	0.38	0.38	0	0	0.41
112200	0.41	0.38	0.38	0	0	0.41
112300	0.41	0.38	0.38	0	0	0.41
112400	0.41	0.38	0.38	0	0	0.41
112500	0.41	0.38	0.38	0	0	0.41
112600	0.41	0.38	0.38	0	0	0.41
112700	0.41	0.38	0.38	0	0	0.41
112800	0.41	0.38	0.38	0	0	0.41
112900	0.41	0.38	0.38	0	0	0.41
113000	0.41	0.38	0.38	0	0	0.41
113100	0.41	0.38	0.38	0	0	0.41
113200	0.41	0.38	0.38	0	0	0.41
113300	0.41	0.38	0.38	0	0	0.41
113400	0.41	0.38	0.38	0	0	0.41
113500	0.41	0.38	0.38	0	0	0.41
113600	0.41	0.38	0.38	0	0	0.41
113700	0.41	0.38	0.38	0	0	0.41
113800	0.41	0.38	0.38	0	0	0.41
113900	0.41	0.39	0.39	0	0	0.41
114000	0.41	0.38	0.38	0	0	0.41
114100	0.41	0.38	0.38	0	0	0.41
114200	0.41	0.38	0.38	0	0	0.41
114300	0.41	0.38	0.38	0	0	0.41
114400	0.41	0.38	0.38	0	0	0.41
114500	0.41	0.38	0.38	0	0	0.41
114600	0.41	0.38	0.38	0	0	0.41
114700	0.41	0.38	0.38	0	0	0.41
114800	0.4	0.38	0.38	0	0	0.4
114900	0.4	0.38	0.38	0	0	0.4
115000	0.4	0.37	0.37	0	0	0.4
115100	0.4	0.37	0.37	0	0	0.4
115200	0.4	0.37	0.37	0	0	0.4
115300	0.4	0.37	0.37	0	0	0.4
115400	0.41	0.37	0.37	0	0	0.41
115500	0.41	0.37	0.37	0	0	0.41
115600	0.41	0.37	0.37	0	0	0.41
115700	0.41	0.38	0.38	0	0	0.41
115800	0.41	0.37	0.37	0	0	0.41
115900	0.41	0.37	0.37	0	0	0.41
116000	0.41	0.38	0.38	0	0	0.41
116100	0.41	0.39	0.39	0	0	0.41
116200	0.4	0.38	0.38	0	0	0.4
116300	0.4	0.38	0.38	0	0	0.4
116400	0.4	0.38	0.38	0	0	0.4
116500	0.4	0.38	0.38	0	0	0.4
116600	0.4	0.38	0.38	0	0	0.4
116700	0.4	0.38	0.38	0	0	0.4
116800	0.4	0.38	0.38	0	0	0.4
116900	0.4	0.38	0.38	0	0	0.4
117000	0.4	0.39	0.39	0	0	0.4
117100	0.4	0.39	0.39	0	0	0.4
117200	0.4	0.4	0.4	0	0	0.4
117300	0.4	0.39	0.39	0	0	0.4
117400	0.4	0.39	0.39	0	0	0.4
117500	0.4	0.39	0.39	0	0	0.4
117600	0.4	0.39	0.39	0	0	0.4
117700	0.4	0.39	0.39	0	0	0.4
117800	0.4	0.4	0.4	0	0	0.4
117900	0.4	0.39	0.39	0	0	0.4
118000	0.4	0.39	0.39	0	0	0.4
118100	0.4	0.39	0.39	0	0	0.4
118200	0.4	0.39	0.39	0	0	0.4
118300	0.4	0.39	0.39	0	0	0.4
118400	0.4	0.39	0.39	0	0	0.4
118500	0.4	0.39	0.39	0	0	0.4
118600	0.4	0.39	0.39	0	0	0.4
118700	0.4	0.39	0.39	0	0	0.4
118800	0.4	0.39	0.39	0	0	0.4
118900	0.4	0.39	0.39	0	0	0.4
119000	0.4	0.4	0.4	0	0	0.4
119100	0.4	0.4	0.4	0	0	0.4
119200	0.4	0.4	0.4	0	0	0.4
119300	0.4	0.39	0.39	0	0	0.4
119400	0.4	0.39	0.39	0	0	0.4
119500	0.4	0.4	0.4	0	0	0.4
119600	0.4	0.37	0.37	0	0	0.4
119700	0.4	0.36	0.36	0	0	0.4
119800	0.4	0.35	0.35	0	0	0.4
119900	0.4	0.34	0.34	0	0	0.4
120000	0.4	0.33	0.33	0	0	0.4
120100	0.4	0.32	0.32	0	0	0.4
120200	0.41	0.32	0.32	0	0	0.41
120300	0.41	0.32	0.32	0	0	0.41
120400	0.4	0.32	0.32	0	0	0.4
120500	0.4	0.32	0.32	0	0	0.4
120600	0.4	0.33	0.33	0	0	0.4
120700	0.4	0.32	0.32	0	0	0.4
120800	0.4	0.32	0.32	0	0	0.4
120900	0.41	0.32	0.32	0	0	0.41
121000	0.4	0.32	0.32	0	0	0.4
121100	0.4	0.32	0.32	0	0	0.4
121200	0.4	0.33	0.33	0	0	0.4
121300	0.4	0.33	0.33	0	0	0.4
121400	0.4	0.33	0.33	0	0	0.4
121500	0.4	0.33	0.33	0	0	0.4
121600	0.4	0.33	0.33	0	0	0.4
121700	0.4	0.34	0.34	0	0	0.4
121800	0.4	0.34	0.34	0	0	0.4
121900	0.41	0.34	0.34	0	0	0.41
122000	0.41	0.34	0.34	0	0	0.41
122100	0.4	0.34	0.34	0	0	0.4
122200	0.4	0.34	0.34	0	0	0.4
122300	0.4	0.34	0.34	0	0	0.4
122400	0.4	0.34	0.34	0	0	0.4
122500	0.41	0.34	0.34	0	0	0.41
122600	0.4	0.34	0.34	0	0	0.4
122700	0.4	0.34	0.34	0	0	0.4
122800	0.39	0.35	0.35	0	0	0.39
122900	0.39	0.36	0.36	0	0	0.39
123000	0.39	0.34	0.34	0	0	0.39
123100	0.39	0.34	0.34	0	0	0.39
123200	0.39	0.34	0.34	0	0	0.39
123300	0.39	0.34	0.34	0	0	0.39
123400	0.39	0.34	0.34	0	0	0.39
123500	0.39	0.34	0.34	0	0	0.39
123600	0.39	0.35	0.35	0	0	0.39
123700	0.39	0.35	0.35	0	0	0.39
123800	0.39	0.35	0.35	0	0	0.39
123900	0.39	0.36	0.36	0	0	0.39
124000	0.39	0.36	0.36	0	0	0.39
124100	0.39	0.36	0.36	0	0	0.39
124200	0.39	0.36	0.36	0	0	0.39
124300	0.39	0.36	0.36	0	0	0.39
124400	0.39	0.36	0.36	0	0	0.39
124500	0.39	0.36	0.36	0	0	0.39
124600	0.39	0.36	0.36	0	0	0.39
124700	0.39	0.36	0.36	0	0	0.39
124800	0.39	0.36	0.36	0	0	0.39
124900	0.39	0.36	0.36	0	0	0.39
125000	0.39	0.36	0.36	0	0	0.39
125100	0.39	0.36	0.36	0	0	0.39
125200	0.39	0.36	0.36	0	0	0.39
125300	0.39	0.37	0.37	0	0	0.39
125400	0.39	0.38	0.38	0	0	0.39
125500	0.39	0.38	0.38	0	0	0.39
125600	0.4	0.38	0.38	0	0	0.4
125700	0.4	0.37	0.37	0	0	0.4
125800	0.4	0.38	0.38	0	0	0.4
125900	0.4	0.37	0.37	0	0	0.4
126000	0.4	0.37	0.37	0	0	0.4
126100	0.4	0.37	0.37	0	0	0.4
126200	0.41	0.37	0.37	0	0	0.41
126300	0.41	0.37	0.37	0	0	0.41
126400	0.41	0.37	0.37	0	0	0.41
126500	0.41	0.37	0.37	0	0	0.41
126600	0.41	0.37	0.37	0	0	0.41
126700	0.41	0.37	0.37	0	0	0.41
126800	0.4	0.37	0.37	0	0	0.4
126900	0.4	0.37	0.37	0	0	0.4
127000	0.4	0.37	0.37	0	0	0.4
127100	0.41	0.39	0.39	0	0	0.41
127200	0.41	0.37	0.37	0	0	0.41
127300	0.41	0.39	0.39	0	0	0.41
127400	0.41	0.38	0.38	0	0	0.41
127500	0.41	0.38	0.38	0	0	0.41
127600	0.41	0.37	0.37	0	0	0.41
127700	0.41	0.37	0.37	0	0	0.41
127800	0.41	0.37	0.37	0	0	0.41
127900	0.41	0.37	0.37	0	0	0.41
128000	0.4	0.37	0.37	0	0	0.4
128100	0.41	0.37	0.37	0	0	0.41
128200	0.41	0.37	0.37	0	0	0.41
128300	0.41	0.37	0.37	0	0	0.41
128400	0.4	0.37	0.37	0	0	0.4
128500	0.4	0.37	0.37	0	0	0.4
128600	0.4	0.37	0.37	0	0	0.4
128700	0.4	0.37	0.37	0	0	0.4
128800	0.4	0.37	0.37	0	0	0.4
128900	0.4	0.37	0.37	0	0	0.4
129000	0.4	0.37	0.37	0	0	0.4
129100	0.4	0.37	0.37	0	0	0.4
129200	0.4	0.37	0.37	0	0	0.4
129300	0.4	0.38	0.38	0	0	0.4
129400	0.4	0.37	0.37	0	0	0.4
129500	0.4	0.37	0.37	0	0	0.4
129600	0.4	0.37	0.37	0	0	0.4
129700	0.4	0.38	0.38	0	0	0.4
129800	0.4	0.38	0.38	0	0	0.4
129900	0.4	0.38	0.38	0	0	0.4
130000	0.4	0.37	0.37	0	0	0.4
130100	0.4	0.38	0.38	0	0	0.4
130200	0.41	0.39	0.39	0	0	0.41
130300	0.41	0.39	0.39	0	0	0.41
130400	0.42	0.39	0.39	0	0	0.42
130500	0.41	0.39	0.39	0	0	0.41
130600	0.4	0.39	0.39	0	0	0.4
130700	0.4	0.39	0.39	0	0	0.4
130800	0.4	0.4	0.4	0	0	0.4
130900	0.4	0.39	0.39	0	0	0.4
131000	0.4	0.39	0.39	0	0	0.4
131100	0.4	0.39	0.39	0	0	0.4
131200	0.4	0.39	0.39	0	0	0.4
131300	0.4	0.39	0.39	0	0	0.4
131400	0.4	0.39	0.39	0	0	0.4
131500	0.4	0.39	0.39	0	0	0.4
131600	0.4	0.39	0.39	0	0	0.4
131700	0.4	0.39	0.39	0	0	0.4
131800	0.4	0.4	0.4	0	0	0.4
131900	0.4	0.4	0.4	0	0	0.4
132000	0.4	0.4	0.4	0	0	0.4
132100	0.4	0.4	0.4	0	0	0.4
132200	0.4	0.4	0.4	0	0	0.4
132300	0.4	0.39	0.39	0	0	0.4
132400	0.4	0.39	0.39	0	0	0.4
132500	0.4	0.39	0.39	0	0	0.4
132600	0.4	0.39	0.39	0	0	0.4
132700	0.4	0.39	0.39	0	0	0.4
132800	0.4	0.4	0.4	0	0	0.4
132900	0.4	0.4	0.4	0	0	0.4
133000	0.4	0.4	0.4	0	0	0.4
133100	0.4	0.4	0.4	0	0	0.4
133200	0.4	0.4	0.4	0	0	0.4
133300	0.4	0.39	0.39	0	0	0.4
133400	0.4	0.41	0.41	0	0	0.4
133500	0.4	0.4	0.4	0	0	0.4
133600	0.4	0.4	0.4	0	0	0.4
133700	0.4	0.4	0.4	0	0	0.4
133800	0.4	0.4	0.4	0	0	0.4
133900	0.4	0.39	0.39	0	0	0.4
134000	0.4	0.39	0.39	0	0	0.4
134100	0.4	0.39	0.39	0	0	0.4
134200	0.4	0.39	0.39	0	0	0.4
134300	0.4	0.39	0.39	0	0	0.4
134400	0.41	0.39	0.39	0	0	0.41
134500	0.41	0.39	0.39	0	0	0.41
134600	0.41	0.39	0.39	0	0	0.41
134700	0.41	0.41	0.41	0	0	0.41
134800	0.41	0.41	0.41	0	0	0.41
134900	0.41	0.39	0.39	0	0	0.41
135000	0.41	0.39	0.39	0	0	0.41
135100	0.41	0.4	0.4	0	0	0.41
135200	0.41	0.39	0.39	0	0	0.41
135300	0.41	0.39	0.39	0	0	0.41
135400	0.41	0.39	0.39	0	0	0.41
135500	0.41	0.39	0.39	0	0	0.41
135600	0.42	0.39	0.39	0	0	0.42
135700	0.42	0.39	0.39	0	0	0.42
135800	0.42	0.39	0.39	0	0	0.42
135900	0.42	0.39	0.39	0	0	0.42
136000	0.42	0.39	0.39	0	0	0.42
136100	0.42	0.38	0.38	0	0	0.42
136200	0.42	0.37	0.37	0	0	0.42
136300	0.42	0.37	0.37	0	0	0.42
136400	0.42	0.38	0.38	0	0	0.42
136500	0.42	0.38	0.38	0	0	0.42
136600	0.42	0.37	0.37	0	0	0.42
136700	0.42	0.37	0.37	0	0	0.42
136800	0.42	0.37	0.37	0	0	0.42
136900	0.42	0.37	0.37	0	0	0.42
137000	0.42	0.37	0.37	0	0	0.42
137100	0.42	0.38	0.38	0	0	0.42
137200	0.42	0.37	0.37	0	0	0.42
137300	0.42	0.36	0.36	0	0	0.42
137400	0.42	0.36	0.36	0	0	0.42
137500	0.42	0.37	0.37	0	0	0.42
137600	0.42	0.37	0.37	0	0	0.42
137700	0.41	0.37	0.37	0	0	0.41
137800	0.41	0.37	0.37	0	0	0.41
137900	0.42	0.37	0.37	0	0	0.42
138000	0.42	0.37	0.37	0	0	0.42
138100	0.42	0.38	0.38	0	0	0.42
138200	0.42	0.37	0.37	0	0	0.42
138300	0.42	0.37	0.37	0	0	0.42
138400	0.42	0.37	0.37	0	0	0.42
138500	0.42	0.37	0.37	0	0	0.42
138600	0.42	0.37	0.37	0	0	0.42
138700	0.42	0.37	0.37	0	0	0.42
138800	0.42	0.37	0.37	0	0	0.42
138900	0.43	0.37	0.37	0	0	0.43
139000	0.44	0.37	0.37	0	0	0.44
139100	0.44	0.37	0.37	0	0	0.44
139200	0.44	0.37	0.37	0	0	0.44
139300	0.44	0.38	0.38	0	0	0.44
139400	0.44	0.38	0.38	0	0	0.44
139500	0.44	0.38	0.38	0	0	0.44
139600	0.44	0.38	0.38	0	0	0.44
139700	0.44	0.38	0.38	0	0	0.44
139800	0.44	0.38	0.38	0	0	0.44
139900	0.44	0.39	0.39	0	0	0.44
140000	0.44	0.38	0.38	0	0	0.44
140100	0.44	0.38	0.38	0	0	0.44
140200	0.44	0.38	0.38	0	0	0.44
140300	0.44	0.38	0.38	0	0	0.44
140400	0.44	0.38	0.38	0	0	0.44
140500	0.44	0.38	0.38	0	0	0.44
140600	0.44	0.39	0.39	0	0	0.44
140700	0.44	0.39	0.39	0	0	0.44
140800	0.45	0.39	0.39	0	0	0.45
140900	0.45	0.39	0.39	0	0	0.45
141000	0.45	0.39	0.39	0	0	0.45
141100	0.45	0.39	0.39	0	0	0.45
141200	0.45	0.39	0.39	0	0	0.45
141300	0.45	0.39	0.39	0	0	0.45
141400	0.45	0.39	0.39	0	0	0.45
141500	0.45	0.4	0.4	0	0	0.45
141600	0.45	0.4	0.4	0	0	0.45
141700	0.45	0.41	0.41	0	0	0.45
141800	0.45	0.41	0.41	0	0	0.45
141900	0.45	0.4	0.4	0	0	0.45
142000	0.45	0.4	0.4	0	0	0.45
142100	0.45	0.4	0.4	0	0	0.45
142200	0.45	0.4	0.4	0	0	0.45
142300	0.45	0.39	0.39	0	0	0.45
142400	0.45	0.38	0.38	0	0	0.45
142500	0.45	0.38	0.38	0	0	0.45
142600	0.45	0.38	0.38	0	0	0.45
142700	0.45	0.38	0.38	0	0	0.45
142800	0.45	0.38	0.38	0	0	0.45
142900	0.46	0.38	0.38	0	0	0.46
143000	0.46	0.38	0.38	0	0	0.46
143100	0.46	0.38	0.38	0	0	0.46
143200	0.46	0.38	0.38	0	0	0.46
143300	0.46	0.38	0.38	0	0	0.46
143400	0.46	0.38	0.38	0	0	0.46
143500	0.45	0.38	0.38	0	0	0.45
143600	0.45	0.38	0.38	0	0	0.45
143700	0.45	0.38	0.38	0	0	0.45
143800	0.46	0.38	0.38	0	0	0.46
143900	0.46	0.38	0.38	0	0	0.46
144000	0.46	0.39	0.39	0	0	0.46
144100	0.46	0.39	0.39	0	0	0.46
144200	0.46	0.38	0.38	0	0	0.46
144300	0.46	0.38	0.38	0	0	0.46
144400	0.45	0.38	0.38	0	0	0.45
144500	0.45	0.38	0.38	0	0	0.45
144600	0.45	0.38	0.38	0	0	0.45
144700	0.45	0.38	0.38	0	0	0.45
144800	0.45	0.38	0.38	0	0	0.45
144900	0.45	0.39	0.39	0	0	0.45
145000	0.45	0.38	0.38	0	0	0.45
145100	0.45	0.39	0.39	0	0	0.45
145200	0.45	0.38	0.38	0	0	0.45
145300	0.45	0.37	0.37	0	0	0.45
145400	0.45	0.37	0.37	0	0	0.45
145500	0.45	0.37	0.37	0	0	0.45
145600	0.45	0.37	0.37	0	0	0.45
145700	0.45	0.37	0.37	0	0	0.45
145800	0.45	0.37	0.37	0	0	0.45
145900	0.45	0.37	0.37	0	0	0.45
146000	0.44	0.37	0.37	0	0	0.44
146100	0.44	0.37	0.37	0	0	0.44
146200	0.44	0.37	0.37	0	0	0.44
146300	0.44	0.37	0.37	0	0	0.44
146400	0.44	0.37	0.37	0	0	0.44
146500	0.44	0.37	0.37	0	0	0.44
146600	0.44	0.37	0.37	0	0	0.44
146700	0.44	0.37	0.37	0	0	0.44
146800	0.44	0.37	0.37	0	0	0.44
146900	0.44	0.37	0.37	0	0	0.44
147000	0.44	0.37	0.37	0	0	0.44
147100	0.44	0.37	0.37	0	0	0.44
147200	0.44	0.38	0.38	0	0	0.44
147300	0.44	0.37	0.37	0	0	0.44
147400	0.44	0.37	0.37	0	0	0.44
147500	0.44	0.37	0.37	0	0	0.44
147600	0.44	0.37	0.37	0	0	0.44
147700	0.45	0.37	0.37	0	0	0.45
147800	0.45	0.37	0.37	0	0	0.45
147900	0.45	0.37	0.37	0	0	0.45
148000	0.44	0.38	0.38	0	0	0.44
148100	0.44	0.39	0.39	0	0	0.44
148200	0.44	0.38	0.38	0	0	0.44
148300	0.44	0.38	0.38	0	0	0.44
148400	0.44	0.39	0.39	0	0	0.44
148500	0.44	0.39	0.39	0	0	0.44
148600	0.44	0.39	0.39	0	0	0.44
148700	0.44	0.39	0.39	0	0	0.44
148800	0.44	0.39	0.39	0	0	0.44
148900	0.44	0.4	0.4	0	0	0.44
149000	0.44	0.4	0.4	0	0	0.44
149100	0.45	0.39	0.39	0	0	0.45
149200	0.45	0.39	0.39	0	0	0.45
149300	0.45	0.39	0.39	0	0	0.45
149400	0.45	0.39	0.39	0	0	0.45
149500	0.45	0.39	0.39	0	0	0.45
149600	0.45	0.39	0.39	0	0	0.45
149700	0.45	0.39	0.39	0	0	0.45
149800	0.45	0.39	0.39	0	0	0.45
149900	0.45	0.39	0.39	0	0	0.45
150000	0.44	0.4	0.4	0	0	0.44
150100	0.45	0.39	0.39	0	0	0.45
150200	0.44	0.38	0.38	0	0	0.44
150300	0.44	0.38	0.38	0	0	0.44
150400	0.44	0.38	0.38	0	0	0.44
150500	0.44	0.38	0.38	0	0	0.44
150600	0.44	0.38	0.38	0	0	0.44
150700	0.43	0.38	0.38	0	0	0.43
150800	0.43	0.39	0.39	0	0	0.43
150900	0.43	0.39	0.39	0	0	0.43
151000	0.43	0.38	0.38	0	0	0.43
151100	0.43	0.38	0.38	0	0	0.43
151200	0.43	0.38	0.38	0	0	0.43
151300	0.43	0.38	0.38	0	0	0.43
151400	0.43	0.38	0.38	0	0	0.43
151500	0.43	0.38	0.38	0	0	0.43
151600	0.43	0.38	0.38	0	0	0.43
151700	0.43	0.38	0.38	0	0	0.43
151800	0.43	0.38	0.38	0	0	0.43
151900	0.43	0.38	0.38	0	0	0.43
152000	0.43	0.38	0.38	0	0	0.43
152100	0.43	0.38	0.38	0	0	0.43
152200	0.43	0.38	0.38	0	0	0.43
152300	0.43	0.38	0.38	0	0	0.43
152400	0.43	0.4	0.4	0	0	0.43
152500	0.43	0.39	0.39	0	0	0.43
152600	0.43	0.39	0.39	0	0	0.43
152700	0.43	0.39	0.39	0	0	0.43
152800	0.44	0.39	0.39	0	0	0.44
152900	0.43	0.39	0.39	0	0	0.43
153000	0.43	0.38	0.38	0	0	0.43
153100	0.43	0.38	0.38	0	0	0.43
153200	0.43	0.38	0.38	0	0	0.43
153300	0.43	0.38	0.38	0	0	0.43
153400	0.43	0.39	0.39	0	0	0.43
153500	0.42	0.39	0.39	0	0	0.42
153600	0.41	0.39	0.39	0	0	0.41
153700	0.4	0.4	0.4	0	0	0.4
153800	0.4	0.4	0.4	0	0	0.4
153900	0.4	0.4	0.4	0	0	0.4
154000	0.4	0.4	0.4	0	0	0.4
154100	0.4	0.4	0.4	0	0	0.4
154200	0.4	0.4	0.4	0	0	0.4
154300	0.4	0.4	0.4	0	0	0.4
154400	0.4	0.4	0.4	0	0	0.4
154500	0.4	0.4	0.4	0	0	0.4
154600	0.4	0.4	0.4	0	0	0.4
154700	0.4	0.4	0.4	0	0	0.4
154800	0.4	0.4	0.4	0	0	0.4
154900	0.4	0.4	0.4	0	0	0.4
155000	0.4	0.41	0.41	0	0	0.4
155100	0.4	0.4	0.4	0	0	0.4
155200	0.4	0.4	0.4	0	0	0.4
155300	0.4	0.4	0.4	0	0	0.4
155400	0.4	0.4	0.4	0	0	0.4
155500	0.4	0.4	0.4	0	0	0.4
155600	0.4	0.4	0.4	0	0	0.4
155700	0.41	0.4	0.4	0	0	0.41
155800	0.41	0.4	0.4	0	0	0.41
155900	0.41	0.39	0.39	0	0	0.41
156000	0.41	0.39	0.39	0	0	0.41
156100	0.41	0.39	0.39	0	0	0.41
156200	0.41	0.4	0.4	0	0	0.41
156300	0.41	0.39	0.39	0	0	0.41
156400	0.41	0.39	0.39	0	0	0.41
156500	0.41	0.39	0.39	0	0	0.41
156600	0.41	0.39	0.39	0	0	0.41
156700	0.41	0.39	0.39	0	0	0.41
156800	0.41	0.39	0.39	0	0	0.41
156900	0.41	0.39	0.39	0	0	0.41
157000	0.41	0.39	0.39	0	0	0.41
157100	0.41	0.39	0.39	0	0	0.41
157200	0.41	0.39	0.39	0	0	0.41
157300	0.41	0.39	0.39	0	0	0.41
157400	0.41	0.39	0.39	0	0	0.41
157500	0.41	0.39	0.39	0	0	0.41
157600	0.41	0.39	0.39	0	0	0.41
157700	0.41	0.39	0.39	0	0	0.41
157800	0.41	0.39	0.39	0	0	0.41
157900	0.41	0.39	0.39	0	0	0.41
158000	0.41	0.39	0.39	0	0	0.41
158100	0.41	0.39	0.39	0	0	0.41
158200	0.41	0.39	0.39	0	0	0.41
158300	0.41	0.39	0.39	0	0	0.41
158400	0.4	0.4	0.4	0	0	0.4
158500	0.4	0.39	0.39	0	0	0.4
158600	0.4	0.39	0.39	0	0	0.4
158700	0.4	0.39	0.39	0	0	0.4
158800	0.4	0.39	0.39	0	0	0.4
158900	0.4	0.39	0.39	0	0	0.4
159000	0.4	0.39	0.39	0	0	0.4
159100	0.4	0.39	0.39	0	0	0.4
159200	0.4	0.39	0.39	0	0	0.4
159300	0.4	0.39	0.39	0	0	0.4
159400	0.4	0.4	0.4	0	0	0.4
159500	0.4	0.4	0.4	0	0	0.4
159600	0.4	0.4	0.4	0	0	0.4
159700	0.4	0.4	0.4	0	0	0.4
159800	0.4	0.4	0.4	0	0	0.4
159900	0.4	0.4	0.4	0	0	0.4
160000	0.39	0.4	0.4	0	0	0.39
160100	0.39	0.39	0.39	0	0	0.39
160200	0.39	0.39	0.39	0	0	0.39
160300	0.39	0.39	0.39	0	0	0.39
160400	0.39	0.39	0.39	0	0	0.39
160500	0.39	0.39	0.39	0	0	0.39
160600	0.39	0.39	0.39	0	0	0.39
160700	0.39	0.39	0.39	0	0	0.39
160800	0.39	0.39	0.39	0	0	0.39
160900	0.39	0.39	0.39	0	0	0.39
161000	0.39	0.39	0.39	0	0	0.39
161100	0.39	0.39	0.39	0	0	0.39
161200	0.39	0.39	0.39	0	0	0.39
161300	0.39	0.39	0.39	0	0	0.39
161400	0.39	0.39	0.39	0	0	0.39
161500	0.39	0.39	0.39	0	0	0.39
161600	0.39	0.39	0.39	0	0	0.39
161700	0.39	0.39	0.39	0	0	0.39
161800	0.39	0.39	0.39	0	0	0.39
161900	0.39	0.39	0.39	0	0	0.39
162000	0.39	0.39	0.39	0	0	0.39
162100	0.39	0.39	0.39	0	0	0.39
162200	0.39	0.39	0.39	0	0	0.39
162300	0.38	0.39	0.39	0	0	0.38
162400	0.37	0.39	0.39	0	0	0.37
162500	0.37	0.39	0.39	0	0	0.37
162600	0.35	0.39	0.39	0	0	0.35
162700	0.35	0.39	0.39	0	0	0.35
162800	0.35	0.39	0.39	0	0	0.35
162900	0.35	0.39	0.39	0	0	0.35
163000	0.35	0.39	0.39	0	0	0.35
163100	0.35	0.39	0.39	0	0	0.35
163200	0.34	0.4	0.4	0	0	0.34
163300	0.34	0.4	0.4	0	0	0.34
163400	0.34	0.4	0.4	0	0	0.34
163500	0.34	0.4	0.4	0	0	0.34
163600	0.34	0.4	0.4	0	0	0.34
163700	0.34	0.4	0.4	0	0	0.34
163800	0.34	0.4	0.4	0	0	0.34
163900	0.34	0.4	0.4	0	0	0.34
164000	0.34	0.4	0.4	0	0	0.34
164100	0.35	0.4	0.4	0	0	0.35
164200	0.34	0.4	0.4	0	0	0.34
164300	0.34	0.4	0.4	0	0	0.34
164400	0.34	0.4	0.4	0	0	0.34
164500	0.34	0.4	0.4	0	0	0.34
164600	0.34	0.4	0.4	0	0	0.34
164700	0.34	0.4	0.4	0	0	0.34
164800	0.34	0.41	0.41	0	0	0.34
164900	0.34	0.41	0.41	0	0	0.34
165000	0.34	0.4	0.4	0	0	0.34
165100	0.34	0.4	0.4	0	0	0.34
165200	0.34	0.4	0.4	0	0	0.34
165300	0.34	0.41	0.41	0	0	0.34
165400	0.35	0.4	0.4	0	0	0.35
165500	0.35	0.4	0.4	0	0	0.35
165600	0.35	0.4	0.4	0	0	0.35
165700	0.35	0.4	0.4	0	0	0.35
165800	0.35	0.4	0.4	0	0	0.35
165900	0.35	0.4	0.4	0	0	0.35
166000	0.35	0.4	0.4	0	0	0.35
166100	0.35	0.41	0.41	0	0	0.35
166200	0.35	0.4	0.4	0	0	0.35
166300	0.35	0.41	0.41	0	0	0.35
166400	0.35	0.41	0.41	0	0	0.35
166500	0.36	0.41	0.41	0	0	0.36
166600	0.36	0.41	0.41	0	0	0.36
166700	0.36	0.41	0.41	0	0	0.36
166800	0.36	0.41	0.41	0	0	0.36
166900	0.36	0.41	0.41	0	0	0.36
167000	0.36	0.41	0.41	0	0	0.36
167100	0.37	0.41	0.41	0	0	0.37
167200	0.37	0.41	0.41	0	0	0.37
167300	0.37	0.41	0.41	0	0	0.37
167400	0.37	0.41	0.41	0	0	0.37
167500	0.37	0.41	0.41	0	0	0.37
167600	0.37	0.41	0.41	0	0	0.37
167700	0.37	0.41	0.41	0	0	0.37
167800	0.35	0.42	0.42	0	0	0.35
167900	0.35	0.42	0.42	0	0	0.35
168000	0.35	0.42	0.42	0	0	0.35
168100	0.35	0.43	0.43	0	0	0.35
168200	0.35	0.43	0.43	0	0	0.35
168300	0.35	0.43	0.43	0	0	0.35
168400	0.35	0.43	0.43	0	0	0.35
168500	0.35	0.42	0.42	0	0	0.35
168600	0.35	0.42	0.42	0	0	0.35
168700	0.35	0.42	0.42	0	0	0.35
168800	0.35	0.42	0.42	0	0	0.35
168900	0.35	0.42	0.42	0	0	0.35
169000	0.35	0.42	0.42	0	0	0.35
169100	0.35	0.42	0.42	0	0	0.35
169200	0.35	0.42	0.42	0	0	0.35
169300	0.35	0.42	0.42	0	0	0.35
169400	0.35	0.42	0.42	0	0	0.35
169500	0.35	0.42	0.42	0	0	0.35
169600	0.35	0.41	0.41	0	0	0.35
169700	0.35	0.41	0.41	0	0	0.35
169800	0.35	0.41	0.41	0	0	0.35
169900	0.35	0.41	0.41	0	0	0.35
170000	0.35	0.42	0.42	0	0	0.35
170100	0.35	0.42	0.42	0	0	0.35
170200	0.35	0.42	0.42	0	0	0.35
170300	0.36	0.42	0.42	0	0	0.36
170400	0.35	0.42	0.42	0	0	0.35
170500	0.36	0.42	0.42	0	0	0.36
170600	0.36	0.42	0.42	0	0	0.36
170700	0.36	0.42	0.42	0	0	0.36
170800	0.36	0.42	0.42	0	0	0.36
170900	0.36	0.42	0.42	0	0	0.36
171000	0.36	0.42	0.42	0	0	0.36
171100	0.36	0.41	0.41	0	0	0.36
171200	0.37	0.41	0.41	0	0	0.37
171300	0.37	0.41	0.41	0	0	0.37
171400	0.37	0.41	0.41	0	0	0.37
171500	0.36	0.41	0.41	0	0	0.36
171600	0.36	0.41	0.41	0	0	0.36
171700	0.37	0.41	0.41	0	0	0.37
171800	0.37	0.41	0.41	0	0	0.37
171900	0.37	0.41	0.41	0	0	0.37
172000	0.37	0.41	0.41	0	0	0.37
172100	0.37	0.41	0.41	0	0	0.37
172200	0.37	0.41	0.41	0	0	0.37
172300	0.37	0.41	0.41	0	0	0.37
172400	0.37	0.4	0.4	0	0	0.37
172500	0.37	0.37	0.37	0	0	0.37
172600	0.37	0.37	0.37	0	0	0.37
172700	0.37	0.36	0.36	0	0	0.37
172800	0.37	0.36	0.36	0	0	0.37
172900	0.37	0.36	0.36	0	0	0.37
173000	0.37	0.36	0.36	0	0	0.37
173100	0.37	0.36	0.36	0	0	0.37
173200	0.37	0.36	0.36	0	0	0.37
173300	0.37	0.36	0.36	0	0	0.37
173400	0.37	0.36	0.36	0	0	0.37
173500	0.37	0.36	0.36	0	0	0.37
173600	0.37	0.36	0.36	0	0	0.37
173700	0.37	0.38	0.38	0	0	0.37
173800	0.37	0.38	0.38	0	0	0.37
173900	0.37	0.37	0.37	0	0	0.37
174000	0.37	0.36	0.36	0	0	0.37
174100	0.37	0.36	0.36	0	0	0.37
174200	0.37	0.36	0.36	0	0	0.37
174300	0.37	0.36	0.36	0	0	0.37
174400	0.38	0.36	0.36	0	0	0.38
174500	0.38	0.36	0.36	0	0	0.38
174600	0.38	0.36	0.36	0	0	0.38
174700	0.38	0.36	0.36	0	0	0.38
174800	0.38	0.36	0.36	0	0	0.38
174900	0.38	0.36	0.36	0	0	0.38
175000	0.38	0.36	0.36	0	0	0.38
175100	0.38	0.36	0.36	0	0	0.38
175200	0.38	0.36	0.36	0	0	0.38
175300	0.39	0.37	0.37	0	0	0.39
175400	0.38	0.38	0.38	0	0	0.38
175500	0.38	0.38	0.38	0	0	0.38
175600	0.38	0.36	0.36	0	0	0.38
175700	0.39	0.36	0.36	0	0	0.39
175800	0.38	0.36	0.36	0	0	0.38
175900	0.38	0.36	0.36	0	0	0.38
176000	0.38	0.37	0.37	0	0	0.38
176100	0.38	0.37	0.37	0	0	0.38
176200	0.38	0.36	0.36	0	0	0.38
176300	0.38	0.36	0.36	0	0	0.38
176400	0.39	0.36	0.36	0	0	0.39
176500	0.38	0.36	0.36	0	0	0.38
176600	0.38	0.36	0.36	0	0	0.38
176700	0.38	0.36	0.36	0	0	0.38
176800	0.38	0.36	0.36	0	0	0.38
176900	0.38	0.36	0.36	0	0	0.38
177000	0.38	0.36	0.36	0	0	0.38
177100	0.38	0.36	0.36	0	0	0.38
177200	0.38	0.36	0.36	0	0	0.38
177300	0.38	0.36	0.36	0	0	0.38
177400	0.38	0.36	0.36	0	0	0.38
177500	0.38	0.36	0.36	0	0	0.38
177600	0.38	0.37	0.37	0	0	0.38
177700	0.38	0.37	0.37	0	0	0.38
177800	0.38	0.36	0.36	0	0	0.38
177900	0.38	0.36	0.36	0	0	0.38
178000	0.38	0.36	0.36	0	0	0.38
178100	0.38	0.36	0.36	0	0	0.38
178200	0.38	0.36	0.36	0	0	0.38
178300	0.38	0.36	0.36	0	0	0.38
178400	0.38	0.36	0.36	0	0	0.38
178500	0.38	0.36	0.36	0	0	0.38
178600	0.38	0.36	0.36	0	0	0.38
178700	0.38	0.36	0.36	0	0	0.38
178800	0.38	0.36	0.36	0	0	0.38
178900	0.38	0.36	0.36	0	0	0.38
179000	0.38	0.37	0.37	0	0	0.38
179100	0.38	0.37	0.37	0	0	0.38
179200	0.39	0.37	0.37	0	0	0.39
179300	0.39	0.37	0.37	0	0	0.39
179400	0.39	0.37	0.37	0	0	0.39
179500	0.39	0.38	0.38	0	0	0.39
179600	0.39	0.37	0.37	0	0	0.39
179700	0.39	0.38	0.38	0	0	0.39
179800	0.39	0.38	0.38	0	0	0.39
179900	0.39	0.38	0.38	0	0	0.39
180000	0.39	0.38	0.38	0	0	0.39
180100	0.39	0.38	0.38	0	0	0.39
180200	0.39	0.38	0.38	0	0	0.39
180300	0.39	0.38	0.38	0	0	0.39
180400	0.39	0.38	0.38	0	0	0.39
180500	0.39	0.38	0.38	0	0	0.39
180600	0.39	0.38	0.38	0	0	0.39
180700	0.39	0.37	0.37	0	0	0.39
180800	0.39	0.37	0.37	0	0	0.39
180900	0.39	0.37	0.37	0	0	0.39
181000	0.39	0.37	0.37	0	0	0.39
181100	0.39	0.37	0.37	0	0	0.39
181200	0.39	0.37	0.37	0	0	0.39
181300	0.39	0.38	0.38	0	0	0.39
181400	0.39	0.37	0.37	0	0	0.39
181500	0.39	0.37	0.37	0	0	0.39
181600	0.4	0.37	0.37	0	0	0.4
181700	0.4	0.37	0.37	0	0	0.4
181800	0.4	0.37	0.37	0	0	0.4
181900	0.4	0.37	0.37	0	0	0.4
182000	0.4	0.37	0.37	0	0	0.4
182100	0.4	0.37	0.37	0	0	0.4
182200	0.4	0.38	0.38	0	0	0.4
182300	0.4	0.38	0.38	0	0	0.4
182400	0.4	0.36	0.36	0	0	0.4
182500	0.4	0.38	0.38	0	0	0.4
182600	0.4	0.38	0.38	0	0	0.4
182700	0.4	0.38	0.38	0	0	0.4
182800	0.4	0.38	0.38	0	0	0.4
182900	0.4	0.38	0.38	0	0	0.4
183000	0.4	0.38	0.38	0	0	0.4
183100	0.4	0.38	0.38	0	0	0.4
183200	0.4	0.38	0.38	0	0	0.4
183300	0.4	0.38	0.38	0	0	0.4
183400	0.4	0.38	0.38	0	0	0.4
183500	0.4	0.38	0.38	0	0	0.4
183600	0.4	0.38	0.38	0	0	0.4
183700	0.4	0.38	0.38	0	0	0.4
183800	0.4	0.39	0.39	0	0	0.4
183900	0.4	0.39	0.39	0	0	0.4
184000	0.4	0.38	0.38	0	0	0.4
184100	0.4	0.38	0.38	0	0	0.4
184200	0.4	0.38	0.38	0	0	0.4
184300	0.4	0.38	0.38	0	0	0.4
184400	0.4	0.38	0.38	0	0	0.4
184500	0.4	0.38	0.38	0	0	0.4
184600	0.4	0.39	0.39	0	0	0.4
184700	0.4	0.39	0.39	0	0	0.4
184800	0.4	0.39	0.39	0	0	0.4
184900	0.4	0.39	0.39	0	0	0.4
185000	0.4	0.38	0.38	0	0	0.4
185100	0.4	0.38	0.38	0	0	0.4
185200	0.4	0.38	0.38	0	0	0.4
185300	0.41	0.38	0.38	0	0	0.41
185400	0.4	0.38	0.38	0	0	0.4
185500	0.4	0.38	0.38	0	0	0.4
185600	0.4	0.38	0.38	0	0	0.4
185700	0.4	0.38	0.38	0	0	0.4
185800	0.4	0.39	0.39	0	0	0.4
185900	0.4	0.39	0.39	0	0	0.4
186000	0.4	0.38	0.38	0	0	0.4
186100	0.4	0.37	0.37	0	0	0.4
186200	0.4	0.37	0.37	0	0	0.4
186300	0.4	0.37	0.37	0	0	0.4
186400	0.4	0.37	0.37	0	0	0.4
186500	0.4	0.37	0.37	0	0	0.4
186600	0.4	0.37	0.37	0	0	0.4
186700	0.4	0.37	0.37	0	0	0.4
186800	0.4	0.37	0.37	0	0	0.4
186900	0.4	0.37	0.37	0	0	0.4
187000	0.4	0.37	0.37	0	0	0.4
187100	0.4	0.37	0.37	0	0	0.4
187200	0.4	0.37	0.37	0	0	0.4
187300	0.4	0.37	0.37	0	0	0.4
187400	0.4	0.36	0.36	0	0	0.4
187500	0.4	0.36	0.36	0	0	0.4
187600	0.41	0.37	0.37	0	0	0.41
187700	0.4	0.36	0.36	0	0	0.4
187800	0.4	0.36	0.36	0	0	0.4
187900	0.4	0.36	0.36	0	0	0.4
188000	0.4	0.36	0.36	0	0	0.4
188100	0.4	0.36	0.36	0	0	0.4
188200	0.4	0.37	0.37	0	0	0.4
188300	0.4	0.37	0.37	0	0	0.4
188400	0.4	0.37	0.37	0	0	0.4
188500	0.4	0.36	0.36	0	0	0.4
188600	0.4	0.36	0.36	0	0	0.4
188700	0.4	0.37	0.37	0	0	0.4
188800	0.4	0.37	0.37	0	0	0.4
188900	0.4	0.37	0.37	0	0	0.4
189000	0.4	0.37	0.37	0	0	0.4
189100	0.4	0.38	0.38	0	0	0.4
189200	0.4	0.38	0.38	0	0	0.4
189300	0.4	0.37	0.37	0	0	0.4
189400	0.4	0.38	0.38	0	0	0.4
189500	0.4	0.38	0.38	0	0	0.4
189600	0.4	0.38	0.38	0	0	0.4
189700	0.4	0.38	0.38	0	0	0.4
189800	0.4	0.38	0.38	0	0	0.4
189900	0.4	0.38	0.38	0	0	0.4
190000	0.4	0.38	0.38	0	0	0.4
190100	0.4	0.38	0.38	0	0	0.4
190200	0.4	0.38	0.38	0	0	0.4
190300	0.4	0.38	0.38	0	0	0.4
190400	0.41	0.38	0.38	0	0	0.41
190500	0.41	0.38	0.38	0	0	0.41
190600	0.41	0.38	0.38	0	0	0.41
190700	0.41	0.38	0.38	0	0	0.41
190800	0.41	0.38	0.38	0	0	0.41
190900	0.41	0.39	0.39	0	0	0.41
191000	0.41	0.4	0.4	0	0	0.41
191100	0.41	0.4	0.4	0	0	0.41
191200	0.41	0.4	0.4	0	0	0.41
191300	0.41	0.4	0.4	0	0	0.41
191400	0.41	0.4	0.4	0	0	0.41
191500	0.42	0.4	0.4	0	0	0.42
191600	0.41	0.4	0.4	0	0	0.41
191700	0.41	0.4	0.4	0	0	0.41
191800	0.41	0.4	0.4	0	0	0.41
191900	0.41	0.4	0.4	0	0	0.41
192000	0.41	0.4	0.4	0	0	0.41
192100	0.41	0.4	0.4	0	0	0.41
192200	0.41	0.4	0.4	0	0	0.41
192300	0.41	0.4	0.4	0	0	0.41
192400	0.41	0.4	0.4	0	0	0.41
192500	0.41	0.4	0.4	0	0	0.41
192600	0.41	0.4	0.4	0	0	0.41
192700	0.41	0.4	0.4	0	0	0.41
192800	0.41	0.4	0.4	0	0	0.41
192900	0.41	0.4	0.4	0	0	0.41
193000	0.41	0.4	0.4	0	0	0.41
193100	0.41	0.4	0.4	0	0	0.41
193200	0.41	0.4	0.4	0	0	0.41
193300	0.41	0.4	0.4	0	0	0.41
193400	0.41	0.4	0.4	0	0	0.41
193500	0.41	0.4	0.4	0	0	0.41
193600	0.41	0.4	0.4	0	0	0.41
193700	0.41	0.4	0.4	0	0	0.41
193800	0.41	0.4	0.4	0	0	0.41
193900	0.41	0.4	0.4	0	0	0.41
194000	0.41	0.4	0.4	0	0	0.41
194100	0.41	0.4	0.4	0	0	0.41
194200	0.41	0.41	0.41	0	0	0.41
194300	0.41	0.4	0.4	0	0	0.41
194400	0.41	0.4	0.4	0	0	0.41
194500	0.41	0.4	0.4	0	0	0.41
194600	0.41	0.4	0.4	0	0	0.41
194700	0.41	0.4	0.4	0	0	0.41
194800	0.41	0.4	0.4	0	0	0.41
194900	0.41	0.4	0.4	0	0	0.41
195000	0.41	0.4	0.4	0	0	0.41
195100	0.41	0.41	0.41	0	0	0.41
195200	0.41	0.4	0.4	0	0	0.41
195300	0.41	0.41	0.41	0	0	0.41
195400	0.41	0.41	0.41	0	0	0.41
195500	0.41	0.41	0.41	0	0	0.41
195600	0.41	0.41	0.41	0	0	0.41
195700	0.41	0.41	0.41	0	0	0.41
195800	0.41	0.41	0.41	0	0	0.41
195900	0.41	0.4	0.4	0	0	0.41
196000	0.41	0.4	0.4	0	0	0.41
196100	0.41	0.4	0.4	0	0	0.41
196200	0.41	0.4	0.4	0	0	0.41
196300	0.41	0.4	0.4	0	0	0.41
196400	0.41	0.4	0.4	0	0	0.41
196500	0.41	0.4	0.4	0	0	0.41
196600	0.41	0.4	0.4	0	0	0.41
196700	0.41	0.4	0.4	0	0	0.41
196800	0.41	0.4	0.4	0	0	0.41
196900	0.42	0.4	0.4	0	0	0.42
197000	0.42	0.4	0.4	0	0	0.42
197100	0.42	0.4	0.4	0	0	0.42
197200	0.42	0.4	0.4	0	0	0.42
197300	0.42	0.4	0.4	0	0	0.42
197400	0.42	0.4	0.4	0	0	0.42
197500	0.42	0.4	0.4	0	0	0.42
197600	0.42	0.4	0.4	0	0	0.42
197700	0.42	0.4	0.4	0	0	0.42
197800	0.42	0.4	0.4	0	0	0.42
197900	0.42	0.4	0.4	0	0	0.42
198000	0.42	0.4	0.4	0	0	0.42
198100	0.42	0.4	0.4	0	0	0.42
198200	0.42	0.4	0.4	0	0	0.42
198300	0.42	0.4	0.4	0	0	0.42
198400	0.42	0.4	0.4	0	0	0.42
198500	0.42	0.4	0.4	0	0	0.42
198600	0.42	0.4	0.4	0	0	0.42
198700	0.42	0.4	0.4	0	0	0.42
198800	0.42	0.4	0.4	0	0	0.42
198900	0.42	0.4	0.4	0	0	0.42
199000	0.42	0.4	0.4	0	0	0.42
199100	0.42	0.4	0.4	0	0	0.42
199200	0.42	0.4	0.4	0	0	0.42
199300	0.41	0.4	0.4	0	0	0.41
199400	0.41	0.4	0.4	0	0	0.41
199500	0.41	0.4	0.4	0	0	0.41
199600	0.41	0.4	0.4	0	0	0.41
199700	0.41	0.4	0.4	0	0	0.41
199800	0.41	0.4	0.4	0	0	0.41
199900	0.41	0.4	0.4	0	0	0.41
200000	0.41	0.4	0.4	0	0	0.41
200100	0.41	0.4	0.4	0	0	0.41
200200	0.41	0.4	0.4	0	0	0.41
200300	0.41	0.4	0.4	0	0	0.41
200400	0.41	0.4	0.4	0	0	0.41
200500	0.41	0.4	0.4	0	0	0.41
200600	0.41	0.4	0.4	0	0	0.41
200700	0.41	0.4	0.4	0	0	0.41
200800	0.41	0.4	0.4	0	0	0.41
200900	0.41	0.4	0.4	0	0	0.41
201000	0.41	0.4	0.4	0	0	0.41
201100	0.41	0.4	0.4	0	0	0.41
201200	0.41	0.4	0.4	0	0	0.41
201300	0.41	0.4	0.4	0	0	0.41
201400	0.41	0.4	0.4	0	0	0.41
201500	0.41	0.4	0.4	0	0	0.41
201600	0.41	0.4	0.4	0	0	0.41
201700	0.41	0.4	0.4	0	0	0.41
201800	0.41	0.4	0.4	0	0	0.41
201900	0.41	0.41	0.41	0	0	0.41
202000	0.41	0.41	0.41	0	0	0.41
202100	0.41	0.41	0.41	0	0	0.41
202200	0.41	0.41	0.41	0	0	0.41
202300	0.41	0.41	0.41	0	0	0.41
202400	0.41	0.41	0.41	0	0	0.41
202500	0.41	0.41	0.41	0	0	0.41
202600	0.41	0.41	0.41	0	0	0.41
202700	0.41	0.41	0.41	0	0	0.41
202800	0.41	0.41	0.41	0	0	0.41
202900	0.41	0.41	0.41	0	0	0.41
203000	0.41	0.41	0.41	0	0	0.41
203100	0.41	0.41	0.41	0	0	0.41
203200	0.41	0.41	0.41	0	0	0.41
203300	0.41	0.41	0.41	0	0	0.41
203400	0.41	0.41	0.41	0	0	0.41
203500	0.41	0.41	0.41	0	0	0.41
203600	0.41	0.41	0.41	0	0	0.41
203700	0.41	0.41	0.41	0	0	0.41
203800	0.41	0.41	0.41	0	0	0.41
203900	0.41	0.41	0.41	0	0	0.41
204000	0.41	0.41	0.41	0	0	0.41
204100	0.41	0.41	0.41	0	0	0.41
204200	0.41	0.41	0.41	0	0	0.41
204300	0.41	0.41	0.41	0	0	0.41
204400	0.41	0.41	0.41	0	0	0.41
204500	0.41	0.41	0.41	0	0	0.41
204600	0.41	0.41	0.41	0	0	0.41
204700	0.41	0.41	0.41	0	0	0.41
204800	0.41	0.41	0.41	0	0	0.41
204900	0.41	0.41	0.41	0	0	0.41
205000	0.41	0.41	0.41	0	0	0.41
205100	0.41	0.41	0.41	0	0	0.41
205200	0.41	0.41	0.41	0	0	0.41
205300	0.41	0.41	0.41	0	0	0.41
205400	0.41	0.41	0.41	0	0	0.41
205500	0.41	0.41	0.41	0	0	0.41
205600	0.41	0.41	0.41	0	0	0.41
205700	0.41	0.41	0.41	0	0	0.41
205800	0.41	0.41	0.41	0	0	0.41
205900	0.41	0.41	0.41	0	0	0.41
206000	0.41	0.41	0.41	0	0	0.41
206100	0.41	0.41	0.41	0	0	0.41
206200	0.41	0.41	0.41	0	0	0.41
206300	0.41	0.41	0.41	0	0	0.41
206400	0.41	0.41	0.41	0	0	0.41
206500	0.41	0.41	0.41	0	0	0.41
206600	0.41	0.41	0.41	0	0	0.41
206700	0.41	0.41	0.41	0	0	0.41
206800	0.41	0.41	0.41	0	0	0.41
206900	0.41	0.41	0.41	0	0	0.41
207000	0.41	0.41	0.41	0	0	0.41
207100	0.41	0.41	0.41	0	0	0.41
207200	0.41	0.41	0.41	0	0	0.41
207300	0.41	0.41	0.41	0	0	0.41
207400	0.41	0.41	0.41	0	0	0.41
207500	0.41	0.41	0.41	0	0	0.41
207600	0.41	0.41	0.41	0	0	0.41
207700	0.41	0.41	0.41	0	0	0.41
207800	0.41	0.42	0.42	0	0	0.41
207900	0.41	0.42	0.42	0	0	0.41
208000	0.41	0.42	0.42	0	0	0.41
208100	0.41	0.42	0.42	0	0	0.41
208200	0.41	0.43	0.43	0	0	0.41
208300	0.42	0.43	0.43	0	0	0.42
208400	0.42	0.43	0.43	0	0	0.42
208500	0.42	0.43	0.43	0	0	0.42
208600	0.42	0.43	0.43	0	0	0.42
208700	0.42	0.43	0.43	0	0	0.42
208800	0.41	0.43	0.43	0	0	0.41
208900	0.41	0.44	0.44	0	0	0.41
209000	0.41	0.44	0.44	0	0	0.41
209100	0.41	0.44	0.44	0	0	0.41
209200	0.41	0.44	0.44	0	0	0.41
209300	0.41	0.44	0.44	0	0	0.41
209400	0.41	0.44	0.44	0	0	0.41
209500	0.41	0.44	0.44	0	0	0.41
209600	0.41	0.44	0.44	0	0	0.41
209700	0.41	0.44	0.44	0	0	0.41
209800	0.41	0.44	0.44	0	0	0.41
209900	0.41	0.45	0.45	0	0	0.41
210000	0.41	0.45	0.45	0	0	0.41
210100	0.41	0.45	0.45	0	0	0.41
210200	0.41	0.45	0.45	0	0	0.41
210300	0.41	0.45	0.45	0	0	0.41
210400	0.41	0.45	0.45	0	0	0.41
210500	0.41	0.45	0.45	0	0	0.41
210600	0.41	0.45	0.45	0	0	0.41
210700	0.41	0.45	0.45	0	0	0.41
210800	0.41	0.45	0.45	0	0	0.41
210900	0.41	0.45	0.45	0	0	0.41
211000	0.41	0.45	0.45	0	0	0.41
211100	0.41	0.45	0.45	0	0	0.41
211200	0.41	0.45	0.45	0	0	0.41
211300	0.41	0.45	0.45	0	0	0.41
211400	0.41	0.45	0.45	0	0	0.41
211500	0.41	0.45	0.45	0	0	0.41
211600	0.41	0.45	0.45	0	0	0.41
211700	0.41	0.45	0.45	0	0	0.41
211800	0.41	0.45	0.45	0	0	0.41
211900	0.41	0.45	0.45	0	0	0.41
212000	0.41	0.45	0.45	0	0	0.41
212100	0.41	0.45	0.45	0	0	0.41
212200	0.41	0.45	0.45	0	0	0.41
212300	0.41	0.45	0.45	0	0	0.41
212400	0.41	0.45	0.45	0	0	0.41
212500	0.41	0.45	0.45	0	0	0.41
212600	0.41	0.45	0.45	0	0	0.41
212700	0.41	0.45	0.45	0	0	0.41
212800	0.41	0.45	0.45	0	0	0.41
212900	0.41	0.45	0.45	0	0	0.41
213000	0.41	0.45	0.45	0	0	0.41
213100	0.41	0.45	0.45	0	0	0.41
213200	0.41	0.45	0.45	0	0	0.41
213300	0.41	0.45	0.45	0	0	0.41
213400	0.41	0.45	0.45	0	0	0.41
213500	0.41	0.45	0.45	0	0	0.41
213600	0.41	0.45	0.45	0	0	0.41
213700	0.41	0.45	0.45	0	0	0.41
213800	0.41	0.45	0.45	0	0	0.41
213900	0.41	0.45	0.45	0	0	0.41
214000	0.41	0.45	0.45	0	0	0.41
214100	0.41	0.45	0.45	0	0	0.41
214200	0.41	0.45	0.45	0	0	0.41
214300	0.41	0.45	0.45	0	0	0.41
214400	0.41	0.45	0.45	0	0	0.41
214500	0.41	0.45	0.45	0	0	0.41
214600	0.41	0.45	0.45	0	0	0.41
214700	0.41	0.45	0.45	0	0	0.41
214800	0.41	0.45	0.45	0	0	0.41
214900	0.41	0.45	0.45	0	0	0.41
215000	0.41	0.45	0.45	0	0	0.41
215100	0.41	0.45	0.45	0	0	0.41
215200	0.41	0.45	0.45	0	0	0.41
215300	0.41	0.45	0.45	0	0	0.41
215400	0.41	0.45	0.45	0	0	0.41
215500	0.41	0.45	0.45	0	0	0.41
215600	0.41	0.45	0.45	0	0	0.41
215700	0.41	0.45	0.45	0	0	0.41
215800	0.41	0.45	0.45	0	0	0.41
215900	0.41	0.45	0.45	0	0	0.41
216000	0.41	0.45	0.45	0	0	0.41
216100	0.41	0.45	0.45	0	0	0.41
216200	0.41	0.45	0.45	0	0	0.41
216300	0.41	0.45	0.45	0	0	0.41
216400	0.41	0.45	0.45	0	0	0.41
216500	0.41	0.45	0.45	0	0	0.41
216600	0.41	0.45	0.45	0	0	0.41
216700	0.41	0.45	0.45	0	0	0.41
216800	0.41	0.45	0.45	0	0	0.41
216900	0.41	0.45	0.45	0	0	0.41
217000	0.41	0.45	0.45	0	0	0.41
217100	0.41	0.45	0.45	0	0	0.41
217200	0.41	0.45	0.45	0	0	0.41
217300	0.41	0.45	0.45	0	0	0.41
217400	0.41	0.45	0.45	0	0	0.41
217500	0.41	0.45	0.45	0	0	0.41
217600	0.41	0.46	0.46	0	0	0.41
217700	0.41	0.45	0.45	0	0	0.41
217800	0.41	0.45	0.45	0	0	0.41
217900	0.41	0.45	0.45	0	0	0.41
218000	0.41	0.45	0.45	0	0	0.41
218100	0.41	0.45	0.45	0	0	0.41
218200	0.41	0.44	0.44	0	0	0.41
218300	0.41	0.44	0.44	0	0	0.41
218400	0.41	0.44	0.44	0	0	0.41
218500	0.41	0.44	0.44	0	0	0.41
218600	0.41	0.45	0.45	0	0	0.41
218700	0.41	0.45	0.45	0	0	0.41
218800	0.41	0.45	0.45	0	0	0.41
218900	0.41	0.45	0.45	0	0	0.41
219000	0.41	0.45	0.45	0	0	0.41
219100	0.41	0.45	0.45	0	0	0.41
219200	0.41	0.45	0.45	0	0	0.41
219300	0.41	0.45	0.45	0	0	0.41
219400	0.41	0.45	0.45	0	0	0.41
219500	0.41	0.45	0.45	0	0	0.41
219600	0.41	0.45	0.45	0	0	0.41
219700	0.41	0.45	0.45	0	0	0.41
219800	0.41	0.45	0.45	0	0	0.41
219900	0.41	0.45	0.45	0	0	0.41
220000	0.41	0.45	0.45	0	0	0.41
220100	0.41	0.45	0.45	0	0	0.41
220200	0.41	0.45	0.45	0	0	0.41
220300	0.41	0.45	0.45	0	0	0.41
220400	0.41	0.45	0.45	0	0	0.41
220500	0.41	0.45	0.45	0	0	0.41
220600	0.41	0.45	0.45	0	0	0.41
220700	0.41	0.45	0.45	0	0	0.41
220800	0.41	0.45	0.45	0	0	0.41
220900	0.4	0.45	0.45	0	0	0.4
221000	0.4	0.45	0.45	0	0	0.4
221100	0.4	0.45	0.45	0	0	0.4
221200	0.4	0.46	0.46	0	0	0.4
221300	0.4	0.45	0.45	0	0	0.4
221400	0.4	0.45	0.45	0	0	0.4
221500	0.41	0.45	0.45	0	0	0.41
221600	0.41	0.45	0.45	0	0	0.41
221700	0.41	0.45	0.45	0	0	0.41
221800	0.41	0.45	0.45	0	0	0.41
221900	0.41	0.45	0.45	0	0	0.41
222000	0.41	0.45	0.45	0	0	0.41
222100	0.41	0.45	0.45	0	0	0.41
222200	0.41	0.45	0.45	0	0	0.41
222300	0.41	0.45	0.45	0	0	0.41
222400	0.41	0.45	0.45	0	0	0.41
222500	0.41	0.45	0.45	0	0	0.41
222600	0.41	0.45	0.45	0	0	0.41
222700	0.41	0.45	0.45	0	0	0.41
222800	0.41	0.45	0.45	0	0	0.41
222900	0.41	0.45	0.45	0	0	0.41
223000	0.41	0.45	0.45	0	0	0.41
223100	0.41	0.45	0.45	0	0	0.41
223200	0.41	0.45	0.45	0	0	0.41
223300	0.41	0.45	0.45	0	0	0.41
223400	0.41	0.45	0.45	0	0	0.41
223500	0.41	0.45	0.45	0	0	0.41
223600	0.41	0.45	0.45	0	0	0.41
223700	0.4	0.45	0.45	0	0	0.4
223800	0.4	0.45	0.45	0	0	0.4
223900	0.4	0.45	0.45	0	0	0.4
224000	0.4	0.45	0.45	0	0	0.4
224100	0.4	0.45	0.45	0	0	0.4
224200	0.39	0.45	0.45	0	0	0.39
224300	0.39	0.45	0.45	0	0	0.39
224400	0.39	0.45	0.45	0	0	0.39
224500	0.39	0.45	0.45	0	0	0.39
224600	0.39	0.45	0.45	0	0	0.39
224700	0.39	0.45	0.45	0	0	0.39
224800	0.39	0.45	0.45	0	0	0.39
224900	0.39	0.45	0.45	0	0	0.39
225000	0.39	0.45	0.45	0	0	0.39
225100	0.39	0.45	0.45	0	0	0.39
225200	0.39	0.45	0.45	0	0	0.39
225300	0.39	0.45	0.45	0	0	0.39
225400	0.39	0.45	0.45	0	0	0.39
225500	0.39	0.45	0.45	0	0	0.39
225600	0.39	0.45	0.45	0	0	0.39
225700	0.4	0.45	0.45	0	0	0.4
225800	0.4	0.45	0.45	0	0	0.4
225900	0.4	0.45	0.45	0	0	0.4
226000	0.4	0.45	0.45	0	0	0.4
226100	0.4	0.45	0.45	0	0	0.4
226200	0.4	0.45	0.45	0	0	0.4
226300	0.4	0.45	0.45	0	0	0.4
226400	0.4	0.45	0.45	0	0	0.4
226500	0.4	0.46	0.46	0	0	0.4
226600	0.4	0.46	0.46	0	0	0.4
226700	0.4	0.45	0.45	0	0	0.4
226800	0.4	0.45	0.45	0	0	0.4
226900	0.4	0.44	0.44	0	0	0.4
227000	0.4	0.44	0.44	0	0	0.4
227100	0.4	0.44	0.44	0	0	0.4
227200	0.4	0.44	0.44	0	0	0.4
227300	0.4	0.44	0.44	0	0	0.4
227400	0.4	0.44	0.44	0	0	0.4
227500	0.4	0.44	0.44	0	0	0.4
227600	0.4	0.44	0.44	0	0	0.4
227700	0.4	0.44	0.44	0	0	0.4
227800	0.4	0.43	0.43	0	0	0.4
227900	0.4	0.43	0.43	0	0	0.4
228000	0.4	0.43	0.43	0	0	0.4
228100	0.4	0.43	0.43	0	0	0.4
228200	0.4	0.43	0.43	0	0	0.4
228300	0.4	0.43	0.43	0	0	0.4
228400	0.4	0.43	0.43	0	0	0.4
228500	0.4	0.42	0.42	0	0	0.4
228600	0.4	0.41	0.41	0	0	0.4
228700	0.4	0.41	0.41	0	0	0.4
228800	0.39	0.41	0.41	0	0	0.39
228900	0.39	0.41	0.41	0	0	0.39
229000	0.39	0.41	0.41	0	0	0.39
229100	0.39	0.41	0.41	0	0	0.39
229200	0.39	0.41	0.41	0	0	0.39
229300	0.39	0.42	0.42	0	0	0.39
229400	0.39	0.42	0.42	0	0	0.39
229500	0.39	0.42	0.42	0	0	0.39
229600	0.39	0.42	0.42	0	0	0.39
229700	0.39	0.43	0.43	0	0	0.39
229800	0.39	0.42	0.42	0	0	0.39
229900	0.39	0.42	0.42	0	0	0.39
230000	0.39	0.42	0.42	0	0	0.39
230100	0.39	0.42	0.42	0	0	0.39
230200	0.39	0.42	0.42	0	0	0.39
230300	0.39	0.42	0.42	0	0	0.39
230400	0.39	0.42	0.42	0	0	0.39
230500	0.39	0.42	0.42	0	0	0.39
230600	0.39	0.42	0.42	0	0	0.39
230700	0.39	0.42	0.42	0	0	0.39
230800	0.39	0.42	0.42	0	0	0.39
230900	0.39	0.42	0.42	0	0	0.39
231000	0.39	0.42	0.42	0	0	0.39
231100	0.39	0.42	0.42	0	0	0.39
231200	0.39	0.42	0.42	0	0	0.39
231300	0.39	0.42	0.42	0	0	0.39
231400	0.38	0.41	0.41	0	0	0.38
231500	0.38	0.41	0.41	0	0	0.38
231600	0.38	0.41	0.41	0	0	0.38
231700	0.38	0.41	0.41	0	0	0.38
231800	0.38	0.41	0.41	0	0	0.38
231900	0.38	0.41	0.41	0	0	0.38
232000	0.38	0.41	0.41	0	0	0.38
232100	0.39	0.41	0.41	0	0	0.39
232200	0.39	0.41	0.41	0	0	0.39
232300	0.39	0.41	0.41	0	0	0.39
232400	0.39	0.41	0.41	0	0	0.39
232500	0.39	0.41	0.41	0	0	0.39
232600	0.39	0.42	0.42	0	0	0.39
232700	0.4	0.42	0.42	0	0	0.4
232800	0.4	0.42	0.42	0	0	0.4
232900	0.4	0.42	0.42	0	0	0.4
233000	0.4	0.42	0.42	0	0	0.4
233100	0.4	0.42	0.42	0	0	0.4
233200	0.4	0.42	0.42	0	0	0.4
233300	0.4	0.42	0.42	0	0	0.4
233400	0.4	0.42	0.42	0	0	0.4
233500	0.4	0.42	0.42	0	0	0.4
233600	0.4	0.42	0.42	0	0	0.4
233700	0.4	0.42	0.42	0	0	0.4
233800	0.4	0.42	0.42	0	0	0.4
233900	0.4	0.42	0.42	0	0	0.4
234000	0.4	0.43	0.43	0	0	0.4
234100	0.4	0.43	0.43	0	0	0.4
234200	0.39	0.43	0.43	0	0	0.39
234300	0.4	0.43	0.43	0	0	0.4
234400	0.39	0.43	0.43	0	0	0.39
234500	0.39	0.43	0.43	0	0	0.39
234600	0.39	0.43	0.43	0	0	0.39
234700	0.39	0.43	0.43	0	0	0.39
234800	0.39	0.43	0.43	0	0	0.39
234900	0.39	0.43	0.43	0	0	0.39
235000	0.39	0.43	0.43	0	0	0.39
235100	0.39	0.43	0.43	0	0	0.39
235200	0.39	0.43	0.43	0	0	0.39
235300	0.39	0.43	0.43	0	0	0.39
235400	0.39	0.43	0.43	0	0	0.39
235500	0.4	0.43	0.43	0	0	0.4
235600	0.39	0.43	0.43	0	0	0.39
235700	0.39	0.43	0.43	0	0	0.39
235800	0.39	0.43	0.43	0	0	0.39
235900	0.4	0.43	0.43	0	0	0.4
236000	0.4	0.43	0.43	0	0	0.4
236100	0.39	0.43	0.43	0	0	0.39
236200	0.39	0.43	0.43	0	0	0.39
236300	0.39	0.43	0.43	0	0	0.39
236400	0.39	0.43	0.43	0	0	0.39
236500	0.39	0.43	0.43	0	0	0.39
236600	0.39	0.43	0.43	0	0	0.39
236700	0.39	0.43	0.43	0	0	0.39
236800	0.39	0.43	0.43	0	0	0.39
236900	0.39	0.43	0.43	0	0	0.39
237000	0.39	0.43	0.43	0	0	0.39
237100	0.39	0.43	0.43	0	0	0.39
237200	0.39	0.43	0.43	0	0	0.39
237300	0.39	0.43	0.43	0	0	0.39
237400	0.39	0.43	0.43	0	0	0.39
237500	0.39	0.43	0.43	0	0	0.39
237600	0.39	0.43	0.43	0	0	0.39
237700	0.39	0.43	0.43	0	0	0.39
237800	0.39	0.43	0.43	0	0	0.39
237900	0.39	0.43	0.43	0	0	0.39
238000	0.39	0.43	0.43	0	0	0.39
238100	0.39	0.43	0.43	0	0	0.39
238200	0.39	0.43	0.43	0	0	0.39
238300	0.39	0.43	0.43	0	0	0.39
238400	0.39	0.42	0.42	0	0	0.39
238500	0.39	0.42	0.42	0	0	0.39
238600	0.39	0.42	0.42	0	0	0.39
238700	0.39	0.42	0.42	0	0	0.39
238800	0.39	0.42	0.42	0	0	0.39
238900	0.39	0.42	0.42	0	0	0.39
239000	0.39	0.42	0.42	0	0	0.39
239100	0.39	0.42	0.42	0	0	0.39
239200	0.39	0.42	0.42	0	0	0.39
239300	0.39	0.43	0.43	0	0	0.39
239400	0.39	0.43	0.43	0	0	0.39
239500	0.39	0.43	0.43	0	0	0.39
239600	0.39	0.43	0.43	0	0	0.39
239700	0.39	0.44	0.44	0	0	0.39
239800	0.39	0.43	0.43	0	0	0.39
239900	0.39	0.44	0.44	0	0	0.39
240000	0.39	0.44	0.44	0	0	0.39
240100	0.39	0.44	0.44	0	0	0.39
240200	0.39	0.44	0.44	0	0	0.39
240300	0.39	0.44	0.44	0	0	0.39
240400	0.39	0.44	0.44	0	0	0.39
240500	0.39	0.44	0.44	0	0	0.39
240600	0.39	0.44	0.44	0	0	0.39
240700	0.39	0.44	0.44	0	0	0.39
240800	0.39	0.44	0.44	0	0	0.39
240900	0.39	0.44	0.44	0	0	0.39
241000	0.39	0.44	0.44	0	0	0.39
241100	0.39	0.44	0.44	0	0	0.39
241200	0.39	0.44	0.44	0	0	0.39
241300	0.39	0.44	0.44	0	0	0.39
241400	0.39	0.44	0.44	0	0	0.39
241500	0.39	0.44	0.44	0	0	0.39
241600	0.39	0.44	0.44	0	0	0.39
241700	0.39	0.44	0.44	0	0	0.39
241800	0.39	0.44	0.44	0	0	0.39
241900	0.39	0.44	0.44	0	0	0.39
242000	0.39	0.44	0.44	0	0	0.39
242100	0.39	0.44	0.44	0	0	0.39
242200	0.39	0.44	0.44	0	0	0.39
242300	0.39	0.44	0.44	0	0	0.39
242400	0.39	0.44	0.44	0	0	0.39
242500	0.39	0.44	0.44	0	0	0.39
242600	0.39	0.44	0.44	0	0	0.39
242700	0.39	0.44	0.44	0	0	0.39
242800	0.39	0.44	0.44	0	0	0.39
242900	0.39	0.44	0.44	0	0	0.39
243000	0.39	0.44	0.44	0	0	0.39
243100	0.39	0.44	0.44	0	0	0.39
243200	0.39	0.44	0.44	0	0	0.39
243300	0.39	0.44	0.44	0	0	0.39
243400	0.39	0.44	0.44	0	0	0.39
243500	0.39	0.44	0.44	0	0	0.39
243600	0.4	0.44	0.44	0	0	0.4
243700	0.4	0.44	0.44	0	0	0.4
243800	0.4	0.44	0.44	0	0	0.4
243900	0.4	0.44	0.44	0	0	0.4
244000	0.4	0.44	0.44	0	0	0.4
244100	0.4	0.44	0.44	0	0	0.4
244200	0.4	0.44	0.44	0	0	0.4
244300	0.4	0.44	0.44	0	0	0.4
244400	0.4	0.44	0.44	0	0	0.4
244500	0.4	0.44	0.44	0	0	0.4
244600	0.41	0.44	0.44	0	0	0.41
244700	0.41	0.44	0.44	0	0	0.41
244800	0.41	0.44	0.44	0	0	0.41
244900	0.4	0.44	0.44	0	0	0.4
245000	0.4	0.44	0.44	0	0	0.4
245100	0.4	0.44	0.44	0	0	0.4
245200	0.4	0.44	0.44	0	0	0.4
245300	0.4	0.44	0.44	0	0	0.4
245400	0.4	0.44	0.44	0	0	0.4
245500	0.4	0.44	0.44	0	0	0.4
245600	0.4	0.44	0.44	0	0	0.4
245700	0.4	0.43	0.43	0	0	0.4
245800	0.4	0.43	0.43	0	0	0.4
245900	0.4	0.44	0.44	0	0	0.4
246000	0.4	0.44	0.44	0	0	0.4
246100	0.4	0.44	0.44	0	0	0.4
246200	0.4	0.44	0.44	0	0	0.4
246300	0.4	0.44	0.44	0	0	0.4
246400	0.4	0.44	0.44	0	0	0.4
246500	0.4	0.45	0.45	0	0	0.4
246600	0.4	0.44	0.44	0	0	0.4
246700	0.4	0.44	0.44	0	0	0.4
246800	0.4	0.43	0.43	0	0	0.4
246900	0.4	0.43	0.43	0	0	0.4
247000	0.4	0.43	0.43	0	0	0.4
247100	0.4	0.43	0.43	0	0	0.4
247200	0.4	0.43	0.43	0	0	0.4
247300	0.4	0.42	0.42	0	0	0.4
247400	0.4	0.42	0.42	0	0	0.4
247500	0.4	0.42	0.42	0	0	0.4
247600	0.4	0.42	0.42	0	0	0.4
247700	0.4	0.42	0.42	0	0	0.4
247800	0.4	0.42	0.42	0	0	0.4
247900	0.4	0.42	0.42	0	0	0.4
248000	0.4	0.42	0.42	0	0	0.4
248100	0.4	0.42	0.42	0	0	0.4
248200	0.4	0.42	0.42	0	0	0.4
248300	0.4	0.42	0.42	0	0	0.4
248400	0.4	0.42	0.42	0	0	0.4
248500	0.4	0.42	0.42	0	0	0.4
248600	0.4	0.42	0.42	0	0	0.4
248700	0.4	0.42	0.42	0	0	0.4
248800	0.4	0.42	0.42	0	0	0.4
248900	0.4	0.42	0.42	0	0	0.4
249000	0.4	0.42	0.42	0	0	0.4
249100	0.4	0.42	0.42	0	0	0.4
249200	0.4	0.42	0.42	0	0	0.4
249300	0.4	0.42	0.42	0	0	0.4
249400	0.41	0.42	0.42	0	0	0.41
249500	0.41	0.43	0.43	0	0	0.41
249600	0.41	0.43	0.43	0	0	0.41
249700	0.41	0.43	0.43	0	0	0.41
249800	0.41	0.43	0.43	0	0	0.41
249900	0.41	0.43	0.43	0	0	0.41
250000	0.41	0.43	0.43	0	0	0.41
250100	0.41	0.43	0.43	0	0	0.41
250200	0.41	0.43	0.43	0	0	0.41
250300	0.41	0.43	0.43	0	0	0.41
250400	0.41	0.43	0.43	0	0	0.41
250500	0.41	0.43	0.43	0	0	0.41
250600	0.4	0.43	0.43	0	0	0.4
250700	0.4	0.43	0.43	0	0	0.4
250800	0.4	0.43	0.43	0	0	0.4
250900	0.4	0.43	0.43	0	0	0.4
251000	0.4	0.43	0.43	0	0	0.4
251100	0.4	0.43	0.43	0	0	0.4
251200	0.4	0.43	0.43	0	0	0.4
251300	0.4	0.43	0.43	0	0	0.4
251400	0.4	0.43	0.43	0	0	0.4
251500	0.4	0.43	0.43	0	0	0.4
251600	0.4	0.43	0.43	0	0	0.4
251700	0.4	0.43	0.43	0	0	0.4
251800	0.4	0.43	0.43	0	0	0.4
251900	0.4	0.43	0.43	0	0	0.4
252000	0.4	0.43	0.43	0	0	0.4
252100	0.4	0.43	0.43	0	0	0.4
252200	0.4	0.43	0.43	0	0	0.4
252300	0.4	0.43	0.43	0	0	0.4
252400	0.4	0.43	0.43	0	0	0.4
252500	0.4	0.43	0.43	0	0	0.4
252600	0.4	0.43	0.43	0	0	0.4
252700	0.4	0.43	0.43	0	0	0.4
252800	0.4	0.43	0.43	0	0	0.4
252900	0.4	0.43	0.43	0	0	0.4
253000	0.4	0.43	0.43	0	0	0.4
253100	0.4	0.43	0.43	0	0	0.4
253200	0.41	0.43	0.43	0	0	0.41
253300	0.4	0.43	0.43	0	0	0.4
253400	0.4	0.43	0.43	0	0	0.4
253500	0.4	0.43	0.43	0	0	0.4
253600	0.4	0.44	0.44	0	0	0.4
253700	0.4	0.44	0.44	0	0	0.4
253800	0.4	0.44	0.44	0	0	0.4
253900	0.4	0.44	0.44	0	0	0.4
254000	0.4	0.44	0.44	0	0	0.4
254100	0.4	0.44	0.44	0	0	0.4
254200	0.4	0.44	0.44	0	0	0.4
254300	0.4	0.44	0.44	0	0	0.4
254400	0.4	0.44	0.44	0	0	0.4
254500	0.4	0.44	0.44	0	0	0.4
254600	0.4	0.44	0.44	0	0	0.4
254700	0.4	0.44	0.44	0	0	0.4
254800	0.4	0.44	0.44	0	0	0.4
254900	0.4	0.44	0.44	0	0	0.4
255000	0.4	0.44	0.44	0	0	0.4
255100	0.4	0.44	0.44	0	0	0.4
255200	0.4	0.44	0.44	0	0	0.4
255300	0.4	0.44	0.44	0	0	0.4
255400	0.4	0.44	0.44	0	0	0.4
255500	0.4	0.44	0.44	0	0	0.4
255600	0.4	0.44	0.44	0	0	0.4
255700	0.4	0.44	0.44	0	0	0.4
255800	0.4	0.44	0.44	0	0	0.4
255900	0.4	0.44	0.44	0	0	0.4
256000	0.4	0.44	0.44	0	0	0.4
256100	0.4	0.44	0.44	0	0	0.4
256200	0.4	0.44	0.44	0	0	0.4
256300	0.4	0.44	0.44	0	0	0.4
256400	0.4	0.44	0.44	0	0	0.4
256500	0.4	0.44	0.44	0	0	0.4
256600	0.4	0.44	0.44	0	0	0.4
256700	0.4	0.44	0.44	0	0	0.4
256800	0.4	0.44	0.44	0	0	0.4
256900	0.4	0.44	0.44	0	0	0.4
257000	0.4	0.44	0.44	0	0	0.4
257100	0.4	0.45	0.45	0	0	0.4
257200	0.4	0.45	0.45	0	0	0.4
257300	0.4	0.45	0.45	0	0	0.4
257400	0.4	0.45	0.45	0	0	0.4
257500	0.4	0.45	0.45	0	0	0.4
257600	0.4	0.45	0.45	0	0	0.4
257700	0.4	0.45	0.45	0	0	0.4
257800	0.4	0.45	0.45	0	0	0.4
257900	0.4	0.45	0.45	0	0	0.4
258000	0.4	0.45	0.45	0	0	0.4
258100	0.4	0.45	0.45	0	0	0.4
258200	0.4	0.45	0.45	0	0	0.4
258300	0.4	0.45	0.45	0	0	0.4
258400	0.4	0.45	0.45	0	0	0.4
258500	0.4	0.45	0.45	0	0	0.4
258600	0.4	0.45	0.45	0	0	0.4
258700	0.4	0.45	0.45	0	0	0.4
258800	0.4	0.45	0.45	0	0	0.4
258900	0.4	0.45	0.45	0	0	0.4
259000	0.4	0.45	0.45	0	0	0.4
259100	0.4	0.45	0.45	0	0	0.4
259200	0.4	0.45	0.45	0	0	0.4
259300	0.4	0.45	0.45	0	0	0.4
259400	0.4	0.45	0.45	0	0	0.4
259500	0.4	0.45	0.45	0	0	0.4
259600	0.4	0.45	0.45	0	0	0.4
259700	0.4	0.45	0.45	0	0	0.4
259800	0.4	0.45	0.45	0	0	0.4
259900	0.4	0.45	0.45	0	0	0.4
260000	0.41	0.45	0.45	0	0	0.41
260100	0.41	0.45	0.45	0	0	0.41
260200	0.41	0.45	0.45	0	0	0.41
260300	0.41	0.45	0.45	0	0	0.41
260400	0.41	0.45	0.45	0	0	0.41
260500	0.41	0.45	0.45	0	0	0.41
260600	0.41	0.45	0.45	0	0	0.41
260700	0.41	0.45	0.45	0	0	0.41
260800	0.41	0.45	0.45	0	0	0.41
260900	0.41	0.45	0.45	0	0	0.41
261000	0.41	0.45	0.45	0	0	0.41
261100	0.41	0.45	0.45	0	0	0.41
261200	0.41	0.45	0.45	0	0	0.41
261300	0.41	0.45	0.45	0	0	0.41
261400	0.41	0.45	0.45	0	0	0.41
261500	0.41	0.45	0.45	0	0	0.41
261600	0.41	0.45	0.45	0	0	0.41
261700	0.41	0.45	0.45	0	0	0.41
261800	0.41	0.45	0.45	0	0	0.41
261900	0.41	0.45	0.45	0	0	0.41
262000	0.41	0.45	0.45	0	0	0.41
262100	0.41	0.45	0.45	0	0	0.41
262200	0.41	0.45	0.45	0	0	0.41
262300	0.42	0.45	0.45	0	0	0.42
262400	0.42	0.45	0.45	0	0	0.42
262500	0.41	0.45	0.45	0	0	0.41
262600	0.41	0.45	0.45	0	0	0.41
262700	0.41	0.45	0.45	0	0	0.41
262800	0.41	0.45	0.45	0	0	0.41
262900	0.41	0.45	0.45	0	0	0.41
263000	0.41	0.45	0.45	0	0	0.41
263100	0.41	0.45	0.45	0	0	0.41
263200	0.41	0.45	0.45	0	0	0.41
263300	0.41	0.45	0.45	0	0	0.41
263400	0.41	0.45	0.45	0	0	0.41
263500	0.41	0.45	0.45	0	0	0.41
263600	0.41	0.45	0.45	0	0	0.41
263700	0.41	0.45	0.45	0	0	0.41
263800	0.41	0.45	0.45	0	0	0.41
263900	0.41	0.45	0.45	0	0	0.41
264000	0.41	0.45	0.45	0	0	0.41
264100	0.41	0.45	0.45	0	0	0.41
264200	0.41	0.45	0.45	0	0	0.41
264300	0.41	0.45	0.45	0	0	0.41
264400	0.41	0.45	0.45	0	0	0.41
264500	0.41	0.45	0.45	0	0	0.41
264600	0.41	0.45	0.45	0	0	0.41
264700	0.41	0.45	0.45	0	0	0.41
264800	0.41	0.45	0.45	0	0	0.41
264900	0.41	0.45	0.45	0	0	0.41
265000	0.41	0.45	0.45	0	0	0.41
265100	0.41	0.45	0.45	0	0	0.41
265200	0.41	0.45	0.45	0	0	0.41
265300	0.4	0.45	0.45	0	0	0.4
265400	0.4	0.45	0.45	0	0	0.4
265500	0.4	0.45	0.45	0	0	0.4
265600	0.4	0.45	0.45	0	0	0.4
265700	0.4	0.45	0.45	0	0	0.4
265800	0.4	0.45	0.45	0	0	0.4
265900	0.4	0.45	0.45	0	0	0.4
266000	0.4	0.45	0.45	0	0	0.4
266100	0.4	0.45	0.45	0	0	0.4
266200	0.4	0.45	0.45	0	0	0.4
266300	0.4	0.45	0.45	0	0	0.4
266400	0.4	0.45	0.45	0	0	0.4
266500	0.4	0.45	0.45	0	0	0.4
266600	0.4	0.45	0.45	0	0	0.4
266700	0.4	0.45	0.45	0	0	0.4
266800	0.4	0.45	0.45	0	0	0.4
266900	0.4	0.45	0.45	0	0	0.4
267000	0.4	0.45	0.45	0	0	0.4
267100	0.4	0.45	0.45	0	0	0.4
267200	0.4	0.45	0.45	0	0	0.4
267300	0.4	0.45	0.45	0	0	0.4
267400	0.4	0.45	0.45	0	0	0.4
267500	0.4	0.45	0.45	0	0	0.4
267600	0.4	0.45	0.45	0	0	0.4
267700	0.4	0.45	0.45	0	0	0.4
267800	0.4	0.45	0.45	0	0	0.4
267900	0.4	0.45	0.45	0	0	0.4
268000	0.4	0.45	0.45	0	0	0.4
268100	0.4	0.45	0.45	0	0	0.4
268200	0.4	0.45	0.45	0	0	0.4
268300	0.4	0.45	0.45	0	0	0.4
268400	0.4	0.45	0.45	0	0	0.4
268500	0.4	0.45	0.45	0	0	0.4
268600	0.4	0.45	0.45	0	0	0.4
268700	0.4	0.45	0.45	0	0	0.4
268800	0.4	0.45	0.45	0	0	0.4
268900	0.4	0.45	0.45	0	0	0.4
269000	0.4	0.43	0.43	0	0	0.4
269100	0.4	0.43	0.43	0	0	0.4
269200	0.4	0.43	0.43	0	0	0.4
269300	0.4	0.43	0.43	0	0	0.4
269400	0.4	0.43	0.43	0	0	0.4
269500	0.4	0.43	0.43	0	0	0.4
269600	0.4	0.43	0.43	0	0	0.4
269700	0.4	0.43	0.43	0	0	0.4
269800	0.4	0.43	0.43	0	0	0.4
269900	0.4	0.43	0.43	0	0	0.4
270000	0.4	0.43	0.43	0	0	0.4
270100	0.4	0.43	0.43	0	0	0.4
270200	0.4	0.44	0.44	0	0	0.4
270300	0.4	0.44	0.44	0	0	0.4
270400	0.4	0.44	0.44	0	0	0.4
270500	0.4	0.44	0.44	0	0	0.4
270600	0.4	0.44	0.44	0	0	0.4
270700	0.4	0.44	0.44	0	0	0.4
270800	0.4	0.44	0.44	0	0	0.4
270900	0.4	0.44	0.44	0	0	0.4
271000	0.4	0.43	0.43	0	0	0.4
271100	0.4	0.44	0.44	0	0	0.4
271200	0.4	0.44	0.44	0	0	0.4
271300	0.4	0.44	0.44	0	0	0.4
271400	0.4	0.44	0.44	0	0	0.4
271500	0.4	0.43	0.43	0	0	0.4
271600	0.4	0.43	0.43	0	0	0.4
271700	0.4	0.43	0.43	0	0	0.4
271800	0.4	0.43	0.43	0	0	0.4
271900	0.4	0.43	0.43	0	0	0.4
272000	0.4	0.43	0.43	0	0	0.4
272100	0.4	0.43	0.43	0	0	0.4
272200	0.4	0.43	0.43	0	0	0.4
272300	0.4	0.44	0.44	0	0	0.4
272400	0.4	0.43	0.43	0	0	0.4
272500	0.4	0.43	0.43	0	0	0.4
272600	0.4	0.43	0.43	0	0	0.4
272700	0.4	0.43	0.43	0	0	0.4
272800	0.4	0.43	0.43	0	0	0.4
272900	0.4	0.43	0.43	0	0	0.4
273000	0.4	0.43	0.43	0	0	0.4
273100	0.4	0.43	0.43	0	0	0.4
273200	0.4	0.43	0.43	0	0	0.4
273300	0.4	0.43	0.43	0	0	0.4
273400	0.4	0.43	0.43	0	0	0.4
273500	0.4	0.43	0.43	0	0	0.4
273600	0.4	0.43	0.43	0	0	0.4
273700	0.4	0.43	0.43	0	0	0.4
273800	0.4	0.43	0.43	0	0	0.4
273900	0.4	0.43	0.43	0	0	0.4
274000	0.4	0.42	0.42	0	0	0.4
274100	0.4	0.42	0.42	0	0	0.4
274200	0.4	0.42	0.42	0	0	0.4
274300	0.4	0.42	0.42	0	0	0.4
274400	0.4	0.42	0.42	0	0	0.4
274500	0.4	0.42	0.42	0	0	0.4
274600	0.4	0.42	0.42	0	0	0.4
274700	0.4	0.42	0.42	0	0	0.4
274800	0.4	0.42	0.42	0	0	0.4
274900	0.4	0.42	0.42	0	0	0.4
275000	0.4	0.42	0.42	0	0	0.4
275100	0.4	0.42	0.42	0	0	0.4
275200	0.4	0.42	0.42	0	0	0.4
275300	0.4	0.42	0.42	0	0	0.4
275400	0.4	0.42	0.42	0	0	0.4
275500	0.4	0.42	0.42	0	0	0.4
275600	0.4	0.42	0.42	0	0	0.4
275700	0.4	0.42	0.42	0	0	0.4
275800	0.4	0.42	0.42	0	0	0.4
275900	0.4	0.42	0.42	0	0	0.4
276000	0.4	0.42	0.42	0	0	0.4
276100	0.4	0.42	0.42	0	0	0.4
276200	0.4	0.42	0.42	0	0	0.4
276300	0.4	0.42	0.42	0	0	0.4
276400	0.4	0.42	0.42	0	0	0.4
276500	0.4	0.42	0.42	0	0	0.4
276600	0.4	0.42	0.42	0	0	0.4
276700	0.4	0.42	0.42	0	0	0.4
276800	0.4	0.42	0.42	0	0	0.4
276900	0.4	0.42	0.42	0	0	0.4
277000	0.4	0.42	0.42	0	0	0.4
277100	0.4	0.42	0.42	0	0	0.4
277200	0.4	0.42	0.42	0	0	0.4
277300	0.4	0.42	0.42	0	0	0.4
277400	0.4	0.42	0.42	0	0	0.4
277500	0.4	0.44	0.44	0	0	0.4
277600	0.4	0.43	0.43	0	0	0.4
277700	0.4	0.43	0.43	0	0	0.4
277800	0.4	0.43	0.43	0	0	0.4
277900	0.4	0.43	0.43	0	0	0.4
278000	0.4	0.43	0.43	0	0	0.4
278100	0.4	0.43	0.43	0	0	0.4
278200	0.4	0.43	0.43	0	0	0.4
278300	0.4	0.43	0.43	0	0	0.4
278400	0.4	0.43	0.43	0	0	0.4
278500	0.4	0.43	0.43	0	0	0.4
278600	0.4	0.43	0.43	0	0	0.4
278700	0.4	0.43	0.43	0	0	0.4
278800	0.4	0.43	0.43	0	0	0.4
278900	0.4	0.43	0.43	0	0	0.4
279000	0.4	0.43	0.43	0	0	0.4
279100	0.4	0.43	0.43	0	0	0.4
279200	0.4	0.43	0.43	0	0	0.4
279300	0.4	0.43	0.43	0	0	0.4
279400	0.4	0.43	0.43	0	0	0.4
279500	0.4	0.43	0.43	0	0	0.4
279600	0.4	0.43	0.43	0	0	0.4
279700	0.4	0.43	0.43	0	0	0.4
279800	0.4	0.43	0.43	0	0	0.4
279900	0.4	0.43	0.43	0	0	0.4
280000	0.4	0.43	0.43	0	0	0.4
280100	0.4	0.43	0.43	0	0	0.4
280200	0.4	0.43	0.43	0	0	0.4
280300	0.4	0.43	0.43	0	0	0.4
280400	0.4	0.43	0.43	0	0	0.4
280500	0.4	0.43	0.43	0	0	0.4
280600	0.4	0.43	0.43	0	0	0.4
280700	0.4	0.43	0.43	0	0	0.4
280800	0.4	0.43	0.43	0	0	0.4
280900	0.4	0.43	0.43	0	0	0.4
281000	0.4	0.43	0.43	0	0	0.4
281100	0.4	0.43	0.43	0	0	0.4
281200	0.4	0.43	0.43	0	0	0.4
281300	0.4	0.42	0.42	0	0	0.4
281400	0.4	0.42	0.42	0	0	0.4
281500	0.4	0.42	0.42	0	0	0.4
281600	0.4	0.41	0.41	0	0	0.4
281700	0.4	0.41	0.41	0	0	0.4
281800	0.4	0.42	0.42	0	0	0.4
281900	0.4	0.41	0.41	0	0	0.4
282000	0.4	0.41	0.41	0	0	0.4
282100	0.4	0.41	0.41	0	0	0.4
282200	0.4	0.41	0.41	0	0	0.4
282300	0.4	0.41	0.41	0	0	0.4
282400	0.4	0.41	0.41	0	0	0.4
282500	0.4	0.41	0.41	0	0	0.4
282600	0.4	0.41	0.41	0	0	0.4
282700	0.4	0.41	0.41	0	0	0.4
282800	0.4	0.41	0.41	0	0	0.4
282900	0.4	0.41	0.41	0	0	0.4
283000	0.4	0.41	0.41	0	0	0.4
283100	0.4	0.41	0.41	0	0	0.4
283200	0.4	0.41	0.41	0	0	0.4
283300	0.4	0.41	0.41	0	0	0.4
283400	0.4	0.41	0.41	0	0	0.4
283500	0.4	0.41	0.41	0	0	0.4
283600	0.4	0.41	0.41	0	0	0.4
283700	0.4	0.41	0.41	0	0	0.4
283800	0.4	0.41	0.41	0	0	0.4
283900	0.4	0.41	0.41	0	0	0.4
284000	0.4	0.41	0.41	0	0	0.4
284100	0.4	0.41	0.41	0	0	0.4
284200	0.4	0.41	0.41	0	0	0.4
284300	0.4	0.41	0.41	0	0	0.4
284400	0.4	0.41	0.41	0	0	0.4
284500	0.4	0.41	0.41	0	0	0.4
284600	0.4	0.41	0.41	0	0	0.4
284700	0.4	0.41	0.41	0	0	0.4
284800	0.4	0.42	0.42	0	0	0.4
284900	0.4	0.42	0.42	0	0	0.4
285000	0.4	0.42	0.42	0	0	0.4
285100	0.4	0.42	0.42	0	0	0.4
285200	0.4	0.42	0.42	0	0	0.4
285300	0.4	0.42	0.42	0	0	0.4
285400	0.4	0.42	0.42	0	0	0.4
285500	0.4	0.42	0.42	0	0	0.4
285600	0.41	0.42	0.42	0	0	0.41
285700	0.4	0.42	0.42	0	0	0.4
285800	0.4	0.42	0.42	0	0	0.4
285900	0.4	0.42	0.42	0	0	0.4
286000	0.4	0.42	0.42	0	0	0.4
286100	0.4	0.42	0.42	0	0	0.4
286200	0.4	0.43	0.43	0	0	0.4
286300	0.4	0.43	0.43	0	0	0.4
286400	0.4	0.43	0.43	0	0	0.4
286500	0.4	0.43	0.43	0	0	0.4
286600	0.4	0.43	0.43	0	0	0.4
286700	0.4	0.43	0.43	0	0	0.4
286800	0.4	0.43	0.43	0	0	0.4
286900	0.4	0.43	0.43	0	0	0.4
287000	0.4	0.43	0.43	0	0	0.4
287100	0.4	0.43	0.43	0	0	0.4
287200	0.4	0.43	0.43	0	0	0.4
287300	0.4	0.43	0.43	0	0	0.4
287400	0.4	0.43	0.43	0	0	0.4
287500	0.4	0.43	0.43	0	0	0.4
287600	0.4	0.43	0.43	0	0	0.4
287700	0.4	0.43	0.43	0	0	0.4
287800	0.4	0.43	0.43	0	0	0.4
287900	0.4	0.43	0.43	0	0	0.4
288000	0.4	0.42	0.42	0	0	0.4
288100	0.4	0.42	0.42	0	0	0.4
288200	0.4	0.42	0.42	0	0	0.4
288300	0.4	0.42	0.42	0	0	0.4
288400	0.4	0.43	0.43	0	0	0.4
288500	0.4	0.42	0.42	0	0	0.4
288600	0.41	0.42	0.42	0	0	0.41
288700	0.4	0.42	0.42	0	0	0.4
288800	0.4	0.42	0.42	0	0	0.4
288900	0.4	0.42	0.42	0	0	0.4
289000	0.4	0.42	0.42	0	0	0.4
289100	0.4	0.42	0.42	0	0	0.4
289200	0.4	0.42	0.42	0	0	0.4
289300	0.4	0.42	0.42	0	0	0.4
289400	0.4	0.42	0.42	0	0	0.4
289500	0.4	0.42	0.42	0	0	0.4
289600	0.4	0.42	0.42	0	0	0.4
289700	0.4	0.42	0.42	0	0	0.4
289800	0.4	0.42	0.42	0	0	0.4
289900	0.4	0.42	0.42	0	0	0.4
290000	0.4	0.42	0.42	0	0	0.4
290100	0.4	0.42	0.42	0	0	0.4
290200	0.4	0.42	0.42	0	0	0.4
290300	0.4	0.42	0.42	0	0	0.4
290400	0.4	0.42	0.42	0	0	0.4
290500	0.4	0.42	0.42	0	0	0.4
290600	0.4	0.42	0.42	0	0	0.4
290700	0.4	0.42	0.42	0	0	0.4
290800	0.4	0.42	0.42	0	0	0.4
290900	0.4	0.42	0.42	0	0	0.4
291000	0.4	0.42	0.42	0	0	0.4
291100	0.4	0.42	0.42	0	0	0.4
291200	0.4	0.42	0.42	0	0	0.4
291300	0.4	0.42	0.42	0	0	0.4
291400	0.4	0.42	0.42	0	0	0.4
291500	0.4	0.42	0.42	0	0	0.4
291600	0.4	0.42	0.42	0	0	0.4
291700	0.4	0.42	0.42	0	0	0.4
291800	0.4	0.42	0.42	0	0	0.4
291900	0.4	0.42	0.42	0	0	0.4
292000	0.4	0.42	0.42	0	0	0.4
292100	0.4	0.42	0.42	0	0	0.4
292200	0.4	0.42	0.42	0	0	0.4
292300	0.4	0.42	0.42	0	0	0.4
292400	0.4	0.42	0.42	0	0	0.4
292500	0.41	0.42	0.42	0	0	0.41
292600	0.41	0.42	0.42	0	0	0.41
292700	0.41	0.42	0.42	0	0	0.41
292800	0.41	0.42	0.42	0	0	0.41
292900	0.41	0.42	0.42	0	0	0.41
293000	0.41	0.42	0.42	0	0	0.41
293100	0.41	0.42	0.42	0	0	0.41
293200	0.41	0.43	0.43	0	0	0.41
293300	0.41	0.43	0.43	0	0	0.41
293400	0.41	0.43	0.43	0	0	0.41
293500	0.41	0.43	0.43	0	0	0.41
293600	0.41	0.43	0.43	0	0	0.41
293700	0.41	0.43	0.43	0	0	0.41
293800	0.41	0.43	0.43	0	0	0.41
293900	0.41	0.43	0.43	0	0	0.41
294000	0.41	0.44	0.44	0	0	0.41
294100	0.41	0.43	0.43	0	0	0.41
294200	0.41	0.43	0.43	0	0	0.41
294300	0.41	0.43	0.43	0	0	0.41
294400	0.41	0.43	0.43	0	0	0.41
294500	0.41	0.43	0.43	0	0	0.41
294600	0.41	0.42	0.42	0	0	0.41
294700	0.41	0.42	0.42	0	0	0.41
294800	0.41	0.42	0.42	0	0	0.41
294900	0.41	0.42	0.42	0	0	0.41
295000	0.41	0.42	0.42	0	0	0.41
295100	0.41	0.42	0.42	0	0	0.41
295200	0.41	0.42	0.42	0	0	0.41
295300	0.41	0.42	0.42	0	0	0.41
295400	0.41	0.42	0.42	0	0	0.41
295500	0.41	0.42	0.42	0	0	0.41
295600	0.41	0.42	0.42	0	0	0.41
295700	0.41	0.42	0.42	0	0	0.41
295800	0.41	0.42	0.42	0	0	0.41
295900	0.41	0.42	0.42	0	0	0.41
296000	0.41	0.42	0.42	0	0	0.41
296100	0.41	0.42	0.42	0	0	0.41
296200	0.41	0.42	0.42	0	0	0.41
296300	0.41	0.42	0.42	0	0	0.41
296400	0.41	0.42	0.42	0	0	0.41
296500	0.41	0.42	0.42	0	0	0.41
296600	0.41	0.42	0.42	0	0	0.41
296700	0.41	0.42	0.42	0	0	0.41
296800	0.41	0.42	0.42	0	0	0.41
296900	0.41	0.42	0.42	0	0	0.41
297000	0.41	0.42	0.42	0	0	0.41
297100	0.41	0.42	0.42	0	0	0.41
297200	0.41	0.42	0.42	0	0	0.41
297300	0.41	0.42	0.42	0	0	0.41
297400	0.41	0.42	0.42	0	0	0.41
297500	0.41	0.42	0.42	0	0	0.41
297600	0.41	0.42	0.42	0	0	0.41
297700	0.41	0.42	0.42	0	0	0.41
297800	0.41	0.42	0.42	0	0	0.41
297900	0.41	0.42	0.42	0	0	0.41
298000	0.41	0.42	0.42	0	0	0.41
298100	0.41	0.42	0.42	0	0	0.41
298200	0.41	0.42	0.42	0	0	0.41
298300	0.41	0.42	0.42	0	0	0.41
298400	0.41	0.42	0.42	0	0	0.41
298500	0.41	0.42	0.42	0	0	0.41
298600	0.41	0.42	0.42	0	0	0.41
298700	0.41	0.43	0.43	0	0	0.41
298800	0.41	0.42	0.42	0	0	0.41
298900	0.41	0.42	0.42	0	0	0.41
299000	0.41	0.42	0.42	0	0	0.41
299100	0.41	0.42	0.42	0	0	0.41
299200	0.41	0.42	0.42	0	0	0.41
299300	0.41	0.42	0.42	0	0	0.41
299400	0.41	0.42	0.42	0	0	0.41
299500	0.41	0.42	0.42	0	0	0.41
299600	0.41	0.42	0.42	0	0	0.41
299700	0.41	0.42	0.42	0	0	0.41
299800	0.41	0.42	0.42	0	0	0.41
299900	0.41	0.42	0.42	0	0	0.41
300000	0.41	0.42	0.42	0	0	0.41
