100	0.08	0.09	0.09	0	0	0.08
200	0.08	0.11	0.11	0	0	0.08
300	0.12	0.12	0.12	0	0	0.12
400	0.15	0.12	0.12	0	0	0.15
500	0.15	0.12	0.12	0	0	0.15
600	0.13	0.13	0.13	0	0	0.13
700	0.11	0.13	0.13	0	0	0.11
800	0.12	0.14	0.14	0	0	0.12
900	0.13	0.15	0.15	0	0	0.13
1000	0.14	0.16	0.16	0	0	0.14
1100	0.14	0.16	0.16	0	0	0.14
1200	0.14	0.19	0.19	0	0	0.14
1300	0.15	0.18	0.18	0	0	0.15
1400	0.15	0.17	0.17	0	0	0.15
1500	0.16	0.14	0.14	0	0	0.16
1600	0.17	0.14	0.14	0	0	0.17
1700	0.18	0.14	0.14	0	0	0.18
1800	0.18	0.16	0.16	0	0	0.18
1900	0.22	0.15	0.15	0	0	0.22
2000	0.22	0.16	0.16	0	0	0.22
2100	0.2	0.17	0.17	0	0	0.2
2200	0.2	0.18	0.18	0	0	0.2
2300	0.2	0.19	0.19	0	0	0.2
2400	0.2	0.21	0.21	0	0	0.2
2500	0.2	0.19	0.19	0	0	0.2
2600	0.2	0.19	0.19	0	0	0.2
2700	0.21	0.2	0.2	0	0	0.21
2800	0.22	0.19	0.19	0	0	0.22
2900	0.22	0.21	0.21	0	0	0.22
3000	0.25	0.21	0.21	0	0	0.25
3100	0.25	0.21	0.21	0	0	0.25
3200	0.26	0.22	0.22	0	0	0.26
3300	0.26	0.23	0.23	0	0	0.26
3400	0.26	0.25	0.25	0	0	0.26
3500	0.25	0.23	0.23	0	0	0.25
3600	0.26	0.22	0.22	0	0	0.26
3700	0.27	0.22	0.22	0	0	0.27
3800	0.27	0.23	0.23	0	0	0.27
3900	0.28	0.23	0.23	0	0	0.28
4000	0.28	0.22	0.22	0	0	0.28
4100	0.29	0.25	0.25	0	0	0.29
4200	0.29	0.25	0.25	0	0	0.29
4300	0.29	0.23	0.23	0	0	0.29
4400	0.3	0.22	0.22	0	0	0.3
4500	0.31	0.22	0.22	0	0	0.31
4600	0.31	0.21	0.21	0	0	0.31
4700	0.31	0.2	0.2	0	0	0.31
4800	0.31	0.2	0.2	0	0	0.31
4900	0.28	0.2	0.2	0	0	0.28
5000	0.25	0.2	0.2	0	0	0.25
5100	0.24	0.2	0.2	0	0	0.24
5200	0.22	0.2	0.2	0	0	0.22
5300	0.22	0.2	0.2	0	0	0.22
5400	0.23	0.21	0.21	0	0	0.23
5500	0.24	0.23	0.23	0	0	0.24
5600	0.24	0.25	0.25	0	0	0.24
5700	0.25	0.28	0.28	0	0	0.25
5800	0.26	0.28	0.28	0	0	0.26
5900	0.27	0.27	0.27	0	0	0.27
6000	0.25	0.27	0.27	0	0	0.25
6100	0.26	0.26	0.26	0	0	0.26
6200	0.27	0.26	0.26	0	0	0.27
6300	0.27	0.26	0.26	0	0	0.27
6400	0.27	0.25	0.25	0	0	0.27
6500	0.28	0.25	0.25	0	0	0.28
6600	0.27	0.25	0.25	0	0	0.27
6700	0.25	0.25	0.25	0	0	0.25
6800	0.24	0.25	0.25	0	0	0.24
6900	0.23	0.25	0.25	0	0	0.23
7000	0.21	0.25	0.25	0	0	0.21
7100	0.22	0.26	0.26	0	0	0.22
7200	0.22	0.26	0.26	0	0	0.22
7300	0.22	0.26	0.26	0	0	0.22
7400	0.22	0.25	0.25	0	0	0.22
7500	0.22	0.25	0.25	0	0	0.22
7600	0.22	0.27	0.27	0	0	0.22
7700	0.23	0.28	0.28	0	0	0.23
7800	0.22	0.28	0.28	0	0	0.22
7900	0.22	0.29	0.29	0	0	0.22
8000	0.22	0.3	0.3	0	0	0.22
8100	0.24	0.28	0.28	0	0	0.24
8200	0.24	0.28	0.28	0	0	0.24
8300	0.24	0.27	0.27	0	0	0.24
8400	0.24	0.27	0.27	0	0	0.24
8500	0.24	0.26	0.26	0	0	0.24
8600	0.22	0.27	0.27	0	0	0.22
8700	0.22	0.26	0.26	0	0	0.22
8800	0.22	0.26	0.26	0	0	0.22
8900	0.23	0.27	0.27	0	0	0.23
9000	0.24	0.27	0.27	0	0	0.24
9100	0.24	0.27	0.27	0	0	0.24
9200	0.24	0.28	0.28	0	0	0.24
9300	0.26	0.27	0.27	0	0	0.26
9400	0.26	0.28	0.28	0	0	0.26
9500	0.26	0.28	0.28	0	0	0.26
9600	0.26	0.28	0.28	0	0	0.26
9700	0.26	0.28	0.28	0	0	0.26
9800	0.26	0.3	0.3	0	0	0.26
9900	0.26	0.28	0.28	0	0	0.26
10000	0.26	0.29	0.29	0	0	0.26
10100	0.26	0.3	0.3	0	0	0.26
10200	0.27	0.31	0.31	0	0	0.27
10300	0.27	0.32	0.32	0	0	0.27
10400	0.27	0.32	0.32	0	0	0.27
10500	0.26	0.32	0.32	0	0	0.26
10600	0.28	0.32	0.32	0	0	0.28
10700	0.3	0.34	0.34	0	0	0.3
10800	0.28	0.33	0.33	0	0	0.28
10900	0.27	0.34	0.34	0	0	0.27
11000	0.27	0.35	0.35	0	0	0.27
11100	0.27	0.35	0.35	0	0	0.27
11200	0.28	0.34	0.34	0	0	0.28
11300	0.29	0.34	0.34	0	0	0.29
11400	0.3	0.34	0.34	0	0	0.3
11500	0.3	0.32	0.32	0	0	0.3
11600	0.3	0.35	0.35	0	0	0.3
11700	0.3	0.33	0.33	0	0	0.3
11800	0.3	0.34	0.34	0	0	0.3
11900	0.31	0.34	0.34	0	0	0.31
12000	0.31	0.32	0.32	0	0	0.31
12100	0.31	0.31	0.31	0	0	0.31
12200	0.32	0.33	0.33	0	0	0.32
12300	0.33	0.31	0.31	0	0	0.33
12400	0.33	0.31	0.31	0	0	0.33
12500	0.3	0.31	0.31	0	0	0.3
12600	0.3	0.31	0.31	0	0	0.3
12700	0.3	0.31	0.31	0	0	0.3
12800	0.3	0.3	0.3	0	0	0.3
12900	0.3	0.3	0.3	0	0	0.3
13000	0.3	0.3	0.3	0	0	0.3
13100	0.31	0.3	0.3	0	0	0.31
13200	0.3	0.3	0.3	0	0	0.3
13300	0.3	0.3	0.3	0	0	0.3
13400	0.29	0.3	0.3	0	0	0.29
13500	0.29	0.3	0.3	0	0	0.29
13600	0.3	0.3	0.3	0	0	0.3
13700	0.29	0.32	0.32	0	0	0.29
13800	0.29	0.32	0.32	0	0	0.29
13900	0.29	0.32	0.32	0	0	0.29
14000	0.29	0.32	0.32	0	0	0.29
14100	0.29	0.32	0.32	0	0	0.29
14200	0.29	0.32	0.32	0	0	0.29
14300	0.29	0.32	0.32	0	0	0.29
14400	0.29	0.33	0.33	0	0	0.29
14500	0.29	0.34	0.34	0	0	0.29
14600	0.29	0.34	0.34	0	0	0.29
14700	0.29	0.34	0.34	0	0	0.29
14800	0.31	0.34	0.34	0	0	0.31
14900	0.31	0.34	0.34	0	0	0.31
15000	0.31	0.33	0.33	0	0	0.31
15100	0.31	0.33	0.33	0	0	0.31
15200	0.31	0.33	0.33	0	0	0.31
15300	0.29	0.33	0.33	0	0	0.29
15400	0.29	0.34	0.34	0	0	0.29
15500	0.29	0.34	0.34	0	0	0.29
15600	0.29	0.34	0.34	0	0	0.29
15700	0.3	0.36	0.36	0	0	0.3
15800	0.29	0.36	0.36	0	0	0.29
15900	0.29	0.37	0.37	0	0	0.29
16000	0.29	0.36	0.36	0	0	0.29
16100	0.29	0.36	0.36	0	0	0.29
16200	0.31	0.36	0.36	0	0	0.31
16300	0.32	0.35	0.35	0	0	0.32
16400	0.3	0.37	0.37	0	0	0.3
16500	0.3	0.36	0.36	0	0	0.3
16600	0.3	0.35	0.35	0	0	0.3
16700	0.3	0.35	0.35	0	0	0.3
16800	0.3	0.36	0.36	0	0	0.3
16900	0.3	0.36	0.36	0	0	0.3
17000	0.3	0.38	0.38	0	0	0.3
17100	0.3	0.39	0.39	0	0	0.3
17200	0.31	0.39	0.39	0	0	0.31
17300	0.3	0.39	0.39	0	0	0.3
17400	0.3	0.39	0.39	0	0	0.3
17500	0.3	0.39	0.39	0	0	0.3
17600	0.3	0.39	0.39	0	0	0.3
17700	0.29	0.39	0.39	0	0	0.29
17800	0.3	0.38	0.38	0	0	0.3
17900	0.3	0.38	0.38	0	0	0.3
18000	0.29	0.37	0.37	0	0	0.29
18100	0.29	0.37	0.37	0	0	0.29
18200	0.29	0.38	0.38	0	0	0.29
18300	0.29	0.38	0.38	0	0	0.29
18400	0.29	0.38	0.38	0	0	0.29
18500	0.29	0.38	0.38	0	0	0.29
18600	0.29	0.38	0.38	0	0	0.29
18700	0.29	0.38	0.38	0	0	0.29
18800	0.29	0.38	0.38	0	0	0.29
18900	0.29	0.37	0.37	0	0	0.29
19000	0.29	0.37	0.37	0	0	0.29
19100	0.29	0.37	0.37	0	0	0.29
19200	0.3	0.36	0.36	0	0	0.3
19300	0.3	0.36	0.36	0	0	0.3
19400	0.3	0.35	0.35	0	0	0.3
19500	0.31	0.36	0.36	0	0	0.31
19600	0.31	0.36	0.36	0	0	0.31
19700	0.3	0.35	0.35	0	0	0.3
19800	0.3	0.36	0.36	0	0	0.3
19900	0.3	0.38	0.38	0	0	0.3
20000	0.3	0.37	0.37	0	0	0.3
20100	0.3	0.37	0.37	0	0	0.3
20200	0.3	0.36	0.36	0	0	0.3
20300	0.3	0.36	0.36	0	0	0.3
20400	0.31	0.36	0.36	0	0	0.31
20500	0.32	0.36	0.36	0	0	0.32
20600	0.32	0.36	0.36	0	0	0.32
20700	0.32	0.37	0.37	0	0	0.32
20800	0.33	0.35	0.35	0	0	0.33
20900	0.32	0.35	0.35	0	0	0.32
21000	0.31	0.36	0.36	0	0	0.31
21100	0.31	0.36	0.36	0	0	0.31
21200	0.3	0.36	0.36	0	0	0.3
21300	0.31	0.35	0.35	0	0	0.31
21400	0.3	0.35	0.35	0	0	0.3
21500	0.31	0.35	0.35	0	0	0.31
21600	0.32	0.34	0.34	0	0	0.32
21700	0.32	0.33	0.33	0	0	0.32
21800	0.31	0.33	0.33	0	0	0.31
21900	0.31	0.34	0.34	0	0	0.31
22000	0.31	0.35	0.35	0	0	0.31
22100	0.31	0.35	0.35	0	0	0.31
22200	0.31	0.35	0.35	0	0	0.31
22300	0.32	0.36	0.36	0	0	0.32
22400	0.32	0.35	0.35	0	0	0.32
22500	0.31	0.35	0.35	0	0	0.31
22600	0.31	0.36	0.36	0	0	0.31
22700	0.31	0.35	0.35	0	0	0.31
22800	0.32	0.36	0.36	0	0	0.32
22900	0.32	0.36	0.36	0	0	0.32
23000	0.32	0.36	0.36	0	0	0.32
23100	0.32	0.37	0.37	0	0	0.32
23200	0.32	0.37	0.37	0	0	0.32
23300	0.33	0.37	0.37	0	0	0.33
23400	0.33	0.37	0.37	0	0	0.33
23500	0.33	0.36	0.36	0	0	0.33
23600	0.33	0.36	0.36	0	0	0.33
23700	0.33	0.36	0.36	0	0	0.33
23800	0.33	0.36	0.36	0	0	0.33
23900	0.33	0.36	0.36	0	0	0.33
24000	0.33	0.36	0.36	0	0	0.33
24100	0.35	0.36	0.36	0	0	0.35
24200	0.35	0.37	0.37	0	0	0.35
24300	0.34	0.36	0.36	0	0	0.34
24400	0.33	0.35	0.35	0	0	0.33
24500	0.32	0.35	0.35	0	0	0.32
24600	0.31	0.35	0.35	0	0	0.31
24700	0.31	0.36	0.36	0	0	0.31
24800	0.31	0.37	0.37	0	0	0.31
24900	0.3	0.36	0.36	0	0	0.3
25000	0.3	0.36	0.36	0	0	0.3
25100	0.29	0.36	0.36	0	0	0.29
25200	0.29	0.36	0.36	0	0	0.29
25300	0.3	0.36	0.36	0	0	0.3
25400	0.3	0.36	0.36	0	0	0.3
25500	0.3	0.36	0.36	0	0	0.3
25600	0.3	0.36	0.36	0	0	0.3
25700	0.3	0.36	0.36	0	0	0.3
25800	0.3	0.36	0.36	0	0	0.3
25900	0.3	0.36	0.36	0	0	0.3
26000	0.31	0.36	0.36	0	0	0.31
26100	0.31	0.36	0.36	0	0	0.31
26200	0.31	0.36	0.36	0	0	0.31
26300	0.31	0.36	0.36	0	0	0.31
26400	0.31	0.35	0.35	0	0	0.31
26500	0.32	0.35	0.35	0	0	0.32
26600	0.32	0.35	0.35	0	0	0.32
26700	0.32	0.35	0.35	0	0	0.32
26800	0.33	0.37	0.37	0	0	0.33
26900	0.32	0.36	0.36	0	0	0.32
27000	0.32	0.37	0.37	0	0	0.32
27100	0.31	0.37	0.37	0	0	0.31
27200	0.3	0.37	0.37	0	0	0.3
27300	0.3	0.37	0.37	0	0	0.3
27400	0.3	0.37	0.37	0	0	0.3
27500	0.3	0.37	0.37	0	0	0.3
27600	0.31	0.37	0.37	0	0	0.31
27700	0.3	0.37	0.37	0	0	0.3
27800	0.3	0.37	0.37	0	0	0.3
27900	0.31	0.37	0.37	0	0	0.31
28000	0.3	0.37	0.37	0	0	0.3
28100	0.3	0.37	0.37	0	0	0.3
28200	0.3	0.38	0.38	0	0	0.3
28300	0.3	0.38	0.38	0	0	0.3
28400	0.31	0.36	0.36	0	0	0.31
28500	0.32	0.36	0.36	0	0	0.32
28600	0.33	0.36	0.36	0	0	0.33
28700	0.33	0.36	0.36	0	0	0.33
28800	0.33	0.36	0.36	0	0	0.33
28900	0.33	0.36	0.36	0	0	0.33
29000	0.33	0.36	0.36	0	0	0.33
29100	0.33	0.36	0.36	0	0	0.33
29200	0.33	0.36	0.36	0	0	0.33
29300	0.33	0.36	0.36	0	0	0.33
29400	0.33	0.37	0.37	0	0	0.33
29500	0.33	0.37	0.37	0	0	0.33
29600	0.33	0.37	0.37	0	0	0.33
29700	0.34	0.37	0.37	0	0	0.34
29800	0.33	0.37	0.37	0	0	0.33
29900	0.33	0.37	0.37	0	0	0.33
30000	0.33	0.38	0.38	0	0	0.33
30100	0.33	0.38	0.38	0	0	0.33
30200	0.35	0.38	0.38	0	0	0.35
30300	0.34	0.39	0.39	0	0	0.34
30400	0.35	0.4	0.4	0	0	0.35
30500	0.35	0.38	0.38	0	0	0.35
30600	0.36	0.38	0.38	0	0	0.36
30700	0.35	0.39	0.39	0	0	0.35
30800	0.36	0.38	0.38	0	0	0.36
30900	0.36	0.37	0.37	0	0	0.36
31000	0.36	0.37	0.37	0	0	0.36
31100	0.36	0.39	0.39	0	0	0.36
31200	0.36	0.38	0.38	0	0	0.36
31300	0.36	0.38	0.38	0	0	0.36
31400	0.37	0.38	0.38	0	0	0.37
31500	0.37	0.38	0.38	0	0	0.37
31600	0.37	0.38	0.38	0	0	0.37
31700	0.39	0.38	0.38	0	0	0.39
31800	0.39	0.38	0.38	0	0	0.39
31900	0.39	0.38	0.38	0	0	0.39
32000	0.39	0.38	0.38	0	0	0.39
32100	0.39	0.38	0.38	0	0	0.39
32200	0.39	0.38	0.38	0	0	0.39
32300	0.39	0.38	0.38	0	0	0.39
32400	0.39	0.38	0.38	0	0	0.39
32500	0.38	0.37	0.37	0	0	0.38
32600	0.38	0.37	0.37	0	0	0.38
32700	0.38	0.36	0.36	0	0	0.38
32800	0.38	0.36	0.36	0	0	0.38
32900	0.37	0.36	0.36	0	0	0.37
33000	0.37	0.36	0.36	0	0	0.37
33100	0.37	0.37	0.37	0	0	0.37
33200	0.38	0.37	0.37	0	0	0.38
33300	0.37	0.37	0.37	0	0	0.37
33400	0.35	0.37	0.37	0	0	0.35
33500	0.34	0.36	0.36	0	0	0.34
33600	0.33	0.36	0.36	0	0	0.33
33700	0.33	0.36	0.36	0	0	0.33
33800	0.33	0.36	0.36	0	0	0.33
33900	0.33	0.36	0.36	0	0	0.33
34000	0.33	0.36	0.36	0	0	0.33
34100	0.33	0.37	0.37	0	0	0.33
34200	0.33	0.37	0.37	0	0	0.33
34300	0.33	0.37	0.37	0	0	0.33
34400	0.33	0.38	0.38	0	0	0.33
34500	0.34	0.38	0.38	0	0	0.34
34600	0.33	0.39	0.39	0	0	0.33
34700	0.34	0.39	0.39	0	0	0.34
34800	0.34	0.39	0.39	0	0	0.34
34900	0.34	0.39	0.39	0	0	0.34
35000	0.34	0.39	0.39	0	0	0.34
35100	0.33	0.39	0.39	0	0	0.33
35200	0.33	0.39	0.39	0	0	0.33
35300	0.34	0.39	0.39	0	0	0.34
35400	0.34	0.39	0.39	0	0	0.34
35500	0.34	0.4	0.4	0	0	0.34
35600	0.34	0.39	0.39	0	0	0.34
35700	0.35	0.39	0.39	0	0	0.35
35800	0.35	0.39	0.39	0	0	0.35
35900	0.33	0.39	0.39	0	0	0.33
36000	0.33	0.4	0.4	0	0	0.33
36100	0.33	0.39	0.39	0	0	0.33
36200	0.33	0.39	0.39	0	0	0.33
36300	0.33	0.39	0.39	0	0	0.33
36400	0.33	0.39	0.39	0	0	0.33
36500	0.33	0.39	0.39	0	0	0.33
36600	0.33	0.39	0.39	0	0	0.33
36700	0.33	0.38	0.38	0	0	0.33
36800	0.33	0.38	0.38	0	0	0.33
36900	0.34	0.38	0.38	0	0	0.34
37000	0.33	0.38	0.38	0	0	0.33
37100	0.33	0.38	0.38	0	0	0.33
37200	0.33	0.38	0.38	0	0	0.33
37300	0.33	0.38	0.38	0	0	0.33
37400	0.33	0.38	0.38	0	0	0.33
37500	0.33	0.38	0.38	0	0	0.33
37600	0.33	0.39	0.39	0	0	0.33
37700	0.33	0.4	0.4	0	0	0.33
37800	0.33	0.39	0.39	0	0	0.33
37900	0.33	0.4	0.4	0	0	0.33
38000	0.33	0.4	0.4	0	0	0.33
38100	0.33	0.4	0.4	0	0	0.33
38200	0.33	0.4	0.4	0	0	0.33
38300	0.33	0.4	0.4	0	0	0.33
38400	0.34	0.4	0.4	0	0	0.34
38500	0.34	0.4	0.4	0	0	0.34
38600	0.34	0.4	0.4	0	0	0.34
38700	0.34	0.41	0.41	0	0	0.34
38800	0.34	0.4	0.4	0	0	0.34
38900	0.35	0.41	0.41	0	0	0.35
39000	0.35	0.41	0.41	0	0	0.35
39100	0.35	0.41	0.41	0	0	0.35
39200	0.35	0.41	0.41	0	0	0.35
39300	0.35	0.41	0.41	0	0	0.35
39400	0.35	0.41	0.41	0	0	0.35
39500	0.35	0.41	0.41	0	0	0.35
39600	0.35	0.41	0.41	0	0	0.35
39700	0.35	0.42	0.42	0	0	0.35
39800	0.35	0.42	0.42	0	0	0.35
39900	0.35	0.42	0.42	0	0	0.35
40000	0.35	0.41	0.41	0	0	0.35
40100	0.35	0.4	0.4	0	0	0.35
40200	0.35	0.39	0.39	0	0	0.35
40300	0.35	0.39	0.39	0	0	0.35
40400	0.35	0.38	0.38	0	0	0.35
40500	0.35	0.39	0.39	0	0	0.35
40600	0.35	0.39	0.39	0	0	0.35
40700	0.35	0.39	0.39	0	0	0.35
40800	0.35	0.4	0.4	0	0	0.35
40900	0.35	0.39	0.39	0	0	0.35
41000	0.35	0.39	0.39	0	0	0.35
41100	0.36	0.39	0.39	0	0	0.36
41200	0.36	0.39	0.39	0	0	0.36
41300	0.34	0.39	0.39	0	0	0.34
41400	0.34	0.39	0.39	0	0	0.34
41500	0.35	0.38	0.38	0	0	0.35
41600	0.35	0.38	0.38	0	0	0.35
41700	0.35	0.38	0.38	0	0	0.35
41800	0.35	0.39	0.39	0	0	0.35
41900	0.36	0.38	0.38	0	0	0.36
42000	0.35	0.38	0.38	0	0	0.35
42100	0.35	0.38	0.38	0	0	0.35
42200	0.35	0.38	0.38	0	0	0.35
42300	0.35	0.38	0.38	0	0	0.35
42400	0.35	0.38	0.38	0	0	0.35
42500	0.35	0.38	0.38	0	0	0.35
42600	0.35	0.38	0.38	0	0	0.35
42700	0.35	0.38	0.38	0	0	0.35
42800	0.35	0.38	0.38	0	0	0.35
42900	0.35	0.38	0.38	0	0	0.35
43000	0.35	0.38	0.38	0	0	0.35
43100	0.35	0.39	0.39	0	0	0.35
43200	0.35	0.39	0.39	0	0	0.35
43300	0.35	0.4	0.4	0	0	0.35
43400	0.35	0.4	0.4	0	0	0.35
43500	0.36	0.4	0.4	0	0	0.36
43600	0.35	0.4	0.4	0	0	0.35
43700	0.35	0.4	0.4	0	0	0.35
43800	0.35	0.41	0.41	0	0	0.35
43900	0.35	0.41	0.41	0	0	0.35
44000	0.35	0.41	0.41	0	0	0.35
44100	0.35	0.41	0.41	0	0	0.35
44200	0.35	0.41	0.41	0	0	0.35
44300	0.36	0.41	0.41	0	0	0.36
44400	0.36	0.41	0.41	0	0	0.36
44500	0.36	0.41	0.41	0	0	0.36
44600	0.36	0.41	0.41	0	0	0.36
44700	0.36	0.42	0.42	0	0	0.36
44800	0.36	0.42	0.42	0	0	0.36
44900	0.36	0.42	0.42	0	0	0.36
45000	0.36	0.41	0.41	0	0	0.36
45100	0.36	0.41	0.41	0	0	0.36
45200	0.36	0.41	0.41	0	0	0.36
45300	0.36	0.4	0.4	0	0	0.36
45400	0.36	0.4	0.4	0	0	0.36
45500	0.36	0.4	0.4	0	0	0.36
45600	0.36	0.41	0.41	0	0	0.36
45700	0.36	0.41	0.41	0	0	0.36
45800	0.36	0.4	0.4	0	0	0.36
45900	0.36	0.4	0.4	0	0	0.36
46000	0.36	0.4	0.4	0	0	0.36
46100	0.36	0.4	0.4	0	0	0.36
46200	0.36	0.4	0.4	0	0	0.36
46300	0.36	0.4	0.4	0	0	0.36
46400	0.36	0.4	0.4	0	0	0.36
46500	0.37	0.4	0.4	0	0	0.37
46600	0.36	0.4	0.4	0	0	0.36
46700	0.37	0.4	0.4	0	0	0.37
46800	0.37	0.4	0.4	0	0	0.37
46900	0.37	0.4	0.4	0	0	0.37
47000	0.37	0.4	0.4	0	0	0.37
47100	0.37	0.4	0.4	0	0	0.37
47200	0.37	0.4	0.4	0	0	0.37
47300	0.37	0.4	0.4	0	0	0.37
47400	0.37	0.4	0.4	0	0	0.37
47500	0.37	0.39	0.39	0	0	0.37
47600	0.37	0.39	0.39	0	0	0.37
47700	0.37	0.39	0.39	0	0	0.37
47800	0.37	0.4	0.4	0	0	0.37
47900	0.37	0.4	0.4	0	0	0.37
48000	0.37	0.4	0.4	0	0	0.37
48100	0.37	0.39	0.39	0	0	0.37
48200	0.36	0.39	0.39	0	0	0.36
48300	0.36	0.39	0.39	0	0	0.36
48400	0.36	0.39	0.39	0	0	0.36
48500	0.36	0.39	0.39	0	0	0.36
48600	0.36	0.39	0.39	0	0	0.36
48700	0.36	0.39	0.39	0	0	0.36
48800	0.36	0.39	0.39	0	0	0.36
48900	0.36	0.39	0.39	0	0	0.36
49000	0.36	0.39	0.39	0	0	0.36
49100	0.36	0.39	0.39	0	0	0.36
49200	0.37	0.39	0.39	0	0	0.37
49300	0.38	0.39	0.39	0	0	0.38
49400	0.37	0.4	0.4	0	0	0.37
49500	0.37	0.41	0.41	0	0	0.37
49600	0.37	0.41	0.41	0	0	0.37
49700	0.37	0.41	0.41	0	0	0.37
49800	0.37	0.4	0.4	0	0	0.37
49900	0.37	0.4	0.4	0	0	0.37
50000	0.37	0.4	0.4	0	0	0.37
50100	0.37	0.39	0.39	0	0	0.37
50200	0.37	0.39	0.39	0	0	0.37
50300	0.37	0.39	0.39	0	0	0.37
50400	0.37	0.39	0.39	0	0	0.37
50500	0.37	0.39	0.39	0	0	0.37
50600	0.37	0.39	0.39	0	0	0.37
50700	0.37	0.39	0.39	0	0	0.37
50800	0.37	0.39	0.39	0	0	0.37
50900	0.37	0.39	0.39	0	0	0.37
51000	0.37	0.39	0.39	0	0	0.37
51100	0.38	0.39	0.39	0	0	0.38
51200	0.37	0.39	0.39	0	0	0.37
51300	0.37	0.39	0.39	0	0	0.37
51400	0.37	0.39	0.39	0	0	0.37
51500	0.38	0.39	0.39	0	0	0.38
51600	0.38	0.39	0.39	0	0	0.38
51700	0.38	0.39	0.39	0	0	0.38
51800	0.38	0.39	0.39	0	0	0.38
51900	0.38	0.39	0.39	0	0	0.38
52000	0.38	0.39	0.39	0	0	0.38
52100	0.38	0.39	0.39	0	0	0.38
52200	0.38	0.39	0.39	0	0	0.38
52300	0.38	0.39	0.39	0	0	0.38
52400	0.38	0.39	0.39	0	0	0.38
52500	0.38	0.39	0.39	0	0	0.38
52600	0.38	0.39	0.39	0	0	0.38
52700	0.39	0.39	0.39	0	0	0.39
52800	0.39	0.39	0.39	0	0	0.39
52900	0.38	0.39	0.39	0	0	0.38
53000	0.38	0.39	0.39	0	0	0.38
53100	0.38	0.39	0.39	0	0	0.38
53200	0.38	0.39	0.39	0	0	0.38
53300	0.38	0.39	0.39	0	0	0.38
53400	0.38	0.39	0.39	0	0	0.38
53500	0.38	0.39	0.39	0	0	0.38
53600	0.38	0.39	0.39	0	0	0.38
53700	0.37	0.39	0.39	0	0	0.37
53800	0.38	0.39	0.39	0	0	0.38
53900	0.38	0.4	0.4	0	0	0.38
54000	0.38	0.39	0.39	0	0	0.38
54100	0.38	0.39	0.39	0	0	0.38
54200	0.38	0.39	0.39	0	0	0.38
54300	0.38	0.39	0.39	0	0	0.38
54400	0.38	0.39	0.39	0	0	0.38
54500	0.38	0.39	0.39	0	0	0.38
54600	0.38	0.39	0.39	0	0	0.38
54700	0.39	0.39	0.39	0	0	0.39
54800	0.39	0.39	0.39	0	0	0.39
54900	0.39	0.39	0.39	0	0	0.39
55000	0.39	0.4	0.4	0	0	0.39
55100	0.39	0.4	0.4	0	0	0.39
55200	0.39	0.4	0.4	0	0	0.39
55300	0.39	0.39	0.39	0	0	0.39
55400	0.39	0.39	0.39	0	0	0.39
55500	0.39	0.39	0.39	0	0	0.39
55600	0.39	0.39	0.39	0	0	0.39
55700	0.39	0.39	0.39	0	0	0.39
55800	0.39	0.39	0.39	0	0	0.39
55900	0.39	0.39	0.39	0	0	0.39
56000	0.39	0.39	0.39	0	0	0.39
56100	0.39	0.39	0.39	0	0	0.39
56200	0.39	0.39	0.39	0	0	0.39
56300	0.39	0.39	0.39	0	0	0.39
56400	0.39	0.39	0.39	0	0	0.39
56500	0.41	0.39	0.39	0	0	0.41
56600	0.4	0.39	0.39	0	0	0.4
56700	0.4	0.39	0.39	0	0	0.4
56800	0.4	0.39	0.39	0	0	0.4
56900	0.4	0.39	0.39	0	0	0.4
57000	0.41	0.39	0.39	0	0	0.41
57100	0.41	0.39	0.39	0	0	0.41
57200	0.41	0.39	0.39	0	0	0.41
57300	0.41	0.39	0.39	0	0	0.41
57400	0.41	0.39	0.39	0	0	0.41
57500	0.41	0.39	0.39	0	0	0.41
57600	0.41	0.39	0.39	0	0	0.41
57700	0.42	0.39	0.39	0	0	0.42
57800	0.42	0.39	0.39	0	0	0.42
57900	0.42	0.39	0.39	0	0	0.42
58000	0.42	0.39	0.39	0	0	0.42
58100	0.42	0.39	0.39	0	0	0.42
58200	0.41	0.39	0.39	0	0	0.41
58300	0.4	0.39	0.39	0	0	0.4
58400	0.39	0.39	0.39	0	0	0.39
58500	0.38	0.39	0.39	0	0	0.38
58600	0.37	0.39	0.39	0	0	0.37
58700	0.37	0.39	0.39	0	0	0.37
58800	0.37	0.39	0.39	0	0	0.37
58900	0.37	0.39	0.39	0	0	0.37
59000	0.37	0.39	0.39	0	0	0.37
59100	0.39	0.39	0.39	0	0	0.39
59200	0.39	0.39	0.39	0	0	0.39
59300	0.39	0.39	0.39	0	0	0.39
59400	0.39	0.39	0.39	0	0	0.39
59500	0.39	0.39	0.39	0	0	0.39
59600	0.39	0.39	0.39	0	0	0.39
59700	0.39	0.39	0.39	0	0	0.39
59800	0.39	0.39	0.39	0	0	0.39
59900	0.39	0.39	0.39	0	0	0.39
60000	0.39	0.39	0.39	0	0	0.39
60100	0.39	0.39	0.39	0	0	0.39
60200	0.39	0.39	0.39	0	0	0.39
60300	0.39	0.39	0.39	0	0	0.39
60400	0.39	0.39	0.39	0	0	0.39
60500	0.4	0.39	0.39	0	0	0.4
60600	0.39	0.39	0.39	0	0	0.39
60700	0.4	0.39	0.39	0	0	0.4
60800	0.4	0.39	0.39	0	0	0.4
60900	0.39	0.39	0.39	0	0	0.39
61000	0.39	0.39	0.39	0	0	0.39
61100	0.39	0.39	0.39	0	0	0.39
61200	0.38	0.39	0.39	0	0	0.38
61300	0.38	0.39	0.39	0	0	0.38
61400	0.38	0.39	0.39	0	0	0.38
61500	0.38	0.39	0.39	0	0	0.38
61600	0.38	0.39	0.39	0	0	0.38
61700	0.38	0.39	0.39	0	0	0.38
61800	0.38	0.39	0.39	0	0	0.38
61900	0.38	0.39	0.39	0	0	0.38
62000	0.37	0.39	0.39	0	0	0.37
62100	0.37	0.39	0.39	0	0	0.37
62200	0.37	0.39	0.39	0	0	0.37
62300	0.37	0.39	0.39	0	0	0.37
62400	0.37	0.39	0.39	0	0	0.37
62500	0.37	0.39	0.39	0	0	0.37
62600	0.37	0.4	0.4	0	0	0.37
62700	0.37	0.4	0.4	0	0	0.37
62800	0.37	0.4	0.4	0	0	0.37
62900	0.37	0.4	0.4	0	0	0.37
63000	0.37	0.4	0.4	0	0	0.37
63100	0.37	0.4	0.4	0	0	0.37
63200	0.37	0.41	0.41	0	0	0.37
63300	0.37	0.41	0.41	0	0	0.37
63400	0.37	0.4	0.4	0	0	0.37
63500	0.37	0.4	0.4	0	0	0.37
63600	0.37	0.4	0.4	0	0	0.37
63700	0.37	0.4	0.4	0	0	0.37
63800	0.37	0.4	0.4	0	0	0.37
63900	0.37	0.4	0.4	0	0	0.37
64000	0.37	0.4	0.4	0	0	0.37
64100	0.37	0.41	0.41	0	0	0.37
64200	0.37	0.41	0.41	0	0	0.37
64300	0.37	0.4	0.4	0	0	0.37
64400	0.37	0.4	0.4	0	0	0.37
64500	0.38	0.4	0.4	0	0	0.38
64600	0.38	0.4	0.4	0	0	0.38
64700	0.39	0.4	0.4	0	0	0.39
64800	0.39	0.4	0.4	0	0	0.39
64900	0.4	0.4	0.4	0	0	0.4
65000	0.4	0.41	0.41	0	0	0.4
65100	0.4	0.4	0.4	0	0	0.4
65200	0.4	0.4	0.4	0	0	0.4
65300	0.4	0.4	0.4	0	0	0.4
65400	0.4	0.4	0.4	0	0	0.4
65500	0.41	0.4	0.4	0	0	0.41
65600	0.4	0.4	0.4	0	0	0.4
65700	0.4	0.4	0.4	0	0	0.4
65800	0.4	0.4	0.4	0	0	0.4
65900	0.4	0.41	0.41	0	0	0.4
66000	0.4	0.39	0.39	0	0	0.4
66100	0.4	0.39	0.39	0	0	0.4
66200	0.4	0.39	0.39	0	0	0.4
66300	0.4	0.39	0.39	0	0	0.4
66400	0.4	0.39	0.39	0	0	0.4
66500	0.4	0.39	0.39	0	0	0.4
66600	0.41	0.39	0.39	0	0	0.41
66700	0.41	0.39	0.39	0	0	0.41
66800	0.41	0.39	0.39	0	0	0.41
66900	0.41	0.39	0.39	0	0	0.41
67000	0.41	0.39	0.39	0	0	0.41
67100	0.41	0.39	0.39	0	0	0.41
67200	0.41	0.39	0.39	0	0	0.41
67300	0.41	0.39	0.39	0	0	0.41
67400	0.41	0.39	0.39	0	0	0.41
67500	0.41	0.39	0.39	0	0	0.41
67600	0.41	0.39	0.39	0	0	0.41
67700	0.41	0.39	0.39	0	0	0.41
67800	0.41	0.39	0.39	0	0	0.41
67900	0.41	0.39	0.39	0	0	0.41
68000	0.41	0.39	0.39	0	0	0.41
68100	0.41	0.39	0.39	0	0	0.41
68200	0.41	0.39	0.39	0	0	0.41
68300	0.41	0.39	0.39	0	0	0.41
68400	0.42	0.38	0.38	0	0	0.42
68500	0.42	0.38	0.38	0	0	0.42
68600	0.42	0.38	0.38	0	0	0.42
68700	0.42	0.38	0.38	0	0	0.42
68800	0.42	0.38	0.38	0	0	0.42
68900	0.42	0.38	0.38	0	0	0.42
69000	0.42	0.38	0.38	0	0	0.42
69100	0.42	0.39	0.39	0	0	0.42
69200	0.42	0.39	0.39	0	0	0.42
69300	0.42	0.38	0.38	0	0	0.42
69400	0.42	0.38	0.38	0	0	0.42
69500	0.42	0.38	0.38	0	0	0.42
69600	0.42	0.38	0.38	0	0	0.42
69700	0.42	0.38	0.38	0	0	0.42
69800	0.42	0.38	0.38	0	0	0.42
69900	0.42	0.38	0.38	0	0	0.42
70000	0.44	0.39	0.39	0	0	0.44
70100	0.44	0.38	0.38	0	0	0.44
70200	0.45	0.38	0.38	0	0	0.45
70300	0.45	0.38	0.38	0	0	0.45
70400	0.46	0.38	0.38	0	0	0.46
70500	0.44	0.38	0.38	0	0	0.44
70600	0.44	0.38	0.38	0	0	0.44
70700	0.44	0.38	0.38	0	0	0.44
70800	0.44	0.38	0.38	0	0	0.44
70900	0.44	0.38	0.38	0	0	0.44
71000	0.44	0.38	0.38	0	0	0.44
71100	0.44	0.38	0.38	0	0	0.44
71200	0.44	0.38	0.38	0	0	0.44
71300	0.45	0.38	0.38	0	0	0.45
71400	0.45	0.38	0.38	0	0	0.45
71500	0.45	0.38	0.38	0	0	0.45
71600	0.45	0.38	0.38	0	0	0.45
71700	0.45	0.38	0.38	0	0	0.45
71800	0.45	0.38	0.38	0	0	0.45
71900	0.45	0.39	0.39	0	0	0.45
72000	0.45	0.39	0.39	0	0	0.45
72100	0.45	0.38	0.38	0	0	0.45
72200	0.46	0.38	0.38	0	0	0.46
72300	0.45	0.38	0.38	0	0	0.45
72400	0.45	0.38	0.38	0	0	0.45
72500	0.45	0.38	0.38	0	0	0.45
72600	0.45	0.38	0.38	0	0	0.45
72700	0.45	0.38	0.38	0	0	0.45
72800	0.45	0.38	0.38	0	0	0.45
72900	0.45	0.38	0.38	0	0	0.45
73000	0.45	0.38	0.38	0	0	0.45
73100	0.46	0.38	0.38	0	0	0.46
73200	0.46	0.39	0.39	0	0	0.46
73300	0.45	0.39	0.39	0	0	0.45
73400	0.45	0.39	0.39	0	0	0.45
73500	0.45	0.39	0.39	0	0	0.45
73600	0.45	0.4	0.4	0	0	0.45
73700	0.45	0.39	0.39	0	0	0.45
73800	0.45	0.39	0.39	0	0	0.45
73900	0.45	0.39	0.39	0	0	0.45
74000	0.45	0.39	0.39	0	0	0.45
74100	0.45	0.39	0.39	0	0	0.45
74200	0.45	0.39	0.39	0	0	0.45
74300	0.45	0.39	0.39	0	0	0.45
74400	0.45	0.39	0.39	0	0	0.45
74500	0.45	0.39	0.39	0	0	0.45
74600	0.45	0.39	0.39	0	0	0.45
74700	0.45	0.39	0.39	0	0	0.45
74800	0.45	0.39	0.39	0	0	0.45
74900	0.45	0.39	0.39	0	0	0.45
75000	0.45	0.4	0.4	0	0	0.45
75100	0.45	0.4	0.4	0	0	0.45
75200	0.45	0.4	0.4	0	0	0.45
75300	0.45	0.4	0.4	0	0	0.45
75400	0.45	0.4	0.4	0	0	0.45
75500	0.45	0.4	0.4	0	0	0.45
75600	0.45	0.4	0.4	0	0	0.45
75700	0.45	0.4	0.4	0	0	0.45
75800	0.45	0.4	0.4	0	0	0.45
75900	0.45	0.4	0.4	0	0	0.45
76000	0.45	0.4	0.4	0	0	0.45
76100	0.45	0.4	0.4	0	0	0.45
76200	0.45	0.4	0.4	0	0	0.45
76300	0.45	0.4	0.4	0	0	0.45
76400	0.45	0.4	0.4	0	0	0.45
76500	0.45	0.4	0.4	0	0	0.45
76600	0.45	0.4	0.4	0	0	0.45
76700	0.45	0.4	0.4	0	0	0.45
76800	0.45	0.4	0.4	0	0	0.45
76900	0.45	0.4	0.4	0	0	0.45
77000	0.45	0.4	0.4	0	0	0.45
77100	0.45	0.4	0.4	0	0	0.45
77200	0.45	0.4	0.4	0	0	0.45
77300	0.45	0.4	0.4	0	0	0.45
77400	0.45	0.4	0.4	0	0	0.45
77500	0.45	0.4	0.4	0	0	0.45
77600	0.45	0.4	0.4	0	0	0.45
77700	0.45	0.4	0.4	0	0	0.45
77800	0.45	0.4	0.4	0	0	0.45
77900	0.45	0.4	0.4	0	0	0.45
78000	0.45	0.4	0.4	0	0	0.45
78100	0.45	0.4	0.4	0	0	0.45
78200	0.45	0.4	0.4	0	0	0.45
78300	0.45	0.4	0.4	0	0	0.45
78400	0.45	0.4	0.4	0	0	0.45
78500	0.45	0.4	0.4	0	0	0.45
78600	0.45	0.4	0.4	0	0	0.45
78700	0.45	0.4	0.4	0	0	0.45
78800	0.45	0.4	0.4	0	0	0.45
78900	0.45	0.4	0.4	0	0	0.45
79000	0.45	0.4	0.4	0	0	0.45
79100	0.45	0.4	0.4	0	0	0.45
79200	0.45	0.4	0.4	0	0	0.45
79300	0.45	0.4	0.4	0	0	0.45
79400	0.44	0.4	0.4	0	0	0.44
79500	0.44	0.4	0.4	0	0	0.44
79600	0.44	0.4	0.4	0	0	0.44
79700	0.42	0.41	0.41	0	0	0.42
79800	0.42	0.41	0.41	0	0	0.42
79900	0.41	0.41	0.41	0	0	0.41
80000	0.42	0.41	0.41	0	0	0.42
80100	0.41	0.41	0.41	0	0	0.41
80200	0.41	0.41	0.41	0	0	0.41
80300	0.41	0.41	0.41	0	0	0.41
80400	0.41	0.41	0.41	0	0	0.41
80500	0.41	0.41	0.41	0	0	0.41
80600	0.4	0.41	0.41	0	0	0.4
80700	0.4	0.41	0.41	0	0	0.4
80800	0.4	0.41	0.41	0	0	0.4
80900	0.4	0.41	0.41	0	0	0.4
81000	0.4	0.41	0.41	0	0	0.4
81100	0.4	0.41	0.41	0	0	0.4
81200	0.4	0.41	0.41	0	0	0.4
81300	0.4	0.41	0.41	0	0	0.4
81400	0.4	0.43	0.43	0	0	0.4
81500	0.4	0.42	0.42	0	0	0.4
81600	0.4	0.41	0.41	0	0	0.4
81700	0.4	0.41	0.41	0	0	0.4
81800	0.4	0.41	0.41	0	0	0.4
81900	0.4	0.41	0.41	0	0	0.4
82000	0.4	0.41	0.41	0	0	0.4
82100	0.4	0.41	0.41	0	0	0.4
82200	0.4	0.41	0.41	0	0	0.4
82300	0.4	0.41	0.41	0	0	0.4
82400	0.4	0.41	0.41	0	0	0.4
82500	0.4	0.41	0.41	0	0	0.4
82600	0.4	0.41	0.41	0	0	0.4
82700	0.4	0.41	0.41	0	0	0.4
82800	0.4	0.41	0.41	0	0	0.4
82900	0.41	0.41	0.41	0	0	0.41
83000	0.4	0.41	0.41	0	0	0.4
83100	0.4	0.41	0.41	0	0	0.4
83200	0.4	0.42	0.42	0	0	0.4
83300	0.41	0.42	0.42	0	0	0.41
83400	0.41	0.42	0.42	0	0	0.41
83500	0.41	0.42	0.42	0	0	0.41
83600	0.41	0.41	0.41	0	0	0.41
83700	0.41	0.4	0.4	0	0	0.41
83800	0.41	0.4	0.4	0	0	0.41
83900	0.41	0.41	0.41	0	0	0.41
84000	0.41	0.4	0.4	0	0	0.41
84100	0.41	0.4	0.4	0	0	0.41
84200	0.41	0.4	0.4	0	0	0.41
84300	0.41	0.4	0.4	0	0	0.41
84400	0.41	0.4	0.4	0	0	0.41
84500	0.41	0.4	0.4	0	0	0.41
84600	0.41	0.4	0.4	0	0	0.41
84700	0.41	0.41	0.41	0	0	0.41
84800	0.41	0.41	0.41	0	0	0.41
84900	0.41	0.41	0.41	0	0	0.41
85000	0.41	0.41	0.41	0	0	0.41
85100	0.41	0.41	0.41	0	0	0.41
85200	0.41	0.41	0.41	0	0	0.41
85300	0.41	0.41	0.41	0	0	0.41
85400	0.41	0.41	0.41	0	0	0.41
85500	0.41	0.41	0.41	0	0	0.41
85600	0.41	0.41	0.41	0	0	0.41
85700	0.41	0.41	0.41	0	0	0.41
85800	0.41	0.41	0.41	0	0	0.41
85900	0.41	0.41	0.41	0	0	0.41
86000	0.41	0.41	0.41	0	0	0.41
86100	0.41	0.41	0.41	0	0	0.41
86200	0.41	0.41	0.41	0	0	0.41
86300	0.41	0.41	0.41	0	0	0.41
86400	0.41	0.4	0.4	0	0	0.41
86500	0.41	0.4	0.4	0	0	0.41
86600	0.41	0.4	0.4	0	0	0.41
86700	0.41	0.4	0.4	0	0	0.41
86800	0.41	0.4	0.4	0	0	0.41
86900	0.42	0.4	0.4	0	0	0.42
87000	0.42	0.4	0.4	0	0	0.42
87100	0.42	0.4	0.4	0	0	0.42
87200	0.42	0.4	0.4	0	0	0.42
87300	0.42	0.41	0.41	0	0	0.42
87400	0.42	0.4	0.4	0	0	0.42
87500	0.42	0.4	0.4	0	0	0.42
87600	0.42	0.4	0.4	0	0	0.42
87700	0.42	0.4	0.4	0	0	0.42
87800	0.42	0.4	0.4	0	0	0.42
87900	0.42	0.4	0.4	0	0	0.42
88000	0.42	0.4	0.4	0	0	0.42
88100	0.42	0.41	0.41	0	0	0.42
88200	0.42	0.4	0.4	0	0	0.42
88300	0.42	0.39	0.39	0	0	0.42
88400	0.42	0.39	0.39	0	0	0.42
88500	0.42	0.4	0.4	0	0	0.42
88600	0.42	0.4	0.4	0	0	0.42
88700	0.42	0.4	0.4	0	0	0.42
88800	0.42	0.4	0.4	0	0	0.42
88900	0.42	0.4	0.4	0	0	0.42
89000	0.42	0.39	0.39	0	0	0.42
89100	0.42	0.39	0.39	0	0	0.42
89200	0.43	0.39	0.39	0	0	0.43
89300	0.43	0.39	0.39	0	0	0.43
89400	0.43	0.39	0.39	0	0	0.43
89500	0.43	0.39	0.39	0	0	0.43
89600	0.43	0.4	0.4	0	0	0.43
89700	0.43	0.4	0.4	0	0	0.43
89800	0.43	0.4	0.4	0	0	0.43
89900	0.43	0.4	0.4	0	0	0.43
90000	0.43	0.4	0.4	0	0	0.43
90100	0.43	0.4	0.4	0	0	0.43
90200	0.43	0.41	0.41	0	0	0.43
90300	0.43	0.41	0.41	0	0	0.43
90400	0.43	0.41	0.41	0	0	0.43
90500	0.43	0.41	0.41	0	0	0.43
90600	0.43	0.41	0.41	0	0	0.43
90700	0.43	0.41	0.41	0	0	0.43
90800	0.43	0.41	0.41	0	0	0.43
90900	0.43	0.41	0.41	0	0	0.43
91000	0.43	0.41	0.41	0	0	0.43
91100	0.43	0.41	0.41	0	0	0.43
91200	0.43	0.41	0.41	0	0	0.43
91300	0.43	0.41	0.41	0	0	0.43
91400	0.43	0.41	0.41	0	0	0.43
91500	0.43	0.41	0.41	0	0	0.43
91600	0.43	0.42	0.42	0	0	0.43
91700	0.43	0.42	0.42	0	0	0.43
91800	0.43	0.42	0.42	0	0	0.43
91900	0.43	0.43	0.43	0	0	0.43
92000	0.43	0.43	0.43	0	0	0.43
92100	0.43	0.44	0.44	0	0	0.43
92200	0.43	0.42	0.42	0	0	0.43
92300	0.44	0.42	0.42	0	0	0.44
92400	0.43	0.42	0.42	0	0	0.43
92500	0.43	0.42	0.42	0	0	0.43
92600	0.43	0.42	0.42	0	0	0.43
92700	0.43	0.42	0.42	0	0	0.43
92800	0.43	0.42	0.42	0	0	0.43
92900	0.43	0.42	0.42	0	0	0.43
93000	0.43	0.42	0.42	0	0	0.43
93100	0.43	0.42	0.42	0	0	0.43
93200	0.43	0.42	0.42	0	0	0.43
93300	0.43	0.42	0.42	0	0	0.43
93400	0.42	0.42	0.42	0	0	0.42
93500	0.41	0.42	0.42	0	0	0.41
93600	0.41	0.42	0.42	0	0	0.41
93700	0.41	0.42	0.42	0	0	0.41
93800	0.41	0.42	0.42	0	0	0.41
93900	0.41	0.42	0.42	0	0	0.41
94000	0.41	0.42	0.42	0	0	0.41
94100	0.41	0.42	0.42	0	0	0.41
94200	0.41	0.42	0.42	0	0	0.41
94300	0.41	0.42	0.42	0	0	0.41
94400	0.41	0.42	0.42	0	0	0.41
94500	0.41	0.42	0.42	0	0	0.41
94600	0.41	0.42	0.42	0	0	0.41
94700	0.41	0.42	0.42	0	0	0.41
94800	0.41	0.42	0.42	0	0	0.41
94900	0.41	0.42	0.42	0	0	0.41
95000	0.4	0.42	0.42	0	0	0.4
95100	0.4	0.42	0.42	0	0	0.4
95200	0.4	0.42	0.42	0	0	0.4
95300	0.4	0.42	0.42	0	0	0.4
95400	0.4	0.42	0.42	0	0	0.4
95500	0.4	0.42	0.42	0	0	0.4
95600	0.4	0.43	0.43	0	0	0.4
95700	0.4	0.43	0.43	0	0	0.4
95800	0.4	0.43	0.43	0	0	0.4
95900	0.4	0.43	0.43	0	0	0.4
96000	0.4	0.43	0.43	0	0	0.4
96100	0.4	0.43	0.43	0	0	0.4
96200	0.4	0.43	0.43	0	0	0.4
96300	0.4	0.43	0.43	0	0	0.4
96400	0.4	0.43	0.43	0	0	0.4
96500	0.41	0.43	0.43	0	0	0.41
96600	0.41	0.44	0.44	0	0	0.41
96700	0.41	0.43	0.43	0	0	0.41
96800	0.41	0.43	0.43	0	0	0.41
96900	0.41	0.43	0.43	0	0	0.41
97000	0.4	0.43	0.43	0	0	0.4
97100	0.4	0.43	0.43	0	0	0.4
97200	0.4	0.44	0.44	0	0	0.4
97300	0.4	0.43	0.43	0	0	0.4
97400	0.4	0.43	0.43	0	0	0.4
97500	0.4	0.43	0.43	0	0	0.4
97600	0.4	0.42	0.42	0	0	0.4
97700	0.4	0.42	0.42	0	0	0.4
97800	0.4	0.43	0.43	0	0	0.4
97900	0.4	0.43	0.43	0	0	0.4
98000	0.4	0.43	0.43	0	0	0.4
98100	0.4	0.42	0.42	0	0	0.4
98200	0.4	0.42	0.42	0	0	0.4
98300	0.4	0.42	0.42	0	0	0.4
98400	0.41	0.42	0.42	0	0	0.41
98500	0.4	0.42	0.42	0	0	0.4
98600	0.4	0.42	0.42	0	0	0.4
98700	0.41	0.42	0.42	0	0	0.41
98800	0.41	0.43	0.43	0	0	0.41
98900	0.4	0.43	0.43	0	0	0.4
99000	0.4	0.42	0.42	0	0	0.4
99100	0.4	0.42	0.42	0	0	0.4
99200	0.4	0.42	0.42	0	0	0.4
99300	0.4	0.42	0.42	0	0	0.4
99400	0.4	0.42	0.42	0	0	0.4
99500	0.4	0.42	0.42	0	0	0.4
99600	0.41	0.43	0.43	0	0	0.41
99700	0.41	0.43	0.43	0	0	0.41
99800	0.41	0.43	0.43	0	0	0.41
99900	0.41	0.43	0.43	0	0	0.41
100000	0.41	0.43	0.43	0	0	0.41
100100	0.41	0.43	0.43	0	0	0.41
100200	0.42	0.43	0.43	0	0	0.42
100300	0.41	0.43	0.43	0	0	0.41
100400	0.41	0.43	0.43	0	0	0.41
100500	0.41	0.43	0.43	0	0	0.41
100600	0.41	0.43	0.43	0	0	0.41
100700	0.41	0.43	0.43	0	0	0.41
100800	0.41	0.43	0.43	0	0	0.41
100900	0.41	0.43	0.43	0	0	0.41
101000	0.41	0.43	0.43	0	0	0.41
101100	0.41	0.43	0.43	0	0	0.41
101200	0.41	0.43	0.43	0	0	0.41
101300	0.41	0.43	0.43	0	0	0.41
101400	0.41	0.43	0.43	0	0	0.41
101500	0.41	0.43	0.43	0	0	0.41
101600	0.41	0.43	0.43	0	0	0.41
101700	0.41	0.43	0.43	0	0	0.41
101800	0.41	0.43	0.43	0	0	0.41
101900	0.42	0.44	0.44	0	0	0.42
102000	0.42	0.44	0.44	0	0	0.42
102100	0.42	0.43	0.43	0	0	0.42
102200	0.42	0.43	0.43	0	0	0.42
102300	0.43	0.42	0.42	0	0	0.43
102400	0.42	0.42	0.42	0	0	0.42
102500	0.42	0.42	0.42	0	0	0.42
102600	0.42	0.42	0.42	0	0	0.42
102700	0.42	0.42	0.42	0	0	0.42
102800	0.42	0.42	0.42	0	0	0.42
102900	0.42	0.42	0.42	0	0	0.42
103000	0.42	0.43	0.43	0	0	0.42
103100	0.42	0.42	0.42	0	0	0.42
103200	0.43	0.42	0.42	0	0	0.43
103300	0.42	0.42	0.42	0	0	0.42
103400	0.42	0.42	0.42	0	0	0.42
103500	0.42	0.42	0.42	0	0	0.42
103600	0.42	0.42	0.42	0	0	0.42
103700	0.42	0.42	0.42	0	0	0.42
103800	0.42	0.42	0.42	0	0	0.42
103900	0.42	0.42	0.42	0	0	0.42
104000	0.42	0.42	0.42	0	0	0.42
104100	0.42	0.42	0.42	0	0	0.42
104200	0.42	0.42	0.42	0	0	0.42
104300	0.42	0.42	0.42	0	0	0.42
104400	0.42	0.42	0.42	0	0	0.42
104500	0.42	0.41	0.41	0	0	0.42
104600	0.43	0.41	0.41	0	0	0.43
104700	0.43	0.41	0.41	0	0	0.43
104800	0.43	0.41	0.41	0	0	0.43
104900	0.43	0.42	0.42	0	0	0.43
105000	0.43	0.42	0.42	0	0	0.43
105100	0.43	0.42	0.42	0	0	0.43
105200	0.43	0.43	0.43	0	0	0.43
105300	0.43	0.43	0.43	0	0	0.43
105400	0.43	0.43	0.43	0	0	0.43
105500	0.43	0.43	0.43	0	0	0.43
105600	0.43	0.42	0.42	0	0	0.43
105700	0.43	0.42	0.42	0	0	0.43
105800	0.43	0.42	0.42	0	0	0.43
105900	0.44	0.42	0.42	0	0	0.44
106000	0.43	0.42	0.42	0	0	0.43
106100	0.43	0.42	0.42	0	0	0.43
106200	0.43	0.42	0.42	0	0	0.43
106300	0.43	0.42	0.42	0	0	0.43
106400	0.43	0.42	0.42	0	0	0.43
106500	0.43	0.42	0.42	0	0	0.43
106600	0.43	0.42	0.42	0	0	0.43
106700	0.43	0.42	0.42	0	0	0.43
106800	0.43	0.42	0.42	0	0	0.43
106900	0.43	0.42	0.42	0	0	0.43
107000	0.43	0.42	0.42	0	0	0.43
107100	0.43	0.42	0.42	0	0	0.43
107200	0.43	0.42	0.42	0	0	0.43
107300	0.43	0.42	0.42	0	0	0.43
107400	0.43	0.42	0.42	0	0	0.43
107500	0.43	0.42	0.42	0	0	0.43
107600	0.43	0.42	0.42	0	0	0.43
107700	0.43	0.42	0.42	0	0	0.43
107800	0.43	0.42	0.42	0	0	0.43
107900	0.42	0.42	0.42	0	0	0.42
108000	0.41	0.42	0.42	0	0	0.41
108100	0.41	0.42	0.42	0	0	0.41
108200	0.41	0.42	0.42	0	0	0.41
108300	0.4	0.42	0.42	0	0	0.4
108400	0.4	0.42	0.42	0	0	0.4
108500	0.41	0.42	0.42	0	0	0.41
108600	0.41	0.42	0.42	0	0	0.41
108700	0.41	0.42	0.42	0	0	0.41
108800	0.42	0.42	0.42	0	0	0.42
108900	0.42	0.42	0.42	0	0	0.42
109000	0.42	0.42	0.42	0	0	0.42
109100	0.42	0.42	0.42	0	0	0.42
109200	0.41	0.42	0.42	0	0	0.41
109300	0.41	0.42	0.42	0	0	0.41
109400	0.41	0.42	0.42	0	0	0.41
109500	0.41	0.42	0.42	0	0	0.41
109600	0.41	0.42	0.42	0	0	0.41
109700	0.41	0.42	0.42	0	0	0.41
109800	0.4	0.42	0.42	0	0	0.4
109900	0.39	0.42	0.42	0	0	0.39
110000	0.39	0.42	0.42	0	0	0.39
110100	0.37	0.42	0.42	0	0	0.37
110200	0.37	0.42	0.42	0	0	0.37
110300	0.37	0.42	0.42	0	0	0.37
110400	0.37	0.42	0.42	0	0	0.37
110500	0.37	0.43	0.43	0	0	0.37
110600	0.37	0.43	0.43	0	0	0.37
110700	0.37	0.43	0.43	0	0	0.37
110800	0.37	0.43	0.43	0	0	0.37
110900	0.36	0.43	0.43	0	0	0.36
111000	0.36	0.43	0.43	0	0	0.36
111100	0.36	0.43	0.43	0	0	0.36
111200	0.36	0.43	0.43	0	0	0.36
111300	0.36	0.43	0.43	0	0	0.36
111400	0.36	0.44	0.44	0	0	0.36
111500	0.36	0.44	0.44	0	0	0.36
111600	0.36	0.44	0.44	0	0	0.36
111700	0.36	0.44	0.44	0	0	0.36
111800	0.36	0.44	0.44	0	0	0.36
111900	0.36	0.44	0.44	0	0	0.36
112000	0.36	0.44	0.44	0	0	0.36
112100	0.36	0.44	0.44	0	0	0.36
112200	0.36	0.44	0.44	0	0	0.36
112300	0.36	0.44	0.44	0	0	0.36
112400	0.36	0.43	0.43	0	0	0.36
112500	0.36	0.42	0.42	0	0	0.36
112600	0.36	0.41	0.41	0	0	0.36
112700	0.36	0.42	0.42	0	0	0.36
112800	0.36	0.42	0.42	0	0	0.36
112900	0.36	0.42	0.42	0	0	0.36
113000	0.36	0.44	0.44	0	0	0.36
113100	0.36	0.43	0.43	0	0	0.36
113200	0.37	0.43	0.43	0	0	0.37
113300	0.37	0.43	0.43	0	0	0.37
113400	0.37	0.44	0.44	0	0	0.37
113500	0.37	0.43	0.43	0	0	0.37
113600	0.37	0.42	0.42	0	0	0.37
113700	0.37	0.42	0.42	0	0	0.37
113800	0.37	0.41	0.41	0	0	0.37
113900	0.38	0.41	0.41	0	0	0.38
114000	0.38	0.41	0.41	0	0	0.38
114100	0.38	0.41	0.41	0	0	0.38
114200	0.39	0.41	0.41	0	0	0.39
114300	0.38	0.41	0.41	0	0	0.38
114400	0.38	0.41	0.41	0	0	0.38
114500	0.38	0.4	0.4	0	0	0.38
114600	0.38	0.41	0.41	0	0	0.38
114700	0.38	0.42	0.42	0	0	0.38
114800	0.38	0.42	0.42	0	0	0.38
114900	0.38	0.41	0.41	0	0	0.38
115000	0.38	0.41	0.41	0	0	0.38
115100	0.38	0.41	0.41	0	0	0.38
115200	0.38	0.4	0.4	0	0	0.38
115300	0.38	0.4	0.4	0	0	0.38
115400	0.38	0.4	0.4	0	0	0.38
115500	0.38	0.4	0.4	0	0	0.38
115600	0.38	0.4	0.4	0	0	0.38
115700	0.38	0.4	0.4	0	0	0.38
115800	0.38	0.4	0.4	0	0	0.38
115900	0.38	0.4	0.4	0	0	0.38
116000	0.38	0.4	0.4	0	0	0.38
116100	0.38	0.4	0.4	0	0	0.38
116200	0.38	0.4	0.4	0	0	0.38
116300	0.38	0.41	0.41	0	0	0.38
116400	0.38	0.41	0.41	0	0	0.38
116500	0.38	0.41	0.41	0	0	0.38
116600	0.38	0.41	0.41	0	0	0.38
116700	0.38	0.41	0.41	0	0	0.38
116800	0.38	0.41	0.41	0	0	0.38
116900	0.38	0.41	0.41	0	0	0.38
117000	0.38	0.41	0.41	0	0	0.38
117100	0.38	0.41	0.41	0	0	0.38
117200	0.38	0.41	0.41	0	0	0.38
117300	0.37	0.41	0.41	0	0	0.37
117400	0.37	0.41	0.41	0	0	0.37
117500	0.37	0.41	0.41	0	0	0.37
117600	0.37	0.41	0.41	0	0	0.37
117700	0.37	0.41	0.41	0	0	0.37
117800	0.38	0.41	0.41	0	0	0.38
117900	0.39	0.41	0.41	0	0	0.39
118000	0.39	0.41	0.41	0	0	0.39
118100	0.39	0.41	0.41	0	0	0.39
118200	0.39	0.41	0.41	0	0	0.39
118300	0.39	0.41	0.41	0	0	0.39
118400	0.38	0.41	0.41	0	0	0.38
118500	0.38	0.42	0.42	0	0	0.38
118600	0.38	0.42	0.42	0	0	0.38
118700	0.38	0.42	0.42	0	0	0.38
118800	0.38	0.42	0.42	0	0	0.38
118900	0.38	0.41	0.41	0	0	0.38
119000	0.38	0.41	0.41	0	0	0.38
119100	0.39	0.41	0.41	0	0	0.39
119200	0.38	0.41	0.41	0	0	0.38
119300	0.39	0.41	0.41	0	0	0.39
119400	0.4	0.41	0.41	0	0	0.4
119500	0.4	0.42	0.42	0	0	0.4
119600	0.4	0.42	0.42	0	0	0.4
119700	0.39	0.42	0.42	0	0	0.39
119800	0.39	0.42	0.42	0	0	0.39
119900	0.39	0.42	0.42	0	0	0.39
120000	0.39	0.42	0.42	0	0	0.39
120100	0.39	0.42	0.42	0	0	0.39
120200	0.39	0.43	0.43	0	0	0.39
120300	0.4	0.44	0.44	0	0	0.4
120400	0.4	0.43	0.43	0	0	0.4
120500	0.39	0.43	0.43	0	0	0.39
120600	0.39	0.43	0.43	0	0	0.39
120700	0.39	0.44	0.44	0	0	0.39
120800	0.39	0.44	0.44	0	0	0.39
120900	0.4	0.44	0.44	0	0	0.4
121000	0.39	0.44	0.44	0	0	0.39
121100	0.4	0.44	0.44	0	0	0.4
121200	0.39	0.44	0.44	0	0	0.39
121300	0.38	0.44	0.44	0	0	0.38
121400	0.38	0.44	0.44	0	0	0.38
121500	0.38	0.44	0.44	0	0	0.38
121600	0.38	0.44	0.44	0	0	0.38
121700	0.38	0.44	0.44	0	0	0.38
121800	0.38	0.44	0.44	0	0	0.38
121900	0.38	0.44	0.44	0	0	0.38
122000	0.39	0.44	0.44	0	0	0.39
122100	0.38	0.44	0.44	0	0	0.38
122200	0.38	0.44	0.44	0	0	0.38
122300	0.39	0.44	0.44	0	0	0.39
122400	0.39	0.44	0.44	0	0	0.39
122500	0.4	0.44	0.44	0	0	0.4
122600	0.39	0.44	0.44	0	0	0.39
122700	0.39	0.44	0.44	0	0	0.39
122800	0.39	0.44	0.44	0	0	0.39
122900	0.4	0.44	0.44	0	0	0.4
123000	0.39	0.44	0.44	0	0	0.39
123100	0.39	0.44	0.44	0	0	0.39
123200	0.39	0.44	0.44	0	0	0.39
123300	0.39	0.44	0.44	0	0	0.39
123400	0.39	0.44	0.44	0	0	0.39
123500	0.39	0.44	0.44	0	0	0.39
123600	0.39	0.44	0.44	0	0	0.39
123700	0.4	0.44	0.44	0	0	0.4
123800	0.39	0.44	0.44	0	0	0.39
123900	0.39	0.45	0.45	0	0	0.39
124000	0.39	0.45	0.45	0	0	0.39
124100	0.39	0.45	0.45	0	0	0.39
124200	0.39	0.45	0.45	0	0	0.39
124300	0.39	0.45	0.45	0	0	0.39
124400	0.39	0.45	0.45	0	0	0.39
124500	0.39	0.45	0.45	0	0	0.39
124600	0.39	0.45	0.45	0	0	0.39
124700	0.39	0.45	0.45	0	0	0.39
124800	0.39	0.45	0.45	0	0	0.39
124900	0.39	0.45	0.45	0	0	0.39
125000	0.39	0.46	0.46	0	0	0.39
125100	0.39	0.45	0.45	0	0	0.39
125200	0.39	0.46	0.46	0	0	0.39
125300	0.39	0.44	0.44	0	0	0.39
125400	0.39	0.43	0.43	0	0	0.39
125500	0.39	0.43	0.43	0	0	0.39
125600	0.39	0.43	0.43	0	0	0.39
125700	0.39	0.44	0.44	0	0	0.39
125800	0.39	0.44	0.44	0	0	0.39
125900	0.39	0.44	0.44	0	0	0.39
126000	0.39	0.44	0.44	0	0	0.39
126100	0.39	0.44	0.44	0	0	0.39
126200	0.39	0.44	0.44	0	0	0.39
126300	0.39	0.44	0.44	0	0	0.39
126400	0.39	0.44	0.44	0	0	0.39
126500	0.39	0.44	0.44	0	0	0.39
126600	0.39	0.44	0.44	0	0	0.39
126700	0.4	0.44	0.44	0	0	0.4
126800	0.4	0.44	0.44	0	0	0.4
126900	0.4	0.44	0.44	0	0	0.4
127000	0.4	0.44	0.44	0	0	0.4
127100	0.4	0.45	0.45	0	0	0.4
127200	0.4	0.43	0.43	0	0	0.4
127300	0.4	0.43	0.43	0	0	0.4
127400	0.4	0.43	0.43	0	0	0.4
127500	0.4	0.43	0.43	0	0	0.4
127600	0.4	0.43	0.43	0	0	0.4
127700	0.4	0.43	0.43	0	0	0.4
127800	0.4	0.43	0.43	0	0	0.4
127900	0.4	0.43	0.43	0	0	0.4
128000	0.4	0.43	0.43	0	0	0.4
128100	0.4	0.43	0.43	0	0	0.4
128200	0.4	0.43	0.43	0	0	0.4
128300	0.4	0.43	0.43	0	0	0.4
128400	0.4	0.43	0.43	0	0	0.4
128500	0.4	0.43	0.43	0	0	0.4
128600	0.4	0.43	0.43	0	0	0.4
128700	0.4	0.43	0.43	0	0	0.4
128800	0.4	0.43	0.43	0	0	0.4
128900	0.4	0.43	0.43	0	0	0.4
129000	0.4	0.43	0.43	0	0	0.4
129100	0.4	0.43	0.43	0	0	0.4
129200	0.4	0.43	0.43	0	0	0.4
129300	0.4	0.43	0.43	0	0	0.4
129400	0.4	0.43	0.43	0	0	0.4
129500	0.4	0.43	0.43	0	0	0.4
129600	0.4	0.43	0.43	0	0	0.4
129700	0.4	0.43	0.43	0	0	0.4
129800	0.4	0.42	0.42	0	0	0.4
129900	0.4	0.42	0.42	0	0	0.4
130000	0.4	0.42	0.42	0	0	0.4
130100	0.4	0.42	0.42	0	0	0.4
130200	0.4	0.42	0.42	0	0	0.4
130300	0.4	0.42	0.42	0	0	0.4
130400	0.4	0.42	0.42	0	0	0.4
130500	0.4	0.42	0.42	0	0	0.4
130600	0.4	0.42	0.42	0	0	0.4
130700	0.4	0.43	0.43	0	0	0.4
130800	0.4	0.43	0.43	0	0	0.4
130900	0.4	0.43	0.43	0	0	0.4
131000	0.4	0.43	0.43	0	0	0.4
131100	0.4	0.43	0.43	0	0	0.4
131200	0.4	0.43	0.43	0	0	0.4
131300	0.4	0.43	0.43	0	0	0.4
131400	0.4	0.43	0.43	0	0	0.4
131500	0.4	0.43	0.43	0	0	0.4
131600	0.4	0.44	0.44	0	0	0.4
131700	0.4	0.44	0.44	0	0	0.4
131800	0.4	0.44	0.44	0	0	0.4
131900	0.4	0.43	0.43	0	0	0.4
132000	0.4	0.43	0.43	0	0	0.4
132100	0.4	0.43	0.43	0	0	0.4
132200	0.4	0.43	0.43	0	0	0.4
132300	0.4	0.43	0.43	0	0	0.4
132400	0.4	0.43	0.43	0	0	0.4
132500	0.4	0.43	0.43	0	0	0.4
132600	0.4	0.43	0.43	0	0	0.4
132700	0.4	0.43	0.43	0	0	0.4
132800	0.4	0.43	0.43	0	0	0.4
132900	0.4	0.43	0.43	0	0	0.4
133000	0.4	0.43	0.43	0	0	0.4
133100	0.4	0.43	0.43	0	0	0.4
133200	0.4	0.43	0.43	0	0	0.4
133300	0.4	0.43	0.43	0	0	0.4
133400	0.4	0.43	0.43	0	0	0.4
133500	0.4	0.43	0.43	0	0	0.4
133600	0.4	0.43	0.43	0	0	0.4
133700	0.4	0.43	0.43	0	0	0.4
133800	0.4	0.43	0.43	0	0	0.4
133900	0.4	0.43	0.43	0	0	0.4
134000	0.4	0.43	0.43	0	0	0.4
134100	0.4	0.43	0.43	0	0	0.4
134200	0.4	0.43	0.43	0	0	0.4
134300	0.4	0.43	0.43	0	0	0.4
134400	0.4	0.43	0.43	0	0	0.4
134500	0.41	0.43	0.43	0	0	0.41
134600	0.4	0.43	0.43	0	0	0.4
134700	0.4	0.43	0.43	0	0	0.4
134800	0.4	0.43	0.43	0	0	0.4
134900	0.4	0.43	0.43	0	0	0.4
135000	0.4	0.44	0.44	0	0	0.4
135100	0.4	0.44	0.44	0	0	0.4
135200	0.41	0.44	0.44	0	0	0.41
135300	0.4	0.45	0.45	0	0	0.4
135400	0.4	0.44	0.44	0	0	0.4
135500	0.4	0.44	0.44	0	0	0.4
135600	0.4	0.44	0.44	0	0	0.4
135700	0.4	0.44	0.44	0	0	0.4
135800	0.4	0.44	0.44	0	0	0.4
135900	0.4	0.44	0.44	0	0	0.4
136000	0.4	0.44	0.44	0	0	0.4
136100	0.4	0.44	0.44	0	0	0.4
136200	0.4	0.44	0.44	0	0	0.4
136300	0.4	0.44	0.44	0	0	0.4
136400	0.4	0.44	0.44	0	0	0.4
136500	0.41	0.45	0.45	0	0	0.41
136600	0.4	0.45	0.45	0	0	0.4
136700	0.4	0.45	0.45	0	0	0.4
136800	0.41	0.45	0.45	0	0	0.41
136900	0.41	0.45	0.45	0	0	0.41
137000	0.41	0.45	0.45	0	0	0.41
137100	0.41	0.45	0.45	0	0	0.41
137200	0.41	0.45	0.45	0	0	0.41
137300	0.41	0.45	0.45	0	0	0.41
137400	0.41	0.45	0.45	0	0	0.41
137500	0.41	0.45	0.45	0	0	0.41
137600	0.41	0.45	0.45	0	0	0.41
137700	0.41	0.45	0.45	0	0	0.41
137800	0.41	0.45	0.45	0	0	0.41
137900	0.41	0.45	0.45	0	0	0.41
138000	0.41	0.45	0.45	0	0	0.41
138100	0.41	0.45	0.45	0	0	0.41
138200	0.41	0.45	0.45	0	0	0.41
138300	0.41	0.45	0.45	0	0	0.41
138400	0.41	0.45	0.45	0	0	0.41
138500	0.41	0.45	0.45	0	0	0.41
138600	0.41	0.45	0.45	0	0	0.41
138700	0.41	0.45	0.45	0	0	0.41
138800	0.41	0.45	0.45	0	0	0.41
138900	0.41	0.45	0.45	0	0	0.41
139000	0.41	0.45	0.45	0	0	0.41
139100	0.41	0.44	0.44	0	0	0.41
139200	0.41	0.44	0.44	0	0	0.41
139300	0.41	0.44	0.44	0	0	0.41
139400	0.41	0.44	0.44	0	0	0.41
139500	0.41	0.44	0.44	0	0	0.41
139600	0.41	0.44	0.44	0	0	0.41
139700	0.42	0.45	0.45	0	0	0.42
139800	0.42	0.45	0.45	0	0	0.42
139900	0.41	0.45	0.45	0	0	0.41
140000	0.41	0.45	0.45	0	0	0.41
140100	0.41	0.45	0.45	0	0	0.41
140200	0.41	0.45	0.45	0	0	0.41
140300	0.41	0.45	0.45	0	0	0.41
140400	0.41	0.45	0.45	0	0	0.41
140500	0.41	0.45	0.45	0	0	0.41
140600	0.41	0.45	0.45	0	0	0.41
140700	0.41	0.45	0.45	0	0	0.41
140800	0.41	0.45	0.45	0	0	0.41
140900	0.41	0.45	0.45	0	0	0.41
141000	0.41	0.45	0.45	0	0	0.41
141100	0.41	0.45	0.45	0	0	0.41
141200	0.41	0.45	0.45	0	0	0.41
141300	0.41	0.45	0.45	0	0	0.41
141400	0.41	0.45	0.45	0	0	0.41
141500	0.41	0.45	0.45	0	0	0.41
141600	0.41	0.45	0.45	0	0	0.41
141700	0.41	0.45	0.45	0	0	0.41
141800	0.41	0.45	0.45	0	0	0.41
141900	0.41	0.45	0.45	0	0	0.41
142000	0.41	0.45	0.45	0	0	0.41
142100	0.41	0.45	0.45	0	0	0.41
142200	0.41	0.44	0.44	0	0	0.41
142300	0.41	0.44	0.44	0	0	0.41
142400	0.41	0.44	0.44	0	0	0.41
142500	0.41	0.44	0.44	0	0	0.41
142600	0.41	0.44	0.44	0	0	0.41
142700	0.41	0.44	0.44	0	0	0.41
142800	0.41	0.44	0.44	0	0	0.41
142900	0.41	0.43	0.43	0	0	0.41
143000	0.41	0.43	0.43	0	0	0.41
143100	0.41	0.43	0.43	0	0	0.41
143200	0.41	0.43	0.43	0	0	0.41
143300	0.41	0.43	0.43	0	0	0.41
143400	0.41	0.43	0.43	0	0	0.41
143500	0.42	0.43	0.43	0	0	0.42
143600	0.42	0.43	0.43	0	0	0.42
143700	0.42	0.44	0.44	0	0	0.42
143800	0.42	0.44	0.44	0	0	0.42
143900	0.42	0.45	0.45	0	0	0.42
144000	0.42	0.45	0.45	0	0	0.42
144100	0.42	0.45	0.45	0	0	0.42
144200	0.42	0.44	0.44	0	0	0.42
144300	0.42	0.44	0.44	0	0	0.42
144400	0.42	0.44	0.44	0	0	0.42
144500	0.42	0.44	0.44	0	0	0.42
144600	0.42	0.44	0.44	0	0	0.42
144700	0.42	0.44	0.44	0	0	0.42
144800	0.42	0.44	0.44	0	0	0.42
144900	0.42	0.44	0.44	0	0	0.42
145000	0.42	0.44	0.44	0	0	0.42
145100	0.42	0.44	0.44	0	0	0.42
145200	0.41	0.44	0.44	0	0	0.41
145300	0.42	0.44	0.44	0	0	0.42
145400	0.42	0.44	0.44	0	0	0.42
145500	0.42	0.44	0.44	0	0	0.42
145600	0.42	0.44	0.44	0	0	0.42
145700	0.41	0.44	0.44	0	0	0.41
145800	0.41	0.44	0.44	0	0	0.41
145900	0.41	0.44	0.44	0	0	0.41
146000	0.41	0.44	0.44	0	0	0.41
146100	0.41	0.44	0.44	0	0	0.41
146200	0.41	0.44	0.44	0	0	0.41
146300	0.41	0.45	0.45	0	0	0.41
146400	0.41	0.45	0.45	0	0	0.41
146500	0.41	0.45	0.45	0	0	0.41
146600	0.41	0.45	0.45	0	0	0.41
146700	0.41	0.44	0.44	0	0	0.41
146800	0.41	0.44	0.44	0	0	0.41
146900	0.41	0.44	0.44	0	0	0.41
147000	0.41	0.44	0.44	0	0	0.41
147100	0.41	0.44	0.44	0	0	0.41
147200	0.41	0.43	0.43	0	0	0.41
147300	0.41	0.43	0.43	0	0	0.41
147400	0.41	0.43	0.43	0	0	0.41
147500	0.41	0.43	0.43	0	0	0.41
147600	0.41	0.43	0.43	0	0	0.41
147700	0.41	0.43	0.43	0	0	0.41
147800	0.41	0.43	0.43	0	0	0.41
147900	0.41	0.43	0.43	0	0	0.41
148000	0.41	0.43	0.43	0	0	0.41
148100	0.41	0.43	0.43	0	0	0.41
148200	0.41	0.43	0.43	0	0	0.41
148300	0.41	0.43	0.43	0	0	0.41
148400	0.41	0.43	0.43	0	0	0.41
148500	0.4	0.43	0.43	0	0	0.4
148600	0.4	0.43	0.43	0	0	0.4
148700	0.4	0.43	0.43	0	0	0.4
148800	0.41	0.43	0.43	0	0	0.41
148900	0.41	0.43	0.43	0	0	0.41
149000	0.41	0.43	0.43	0	0	0.41
149100	0.41	0.43	0.43	0	0	0.41
149200	0.42	0.44	0.44	0	0	0.42
149300	0.42	0.44	0.44	0	0	0.42
149400	0.42	0.44	0.44	0	0	0.42
149500	0.42	0.44	0.44	0	0	0.42
149600	0.42	0.44	0.44	0	0	0.42
149700	0.42	0.44	0.44	0	0	0.42
149800	0.42	0.44	0.44	0	0	0.42
149900	0.42	0.44	0.44	0	0	0.42
150000	0.42	0.44	0.44	0	0	0.42
150100	0.42	0.43	0.43	0	0	0.42
150200	0.42	0.43	0.43	0	0	0.42
150300	0.42	0.42	0.42	0	0	0.42
150400	0.42	0.41	0.41	0	0	0.42
150500	0.42	0.41	0.41	0	0	0.42
150600	0.42	0.41	0.41	0	0	0.42
150700	0.42	0.41	0.41	0	0	0.42
150800	0.42	0.41	0.41	0	0	0.42
150900	0.42	0.41	0.41	0	0	0.42
151000	0.42	0.41	0.41	0	0	0.42
151100	0.42	0.42	0.42	0	0	0.42
151200	0.41	0.42	0.42	0	0	0.41
151300	0.41	0.41	0.41	0	0	0.41
151400	0.41	0.41	0.41	0	0	0.41
151500	0.41	0.41	0.41	0	0	0.41
151600	0.42	0.41	0.41	0	0	0.42
151700	0.42	0.41	0.41	0	0	0.42
151800	0.42	0.4	0.4	0	0	0.42
151900	0.42	0.39	0.39	0	0	0.42
152000	0.41	0.39	0.39	0	0	0.41
152100	0.42	0.39	0.39	0	0	0.42
152200	0.43	0.39	0.39	0	0	0.43
152300	0.42	0.39	0.39	0	0	0.42
152400	0.42	0.39	0.39	0	0	0.42
152500	0.42	0.39	0.39	0	0	0.42
152600	0.42	0.39	0.39	0	0	0.42
152700	0.42	0.39	0.39	0	0	0.42
152800	0.42	0.39	0.39	0	0	0.42
152900	0.42	0.39	0.39	0	0	0.42
153000	0.42	0.39	0.39	0	0	0.42
153100	0.42	0.39	0.39	0	0	0.42
153200	0.42	0.39	0.39	0	0	0.42
153300	0.42	0.39	0.39	0	0	0.42
153400	0.42	0.39	0.39	0	0	0.42
153500	0.42	0.39	0.39	0	0	0.42
153600	0.42	0.39	0.39	0	0	0.42
153700	0.42	0.39	0.39	0	0	0.42
153800	0.42	0.39	0.39	0	0	0.42
153900	0.42	0.39	0.39	0	0	0.42
154000	0.42	0.4	0.4	0	0	0.42
154100	0.42	0.41	0.41	0	0	0.42
154200	0.41	0.41	0.41	0	0	0.41
154300	0.42	0.41	0.41	0	0	0.42
154400	0.41	0.4	0.4	0	0	0.41
154500	0.41	0.4	0.4	0	0	0.41
154600	0.41	0.4	0.4	0	0	0.41
154700	0.41	0.4	0.4	0	0	0.41
154800	0.41	0.4	0.4	0	0	0.41
154900	0.42	0.4	0.4	0	0	0.42
155000	0.42	0.4	0.4	0	0	0.42
155100	0.42	0.4	0.4	0	0	0.42
155200	0.42	0.4	0.4	0	0	0.42
155300	0.41	0.4	0.4	0	0	0.41
155400	0.4	0.39	0.39	0	0	0.4
155500	0.4	0.39	0.39	0	0	0.4
155600	0.4	0.39	0.39	0	0	0.4
155700	0.4	0.39	0.39	0	0	0.4
155800	0.41	0.4	0.4	0	0	0.41
155900	0.41	0.4	0.4	0	0	0.41
156000	0.41	0.39	0.39	0	0	0.41
156100	0.41	0.39	0.39	0	0	0.41
156200	0.41	0.39	0.39	0	0	0.41
156300	0.42	0.39	0.39	0	0	0.42
156400	0.41	0.39	0.39	0	0	0.41
156500	0.41	0.39	0.39	0	0	0.41
156600	0.41	0.39	0.39	0	0	0.41
156700	0.41	0.39	0.39	0	0	0.41
156800	0.41	0.39	0.39	0	0	0.41
156900	0.41	0.39	0.39	0	0	0.41
157000	0.41	0.39	0.39	0	0	0.41
157100	0.41	0.39	0.39	0	0	0.41
157200	0.41	0.39	0.39	0	0	0.41
157300	0.41	0.39	0.39	0	0	0.41
157400	0.41	0.39	0.39	0	0	0.41
157500	0.41	0.4	0.4	0	0	0.41
157600	0.41	0.4	0.4	0	0	0.41
157700	0.41	0.4	0.4	0	0	0.41
157800	0.41	0.4	0.4	0	0	0.41
157900	0.41	0.4	0.4	0	0	0.41
158000	0.41	0.4	0.4	0	0	0.41
158100	0.41	0.4	0.4	0	0	0.41
158200	0.41	0.4	0.4	0	0	0.41
158300	0.42	0.39	0.39	0	0	0.42
158400	0.42	0.39	0.39	0	0	0.42
158500	0.42	0.39	0.39	0	0	0.42
158600	0.42	0.39	0.39	0	0	0.42
158700	0.41	0.39	0.39	0	0	0.41
158800	0.41	0.39	0.39	0	0	0.41
158900	0.41	0.39	0.39	0	0	0.41
159000	0.41	0.39	0.39	0	0	0.41
159100	0.41	0.39	0.39	0	0	0.41
159200	0.41	0.39	0.39	0	0	0.41
159300	0.41	0.39	0.39	0	0	0.41
159400	0.41	0.39	0.39	0	0	0.41
159500	0.41	0.39	0.39	0	0	0.41
159600	0.41	0.39	0.39	0	0	0.41
159700	0.41	0.39	0.39	0	0	0.41
159800	0.41	0.39	0.39	0	0	0.41
159900	0.42	0.39	0.39	0	0	0.42
160000	0.42	0.4	0.4	0	0	0.42
160100	0.42	0.4	0.4	0	0	0.42
160200	0.42	0.4	0.4	0	0	0.42
160300	0.43	0.4	0.4	0	0	0.43
160400	0.43	0.4	0.4	0	0	0.43
160500	0.42	0.4	0.4	0	0	0.42
160600	0.42	0.4	0.4	0	0	0.42
160700	0.43	0.4	0.4	0	0	0.43
160800	0.42	0.4	0.4	0	0	0.42
160900	0.42	0.4	0.4	0	0	0.42
161000	0.42	0.4	0.4	0	0	0.42
161100	0.42	0.4	0.4	0	0	0.42
161200	0.42	0.4	0.4	0	0	0.42
161300	0.42	0.4	0.4	0	0	0.42
161400	0.42	0.4	0.4	0	0	0.42
161500	0.42	0.4	0.4	0	0	0.42
161600	0.43	0.4	0.4	0	0	0.43
161700	0.42	0.4	0.4	0	0	0.42
161800	0.42	0.4	0.4	0	0	0.42
161900	0.42	0.4	0.4	0	0	0.42
162000	0.42	0.4	0.4	0	0	0.42
162100	0.42	0.4	0.4	0	0	0.42
162200	0.42	0.4	0.4	0	0	0.42
162300	0.42	0.4	0.4	0	0	0.42
162400	0.42	0.4	0.4	0	0	0.42
162500	0.42	0.4	0.4	0	0	0.42
162600	0.42	0.41	0.41	0	0	0.42
162700	0.42	0.4	0.4	0	0	0.42
162800	0.42	0.4	0.4	0	0	0.42
162900	0.42	0.4	0.4	0	0	0.42
163000	0.42	0.4	0.4	0	0	0.42
163100	0.42	0.4	0.4	0	0	0.42
163200	0.42	0.4	0.4	0	0	0.42
163300	0.43	0.4	0.4	0	0	0.43
163400	0.42	0.4	0.4	0	0	0.42
163500	0.42	0.4	0.4	0	0	0.42
163600	0.42	0.4	0.4	0	0	0.42
163700	0.42	0.4	0.4	0	0	0.42
163800	0.42	0.4	0.4	0	0	0.42
163900	0.43	0.4	0.4	0	0	0.43
164000	0.43	0.4	0.4	0	0	0.43
164100	0.43	0.4	0.4	0	0	0.43
164200	0.43	0.4	0.4	0	0	0.43
164300	0.43	0.4	0.4	0	0	0.43
164400	0.43	0.4	0.4	0	0	0.43
164500	0.43	0.4	0.4	0	0	0.43
164600	0.43	0.4	0.4	0	0	0.43
164700	0.44	0.41	0.41	0	0	0.44
164800	0.44	0.41	0.41	0	0	0.44
164900	0.44	0.4	0.4	0	0	0.44
165000	0.44	0.4	0.4	0	0	0.44
165100	0.44	0.4	0.4	0	0	0.44
165200	0.44	0.4	0.4	0	0	0.44
165300	0.43	0.4	0.4	0	0	0.43
165400	0.43	0.4	0.4	0	0	0.43
165500	0.43	0.4	0.4	0	0	0.43
165600	0.43	0.4	0.4	0	0	0.43
165700	0.43	0.4	0.4	0	0	0.43
165800	0.43	0.4	0.4	0	0	0.43
165900	0.43	0.4	0.4	0	0	0.43
166000	0.43	0.4	0.4	0	0	0.43
166100	0.43	0.4	0.4	0	0	0.43
166200	0.43	0.4	0.4	0	0	0.43
166300	0.43	0.41	0.41	0	0	0.43
166400	0.43	0.41	0.41	0	0	0.43
166500	0.43	0.41	0.41	0	0	0.43
166600	0.43	0.41	0.41	0	0	0.43
166700	0.43	0.41	0.41	0	0	0.43
166800	0.43	0.41	0.41	0	0	0.43
166900	0.43	0.41	0.41	0	0	0.43
167000	0.43	0.41	0.41	0	0	0.43
167100	0.43	0.41	0.41	0	0	0.43
167200	0.43	0.41	0.41	0	0	0.43
167300	0.43	0.41	0.41	0	0	0.43
167400	0.43	0.41	0.41	0	0	0.43
167500	0.43	0.41	0.41	0	0	0.43
167600	0.43	0.41	0.41	0	0	0.43
167700	0.43	0.41	0.41	0	0	0.43
167800	0.43	0.41	0.41	0	0	0.43
167900	0.43	0.41	0.41	0	0	0.43
168000	0.43	0.41	0.41	0	0	0.43
168100	0.43	0.41	0.41	0	0	0.43
168200	0.43	0.41	0.41	0	0	0.43
168300	0.43	0.41	0.41	0	0	0.43
168400	0.43	0.41	0.41	0	0	0.43
168500	0.43	0.42	0.42	0	0	0.43
168600	0.43	0.41	0.41	0	0	0.43
168700	0.43	0.41	0.41	0	0	0.43
168800	0.43	0.41	0.41	0	0	0.43
168900	0.43	0.41	0.41	0	0	0.43
169000	0.43	0.41	0.41	0	0	0.43
169100	0.43	0.41	0.41	0	0	0.43
169200	0.43	0.41	0.41	0	0	0.43
169300	0.43	0.41	0.41	0	0	0.43
169400	0.43	0.41	0.41	0	0	0.43
169500	0.43	0.41	0.41	0	0	0.43
169600	0.43	0.4	0.4	0	0	0.43
169700	0.43	0.4	0.4	0	0	0.43
169800	0.43	0.4	0.4	0	0	0.43
169900	0.43	0.4	0.4	0	0	0.43
170000	0.43	0.4	0.4	0	0	0.43
170100	0.43	0.4	0.4	0	0	0.43
170200	0.43	0.4	0.4	0	0	0.43
170300	0.43	0.41	0.41	0	0	0.43
170400	0.43	0.42	0.42	0	0	0.43
170500	0.42	0.42	0.42	0	0	0.42
170600	0.42	0.41	0.41	0	0	0.42
170700	0.43	0.41	0.41	0	0	0.43
170800	0.43	0.41	0.41	0	0	0.43
170900	0.43	0.41	0.41	0	0	0.43
171000	0.43	0.4	0.4	0	0	0.43
171100	0.43	0.4	0.4	0	0	0.43
171200	0.43	0.41	0.41	0	0	0.43
171300	0.43	0.41	0.41	0	0	0.43
171400	0.43	0.41	0.41	0	0	0.43
171500	0.43	0.41	0.41	0	0	0.43
171600	0.43	0.41	0.41	0	0	0.43
171700	0.43	0.41	0.41	0	0	0.43
171800	0.43	0.41	0.41	0	0	0.43
171900	0.43	0.41	0.41	0	0	0.43
172000	0.43	0.41	0.41	0	0	0.43
172100	0.43	0.41	0.41	0	0	0.43
172200	0.43	0.41	0.41	0	0	0.43
172300	0.43	0.41	0.41	0	0	0.43
172400	0.43	0.41	0.41	0	0	0.43
172500	0.43	0.41	0.41	0	0	0.43
172600	0.43	0.41	0.41	0	0	0.43
172700	0.43	0.41	0.41	0	0	0.43
172800	0.43	0.41	0.41	0	0	0.43
172900	0.43	0.41	0.41	0	0	0.43
173000	0.43	0.41	0.41	0	0	0.43
173100	0.43	0.41	0.41	0	0	0.43
173200	0.43	0.41	0.41	0	0	0.43
173300	0.43	0.41	0.41	0	0	0.43
173400	0.43	0.41	0.41	0	0	0.43
173500	0.43	0.41	0.41	0	0	0.43
173600	0.43	0.41	0.41	0	0	0.43
173700	0.43	0.41	0.41	0	0	0.43
173800	0.43	0.41	0.41	0	0	0.43
173900	0.43	0.41	0.41	0	0	0.43
174000	0.43	0.41	0.41	0	0	0.43
174100	0.43	0.41	0.41	0	0	0.43
174200	0.43	0.42	0.42	0	0	0.43
174300	0.43	0.42	0.42	0	0	0.43
174400	0.43	0.42	0.42	0	0	0.43
174500	0.43	0.42	0.42	0	0	0.43
174600	0.43	0.42	0.42	0	0	0.43
174700	0.43	0.43	0.43	0	0	0.43
174800	0.43	0.44	0.44	0	0	0.43
174900	0.43	0.44	0.44	0	0	0.43
175000	0.43	0.44	0.44	0	0	0.43
175100	0.43	0.41	0.41	0	0	0.43
175200	0.43	0.4	0.4	0	0	0.43
175300	0.42	0.4	0.4	0	0	0.42
175400	0.42	0.4	0.4	0	0	0.42
175500	0.42	0.4	0.4	0	0	0.42
175600	0.43	0.4	0.4	0	0	0.43
175700	0.42	0.4	0.4	0	0	0.42
175800	0.42	0.4	0.4	0	0	0.42
175900	0.41	0.4	0.4	0	0	0.41
176000	0.41	0.4	0.4	0	0	0.41
176100	0.4	0.4	0.4	0	0	0.4
176200	0.4	0.4	0.4	0	0	0.4
176300	0.4	0.4	0.4	0	0	0.4
176400	0.4	0.4	0.4	0	0	0.4
176500	0.4	0.4	0.4	0	0	0.4
176600	0.4	0.4	0.4	0	0	0.4
176700	0.4	0.4	0.4	0	0	0.4
176800	0.4	0.4	0.4	0	0	0.4
176900	0.4	0.41	0.41	0	0	0.4
177000	0.4	0.4	0.4	0	0	0.4
177100	0.4	0.4	0.4	0	0	0.4
177200	0.4	0.4	0.4	0	0	0.4
177300	0.4	0.4	0.4	0	0	0.4
177400	0.4	0.4	0.4	0	0	0.4
177500	0.41	0.42	0.42	0	0	0.41
177600	0.39	0.41	0.41	0	0	0.39
177700	0.39	0.41	0.41	0	0	0.39
177800	0.39	0.42	0.42	0	0	0.39
177900	0.39	0.41	0.41	0	0	0.39
178000	0.39	0.41	0.41	0	0	0.39
178100	0.39	0.41	0.41	0	0	0.39
178200	0.39	0.4	0.4	0	0	0.39
178300	0.39	0.4	0.4	0	0	0.39
178400	0.39	0.4	0.4	0	0	0.39
178500	0.39	0.39	0.39	0	0	0.39
178600	0.39	0.39	0.39	0	0	0.39
178700	0.39	0.39	0.39	0	0	0.39
178800	0.39	0.39	0.39	0	0	0.39
178900	0.39	0.39	0.39	0	0	0.39
179000	0.39	0.39	0.39	0	0	0.39
179100	0.4	0.39	0.39	0	0	0.4
179200	0.4	0.4	0.4	0	0	0.4
179300	0.4	0.39	0.39	0	0	0.4
179400	0.39	0.39	0.39	0	0	0.39
179500	0.39	0.39	0.39	0	0	0.39
179600	0.39	0.39	0.39	0	0	0.39
179700	0.38	0.39	0.39	0	0	0.38
179800	0.38	0.4	0.4	0	0	0.38
179900	0.38	0.4	0.4	0	0	0.38
180000	0.38	0.4	0.4	0	0	0.38
180100	0.39	0.39	0.39	0	0	0.39
180200	0.39	0.39	0.39	0	0	0.39
180300	0.39	0.39	0.39	0	0	0.39
180400	0.39	0.4	0.4	0	0	0.39
180500	0.39	0.4	0.4	0	0	0.39
180600	0.39	0.4	0.4	0	0	0.39
180700	0.4	0.4	0.4	0	0	0.4
180800	0.4	0.41	0.41	0	0	0.4
180900	0.4	0.4	0.4	0	0	0.4
181000	0.4	0.4	0.4	0	0	0.4
181100	0.4	0.41	0.41	0	0	0.4
181200	0.4	0.41	0.41	0	0	0.4
181300	0.4	0.41	0.41	0	0	0.4
181400	0.4	0.41	0.41	0	0	0.4
181500	0.4	0.41	0.41	0	0	0.4
181600	0.4	0.41	0.41	0	0	0.4
181700	0.4	0.41	0.41	0	0	0.4
181800	0.4	0.41	0.41	0	0	0.4
181900	0.4	0.41	0.41	0	0	0.4
182000	0.4	0.41	0.41	0	0	0.4
182100	0.4	0.41	0.41	0	0	0.4
182200	0.4	0.41	0.41	0	0	0.4
182300	0.4	0.41	0.41	0	0	0.4
182400	0.4	0.41	0.41	0	0	0.4
182500	0.4	0.41	0.41	0	0	0.4
182600	0.4	0.41	0.41	0	0	0.4
182700	0.4	0.41	0.41	0	0	0.4
182800	0.4	0.41	0.41	0	0	0.4
182900	0.4	0.41	0.41	0	0	0.4
183000	0.4	0.41	0.41	0	0	0.4
183100	0.4	0.41	0.41	0	0	0.4
183200	0.39	0.41	0.41	0	0	0.39
183300	0.39	0.41	0.41	0	0	0.39
183400	0.39	0.41	0.41	0	0	0.39
183500	0.39	0.41	0.41	0	0	0.39
183600	0.39	0.41	0.41	0	0	0.39
183700	0.39	0.42	0.42	0	0	0.39
183800	0.39	0.42	0.42	0	0	0.39
183900	0.38	0.42	0.42	0	0	0.38
184000	0.38	0.42	0.42	0	0	0.38
184100	0.38	0.42	0.42	0	0	0.38
184200	0.38	0.42	0.42	0	0	0.38
184300	0.38	0.42	0.42	0	0	0.38
184400	0.38	0.42	0.42	0	0	0.38
184500	0.38	0.42	0.42	0	0	0.38
184600	0.38	0.42	0.42	0	0	0.38
184700	0.38	0.42	0.42	0	0	0.38
184800	0.38	0.42	0.42	0	0	0.38
184900	0.38	0.42	0.42	0	0	0.38
185000	0.38	0.42	0.42	0	0	0.38
185100	0.38	0.42	0.42	0	0	0.38
185200	0.38	0.42	0.42	0	0	0.38
185300	0.38	0.42	0.42	0	0	0.38
185400	0.38	0.42	0.42	0	0	0.38
185500	0.38	0.42	0.42	0	0	0.38
185600	0.38	0.42	0.42	0	0	0.38
185700	0.38	0.42	0.42	0	0	0.38
185800	0.38	0.42	0.42	0	0	0.38
185900	0.37	0.42	0.42	0	0	0.37
186000	0.37	0.42	0.42	0	0	0.37
186100	0.37	0.42	0.42	0	0	0.37
186200	0.37	0.42	0.42	0	0	0.37
186300	0.37	0.42	0.42	0	0	0.37
186400	0.37	0.42	0.42	0	0	0.37
186500	0.37	0.42	0.42	0	0	0.37
186600	0.37	0.42	0.42	0	0	0.37
186700	0.37	0.42	0.42	0	0	0.37
186800	0.37	0.42	0.42	0	0	0.37
186900	0.36	0.42	0.42	0	0	0.36
187000	0.36	0.42	0.42	0	0	0.36
187100	0.36	0.43	0.43	0	0	0.36
187200	0.36	0.43	0.43	0	0	0.36
187300	0.37	0.43	0.43	0	0	0.37
187400	0.37	0.43	0.43	0	0	0.37
187500	0.37	0.43	0.43	0	0	0.37
187600	0.38	0.43	0.43	0	0	0.38
187700	0.38	0.42	0.42	0	0	0.38
187800	0.38	0.42	0.42	0	0	0.38
187900	0.38	0.42	0.42	0	0	0.38
188000	0.38	0.42	0.42	0	0	0.38
188100	0.38	0.42	0.42	0	0	0.38
188200	0.38	0.41	0.41	0	0	0.38
188300	0.38	0.42	0.42	0	0	0.38
188400	0.39	0.42	0.42	0	0	0.39
188500	0.39	0.42	0.42	0	0	0.39
188600	0.38	0.42	0.42	0	0	0.38
188700	0.38	0.42	0.42	0	0	0.38
188800	0.38	0.42	0.42	0	0	0.38
188900	0.38	0.42	0.42	0	0	0.38
189000	0.38	0.42	0.42	0	0	0.38
189100	0.38	0.42	0.42	0	0	0.38
189200	0.39	0.44	0.44	0	0	0.39
189300	0.39	0.42	0.42	0	0	0.39
189400	0.39	0.42	0.42	0	0	0.39
189500	0.39	0.42	0.42	0	0	0.39
189600	0.39	0.43	0.43	0	0	0.39
189700	0.39	0.43	0.43	0	0	0.39
189800	0.39	0.43	0.43	0	0	0.39
189900	0.39	0.43	0.43	0	0	0.39
190000	0.39	0.43	0.43	0	0	0.39
190100	0.39	0.42	0.42	0	0	0.39
190200	0.39	0.42	0.42	0	0	0.39
190300	0.39	0.42	0.42	0	0	0.39
190400	0.39	0.42	0.42	0	0	0.39
190500	0.4	0.42	0.42	0	0	0.4
190600	0.4	0.42	0.42	0	0	0.4
190700	0.4	0.42	0.42	0	0	0.4
190800	0.41	0.42	0.42	0	0	0.41
190900	0.4	0.42	0.42	0	0	0.4
191000	0.4	0.42	0.42	0	0	0.4
191100	0.4	0.42	0.42	0	0	0.4
191200	0.4	0.42	0.42	0	0	0.4
191300	0.4	0.42	0.42	0	0	0.4
191400	0.4	0.42	0.42	0	0	0.4
191500	0.4	0.42	0.42	0	0	0.4
191600	0.4	0.42	0.42	0	0	0.4
191700	0.4	0.42	0.42	0	0	0.4
191800	0.4	0.42	0.42	0	0	0.4
191900	0.4	0.42	0.42	0	0	0.4
192000	0.4	0.42	0.42	0	0	0.4
192100	0.4	0.42	0.42	0	0	0.4
192200	0.4	0.42	0.42	0	0	0.4
192300	0.4	0.42	0.42	0	0	0.4
192400	0.4	0.42	0.42	0	0	0.4
192500	0.4	0.42	0.42	0	0	0.4
192600	0.4	0.42	0.42	0	0	0.4
192700	0.39	0.42	0.42	0	0	0.39
192800	0.39	0.42	0.42	0	0	0.39
192900	0.39	0.42	0.42	0	0	0.39
193000	0.39	0.42	0.42	0	0	0.39
193100	0.39	0.42	0.42	0	0	0.39
193200	0.39	0.42	0.42	0	0	0.39
193300	0.39	0.42	0.42	0	0	0.39
193400	0.4	0.42	0.42	0	0	0.4
193500	0.4	0.42	0.42	0	0	0.4
193600	0.4	0.42	0.42	0	0	0.4
193700	0.4	0.42	0.42	0	0	0.4
193800	0.4	0.42	0.42	0	0	0.4
193900	0.4	0.42	0.42	0	0	0.4
194000	0.4	0.42	0.42	0	0	0.4
194100	0.4	0.42	0.42	0	0	0.4
194200	0.4	0.42	0.42	0	0	0.4
194300	0.4	0.42	0.42	0	0	0.4
194400	0.4	0.42	0.42	0	0	0.4
194500	0.4	0.42	0.42	0	0	0.4
194600	0.4	0.42	0.42	0	0	0.4
194700	0.4	0.42	0.42	0	0	0.4
194800	0.4	0.42	0.42	0	0	0.4
194900	0.4	0.43	0.43	0	0	0.4
195000	0.4	0.43	0.43	0	0	0.4
195100	0.4	0.43	0.43	0	0	0.4
195200	0.4	0.43	0.43	0	0	0.4
195300	0.4	0.43	0.43	0	0	0.4
195400	0.4	0.43	0.43	0	0	0.4
195500	0.4	0.43	0.43	0	0	0.4
195600	0.4	0.43	0.43	0	0	0.4
195700	0.4	0.43	0.43	0	0	0.4
195800	0.4	0.43	0.43	0	0	0.4
195900	0.4	0.43	0.43	0	0	0.4
196000	0.4	0.43	0.43	0	0	0.4
196100	0.4	0.43	0.43	0	0	0.4
196200	0.4	0.43	0.43	0	0	0.4
196300	0.4	0.43	0.43	0	0	0.4
196400	0.4	0.42	0.42	0	0	0.4
196500	0.4	0.42	0.42	0	0	0.4
196600	0.4	0.42	0.42	0	0	0.4
196700	0.4	0.42	0.42	0	0	0.4
196800	0.4	0.42	0.42	0	0	0.4
196900	0.4	0.42	0.42	0	0	0.4
197000	0.4	0.42	0.42	0	0	0.4
197100	0.41	0.42	0.42	0	0	0.41
197200	0.41	0.42	0.42	0	0	0.41
197300	0.41	0.42	0.42	0	0	0.41
197400	0.41	0.42	0.42	0	0	0.41
197500	0.41	0.42	0.42	0	0	0.41
197600	0.41	0.42	0.42	0	0	0.41
197700	0.41	0.42	0.42	0	0	0.41
197800	0.41	0.42	0.42	0	0	0.41
197900	0.41	0.42	0.42	0	0	0.41
198000	0.41	0.42	0.42	0	0	0.41
198100	0.41	0.42	0.42	0	0	0.41
198200	0.41	0.43	0.43	0	0	0.41
198300	0.41	0.43	0.43	0	0	0.41
198400	0.41	0.43	0.43	0	0	0.41
198500	0.41	0.43	0.43	0	0	0.41
198600	0.41	0.44	0.44	0	0	0.41
198700	0.41	0.44	0.44	0	0	0.41
198800	0.42	0.44	0.44	0	0	0.42
198900	0.42	0.44	0.44	0	0	0.42
199000	0.42	0.44	0.44	0	0	0.42
199100	0.42	0.44	0.44	0	0	0.42
199200	0.42	0.44	0.44	0	0	0.42
199300	0.42	0.44	0.44	0	0	0.42
199400	0.42	0.44	0.44	0	0	0.42
199500	0.42	0.44	0.44	0	0	0.42
199600	0.42	0.44	0.44	0	0	0.42
199700	0.42	0.44	0.44	0	0	0.42
199800	0.42	0.44	0.44	0	0	0.42
199900	0.42	0.44	0.44	0	0	0.42
200000	0.42	0.44	0.44	0	0	0.42
200100	0.42	0.44	0.44	0	0	0.42
200200	0.41	0.43	0.43	0	0	0.41
200300	0.41	0.43	0.43	0	0	0.41
200400	0.41	0.43	0.43	0	0	0.41
200500	0.41	0.43	0.43	0	0	0.41
200600	0.41	0.43	0.43	0	0	0.41
200700	0.41	0.43	0.43	0	0	0.41
200800	0.41	0.43	0.43	0	0	0.41
200900	0.41	0.43	0.43	0	0	0.41
201000	0.41	0.43	0.43	0	0	0.41
201100	0.41	0.43	0.43	0	0	0.41
201200	0.41	0.43	0.43	0	0	0.41
201300	0.41	0.44	0.44	0	0	0.41
201400	0.41	0.44	0.44	0	0	0.41
201500	0.41	0.43	0.43	0	0	0.41
201600	0.41	0.43	0.43	0	0	0.41
201700	0.41	0.43	0.43	0	0	0.41
201800	0.41	0.43	0.43	0	0	0.41
201900	0.41	0.43	0.43	0	0	0.41
202000	0.41	0.43	0.43	0	0	0.41
202100	0.41	0.43	0.43	0	0	0.41
202200	0.41	0.43	0.43	0	0	0.41
202300	0.41	0.44	0.44	0	0	0.41
202400	0.41	0.44	0.44	0	0	0.41
202500	0.42	0.44	0.44	0	0	0.42
202600	0.42	0.44	0.44	0	0	0.42
202700	0.42	0.43	0.43	0	0	0.42
202800	0.43	0.43	0.43	0	0	0.43
202900	0.43	0.43	0.43	0	0	0.43
203000	0.43	0.43	0.43	0	0	0.43
203100	0.43	0.43	0.43	0	0	0.43
203200	0.43	0.43	0.43	0	0	0.43
203300	0.43	0.43	0.43	0	0	0.43
203400	0.43	0.43	0.43	0	0	0.43
203500	0.43	0.43	0.43	0	0	0.43
203600	0.43	0.44	0.44	0	0	0.43
203700	0.43	0.44	0.44	0	0	0.43
203800	0.43	0.43	0.43	0	0	0.43
203900	0.43	0.43	0.43	0	0	0.43
204000	0.43	0.43	0.43	0	0	0.43
204100	0.43	0.43	0.43	0	0	0.43
204200	0.43	0.43	0.43	0	0	0.43
204300	0.43	0.43	0.43	0	0	0.43
204400	0.43	0.43	0.43	0	0	0.43
204500	0.44	0.43	0.43	0	0	0.44
204600	0.43	0.43	0.43	0	0	0.43
204700	0.43	0.43	0.43	0	0	0.43
204800	0.43	0.43	0.43	0	0	0.43
204900	0.43	0.43	0.43	0	0	0.43
205000	0.43	0.44	0.44	0	0	0.43
205100	0.43	0.44	0.44	0	0	0.43
205200	0.43	0.44	0.44	0	0	0.43
205300	0.43	0.44	0.44	0	0	0.43
205400	0.43	0.44	0.44	0	0	0.43
205500	0.43	0.44	0.44	0	0	0.43
205600	0.43	0.44	0.44	0	0	0.43
205700	0.43	0.44	0.44	0	0	0.43
205800	0.43	0.44	0.44	0	0	0.43
205900	0.43	0.44	0.44	0	0	0.43
206000	0.43	0.44	0.44	0	0	0.43
206100	0.43	0.44	0.44	0	0	0.43
206200	0.43	0.44	0.44	0	0	0.43
206300	0.43	0.43	0.43	0	0	0.43
206400	0.43	0.43	0.43	0	0	0.43
206500	0.43	0.42	0.42	0	0	0.43
206600	0.43	0.42	0.42	0	0	0.43
206700	0.43	0.42	0.42	0	0	0.43
206800	0.43	0.42	0.42	0	0	0.43
206900	0.43	0.42	0.42	0	0	0.43
207000	0.43	0.41	0.41	0	0	0.43
207100	0.43	0.42	0.42	0	0	0.43
207200	0.43	0.42	0.42	0	0	0.43
207300	0.43	0.41	0.41	0	0	0.43
207400	0.43	0.4	0.4	0	0	0.43
207500	0.43	0.39	0.39	0	0	0.43
207600	0.43	0.39	0.39	0	0	0.43
207700	0.42	0.38	0.38	0	0	0.42
207800	0.43	0.37	0.37	0	0	0.43
207900	0.43	0.37	0.37	0	0	0.43
208000	0.43	0.37	0.37	0	0	0.43
208100	0.43	0.37	0.37	0	0	0.43
208200	0.43	0.37	0.37	0	0	0.43
208300	0.43	0.37	0.37	0	0	0.43
208400	0.43	0.37	0.37	0	0	0.43
208500	0.43	0.37	0.37	0	0	0.43
208600	0.43	0.37	0.37	0	0	0.43
208700	0.43	0.37	0.37	0	0	0.43
208800	0.43	0.37	0.37	0	0	0.43
208900	0.43	0.37	0.37	0	0	0.43
209000	0.43	0.38	0.38	0	0	0.43
209100	0.43	0.37	0.37	0	0	0.43
209200	0.43	0.37	0.37	0	0	0.43
209300	0.44	0.38	0.38	0	0	0.44
209400	0.44	0.38	0.38	0	0	0.44
209500	0.44	0.39	0.39	0	0	0.44
209600	0.45	0.39	0.39	0	0	0.45
209700	0.45	0.39	0.39	0	0	0.45
209800	0.45	0.39	0.39	0	0	0.45
209900	0.45	0.38	0.38	0	0	0.45
210000	0.45	0.38	0.38	0	0	0.45
210100	0.45	0.38	0.38	0	0	0.45
210200	0.45	0.38	0.38	0	0	0.45
210300	0.45	0.39	0.39	0	0	0.45
210400	0.45	0.38	0.38	0	0	0.45
210500	0.45	0.37	0.37	0	0	0.45
210600	0.45	0.37	0.37	0	0	0.45
210700	0.44	0.37	0.37	0	0	0.44
210800	0.44	0.37	0.37	0	0	0.44
210900	0.44	0.38	0.38	0	0	0.44
211000	0.44	0.37	0.37	0	0	0.44
211100	0.45	0.38	0.38	0	0	0.45
211200	0.45	0.38	0.38	0	0	0.45
211300	0.45	0.38	0.38	0	0	0.45
211400	0.45	0.37	0.37	0	0	0.45
211500	0.45	0.37	0.37	0	0	0.45
211600	0.45	0.37	0.37	0	0	0.45
211700	0.45	0.37	0.37	0	0	0.45
211800	0.45	0.37	0.37	0	0	0.45
211900	0.44	0.37	0.37	0	0	0.44
212000	0.44	0.37	0.37	0	0	0.44
212100	0.44	0.38	0.38	0	0	0.44
212200	0.44	0.38	0.38	0	0	0.44
212300	0.43	0.38	0.38	0	0	0.43
212400	0.43	0.38	0.38	0	0	0.43
212500	0.43	0.39	0.39	0	0	0.43
212600	0.43	0.39	0.39	0	0	0.43
212700	0.43	0.4	0.4	0	0	0.43
212800	0.43	0.4	0.4	0	0	0.43
212900	0.43	0.4	0.4	0	0	0.43
213000	0.43	0.39	0.39	0	0	0.43
213100	0.43	0.39	0.39	0	0	0.43
213200	0.43	0.39	0.39	0	0	0.43
213300	0.43	0.39	0.39	0	0	0.43
213400	0.43	0.39	0.39	0	0	0.43
213500	0.43	0.39	0.39	0	0	0.43
213600	0.43	0.39	0.39	0	0	0.43
213700	0.43	0.38	0.38	0	0	0.43
213800	0.43	0.38	0.38	0	0	0.43
213900	0.43	0.38	0.38	0	0	0.43
214000	0.43	0.38	0.38	0	0	0.43
214100	0.43	0.39	0.39	0	0	0.43
214200	0.43	0.39	0.39	0	0	0.43
214300	0.43	0.39	0.39	0	0	0.43
214400	0.43	0.39	0.39	0	0	0.43
214500	0.43	0.39	0.39	0	0	0.43
214600	0.43	0.4	0.4	0	0	0.43
214700	0.43	0.39	0.39	0	0	0.43
214800	0.43	0.39	0.39	0	0	0.43
214900	0.43	0.39	0.39	0	0	0.43
215000	0.42	0.39	0.39	0	0	0.42
215100	0.41	0.39	0.39	0	0	0.41
215200	0.41	0.39	0.39	0	0	0.41
215300	0.41	0.39	0.39	0	0	0.41
215400	0.41	0.39	0.39	0	0	0.41
215500	0.41	0.4	0.4	0	0	0.41
215600	0.41	0.4	0.4	0	0	0.41
215700	0.42	0.39	0.39	0	0	0.42
215800	0.41	0.39	0.39	0	0	0.41
215900	0.41	0.39	0.39	0	0	0.41
216000	0.41	0.39	0.39	0	0	0.41
216100	0.41	0.4	0.4	0	0	0.41
216200	0.4	0.4	0.4	0	0	0.4
216300	0.38	0.4	0.4	0	0	0.38
216400	0.38	0.4	0.4	0	0	0.38
216500	0.38	0.4	0.4	0	0	0.38
216600	0.38	0.4	0.4	0	0	0.38
216700	0.38	0.4	0.4	0	0	0.38
216800	0.38	0.4	0.4	0	0	0.38
216900	0.38	0.4	0.4	0	0	0.38
217000	0.38	0.4	0.4	0	0	0.38
217100	0.38	0.39	0.39	0	0	0.38
217200	0.38	0.39	0.39	0	0	0.38
217300	0.38	0.39	0.39	0	0	0.38
217400	0.38	0.39	0.39	0	0	0.38
217500	0.38	0.39	0.39	0	0	0.38
217600	0.38	0.39	0.39	0	0	0.38
217700	0.38	0.39	0.39	0	0	0.38
217800	0.38	0.39	0.39	0	0	0.38
217900	0.38	0.39	0.39	0	0	0.38
218000	0.38	0.39	0.39	0	0	0.38
218100	0.37	0.39	0.39	0	0	0.37
218200	0.37	0.39	0.39	0	0	0.37
218300	0.37	0.4	0.4	0	0	0.37
218400	0.37	0.4	0.4	0	0	0.37
218500	0.37	0.4	0.4	0	0	0.37
218600	0.37	0.4	0.4	0	0	0.37
218700	0.38	0.4	0.4	0	0	0.38
218800	0.36	0.4	0.4	0	0	0.36
218900	0.36	0.4	0.4	0	0	0.36
219000	0.36	0.4	0.4	0	0	0.36
219100	0.36	0.4	0.4	0	0	0.36
219200	0.36	0.4	0.4	0	0	0.36
219300	0.36	0.4	0.4	0	0	0.36
219400	0.36	0.4	0.4	0	0	0.36
219500	0.36	0.4	0.4	0	0	0.36
219600	0.36	0.4	0.4	0	0	0.36
219700	0.35	0.4	0.4	0	0	0.35
219800	0.36	0.4	0.4	0	0	0.36
219900	0.36	0.4	0.4	0	0	0.36
220000	0.36	0.4	0.4	0	0	0.36
220100	0.36	0.4	0.4	0	0	0.36
220200	0.36	0.4	0.4	0	0	0.36
220300	0.36	0.4	0.4	0	0	0.36
220400	0.35	0.41	0.41	0	0	0.35
220500	0.35	0.41	0.41	0	0	0.35
220600	0.35	0.41	0.41	0	0	0.35
220700	0.35	0.41	0.41	0	0	0.35
220800	0.35	0.41	0.41	0	0	0.35
220900	0.35	0.41	0.41	0	0	0.35
221000	0.35	0.41	0.41	0	0	0.35
221100	0.35	0.41	0.41	0	0	0.35
221200	0.35	0.41	0.41	0	0	0.35
221300	0.35	0.41	0.41	0	0	0.35
221400	0.35	0.41	0.41	0	0	0.35
221500	0.35	0.42	0.42	0	0	0.35
221600	0.35	0.42	0.42	0	0	0.35
221700	0.35	0.42	0.42	0	0	0.35
221800	0.35	0.42	0.42	0	0	0.35
221900	0.35	0.41	0.41	0	0	0.35
222000	0.35	0.41	0.41	0	0	0.35
222100	0.35	0.41	0.41	0	0	0.35
222200	0.35	0.41	0.41	0	0	0.35
222300	0.35	0.41	0.41	0	0	0.35
222400	0.35	0.41	0.41	0	0	0.35
222500	0.35	0.41	0.41	0	0	0.35
222600	0.35	0.42	0.42	0	0	0.35
222700	0.35	0.42	0.42	0	0	0.35
222800	0.35	0.42	0.42	0	0	0.35
222900	0.35	0.42	0.42	0	0	0.35
223000	0.35	0.42	0.42	0	0	0.35
223100	0.35	0.42	0.42	0	0	0.35
223200	0.35	0.42	0.42	0	0	0.35
223300	0.35	0.42	0.42	0	0	0.35
223400	0.35	0.43	0.43	0	0	0.35
223500	0.35	0.43	0.43	0	0	0.35
223600	0.35	0.41	0.41	0	0	0.35
223700	0.35	0.41	0.41	0	0	0.35
223800	0.35	0.41	0.41	0	0	0.35
223900	0.35	0.4	0.4	0	0	0.35
224000	0.35	0.4	0.4	0	0	0.35
224100	0.35	0.4	0.4	0	0	0.35
224200	0.35	0.4	0.4	0	0	0.35
224300	0.35	0.39	0.39	0	0	0.35
224400	0.35	0.39	0.39	0	0	0.35
224500	0.35	0.39	0.39	0	0	0.35
224600	0.35	0.39	0.39	0	0	0.35
224700	0.35	0.39	0.39	0	0	0.35
224800	0.35	0.38	0.38	0	0	0.35
224900	0.35	0.38	0.38	0	0	0.35
225000	0.35	0.38	0.38	0	0	0.35
225100	0.35	0.38	0.38	0	0	0.35
225200	0.35	0.38	0.38	0	0	0.35
225300	0.35	0.38	0.38	0	0	0.35
225400	0.35	0.38	0.38	0	0	0.35
225500	0.35	0.38	0.38	0	0	0.35
225600	0.35	0.38	0.38	0	0	0.35
225700	0.35	0.38	0.38	0	0	0.35
225800	0.35	0.38	0.38	0	0	0.35
225900	0.35	0.38	0.38	0	0	0.35
226000	0.35	0.38	0.38	0	0	0.35
226100	0.35	0.38	0.38	0	0	0.35
226200	0.35	0.39	0.39	0	0	0.35
226300	0.35	0.4	0.4	0	0	0.35
226400	0.35	0.39	0.39	0	0	0.35
226500	0.36	0.39	0.39	0	0	0.36
226600	0.35	0.39	0.39	0	0	0.35
226700	0.35	0.39	0.39	0	0	0.35
226800	0.35	0.39	0.39	0	0	0.35
226900	0.35	0.39	0.39	0	0	0.35
227000	0.35	0.39	0.39	0	0	0.35
227100	0.37	0.39	0.39	0	0	0.37
227200	0.38	0.4	0.4	0	0	0.38
227300	0.38	0.39	0.39	0	0	0.38
227400	0.38	0.39	0.39	0	0	0.38
227500	0.36	0.38	0.38	0	0	0.36
227600	0.36	0.38	0.38	0	0	0.36
227700	0.36	0.39	0.39	0	0	0.36
227800	0.36	0.39	0.39	0	0	0.36
227900	0.36	0.39	0.39	0	0	0.36
228000	0.35	0.38	0.38	0	0	0.35
228100	0.35	0.38	0.38	0	0	0.35
228200	0.35	0.38	0.38	0	0	0.35
228300	0.35	0.38	0.38	0	0	0.35
228400	0.35	0.38	0.38	0	0	0.35
228500	0.35	0.38	0.38	0	0	0.35
228600	0.35	0.38	0.38	0	0	0.35
228700	0.35	0.38	0.38	0	0	0.35
228800	0.35	0.38	0.38	0	0	0.35
228900	0.35	0.38	0.38	0	0	0.35
229000	0.35	0.38	0.38	0	0	0.35
229100	0.35	0.38	0.38	0	0	0.35
229200	0.35	0.38	0.38	0	0	0.35
229300	0.35	0.38	0.38	0	0	0.35
229400	0.35	0.38	0.38	0	0	0.35
229500	0.35	0.38	0.38	0	0	0.35
229600	0.35	0.38	0.38	0	0	0.35
229700	0.35	0.38	0.38	0	0	0.35
229800	0.35	0.38	0.38	0	0	0.35
229900	0.35	0.38	0.38	0	0	0.35
230000	0.35	0.38	0.38	0	0	0.35
230100	0.35	0.39	0.39	0	0	0.35
230200	0.35	0.39	0.39	0	0	0.35
230300	0.35	0.38	0.38	0	0	0.35
230400	0.35	0.39	0.39	0	0	0.35
230500	0.35	0.39	0.39	0	0	0.35
230600	0.35	0.39	0.39	0	0	0.35
230700	0.35	0.39	0.39	0	0	0.35
230800	0.35	0.39	0.39	0	0	0.35
230900	0.35	0.39	0.39	0	0	0.35
231000	0.35	0.39	0.39	0	0	0.35
231100	0.35	0.39	0.39	0	0	0.35
231200	0.35	0.39	0.39	0	0	0.35
231300	0.35	0.39	0.39	0	0	0.35
231400	0.35	0.39	0.39	0	0	0.35
231500	0.35	0.39	0.39	0	0	0.35
231600	0.35	0.4	0.4	0	0	0.35
231700	0.36	0.4	0.4	0	0	0.36
231800	0.36	0.4	0.4	0	0	0.36
231900	0.35	0.41	0.41	0	0	0.35
232000	0.35	0.42	0.42	0	0	0.35
232100	0.35	0.42	0.42	0	0	0.35
232200	0.35	0.42	0.42	0	0	0.35
232300	0.35	0.42	0.42	0	0	0.35
232400	0.35	0.42	0.42	0	0	0.35
232500	0.36	0.42	0.42	0	0	0.36
232600	0.35	0.42	0.42	0	0	0.35
232700	0.35	0.42	0.42	0	0	0.35
232800	0.35	0.42	0.42	0	0	0.35
232900	0.35	0.42	0.42	0	0	0.35
233000	0.35	0.42	0.42	0	0	0.35
233100	0.34	0.42	0.42	0	0	0.34
233200	0.35	0.42	0.42	0	0	0.35
233300	0.35	0.41	0.41	0	0	0.35
233400	0.35	0.41	0.41	0	0	0.35
233500	0.35	0.41	0.41	0	0	0.35
233600	0.35	0.41	0.41	0	0	0.35
233700	0.35	0.41	0.41	0	0	0.35
233800	0.35	0.41	0.41	0	0	0.35
233900	0.35	0.41	0.41	0	0	0.35
234000	0.35	0.41	0.41	0	0	0.35
234100	0.35	0.41	0.41	0	0	0.35
234200	0.35	0.41	0.41	0	0	0.35
234300	0.35	0.41	0.41	0	0	0.35
234400	0.35	0.41	0.41	0	0	0.35
234500	0.35	0.41	0.41	0	0	0.35
234600	0.35	0.41	0.41	0	0	0.35
234700	0.35	0.41	0.41	0	0	0.35
234800	0.35	0.41	0.41	0	0	0.35
234900	0.35	0.41	0.41	0	0	0.35
235000	0.35	0.41	0.41	0	0	0.35
235100	0.35	0.41	0.41	0	0	0.35
235200	0.35	0.41	0.41	0	0	0.35
235300	0.36	0.41	0.41	0	0	0.36
235400	0.36	0.42	0.42	0	0	0.36
235500	0.36	0.41	0.41	0	0	0.36
235600	0.36	0.41	0.41	0	0	0.36
235700	0.36	0.41	0.41	0	0	0.36
235800	0.36	0.41	0.41	0	0	0.36
235900	0.36	0.41	0.41	0	0	0.36
236000	0.36	0.41	0.41	0	0	0.36
236100	0.36	0.41	0.41	0	0	0.36
236200	0.36	0.41	0.41	0	0	0.36
236300	0.36	0.41	0.41	0	0	0.36
236400	0.36	0.41	0.41	0	0	0.36
236500	0.36	0.41	0.41	0	0	0.36
236600	0.36	0.41	0.41	0	0	0.36
236700	0.36	0.41	0.41	0	0	0.36
236800	0.36	0.41	0.41	0	0	0.36
236900	0.36	0.41	0.41	0	0	0.36
237000	0.37	0.41	0.41	0	0	0.37
237100	0.37	0.42	0.42	0	0	0.37
237200	0.36	0.42	0.42	0	0	0.36
237300	0.36	0.42	0.42	0	0	0.36
237400	0.36	0.42	0.42	0	0	0.36
237500	0.36	0.42	0.42	0	0	0.36
237600	0.36	0.42	0.42	0	0	0.36
237700	0.37	0.42	0.42	0	0	0.37
237800	0.37	0.42	0.42	0	0	0.37
237900	0.37	0.42	0.42	0	0	0.37
238000	0.37	0.42	0.42	0	0	0.37
238100	0.37	0.42	0.42	0	0	0.37
238200	0.37	0.42	0.42	0	0	0.37
238300	0.37	0.42	0.42	0	0	0.37
238400	0.37	0.42	0.42	0	0	0.37
238500	0.37	0.42	0.42	0	0	0.37
238600	0.37	0.42	0.42	0	0	0.37
238700	0.37	0.43	0.43	0	0	0.37
238800	0.37	0.43	0.43	0	0	0.37
238900	0.37	0.42	0.42	0	0	0.37
239000	0.38	0.42	0.42	0	0	0.38
239100	0.38	0.42	0.42	0	0	0.38
239200	0.38	0.42	0.42	0	0	0.38
239300	0.37	0.42	0.42	0	0	0.37
239400	0.37	0.42	0.42	0	0	0.37
239500	0.37	0.42	0.42	0	0	0.37
239600	0.37	0.42	0.42	0	0	0.37
239700	0.37	0.42	0.42	0	0	0.37
239800	0.37	0.42	0.42	0	0	0.37
239900	0.37	0.42	0.42	0	0	0.37
240000	0.37	0.42	0.42	0	0	0.37
240100	0.37	0.42	0.42	0	0	0.37
240200	0.37	0.42	0.42	0	0	0.37
240300	0.37	0.42	0.42	0	0	0.37
240400	0.37	0.43	0.43	0	0	0.37
240500	0.37	0.43	0.43	0	0	0.37
240600	0.37	0.44	0.44	0	0	0.37
240700	0.37	0.43	0.43	0	0	0.37
240800	0.37	0.43	0.43	0	0	0.37
240900	0.37	0.44	0.44	0	0	0.37
241000	0.37	0.44	0.44	0	0	0.37
241100	0.37	0.44	0.44	0	0	0.37
241200	0.37	0.44	0.44	0	0	0.37
241300	0.37	0.44	0.44	0	0	0.37
241400	0.37	0.44	0.44	0	0	0.37
241500	0.37	0.44	0.44	0	0	0.37
241600	0.37	0.44	0.44	0	0	0.37
241700	0.37	0.44	0.44	0	0	0.37
241800	0.37	0.44	0.44	0	0	0.37
241900	0.37	0.44	0.44	0	0	0.37
242000	0.37	0.44	0.44	0	0	0.37
242100	0.37	0.44	0.44	0	0	0.37
242200	0.37	0.44	0.44	0	0	0.37
242300	0.37	0.44	0.44	0	0	0.37
242400	0.38	0.44	0.44	0	0	0.38
242500	0.38	0.44	0.44	0	0	0.38
242600	0.38	0.44	0.44	0	0	0.38
242700	0.38	0.44	0.44	0	0	0.38
242800	0.38	0.44	0.44	0	0	0.38
242900	0.38	0.44	0.44	0	0	0.38
243000	0.38	0.45	0.45	0	0	0.38
243100	0.38	0.44	0.44	0	0	0.38
243200	0.38	0.44	0.44	0	0	0.38
243300	0.38	0.44	0.44	0	0	0.38
243400	0.38	0.44	0.44	0	0	0.38
243500	0.38	0.44	0.44	0	0	0.38
243600	0.37	0.44	0.44	0	0	0.37
243700	0.37	0.44	0.44	0	0	0.37
243800	0.37	0.43	0.43	0	0	0.37
243900	0.37	0.43	0.43	0	0	0.37
244000	0.37	0.43	0.43	0	0	0.37
244100	0.37	0.43	0.43	0	0	0.37
244200	0.37	0.43	0.43	0	0	0.37
244300	0.37	0.43	0.43	0	0	0.37
244400	0.36	0.43	0.43	0	0	0.36
244500	0.36	0.43	0.43	0	0	0.36
244600	0.36	0.43	0.43	0	0	0.36
244700	0.36	0.43	0.43	0	0	0.36
244800	0.36	0.43	0.43	0	0	0.36
244900	0.36	0.43	0.43	0	0	0.36
245000	0.36	0.43	0.43	0	0	0.36
245100	0.36	0.43	0.43	0	0	0.36
245200	0.37	0.43	0.43	0	0	0.37
245300	0.36	0.43	0.43	0	0	0.36
245400	0.36	0.43	0.43	0	0	0.36
245500	0.36	0.44	0.44	0	0	0.36
245600	0.36	0.44	0.44	0	0	0.36
245700	0.36	0.44	0.44	0	0	0.36
245800	0.36	0.44	0.44	0	0	0.36
245900	0.36	0.44	0.44	0	0	0.36
246000	0.36	0.44	0.44	0	0	0.36
246100	0.37	0.44	0.44	0	0	0.37
246200	0.36	0.44	0.44	0	0	0.36
246300	0.36	0.44	0.44	0	0	0.36
246400	0.36	0.45	0.45	0	0	0.36
246500	0.37	0.44	0.44	0	0	0.37
246600	0.37	0.45	0.45	0	0	0.37
246700	0.37	0.45	0.45	0	0	0.37
246800	0.38	0.45	0.45	0	0	0.38
246900	0.38	0.45	0.45	0	0	0.38
247000	0.37	0.45	0.45	0	0	0.37
247100	0.37	0.45	0.45	0	0	0.37
247200	0.37	0.45	0.45	0	0	0.37
247300	0.37	0.45	0.45	0	0	0.37
247400	0.36	0.45	0.45	0	0	0.36
247500	0.36	0.45	0.45	0	0	0.36
247600	0.36	0.45	0.45	0	0	0.36
247700	0.36	0.45	0.45	0	0	0.36
247800	0.36	0.45	0.45	0	0	0.36
247900	0.36	0.45	0.45	0	0	0.36
248000	0.36	0.45	0.45	0	0	0.36
248100	0.36	0.45	0.45	0	0	0.36
248200	0.36	0.45	0.45	0	0	0.36
248300	0.36	0.45	0.45	0	0	0.36
248400	0.36	0.45	0.45	0	0	0.36
248500	0.36	0.45	0.45	0	0	0.36
248600	0.36	0.45	0.45	0	0	0.36
248700	0.37	0.45	0.45	0	0	0.37
248800	0.37	0.45	0.45	0	0	0.37
248900	0.37	0.45	0.45	0	0	0.37
249000	0.37	0.45	0.45	0	0	0.37
249100	0.37	0.45	0.45	0	0	0.37
249200	0.37	0.45	0.45	0	0	0.37
249300	0.37	0.45	0.45	0	0	0.37
249400	0.37	0.45	0.45	0	0	0.37
249500	0.37	0.45	0.45	0	0	0.37
249600	0.37	0.45	0.45	0	0	0.37
249700	0.37	0.45	0.45	0	0	0.37
249800	0.38	0.45	0.45	0	0	0.38
249900	0.37	0.45	0.45	0	0	0.37
250000	0.37	0.45	0.45	0	0	0.37
250100	0.38	0.46	0.46	0	0	0.38
250200	0.38	0.46	0.46	0	0	0.38
250300	0.38	0.46	0.46	0	0	0.38
250400	0.38	0.46	0.46	0	0	0.38
250500	0.38	0.46	0.46	0	0	0.38
250600	0.38	0.46	0.46	0	0	0.38
250700	0.38	0.46	0.46	0	0	0.38
250800	0.38	0.46	0.46	0	0	0.38
250900	0.38	0.46	0.46	0	0	0.38
251000	0.38	0.46	0.46	0	0	0.38
251100	0.38	0.46	0.46	0	0	0.38
251200	0.38	0.46	0.46	0	0	0.38
251300	0.38	0.46	0.46	0	0	0.38
251400	0.38	0.46	0.46	0	0	0.38
251500	0.38	0.46	0.46	0	0	0.38
251600	0.38	0.46	0.46	0	0	0.38
251700	0.37	0.47	0.47	0	0	0.37
251800	0.37	0.46	0.46	0	0	0.37
251900	0.37	0.46	0.46	0	0	0.37
252000	0.37	0.46	0.46	0	0	0.37
252100	0.37	0.46	0.46	0	0	0.37
252200	0.38	0.46	0.46	0	0	0.38
252300	0.38	0.46	0.46	0	0	0.38
252400	0.39	0.45	0.45	0	0	0.39
252500	0.38	0.44	0.44	0	0	0.38
252600	0.38	0.44	0.44	0	0	0.38
252700	0.38	0.44	0.44	0	0	0.38
252800	0.38	0.44	0.44	0	0	0.38
252900	0.37	0.44	0.44	0	0	0.37
253000	0.37	0.44	0.44	0	0	0.37
253100	0.37	0.44	0.44	0	0	0.37
253200	0.37	0.44	0.44	0	0	0.37
253300	0.37	0.44	0.44	0	0	0.37
253400	0.37	0.44	0.44	0	0	0.37
253500	0.37	0.45	0.45	0	0	0.37
253600	0.37	0.45	0.45	0	0	0.37
253700	0.37	0.45	0.45	0	0	0.37
253800	0.37	0.46	0.46	0	0	0.37
253900	0.37	0.45	0.45	0	0	0.37
254000	0.37	0.45	0.45	0	0	0.37
254100	0.38	0.44	0.44	0	0	0.38
254200	0.38	0.44	0.44	0	0	0.38
254300	0.38	0.43	0.43	0	0	0.38
254400	0.38	0.43	0.43	0	0	0.38
254500	0.38	0.43	0.43	0	0	0.38
254600	0.38	0.44	0.44	0	0	0.38
254700	0.38	0.43	0.43	0	0	0.38
254800	0.39	0.43	0.43	0	0	0.39
254900	0.39	0.44	0.44	0	0	0.39
255000	0.39	0.43	0.43	0	0	0.39
255100	0.38	0.43	0.43	0	0	0.38
255200	0.38	0.43	0.43	0	0	0.38
255300	0.38	0.43	0.43	0	0	0.38
255400	0.38	0.43	0.43	0	0	0.38
255500	0.38	0.43	0.43	0	0	0.38
255600	0.38	0.43	0.43	0	0	0.38
255700	0.38	0.43	0.43	0	0	0.38
255800	0.38	0.43	0.43	0	0	0.38
255900	0.38	0.43	0.43	0	0	0.38
256000	0.38	0.43	0.43	0	0	0.38
256100	0.38	0.43	0.43	0	0	0.38
256200	0.38	0.43	0.43	0	0	0.38
256300	0.38	0.43	0.43	0	0	0.38
256400	0.38	0.44	0.44	0	0	0.38
256500	0.38	0.44	0.44	0	0	0.38
256600	0.38	0.44	0.44	0	0	0.38
256700	0.38	0.44	0.44	0	0	0.38
256800	0.38	0.44	0.44	0	0	0.38
256900	0.38	0.44	0.44	0	0	0.38
257000	0.38	0.44	0.44	0	0	0.38
257100	0.38	0.44	0.44	0	0	0.38
257200	0.38	0.43	0.43	0	0	0.38
257300	0.38	0.43	0.43	0	0	0.38
257400	0.38	0.43	0.43	0	0	0.38
257500	0.38	0.43	0.43	0	0	0.38
257600	0.38	0.43	0.43	0	0	0.38
257700	0.38	0.43	0.43	0	0	0.38
257800	0.38	0.44	0.44	0	0	0.38
257900	0.38	0.44	0.44	0	0	0.38
258000	0.38	0.44	0.44	0	0	0.38
258100	0.38	0.44	0.44	0	0	0.38
258200	0.38	0.44	0.44	0	0	0.38
258300	0.38	0.44	0.44	0	0	0.38
258400	0.38	0.44	0.44	0	0	0.38
258500	0.38	0.44	0.44	0	0	0.38
258600	0.38	0.44	0.44	0	0	0.38
258700	0.38	0.44	0.44	0	0	0.38
258800	0.38	0.45	0.45	0	0	0.38
258900	0.38	0.45	0.45	0	0	0.38
259000	0.38	0.45	0.45	0	0	0.38
259100	0.38	0.45	0.45	0	0	0.38
259200	0.38	0.45	0.45	0	0	0.38
259300	0.39	0.45	0.45	0	0	0.39
259400	0.39	0.45	0.45	0	0	0.39
259500	0.39	0.45	0.45	0	0	0.39
259600	0.39	0.45	0.45	0	0	0.39
259700	0.39	0.45	0.45	0	0	0.39
259800	0.39	0.45	0.45	0	0	0.39
259900	0.39	0.45	0.45	0	0	0.39
260000	0.39	0.45	0.45	0	0	0.39
260100	0.39	0.45	0.45	0	0	0.39
260200	0.39	0.45	0.45	0	0	0.39
260300	0.39	0.45	0.45	0	0	0.39
260400	0.39	0.45	0.45	0	0	0.39
260500	0.39	0.45	0.45	0	0	0.39
260600	0.39	0.45	0.45	0	0	0.39
260700	0.39	0.45	0.45	0	0	0.39
260800	0.39	0.45	0.45	0	0	0.39
260900	0.39	0.45	0.45	0	0	0.39
261000	0.39	0.45	0.45	0	0	0.39
261100	0.39	0.45	0.45	0	0	0.39
261200	0.39	0.45	0.45	0	0	0.39
261300	0.39	0.45	0.45	0	0	0.39
261400	0.39	0.45	0.45	0	0	0.39
261500	0.39	0.45	0.45	0	0	0.39
261600	0.39	0.45	0.45	0	0	0.39
261700	0.4	0.45	0.45	0	0	0.4
261800	0.4	0.45	0.45	0	0	0.4
261900	0.4	0.45	0.45	0	0	0.4
262000	0.4	0.45	0.45	0	0	0.4
262100	0.4	0.45	0.45	0	0	0.4
262200	0.4	0.45	0.45	0	0	0.4
262300	0.41	0.45	0.45	0	0	0.41
262400	0.41	0.45	0.45	0	0	0.41
262500	0.41	0.45	0.45	0	0	0.41
262600	0.41	0.45	0.45	0	0	0.41
262700	0.41	0.45	0.45	0	0	0.41
262800	0.41	0.45	0.45	0	0	0.41
262900	0.41	0.45	0.45	0	0	0.41
263000	0.41	0.45	0.45	0	0	0.41
263100	0.41	0.45	0.45	0	0	0.41
263200	0.41	0.45	0.45	0	0	0.41
263300	0.41	0.45	0.45	0	0	0.41
263400	0.41	0.45	0.45	0	0	0.41
263500	0.41	0.45	0.45	0	0	0.41
263600	0.41	0.45	0.45	0	0	0.41
263700	0.41	0.45	0.45	0	0	0.41
263800	0.41	0.45	0.45	0	0	0.41
263900	0.41	0.46	0.46	0	0	0.41
264000	0.41	0.46	0.46	0	0	0.41
264100	0.41	0.46	0.46	0	0	0.41
264200	0.42	0.46	0.46	0	0	0.42
264300	0.42	0.46	0.46	0	0	0.42
264400	0.42	0.46	0.46	0	0	0.42
264500	0.42	0.46	0.46	0	0	0.42
264600	0.42	0.46	0.46	0	0	0.42
264700	0.41	0.46	0.46	0	0	0.41
264800	0.41	0.46	0.46	0	0	0.41
264900	0.41	0.46	0.46	0	0	0.41
265000	0.42	0.47	0.47	0	0	0.42
265100	0.42	0.47	0.47	0	0	0.42
265200	0.42	0.47	0.47	0	0	0.42
265300	0.42	0.47	0.47	0	0	0.42
265400	0.42	0.47	0.47	0	0	0.42
265500	0.42	0.47	0.47	0	0	0.42
265600	0.42	0.47	0.47	0	0	0.42
265700	0.42	0.47	0.47	0	0	0.42
265800	0.42	0.47	0.47	0	0	0.42
265900	0.42	0.47	0.47	0	0	0.42
266000	0.41	0.47	0.47	0	0	0.41
266100	0.41	0.47	0.47	0	0	0.41
266200	0.4	0.47	0.47	0	0	0.4
266300	0.4	0.47	0.47	0	0	0.4
266400	0.4	0.47	0.47	0	0	0.4
266500	0.4	0.47	0.47	0	0	0.4
266600	0.4	0.47	0.47	0	0	0.4
266700	0.4	0.47	0.47	0	0	0.4
266800	0.4	0.45	0.45	0	0	0.4
266900	0.4	0.45	0.45	0	0	0.4
267000	0.4	0.45	0.45	0	0	0.4
267100	0.4	0.45	0.45	0	0	0.4
267200	0.4	0.45	0.45	0	0	0.4
267300	0.4	0.45	0.45	0	0	0.4
267400	0.4	0.45	0.45	0	0	0.4
267500	0.4	0.45	0.45	0	0	0.4
267600	0.4	0.45	0.45	0	0	0.4
267700	0.4	0.45	0.45	0	0	0.4
267800	0.4	0.45	0.45	0	0	0.4
267900	0.4	0.45	0.45	0	0	0.4
268000	0.4	0.45	0.45	0	0	0.4
268100	0.4	0.45	0.45	0	0	0.4
268200	0.4	0.45	0.45	0	0	0.4
268300	0.4	0.45	0.45	0	0	0.4
268400	0.4	0.45	0.45	0	0	0.4
268500	0.4	0.45	0.45	0	0	0.4
268600	0.4	0.45	0.45	0	0	0.4
268700	0.4	0.45	0.45	0	0	0.4
268800	0.4	0.45	0.45	0	0	0.4
268900	0.4	0.45	0.45	0	0	0.4
269000	0.4	0.45	0.45	0	0	0.4
269100	0.4	0.45	0.45	0	0	0.4
269200	0.4	0.45	0.45	0	0	0.4
269300	0.4	0.45	0.45	0	0	0.4
269400	0.4	0.45	0.45	0	0	0.4
269500	0.4	0.45	0.45	0	0	0.4
269600	0.4	0.45	0.45	0	0	0.4
269700	0.4	0.45	0.45	0	0	0.4
269800	0.4	0.45	0.45	0	0	0.4
269900	0.4	0.46	0.46	0	0	0.4
270000	0.4	0.45	0.45	0	0	0.4
270100	0.4	0.45	0.45	0	0	0.4
270200	0.4	0.45	0.45	0	0	0.4
270300	0.4	0.45	0.45	0	0	0.4
270400	0.4	0.45	0.45	0	0	0.4
270500	0.4	0.45	0.45	0	0	0.4
270600	0.4	0.45	0.45	0	0	0.4
270700	0.4	0.45	0.45	0	0	0.4
270800	0.4	0.45	0.45	0	0	0.4
270900	0.4	0.45	0.45	0	0	0.4
271000	0.4	0.45	0.45	0	0	0.4
271100	0.4	0.45	0.45	0	0	0.4
271200	0.4	0.45	0.45	0	0	0.4
271300	0.4	0.45	0.45	0	0	0.4
271400	0.4	0.45	0.45	0	0	0.4
271500	0.4	0.45	0.45	0	0	0.4
271600	0.4	0.45	0.45	0	0	0.4
271700	0.41	0.45	0.45	0	0	0.41
271800	0.4	0.45	0.45	0	0	0.4
271900	0.4	0.45	0.45	0	0	0.4
272000	0.4	0.45	0.45	0	0	0.4
272100	0.4	0.46	0.46	0	0	0.4
272200	0.4	0.46	0.46	0	0	0.4
272300	0.4	0.46	0.46	0	0	0.4
272400	0.4	0.46	0.46	0	0	0.4
272500	0.4	0.46	0.46	0	0	0.4
272600	0.4	0.46	0.46	0	0	0.4
272700	0.4	0.45	0.45	0	0	0.4
272800	0.4	0.45	0.45	0	0	0.4
272900	0.4	0.45	0.45	0	0	0.4
273000	0.4	0.45	0.45	0	0	0.4
273100	0.4	0.45	0.45	0	0	0.4
273200	0.4	0.45	0.45	0	0	0.4
273300	0.4	0.45	0.45	0	0	0.4
273400	0.4	0.45	0.45	0	0	0.4
273500	0.4	0.45	0.45	0	0	0.4
273600	0.4	0.45	0.45	0	0	0.4
273700	0.4	0.45	0.45	0	0	0.4
273800	0.4	0.45	0.45	0	0	0.4
273900	0.4	0.45	0.45	0	0	0.4
274000	0.4	0.45	0.45	0	0	0.4
274100	0.4	0.45	0.45	0	0	0.4
274200	0.4	0.45	0.45	0	0	0.4
274300	0.4	0.45	0.45	0	0	0.4
274400	0.4	0.45	0.45	0	0	0.4
274500	0.4	0.45	0.45	0	0	0.4
274600	0.4	0.44	0.44	0	0	0.4
274700	0.4	0.44	0.44	0	0	0.4
274800	0.4	0.44	0.44	0	0	0.4
274900	0.4	0.44	0.44	0	0	0.4
275000	0.4	0.44	0.44	0	0	0.4
275100	0.4	0.44	0.44	0	0	0.4
275200	0.4	0.44	0.44	0	0	0.4
275300	0.4	0.44	0.44	0	0	0.4
275400	0.4	0.44	0.44	0	0	0.4
275500	0.4	0.44	0.44	0	0	0.4
275600	0.4	0.44	0.44	0	0	0.4
275700	0.4	0.44	0.44	0	0	0.4
275800	0.4	0.44	0.44	0	0	0.4
275900	0.4	0.44	0.44	0	0	0.4
276000	0.4	0.44	0.44	0	0	0.4
276100	0.39	0.44	0.44	0	0	0.39
276200	0.39	0.44	0.44	0	0	0.39
276300	0.39	0.44	0.44	0	0	0.39
276400	0.39	0.44	0.44	0	0	0.39
276500	0.39	0.44	0.44	0	0	0.39
276600	0.39	0.44	0.44	0	0	0.39
276700	0.39	0.44	0.44	0	0	0.39
276800	0.39	0.44	0.44	0	0	0.39
276900	0.39	0.45	0.45	0	0	0.39
277000	0.39	0.44	0.44	0	0	0.39
277100	0.39	0.44	0.44	0	0	0.39
277200	0.39	0.44	0.44	0	0	0.39
277300	0.39	0.44	0.44	0	0	0.39
277400	0.39	0.44	0.44	0	0	0.39
277500	0.39	0.44	0.44	0	0	0.39
277600	0.39	0.44	0.44	0	0	0.39
277700	0.39	0.44	0.44	0	0	0.39
277800	0.39	0.44	0.44	0	0	0.39
277900	0.39	0.45	0.45	0	0	0.39
278000	0.39	0.44	0.44	0	0	0.39
278100	0.39	0.44	0.44	0	0	0.39
278200	0.39	0.44	0.44	0	0	0.39
278300	0.39	0.44	0.44	0	0	0.39
278400	0.4	0.44	0.44	0	0	0.4
278500	0.4	0.44	0.44	0	0	0.4
278600	0.4	0.44	0.44	0	0	0.4
278700	0.4	0.44	0.44	0	0	0.4
278800	0.4	0.44	0.44	0	0	0.4
278900	0.4	0.44	0.44	0	0	0.4
279000	0.4	0.45	0.45	0	0	0.4
279100	0.4	0.45	0.45	0	0	0.4
279200	0.4	0.45	0.45	0	0	0.4
279300	0.4	0.45	0.45	0	0	0.4
279400	0.4	0.45	0.45	0	0	0.4
279500	0.4	0.45	0.45	0	0	0.4
279600	0.4	0.45	0.45	0	0	0.4
279700	0.4	0.45	0.45	0	0	0.4
279800	0.4	0.45	0.45	0	0	0.4
279900	0.4	0.45	0.45	0	0	0.4
280000	0.4	0.45	0.45	0	0	0.4
280100	0.4	0.45	0.45	0	0	0.4
280200	0.4	0.45	0.45	0	0	0.4
280300	0.4	0.45	0.45	0	0	0.4
280400	0.4	0.45	0.45	0	0	0.4
280500	0.4	0.45	0.45	0	0	0.4
280600	0.4	0.45	0.45	0	0	0.4
280700	0.4	0.45	0.45	0	0	0.4
280800	0.4	0.45	0.45	0	0	0.4
280900	0.4	0.45	0.45	0	0	0.4
281000	0.4	0.45	0.45	0	0	0.4
281100	0.4	0.45	0.45	0	0	0.4
281200	0.4	0.45	0.45	0	0	0.4
281300	0.4	0.44	0.44	0	0	0.4
281400	0.4	0.44	0.44	0	0	0.4
281500	0.4	0.44	0.44	0	0	0.4
281600	0.4	0.44	0.44	0	0	0.4
281700	0.4	0.45	0.45	0	0	0.4
281800	0.4	0.45	0.45	0	0	0.4
281900	0.4	0.45	0.45	0	0	0.4
282000	0.4	0.45	0.45	0	0	0.4
282100	0.4	0.45	0.45	0	0	0.4
282200	0.4	0.45	0.45	0	0	0.4
282300	0.4	0.45	0.45	0	0	0.4
282400	0.41	0.45	0.45	0	0	0.41
282500	0.41	0.45	0.45	0	0	0.41
282600	0.41	0.45	0.45	0	0	0.41
282700	0.41	0.45	0.45	0	0	0.41
282800	0.41	0.46	0.46	0	0	0.41
282900	0.41	0.45	0.45	0	0	0.41
283000	0.41	0.45	0.45	0	0	0.41
283100	0.41	0.46	0.46	0	0	0.41
283200	0.41	0.45	0.45	0	0	0.41
283300	0.41	0.45	0.45	0	0	0.41
283400	0.41	0.45	0.45	0	0	0.41
283500	0.41	0.45	0.45	0	0	0.41
283600	0.41	0.45	0.45	0	0	0.41
283700	0.41	0.45	0.45	0	0	0.41
283800	0.41	0.45	0.45	0	0	0.41
283900	0.41	0.45	0.45	0	0	0.41
284000	0.41	0.45	0.45	0	0	0.41
284100	0.41	0.45	0.45	0	0	0.41
284200	0.41	0.45	0.45	0	0	0.41
284300	0.41	0.45	0.45	0	0	0.41
284400	0.41	0.45	0.45	0	0	0.41
284500	0.41	0.45	0.45	0	0	0.41
284600	0.41	0.45	0.45	0	0	0.41
284700	0.41	0.45	0.45	0	0	0.41
284800	0.41	0.45	0.45	0	0	0.41
284900	0.41	0.45	0.45	0	0	0.41
285000	0.41	0.45	0.45	0	0	0.41
285100	0.41	0.45	0.45	0	0	0.41
285200	0.41	0.45	0.45	0	0	0.41
285300	0.41	0.45	0.45	0	0	0.41
285400	0.41	0.45	0.45	0	0	0.41
285500	0.41	0.45	0.45	0	0	0.41
285600	0.41	0.45	0.45	0	0	0.41
285700	0.42	0.45	0.45	0	0	0.42
285800	0.42	0.45	0.45	0	0	0.42
285900	0.42	0.46	0.46	0	0	0.42
286000	0.43	0.46	0.46	0	0	0.43
286100	0.42	0.46	0.46	0	0	0.42
286200	0.42	0.46	0.46	0	0	0.42
286300	0.42	0.46	0.46	0	0	0.42
286400	0.42	0.46	0.46	0	0	0.42
286500	0.42	0.46	0.46	0	0	0.42
286600	0.42	0.46	0.46	0	0	0.42
286700	0.42	0.46	0.46	0	0	0.42
286800	0.42	0.46	0.46	0	0	0.42
286900	0.42	0.46	0.46	0	0	0.42
287000	0.42	0.46	0.46	0	0	0.42
287100	0.42	0.46	0.46	0	0	0.42
287200	0.42	0.47	0.47	0	0	0.42
287300	0.42	0.47	0.47	0	0	0.42
287400	0.42	0.47	0.47	0	0	0.42
287500	0.42	0.47	0.47	0	0	0.42
287600	0.42	0.47	0.47	0	0	0.42
287700	0.42	0.47	0.47	0	0	0.42
287800	0.42	0.47	0.47	0	0	0.42
287900	0.42	0.47	0.47	0	0	0.42
288000	0.42	0.47	0.47	0	0	0.42
288100	0.42	0.47	0.47	0	0	0.42
288200	0.42	0.47	0.47	0	0	0.42
288300	0.42	0.47	0.47	0	0	0.42
288400	0.42	0.47	0.47	0	0	0.42
288500	0.42	0.47	0.47	0	0	0.42
288600	0.42	0.47	0.47	0	0	0.42
288700	0.42	0.47	0.47	0	0	0.42
288800	0.42	0.47	0.47	0	0	0.42
288900	0.42	0.47	0.47	0	0	0.42
289000	0.42	0.48	0.48	0	0	0.42
289100	0.42	0.47	0.47	0	0	0.42
289200	0.42	0.47	0.47	0	0	0.42
289300	0.42	0.47	0.47	0	0	0.42
289400	0.42	0.47	0.47	0	0	0.42
289500	0.42	0.47	0.47	0	0	0.42
289600	0.42	0.47	0.47	0	0	0.42
289700	0.42	0.47	0.47	0	0	0.42
289800	0.43	0.47	0.47	0	0	0.43
289900	0.42	0.47	0.47	0	0	0.42
290000	0.42	0.47	0.47	0	0	0.42
290100	0.42	0.47	0.47	0	0	0.42
290200	0.42	0.47	0.47	0	0	0.42
290300	0.42	0.47	0.47	0	0	0.42
290400	0.42	0.47	0.47	0	0	0.42
290500	0.42	0.47	0.47	0	0	0.42
290600	0.42	0.47	0.47	0	0	0.42
290700	0.42	0.47	0.47	0	0	0.42
290800	0.42	0.47	0.47	0	0	0.42
290900	0.42	0.47	0.47	0	0	0.42
291000	0.42	0.47	0.47	0	0	0.42
291100	0.42	0.47	0.47	0	0	0.42
291200	0.42	0.47	0.47	0	0	0.42
291300	0.42	0.47	0.47	0	0	0.42
291400	0.42	0.47	0.47	0	0	0.42
291500	0.42	0.47	0.47	0	0	0.42
291600	0.42	0.47	0.47	0	0	0.42
291700	0.42	0.48	0.48	0	0	0.42
291800	0.42	0.47	0.47	0	0	0.42
291900	0.42	0.47	0.47	0	0	0.42
292000	0.42	0.47	0.47	0	0	0.42
292100	0.42	0.47	0.47	0	0	0.42
292200	0.42	0.47	0.47	0	0	0.42
292300	0.42	0.47	0.47	0	0	0.42
292400	0.42	0.47	0.47	0	0	0.42
292500	0.42	0.47	0.47	0	0	0.42
292600	0.42	0.47	0.47	0	0	0.42
292700	0.42	0.47	0.47	0	0	0.42
292800	0.42	0.47	0.47	0	0	0.42
292900	0.42	0.47	0.47	0	0	0.42
293000	0.42	0.47	0.47	0	0	0.42
293100	0.42	0.47	0.47	0	0	0.42
293200	0.42	0.47	0.47	0	0	0.42
293300	0.42	0.47	0.47	0	0	0.42
293400	0.42	0.47	0.47	0	0	0.42
293500	0.42	0.47	0.47	0	0	0.42
293600	0.42	0.47	0.47	0	0	0.42
293700	0.42	0.47	0.47	0	0	0.42
293800	0.42	0.47	0.47	0	0	0.42
293900	0.42	0.47	0.47	0	0	0.42
294000	0.42	0.47	0.47	0	0	0.42
294100	0.42	0.47	0.47	0	0	0.42
294200	0.42	0.47	0.47	0	0	0.42
294300	0.42	0.47	0.47	0	0	0.42
294400	0.42	0.47	0.47	0	0	0.42
294500	0.42	0.47	0.47	0	0	0.42
294600	0.42	0.47	0.47	0	0	0.42
294700	0.42	0.47	0.47	0	0	0.42
294800	0.42	0.47	0.47	0	0	0.42
294900	0.42	0.47	0.47	0	0	0.42
295000	0.42	0.47	0.47	0	0	0.42
295100	0.42	0.47	0.47	0	0	0.42
295200	0.42	0.47	0.47	0	0	0.42
295300	0.42	0.47	0.47	0	0	0.42
295400	0.42	0.47	0.47	0	0	0.42
295500	0.42	0.47	0.47	0	0	0.42
295600	0.42	0.47	0.47	0	0	0.42
295700	0.42	0.47	0.47	0	0	0.42
295800	0.42	0.47	0.47	0	0	0.42
295900	0.42	0.48	0.48	0	0	0.42
296000	0.42	0.48	0.48	0	0	0.42
296100	0.42	0.47	0.47	0	0	0.42
296200	0.42	0.47	0.47	0	0	0.42
296300	0.42	0.47	0.47	0	0	0.42
296400	0.42	0.46	0.46	0	0	0.42
296500	0.42	0.46	0.46	0	0	0.42
296600	0.42	0.46	0.46	0	0	0.42
296700	0.42	0.46	0.46	0	0	0.42
296800	0.42	0.46	0.46	0	0	0.42
296900	0.42	0.46	0.46	0	0	0.42
297000	0.42	0.46	0.46	0	0	0.42
297100	0.42	0.46	0.46	0	0	0.42
297200	0.42	0.46	0.46	0	0	0.42
297300	0.42	0.46	0.46	0	0	0.42
297400	0.42	0.46	0.46	0	0	0.42
297500	0.42	0.46	0.46	0	0	0.42
297600	0.42	0.46	0.46	0	0	0.42
297700	0.42	0.46	0.46	0	0	0.42
297800	0.42	0.46	0.46	0	0	0.42
297900	0.42	0.46	0.46	0	0	0.42
298000	0.42	0.46	0.46	0	0	0.42
298100	0.42	0.45	0.45	0	0	0.42
298200	0.42	0.45	0.45	0	0	0.42
298300	0.42	0.45	0.45	0	0	0.42
298400	0.42	0.45	0.45	0	0	0.42
298500	0.42	0.45	0.45	0	0	0.42
298600	0.42	0.45	0.45	0	0	0.42
298700	0.41	0.44	0.44	0	0	0.41
298800	0.41	0.44	0.44	0	0	0.41
298900	0.41	0.44	0.44	0	0	0.41
299000	0.41	0.44	0.44	0	0	0.41
299100	0.41	0.44	0.44	0	0	0.41
299200	0.41	0.44	0.44	0	0	0.41
299300	0.41	0.45	0.45	0	0	0.41
299400	0.41	0.44	0.44	0	0	0.41
299500	0.41	0.44	0.44	0	0	0.41
299600	0.41	0.44	0.44	0	0	0.41
299700	0.41	0.45	0.45	0	0	0.41
299800	0.42	0.45	0.45	0	0	0.42
299900	0.41	0.45	0.45	0	0	0.41
300000	0.41	0.44	0.44	0	0	0.41
