100	0.07	0.09	0.09	0	0	0.07
200	0.08	0.1	0.1	0	0	0.08
300	0.09	0.11	0.11	0	0	0.09
400	0.09	0.12	0.12	0	0	0.09
500	0.11	0.12	0.12	0	0	0.11
600	0.11	0.13	0.13	0	0	0.11
700	0.12	0.14	0.14	0	0	0.12
800	0.11	0.15	0.15	0	0	0.11
900	0.11	0.14	0.14	0	0	0.11
1000	0.11	0.15	0.15	0	0	0.11
1100	0.12	0.15	0.15	0	0	0.12
1200	0.14	0.16	0.16	0	0	0.14
1300	0.15	0.17	0.17	0	0	0.15
1400	0.15	0.19	0.19	0	0	0.15
1500	0.14	0.2	0.2	0	0	0.14
1600	0.14	0.23	0.23	0	0	0.14
1700	0.14	0.23	0.23	0	0	0.14
1800	0.15	0.23	0.23	0	0	0.15
1900	0.18	0.23	0.23	0	0	0.18
2000	0.19	0.23	0.23	0	0	0.19
2100	0.19	0.26	0.26	0	0	0.19
2200	0.21	0.27	0.27	0	0	0.21
2300	0.2	0.28	0.28	0	0	0.2
2400	0.21	0.26	0.26	0	0	0.21
2500	0.2	0.27	0.27	0	0	0.2
2600	0.2	0.27	0.27	0	0	0.2
2700	0.2	0.27	0.27	0	0	0.2
2800	0.2	0.27	0.27	0	0	0.2
2900	0.2	0.27	0.27	0	0	0.2
3000	0.2	0.27	0.27	0	0	0.2
3100	0.2	0.27	0.27	0	0	0.2
3200	0.2	0.27	0.27	0	0	0.2
3300	0.21	0.27	0.27	0	0	0.21
3400	0.21	0.27	0.27	0	0	0.21
3500	0.21	0.23	0.23	0	0	0.21
3600	0.23	0.24	0.24	0	0	0.23
3700	0.23	0.23	0.23	0	0	0.23
3800	0.23	0.24	0.24	0	0	0.23
3900	0.22	0.22	0.22	0	0	0.22
4000	0.21	0.19	0.19	0	0	0.21
4100	0.22	0.2	0.2	0	0	0.22
4200	0.23	0.2	0.2	0	0	0.23
4300	0.22	0.21	0.21	0	0	0.22
4400	0.22	0.21	0.21	0	0	0.22
4500	0.22	0.21	0.21	0	0	0.22
4600	0.2	0.23	0.23	0	0	0.2
4700	0.22	0.23	0.23	0	0	0.22
4800	0.22	0.23	0.23	0	0	0.22
4900	0.22	0.22	0.22	0	0	0.22
5000	0.2	0.23	0.23	0	0	0.2
5100	0.19	0.23	0.23	0	0	0.19
5200	0.18	0.23	0.23	0	0	0.18
5300	0.2	0.23	0.23	0	0	0.2
5400	0.22	0.24	0.24	0	0	0.22
5500	0.23	0.24	0.24	0	0	0.23
5600	0.21	0.24	0.24	0	0	0.21
5700	0.21	0.25	0.25	0	0	0.21
5800	0.21	0.25	0.25	0	0	0.21
5900	0.19	0.25	0.25	0	0	0.19
6000	0.2	0.26	0.26	0	0	0.2
6100	0.2	0.26	0.26	0	0	0.2
6200	0.19	0.26	0.26	0	0	0.19
6300	0.19	0.27	0.27	0	0	0.19
6400	0.19	0.27	0.27	0	0	0.19
6500	0.19	0.27	0.27	0	0	0.19
6600	0.19	0.3	0.3	0	0	0.19
6700	0.2	0.29	0.29	0	0	0.2
6800	0.19	0.28	0.28	0	0	0.19
6900	0.2	0.28	0.28	0	0	0.2
7000	0.22	0.29	0.29	0	0	0.22
7100	0.23	0.29	0.29	0	0	0.23
7200	0.23	0.29	0.29	0	0	0.23
7300	0.24	0.29	0.29	0	0	0.24
7400	0.24	0.3	0.3	0	0	0.24
7500	0.25	0.31	0.31	0	0	0.25
7600	0.25	0.31	0.31	0	0	0.25
7700	0.27	0.31	0.31	0	0	0.27
7800	0.27	0.3	0.3	0	0	0.27
7900	0.27	0.29	0.29	0	0	0.27
8000	0.29	0.28	0.28	0	0	0.29
8100	0.28	0.28	0.28	0	0	0.28
8200	0.29	0.29	0.29	0	0	0.29
8300	0.29	0.29	0.29	0	0	0.29
8400	0.29	0.29	0.29	0	0	0.29
8500	0.27	0.29	0.29	0	0	0.27
8600	0.27	0.29	0.29	0	0	0.27
8700	0.27	0.3	0.3	0	0	0.27
8800	0.27	0.31	0.31	0	0	0.27
8900	0.27	0.31	0.31	0	0	0.27
9000	0.27	0.31	0.31	0	0	0.27
9100	0.27	0.31	0.31	0	0	0.27
9200	0.26	0.32	0.32	0	0	0.26
9300	0.26	0.31	0.31	0	0	0.26
9400	0.27	0.31	0.31	0	0	0.27
9500	0.28	0.31	0.31	0	0	0.28
9600	0.26	0.31	0.31	0	0	0.26
9700	0.28	0.31	0.31	0	0	0.28
9800	0.25	0.31	0.31	0	0	0.25
9900	0.25	0.32	0.32	0	0	0.25
10000	0.25	0.32	0.32	0	0	0.25
10100	0.26	0.32	0.32	0	0	0.26
10200	0.28	0.32	0.32	0	0	0.28
10300	0.28	0.32	0.32	0	0	0.28
10400	0.29	0.33	0.33	0	0	0.29
10500	0.3	0.35	0.35	0	0	0.3
10600	0.3	0.35	0.35	0	0	0.3
10700	0.3	0.35	0.35	0	0	0.3
10800	0.3	0.34	0.34	0	0	0.3
10900	0.3	0.34	0.34	0	0	0.3
11000	0.31	0.34	0.34	0	0	0.31
11100	0.31	0.34	0.34	0	0	0.31
11200	0.31	0.34	0.34	0	0	0.31
11300	0.34	0.34	0.34	0	0	0.34
11400	0.34	0.33	0.33	0	0	0.34
11500	0.34	0.3	0.3	0	0	0.34
11600	0.33	0.3	0.3	0	0	0.33
11700	0.33	0.29	0.29	0	0	0.33
11800	0.35	0.29	0.29	0	0	0.35
11900	0.34	0.29	0.29	0	0	0.34
12000	0.34	0.27	0.27	0	0	0.34
12100	0.33	0.27	0.27	0	0	0.33
12200	0.34	0.27	0.27	0	0	0.34
12300	0.34	0.27	0.27	0	0	0.34
12400	0.33	0.27	0.27	0	0	0.33
12500	0.32	0.29	0.29	0	0	0.32
12600	0.34	0.29	0.29	0	0	0.34
12700	0.34	0.29	0.29	0	0	0.34
12800	0.35	0.29	0.29	0	0	0.35
12900	0.35	0.29	0.29	0	0	0.35
13000	0.35	0.29	0.29	0	0	0.35
13100	0.35	0.3	0.3	0	0	0.35
13200	0.34	0.29	0.29	0	0	0.34
13300	0.34	0.29	0.29	0	0	0.34
13400	0.34	0.29	0.29	0	0	0.34
13500	0.34	0.29	0.29	0	0	0.34
13600	0.32	0.3	0.3	0	0	0.32
13700	0.32	0.31	0.31	0	0	0.32
13800	0.33	0.31	0.31	0	0	0.33
13900	0.34	0.31	0.31	0	0	0.34
14000	0.34	0.32	0.32	0	0	0.34
14100	0.32	0.32	0.32	0	0	0.32
14200	0.32	0.32	0.32	0	0	0.32
14300	0.32	0.32	0.32	0	0	0.32
14400	0.32	0.32	0.32	0	0	0.32
14500	0.31	0.33	0.33	0	0	0.31
14600	0.31	0.33	0.33	0	0	0.31
14700	0.31	0.33	0.33	0	0	0.31
14800	0.31	0.33	0.33	0	0	0.31
14900	0.31	0.34	0.34	0	0	0.31
15000	0.33	0.34	0.34	0	0	0.33
15100	0.33	0.36	0.36	0	0	0.33
15200	0.33	0.36	0.36	0	0	0.33
15300	0.34	0.36	0.36	0	0	0.34
15400	0.33	0.36	0.36	0	0	0.33
15500	0.33	0.36	0.36	0	0	0.33
15600	0.33	0.35	0.35	0	0	0.33
15700	0.33	0.35	0.35	0	0	0.33
15800	0.32	0.35	0.35	0	0	0.32
15900	0.33	0.34	0.34	0	0	0.33
16000	0.31	0.34	0.34	0	0	0.31
16100	0.32	0.34	0.34	0	0	0.32
16200	0.32	0.34	0.34	0	0	0.32
16300	0.32	0.34	0.34	0	0	0.32
16400	0.32	0.34	0.34	0	0	0.32
16500	0.32	0.34	0.34	0	0	0.32
16600	0.32	0.36	0.36	0	0	0.32
16700	0.33	0.35	0.35	0	0	0.33
16800	0.34	0.36	0.36	0	0	0.34
16900	0.34	0.36	0.36	0	0	0.34
17000	0.34	0.36	0.36	0	0	0.34
17100	0.34	0.36	0.36	0	0	0.34
17200	0.34	0.35	0.35	0	0	0.34
17300	0.35	0.35	0.35	0	0	0.35
17400	0.35	0.35	0.35	0	0	0.35
17500	0.35	0.35	0.35	0	0	0.35
17600	0.35	0.35	0.35	0	0	0.35
17700	0.35	0.35	0.35	0	0	0.35
17800	0.35	0.35	0.35	0	0	0.35
17900	0.35	0.35	0.35	0	0	0.35
18000	0.36	0.33	0.33	0	0	0.36
18100	0.36	0.34	0.34	0	0	0.36
18200	0.36	0.35	0.35	0	0	0.36
18300	0.36	0.35	0.35	0	0	0.36
18400	0.36	0.36	0.36	0	0	0.36
18500	0.36	0.35	0.35	0	0	0.36
18600	0.36	0.35	0.35	0	0	0.36
18700	0.36	0.35	0.35	0	0	0.36
18800	0.36	0.35	0.35	0	0	0.36
18900	0.36	0.36	0.36	0	0	0.36
19000	0.36	0.37	0.37	0	0	0.36
19100	0.36	0.36	0.36	0	0	0.36
19200	0.36	0.37	0.37	0	0	0.36
19300	0.36	0.37	0.37	0	0	0.36
19400	0.36	0.38	0.38	0	0	0.36
19500	0.36	0.38	0.38	0	0	0.36
19600	0.36	0.37	0.37	0	0	0.36
19700	0.36	0.38	0.38	0	0	0.36
19800	0.37	0.38	0.38	0	0	0.37
19900	0.36	0.38	0.38	0	0	0.36
20000	0.34	0.37	0.37	0	0	0.34
20100	0.34	0.38	0.38	0	0	0.34
20200	0.34	0.38	0.38	0	0	0.34
20300	0.34	0.38	0.38	0	0	0.34
20400	0.34	0.38	0.38	0	0	0.34
20500	0.35	0.38	0.38	0	0	0.35
20600	0.35	0.36	0.36	0	0	0.35
20700	0.35	0.36	0.36	0	0	0.35
20800	0.36	0.36	0.36	0	0	0.36
20900	0.36	0.33	0.33	0	0	0.36
21000	0.36	0.32	0.32	0	0	0.36
21100	0.36	0.3	0.3	0	0	0.36
21200	0.36	0.28	0.28	0	0	0.36
21300	0.37	0.28	0.28	0	0	0.37
21400	0.37	0.28	0.28	0	0	0.37
21500	0.37	0.28	0.28	0	0	0.37
21600	0.36	0.28	0.28	0	0	0.36
21700	0.36	0.27	0.27	0	0	0.36
21800	0.36	0.27	0.27	0	0	0.36
21900	0.36	0.28	0.28	0	0	0.36
22000	0.36	0.28	0.28	0	0	0.36
22100	0.35	0.29	0.29	0	0	0.35
22200	0.36	0.3	0.3	0	0	0.36
22300	0.34	0.3	0.3	0	0	0.34
22400	0.34	0.31	0.31	0	0	0.34
22500	0.34	0.3	0.3	0	0	0.34
22600	0.34	0.29	0.29	0	0	0.34
22700	0.34	0.29	0.29	0	0	0.34
22800	0.34	0.29	0.29	0	0	0.34
22900	0.34	0.29	0.29	0	0	0.34
23000	0.35	0.29	0.29	0	0	0.35
23100	0.35	0.29	0.29	0	0	0.35
23200	0.35	0.3	0.3	0	0	0.35
23300	0.35	0.3	0.3	0	0	0.35
23400	0.34	0.3	0.3	0	0	0.34
23500	0.34	0.32	0.32	0	0	0.34
23600	0.34	0.32	0.32	0	0	0.34
23700	0.34	0.32	0.32	0	0	0.34
23800	0.34	0.32	0.32	0	0	0.34
23900	0.34	0.32	0.32	0	0	0.34
24000	0.34	0.32	0.32	0	0	0.34
24100	0.34	0.32	0.32	0	0	0.34
24200	0.34	0.32	0.32	0	0	0.34
24300	0.34	0.32	0.32	0	0	0.34
24400	0.34	0.32	0.32	0	0	0.34
24500	0.34	0.32	0.32	0	0	0.34
24600	0.34	0.32	0.32	0	0	0.34
24700	0.35	0.31	0.31	0	0	0.35
24800	0.35	0.31	0.31	0	0	0.35
24900	0.35	0.31	0.31	0	0	0.35
25000	0.35	0.31	0.31	0	0	0.35
25100	0.34	0.31	0.31	0	0	0.34
25200	0.34	0.32	0.32	0	0	0.34
25300	0.34	0.31	0.31	0	0	0.34
25400	0.35	0.31	0.31	0	0	0.35
25500	0.35	0.31	0.31	0	0	0.35
25600	0.35	0.32	0.32	0	0	0.35
25700	0.35	0.32	0.32	0	0	0.35
25800	0.36	0.32	0.32	0	0	0.36
25900	0.34	0.32	0.32	0	0	0.34
26000	0.33	0.32	0.32	0	0	0.33
26100	0.33	0.32	0.32	0	0	0.33
26200	0.32	0.32	0.32	0	0	0.32
26300	0.32	0.32	0.32	0	0	0.32
26400	0.32	0.32	0.32	0	0	0.32
26500	0.33	0.32	0.32	0	0	0.33
26600	0.34	0.32	0.32	0	0	0.34
26700	0.33	0.32	0.32	0	0	0.33
26800	0.33	0.32	0.32	0	0	0.33
26900	0.33	0.32	0.32	0	0	0.33
27000	0.33	0.33	0.33	0	0	0.33
27100	0.33	0.33	0.33	0	0	0.33
27200	0.33	0.33	0.33	0	0	0.33
27300	0.33	0.33	0.33	0	0	0.33
27400	0.33	0.33	0.33	0	0	0.33
27500	0.33	0.33	0.33	0	0	0.33
27600	0.33	0.34	0.34	0	0	0.33
27700	0.33	0.34	0.34	0	0	0.33
27800	0.33	0.34	0.34	0	0	0.33
27900	0.32	0.34	0.34	0	0	0.32
28000	0.32	0.34	0.34	0	0	0.32
28100	0.32	0.35	0.35	0	0	0.32
28200	0.32	0.36	0.36	0	0	0.32
28300	0.33	0.36	0.36	0	0	0.33
28400	0.33	0.36	0.36	0	0	0.33
28500	0.33	0.36	0.36	0	0	0.33
28600	0.33	0.36	0.36	0	0	0.33
28700	0.33	0.36	0.36	0	0	0.33
28800	0.31	0.36	0.36	0	0	0.31
28900	0.29	0.36	0.36	0	0	0.29
29000	0.28	0.36	0.36	0	0	0.28
29100	0.27	0.36	0.36	0	0	0.27
29200	0.26	0.37	0.37	0	0	0.26
29300	0.25	0.36	0.36	0	0	0.25
29400	0.25	0.36	0.36	0	0	0.25
29500	0.25	0.37	0.37	0	0	0.25
29600	0.25	0.38	0.38	0	0	0.25
29700	0.25	0.38	0.38	0	0	0.25
29800	0.25	0.38	0.38	0	0	0.25
29900	0.25	0.38	0.38	0	0	0.25
30000	0.26	0.39	0.39	0	0	0.26
30100	0.27	0.39	0.39	0	0	0.27
30200	0.26	0.39	0.39	0	0	0.26
30300	0.26	0.4	0.4	0	0	0.26
30400	0.26	0.39	0.39	0	0	0.26
30500	0.26	0.39	0.39	0	0	0.26
30600	0.27	0.39	0.39	0	0	0.27
30700	0.27	0.39	0.39	0	0	0.27
30800	0.27	0.39	0.39	0	0	0.27
30900	0.28	0.4	0.4	0	0	0.28
31000	0.27	0.4	0.4	0	0	0.27
31100	0.27	0.4	0.4	0	0	0.27
31200	0.28	0.4	0.4	0	0	0.28
31300	0.28	0.4	0.4	0	0	0.28
31400	0.28	0.39	0.39	0	0	0.28
31500	0.28	0.4	0.4	0	0	0.28
31600	0.29	0.39	0.39	0	0	0.29
31700	0.28	0.39	0.39	0	0	0.28
31800	0.28	0.39	0.39	0	0	0.28
31900	0.27	0.4	0.4	0	0	0.27
32000	0.27	0.4	0.4	0	0	0.27
32100	0.27	0.39	0.39	0	0	0.27
32200	0.27	0.39	0.39	0	0	0.27
32300	0.27	0.39	0.39	0	0	0.27
32400	0.27	0.39	0.39	0	0	0.27
32500	0.27	0.4	0.4	0	0	0.27
32600	0.27	0.4	0.4	0	0	0.27
32700	0.28	0.4	0.4	0	0	0.28
32800	0.29	0.39	0.39	0	0	0.29
32900	0.29	0.38	0.38	0	0	0.29
33000	0.29	0.38	0.38	0	0	0.29
33100	0.3	0.38	0.38	0	0	0.3
33200	0.3	0.39	0.39	0	0	0.3
33300	0.29	0.39	0.39	0	0	0.29
33400	0.29	0.39	0.39	0	0	0.29
33500	0.29	0.4	0.4	0	0	0.29
33600	0.29	0.4	0.4	0	0	0.29
33700	0.31	0.4	0.4	0	0	0.31
33800	0.3	0.4	0.4	0	0	0.3
33900	0.3	0.4	0.4	0	0	0.3
34000	0.29	0.4	0.4	0	0	0.29
34100	0.29	0.4	0.4	0	0	0.29
34200	0.29	0.4	0.4	0	0	0.29
34300	0.29	0.4	0.4	0	0	0.29
34400	0.3	0.4	0.4	0	0	0.3
34500	0.29	0.4	0.4	0	0	0.29
34600	0.29	0.4	0.4	0	0	0.29
34700	0.29	0.41	0.41	0	0	0.29
34800	0.29	0.41	0.41	0	0	0.29
34900	0.3	0.41	0.41	0	0	0.3
35000	0.28	0.41	0.41	0	0	0.28
35100	0.27	0.42	0.42	0	0	0.27
35200	0.27	0.42	0.42	0	0	0.27
35300	0.27	0.42	0.42	0	0	0.27
35400	0.26	0.42	0.42	0	0	0.26
35500	0.27	0.42	0.42	0	0	0.27
35600	0.27	0.42	0.42	0	0	0.27
35700	0.27	0.43	0.43	0	0	0.27
35800	0.27	0.42	0.42	0	0	0.27
35900	0.28	0.42	0.42	0	0	0.28
36000	0.28	0.42	0.42	0	0	0.28
36100	0.29	0.42	0.42	0	0	0.29
36200	0.28	0.42	0.42	0	0	0.28
36300	0.28	0.42	0.42	0	0	0.28
36400	0.28	0.43	0.43	0	0	0.28
36500	0.28	0.43	0.43	0	0	0.28
36600	0.28	0.43	0.43	0	0	0.28
36700	0.28	0.42	0.42	0	0	0.28
36800	0.28	0.42	0.42	0	0	0.28
36900	0.26	0.42	0.42	0	0	0.26
37000	0.26	0.43	0.43	0	0	0.26
37100	0.26	0.43	0.43	0	0	0.26
37200	0.26	0.44	0.44	0	0	0.26
37300	0.26	0.44	0.44	0	0	0.26
37400	0.26	0.45	0.45	0	0	0.26
37500	0.27	0.45	0.45	0	0	0.27
37600	0.27	0.45	0.45	0	0	0.27
37700	0.28	0.46	0.46	0	0	0.28
37800	0.28	0.45	0.45	0	0	0.28
37900	0.28	0.45	0.45	0	0	0.28
38000	0.28	0.45	0.45	0	0	0.28
38100	0.28	0.46	0.46	0	0	0.28
38200	0.28	0.46	0.46	0	0	0.28
38300	0.28	0.46	0.46	0	0	0.28
38400	0.28	0.46	0.46	0	0	0.28
38500	0.28	0.46	0.46	0	0	0.28
38600	0.28	0.47	0.47	0	0	0.28
38700	0.28	0.46	0.46	0	0	0.28
38800	0.29	0.46	0.46	0	0	0.29
38900	0.29	0.46	0.46	0	0	0.29
39000	0.29	0.46	0.46	0	0	0.29
39100	0.29	0.43	0.43	0	0	0.29
39200	0.29	0.43	0.43	0	0	0.29
39300	0.29	0.43	0.43	0	0	0.29
39400	0.29	0.42	0.42	0	0	0.29
39500	0.29	0.42	0.42	0	0	0.29
39600	0.29	0.42	0.42	0	0	0.29
39700	0.29	0.42	0.42	0	0	0.29
39800	0.3	0.42	0.42	0	0	0.3
39900	0.3	0.42	0.42	0	0	0.3
40000	0.3	0.42	0.42	0	0	0.3
40100	0.3	0.43	0.43	0	0	0.3
40200	0.3	0.43	0.43	0	0	0.3
40300	0.3	0.43	0.43	0	0	0.3
40400	0.3	0.42	0.42	0	0	0.3
40500	0.3	0.43	0.43	0	0	0.3
40600	0.31	0.43	0.43	0	0	0.31
40700	0.32	0.43	0.43	0	0	0.32
40800	0.31	0.43	0.43	0	0	0.31
40900	0.31	0.43	0.43	0	0	0.31
41000	0.31	0.43	0.43	0	0	0.31
41100	0.3	0.43	0.43	0	0	0.3
41200	0.3	0.43	0.43	0	0	0.3
41300	0.3	0.43	0.43	0	0	0.3
41400	0.31	0.42	0.42	0	0	0.31
41500	0.3	0.43	0.43	0	0	0.3
41600	0.29	0.43	0.43	0	0	0.29
41700	0.29	0.43	0.43	0	0	0.29
41800	0.29	0.43	0.43	0	0	0.29
41900	0.31	0.43	0.43	0	0	0.31
42000	0.29	0.43	0.43	0	0	0.29
42100	0.3	0.43	0.43	0	0	0.3
42200	0.3	0.43	0.43	0	0	0.3
42300	0.3	0.43	0.43	0	0	0.3
42400	0.3	0.43	0.43	0	0	0.3
42500	0.3	0.44	0.44	0	0	0.3
42600	0.3	0.44	0.44	0	0	0.3
42700	0.3	0.45	0.45	0	0	0.3
42800	0.3	0.45	0.45	0	0	0.3
42900	0.3	0.45	0.45	0	0	0.3
43000	0.29	0.45	0.45	0	0	0.29
43100	0.29	0.45	0.45	0	0	0.29
43200	0.29	0.44	0.44	0	0	0.29
43300	0.29	0.44	0.44	0	0	0.29
43400	0.29	0.44	0.44	0	0	0.29
43500	0.3	0.43	0.43	0	0	0.3
43600	0.3	0.43	0.43	0	0	0.3
43700	0.3	0.43	0.43	0	0	0.3
43800	0.31	0.43	0.43	0	0	0.31
43900	0.3	0.43	0.43	0	0	0.3
44000	0.31	0.43	0.43	0	0	0.31
44100	0.31	0.44	0.44	0	0	0.31
44200	0.32	0.43	0.43	0	0	0.32
44300	0.32	0.43	0.43	0	0	0.32
44400	0.32	0.43	0.43	0	0	0.32
44500	0.32	0.43	0.43	0	0	0.32
44600	0.32	0.43	0.43	0	0	0.32
44700	0.32	0.41	0.41	0	0	0.32
44800	0.33	0.41	0.41	0	0	0.33
44900	0.33	0.41	0.41	0	0	0.33
45000	0.33	0.41	0.41	0	0	0.33
45100	0.33	0.41	0.41	0	0	0.33
45200	0.33	0.41	0.41	0	0	0.33
45300	0.33	0.41	0.41	0	0	0.33
45400	0.33	0.41	0.41	0	0	0.33
45500	0.33	0.41	0.41	0	0	0.33
45600	0.33	0.41	0.41	0	0	0.33
45700	0.33	0.41	0.41	0	0	0.33
45800	0.32	0.41	0.41	0	0	0.32
45900	0.32	0.41	0.41	0	0	0.32
46000	0.32	0.4	0.4	0	0	0.32
46100	0.34	0.4	0.4	0	0	0.34
46200	0.33	0.39	0.39	0	0	0.33
46300	0.33	0.39	0.39	0	0	0.33
46400	0.34	0.39	0.39	0	0	0.34
46500	0.33	0.39	0.39	0	0	0.33
46600	0.34	0.39	0.39	0	0	0.34
46700	0.34	0.39	0.39	0	0	0.34
46800	0.34	0.39	0.39	0	0	0.34
46900	0.34	0.4	0.4	0	0	0.34
47000	0.35	0.39	0.39	0	0	0.35
47100	0.36	0.39	0.39	0	0	0.36
47200	0.35	0.4	0.4	0	0	0.35
47300	0.36	0.4	0.4	0	0	0.36
47400	0.37	0.4	0.4	0	0	0.37
47500	0.37	0.4	0.4	0	0	0.37
47600	0.37	0.4	0.4	0	0	0.37
47700	0.37	0.4	0.4	0	0	0.37
47800	0.37	0.4	0.4	0	0	0.37
47900	0.37	0.4	0.4	0	0	0.37
48000	0.37	0.4	0.4	0	0	0.37
48100	0.37	0.4	0.4	0	0	0.37
48200	0.37	0.4	0.4	0	0	0.37
48300	0.37	0.41	0.41	0	0	0.37
48400	0.37	0.4	0.4	0	0	0.37
48500	0.37	0.4	0.4	0	0	0.37
48600	0.38	0.4	0.4	0	0	0.38
48700	0.38	0.4	0.4	0	0	0.38
48800	0.38	0.42	0.42	0	0	0.38
48900	0.38	0.41	0.41	0	0	0.38
49000	0.38	0.41	0.41	0	0	0.38
49100	0.38	0.41	0.41	0	0	0.38
49200	0.38	0.41	0.41	0	0	0.38
49300	0.38	0.41	0.41	0	0	0.38
49400	0.38	0.41	0.41	0	0	0.38
49500	0.38	0.41	0.41	0	0	0.38
49600	0.38	0.41	0.41	0	0	0.38
49700	0.38	0.42	0.42	0	0	0.38
49800	0.38	0.42	0.42	0	0	0.38
49900	0.38	0.42	0.42	0	0	0.38
50000	0.38	0.42	0.42	0	0	0.38
50100	0.38	0.42	0.42	0	0	0.38
50200	0.38	0.42	0.42	0	0	0.38
50300	0.38	0.42	0.42	0	0	0.38
50400	0.38	0.42	0.42	0	0	0.38
50500	0.39	0.42	0.42	0	0	0.39
50600	0.39	0.42	0.42	0	0	0.39
50700	0.39	0.42	0.42	0	0	0.39
50800	0.39	0.42	0.42	0	0	0.39
50900	0.39	0.42	0.42	0	0	0.39
51000	0.39	0.42	0.42	0	0	0.39
51100	0.39	0.42	0.42	0	0	0.39
51200	0.39	0.42	0.42	0	0	0.39
51300	0.39	0.42	0.42	0	0	0.39
51400	0.39	0.42	0.42	0	0	0.39
51500	0.39	0.43	0.43	0	0	0.39
51600	0.39	0.42	0.42	0	0	0.39
51700	0.39	0.42	0.42	0	0	0.39
51800	0.39	0.42	0.42	0	0	0.39
51900	0.39	0.42	0.42	0	0	0.39
52000	0.39	0.42	0.42	0	0	0.39
52100	0.39	0.42	0.42	0	0	0.39
52200	0.4	0.42	0.42	0	0	0.4
52300	0.4	0.42	0.42	0	0	0.4
52400	0.4	0.42	0.42	0	0	0.4
52500	0.4	0.41	0.41	0	0	0.4
52600	0.39	0.41	0.41	0	0	0.39
52700	0.39	0.41	0.41	0	0	0.39
52800	0.4	0.41	0.41	0	0	0.4
52900	0.39	0.41	0.41	0	0	0.39
53000	0.38	0.41	0.41	0	0	0.38
53100	0.38	0.41	0.41	0	0	0.38
53200	0.38	0.41	0.41	0	0	0.38
53300	0.39	0.41	0.41	0	0	0.39
53400	0.39	0.41	0.41	0	0	0.39
53500	0.39	0.41	0.41	0	0	0.39
53600	0.39	0.41	0.41	0	0	0.39
53700	0.39	0.42	0.42	0	0	0.39
53800	0.39	0.42	0.42	0	0	0.39
53900	0.39	0.42	0.42	0	0	0.39
54000	0.39	0.42	0.42	0	0	0.39
54100	0.39	0.42	0.42	0	0	0.39
54200	0.39	0.42	0.42	0	0	0.39
54300	0.39	0.42	0.42	0	0	0.39
54400	0.39	0.42	0.42	0	0	0.39
54500	0.39	0.42	0.42	0	0	0.39
54600	0.39	0.42	0.42	0	0	0.39
54700	0.39	0.43	0.43	0	0	0.39
54800	0.39	0.42	0.42	0	0	0.39
54900	0.39	0.42	0.42	0	0	0.39
55000	0.39	0.42	0.42	0	0	0.39
55100	0.39	0.42	0.42	0	0	0.39
55200	0.39	0.42	0.42	0	0	0.39
55300	0.39	0.42	0.42	0	0	0.39
55400	0.39	0.41	0.41	0	0	0.39
55500	0.39	0.41	0.41	0	0	0.39
55600	0.39	0.41	0.41	0	0	0.39
55700	0.4	0.4	0.4	0	0	0.4
55800	0.38	0.4	0.4	0	0	0.38
55900	0.38	0.41	0.41	0	0	0.38
56000	0.38	0.4	0.4	0	0	0.38
56100	0.38	0.4	0.4	0	0	0.38
56200	0.38	0.4	0.4	0	0	0.38
56300	0.39	0.4	0.4	0	0	0.39
56400	0.39	0.4	0.4	0	0	0.39
56500	0.39	0.4	0.4	0	0	0.39
56600	0.39	0.4	0.4	0	0	0.39
56700	0.39	0.41	0.41	0	0	0.39
56800	0.4	0.4	0.4	0	0	0.4
56900	0.4	0.4	0.4	0	0	0.4
57000	0.4	0.4	0.4	0	0	0.4
57100	0.4	0.4	0.4	0	0	0.4
57200	0.4	0.4	0.4	0	0	0.4
57300	0.4	0.4	0.4	0	0	0.4
57400	0.41	0.4	0.4	0	0	0.41
57500	0.41	0.4	0.4	0	0	0.41
57600	0.41	0.4	0.4	0	0	0.41
57700	0.41	0.4	0.4	0	0	0.41
57800	0.41	0.4	0.4	0	0	0.41
57900	0.41	0.4	0.4	0	0	0.41
58000	0.41	0.4	0.4	0	0	0.41
58100	0.41	0.4	0.4	0	0	0.41
58200	0.41	0.4	0.4	0	0	0.41
58300	0.4	0.4	0.4	0	0	0.4
58400	0.4	0.4	0.4	0	0	0.4
58500	0.41	0.4	0.4	0	0	0.41
58600	0.41	0.4	0.4	0	0	0.41
58700	0.41	0.4	0.4	0	0	0.41
58800	0.41	0.4	0.4	0	0	0.41
58900	0.41	0.4	0.4	0	0	0.41
59000	0.41	0.41	0.41	0	0	0.41
59100	0.41	0.41	0.41	0	0	0.41
59200	0.4	0.41	0.41	0	0	0.4
59300	0.4	0.42	0.42	0	0	0.4
59400	0.4	0.42	0.42	0	0	0.4
59500	0.39	0.41	0.41	0	0	0.39
59600	0.39	0.41	0.41	0	0	0.39
59700	0.39	0.42	0.42	0	0	0.39
59800	0.39	0.41	0.41	0	0	0.39
59900	0.39	0.41	0.41	0	0	0.39
60000	0.39	0.41	0.41	0	0	0.39
60100	0.39	0.41	0.41	0	0	0.39
60200	0.39	0.41	0.41	0	0	0.39
60300	0.39	0.41	0.41	0	0	0.39
60400	0.38	0.41	0.41	0	0	0.38
60500	0.38	0.41	0.41	0	0	0.38
60600	0.37	0.42	0.42	0	0	0.37
60700	0.37	0.41	0.41	0	0	0.37
60800	0.37	0.41	0.41	0	0	0.37
60900	0.37	0.41	0.41	0	0	0.37
61000	0.36	0.41	0.41	0	0	0.36
61100	0.36	0.41	0.41	0	0	0.36
61200	0.36	0.41	0.41	0	0	0.36
61300	0.36	0.41	0.41	0	0	0.36
61400	0.35	0.41	0.41	0	0	0.35
61500	0.34	0.41	0.41	0	0	0.34
61600	0.35	0.41	0.41	0	0	0.35
61700	0.35	0.41	0.41	0	0	0.35
61800	0.35	0.42	0.42	0	0	0.35
61900	0.35	0.4	0.4	0	0	0.35
62000	0.35	0.4	0.4	0	0	0.35
62100	0.35	0.4	0.4	0	0	0.35
62200	0.34	0.4	0.4	0	0	0.34
62300	0.35	0.4	0.4	0	0	0.35
62400	0.35	0.4	0.4	0	0	0.35
62500	0.35	0.4	0.4	0	0	0.35
62600	0.35	0.41	0.41	0	0	0.35
62700	0.35	0.41	0.41	0	0	0.35
62800	0.35	0.41	0.41	0	0	0.35
62900	0.36	0.41	0.41	0	0	0.36
63000	0.37	0.41	0.41	0	0	0.37
63100	0.37	0.41	0.41	0	0	0.37
63200	0.37	0.42	0.42	0	0	0.37
63300	0.37	0.43	0.43	0	0	0.37
63400	0.36	0.43	0.43	0	0	0.36
63500	0.36	0.43	0.43	0	0	0.36
63600	0.37	0.43	0.43	0	0	0.37
63700	0.35	0.43	0.43	0	0	0.35
63800	0.35	0.44	0.44	0	0	0.35
63900	0.35	0.44	0.44	0	0	0.35
64000	0.35	0.44	0.44	0	0	0.35
64100	0.35	0.44	0.44	0	0	0.35
64200	0.35	0.43	0.43	0	0	0.35
64300	0.35	0.42	0.42	0	0	0.35
64400	0.35	0.42	0.42	0	0	0.35
64500	0.35	0.42	0.42	0	0	0.35
64600	0.35	0.42	0.42	0	0	0.35
64700	0.35	0.42	0.42	0	0	0.35
64800	0.35	0.42	0.42	0	0	0.35
64900	0.35	0.43	0.43	0	0	0.35
65000	0.35	0.42	0.42	0	0	0.35
65100	0.35	0.42	0.42	0	0	0.35
65200	0.35	0.42	0.42	0	0	0.35
65300	0.35	0.42	0.42	0	0	0.35
65400	0.35	0.43	0.43	0	0	0.35
65500	0.35	0.42	0.42	0	0	0.35
65600	0.35	0.42	0.42	0	0	0.35
65700	0.35	0.42	0.42	0	0	0.35
65800	0.35	0.42	0.42	0	0	0.35
65900	0.35	0.42	0.42	0	0	0.35
66000	0.35	0.42	0.42	0	0	0.35
66100	0.35	0.43	0.43	0	0	0.35
66200	0.35	0.43	0.43	0	0	0.35
66300	0.35	0.43	0.43	0	0	0.35
66400	0.36	0.44	0.44	0	0	0.36
66500	0.36	0.43	0.43	0	0	0.36
66600	0.36	0.43	0.43	0	0	0.36
66700	0.36	0.43	0.43	0	0	0.36
66800	0.36	0.44	0.44	0	0	0.36
66900	0.36	0.44	0.44	0	0	0.36
67000	0.36	0.44	0.44	0	0	0.36
67100	0.36	0.44	0.44	0	0	0.36
67200	0.36	0.44	0.44	0	0	0.36
67300	0.36	0.44	0.44	0	0	0.36
67400	0.36	0.44	0.44	0	0	0.36
67500	0.36	0.44	0.44	0	0	0.36
67600	0.36	0.44	0.44	0	0	0.36
67700	0.37	0.44	0.44	0	0	0.37
67800	0.37	0.44	0.44	0	0	0.37
67900	0.37	0.44	0.44	0	0	0.37
68000	0.37	0.44	0.44	0	0	0.37
68100	0.37	0.44	0.44	0	0	0.37
68200	0.37	0.44	0.44	0	0	0.37
68300	0.37	0.44	0.44	0	0	0.37
68400	0.37	0.45	0.45	0	0	0.37
68500	0.37	0.45	0.45	0	0	0.37
68600	0.37	0.46	0.46	0	0	0.37
68700	0.36	0.46	0.46	0	0	0.36
68800	0.36	0.46	0.46	0	0	0.36
68900	0.36	0.46	0.46	0	0	0.36
69000	0.36	0.46	0.46	0	0	0.36
69100	0.36	0.46	0.46	0	0	0.36
69200	0.37	0.46	0.46	0	0	0.37
69300	0.37	0.47	0.47	0	0	0.37
69400	0.37	0.46	0.46	0	0	0.37
69500	0.37	0.46	0.46	0	0	0.37
69600	0.37	0.46	0.46	0	0	0.37
69700	0.37	0.46	0.46	0	0	0.37
69800	0.36	0.46	0.46	0	0	0.36
69900	0.36	0.45	0.45	0	0	0.36
70000	0.36	0.45	0.45	0	0	0.36
70100	0.36	0.45	0.45	0	0	0.36
70200	0.36	0.45	0.45	0	0	0.36
70300	0.37	0.45	0.45	0	0	0.37
70400	0.37	0.45	0.45	0	0	0.37
70500	0.37	0.45	0.45	0	0	0.37
70600	0.37	0.47	0.47	0	0	0.37
70700	0.37	0.46	0.46	0	0	0.37
70800	0.37	0.46	0.46	0	0	0.37
70900	0.38	0.46	0.46	0	0	0.38
71000	0.38	0.46	0.46	0	0	0.38
71100	0.38	0.46	0.46	0	0	0.38
71200	0.38	0.47	0.47	0	0	0.38
71300	0.38	0.46	0.46	0	0	0.38
71400	0.38	0.46	0.46	0	0	0.38
71500	0.38	0.46	0.46	0	0	0.38
71600	0.38	0.46	0.46	0	0	0.38
71700	0.38	0.46	0.46	0	0	0.38
71800	0.38	0.45	0.45	0	0	0.38
71900	0.38	0.45	0.45	0	0	0.38
72000	0.38	0.45	0.45	0	0	0.38
72100	0.38	0.45	0.45	0	0	0.38
72200	0.38	0.45	0.45	0	0	0.38
72300	0.38	0.45	0.45	0	0	0.38
72400	0.38	0.45	0.45	0	0	0.38
72500	0.37	0.45	0.45	0	0	0.37
72600	0.37	0.45	0.45	0	0	0.37
72700	0.37	0.45	0.45	0	0	0.37
72800	0.37	0.45	0.45	0	0	0.37
72900	0.38	0.45	0.45	0	0	0.38
73000	0.37	0.45	0.45	0	0	0.37
73100	0.37	0.45	0.45	0	0	0.37
73200	0.37	0.45	0.45	0	0	0.37
73300	0.37	0.45	0.45	0	0	0.37
73400	0.37	0.46	0.46	0	0	0.37
73500	0.37	0.45	0.45	0	0	0.37
73600	0.37	0.44	0.44	0	0	0.37
73700	0.37	0.45	0.45	0	0	0.37
73800	0.37	0.45	0.45	0	0	0.37
73900	0.37	0.45	0.45	0	0	0.37
74000	0.37	0.45	0.45	0	0	0.37
74100	0.37	0.44	0.44	0	0	0.37
74200	0.37	0.44	0.44	0	0	0.37
74300	0.37	0.44	0.44	0	0	0.37
74400	0.37	0.44	0.44	0	0	0.37
74500	0.37	0.44	0.44	0	0	0.37
74600	0.37	0.44	0.44	0	0	0.37
74700	0.37	0.44	0.44	0	0	0.37
74800	0.37	0.43	0.43	0	0	0.37
74900	0.37	0.42	0.42	0	0	0.37
75000	0.37	0.42	0.42	0	0	0.37
75100	0.37	0.41	0.41	0	0	0.37
75200	0.37	0.41	0.41	0	0	0.37
75300	0.37	0.41	0.41	0	0	0.37
75400	0.37	0.41	0.41	0	0	0.37
75500	0.37	0.41	0.41	0	0	0.37
75600	0.37	0.41	0.41	0	0	0.37
75700	0.37	0.41	0.41	0	0	0.37
75800	0.37	0.41	0.41	0	0	0.37
75900	0.37	0.42	0.42	0	0	0.37
76000	0.37	0.42	0.42	0	0	0.37
76100	0.37	0.43	0.43	0	0	0.37
76200	0.37	0.43	0.43	0	0	0.37
76300	0.37	0.41	0.41	0	0	0.37
76400	0.37	0.41	0.41	0	0	0.37
76500	0.37	0.42	0.42	0	0	0.37
76600	0.37	0.42	0.42	0	0	0.37
76700	0.37	0.42	0.42	0	0	0.37
76800	0.37	0.41	0.41	0	0	0.37
76900	0.37	0.4	0.4	0	0	0.37
77000	0.37	0.4	0.4	0	0	0.37
77100	0.37	0.4	0.4	0	0	0.37
77200	0.37	0.4	0.4	0	0	0.37
77300	0.37	0.4	0.4	0	0	0.37
77400	0.37	0.4	0.4	0	0	0.37
77500	0.37	0.4	0.4	0	0	0.37
77600	0.37	0.4	0.4	0	0	0.37
77700	0.37	0.4	0.4	0	0	0.37
77800	0.37	0.4	0.4	0	0	0.37
77900	0.37	0.4	0.4	0	0	0.37
78000	0.37	0.41	0.41	0	0	0.37
78100	0.37	0.41	0.41	0	0	0.37
78200	0.37	0.41	0.41	0	0	0.37
78300	0.37	0.41	0.41	0	0	0.37
78400	0.37	0.41	0.41	0	0	0.37
78500	0.37	0.41	0.41	0	0	0.37
78600	0.37	0.41	0.41	0	0	0.37
78700	0.37	0.42	0.42	0	0	0.37
78800	0.37	0.42	0.42	0	0	0.37
78900	0.37	0.41	0.41	0	0	0.37
79000	0.37	0.41	0.41	0	0	0.37
79100	0.37	0.41	0.41	0	0	0.37
79200	0.37	0.41	0.41	0	0	0.37
79300	0.37	0.41	0.41	0	0	0.37
79400	0.37	0.42	0.42	0	0	0.37
79500	0.37	0.42	0.42	0	0	0.37
79600	0.37	0.42	0.42	0	0	0.37
79700	0.37	0.42	0.42	0	0	0.37
79800	0.37	0.42	0.42	0	0	0.37
79900	0.37	0.42	0.42	0	0	0.37
80000	0.37	0.42	0.42	0	0	0.37
80100	0.37	0.42	0.42	0	0	0.37
80200	0.37	0.42	0.42	0	0	0.37
80300	0.38	0.42	0.42	0	0	0.38
80400	0.38	0.42	0.42	0	0	0.38
80500	0.38	0.42	0.42	0	0	0.38
80600	0.38	0.42	0.42	0	0	0.38
80700	0.38	0.43	0.43	0	0	0.38
80800	0.38	0.42	0.42	0	0	0.38
80900	0.38	0.42	0.42	0	0	0.38
81000	0.38	0.42	0.42	0	0	0.38
81100	0.38	0.42	0.42	0	0	0.38
81200	0.38	0.42	0.42	0	0	0.38
81300	0.38	0.43	0.43	0	0	0.38
81400	0.38	0.43	0.43	0	0	0.38
81500	0.38	0.44	0.44	0	0	0.38
81600	0.38	0.44	0.44	0	0	0.38
81700	0.38	0.44	0.44	0	0	0.38
81800	0.38	0.44	0.44	0	0	0.38
81900	0.38	0.44	0.44	0	0	0.38
82000	0.38	0.44	0.44	0	0	0.38
82100	0.38	0.44	0.44	0	0	0.38
82200	0.38	0.45	0.45	0	0	0.38
82300	0.38	0.45	0.45	0	0	0.38
82400	0.38	0.45	0.45	0	0	0.38
82500	0.38	0.45	0.45	0	0	0.38
82600	0.38	0.46	0.46	0	0	0.38
82700	0.38	0.45	0.45	0	0	0.38
82800	0.38	0.45	0.45	0	0	0.38
82900	0.38	0.46	0.46	0	0	0.38
83000	0.38	0.45	0.45	0	0	0.38
83100	0.38	0.45	0.45	0	0	0.38
83200	0.37	0.45	0.45	0	0	0.37
83300	0.37	0.45	0.45	0	0	0.37
83400	0.37	0.45	0.45	0	0	0.37
83500	0.37	0.45	0.45	0	0	0.37
83600	0.37	0.45	0.45	0	0	0.37
83700	0.37	0.45	0.45	0	0	0.37
83800	0.37	0.45	0.45	0	0	0.37
83900	0.37	0.45	0.45	0	0	0.37
84000	0.37	0.45	0.45	0	0	0.37
84100	0.37	0.45	0.45	0	0	0.37
84200	0.37	0.45	0.45	0	0	0.37
84300	0.37	0.45	0.45	0	0	0.37
84400	0.37	0.45	0.45	0	0	0.37
84500	0.37	0.45	0.45	0	0	0.37
84600	0.37	0.45	0.45	0	0	0.37
84700	0.37	0.45	0.45	0	0	0.37
84800	0.37	0.45	0.45	0	0	0.37
84900	0.37	0.45	0.45	0	0	0.37
85000	0.37	0.45	0.45	0	0	0.37
85100	0.37	0.45	0.45	0	0	0.37
85200	0.37	0.45	0.45	0	0	0.37
85300	0.37	0.45	0.45	0	0	0.37
85400	0.37	0.45	0.45	0	0	0.37
85500	0.37	0.45	0.45	0	0	0.37
85600	0.37	0.45	0.45	0	0	0.37
85700	0.37	0.45	0.45	0	0	0.37
85800	0.37	0.45	0.45	0	0	0.37
85900	0.37	0.45	0.45	0	0	0.37
86000	0.37	0.46	0.46	0	0	0.37
86100	0.37	0.45	0.45	0	0	0.37
86200	0.37	0.45	0.45	0	0	0.37
86300	0.37	0.45	0.45	0	0	0.37
86400	0.37	0.45	0.45	0	0	0.37
86500	0.37	0.45	0.45	0	0	0.37
86600	0.37	0.45	0.45	0	0	0.37
86700	0.36	0.45	0.45	0	0	0.36
86800	0.36	0.45	0.45	0	0	0.36
86900	0.36	0.45	0.45	0	0	0.36
87000	0.36	0.45	0.45	0	0	0.36
87100	0.36	0.46	0.46	0	0	0.36
87200	0.36	0.46	0.46	0	0	0.36
87300	0.36	0.46	0.46	0	0	0.36
87400	0.36	0.46	0.46	0	0	0.36
87500	0.36	0.45	0.45	0	0	0.36
87600	0.36	0.45	0.45	0	0	0.36
87700	0.36	0.45	0.45	0	0	0.36
87800	0.36	0.45	0.45	0	0	0.36
87900	0.36	0.45	0.45	0	0	0.36
88000	0.36	0.45	0.45	0	0	0.36
88100	0.36	0.45	0.45	0	0	0.36
88200	0.36	0.45	0.45	0	0	0.36
88300	0.36	0.45	0.45	0	0	0.36
88400	0.36	0.45	0.45	0	0	0.36
88500	0.36	0.45	0.45	0	0	0.36
88600	0.36	0.45	0.45	0	0	0.36
88700	0.36	0.45	0.45	0	0	0.36
88800	0.36	0.45	0.45	0	0	0.36
88900	0.36	0.45	0.45	0	0	0.36
89000	0.36	0.46	0.46	0	0	0.36
89100	0.36	0.46	0.46	0	0	0.36
89200	0.36	0.46	0.46	0	0	0.36
89300	0.36	0.46	0.46	0	0	0.36
89400	0.36	0.46	0.46	0	0	0.36
89500	0.36	0.46	0.46	0	0	0.36
89600	0.36	0.46	0.46	0	0	0.36
89700	0.36	0.45	0.45	0	0	0.36
89800	0.36	0.45	0.45	0	0	0.36
89900	0.36	0.46	0.46	0	0	0.36
90000	0.36	0.46	0.46	0	0	0.36
90100	0.36	0.46	0.46	0	0	0.36
90200	0.36	0.45	0.45	0	0	0.36
90300	0.36	0.45	0.45	0	0	0.36
90400	0.36	0.45	0.45	0	0	0.36
90500	0.36	0.45	0.45	0	0	0.36
90600	0.36	0.45	0.45	0	0	0.36
90700	0.36	0.45	0.45	0	0	0.36
90800	0.37	0.45	0.45	0	0	0.37
90900	0.36	0.45	0.45	0	0	0.36
91000	0.35	0.45	0.45	0	0	0.35
91100	0.35	0.45	0.45	0	0	0.35
91200	0.35	0.45	0.45	0	0	0.35
91300	0.35	0.45	0.45	0	0	0.35
91400	0.36	0.45	0.45	0	0	0.36
91500	0.35	0.45	0.45	0	0	0.35
91600	0.35	0.45	0.45	0	0	0.35
91700	0.35	0.45	0.45	0	0	0.35
91800	0.35	0.45	0.45	0	0	0.35
91900	0.35	0.45	0.45	0	0	0.35
92000	0.35	0.45	0.45	0	0	0.35
92100	0.35	0.45	0.45	0	0	0.35
92200	0.35	0.45	0.45	0	0	0.35
92300	0.35	0.45	0.45	0	0	0.35
92400	0.35	0.46	0.46	0	0	0.35
92500	0.35	0.46	0.46	0	0	0.35
92600	0.35	0.46	0.46	0	0	0.35
92700	0.35	0.45	0.45	0	0	0.35
92800	0.35	0.45	0.45	0	0	0.35
92900	0.35	0.45	0.45	0	0	0.35
93000	0.35	0.45	0.45	0	0	0.35
93100	0.35	0.45	0.45	0	0	0.35
93200	0.35	0.45	0.45	0	0	0.35
93300	0.35	0.45	0.45	0	0	0.35
93400	0.35	0.45	0.45	0	0	0.35
93500	0.35	0.45	0.45	0	0	0.35
93600	0.35	0.45	0.45	0	0	0.35
93700	0.35	0.45	0.45	0	0	0.35
93800	0.35	0.45	0.45	0	0	0.35
93900	0.35	0.45	0.45	0	0	0.35
94000	0.35	0.45	0.45	0	0	0.35
94100	0.35	0.45	0.45	0	0	0.35
94200	0.35	0.45	0.45	0	0	0.35
94300	0.35	0.45	0.45	0	0	0.35
94400	0.35	0.45	0.45	0	0	0.35
94500	0.35	0.45	0.45	0	0	0.35
94600	0.35	0.45	0.45	0	0	0.35
94700	0.35	0.45	0.45	0	0	0.35
94800	0.35	0.45	0.45	0	0	0.35
94900	0.35	0.46	0.46	0	0	0.35
95000	0.35	0.46	0.46	0	0	0.35
95100	0.35	0.46	0.46	0	0	0.35
95200	0.35	0.46	0.46	0	0	0.35
95300	0.36	0.46	0.46	0	0	0.36
95400	0.35	0.46	0.46	0	0	0.35
95500	0.35	0.46	0.46	0	0	0.35
95600	0.35	0.46	0.46	0	0	0.35
95700	0.35	0.46	0.46	0	0	0.35
95800	0.35	0.46	0.46	0	0	0.35
95900	0.35	0.46	0.46	0	0	0.35
96000	0.35	0.46	0.46	0	0	0.35
96100	0.35	0.46	0.46	0	0	0.35
96200	0.35	0.46	0.46	0	0	0.35
96300	0.35	0.46	0.46	0	0	0.35
96400	0.35	0.46	0.46	0	0	0.35
96500	0.36	0.46	0.46	0	0	0.36
96600	0.36	0.46	0.46	0	0	0.36
96700	0.36	0.46	0.46	0	0	0.36
96800	0.36	0.46	0.46	0	0	0.36
96900	0.36	0.46	0.46	0	0	0.36
97000	0.36	0.46	0.46	0	0	0.36
97100	0.36	0.45	0.45	0	0	0.36
97200	0.36	0.45	0.45	0	0	0.36
97300	0.36	0.45	0.45	0	0	0.36
97400	0.36	0.45	0.45	0	0	0.36
97500	0.36	0.45	0.45	0	0	0.36
97600	0.36	0.45	0.45	0	0	0.36
97700	0.36	0.45	0.45	0	0	0.36
97800	0.36	0.45	0.45	0	0	0.36
97900	0.36	0.45	0.45	0	0	0.36
98000	0.36	0.45	0.45	0	0	0.36
98100	0.37	0.45	0.45	0	0	0.37
98200	0.36	0.46	0.46	0	0	0.36
98300	0.37	0.46	0.46	0	0	0.37
98400	0.37	0.46	0.46	0	0	0.37
98500	0.36	0.46	0.46	0	0	0.36
98600	0.36	0.46	0.46	0	0	0.36
98700	0.36	0.46	0.46	0	0	0.36
98800	0.36	0.46	0.46	0	0	0.36
98900	0.36	0.46	0.46	0	0	0.36
99000	0.36	0.46	0.46	0	0	0.36
99100	0.36	0.46	0.46	0	0	0.36
99200	0.36	0.47	0.47	0	0	0.36
99300	0.36	0.46	0.46	0	0	0.36
99400	0.36	0.46	0.46	0	0	0.36
99500	0.37	0.46	0.46	0	0	0.37
99600	0.37	0.47	0.47	0	0	0.37
99700	0.37	0.47	0.47	0	0	0.37
99800	0.37	0.47	0.47	0	0	0.37
99900	0.37	0.47	0.47	0	0	0.37
100000	0.37	0.47	0.47	0	0	0.37
100100	0.37	0.47	0.47	0	0	0.37
100200	0.37	0.47	0.47	0	0	0.37
100300	0.37	0.47	0.47	0	0	0.37
100400	0.37	0.47	0.47	0	0	0.37
100500	0.37	0.47	0.47	0	0	0.37
100600	0.37	0.47	0.47	0	0	0.37
100700	0.37	0.47	0.47	0	0	0.37
100800	0.37	0.47	0.47	0	0	0.37
100900	0.37	0.47	0.47	0	0	0.37
101000	0.36	0.47	0.47	0	0	0.36
101100	0.36	0.47	0.47	0	0	0.36
101200	0.36	0.47	0.47	0	0	0.36
101300	0.36	0.47	0.47	0	0	0.36
101400	0.36	0.47	0.47	0	0	0.36
101500	0.36	0.47	0.47	0	0	0.36
101600	0.36	0.47	0.47	0	0	0.36
101700	0.36	0.47	0.47	0	0	0.36
101800	0.36	0.47	0.47	0	0	0.36
101900	0.36	0.47	0.47	0	0	0.36
102000	0.36	0.47	0.47	0	0	0.36
102100	0.36	0.47	0.47	0	0	0.36
102200	0.36	0.47	0.47	0	0	0.36
102300	0.36	0.47	0.47	0	0	0.36
102400	0.36	0.47	0.47	0	0	0.36
102500	0.36	0.47	0.47	0	0	0.36
102600	0.36	0.47	0.47	0	0	0.36
102700	0.36	0.47	0.47	0	0	0.36
102800	0.36	0.47	0.47	0	0	0.36
102900	0.36	0.47	0.47	0	0	0.36
103000	0.36	0.47	0.47	0	0	0.36
103100	0.36	0.47	0.47	0	0	0.36
103200	0.36	0.47	0.47	0	0	0.36
103300	0.36	0.48	0.48	0	0	0.36
103400	0.36	0.47	0.47	0	0	0.36
103500	0.36	0.47	0.47	0	0	0.36
103600	0.36	0.46	0.46	0	0	0.36
103700	0.36	0.46	0.46	0	0	0.36
103800	0.36	0.46	0.46	0	0	0.36
103900	0.36	0.46	0.46	0	0	0.36
104000	0.36	0.46	0.46	0	0	0.36
104100	0.36	0.46	0.46	0	0	0.36
104200	0.36	0.46	0.46	0	0	0.36
104300	0.36	0.46	0.46	0	0	0.36
104400	0.36	0.46	0.46	0	0	0.36
104500	0.36	0.46	0.46	0	0	0.36
104600	0.36	0.46	0.46	0	0	0.36
104700	0.37	0.46	0.46	0	0	0.37
104800	0.37	0.46	0.46	0	0	0.37
104900	0.37	0.46	0.46	0	0	0.37
105000	0.37	0.46	0.46	0	0	0.37
105100	0.37	0.46	0.46	0	0	0.37
105200	0.37	0.46	0.46	0	0	0.37
105300	0.37	0.46	0.46	0	0	0.37
105400	0.37	0.46	0.46	0	0	0.37
105500	0.37	0.46	0.46	0	0	0.37
105600	0.37	0.46	0.46	0	0	0.37
105700	0.37	0.46	0.46	0	0	0.37
105800	0.37	0.46	0.46	0	0	0.37
105900	0.37	0.46	0.46	0	0	0.37
106000	0.37	0.46	0.46	0	0	0.37
106100	0.37	0.46	0.46	0	0	0.37
106200	0.37	0.46	0.46	0	0	0.37
106300	0.37	0.46	0.46	0	0	0.37
106400	0.37	0.46	0.46	0	0	0.37
106500	0.37	0.46	0.46	0	0	0.37
106600	0.37	0.46	0.46	0	0	0.37
106700	0.37	0.46	0.46	0	0	0.37
106800	0.37	0.46	0.46	0	0	0.37
106900	0.37	0.46	0.46	0	0	0.37
107000	0.37	0.46	0.46	0	0	0.37
107100	0.37	0.46	0.46	0	0	0.37
107200	0.37	0.46	0.46	0	0	0.37
107300	0.37	0.46	0.46	0	0	0.37
107400	0.37	0.46	0.46	0	0	0.37
107500	0.37	0.46	0.46	0	0	0.37
107600	0.37	0.46	0.46	0	0	0.37
107700	0.37	0.46	0.46	0	0	0.37
107800	0.37	0.46	0.46	0	0	0.37
107900	0.37	0.46	0.46	0	0	0.37
108000	0.37	0.46	0.46	0	0	0.37
108100	0.37	0.46	0.46	0	0	0.37
108200	0.37	0.46	0.46	0	0	0.37
108300	0.37	0.46	0.46	0	0	0.37
108400	0.37	0.46	0.46	0	0	0.37
108500	0.37	0.46	0.46	0	0	0.37
108600	0.38	0.46	0.46	0	0	0.38
108700	0.38	0.46	0.46	0	0	0.38
108800	0.37	0.46	0.46	0	0	0.37
108900	0.37	0.46	0.46	0	0	0.37
109000	0.37	0.46	0.46	0	0	0.37
109100	0.37	0.46	0.46	0	0	0.37
109200	0.38	0.46	0.46	0	0	0.38
109300	0.37	0.46	0.46	0	0	0.37
109400	0.37	0.46	0.46	0	0	0.37
109500	0.37	0.46	0.46	0	0	0.37
109600	0.37	0.46	0.46	0	0	0.37
109700	0.37	0.46	0.46	0	0	0.37
109800	0.37	0.46	0.46	0	0	0.37
109900	0.37	0.46	0.46	0	0	0.37
110000	0.37	0.46	0.46	0	0	0.37
110100	0.37	0.47	0.47	0	0	0.37
110200	0.37	0.46	0.46	0	0	0.37
110300	0.37	0.46	0.46	0	0	0.37
110400	0.37	0.46	0.46	0	0	0.37
110500	0.37	0.46	0.46	0	0	0.37
110600	0.37	0.46	0.46	0	0	0.37
110700	0.38	0.46	0.46	0	0	0.38
110800	0.37	0.46	0.46	0	0	0.37
110900	0.37	0.46	0.46	0	0	0.37
111000	0.37	0.46	0.46	0	0	0.37
111100	0.37	0.46	0.46	0	0	0.37
111200	0.37	0.46	0.46	0	0	0.37
111300	0.37	0.46	0.46	0	0	0.37
111400	0.37	0.46	0.46	0	0	0.37
111500	0.37	0.46	0.46	0	0	0.37
111600	0.37	0.46	0.46	0	0	0.37
111700	0.37	0.46	0.46	0	0	0.37
111800	0.37	0.46	0.46	0	0	0.37
111900	0.37	0.46	0.46	0	0	0.37
112000	0.37	0.47	0.47	0	0	0.37
112100	0.38	0.47	0.47	0	0	0.38
112200	0.38	0.47	0.47	0	0	0.38
112300	0.37	0.47	0.47	0	0	0.37
112400	0.37	0.47	0.47	0	0	0.37
112500	0.37	0.47	0.47	0	0	0.37
112600	0.37	0.47	0.47	0	0	0.37
112700	0.37	0.47	0.47	0	0	0.37
112800	0.37	0.47	0.47	0	0	0.37
112900	0.37	0.47	0.47	0	0	0.37
113000	0.37	0.47	0.47	0	0	0.37
113100	0.37	0.47	0.47	0	0	0.37
113200	0.37	0.47	0.47	0	0	0.37
113300	0.37	0.47	0.47	0	0	0.37
113400	0.37	0.48	0.48	0	0	0.37
113500	0.37	0.48	0.48	0	0	0.37
113600	0.37	0.48	0.48	0	0	0.37
113700	0.37	0.47	0.47	0	0	0.37
113800	0.38	0.45	0.45	0	0	0.38
113900	0.37	0.45	0.45	0	0	0.37
114000	0.37	0.45	0.45	0	0	0.37
114100	0.38	0.45	0.45	0	0	0.38
114200	0.37	0.45	0.45	0	0	0.37
114300	0.37	0.45	0.45	0	0	0.37
114400	0.37	0.45	0.45	0	0	0.37
114500	0.37	0.45	0.45	0	0	0.37
114600	0.37	0.45	0.45	0	0	0.37
114700	0.37	0.46	0.46	0	0	0.37
114800	0.37	0.46	0.46	0	0	0.37
114900	0.37	0.46	0.46	0	0	0.37
115000	0.37	0.46	0.46	0	0	0.37
115100	0.37	0.46	0.46	0	0	0.37
115200	0.37	0.44	0.44	0	0	0.37
115300	0.37	0.44	0.44	0	0	0.37
115400	0.37	0.44	0.44	0	0	0.37
115500	0.37	0.44	0.44	0	0	0.37
115600	0.37	0.44	0.44	0	0	0.37
115700	0.37	0.44	0.44	0	0	0.37
115800	0.37	0.44	0.44	0	0	0.37
115900	0.37	0.44	0.44	0	0	0.37
116000	0.37	0.44	0.44	0	0	0.37
116100	0.37	0.44	0.44	0	0	0.37
116200	0.37	0.44	0.44	0	0	0.37
116300	0.37	0.44	0.44	0	0	0.37
116400	0.37	0.45	0.45	0	0	0.37
116500	0.37	0.45	0.45	0	0	0.37
116600	0.37	0.45	0.45	0	0	0.37
116700	0.37	0.45	0.45	0	0	0.37
116800	0.37	0.45	0.45	0	0	0.37
116900	0.37	0.45	0.45	0	0	0.37
117000	0.37	0.45	0.45	0	0	0.37
117100	0.37	0.45	0.45	0	0	0.37
117200	0.37	0.45	0.45	0	0	0.37
117300	0.37	0.45	0.45	0	0	0.37
117400	0.37	0.45	0.45	0	0	0.37
117500	0.37	0.45	0.45	0	0	0.37
117600	0.37	0.45	0.45	0	0	0.37
117700	0.37	0.46	0.46	0	0	0.37
117800	0.37	0.45	0.45	0	0	0.37
117900	0.37	0.44	0.44	0	0	0.37
118000	0.37	0.44	0.44	0	0	0.37
118100	0.37	0.44	0.44	0	0	0.37
118200	0.37	0.44	0.44	0	0	0.37
118300	0.37	0.44	0.44	0	0	0.37
118400	0.37	0.44	0.44	0	0	0.37
118500	0.37	0.44	0.44	0	0	0.37
118600	0.37	0.44	0.44	0	0	0.37
118700	0.37	0.43	0.43	0	0	0.37
118800	0.37	0.43	0.43	0	0	0.37
118900	0.37	0.43	0.43	0	0	0.37
119000	0.37	0.43	0.43	0	0	0.37
119100	0.37	0.43	0.43	0	0	0.37
119200	0.37	0.43	0.43	0	0	0.37
119300	0.37	0.43	0.43	0	0	0.37
119400	0.37	0.43	0.43	0	0	0.37
119500	0.37	0.43	0.43	0	0	0.37
119600	0.37	0.43	0.43	0	0	0.37
119700	0.37	0.43	0.43	0	0	0.37
119800	0.37	0.43	0.43	0	0	0.37
119900	0.37	0.43	0.43	0	0	0.37
120000	0.37	0.44	0.44	0	0	0.37
120100	0.38	0.44	0.44	0	0	0.38
120200	0.38	0.44	0.44	0	0	0.38
120300	0.38	0.44	0.44	0	0	0.38
120400	0.38	0.44	0.44	0	0	0.38
120500	0.39	0.44	0.44	0	0	0.39
120600	0.39	0.44	0.44	0	0	0.39
120700	0.39	0.44	0.44	0	0	0.39
120800	0.39	0.44	0.44	0	0	0.39
120900	0.39	0.44	0.44	0	0	0.39
121000	0.39	0.44	0.44	0	0	0.39
121100	0.39	0.44	0.44	0	0	0.39
121200	0.39	0.44	0.44	0	0	0.39
121300	0.39	0.44	0.44	0	0	0.39
121400	0.39	0.44	0.44	0	0	0.39
121500	0.39	0.44	0.44	0	0	0.39
121600	0.39	0.45	0.45	0	0	0.39
121700	0.39	0.45	0.45	0	0	0.39
121800	0.39	0.45	0.45	0	0	0.39
121900	0.39	0.46	0.46	0	0	0.39
122000	0.39	0.46	0.46	0	0	0.39
122100	0.39	0.46	0.46	0	0	0.39
122200	0.39	0.46	0.46	0	0	0.39
122300	0.39	0.46	0.46	0	0	0.39
122400	0.39	0.46	0.46	0	0	0.39
122500	0.39	0.47	0.47	0	0	0.39
122600	0.39	0.47	0.47	0	0	0.39
122700	0.39	0.47	0.47	0	0	0.39
122800	0.39	0.47	0.47	0	0	0.39
122900	0.39	0.47	0.47	0	0	0.39
123000	0.39	0.47	0.47	0	0	0.39
123100	0.39	0.47	0.47	0	0	0.39
123200	0.39	0.47	0.47	0	0	0.39
123300	0.39	0.47	0.47	0	0	0.39
123400	0.4	0.47	0.47	0	0	0.4
123500	0.39	0.47	0.47	0	0	0.39
123600	0.4	0.47	0.47	0	0	0.4
123700	0.39	0.48	0.48	0	0	0.39
123800	0.39	0.48	0.48	0	0	0.39
123900	0.39	0.48	0.48	0	0	0.39
124000	0.39	0.48	0.48	0	0	0.39
124100	0.39	0.48	0.48	0	0	0.39
124200	0.39	0.48	0.48	0	0	0.39
124300	0.39	0.48	0.48	0	0	0.39
124400	0.39	0.48	0.48	0	0	0.39
124500	0.39	0.48	0.48	0	0	0.39
124600	0.39	0.48	0.48	0	0	0.39
124700	0.39	0.48	0.48	0	0	0.39
124800	0.39	0.48	0.48	0	0	0.39
124900	0.39	0.48	0.48	0	0	0.39
125000	0.39	0.48	0.48	0	0	0.39
125100	0.39	0.48	0.48	0	0	0.39
125200	0.39	0.48	0.48	0	0	0.39
125300	0.39	0.48	0.48	0	0	0.39
125400	0.39	0.48	0.48	0	0	0.39
125500	0.39	0.48	0.48	0	0	0.39
125600	0.39	0.48	0.48	0	0	0.39
125700	0.39	0.48	0.48	0	0	0.39
125800	0.39	0.48	0.48	0	0	0.39
125900	0.39	0.48	0.48	0	0	0.39
126000	0.39	0.48	0.48	0	0	0.39
126100	0.39	0.48	0.48	0	0	0.39
126200	0.39	0.48	0.48	0	0	0.39
126300	0.39	0.48	0.48	0	0	0.39
126400	0.39	0.48	0.48	0	0	0.39
126500	0.39	0.48	0.48	0	0	0.39
126600	0.39	0.48	0.48	0	0	0.39
126700	0.39	0.48	0.48	0	0	0.39
126800	0.39	0.48	0.48	0	0	0.39
126900	0.39	0.48	0.48	0	0	0.39
127000	0.39	0.48	0.48	0	0	0.39
127100	0.39	0.48	0.48	0	0	0.39
127200	0.39	0.48	0.48	0	0	0.39
127300	0.39	0.48	0.48	0	0	0.39
127400	0.39	0.48	0.48	0	0	0.39
127500	0.39	0.48	0.48	0	0	0.39
127600	0.39	0.48	0.48	0	0	0.39
127700	0.39	0.48	0.48	0	0	0.39
127800	0.39	0.48	0.48	0	0	0.39
127900	0.39	0.48	0.48	0	0	0.39
128000	0.39	0.48	0.48	0	0	0.39
128100	0.39	0.48	0.48	0	0	0.39
128200	0.39	0.48	0.48	0	0	0.39
128300	0.39	0.48	0.48	0	0	0.39
128400	0.39	0.48	0.48	0	0	0.39
128500	0.39	0.49	0.49	0	0	0.39
128600	0.39	0.49	0.49	0	0	0.39
128700	0.39	0.49	0.49	0	0	0.39
128800	0.39	0.49	0.49	0	0	0.39
128900	0.39	0.49	0.49	0	0	0.39
129000	0.39	0.49	0.49	0	0	0.39
129100	0.39	0.49	0.49	0	0	0.39
129200	0.39	0.49	0.49	0	0	0.39
129300	0.39	0.49	0.49	0	0	0.39
129400	0.39	0.49	0.49	0	0	0.39
129500	0.39	0.49	0.49	0	0	0.39
129600	0.39	0.49	0.49	0	0	0.39
129700	0.39	0.5	0.5	0	0	0.39
129800	0.39	0.5	0.5	0	0	0.39
129900	0.39	0.49	0.49	0	0	0.39
130000	0.39	0.49	0.49	0	0	0.39
130100	0.39	0.49	0.49	0	0	0.39
130200	0.39	0.49	0.49	0	0	0.39
130300	0.39	0.49	0.49	0	0	0.39
130400	0.39	0.49	0.49	0	0	0.39
130500	0.39	0.49	0.49	0	0	0.39
130600	0.39	0.49	0.49	0	0	0.39
130700	0.39	0.49	0.49	0	0	0.39
130800	0.39	0.49	0.49	0	0	0.39
130900	0.39	0.49	0.49	0	0	0.39
131000	0.39	0.49	0.49	0	0	0.39
131100	0.39	0.49	0.49	0	0	0.39
131200	0.39	0.49	0.49	0	0	0.39
131300	0.39	0.49	0.49	0	0	0.39
131400	0.39	0.49	0.49	0	0	0.39
131500	0.39	0.49	0.49	0	0	0.39
131600	0.39	0.49	0.49	0	0	0.39
131700	0.39	0.49	0.49	0	0	0.39
131800	0.39	0.49	0.49	0	0	0.39
131900	0.39	0.49	0.49	0	0	0.39
132000	0.39	0.49	0.49	0	0	0.39
132100	0.39	0.49	0.49	0	0	0.39
132200	0.39	0.49	0.49	0	0	0.39
132300	0.39	0.49	0.49	0	0	0.39
132400	0.39	0.49	0.49	0	0	0.39
132500	0.39	0.49	0.49	0	0	0.39
132600	0.39	0.49	0.49	0	0	0.39
132700	0.39	0.49	0.49	0	0	0.39
132800	0.39	0.49	0.49	0	0	0.39
132900	0.39	0.49	0.49	0	0	0.39
133000	0.39	0.49	0.49	0	0	0.39
133100	0.39	0.49	0.49	0	0	0.39
133200	0.39	0.49	0.49	0	0	0.39
133300	0.39	0.49	0.49	0	0	0.39
133400	0.39	0.49	0.49	0	0	0.39
133500	0.39	0.49	0.49	0	0	0.39
133600	0.39	0.49	0.49	0	0	0.39
133700	0.39	0.5	0.5	0	0	0.39
133800	0.39	0.5	0.5	0	0	0.39
133900	0.38	0.5	0.5	0	0	0.38
134000	0.38	0.5	0.5	0	0	0.38
134100	0.38	0.5	0.5	0	0	0.38
134200	0.38	0.51	0.51	0	0	0.38
134300	0.38	0.51	0.51	0	0	0.38
134400	0.38	0.51	0.51	0	0	0.38
134500	0.38	0.51	0.51	0	0	0.38
134600	0.38	0.51	0.51	0	0	0.38
134700	0.38	0.51	0.51	0	0	0.38
134800	0.38	0.51	0.51	0	0	0.38
134900	0.38	0.51	0.51	0	0	0.38
135000	0.38	0.51	0.51	0	0	0.38
135100	0.38	0.51	0.51	0	0	0.38
135200	0.38	0.51	0.51	0	0	0.38
135300	0.38	0.51	0.51	0	0	0.38
135400	0.38	0.5	0.5	0	0	0.38
135500	0.38	0.5	0.5	0	0	0.38
135600	0.38	0.5	0.5	0	0	0.38
135700	0.38	0.49	0.49	0	0	0.38
135800	0.38	0.48	0.48	0	0	0.38
135900	0.38	0.48	0.48	0	0	0.38
136000	0.38	0.48	0.48	0	0	0.38
136100	0.38	0.48	0.48	0	0	0.38
136200	0.38	0.47	0.47	0	0	0.38
136300	0.38	0.47	0.47	0	0	0.38
136400	0.38	0.47	0.47	0	0	0.38
136500	0.38	0.46	0.46	0	0	0.38
136600	0.38	0.47	0.47	0	0	0.38
136700	0.38	0.46	0.46	0	0	0.38
136800	0.38	0.45	0.45	0	0	0.38
136900	0.38	0.45	0.45	0	0	0.38
137000	0.38	0.45	0.45	0	0	0.38
137100	0.38	0.44	0.44	0	0	0.38
137200	0.38	0.44	0.44	0	0	0.38
137300	0.38	0.43	0.43	0	0	0.38
137400	0.38	0.43	0.43	0	0	0.38
137500	0.38	0.43	0.43	0	0	0.38
137600	0.38	0.43	0.43	0	0	0.38
137700	0.38	0.42	0.42	0	0	0.38
137800	0.38	0.42	0.42	0	0	0.38
137900	0.38	0.42	0.42	0	0	0.38
138000	0.38	0.42	0.42	0	0	0.38
138100	0.38	0.42	0.42	0	0	0.38
138200	0.38	0.42	0.42	0	0	0.38
138300	0.38	0.42	0.42	0	0	0.38
138400	0.38	0.42	0.42	0	0	0.38
138500	0.38	0.42	0.42	0	0	0.38
138600	0.38	0.42	0.42	0	0	0.38
138700	0.38	0.42	0.42	0	0	0.38
138800	0.38	0.42	0.42	0	0	0.38
138900	0.38	0.42	0.42	0	0	0.38
139000	0.38	0.42	0.42	0	0	0.38
139100	0.38	0.42	0.42	0	0	0.38
139200	0.38	0.42	0.42	0	0	0.38
139300	0.38	0.42	0.42	0	0	0.38
139400	0.38	0.42	0.42	0	0	0.38
139500	0.38	0.42	0.42	0	0	0.38
139600	0.38	0.42	0.42	0	0	0.38
139700	0.38	0.42	0.42	0	0	0.38
139800	0.38	0.42	0.42	0	0	0.38
139900	0.38	0.42	0.42	0	0	0.38
140000	0.38	0.42	0.42	0	0	0.38
140100	0.38	0.42	0.42	0	0	0.38
140200	0.38	0.42	0.42	0	0	0.38
140300	0.38	0.42	0.42	0	0	0.38
140400	0.39	0.42	0.42	0	0	0.39
140500	0.37	0.42	0.42	0	0	0.37
140600	0.38	0.42	0.42	0	0	0.38
140700	0.38	0.43	0.43	0	0	0.38
140800	0.38	0.43	0.43	0	0	0.38
140900	0.38	0.43	0.43	0	0	0.38
141000	0.38	0.43	0.43	0	0	0.38
141100	0.36	0.44	0.44	0	0	0.36
141200	0.36	0.44	0.44	0	0	0.36
141300	0.36	0.44	0.44	0	0	0.36
141400	0.36	0.44	0.44	0	0	0.36
141500	0.36	0.45	0.45	0	0	0.36
141600	0.36	0.45	0.45	0	0	0.36
141700	0.36	0.45	0.45	0	0	0.36
141800	0.36	0.45	0.45	0	0	0.36
141900	0.36	0.45	0.45	0	0	0.36
142000	0.36	0.45	0.45	0	0	0.36
142100	0.36	0.45	0.45	0	0	0.36
142200	0.36	0.45	0.45	0	0	0.36
142300	0.36	0.45	0.45	0	0	0.36
142400	0.36	0.46	0.46	0	0	0.36
142500	0.36	0.46	0.46	0	0	0.36
142600	0.36	0.46	0.46	0	0	0.36
142700	0.36	0.46	0.46	0	0	0.36
142800	0.36	0.46	0.46	0	0	0.36
142900	0.36	0.46	0.46	0	0	0.36
143000	0.36	0.46	0.46	0	0	0.36
143100	0.36	0.46	0.46	0	0	0.36
143200	0.36	0.46	0.46	0	0	0.36
143300	0.36	0.46	0.46	0	0	0.36
143400	0.36	0.46	0.46	0	0	0.36
143500	0.36	0.46	0.46	0	0	0.36
143600	0.36	0.46	0.46	0	0	0.36
143700	0.36	0.46	0.46	0	0	0.36
143800	0.36	0.46	0.46	0	0	0.36
143900	0.37	0.46	0.46	0	0	0.37
144000	0.37	0.46	0.46	0	0	0.37
144100	0.37	0.46	0.46	0	0	0.37
144200	0.37	0.46	0.46	0	0	0.37
144300	0.37	0.46	0.46	0	0	0.37
144400	0.37	0.46	0.46	0	0	0.37
144500	0.37	0.46	0.46	0	0	0.37
144600	0.37	0.47	0.47	0	0	0.37
144700	0.37	0.46	0.46	0	0	0.37
144800	0.37	0.46	0.46	0	0	0.37
144900	0.37	0.46	0.46	0	0	0.37
145000	0.38	0.46	0.46	0	0	0.38
145100	0.38	0.47	0.47	0	0	0.38
145200	0.38	0.46	0.46	0	0	0.38
145300	0.38	0.46	0.46	0	0	0.38
145400	0.38	0.45	0.45	0	0	0.38
145500	0.38	0.45	0.45	0	0	0.38
145600	0.38	0.45	0.45	0	0	0.38
145700	0.38	0.45	0.45	0	0	0.38
145800	0.39	0.45	0.45	0	0	0.39
145900	0.38	0.45	0.45	0	0	0.38
146000	0.38	0.45	0.45	0	0	0.38
146100	0.38	0.45	0.45	0	0	0.38
146200	0.38	0.45	0.45	0	0	0.38
146300	0.38	0.45	0.45	0	0	0.38
146400	0.38	0.45	0.45	0	0	0.38
146500	0.38	0.45	0.45	0	0	0.38
146600	0.38	0.45	0.45	0	0	0.38
146700	0.38	0.45	0.45	0	0	0.38
146800	0.38	0.45	0.45	0	0	0.38
146900	0.38	0.45	0.45	0	0	0.38
147000	0.38	0.45	0.45	0	0	0.38
147100	0.38	0.45	0.45	0	0	0.38
147200	0.38	0.45	0.45	0	0	0.38
147300	0.38	0.45	0.45	0	0	0.38
147400	0.38	0.45	0.45	0	0	0.38
147500	0.38	0.45	0.45	0	0	0.38
147600	0.38	0.45	0.45	0	0	0.38
147700	0.38	0.45	0.45	0	0	0.38
147800	0.38	0.45	0.45	0	0	0.38
147900	0.38	0.45	0.45	0	0	0.38
148000	0.38	0.45	0.45	0	0	0.38
148100	0.38	0.46	0.46	0	0	0.38
148200	0.38	0.47	0.47	0	0	0.38
148300	0.38	0.46	0.46	0	0	0.38
148400	0.38	0.46	0.46	0	0	0.38
148500	0.39	0.46	0.46	0	0	0.39
148600	0.39	0.46	0.46	0	0	0.39
148700	0.38	0.46	0.46	0	0	0.38
148800	0.39	0.46	0.46	0	0	0.39
148900	0.39	0.46	0.46	0	0	0.39
149000	0.39	0.46	0.46	0	0	0.39
149100	0.38	0.46	0.46	0	0	0.38
149200	0.39	0.47	0.47	0	0	0.39
149300	0.39	0.47	0.47	0	0	0.39
149400	0.39	0.47	0.47	0	0	0.39
149500	0.39	0.47	0.47	0	0	0.39
149600	0.39	0.47	0.47	0	0	0.39
149700	0.39	0.48	0.48	0	0	0.39
149800	0.39	0.48	0.48	0	0	0.39
149900	0.39	0.48	0.48	0	0	0.39
150000	0.39	0.49	0.49	0	0	0.39
150100	0.39	0.48	0.48	0	0	0.39
150200	0.39	0.48	0.48	0	0	0.39
150300	0.39	0.48	0.48	0	0	0.39
150400	0.39	0.48	0.48	0	0	0.39
150500	0.39	0.48	0.48	0	0	0.39
150600	0.39	0.48	0.48	0	0	0.39
150700	0.39	0.48	0.48	0	0	0.39
150800	0.39	0.48	0.48	0	0	0.39
150900	0.38	0.48	0.48	0	0	0.38
151000	0.38	0.48	0.48	0	0	0.38
151100	0.38	0.48	0.48	0	0	0.38
151200	0.38	0.48	0.48	0	0	0.38
151300	0.38	0.48	0.48	0	0	0.38
151400	0.38	0.48	0.48	0	0	0.38
151500	0.38	0.48	0.48	0	0	0.38
151600	0.38	0.48	0.48	0	0	0.38
151700	0.38	0.47	0.47	0	0	0.38
151800	0.38	0.47	0.47	0	0	0.38
151900	0.38	0.47	0.47	0	0	0.38
152000	0.38	0.46	0.46	0	0	0.38
152100	0.37	0.46	0.46	0	0	0.37
152200	0.37	0.46	0.46	0	0	0.37
152300	0.37	0.46	0.46	0	0	0.37
152400	0.37	0.46	0.46	0	0	0.37
152500	0.37	0.47	0.47	0	0	0.37
152600	0.37	0.46	0.46	0	0	0.37
152700	0.37	0.46	0.46	0	0	0.37
152800	0.37	0.46	0.46	0	0	0.37
152900	0.37	0.46	0.46	0	0	0.37
153000	0.37	0.46	0.46	0	0	0.37
153100	0.37	0.46	0.46	0	0	0.37
153200	0.37	0.46	0.46	0	0	0.37
153300	0.37	0.46	0.46	0	0	0.37
153400	0.37	0.46	0.46	0	0	0.37
153500	0.37	0.45	0.45	0	0	0.37
153600	0.37	0.45	0.45	0	0	0.37
153700	0.37	0.45	0.45	0	0	0.37
153800	0.37	0.45	0.45	0	0	0.37
153900	0.37	0.45	0.45	0	0	0.37
154000	0.37	0.46	0.46	0	0	0.37
154100	0.37	0.45	0.45	0	0	0.37
154200	0.37	0.45	0.45	0	0	0.37
154300	0.37	0.45	0.45	0	0	0.37
154400	0.38	0.45	0.45	0	0	0.38
154500	0.38	0.46	0.46	0	0	0.38
154600	0.37	0.46	0.46	0	0	0.37
154700	0.37	0.46	0.46	0	0	0.37
154800	0.37	0.46	0.46	0	0	0.37
154900	0.37	0.46	0.46	0	0	0.37
155000	0.37	0.46	0.46	0	0	0.37
155100	0.37	0.46	0.46	0	0	0.37
155200	0.37	0.46	0.46	0	0	0.37
155300	0.37	0.46	0.46	0	0	0.37
155400	0.36	0.46	0.46	0	0	0.36
155500	0.36	0.46	0.46	0	0	0.36
155600	0.36	0.46	0.46	0	0	0.36
155700	0.36	0.46	0.46	0	0	0.36
155800	0.36	0.46	0.46	0	0	0.36
155900	0.36	0.46	0.46	0	0	0.36
156000	0.36	0.46	0.46	0	0	0.36
156100	0.36	0.46	0.46	0	0	0.36
156200	0.36	0.46	0.46	0	0	0.36
156300	0.36	0.46	0.46	0	0	0.36
156400	0.36	0.46	0.46	0	0	0.36
156500	0.36	0.46	0.46	0	0	0.36
156600	0.36	0.46	0.46	0	0	0.36
156700	0.36	0.46	0.46	0	0	0.36
156800	0.36	0.46	0.46	0	0	0.36
156900	0.36	0.46	0.46	0	0	0.36
157000	0.36	0.47	0.47	0	0	0.36
157100	0.36	0.47	0.47	0	0	0.36
157200	0.36	0.47	0.47	0	0	0.36
157300	0.36	0.47	0.47	0	0	0.36
157400	0.37	0.47	0.47	0	0	0.37
157500	0.36	0.46	0.46	0	0	0.36
157600	0.37	0.46	0.46	0	0	0.37
157700	0.36	0.46	0.46	0	0	0.36
157800	0.36	0.46	0.46	0	0	0.36
157900	0.36	0.46	0.46	0	0	0.36
158000	0.37	0.46	0.46	0	0	0.37
158100	0.37	0.46	0.46	0	0	0.37
158200	0.37	0.46	0.46	0	0	0.37
158300	0.37	0.46	0.46	0	0	0.37
158400	0.37	0.46	0.46	0	0	0.37
158500	0.37	0.47	0.47	0	0	0.37
158600	0.37	0.47	0.47	0	0	0.37
158700	0.37	0.46	0.46	0	0	0.37
158800	0.37	0.46	0.46	0	0	0.37
158900	0.37	0.47	0.47	0	0	0.37
159000	0.37	0.47	0.47	0	0	0.37
159100	0.37	0.47	0.47	0	0	0.37
159200	0.37	0.47	0.47	0	0	0.37
159300	0.37	0.48	0.48	0	0	0.37
159400	0.37	0.48	0.48	0	0	0.37
159500	0.37	0.47	0.47	0	0	0.37
159600	0.37	0.47	0.47	0	0	0.37
159700	0.37	0.47	0.47	0	0	0.37
159800	0.37	0.46	0.46	0	0	0.37
159900	0.37	0.46	0.46	0	0	0.37
160000	0.37	0.46	0.46	0	0	0.37
160100	0.37	0.47	0.47	0	0	0.37
160200	0.37	0.46	0.46	0	0	0.37
160300	0.37	0.46	0.46	0	0	0.37
160400	0.37	0.46	0.46	0	0	0.37
160500	0.37	0.46	0.46	0	0	0.37
160600	0.37	0.46	0.46	0	0	0.37
160700	0.37	0.46	0.46	0	0	0.37
160800	0.37	0.46	0.46	0	0	0.37
160900	0.37	0.47	0.47	0	0	0.37
161000	0.37	0.46	0.46	0	0	0.37
161100	0.37	0.46	0.46	0	0	0.37
161200	0.37	0.46	0.46	0	0	0.37
161300	0.37	0.46	0.46	0	0	0.37
161400	0.37	0.46	0.46	0	0	0.37
161500	0.37	0.46	0.46	0	0	0.37
161600	0.37	0.46	0.46	0	0	0.37
161700	0.37	0.46	0.46	0	0	0.37
161800	0.37	0.46	0.46	0	0	0.37
161900	0.37	0.46	0.46	0	0	0.37
162000	0.37	0.46	0.46	0	0	0.37
162100	0.37	0.46	0.46	0	0	0.37
162200	0.37	0.46	0.46	0	0	0.37
162300	0.37	0.46	0.46	0	0	0.37
162400	0.37	0.46	0.46	0	0	0.37
162500	0.37	0.46	0.46	0	0	0.37
162600	0.37	0.46	0.46	0	0	0.37
162700	0.37	0.46	0.46	0	0	0.37
162800	0.37	0.46	0.46	0	0	0.37
162900	0.37	0.46	0.46	0	0	0.37
163000	0.37	0.46	0.46	0	0	0.37
163100	0.37	0.47	0.47	0	0	0.37
163200	0.37	0.46	0.46	0	0	0.37
163300	0.37	0.46	0.46	0	0	0.37
163400	0.37	0.46	0.46	0	0	0.37
163500	0.37	0.46	0.46	0	0	0.37
163600	0.37	0.46	0.46	0	0	0.37
163700	0.38	0.46	0.46	0	0	0.38
163800	0.38	0.46	0.46	0	0	0.38
163900	0.38	0.47	0.47	0	0	0.38
164000	0.38	0.47	0.47	0	0	0.38
164100	0.38	0.47	0.47	0	0	0.38
164200	0.38	0.47	0.47	0	0	0.38
164300	0.38	0.47	0.47	0	0	0.38
164400	0.38	0.47	0.47	0	0	0.38
164500	0.38	0.47	0.47	0	0	0.38
164600	0.38	0.47	0.47	0	0	0.38
164700	0.38	0.47	0.47	0	0	0.38
164800	0.38	0.47	0.47	0	0	0.38
164900	0.38	0.47	0.47	0	0	0.38
165000	0.38	0.47	0.47	0	0	0.38
165100	0.38	0.47	0.47	0	0	0.38
165200	0.38	0.47	0.47	0	0	0.38
165300	0.38	0.47	0.47	0	0	0.38
165400	0.38	0.47	0.47	0	0	0.38
165500	0.38	0.47	0.47	0	0	0.38
165600	0.38	0.47	0.47	0	0	0.38
165700	0.38	0.47	0.47	0	0	0.38
165800	0.38	0.47	0.47	0	0	0.38
165900	0.38	0.47	0.47	0	0	0.38
166000	0.38	0.47	0.47	0	0	0.38
166100	0.38	0.47	0.47	0	0	0.38
166200	0.38	0.47	0.47	0	0	0.38
166300	0.38	0.47	0.47	0	0	0.38
166400	0.38	0.47	0.47	0	0	0.38
166500	0.38	0.47	0.47	0	0	0.38
166600	0.38	0.47	0.47	0	0	0.38
166700	0.38	0.48	0.48	0	0	0.38
166800	0.38	0.47	0.47	0	0	0.38
166900	0.38	0.47	0.47	0	0	0.38
167000	0.38	0.47	0.47	0	0	0.38
167100	0.38	0.47	0.47	0	0	0.38
167200	0.38	0.47	0.47	0	0	0.38
167300	0.38	0.47	0.47	0	0	0.38
167400	0.38	0.47	0.47	0	0	0.38
167500	0.38	0.47	0.47	0	0	0.38
167600	0.38	0.47	0.47	0	0	0.38
167700	0.38	0.47	0.47	0	0	0.38
167800	0.38	0.47	0.47	0	0	0.38
167900	0.38	0.47	0.47	0	0	0.38
168000	0.38	0.47	0.47	0	0	0.38
168100	0.38	0.47	0.47	0	0	0.38
168200	0.38	0.47	0.47	0	0	0.38
168300	0.38	0.47	0.47	0	0	0.38
168400	0.38	0.47	0.47	0	0	0.38
168500	0.38	0.47	0.47	0	0	0.38
168600	0.38	0.47	0.47	0	0	0.38
168700	0.38	0.47	0.47	0	0	0.38
168800	0.38	0.47	0.47	0	0	0.38
168900	0.38	0.47	0.47	0	0	0.38
169000	0.38	0.47	0.47	0	0	0.38
169100	0.38	0.47	0.47	0	0	0.38
169200	0.38	0.47	0.47	0	0	0.38
169300	0.38	0.48	0.48	0	0	0.38
169400	0.38	0.47	0.47	0	0	0.38
169500	0.38	0.47	0.47	0	0	0.38
169600	0.38	0.47	0.47	0	0	0.38
169700	0.38	0.47	0.47	0	0	0.38
169800	0.38	0.47	0.47	0	0	0.38
169900	0.38	0.47	0.47	0	0	0.38
170000	0.38	0.47	0.47	0	0	0.38
170100	0.38	0.47	0.47	0	0	0.38
170200	0.38	0.47	0.47	0	0	0.38
170300	0.38	0.47	0.47	0	0	0.38
170400	0.38	0.47	0.47	0	0	0.38
170500	0.38	0.47	0.47	0	0	0.38
170600	0.38	0.47	0.47	0	0	0.38
170700	0.38	0.48	0.48	0	0	0.38
170800	0.38	0.49	0.49	0	0	0.38
170900	0.38	0.49	0.49	0	0	0.38
171000	0.38	0.48	0.48	0	0	0.38
171100	0.38	0.48	0.48	0	0	0.38
171200	0.38	0.48	0.48	0	0	0.38
171300	0.38	0.48	0.48	0	0	0.38
171400	0.38	0.48	0.48	0	0	0.38
171500	0.38	0.48	0.48	0	0	0.38
171600	0.38	0.48	0.48	0	0	0.38
171700	0.38	0.48	0.48	0	0	0.38
171800	0.38	0.48	0.48	0	0	0.38
171900	0.38	0.48	0.48	0	0	0.38
172000	0.38	0.48	0.48	0	0	0.38
172100	0.38	0.48	0.48	0	0	0.38
172200	0.38	0.48	0.48	0	0	0.38
172300	0.38	0.48	0.48	0	0	0.38
172400	0.38	0.49	0.49	0	0	0.38
172500	0.38	0.48	0.48	0	0	0.38
172600	0.38	0.48	0.48	0	0	0.38
172700	0.38	0.48	0.48	0	0	0.38
172800	0.38	0.48	0.48	0	0	0.38
172900	0.38	0.48	0.48	0	0	0.38
173000	0.38	0.48	0.48	0	0	0.38
173100	0.38	0.48	0.48	0	0	0.38
173200	0.38	0.48	0.48	0	0	0.38
173300	0.38	0.48	0.48	0	0	0.38
173400	0.38	0.48	0.48	0	0	0.38
173500	0.38	0.48	0.48	0	0	0.38
173600	0.38	0.48	0.48	0	0	0.38
173700	0.38	0.48	0.48	0	0	0.38
173800	0.38	0.48	0.48	0	0	0.38
173900	0.38	0.48	0.48	0	0	0.38
174000	0.38	0.48	0.48	0	0	0.38
174100	0.38	0.48	0.48	0	0	0.38
174200	0.38	0.48	0.48	0	0	0.38
174300	0.38	0.48	0.48	0	0	0.38
174400	0.38	0.48	0.48	0	0	0.38
174500	0.38	0.48	0.48	0	0	0.38
174600	0.39	0.48	0.48	0	0	0.39
174700	0.38	0.48	0.48	0	0	0.38
174800	0.38	0.48	0.48	0	0	0.38
174900	0.38	0.48	0.48	0	0	0.38
175000	0.38	0.48	0.48	0	0	0.38
175100	0.38	0.48	0.48	0	0	0.38
175200	0.38	0.48	0.48	0	0	0.38
175300	0.38	0.48	0.48	0	0	0.38
175400	0.37	0.48	0.48	0	0	0.37
175500	0.37	0.48	0.48	0	0	0.37
175600	0.37	0.48	0.48	0	0	0.37
175700	0.37	0.48	0.48	0	0	0.37
175800	0.37	0.48	0.48	0	0	0.37
175900	0.37	0.47	0.47	0	0	0.37
176000	0.36	0.47	0.47	0	0	0.36
176100	0.36	0.47	0.47	0	0	0.36
176200	0.36	0.47	0.47	0	0	0.36
176300	0.36	0.47	0.47	0	0	0.36
176400	0.36	0.47	0.47	0	0	0.36
176500	0.36	0.47	0.47	0	0	0.36
176600	0.36	0.47	0.47	0	0	0.36
176700	0.36	0.47	0.47	0	0	0.36
176800	0.36	0.47	0.47	0	0	0.36
176900	0.36	0.48	0.48	0	0	0.36
177000	0.36	0.48	0.48	0	0	0.36
177100	0.36	0.48	0.48	0	0	0.36
177200	0.36	0.48	0.48	0	0	0.36
177300	0.36	0.48	0.48	0	0	0.36
177400	0.36	0.48	0.48	0	0	0.36
177500	0.36	0.48	0.48	0	0	0.36
177600	0.36	0.48	0.48	0	0	0.36
177700	0.36	0.48	0.48	0	0	0.36
177800	0.36	0.48	0.48	0	0	0.36
177900	0.37	0.48	0.48	0	0	0.37
178000	0.37	0.48	0.48	0	0	0.37
178100	0.37	0.48	0.48	0	0	0.37
178200	0.37	0.49	0.49	0	0	0.37
178300	0.37	0.48	0.48	0	0	0.37
178400	0.38	0.48	0.48	0	0	0.38
178500	0.38	0.48	0.48	0	0	0.38
178600	0.38	0.48	0.48	0	0	0.38
178700	0.38	0.48	0.48	0	0	0.38
178800	0.38	0.49	0.49	0	0	0.38
178900	0.38	0.5	0.5	0	0	0.38
179000	0.38	0.49	0.49	0	0	0.38
179100	0.38	0.49	0.49	0	0	0.38
179200	0.38	0.49	0.49	0	0	0.38
179300	0.38	0.49	0.49	0	0	0.38
179400	0.38	0.49	0.49	0	0	0.38
179500	0.38	0.49	0.49	0	0	0.38
179600	0.38	0.49	0.49	0	0	0.38
179700	0.39	0.49	0.49	0	0	0.39
179800	0.4	0.49	0.49	0	0	0.4
179900	0.4	0.49	0.49	0	0	0.4
180000	0.4	0.49	0.49	0	0	0.4
180100	0.4	0.49	0.49	0	0	0.4
180200	0.4	0.49	0.49	0	0	0.4
180300	0.4	0.49	0.49	0	0	0.4
180400	0.4	0.5	0.5	0	0	0.4
180500	0.4	0.5	0.5	0	0	0.4
180600	0.4	0.49	0.49	0	0	0.4
180700	0.4	0.49	0.49	0	0	0.4
180800	0.4	0.47	0.47	0	0	0.4
180900	0.38	0.47	0.47	0	0	0.38
181000	0.38	0.46	0.46	0	0	0.38
181100	0.38	0.46	0.46	0	0	0.38
181200	0.38	0.46	0.46	0	0	0.38
181300	0.38	0.46	0.46	0	0	0.38
181400	0.38	0.46	0.46	0	0	0.38
181500	0.38	0.46	0.46	0	0	0.38
181600	0.38	0.46	0.46	0	0	0.38
181700	0.38	0.46	0.46	0	0	0.38
181800	0.38	0.46	0.46	0	0	0.38
181900	0.38	0.46	0.46	0	0	0.38
182000	0.38	0.46	0.46	0	0	0.38
182100	0.38	0.46	0.46	0	0	0.38
182200	0.38	0.46	0.46	0	0	0.38
182300	0.38	0.46	0.46	0	0	0.38
182400	0.38	0.46	0.46	0	0	0.38
182500	0.38	0.47	0.47	0	0	0.38
182600	0.39	0.48	0.48	0	0	0.39
182700	0.39	0.47	0.47	0	0	0.39
182800	0.38	0.46	0.46	0	0	0.38
182900	0.38	0.46	0.46	0	0	0.38
183000	0.38	0.46	0.46	0	0	0.38
183100	0.38	0.46	0.46	0	0	0.38
183200	0.38	0.46	0.46	0	0	0.38
183300	0.38	0.46	0.46	0	0	0.38
183400	0.38	0.46	0.46	0	0	0.38
183500	0.38	0.47	0.47	0	0	0.38
183600	0.38	0.47	0.47	0	0	0.38
183700	0.38	0.47	0.47	0	0	0.38
183800	0.38	0.47	0.47	0	0	0.38
183900	0.38	0.47	0.47	0	0	0.38
184000	0.38	0.47	0.47	0	0	0.38
184100	0.38	0.46	0.46	0	0	0.38
184200	0.38	0.46	0.46	0	0	0.38
184300	0.38	0.46	0.46	0	0	0.38
184400	0.38	0.46	0.46	0	0	0.38
184500	0.38	0.46	0.46	0	0	0.38
184600	0.38	0.47	0.47	0	0	0.38
184700	0.38	0.47	0.47	0	0	0.38
184800	0.38	0.47	0.47	0	0	0.38
184900	0.38	0.47	0.47	0	0	0.38
185000	0.38	0.47	0.47	0	0	0.38
185100	0.38	0.47	0.47	0	0	0.38
185200	0.38	0.47	0.47	0	0	0.38
185300	0.38	0.47	0.47	0	0	0.38
185400	0.38	0.48	0.48	0	0	0.38
185500	0.38	0.47	0.47	0	0	0.38
185600	0.38	0.47	0.47	0	0	0.38
185700	0.38	0.47	0.47	0	0	0.38
185800	0.38	0.47	0.47	0	0	0.38
185900	0.38	0.47	0.47	0	0	0.38
186000	0.38	0.47	0.47	0	0	0.38
186100	0.38	0.47	0.47	0	0	0.38
186200	0.38	0.47	0.47	0	0	0.38
186300	0.38	0.48	0.48	0	0	0.38
186400	0.38	0.47	0.47	0	0	0.38
186500	0.38	0.47	0.47	0	0	0.38
186600	0.38	0.47	0.47	0	0	0.38
186700	0.38	0.47	0.47	0	0	0.38
186800	0.38	0.47	0.47	0	0	0.38
186900	0.38	0.47	0.47	0	0	0.38
187000	0.38	0.47	0.47	0	0	0.38
187100	0.38	0.47	0.47	0	0	0.38
187200	0.38	0.47	0.47	0	0	0.38
187300	0.38	0.47	0.47	0	0	0.38
187400	0.38	0.46	0.46	0	0	0.38
187500	0.38	0.46	0.46	0	0	0.38
187600	0.38	0.46	0.46	0	0	0.38
187700	0.38	0.46	0.46	0	0	0.38
187800	0.38	0.46	0.46	0	0	0.38
187900	0.38	0.46	0.46	0	0	0.38
188000	0.38	0.46	0.46	0	0	0.38
188100	0.38	0.45	0.45	0	0	0.38
188200	0.38	0.45	0.45	0	0	0.38
188300	0.38	0.45	0.45	0	0	0.38
188400	0.38	0.45	0.45	0	0	0.38
188500	0.38	0.45	0.45	0	0	0.38
188600	0.38	0.45	0.45	0	0	0.38
188700	0.38	0.45	0.45	0	0	0.38
188800	0.38	0.45	0.45	0	0	0.38
188900	0.38	0.45	0.45	0	0	0.38
189000	0.38	0.45	0.45	0	0	0.38
189100	0.38	0.45	0.45	0	0	0.38
189200	0.38	0.45	0.45	0	0	0.38
189300	0.38	0.45	0.45	0	0	0.38
189400	0.38	0.45	0.45	0	0	0.38
189500	0.39	0.45	0.45	0	0	0.39
189600	0.39	0.45	0.45	0	0	0.39
189700	0.39	0.45	0.45	0	0	0.39
189800	0.39	0.46	0.46	0	0	0.39
189900	0.39	0.46	0.46	0	0	0.39
190000	0.39	0.46	0.46	0	0	0.39
190100	0.39	0.46	0.46	0	0	0.39
190200	0.39	0.46	0.46	0	0	0.39
190300	0.39	0.46	0.46	0	0	0.39
190400	0.39	0.45	0.45	0	0	0.39
190500	0.39	0.45	0.45	0	0	0.39
190600	0.38	0.45	0.45	0	0	0.38
190700	0.38	0.45	0.45	0	0	0.38
190800	0.38	0.45	0.45	0	0	0.38
190900	0.38	0.45	0.45	0	0	0.38
191000	0.38	0.46	0.46	0	0	0.38
191100	0.38	0.46	0.46	0	0	0.38
191200	0.38	0.46	0.46	0	0	0.38
191300	0.38	0.46	0.46	0	0	0.38
191400	0.38	0.46	0.46	0	0	0.38
191500	0.38	0.46	0.46	0	0	0.38
191600	0.38	0.47	0.47	0	0	0.38
191700	0.38	0.45	0.45	0	0	0.38
191800	0.38	0.44	0.44	0	0	0.38
191900	0.38	0.44	0.44	0	0	0.38
192000	0.38	0.44	0.44	0	0	0.38
192100	0.38	0.44	0.44	0	0	0.38
192200	0.38	0.44	0.44	0	0	0.38
192300	0.38	0.44	0.44	0	0	0.38
192400	0.38	0.44	0.44	0	0	0.38
192500	0.39	0.44	0.44	0	0	0.39
192600	0.39	0.44	0.44	0	0	0.39
192700	0.39	0.44	0.44	0	0	0.39
192800	0.39	0.44	0.44	0	0	0.39
192900	0.38	0.45	0.45	0	0	0.38
193000	0.38	0.44	0.44	0	0	0.38
193100	0.38	0.44	0.44	0	0	0.38
193200	0.38	0.44	0.44	0	0	0.38
193300	0.38	0.44	0.44	0	0	0.38
193400	0.38	0.44	0.44	0	0	0.38
193500	0.38	0.44	0.44	0	0	0.38
193600	0.37	0.44	0.44	0	0	0.37
193700	0.37	0.44	0.44	0	0	0.37
193800	0.37	0.44	0.44	0	0	0.37
193900	0.37	0.44	0.44	0	0	0.37
194000	0.37	0.44	0.44	0	0	0.37
194100	0.37	0.44	0.44	0	0	0.37
194200	0.37	0.44	0.44	0	0	0.37
194300	0.37	0.44	0.44	0	0	0.37
194400	0.37	0.44	0.44	0	0	0.37
194500	0.37	0.44	0.44	0	0	0.37
194600	0.37	0.44	0.44	0	0	0.37
194700	0.37	0.44	0.44	0	0	0.37
194800	0.37	0.44	0.44	0	0	0.37
194900	0.37	0.44	0.44	0	0	0.37
195000	0.37	0.44	0.44	0	0	0.37
195100	0.37	0.44	0.44	0	0	0.37
195200	0.37	0.44	0.44	0	0	0.37
195300	0.37	0.44	0.44	0	0	0.37
195400	0.37	0.44	0.44	0	0	0.37
195500	0.37	0.44	0.44	0	0	0.37
195600	0.37	0.44	0.44	0	0	0.37
195700	0.37	0.44	0.44	0	0	0.37
195800	0.37	0.44	0.44	0	0	0.37
195900	0.37	0.44	0.44	0	0	0.37
196000	0.37	0.44	0.44	0	0	0.37
196100	0.37	0.44	0.44	0	0	0.37
196200	0.37	0.44	0.44	0	0	0.37
196300	0.37	0.44	0.44	0	0	0.37
196400	0.37	0.44	0.44	0	0	0.37
196500	0.37	0.44	0.44	0	0	0.37
196600	0.37	0.44	0.44	0	0	0.37
196700	0.37	0.44	0.44	0	0	0.37
196800	0.37	0.44	0.44	0	0	0.37
196900	0.37	0.44	0.44	0	0	0.37
197000	0.37	0.45	0.45	0	0	0.37
197100	0.37	0.44	0.44	0	0	0.37
197200	0.37	0.43	0.43	0	0	0.37
197300	0.37	0.43	0.43	0	0	0.37
197400	0.37	0.43	0.43	0	0	0.37
197500	0.37	0.43	0.43	0	0	0.37
197600	0.37	0.43	0.43	0	0	0.37
197700	0.37	0.43	0.43	0	0	0.37
197800	0.37	0.43	0.43	0	0	0.37
197900	0.37	0.43	0.43	0	0	0.37
198000	0.37	0.43	0.43	0	0	0.37
198100	0.37	0.43	0.43	0	0	0.37
198200	0.37	0.43	0.43	0	0	0.37
198300	0.37	0.43	0.43	0	0	0.37
198400	0.37	0.43	0.43	0	0	0.37
198500	0.38	0.43	0.43	0	0	0.38
198600	0.38	0.43	0.43	0	0	0.38
198700	0.37	0.43	0.43	0	0	0.37
198800	0.37	0.43	0.43	0	0	0.37
198900	0.37	0.43	0.43	0	0	0.37
199000	0.37	0.44	0.44	0	0	0.37
199100	0.37	0.44	0.44	0	0	0.37
199200	0.37	0.44	0.44	0	0	0.37
199300	0.37	0.44	0.44	0	0	0.37
199400	0.37	0.44	0.44	0	0	0.37
199500	0.37	0.44	0.44	0	0	0.37
199600	0.37	0.44	0.44	0	0	0.37
199700	0.37	0.44	0.44	0	0	0.37
199800	0.37	0.44	0.44	0	0	0.37
199900	0.37	0.44	0.44	0	0	0.37
200000	0.37	0.44	0.44	0	0	0.37
200100	0.37	0.44	0.44	0	0	0.37
200200	0.36	0.44	0.44	0	0	0.36
200300	0.36	0.44	0.44	0	0	0.36
200400	0.35	0.44	0.44	0	0	0.35
200500	0.35	0.44	0.44	0	0	0.35
200600	0.35	0.44	0.44	0	0	0.35
200700	0.35	0.44	0.44	0	0	0.35
200800	0.35	0.44	0.44	0	0	0.35
200900	0.35	0.44	0.44	0	0	0.35
201000	0.35	0.44	0.44	0	0	0.35
201100	0.35	0.44	0.44	0	0	0.35
201200	0.35	0.44	0.44	0	0	0.35
201300	0.35	0.44	0.44	0	0	0.35
201400	0.35	0.44	0.44	0	0	0.35
201500	0.35	0.44	0.44	0	0	0.35
201600	0.35	0.44	0.44	0	0	0.35
201700	0.35	0.44	0.44	0	0	0.35
201800	0.35	0.44	0.44	0	0	0.35
201900	0.35	0.44	0.44	0	0	0.35
202000	0.35	0.44	0.44	0	0	0.35
202100	0.35	0.44	0.44	0	0	0.35
202200	0.35	0.44	0.44	0	0	0.35
202300	0.35	0.44	0.44	0	0	0.35
202400	0.35	0.44	0.44	0	0	0.35
202500	0.35	0.44	0.44	0	0	0.35
202600	0.36	0.44	0.44	0	0	0.36
202700	0.36	0.44	0.44	0	0	0.36
202800	0.36	0.45	0.45	0	0	0.36
202900	0.36	0.44	0.44	0	0	0.36
203000	0.36	0.44	0.44	0	0	0.36
203100	0.36	0.44	0.44	0	0	0.36
203200	0.36	0.45	0.45	0	0	0.36
203300	0.36	0.44	0.44	0	0	0.36
203400	0.36	0.44	0.44	0	0	0.36
203500	0.37	0.44	0.44	0	0	0.37
203600	0.37	0.44	0.44	0	0	0.37
203700	0.37	0.44	0.44	0	0	0.37
203800	0.37	0.44	0.44	0	0	0.37
203900	0.36	0.44	0.44	0	0	0.36
204000	0.36	0.44	0.44	0	0	0.36
204100	0.36	0.44	0.44	0	0	0.36
204200	0.36	0.44	0.44	0	0	0.36
204300	0.36	0.44	0.44	0	0	0.36
204400	0.36	0.44	0.44	0	0	0.36
204500	0.36	0.44	0.44	0	0	0.36
204600	0.36	0.44	0.44	0	0	0.36
204700	0.36	0.44	0.44	0	0	0.36
204800	0.36	0.44	0.44	0	0	0.36
204900	0.37	0.44	0.44	0	0	0.37
205000	0.37	0.44	0.44	0	0	0.37
205100	0.37	0.44	0.44	0	0	0.37
205200	0.37	0.44	0.44	0	0	0.37
205300	0.37	0.44	0.44	0	0	0.37
205400	0.37	0.45	0.45	0	0	0.37
205500	0.37	0.44	0.44	0	0	0.37
205600	0.37	0.44	0.44	0	0	0.37
205700	0.37	0.44	0.44	0	0	0.37
205800	0.38	0.44	0.44	0	0	0.38
205900	0.38	0.44	0.44	0	0	0.38
206000	0.37	0.44	0.44	0	0	0.37
206100	0.39	0.44	0.44	0	0	0.39
206200	0.37	0.44	0.44	0	0	0.37
206300	0.37	0.44	0.44	0	0	0.37
206400	0.37	0.44	0.44	0	0	0.37
206500	0.37	0.44	0.44	0	0	0.37
206600	0.37	0.44	0.44	0	0	0.37
206700	0.37	0.44	0.44	0	0	0.37
206800	0.37	0.44	0.44	0	0	0.37
206900	0.37	0.44	0.44	0	0	0.37
207000	0.37	0.45	0.45	0	0	0.37
207100	0.37	0.45	0.45	0	0	0.37
207200	0.37	0.45	0.45	0	0	0.37
207300	0.37	0.46	0.46	0	0	0.37
207400	0.37	0.46	0.46	0	0	0.37
207500	0.37	0.46	0.46	0	0	0.37
207600	0.37	0.46	0.46	0	0	0.37
207700	0.37	0.46	0.46	0	0	0.37
207800	0.37	0.46	0.46	0	0	0.37
207900	0.37	0.46	0.46	0	0	0.37
208000	0.37	0.46	0.46	0	0	0.37
208100	0.37	0.46	0.46	0	0	0.37
208200	0.37	0.46	0.46	0	0	0.37
208300	0.37	0.46	0.46	0	0	0.37
208400	0.37	0.46	0.46	0	0	0.37
208500	0.37	0.46	0.46	0	0	0.37
208600	0.37	0.46	0.46	0	0	0.37
208700	0.37	0.46	0.46	0	0	0.37
208800	0.37	0.46	0.46	0	0	0.37
208900	0.37	0.46	0.46	0	0	0.37
209000	0.37	0.46	0.46	0	0	0.37
209100	0.37	0.46	0.46	0	0	0.37
209200	0.37	0.46	0.46	0	0	0.37
209300	0.37	0.47	0.47	0	0	0.37
209400	0.37	0.46	0.46	0	0	0.37
209500	0.37	0.46	0.46	0	0	0.37
209600	0.37	0.46	0.46	0	0	0.37
209700	0.37	0.46	0.46	0	0	0.37
209800	0.37	0.47	0.47	0	0	0.37
209900	0.37	0.47	0.47	0	0	0.37
210000	0.37	0.47	0.47	0	0	0.37
210100	0.37	0.46	0.46	0	0	0.37
210200	0.37	0.45	0.45	0	0	0.37
210300	0.37	0.45	0.45	0	0	0.37
210400	0.37	0.45	0.45	0	0	0.37
210500	0.37	0.45	0.45	0	0	0.37
210600	0.37	0.45	0.45	0	0	0.37
210700	0.37	0.45	0.45	0	0	0.37
210800	0.37	0.45	0.45	0	0	0.37
210900	0.37	0.45	0.45	0	0	0.37
211000	0.37	0.46	0.46	0	0	0.37
211100	0.37	0.44	0.44	0	0	0.37
211200	0.37	0.45	0.45	0	0	0.37
211300	0.37	0.45	0.45	0	0	0.37
211400	0.37	0.45	0.45	0	0	0.37
211500	0.37	0.46	0.46	0	0	0.37
211600	0.37	0.46	0.46	0	0	0.37
211700	0.37	0.46	0.46	0	0	0.37
211800	0.37	0.46	0.46	0	0	0.37
211900	0.37	0.46	0.46	0	0	0.37
212000	0.37	0.46	0.46	0	0	0.37
212100	0.37	0.47	0.47	0	0	0.37
212200	0.37	0.47	0.47	0	0	0.37
212300	0.37	0.47	0.47	0	0	0.37
212400	0.37	0.48	0.48	0	0	0.37
212500	0.37	0.48	0.48	0	0	0.37
212600	0.37	0.48	0.48	0	0	0.37
212700	0.37	0.49	0.49	0	0	0.37
212800	0.37	0.49	0.49	0	0	0.37
212900	0.37	0.49	0.49	0	0	0.37
213000	0.37	0.49	0.49	0	0	0.37
213100	0.37	0.49	0.49	0	0	0.37
213200	0.37	0.49	0.49	0	0	0.37
213300	0.37	0.49	0.49	0	0	0.37
213400	0.37	0.49	0.49	0	0	0.37
213500	0.37	0.49	0.49	0	0	0.37
213600	0.37	0.5	0.5	0	0	0.37
213700	0.37	0.5	0.5	0	0	0.37
213800	0.37	0.49	0.49	0	0	0.37
213900	0.37	0.49	0.49	0	0	0.37
214000	0.37	0.49	0.49	0	0	0.37
214100	0.37	0.49	0.49	0	0	0.37
214200	0.37	0.49	0.49	0	0	0.37
214300	0.37	0.49	0.49	0	0	0.37
214400	0.37	0.49	0.49	0	0	0.37
214500	0.37	0.49	0.49	0	0	0.37
214600	0.37	0.5	0.5	0	0	0.37
214700	0.37	0.49	0.49	0	0	0.37
214800	0.37	0.49	0.49	0	0	0.37
214900	0.37	0.49	0.49	0	0	0.37
215000	0.38	0.48	0.48	0	0	0.38
215100	0.37	0.48	0.48	0	0	0.37
215200	0.37	0.48	0.48	0	0	0.37
215300	0.37	0.48	0.48	0	0	0.37
215400	0.37	0.48	0.48	0	0	0.37
215500	0.37	0.48	0.48	0	0	0.37
215600	0.37	0.48	0.48	0	0	0.37
215700	0.37	0.48	0.48	0	0	0.37
215800	0.37	0.48	0.48	0	0	0.37
215900	0.37	0.48	0.48	0	0	0.37
216000	0.37	0.49	0.49	0	0	0.37
216100	0.37	0.5	0.5	0	0	0.37
216200	0.37	0.49	0.49	0	0	0.37
216300	0.37	0.49	0.49	0	0	0.37
216400	0.37	0.49	0.49	0	0	0.37
216500	0.37	0.48	0.48	0	0	0.37
216600	0.37	0.48	0.48	0	0	0.37
216700	0.37	0.48	0.48	0	0	0.37
216800	0.37	0.48	0.48	0	0	0.37
216900	0.37	0.48	0.48	0	0	0.37
217000	0.37	0.48	0.48	0	0	0.37
217100	0.37	0.48	0.48	0	0	0.37
217200	0.37	0.48	0.48	0	0	0.37
217300	0.37	0.48	0.48	0	0	0.37
217400	0.38	0.48	0.48	0	0	0.38
217500	0.37	0.48	0.48	0	0	0.37
217600	0.37	0.48	0.48	0	0	0.37
217700	0.37	0.48	0.48	0	0	0.37
217800	0.37	0.48	0.48	0	0	0.37
217900	0.37	0.48	0.48	0	0	0.37
218000	0.37	0.48	0.48	0	0	0.37
218100	0.37	0.48	0.48	0	0	0.37
218200	0.37	0.48	0.48	0	0	0.37
218300	0.37	0.48	0.48	0	0	0.37
218400	0.37	0.48	0.48	0	0	0.37
218500	0.37	0.48	0.48	0	0	0.37
218600	0.37	0.48	0.48	0	0	0.37
218700	0.37	0.48	0.48	0	0	0.37
218800	0.37	0.48	0.48	0	0	0.37
218900	0.37	0.47	0.47	0	0	0.37
219000	0.37	0.47	0.47	0	0	0.37
219100	0.37	0.46	0.46	0	0	0.37
219200	0.37	0.46	0.46	0	0	0.37
219300	0.37	0.46	0.46	0	0	0.37
219400	0.37	0.46	0.46	0	0	0.37
219500	0.37	0.46	0.46	0	0	0.37
219600	0.37	0.46	0.46	0	0	0.37
219700	0.37	0.46	0.46	0	0	0.37
219800	0.37	0.46	0.46	0	0	0.37
219900	0.37	0.46	0.46	0	0	0.37
220000	0.37	0.46	0.46	0	0	0.37
220100	0.37	0.46	0.46	0	0	0.37
220200	0.37	0.46	0.46	0	0	0.37
220300	0.37	0.46	0.46	0	0	0.37
220400	0.37	0.46	0.46	0	0	0.37
220500	0.37	0.46	0.46	0	0	0.37
220600	0.37	0.46	0.46	0	0	0.37
220700	0.37	0.46	0.46	0	0	0.37
220800	0.37	0.46	0.46	0	0	0.37
220900	0.37	0.46	0.46	0	0	0.37
221000	0.37	0.47	0.47	0	0	0.37
221100	0.37	0.47	0.47	0	0	0.37
221200	0.37	0.48	0.48	0	0	0.37
221300	0.37	0.49	0.49	0	0	0.37
221400	0.37	0.48	0.48	0	0	0.37
221500	0.37	0.47	0.47	0	0	0.37
221600	0.37	0.47	0.47	0	0	0.37
221700	0.37	0.47	0.47	0	0	0.37
221800	0.37	0.47	0.47	0	0	0.37
221900	0.37	0.47	0.47	0	0	0.37
222000	0.37	0.47	0.47	0	0	0.37
222100	0.37	0.48	0.48	0	0	0.37
222200	0.38	0.48	0.48	0	0	0.38
222300	0.37	0.49	0.49	0	0	0.37
222400	0.37	0.49	0.49	0	0	0.37
222500	0.37	0.49	0.49	0	0	0.37
222600	0.37	0.5	0.5	0	0	0.37
222700	0.37	0.5	0.5	0	0	0.37
222800	0.37	0.5	0.5	0	0	0.37
222900	0.37	0.5	0.5	0	0	0.37
223000	0.37	0.49	0.49	0	0	0.37
223100	0.37	0.49	0.49	0	0	0.37
223200	0.37	0.49	0.49	0	0	0.37
223300	0.37	0.49	0.49	0	0	0.37
223400	0.37	0.49	0.49	0	0	0.37
223500	0.37	0.49	0.49	0	0	0.37
223600	0.37	0.49	0.49	0	0	0.37
223700	0.37	0.49	0.49	0	0	0.37
223800	0.37	0.48	0.48	0	0	0.37
223900	0.37	0.48	0.48	0	0	0.37
224000	0.37	0.48	0.48	0	0	0.37
224100	0.37	0.47	0.47	0	0	0.37
224200	0.37	0.47	0.47	0	0	0.37
224300	0.37	0.47	0.47	0	0	0.37
224400	0.37	0.47	0.47	0	0	0.37
224500	0.37	0.47	0.47	0	0	0.37
224600	0.37	0.47	0.47	0	0	0.37
224700	0.37	0.47	0.47	0	0	0.37
224800	0.37	0.47	0.47	0	0	0.37
224900	0.37	0.47	0.47	0	0	0.37
225000	0.37	0.48	0.48	0	0	0.37
225100	0.37	0.48	0.48	0	0	0.37
225200	0.37	0.48	0.48	0	0	0.37
225300	0.37	0.48	0.48	0	0	0.37
225400	0.37	0.48	0.48	0	0	0.37
225500	0.37	0.48	0.48	0	0	0.37
225600	0.37	0.48	0.48	0	0	0.37
225700	0.37	0.48	0.48	0	0	0.37
225800	0.37	0.48	0.48	0	0	0.37
225900	0.37	0.48	0.48	0	0	0.37
226000	0.37	0.48	0.48	0	0	0.37
226100	0.37	0.48	0.48	0	0	0.37
226200	0.37	0.48	0.48	0	0	0.37
226300	0.37	0.48	0.48	0	0	0.37
226400	0.37	0.48	0.48	0	0	0.37
226500	0.37	0.48	0.48	0	0	0.37
226600	0.37	0.48	0.48	0	0	0.37
226700	0.38	0.48	0.48	0	0	0.38
226800	0.37	0.48	0.48	0	0	0.37
226900	0.37	0.48	0.48	0	0	0.37
227000	0.37	0.48	0.48	0	0	0.37
227100	0.37	0.48	0.48	0	0	0.37
227200	0.37	0.48	0.48	0	0	0.37
227300	0.37	0.48	0.48	0	0	0.37
227400	0.37	0.49	0.49	0	0	0.37
227500	0.37	0.47	0.47	0	0	0.37
227600	0.37	0.47	0.47	0	0	0.37
227700	0.37	0.47	0.47	0	0	0.37
227800	0.37	0.46	0.46	0	0	0.37
227900	0.37	0.46	0.46	0	0	0.37
228000	0.37	0.46	0.46	0	0	0.37
228100	0.37	0.46	0.46	0	0	0.37
228200	0.37	0.46	0.46	0	0	0.37
228300	0.37	0.46	0.46	0	0	0.37
228400	0.37	0.46	0.46	0	0	0.37
228500	0.37	0.46	0.46	0	0	0.37
228600	0.37	0.46	0.46	0	0	0.37
228700	0.37	0.46	0.46	0	0	0.37
228800	0.37	0.46	0.46	0	0	0.37
228900	0.37	0.46	0.46	0	0	0.37
229000	0.38	0.46	0.46	0	0	0.38
229100	0.37	0.45	0.45	0	0	0.37
229200	0.37	0.45	0.45	0	0	0.37
229300	0.37	0.45	0.45	0	0	0.37
229400	0.37	0.45	0.45	0	0	0.37
229500	0.38	0.45	0.45	0	0	0.38
229600	0.37	0.45	0.45	0	0	0.37
229700	0.37	0.45	0.45	0	0	0.37
229800	0.37	0.45	0.45	0	0	0.37
229900	0.37	0.45	0.45	0	0	0.37
230000	0.37	0.46	0.46	0	0	0.37
230100	0.37	0.45	0.45	0	0	0.37
230200	0.37	0.45	0.45	0	0	0.37
230300	0.37	0.45	0.45	0	0	0.37
230400	0.37	0.46	0.46	0	0	0.37
230500	0.37	0.45	0.45	0	0	0.37
230600	0.37	0.46	0.46	0	0	0.37
230700	0.37	0.46	0.46	0	0	0.37
230800	0.37	0.46	0.46	0	0	0.37
230900	0.37	0.46	0.46	0	0	0.37
231000	0.37	0.46	0.46	0	0	0.37
231100	0.37	0.46	0.46	0	0	0.37
231200	0.37	0.46	0.46	0	0	0.37
231300	0.37	0.46	0.46	0	0	0.37
231400	0.37	0.46	0.46	0	0	0.37
231500	0.37	0.46	0.46	0	0	0.37
231600	0.37	0.46	0.46	0	0	0.37
231700	0.37	0.46	0.46	0	0	0.37
231800	0.37	0.46	0.46	0	0	0.37
231900	0.37	0.46	0.46	0	0	0.37
232000	0.38	0.46	0.46	0	0	0.38
232100	0.37	0.48	0.48	0	0	0.37
232200	0.37	0.47	0.47	0	0	0.37
232300	0.37	0.47	0.47	0	0	0.37
232400	0.37	0.47	0.47	0	0	0.37
232500	0.37	0.47	0.47	0	0	0.37
232600	0.37	0.47	0.47	0	0	0.37
232700	0.37	0.47	0.47	0	0	0.37
232800	0.37	0.47	0.47	0	0	0.37
232900	0.37	0.47	0.47	0	0	0.37
233000	0.37	0.47	0.47	0	0	0.37
233100	0.37	0.47	0.47	0	0	0.37
233200	0.37	0.47	0.47	0	0	0.37
233300	0.37	0.47	0.47	0	0	0.37
233400	0.37	0.47	0.47	0	0	0.37
233500	0.37	0.47	0.47	0	0	0.37
233600	0.37	0.47	0.47	0	0	0.37
233700	0.37	0.47	0.47	0	0	0.37
233800	0.37	0.47	0.47	0	0	0.37
233900	0.37	0.47	0.47	0	0	0.37
234000	0.37	0.47	0.47	0	0	0.37
234100	0.37	0.47	0.47	0	0	0.37
234200	0.37	0.47	0.47	0	0	0.37
234300	0.37	0.47	0.47	0	0	0.37
234400	0.37	0.47	0.47	0	0	0.37
234500	0.37	0.47	0.47	0	0	0.37
234600	0.37	0.47	0.47	0	0	0.37
234700	0.37	0.47	0.47	0	0	0.37
234800	0.37	0.47	0.47	0	0	0.37
234900	0.37	0.47	0.47	0	0	0.37
235000	0.37	0.47	0.47	0	0	0.37
235100	0.37	0.47	0.47	0	0	0.37
235200	0.37	0.47	0.47	0	0	0.37
235300	0.37	0.47	0.47	0	0	0.37
235400	0.37	0.47	0.47	0	0	0.37
235500	0.37	0.47	0.47	0	0	0.37
235600	0.37	0.47	0.47	0	0	0.37
235700	0.37	0.47	0.47	0	0	0.37
235800	0.37	0.47	0.47	0	0	0.37
235900	0.37	0.47	0.47	0	0	0.37
236000	0.37	0.47	0.47	0	0	0.37
236100	0.37	0.47	0.47	0	0	0.37
236200	0.37	0.47	0.47	0	0	0.37
236300	0.37	0.47	0.47	0	0	0.37
236400	0.37	0.47	0.47	0	0	0.37
236500	0.37	0.47	0.47	0	0	0.37
236600	0.37	0.47	0.47	0	0	0.37
236700	0.37	0.47	0.47	0	0	0.37
236800	0.37	0.47	0.47	0	0	0.37
236900	0.37	0.47	0.47	0	0	0.37
237000	0.37	0.47	0.47	0	0	0.37
237100	0.37	0.47	0.47	0	0	0.37
237200	0.37	0.47	0.47	0	0	0.37
237300	0.37	0.47	0.47	0	0	0.37
237400	0.37	0.47	0.47	0	0	0.37
237500	0.37	0.47	0.47	0	0	0.37
237600	0.37	0.47	0.47	0	0	0.37
237700	0.37	0.48	0.48	0	0	0.37
237800	0.37	0.48	0.48	0	0	0.37
237900	0.37	0.48	0.48	0	0	0.37
238000	0.37	0.48	0.48	0	0	0.37
238100	0.37	0.48	0.48	0	0	0.37
238200	0.37	0.49	0.49	0	0	0.37
238300	0.37	0.49	0.49	0	0	0.37
238400	0.36	0.48	0.48	0	0	0.36
238500	0.36	0.48	0.48	0	0	0.36
238600	0.36	0.48	0.48	0	0	0.36
238700	0.36	0.48	0.48	0	0	0.36
238800	0.36	0.48	0.48	0	0	0.36
238900	0.36	0.48	0.48	0	0	0.36
239000	0.36	0.48	0.48	0	0	0.36
239100	0.36	0.48	0.48	0	0	0.36
239200	0.36	0.48	0.48	0	0	0.36
239300	0.36	0.48	0.48	0	0	0.36
239400	0.36	0.48	0.48	0	0	0.36
239500	0.36	0.48	0.48	0	0	0.36
239600	0.36	0.48	0.48	0	0	0.36
239700	0.36	0.48	0.48	0	0	0.36
239800	0.36	0.47	0.47	0	0	0.36
239900	0.36	0.47	0.47	0	0	0.36
240000	0.36	0.47	0.47	0	0	0.36
240100	0.36	0.47	0.47	0	0	0.36
240200	0.36	0.47	0.47	0	0	0.36
240300	0.36	0.47	0.47	0	0	0.36
240400	0.36	0.47	0.47	0	0	0.36
240500	0.36	0.47	0.47	0	0	0.36
240600	0.36	0.47	0.47	0	0	0.36
240700	0.36	0.47	0.47	0	0	0.36
240800	0.36	0.47	0.47	0	0	0.36
240900	0.36	0.47	0.47	0	0	0.36
241000	0.36	0.47	0.47	0	0	0.36
241100	0.36	0.47	0.47	0	0	0.36
241200	0.36	0.47	0.47	0	0	0.36
241300	0.36	0.47	0.47	0	0	0.36
241400	0.36	0.47	0.47	0	0	0.36
241500	0.36	0.47	0.47	0	0	0.36
241600	0.37	0.47	0.47	0	0	0.37
241700	0.37	0.47	0.47	0	0	0.37
241800	0.37	0.47	0.47	0	0	0.37
241900	0.37	0.47	0.47	0	0	0.37
242000	0.37	0.47	0.47	0	0	0.37
242100	0.37	0.47	0.47	0	0	0.37
242200	0.37	0.47	0.47	0	0	0.37
242300	0.37	0.47	0.47	0	0	0.37
242400	0.37	0.47	0.47	0	0	0.37
242500	0.37	0.47	0.47	0	0	0.37
242600	0.37	0.47	0.47	0	0	0.37
242700	0.37	0.47	0.47	0	0	0.37
242800	0.37	0.47	0.47	0	0	0.37
242900	0.37	0.47	0.47	0	0	0.37
243000	0.37	0.47	0.47	0	0	0.37
243100	0.37	0.47	0.47	0	0	0.37
243200	0.37	0.47	0.47	0	0	0.37
243300	0.37	0.48	0.48	0	0	0.37
243400	0.37	0.48	0.48	0	0	0.37
243500	0.37	0.48	0.48	0	0	0.37
243600	0.37	0.48	0.48	0	0	0.37
243700	0.37	0.48	0.48	0	0	0.37
243800	0.37	0.48	0.48	0	0	0.37
243900	0.37	0.48	0.48	0	0	0.37
244000	0.37	0.48	0.48	0	0	0.37
244100	0.37	0.48	0.48	0	0	0.37
244200	0.37	0.48	0.48	0	0	0.37
244300	0.37	0.48	0.48	0	0	0.37
244400	0.37	0.48	0.48	0	0	0.37
244500	0.37	0.48	0.48	0	0	0.37
244600	0.37	0.48	0.48	0	0	0.37
244700	0.37	0.48	0.48	0	0	0.37
244800	0.37	0.48	0.48	0	0	0.37
244900	0.37	0.48	0.48	0	0	0.37
245000	0.37	0.48	0.48	0	0	0.37
245100	0.37	0.48	0.48	0	0	0.37
245200	0.37	0.48	0.48	0	0	0.37
245300	0.37	0.48	0.48	0	0	0.37
245400	0.37	0.48	0.48	0	0	0.37
245500	0.37	0.48	0.48	0	0	0.37
245600	0.37	0.48	0.48	0	0	0.37
245700	0.37	0.48	0.48	0	0	0.37
245800	0.37	0.48	0.48	0	0	0.37
245900	0.37	0.48	0.48	0	0	0.37
246000	0.37	0.48	0.48	0	0	0.37
246100	0.37	0.48	0.48	0	0	0.37
246200	0.37	0.48	0.48	0	0	0.37
246300	0.37	0.48	0.48	0	0	0.37
246400	0.37	0.48	0.48	0	0	0.37
246500	0.37	0.48	0.48	0	0	0.37
246600	0.37	0.48	0.48	0	0	0.37
246700	0.37	0.48	0.48	0	0	0.37
246800	0.37	0.48	0.48	0	0	0.37
246900	0.37	0.48	0.48	0	0	0.37
247000	0.37	0.48	0.48	0	0	0.37
247100	0.37	0.48	0.48	0	0	0.37
247200	0.37	0.47	0.47	0	0	0.37
247300	0.37	0.47	0.47	0	0	0.37
247400	0.37	0.47	0.47	0	0	0.37
247500	0.37	0.47	0.47	0	0	0.37
247600	0.37	0.47	0.47	0	0	0.37
247700	0.37	0.47	0.47	0	0	0.37
247800	0.37	0.47	0.47	0	0	0.37
247900	0.37	0.47	0.47	0	0	0.37
248000	0.37	0.47	0.47	0	0	0.37
248100	0.37	0.47	0.47	0	0	0.37
248200	0.37	0.47	0.47	0	0	0.37
248300	0.37	0.47	0.47	0	0	0.37
248400	0.37	0.47	0.47	0	0	0.37
248500	0.37	0.47	0.47	0	0	0.37
248600	0.37	0.47	0.47	0	0	0.37
248700	0.37	0.47	0.47	0	0	0.37
248800	0.37	0.47	0.47	0	0	0.37
248900	0.37	0.47	0.47	0	0	0.37
249000	0.37	0.47	0.47	0	0	0.37
249100	0.37	0.47	0.47	0	0	0.37
249200	0.37	0.47	0.47	0	0	0.37
249300	0.37	0.47	0.47	0	0	0.37
249400	0.37	0.47	0.47	0	0	0.37
249500	0.37	0.47	0.47	0	0	0.37
249600	0.37	0.47	0.47	0	0	0.37
249700	0.37	0.47	0.47	0	0	0.37
249800	0.37	0.47	0.47	0	0	0.37
249900	0.37	0.47	0.47	0	0	0.37
250000	0.37	0.47	0.47	0	0	0.37
250100	0.37	0.47	0.47	0	0	0.37
250200	0.37	0.47	0.47	0	0	0.37
250300	0.37	0.47	0.47	0	0	0.37
250400	0.37	0.47	0.47	0	0	0.37
250500	0.37	0.47	0.47	0	0	0.37
250600	0.37	0.47	0.47	0	0	0.37
250700	0.37	0.47	0.47	0	0	0.37
250800	0.37	0.47	0.47	0	0	0.37
250900	0.37	0.47	0.47	0	0	0.37
251000	0.37	0.47	0.47	0	0	0.37
251100	0.37	0.47	0.47	0	0	0.37
251200	0.37	0.47	0.47	0	0	0.37
251300	0.37	0.47	0.47	0	0	0.37
251400	0.37	0.47	0.47	0	0	0.37
251500	0.37	0.47	0.47	0	0	0.37
251600	0.37	0.48	0.48	0	0	0.37
251700	0.37	0.49	0.49	0	0	0.37
251800	0.37	0.48	0.48	0	0	0.37
251900	0.37	0.48	0.48	0	0	0.37
252000	0.36	0.48	0.48	0	0	0.36
252100	0.36	0.48	0.48	0	0	0.36
252200	0.36	0.48	0.48	0	0	0.36
252300	0.36	0.49	0.49	0	0	0.36
252400	0.36	0.48	0.48	0	0	0.36
252500	0.36	0.48	0.48	0	0	0.36
252600	0.36	0.48	0.48	0	0	0.36
252700	0.36	0.48	0.48	0	0	0.36
252800	0.35	0.48	0.48	0	0	0.35
252900	0.35	0.48	0.48	0	0	0.35
253000	0.35	0.48	0.48	0	0	0.35
253100	0.35	0.48	0.48	0	0	0.35
253200	0.35	0.48	0.48	0	0	0.35
253300	0.35	0.48	0.48	0	0	0.35
253400	0.35	0.48	0.48	0	0	0.35
253500	0.35	0.48	0.48	0	0	0.35
253600	0.35	0.49	0.49	0	0	0.35
253700	0.35	0.49	0.49	0	0	0.35
253800	0.35	0.49	0.49	0	0	0.35
253900	0.37	0.48	0.48	0	0	0.37
254000	0.37	0.48	0.48	0	0	0.37
254100	0.37	0.48	0.48	0	0	0.37
254200	0.37	0.48	0.48	0	0	0.37
254300	0.37	0.48	0.48	0	0	0.37
254400	0.37	0.48	0.48	0	0	0.37
254500	0.37	0.48	0.48	0	0	0.37
254600	0.38	0.48	0.48	0	0	0.38
254700	0.37	0.48	0.48	0	0	0.37
254800	0.36	0.48	0.48	0	0	0.36
254900	0.35	0.48	0.48	0	0	0.35
255000	0.35	0.48	0.48	0	0	0.35
255100	0.34	0.48	0.48	0	0	0.34
255200	0.34	0.48	0.48	0	0	0.34
255300	0.34	0.48	0.48	0	0	0.34
255400	0.34	0.49	0.49	0	0	0.34
255500	0.34	0.49	0.49	0	0	0.34
255600	0.34	0.49	0.49	0	0	0.34
255700	0.34	0.49	0.49	0	0	0.34
255800	0.34	0.49	0.49	0	0	0.34
255900	0.34	0.49	0.49	0	0	0.34
256000	0.34	0.49	0.49	0	0	0.34
256100	0.34	0.49	0.49	0	0	0.34
256200	0.34	0.49	0.49	0	0	0.34
256300	0.34	0.49	0.49	0	0	0.34
256400	0.34	0.49	0.49	0	0	0.34
256500	0.34	0.49	0.49	0	0	0.34
256600	0.34	0.49	0.49	0	0	0.34
256700	0.34	0.49	0.49	0	0	0.34
256800	0.34	0.49	0.49	0	0	0.34
256900	0.34	0.49	0.49	0	0	0.34
257000	0.34	0.49	0.49	0	0	0.34
257100	0.34	0.49	0.49	0	0	0.34
257200	0.34	0.49	0.49	0	0	0.34
257300	0.34	0.49	0.49	0	0	0.34
257400	0.34	0.49	0.49	0	0	0.34
257500	0.34	0.49	0.49	0	0	0.34
257600	0.34	0.49	0.49	0	0	0.34
257700	0.34	0.49	0.49	0	0	0.34
257800	0.35	0.49	0.49	0	0	0.35
257900	0.35	0.49	0.49	0	0	0.35
258000	0.34	0.49	0.49	0	0	0.34
258100	0.35	0.49	0.49	0	0	0.35
258200	0.34	0.49	0.49	0	0	0.34
258300	0.34	0.49	0.49	0	0	0.34
258400	0.35	0.5	0.5	0	0	0.35
258500	0.35	0.5	0.5	0	0	0.35
258600	0.35	0.5	0.5	0	0	0.35
258700	0.35	0.49	0.49	0	0	0.35
258800	0.35	0.49	0.49	0	0	0.35
258900	0.35	0.48	0.48	0	0	0.35
259000	0.34	0.48	0.48	0	0	0.34
259100	0.34	0.48	0.48	0	0	0.34
259200	0.34	0.48	0.48	0	0	0.34
259300	0.34	0.49	0.49	0	0	0.34
259400	0.34	0.5	0.5	0	0	0.34
259500	0.34	0.5	0.5	0	0	0.34
259600	0.35	0.5	0.5	0	0	0.35
259700	0.34	0.5	0.5	0	0	0.34
259800	0.34	0.5	0.5	0	0	0.34
259900	0.34	0.5	0.5	0	0	0.34
260000	0.34	0.5	0.5	0	0	0.34
260100	0.34	0.5	0.5	0	0	0.34
260200	0.34	0.5	0.5	0	0	0.34
260300	0.33	0.5	0.5	0	0	0.33
260400	0.33	0.5	0.5	0	0	0.33
260500	0.33	0.5	0.5	0	0	0.33
260600	0.33	0.5	0.5	0	0	0.33
260700	0.33	0.5	0.5	0	0	0.33
260800	0.33	0.5	0.5	0	0	0.33
260900	0.33	0.5	0.5	0	0	0.33
261000	0.33	0.5	0.5	0	0	0.33
261100	0.34	0.5	0.5	0	0	0.34
261200	0.34	0.5	0.5	0	0	0.34
261300	0.34	0.5	0.5	0	0	0.34
261400	0.34	0.5	0.5	0	0	0.34
261500	0.34	0.5	0.5	0	0	0.34
261600	0.34	0.5	0.5	0	0	0.34
261700	0.34	0.5	0.5	0	0	0.34
261800	0.34	0.5	0.5	0	0	0.34
261900	0.34	0.5	0.5	0	0	0.34
262000	0.34	0.5	0.5	0	0	0.34
262100	0.34	0.49	0.49	0	0	0.34
262200	0.34	0.49	0.49	0	0	0.34
262300	0.34	0.49	0.49	0	0	0.34
262400	0.34	0.49	0.49	0	0	0.34
262500	0.34	0.49	0.49	0	0	0.34
262600	0.34	0.5	0.5	0	0	0.34
262700	0.34	0.5	0.5	0	0	0.34
262800	0.34	0.49	0.49	0	0	0.34
262900	0.34	0.49	0.49	0	0	0.34
263000	0.34	0.49	0.49	0	0	0.34
263100	0.34	0.48	0.48	0	0	0.34
263200	0.34	0.47	0.47	0	0	0.34
263300	0.34	0.47	0.47	0	0	0.34
263400	0.34	0.47	0.47	0	0	0.34
263500	0.34	0.47	0.47	0	0	0.34
263600	0.34	0.47	0.47	0	0	0.34
263700	0.34	0.47	0.47	0	0	0.34
263800	0.34	0.47	0.47	0	0	0.34
263900	0.34	0.47	0.47	0	0	0.34
264000	0.34	0.47	0.47	0	0	0.34
264100	0.34	0.48	0.48	0	0	0.34
264200	0.33	0.47	0.47	0	0	0.33
264300	0.33	0.47	0.47	0	0	0.33
264400	0.33	0.47	0.47	0	0	0.33
264500	0.34	0.47	0.47	0	0	0.34
264600	0.34	0.47	0.47	0	0	0.34
264700	0.34	0.47	0.47	0	0	0.34
264800	0.34	0.48	0.48	0	0	0.34
264900	0.35	0.47	0.47	0	0	0.35
265000	0.34	0.47	0.47	0	0	0.34
265100	0.34	0.47	0.47	0	0	0.34
265200	0.34	0.47	0.47	0	0	0.34
265300	0.34	0.47	0.47	0	0	0.34
265400	0.34	0.47	0.47	0	0	0.34
265500	0.34	0.47	0.47	0	0	0.34
265600	0.34	0.47	0.47	0	0	0.34
265700	0.34	0.47	0.47	0	0	0.34
265800	0.34	0.47	0.47	0	0	0.34
265900	0.34	0.47	0.47	0	0	0.34
266000	0.35	0.47	0.47	0	0	0.35
266100	0.35	0.47	0.47	0	0	0.35
266200	0.35	0.47	0.47	0	0	0.35
266300	0.35	0.47	0.47	0	0	0.35
266400	0.35	0.47	0.47	0	0	0.35
266500	0.35	0.47	0.47	0	0	0.35
266600	0.35	0.47	0.47	0	0	0.35
266700	0.35	0.47	0.47	0	0	0.35
266800	0.34	0.47	0.47	0	0	0.34
266900	0.34	0.47	0.47	0	0	0.34
267000	0.34	0.47	0.47	0	0	0.34
267100	0.34	0.47	0.47	0	0	0.34
267200	0.34	0.47	0.47	0	0	0.34
267300	0.34	0.47	0.47	0	0	0.34
267400	0.34	0.47	0.47	0	0	0.34
267500	0.34	0.47	0.47	0	0	0.34
267600	0.34	0.47	0.47	0	0	0.34
267700	0.34	0.47	0.47	0	0	0.34
267800	0.33	0.47	0.47	0	0	0.33
267900	0.33	0.47	0.47	0	0	0.33
268000	0.33	0.47	0.47	0	0	0.33
268100	0.33	0.47	0.47	0	0	0.33
268200	0.33	0.47	0.47	0	0	0.33
268300	0.32	0.47	0.47	0	0	0.32
268400	0.31	0.47	0.47	0	0	0.31
268500	0.31	0.47	0.47	0	0	0.31
268600	0.31	0.47	0.47	0	0	0.31
268700	0.31	0.47	0.47	0	0	0.31
268800	0.32	0.47	0.47	0	0	0.32
268900	0.32	0.47	0.47	0	0	0.32
269000	0.32	0.47	0.47	0	0	0.32
269100	0.32	0.47	0.47	0	0	0.32
269200	0.32	0.47	0.47	0	0	0.32
269300	0.32	0.47	0.47	0	0	0.32
269400	0.32	0.47	0.47	0	0	0.32
269500	0.31	0.47	0.47	0	0	0.31
269600	0.31	0.47	0.47	0	0	0.31
269700	0.31	0.47	0.47	0	0	0.31
269800	0.31	0.47	0.47	0	0	0.31
269900	0.31	0.47	0.47	0	0	0.31
270000	0.32	0.47	0.47	0	0	0.32
270100	0.32	0.47	0.47	0	0	0.32
270200	0.32	0.47	0.47	0	0	0.32
270300	0.31	0.47	0.47	0	0	0.31
270400	0.31	0.47	0.47	0	0	0.31
270500	0.31	0.47	0.47	0	0	0.31
270600	0.31	0.47	0.47	0	0	0.31
270700	0.31	0.47	0.47	0	0	0.31
270800	0.31	0.47	0.47	0	0	0.31
270900	0.31	0.47	0.47	0	0	0.31
271000	0.31	0.47	0.47	0	0	0.31
271100	0.32	0.48	0.48	0	0	0.32
271200	0.32	0.48	0.48	0	0	0.32
271300	0.32	0.48	0.48	0	0	0.32
271400	0.32	0.47	0.47	0	0	0.32
271500	0.32	0.47	0.47	0	0	0.32
271600	0.32	0.48	0.48	0	0	0.32
271700	0.32	0.48	0.48	0	0	0.32
271800	0.33	0.48	0.48	0	0	0.33
271900	0.33	0.48	0.48	0	0	0.33
272000	0.32	0.48	0.48	0	0	0.32
272100	0.32	0.48	0.48	0	0	0.32
272200	0.31	0.48	0.48	0	0	0.31
272300	0.31	0.49	0.49	0	0	0.31
272400	0.31	0.49	0.49	0	0	0.31
272500	0.31	0.49	0.49	0	0	0.31
272600	0.31	0.49	0.49	0	0	0.31
272700	0.31	0.49	0.49	0	0	0.31
272800	0.31	0.49	0.49	0	0	0.31
272900	0.33	0.49	0.49	0	0	0.33
273000	0.32	0.49	0.49	0	0	0.32
273100	0.31	0.49	0.49	0	0	0.31
273200	0.31	0.49	0.49	0	0	0.31
273300	0.31	0.49	0.49	0	0	0.31
273400	0.31	0.49	0.49	0	0	0.31
273500	0.31	0.49	0.49	0	0	0.31
273600	0.31	0.49	0.49	0	0	0.31
273700	0.31	0.49	0.49	0	0	0.31
273800	0.31	0.49	0.49	0	0	0.31
273900	0.31	0.49	0.49	0	0	0.31
274000	0.31	0.49	0.49	0	0	0.31
274100	0.31	0.49	0.49	0	0	0.31
274200	0.31	0.49	0.49	0	0	0.31
274300	0.31	0.49	0.49	0	0	0.31
274400	0.31	0.49	0.49	0	0	0.31
274500	0.31	0.49	0.49	0	0	0.31
274600	0.31	0.49	0.49	0	0	0.31
274700	0.31	0.49	0.49	0	0	0.31
274800	0.31	0.49	0.49	0	0	0.31
274900	0.31	0.49	0.49	0	0	0.31
275000	0.31	0.49	0.49	0	0	0.31
275100	0.31	0.49	0.49	0	0	0.31
275200	0.31	0.49	0.49	0	0	0.31
275300	0.31	0.49	0.49	0	0	0.31
275400	0.31	0.49	0.49	0	0	0.31
275500	0.31	0.49	0.49	0	0	0.31
275600	0.31	0.49	0.49	0	0	0.31
275700	0.31	0.49	0.49	0	0	0.31
275800	0.31	0.49	0.49	0	0	0.31
275900	0.31	0.49	0.49	0	0	0.31
276000	0.31	0.49	0.49	0	0	0.31
276100	0.31	0.49	0.49	0	0	0.31
276200	0.31	0.49	0.49	0	0	0.31
276300	0.31	0.49	0.49	0	0	0.31
276400	0.31	0.49	0.49	0	0	0.31
276500	0.31	0.49	0.49	0	0	0.31
276600	0.31	0.49	0.49	0	0	0.31
276700	0.32	0.49	0.49	0	0	0.32
276800	0.33	0.49	0.49	0	0	0.33
276900	0.33	0.49	0.49	0	0	0.33
277000	0.33	0.49	0.49	0	0	0.33
277100	0.33	0.49	0.49	0	0	0.33
277200	0.33	0.49	0.49	0	0	0.33
277300	0.33	0.49	0.49	0	0	0.33
277400	0.32	0.49	0.49	0	0	0.32
277500	0.32	0.49	0.49	0	0	0.32
277600	0.32	0.49	0.49	0	0	0.32
277700	0.32	0.49	0.49	0	0	0.32
277800	0.32	0.49	0.49	0	0	0.32
277900	0.32	0.49	0.49	0	0	0.32
278000	0.32	0.49	0.49	0	0	0.32
278100	0.32	0.49	0.49	0	0	0.32
278200	0.32	0.49	0.49	0	0	0.32
278300	0.32	0.49	0.49	0	0	0.32
278400	0.32	0.49	0.49	0	0	0.32
278500	0.32	0.49	0.49	0	0	0.32
278600	0.32	0.49	0.49	0	0	0.32
278700	0.32	0.49	0.49	0	0	0.32
278800	0.32	0.49	0.49	0	0	0.32
278900	0.32	0.49	0.49	0	0	0.32
279000	0.32	0.49	0.49	0	0	0.32
279100	0.32	0.49	0.49	0	0	0.32
279200	0.32	0.49	0.49	0	0	0.32
279300	0.32	0.49	0.49	0	0	0.32
279400	0.32	0.49	0.49	0	0	0.32
279500	0.32	0.5	0.5	0	0	0.32
279600	0.32	0.49	0.49	0	0	0.32
279700	0.33	0.49	0.49	0	0	0.33
279800	0.33	0.49	0.49	0	0	0.33
279900	0.33	0.49	0.49	0	0	0.33
280000	0.33	0.49	0.49	0	0	0.33
280100	0.33	0.49	0.49	0	0	0.33
280200	0.33	0.49	0.49	0	0	0.33
280300	0.33	0.5	0.5	0	0	0.33
280400	0.33	0.5	0.5	0	0	0.33
280500	0.33	0.5	0.5	0	0	0.33
280600	0.33	0.5	0.5	0	0	0.33
280700	0.33	0.5	0.5	0	0	0.33
280800	0.33	0.51	0.51	0	0	0.33
280900	0.33	0.51	0.51	0	0	0.33
281000	0.33	0.52	0.52	0	0	0.33
281100	0.33	0.51	0.51	0	0	0.33
281200	0.33	0.5	0.5	0	0	0.33
281300	0.33	0.5	0.5	0	0	0.33
281400	0.33	0.5	0.5	0	0	0.33
281500	0.33	0.5	0.5	0	0	0.33
281600	0.33	0.5	0.5	0	0	0.33
281700	0.33	0.5	0.5	0	0	0.33
281800	0.33	0.5	0.5	0	0	0.33
281900	0.33	0.5	0.5	0	0	0.33
282000	0.33	0.5	0.5	0	0	0.33
282100	0.33	0.5	0.5	0	0	0.33
282200	0.33	0.5	0.5	0	0	0.33
282300	0.33	0.5	0.5	0	0	0.33
282400	0.33	0.5	0.5	0	0	0.33
282500	0.34	0.5	0.5	0	0	0.34
282600	0.33	0.5	0.5	0	0	0.33
282700	0.33	0.5	0.5	0	0	0.33
282800	0.34	0.5	0.5	0	0	0.34
282900	0.34	0.5	0.5	0	0	0.34
283000	0.34	0.5	0.5	0	0	0.34
283100	0.34	0.5	0.5	0	0	0.34
283200	0.34	0.5	0.5	0	0	0.34
283300	0.34	0.51	0.51	0	0	0.34
283400	0.34	0.51	0.51	0	0	0.34
283500	0.34	0.5	0.5	0	0	0.34
283600	0.34	0.5	0.5	0	0	0.34
283700	0.34	0.5	0.5	0	0	0.34
283800	0.34	0.5	0.5	0	0	0.34
283900	0.34	0.5	0.5	0	0	0.34
284000	0.34	0.5	0.5	0	0	0.34
284100	0.34	0.5	0.5	0	0	0.34
284200	0.34	0.5	0.5	0	0	0.34
284300	0.34	0.49	0.49	0	0	0.34
284400	0.34	0.49	0.49	0	0	0.34
284500	0.34	0.49	0.49	0	0	0.34
284600	0.34	0.49	0.49	0	0	0.34
284700	0.34	0.49	0.49	0	0	0.34
284800	0.34	0.49	0.49	0	0	0.34
284900	0.34	0.49	0.49	0	0	0.34
285000	0.34	0.49	0.49	0	0	0.34
285100	0.34	0.49	0.49	0	0	0.34
285200	0.34	0.49	0.49	0	0	0.34
285300	0.34	0.49	0.49	0	0	0.34
285400	0.34	0.49	0.49	0	0	0.34
285500	0.34	0.49	0.49	0	0	0.34
285600	0.34	0.49	0.49	0	0	0.34
285700	0.34	0.49	0.49	0	0	0.34
285800	0.34	0.49	0.49	0	0	0.34
285900	0.34	0.49	0.49	0	0	0.34
286000	0.34	0.5	0.5	0	0	0.34
286100	0.34	0.51	0.51	0	0	0.34
286200	0.34	0.5	0.5	0	0	0.34
286300	0.34	0.49	0.49	0	0	0.34
286400	0.34	0.5	0.5	0	0	0.34
286500	0.34	0.5	0.5	0	0	0.34
286600	0.34	0.5	0.5	0	0	0.34
286700	0.34	0.5	0.5	0	0	0.34
286800	0.34	0.5	0.5	0	0	0.34
286900	0.34	0.5	0.5	0	0	0.34
287000	0.34	0.5	0.5	0	0	0.34
287100	0.34	0.5	0.5	0	0	0.34
287200	0.34	0.5	0.5	0	0	0.34
287300	0.34	0.51	0.51	0	0	0.34
287400	0.34	0.51	0.51	0	0	0.34
287500	0.34	0.51	0.51	0	0	0.34
287600	0.34	0.5	0.5	0	0	0.34
287700	0.34	0.49	0.49	0	0	0.34
287800	0.34	0.49	0.49	0	0	0.34
287900	0.35	0.49	0.49	0	0	0.35
288000	0.35	0.49	0.49	0	0	0.35
288100	0.35	0.49	0.49	0	0	0.35
288200	0.35	0.49	0.49	0	0	0.35
288300	0.35	0.49	0.49	0	0	0.35
288400	0.35	0.49	0.49	0	0	0.35
288500	0.35	0.49	0.49	0	0	0.35
288600	0.35	0.49	0.49	0	0	0.35
288700	0.36	0.49	0.49	0	0	0.36
288800	0.35	0.49	0.49	0	0	0.35
288900	0.35	0.49	0.49	0	0	0.35
289000	0.35	0.49	0.49	0	0	0.35
289100	0.36	0.49	0.49	0	0	0.36
289200	0.35	0.49	0.49	0	0	0.35
289300	0.35	0.49	0.49	0	0	0.35
289400	0.35	0.49	0.49	0	0	0.35
289500	0.35	0.49	0.49	0	0	0.35
289600	0.35	0.49	0.49	0	0	0.35
289700	0.35	0.49	0.49	0	0	0.35
289800	0.35	0.49	0.49	0	0	0.35
289900	0.35	0.49	0.49	0	0	0.35
290000	0.35	0.49	0.49	0	0	0.35
290100	0.35	0.49	0.49	0	0	0.35
290200	0.35	0.5	0.5	0	0	0.35
290300	0.35	0.49	0.49	0	0	0.35
290400	0.35	0.49	0.49	0	0	0.35
290500	0.35	0.49	0.49	0	0	0.35
290600	0.35	0.49	0.49	0	0	0.35
290700	0.35	0.49	0.49	0	0	0.35
290800	0.35	0.49	0.49	0	0	0.35
290900	0.35	0.49	0.49	0	0	0.35
291000	0.35	0.49	0.49	0	0	0.35
291100	0.35	0.49	0.49	0	0	0.35
291200	0.35	0.5	0.5	0	0	0.35
291300	0.35	0.49	0.49	0	0	0.35
291400	0.35	0.49	0.49	0	0	0.35
291500	0.35	0.49	0.49	0	0	0.35
291600	0.35	0.49	0.49	0	0	0.35
291700	0.35	0.49	0.49	0	0	0.35
291800	0.35	0.49	0.49	0	0	0.35
291900	0.35	0.49	0.49	0	0	0.35
292000	0.35	0.49	0.49	0	0	0.35
292100	0.34	0.5	0.5	0	0	0.34
292200	0.33	0.49	0.49	0	0	0.33
292300	0.34	0.49	0.49	0	0	0.34
292400	0.35	0.49	0.49	0	0	0.35
292500	0.35	0.49	0.49	0	0	0.35
292600	0.35	0.49	0.49	0	0	0.35
292700	0.35	0.49	0.49	0	0	0.35
292800	0.35	0.49	0.49	0	0	0.35
292900	0.35	0.49	0.49	0	0	0.35
293000	0.35	0.49	0.49	0	0	0.35
293100	0.35	0.49	0.49	0	0	0.35
293200	0.35	0.49	0.49	0	0	0.35
293300	0.35	0.49	0.49	0	0	0.35
293400	0.35	0.49	0.49	0	0	0.35
293500	0.35	0.49	0.49	0	0	0.35
293600	0.36	0.49	0.49	0	0	0.36
293700	0.36	0.49	0.49	0	0	0.36
293800	0.35	0.49	0.49	0	0	0.35
293900	0.35	0.5	0.5	0	0	0.35
294000	0.36	0.48	0.48	0	0	0.36
294100	0.36	0.48	0.48	0	0	0.36
294200	0.36	0.48	0.48	0	0	0.36
294300	0.36	0.48	0.48	0	0	0.36
294400	0.37	0.48	0.48	0	0	0.37
294500	0.37	0.48	0.48	0	0	0.37
294600	0.37	0.48	0.48	0	0	0.37
294700	0.37	0.48	0.48	0	0	0.37
294800	0.37	0.49	0.49	0	0	0.37
294900	0.37	0.49	0.49	0	0	0.37
295000	0.37	0.49	0.49	0	0	0.37
295100	0.37	0.49	0.49	0	0	0.37
295200	0.37	0.49	0.49	0	0	0.37
295300	0.37	0.5	0.5	0	0	0.37
295400	0.37	0.5	0.5	0	0	0.37
295500	0.36	0.5	0.5	0	0	0.36
295600	0.36	0.5	0.5	0	0	0.36
295700	0.36	0.49	0.49	0	0	0.36
295800	0.35	0.49	0.49	0	0	0.35
295900	0.35	0.49	0.49	0	0	0.35
296000	0.35	0.5	0.5	0	0	0.35
296100	0.35	0.49	0.49	0	0	0.35
296200	0.36	0.49	0.49	0	0	0.36
296300	0.35	0.49	0.49	0	0	0.35
296400	0.35	0.49	0.49	0	0	0.35
296500	0.35	0.49	0.49	0	0	0.35
296600	0.35	0.49	0.49	0	0	0.35
296700	0.35	0.49	0.49	0	0	0.35
296800	0.35	0.48	0.48	0	0	0.35
296900	0.35	0.48	0.48	0	0	0.35
297000	0.35	0.49	0.49	0	0	0.35
297100	0.35	0.49	0.49	0	0	0.35
297200	0.35	0.48	0.48	0	0	0.35
297300	0.35	0.48	0.48	0	0	0.35
297400	0.34	0.48	0.48	0	0	0.34
297500	0.34	0.48	0.48	0	0	0.34
297600	0.34	0.48	0.48	0	0	0.34
297700	0.34	0.48	0.48	0	0	0.34
297800	0.34	0.48	0.48	0	0	0.34
297900	0.34	0.48	0.48	0	0	0.34
298000	0.34	0.48	0.48	0	0	0.34
298100	0.34	0.48	0.48	0	0	0.34
298200	0.34	0.48	0.48	0	0	0.34
298300	0.34	0.48	0.48	0	0	0.34
298400	0.34	0.48	0.48	0	0	0.34
298500	0.34	0.48	0.48	0	0	0.34
298600	0.34	0.48	0.48	0	0	0.34
298700	0.33	0.48	0.48	0	0	0.33
298800	0.33	0.48	0.48	0	0	0.33
298900	0.33	0.49	0.49	0	0	0.33
299000	0.33	0.49	0.49	0	0	0.33
299100	0.33	0.49	0.49	0	0	0.33
299200	0.33	0.49	0.49	0	0	0.33
299300	0.33	0.49	0.49	0	0	0.33
299400	0.33	0.49	0.49	0	0	0.33
299500	0.33	0.49	0.49	0	0	0.33
299600	0.33	0.49	0.49	0	0	0.33
299700	0.33	0.49	0.49	0	0	0.33
299800	0.33	0.49	0.49	0	0	0.33
299900	0.33	0.49	0.49	0	0	0.33
300000	0.33	0.49	0.49	0	0	0.33
