100	0.09	0.08	0.08	0	0	0.09
200	0.09	0.13	0.13	0	0	0.09
300	0.1	0.14	0.14	0	0	0.1
400	0.12	0.14	0.14	0	0	0.12
500	0.16	0.13	0.13	0	0	0.16
600	0.18	0.12	0.12	0	0	0.18
700	0.16	0.11	0.11	0	0	0.16
800	0.16	0.11	0.11	0	0	0.16
900	0.17	0.13	0.13	0	0	0.17
1000	0.17	0.12	0.12	0	0	0.17
1100	0.17	0.13	0.13	0	0	0.17
1200	0.16	0.13	0.13	0	0	0.16
1300	0.19	0.14	0.14	0	0	0.19
1400	0.19	0.14	0.14	0	0	0.19
1500	0.18	0.14	0.14	0	0	0.18
1600	0.18	0.14	0.14	0	0	0.18
1700	0.17	0.15	0.15	0	0	0.17
1800	0.17	0.14	0.14	0	0	0.17
1900	0.19	0.15	0.15	0	0	0.19
2000	0.2	0.16	0.16	0	0	0.2
2100	0.22	0.16	0.16	0	0	0.22
2200	0.23	0.18	0.18	0	0	0.23
2300	0.22	0.19	0.19	0	0	0.22
2400	0.22	0.19	0.19	0	0	0.22
2500	0.24	0.2	0.2	0	0	0.24
2600	0.23	0.2	0.2	0	0	0.23
2700	0.23	0.2	0.2	0	0	0.23
2800	0.22	0.2	0.2	0	0	0.22
2900	0.23	0.21	0.21	0	0	0.23
3000	0.23	0.2	0.2	0	0	0.23
3100	0.23	0.21	0.21	0	0	0.23
3200	0.23	0.22	0.22	0	0	0.23
3300	0.24	0.23	0.23	0	0	0.24
3400	0.25	0.23	0.23	0	0	0.25
3500	0.25	0.24	0.24	0	0	0.25
3600	0.25	0.23	0.23	0	0	0.25
3700	0.25	0.25	0.25	0	0	0.25
3800	0.26	0.24	0.24	0	0	0.26
3900	0.27	0.24	0.24	0	0	0.27
4000	0.25	0.24	0.24	0	0	0.25
4100	0.24	0.24	0.24	0	0	0.24
4200	0.24	0.25	0.25	0	0	0.24
4300	0.22	0.25	0.25	0	0	0.22
4400	0.21	0.25	0.25	0	0	0.21
4500	0.21	0.25	0.25	0	0	0.21
4600	0.2	0.26	0.26	0	0	0.2
4700	0.2	0.28	0.28	0	0	0.2
4800	0.2	0.27	0.27	0	0	0.2
4900	0.2	0.27	0.27	0	0	0.2
5000	0.2	0.25	0.25	0	0	0.2
5100	0.22	0.25	0.25	0	0	0.22
5200	0.21	0.26	0.26	0	0	0.21
5300	0.21	0.26	0.26	0	0	0.21
5400	0.21	0.27	0.27	0	0	0.21
5500	0.22	0.27	0.27	0	0	0.22
5600	0.23	0.27	0.27	0	0	0.23
5700	0.23	0.28	0.28	0	0	0.23
5800	0.24	0.28	0.28	0	0	0.24
5900	0.23	0.28	0.28	0	0	0.23
6000	0.23	0.3	0.3	0	0	0.23
6100	0.24	0.29	0.29	0	0	0.24
6200	0.24	0.3	0.3	0	0	0.24
6300	0.25	0.28	0.28	0	0	0.25
6400	0.25	0.28	0.28	0	0	0.25
6500	0.25	0.29	0.29	0	0	0.25
6600	0.24	0.3	0.3	0	0	0.24
6700	0.24	0.29	0.29	0	0	0.24
6800	0.25	0.29	0.29	0	0	0.25
6900	0.25	0.29	0.29	0	0	0.25
7000	0.25	0.28	0.28	0	0	0.25
7100	0.25	0.25	0.25	0	0	0.25
7200	0.25	0.26	0.26	0	0	0.25
7300	0.25	0.24	0.24	0	0	0.25
7400	0.24	0.23	0.23	0	0	0.24
7500	0.24	0.23	0.23	0	0	0.24
7600	0.24	0.23	0.23	0	0	0.24
7700	0.25	0.23	0.23	0	0	0.25
7800	0.25	0.22	0.22	0	0	0.25
7900	0.25	0.19	0.19	0	0	0.25
8000	0.25	0.19	0.19	0	0	0.25
8100	0.24	0.19	0.19	0	0	0.24
8200	0.24	0.18	0.18	0	0	0.24
8300	0.24	0.19	0.19	0	0	0.24
8400	0.24	0.19	0.19	0	0	0.24
8500	0.26	0.2	0.2	0	0	0.26
8600	0.27	0.2	0.2	0	0	0.27
8700	0.27	0.21	0.21	0	0	0.27
8800	0.27	0.21	0.21	0	0	0.27
8900	0.27	0.23	0.23	0	0	0.27
9000	0.27	0.24	0.24	0	0	0.27
9100	0.27	0.24	0.24	0	0	0.27
9200	0.25	0.24	0.24	0	0	0.25
9300	0.27	0.25	0.25	0	0	0.27
9400	0.28	0.24	0.24	0	0	0.28
9500	0.28	0.25	0.25	0	0	0.28
9600	0.28	0.26	0.26	0	0	0.28
9700	0.27	0.29	0.29	0	0	0.27
9800	0.24	0.28	0.28	0	0	0.24
9900	0.24	0.28	0.28	0	0	0.24
10000	0.24	0.28	0.28	0	0	0.24
10100	0.24	0.28	0.28	0	0	0.24
10200	0.24	0.29	0.29	0	0	0.24
10300	0.22	0.27	0.27	0	0	0.22
10400	0.21	0.26	0.26	0	0	0.21
10500	0.21	0.25	0.25	0	0	0.21
10600	0.21	0.25	0.25	0	0	0.21
10700	0.21	0.26	0.26	0	0	0.21
10800	0.22	0.26	0.26	0	0	0.22
10900	0.23	0.27	0.27	0	0	0.23
11000	0.23	0.26	0.26	0	0	0.23
11100	0.23	0.26	0.26	0	0	0.23
11200	0.22	0.26	0.26	0	0	0.22
11300	0.22	0.26	0.26	0	0	0.22
11400	0.23	0.27	0.27	0	0	0.23
11500	0.24	0.27	0.27	0	0	0.24
11600	0.25	0.28	0.28	0	0	0.25
11700	0.26	0.29	0.29	0	0	0.26
11800	0.26	0.29	0.29	0	0	0.26
11900	0.27	0.28	0.28	0	0	0.27
12000	0.27	0.28	0.28	0	0	0.27
12100	0.27	0.28	0.28	0	0	0.27
12200	0.28	0.29	0.29	0	0	0.28
12300	0.28	0.28	0.28	0	0	0.28
12400	0.28	0.27	0.27	0	0	0.28
12500	0.28	0.27	0.27	0	0	0.28
12600	0.27	0.27	0.27	0	0	0.27
12700	0.26	0.27	0.27	0	0	0.26
12800	0.27	0.27	0.27	0	0	0.27
12900	0.29	0.28	0.28	0	0	0.29
13000	0.29	0.28	0.28	0	0	0.29
13100	0.29	0.29	0.29	0	0	0.29
13200	0.3	0.29	0.29	0	0	0.3
13300	0.31	0.29	0.29	0	0	0.31
13400	0.3	0.3	0.3	0	0	0.3
13500	0.3	0.29	0.29	0	0	0.3
13600	0.29	0.28	0.28	0	0	0.29
13700	0.29	0.3	0.3	0	0	0.29
13800	0.29	0.3	0.3	0	0	0.29
13900	0.29	0.3	0.3	0	0	0.29
14000	0.3	0.3	0.3	0	0	0.3
14100	0.32	0.3	0.3	0	0	0.32
14200	0.32	0.3	0.3	0	0	0.32
14300	0.33	0.29	0.29	0	0	0.33
14400	0.32	0.3	0.3	0	0	0.32
14500	0.32	0.3	0.3	0	0	0.32
14600	0.31	0.3	0.3	0	0	0.31
14700	0.31	0.3	0.3	0	0	0.31
14800	0.29	0.31	0.31	0	0	0.29
14900	0.3	0.32	0.32	0	0	0.3
15000	0.3	0.32	0.32	0	0	0.3
15100	0.3	0.32	0.32	0	0	0.3
15200	0.3	0.32	0.32	0	0	0.3
15300	0.3	0.31	0.31	0	0	0.3
15400	0.32	0.31	0.31	0	0	0.32
15500	0.32	0.31	0.31	0	0	0.32
15600	0.33	0.31	0.31	0	0	0.33
15700	0.33	0.31	0.31	0	0	0.33
15800	0.34	0.31	0.31	0	0	0.34
15900	0.33	0.31	0.31	0	0	0.33
16000	0.32	0.31	0.31	0	0	0.32
16100	0.32	0.31	0.31	0	0	0.32
16200	0.32	0.31	0.31	0	0	0.32
16300	0.32	0.31	0.31	0	0	0.32
16400	0.32	0.31	0.31	0	0	0.32
16500	0.32	0.31	0.31	0	0	0.32
16600	0.32	0.31	0.31	0	0	0.32
16700	0.32	0.32	0.32	0	0	0.32
16800	0.32	0.32	0.32	0	0	0.32
16900	0.31	0.32	0.32	0	0	0.31
17000	0.31	0.32	0.32	0	0	0.31
17100	0.31	0.31	0.31	0	0	0.31
17200	0.32	0.31	0.31	0	0	0.32
17300	0.31	0.31	0.31	0	0	0.31
17400	0.31	0.33	0.33	0	0	0.31
17500	0.31	0.31	0.31	0	0	0.31
17600	0.31	0.31	0.31	0	0	0.31
17700	0.31	0.31	0.31	0	0	0.31
17800	0.31	0.31	0.31	0	0	0.31
17900	0.31	0.31	0.31	0	0	0.31
18000	0.32	0.31	0.31	0	0	0.32
18100	0.32	0.32	0.32	0	0	0.32
18200	0.32	0.33	0.33	0	0	0.32
18300	0.32	0.33	0.33	0	0	0.32
18400	0.32	0.33	0.33	0	0	0.32
18500	0.31	0.33	0.33	0	0	0.31
18600	0.31	0.33	0.33	0	0	0.31
18700	0.31	0.33	0.33	0	0	0.31
18800	0.31	0.33	0.33	0	0	0.31
18900	0.32	0.33	0.33	0	0	0.32
19000	0.32	0.34	0.34	0	0	0.32
19100	0.32	0.34	0.34	0	0	0.32
19200	0.32	0.33	0.33	0	0	0.32
19300	0.32	0.33	0.33	0	0	0.32
19400	0.32	0.32	0.32	0	0	0.32
19500	0.32	0.33	0.33	0	0	0.32
19600	0.32	0.33	0.33	0	0	0.32
19700	0.33	0.34	0.34	0	0	0.33
19800	0.33	0.33	0.33	0	0	0.33
19900	0.33	0.33	0.33	0	0	0.33
20000	0.33	0.34	0.34	0	0	0.33
20100	0.33	0.35	0.35	0	0	0.33
20200	0.33	0.35	0.35	0	0	0.33
20300	0.33	0.36	0.36	0	0	0.33
20400	0.33	0.35	0.35	0	0	0.33
20500	0.33	0.34	0.34	0	0	0.33
20600	0.33	0.33	0.33	0	0	0.33
20700	0.33	0.33	0.33	0	0	0.33
20800	0.33	0.33	0.33	0	0	0.33
20900	0.33	0.34	0.34	0	0	0.33
21000	0.33	0.34	0.34	0	0	0.33
21100	0.34	0.34	0.34	0	0	0.34
21200	0.34	0.34	0.34	0	0	0.34
21300	0.34	0.33	0.33	0	0	0.34
21400	0.34	0.33	0.33	0	0	0.34
21500	0.34	0.34	0.34	0	0	0.34
21600	0.34	0.34	0.34	0	0	0.34
21700	0.34	0.35	0.35	0	0	0.34
21800	0.34	0.33	0.33	0	0	0.34
21900	0.34	0.32	0.32	0	0	0.34
22000	0.34	0.32	0.32	0	0	0.34
22100	0.34	0.32	0.32	0	0	0.34
22200	0.35	0.31	0.31	0	0	0.35
22300	0.35	0.32	0.32	0	0	0.35
22400	0.35	0.32	0.32	0	0	0.35
22500	0.34	0.33	0.33	0	0	0.34
22600	0.33	0.33	0.33	0	0	0.33
22700	0.33	0.32	0.32	0	0	0.33
22800	0.32	0.33	0.33	0	0	0.32
22900	0.32	0.34	0.34	0	0	0.32
23000	0.32	0.32	0.32	0	0	0.32
23100	0.32	0.33	0.33	0	0	0.32
23200	0.32	0.33	0.33	0	0	0.32
23300	0.32	0.34	0.34	0	0	0.32
23400	0.32	0.33	0.33	0	0	0.32
23500	0.32	0.34	0.34	0	0	0.32
23600	0.34	0.34	0.34	0	0	0.34
23700	0.33	0.34	0.34	0	0	0.33
23800	0.33	0.34	0.34	0	0	0.33
23900	0.33	0.35	0.35	0	0	0.33
24000	0.33	0.35	0.35	0	0	0.33
24100	0.33	0.34	0.34	0	0	0.33
24200	0.33	0.34	0.34	0	0	0.33
24300	0.33	0.34	0.34	0	0	0.33
24400	0.33	0.34	0.34	0	0	0.33
24500	0.33	0.34	0.34	0	0	0.33
24600	0.34	0.34	0.34	0	0	0.34
24700	0.34	0.34	0.34	0	0	0.34
24800	0.34	0.33	0.33	0	0	0.34
24900	0.33	0.34	0.34	0	0	0.33
25000	0.33	0.33	0.33	0	0	0.33
25100	0.33	0.33	0.33	0	0	0.33
25200	0.34	0.32	0.32	0	0	0.34
25300	0.35	0.33	0.33	0	0	0.35
25400	0.35	0.33	0.33	0	0	0.35
25500	0.35	0.33	0.33	0	0	0.35
25600	0.35	0.33	0.33	0	0	0.35
25700	0.35	0.33	0.33	0	0	0.35
25800	0.35	0.34	0.34	0	0	0.35
25900	0.35	0.34	0.34	0	0	0.35
26000	0.35	0.34	0.34	0	0	0.35
26100	0.35	0.34	0.34	0	0	0.35
26200	0.35	0.35	0.35	0	0	0.35
26300	0.35	0.34	0.34	0	0	0.35
26400	0.35	0.34	0.34	0	0	0.35
26500	0.35	0.34	0.34	0	0	0.35
26600	0.37	0.34	0.34	0	0	0.37
26700	0.36	0.35	0.35	0	0	0.36
26800	0.36	0.36	0.36	0	0	0.36
26900	0.36	0.35	0.35	0	0	0.36
27000	0.37	0.35	0.35	0	0	0.37
27100	0.36	0.35	0.35	0	0	0.36
27200	0.36	0.35	0.35	0	0	0.36
27300	0.36	0.35	0.35	0	0	0.36
27400	0.36	0.35	0.35	0	0	0.36
27500	0.36	0.36	0.36	0	0	0.36
27600	0.36	0.37	0.37	0	0	0.36
27700	0.36	0.35	0.35	0	0	0.36
27800	0.36	0.36	0.36	0	0	0.36
27900	0.37	0.35	0.35	0	0	0.37
28000	0.37	0.35	0.35	0	0	0.37
28100	0.36	0.35	0.35	0	0	0.36
28200	0.36	0.35	0.35	0	0	0.36
28300	0.37	0.35	0.35	0	0	0.37
28400	0.36	0.35	0.35	0	0	0.36
28500	0.36	0.35	0.35	0	0	0.36
28600	0.36	0.35	0.35	0	0	0.36
28700	0.36	0.35	0.35	0	0	0.36
28800	0.36	0.34	0.34	0	0	0.36
28900	0.37	0.34	0.34	0	0	0.37
29000	0.36	0.34	0.34	0	0	0.36
29100	0.37	0.34	0.34	0	0	0.37
29200	0.37	0.34	0.34	0	0	0.37
29300	0.39	0.34	0.34	0	0	0.39
29400	0.38	0.34	0.34	0	0	0.38
29500	0.38	0.34	0.34	0	0	0.38
29600	0.37	0.35	0.35	0	0	0.37
29700	0.36	0.35	0.35	0	0	0.36
29800	0.36	0.35	0.35	0	0	0.36
29900	0.36	0.35	0.35	0	0	0.36
30000	0.36	0.36	0.36	0	0	0.36
30100	0.37	0.35	0.35	0	0	0.37
30200	0.37	0.35	0.35	0	0	0.37
30300	0.38	0.36	0.36	0	0	0.38
30400	0.37	0.37	0.37	0	0	0.37
30500	0.37	0.36	0.36	0	0	0.37
30600	0.36	0.37	0.37	0	0	0.36
30700	0.37	0.39	0.39	0	0	0.37
30800	0.37	0.39	0.39	0	0	0.37
30900	0.36	0.39	0.39	0	0	0.36
31000	0.36	0.38	0.38	0	0	0.36
31100	0.37	0.38	0.38	0	0	0.37
31200	0.37	0.38	0.38	0	0	0.37
31300	0.37	0.38	0.38	0	0	0.37
31400	0.37	0.38	0.38	0	0	0.37
31500	0.37	0.38	0.38	0	0	0.37
31600	0.37	0.39	0.39	0	0	0.37
31700	0.36	0.39	0.39	0	0	0.36
31800	0.36	0.39	0.39	0	0	0.36
31900	0.36	0.38	0.38	0	0	0.36
32000	0.35	0.38	0.38	0	0	0.35
32100	0.36	0.38	0.38	0	0	0.36
32200	0.36	0.37	0.37	0	0	0.36
32300	0.36	0.37	0.37	0	0	0.36
32400	0.36	0.37	0.37	0	0	0.36
32500	0.35	0.37	0.37	0	0	0.35
32600	0.35	0.37	0.37	0	0	0.35
32700	0.35	0.37	0.37	0	0	0.35
32800	0.35	0.37	0.37	0	0	0.35
32900	0.36	0.38	0.38	0	0	0.36
33000	0.37	0.38	0.38	0	0	0.37
33100	0.37	0.38	0.38	0	0	0.37
33200	0.37	0.37	0.37	0	0	0.37
33300	0.37	0.37	0.37	0	0	0.37
33400	0.37	0.37	0.37	0	0	0.37
33500	0.37	0.37	0.37	0	0	0.37
33600	0.38	0.37	0.37	0	0	0.38
33700	0.37	0.37	0.37	0	0	0.37
33800	0.37	0.37	0.37	0	0	0.37
33900	0.37	0.38	0.38	0	0	0.37
34000	0.36	0.37	0.37	0	0	0.36
34100	0.36	0.38	0.38	0	0	0.36
34200	0.37	0.38	0.38	0	0	0.37
34300	0.37	0.38	0.38	0	0	0.37
34400	0.37	0.37	0.37	0	0	0.37
34500	0.37	0.38	0.38	0	0	0.37
34600	0.37	0.37	0.37	0	0	0.37
34700	0.37	0.37	0.37	0	0	0.37
34800	0.37	0.37	0.37	0	0	0.37
34900	0.37	0.37	0.37	0	0	0.37
35000	0.37	0.37	0.37	0	0	0.37
35100	0.36	0.37	0.37	0	0	0.36
35200	0.36	0.37	0.37	0	0	0.36
35300	0.36	0.38	0.38	0	0	0.36
35400	0.36	0.38	0.38	0	0	0.36
35500	0.37	0.38	0.38	0	0	0.37
35600	0.36	0.38	0.38	0	0	0.36
35700	0.36	0.38	0.38	0	0	0.36
35800	0.37	0.38	0.38	0	0	0.37
35900	0.37	0.39	0.39	0	0	0.37
36000	0.37	0.38	0.38	0	0	0.37
36100	0.36	0.38	0.38	0	0	0.36
36200	0.36	0.38	0.38	0	0	0.36
36300	0.36	0.38	0.38	0	0	0.36
36400	0.36	0.39	0.39	0	0	0.36
36500	0.36	0.39	0.39	0	0	0.36
36600	0.36	0.39	0.39	0	0	0.36
36700	0.36	0.39	0.39	0	0	0.36
36800	0.36	0.39	0.39	0	0	0.36
36900	0.36	0.39	0.39	0	0	0.36
37000	0.36	0.39	0.39	0	0	0.36
37100	0.36	0.39	0.39	0	0	0.36
37200	0.36	0.39	0.39	0	0	0.36
37300	0.36	0.39	0.39	0	0	0.36
37400	0.36	0.39	0.39	0	0	0.36
37500	0.37	0.39	0.39	0	0	0.37
37600	0.36	0.39	0.39	0	0	0.36
37700	0.36	0.39	0.39	0	0	0.36
37800	0.36	0.4	0.4	0	0	0.36
37900	0.35	0.4	0.4	0	0	0.35
38000	0.35	0.4	0.4	0	0	0.35
38100	0.35	0.4	0.4	0	0	0.35
38200	0.35	0.4	0.4	0	0	0.35
38300	0.36	0.4	0.4	0	0	0.36
38400	0.37	0.4	0.4	0	0	0.37
38500	0.37	0.4	0.4	0	0	0.37
38600	0.36	0.4	0.4	0	0	0.36
38700	0.36	0.4	0.4	0	0	0.36
38800	0.36	0.4	0.4	0	0	0.36
38900	0.36	0.4	0.4	0	0	0.36
39000	0.36	0.39	0.39	0	0	0.36
39100	0.36	0.39	0.39	0	0	0.36
39200	0.36	0.39	0.39	0	0	0.36
39300	0.36	0.39	0.39	0	0	0.36
39400	0.37	0.39	0.39	0	0	0.37
39500	0.37	0.38	0.38	0	0	0.37
39600	0.37	0.38	0.38	0	0	0.37
39700	0.37	0.38	0.38	0	0	0.37
39800	0.37	0.38	0.38	0	0	0.37
39900	0.37	0.38	0.38	0	0	0.37
40000	0.36	0.38	0.38	0	0	0.36
40100	0.36	0.38	0.38	0	0	0.36
40200	0.36	0.38	0.38	0	0	0.36
40300	0.36	0.38	0.38	0	0	0.36
40400	0.36	0.39	0.39	0	0	0.36
40500	0.36	0.38	0.38	0	0	0.36
40600	0.36	0.38	0.38	0	0	0.36
40700	0.35	0.38	0.38	0	0	0.35
40800	0.35	0.4	0.4	0	0	0.35
40900	0.36	0.4	0.4	0	0	0.36
41000	0.36	0.4	0.4	0	0	0.36
41100	0.36	0.41	0.41	0	0	0.36
41200	0.36	0.4	0.4	0	0	0.36
41300	0.36	0.39	0.39	0	0	0.36
41400	0.36	0.38	0.38	0	0	0.36
41500	0.36	0.38	0.38	0	0	0.36
41600	0.36	0.37	0.37	0	0	0.36
41700	0.36	0.37	0.37	0	0	0.36
41800	0.36	0.37	0.37	0	0	0.36
41900	0.36	0.37	0.37	0	0	0.36
42000	0.36	0.37	0.37	0	0	0.36
42100	0.36	0.37	0.37	0	0	0.36
42200	0.36	0.37	0.37	0	0	0.36
42300	0.36	0.37	0.37	0	0	0.36
42400	0.36	0.35	0.35	0	0	0.36
42500	0.36	0.34	0.34	0	0	0.36
42600	0.36	0.34	0.34	0	0	0.36
42700	0.36	0.34	0.34	0	0	0.36
42800	0.36	0.34	0.34	0	0	0.36
42900	0.36	0.34	0.34	0	0	0.36
43000	0.37	0.34	0.34	0	0	0.37
43100	0.38	0.34	0.34	0	0	0.38
43200	0.38	0.34	0.34	0	0	0.38
43300	0.39	0.34	0.34	0	0	0.39
43400	0.38	0.34	0.34	0	0	0.38
43500	0.38	0.34	0.34	0	0	0.38
43600	0.38	0.34	0.34	0	0	0.38
43700	0.38	0.33	0.33	0	0	0.38
43800	0.37	0.33	0.33	0	0	0.37
43900	0.37	0.34	0.34	0	0	0.37
44000	0.38	0.34	0.34	0	0	0.38
44100	0.37	0.34	0.34	0	0	0.37
44200	0.37	0.34	0.34	0	0	0.37
44300	0.37	0.34	0.34	0	0	0.37
44400	0.37	0.34	0.34	0	0	0.37
44500	0.37	0.34	0.34	0	0	0.37
44600	0.37	0.34	0.34	0	0	0.37
44700	0.37	0.34	0.34	0	0	0.37
44800	0.37	0.34	0.34	0	0	0.37
44900	0.37	0.34	0.34	0	0	0.37
45000	0.35	0.34	0.34	0	0	0.35
45100	0.37	0.34	0.34	0	0	0.37
45200	0.35	0.34	0.34	0	0	0.35
45300	0.35	0.34	0.34	0	0	0.35
45400	0.35	0.35	0.35	0	0	0.35
45500	0.35	0.35	0.35	0	0	0.35
45600	0.36	0.34	0.34	0	0	0.36
45700	0.35	0.34	0.34	0	0	0.35
45800	0.35	0.34	0.34	0	0	0.35
45900	0.34	0.34	0.34	0	0	0.34
46000	0.34	0.34	0.34	0	0	0.34
46100	0.34	0.34	0.34	0	0	0.34
46200	0.34	0.34	0.34	0	0	0.34
46300	0.34	0.34	0.34	0	0	0.34
46400	0.34	0.35	0.35	0	0	0.34
46500	0.33	0.34	0.34	0	0	0.33
46600	0.33	0.35	0.35	0	0	0.33
46700	0.33	0.35	0.35	0	0	0.33
46800	0.33	0.35	0.35	0	0	0.33
46900	0.32	0.35	0.35	0	0	0.32
47000	0.32	0.36	0.36	0	0	0.32
47100	0.32	0.36	0.36	0	0	0.32
47200	0.32	0.35	0.35	0	0	0.32
47300	0.32	0.35	0.35	0	0	0.32
47400	0.32	0.35	0.35	0	0	0.32
47500	0.32	0.35	0.35	0	0	0.32
47600	0.32	0.35	0.35	0	0	0.32
47700	0.32	0.35	0.35	0	0	0.32
47800	0.31	0.35	0.35	0	0	0.31
47900	0.31	0.35	0.35	0	0	0.31
48000	0.31	0.35	0.35	0	0	0.31
48100	0.31	0.35	0.35	0	0	0.31
48200	0.31	0.35	0.35	0	0	0.31
48300	0.31	0.35	0.35	0	0	0.31
48400	0.32	0.35	0.35	0	0	0.32
48500	0.32	0.35	0.35	0	0	0.32
48600	0.32	0.35	0.35	0	0	0.32
48700	0.32	0.35	0.35	0	0	0.32
48800	0.32	0.35	0.35	0	0	0.32
48900	0.32	0.35	0.35	0	0	0.32
49000	0.32	0.35	0.35	0	0	0.32
49100	0.32	0.36	0.36	0	0	0.32
49200	0.33	0.35	0.35	0	0	0.33
49300	0.33	0.36	0.36	0	0	0.33
49400	0.34	0.36	0.36	0	0	0.34
49500	0.34	0.35	0.35	0	0	0.34
49600	0.34	0.35	0.35	0	0	0.34
49700	0.34	0.35	0.35	0	0	0.34
49800	0.34	0.35	0.35	0	0	0.34
49900	0.34	0.35	0.35	0	0	0.34
50000	0.34	0.35	0.35	0	0	0.34
50100	0.34	0.35	0.35	0	0	0.34
50200	0.34	0.35	0.35	0	0	0.34
50300	0.34	0.35	0.35	0	0	0.34
50400	0.34	0.35	0.35	0	0	0.34
50500	0.35	0.35	0.35	0	0	0.35
50600	0.34	0.35	0.35	0	0	0.34
50700	0.34	0.36	0.36	0	0	0.34
50800	0.35	0.36	0.36	0	0	0.35
50900	0.36	0.34	0.34	0	0	0.36
51000	0.33	0.35	0.35	0	0	0.33
51100	0.32	0.35	0.35	0	0	0.32
51200	0.32	0.35	0.35	0	0	0.32
51300	0.32	0.35	0.35	0	0	0.32
51400	0.32	0.35	0.35	0	0	0.32
51500	0.32	0.35	0.35	0	0	0.32
51600	0.32	0.36	0.36	0	0	0.32
51700	0.32	0.39	0.39	0	0	0.32
51800	0.32	0.39	0.39	0	0	0.32
51900	0.33	0.39	0.39	0	0	0.33
52000	0.33	0.38	0.38	0	0	0.33
52100	0.33	0.38	0.38	0	0	0.33
52200	0.33	0.37	0.37	0	0	0.33
52300	0.33	0.36	0.36	0	0	0.33
52400	0.35	0.36	0.36	0	0	0.35
52500	0.34	0.36	0.36	0	0	0.34
52600	0.34	0.36	0.36	0	0	0.34
52700	0.34	0.36	0.36	0	0	0.34
52800	0.35	0.36	0.36	0	0	0.35
52900	0.35	0.36	0.36	0	0	0.35
53000	0.35	0.36	0.36	0	0	0.35
53100	0.35	0.36	0.36	0	0	0.35
53200	0.35	0.36	0.36	0	0	0.35
53300	0.36	0.36	0.36	0	0	0.36
53400	0.35	0.36	0.36	0	0	0.35
53500	0.35	0.36	0.36	0	0	0.35
53600	0.34	0.36	0.36	0	0	0.34
53700	0.34	0.36	0.36	0	0	0.34
53800	0.34	0.36	0.36	0	0	0.34
53900	0.34	0.35	0.35	0	0	0.34
54000	0.35	0.35	0.35	0	0	0.35
54100	0.34	0.35	0.35	0	0	0.34
54200	0.34	0.35	0.35	0	0	0.34
54300	0.36	0.36	0.36	0	0	0.36
54400	0.35	0.36	0.36	0	0	0.35
54500	0.35	0.36	0.36	0	0	0.35
54600	0.35	0.36	0.36	0	0	0.35
54700	0.34	0.36	0.36	0	0	0.34
54800	0.34	0.36	0.36	0	0	0.34
54900	0.34	0.36	0.36	0	0	0.34
55000	0.34	0.36	0.36	0	0	0.34
55100	0.33	0.36	0.36	0	0	0.33
55200	0.33	0.36	0.36	0	0	0.33
55300	0.33	0.36	0.36	0	0	0.33
55400	0.33	0.36	0.36	0	0	0.33
55500	0.33	0.36	0.36	0	0	0.33
55600	0.32	0.36	0.36	0	0	0.32
55700	0.33	0.36	0.36	0	0	0.33
55800	0.33	0.36	0.36	0	0	0.33
55900	0.34	0.36	0.36	0	0	0.34
56000	0.34	0.36	0.36	0	0	0.34
56100	0.34	0.36	0.36	0	0	0.34
56200	0.34	0.36	0.36	0	0	0.34
56300	0.34	0.36	0.36	0	0	0.34
56400	0.35	0.36	0.36	0	0	0.35
56500	0.35	0.36	0.36	0	0	0.35
56600	0.36	0.36	0.36	0	0	0.36
56700	0.35	0.36	0.36	0	0	0.35
56800	0.33	0.37	0.37	0	0	0.33
56900	0.33	0.37	0.37	0	0	0.33
57000	0.33	0.38	0.38	0	0	0.33
57100	0.33	0.38	0.38	0	0	0.33
57200	0.33	0.37	0.37	0	0	0.33
57300	0.33	0.37	0.37	0	0	0.33
57400	0.34	0.37	0.37	0	0	0.34
57500	0.33	0.37	0.37	0	0	0.33
57600	0.33	0.37	0.37	0	0	0.33
57700	0.33	0.37	0.37	0	0	0.33
57800	0.33	0.37	0.37	0	0	0.33
57900	0.35	0.37	0.37	0	0	0.35
58000	0.34	0.37	0.37	0	0	0.34
58100	0.34	0.37	0.37	0	0	0.34
58200	0.34	0.37	0.37	0	0	0.34
58300	0.34	0.37	0.37	0	0	0.34
58400	0.34	0.37	0.37	0	0	0.34
58500	0.34	0.37	0.37	0	0	0.34
58600	0.36	0.37	0.37	0	0	0.36
58700	0.36	0.37	0.37	0	0	0.36
58800	0.36	0.37	0.37	0	0	0.36
58900	0.37	0.37	0.37	0	0	0.37
59000	0.37	0.37	0.37	0	0	0.37
59100	0.37	0.38	0.38	0	0	0.37
59200	0.37	0.38	0.38	0	0	0.37
59300	0.37	0.39	0.39	0	0	0.37
59400	0.38	0.39	0.39	0	0	0.38
59500	0.38	0.39	0.39	0	0	0.38
59600	0.38	0.39	0.39	0	0	0.38
59700	0.38	0.39	0.39	0	0	0.38
59800	0.38	0.39	0.39	0	0	0.38
59900	0.38	0.4	0.4	0	0	0.38
60000	0.38	0.4	0.4	0	0	0.38
60100	0.38	0.4	0.4	0	0	0.38
60200	0.39	0.4	0.4	0	0	0.39
60300	0.38	0.41	0.41	0	0	0.38
60400	0.38	0.41	0.41	0	0	0.38
60500	0.38	0.41	0.41	0	0	0.38
60600	0.38	0.41	0.41	0	0	0.38
60700	0.38	0.41	0.41	0	0	0.38
60800	0.38	0.41	0.41	0	0	0.38
60900	0.38	0.41	0.41	0	0	0.38
61000	0.38	0.41	0.41	0	0	0.38
61100	0.38	0.41	0.41	0	0	0.38
61200	0.38	0.41	0.41	0	0	0.38
61300	0.38	0.41	0.41	0	0	0.38
61400	0.38	0.41	0.41	0	0	0.38
61500	0.38	0.41	0.41	0	0	0.38
61600	0.39	0.41	0.41	0	0	0.39
61700	0.39	0.41	0.41	0	0	0.39
61800	0.39	0.41	0.41	0	0	0.39
61900	0.39	0.41	0.41	0	0	0.39
62000	0.39	0.41	0.41	0	0	0.39
62100	0.39	0.41	0.41	0	0	0.39
62200	0.39	0.41	0.41	0	0	0.39
62300	0.39	0.41	0.41	0	0	0.39
62400	0.4	0.41	0.41	0	0	0.4
62500	0.4	0.41	0.41	0	0	0.4
62600	0.41	0.41	0.41	0	0	0.41
62700	0.4	0.41	0.41	0	0	0.4
62800	0.4	0.41	0.41	0	0	0.4
62900	0.39	0.41	0.41	0	0	0.39
63000	0.39	0.41	0.41	0	0	0.39
63100	0.39	0.41	0.41	0	0	0.39
63200	0.39	0.41	0.41	0	0	0.39
63300	0.4	0.41	0.41	0	0	0.4
63400	0.4	0.41	0.41	0	0	0.4
63500	0.4	0.41	0.41	0	0	0.4
63600	0.4	0.41	0.41	0	0	0.4
63700	0.4	0.41	0.41	0	0	0.4
63800	0.4	0.41	0.41	0	0	0.4
63900	0.41	0.41	0.41	0	0	0.41
64000	0.4	0.41	0.41	0	0	0.4
64100	0.4	0.41	0.41	0	0	0.4
64200	0.4	0.41	0.41	0	0	0.4
64300	0.4	0.41	0.41	0	0	0.4
64400	0.4	0.41	0.41	0	0	0.4
64500	0.4	0.41	0.41	0	0	0.4
64600	0.4	0.41	0.41	0	0	0.4
64700	0.4	0.41	0.41	0	0	0.4
64800	0.41	0.41	0.41	0	0	0.41
64900	0.4	0.42	0.42	0	0	0.4
65000	0.4	0.41	0.41	0	0	0.4
65100	0.4	0.41	0.41	0	0	0.4
65200	0.4	0.41	0.41	0	0	0.4
65300	0.4	0.41	0.41	0	0	0.4
65400	0.4	0.41	0.41	0	0	0.4
65500	0.4	0.41	0.41	0	0	0.4
65600	0.4	0.41	0.41	0	0	0.4
65700	0.4	0.42	0.42	0	0	0.4
65800	0.4	0.4	0.4	0	0	0.4
65900	0.4	0.4	0.4	0	0	0.4
66000	0.39	0.4	0.4	0	0	0.39
66100	0.39	0.4	0.4	0	0	0.39
66200	0.39	0.4	0.4	0	0	0.39
66300	0.39	0.4	0.4	0	0	0.39
66400	0.39	0.4	0.4	0	0	0.39
66500	0.4	0.39	0.39	0	0	0.4
66600	0.4	0.38	0.38	0	0	0.4
66700	0.41	0.38	0.38	0	0	0.41
66800	0.41	0.37	0.37	0	0	0.41
66900	0.41	0.37	0.37	0	0	0.41
67000	0.41	0.37	0.37	0	0	0.41
67100	0.42	0.37	0.37	0	0	0.42
67200	0.42	0.38	0.38	0	0	0.42
67300	0.41	0.38	0.38	0	0	0.41
67400	0.4	0.38	0.38	0	0	0.4
67500	0.41	0.38	0.38	0	0	0.41
67600	0.41	0.38	0.38	0	0	0.41
67700	0.4	0.38	0.38	0	0	0.4
67800	0.4	0.38	0.38	0	0	0.4
67900	0.4	0.38	0.38	0	0	0.4
68000	0.4	0.38	0.38	0	0	0.4
68100	0.41	0.38	0.38	0	0	0.41
68200	0.41	0.38	0.38	0	0	0.41
68300	0.41	0.38	0.38	0	0	0.41
68400	0.4	0.38	0.38	0	0	0.4
68500	0.4	0.38	0.38	0	0	0.4
68600	0.4	0.38	0.38	0	0	0.4
68700	0.4	0.38	0.38	0	0	0.4
68800	0.4	0.38	0.38	0	0	0.4
68900	0.41	0.39	0.39	0	0	0.41
69000	0.41	0.39	0.39	0	0	0.41
69100	0.41	0.39	0.39	0	0	0.41
69200	0.41	0.39	0.39	0	0	0.41
69300	0.41	0.39	0.39	0	0	0.41
69400	0.41	0.39	0.39	0	0	0.41
69500	0.41	0.39	0.39	0	0	0.41
69600	0.41	0.39	0.39	0	0	0.41
69700	0.41	0.39	0.39	0	0	0.41
69800	0.4	0.39	0.39	0	0	0.4
69900	0.4	0.39	0.39	0	0	0.4
70000	0.4	0.39	0.39	0	0	0.4
70100	0.4	0.39	0.39	0	0	0.4
70200	0.4	0.39	0.39	0	0	0.4
70300	0.4	0.39	0.39	0	0	0.4
70400	0.41	0.39	0.39	0	0	0.41
70500	0.41	0.39	0.39	0	0	0.41
70600	0.41	0.39	0.39	0	0	0.41
70700	0.41	0.39	0.39	0	0	0.41
70800	0.41	0.39	0.39	0	0	0.41
70900	0.41	0.39	0.39	0	0	0.41
71000	0.4	0.39	0.39	0	0	0.4
71100	0.41	0.39	0.39	0	0	0.41
71200	0.41	0.39	0.39	0	0	0.41
71300	0.41	0.39	0.39	0	0	0.41
71400	0.41	0.39	0.39	0	0	0.41
71500	0.41	0.39	0.39	0	0	0.41
71600	0.41	0.39	0.39	0	0	0.41
71700	0.41	0.39	0.39	0	0	0.41
71800	0.41	0.39	0.39	0	0	0.41
71900	0.41	0.39	0.39	0	0	0.41
72000	0.41	0.39	0.39	0	0	0.41
72100	0.41	0.39	0.39	0	0	0.41
72200	0.41	0.39	0.39	0	0	0.41
72300	0.42	0.39	0.39	0	0	0.42
72400	0.42	0.39	0.39	0	0	0.42
72500	0.42	0.39	0.39	0	0	0.42
72600	0.42	0.39	0.39	0	0	0.42
72700	0.43	0.39	0.39	0	0	0.43
72800	0.43	0.39	0.39	0	0	0.43
72900	0.43	0.39	0.39	0	0	0.43
73000	0.43	0.39	0.39	0	0	0.43
73100	0.43	0.39	0.39	0	0	0.43
73200	0.42	0.39	0.39	0	0	0.42
73300	0.42	0.39	0.39	0	0	0.42
73400	0.42	0.39	0.39	0	0	0.42
73500	0.42	0.39	0.39	0	0	0.42
73600	0.42	0.39	0.39	0	0	0.42
73700	0.42	0.39	0.39	0	0	0.42
73800	0.42	0.39	0.39	0	0	0.42
73900	0.42	0.39	0.39	0	0	0.42
74000	0.42	0.39	0.39	0	0	0.42
74100	0.42	0.39	0.39	0	0	0.42
74200	0.42	0.39	0.39	0	0	0.42
74300	0.42	0.39	0.39	0	0	0.42
74400	0.42	0.39	0.39	0	0	0.42
74500	0.42	0.39	0.39	0	0	0.42
74600	0.42	0.39	0.39	0	0	0.42
74700	0.42	0.39	0.39	0	0	0.42
74800	0.42	0.39	0.39	0	0	0.42
74900	0.42	0.39	0.39	0	0	0.42
75000	0.42	0.39	0.39	0	0	0.42
75100	0.42	0.39	0.39	0	0	0.42
75200	0.41	0.4	0.4	0	0	0.41
75300	0.41	0.4	0.4	0	0	0.41
75400	0.41	0.4	0.4	0	0	0.41
75500	0.41	0.4	0.4	0	0	0.41
75600	0.41	0.4	0.4	0	0	0.41
75700	0.41	0.4	0.4	0	0	0.41
75800	0.42	0.4	0.4	0	0	0.42
75900	0.42	0.4	0.4	0	0	0.42
76000	0.42	0.4	0.4	0	0	0.42
76100	0.42	0.4	0.4	0	0	0.42
76200	0.42	0.4	0.4	0	0	0.42
76300	0.43	0.4	0.4	0	0	0.43
76400	0.43	0.41	0.41	0	0	0.43
76500	0.43	0.41	0.41	0	0	0.43
76600	0.44	0.41	0.41	0	0	0.44
76700	0.44	0.4	0.4	0	0	0.44
76800	0.44	0.39	0.39	0	0	0.44
76900	0.44	0.39	0.39	0	0	0.44
77000	0.44	0.39	0.39	0	0	0.44
77100	0.44	0.39	0.39	0	0	0.44
77200	0.44	0.39	0.39	0	0	0.44
77300	0.44	0.39	0.39	0	0	0.44
77400	0.44	0.39	0.39	0	0	0.44
77500	0.43	0.39	0.39	0	0	0.43
77600	0.43	0.39	0.39	0	0	0.43
77700	0.43	0.39	0.39	0	0	0.43
77800	0.43	0.39	0.39	0	0	0.43
77900	0.43	0.38	0.38	0	0	0.43
78000	0.43	0.38	0.38	0	0	0.43
78100	0.43	0.38	0.38	0	0	0.43
78200	0.43	0.38	0.38	0	0	0.43
78300	0.43	0.38	0.38	0	0	0.43
78400	0.43	0.38	0.38	0	0	0.43
78500	0.43	0.38	0.38	0	0	0.43
78600	0.42	0.39	0.39	0	0	0.42
78700	0.42	0.37	0.37	0	0	0.42
78800	0.4	0.37	0.37	0	0	0.4
78900	0.4	0.37	0.37	0	0	0.4
79000	0.41	0.37	0.37	0	0	0.41
79100	0.41	0.37	0.37	0	0	0.41
79200	0.41	0.38	0.38	0	0	0.41
79300	0.41	0.38	0.38	0	0	0.41
79400	0.41	0.38	0.38	0	0	0.41
79500	0.41	0.39	0.39	0	0	0.41
79600	0.42	0.39	0.39	0	0	0.42
79700	0.4	0.38	0.38	0	0	0.4
79800	0.4	0.38	0.38	0	0	0.4
79900	0.39	0.38	0.38	0	0	0.39
80000	0.39	0.38	0.38	0	0	0.39
80100	0.39	0.38	0.38	0	0	0.39
80200	0.39	0.38	0.38	0	0	0.39
80300	0.39	0.38	0.38	0	0	0.39
80400	0.39	0.38	0.38	0	0	0.39
80500	0.39	0.38	0.38	0	0	0.39
80600	0.39	0.38	0.38	0	0	0.39
80700	0.39	0.38	0.38	0	0	0.39
80800	0.4	0.38	0.38	0	0	0.4
80900	0.4	0.38	0.38	0	0	0.4
81000	0.4	0.38	0.38	0	0	0.4
81100	0.4	0.38	0.38	0	0	0.4
81200	0.4	0.38	0.38	0	0	0.4
81300	0.4	0.38	0.38	0	0	0.4
81400	0.4	0.39	0.39	0	0	0.4
81500	0.41	0.39	0.39	0	0	0.41
81600	0.41	0.39	0.39	0	0	0.41
81700	0.41	0.39	0.39	0	0	0.41
81800	0.41	0.39	0.39	0	0	0.41
81900	0.41	0.39	0.39	0	0	0.41
82000	0.41	0.39	0.39	0	0	0.41
82100	0.41	0.39	0.39	0	0	0.41
82200	0.41	0.39	0.39	0	0	0.41
82300	0.41	0.39	0.39	0	0	0.41
82400	0.41	0.4	0.4	0	0	0.41
82500	0.41	0.4	0.4	0	0	0.41
82600	0.41	0.4	0.4	0	0	0.41
82700	0.41	0.4	0.4	0	0	0.41
82800	0.41	0.4	0.4	0	0	0.41
82900	0.41	0.4	0.4	0	0	0.41
83000	0.41	0.4	0.4	0	0	0.41
83100	0.41	0.4	0.4	0	0	0.41
83200	0.41	0.4	0.4	0	0	0.41
83300	0.41	0.41	0.41	0	0	0.41
83400	0.41	0.41	0.41	0	0	0.41
83500	0.41	0.41	0.41	0	0	0.41
83600	0.41	0.41	0.41	0	0	0.41
83700	0.41	0.41	0.41	0	0	0.41
83800	0.41	0.41	0.41	0	0	0.41
83900	0.41	0.42	0.42	0	0	0.41
84000	0.41	0.42	0.42	0	0	0.41
84100	0.41	0.42	0.42	0	0	0.41
84200	0.41	0.42	0.42	0	0	0.41
84300	0.41	0.42	0.42	0	0	0.41
84400	0.41	0.42	0.42	0	0	0.41
84500	0.41	0.42	0.42	0	0	0.41
84600	0.41	0.42	0.42	0	0	0.41
84700	0.42	0.42	0.42	0	0	0.42
84800	0.42	0.42	0.42	0	0	0.42
84900	0.42	0.42	0.42	0	0	0.42
85000	0.42	0.43	0.43	0	0	0.42
85100	0.41	0.43	0.43	0	0	0.41
85200	0.41	0.43	0.43	0	0	0.41
85300	0.41	0.44	0.44	0	0	0.41
85400	0.41	0.43	0.43	0	0	0.41
85500	0.41	0.43	0.43	0	0	0.41
85600	0.41	0.43	0.43	0	0	0.41
85700	0.41	0.43	0.43	0	0	0.41
85800	0.42	0.43	0.43	0	0	0.42
85900	0.42	0.43	0.43	0	0	0.42
86000	0.42	0.43	0.43	0	0	0.42
86100	0.41	0.42	0.42	0	0	0.41
86200	0.41	0.42	0.42	0	0	0.41
86300	0.41	0.42	0.42	0	0	0.41
86400	0.41	0.42	0.42	0	0	0.41
86500	0.41	0.42	0.42	0	0	0.41
86600	0.41	0.42	0.42	0	0	0.41
86700	0.41	0.42	0.42	0	0	0.41
86800	0.41	0.42	0.42	0	0	0.41
86900	0.41	0.42	0.42	0	0	0.41
87000	0.41	0.42	0.42	0	0	0.41
87100	0.41	0.42	0.42	0	0	0.41
87200	0.41	0.42	0.42	0	0	0.41
87300	0.41	0.41	0.41	0	0	0.41
87400	0.41	0.41	0.41	0	0	0.41
87500	0.41	0.41	0.41	0	0	0.41
87600	0.41	0.41	0.41	0	0	0.41
87700	0.41	0.41	0.41	0	0	0.41
87800	0.41	0.41	0.41	0	0	0.41
87900	0.41	0.41	0.41	0	0	0.41
88000	0.41	0.41	0.41	0	0	0.41
88100	0.41	0.41	0.41	0	0	0.41
88200	0.41	0.41	0.41	0	0	0.41
88300	0.41	0.41	0.41	0	0	0.41
88400	0.41	0.41	0.41	0	0	0.41
88500	0.41	0.41	0.41	0	0	0.41
88600	0.41	0.41	0.41	0	0	0.41
88700	0.41	0.41	0.41	0	0	0.41
88800	0.41	0.41	0.41	0	0	0.41
88900	0.41	0.41	0.41	0	0	0.41
89000	0.41	0.41	0.41	0	0	0.41
89100	0.41	0.41	0.41	0	0	0.41
89200	0.41	0.41	0.41	0	0	0.41
89300	0.41	0.41	0.41	0	0	0.41
89400	0.41	0.41	0.41	0	0	0.41
89500	0.41	0.41	0.41	0	0	0.41
89600	0.42	0.41	0.41	0	0	0.42
89700	0.41	0.41	0.41	0	0	0.41
89800	0.41	0.41	0.41	0	0	0.41
89900	0.41	0.41	0.41	0	0	0.41
90000	0.41	0.41	0.41	0	0	0.41
90100	0.41	0.41	0.41	0	0	0.41
90200	0.41	0.41	0.41	0	0	0.41
90300	0.41	0.42	0.42	0	0	0.41
90400	0.42	0.41	0.41	0	0	0.42
90500	0.41	0.42	0.42	0	0	0.41
90600	0.41	0.41	0.41	0	0	0.41
90700	0.41	0.42	0.42	0	0	0.41
90800	0.4	0.42	0.42	0	0	0.4
90900	0.4	0.42	0.42	0	0	0.4
91000	0.4	0.42	0.42	0	0	0.4
91100	0.41	0.42	0.42	0	0	0.41
91200	0.4	0.42	0.42	0	0	0.4
91300	0.4	0.42	0.42	0	0	0.4
91400	0.4	0.42	0.42	0	0	0.4
91500	0.39	0.42	0.42	0	0	0.39
91600	0.39	0.42	0.42	0	0	0.39
91700	0.39	0.42	0.42	0	0	0.39
91800	0.39	0.43	0.43	0	0	0.39
91900	0.39	0.42	0.42	0	0	0.39
92000	0.4	0.42	0.42	0	0	0.4
92100	0.39	0.42	0.42	0	0	0.39
92200	0.39	0.42	0.42	0	0	0.39
92300	0.39	0.42	0.42	0	0	0.39
92400	0.39	0.42	0.42	0	0	0.39
92500	0.39	0.42	0.42	0	0	0.39
92600	0.39	0.42	0.42	0	0	0.39
92700	0.39	0.43	0.43	0	0	0.39
92800	0.39	0.43	0.43	0	0	0.39
92900	0.39	0.43	0.43	0	0	0.39
93000	0.39	0.43	0.43	0	0	0.39
93100	0.39	0.43	0.43	0	0	0.39
93200	0.39	0.43	0.43	0	0	0.39
93300	0.39	0.43	0.43	0	0	0.39
93400	0.39	0.43	0.43	0	0	0.39
93500	0.39	0.43	0.43	0	0	0.39
93600	0.39	0.44	0.44	0	0	0.39
93700	0.39	0.44	0.44	0	0	0.39
93800	0.39	0.43	0.43	0	0	0.39
93900	0.39	0.43	0.43	0	0	0.39
94000	0.39	0.43	0.43	0	0	0.39
94100	0.39	0.43	0.43	0	0	0.39
94200	0.38	0.43	0.43	0	0	0.38
94300	0.38	0.43	0.43	0	0	0.38
94400	0.38	0.43	0.43	0	0	0.38
94500	0.38	0.43	0.43	0	0	0.38
94600	0.38	0.43	0.43	0	0	0.38
94700	0.38	0.43	0.43	0	0	0.38
94800	0.38	0.43	0.43	0	0	0.38
94900	0.38	0.43	0.43	0	0	0.38
95000	0.38	0.43	0.43	0	0	0.38
95100	0.38	0.43	0.43	0	0	0.38
95200	0.38	0.43	0.43	0	0	0.38
95300	0.38	0.43	0.43	0	0	0.38
95400	0.38	0.43	0.43	0	0	0.38
95500	0.38	0.43	0.43	0	0	0.38
95600	0.38	0.43	0.43	0	0	0.38
95700	0.38	0.43	0.43	0	0	0.38
95800	0.38	0.43	0.43	0	0	0.38
95900	0.38	0.43	0.43	0	0	0.38
96000	0.38	0.44	0.44	0	0	0.38
96100	0.38	0.44	0.44	0	0	0.38
96200	0.38	0.44	0.44	0	0	0.38
96300	0.38	0.44	0.44	0	0	0.38
96400	0.38	0.44	0.44	0	0	0.38
96500	0.38	0.44	0.44	0	0	0.38
96600	0.38	0.44	0.44	0	0	0.38
96700	0.38	0.44	0.44	0	0	0.38
96800	0.38	0.44	0.44	0	0	0.38
96900	0.38	0.44	0.44	0	0	0.38
97000	0.38	0.44	0.44	0	0	0.38
97100	0.38	0.44	0.44	0	0	0.38
97200	0.39	0.44	0.44	0	0	0.39
97300	0.38	0.44	0.44	0	0	0.38
97400	0.38	0.44	0.44	0	0	0.38
97500	0.38	0.44	0.44	0	0	0.38
97600	0.38	0.44	0.44	0	0	0.38
97700	0.39	0.44	0.44	0	0	0.39
97800	0.38	0.44	0.44	0	0	0.38
97900	0.4	0.44	0.44	0	0	0.4
98000	0.4	0.44	0.44	0	0	0.4
98100	0.4	0.44	0.44	0	0	0.4
98200	0.4	0.44	0.44	0	0	0.4
98300	0.4	0.44	0.44	0	0	0.4
98400	0.4	0.44	0.44	0	0	0.4
98500	0.4	0.44	0.44	0	0	0.4
98600	0.4	0.44	0.44	0	0	0.4
98700	0.4	0.44	0.44	0	0	0.4
98800	0.39	0.44	0.44	0	0	0.39
98900	0.38	0.44	0.44	0	0	0.38
99000	0.38	0.44	0.44	0	0	0.38
99100	0.38	0.44	0.44	0	0	0.38
99200	0.38	0.44	0.44	0	0	0.38
99300	0.38	0.44	0.44	0	0	0.38
99400	0.38	0.44	0.44	0	0	0.38
99500	0.38	0.44	0.44	0	0	0.38
99600	0.38	0.44	0.44	0	0	0.38
99700	0.38	0.44	0.44	0	0	0.38
99800	0.38	0.44	0.44	0	0	0.38
99900	0.38	0.44	0.44	0	0	0.38
100000	0.38	0.44	0.44	0	0	0.38
100100	0.38	0.44	0.44	0	0	0.38
100200	0.38	0.44	0.44	0	0	0.38
100300	0.38	0.45	0.45	0	0	0.38
100400	0.38	0.45	0.45	0	0	0.38
100500	0.38	0.45	0.45	0	0	0.38
100600	0.38	0.45	0.45	0	0	0.38
100700	0.38	0.45	0.45	0	0	0.38
100800	0.38	0.45	0.45	0	0	0.38
100900	0.38	0.45	0.45	0	0	0.38
101000	0.38	0.45	0.45	0	0	0.38
101100	0.38	0.45	0.45	0	0	0.38
101200	0.38	0.45	0.45	0	0	0.38
101300	0.38	0.45	0.45	0	0	0.38
101400	0.38	0.45	0.45	0	0	0.38
101500	0.38	0.46	0.46	0	0	0.38
101600	0.38	0.46	0.46	0	0	0.38
101700	0.38	0.46	0.46	0	0	0.38
101800	0.38	0.45	0.45	0	0	0.38
101900	0.38	0.45	0.45	0	0	0.38
102000	0.38	0.45	0.45	0	0	0.38
102100	0.38	0.44	0.44	0	0	0.38
102200	0.38	0.44	0.44	0	0	0.38
102300	0.38	0.44	0.44	0	0	0.38
102400	0.38	0.44	0.44	0	0	0.38
102500	0.39	0.44	0.44	0	0	0.39
102600	0.39	0.44	0.44	0	0	0.39
102700	0.39	0.44	0.44	0	0	0.39
102800	0.38	0.44	0.44	0	0	0.38
102900	0.38	0.44	0.44	0	0	0.38
103000	0.38	0.44	0.44	0	0	0.38
103100	0.38	0.44	0.44	0	0	0.38
103200	0.39	0.44	0.44	0	0	0.39
103300	0.39	0.44	0.44	0	0	0.39
103400	0.39	0.45	0.45	0	0	0.39
103500	0.39	0.44	0.44	0	0	0.39
103600	0.39	0.44	0.44	0	0	0.39
103700	0.39	0.44	0.44	0	0	0.39
103800	0.39	0.44	0.44	0	0	0.39
103900	0.39	0.44	0.44	0	0	0.39
104000	0.39	0.44	0.44	0	0	0.39
104100	0.39	0.44	0.44	0	0	0.39
104200	0.39	0.44	0.44	0	0	0.39
104300	0.39	0.44	0.44	0	0	0.39
104400	0.39	0.44	0.44	0	0	0.39
104500	0.39	0.44	0.44	0	0	0.39
104600	0.39	0.44	0.44	0	0	0.39
104700	0.4	0.44	0.44	0	0	0.4
104800	0.4	0.44	0.44	0	0	0.4
104900	0.4	0.44	0.44	0	0	0.4
105000	0.4	0.44	0.44	0	0	0.4
105100	0.4	0.44	0.44	0	0	0.4
105200	0.4	0.44	0.44	0	0	0.4
105300	0.4	0.44	0.44	0	0	0.4
105400	0.4	0.44	0.44	0	0	0.4
105500	0.4	0.44	0.44	0	0	0.4
105600	0.39	0.44	0.44	0	0	0.39
105700	0.39	0.44	0.44	0	0	0.39
105800	0.4	0.44	0.44	0	0	0.4
105900	0.39	0.44	0.44	0	0	0.39
106000	0.39	0.44	0.44	0	0	0.39
106100	0.39	0.45	0.45	0	0	0.39
106200	0.38	0.45	0.45	0	0	0.38
106300	0.38	0.45	0.45	0	0	0.38
106400	0.38	0.45	0.45	0	0	0.38
106500	0.38	0.46	0.46	0	0	0.38
106600	0.38	0.46	0.46	0	0	0.38
106700	0.38	0.46	0.46	0	0	0.38
106800	0.38	0.46	0.46	0	0	0.38
106900	0.38	0.46	0.46	0	0	0.38
107000	0.38	0.46	0.46	0	0	0.38
107100	0.38	0.46	0.46	0	0	0.38
107200	0.38	0.46	0.46	0	0	0.38
107300	0.38	0.46	0.46	0	0	0.38
107400	0.38	0.46	0.46	0	0	0.38
107500	0.38	0.46	0.46	0	0	0.38
107600	0.39	0.47	0.47	0	0	0.39
107700	0.39	0.47	0.47	0	0	0.39
107800	0.39	0.47	0.47	0	0	0.39
107900	0.39	0.47	0.47	0	0	0.39
108000	0.39	0.47	0.47	0	0	0.39
108100	0.39	0.47	0.47	0	0	0.39
108200	0.39	0.47	0.47	0	0	0.39
108300	0.39	0.47	0.47	0	0	0.39
108400	0.39	0.47	0.47	0	0	0.39
108500	0.39	0.47	0.47	0	0	0.39
108600	0.39	0.47	0.47	0	0	0.39
108700	0.39	0.47	0.47	0	0	0.39
108800	0.39	0.47	0.47	0	0	0.39
108900	0.39	0.48	0.48	0	0	0.39
109000	0.39	0.47	0.47	0	0	0.39
109100	0.39	0.47	0.47	0	0	0.39
109200	0.39	0.47	0.47	0	0	0.39
109300	0.39	0.47	0.47	0	0	0.39
109400	0.4	0.47	0.47	0	0	0.4
109500	0.4	0.47	0.47	0	0	0.4
109600	0.4	0.47	0.47	0	0	0.4
109700	0.4	0.47	0.47	0	0	0.4
109800	0.4	0.47	0.47	0	0	0.4
109900	0.4	0.47	0.47	0	0	0.4
110000	0.4	0.47	0.47	0	0	0.4
110100	0.4	0.47	0.47	0	0	0.4
110200	0.4	0.47	0.47	0	0	0.4
110300	0.4	0.47	0.47	0	0	0.4
110400	0.4	0.47	0.47	0	0	0.4
110500	0.4	0.47	0.47	0	0	0.4
110600	0.4	0.47	0.47	0	0	0.4
110700	0.4	0.47	0.47	0	0	0.4
110800	0.4	0.47	0.47	0	0	0.4
110900	0.4	0.47	0.47	0	0	0.4
111000	0.4	0.47	0.47	0	0	0.4
111100	0.4	0.47	0.47	0	0	0.4
111200	0.4	0.47	0.47	0	0	0.4
111300	0.4	0.46	0.46	0	0	0.4
111400	0.4	0.47	0.47	0	0	0.4
111500	0.4	0.46	0.46	0	0	0.4
111600	0.4	0.46	0.46	0	0	0.4
111700	0.4	0.46	0.46	0	0	0.4
111800	0.4	0.46	0.46	0	0	0.4
111900	0.4	0.46	0.46	0	0	0.4
112000	0.4	0.46	0.46	0	0	0.4
112100	0.4	0.46	0.46	0	0	0.4
112200	0.4	0.45	0.45	0	0	0.4
112300	0.4	0.45	0.45	0	0	0.4
112400	0.4	0.45	0.45	0	0	0.4
112500	0.4	0.45	0.45	0	0	0.4
112600	0.41	0.45	0.45	0	0	0.41
112700	0.41	0.45	0.45	0	0	0.41
112800	0.41	0.45	0.45	0	0	0.41
112900	0.41	0.45	0.45	0	0	0.41
113000	0.41	0.45	0.45	0	0	0.41
113100	0.41	0.45	0.45	0	0	0.41
113200	0.41	0.45	0.45	0	0	0.41
113300	0.41	0.45	0.45	0	0	0.41
113400	0.41	0.45	0.45	0	0	0.41
113500	0.41	0.45	0.45	0	0	0.41
113600	0.41	0.45	0.45	0	0	0.41
113700	0.41	0.45	0.45	0	0	0.41
113800	0.41	0.45	0.45	0	0	0.41
113900	0.41	0.45	0.45	0	0	0.41
114000	0.41	0.45	0.45	0	0	0.41
114100	0.4	0.45	0.45	0	0	0.4
114200	0.4	0.45	0.45	0	0	0.4
114300	0.4	0.45	0.45	0	0	0.4
114400	0.4	0.45	0.45	0	0	0.4
114500	0.4	0.45	0.45	0	0	0.4
114600	0.4	0.45	0.45	0	0	0.4
114700	0.4	0.45	0.45	0	0	0.4
114800	0.4	0.45	0.45	0	0	0.4
114900	0.41	0.45	0.45	0	0	0.41
115000	0.41	0.45	0.45	0	0	0.41
115100	0.41	0.45	0.45	0	0	0.41
115200	0.41	0.45	0.45	0	0	0.41
115300	0.41	0.45	0.45	0	0	0.41
115400	0.41	0.45	0.45	0	0	0.41
115500	0.42	0.45	0.45	0	0	0.42
115600	0.42	0.45	0.45	0	0	0.42
115700	0.42	0.45	0.45	0	0	0.42
115800	0.42	0.45	0.45	0	0	0.42
115900	0.42	0.45	0.45	0	0	0.42
116000	0.42	0.45	0.45	0	0	0.42
116100	0.42	0.45	0.45	0	0	0.42
116200	0.42	0.45	0.45	0	0	0.42
116300	0.42	0.45	0.45	0	0	0.42
116400	0.42	0.45	0.45	0	0	0.42
116500	0.42	0.45	0.45	0	0	0.42
116600	0.42	0.45	0.45	0	0	0.42
116700	0.42	0.45	0.45	0	0	0.42
116800	0.42	0.45	0.45	0	0	0.42
116900	0.42	0.45	0.45	0	0	0.42
117000	0.42	0.45	0.45	0	0	0.42
117100	0.42	0.45	0.45	0	0	0.42
117200	0.42	0.45	0.45	0	0	0.42
117300	0.42	0.45	0.45	0	0	0.42
117400	0.43	0.45	0.45	0	0	0.43
117500	0.43	0.45	0.45	0	0	0.43
117600	0.43	0.45	0.45	0	0	0.43
117700	0.43	0.45	0.45	0	0	0.43
117800	0.43	0.45	0.45	0	0	0.43
117900	0.42	0.45	0.45	0	0	0.42
118000	0.41	0.45	0.45	0	0	0.41
118100	0.41	0.45	0.45	0	0	0.41
118200	0.41	0.45	0.45	0	0	0.41
118300	0.41	0.45	0.45	0	0	0.41
118400	0.41	0.46	0.46	0	0	0.41
118500	0.41	0.47	0.47	0	0	0.41
118600	0.41	0.46	0.46	0	0	0.41
118700	0.41	0.46	0.46	0	0	0.41
118800	0.41	0.46	0.46	0	0	0.41
118900	0.41	0.46	0.46	0	0	0.41
119000	0.42	0.46	0.46	0	0	0.42
119100	0.42	0.46	0.46	0	0	0.42
119200	0.42	0.46	0.46	0	0	0.42
119300	0.41	0.46	0.46	0	0	0.41
119400	0.41	0.46	0.46	0	0	0.41
119500	0.41	0.46	0.46	0	0	0.41
119600	0.41	0.46	0.46	0	0	0.41
119700	0.41	0.46	0.46	0	0	0.41
119800	0.41	0.46	0.46	0	0	0.41
119900	0.41	0.46	0.46	0	0	0.41
120000	0.41	0.46	0.46	0	0	0.41
120100	0.41	0.46	0.46	0	0	0.41
120200	0.41	0.46	0.46	0	0	0.41
120300	0.41	0.46	0.46	0	0	0.41
120400	0.41	0.46	0.46	0	0	0.41
120500	0.41	0.46	0.46	0	0	0.41
120600	0.41	0.46	0.46	0	0	0.41
120700	0.4	0.46	0.46	0	0	0.4
120800	0.4	0.46	0.46	0	0	0.4
120900	0.4	0.46	0.46	0	0	0.4
121000	0.4	0.46	0.46	0	0	0.4
121100	0.38	0.46	0.46	0	0	0.38
121200	0.38	0.46	0.46	0	0	0.38
121300	0.37	0.46	0.46	0	0	0.37
121400	0.37	0.46	0.46	0	0	0.37
121500	0.37	0.46	0.46	0	0	0.37
121600	0.37	0.46	0.46	0	0	0.37
121700	0.37	0.46	0.46	0	0	0.37
121800	0.37	0.46	0.46	0	0	0.37
121900	0.37	0.47	0.47	0	0	0.37
122000	0.36	0.46	0.46	0	0	0.36
122100	0.35	0.46	0.46	0	0	0.35
122200	0.35	0.46	0.46	0	0	0.35
122300	0.35	0.46	0.46	0	0	0.35
122400	0.35	0.46	0.46	0	0	0.35
122500	0.35	0.46	0.46	0	0	0.35
122600	0.35	0.46	0.46	0	0	0.35
122700	0.35	0.46	0.46	0	0	0.35
122800	0.36	0.46	0.46	0	0	0.36
122900	0.37	0.46	0.46	0	0	0.37
123000	0.35	0.46	0.46	0	0	0.35
123100	0.35	0.46	0.46	0	0	0.35
123200	0.35	0.47	0.47	0	0	0.35
123300	0.35	0.47	0.47	0	0	0.35
123400	0.35	0.47	0.47	0	0	0.35
123500	0.35	0.47	0.47	0	0	0.35
123600	0.35	0.47	0.47	0	0	0.35
123700	0.35	0.47	0.47	0	0	0.35
123800	0.36	0.47	0.47	0	0	0.36
123900	0.36	0.47	0.47	0	0	0.36
124000	0.36	0.47	0.47	0	0	0.36
124100	0.36	0.47	0.47	0	0	0.36
124200	0.36	0.47	0.47	0	0	0.36
124300	0.36	0.47	0.47	0	0	0.36
124400	0.36	0.47	0.47	0	0	0.36
124500	0.36	0.47	0.47	0	0	0.36
124600	0.36	0.47	0.47	0	0	0.36
124700	0.36	0.47	0.47	0	0	0.36
124800	0.36	0.47	0.47	0	0	0.36
124900	0.36	0.47	0.47	0	0	0.36
125000	0.36	0.47	0.47	0	0	0.36
125100	0.36	0.47	0.47	0	0	0.36
125200	0.36	0.47	0.47	0	0	0.36
125300	0.36	0.47	0.47	0	0	0.36
125400	0.36	0.47	0.47	0	0	0.36
125500	0.36	0.47	0.47	0	0	0.36
125600	0.36	0.47	0.47	0	0	0.36
125700	0.36	0.47	0.47	0	0	0.36
125800	0.36	0.47	0.47	0	0	0.36
125900	0.36	0.47	0.47	0	0	0.36
126000	0.36	0.47	0.47	0	0	0.36
126100	0.36	0.47	0.47	0	0	0.36
126200	0.36	0.47	0.47	0	0	0.36
126300	0.36	0.47	0.47	0	0	0.36
126400	0.35	0.47	0.47	0	0	0.35
126500	0.35	0.47	0.47	0	0	0.35
126600	0.35	0.47	0.47	0	0	0.35
126700	0.35	0.47	0.47	0	0	0.35
126800	0.35	0.47	0.47	0	0	0.35
126900	0.35	0.47	0.47	0	0	0.35
127000	0.35	0.47	0.47	0	0	0.35
127100	0.35	0.47	0.47	0	0	0.35
127200	0.35	0.47	0.47	0	0	0.35
127300	0.36	0.47	0.47	0	0	0.36
127400	0.36	0.47	0.47	0	0	0.36
127500	0.37	0.47	0.47	0	0	0.37
127600	0.37	0.47	0.47	0	0	0.37
127700	0.37	0.47	0.47	0	0	0.37
127800	0.37	0.47	0.47	0	0	0.37
127900	0.37	0.47	0.47	0	0	0.37
128000	0.37	0.47	0.47	0	0	0.37
128100	0.37	0.48	0.48	0	0	0.37
128200	0.37	0.48	0.48	0	0	0.37
128300	0.37	0.48	0.48	0	0	0.37
128400	0.37	0.48	0.48	0	0	0.37
128500	0.37	0.48	0.48	0	0	0.37
128600	0.38	0.48	0.48	0	0	0.38
128700	0.38	0.48	0.48	0	0	0.38
128800	0.38	0.48	0.48	0	0	0.38
128900	0.38	0.48	0.48	0	0	0.38
129000	0.38	0.48	0.48	0	0	0.38
129100	0.37	0.48	0.48	0	0	0.37
129200	0.37	0.48	0.48	0	0	0.37
129300	0.37	0.48	0.48	0	0	0.37
129400	0.37	0.48	0.48	0	0	0.37
129500	0.37	0.48	0.48	0	0	0.37
129600	0.37	0.48	0.48	0	0	0.37
129700	0.37	0.48	0.48	0	0	0.37
129800	0.37	0.48	0.48	0	0	0.37
129900	0.37	0.48	0.48	0	0	0.37
130000	0.37	0.49	0.49	0	0	0.37
130100	0.37	0.49	0.49	0	0	0.37
130200	0.37	0.49	0.49	0	0	0.37
130300	0.37	0.48	0.48	0	0	0.37
130400	0.37	0.49	0.49	0	0	0.37
130500	0.37	0.49	0.49	0	0	0.37
130600	0.37	0.49	0.49	0	0	0.37
130700	0.37	0.49	0.49	0	0	0.37
130800	0.37	0.49	0.49	0	0	0.37
130900	0.37	0.49	0.49	0	0	0.37
131000	0.37	0.49	0.49	0	0	0.37
131100	0.36	0.49	0.49	0	0	0.36
131200	0.36	0.49	0.49	0	0	0.36
131300	0.36	0.49	0.49	0	0	0.36
131400	0.36	0.49	0.49	0	0	0.36
131500	0.36	0.49	0.49	0	0	0.36
131600	0.36	0.49	0.49	0	0	0.36
131700	0.36	0.49	0.49	0	0	0.36
131800	0.36	0.49	0.49	0	0	0.36
131900	0.36	0.49	0.49	0	0	0.36
132000	0.36	0.49	0.49	0	0	0.36
132100	0.36	0.49	0.49	0	0	0.36
132200	0.36	0.49	0.49	0	0	0.36
132300	0.36	0.49	0.49	0	0	0.36
132400	0.36	0.49	0.49	0	0	0.36
132500	0.36	0.49	0.49	0	0	0.36
132600	0.36	0.49	0.49	0	0	0.36
132700	0.36	0.49	0.49	0	0	0.36
132800	0.36	0.49	0.49	0	0	0.36
132900	0.36	0.49	0.49	0	0	0.36
133000	0.36	0.49	0.49	0	0	0.36
133100	0.36	0.49	0.49	0	0	0.36
133200	0.36	0.49	0.49	0	0	0.36
133300	0.36	0.49	0.49	0	0	0.36
133400	0.36	0.49	0.49	0	0	0.36
133500	0.36	0.49	0.49	0	0	0.36
133600	0.36	0.49	0.49	0	0	0.36
133700	0.36	0.49	0.49	0	0	0.36
133800	0.37	0.49	0.49	0	0	0.37
133900	0.36	0.49	0.49	0	0	0.36
134000	0.36	0.49	0.49	0	0	0.36
134100	0.36	0.49	0.49	0	0	0.36
134200	0.36	0.5	0.5	0	0	0.36
134300	0.36	0.5	0.5	0	0	0.36
134400	0.36	0.5	0.5	0	0	0.36
134500	0.36	0.5	0.5	0	0	0.36
134600	0.37	0.5	0.5	0	0	0.37
134700	0.37	0.5	0.5	0	0	0.37
134800	0.37	0.5	0.5	0	0	0.37
134900	0.37	0.5	0.5	0	0	0.37
135000	0.37	0.5	0.5	0	0	0.37
135100	0.37	0.5	0.5	0	0	0.37
135200	0.37	0.5	0.5	0	0	0.37
135300	0.37	0.5	0.5	0	0	0.37
135400	0.36	0.5	0.5	0	0	0.36
135500	0.37	0.5	0.5	0	0	0.37
135600	0.37	0.5	0.5	0	0	0.37
135700	0.37	0.5	0.5	0	0	0.37
135800	0.37	0.5	0.5	0	0	0.37
135900	0.37	0.5	0.5	0	0	0.37
136000	0.38	0.5	0.5	0	0	0.38
136100	0.38	0.5	0.5	0	0	0.38
136200	0.38	0.5	0.5	0	0	0.38
136300	0.38	0.5	0.5	0	0	0.38
136400	0.38	0.5	0.5	0	0	0.38
136500	0.37	0.5	0.5	0	0	0.37
136600	0.37	0.5	0.5	0	0	0.37
136700	0.37	0.5	0.5	0	0	0.37
136800	0.37	0.5	0.5	0	0	0.37
136900	0.37	0.5	0.5	0	0	0.37
137000	0.37	0.5	0.5	0	0	0.37
137100	0.37	0.5	0.5	0	0	0.37
137200	0.37	0.5	0.5	0	0	0.37
137300	0.37	0.5	0.5	0	0	0.37
137400	0.37	0.5	0.5	0	0	0.37
137500	0.37	0.5	0.5	0	0	0.37
137600	0.37	0.5	0.5	0	0	0.37
137700	0.37	0.5	0.5	0	0	0.37
137800	0.37	0.5	0.5	0	0	0.37
137900	0.37	0.5	0.5	0	0	0.37
138000	0.37	0.5	0.5	0	0	0.37
138100	0.37	0.5	0.5	0	0	0.37
138200	0.37	0.5	0.5	0	0	0.37
138300	0.37	0.5	0.5	0	0	0.37
138400	0.37	0.5	0.5	0	0	0.37
138500	0.37	0.5	0.5	0	0	0.37
138600	0.37	0.5	0.5	0	0	0.37
138700	0.37	0.5	0.5	0	0	0.37
138800	0.37	0.5	0.5	0	0	0.37
138900	0.37	0.5	0.5	0	0	0.37
139000	0.37	0.5	0.5	0	0	0.37
139100	0.37	0.5	0.5	0	0	0.37
139200	0.37	0.5	0.5	0	0	0.37
139300	0.34	0.5	0.5	0	0	0.34
139400	0.34	0.5	0.5	0	0	0.34
139500	0.34	0.5	0.5	0	0	0.34
139600	0.34	0.5	0.5	0	0	0.34
139700	0.34	0.5	0.5	0	0	0.34
139800	0.34	0.5	0.5	0	0	0.34
139900	0.34	0.5	0.5	0	0	0.34
140000	0.34	0.5	0.5	0	0	0.34
140100	0.34	0.5	0.5	0	0	0.34
140200	0.35	0.5	0.5	0	0	0.35
140300	0.35	0.5	0.5	0	0	0.35
140400	0.35	0.5	0.5	0	0	0.35
140500	0.34	0.5	0.5	0	0	0.34
140600	0.34	0.5	0.5	0	0	0.34
140700	0.34	0.5	0.5	0	0	0.34
140800	0.34	0.5	0.5	0	0	0.34
140900	0.34	0.5	0.5	0	0	0.34
141000	0.34	0.5	0.5	0	0	0.34
141100	0.34	0.5	0.5	0	0	0.34
141200	0.34	0.5	0.5	0	0	0.34
141300	0.34	0.5	0.5	0	0	0.34
141400	0.34	0.49	0.49	0	0	0.34
141500	0.34	0.49	0.49	0	0	0.34
141600	0.34	0.49	0.49	0	0	0.34
141700	0.34	0.49	0.49	0	0	0.34
141800	0.34	0.48	0.48	0	0	0.34
141900	0.34	0.48	0.48	0	0	0.34
142000	0.34	0.48	0.48	0	0	0.34
142100	0.34	0.48	0.48	0	0	0.34
142200	0.34	0.48	0.48	0	0	0.34
142300	0.34	0.48	0.48	0	0	0.34
142400	0.34	0.48	0.48	0	0	0.34
142500	0.34	0.47	0.47	0	0	0.34
142600	0.34	0.47	0.47	0	0	0.34
142700	0.34	0.47	0.47	0	0	0.34
142800	0.34	0.47	0.47	0	0	0.34
142900	0.34	0.47	0.47	0	0	0.34
143000	0.34	0.47	0.47	0	0	0.34
143100	0.34	0.47	0.47	0	0	0.34
143200	0.34	0.47	0.47	0	0	0.34
143300	0.34	0.47	0.47	0	0	0.34
143400	0.34	0.47	0.47	0	0	0.34
143500	0.34	0.47	0.47	0	0	0.34
143600	0.34	0.47	0.47	0	0	0.34
143700	0.34	0.47	0.47	0	0	0.34
143800	0.34	0.47	0.47	0	0	0.34
143900	0.34	0.47	0.47	0	0	0.34
144000	0.34	0.47	0.47	0	0	0.34
144100	0.34	0.47	0.47	0	0	0.34
144200	0.34	0.47	0.47	0	0	0.34
144300	0.34	0.47	0.47	0	0	0.34
144400	0.34	0.47	0.47	0	0	0.34
144500	0.34	0.47	0.47	0	0	0.34
144600	0.34	0.47	0.47	0	0	0.34
144700	0.34	0.47	0.47	0	0	0.34
144800	0.35	0.47	0.47	0	0	0.35
144900	0.35	0.47	0.47	0	0	0.35
145000	0.35	0.47	0.47	0	0	0.35
145100	0.35	0.47	0.47	0	0	0.35
145200	0.35	0.47	0.47	0	0	0.35
145300	0.35	0.47	0.47	0	0	0.35
145400	0.35	0.47	0.47	0	0	0.35
145500	0.35	0.47	0.47	0	0	0.35
145600	0.35	0.47	0.47	0	0	0.35
145700	0.35	0.47	0.47	0	0	0.35
145800	0.35	0.47	0.47	0	0	0.35
145900	0.35	0.47	0.47	0	0	0.35
146000	0.35	0.48	0.48	0	0	0.35
146100	0.35	0.48	0.48	0	0	0.35
146200	0.35	0.47	0.47	0	0	0.35
146300	0.35	0.47	0.47	0	0	0.35
146400	0.35	0.47	0.47	0	0	0.35
146500	0.35	0.47	0.47	0	0	0.35
146600	0.35	0.47	0.47	0	0	0.35
146700	0.35	0.47	0.47	0	0	0.35
146800	0.35	0.47	0.47	0	0	0.35
146900	0.35	0.47	0.47	0	0	0.35
147000	0.35	0.47	0.47	0	0	0.35
147100	0.35	0.47	0.47	0	0	0.35
147200	0.35	0.47	0.47	0	0	0.35
147300	0.35	0.47	0.47	0	0	0.35
147400	0.35	0.46	0.46	0	0	0.35
147500	0.36	0.46	0.46	0	0	0.36
147600	0.36	0.47	0.47	0	0	0.36
147700	0.35	0.46	0.46	0	0	0.35
147800	0.35	0.46	0.46	0	0	0.35
147900	0.35	0.46	0.46	0	0	0.35
148000	0.35	0.46	0.46	0	0	0.35
148100	0.35	0.45	0.45	0	0	0.35
148200	0.35	0.45	0.45	0	0	0.35
148300	0.35	0.45	0.45	0	0	0.35
148400	0.35	0.45	0.45	0	0	0.35
148500	0.35	0.45	0.45	0	0	0.35
148600	0.36	0.45	0.45	0	0	0.36
148700	0.36	0.45	0.45	0	0	0.36
148800	0.36	0.45	0.45	0	0	0.36
148900	0.36	0.45	0.45	0	0	0.36
149000	0.36	0.45	0.45	0	0	0.36
149100	0.34	0.45	0.45	0	0	0.34
149200	0.34	0.45	0.45	0	0	0.34
149300	0.34	0.44	0.44	0	0	0.34
149400	0.33	0.44	0.44	0	0	0.33
149500	0.34	0.43	0.43	0	0	0.34
149600	0.34	0.42	0.42	0	0	0.34
149700	0.34	0.42	0.42	0	0	0.34
149800	0.34	0.41	0.41	0	0	0.34
149900	0.35	0.41	0.41	0	0	0.35
150000	0.35	0.42	0.42	0	0	0.35
150100	0.35	0.42	0.42	0	0	0.35
150200	0.35	0.41	0.41	0	0	0.35
150300	0.35	0.41	0.41	0	0	0.35
150400	0.35	0.41	0.41	0	0	0.35
150500	0.35	0.4	0.4	0	0	0.35
150600	0.35	0.41	0.41	0	0	0.35
150700	0.35	0.41	0.41	0	0	0.35
150800	0.35	0.41	0.41	0	0	0.35
150900	0.35	0.41	0.41	0	0	0.35
151000	0.35	0.4	0.4	0	0	0.35
151100	0.35	0.4	0.4	0	0	0.35
151200	0.35	0.4	0.4	0	0	0.35
151300	0.35	0.39	0.39	0	0	0.35
151400	0.35	0.39	0.39	0	0	0.35
151500	0.35	0.39	0.39	0	0	0.35
151600	0.35	0.39	0.39	0	0	0.35
151700	0.35	0.39	0.39	0	0	0.35
151800	0.35	0.39	0.39	0	0	0.35
151900	0.35	0.39	0.39	0	0	0.35
152000	0.35	0.39	0.39	0	0	0.35
152100	0.35	0.39	0.39	0	0	0.35
152200	0.35	0.4	0.4	0	0	0.35
152300	0.35	0.4	0.4	0	0	0.35
152400	0.35	0.4	0.4	0	0	0.35
152500	0.35	0.4	0.4	0	0	0.35
152600	0.35	0.4	0.4	0	0	0.35
152700	0.36	0.4	0.4	0	0	0.36
152800	0.36	0.4	0.4	0	0	0.36
152900	0.36	0.4	0.4	0	0	0.36
153000	0.36	0.4	0.4	0	0	0.36
153100	0.36	0.4	0.4	0	0	0.36
153200	0.36	0.4	0.4	0	0	0.36
153300	0.36	0.4	0.4	0	0	0.36
153400	0.36	0.4	0.4	0	0	0.36
153500	0.36	0.4	0.4	0	0	0.36
153600	0.36	0.4	0.4	0	0	0.36
153700	0.36	0.42	0.42	0	0	0.36
153800	0.36	0.41	0.41	0	0	0.36
153900	0.36	0.41	0.41	0	0	0.36
154000	0.36	0.41	0.41	0	0	0.36
154100	0.36	0.41	0.41	0	0	0.36
154200	0.36	0.41	0.41	0	0	0.36
154300	0.36	0.41	0.41	0	0	0.36
154400	0.36	0.41	0.41	0	0	0.36
154500	0.36	0.41	0.41	0	0	0.36
154600	0.37	0.41	0.41	0	0	0.37
154700	0.37	0.41	0.41	0	0	0.37
154800	0.38	0.41	0.41	0	0	0.38
154900	0.37	0.41	0.41	0	0	0.37
155000	0.37	0.41	0.41	0	0	0.37
155100	0.37	0.41	0.41	0	0	0.37
155200	0.37	0.41	0.41	0	0	0.37
155300	0.37	0.41	0.41	0	0	0.37
155400	0.37	0.41	0.41	0	0	0.37
155500	0.37	0.41	0.41	0	0	0.37
155600	0.37	0.41	0.41	0	0	0.37
155700	0.37	0.41	0.41	0	0	0.37
155800	0.37	0.41	0.41	0	0	0.37
155900	0.37	0.41	0.41	0	0	0.37
156000	0.37	0.41	0.41	0	0	0.37
156100	0.38	0.41	0.41	0	0	0.38
156200	0.38	0.41	0.41	0	0	0.38
156300	0.37	0.41	0.41	0	0	0.37
156400	0.38	0.41	0.41	0	0	0.38
156500	0.38	0.41	0.41	0	0	0.38
156600	0.38	0.41	0.41	0	0	0.38
156700	0.39	0.41	0.41	0	0	0.39
156800	0.39	0.41	0.41	0	0	0.39
156900	0.39	0.41	0.41	0	0	0.39
157000	0.39	0.41	0.41	0	0	0.39
157100	0.39	0.41	0.41	0	0	0.39
157200	0.39	0.41	0.41	0	0	0.39
157300	0.39	0.41	0.41	0	0	0.39
157400	0.38	0.41	0.41	0	0	0.38
157500	0.37	0.41	0.41	0	0	0.37
157600	0.37	0.42	0.42	0	0	0.37
157700	0.37	0.42	0.42	0	0	0.37
157800	0.37	0.42	0.42	0	0	0.37
157900	0.36	0.42	0.42	0	0	0.36
158000	0.36	0.42	0.42	0	0	0.36
158100	0.36	0.42	0.42	0	0	0.36
158200	0.36	0.42	0.42	0	0	0.36
158300	0.37	0.42	0.42	0	0	0.37
158400	0.36	0.42	0.42	0	0	0.36
158500	0.36	0.42	0.42	0	0	0.36
158600	0.35	0.42	0.42	0	0	0.35
158700	0.35	0.42	0.42	0	0	0.35
158800	0.35	0.42	0.42	0	0	0.35
158900	0.35	0.42	0.42	0	0	0.35
159000	0.35	0.42	0.42	0	0	0.35
159100	0.35	0.42	0.42	0	0	0.35
159200	0.35	0.42	0.42	0	0	0.35
159300	0.35	0.42	0.42	0	0	0.35
159400	0.35	0.42	0.42	0	0	0.35
159500	0.35	0.42	0.42	0	0	0.35
159600	0.35	0.42	0.42	0	0	0.35
159700	0.35	0.42	0.42	0	0	0.35
159800	0.35	0.42	0.42	0	0	0.35
159900	0.35	0.42	0.42	0	0	0.35
160000	0.35	0.42	0.42	0	0	0.35
160100	0.35	0.42	0.42	0	0	0.35
160200	0.35	0.41	0.41	0	0	0.35
160300	0.35	0.41	0.41	0	0	0.35
160400	0.35	0.41	0.41	0	0	0.35
160500	0.35	0.41	0.41	0	0	0.35
160600	0.35	0.41	0.41	0	0	0.35
160700	0.35	0.41	0.41	0	0	0.35
160800	0.35	0.41	0.41	0	0	0.35
160900	0.35	0.41	0.41	0	0	0.35
161000	0.36	0.41	0.41	0	0	0.36
161100	0.36	0.41	0.41	0	0	0.36
161200	0.36	0.41	0.41	0	0	0.36
161300	0.36	0.41	0.41	0	0	0.36
161400	0.37	0.41	0.41	0	0	0.37
161500	0.37	0.41	0.41	0	0	0.37
161600	0.37	0.41	0.41	0	0	0.37
161700	0.37	0.41	0.41	0	0	0.37
161800	0.37	0.41	0.41	0	0	0.37
161900	0.37	0.41	0.41	0	0	0.37
162000	0.37	0.41	0.41	0	0	0.37
162100	0.37	0.41	0.41	0	0	0.37
162200	0.37	0.41	0.41	0	0	0.37
162300	0.37	0.41	0.41	0	0	0.37
162400	0.38	0.41	0.41	0	0	0.38
162500	0.38	0.41	0.41	0	0	0.38
162600	0.38	0.41	0.41	0	0	0.38
162700	0.38	0.42	0.42	0	0	0.38
162800	0.38	0.42	0.42	0	0	0.38
162900	0.38	0.42	0.42	0	0	0.38
163000	0.38	0.42	0.42	0	0	0.38
163100	0.38	0.42	0.42	0	0	0.38
163200	0.38	0.42	0.42	0	0	0.38
163300	0.38	0.42	0.42	0	0	0.38
163400	0.38	0.42	0.42	0	0	0.38
163500	0.38	0.42	0.42	0	0	0.38
163600	0.38	0.42	0.42	0	0	0.38
163700	0.39	0.42	0.42	0	0	0.39
163800	0.38	0.42	0.42	0	0	0.38
163900	0.38	0.42	0.42	0	0	0.38
164000	0.38	0.41	0.41	0	0	0.38
164100	0.37	0.41	0.41	0	0	0.37
164200	0.37	0.41	0.41	0	0	0.37
164300	0.36	0.41	0.41	0	0	0.36
164400	0.36	0.41	0.41	0	0	0.36
164500	0.37	0.41	0.41	0	0	0.37
164600	0.37	0.41	0.41	0	0	0.37
164700	0.37	0.42	0.42	0	0	0.37
164800	0.37	0.42	0.42	0	0	0.37
164900	0.37	0.42	0.42	0	0	0.37
165000	0.37	0.42	0.42	0	0	0.37
165100	0.37	0.42	0.42	0	0	0.37
165200	0.37	0.43	0.43	0	0	0.37
165300	0.37	0.42	0.42	0	0	0.37
165400	0.37	0.42	0.42	0	0	0.37
165500	0.37	0.42	0.42	0	0	0.37
165600	0.35	0.42	0.42	0	0	0.35
165700	0.35	0.42	0.42	0	0	0.35
165800	0.35	0.42	0.42	0	0	0.35
165900	0.35	0.42	0.42	0	0	0.35
166000	0.35	0.42	0.42	0	0	0.35
166100	0.34	0.42	0.42	0	0	0.34
166200	0.34	0.42	0.42	0	0	0.34
166300	0.34	0.42	0.42	0	0	0.34
166400	0.34	0.42	0.42	0	0	0.34
166500	0.34	0.42	0.42	0	0	0.34
166600	0.34	0.42	0.42	0	0	0.34
166700	0.34	0.42	0.42	0	0	0.34
166800	0.34	0.42	0.42	0	0	0.34
166900	0.34	0.42	0.42	0	0	0.34
167000	0.34	0.42	0.42	0	0	0.34
167100	0.34	0.43	0.43	0	0	0.34
167200	0.36	0.43	0.43	0	0	0.36
167300	0.34	0.43	0.43	0	0	0.34
167400	0.34	0.42	0.42	0	0	0.34
167500	0.34	0.42	0.42	0	0	0.34
167600	0.33	0.42	0.42	0	0	0.33
167700	0.33	0.42	0.42	0	0	0.33
167800	0.33	0.42	0.42	0	0	0.33
167900	0.34	0.42	0.42	0	0	0.34
168000	0.34	0.42	0.42	0	0	0.34
168100	0.34	0.42	0.42	0	0	0.34
168200	0.34	0.42	0.42	0	0	0.34
168300	0.35	0.42	0.42	0	0	0.35
168400	0.33	0.42	0.42	0	0	0.33
168500	0.33	0.42	0.42	0	0	0.33
168600	0.33	0.42	0.42	0	0	0.33
168700	0.32	0.42	0.42	0	0	0.32
168800	0.32	0.42	0.42	0	0	0.32
168900	0.32	0.42	0.42	0	0	0.32
169000	0.32	0.42	0.42	0	0	0.32
169100	0.32	0.42	0.42	0	0	0.32
169200	0.32	0.42	0.42	0	0	0.32
169300	0.35	0.42	0.42	0	0	0.35
169400	0.35	0.42	0.42	0	0	0.35
169500	0.35	0.41	0.41	0	0	0.35
169600	0.35	0.41	0.41	0	0	0.35
169700	0.35	0.41	0.41	0	0	0.35
169800	0.35	0.41	0.41	0	0	0.35
169900	0.35	0.41	0.41	0	0	0.35
170000	0.35	0.42	0.42	0	0	0.35
170100	0.35	0.42	0.42	0	0	0.35
170200	0.35	0.42	0.42	0	0	0.35
170300	0.35	0.42	0.42	0	0	0.35
170400	0.34	0.42	0.42	0	0	0.34
170500	0.34	0.42	0.42	0	0	0.34
170600	0.33	0.42	0.42	0	0	0.33
170700	0.33	0.42	0.42	0	0	0.33
170800	0.33	0.42	0.42	0	0	0.33
170900	0.33	0.42	0.42	0	0	0.33
171000	0.33	0.42	0.42	0	0	0.33
171100	0.33	0.42	0.42	0	0	0.33
171200	0.35	0.42	0.42	0	0	0.35
171300	0.35	0.43	0.43	0	0	0.35
171400	0.35	0.43	0.43	0	0	0.35
171500	0.35	0.43	0.43	0	0	0.35
171600	0.35	0.43	0.43	0	0	0.35
171700	0.35	0.43	0.43	0	0	0.35
171800	0.35	0.43	0.43	0	0	0.35
171900	0.35	0.43	0.43	0	0	0.35
172000	0.35	0.43	0.43	0	0	0.35
172100	0.35	0.43	0.43	0	0	0.35
172200	0.35	0.43	0.43	0	0	0.35
172300	0.35	0.43	0.43	0	0	0.35
172400	0.34	0.43	0.43	0	0	0.34
172500	0.34	0.43	0.43	0	0	0.34
172600	0.34	0.43	0.43	0	0	0.34
172700	0.35	0.43	0.43	0	0	0.35
172800	0.35	0.43	0.43	0	0	0.35
172900	0.35	0.43	0.43	0	0	0.35
173000	0.35	0.43	0.43	0	0	0.35
173100	0.35	0.44	0.44	0	0	0.35
173200	0.35	0.44	0.44	0	0	0.35
173300	0.35	0.44	0.44	0	0	0.35
173400	0.35	0.44	0.44	0	0	0.35
173500	0.35	0.44	0.44	0	0	0.35
173600	0.35	0.44	0.44	0	0	0.35
173700	0.36	0.44	0.44	0	0	0.36
173800	0.36	0.43	0.43	0	0	0.36
173900	0.36	0.43	0.43	0	0	0.36
174000	0.36	0.43	0.43	0	0	0.36
174100	0.36	0.43	0.43	0	0	0.36
174200	0.36	0.43	0.43	0	0	0.36
174300	0.36	0.43	0.43	0	0	0.36
174400	0.36	0.43	0.43	0	0	0.36
174500	0.36	0.43	0.43	0	0	0.36
174600	0.36	0.43	0.43	0	0	0.36
174700	0.35	0.43	0.43	0	0	0.35
174800	0.36	0.43	0.43	0	0	0.36
174900	0.35	0.43	0.43	0	0	0.35
175000	0.32	0.43	0.43	0	0	0.32
175100	0.32	0.43	0.43	0	0	0.32
175200	0.32	0.43	0.43	0	0	0.32
175300	0.32	0.43	0.43	0	0	0.32
175400	0.33	0.43	0.43	0	0	0.33
175500	0.33	0.43	0.43	0	0	0.33
175600	0.33	0.43	0.43	0	0	0.33
175700	0.33	0.43	0.43	0	0	0.33
175800	0.33	0.43	0.43	0	0	0.33
175900	0.33	0.43	0.43	0	0	0.33
176000	0.33	0.43	0.43	0	0	0.33
176100	0.33	0.43	0.43	0	0	0.33
176200	0.33	0.43	0.43	0	0	0.33
176300	0.33	0.43	0.43	0	0	0.33
176400	0.33	0.43	0.43	0	0	0.33
176500	0.33	0.43	0.43	0	0	0.33
176600	0.33	0.43	0.43	0	0	0.33
176700	0.34	0.43	0.43	0	0	0.34
176800	0.34	0.44	0.44	0	0	0.34
176900	0.34	0.44	0.44	0	0	0.34
177000	0.33	0.44	0.44	0	0	0.33
177100	0.32	0.44	0.44	0	0	0.32
177200	0.32	0.44	0.44	0	0	0.32
177300	0.32	0.44	0.44	0	0	0.32
177400	0.32	0.44	0.44	0	0	0.32
177500	0.32	0.44	0.44	0	0	0.32
177600	0.32	0.44	0.44	0	0	0.32
177700	0.32	0.45	0.45	0	0	0.32
177800	0.32	0.44	0.44	0	0	0.32
177900	0.32	0.44	0.44	0	0	0.32
178000	0.32	0.44	0.44	0	0	0.32
178100	0.32	0.45	0.45	0	0	0.32
178200	0.32	0.45	0.45	0	0	0.32
178300	0.32	0.47	0.47	0	0	0.32
178400	0.32	0.47	0.47	0	0	0.32
178500	0.32	0.47	0.47	0	0	0.32
178600	0.32	0.47	0.47	0	0	0.32
178700	0.32	0.46	0.46	0	0	0.32
178800	0.32	0.47	0.47	0	0	0.32
178900	0.32	0.44	0.44	0	0	0.32
179000	0.32	0.43	0.43	0	0	0.32
179100	0.33	0.44	0.44	0	0	0.33
179200	0.33	0.44	0.44	0	0	0.33
179300	0.33	0.43	0.43	0	0	0.33
179400	0.33	0.43	0.43	0	0	0.33
179500	0.33	0.43	0.43	0	0	0.33
179600	0.33	0.42	0.42	0	0	0.33
179700	0.33	0.41	0.41	0	0	0.33
179800	0.33	0.41	0.41	0	0	0.33
179900	0.32	0.41	0.41	0	0	0.32
180000	0.32	0.41	0.41	0	0	0.32
180100	0.32	0.41	0.41	0	0	0.32
180200	0.32	0.41	0.41	0	0	0.32
180300	0.32	0.4	0.4	0	0	0.32
180400	0.33	0.42	0.42	0	0	0.33
180500	0.32	0.42	0.42	0	0	0.32
180600	0.32	0.42	0.42	0	0	0.32
180700	0.32	0.42	0.42	0	0	0.32
180800	0.32	0.42	0.42	0	0	0.32
180900	0.32	0.42	0.42	0	0	0.32
181000	0.32	0.42	0.42	0	0	0.32
181100	0.32	0.42	0.42	0	0	0.32
181200	0.32	0.43	0.43	0	0	0.32
181300	0.32	0.43	0.43	0	0	0.32
181400	0.32	0.43	0.43	0	0	0.32
181500	0.32	0.43	0.43	0	0	0.32
181600	0.32	0.43	0.43	0	0	0.32
181700	0.32	0.43	0.43	0	0	0.32
181800	0.32	0.43	0.43	0	0	0.32
181900	0.32	0.43	0.43	0	0	0.32
182000	0.32	0.43	0.43	0	0	0.32
182100	0.32	0.43	0.43	0	0	0.32
182200	0.32	0.42	0.42	0	0	0.32
182300	0.32	0.42	0.42	0	0	0.32
182400	0.32	0.42	0.42	0	0	0.32
182500	0.32	0.42	0.42	0	0	0.32
182600	0.32	0.42	0.42	0	0	0.32
182700	0.32	0.42	0.42	0	0	0.32
182800	0.33	0.42	0.42	0	0	0.33
182900	0.32	0.43	0.43	0	0	0.32
183000	0.32	0.42	0.42	0	0	0.32
183100	0.32	0.44	0.44	0	0	0.32
183200	0.32	0.44	0.44	0	0	0.32
183300	0.32	0.44	0.44	0	0	0.32
183400	0.32	0.44	0.44	0	0	0.32
183500	0.32	0.45	0.45	0	0	0.32
183600	0.32	0.44	0.44	0	0	0.32
183700	0.32	0.44	0.44	0	0	0.32
183800	0.32	0.44	0.44	0	0	0.32
183900	0.32	0.44	0.44	0	0	0.32
184000	0.32	0.44	0.44	0	0	0.32
184100	0.32	0.44	0.44	0	0	0.32
184200	0.32	0.44	0.44	0	0	0.32
184300	0.32	0.44	0.44	0	0	0.32
184400	0.32	0.44	0.44	0	0	0.32
184500	0.32	0.44	0.44	0	0	0.32
184600	0.32	0.44	0.44	0	0	0.32
184700	0.32	0.44	0.44	0	0	0.32
184800	0.32	0.44	0.44	0	0	0.32
184900	0.32	0.45	0.45	0	0	0.32
185000	0.32	0.45	0.45	0	0	0.32
185100	0.32	0.45	0.45	0	0	0.32
185200	0.32	0.45	0.45	0	0	0.32
185300	0.32	0.45	0.45	0	0	0.32
185400	0.32	0.46	0.46	0	0	0.32
185500	0.32	0.45	0.45	0	0	0.32
185600	0.33	0.45	0.45	0	0	0.33
185700	0.32	0.45	0.45	0	0	0.32
185800	0.32	0.45	0.45	0	0	0.32
185900	0.32	0.45	0.45	0	0	0.32
186000	0.32	0.45	0.45	0	0	0.32
186100	0.33	0.45	0.45	0	0	0.33
186200	0.34	0.45	0.45	0	0	0.34
186300	0.34	0.46	0.46	0	0	0.34
186400	0.34	0.46	0.46	0	0	0.34
186500	0.35	0.46	0.46	0	0	0.35
186600	0.35	0.45	0.45	0	0	0.35
186700	0.35	0.45	0.45	0	0	0.35
186800	0.35	0.45	0.45	0	0	0.35
186900	0.35	0.45	0.45	0	0	0.35
187000	0.35	0.45	0.45	0	0	0.35
187100	0.35	0.44	0.44	0	0	0.35
187200	0.36	0.44	0.44	0	0	0.36
187300	0.36	0.44	0.44	0	0	0.36
187400	0.36	0.44	0.44	0	0	0.36
187500	0.36	0.44	0.44	0	0	0.36
187600	0.36	0.44	0.44	0	0	0.36
187700	0.36	0.44	0.44	0	0	0.36
187800	0.36	0.44	0.44	0	0	0.36
187900	0.37	0.44	0.44	0	0	0.37
188000	0.37	0.44	0.44	0	0	0.37
188100	0.37	0.44	0.44	0	0	0.37
188200	0.37	0.44	0.44	0	0	0.37
188300	0.37	0.44	0.44	0	0	0.37
188400	0.37	0.44	0.44	0	0	0.37
188500	0.36	0.44	0.44	0	0	0.36
188600	0.36	0.45	0.45	0	0	0.36
188700	0.36	0.44	0.44	0	0	0.36
188800	0.37	0.44	0.44	0	0	0.37
188900	0.37	0.44	0.44	0	0	0.37
189000	0.37	0.44	0.44	0	0	0.37
189100	0.37	0.45	0.45	0	0	0.37
189200	0.37	0.44	0.44	0	0	0.37
189300	0.37	0.44	0.44	0	0	0.37
189400	0.37	0.44	0.44	0	0	0.37
189500	0.37	0.44	0.44	0	0	0.37
189600	0.37	0.45	0.45	0	0	0.37
189700	0.37	0.45	0.45	0	0	0.37
189800	0.37	0.45	0.45	0	0	0.37
189900	0.37	0.45	0.45	0	0	0.37
190000	0.37	0.45	0.45	0	0	0.37
190100	0.38	0.45	0.45	0	0	0.38
190200	0.38	0.45	0.45	0	0	0.38
190300	0.38	0.45	0.45	0	0	0.38
190400	0.38	0.45	0.45	0	0	0.38
190500	0.38	0.45	0.45	0	0	0.38
190600	0.38	0.45	0.45	0	0	0.38
190700	0.38	0.45	0.45	0	0	0.38
190800	0.38	0.45	0.45	0	0	0.38
190900	0.38	0.45	0.45	0	0	0.38
191000	0.38	0.45	0.45	0	0	0.38
191100	0.38	0.45	0.45	0	0	0.38
191200	0.38	0.45	0.45	0	0	0.38
191300	0.38	0.45	0.45	0	0	0.38
191400	0.38	0.45	0.45	0	0	0.38
191500	0.38	0.45	0.45	0	0	0.38
191600	0.38	0.45	0.45	0	0	0.38
191700	0.38	0.46	0.46	0	0	0.38
191800	0.38	0.46	0.46	0	0	0.38
191900	0.38	0.46	0.46	0	0	0.38
192000	0.38	0.46	0.46	0	0	0.38
192100	0.38	0.46	0.46	0	0	0.38
192200	0.38	0.46	0.46	0	0	0.38
192300	0.39	0.46	0.46	0	0	0.39
192400	0.38	0.46	0.46	0	0	0.38
192500	0.38	0.47	0.47	0	0	0.38
192600	0.38	0.47	0.47	0	0	0.38
192700	0.38	0.47	0.47	0	0	0.38
192800	0.38	0.47	0.47	0	0	0.38
192900	0.38	0.47	0.47	0	0	0.38
193000	0.38	0.47	0.47	0	0	0.38
193100	0.38	0.47	0.47	0	0	0.38
193200	0.38	0.46	0.46	0	0	0.38
193300	0.38	0.46	0.46	0	0	0.38
193400	0.38	0.46	0.46	0	0	0.38
193500	0.38	0.46	0.46	0	0	0.38
193600	0.38	0.46	0.46	0	0	0.38
193700	0.38	0.46	0.46	0	0	0.38
193800	0.38	0.46	0.46	0	0	0.38
193900	0.38	0.47	0.47	0	0	0.38
194000	0.38	0.47	0.47	0	0	0.38
194100	0.38	0.47	0.47	0	0	0.38
194200	0.38	0.47	0.47	0	0	0.38
194300	0.38	0.47	0.47	0	0	0.38
194400	0.38	0.47	0.47	0	0	0.38
194500	0.39	0.47	0.47	0	0	0.39
194600	0.39	0.47	0.47	0	0	0.39
194700	0.39	0.47	0.47	0	0	0.39
194800	0.39	0.48	0.48	0	0	0.39
194900	0.39	0.5	0.5	0	0	0.39
195000	0.39	0.49	0.49	0	0	0.39
195100	0.39	0.49	0.49	0	0	0.39
195200	0.38	0.49	0.49	0	0	0.38
195300	0.38	0.49	0.49	0	0	0.38
195400	0.38	0.49	0.49	0	0	0.38
195500	0.38	0.49	0.49	0	0	0.38
195600	0.38	0.48	0.48	0	0	0.38
195700	0.38	0.49	0.49	0	0	0.38
195800	0.38	0.49	0.49	0	0	0.38
195900	0.38	0.49	0.49	0	0	0.38
196000	0.38	0.49	0.49	0	0	0.38
196100	0.38	0.49	0.49	0	0	0.38
196200	0.38	0.49	0.49	0	0	0.38
196300	0.38	0.49	0.49	0	0	0.38
196400	0.38	0.49	0.49	0	0	0.38
196500	0.38	0.49	0.49	0	0	0.38
196600	0.38	0.48	0.48	0	0	0.38
196700	0.38	0.48	0.48	0	0	0.38
196800	0.38	0.48	0.48	0	0	0.38
196900	0.38	0.48	0.48	0	0	0.38
197000	0.38	0.48	0.48	0	0	0.38
197100	0.38	0.47	0.47	0	0	0.38
197200	0.39	0.46	0.46	0	0	0.39
197300	0.38	0.45	0.45	0	0	0.38
197400	0.38	0.44	0.44	0	0	0.38
197500	0.38	0.44	0.44	0	0	0.38
197600	0.38	0.44	0.44	0	0	0.38
197700	0.38	0.44	0.44	0	0	0.38
197800	0.38	0.44	0.44	0	0	0.38
197900	0.38	0.45	0.45	0	0	0.38
198000	0.38	0.45	0.45	0	0	0.38
198100	0.38	0.45	0.45	0	0	0.38
198200	0.38	0.45	0.45	0	0	0.38
198300	0.39	0.44	0.44	0	0	0.39
198400	0.39	0.44	0.44	0	0	0.39
198500	0.38	0.44	0.44	0	0	0.38
198600	0.38	0.44	0.44	0	0	0.38
198700	0.38	0.44	0.44	0	0	0.38
198800	0.38	0.44	0.44	0	0	0.38
198900	0.38	0.44	0.44	0	0	0.38
199000	0.38	0.44	0.44	0	0	0.38
199100	0.38	0.44	0.44	0	0	0.38
199200	0.39	0.44	0.44	0	0	0.39
199300	0.39	0.44	0.44	0	0	0.39
199400	0.38	0.44	0.44	0	0	0.38
199500	0.38	0.43	0.43	0	0	0.38
199600	0.39	0.43	0.43	0	0	0.39
199700	0.38	0.43	0.43	0	0	0.38
199800	0.38	0.43	0.43	0	0	0.38
199900	0.38	0.43	0.43	0	0	0.38
200000	0.38	0.43	0.43	0	0	0.38
200100	0.38	0.43	0.43	0	0	0.38
200200	0.38	0.43	0.43	0	0	0.38
200300	0.38	0.43	0.43	0	0	0.38
200400	0.38	0.42	0.42	0	0	0.38
200500	0.38	0.42	0.42	0	0	0.38
200600	0.38	0.42	0.42	0	0	0.38
200700	0.38	0.42	0.42	0	0	0.38
200800	0.38	0.41	0.41	0	0	0.38
200900	0.39	0.41	0.41	0	0	0.39
201000	0.39	0.41	0.41	0	0	0.39
201100	0.39	0.41	0.41	0	0	0.39
201200	0.39	0.41	0.41	0	0	0.39
201300	0.39	0.42	0.42	0	0	0.39
201400	0.4	0.42	0.42	0	0	0.4
201500	0.4	0.42	0.42	0	0	0.4
201600	0.39	0.41	0.41	0	0	0.39
201700	0.39	0.41	0.41	0	0	0.39
201800	0.39	0.41	0.41	0	0	0.39
201900	0.39	0.41	0.41	0	0	0.39
202000	0.38	0.41	0.41	0	0	0.38
202100	0.39	0.41	0.41	0	0	0.39
202200	0.38	0.41	0.41	0	0	0.38
202300	0.38	0.41	0.41	0	0	0.38
202400	0.38	0.42	0.42	0	0	0.38
202500	0.38	0.42	0.42	0	0	0.38
202600	0.38	0.42	0.42	0	0	0.38
202700	0.36	0.42	0.42	0	0	0.36
202800	0.36	0.42	0.42	0	0	0.36
202900	0.36	0.42	0.42	0	0	0.36
203000	0.36	0.42	0.42	0	0	0.36
203100	0.35	0.42	0.42	0	0	0.35
203200	0.35	0.42	0.42	0	0	0.35
203300	0.35	0.42	0.42	0	0	0.35
203400	0.35	0.41	0.41	0	0	0.35
203500	0.35	0.41	0.41	0	0	0.35
203600	0.36	0.41	0.41	0	0	0.36
203700	0.35	0.41	0.41	0	0	0.35
203800	0.35	0.41	0.41	0	0	0.35
203900	0.35	0.41	0.41	0	0	0.35
204000	0.35	0.41	0.41	0	0	0.35
204100	0.35	0.41	0.41	0	0	0.35
204200	0.35	0.41	0.41	0	0	0.35
204300	0.35	0.41	0.41	0	0	0.35
204400	0.35	0.41	0.41	0	0	0.35
204500	0.35	0.41	0.41	0	0	0.35
204600	0.36	0.41	0.41	0	0	0.36
204700	0.36	0.41	0.41	0	0	0.36
204800	0.36	0.41	0.41	0	0	0.36
204900	0.36	0.42	0.42	0	0	0.36
205000	0.36	0.42	0.42	0	0	0.36
205100	0.37	0.42	0.42	0	0	0.37
205200	0.37	0.42	0.42	0	0	0.37
205300	0.37	0.43	0.43	0	0	0.37
205400	0.37	0.44	0.44	0	0	0.37
205500	0.37	0.44	0.44	0	0	0.37
205600	0.37	0.45	0.45	0	0	0.37
205700	0.37	0.45	0.45	0	0	0.37
205800	0.37	0.43	0.43	0	0	0.37
205900	0.37	0.43	0.43	0	0	0.37
206000	0.37	0.43	0.43	0	0	0.37
206100	0.36	0.43	0.43	0	0	0.36
206200	0.36	0.43	0.43	0	0	0.36
206300	0.36	0.43	0.43	0	0	0.36
206400	0.36	0.43	0.43	0	0	0.36
206500	0.36	0.43	0.43	0	0	0.36
206600	0.36	0.42	0.42	0	0	0.36
206700	0.36	0.43	0.43	0	0	0.36
206800	0.36	0.43	0.43	0	0	0.36
206900	0.36	0.43	0.43	0	0	0.36
207000	0.36	0.43	0.43	0	0	0.36
207100	0.36	0.43	0.43	0	0	0.36
207200	0.36	0.43	0.43	0	0	0.36
207300	0.36	0.43	0.43	0	0	0.36
207400	0.36	0.43	0.43	0	0	0.36
207500	0.36	0.44	0.44	0	0	0.36
207600	0.36	0.44	0.44	0	0	0.36
207700	0.36	0.44	0.44	0	0	0.36
207800	0.36	0.44	0.44	0	0	0.36
207900	0.36	0.44	0.44	0	0	0.36
208000	0.37	0.44	0.44	0	0	0.37
208100	0.37	0.44	0.44	0	0	0.37
208200	0.36	0.44	0.44	0	0	0.36
208300	0.36	0.44	0.44	0	0	0.36
208400	0.36	0.44	0.44	0	0	0.36
208500	0.36	0.44	0.44	0	0	0.36
208600	0.36	0.44	0.44	0	0	0.36
208700	0.36	0.44	0.44	0	0	0.36
208800	0.36	0.45	0.45	0	0	0.36
208900	0.36	0.44	0.44	0	0	0.36
209000	0.36	0.44	0.44	0	0	0.36
209100	0.36	0.44	0.44	0	0	0.36
209200	0.36	0.44	0.44	0	0	0.36
209300	0.36	0.44	0.44	0	0	0.36
209400	0.36	0.44	0.44	0	0	0.36
209500	0.36	0.45	0.45	0	0	0.36
209600	0.36	0.44	0.44	0	0	0.36
209700	0.36	0.44	0.44	0	0	0.36
209800	0.36	0.45	0.45	0	0	0.36
209900	0.36	0.45	0.45	0	0	0.36
210000	0.36	0.45	0.45	0	0	0.36
210100	0.36	0.45	0.45	0	0	0.36
210200	0.36	0.46	0.46	0	0	0.36
210300	0.36	0.45	0.45	0	0	0.36
210400	0.36	0.45	0.45	0	0	0.36
210500	0.36	0.45	0.45	0	0	0.36
210600	0.36	0.44	0.44	0	0	0.36
210700	0.36	0.44	0.44	0	0	0.36
210800	0.37	0.44	0.44	0	0	0.37
210900	0.36	0.44	0.44	0	0	0.36
211000	0.36	0.44	0.44	0	0	0.36
211100	0.36	0.45	0.45	0	0	0.36
211200	0.36	0.46	0.46	0	0	0.36
211300	0.36	0.44	0.44	0	0	0.36
211400	0.36	0.43	0.43	0	0	0.36
211500	0.36	0.43	0.43	0	0	0.36
211600	0.36	0.43	0.43	0	0	0.36
211700	0.36	0.43	0.43	0	0	0.36
211800	0.36	0.43	0.43	0	0	0.36
211900	0.36	0.43	0.43	0	0	0.36
212000	0.36	0.43	0.43	0	0	0.36
212100	0.36	0.43	0.43	0	0	0.36
212200	0.36	0.44	0.44	0	0	0.36
212300	0.36	0.44	0.44	0	0	0.36
212400	0.36	0.44	0.44	0	0	0.36
212500	0.36	0.44	0.44	0	0	0.36
212600	0.36	0.44	0.44	0	0	0.36
212700	0.36	0.45	0.45	0	0	0.36
212800	0.36	0.45	0.45	0	0	0.36
212900	0.36	0.45	0.45	0	0	0.36
213000	0.36	0.45	0.45	0	0	0.36
213100	0.36	0.45	0.45	0	0	0.36
213200	0.36	0.45	0.45	0	0	0.36
213300	0.36	0.45	0.45	0	0	0.36
213400	0.36	0.45	0.45	0	0	0.36
213500	0.36	0.45	0.45	0	0	0.36
213600	0.37	0.45	0.45	0	0	0.37
213700	0.36	0.45	0.45	0	0	0.36
213800	0.36	0.45	0.45	0	0	0.36
213900	0.36	0.45	0.45	0	0	0.36
214000	0.36	0.45	0.45	0	0	0.36
214100	0.36	0.45	0.45	0	0	0.36
214200	0.36	0.46	0.46	0	0	0.36
214300	0.36	0.46	0.46	0	0	0.36
214400	0.36	0.46	0.46	0	0	0.36
214500	0.36	0.46	0.46	0	0	0.36
214600	0.36	0.46	0.46	0	0	0.36
214700	0.36	0.46	0.46	0	0	0.36
214800	0.36	0.46	0.46	0	0	0.36
214900	0.37	0.46	0.46	0	0	0.37
215000	0.37	0.46	0.46	0	0	0.37
215100	0.36	0.46	0.46	0	0	0.36
215200	0.36	0.46	0.46	0	0	0.36
215300	0.36	0.46	0.46	0	0	0.36
215400	0.37	0.46	0.46	0	0	0.37
215500	0.37	0.46	0.46	0	0	0.37
215600	0.36	0.46	0.46	0	0	0.36
215700	0.36	0.46	0.46	0	0	0.36
215800	0.36	0.46	0.46	0	0	0.36
215900	0.36	0.46	0.46	0	0	0.36
216000	0.36	0.46	0.46	0	0	0.36
216100	0.36	0.46	0.46	0	0	0.36
216200	0.36	0.46	0.46	0	0	0.36
216300	0.36	0.46	0.46	0	0	0.36
216400	0.36	0.46	0.46	0	0	0.36
216500	0.36	0.46	0.46	0	0	0.36
216600	0.36	0.46	0.46	0	0	0.36
216700	0.36	0.47	0.47	0	0	0.36
216800	0.36	0.47	0.47	0	0	0.36
216900	0.36	0.47	0.47	0	0	0.36
217000	0.37	0.47	0.47	0	0	0.37
217100	0.37	0.46	0.46	0	0	0.37
217200	0.37	0.46	0.46	0	0	0.37
217300	0.36	0.46	0.46	0	0	0.36
217400	0.36	0.46	0.46	0	0	0.36
217500	0.36	0.46	0.46	0	0	0.36
217600	0.36	0.46	0.46	0	0	0.36
217700	0.36	0.47	0.47	0	0	0.36
217800	0.36	0.46	0.46	0	0	0.36
217900	0.36	0.46	0.46	0	0	0.36
218000	0.36	0.46	0.46	0	0	0.36
218100	0.36	0.46	0.46	0	0	0.36
218200	0.35	0.46	0.46	0	0	0.35
218300	0.35	0.46	0.46	0	0	0.35
218400	0.35	0.46	0.46	0	0	0.35
218500	0.35	0.46	0.46	0	0	0.35
218600	0.35	0.46	0.46	0	0	0.35
218700	0.35	0.46	0.46	0	0	0.35
218800	0.35	0.46	0.46	0	0	0.35
218900	0.35	0.46	0.46	0	0	0.35
219000	0.35	0.46	0.46	0	0	0.35
219100	0.35	0.46	0.46	0	0	0.35
219200	0.35	0.46	0.46	0	0	0.35
219300	0.35	0.46	0.46	0	0	0.35
219400	0.35	0.46	0.46	0	0	0.35
219500	0.36	0.46	0.46	0	0	0.36
219600	0.36	0.46	0.46	0	0	0.36
219700	0.35	0.46	0.46	0	0	0.35
219800	0.35	0.46	0.46	0	0	0.35
219900	0.35	0.46	0.46	0	0	0.35
220000	0.35	0.46	0.46	0	0	0.35
220100	0.35	0.46	0.46	0	0	0.35
220200	0.35	0.46	0.46	0	0	0.35
220300	0.35	0.46	0.46	0	0	0.35
220400	0.35	0.46	0.46	0	0	0.35
220500	0.35	0.46	0.46	0	0	0.35
220600	0.36	0.45	0.45	0	0	0.36
220700	0.36	0.45	0.45	0	0	0.36
220800	0.37	0.45	0.45	0	0	0.37
220900	0.37	0.45	0.45	0	0	0.37
221000	0.36	0.46	0.46	0	0	0.36
221100	0.36	0.45	0.45	0	0	0.36
221200	0.36	0.45	0.45	0	0	0.36
221300	0.37	0.45	0.45	0	0	0.37
221400	0.37	0.45	0.45	0	0	0.37
221500	0.36	0.45	0.45	0	0	0.36
221600	0.36	0.45	0.45	0	0	0.36
221700	0.36	0.45	0.45	0	0	0.36
221800	0.36	0.46	0.46	0	0	0.36
221900	0.36	0.46	0.46	0	0	0.36
222000	0.36	0.46	0.46	0	0	0.36
222100	0.36	0.46	0.46	0	0	0.36
222200	0.36	0.46	0.46	0	0	0.36
222300	0.36	0.46	0.46	0	0	0.36
222400	0.36	0.47	0.47	0	0	0.36
222500	0.36	0.47	0.47	0	0	0.36
222600	0.36	0.47	0.47	0	0	0.36
222700	0.36	0.47	0.47	0	0	0.36
222800	0.36	0.47	0.47	0	0	0.36
222900	0.36	0.47	0.47	0	0	0.36
223000	0.36	0.47	0.47	0	0	0.36
223100	0.36	0.47	0.47	0	0	0.36
223200	0.36	0.46	0.46	0	0	0.36
223300	0.36	0.46	0.46	0	0	0.36
223400	0.36	0.46	0.46	0	0	0.36
223500	0.36	0.46	0.46	0	0	0.36
223600	0.36	0.46	0.46	0	0	0.36
223700	0.36	0.46	0.46	0	0	0.36
223800	0.36	0.46	0.46	0	0	0.36
223900	0.36	0.46	0.46	0	0	0.36
224000	0.36	0.46	0.46	0	0	0.36
224100	0.36	0.46	0.46	0	0	0.36
224200	0.36	0.46	0.46	0	0	0.36
224300	0.36	0.46	0.46	0	0	0.36
224400	0.36	0.46	0.46	0	0	0.36
224500	0.36	0.46	0.46	0	0	0.36
224600	0.36	0.46	0.46	0	0	0.36
224700	0.36	0.47	0.47	0	0	0.36
224800	0.36	0.47	0.47	0	0	0.36
224900	0.36	0.47	0.47	0	0	0.36
225000	0.36	0.47	0.47	0	0	0.36
225100	0.36	0.47	0.47	0	0	0.36
225200	0.36	0.47	0.47	0	0	0.36
225300	0.36	0.47	0.47	0	0	0.36
225400	0.36	0.47	0.47	0	0	0.36
225500	0.36	0.47	0.47	0	0	0.36
225600	0.36	0.47	0.47	0	0	0.36
225700	0.36	0.47	0.47	0	0	0.36
225800	0.36	0.47	0.47	0	0	0.36
225900	0.36	0.47	0.47	0	0	0.36
226000	0.36	0.47	0.47	0	0	0.36
226100	0.36	0.47	0.47	0	0	0.36
226200	0.36	0.48	0.48	0	0	0.36
226300	0.36	0.47	0.47	0	0	0.36
226400	0.36	0.47	0.47	0	0	0.36
226500	0.36	0.47	0.47	0	0	0.36
226600	0.36	0.47	0.47	0	0	0.36
226700	0.36	0.47	0.47	0	0	0.36
226800	0.36	0.47	0.47	0	0	0.36
226900	0.36	0.47	0.47	0	0	0.36
227000	0.36	0.47	0.47	0	0	0.36
227100	0.36	0.47	0.47	0	0	0.36
227200	0.36	0.47	0.47	0	0	0.36
227300	0.36	0.47	0.47	0	0	0.36
227400	0.36	0.47	0.47	0	0	0.36
227500	0.36	0.47	0.47	0	0	0.36
227600	0.36	0.47	0.47	0	0	0.36
227700	0.36	0.47	0.47	0	0	0.36
227800	0.36	0.47	0.47	0	0	0.36
227900	0.36	0.47	0.47	0	0	0.36
228000	0.36	0.47	0.47	0	0	0.36
228100	0.36	0.47	0.47	0	0	0.36
228200	0.36	0.47	0.47	0	0	0.36
228300	0.36	0.47	0.47	0	0	0.36
228400	0.36	0.47	0.47	0	0	0.36
228500	0.36	0.47	0.47	0	0	0.36
228600	0.36	0.47	0.47	0	0	0.36
228700	0.36	0.47	0.47	0	0	0.36
228800	0.36	0.47	0.47	0	0	0.36
228900	0.36	0.47	0.47	0	0	0.36
229000	0.36	0.47	0.47	0	0	0.36
229100	0.36	0.47	0.47	0	0	0.36
229200	0.36	0.47	0.47	0	0	0.36
229300	0.36	0.47	0.47	0	0	0.36
229400	0.36	0.47	0.47	0	0	0.36
229500	0.36	0.47	0.47	0	0	0.36
229600	0.36	0.47	0.47	0	0	0.36
229700	0.36	0.47	0.47	0	0	0.36
229800	0.36	0.47	0.47	0	0	0.36
229900	0.36	0.47	0.47	0	0	0.36
230000	0.36	0.47	0.47	0	0	0.36
230100	0.36	0.47	0.47	0	0	0.36
230200	0.36	0.47	0.47	0	0	0.36
230300	0.36	0.47	0.47	0	0	0.36
230400	0.36	0.47	0.47	0	0	0.36
230500	0.36	0.47	0.47	0	0	0.36
230600	0.36	0.47	0.47	0	0	0.36
230700	0.36	0.47	0.47	0	0	0.36
230800	0.36	0.48	0.48	0	0	0.36
230900	0.36	0.47	0.47	0	0	0.36
231000	0.36	0.47	0.47	0	0	0.36
231100	0.36	0.47	0.47	0	0	0.36
231200	0.36	0.47	0.47	0	0	0.36
231300	0.36	0.47	0.47	0	0	0.36
231400	0.36	0.47	0.47	0	0	0.36
231500	0.36	0.47	0.47	0	0	0.36
231600	0.36	0.47	0.47	0	0	0.36
231700	0.37	0.47	0.47	0	0	0.37
231800	0.37	0.47	0.47	0	0	0.37
231900	0.37	0.48	0.48	0	0	0.37
232000	0.37	0.48	0.48	0	0	0.37
232100	0.37	0.48	0.48	0	0	0.37
232200	0.37	0.48	0.48	0	0	0.37
232300	0.37	0.48	0.48	0	0	0.37
232400	0.37	0.48	0.48	0	0	0.37
232500	0.37	0.48	0.48	0	0	0.37
232600	0.37	0.48	0.48	0	0	0.37
232700	0.37	0.48	0.48	0	0	0.37
232800	0.37	0.48	0.48	0	0	0.37
232900	0.37	0.48	0.48	0	0	0.37
233000	0.37	0.48	0.48	0	0	0.37
233100	0.37	0.48	0.48	0	0	0.37
233200	0.37	0.48	0.48	0	0	0.37
233300	0.37	0.48	0.48	0	0	0.37
233400	0.37	0.48	0.48	0	0	0.37
233500	0.37	0.48	0.48	0	0	0.37
233600	0.37	0.48	0.48	0	0	0.37
233700	0.37	0.48	0.48	0	0	0.37
233800	0.37	0.48	0.48	0	0	0.37
233900	0.37	0.48	0.48	0	0	0.37
234000	0.37	0.48	0.48	0	0	0.37
234100	0.37	0.48	0.48	0	0	0.37
234200	0.37	0.48	0.48	0	0	0.37
234300	0.37	0.48	0.48	0	0	0.37
234400	0.37	0.48	0.48	0	0	0.37
234500	0.37	0.48	0.48	0	0	0.37
234600	0.37	0.48	0.48	0	0	0.37
234700	0.37	0.48	0.48	0	0	0.37
234800	0.37	0.48	0.48	0	0	0.37
234900	0.37	0.48	0.48	0	0	0.37
235000	0.37	0.48	0.48	0	0	0.37
235100	0.37	0.48	0.48	0	0	0.37
235200	0.37	0.48	0.48	0	0	0.37
235300	0.37	0.48	0.48	0	0	0.37
235400	0.37	0.48	0.48	0	0	0.37
235500	0.37	0.48	0.48	0	0	0.37
235600	0.37	0.48	0.48	0	0	0.37
235700	0.37	0.48	0.48	0	0	0.37
235800	0.37	0.48	0.48	0	0	0.37
235900	0.37	0.48	0.48	0	0	0.37
236000	0.37	0.48	0.48	0	0	0.37
236100	0.37	0.48	0.48	0	0	0.37
236200	0.37	0.48	0.48	0	0	0.37
236300	0.37	0.48	0.48	0	0	0.37
236400	0.37	0.48	0.48	0	0	0.37
236500	0.37	0.48	0.48	0	0	0.37
236600	0.37	0.48	0.48	0	0	0.37
236700	0.37	0.48	0.48	0	0	0.37
236800	0.37	0.48	0.48	0	0	0.37
236900	0.37	0.48	0.48	0	0	0.37
237000	0.38	0.48	0.48	0	0	0.38
237100	0.37	0.48	0.48	0	0	0.37
237200	0.37	0.48	0.48	0	0	0.37
237300	0.37	0.48	0.48	0	0	0.37
237400	0.37	0.48	0.48	0	0	0.37
237500	0.37	0.48	0.48	0	0	0.37
237600	0.37	0.48	0.48	0	0	0.37
237700	0.37	0.48	0.48	0	0	0.37
237800	0.37	0.48	0.48	0	0	0.37
237900	0.37	0.49	0.49	0	0	0.37
238000	0.37	0.48	0.48	0	0	0.37
238100	0.37	0.48	0.48	0	0	0.37
238200	0.37	0.48	0.48	0	0	0.37
238300	0.37	0.48	0.48	0	0	0.37
238400	0.37	0.48	0.48	0	0	0.37
238500	0.37	0.48	0.48	0	0	0.37
238600	0.37	0.48	0.48	0	0	0.37
238700	0.37	0.48	0.48	0	0	0.37
238800	0.37	0.48	0.48	0	0	0.37
238900	0.37	0.48	0.48	0	0	0.37
239000	0.37	0.48	0.48	0	0	0.37
239100	0.37	0.48	0.48	0	0	0.37
239200	0.37	0.48	0.48	0	0	0.37
239300	0.37	0.48	0.48	0	0	0.37
239400	0.37	0.48	0.48	0	0	0.37
239500	0.37	0.48	0.48	0	0	0.37
239600	0.37	0.48	0.48	0	0	0.37
239700	0.37	0.48	0.48	0	0	0.37
239800	0.37	0.48	0.48	0	0	0.37
239900	0.37	0.48	0.48	0	0	0.37
240000	0.37	0.48	0.48	0	0	0.37
240100	0.37	0.48	0.48	0	0	0.37
240200	0.37	0.48	0.48	0	0	0.37
240300	0.37	0.48	0.48	0	0	0.37
240400	0.37	0.48	0.48	0	0	0.37
240500	0.37	0.48	0.48	0	0	0.37
240600	0.37	0.49	0.49	0	0	0.37
240700	0.37	0.49	0.49	0	0	0.37
240800	0.37	0.48	0.48	0	0	0.37
240900	0.37	0.48	0.48	0	0	0.37
241000	0.38	0.48	0.48	0	0	0.38
241100	0.38	0.48	0.48	0	0	0.38
241200	0.38	0.48	0.48	0	0	0.38
241300	0.38	0.48	0.48	0	0	0.38
241400	0.38	0.48	0.48	0	0	0.38
241500	0.38	0.48	0.48	0	0	0.38
241600	0.38	0.48	0.48	0	0	0.38
241700	0.38	0.48	0.48	0	0	0.38
241800	0.38	0.49	0.49	0	0	0.38
241900	0.38	0.49	0.49	0	0	0.38
242000	0.38	0.49	0.49	0	0	0.38
242100	0.38	0.49	0.49	0	0	0.38
242200	0.38	0.49	0.49	0	0	0.38
242300	0.38	0.49	0.49	0	0	0.38
242400	0.38	0.49	0.49	0	0	0.38
242500	0.38	0.49	0.49	0	0	0.38
242600	0.38	0.49	0.49	0	0	0.38
242700	0.38	0.49	0.49	0	0	0.38
242800	0.38	0.49	0.49	0	0	0.38
242900	0.38	0.49	0.49	0	0	0.38
243000	0.38	0.49	0.49	0	0	0.38
243100	0.38	0.49	0.49	0	0	0.38
243200	0.38	0.49	0.49	0	0	0.38
243300	0.38	0.5	0.5	0	0	0.38
243400	0.38	0.5	0.5	0	0	0.38
243500	0.38	0.49	0.49	0	0	0.38
243600	0.38	0.49	0.49	0	0	0.38
243700	0.38	0.49	0.49	0	0	0.38
243800	0.38	0.49	0.49	0	0	0.38
243900	0.38	0.49	0.49	0	0	0.38
244000	0.38	0.49	0.49	0	0	0.38
244100	0.38	0.49	0.49	0	0	0.38
244200	0.38	0.49	0.49	0	0	0.38
244300	0.38	0.49	0.49	0	0	0.38
244400	0.38	0.49	0.49	0	0	0.38
244500	0.38	0.49	0.49	0	0	0.38
244600	0.38	0.49	0.49	0	0	0.38
244700	0.38	0.49	0.49	0	0	0.38
244800	0.38	0.49	0.49	0	0	0.38
244900	0.39	0.49	0.49	0	0	0.39
245000	0.39	0.49	0.49	0	0	0.39
245100	0.39	0.49	0.49	0	0	0.39
245200	0.39	0.49	0.49	0	0	0.39
245300	0.39	0.49	0.49	0	0	0.39
245400	0.39	0.49	0.49	0	0	0.39
245500	0.39	0.49	0.49	0	0	0.39
245600	0.39	0.49	0.49	0	0	0.39
245700	0.39	0.49	0.49	0	0	0.39
245800	0.39	0.49	0.49	0	0	0.39
245900	0.39	0.49	0.49	0	0	0.39
246000	0.39	0.49	0.49	0	0	0.39
246100	0.39	0.49	0.49	0	0	0.39
246200	0.39	0.49	0.49	0	0	0.39
246300	0.39	0.49	0.49	0	0	0.39
246400	0.39	0.49	0.49	0	0	0.39
246500	0.39	0.49	0.49	0	0	0.39
246600	0.39	0.49	0.49	0	0	0.39
246700	0.39	0.49	0.49	0	0	0.39
246800	0.39	0.49	0.49	0	0	0.39
246900	0.39	0.49	0.49	0	0	0.39
247000	0.39	0.49	0.49	0	0	0.39
247100	0.39	0.49	0.49	0	0	0.39
247200	0.39	0.49	0.49	0	0	0.39
247300	0.39	0.49	0.49	0	0	0.39
247400	0.39	0.49	0.49	0	0	0.39
247500	0.39	0.49	0.49	0	0	0.39
247600	0.39	0.49	0.49	0	0	0.39
247700	0.39	0.49	0.49	0	0	0.39
247800	0.39	0.49	0.49	0	0	0.39
247900	0.39	0.49	0.49	0	0	0.39
248000	0.39	0.49	0.49	0	0	0.39
248100	0.39	0.49	0.49	0	0	0.39
248200	0.39	0.49	0.49	0	0	0.39
248300	0.39	0.49	0.49	0	0	0.39
248400	0.39	0.49	0.49	0	0	0.39
248500	0.39	0.49	0.49	0	0	0.39
248600	0.39	0.49	0.49	0	0	0.39
248700	0.39	0.49	0.49	0	0	0.39
248800	0.39	0.49	0.49	0	0	0.39
248900	0.39	0.49	0.49	0	0	0.39
249000	0.39	0.49	0.49	0	0	0.39
249100	0.39	0.49	0.49	0	0	0.39
249200	0.39	0.49	0.49	0	0	0.39
249300	0.39	0.49	0.49	0	0	0.39
249400	0.39	0.49	0.49	0	0	0.39
249500	0.39	0.49	0.49	0	0	0.39
249600	0.39	0.49	0.49	0	0	0.39
249700	0.39	0.49	0.49	0	0	0.39
249800	0.39	0.49	0.49	0	0	0.39
249900	0.39	0.49	0.49	0	0	0.39
250000	0.39	0.49	0.49	0	0	0.39
250100	0.39	0.49	0.49	0	0	0.39
250200	0.39	0.49	0.49	0	0	0.39
250300	0.39	0.49	0.49	0	0	0.39
250400	0.39	0.49	0.49	0	0	0.39
250500	0.39	0.49	0.49	0	0	0.39
250600	0.39	0.49	0.49	0	0	0.39
250700	0.39	0.49	0.49	0	0	0.39
250800	0.39	0.49	0.49	0	0	0.39
250900	0.39	0.49	0.49	0	0	0.39
251000	0.39	0.49	0.49	0	0	0.39
251100	0.39	0.49	0.49	0	0	0.39
251200	0.39	0.49	0.49	0	0	0.39
251300	0.39	0.49	0.49	0	0	0.39
251400	0.39	0.49	0.49	0	0	0.39
251500	0.39	0.49	0.49	0	0	0.39
251600	0.39	0.49	0.49	0	0	0.39
251700	0.39	0.49	0.49	0	0	0.39
251800	0.39	0.49	0.49	0	0	0.39
251900	0.39	0.49	0.49	0	0	0.39
252000	0.39	0.49	0.49	0	0	0.39
252100	0.39	0.49	0.49	0	0	0.39
252200	0.39	0.49	0.49	0	0	0.39
252300	0.39	0.49	0.49	0	0	0.39
252400	0.39	0.49	0.49	0	0	0.39
252500	0.39	0.49	0.49	0	0	0.39
252600	0.39	0.49	0.49	0	0	0.39
252700	0.39	0.49	0.49	0	0	0.39
252800	0.39	0.49	0.49	0	0	0.39
252900	0.39	0.49	0.49	0	0	0.39
253000	0.39	0.49	0.49	0	0	0.39
253100	0.39	0.49	0.49	0	0	0.39
253200	0.39	0.49	0.49	0	0	0.39
253300	0.39	0.49	0.49	0	0	0.39
253400	0.39	0.49	0.49	0	0	0.39
253500	0.39	0.49	0.49	0	0	0.39
253600	0.39	0.49	0.49	0	0	0.39
253700	0.39	0.49	0.49	0	0	0.39
253800	0.39	0.49	0.49	0	0	0.39
253900	0.39	0.49	0.49	0	0	0.39
254000	0.39	0.49	0.49	0	0	0.39
254100	0.39	0.49	0.49	0	0	0.39
254200	0.39	0.49	0.49	0	0	0.39
254300	0.39	0.49	0.49	0	0	0.39
254400	0.39	0.49	0.49	0	0	0.39
254500	0.39	0.49	0.49	0	0	0.39
254600	0.39	0.49	0.49	0	0	0.39
254700	0.39	0.49	0.49	0	0	0.39
254800	0.39	0.49	0.49	0	0	0.39
254900	0.39	0.49	0.49	0	0	0.39
255000	0.39	0.49	0.49	0	0	0.39
255100	0.39	0.49	0.49	0	0	0.39
255200	0.39	0.49	0.49	0	0	0.39
255300	0.39	0.49	0.49	0	0	0.39
255400	0.39	0.49	0.49	0	0	0.39
255500	0.39	0.49	0.49	0	0	0.39
255600	0.39	0.49	0.49	0	0	0.39
255700	0.39	0.49	0.49	0	0	0.39
255800	0.39	0.49	0.49	0	0	0.39
255900	0.39	0.49	0.49	0	0	0.39
256000	0.39	0.49	0.49	0	0	0.39
256100	0.39	0.49	0.49	0	0	0.39
256200	0.39	0.49	0.49	0	0	0.39
256300	0.39	0.49	0.49	0	0	0.39
256400	0.39	0.49	0.49	0	0	0.39
256500	0.39	0.5	0.5	0	0	0.39
256600	0.39	0.5	0.5	0	0	0.39
256700	0.39	0.5	0.5	0	0	0.39
256800	0.39	0.5	0.5	0	0	0.39
256900	0.39	0.5	0.5	0	0	0.39
257000	0.39	0.5	0.5	0	0	0.39
257100	0.38	0.5	0.5	0	0	0.38
257200	0.38	0.49	0.49	0	0	0.38
257300	0.38	0.49	0.49	0	0	0.38
257400	0.38	0.49	0.49	0	0	0.38
257500	0.38	0.49	0.49	0	0	0.38
257600	0.38	0.49	0.49	0	0	0.38
257700	0.37	0.49	0.49	0	0	0.37
257800	0.37	0.49	0.49	0	0	0.37
257900	0.37	0.49	0.49	0	0	0.37
258000	0.37	0.49	0.49	0	0	0.37
258100	0.37	0.49	0.49	0	0	0.37
258200	0.37	0.49	0.49	0	0	0.37
258300	0.37	0.49	0.49	0	0	0.37
258400	0.37	0.49	0.49	0	0	0.37
258500	0.37	0.49	0.49	0	0	0.37
258600	0.37	0.49	0.49	0	0	0.37
258700	0.37	0.49	0.49	0	0	0.37
258800	0.37	0.49	0.49	0	0	0.37
258900	0.37	0.49	0.49	0	0	0.37
259000	0.37	0.49	0.49	0	0	0.37
259100	0.37	0.49	0.49	0	0	0.37
259200	0.37	0.49	0.49	0	0	0.37
259300	0.37	0.49	0.49	0	0	0.37
259400	0.37	0.49	0.49	0	0	0.37
259500	0.37	0.49	0.49	0	0	0.37
259600	0.37	0.49	0.49	0	0	0.37
259700	0.37	0.49	0.49	0	0	0.37
259800	0.37	0.49	0.49	0	0	0.37
259900	0.37	0.49	0.49	0	0	0.37
260000	0.37	0.5	0.5	0	0	0.37
260100	0.37	0.5	0.5	0	0	0.37
260200	0.37	0.5	0.5	0	0	0.37
260300	0.37	0.5	0.5	0	0	0.37
260400	0.37	0.5	0.5	0	0	0.37
260500	0.37	0.5	0.5	0	0	0.37
260600	0.37	0.5	0.5	0	0	0.37
260700	0.37	0.5	0.5	0	0	0.37
260800	0.37	0.5	0.5	0	0	0.37
260900	0.37	0.5	0.5	0	0	0.37
261000	0.37	0.5	0.5	0	0	0.37
261100	0.37	0.5	0.5	0	0	0.37
261200	0.37	0.5	0.5	0	0	0.37
261300	0.37	0.5	0.5	0	0	0.37
261400	0.37	0.5	0.5	0	0	0.37
261500	0.37	0.5	0.5	0	0	0.37
261600	0.37	0.5	0.5	0	0	0.37
261700	0.37	0.5	0.5	0	0	0.37
261800	0.37	0.51	0.51	0	0	0.37
261900	0.37	0.51	0.51	0	0	0.37
262000	0.37	0.5	0.5	0	0	0.37
262100	0.37	0.5	0.5	0	0	0.37
262200	0.37	0.5	0.5	0	0	0.37
262300	0.37	0.5	0.5	0	0	0.37
262400	0.37	0.5	0.5	0	0	0.37
262500	0.37	0.5	0.5	0	0	0.37
262600	0.37	0.5	0.5	0	0	0.37
262700	0.37	0.5	0.5	0	0	0.37
262800	0.37	0.5	0.5	0	0	0.37
262900	0.38	0.5	0.5	0	0	0.38
263000	0.38	0.5	0.5	0	0	0.38
263100	0.38	0.5	0.5	0	0	0.38
263200	0.38	0.5	0.5	0	0	0.38
263300	0.38	0.5	0.5	0	0	0.38
263400	0.38	0.5	0.5	0	0	0.38
263500	0.38	0.49	0.49	0	0	0.38
263600	0.38	0.49	0.49	0	0	0.38
263700	0.38	0.49	0.49	0	0	0.38
263800	0.4	0.5	0.5	0	0	0.4
263900	0.39	0.5	0.5	0	0	0.39
264000	0.39	0.5	0.5	0	0	0.39
264100	0.39	0.5	0.5	0	0	0.39
264200	0.39	0.5	0.5	0	0	0.39
264300	0.39	0.5	0.5	0	0	0.39
264400	0.39	0.5	0.5	0	0	0.39
264500	0.39	0.5	0.5	0	0	0.39
264600	0.39	0.5	0.5	0	0	0.39
264700	0.39	0.5	0.5	0	0	0.39
264800	0.39	0.5	0.5	0	0	0.39
264900	0.39	0.5	0.5	0	0	0.39
265000	0.39	0.5	0.5	0	0	0.39
265100	0.39	0.5	0.5	0	0	0.39
265200	0.39	0.5	0.5	0	0	0.39
265300	0.39	0.5	0.5	0	0	0.39
265400	0.39	0.5	0.5	0	0	0.39
265500	0.39	0.5	0.5	0	0	0.39
265600	0.39	0.5	0.5	0	0	0.39
265700	0.39	0.5	0.5	0	0	0.39
265800	0.39	0.5	0.5	0	0	0.39
265900	0.39	0.5	0.5	0	0	0.39
266000	0.39	0.5	0.5	0	0	0.39
266100	0.39	0.5	0.5	0	0	0.39
266200	0.39	0.5	0.5	0	0	0.39
266300	0.39	0.5	0.5	0	0	0.39
266400	0.39	0.5	0.5	0	0	0.39
266500	0.39	0.5	0.5	0	0	0.39
266600	0.39	0.5	0.5	0	0	0.39
266700	0.39	0.5	0.5	0	0	0.39
266800	0.39	0.5	0.5	0	0	0.39
266900	0.39	0.5	0.5	0	0	0.39
267000	0.39	0.5	0.5	0	0	0.39
267100	0.39	0.5	0.5	0	0	0.39
267200	0.39	0.5	0.5	0	0	0.39
267300	0.39	0.5	0.5	0	0	0.39
267400	0.39	0.5	0.5	0	0	0.39
267500	0.39	0.5	0.5	0	0	0.39
267600	0.39	0.5	0.5	0	0	0.39
267700	0.39	0.5	0.5	0	0	0.39
267800	0.39	0.5	0.5	0	0	0.39
267900	0.39	0.5	0.5	0	0	0.39
268000	0.39	0.5	0.5	0	0	0.39
268100	0.39	0.5	0.5	0	0	0.39
268200	0.39	0.5	0.5	0	0	0.39
268300	0.39	0.5	0.5	0	0	0.39
268400	0.39	0.5	0.5	0	0	0.39
268500	0.39	0.5	0.5	0	0	0.39
268600	0.39	0.5	0.5	0	0	0.39
268700	0.39	0.5	0.5	0	0	0.39
268800	0.39	0.5	0.5	0	0	0.39
268900	0.39	0.5	0.5	0	0	0.39
269000	0.39	0.5	0.5	0	0	0.39
269100	0.39	0.5	0.5	0	0	0.39
269200	0.39	0.5	0.5	0	0	0.39
269300	0.39	0.5	0.5	0	0	0.39
269400	0.39	0.5	0.5	0	0	0.39
269500	0.39	0.5	0.5	0	0	0.39
269600	0.39	0.5	0.5	0	0	0.39
269700	0.39	0.5	0.5	0	0	0.39
269800	0.39	0.5	0.5	0	0	0.39
269900	0.39	0.5	0.5	0	0	0.39
270000	0.39	0.51	0.51	0	0	0.39
270100	0.39	0.51	0.51	0	0	0.39
270200	0.39	0.51	0.51	0	0	0.39
270300	0.4	0.51	0.51	0	0	0.4
270400	0.4	0.51	0.51	0	0	0.4
270500	0.4	0.51	0.51	0	0	0.4
270600	0.4	0.51	0.51	0	0	0.4
270700	0.4	0.51	0.51	0	0	0.4
270800	0.4	0.51	0.51	0	0	0.4
270900	0.4	0.51	0.51	0	0	0.4
271000	0.4	0.51	0.51	0	0	0.4
271100	0.4	0.51	0.51	0	0	0.4
271200	0.4	0.51	0.51	0	0	0.4
271300	0.4	0.51	0.51	0	0	0.4
271400	0.4	0.51	0.51	0	0	0.4
271500	0.4	0.51	0.51	0	0	0.4
271600	0.4	0.51	0.51	0	0	0.4
271700	0.4	0.51	0.51	0	0	0.4
271800	0.4	0.51	0.51	0	0	0.4
271900	0.4	0.51	0.51	0	0	0.4
272000	0.4	0.51	0.51	0	0	0.4
272100	0.4	0.51	0.51	0	0	0.4
272200	0.4	0.51	0.51	0	0	0.4
272300	0.4	0.51	0.51	0	0	0.4
272400	0.39	0.51	0.51	0	0	0.39
272500	0.39	0.51	0.51	0	0	0.39
272600	0.39	0.51	0.51	0	0	0.39
272700	0.39	0.52	0.52	0	0	0.39
272800	0.39	0.51	0.51	0	0	0.39
272900	0.39	0.51	0.51	0	0	0.39
273000	0.39	0.51	0.51	0	0	0.39
273100	0.39	0.51	0.51	0	0	0.39
273200	0.39	0.51	0.51	0	0	0.39
273300	0.39	0.51	0.51	0	0	0.39
273400	0.39	0.51	0.51	0	0	0.39
273500	0.39	0.51	0.51	0	0	0.39
273600	0.39	0.51	0.51	0	0	0.39
273700	0.39	0.51	0.51	0	0	0.39
273800	0.39	0.51	0.51	0	0	0.39
273900	0.39	0.51	0.51	0	0	0.39
274000	0.39	0.51	0.51	0	0	0.39
274100	0.39	0.51	0.51	0	0	0.39
274200	0.39	0.51	0.51	0	0	0.39
274300	0.39	0.51	0.51	0	0	0.39
274400	0.39	0.51	0.51	0	0	0.39
274500	0.39	0.51	0.51	0	0	0.39
274600	0.39	0.51	0.51	0	0	0.39
274700	0.39	0.51	0.51	0	0	0.39
274800	0.39	0.51	0.51	0	0	0.39
274900	0.39	0.51	0.51	0	0	0.39
275000	0.39	0.51	0.51	0	0	0.39
275100	0.39	0.51	0.51	0	0	0.39
275200	0.39	0.51	0.51	0	0	0.39
275300	0.39	0.51	0.51	0	0	0.39
275400	0.39	0.51	0.51	0	0	0.39
275500	0.39	0.51	0.51	0	0	0.39
275600	0.39	0.51	0.51	0	0	0.39
275700	0.39	0.51	0.51	0	0	0.39
275800	0.39	0.51	0.51	0	0	0.39
275900	0.39	0.51	0.51	0	0	0.39
276000	0.39	0.51	0.51	0	0	0.39
276100	0.39	0.51	0.51	0	0	0.39
276200	0.39	0.51	0.51	0	0	0.39
276300	0.39	0.52	0.52	0	0	0.39
276400	0.39	0.51	0.51	0	0	0.39
276500	0.39	0.51	0.51	0	0	0.39
276600	0.39	0.51	0.51	0	0	0.39
276700	0.39	0.51	0.51	0	0	0.39
276800	0.39	0.51	0.51	0	0	0.39
276900	0.39	0.51	0.51	0	0	0.39
277000	0.39	0.51	0.51	0	0	0.39
277100	0.39	0.51	0.51	0	0	0.39
277200	0.39	0.51	0.51	0	0	0.39
277300	0.39	0.51	0.51	0	0	0.39
277400	0.39	0.51	0.51	0	0	0.39
277500	0.39	0.51	0.51	0	0	0.39
277600	0.39	0.51	0.51	0	0	0.39
277700	0.39	0.51	0.51	0	0	0.39
277800	0.39	0.51	0.51	0	0	0.39
277900	0.39	0.51	0.51	0	0	0.39
278000	0.39	0.51	0.51	0	0	0.39
278100	0.39	0.51	0.51	0	0	0.39
278200	0.39	0.5	0.5	0	0	0.39
278300	0.39	0.5	0.5	0	0	0.39
278400	0.39	0.5	0.5	0	0	0.39
278500	0.39	0.5	0.5	0	0	0.39
278600	0.39	0.5	0.5	0	0	0.39
278700	0.39	0.5	0.5	0	0	0.39
278800	0.39	0.5	0.5	0	0	0.39
278900	0.39	0.5	0.5	0	0	0.39
279000	0.39	0.51	0.51	0	0	0.39
279100	0.39	0.5	0.5	0	0	0.39
279200	0.39	0.5	0.5	0	0	0.39
279300	0.39	0.5	0.5	0	0	0.39
279400	0.39	0.5	0.5	0	0	0.39
279500	0.39	0.5	0.5	0	0	0.39
279600	0.39	0.5	0.5	0	0	0.39
279700	0.39	0.5	0.5	0	0	0.39
279800	0.39	0.5	0.5	0	0	0.39
279900	0.39	0.5	0.5	0	0	0.39
280000	0.39	0.5	0.5	0	0	0.39
280100	0.39	0.5	0.5	0	0	0.39
280200	0.39	0.5	0.5	0	0	0.39
280300	0.39	0.5	0.5	0	0	0.39
280400	0.39	0.5	0.5	0	0	0.39
280500	0.39	0.5	0.5	0	0	0.39
280600	0.39	0.5	0.5	0	0	0.39
280700	0.39	0.5	0.5	0	0	0.39
280800	0.39	0.5	0.5	0	0	0.39
280900	0.39	0.5	0.5	0	0	0.39
281000	0.39	0.5	0.5	0	0	0.39
281100	0.39	0.5	0.5	0	0	0.39
281200	0.39	0.5	0.5	0	0	0.39
281300	0.39	0.5	0.5	0	0	0.39
281400	0.4	0.5	0.5	0	0	0.4
281500	0.4	0.5	0.5	0	0	0.4
281600	0.39	0.5	0.5	0	0	0.39
281700	0.39	0.5	0.5	0	0	0.39
281800	0.39	0.5	0.5	0	0	0.39
281900	0.39	0.5	0.5	0	0	0.39
282000	0.39	0.5	0.5	0	0	0.39
282100	0.39	0.5	0.5	0	0	0.39
282200	0.39	0.5	0.5	0	0	0.39
282300	0.39	0.5	0.5	0	0	0.39
282400	0.39	0.5	0.5	0	0	0.39
282500	0.39	0.5	0.5	0	0	0.39
282600	0.39	0.5	0.5	0	0	0.39
282700	0.39	0.5	0.5	0	0	0.39
282800	0.39	0.5	0.5	0	0	0.39
282900	0.39	0.5	0.5	0	0	0.39
283000	0.39	0.5	0.5	0	0	0.39
283100	0.39	0.5	0.5	0	0	0.39
283200	0.39	0.5	0.5	0	0	0.39
283300	0.4	0.5	0.5	0	0	0.4
283400	0.39	0.5	0.5	0	0	0.39
283500	0.39	0.5	0.5	0	0	0.39
283600	0.39	0.5	0.5	0	0	0.39
283700	0.4	0.5	0.5	0	0	0.4
283800	0.4	0.5	0.5	0	0	0.4
283900	0.4	0.5	0.5	0	0	0.4
284000	0.4	0.5	0.5	0	0	0.4
284100	0.4	0.5	0.5	0	0	0.4
284200	0.4	0.5	0.5	0	0	0.4
284300	0.4	0.5	0.5	0	0	0.4
284400	0.4	0.5	0.5	0	0	0.4
284500	0.4	0.5	0.5	0	0	0.4
284600	0.4	0.5	0.5	0	0	0.4
284700	0.4	0.5	0.5	0	0	0.4
284800	0.4	0.5	0.5	0	0	0.4
284900	0.4	0.5	0.5	0	0	0.4
285000	0.4	0.5	0.5	0	0	0.4
285100	0.4	0.5	0.5	0	0	0.4
285200	0.4	0.5	0.5	0	0	0.4
285300	0.4	0.5	0.5	0	0	0.4
285400	0.4	0.5	0.5	0	0	0.4
285500	0.4	0.5	0.5	0	0	0.4
285600	0.4	0.5	0.5	0	0	0.4
285700	0.4	0.5	0.5	0	0	0.4
285800	0.4	0.5	0.5	0	0	0.4
285900	0.4	0.5	0.5	0	0	0.4
286000	0.4	0.5	0.5	0	0	0.4
286100	0.4	0.5	0.5	0	0	0.4
286200	0.4	0.5	0.5	0	0	0.4
286300	0.4	0.5	0.5	0	0	0.4
286400	0.4	0.5	0.5	0	0	0.4
286500	0.4	0.5	0.5	0	0	0.4
286600	0.4	0.5	0.5	0	0	0.4
286700	0.4	0.5	0.5	0	0	0.4
286800	0.4	0.5	0.5	0	0	0.4
286900	0.4	0.5	0.5	0	0	0.4
287000	0.4	0.5	0.5	0	0	0.4
287100	0.4	0.5	0.5	0	0	0.4
287200	0.4	0.5	0.5	0	0	0.4
287300	0.4	0.5	0.5	0	0	0.4
287400	0.4	0.5	0.5	0	0	0.4
287500	0.4	0.5	0.5	0	0	0.4
287600	0.4	0.5	0.5	0	0	0.4
287700	0.4	0.5	0.5	0	0	0.4
287800	0.4	0.5	0.5	0	0	0.4
287900	0.4	0.5	0.5	0	0	0.4
288000	0.4	0.5	0.5	0	0	0.4
288100	0.4	0.5	0.5	0	0	0.4
288200	0.4	0.5	0.5	0	0	0.4
288300	0.4	0.5	0.5	0	0	0.4
288400	0.4	0.5	0.5	0	0	0.4
288500	0.4	0.5	0.5	0	0	0.4
288600	0.4	0.5	0.5	0	0	0.4
288700	0.4	0.5	0.5	0	0	0.4
288800	0.4	0.5	0.5	0	0	0.4
288900	0.4	0.5	0.5	0	0	0.4
289000	0.4	0.5	0.5	0	0	0.4
289100	0.4	0.5	0.5	0	0	0.4
289200	0.4	0.5	0.5	0	0	0.4
289300	0.4	0.5	0.5	0	0	0.4
289400	0.4	0.5	0.5	0	0	0.4
289500	0.4	0.5	0.5	0	0	0.4
289600	0.4	0.5	0.5	0	0	0.4
289700	0.4	0.5	0.5	0	0	0.4
289800	0.4	0.5	0.5	0	0	0.4
289900	0.4	0.5	0.5	0	0	0.4
290000	0.4	0.5	0.5	0	0	0.4
290100	0.4	0.5	0.5	0	0	0.4
290200	0.4	0.5	0.5	0	0	0.4
290300	0.4	0.5	0.5	0	0	0.4
290400	0.4	0.5	0.5	0	0	0.4
290500	0.4	0.5	0.5	0	0	0.4
290600	0.4	0.5	0.5	0	0	0.4
290700	0.4	0.5	0.5	0	0	0.4
290800	0.4	0.5	0.5	0	0	0.4
290900	0.4	0.5	0.5	0	0	0.4
291000	0.4	0.5	0.5	0	0	0.4
291100	0.4	0.5	0.5	0	0	0.4
291200	0.4	0.5	0.5	0	0	0.4
291300	0.4	0.5	0.5	0	0	0.4
291400	0.4	0.5	0.5	0	0	0.4
291500	0.4	0.5	0.5	0	0	0.4
291600	0.4	0.5	0.5	0	0	0.4
291700	0.4	0.5	0.5	0	0	0.4
291800	0.4	0.5	0.5	0	0	0.4
291900	0.4	0.5	0.5	0	0	0.4
292000	0.4	0.5	0.5	0	0	0.4
292100	0.4	0.5	0.5	0	0	0.4
292200	0.4	0.51	0.51	0	0	0.4
292300	0.4	0.5	0.5	0	0	0.4
292400	0.4	0.5	0.5	0	0	0.4
292500	0.4	0.5	0.5	0	0	0.4
292600	0.4	0.5	0.5	0	0	0.4
292700	0.4	0.5	0.5	0	0	0.4
292800	0.4	0.5	0.5	0	0	0.4
292900	0.4	0.5	0.5	0	0	0.4
293000	0.4	0.5	0.5	0	0	0.4
293100	0.4	0.5	0.5	0	0	0.4
293200	0.4	0.5	0.5	0	0	0.4
293300	0.4	0.5	0.5	0	0	0.4
293400	0.4	0.5	0.5	0	0	0.4
293500	0.4	0.5	0.5	0	0	0.4
293600	0.4	0.5	0.5	0	0	0.4
293700	0.4	0.5	0.5	0	0	0.4
293800	0.4	0.5	0.5	0	0	0.4
293900	0.4	0.5	0.5	0	0	0.4
294000	0.4	0.5	0.5	0	0	0.4
294100	0.4	0.5	0.5	0	0	0.4
294200	0.4	0.5	0.5	0	0	0.4
294300	0.4	0.5	0.5	0	0	0.4
294400	0.4	0.5	0.5	0	0	0.4
294500	0.4	0.5	0.5	0	0	0.4
294600	0.4	0.5	0.5	0	0	0.4
294700	0.4	0.5	0.5	0	0	0.4
294800	0.4	0.5	0.5	0	0	0.4
294900	0.4	0.5	0.5	0	0	0.4
295000	0.4	0.5	0.5	0	0	0.4
295100	0.4	0.5	0.5	0	0	0.4
295200	0.4	0.5	0.5	0	0	0.4
295300	0.4	0.5	0.5	0	0	0.4
295400	0.4	0.5	0.5	0	0	0.4
295500	0.4	0.5	0.5	0	0	0.4
295600	0.4	0.5	0.5	0	0	0.4
295700	0.4	0.5	0.5	0	0	0.4
295800	0.4	0.5	0.5	0	0	0.4
295900	0.4	0.5	0.5	0	0	0.4
296000	0.4	0.5	0.5	0	0	0.4
296100	0.4	0.5	0.5	0	0	0.4
296200	0.4	0.5	0.5	0	0	0.4
296300	0.4	0.5	0.5	0	0	0.4
296400	0.4	0.5	0.5	0	0	0.4
296500	0.4	0.5	0.5	0	0	0.4
296600	0.4	0.5	0.5	0	0	0.4
296700	0.4	0.5	0.5	0	0	0.4
296800	0.4	0.5	0.5	0	0	0.4
296900	0.4	0.5	0.5	0	0	0.4
297000	0.4	0.5	0.5	0	0	0.4
297100	0.4	0.5	0.5	0	0	0.4
297200	0.4	0.5	0.5	0	0	0.4
297300	0.4	0.5	0.5	0	0	0.4
297400	0.4	0.5	0.5	0	0	0.4
297500	0.4	0.5	0.5	0	0	0.4
297600	0.4	0.5	0.5	0	0	0.4
297700	0.4	0.5	0.5	0	0	0.4
297800	0.4	0.5	0.5	0	0	0.4
297900	0.4	0.5	0.5	0	0	0.4
298000	0.4	0.5	0.5	0	0	0.4
298100	0.4	0.5	0.5	0	0	0.4
298200	0.4	0.5	0.5	0	0	0.4
298300	0.4	0.5	0.5	0	0	0.4
298400	0.4	0.5	0.5	0	0	0.4
298500	0.4	0.5	0.5	0	0	0.4
298600	0.4	0.5	0.5	0	0	0.4
298700	0.4	0.5	0.5	0	0	0.4
298800	0.4	0.5	0.5	0	0	0.4
298900	0.4	0.5	0.5	0	0	0.4
299000	0.4	0.5	0.5	0	0	0.4
299100	0.4	0.5	0.5	0	0	0.4
299200	0.4	0.5	0.5	0	0	0.4
299300	0.4	0.5	0.5	0	0	0.4
299400	0.4	0.5	0.5	0	0	0.4
299500	0.4	0.5	0.5	0	0	0.4
299600	0.4	0.5	0.5	0	0	0.4
299700	0.4	0.5	0.5	0	0	0.4
299800	0.4	0.5	0.5	0	0	0.4
299900	0.4	0.5	0.5	0	0	0.4
300000	0.4	0.5	0.5	0	0	0.4
