100	0.07	0.11	0.11	0	0	0.07
200	0.11	0.1	0.1	0	0	0.11
300	0.14	0.11	0.11	0	0	0.14
400	0.11	0.12	0.12	0	0	0.11
500	0.11	0.12	0.12	0	0	0.11
600	0.11	0.13	0.13	0	0	0.11
700	0.15	0.13	0.13	0	0	0.15
800	0.14	0.13	0.13	0	0	0.14
900	0.14	0.14	0.14	0	0	0.14
1000	0.14	0.14	0.14	0	0	0.14
1100	0.14	0.16	0.16	0	0	0.14
1200	0.14	0.16	0.16	0	0	0.14
1300	0.15	0.16	0.16	0	0	0.15
1400	0.17	0.16	0.16	0	0	0.17
1500	0.17	0.17	0.17	0	0	0.17
1600	0.18	0.18	0.18	0	0	0.18
1700	0.18	0.19	0.19	0	0	0.18
1800	0.21	0.18	0.18	0	0	0.21
1900	0.2	0.19	0.19	0	0	0.2
2000	0.19	0.18	0.18	0	0	0.19
2100	0.19	0.19	0.19	0	0	0.19
2200	0.18	0.19	0.19	0	0	0.18
2300	0.18	0.2	0.2	0	0	0.18
2400	0.19	0.19	0.19	0	0	0.19
2500	0.2	0.19	0.19	0	0	0.2
2600	0.2	0.2	0.2	0	0	0.2
2700	0.21	0.21	0.21	0	0	0.21
2800	0.19	0.21	0.21	0	0	0.19
2900	0.22	0.2	0.2	0	0	0.22
3000	0.2	0.22	0.22	0	0	0.2
3100	0.2	0.24	0.24	0	0	0.2
3200	0.2	0.23	0.23	0	0	0.2
3300	0.2	0.21	0.21	0	0	0.2
3400	0.2	0.21	0.21	0	0	0.2
3500	0.19	0.21	0.21	0	0	0.19
3600	0.19	0.21	0.21	0	0	0.19
3700	0.18	0.21	0.21	0	0	0.18
3800	0.17	0.21	0.21	0	0	0.17
3900	0.19	0.21	0.21	0	0	0.19
4000	0.19	0.21	0.21	0	0	0.19
4100	0.19	0.21	0.21	0	0	0.19
4200	0.2	0.22	0.22	0	0	0.2
4300	0.2	0.22	0.22	0	0	0.2
4400	0.2	0.22	0.22	0	0	0.2
4500	0.21	0.21	0.21	0	0	0.21
4600	0.21	0.2	0.2	0	0	0.21
4700	0.22	0.19	0.19	0	0	0.22
4800	0.22	0.19	0.19	0	0	0.22
4900	0.22	0.2	0.2	0	0	0.22
5000	0.22	0.22	0.22	0	0	0.22
5100	0.22	0.2	0.2	0	0	0.22
5200	0.22	0.2	0.2	0	0	0.22
5300	0.22	0.19	0.19	0	0	0.22
5400	0.22	0.18	0.18	0	0	0.22
5500	0.22	0.19	0.19	0	0	0.22
5600	0.22	0.2	0.2	0	0	0.22
5700	0.22	0.18	0.18	0	0	0.22
5800	0.22	0.17	0.17	0	0	0.22
5900	0.22	0.17	0.17	0	0	0.22
6000	0.23	0.18	0.18	0	0	0.23
6100	0.24	0.18	0.18	0	0	0.24
6200	0.24	0.18	0.18	0	0	0.24
6300	0.23	0.18	0.18	0	0	0.23
6400	0.23	0.21	0.21	0	0	0.23
6500	0.23	0.2	0.2	0	0	0.23
6600	0.23	0.22	0.22	0	0	0.23
6700	0.23	0.21	0.21	0	0	0.23
6800	0.24	0.21	0.21	0	0	0.24
6900	0.24	0.22	0.22	0	0	0.24
7000	0.23	0.2	0.2	0	0	0.23
7100	0.23	0.2	0.2	0	0	0.23
7200	0.24	0.21	0.21	0	0	0.24
7300	0.23	0.22	0.22	0	0	0.23
7400	0.24	0.22	0.22	0	0	0.24
7500	0.25	0.22	0.22	0	0	0.25
7600	0.25	0.24	0.24	0	0	0.25
7700	0.25	0.24	0.24	0	0	0.25
7800	0.26	0.25	0.25	0	0	0.26
7900	0.25	0.26	0.26	0	0	0.25
8000	0.24	0.27	0.27	0	0	0.24
8100	0.25	0.27	0.27	0	0	0.25
8200	0.26	0.27	0.27	0	0	0.26
8300	0.26	0.26	0.26	0	0	0.26
8400	0.26	0.27	0.27	0	0	0.26
8500	0.26	0.27	0.27	0	0	0.26
8600	0.27	0.28	0.28	0	0	0.27
8700	0.27	0.27	0.27	0	0	0.27
8800	0.27	0.27	0.27	0	0	0.27
8900	0.26	0.27	0.27	0	0	0.26
9000	0.27	0.28	0.28	0	0	0.27
9100	0.27	0.28	0.28	0	0	0.27
9200	0.27	0.28	0.28	0	0	0.27
9300	0.27	0.29	0.29	0	0	0.27
9400	0.27	0.29	0.29	0	0	0.27
9500	0.26	0.29	0.29	0	0	0.26
9600	0.25	0.29	0.29	0	0	0.25
9700	0.25	0.29	0.29	0	0	0.25
9800	0.25	0.27	0.27	0	0	0.25
9900	0.26	0.27	0.27	0	0	0.26
10000	0.27	0.29	0.29	0	0	0.27
10100	0.28	0.28	0.28	0	0	0.28
10200	0.27	0.29	0.29	0	0	0.27
10300	0.27	0.29	0.29	0	0	0.27
10400	0.27	0.29	0.29	0	0	0.27
10500	0.27	0.29	0.29	0	0	0.27
10600	0.27	0.29	0.29	0	0	0.27
10700	0.27	0.29	0.29	0	0	0.27
10800	0.26	0.27	0.27	0	0	0.26
10900	0.26	0.27	0.27	0	0	0.26
11000	0.26	0.29	0.29	0	0	0.26
11100	0.26	0.31	0.31	0	0	0.26
11200	0.28	0.31	0.31	0	0	0.28
11300	0.28	0.3	0.3	0	0	0.28
11400	0.29	0.31	0.31	0	0	0.29
11500	0.3	0.32	0.32	0	0	0.3
11600	0.3	0.31	0.31	0	0	0.3
11700	0.3	0.32	0.32	0	0	0.3
11800	0.3	0.32	0.32	0	0	0.3
11900	0.3	0.32	0.32	0	0	0.3
12000	0.3	0.33	0.33	0	0	0.3
12100	0.3	0.34	0.34	0	0	0.3
12200	0.3	0.34	0.34	0	0	0.3
12300	0.29	0.33	0.33	0	0	0.29
12400	0.29	0.33	0.33	0	0	0.29
12500	0.29	0.33	0.33	0	0	0.29
12600	0.29	0.34	0.34	0	0	0.29
12700	0.29	0.34	0.34	0	0	0.29
12800	0.29	0.34	0.34	0	0	0.29
12900	0.29	0.35	0.35	0	0	0.29
13000	0.29	0.35	0.35	0	0	0.29
13100	0.29	0.35	0.35	0	0	0.29
13200	0.29	0.34	0.34	0	0	0.29
13300	0.3	0.34	0.34	0	0	0.3
13400	0.29	0.35	0.35	0	0	0.29
13500	0.29	0.35	0.35	0	0	0.29
13600	0.29	0.35	0.35	0	0	0.29
13700	0.29	0.35	0.35	0	0	0.29
13800	0.29	0.35	0.35	0	0	0.29
13900	0.29	0.38	0.38	0	0	0.29
14000	0.29	0.36	0.36	0	0	0.29
14100	0.29	0.36	0.36	0	0	0.29
14200	0.29	0.35	0.35	0	0	0.29
14300	0.29	0.35	0.35	0	0	0.29
14400	0.29	0.36	0.36	0	0	0.29
14500	0.29	0.36	0.36	0	0	0.29
14600	0.3	0.38	0.38	0	0	0.3
14700	0.3	0.38	0.38	0	0	0.3
14800	0.3	0.38	0.38	0	0	0.3
14900	0.31	0.38	0.38	0	0	0.31
15000	0.3	0.38	0.38	0	0	0.3
15100	0.3	0.38	0.38	0	0	0.3
15200	0.3	0.37	0.37	0	0	0.3
15300	0.32	0.38	0.38	0	0	0.32
15400	0.32	0.38	0.38	0	0	0.32
15500	0.31	0.38	0.38	0	0	0.31
15600	0.31	0.38	0.38	0	0	0.31
15700	0.31	0.36	0.36	0	0	0.31
15800	0.32	0.36	0.36	0	0	0.32
15900	0.32	0.36	0.36	0	0	0.32
16000	0.32	0.35	0.35	0	0	0.32
16100	0.34	0.35	0.35	0	0	0.34
16200	0.34	0.35	0.35	0	0	0.34
16300	0.33	0.35	0.35	0	0	0.33
16400	0.32	0.36	0.36	0	0	0.32
16500	0.31	0.36	0.36	0	0	0.31
16600	0.32	0.35	0.35	0	0	0.32
16700	0.31	0.35	0.35	0	0	0.31
16800	0.31	0.36	0.36	0	0	0.31
16900	0.31	0.36	0.36	0	0	0.31
17000	0.31	0.36	0.36	0	0	0.31
17100	0.32	0.36	0.36	0	0	0.32
17200	0.31	0.36	0.36	0	0	0.31
17300	0.31	0.37	0.37	0	0	0.31
17400	0.31	0.37	0.37	0	0	0.31
17500	0.31	0.37	0.37	0	0	0.31
17600	0.31	0.38	0.38	0	0	0.31
17700	0.31	0.38	0.38	0	0	0.31
17800	0.31	0.38	0.38	0	0	0.31
17900	0.31	0.38	0.38	0	0	0.31
18000	0.32	0.39	0.39	0	0	0.32
18100	0.31	0.39	0.39	0	0	0.31
18200	0.31	0.39	0.39	0	0	0.31
18300	0.31	0.39	0.39	0	0	0.31
18400	0.33	0.39	0.39	0	0	0.33
18500	0.33	0.39	0.39	0	0	0.33
18600	0.32	0.39	0.39	0	0	0.32
18700	0.32	0.39	0.39	0	0	0.32
18800	0.33	0.39	0.39	0	0	0.33
18900	0.32	0.4	0.4	0	0	0.32
19000	0.33	0.4	0.4	0	0	0.33
19100	0.33	0.41	0.41	0	0	0.33
19200	0.33	0.41	0.41	0	0	0.33
19300	0.33	0.41	0.41	0	0	0.33
19400	0.33	0.41	0.41	0	0	0.33
19500	0.35	0.41	0.41	0	0	0.35
19600	0.35	0.41	0.41	0	0	0.35
19700	0.35	0.42	0.42	0	0	0.35
19800	0.34	0.41	0.41	0	0	0.34
19900	0.34	0.41	0.41	0	0	0.34
20000	0.34	0.41	0.41	0	0	0.34
20100	0.33	0.42	0.42	0	0	0.33
20200	0.32	0.41	0.41	0	0	0.32
20300	0.32	0.4	0.4	0	0	0.32
20400	0.32	0.4	0.4	0	0	0.32
20500	0.32	0.4	0.4	0	0	0.32
20600	0.32	0.4	0.4	0	0	0.32
20700	0.32	0.4	0.4	0	0	0.32
20800	0.33	0.41	0.41	0	0	0.33
20900	0.33	0.4	0.4	0	0	0.33
21000	0.33	0.4	0.4	0	0	0.33
21100	0.35	0.4	0.4	0	0	0.35
21200	0.35	0.4	0.4	0	0	0.35
21300	0.34	0.4	0.4	0	0	0.34
21400	0.34	0.4	0.4	0	0	0.34
21500	0.34	0.4	0.4	0	0	0.34
21600	0.34	0.4	0.4	0	0	0.34
21700	0.34	0.41	0.41	0	0	0.34
21800	0.34	0.41	0.41	0	0	0.34
21900	0.35	0.41	0.41	0	0	0.35
22000	0.35	0.41	0.41	0	0	0.35
22100	0.35	0.41	0.41	0	0	0.35
22200	0.35	0.41	0.41	0	0	0.35
22300	0.35	0.41	0.41	0	0	0.35
22400	0.35	0.41	0.41	0	0	0.35
22500	0.35	0.41	0.41	0	0	0.35
22600	0.35	0.41	0.41	0	0	0.35
22700	0.35	0.41	0.41	0	0	0.35
22800	0.35	0.41	0.41	0	0	0.35
22900	0.35	0.41	0.41	0	0	0.35
23000	0.34	0.41	0.41	0	0	0.34
23100	0.33	0.41	0.41	0	0	0.33
23200	0.34	0.41	0.41	0	0	0.34
23300	0.33	0.41	0.41	0	0	0.33
23400	0.32	0.42	0.42	0	0	0.32
23500	0.33	0.4	0.4	0	0	0.33
23600	0.33	0.4	0.4	0	0	0.33
23700	0.35	0.39	0.39	0	0	0.35
23800	0.35	0.39	0.39	0	0	0.35
23900	0.35	0.39	0.39	0	0	0.35
24000	0.35	0.39	0.39	0	0	0.35
24100	0.35	0.39	0.39	0	0	0.35
24200	0.35	0.39	0.39	0	0	0.35
24300	0.35	0.39	0.39	0	0	0.35
24400	0.35	0.39	0.39	0	0	0.35
24500	0.35	0.4	0.4	0	0	0.35
24600	0.35	0.4	0.4	0	0	0.35
24700	0.35	0.4	0.4	0	0	0.35
24800	0.35	0.4	0.4	0	0	0.35
24900	0.35	0.4	0.4	0	0	0.35
25000	0.34	0.4	0.4	0	0	0.34
25100	0.34	0.4	0.4	0	0	0.34
25200	0.34	0.4	0.4	0	0	0.34
25300	0.35	0.39	0.39	0	0	0.35
25400	0.36	0.4	0.4	0	0	0.36
25500	0.37	0.4	0.4	0	0	0.37
25600	0.36	0.41	0.41	0	0	0.36
25700	0.35	0.41	0.41	0	0	0.35
25800	0.35	0.41	0.41	0	0	0.35
25900	0.35	0.41	0.41	0	0	0.35
26000	0.35	0.41	0.41	0	0	0.35
26100	0.35	0.41	0.41	0	0	0.35
26200	0.35	0.41	0.41	0	0	0.35
26300	0.36	0.41	0.41	0	0	0.36
26400	0.37	0.41	0.41	0	0	0.37
26500	0.36	0.41	0.41	0	0	0.36
26600	0.36	0.41	0.41	0	0	0.36
26700	0.36	0.41	0.41	0	0	0.36
26800	0.36	0.41	0.41	0	0	0.36
26900	0.36	0.41	0.41	0	0	0.36
27000	0.37	0.41	0.41	0	0	0.37
27100	0.37	0.41	0.41	0	0	0.37
27200	0.37	0.41	0.41	0	0	0.37
27300	0.37	0.41	0.41	0	0	0.37
27400	0.37	0.41	0.41	0	0	0.37
27500	0.38	0.42	0.42	0	0	0.38
27600	0.38	0.42	0.42	0	0	0.38
27700	0.38	0.42	0.42	0	0	0.38
27800	0.38	0.43	0.43	0	0	0.38
27900	0.38	0.43	0.43	0	0	0.38
28000	0.38	0.43	0.43	0	0	0.38
28100	0.38	0.43	0.43	0	0	0.38
28200	0.39	0.43	0.43	0	0	0.39
28300	0.38	0.43	0.43	0	0	0.38
28400	0.38	0.43	0.43	0	0	0.38
28500	0.38	0.43	0.43	0	0	0.38
28600	0.37	0.43	0.43	0	0	0.37
28700	0.37	0.43	0.43	0	0	0.37
28800	0.37	0.43	0.43	0	0	0.37
28900	0.37	0.43	0.43	0	0	0.37
29000	0.37	0.42	0.42	0	0	0.37
29100	0.37	0.42	0.42	0	0	0.37
29200	0.37	0.43	0.43	0	0	0.37
29300	0.37	0.43	0.43	0	0	0.37
29400	0.37	0.43	0.43	0	0	0.37
29500	0.37	0.43	0.43	0	0	0.37
29600	0.37	0.44	0.44	0	0	0.37
29700	0.37	0.44	0.44	0	0	0.37
29800	0.37	0.44	0.44	0	0	0.37
29900	0.37	0.43	0.43	0	0	0.37
30000	0.37	0.43	0.43	0	0	0.37
30100	0.37	0.43	0.43	0	0	0.37
30200	0.37	0.43	0.43	0	0	0.37
30300	0.37	0.43	0.43	0	0	0.37
30400	0.37	0.43	0.43	0	0	0.37
30500	0.37	0.43	0.43	0	0	0.37
30600	0.37	0.43	0.43	0	0	0.37
30700	0.37	0.44	0.44	0	0	0.37
30800	0.37	0.44	0.44	0	0	0.37
30900	0.38	0.45	0.45	0	0	0.38
31000	0.39	0.45	0.45	0	0	0.39
31100	0.38	0.45	0.45	0	0	0.38
31200	0.38	0.45	0.45	0	0	0.38
31300	0.38	0.45	0.45	0	0	0.38
31400	0.38	0.44	0.44	0	0	0.38
31500	0.38	0.44	0.44	0	0	0.38
31600	0.38	0.44	0.44	0	0	0.38
31700	0.37	0.44	0.44	0	0	0.37
31800	0.37	0.44	0.44	0	0	0.37
31900	0.37	0.44	0.44	0	0	0.37
32000	0.36	0.44	0.44	0	0	0.36
32100	0.36	0.44	0.44	0	0	0.36
32200	0.37	0.43	0.43	0	0	0.37
32300	0.37	0.43	0.43	0	0	0.37
32400	0.37	0.43	0.43	0	0	0.37
32500	0.37	0.42	0.42	0	0	0.37
32600	0.36	0.43	0.43	0	0	0.36
32700	0.36	0.42	0.42	0	0	0.36
32800	0.36	0.42	0.42	0	0	0.36
32900	0.36	0.42	0.42	0	0	0.36
33000	0.36	0.42	0.42	0	0	0.36
33100	0.36	0.42	0.42	0	0	0.36
33200	0.37	0.42	0.42	0	0	0.37
33300	0.37	0.43	0.43	0	0	0.37
33400	0.36	0.42	0.42	0	0	0.36
33500	0.36	0.42	0.42	0	0	0.36
33600	0.36	0.42	0.42	0	0	0.36
33700	0.36	0.42	0.42	0	0	0.36
33800	0.36	0.42	0.42	0	0	0.36
33900	0.36	0.42	0.42	0	0	0.36
34000	0.36	0.43	0.43	0	0	0.36
34100	0.36	0.43	0.43	0	0	0.36
34200	0.37	0.43	0.43	0	0	0.37
34300	0.37	0.44	0.44	0	0	0.37
34400	0.37	0.44	0.44	0	0	0.37
34500	0.37	0.44	0.44	0	0	0.37
34600	0.37	0.44	0.44	0	0	0.37
34700	0.36	0.45	0.45	0	0	0.36
34800	0.36	0.45	0.45	0	0	0.36
34900	0.36	0.45	0.45	0	0	0.36
35000	0.36	0.44	0.44	0	0	0.36
35100	0.36	0.44	0.44	0	0	0.36
35200	0.36	0.44	0.44	0	0	0.36
35300	0.36	0.44	0.44	0	0	0.36
35400	0.36	0.44	0.44	0	0	0.36
35500	0.37	0.44	0.44	0	0	0.37
35600	0.37	0.44	0.44	0	0	0.37
35700	0.35	0.44	0.44	0	0	0.35
35800	0.33	0.44	0.44	0	0	0.33
35900	0.32	0.44	0.44	0	0	0.32
36000	0.31	0.44	0.44	0	0	0.31
36100	0.31	0.44	0.44	0	0	0.31
36200	0.31	0.44	0.44	0	0	0.31
36300	0.31	0.44	0.44	0	0	0.31
36400	0.31	0.44	0.44	0	0	0.31
36500	0.31	0.44	0.44	0	0	0.31
36600	0.31	0.44	0.44	0	0	0.31
36700	0.3	0.44	0.44	0	0	0.3
36800	0.3	0.44	0.44	0	0	0.3
36900	0.3	0.44	0.44	0	0	0.3
37000	0.3	0.44	0.44	0	0	0.3
37100	0.3	0.44	0.44	0	0	0.3
37200	0.32	0.45	0.45	0	0	0.32
37300	0.32	0.45	0.45	0	0	0.32
37400	0.32	0.45	0.45	0	0	0.32
37500	0.31	0.45	0.45	0	0	0.31
37600	0.31	0.45	0.45	0	0	0.31
37700	0.31	0.44	0.44	0	0	0.31
37800	0.31	0.44	0.44	0	0	0.31
37900	0.31	0.44	0.44	0	0	0.31
38000	0.31	0.45	0.45	0	0	0.31
38100	0.31	0.45	0.45	0	0	0.31
38200	0.31	0.45	0.45	0	0	0.31
38300	0.31	0.45	0.45	0	0	0.31
38400	0.31	0.45	0.45	0	0	0.31
38500	0.31	0.45	0.45	0	0	0.31
38600	0.31	0.45	0.45	0	0	0.31
38700	0.31	0.46	0.46	0	0	0.31
38800	0.31	0.45	0.45	0	0	0.31
38900	0.31	0.45	0.45	0	0	0.31
39000	0.31	0.45	0.45	0	0	0.31
39100	0.32	0.45	0.45	0	0	0.32
39200	0.32	0.45	0.45	0	0	0.32
39300	0.31	0.45	0.45	0	0	0.31
39400	0.31	0.45	0.45	0	0	0.31
39500	0.31	0.45	0.45	0	0	0.31
39600	0.31	0.45	0.45	0	0	0.31
39700	0.31	0.45	0.45	0	0	0.31
39800	0.31	0.44	0.44	0	0	0.31
39900	0.34	0.44	0.44	0	0	0.34
40000	0.34	0.44	0.44	0	0	0.34
40100	0.34	0.45	0.45	0	0	0.34
40200	0.34	0.44	0.44	0	0	0.34
40300	0.33	0.44	0.44	0	0	0.33
40400	0.33	0.44	0.44	0	0	0.33
40500	0.33	0.44	0.44	0	0	0.33
40600	0.33	0.44	0.44	0	0	0.33
40700	0.34	0.44	0.44	0	0	0.34
40800	0.35	0.44	0.44	0	0	0.35
40900	0.34	0.44	0.44	0	0	0.34
41000	0.34	0.44	0.44	0	0	0.34
41100	0.34	0.45	0.45	0	0	0.34
41200	0.34	0.45	0.45	0	0	0.34
41300	0.33	0.45	0.45	0	0	0.33
41400	0.33	0.45	0.45	0	0	0.33
41500	0.33	0.45	0.45	0	0	0.33
41600	0.33	0.45	0.45	0	0	0.33
41700	0.33	0.45	0.45	0	0	0.33
41800	0.33	0.45	0.45	0	0	0.33
41900	0.33	0.45	0.45	0	0	0.33
42000	0.33	0.45	0.45	0	0	0.33
42100	0.33	0.45	0.45	0	0	0.33
42200	0.33	0.45	0.45	0	0	0.33
42300	0.33	0.45	0.45	0	0	0.33
42400	0.33	0.45	0.45	0	0	0.33
42500	0.33	0.46	0.46	0	0	0.33
42600	0.33	0.46	0.46	0	0	0.33
42700	0.33	0.46	0.46	0	0	0.33
42800	0.34	0.45	0.45	0	0	0.34
42900	0.34	0.45	0.45	0	0	0.34
43000	0.34	0.45	0.45	0	0	0.34
43100	0.35	0.45	0.45	0	0	0.35
43200	0.35	0.45	0.45	0	0	0.35
43300	0.35	0.46	0.46	0	0	0.35
43400	0.35	0.46	0.46	0	0	0.35
43500	0.35	0.46	0.46	0	0	0.35
43600	0.35	0.46	0.46	0	0	0.35
43700	0.35	0.46	0.46	0	0	0.35
43800	0.35	0.46	0.46	0	0	0.35
43900	0.36	0.46	0.46	0	0	0.36
44000	0.36	0.46	0.46	0	0	0.36
44100	0.36	0.46	0.46	0	0	0.36
44200	0.36	0.46	0.46	0	0	0.36
44300	0.36	0.47	0.47	0	0	0.36
44400	0.36	0.47	0.47	0	0	0.36
44500	0.36	0.46	0.46	0	0	0.36
44600	0.36	0.46	0.46	0	0	0.36
44700	0.36	0.46	0.46	0	0	0.36
44800	0.35	0.46	0.46	0	0	0.35
44900	0.35	0.46	0.46	0	0	0.35
45000	0.35	0.46	0.46	0	0	0.35
45100	0.35	0.46	0.46	0	0	0.35
45200	0.35	0.46	0.46	0	0	0.35
45300	0.36	0.46	0.46	0	0	0.36
45400	0.35	0.46	0.46	0	0	0.35
45500	0.35	0.46	0.46	0	0	0.35
45600	0.35	0.46	0.46	0	0	0.35
45700	0.35	0.46	0.46	0	0	0.35
45800	0.35	0.46	0.46	0	0	0.35
45900	0.34	0.46	0.46	0	0	0.34
46000	0.34	0.46	0.46	0	0	0.34
46100	0.34	0.46	0.46	0	0	0.34
46200	0.34	0.46	0.46	0	0	0.34
46300	0.35	0.46	0.46	0	0	0.35
46400	0.34	0.46	0.46	0	0	0.34
46500	0.34	0.46	0.46	0	0	0.34
46600	0.34	0.46	0.46	0	0	0.34
46700	0.34	0.46	0.46	0	0	0.34
46800	0.34	0.46	0.46	0	0	0.34
46900	0.35	0.47	0.47	0	0	0.35
47000	0.35	0.47	0.47	0	0	0.35
47100	0.35	0.47	0.47	0	0	0.35
47200	0.35	0.47	0.47	0	0	0.35
47300	0.35	0.47	0.47	0	0	0.35
47400	0.35	0.47	0.47	0	0	0.35
47500	0.35	0.47	0.47	0	0	0.35
47600	0.35	0.47	0.47	0	0	0.35
47700	0.35	0.48	0.48	0	0	0.35
47800	0.35	0.47	0.47	0	0	0.35
47900	0.35	0.47	0.47	0	0	0.35
48000	0.36	0.46	0.46	0	0	0.36
48100	0.37	0.46	0.46	0	0	0.37
48200	0.37	0.46	0.46	0	0	0.37
48300	0.37	0.46	0.46	0	0	0.37
48400	0.37	0.46	0.46	0	0	0.37
48500	0.37	0.46	0.46	0	0	0.37
48600	0.37	0.46	0.46	0	0	0.37
48700	0.37	0.46	0.46	0	0	0.37
48800	0.37	0.46	0.46	0	0	0.37
48900	0.37	0.46	0.46	0	0	0.37
49000	0.37	0.46	0.46	0	0	0.37
49100	0.37	0.47	0.47	0	0	0.37
49200	0.37	0.47	0.47	0	0	0.37
49300	0.37	0.47	0.47	0	0	0.37
49400	0.37	0.47	0.47	0	0	0.37
49500	0.37	0.47	0.47	0	0	0.37
49600	0.38	0.47	0.47	0	0	0.38
49700	0.38	0.47	0.47	0	0	0.38
49800	0.38	0.47	0.47	0	0	0.38
49900	0.38	0.47	0.47	0	0	0.38
50000	0.39	0.47	0.47	0	0	0.39
50100	0.38	0.47	0.47	0	0	0.38
50200	0.38	0.48	0.48	0	0	0.38
50300	0.38	0.48	0.48	0	0	0.38
50400	0.38	0.48	0.48	0	0	0.38
50500	0.38	0.48	0.48	0	0	0.38
50600	0.38	0.48	0.48	0	0	0.38
50700	0.39	0.48	0.48	0	0	0.39
50800	0.39	0.48	0.48	0	0	0.39
50900	0.39	0.48	0.48	0	0	0.39
51000	0.39	0.48	0.48	0	0	0.39
51100	0.39	0.48	0.48	0	0	0.39
51200	0.38	0.48	0.48	0	0	0.38
51300	0.38	0.48	0.48	0	0	0.38
51400	0.38	0.48	0.48	0	0	0.38
51500	0.39	0.48	0.48	0	0	0.39
51600	0.39	0.48	0.48	0	0	0.39
51700	0.39	0.48	0.48	0	0	0.39
51800	0.39	0.48	0.48	0	0	0.39
51900	0.39	0.48	0.48	0	0	0.39
52000	0.39	0.48	0.48	0	0	0.39
52100	0.4	0.48	0.48	0	0	0.4
52200	0.4	0.48	0.48	0	0	0.4
52300	0.4	0.48	0.48	0	0	0.4
52400	0.4	0.49	0.49	0	0	0.4
52500	0.4	0.49	0.49	0	0	0.4
52600	0.4	0.49	0.49	0	0	0.4
52700	0.4	0.49	0.49	0	0	0.4
52800	0.4	0.49	0.49	0	0	0.4
52900	0.4	0.49	0.49	0	0	0.4
53000	0.4	0.5	0.5	0	0	0.4
53100	0.38	0.5	0.5	0	0	0.38
53200	0.38	0.5	0.5	0	0	0.38
53300	0.38	0.5	0.5	0	0	0.38
53400	0.38	0.5	0.5	0	0	0.38
53500	0.38	0.5	0.5	0	0	0.38
53600	0.38	0.5	0.5	0	0	0.38
53700	0.38	0.5	0.5	0	0	0.38
53800	0.38	0.5	0.5	0	0	0.38
53900	0.38	0.51	0.51	0	0	0.38
54000	0.38	0.5	0.5	0	0	0.38
54100	0.38	0.5	0.5	0	0	0.38
54200	0.38	0.5	0.5	0	0	0.38
54300	0.38	0.5	0.5	0	0	0.38
54400	0.38	0.5	0.5	0	0	0.38
54500	0.38	0.5	0.5	0	0	0.38
54600	0.38	0.5	0.5	0	0	0.38
54700	0.38	0.5	0.5	0	0	0.38
54800	0.38	0.49	0.49	0	0	0.38
54900	0.38	0.49	0.49	0	0	0.38
55000	0.38	0.48	0.48	0	0	0.38
55100	0.38	0.48	0.48	0	0	0.38
55200	0.38	0.48	0.48	0	0	0.38
55300	0.37	0.48	0.48	0	0	0.37
55400	0.37	0.48	0.48	0	0	0.37
55500	0.37	0.48	0.48	0	0	0.37
55600	0.37	0.48	0.48	0	0	0.37
55700	0.37	0.48	0.48	0	0	0.37
55800	0.37	0.48	0.48	0	0	0.37
55900	0.37	0.48	0.48	0	0	0.37
56000	0.37	0.48	0.48	0	0	0.37
56100	0.37	0.48	0.48	0	0	0.37
56200	0.37	0.48	0.48	0	0	0.37
56300	0.37	0.49	0.49	0	0	0.37
56400	0.38	0.49	0.49	0	0	0.38
56500	0.39	0.49	0.49	0	0	0.39
56600	0.38	0.49	0.49	0	0	0.38
56700	0.38	0.49	0.49	0	0	0.38
56800	0.38	0.5	0.5	0	0	0.38
56900	0.38	0.49	0.49	0	0	0.38
57000	0.38	0.48	0.48	0	0	0.38
57100	0.38	0.48	0.48	0	0	0.38
57200	0.38	0.48	0.48	0	0	0.38
57300	0.38	0.48	0.48	0	0	0.38
57400	0.38	0.49	0.49	0	0	0.38
57500	0.38	0.48	0.48	0	0	0.38
57600	0.38	0.48	0.48	0	0	0.38
57700	0.38	0.48	0.48	0	0	0.38
57800	0.38	0.47	0.47	0	0	0.38
57900	0.38	0.47	0.47	0	0	0.38
58000	0.39	0.47	0.47	0	0	0.39
58100	0.39	0.47	0.47	0	0	0.39
58200	0.38	0.47	0.47	0	0	0.38
58300	0.38	0.47	0.47	0	0	0.38
58400	0.38	0.47	0.47	0	0	0.38
58500	0.38	0.47	0.47	0	0	0.38
58600	0.38	0.47	0.47	0	0	0.38
58700	0.38	0.47	0.47	0	0	0.38
58800	0.38	0.47	0.47	0	0	0.38
58900	0.38	0.47	0.47	0	0	0.38
59000	0.38	0.47	0.47	0	0	0.38
59100	0.37	0.47	0.47	0	0	0.37
59200	0.37	0.47	0.47	0	0	0.37
59300	0.37	0.47	0.47	0	0	0.37
59400	0.37	0.47	0.47	0	0	0.37
59500	0.37	0.47	0.47	0	0	0.37
59600	0.37	0.47	0.47	0	0	0.37
59700	0.37	0.47	0.47	0	0	0.37
59800	0.37	0.47	0.47	0	0	0.37
59900	0.37	0.47	0.47	0	0	0.37
60000	0.37	0.47	0.47	0	0	0.37
60100	0.37	0.47	0.47	0	0	0.37
60200	0.38	0.47	0.47	0	0	0.38
60300	0.38	0.47	0.47	0	0	0.38
60400	0.38	0.47	0.47	0	0	0.38
60500	0.37	0.47	0.47	0	0	0.37
60600	0.37	0.47	0.47	0	0	0.37
60700	0.37	0.47	0.47	0	0	0.37
60800	0.37	0.47	0.47	0	0	0.37
60900	0.37	0.48	0.48	0	0	0.37
61000	0.37	0.47	0.47	0	0	0.37
61100	0.37	0.47	0.47	0	0	0.37
61200	0.37	0.47	0.47	0	0	0.37
61300	0.38	0.48	0.48	0	0	0.38
61400	0.37	0.48	0.48	0	0	0.37
61500	0.37	0.48	0.48	0	0	0.37
61600	0.37	0.48	0.48	0	0	0.37
61700	0.37	0.49	0.49	0	0	0.37
61800	0.37	0.49	0.49	0	0	0.37
61900	0.37	0.49	0.49	0	0	0.37
62000	0.37	0.49	0.49	0	0	0.37
62100	0.37	0.49	0.49	0	0	0.37
62200	0.37	0.49	0.49	0	0	0.37
62300	0.37	0.49	0.49	0	0	0.37
62400	0.37	0.49	0.49	0	0	0.37
62500	0.37	0.49	0.49	0	0	0.37
62600	0.36	0.49	0.49	0	0	0.36
62700	0.37	0.49	0.49	0	0	0.37
62800	0.37	0.49	0.49	0	0	0.37
62900	0.37	0.49	0.49	0	0	0.37
63000	0.36	0.49	0.49	0	0	0.36
63100	0.36	0.49	0.49	0	0	0.36
63200	0.36	0.49	0.49	0	0	0.36
63300	0.36	0.49	0.49	0	0	0.36
63400	0.36	0.49	0.49	0	0	0.36
63500	0.37	0.49	0.49	0	0	0.37
63600	0.36	0.49	0.49	0	0	0.36
63700	0.34	0.49	0.49	0	0	0.34
63800	0.34	0.49	0.49	0	0	0.34
63900	0.34	0.49	0.49	0	0	0.34
64000	0.34	0.49	0.49	0	0	0.34
64100	0.34	0.49	0.49	0	0	0.34
64200	0.34	0.49	0.49	0	0	0.34
64300	0.34	0.49	0.49	0	0	0.34
64400	0.34	0.49	0.49	0	0	0.34
64500	0.34	0.49	0.49	0	0	0.34
64600	0.34	0.49	0.49	0	0	0.34
64700	0.35	0.49	0.49	0	0	0.35
64800	0.35	0.49	0.49	0	0	0.35
64900	0.35	0.49	0.49	0	0	0.35
65000	0.35	0.49	0.49	0	0	0.35
65100	0.35	0.49	0.49	0	0	0.35
65200	0.35	0.49	0.49	0	0	0.35
65300	0.35	0.49	0.49	0	0	0.35
65400	0.35	0.49	0.49	0	0	0.35
65500	0.35	0.49	0.49	0	0	0.35
65600	0.35	0.49	0.49	0	0	0.35
65700	0.35	0.49	0.49	0	0	0.35
65800	0.35	0.49	0.49	0	0	0.35
65900	0.35	0.49	0.49	0	0	0.35
66000	0.35	0.5	0.5	0	0	0.35
66100	0.35	0.5	0.5	0	0	0.35
66200	0.35	0.5	0.5	0	0	0.35
66300	0.35	0.5	0.5	0	0	0.35
66400	0.35	0.5	0.5	0	0	0.35
66500	0.35	0.5	0.5	0	0	0.35
66600	0.35	0.5	0.5	0	0	0.35
66700	0.35	0.5	0.5	0	0	0.35
66800	0.35	0.5	0.5	0	0	0.35
66900	0.35	0.5	0.5	0	0	0.35
67000	0.35	0.5	0.5	0	0	0.35
67100	0.35	0.5	0.5	0	0	0.35
67200	0.35	0.5	0.5	0	0	0.35
67300	0.35	0.5	0.5	0	0	0.35
67400	0.35	0.5	0.5	0	0	0.35
67500	0.35	0.5	0.5	0	0	0.35
67600	0.35	0.5	0.5	0	0	0.35
67700	0.35	0.5	0.5	0	0	0.35
67800	0.35	0.5	0.5	0	0	0.35
67900	0.35	0.51	0.51	0	0	0.35
68000	0.35	0.52	0.52	0	0	0.35
68100	0.35	0.52	0.52	0	0	0.35
68200	0.35	0.52	0.52	0	0	0.35
68300	0.35	0.53	0.53	0	0	0.35
68400	0.35	0.53	0.53	0	0	0.35
68500	0.35	0.52	0.52	0	0	0.35
68600	0.35	0.52	0.52	0	0	0.35
68700	0.36	0.51	0.51	0	0	0.36
68800	0.36	0.51	0.51	0	0	0.36
68900	0.36	0.51	0.51	0	0	0.36
69000	0.36	0.51	0.51	0	0	0.36
69100	0.36	0.51	0.51	0	0	0.36
69200	0.36	0.51	0.51	0	0	0.36
69300	0.36	0.51	0.51	0	0	0.36
69400	0.36	0.51	0.51	0	0	0.36
69500	0.36	0.51	0.51	0	0	0.36
69600	0.36	0.51	0.51	0	0	0.36
69700	0.36	0.51	0.51	0	0	0.36
69800	0.36	0.51	0.51	0	0	0.36
69900	0.36	0.51	0.51	0	0	0.36
70000	0.35	0.51	0.51	0	0	0.35
70100	0.35	0.51	0.51	0	0	0.35
70200	0.35	0.51	0.51	0	0	0.35
70300	0.35	0.51	0.51	0	0	0.35
70400	0.35	0.51	0.51	0	0	0.35
70500	0.35	0.51	0.51	0	0	0.35
70600	0.35	0.51	0.51	0	0	0.35
70700	0.35	0.51	0.51	0	0	0.35
70800	0.35	0.51	0.51	0	0	0.35
70900	0.36	0.51	0.51	0	0	0.36
71000	0.36	0.51	0.51	0	0	0.36
71100	0.35	0.51	0.51	0	0	0.35
71200	0.35	0.52	0.52	0	0	0.35
71300	0.35	0.51	0.51	0	0	0.35
71400	0.36	0.51	0.51	0	0	0.36
71500	0.36	0.51	0.51	0	0	0.36
71600	0.35	0.51	0.51	0	0	0.35
71700	0.35	0.51	0.51	0	0	0.35
71800	0.35	0.51	0.51	0	0	0.35
71900	0.35	0.51	0.51	0	0	0.35
72000	0.35	0.51	0.51	0	0	0.35
72100	0.35	0.51	0.51	0	0	0.35
72200	0.35	0.51	0.51	0	0	0.35
72300	0.35	0.51	0.51	0	0	0.35
72400	0.35	0.51	0.51	0	0	0.35
72500	0.35	0.51	0.51	0	0	0.35
72600	0.35	0.51	0.51	0	0	0.35
72700	0.35	0.51	0.51	0	0	0.35
72800	0.35	0.51	0.51	0	0	0.35
72900	0.35	0.51	0.51	0	0	0.35
73000	0.35	0.51	0.51	0	0	0.35
73100	0.35	0.51	0.51	0	0	0.35
73200	0.35	0.51	0.51	0	0	0.35
73300	0.35	0.52	0.52	0	0	0.35
73400	0.35	0.52	0.52	0	0	0.35
73500	0.35	0.52	0.52	0	0	0.35
73600	0.35	0.51	0.51	0	0	0.35
73700	0.35	0.51	0.51	0	0	0.35
73800	0.35	0.51	0.51	0	0	0.35
73900	0.35	0.51	0.51	0	0	0.35
74000	0.35	0.51	0.51	0	0	0.35
74100	0.35	0.51	0.51	0	0	0.35
74200	0.35	0.51	0.51	0	0	0.35
74300	0.36	0.51	0.51	0	0	0.36
74400	0.36	0.51	0.51	0	0	0.36
74500	0.36	0.51	0.51	0	0	0.36
74600	0.36	0.51	0.51	0	0	0.36
74700	0.36	0.51	0.51	0	0	0.36
74800	0.36	0.51	0.51	0	0	0.36
74900	0.36	0.51	0.51	0	0	0.36
75000	0.36	0.51	0.51	0	0	0.36
75100	0.36	0.51	0.51	0	0	0.36
75200	0.36	0.51	0.51	0	0	0.36
75300	0.37	0.51	0.51	0	0	0.37
75400	0.37	0.51	0.51	0	0	0.37
75500	0.37	0.51	0.51	0	0	0.37
75600	0.37	0.51	0.51	0	0	0.37
75700	0.37	0.51	0.51	0	0	0.37
75800	0.37	0.51	0.51	0	0	0.37
75900	0.37	0.51	0.51	0	0	0.37
76000	0.37	0.51	0.51	0	0	0.37
76100	0.37	0.51	0.51	0	0	0.37
76200	0.37	0.52	0.52	0	0	0.37
76300	0.37	0.52	0.52	0	0	0.37
76400	0.37	0.52	0.52	0	0	0.37
76500	0.37	0.52	0.52	0	0	0.37
76600	0.37	0.52	0.52	0	0	0.37
76700	0.37	0.52	0.52	0	0	0.37
76800	0.37	0.52	0.52	0	0	0.37
76900	0.37	0.52	0.52	0	0	0.37
77000	0.37	0.52	0.52	0	0	0.37
77100	0.37	0.52	0.52	0	0	0.37
77200	0.37	0.52	0.52	0	0	0.37
77300	0.37	0.52	0.52	0	0	0.37
77400	0.37	0.52	0.52	0	0	0.37
77500	0.37	0.52	0.52	0	0	0.37
77600	0.37	0.52	0.52	0	0	0.37
77700	0.38	0.52	0.52	0	0	0.38
77800	0.38	0.52	0.52	0	0	0.38
77900	0.38	0.52	0.52	0	0	0.38
78000	0.38	0.52	0.52	0	0	0.38
78100	0.37	0.52	0.52	0	0	0.37
78200	0.37	0.52	0.52	0	0	0.37
78300	0.37	0.52	0.52	0	0	0.37
78400	0.37	0.52	0.52	0	0	0.37
78500	0.37	0.51	0.51	0	0	0.37
78600	0.37	0.51	0.51	0	0	0.37
78700	0.37	0.51	0.51	0	0	0.37
78800	0.37	0.51	0.51	0	0	0.37
78900	0.37	0.51	0.51	0	0	0.37
79000	0.37	0.51	0.51	0	0	0.37
79100	0.37	0.5	0.5	0	0	0.37
79200	0.37	0.5	0.5	0	0	0.37
79300	0.37	0.5	0.5	0	0	0.37
79400	0.37	0.5	0.5	0	0	0.37
79500	0.37	0.5	0.5	0	0	0.37
79600	0.37	0.5	0.5	0	0	0.37
79700	0.37	0.5	0.5	0	0	0.37
79800	0.37	0.5	0.5	0	0	0.37
79900	0.37	0.5	0.5	0	0	0.37
80000	0.37	0.5	0.5	0	0	0.37
80100	0.37	0.5	0.5	0	0	0.37
80200	0.37	0.5	0.5	0	0	0.37
80300	0.37	0.5	0.5	0	0	0.37
80400	0.37	0.5	0.5	0	0	0.37
80500	0.37	0.5	0.5	0	0	0.37
80600	0.37	0.5	0.5	0	0	0.37
80700	0.37	0.5	0.5	0	0	0.37
80800	0.37	0.5	0.5	0	0	0.37
80900	0.37	0.5	0.5	0	0	0.37
81000	0.37	0.5	0.5	0	0	0.37
81100	0.37	0.5	0.5	0	0	0.37
81200	0.37	0.48	0.48	0	0	0.37
81300	0.37	0.47	0.47	0	0	0.37
81400	0.37	0.48	0.48	0	0	0.37
81500	0.37	0.46	0.46	0	0	0.37
81600	0.37	0.46	0.46	0	0	0.37
81700	0.37	0.46	0.46	0	0	0.37
81800	0.37	0.46	0.46	0	0	0.37
81900	0.37	0.46	0.46	0	0	0.37
82000	0.37	0.46	0.46	0	0	0.37
82100	0.37	0.46	0.46	0	0	0.37
82200	0.37	0.46	0.46	0	0	0.37
82300	0.37	0.46	0.46	0	0	0.37
82400	0.37	0.46	0.46	0	0	0.37
82500	0.37	0.46	0.46	0	0	0.37
82600	0.37	0.46	0.46	0	0	0.37
82700	0.37	0.46	0.46	0	0	0.37
82800	0.37	0.46	0.46	0	0	0.37
82900	0.37	0.46	0.46	0	0	0.37
83000	0.37	0.46	0.46	0	0	0.37
83100	0.37	0.46	0.46	0	0	0.37
83200	0.37	0.46	0.46	0	0	0.37
83300	0.37	0.47	0.47	0	0	0.37
83400	0.38	0.47	0.47	0	0	0.38
83500	0.38	0.47	0.47	0	0	0.38
83600	0.39	0.47	0.47	0	0	0.39
83700	0.39	0.47	0.47	0	0	0.39
83800	0.38	0.45	0.45	0	0	0.38
83900	0.38	0.45	0.45	0	0	0.38
84000	0.39	0.45	0.45	0	0	0.39
84100	0.38	0.45	0.45	0	0	0.38
84200	0.38	0.45	0.45	0	0	0.38
84300	0.38	0.45	0.45	0	0	0.38
84400	0.38	0.45	0.45	0	0	0.38
84500	0.38	0.45	0.45	0	0	0.38
84600	0.38	0.45	0.45	0	0	0.38
84700	0.38	0.45	0.45	0	0	0.38
84800	0.38	0.45	0.45	0	0	0.38
84900	0.38	0.45	0.45	0	0	0.38
85000	0.38	0.45	0.45	0	0	0.38
85100	0.38	0.45	0.45	0	0	0.38
85200	0.38	0.45	0.45	0	0	0.38
85300	0.38	0.45	0.45	0	0	0.38
85400	0.38	0.45	0.45	0	0	0.38
85500	0.38	0.45	0.45	0	0	0.38
85600	0.38	0.45	0.45	0	0	0.38
85700	0.38	0.45	0.45	0	0	0.38
85800	0.38	0.46	0.46	0	0	0.38
85900	0.38	0.46	0.46	0	0	0.38
86000	0.38	0.45	0.45	0	0	0.38
86100	0.38	0.45	0.45	0	0	0.38
86200	0.38	0.45	0.45	0	0	0.38
86300	0.38	0.45	0.45	0	0	0.38
86400	0.37	0.45	0.45	0	0	0.37
86500	0.37	0.45	0.45	0	0	0.37
86600	0.37	0.44	0.44	0	0	0.37
86700	0.37	0.44	0.44	0	0	0.37
86800	0.37	0.44	0.44	0	0	0.37
86900	0.37	0.45	0.45	0	0	0.37
87000	0.37	0.45	0.45	0	0	0.37
87100	0.37	0.45	0.45	0	0	0.37
87200	0.37	0.45	0.45	0	0	0.37
87300	0.37	0.45	0.45	0	0	0.37
87400	0.37	0.45	0.45	0	0	0.37
87500	0.37	0.45	0.45	0	0	0.37
87600	0.37	0.45	0.45	0	0	0.37
87700	0.37	0.45	0.45	0	0	0.37
87800	0.38	0.45	0.45	0	0	0.38
87900	0.38	0.45	0.45	0	0	0.38
88000	0.38	0.45	0.45	0	0	0.38
88100	0.38	0.45	0.45	0	0	0.38
88200	0.38	0.45	0.45	0	0	0.38
88300	0.38	0.45	0.45	0	0	0.38
88400	0.38	0.45	0.45	0	0	0.38
88500	0.38	0.45	0.45	0	0	0.38
88600	0.38	0.45	0.45	0	0	0.38
88700	0.38	0.45	0.45	0	0	0.38
88800	0.38	0.45	0.45	0	0	0.38
88900	0.38	0.45	0.45	0	0	0.38
89000	0.38	0.45	0.45	0	0	0.38
89100	0.38	0.45	0.45	0	0	0.38
89200	0.38	0.45	0.45	0	0	0.38
89300	0.38	0.45	0.45	0	0	0.38
89400	0.38	0.46	0.46	0	0	0.38
89500	0.38	0.47	0.47	0	0	0.38
89600	0.38	0.46	0.46	0	0	0.38
89700	0.38	0.46	0.46	0	0	0.38
89800	0.38	0.45	0.45	0	0	0.38
89900	0.38	0.45	0.45	0	0	0.38
90000	0.38	0.45	0.45	0	0	0.38
90100	0.39	0.45	0.45	0	0	0.39
90200	0.38	0.45	0.45	0	0	0.38
90300	0.38	0.45	0.45	0	0	0.38
90400	0.38	0.46	0.46	0	0	0.38
90500	0.38	0.46	0.46	0	0	0.38
90600	0.38	0.46	0.46	0	0	0.38
90700	0.38	0.45	0.45	0	0	0.38
90800	0.38	0.45	0.45	0	0	0.38
90900	0.38	0.45	0.45	0	0	0.38
91000	0.38	0.45	0.45	0	0	0.38
91100	0.38	0.45	0.45	0	0	0.38
91200	0.38	0.45	0.45	0	0	0.38
91300	0.38	0.46	0.46	0	0	0.38
91400	0.38	0.45	0.45	0	0	0.38
91500	0.38	0.45	0.45	0	0	0.38
91600	0.38	0.45	0.45	0	0	0.38
91700	0.38	0.45	0.45	0	0	0.38
91800	0.38	0.45	0.45	0	0	0.38
91900	0.38	0.45	0.45	0	0	0.38
92000	0.38	0.45	0.45	0	0	0.38
92100	0.38	0.45	0.45	0	0	0.38
92200	0.38	0.45	0.45	0	0	0.38
92300	0.38	0.45	0.45	0	0	0.38
92400	0.38	0.45	0.45	0	0	0.38
92500	0.38	0.45	0.45	0	0	0.38
92600	0.38	0.45	0.45	0	0	0.38
92700	0.39	0.45	0.45	0	0	0.39
92800	0.39	0.45	0.45	0	0	0.39
92900	0.4	0.45	0.45	0	0	0.4
93000	0.4	0.45	0.45	0	0	0.4
93100	0.4	0.45	0.45	0	0	0.4
93200	0.39	0.45	0.45	0	0	0.39
93300	0.39	0.45	0.45	0	0	0.39
93400	0.39	0.45	0.45	0	0	0.39
93500	0.39	0.45	0.45	0	0	0.39
93600	0.39	0.45	0.45	0	0	0.39
93700	0.39	0.45	0.45	0	0	0.39
93800	0.39	0.45	0.45	0	0	0.39
93900	0.39	0.45	0.45	0	0	0.39
94000	0.39	0.45	0.45	0	0	0.39
94100	0.39	0.45	0.45	0	0	0.39
94200	0.39	0.45	0.45	0	0	0.39
94300	0.39	0.45	0.45	0	0	0.39
94400	0.4	0.45	0.45	0	0	0.4
94500	0.4	0.45	0.45	0	0	0.4
94600	0.4	0.46	0.46	0	0	0.4
94700	0.4	0.46	0.46	0	0	0.4
94800	0.4	0.46	0.46	0	0	0.4
94900	0.4	0.46	0.46	0	0	0.4
95000	0.4	0.46	0.46	0	0	0.4
95100	0.4	0.46	0.46	0	0	0.4
95200	0.4	0.46	0.46	0	0	0.4
95300	0.4	0.46	0.46	0	0	0.4
95400	0.4	0.46	0.46	0	0	0.4
95500	0.39	0.46	0.46	0	0	0.39
95600	0.39	0.46	0.46	0	0	0.39
95700	0.39	0.46	0.46	0	0	0.39
95800	0.39	0.46	0.46	0	0	0.39
95900	0.39	0.46	0.46	0	0	0.39
96000	0.39	0.46	0.46	0	0	0.39
96100	0.39	0.47	0.47	0	0	0.39
96200	0.39	0.47	0.47	0	0	0.39
96300	0.39	0.47	0.47	0	0	0.39
96400	0.39	0.47	0.47	0	0	0.39
96500	0.39	0.47	0.47	0	0	0.39
96600	0.39	0.47	0.47	0	0	0.39
96700	0.4	0.47	0.47	0	0	0.4
96800	0.4	0.47	0.47	0	0	0.4
96900	0.4	0.47	0.47	0	0	0.4
97000	0.41	0.47	0.47	0	0	0.41
97100	0.41	0.47	0.47	0	0	0.41
97200	0.4	0.47	0.47	0	0	0.4
97300	0.4	0.47	0.47	0	0	0.4
97400	0.4	0.47	0.47	0	0	0.4
97500	0.4	0.47	0.47	0	0	0.4
97600	0.4	0.47	0.47	0	0	0.4
97700	0.4	0.47	0.47	0	0	0.4
97800	0.4	0.47	0.47	0	0	0.4
97900	0.4	0.46	0.46	0	0	0.4
98000	0.4	0.46	0.46	0	0	0.4
98100	0.4	0.46	0.46	0	0	0.4
98200	0.4	0.46	0.46	0	0	0.4
98300	0.4	0.46	0.46	0	0	0.4
98400	0.4	0.46	0.46	0	0	0.4
98500	0.4	0.46	0.46	0	0	0.4
98600	0.4	0.46	0.46	0	0	0.4
98700	0.4	0.46	0.46	0	0	0.4
98800	0.4	0.46	0.46	0	0	0.4
98900	0.4	0.46	0.46	0	0	0.4
99000	0.4	0.46	0.46	0	0	0.4
99100	0.41	0.46	0.46	0	0	0.41
99200	0.4	0.46	0.46	0	0	0.4
99300	0.39	0.46	0.46	0	0	0.39
99400	0.39	0.46	0.46	0	0	0.39
99500	0.39	0.46	0.46	0	0	0.39
99600	0.39	0.46	0.46	0	0	0.39
99700	0.39	0.46	0.46	0	0	0.39
99800	0.39	0.46	0.46	0	0	0.39
99900	0.39	0.46	0.46	0	0	0.39
100000	0.39	0.47	0.47	0	0	0.39
100100	0.4	0.47	0.47	0	0	0.4
100200	0.39	0.47	0.47	0	0	0.39
100300	0.39	0.48	0.48	0	0	0.39
100400	0.39	0.48	0.48	0	0	0.39
100500	0.38	0.48	0.48	0	0	0.38
100600	0.38	0.48	0.48	0	0	0.38
100700	0.38	0.48	0.48	0	0	0.38
100800	0.38	0.48	0.48	0	0	0.38
100900	0.38	0.48	0.48	0	0	0.38
101000	0.38	0.48	0.48	0	0	0.38
101100	0.39	0.48	0.48	0	0	0.39
101200	0.39	0.48	0.48	0	0	0.39
101300	0.39	0.48	0.48	0	0	0.39
101400	0.39	0.48	0.48	0	0	0.39
101500	0.38	0.48	0.48	0	0	0.38
101600	0.38	0.48	0.48	0	0	0.38
101700	0.38	0.48	0.48	0	0	0.38
101800	0.38	0.48	0.48	0	0	0.38
101900	0.38	0.48	0.48	0	0	0.38
102000	0.38	0.48	0.48	0	0	0.38
102100	0.38	0.48	0.48	0	0	0.38
102200	0.38	0.48	0.48	0	0	0.38
102300	0.38	0.48	0.48	0	0	0.38
102400	0.38	0.48	0.48	0	0	0.38
102500	0.38	0.48	0.48	0	0	0.38
102600	0.38	0.48	0.48	0	0	0.38
102700	0.38	0.48	0.48	0	0	0.38
102800	0.38	0.48	0.48	0	0	0.38
102900	0.38	0.48	0.48	0	0	0.38
103000	0.38	0.48	0.48	0	0	0.38
103100	0.38	0.48	0.48	0	0	0.38
103200	0.38	0.48	0.48	0	0	0.38
103300	0.38	0.48	0.48	0	0	0.38
103400	0.38	0.48	0.48	0	0	0.38
103500	0.38	0.48	0.48	0	0	0.38
103600	0.39	0.48	0.48	0	0	0.39
103700	0.39	0.48	0.48	0	0	0.39
103800	0.4	0.48	0.48	0	0	0.4
103900	0.39	0.48	0.48	0	0	0.39
104000	0.39	0.48	0.48	0	0	0.39
104100	0.39	0.48	0.48	0	0	0.39
104200	0.39	0.48	0.48	0	0	0.39
104300	0.39	0.48	0.48	0	0	0.39
104400	0.39	0.48	0.48	0	0	0.39
104500	0.39	0.48	0.48	0	0	0.39
104600	0.39	0.48	0.48	0	0	0.39
104700	0.39	0.48	0.48	0	0	0.39
104800	0.39	0.48	0.48	0	0	0.39
104900	0.39	0.48	0.48	0	0	0.39
105000	0.39	0.48	0.48	0	0	0.39
105100	0.39	0.48	0.48	0	0	0.39
105200	0.39	0.48	0.48	0	0	0.39
105300	0.39	0.48	0.48	0	0	0.39
105400	0.39	0.48	0.48	0	0	0.39
105500	0.39	0.48	0.48	0	0	0.39
105600	0.39	0.49	0.49	0	0	0.39
105700	0.39	0.49	0.49	0	0	0.39
105800	0.4	0.49	0.49	0	0	0.4
105900	0.39	0.49	0.49	0	0	0.39
106000	0.39	0.49	0.49	0	0	0.39
106100	0.39	0.49	0.49	0	0	0.39
106200	0.39	0.49	0.49	0	0	0.39
106300	0.39	0.49	0.49	0	0	0.39
106400	0.39	0.49	0.49	0	0	0.39
106500	0.39	0.49	0.49	0	0	0.39
106600	0.39	0.49	0.49	0	0	0.39
106700	0.39	0.49	0.49	0	0	0.39
106800	0.39	0.49	0.49	0	0	0.39
106900	0.39	0.49	0.49	0	0	0.39
107000	0.39	0.49	0.49	0	0	0.39
107100	0.4	0.49	0.49	0	0	0.4
107200	0.4	0.49	0.49	0	0	0.4
107300	0.4	0.49	0.49	0	0	0.4
107400	0.4	0.49	0.49	0	0	0.4
107500	0.4	0.49	0.49	0	0	0.4
107600	0.4	0.49	0.49	0	0	0.4
107700	0.39	0.49	0.49	0	0	0.39
107800	0.39	0.49	0.49	0	0	0.39
107900	0.39	0.49	0.49	0	0	0.39
108000	0.39	0.49	0.49	0	0	0.39
108100	0.39	0.49	0.49	0	0	0.39
108200	0.39	0.49	0.49	0	0	0.39
108300	0.39	0.49	0.49	0	0	0.39
108400	0.39	0.49	0.49	0	0	0.39
108500	0.39	0.49	0.49	0	0	0.39
108600	0.39	0.49	0.49	0	0	0.39
108700	0.39	0.49	0.49	0	0	0.39
108800	0.39	0.48	0.48	0	0	0.39
108900	0.39	0.48	0.48	0	0	0.39
109000	0.39	0.48	0.48	0	0	0.39
109100	0.39	0.48	0.48	0	0	0.39
109200	0.39	0.48	0.48	0	0	0.39
109300	0.39	0.48	0.48	0	0	0.39
109400	0.39	0.48	0.48	0	0	0.39
109500	0.39	0.48	0.48	0	0	0.39
109600	0.39	0.48	0.48	0	0	0.39
109700	0.39	0.48	0.48	0	0	0.39
109800	0.39	0.48	0.48	0	0	0.39
109900	0.39	0.48	0.48	0	0	0.39
110000	0.39	0.48	0.48	0	0	0.39
110100	0.39	0.48	0.48	0	0	0.39
110200	0.4	0.48	0.48	0	0	0.4
110300	0.4	0.49	0.49	0	0	0.4
110400	0.4	0.48	0.48	0	0	0.4
110500	0.4	0.48	0.48	0	0	0.4
110600	0.4	0.48	0.48	0	0	0.4
110700	0.4	0.48	0.48	0	0	0.4
110800	0.4	0.48	0.48	0	0	0.4
110900	0.39	0.48	0.48	0	0	0.39
111000	0.39	0.48	0.48	0	0	0.39
111100	0.39	0.48	0.48	0	0	0.39
111200	0.39	0.48	0.48	0	0	0.39
111300	0.39	0.48	0.48	0	0	0.39
111400	0.39	0.48	0.48	0	0	0.39
111500	0.39	0.48	0.48	0	0	0.39
111600	0.39	0.48	0.48	0	0	0.39
111700	0.4	0.48	0.48	0	0	0.4
111800	0.4	0.48	0.48	0	0	0.4
111900	0.39	0.48	0.48	0	0	0.39
112000	0.39	0.48	0.48	0	0	0.39
112100	0.39	0.48	0.48	0	0	0.39
112200	0.39	0.48	0.48	0	0	0.39
112300	0.39	0.48	0.48	0	0	0.39
112400	0.39	0.48	0.48	0	0	0.39
112500	0.39	0.48	0.48	0	0	0.39
112600	0.39	0.48	0.48	0	0	0.39
112700	0.39	0.48	0.48	0	0	0.39
112800	0.39	0.48	0.48	0	0	0.39
112900	0.39	0.48	0.48	0	0	0.39
113000	0.39	0.48	0.48	0	0	0.39
113100	0.39	0.48	0.48	0	0	0.39
113200	0.39	0.48	0.48	0	0	0.39
113300	0.39	0.48	0.48	0	0	0.39
113400	0.39	0.48	0.48	0	0	0.39
113500	0.39	0.48	0.48	0	0	0.39
113600	0.39	0.48	0.48	0	0	0.39
113700	0.39	0.48	0.48	0	0	0.39
113800	0.39	0.48	0.48	0	0	0.39
113900	0.39	0.48	0.48	0	0	0.39
114000	0.39	0.48	0.48	0	0	0.39
114100	0.39	0.48	0.48	0	0	0.39
114200	0.39	0.48	0.48	0	0	0.39
114300	0.39	0.48	0.48	0	0	0.39
114400	0.39	0.48	0.48	0	0	0.39
114500	0.39	0.48	0.48	0	0	0.39
114600	0.39	0.48	0.48	0	0	0.39
114700	0.39	0.48	0.48	0	0	0.39
114800	0.39	0.48	0.48	0	0	0.39
114900	0.39	0.48	0.48	0	0	0.39
115000	0.39	0.48	0.48	0	0	0.39
115100	0.39	0.48	0.48	0	0	0.39
115200	0.39	0.48	0.48	0	0	0.39
115300	0.39	0.48	0.48	0	0	0.39
115400	0.39	0.48	0.48	0	0	0.39
115500	0.39	0.48	0.48	0	0	0.39
115600	0.39	0.48	0.48	0	0	0.39
115700	0.39	0.48	0.48	0	0	0.39
115800	0.39	0.48	0.48	0	0	0.39
115900	0.39	0.48	0.48	0	0	0.39
116000	0.39	0.48	0.48	0	0	0.39
116100	0.39	0.48	0.48	0	0	0.39
116200	0.39	0.48	0.48	0	0	0.39
116300	0.39	0.49	0.49	0	0	0.39
116400	0.39	0.48	0.48	0	0	0.39
116500	0.39	0.48	0.48	0	0	0.39
116600	0.39	0.48	0.48	0	0	0.39
116700	0.39	0.48	0.48	0	0	0.39
116800	0.39	0.48	0.48	0	0	0.39
116900	0.39	0.48	0.48	0	0	0.39
117000	0.39	0.48	0.48	0	0	0.39
117100	0.39	0.48	0.48	0	0	0.39
117200	0.39	0.48	0.48	0	0	0.39
117300	0.39	0.48	0.48	0	0	0.39
117400	0.39	0.48	0.48	0	0	0.39
117500	0.39	0.48	0.48	0	0	0.39
117600	0.39	0.48	0.48	0	0	0.39
117700	0.39	0.48	0.48	0	0	0.39
117800	0.39	0.48	0.48	0	0	0.39
117900	0.39	0.48	0.48	0	0	0.39
118000	0.39	0.48	0.48	0	0	0.39
118100	0.39	0.48	0.48	0	0	0.39
118200	0.39	0.48	0.48	0	0	0.39
118300	0.39	0.48	0.48	0	0	0.39
118400	0.39	0.48	0.48	0	0	0.39
118500	0.39	0.49	0.49	0	0	0.39
118600	0.39	0.49	0.49	0	0	0.39
118700	0.39	0.49	0.49	0	0	0.39
118800	0.39	0.49	0.49	0	0	0.39
118900	0.39	0.49	0.49	0	0	0.39
119000	0.39	0.49	0.49	0	0	0.39
119100	0.39	0.49	0.49	0	0	0.39
119200	0.39	0.49	0.49	0	0	0.39
119300	0.39	0.48	0.48	0	0	0.39
119400	0.39	0.48	0.48	0	0	0.39
119500	0.39	0.48	0.48	0	0	0.39
119600	0.39	0.47	0.47	0	0	0.39
119700	0.39	0.47	0.47	0	0	0.39
119800	0.39	0.47	0.47	0	0	0.39
119900	0.39	0.47	0.47	0	0	0.39
120000	0.39	0.47	0.47	0	0	0.39
120100	0.39	0.47	0.47	0	0	0.39
120200	0.39	0.47	0.47	0	0	0.39
120300	0.39	0.47	0.47	0	0	0.39
120400	0.39	0.47	0.47	0	0	0.39
120500	0.39	0.47	0.47	0	0	0.39
120600	0.39	0.47	0.47	0	0	0.39
120700	0.39	0.48	0.48	0	0	0.39
120800	0.39	0.48	0.48	0	0	0.39
120900	0.4	0.48	0.48	0	0	0.4
121000	0.4	0.48	0.48	0	0	0.4
121100	0.4	0.48	0.48	0	0	0.4
121200	0.4	0.48	0.48	0	0	0.4
121300	0.4	0.48	0.48	0	0	0.4
121400	0.39	0.48	0.48	0	0	0.39
121500	0.39	0.48	0.48	0	0	0.39
121600	0.39	0.48	0.48	0	0	0.39
121700	0.39	0.48	0.48	0	0	0.39
121800	0.39	0.48	0.48	0	0	0.39
121900	0.39	0.48	0.48	0	0	0.39
122000	0.39	0.48	0.48	0	0	0.39
122100	0.39	0.48	0.48	0	0	0.39
122200	0.38	0.48	0.48	0	0	0.38
122300	0.38	0.48	0.48	0	0	0.38
122400	0.37	0.48	0.48	0	0	0.37
122500	0.37	0.48	0.48	0	0	0.37
122600	0.37	0.48	0.48	0	0	0.37
122700	0.37	0.48	0.48	0	0	0.37
122800	0.37	0.48	0.48	0	0	0.37
122900	0.37	0.48	0.48	0	0	0.37
123000	0.37	0.48	0.48	0	0	0.37
123100	0.37	0.48	0.48	0	0	0.37
123200	0.37	0.48	0.48	0	0	0.37
123300	0.37	0.48	0.48	0	0	0.37
123400	0.37	0.48	0.48	0	0	0.37
123500	0.37	0.48	0.48	0	0	0.37
123600	0.37	0.48	0.48	0	0	0.37
123700	0.37	0.48	0.48	0	0	0.37
123800	0.37	0.49	0.49	0	0	0.37
123900	0.37	0.49	0.49	0	0	0.37
124000	0.37	0.49	0.49	0	0	0.37
124100	0.37	0.49	0.49	0	0	0.37
124200	0.37	0.49	0.49	0	0	0.37
124300	0.37	0.49	0.49	0	0	0.37
124400	0.37	0.49	0.49	0	0	0.37
124500	0.37	0.49	0.49	0	0	0.37
124600	0.37	0.49	0.49	0	0	0.37
124700	0.37	0.49	0.49	0	0	0.37
124800	0.37	0.49	0.49	0	0	0.37
124900	0.37	0.49	0.49	0	0	0.37
125000	0.37	0.49	0.49	0	0	0.37
125100	0.37	0.49	0.49	0	0	0.37
125200	0.37	0.5	0.5	0	0	0.37
125300	0.37	0.5	0.5	0	0	0.37
125400	0.37	0.5	0.5	0	0	0.37
125500	0.37	0.5	0.5	0	0	0.37
125600	0.37	0.48	0.48	0	0	0.37
125700	0.37	0.48	0.48	0	0	0.37
125800	0.37	0.47	0.47	0	0	0.37
125900	0.37	0.46	0.46	0	0	0.37
126000	0.37	0.46	0.46	0	0	0.37
126100	0.37	0.46	0.46	0	0	0.37
126200	0.37	0.46	0.46	0	0	0.37
126300	0.37	0.46	0.46	0	0	0.37
126400	0.37	0.47	0.47	0	0	0.37
126500	0.37	0.46	0.46	0	0	0.37
126600	0.37	0.46	0.46	0	0	0.37
126700	0.37	0.46	0.46	0	0	0.37
126800	0.37	0.46	0.46	0	0	0.37
126900	0.37	0.46	0.46	0	0	0.37
127000	0.37	0.45	0.45	0	0	0.37
127100	0.37	0.45	0.45	0	0	0.37
127200	0.37	0.45	0.45	0	0	0.37
127300	0.37	0.45	0.45	0	0	0.37
127400	0.37	0.45	0.45	0	0	0.37
127500	0.37	0.45	0.45	0	0	0.37
127600	0.37	0.45	0.45	0	0	0.37
127700	0.37	0.45	0.45	0	0	0.37
127800	0.37	0.45	0.45	0	0	0.37
127900	0.37	0.45	0.45	0	0	0.37
128000	0.37	0.45	0.45	0	0	0.37
128100	0.37	0.45	0.45	0	0	0.37
128200	0.37	0.45	0.45	0	0	0.37
128300	0.37	0.45	0.45	0	0	0.37
128400	0.37	0.45	0.45	0	0	0.37
128500	0.37	0.45	0.45	0	0	0.37
128600	0.38	0.45	0.45	0	0	0.38
128700	0.38	0.45	0.45	0	0	0.38
128800	0.38	0.45	0.45	0	0	0.38
128900	0.38	0.45	0.45	0	0	0.38
129000	0.38	0.45	0.45	0	0	0.38
129100	0.38	0.45	0.45	0	0	0.38
129200	0.38	0.45	0.45	0	0	0.38
129300	0.38	0.45	0.45	0	0	0.38
129400	0.38	0.45	0.45	0	0	0.38
129500	0.38	0.44	0.44	0	0	0.38
129600	0.38	0.44	0.44	0	0	0.38
129700	0.38	0.44	0.44	0	0	0.38
129800	0.38	0.44	0.44	0	0	0.38
129900	0.38	0.44	0.44	0	0	0.38
130000	0.38	0.44	0.44	0	0	0.38
130100	0.38	0.44	0.44	0	0	0.38
130200	0.38	0.44	0.44	0	0	0.38
130300	0.38	0.45	0.45	0	0	0.38
130400	0.38	0.44	0.44	0	0	0.38
130500	0.38	0.44	0.44	0	0	0.38
130600	0.38	0.44	0.44	0	0	0.38
130700	0.38	0.44	0.44	0	0	0.38
130800	0.38	0.44	0.44	0	0	0.38
130900	0.38	0.44	0.44	0	0	0.38
131000	0.38	0.44	0.44	0	0	0.38
131100	0.39	0.45	0.45	0	0	0.39
131200	0.39	0.44	0.44	0	0	0.39
131300	0.39	0.44	0.44	0	0	0.39
131400	0.39	0.44	0.44	0	0	0.39
131500	0.39	0.44	0.44	0	0	0.39
131600	0.38	0.44	0.44	0	0	0.38
131700	0.38	0.44	0.44	0	0	0.38
131800	0.38	0.44	0.44	0	0	0.38
131900	0.38	0.44	0.44	0	0	0.38
132000	0.38	0.44	0.44	0	0	0.38
132100	0.38	0.44	0.44	0	0	0.38
132200	0.38	0.44	0.44	0	0	0.38
132300	0.38	0.45	0.45	0	0	0.38
132400	0.38	0.45	0.45	0	0	0.38
132500	0.38	0.45	0.45	0	0	0.38
132600	0.38	0.45	0.45	0	0	0.38
132700	0.38	0.45	0.45	0	0	0.38
132800	0.38	0.45	0.45	0	0	0.38
132900	0.39	0.45	0.45	0	0	0.39
133000	0.39	0.45	0.45	0	0	0.39
133100	0.39	0.44	0.44	0	0	0.39
133200	0.39	0.44	0.44	0	0	0.39
133300	0.39	0.43	0.43	0	0	0.39
133400	0.39	0.43	0.43	0	0	0.39
133500	0.39	0.44	0.44	0	0	0.39
133600	0.39	0.43	0.43	0	0	0.39
133700	0.39	0.43	0.43	0	0	0.39
133800	0.4	0.43	0.43	0	0	0.4
133900	0.39	0.43	0.43	0	0	0.39
134000	0.39	0.43	0.43	0	0	0.39
134100	0.39	0.43	0.43	0	0	0.39
134200	0.39	0.43	0.43	0	0	0.39
134300	0.39	0.43	0.43	0	0	0.39
134400	0.39	0.43	0.43	0	0	0.39
134500	0.39	0.43	0.43	0	0	0.39
134600	0.39	0.43	0.43	0	0	0.39
134700	0.39	0.43	0.43	0	0	0.39
134800	0.39	0.43	0.43	0	0	0.39
134900	0.39	0.43	0.43	0	0	0.39
135000	0.39	0.43	0.43	0	0	0.39
135100	0.39	0.43	0.43	0	0	0.39
135200	0.39	0.43	0.43	0	0	0.39
135300	0.39	0.43	0.43	0	0	0.39
135400	0.39	0.43	0.43	0	0	0.39
135500	0.38	0.43	0.43	0	0	0.38
135600	0.38	0.43	0.43	0	0	0.38
135700	0.38	0.43	0.43	0	0	0.38
135800	0.38	0.43	0.43	0	0	0.38
135900	0.39	0.43	0.43	0	0	0.39
136000	0.39	0.43	0.43	0	0	0.39
136100	0.39	0.42	0.42	0	0	0.39
136200	0.39	0.42	0.42	0	0	0.39
136300	0.4	0.42	0.42	0	0	0.4
136400	0.4	0.42	0.42	0	0	0.4
136500	0.4	0.43	0.43	0	0	0.4
136600	0.4	0.43	0.43	0	0	0.4
136700	0.4	0.42	0.42	0	0	0.4
136800	0.4	0.42	0.42	0	0	0.4
136900	0.4	0.42	0.42	0	0	0.4
137000	0.4	0.42	0.42	0	0	0.4
137100	0.4	0.42	0.42	0	0	0.4
137200	0.4	0.42	0.42	0	0	0.4
137300	0.39	0.42	0.42	0	0	0.39
137400	0.39	0.42	0.42	0	0	0.39
137500	0.39	0.42	0.42	0	0	0.39
137600	0.39	0.42	0.42	0	0	0.39
137700	0.39	0.42	0.42	0	0	0.39
137800	0.39	0.42	0.42	0	0	0.39
137900	0.39	0.42	0.42	0	0	0.39
138000	0.39	0.42	0.42	0	0	0.39
138100	0.39	0.42	0.42	0	0	0.39
138200	0.4	0.42	0.42	0	0	0.4
138300	0.4	0.42	0.42	0	0	0.4
138400	0.4	0.42	0.42	0	0	0.4
138500	0.4	0.42	0.42	0	0	0.4
138600	0.4	0.42	0.42	0	0	0.4
138700	0.4	0.42	0.42	0	0	0.4
138800	0.4	0.42	0.42	0	0	0.4
138900	0.4	0.42	0.42	0	0	0.4
139000	0.4	0.42	0.42	0	0	0.4
139100	0.4	0.42	0.42	0	0	0.4
139200	0.4	0.42	0.42	0	0	0.4
139300	0.4	0.42	0.42	0	0	0.4
139400	0.4	0.42	0.42	0	0	0.4
139500	0.41	0.42	0.42	0	0	0.41
139600	0.4	0.42	0.42	0	0	0.4
139700	0.4	0.42	0.42	0	0	0.4
139800	0.4	0.42	0.42	0	0	0.4
139900	0.4	0.42	0.42	0	0	0.4
140000	0.4	0.42	0.42	0	0	0.4
140100	0.4	0.42	0.42	0	0	0.4
140200	0.4	0.42	0.42	0	0	0.4
140300	0.4	0.42	0.42	0	0	0.4
140400	0.4	0.42	0.42	0	0	0.4
140500	0.4	0.42	0.42	0	0	0.4
140600	0.4	0.42	0.42	0	0	0.4
140700	0.4	0.42	0.42	0	0	0.4
140800	0.4	0.42	0.42	0	0	0.4
140900	0.4	0.42	0.42	0	0	0.4
141000	0.4	0.42	0.42	0	0	0.4
141100	0.4	0.42	0.42	0	0	0.4
141200	0.4	0.42	0.42	0	0	0.4
141300	0.4	0.42	0.42	0	0	0.4
141400	0.4	0.42	0.42	0	0	0.4
141500	0.39	0.42	0.42	0	0	0.39
141600	0.39	0.42	0.42	0	0	0.39
141700	0.39	0.42	0.42	0	0	0.39
141800	0.39	0.42	0.42	0	0	0.39
141900	0.4	0.42	0.42	0	0	0.4
142000	0.4	0.44	0.44	0	0	0.4
142100	0.4	0.43	0.43	0	0	0.4
142200	0.41	0.43	0.43	0	0	0.41
142300	0.41	0.43	0.43	0	0	0.41
142400	0.41	0.43	0.43	0	0	0.41
142500	0.41	0.43	0.43	0	0	0.41
142600	0.4	0.43	0.43	0	0	0.4
142700	0.4	0.43	0.43	0	0	0.4
142800	0.4	0.43	0.43	0	0	0.4
142900	0.4	0.43	0.43	0	0	0.4
143000	0.4	0.43	0.43	0	0	0.4
143100	0.4	0.43	0.43	0	0	0.4
143200	0.4	0.43	0.43	0	0	0.4
143300	0.4	0.43	0.43	0	0	0.4
143400	0.4	0.43	0.43	0	0	0.4
143500	0.41	0.43	0.43	0	0	0.41
143600	0.41	0.43	0.43	0	0	0.41
143700	0.41	0.43	0.43	0	0	0.41
143800	0.41	0.43	0.43	0	0	0.41
143900	0.41	0.43	0.43	0	0	0.41
144000	0.41	0.43	0.43	0	0	0.41
144100	0.41	0.43	0.43	0	0	0.41
144200	0.41	0.43	0.43	0	0	0.41
144300	0.41	0.43	0.43	0	0	0.41
144400	0.41	0.43	0.43	0	0	0.41
144500	0.41	0.43	0.43	0	0	0.41
144600	0.41	0.43	0.43	0	0	0.41
144700	0.41	0.43	0.43	0	0	0.41
144800	0.41	0.43	0.43	0	0	0.41
144900	0.41	0.43	0.43	0	0	0.41
145000	0.42	0.43	0.43	0	0	0.42
145100	0.42	0.43	0.43	0	0	0.42
145200	0.42	0.43	0.43	0	0	0.42
145300	0.42	0.43	0.43	0	0	0.42
145400	0.42	0.43	0.43	0	0	0.42
145500	0.42	0.43	0.43	0	0	0.42
145600	0.42	0.43	0.43	0	0	0.42
145700	0.42	0.43	0.43	0	0	0.42
145800	0.43	0.43	0.43	0	0	0.43
145900	0.42	0.43	0.43	0	0	0.42
146000	0.39	0.43	0.43	0	0	0.39
146100	0.39	0.43	0.43	0	0	0.39
146200	0.38	0.43	0.43	0	0	0.38
146300	0.38	0.43	0.43	0	0	0.38
146400	0.38	0.43	0.43	0	0	0.38
146500	0.36	0.43	0.43	0	0	0.36
146600	0.36	0.43	0.43	0	0	0.36
146700	0.35	0.43	0.43	0	0	0.35
146800	0.35	0.44	0.44	0	0	0.35
146900	0.34	0.44	0.44	0	0	0.34
147000	0.31	0.44	0.44	0	0	0.31
147100	0.32	0.45	0.45	0	0	0.32
147200	0.31	0.44	0.44	0	0	0.31
147300	0.31	0.44	0.44	0	0	0.31
147400	0.31	0.44	0.44	0	0	0.31
147500	0.31	0.43	0.43	0	0	0.31
147600	0.31	0.43	0.43	0	0	0.31
147700	0.31	0.43	0.43	0	0	0.31
147800	0.31	0.43	0.43	0	0	0.31
147900	0.31	0.43	0.43	0	0	0.31
148000	0.31	0.43	0.43	0	0	0.31
148100	0.31	0.43	0.43	0	0	0.31
148200	0.33	0.43	0.43	0	0	0.33
148300	0.33	0.43	0.43	0	0	0.33
148400	0.33	0.44	0.44	0	0	0.33
148500	0.34	0.44	0.44	0	0	0.34
148600	0.32	0.44	0.44	0	0	0.32
148700	0.31	0.44	0.44	0	0	0.31
148800	0.32	0.44	0.44	0	0	0.32
148900	0.32	0.44	0.44	0	0	0.32
149000	0.33	0.44	0.44	0	0	0.33
149100	0.33	0.45	0.45	0	0	0.33
149200	0.33	0.45	0.45	0	0	0.33
149300	0.32	0.44	0.44	0	0	0.32
149400	0.32	0.44	0.44	0	0	0.32
149500	0.32	0.44	0.44	0	0	0.32
149600	0.32	0.44	0.44	0	0	0.32
149700	0.32	0.44	0.44	0	0	0.32
149800	0.32	0.44	0.44	0	0	0.32
149900	0.32	0.44	0.44	0	0	0.32
150000	0.32	0.44	0.44	0	0	0.32
150100	0.32	0.44	0.44	0	0	0.32
150200	0.32	0.44	0.44	0	0	0.32
150300	0.32	0.44	0.44	0	0	0.32
150400	0.33	0.44	0.44	0	0	0.33
150500	0.33	0.44	0.44	0	0	0.33
150600	0.33	0.44	0.44	0	0	0.33
150700	0.33	0.44	0.44	0	0	0.33
150800	0.33	0.44	0.44	0	0	0.33
150900	0.33	0.44	0.44	0	0	0.33
151000	0.33	0.44	0.44	0	0	0.33
151100	0.34	0.44	0.44	0	0	0.34
151200	0.34	0.44	0.44	0	0	0.34
151300	0.34	0.44	0.44	0	0	0.34
151400	0.34	0.44	0.44	0	0	0.34
151500	0.34	0.44	0.44	0	0	0.34
151600	0.34	0.44	0.44	0	0	0.34
151700	0.34	0.44	0.44	0	0	0.34
151800	0.34	0.44	0.44	0	0	0.34
151900	0.34	0.44	0.44	0	0	0.34
152000	0.34	0.44	0.44	0	0	0.34
152100	0.35	0.44	0.44	0	0	0.35
152200	0.35	0.44	0.44	0	0	0.35
152300	0.35	0.44	0.44	0	0	0.35
152400	0.35	0.44	0.44	0	0	0.35
152500	0.35	0.44	0.44	0	0	0.35
152600	0.35	0.44	0.44	0	0	0.35
152700	0.34	0.44	0.44	0	0	0.34
152800	0.35	0.44	0.44	0	0	0.35
152900	0.35	0.44	0.44	0	0	0.35
153000	0.35	0.44	0.44	0	0	0.35
153100	0.35	0.44	0.44	0	0	0.35
153200	0.35	0.44	0.44	0	0	0.35
153300	0.35	0.44	0.44	0	0	0.35
153400	0.34	0.44	0.44	0	0	0.34
153500	0.34	0.44	0.44	0	0	0.34
153600	0.34	0.44	0.44	0	0	0.34
153700	0.34	0.44	0.44	0	0	0.34
153800	0.34	0.44	0.44	0	0	0.34
153900	0.34	0.44	0.44	0	0	0.34
154000	0.34	0.44	0.44	0	0	0.34
154100	0.34	0.44	0.44	0	0	0.34
154200	0.35	0.44	0.44	0	0	0.35
154300	0.35	0.44	0.44	0	0	0.35
154400	0.35	0.44	0.44	0	0	0.35
154500	0.35	0.44	0.44	0	0	0.35
154600	0.35	0.44	0.44	0	0	0.35
154700	0.35	0.44	0.44	0	0	0.35
154800	0.35	0.44	0.44	0	0	0.35
154900	0.35	0.44	0.44	0	0	0.35
155000	0.36	0.44	0.44	0	0	0.36
155100	0.36	0.44	0.44	0	0	0.36
155200	0.36	0.44	0.44	0	0	0.36
155300	0.37	0.44	0.44	0	0	0.37
155400	0.37	0.44	0.44	0	0	0.37
155500	0.36	0.44	0.44	0	0	0.36
155600	0.36	0.44	0.44	0	0	0.36
155700	0.36	0.44	0.44	0	0	0.36
155800	0.36	0.44	0.44	0	0	0.36
155900	0.36	0.42	0.42	0	0	0.36
156000	0.36	0.42	0.42	0	0	0.36
156100	0.36	0.43	0.43	0	0	0.36
156200	0.35	0.43	0.43	0	0	0.35
156300	0.35	0.44	0.44	0	0	0.35
156400	0.35	0.44	0.44	0	0	0.35
156500	0.35	0.42	0.42	0	0	0.35
156600	0.35	0.42	0.42	0	0	0.35
156700	0.35	0.42	0.42	0	0	0.35
156800	0.35	0.42	0.42	0	0	0.35
156900	0.35	0.42	0.42	0	0	0.35
157000	0.35	0.42	0.42	0	0	0.35
157100	0.35	0.42	0.42	0	0	0.35
157200	0.35	0.42	0.42	0	0	0.35
157300	0.35	0.42	0.42	0	0	0.35
157400	0.35	0.42	0.42	0	0	0.35
157500	0.35	0.43	0.43	0	0	0.35
157600	0.35	0.42	0.42	0	0	0.35
157700	0.35	0.42	0.42	0	0	0.35
157800	0.35	0.42	0.42	0	0	0.35
157900	0.35	0.43	0.43	0	0	0.35
158000	0.35	0.42	0.42	0	0	0.35
158100	0.35	0.42	0.42	0	0	0.35
158200	0.35	0.43	0.43	0	0	0.35
158300	0.35	0.43	0.43	0	0	0.35
158400	0.35	0.43	0.43	0	0	0.35
158500	0.35	0.42	0.42	0	0	0.35
158600	0.35	0.42	0.42	0	0	0.35
158700	0.35	0.42	0.42	0	0	0.35
158800	0.35	0.42	0.42	0	0	0.35
158900	0.35	0.42	0.42	0	0	0.35
159000	0.35	0.42	0.42	0	0	0.35
159100	0.36	0.42	0.42	0	0	0.36
159200	0.36	0.42	0.42	0	0	0.36
159300	0.36	0.42	0.42	0	0	0.36
159400	0.36	0.43	0.43	0	0	0.36
159500	0.36	0.42	0.42	0	0	0.36
159600	0.36	0.42	0.42	0	0	0.36
159700	0.36	0.41	0.41	0	0	0.36
159800	0.36	0.41	0.41	0	0	0.36
159900	0.36	0.41	0.41	0	0	0.36
160000	0.36	0.41	0.41	0	0	0.36
160100	0.36	0.41	0.41	0	0	0.36
160200	0.36	0.43	0.43	0	0	0.36
160300	0.36	0.43	0.43	0	0	0.36
160400	0.36	0.43	0.43	0	0	0.36
160500	0.36	0.43	0.43	0	0	0.36
160600	0.36	0.43	0.43	0	0	0.36
160700	0.37	0.43	0.43	0	0	0.37
160800	0.36	0.43	0.43	0	0	0.36
160900	0.36	0.43	0.43	0	0	0.36
161000	0.36	0.44	0.44	0	0	0.36
161100	0.36	0.44	0.44	0	0	0.36
161200	0.36	0.43	0.43	0	0	0.36
161300	0.36	0.43	0.43	0	0	0.36
161400	0.36	0.43	0.43	0	0	0.36
161500	0.36	0.44	0.44	0	0	0.36
161600	0.36	0.43	0.43	0	0	0.36
161700	0.36	0.43	0.43	0	0	0.36
161800	0.36	0.43	0.43	0	0	0.36
161900	0.37	0.44	0.44	0	0	0.37
162000	0.37	0.44	0.44	0	0	0.37
162100	0.37	0.44	0.44	0	0	0.37
162200	0.37	0.44	0.44	0	0	0.37
162300	0.37	0.44	0.44	0	0	0.37
162400	0.37	0.44	0.44	0	0	0.37
162500	0.37	0.44	0.44	0	0	0.37
162600	0.37	0.45	0.45	0	0	0.37
162700	0.37	0.45	0.45	0	0	0.37
162800	0.37	0.45	0.45	0	0	0.37
162900	0.36	0.44	0.44	0	0	0.36
163000	0.36	0.44	0.44	0	0	0.36
163100	0.36	0.44	0.44	0	0	0.36
163200	0.36	0.44	0.44	0	0	0.36
163300	0.36	0.44	0.44	0	0	0.36
163400	0.36	0.44	0.44	0	0	0.36
163500	0.35	0.45	0.45	0	0	0.35
163600	0.35	0.45	0.45	0	0	0.35
163700	0.35	0.44	0.44	0	0	0.35
163800	0.36	0.44	0.44	0	0	0.36
163900	0.37	0.44	0.44	0	0	0.37
164000	0.37	0.44	0.44	0	0	0.37
164100	0.37	0.44	0.44	0	0	0.37
164200	0.37	0.44	0.44	0	0	0.37
164300	0.37	0.44	0.44	0	0	0.37
164400	0.37	0.44	0.44	0	0	0.37
164500	0.37	0.44	0.44	0	0	0.37
164600	0.37	0.44	0.44	0	0	0.37
164700	0.36	0.44	0.44	0	0	0.36
164800	0.36	0.45	0.45	0	0	0.36
164900	0.36	0.44	0.44	0	0	0.36
165000	0.36	0.44	0.44	0	0	0.36
165100	0.37	0.44	0.44	0	0	0.37
165200	0.37	0.44	0.44	0	0	0.37
165300	0.37	0.44	0.44	0	0	0.37
165400	0.37	0.44	0.44	0	0	0.37
165500	0.37	0.44	0.44	0	0	0.37
165600	0.37	0.44	0.44	0	0	0.37
165700	0.37	0.44	0.44	0	0	0.37
165800	0.37	0.44	0.44	0	0	0.37
165900	0.37	0.44	0.44	0	0	0.37
166000	0.36	0.44	0.44	0	0	0.36
166100	0.36	0.44	0.44	0	0	0.36
166200	0.37	0.44	0.44	0	0	0.37
166300	0.36	0.44	0.44	0	0	0.36
166400	0.36	0.44	0.44	0	0	0.36
166500	0.36	0.44	0.44	0	0	0.36
166600	0.36	0.44	0.44	0	0	0.36
166700	0.36	0.44	0.44	0	0	0.36
166800	0.36	0.44	0.44	0	0	0.36
166900	0.36	0.44	0.44	0	0	0.36
167000	0.36	0.44	0.44	0	0	0.36
167100	0.36	0.44	0.44	0	0	0.36
167200	0.36	0.44	0.44	0	0	0.36
167300	0.36	0.44	0.44	0	0	0.36
167400	0.36	0.45	0.45	0	0	0.36
167500	0.36	0.45	0.45	0	0	0.36
167600	0.36	0.45	0.45	0	0	0.36
167700	0.36	0.45	0.45	0	0	0.36
167800	0.37	0.45	0.45	0	0	0.37
167900	0.37	0.45	0.45	0	0	0.37
168000	0.37	0.45	0.45	0	0	0.37
168100	0.37	0.45	0.45	0	0	0.37
168200	0.37	0.45	0.45	0	0	0.37
168300	0.36	0.44	0.44	0	0	0.36
168400	0.36	0.44	0.44	0	0	0.36
168500	0.36	0.44	0.44	0	0	0.36
168600	0.37	0.44	0.44	0	0	0.37
168700	0.36	0.45	0.45	0	0	0.36
168800	0.36	0.45	0.45	0	0	0.36
168900	0.36	0.45	0.45	0	0	0.36
169000	0.36	0.45	0.45	0	0	0.36
169100	0.36	0.45	0.45	0	0	0.36
169200	0.36	0.45	0.45	0	0	0.36
169300	0.36	0.45	0.45	0	0	0.36
169400	0.36	0.45	0.45	0	0	0.36
169500	0.36	0.45	0.45	0	0	0.36
169600	0.36	0.45	0.45	0	0	0.36
169700	0.36	0.45	0.45	0	0	0.36
169800	0.37	0.44	0.44	0	0	0.37
169900	0.37	0.44	0.44	0	0	0.37
170000	0.37	0.44	0.44	0	0	0.37
170100	0.38	0.44	0.44	0	0	0.38
170200	0.38	0.44	0.44	0	0	0.38
170300	0.38	0.44	0.44	0	0	0.38
170400	0.38	0.44	0.44	0	0	0.38
170500	0.38	0.44	0.44	0	0	0.38
170600	0.38	0.44	0.44	0	0	0.38
170700	0.38	0.44	0.44	0	0	0.38
170800	0.38	0.44	0.44	0	0	0.38
170900	0.38	0.44	0.44	0	0	0.38
171000	0.37	0.44	0.44	0	0	0.37
171100	0.37	0.44	0.44	0	0	0.37
171200	0.37	0.44	0.44	0	0	0.37
171300	0.37	0.44	0.44	0	0	0.37
171400	0.37	0.44	0.44	0	0	0.37
171500	0.37	0.44	0.44	0	0	0.37
171600	0.37	0.44	0.44	0	0	0.37
171700	0.38	0.44	0.44	0	0	0.38
171800	0.37	0.44	0.44	0	0	0.37
171900	0.37	0.44	0.44	0	0	0.37
172000	0.37	0.44	0.44	0	0	0.37
172100	0.37	0.44	0.44	0	0	0.37
172200	0.37	0.44	0.44	0	0	0.37
172300	0.38	0.44	0.44	0	0	0.38
172400	0.38	0.44	0.44	0	0	0.38
172500	0.36	0.45	0.45	0	0	0.36
172600	0.35	0.44	0.44	0	0	0.35
172700	0.35	0.44	0.44	0	0	0.35
172800	0.34	0.44	0.44	0	0	0.34
172900	0.34	0.44	0.44	0	0	0.34
173000	0.35	0.44	0.44	0	0	0.35
173100	0.34	0.44	0.44	0	0	0.34
173200	0.34	0.44	0.44	0	0	0.34
173300	0.34	0.44	0.44	0	0	0.34
173400	0.34	0.44	0.44	0	0	0.34
173500	0.35	0.44	0.44	0	0	0.35
173600	0.35	0.44	0.44	0	0	0.35
173700	0.35	0.44	0.44	0	0	0.35
173800	0.35	0.44	0.44	0	0	0.35
173900	0.35	0.44	0.44	0	0	0.35
174000	0.35	0.44	0.44	0	0	0.35
174100	0.35	0.44	0.44	0	0	0.35
174200	0.36	0.44	0.44	0	0	0.36
174300	0.36	0.44	0.44	0	0	0.36
174400	0.36	0.44	0.44	0	0	0.36
174500	0.36	0.45	0.45	0	0	0.36
174600	0.36	0.45	0.45	0	0	0.36
174700	0.36	0.45	0.45	0	0	0.36
174800	0.36	0.45	0.45	0	0	0.36
174900	0.36	0.45	0.45	0	0	0.36
175000	0.36	0.45	0.45	0	0	0.36
175100	0.36	0.45	0.45	0	0	0.36
175200	0.36	0.45	0.45	0	0	0.36
175300	0.36	0.45	0.45	0	0	0.36
175400	0.36	0.45	0.45	0	0	0.36
175500	0.36	0.45	0.45	0	0	0.36
175600	0.36	0.46	0.46	0	0	0.36
175700	0.36	0.46	0.46	0	0	0.36
175800	0.36	0.46	0.46	0	0	0.36
175900	0.36	0.46	0.46	0	0	0.36
176000	0.36	0.46	0.46	0	0	0.36
176100	0.37	0.46	0.46	0	0	0.37
176200	0.37	0.46	0.46	0	0	0.37
176300	0.38	0.47	0.47	0	0	0.38
176400	0.38	0.48	0.48	0	0	0.38
176500	0.38	0.47	0.47	0	0	0.38
176600	0.38	0.47	0.47	0	0	0.38
176700	0.38	0.47	0.47	0	0	0.38
176800	0.38	0.47	0.47	0	0	0.38
176900	0.38	0.47	0.47	0	0	0.38
177000	0.37	0.47	0.47	0	0	0.37
177100	0.37	0.47	0.47	0	0	0.37
177200	0.37	0.47	0.47	0	0	0.37
177300	0.37	0.47	0.47	0	0	0.37
177400	0.38	0.47	0.47	0	0	0.38
177500	0.38	0.47	0.47	0	0	0.38
177600	0.37	0.47	0.47	0	0	0.37
177700	0.37	0.47	0.47	0	0	0.37
177800	0.37	0.47	0.47	0	0	0.37
177900	0.37	0.47	0.47	0	0	0.37
178000	0.37	0.47	0.47	0	0	0.37
178100	0.37	0.47	0.47	0	0	0.37
178200	0.37	0.47	0.47	0	0	0.37
178300	0.37	0.47	0.47	0	0	0.37
178400	0.37	0.47	0.47	0	0	0.37
178500	0.37	0.47	0.47	0	0	0.37
178600	0.36	0.47	0.47	0	0	0.36
178700	0.36	0.47	0.47	0	0	0.36
178800	0.36	0.47	0.47	0	0	0.36
178900	0.37	0.48	0.48	0	0	0.37
179000	0.37	0.47	0.47	0	0	0.37
179100	0.37	0.47	0.47	0	0	0.37
179200	0.36	0.47	0.47	0	0	0.36
179300	0.36	0.47	0.47	0	0	0.36
179400	0.36	0.47	0.47	0	0	0.36
179500	0.36	0.47	0.47	0	0	0.36
179600	0.36	0.47	0.47	0	0	0.36
179700	0.36	0.48	0.48	0	0	0.36
179800	0.36	0.48	0.48	0	0	0.36
179900	0.36	0.48	0.48	0	0	0.36
180000	0.36	0.48	0.48	0	0	0.36
180100	0.36	0.48	0.48	0	0	0.36
180200	0.36	0.48	0.48	0	0	0.36
180300	0.36	0.48	0.48	0	0	0.36
180400	0.36	0.48	0.48	0	0	0.36
180500	0.36	0.49	0.49	0	0	0.36
180600	0.36	0.49	0.49	0	0	0.36
180700	0.36	0.49	0.49	0	0	0.36
180800	0.36	0.49	0.49	0	0	0.36
180900	0.36	0.49	0.49	0	0	0.36
181000	0.36	0.49	0.49	0	0	0.36
181100	0.36	0.49	0.49	0	0	0.36
181200	0.36	0.49	0.49	0	0	0.36
181300	0.36	0.49	0.49	0	0	0.36
181400	0.36	0.49	0.49	0	0	0.36
181500	0.36	0.49	0.49	0	0	0.36
181600	0.36	0.48	0.48	0	0	0.36
181700	0.36	0.48	0.48	0	0	0.36
181800	0.36	0.48	0.48	0	0	0.36
181900	0.36	0.48	0.48	0	0	0.36
182000	0.37	0.48	0.48	0	0	0.37
182100	0.37	0.48	0.48	0	0	0.37
182200	0.37	0.48	0.48	0	0	0.37
182300	0.38	0.48	0.48	0	0	0.38
182400	0.37	0.48	0.48	0	0	0.37
182500	0.36	0.48	0.48	0	0	0.36
182600	0.36	0.48	0.48	0	0	0.36
182700	0.36	0.48	0.48	0	0	0.36
182800	0.36	0.48	0.48	0	0	0.36
182900	0.36	0.48	0.48	0	0	0.36
183000	0.36	0.48	0.48	0	0	0.36
183100	0.36	0.48	0.48	0	0	0.36
183200	0.36	0.48	0.48	0	0	0.36
183300	0.36	0.48	0.48	0	0	0.36
183400	0.37	0.48	0.48	0	0	0.37
183500	0.37	0.48	0.48	0	0	0.37
183600	0.37	0.48	0.48	0	0	0.37
183700	0.37	0.48	0.48	0	0	0.37
183800	0.37	0.48	0.48	0	0	0.37
183900	0.37	0.48	0.48	0	0	0.37
184000	0.37	0.48	0.48	0	0	0.37
184100	0.37	0.48	0.48	0	0	0.37
184200	0.37	0.48	0.48	0	0	0.37
184300	0.37	0.49	0.49	0	0	0.37
184400	0.37	0.49	0.49	0	0	0.37
184500	0.37	0.49	0.49	0	0	0.37
184600	0.37	0.49	0.49	0	0	0.37
184700	0.37	0.49	0.49	0	0	0.37
184800	0.37	0.48	0.48	0	0	0.37
184900	0.37	0.46	0.46	0	0	0.37
185000	0.37	0.45	0.45	0	0	0.37
185100	0.37	0.45	0.45	0	0	0.37
185200	0.37	0.45	0.45	0	0	0.37
185300	0.37	0.45	0.45	0	0	0.37
185400	0.37	0.45	0.45	0	0	0.37
185500	0.37	0.45	0.45	0	0	0.37
185600	0.37	0.45	0.45	0	0	0.37
185700	0.37	0.45	0.45	0	0	0.37
185800	0.37	0.45	0.45	0	0	0.37
185900	0.37	0.45	0.45	0	0	0.37
186000	0.37	0.45	0.45	0	0	0.37
186100	0.37	0.45	0.45	0	0	0.37
186200	0.37	0.45	0.45	0	0	0.37
186300	0.37	0.45	0.45	0	0	0.37
186400	0.37	0.45	0.45	0	0	0.37
186500	0.38	0.45	0.45	0	0	0.38
186600	0.38	0.45	0.45	0	0	0.38
186700	0.38	0.45	0.45	0	0	0.38
186800	0.38	0.46	0.46	0	0	0.38
186900	0.38	0.45	0.45	0	0	0.38
187000	0.38	0.45	0.45	0	0	0.38
187100	0.38	0.45	0.45	0	0	0.38
187200	0.38	0.45	0.45	0	0	0.38
187300	0.38	0.45	0.45	0	0	0.38
187400	0.38	0.45	0.45	0	0	0.38
187500	0.38	0.45	0.45	0	0	0.38
187600	0.38	0.45	0.45	0	0	0.38
187700	0.38	0.45	0.45	0	0	0.38
187800	0.39	0.45	0.45	0	0	0.39
187900	0.38	0.45	0.45	0	0	0.38
188000	0.38	0.45	0.45	0	0	0.38
188100	0.38	0.45	0.45	0	0	0.38
188200	0.38	0.46	0.46	0	0	0.38
188300	0.38	0.46	0.46	0	0	0.38
188400	0.38	0.46	0.46	0	0	0.38
188500	0.38	0.46	0.46	0	0	0.38
188600	0.38	0.46	0.46	0	0	0.38
188700	0.38	0.46	0.46	0	0	0.38
188800	0.38	0.46	0.46	0	0	0.38
188900	0.38	0.46	0.46	0	0	0.38
189000	0.38	0.46	0.46	0	0	0.38
189100	0.38	0.46	0.46	0	0	0.38
189200	0.38	0.46	0.46	0	0	0.38
189300	0.38	0.46	0.46	0	0	0.38
189400	0.38	0.45	0.45	0	0	0.38
189500	0.38	0.45	0.45	0	0	0.38
189600	0.38	0.45	0.45	0	0	0.38
189700	0.38	0.45	0.45	0	0	0.38
189800	0.38	0.45	0.45	0	0	0.38
189900	0.38	0.45	0.45	0	0	0.38
190000	0.38	0.45	0.45	0	0	0.38
190100	0.39	0.45	0.45	0	0	0.39
190200	0.39	0.45	0.45	0	0	0.39
190300	0.39	0.45	0.45	0	0	0.39
190400	0.39	0.45	0.45	0	0	0.39
190500	0.39	0.45	0.45	0	0	0.39
190600	0.39	0.45	0.45	0	0	0.39
190700	0.39	0.45	0.45	0	0	0.39
190800	0.39	0.45	0.45	0	0	0.39
190900	0.39	0.45	0.45	0	0	0.39
191000	0.39	0.45	0.45	0	0	0.39
191100	0.38	0.45	0.45	0	0	0.38
191200	0.39	0.45	0.45	0	0	0.39
191300	0.39	0.45	0.45	0	0	0.39
191400	0.39	0.45	0.45	0	0	0.39
191500	0.39	0.45	0.45	0	0	0.39
191600	0.39	0.45	0.45	0	0	0.39
191700	0.39	0.45	0.45	0	0	0.39
191800	0.39	0.45	0.45	0	0	0.39
191900	0.39	0.45	0.45	0	0	0.39
192000	0.39	0.45	0.45	0	0	0.39
192100	0.39	0.45	0.45	0	0	0.39
192200	0.39	0.45	0.45	0	0	0.39
192300	0.39	0.45	0.45	0	0	0.39
192400	0.39	0.45	0.45	0	0	0.39
192500	0.39	0.45	0.45	0	0	0.39
192600	0.39	0.46	0.46	0	0	0.39
192700	0.39	0.45	0.45	0	0	0.39
192800	0.39	0.45	0.45	0	0	0.39
192900	0.38	0.45	0.45	0	0	0.38
193000	0.38	0.45	0.45	0	0	0.38
193100	0.38	0.45	0.45	0	0	0.38
193200	0.38	0.45	0.45	0	0	0.38
193300	0.38	0.45	0.45	0	0	0.38
193400	0.38	0.45	0.45	0	0	0.38
193500	0.38	0.45	0.45	0	0	0.38
193600	0.38	0.45	0.45	0	0	0.38
193700	0.38	0.45	0.45	0	0	0.38
193800	0.38	0.45	0.45	0	0	0.38
193900	0.39	0.45	0.45	0	0	0.39
194000	0.39	0.45	0.45	0	0	0.39
194100	0.4	0.45	0.45	0	0	0.4
194200	0.39	0.45	0.45	0	0	0.39
194300	0.39	0.45	0.45	0	0	0.39
194400	0.39	0.45	0.45	0	0	0.39
194500	0.39	0.45	0.45	0	0	0.39
194600	0.39	0.45	0.45	0	0	0.39
194700	0.39	0.45	0.45	0	0	0.39
194800	0.39	0.46	0.46	0	0	0.39
194900	0.39	0.46	0.46	0	0	0.39
195000	0.39	0.46	0.46	0	0	0.39
195100	0.39	0.46	0.46	0	0	0.39
195200	0.39	0.46	0.46	0	0	0.39
195300	0.39	0.46	0.46	0	0	0.39
195400	0.39	0.46	0.46	0	0	0.39
195500	0.39	0.46	0.46	0	0	0.39
195600	0.39	0.46	0.46	0	0	0.39
195700	0.39	0.46	0.46	0	0	0.39
195800	0.39	0.46	0.46	0	0	0.39
195900	0.39	0.46	0.46	0	0	0.39
196000	0.39	0.47	0.47	0	0	0.39
196100	0.39	0.46	0.46	0	0	0.39
196200	0.4	0.46	0.46	0	0	0.4
196300	0.4	0.46	0.46	0	0	0.4
196400	0.4	0.46	0.46	0	0	0.4
196500	0.39	0.46	0.46	0	0	0.39
196600	0.39	0.45	0.45	0	0	0.39
196700	0.39	0.45	0.45	0	0	0.39
196800	0.38	0.45	0.45	0	0	0.38
196900	0.38	0.45	0.45	0	0	0.38
197000	0.38	0.45	0.45	0	0	0.38
197100	0.38	0.45	0.45	0	0	0.38
197200	0.38	0.45	0.45	0	0	0.38
197300	0.38	0.45	0.45	0	0	0.38
197400	0.38	0.46	0.46	0	0	0.38
197500	0.38	0.45	0.45	0	0	0.38
197600	0.38	0.45	0.45	0	0	0.38
197700	0.38	0.45	0.45	0	0	0.38
197800	0.39	0.45	0.45	0	0	0.39
197900	0.4	0.45	0.45	0	0	0.4
198000	0.4	0.45	0.45	0	0	0.4
198100	0.39	0.45	0.45	0	0	0.39
198200	0.4	0.45	0.45	0	0	0.4
198300	0.39	0.44	0.44	0	0	0.39
198400	0.38	0.44	0.44	0	0	0.38
198500	0.38	0.44	0.44	0	0	0.38
198600	0.38	0.44	0.44	0	0	0.38
198700	0.38	0.44	0.44	0	0	0.38
198800	0.38	0.44	0.44	0	0	0.38
198900	0.38	0.44	0.44	0	0	0.38
199000	0.38	0.44	0.44	0	0	0.38
199100	0.38	0.44	0.44	0	0	0.38
199200	0.38	0.44	0.44	0	0	0.38
199300	0.38	0.44	0.44	0	0	0.38
199400	0.38	0.45	0.45	0	0	0.38
199500	0.38	0.45	0.45	0	0	0.38
199600	0.38	0.45	0.45	0	0	0.38
199700	0.38	0.45	0.45	0	0	0.38
199800	0.38	0.45	0.45	0	0	0.38
199900	0.38	0.45	0.45	0	0	0.38
200000	0.39	0.45	0.45	0	0	0.39
200100	0.38	0.45	0.45	0	0	0.38
200200	0.38	0.45	0.45	0	0	0.38
200300	0.38	0.45	0.45	0	0	0.38
200400	0.38	0.45	0.45	0	0	0.38
200500	0.38	0.45	0.45	0	0	0.38
200600	0.38	0.45	0.45	0	0	0.38
200700	0.38	0.45	0.45	0	0	0.38
200800	0.38	0.44	0.44	0	0	0.38
200900	0.38	0.44	0.44	0	0	0.38
201000	0.38	0.44	0.44	0	0	0.38
201100	0.38	0.44	0.44	0	0	0.38
201200	0.38	0.44	0.44	0	0	0.38
201300	0.38	0.44	0.44	0	0	0.38
201400	0.38	0.44	0.44	0	0	0.38
201500	0.38	0.44	0.44	0	0	0.38
201600	0.38	0.44	0.44	0	0	0.38
201700	0.38	0.44	0.44	0	0	0.38
201800	0.38	0.44	0.44	0	0	0.38
201900	0.38	0.44	0.44	0	0	0.38
202000	0.38	0.44	0.44	0	0	0.38
202100	0.38	0.44	0.44	0	0	0.38
202200	0.38	0.44	0.44	0	0	0.38
202300	0.39	0.44	0.44	0	0	0.39
202400	0.39	0.44	0.44	0	0	0.39
202500	0.39	0.44	0.44	0	0	0.39
202600	0.39	0.44	0.44	0	0	0.39
202700	0.4	0.44	0.44	0	0	0.4
202800	0.4	0.44	0.44	0	0	0.4
202900	0.4	0.44	0.44	0	0	0.4
203000	0.4	0.44	0.44	0	0	0.4
203100	0.39	0.45	0.45	0	0	0.39
203200	0.39	0.44	0.44	0	0	0.39
203300	0.39	0.44	0.44	0	0	0.39
203400	0.39	0.44	0.44	0	0	0.39
203500	0.39	0.44	0.44	0	0	0.39
203600	0.39	0.45	0.45	0	0	0.39
203700	0.39	0.45	0.45	0	0	0.39
203800	0.39	0.45	0.45	0	0	0.39
203900	0.39	0.45	0.45	0	0	0.39
204000	0.39	0.45	0.45	0	0	0.39
204100	0.39	0.45	0.45	0	0	0.39
204200	0.39	0.45	0.45	0	0	0.39
204300	0.39	0.45	0.45	0	0	0.39
204400	0.39	0.45	0.45	0	0	0.39
204500	0.39	0.45	0.45	0	0	0.39
204600	0.39	0.45	0.45	0	0	0.39
204700	0.39	0.46	0.46	0	0	0.39
204800	0.39	0.46	0.46	0	0	0.39
204900	0.39	0.46	0.46	0	0	0.39
205000	0.39	0.46	0.46	0	0	0.39
205100	0.39	0.46	0.46	0	0	0.39
205200	0.39	0.46	0.46	0	0	0.39
205300	0.39	0.46	0.46	0	0	0.39
205400	0.39	0.46	0.46	0	0	0.39
205500	0.39	0.46	0.46	0	0	0.39
205600	0.39	0.46	0.46	0	0	0.39
205700	0.39	0.46	0.46	0	0	0.39
205800	0.39	0.46	0.46	0	0	0.39
205900	0.39	0.46	0.46	0	0	0.39
206000	0.39	0.47	0.47	0	0	0.39
206100	0.39	0.47	0.47	0	0	0.39
206200	0.39	0.46	0.46	0	0	0.39
206300	0.4	0.46	0.46	0	0	0.4
206400	0.4	0.46	0.46	0	0	0.4
206500	0.4	0.46	0.46	0	0	0.4
206600	0.4	0.46	0.46	0	0	0.4
206700	0.4	0.46	0.46	0	0	0.4
206800	0.4	0.46	0.46	0	0	0.4
206900	0.4	0.46	0.46	0	0	0.4
207000	0.4	0.46	0.46	0	0	0.4
207100	0.4	0.46	0.46	0	0	0.4
207200	0.4	0.46	0.46	0	0	0.4
207300	0.4	0.46	0.46	0	0	0.4
207400	0.39	0.47	0.47	0	0	0.39
207500	0.39	0.46	0.46	0	0	0.39
207600	0.39	0.46	0.46	0	0	0.39
207700	0.39	0.46	0.46	0	0	0.39
207800	0.39	0.46	0.46	0	0	0.39
207900	0.39	0.46	0.46	0	0	0.39
208000	0.39	0.46	0.46	0	0	0.39
208100	0.39	0.46	0.46	0	0	0.39
208200	0.39	0.46	0.46	0	0	0.39
208300	0.39	0.46	0.46	0	0	0.39
208400	0.39	0.46	0.46	0	0	0.39
208500	0.39	0.46	0.46	0	0	0.39
208600	0.39	0.46	0.46	0	0	0.39
208700	0.39	0.46	0.46	0	0	0.39
208800	0.39	0.46	0.46	0	0	0.39
208900	0.39	0.46	0.46	0	0	0.39
209000	0.39	0.46	0.46	0	0	0.39
209100	0.39	0.46	0.46	0	0	0.39
209200	0.39	0.46	0.46	0	0	0.39
209300	0.39	0.46	0.46	0	0	0.39
209400	0.39	0.46	0.46	0	0	0.39
209500	0.39	0.46	0.46	0	0	0.39
209600	0.39	0.46	0.46	0	0	0.39
209700	0.39	0.46	0.46	0	0	0.39
209800	0.39	0.46	0.46	0	0	0.39
209900	0.39	0.46	0.46	0	0	0.39
210000	0.39	0.46	0.46	0	0	0.39
210100	0.39	0.46	0.46	0	0	0.39
210200	0.39	0.46	0.46	0	0	0.39
210300	0.39	0.46	0.46	0	0	0.39
210400	0.39	0.46	0.46	0	0	0.39
210500	0.39	0.46	0.46	0	0	0.39
210600	0.39	0.46	0.46	0	0	0.39
210700	0.39	0.46	0.46	0	0	0.39
210800	0.39	0.46	0.46	0	0	0.39
210900	0.39	0.46	0.46	0	0	0.39
211000	0.4	0.46	0.46	0	0	0.4
211100	0.39	0.46	0.46	0	0	0.39
211200	0.39	0.46	0.46	0	0	0.39
211300	0.39	0.46	0.46	0	0	0.39
211400	0.39	0.46	0.46	0	0	0.39
211500	0.38	0.46	0.46	0	0	0.38
211600	0.37	0.46	0.46	0	0	0.37
211700	0.37	0.46	0.46	0	0	0.37
211800	0.37	0.46	0.46	0	0	0.37
211900	0.37	0.46	0.46	0	0	0.37
212000	0.37	0.46	0.46	0	0	0.37
212100	0.37	0.46	0.46	0	0	0.37
212200	0.37	0.47	0.47	0	0	0.37
212300	0.37	0.47	0.47	0	0	0.37
212400	0.37	0.46	0.46	0	0	0.37
212500	0.37	0.45	0.45	0	0	0.37
212600	0.37	0.45	0.45	0	0	0.37
212700	0.37	0.45	0.45	0	0	0.37
212800	0.37	0.45	0.45	0	0	0.37
212900	0.37	0.45	0.45	0	0	0.37
213000	0.37	0.45	0.45	0	0	0.37
213100	0.37	0.45	0.45	0	0	0.37
213200	0.37	0.45	0.45	0	0	0.37
213300	0.37	0.46	0.46	0	0	0.37
213400	0.37	0.45	0.45	0	0	0.37
213500	0.37	0.45	0.45	0	0	0.37
213600	0.37	0.45	0.45	0	0	0.37
213700	0.38	0.45	0.45	0	0	0.38
213800	0.38	0.45	0.45	0	0	0.38
213900	0.38	0.45	0.45	0	0	0.38
214000	0.38	0.45	0.45	0	0	0.38
214100	0.38	0.45	0.45	0	0	0.38
214200	0.38	0.45	0.45	0	0	0.38
214300	0.38	0.45	0.45	0	0	0.38
214400	0.38	0.45	0.45	0	0	0.38
214500	0.38	0.45	0.45	0	0	0.38
214600	0.38	0.45	0.45	0	0	0.38
214700	0.38	0.45	0.45	0	0	0.38
214800	0.38	0.45	0.45	0	0	0.38
214900	0.38	0.45	0.45	0	0	0.38
215000	0.38	0.45	0.45	0	0	0.38
215100	0.38	0.45	0.45	0	0	0.38
215200	0.38	0.45	0.45	0	0	0.38
215300	0.38	0.45	0.45	0	0	0.38
215400	0.38	0.45	0.45	0	0	0.38
215500	0.38	0.45	0.45	0	0	0.38
215600	0.38	0.45	0.45	0	0	0.38
215700	0.38	0.45	0.45	0	0	0.38
215800	0.38	0.45	0.45	0	0	0.38
215900	0.38	0.45	0.45	0	0	0.38
216000	0.38	0.45	0.45	0	0	0.38
216100	0.38	0.45	0.45	0	0	0.38
216200	0.38	0.45	0.45	0	0	0.38
216300	0.38	0.45	0.45	0	0	0.38
216400	0.38	0.45	0.45	0	0	0.38
216500	0.38	0.45	0.45	0	0	0.38
216600	0.38	0.45	0.45	0	0	0.38
216700	0.38	0.46	0.46	0	0	0.38
216800	0.38	0.46	0.46	0	0	0.38
216900	0.38	0.46	0.46	0	0	0.38
217000	0.38	0.46	0.46	0	0	0.38
217100	0.38	0.46	0.46	0	0	0.38
217200	0.39	0.45	0.45	0	0	0.39
217300	0.39	0.44	0.44	0	0	0.39
217400	0.39	0.44	0.44	0	0	0.39
217500	0.38	0.44	0.44	0	0	0.38
217600	0.38	0.44	0.44	0	0	0.38
217700	0.38	0.44	0.44	0	0	0.38
217800	0.38	0.44	0.44	0	0	0.38
217900	0.38	0.42	0.42	0	0	0.38
218000	0.38	0.42	0.42	0	0	0.38
218100	0.38	0.42	0.42	0	0	0.38
218200	0.38	0.42	0.42	0	0	0.38
218300	0.38	0.42	0.42	0	0	0.38
218400	0.38	0.42	0.42	0	0	0.38
218500	0.38	0.42	0.42	0	0	0.38
218600	0.38	0.42	0.42	0	0	0.38
218700	0.38	0.42	0.42	0	0	0.38
218800	0.38	0.42	0.42	0	0	0.38
218900	0.38	0.42	0.42	0	0	0.38
219000	0.39	0.42	0.42	0	0	0.39
219100	0.39	0.42	0.42	0	0	0.39
219200	0.39	0.42	0.42	0	0	0.39
219300	0.4	0.42	0.42	0	0	0.4
219400	0.4	0.42	0.42	0	0	0.4
219500	0.4	0.42	0.42	0	0	0.4
219600	0.4	0.42	0.42	0	0	0.4
219700	0.4	0.42	0.42	0	0	0.4
219800	0.4	0.42	0.42	0	0	0.4
219900	0.4	0.42	0.42	0	0	0.4
220000	0.4	0.42	0.42	0	0	0.4
220100	0.4	0.42	0.42	0	0	0.4
220200	0.4	0.42	0.42	0	0	0.4
220300	0.4	0.42	0.42	0	0	0.4
220400	0.4	0.42	0.42	0	0	0.4
220500	0.4	0.42	0.42	0	0	0.4
220600	0.4	0.42	0.42	0	0	0.4
220700	0.4	0.42	0.42	0	0	0.4
220800	0.39	0.43	0.43	0	0	0.39
220900	0.39	0.43	0.43	0	0	0.39
221000	0.39	0.43	0.43	0	0	0.39
221100	0.39	0.43	0.43	0	0	0.39
221200	0.39	0.43	0.43	0	0	0.39
221300	0.39	0.43	0.43	0	0	0.39
221400	0.39	0.43	0.43	0	0	0.39
221500	0.39	0.44	0.44	0	0	0.39
221600	0.39	0.44	0.44	0	0	0.39
221700	0.39	0.44	0.44	0	0	0.39
221800	0.39	0.43	0.43	0	0	0.39
221900	0.39	0.43	0.43	0	0	0.39
222000	0.39	0.43	0.43	0	0	0.39
222100	0.39	0.43	0.43	0	0	0.39
222200	0.39	0.43	0.43	0	0	0.39
222300	0.39	0.43	0.43	0	0	0.39
222400	0.39	0.43	0.43	0	0	0.39
222500	0.39	0.43	0.43	0	0	0.39
222600	0.39	0.43	0.43	0	0	0.39
222700	0.39	0.43	0.43	0	0	0.39
222800	0.4	0.43	0.43	0	0	0.4
222900	0.39	0.43	0.43	0	0	0.39
223000	0.39	0.43	0.43	0	0	0.39
223100	0.39	0.43	0.43	0	0	0.39
223200	0.38	0.44	0.44	0	0	0.38
223300	0.38	0.44	0.44	0	0	0.38
223400	0.4	0.43	0.43	0	0	0.4
223500	0.4	0.43	0.43	0	0	0.4
223600	0.39	0.43	0.43	0	0	0.39
223700	0.38	0.43	0.43	0	0	0.38
223800	0.38	0.43	0.43	0	0	0.38
223900	0.38	0.43	0.43	0	0	0.38
224000	0.37	0.43	0.43	0	0	0.37
224100	0.37	0.43	0.43	0	0	0.37
224200	0.37	0.43	0.43	0	0	0.37
224300	0.37	0.43	0.43	0	0	0.37
224400	0.37	0.44	0.44	0	0	0.37
224500	0.38	0.44	0.44	0	0	0.38
224600	0.37	0.44	0.44	0	0	0.37
224700	0.37	0.44	0.44	0	0	0.37
224800	0.37	0.45	0.45	0	0	0.37
224900	0.37	0.44	0.44	0	0	0.37
225000	0.37	0.44	0.44	0	0	0.37
225100	0.37	0.45	0.45	0	0	0.37
225200	0.37	0.44	0.44	0	0	0.37
225300	0.37	0.44	0.44	0	0	0.37
225400	0.37	0.44	0.44	0	0	0.37
225500	0.38	0.44	0.44	0	0	0.38
225600	0.38	0.44	0.44	0	0	0.38
225700	0.38	0.44	0.44	0	0	0.38
225800	0.38	0.44	0.44	0	0	0.38
225900	0.38	0.45	0.45	0	0	0.38
226000	0.38	0.44	0.44	0	0	0.38
226100	0.38	0.44	0.44	0	0	0.38
226200	0.38	0.44	0.44	0	0	0.38
226300	0.38	0.44	0.44	0	0	0.38
226400	0.38	0.44	0.44	0	0	0.38
226500	0.38	0.44	0.44	0	0	0.38
226600	0.37	0.44	0.44	0	0	0.37
226700	0.37	0.44	0.44	0	0	0.37
226800	0.37	0.43	0.43	0	0	0.37
226900	0.38	0.43	0.43	0	0	0.38
227000	0.38	0.43	0.43	0	0	0.38
227100	0.38	0.43	0.43	0	0	0.38
227200	0.39	0.43	0.43	0	0	0.39
227300	0.39	0.43	0.43	0	0	0.39
227400	0.38	0.43	0.43	0	0	0.38
227500	0.38	0.43	0.43	0	0	0.38
227600	0.38	0.43	0.43	0	0	0.38
227700	0.39	0.44	0.44	0	0	0.39
227800	0.39	0.44	0.44	0	0	0.39
227900	0.38	0.43	0.43	0	0	0.38
228000	0.38	0.43	0.43	0	0	0.38
228100	0.38	0.43	0.43	0	0	0.38
228200	0.38	0.43	0.43	0	0	0.38
228300	0.39	0.43	0.43	0	0	0.39
228400	0.39	0.43	0.43	0	0	0.39
228500	0.38	0.43	0.43	0	0	0.38
228600	0.38	0.43	0.43	0	0	0.38
228700	0.38	0.43	0.43	0	0	0.38
228800	0.38	0.43	0.43	0	0	0.38
228900	0.38	0.43	0.43	0	0	0.38
229000	0.39	0.43	0.43	0	0	0.39
229100	0.39	0.44	0.44	0	0	0.39
229200	0.39	0.43	0.43	0	0	0.39
229300	0.38	0.43	0.43	0	0	0.38
229400	0.38	0.43	0.43	0	0	0.38
229500	0.38	0.43	0.43	0	0	0.38
229600	0.38	0.43	0.43	0	0	0.38
229700	0.38	0.43	0.43	0	0	0.38
229800	0.38	0.43	0.43	0	0	0.38
229900	0.36	0.43	0.43	0	0	0.36
230000	0.36	0.43	0.43	0	0	0.36
230100	0.36	0.43	0.43	0	0	0.36
230200	0.35	0.43	0.43	0	0	0.35
230300	0.35	0.43	0.43	0	0	0.35
230400	0.35	0.43	0.43	0	0	0.35
230500	0.35	0.43	0.43	0	0	0.35
230600	0.35	0.43	0.43	0	0	0.35
230700	0.35	0.43	0.43	0	0	0.35
230800	0.35	0.43	0.43	0	0	0.35
230900	0.35	0.44	0.44	0	0	0.35
231000	0.34	0.44	0.44	0	0	0.34
231100	0.34	0.44	0.44	0	0	0.34
231200	0.34	0.44	0.44	0	0	0.34
231300	0.34	0.44	0.44	0	0	0.34
231400	0.34	0.44	0.44	0	0	0.34
231500	0.34	0.45	0.45	0	0	0.34
231600	0.35	0.45	0.45	0	0	0.35
231700	0.35	0.45	0.45	0	0	0.35
231800	0.35	0.45	0.45	0	0	0.35
231900	0.35	0.45	0.45	0	0	0.35
232000	0.35	0.44	0.44	0	0	0.35
232100	0.35	0.44	0.44	0	0	0.35
232200	0.35	0.44	0.44	0	0	0.35
232300	0.35	0.44	0.44	0	0	0.35
232400	0.35	0.45	0.45	0	0	0.35
232500	0.35	0.44	0.44	0	0	0.35
232600	0.35	0.44	0.44	0	0	0.35
232700	0.36	0.45	0.45	0	0	0.36
232800	0.36	0.45	0.45	0	0	0.36
232900	0.36	0.45	0.45	0	0	0.36
233000	0.36	0.45	0.45	0	0	0.36
233100	0.36	0.45	0.45	0	0	0.36
233200	0.37	0.45	0.45	0	0	0.37
233300	0.37	0.45	0.45	0	0	0.37
233400	0.37	0.45	0.45	0	0	0.37
233500	0.37	0.45	0.45	0	0	0.37
233600	0.36	0.45	0.45	0	0	0.36
233700	0.36	0.45	0.45	0	0	0.36
233800	0.36	0.45	0.45	0	0	0.36
233900	0.36	0.45	0.45	0	0	0.36
234000	0.37	0.45	0.45	0	0	0.37
234100	0.36	0.45	0.45	0	0	0.36
234200	0.36	0.45	0.45	0	0	0.36
234300	0.37	0.45	0.45	0	0	0.37
234400	0.37	0.45	0.45	0	0	0.37
234500	0.37	0.45	0.45	0	0	0.37
234600	0.37	0.45	0.45	0	0	0.37
234700	0.37	0.45	0.45	0	0	0.37
234800	0.37	0.45	0.45	0	0	0.37
234900	0.37	0.45	0.45	0	0	0.37
235000	0.37	0.45	0.45	0	0	0.37
235100	0.37	0.44	0.44	0	0	0.37
235200	0.38	0.44	0.44	0	0	0.38
235300	0.37	0.45	0.45	0	0	0.37
235400	0.37	0.45	0.45	0	0	0.37
235500	0.37	0.45	0.45	0	0	0.37
235600	0.37	0.44	0.44	0	0	0.37
235700	0.37	0.44	0.44	0	0	0.37
235800	0.37	0.44	0.44	0	0	0.37
235900	0.37	0.43	0.43	0	0	0.37
236000	0.37	0.43	0.43	0	0	0.37
236100	0.37	0.43	0.43	0	0	0.37
236200	0.37	0.43	0.43	0	0	0.37
236300	0.37	0.43	0.43	0	0	0.37
236400	0.37	0.43	0.43	0	0	0.37
236500	0.37	0.43	0.43	0	0	0.37
236600	0.37	0.43	0.43	0	0	0.37
236700	0.37	0.43	0.43	0	0	0.37
236800	0.37	0.43	0.43	0	0	0.37
236900	0.38	0.43	0.43	0	0	0.38
237000	0.38	0.44	0.44	0	0	0.38
237100	0.38	0.45	0.45	0	0	0.38
237200	0.38	0.45	0.45	0	0	0.38
237300	0.38	0.44	0.44	0	0	0.38
237400	0.38	0.43	0.43	0	0	0.38
237500	0.38	0.43	0.43	0	0	0.38
237600	0.38	0.43	0.43	0	0	0.38
237700	0.38	0.43	0.43	0	0	0.38
237800	0.38	0.43	0.43	0	0	0.38
237900	0.38	0.43	0.43	0	0	0.38
238000	0.38	0.43	0.43	0	0	0.38
238100	0.38	0.43	0.43	0	0	0.38
238200	0.38	0.43	0.43	0	0	0.38
238300	0.38	0.44	0.44	0	0	0.38
238400	0.38	0.44	0.44	0	0	0.38
238500	0.38	0.44	0.44	0	0	0.38
238600	0.38	0.44	0.44	0	0	0.38
238700	0.38	0.44	0.44	0	0	0.38
238800	0.38	0.45	0.45	0	0	0.38
238900	0.38	0.44	0.44	0	0	0.38
239000	0.38	0.44	0.44	0	0	0.38
239100	0.38	0.44	0.44	0	0	0.38
239200	0.38	0.44	0.44	0	0	0.38
239300	0.38	0.44	0.44	0	0	0.38
239400	0.38	0.44	0.44	0	0	0.38
239500	0.38	0.44	0.44	0	0	0.38
239600	0.38	0.44	0.44	0	0	0.38
239700	0.38	0.44	0.44	0	0	0.38
239800	0.38	0.44	0.44	0	0	0.38
239900	0.38	0.44	0.44	0	0	0.38
240000	0.38	0.44	0.44	0	0	0.38
240100	0.38	0.44	0.44	0	0	0.38
240200	0.39	0.44	0.44	0	0	0.39
240300	0.39	0.44	0.44	0	0	0.39
240400	0.39	0.44	0.44	0	0	0.39
240500	0.38	0.44	0.44	0	0	0.38
240600	0.38	0.44	0.44	0	0	0.38
240700	0.38	0.44	0.44	0	0	0.38
240800	0.38	0.46	0.46	0	0	0.38
240900	0.38	0.46	0.46	0	0	0.38
241000	0.38	0.46	0.46	0	0	0.38
241100	0.38	0.44	0.44	0	0	0.38
241200	0.38	0.44	0.44	0	0	0.38
241300	0.38	0.44	0.44	0	0	0.38
241400	0.38	0.44	0.44	0	0	0.38
241500	0.38	0.44	0.44	0	0	0.38
241600	0.38	0.44	0.44	0	0	0.38
241700	0.38	0.44	0.44	0	0	0.38
241800	0.38	0.44	0.44	0	0	0.38
241900	0.38	0.44	0.44	0	0	0.38
242000	0.38	0.44	0.44	0	0	0.38
242100	0.38	0.44	0.44	0	0	0.38
242200	0.39	0.45	0.45	0	0	0.39
242300	0.39	0.46	0.46	0	0	0.39
242400	0.4	0.46	0.46	0	0	0.4
242500	0.4	0.46	0.46	0	0	0.4
242600	0.4	0.46	0.46	0	0	0.4
242700	0.4	0.47	0.47	0	0	0.4
242800	0.4	0.46	0.46	0	0	0.4
242900	0.4	0.46	0.46	0	0	0.4
243000	0.4	0.46	0.46	0	0	0.4
243100	0.4	0.46	0.46	0	0	0.4
243200	0.4	0.46	0.46	0	0	0.4
243300	0.4	0.46	0.46	0	0	0.4
243400	0.42	0.46	0.46	0	0	0.42
243500	0.42	0.46	0.46	0	0	0.42
243600	0.42	0.46	0.46	0	0	0.42
243700	0.42	0.46	0.46	0	0	0.42
243800	0.42	0.46	0.46	0	0	0.42
243900	0.41	0.46	0.46	0	0	0.41
244000	0.41	0.46	0.46	0	0	0.41
244100	0.41	0.46	0.46	0	0	0.41
244200	0.41	0.46	0.46	0	0	0.41
244300	0.41	0.46	0.46	0	0	0.41
244400	0.4	0.46	0.46	0	0	0.4
244500	0.4	0.46	0.46	0	0	0.4
244600	0.4	0.46	0.46	0	0	0.4
244700	0.4	0.46	0.46	0	0	0.4
244800	0.39	0.46	0.46	0	0	0.39
244900	0.39	0.46	0.46	0	0	0.39
245000	0.39	0.46	0.46	0	0	0.39
245100	0.4	0.46	0.46	0	0	0.4
245200	0.4	0.46	0.46	0	0	0.4
245300	0.4	0.46	0.46	0	0	0.4
245400	0.4	0.46	0.46	0	0	0.4
245500	0.4	0.46	0.46	0	0	0.4
245600	0.4	0.46	0.46	0	0	0.4
245700	0.4	0.46	0.46	0	0	0.4
245800	0.4	0.46	0.46	0	0	0.4
245900	0.41	0.46	0.46	0	0	0.41
246000	0.41	0.46	0.46	0	0	0.41
246100	0.41	0.46	0.46	0	0	0.41
246200	0.41	0.46	0.46	0	0	0.41
246300	0.41	0.46	0.46	0	0	0.41
246400	0.41	0.46	0.46	0	0	0.41
246500	0.42	0.46	0.46	0	0	0.42
246600	0.42	0.46	0.46	0	0	0.42
246700	0.43	0.46	0.46	0	0	0.43
246800	0.44	0.46	0.46	0	0	0.44
246900	0.43	0.46	0.46	0	0	0.43
247000	0.43	0.46	0.46	0	0	0.43
247100	0.43	0.46	0.46	0	0	0.43
247200	0.43	0.46	0.46	0	0	0.43
247300	0.43	0.46	0.46	0	0	0.43
247400	0.43	0.46	0.46	0	0	0.43
247500	0.43	0.46	0.46	0	0	0.43
247600	0.43	0.46	0.46	0	0	0.43
247700	0.43	0.46	0.46	0	0	0.43
247800	0.43	0.46	0.46	0	0	0.43
247900	0.43	0.46	0.46	0	0	0.43
248000	0.43	0.46	0.46	0	0	0.43
248100	0.43	0.46	0.46	0	0	0.43
248200	0.43	0.46	0.46	0	0	0.43
248300	0.43	0.46	0.46	0	0	0.43
248400	0.43	0.46	0.46	0	0	0.43
248500	0.43	0.46	0.46	0	0	0.43
248600	0.43	0.47	0.47	0	0	0.43
248700	0.43	0.46	0.46	0	0	0.43
248800	0.43	0.46	0.46	0	0	0.43
248900	0.43	0.46	0.46	0	0	0.43
249000	0.43	0.46	0.46	0	0	0.43
249100	0.43	0.46	0.46	0	0	0.43
249200	0.43	0.46	0.46	0	0	0.43
249300	0.43	0.46	0.46	0	0	0.43
249400	0.43	0.46	0.46	0	0	0.43
249500	0.43	0.46	0.46	0	0	0.43
249600	0.43	0.46	0.46	0	0	0.43
249700	0.43	0.46	0.46	0	0	0.43
249800	0.43	0.46	0.46	0	0	0.43
249900	0.43	0.46	0.46	0	0	0.43
250000	0.43	0.46	0.46	0	0	0.43
250100	0.43	0.46	0.46	0	0	0.43
250200	0.43	0.46	0.46	0	0	0.43
250300	0.43	0.46	0.46	0	0	0.43
250400	0.44	0.46	0.46	0	0	0.44
250500	0.44	0.46	0.46	0	0	0.44
250600	0.45	0.46	0.46	0	0	0.45
250700	0.45	0.45	0.45	0	0	0.45
250800	0.45	0.45	0.45	0	0	0.45
250900	0.45	0.45	0.45	0	0	0.45
251000	0.45	0.45	0.45	0	0	0.45
251100	0.45	0.45	0.45	0	0	0.45
251200	0.45	0.45	0.45	0	0	0.45
251300	0.45	0.45	0.45	0	0	0.45
251400	0.45	0.44	0.44	0	0	0.45
251500	0.45	0.44	0.44	0	0	0.45
251600	0.45	0.44	0.44	0	0	0.45
251700	0.45	0.44	0.44	0	0	0.45
251800	0.45	0.44	0.44	0	0	0.45
251900	0.45	0.44	0.44	0	0	0.45
252000	0.45	0.44	0.44	0	0	0.45
252100	0.45	0.44	0.44	0	0	0.45
252200	0.45	0.44	0.44	0	0	0.45
252300	0.45	0.44	0.44	0	0	0.45
252400	0.44	0.43	0.43	0	0	0.44
252500	0.44	0.43	0.43	0	0	0.44
252600	0.44	0.43	0.43	0	0	0.44
252700	0.44	0.43	0.43	0	0	0.44
252800	0.44	0.43	0.43	0	0	0.44
252900	0.44	0.42	0.42	0	0	0.44
253000	0.44	0.42	0.42	0	0	0.44
253100	0.44	0.42	0.42	0	0	0.44
253200	0.44	0.42	0.42	0	0	0.44
253300	0.44	0.42	0.42	0	0	0.44
253400	0.44	0.42	0.42	0	0	0.44
253500	0.44	0.42	0.42	0	0	0.44
253600	0.44	0.42	0.42	0	0	0.44
253700	0.44	0.42	0.42	0	0	0.44
253800	0.44	0.42	0.42	0	0	0.44
253900	0.44	0.42	0.42	0	0	0.44
254000	0.44	0.42	0.42	0	0	0.44
254100	0.44	0.42	0.42	0	0	0.44
254200	0.44	0.42	0.42	0	0	0.44
254300	0.44	0.42	0.42	0	0	0.44
254400	0.44	0.42	0.42	0	0	0.44
254500	0.44	0.42	0.42	0	0	0.44
254600	0.44	0.42	0.42	0	0	0.44
254700	0.44	0.42	0.42	0	0	0.44
254800	0.44	0.42	0.42	0	0	0.44
254900	0.44	0.42	0.42	0	0	0.44
255000	0.44	0.42	0.42	0	0	0.44
255100	0.44	0.42	0.42	0	0	0.44
255200	0.44	0.42	0.42	0	0	0.44
255300	0.44	0.42	0.42	0	0	0.44
255400	0.44	0.42	0.42	0	0	0.44
255500	0.44	0.42	0.42	0	0	0.44
255600	0.44	0.42	0.42	0	0	0.44
255700	0.44	0.42	0.42	0	0	0.44
255800	0.44	0.42	0.42	0	0	0.44
255900	0.44	0.42	0.42	0	0	0.44
256000	0.44	0.42	0.42	0	0	0.44
256100	0.44	0.42	0.42	0	0	0.44
256200	0.44	0.43	0.43	0	0	0.44
256300	0.44	0.42	0.42	0	0	0.44
256400	0.44	0.42	0.42	0	0	0.44
256500	0.44	0.42	0.42	0	0	0.44
256600	0.44	0.42	0.42	0	0	0.44
256700	0.44	0.42	0.42	0	0	0.44
256800	0.44	0.42	0.42	0	0	0.44
256900	0.44	0.42	0.42	0	0	0.44
257000	0.44	0.42	0.42	0	0	0.44
257100	0.45	0.42	0.42	0	0	0.45
257200	0.45	0.42	0.42	0	0	0.45
257300	0.45	0.42	0.42	0	0	0.45
257400	0.45	0.42	0.42	0	0	0.45
257500	0.45	0.42	0.42	0	0	0.45
257600	0.45	0.42	0.42	0	0	0.45
257700	0.45	0.42	0.42	0	0	0.45
257800	0.45	0.43	0.43	0	0	0.45
257900	0.44	0.41	0.41	0	0	0.44
258000	0.44	0.41	0.41	0	0	0.44
258100	0.43	0.41	0.41	0	0	0.43
258200	0.43	0.41	0.41	0	0	0.43
258300	0.43	0.41	0.41	0	0	0.43
258400	0.43	0.41	0.41	0	0	0.43
258500	0.43	0.41	0.41	0	0	0.43
258600	0.43	0.41	0.41	0	0	0.43
258700	0.43	0.41	0.41	0	0	0.43
258800	0.43	0.41	0.41	0	0	0.43
258900	0.43	0.41	0.41	0	0	0.43
259000	0.43	0.41	0.41	0	0	0.43
259100	0.42	0.41	0.41	0	0	0.42
259200	0.42	0.41	0.41	0	0	0.42
259300	0.42	0.41	0.41	0	0	0.42
259400	0.42	0.41	0.41	0	0	0.42
259500	0.42	0.41	0.41	0	0	0.42
259600	0.42	0.41	0.41	0	0	0.42
259700	0.42	0.41	0.41	0	0	0.42
259800	0.42	0.41	0.41	0	0	0.42
259900	0.42	0.41	0.41	0	0	0.42
260000	0.41	0.41	0.41	0	0	0.41
260100	0.41	0.41	0.41	0	0	0.41
260200	0.41	0.41	0.41	0	0	0.41
260300	0.41	0.41	0.41	0	0	0.41
260400	0.42	0.41	0.41	0	0	0.42
260500	0.42	0.41	0.41	0	0	0.42
260600	0.41	0.41	0.41	0	0	0.41
260700	0.41	0.41	0.41	0	0	0.41
260800	0.41	0.41	0.41	0	0	0.41
260900	0.42	0.41	0.41	0	0	0.42
261000	0.42	0.41	0.41	0	0	0.42
261100	0.42	0.41	0.41	0	0	0.42
261200	0.42	0.41	0.41	0	0	0.42
261300	0.42	0.41	0.41	0	0	0.42
261400	0.42	0.41	0.41	0	0	0.42
261500	0.42	0.42	0.42	0	0	0.42
261600	0.42	0.41	0.41	0	0	0.42
261700	0.42	0.41	0.41	0	0	0.42
261800	0.42	0.41	0.41	0	0	0.42
261900	0.42	0.42	0.42	0	0	0.42
262000	0.42	0.42	0.42	0	0	0.42
262100	0.42	0.42	0.42	0	0	0.42
262200	0.42	0.43	0.43	0	0	0.42
262300	0.42	0.43	0.43	0	0	0.42
262400	0.42	0.43	0.43	0	0	0.42
262500	0.42	0.43	0.43	0	0	0.42
262600	0.43	0.43	0.43	0	0	0.43
262700	0.42	0.43	0.43	0	0	0.42
262800	0.42	0.44	0.44	0	0	0.42
262900	0.42	0.44	0.44	0	0	0.42
263000	0.42	0.44	0.44	0	0	0.42
263100	0.42	0.44	0.44	0	0	0.42
263200	0.42	0.44	0.44	0	0	0.42
263300	0.42	0.44	0.44	0	0	0.42
263400	0.42	0.44	0.44	0	0	0.42
263500	0.42	0.44	0.44	0	0	0.42
263600	0.42	0.44	0.44	0	0	0.42
263700	0.42	0.44	0.44	0	0	0.42
263800	0.43	0.44	0.44	0	0	0.43
263900	0.43	0.44	0.44	0	0	0.43
264000	0.43	0.44	0.44	0	0	0.43
264100	0.42	0.44	0.44	0	0	0.42
264200	0.42	0.44	0.44	0	0	0.42
264300	0.42	0.44	0.44	0	0	0.42
264400	0.42	0.44	0.44	0	0	0.42
264500	0.42	0.44	0.44	0	0	0.42
264600	0.42	0.44	0.44	0	0	0.42
264700	0.42	0.44	0.44	0	0	0.42
264800	0.42	0.44	0.44	0	0	0.42
264900	0.42	0.44	0.44	0	0	0.42
265000	0.42	0.44	0.44	0	0	0.42
265100	0.42	0.44	0.44	0	0	0.42
265200	0.42	0.44	0.44	0	0	0.42
265300	0.42	0.44	0.44	0	0	0.42
265400	0.42	0.44	0.44	0	0	0.42
265500	0.42	0.44	0.44	0	0	0.42
265600	0.42	0.44	0.44	0	0	0.42
265700	0.42	0.44	0.44	0	0	0.42
265800	0.42	0.44	0.44	0	0	0.42
265900	0.42	0.44	0.44	0	0	0.42
266000	0.42	0.44	0.44	0	0	0.42
266100	0.42	0.44	0.44	0	0	0.42
266200	0.42	0.44	0.44	0	0	0.42
266300	0.42	0.44	0.44	0	0	0.42
266400	0.42	0.44	0.44	0	0	0.42
266500	0.42	0.44	0.44	0	0	0.42
266600	0.42	0.44	0.44	0	0	0.42
266700	0.42	0.44	0.44	0	0	0.42
266800	0.42	0.44	0.44	0	0	0.42
266900	0.42	0.44	0.44	0	0	0.42
267000	0.42	0.44	0.44	0	0	0.42
267100	0.42	0.44	0.44	0	0	0.42
267200	0.42	0.44	0.44	0	0	0.42
267300	0.42	0.44	0.44	0	0	0.42
267400	0.42	0.44	0.44	0	0	0.42
267500	0.42	0.44	0.44	0	0	0.42
267600	0.42	0.44	0.44	0	0	0.42
267700	0.43	0.44	0.44	0	0	0.43
267800	0.43	0.44	0.44	0	0	0.43
267900	0.43	0.44	0.44	0	0	0.43
268000	0.43	0.44	0.44	0	0	0.43
268100	0.43	0.44	0.44	0	0	0.43
268200	0.43	0.44	0.44	0	0	0.43
268300	0.43	0.44	0.44	0	0	0.43
268400	0.43	0.44	0.44	0	0	0.43
268500	0.43	0.43	0.43	0	0	0.43
268600	0.43	0.43	0.43	0	0	0.43
268700	0.43	0.43	0.43	0	0	0.43
268800	0.43	0.43	0.43	0	0	0.43
268900	0.43	0.43	0.43	0	0	0.43
269000	0.43	0.43	0.43	0	0	0.43
269100	0.43	0.43	0.43	0	0	0.43
269200	0.43	0.43	0.43	0	0	0.43
269300	0.43	0.43	0.43	0	0	0.43
269400	0.43	0.43	0.43	0	0	0.43
269500	0.43	0.43	0.43	0	0	0.43
269600	0.42	0.43	0.43	0	0	0.42
269700	0.42	0.43	0.43	0	0	0.42
269800	0.42	0.43	0.43	0	0	0.42
269900	0.42	0.43	0.43	0	0	0.42
270000	0.42	0.43	0.43	0	0	0.42
270100	0.41	0.43	0.43	0	0	0.41
270200	0.41	0.43	0.43	0	0	0.41
270300	0.41	0.43	0.43	0	0	0.41
270400	0.41	0.43	0.43	0	0	0.41
270500	0.41	0.43	0.43	0	0	0.41
270600	0.41	0.43	0.43	0	0	0.41
270700	0.42	0.43	0.43	0	0	0.42
270800	0.41	0.43	0.43	0	0	0.41
270900	0.41	0.43	0.43	0	0	0.41
271000	0.41	0.43	0.43	0	0	0.41
271100	0.41	0.43	0.43	0	0	0.41
271200	0.41	0.43	0.43	0	0	0.41
271300	0.41	0.43	0.43	0	0	0.41
271400	0.41	0.42	0.42	0	0	0.41
271500	0.41	0.42	0.42	0	0	0.41
271600	0.41	0.43	0.43	0	0	0.41
271700	0.41	0.42	0.42	0	0	0.41
271800	0.41	0.42	0.42	0	0	0.41
271900	0.41	0.42	0.42	0	0	0.41
272000	0.41	0.42	0.42	0	0	0.41
272100	0.41	0.42	0.42	0	0	0.41
272200	0.41	0.42	0.42	0	0	0.41
272300	0.42	0.42	0.42	0	0	0.42
272400	0.42	0.42	0.42	0	0	0.42
272500	0.42	0.42	0.42	0	0	0.42
272600	0.42	0.43	0.43	0	0	0.42
272700	0.42	0.43	0.43	0	0	0.42
272800	0.42	0.43	0.43	0	0	0.42
272900	0.42	0.43	0.43	0	0	0.42
273000	0.42	0.43	0.43	0	0	0.42
273100	0.42	0.43	0.43	0	0	0.42
273200	0.42	0.43	0.43	0	0	0.42
273300	0.42	0.43	0.43	0	0	0.42
273400	0.42	0.43	0.43	0	0	0.42
273500	0.42	0.43	0.43	0	0	0.42
273600	0.42	0.43	0.43	0	0	0.42
273700	0.42	0.43	0.43	0	0	0.42
273800	0.42	0.43	0.43	0	0	0.42
273900	0.42	0.43	0.43	0	0	0.42
274000	0.41	0.43	0.43	0	0	0.41
274100	0.41	0.43	0.43	0	0	0.41
274200	0.41	0.43	0.43	0	0	0.41
274300	0.41	0.44	0.44	0	0	0.41
274400	0.41	0.45	0.45	0	0	0.41
274500	0.41	0.45	0.45	0	0	0.41
274600	0.41	0.44	0.44	0	0	0.41
274700	0.41	0.43	0.43	0	0	0.41
274800	0.41	0.43	0.43	0	0	0.41
274900	0.41	0.43	0.43	0	0	0.41
275000	0.41	0.43	0.43	0	0	0.41
275100	0.41	0.44	0.44	0	0	0.41
275200	0.41	0.42	0.42	0	0	0.41
275300	0.41	0.42	0.42	0	0	0.41
275400	0.41	0.42	0.42	0	0	0.41
275500	0.41	0.42	0.42	0	0	0.41
275600	0.41	0.42	0.42	0	0	0.41
275700	0.41	0.42	0.42	0	0	0.41
275800	0.41	0.42	0.42	0	0	0.41
275900	0.41	0.42	0.42	0	0	0.41
276000	0.41	0.42	0.42	0	0	0.41
276100	0.41	0.42	0.42	0	0	0.41
276200	0.41	0.42	0.42	0	0	0.41
276300	0.41	0.42	0.42	0	0	0.41
276400	0.41	0.42	0.42	0	0	0.41
276500	0.41	0.42	0.42	0	0	0.41
276600	0.41	0.42	0.42	0	0	0.41
276700	0.41	0.42	0.42	0	0	0.41
276800	0.41	0.43	0.43	0	0	0.41
276900	0.41	0.43	0.43	0	0	0.41
277000	0.41	0.43	0.43	0	0	0.41
277100	0.41	0.43	0.43	0	0	0.41
277200	0.41	0.43	0.43	0	0	0.41
277300	0.41	0.43	0.43	0	0	0.41
277400	0.41	0.44	0.44	0	0	0.41
277500	0.42	0.44	0.44	0	0	0.42
277600	0.42	0.44	0.44	0	0	0.42
277700	0.42	0.44	0.44	0	0	0.42
277800	0.42	0.44	0.44	0	0	0.42
277900	0.42	0.44	0.44	0	0	0.42
278000	0.42	0.44	0.44	0	0	0.42
278100	0.41	0.43	0.43	0	0	0.41
278200	0.41	0.43	0.43	0	0	0.41
278300	0.41	0.42	0.42	0	0	0.41
278400	0.41	0.42	0.42	0	0	0.41
278500	0.42	0.42	0.42	0	0	0.42
278600	0.42	0.42	0.42	0	0	0.42
278700	0.42	0.42	0.42	0	0	0.42
278800	0.41	0.42	0.42	0	0	0.41
278900	0.41	0.42	0.42	0	0	0.41
279000	0.41	0.42	0.42	0	0	0.41
279100	0.41	0.42	0.42	0	0	0.41
279200	0.41	0.41	0.41	0	0	0.41
279300	0.41	0.41	0.41	0	0	0.41
279400	0.41	0.41	0.41	0	0	0.41
279500	0.41	0.41	0.41	0	0	0.41
279600	0.41	0.41	0.41	0	0	0.41
279700	0.41	0.41	0.41	0	0	0.41
279800	0.41	0.41	0.41	0	0	0.41
279900	0.41	0.41	0.41	0	0	0.41
280000	0.41	0.41	0.41	0	0	0.41
280100	0.41	0.41	0.41	0	0	0.41
280200	0.41	0.43	0.43	0	0	0.41
280300	0.41	0.41	0.41	0	0	0.41
280400	0.41	0.41	0.41	0	0	0.41
280500	0.41	0.41	0.41	0	0	0.41
280600	0.41	0.41	0.41	0	0	0.41
280700	0.41	0.41	0.41	0	0	0.41
280800	0.42	0.41	0.41	0	0	0.42
280900	0.42	0.41	0.41	0	0	0.42
281000	0.42	0.41	0.41	0	0	0.42
281100	0.42	0.41	0.41	0	0	0.42
281200	0.42	0.41	0.41	0	0	0.42
281300	0.42	0.41	0.41	0	0	0.42
281400	0.42	0.42	0.42	0	0	0.42
281500	0.42	0.41	0.41	0	0	0.42
281600	0.42	0.41	0.41	0	0	0.42
281700	0.42	0.41	0.41	0	0	0.42
281800	0.42	0.41	0.41	0	0	0.42
281900	0.42	0.42	0.42	0	0	0.42
282000	0.42	0.42	0.42	0	0	0.42
282100	0.43	0.42	0.42	0	0	0.43
282200	0.43	0.42	0.42	0	0	0.43
282300	0.43	0.42	0.42	0	0	0.43
282400	0.43	0.42	0.42	0	0	0.43
282500	0.43	0.42	0.42	0	0	0.43
282600	0.43	0.42	0.42	0	0	0.43
282700	0.43	0.42	0.42	0	0	0.43
282800	0.43	0.42	0.42	0	0	0.43
282900	0.43	0.42	0.42	0	0	0.43
283000	0.43	0.42	0.42	0	0	0.43
283100	0.43	0.42	0.42	0	0	0.43
283200	0.43	0.42	0.42	0	0	0.43
283300	0.44	0.42	0.42	0	0	0.44
283400	0.44	0.42	0.42	0	0	0.44
283500	0.44	0.42	0.42	0	0	0.44
283600	0.43	0.41	0.41	0	0	0.43
283700	0.44	0.41	0.41	0	0	0.44
283800	0.44	0.41	0.41	0	0	0.44
283900	0.44	0.41	0.41	0	0	0.44
284000	0.44	0.41	0.41	0	0	0.44
284100	0.44	0.41	0.41	0	0	0.44
284200	0.44	0.41	0.41	0	0	0.44
284300	0.44	0.41	0.41	0	0	0.44
284400	0.44	0.41	0.41	0	0	0.44
284500	0.44	0.41	0.41	0	0	0.44
284600	0.44	0.41	0.41	0	0	0.44
284700	0.44	0.41	0.41	0	0	0.44
284800	0.44	0.41	0.41	0	0	0.44
284900	0.44	0.42	0.42	0	0	0.44
285000	0.44	0.42	0.42	0	0	0.44
285100	0.44	0.42	0.42	0	0	0.44
285200	0.44	0.43	0.43	0	0	0.44
285300	0.44	0.42	0.42	0	0	0.44
285400	0.44	0.42	0.42	0	0	0.44
285500	0.44	0.42	0.42	0	0	0.44
285600	0.44	0.42	0.42	0	0	0.44
285700	0.44	0.42	0.42	0	0	0.44
285800	0.44	0.42	0.42	0	0	0.44
285900	0.44	0.42	0.42	0	0	0.44
286000	0.44	0.42	0.42	0	0	0.44
286100	0.44	0.42	0.42	0	0	0.44
286200	0.44	0.42	0.42	0	0	0.44
286300	0.44	0.42	0.42	0	0	0.44
286400	0.44	0.42	0.42	0	0	0.44
286500	0.44	0.42	0.42	0	0	0.44
286600	0.44	0.42	0.42	0	0	0.44
286700	0.44	0.42	0.42	0	0	0.44
286800	0.44	0.42	0.42	0	0	0.44
286900	0.44	0.42	0.42	0	0	0.44
287000	0.44	0.42	0.42	0	0	0.44
287100	0.44	0.42	0.42	0	0	0.44
287200	0.44	0.42	0.42	0	0	0.44
287300	0.44	0.42	0.42	0	0	0.44
287400	0.44	0.42	0.42	0	0	0.44
287500	0.44	0.42	0.42	0	0	0.44
287600	0.44	0.42	0.42	0	0	0.44
287700	0.45	0.42	0.42	0	0	0.45
287800	0.45	0.42	0.42	0	0	0.45
287900	0.43	0.42	0.42	0	0	0.43
288000	0.43	0.42	0.42	0	0	0.43
288100	0.43	0.42	0.42	0	0	0.43
288200	0.42	0.42	0.42	0	0	0.42
288300	0.41	0.42	0.42	0	0	0.41
288400	0.41	0.42	0.42	0	0	0.41
288500	0.41	0.42	0.42	0	0	0.41
288600	0.41	0.42	0.42	0	0	0.41
288700	0.41	0.42	0.42	0	0	0.41
288800	0.41	0.42	0.42	0	0	0.41
288900	0.41	0.42	0.42	0	0	0.41
289000	0.41	0.42	0.42	0	0	0.41
289100	0.39	0.42	0.42	0	0	0.39
289200	0.39	0.42	0.42	0	0	0.39
289300	0.38	0.42	0.42	0	0	0.38
289400	0.38	0.42	0.42	0	0	0.38
289500	0.38	0.42	0.42	0	0	0.38
289600	0.38	0.42	0.42	0	0	0.38
289700	0.38	0.42	0.42	0	0	0.38
289800	0.38	0.42	0.42	0	0	0.38
289900	0.38	0.42	0.42	0	0	0.38
290000	0.38	0.42	0.42	0	0	0.38
290100	0.38	0.42	0.42	0	0	0.38
290200	0.38	0.42	0.42	0	0	0.38
290300	0.38	0.42	0.42	0	0	0.38
290400	0.38	0.42	0.42	0	0	0.38
290500	0.38	0.42	0.42	0	0	0.38
290600	0.38	0.42	0.42	0	0	0.38
290700	0.38	0.41	0.41	0	0	0.38
290800	0.38	0.41	0.41	0	0	0.38
290900	0.38	0.42	0.42	0	0	0.38
291000	0.38	0.42	0.42	0	0	0.38
291100	0.38	0.42	0.42	0	0	0.38
291200	0.38	0.42	0.42	0	0	0.38
291300	0.38	0.42	0.42	0	0	0.38
291400	0.38	0.42	0.42	0	0	0.38
291500	0.38	0.42	0.42	0	0	0.38
291600	0.38	0.42	0.42	0	0	0.38
291700	0.38	0.43	0.43	0	0	0.38
291800	0.39	0.42	0.42	0	0	0.39
291900	0.39	0.41	0.41	0	0	0.39
292000	0.39	0.41	0.41	0	0	0.39
292100	0.39	0.41	0.41	0	0	0.39
292200	0.39	0.41	0.41	0	0	0.39
292300	0.39	0.41	0.41	0	0	0.39
292400	0.39	0.41	0.41	0	0	0.39
292500	0.4	0.41	0.41	0	0	0.4
292600	0.39	0.42	0.42	0	0	0.39
292700	0.39	0.41	0.41	0	0	0.39
292800	0.39	0.41	0.41	0	0	0.39
292900	0.39	0.4	0.4	0	0	0.39
293000	0.39	0.4	0.4	0	0	0.39
293100	0.39	0.4	0.4	0	0	0.39
293200	0.39	0.4	0.4	0	0	0.39
293300	0.39	0.4	0.4	0	0	0.39
293400	0.39	0.4	0.4	0	0	0.39
293500	0.39	0.39	0.39	0	0	0.39
293600	0.39	0.39	0.39	0	0	0.39
293700	0.39	0.39	0.39	0	0	0.39
293800	0.39	0.39	0.39	0	0	0.39
293900	0.39	0.39	0.39	0	0	0.39
294000	0.4	0.39	0.39	0	0	0.4
294100	0.4	0.39	0.39	0	0	0.4
294200	0.4	0.39	0.39	0	0	0.4
294300	0.4	0.4	0.4	0	0	0.4
294400	0.4	0.39	0.39	0	0	0.4
294500	0.4	0.4	0.4	0	0	0.4
294600	0.39	0.39	0.39	0	0	0.39
294700	0.39	0.38	0.38	0	0	0.39
294800	0.39	0.38	0.38	0	0	0.39
294900	0.39	0.38	0.38	0	0	0.39
295000	0.39	0.38	0.38	0	0	0.39
295100	0.39	0.38	0.38	0	0	0.39
295200	0.39	0.38	0.38	0	0	0.39
295300	0.39	0.38	0.38	0	0	0.39
295400	0.39	0.38	0.38	0	0	0.39
295500	0.39	0.38	0.38	0	0	0.39
295600	0.39	0.38	0.38	0	0	0.39
295700	0.39	0.38	0.38	0	0	0.39
295800	0.4	0.38	0.38	0	0	0.4
295900	0.4	0.38	0.38	0	0	0.4
296000	0.4	0.38	0.38	0	0	0.4
296100	0.4	0.38	0.38	0	0	0.4
296200	0.4	0.38	0.38	0	0	0.4
296300	0.4	0.38	0.38	0	0	0.4
296400	0.4	0.38	0.38	0	0	0.4
296500	0.4	0.38	0.38	0	0	0.4
296600	0.4	0.38	0.38	0	0	0.4
296700	0.4	0.38	0.38	0	0	0.4
296800	0.4	0.38	0.38	0	0	0.4
296900	0.4	0.38	0.38	0	0	0.4
297000	0.4	0.38	0.38	0	0	0.4
297100	0.4	0.39	0.39	0	0	0.4
297200	0.4	0.38	0.38	0	0	0.4
297300	0.4	0.38	0.38	0	0	0.4
297400	0.4	0.38	0.38	0	0	0.4
297500	0.4	0.38	0.38	0	0	0.4
297600	0.4	0.38	0.38	0	0	0.4
297700	0.4	0.38	0.38	0	0	0.4
297800	0.4	0.38	0.38	0	0	0.4
297900	0.4	0.38	0.38	0	0	0.4
298000	0.39	0.38	0.38	0	0	0.39
298100	0.39	0.38	0.38	0	0	0.39
298200	0.39	0.38	0.38	0	0	0.39
298300	0.39	0.38	0.38	0	0	0.39
298400	0.39	0.38	0.38	0	0	0.39
298500	0.39	0.38	0.38	0	0	0.39
298600	0.39	0.38	0.38	0	0	0.39
298700	0.4	0.38	0.38	0	0	0.4
298800	0.4	0.39	0.39	0	0	0.4
298900	0.4	0.39	0.39	0	0	0.4
299000	0.4	0.38	0.38	0	0	0.4
299100	0.4	0.39	0.39	0	0	0.4
299200	0.4	0.39	0.39	0	0	0.4
299300	0.4	0.4	0.4	0	0	0.4
299400	0.4	0.4	0.4	0	0	0.4
299500	0.4	0.39	0.39	0	0	0.4
299600	0.4	0.39	0.39	0	0	0.4
299700	0.4	0.4	0.4	0	0	0.4
299800	0.4	0.4	0.4	0	0	0.4
299900	0.4	0.4	0.4	0	0	0.4
300000	0.4	0.4	0.4	0	0	0.4
