100	0.09	0.04	0.04	0	0	0.09
200	0.11	0.1	0.1	0	0	0.11
300	0.1	0.13	0.13	0	0	0.1
400	0.1	0.1	0.1	0	0	0.1
500	0.11	0.1	0.1	0	0	0.11
600	0.1	0.12	0.12	0	0	0.1
700	0.11	0.11	0.11	0	0	0.11
800	0.12	0.11	0.11	0	0	0.12
900	0.12	0.15	0.15	0	0	0.12
1000	0.13	0.16	0.16	0	0	0.13
1100	0.14	0.17	0.17	0	0	0.14
1200	0.13	0.15	0.15	0	0	0.13
1300	0.14	0.12	0.12	0	0	0.14
1400	0.15	0.12	0.12	0	0	0.15
1500	0.16	0.13	0.13	0	0	0.16
1600	0.17	0.17	0.17	0	0	0.17
1700	0.17	0.18	0.18	0	0	0.17
1800	0.17	0.17	0.17	0	0	0.17
1900	0.17	0.18	0.18	0	0	0.17
2000	0.18	0.17	0.17	0	0	0.18
2100	0.19	0.18	0.18	0	0	0.19
2200	0.19	0.19	0.19	0	0	0.19
2300	0.17	0.19	0.19	0	0	0.17
2400	0.16	0.2	0.2	0	0	0.16
2500	0.16	0.18	0.18	0	0	0.16
2600	0.16	0.18	0.18	0	0	0.16
2700	0.15	0.18	0.18	0	0	0.15
2800	0.15	0.2	0.2	0	0	0.15
2900	0.16	0.19	0.19	0	0	0.16
3000	0.16	0.2	0.2	0	0	0.16
3100	0.15	0.22	0.22	0	0	0.15
3200	0.15	0.22	0.22	0	0	0.15
3300	0.17	0.22	0.22	0	0	0.17
3400	0.18	0.22	0.22	0	0	0.18
3500	0.18	0.23	0.23	0	0	0.18
3600	0.21	0.25	0.25	0	0	0.21
3700	0.21	0.24	0.24	0	0	0.21
3800	0.21	0.25	0.25	0	0	0.21
3900	0.2	0.25	0.25	0	0	0.2
4000	0.2	0.25	0.25	0	0	0.2
4100	0.2	0.25	0.25	0	0	0.2
4200	0.19	0.25	0.25	0	0	0.19
4300	0.18	0.25	0.25	0	0	0.18
4400	0.18	0.25	0.25	0	0	0.18
4500	0.18	0.25	0.25	0	0	0.18
4600	0.18	0.24	0.24	0	0	0.18
4700	0.18	0.25	0.25	0	0	0.18
4800	0.18	0.25	0.25	0	0	0.18
4900	0.16	0.26	0.26	0	0	0.16
5000	0.17	0.27	0.27	0	0	0.17
5100	0.16	0.27	0.27	0	0	0.16
5200	0.16	0.27	0.27	0	0	0.16
5300	0.16	0.28	0.28	0	0	0.16
5400	0.16	0.27	0.27	0	0	0.16
5500	0.17	0.28	0.28	0	0	0.17
5600	0.17	0.28	0.28	0	0	0.17
5700	0.19	0.27	0.27	0	0	0.19
5800	0.19	0.27	0.27	0	0	0.19
5900	0.18	0.28	0.28	0	0	0.18
6000	0.18	0.28	0.28	0	0	0.18
6100	0.17	0.27	0.27	0	0	0.17
6200	0.17	0.27	0.27	0	0	0.17
6300	0.19	0.27	0.27	0	0	0.19
6400	0.18	0.29	0.29	0	0	0.18
6500	0.18	0.3	0.3	0	0	0.18
6600	0.18	0.3	0.3	0	0	0.18
6700	0.18	0.31	0.31	0	0	0.18
6800	0.18	0.31	0.31	0	0	0.18
6900	0.19	0.31	0.31	0	0	0.19
7000	0.21	0.31	0.31	0	0	0.21
7100	0.2	0.31	0.31	0	0	0.2
7200	0.2	0.31	0.31	0	0	0.2
7300	0.21	0.32	0.32	0	0	0.21
7400	0.22	0.32	0.32	0	0	0.22
7500	0.21	0.31	0.31	0	0	0.21
7600	0.22	0.31	0.31	0	0	0.22
7700	0.22	0.31	0.31	0	0	0.22
7800	0.23	0.31	0.31	0	0	0.23
7900	0.24	0.32	0.32	0	0	0.24
8000	0.22	0.32	0.32	0	0	0.22
8100	0.22	0.33	0.33	0	0	0.22
8200	0.22	0.33	0.33	0	0	0.22
8300	0.22	0.33	0.33	0	0	0.22
8400	0.23	0.32	0.32	0	0	0.23
8500	0.23	0.31	0.31	0	0	0.23
8600	0.24	0.33	0.33	0	0	0.24
8700	0.24	0.32	0.32	0	0	0.24
8800	0.24	0.33	0.33	0	0	0.24
8900	0.24	0.32	0.32	0	0	0.24
9000	0.25	0.32	0.32	0	0	0.25
9100	0.25	0.32	0.32	0	0	0.25
9200	0.25	0.32	0.32	0	0	0.25
9300	0.25	0.3	0.3	0	0	0.25
9400	0.25	0.3	0.3	0	0	0.25
9500	0.26	0.3	0.3	0	0	0.26
9600	0.25	0.3	0.3	0	0	0.25
9700	0.27	0.3	0.3	0	0	0.27
9800	0.27	0.3	0.3	0	0	0.27
9900	0.28	0.3	0.3	0	0	0.28
10000	0.28	0.31	0.31	0	0	0.28
10100	0.28	0.31	0.31	0	0	0.28
10200	0.29	0.31	0.31	0	0	0.29
10300	0.28	0.32	0.32	0	0	0.28
10400	0.28	0.32	0.32	0	0	0.28
10500	0.28	0.32	0.32	0	0	0.28
10600	0.29	0.31	0.31	0	0	0.29
10700	0.28	0.32	0.32	0	0	0.28
10800	0.28	0.32	0.32	0	0	0.28
10900	0.28	0.32	0.32	0	0	0.28
11000	0.29	0.32	0.32	0	0	0.29
11100	0.3	0.32	0.32	0	0	0.3
11200	0.3	0.32	0.32	0	0	0.3
11300	0.3	0.32	0.32	0	0	0.3
11400	0.3	0.33	0.33	0	0	0.3
11500	0.3	0.34	0.34	0	0	0.3
11600	0.3	0.34	0.34	0	0	0.3
11700	0.31	0.33	0.33	0	0	0.31
11800	0.32	0.32	0.32	0	0	0.32
11900	0.33	0.32	0.32	0	0	0.33
12000	0.33	0.32	0.32	0	0	0.33
12100	0.33	0.32	0.32	0	0	0.33
12200	0.34	0.33	0.33	0	0	0.34
12300	0.34	0.33	0.33	0	0	0.34
12400	0.34	0.32	0.32	0	0	0.34
12500	0.32	0.32	0.32	0	0	0.32
12600	0.32	0.33	0.33	0	0	0.32
12700	0.32	0.33	0.33	0	0	0.32
12800	0.32	0.33	0.33	0	0	0.32
12900	0.32	0.32	0.32	0	0	0.32
13000	0.31	0.32	0.32	0	0	0.31
13100	0.31	0.32	0.32	0	0	0.31
13200	0.3	0.32	0.32	0	0	0.3
13300	0.29	0.32	0.32	0	0	0.29
13400	0.29	0.33	0.33	0	0	0.29
13500	0.29	0.33	0.33	0	0	0.29
13600	0.29	0.34	0.34	0	0	0.29
13700	0.3	0.34	0.34	0	0	0.3
13800	0.3	0.33	0.33	0	0	0.3
13900	0.29	0.33	0.33	0	0	0.29
14000	0.29	0.33	0.33	0	0	0.29
14100	0.29	0.33	0.33	0	0	0.29
14200	0.29	0.35	0.35	0	0	0.29
14300	0.27	0.35	0.35	0	0	0.27
14400	0.27	0.35	0.35	0	0	0.27
14500	0.28	0.36	0.36	0	0	0.28
14600	0.27	0.36	0.36	0	0	0.27
14700	0.27	0.35	0.35	0	0	0.27
14800	0.28	0.35	0.35	0	0	0.28
14900	0.28	0.36	0.36	0	0	0.28
15000	0.28	0.37	0.37	0	0	0.28
15100	0.26	0.37	0.37	0	0	0.26
15200	0.26	0.38	0.38	0	0	0.26
15300	0.25	0.37	0.37	0	0	0.25
15400	0.25	0.37	0.37	0	0	0.25
15500	0.25	0.37	0.37	0	0	0.25
15600	0.26	0.35	0.35	0	0	0.26
15700	0.26	0.34	0.34	0	0	0.26
15800	0.25	0.34	0.34	0	0	0.25
15900	0.25	0.36	0.36	0	0	0.25
16000	0.25	0.36	0.36	0	0	0.25
16100	0.29	0.34	0.34	0	0	0.29
16200	0.29	0.34	0.34	0	0	0.29
16300	0.29	0.35	0.35	0	0	0.29
16400	0.28	0.36	0.36	0	0	0.28
16500	0.26	0.35	0.35	0	0	0.26
16600	0.27	0.35	0.35	0	0	0.27
16700	0.27	0.35	0.35	0	0	0.27
16800	0.26	0.36	0.36	0	0	0.26
16900	0.26	0.37	0.37	0	0	0.26
17000	0.26	0.37	0.37	0	0	0.26
17100	0.26	0.37	0.37	0	0	0.26
17200	0.27	0.39	0.39	0	0	0.27
17300	0.27	0.4	0.4	0	0	0.27
17400	0.27	0.4	0.4	0	0	0.27
17500	0.27	0.4	0.4	0	0	0.27
17600	0.27	0.4	0.4	0	0	0.27
17700	0.27	0.4	0.4	0	0	0.27
17800	0.27	0.4	0.4	0	0	0.27
17900	0.27	0.4	0.4	0	0	0.27
18000	0.28	0.4	0.4	0	0	0.28
18100	0.28	0.4	0.4	0	0	0.28
18200	0.3	0.4	0.4	0	0	0.3
18300	0.32	0.39	0.39	0	0	0.32
18400	0.31	0.4	0.4	0	0	0.31
18500	0.3	0.4	0.4	0	0	0.3
18600	0.3	0.39	0.39	0	0	0.3
18700	0.3	0.39	0.39	0	0	0.3
18800	0.3	0.39	0.39	0	0	0.3
18900	0.3	0.39	0.39	0	0	0.3
19000	0.31	0.39	0.39	0	0	0.31
19100	0.31	0.39	0.39	0	0	0.31
19200	0.31	0.39	0.39	0	0	0.31
19300	0.31	0.4	0.4	0	0	0.31
19400	0.31	0.4	0.4	0	0	0.31
19500	0.32	0.37	0.37	0	0	0.32
19600	0.32	0.37	0.37	0	0	0.32
19700	0.33	0.37	0.37	0	0	0.33
19800	0.33	0.37	0.37	0	0	0.33
19900	0.33	0.37	0.37	0	0	0.33
20000	0.33	0.37	0.37	0	0	0.33
20100	0.35	0.37	0.37	0	0	0.35
20200	0.34	0.38	0.38	0	0	0.34
20300	0.34	0.39	0.39	0	0	0.34
20400	0.34	0.4	0.4	0	0	0.34
20500	0.34	0.4	0.4	0	0	0.34
20600	0.33	0.4	0.4	0	0	0.33
20700	0.32	0.4	0.4	0	0	0.32
20800	0.32	0.4	0.4	0	0	0.32
20900	0.32	0.41	0.41	0	0	0.32
21000	0.32	0.41	0.41	0	0	0.32
21100	0.32	0.4	0.4	0	0	0.32
21200	0.32	0.39	0.39	0	0	0.32
21300	0.33	0.4	0.4	0	0	0.33
21400	0.34	0.35	0.35	0	0	0.34
21500	0.33	0.33	0.33	0	0	0.33
21600	0.33	0.33	0.33	0	0	0.33
21700	0.33	0.33	0.33	0	0	0.33
21800	0.33	0.33	0.33	0	0	0.33
21900	0.33	0.33	0.33	0	0	0.33
22000	0.33	0.34	0.34	0	0	0.33
22100	0.33	0.34	0.34	0	0	0.33
22200	0.33	0.34	0.34	0	0	0.33
22300	0.34	0.34	0.34	0	0	0.34
22400	0.34	0.34	0.34	0	0	0.34
22500	0.35	0.34	0.34	0	0	0.35
22600	0.35	0.33	0.33	0	0	0.35
22700	0.32	0.33	0.33	0	0	0.32
22800	0.32	0.33	0.33	0	0	0.32
22900	0.32	0.33	0.33	0	0	0.32
23000	0.32	0.33	0.33	0	0	0.32
23100	0.32	0.33	0.33	0	0	0.32
23200	0.31	0.32	0.32	0	0	0.31
23300	0.31	0.32	0.32	0	0	0.31
23400	0.31	0.32	0.32	0	0	0.31
23500	0.32	0.32	0.32	0	0	0.32
23600	0.31	0.33	0.33	0	0	0.31
23700	0.31	0.33	0.33	0	0	0.31
23800	0.31	0.32	0.32	0	0	0.31
23900	0.32	0.33	0.33	0	0	0.32
24000	0.31	0.33	0.33	0	0	0.31
24100	0.32	0.33	0.33	0	0	0.32
24200	0.33	0.34	0.34	0	0	0.33
24300	0.33	0.34	0.34	0	0	0.33
24400	0.32	0.37	0.37	0	0	0.32
24500	0.31	0.36	0.36	0	0	0.31
24600	0.33	0.35	0.35	0	0	0.33
24700	0.31	0.35	0.35	0	0	0.31
24800	0.32	0.34	0.34	0	0	0.32
24900	0.32	0.34	0.34	0	0	0.32
25000	0.33	0.33	0.33	0	0	0.33
25100	0.33	0.33	0.33	0	0	0.33
25200	0.33	0.33	0.33	0	0	0.33
25300	0.34	0.33	0.33	0	0	0.34
25400	0.32	0.33	0.33	0	0	0.32
25500	0.33	0.34	0.34	0	0	0.33
25600	0.33	0.35	0.35	0	0	0.33
25700	0.33	0.35	0.35	0	0	0.33
25800	0.32	0.36	0.36	0	0	0.32
25900	0.32	0.35	0.35	0	0	0.32
26000	0.32	0.35	0.35	0	0	0.32
26100	0.31	0.36	0.36	0	0	0.31
26200	0.32	0.35	0.35	0	0	0.32
26300	0.32	0.37	0.37	0	0	0.32
26400	0.33	0.36	0.36	0	0	0.33
26500	0.34	0.36	0.36	0	0	0.34
26600	0.33	0.38	0.38	0	0	0.33
26700	0.33	0.37	0.37	0	0	0.33
26800	0.32	0.37	0.37	0	0	0.32
26900	0.32	0.37	0.37	0	0	0.32
27000	0.32	0.37	0.37	0	0	0.32
27100	0.32	0.37	0.37	0	0	0.32
27200	0.33	0.37	0.37	0	0	0.33
27300	0.33	0.37	0.37	0	0	0.33
27400	0.33	0.38	0.38	0	0	0.33
27500	0.33	0.38	0.38	0	0	0.33
27600	0.34	0.38	0.38	0	0	0.34
27700	0.34	0.38	0.38	0	0	0.34
27800	0.33	0.38	0.38	0	0	0.33
27900	0.33	0.38	0.38	0	0	0.33
28000	0.33	0.38	0.38	0	0	0.33
28100	0.34	0.38	0.38	0	0	0.34
28200	0.34	0.38	0.38	0	0	0.34
28300	0.34	0.38	0.38	0	0	0.34
28400	0.34	0.38	0.38	0	0	0.34
28500	0.33	0.38	0.38	0	0	0.33
28600	0.33	0.39	0.39	0	0	0.33
28700	0.33	0.39	0.39	0	0	0.33
28800	0.32	0.39	0.39	0	0	0.32
28900	0.33	0.39	0.39	0	0	0.33
29000	0.33	0.38	0.38	0	0	0.33
29100	0.33	0.38	0.38	0	0	0.33
29200	0.33	0.38	0.38	0	0	0.33
29300	0.33	0.38	0.38	0	0	0.33
29400	0.33	0.38	0.38	0	0	0.33
29500	0.33	0.38	0.38	0	0	0.33
29600	0.34	0.38	0.38	0	0	0.34
29700	0.34	0.38	0.38	0	0	0.34
29800	0.34	0.36	0.36	0	0	0.34
29900	0.35	0.35	0.35	0	0	0.35
30000	0.35	0.35	0.35	0	0	0.35
30100	0.35	0.35	0.35	0	0	0.35
30200	0.35	0.35	0.35	0	0	0.35
30300	0.35	0.35	0.35	0	0	0.35
30400	0.35	0.35	0.35	0	0	0.35
30500	0.35	0.35	0.35	0	0	0.35
30600	0.35	0.36	0.36	0	0	0.35
30700	0.35	0.37	0.37	0	0	0.35
30800	0.35	0.37	0.37	0	0	0.35
30900	0.35	0.37	0.37	0	0	0.35
31000	0.36	0.36	0.36	0	0	0.36
31100	0.37	0.36	0.36	0	0	0.37
31200	0.36	0.36	0.36	0	0	0.36
31300	0.36	0.37	0.37	0	0	0.36
31400	0.35	0.37	0.37	0	0	0.35
31500	0.35	0.37	0.37	0	0	0.35
31600	0.35	0.37	0.37	0	0	0.35
31700	0.35	0.37	0.37	0	0	0.35
31800	0.35	0.37	0.37	0	0	0.35
31900	0.35	0.37	0.37	0	0	0.35
32000	0.35	0.39	0.39	0	0	0.35
32100	0.35	0.38	0.38	0	0	0.35
32200	0.35	0.38	0.38	0	0	0.35
32300	0.36	0.39	0.39	0	0	0.36
32400	0.36	0.4	0.4	0	0	0.36
32500	0.35	0.39	0.39	0	0	0.35
32600	0.35	0.39	0.39	0	0	0.35
32700	0.35	0.39	0.39	0	0	0.35
32800	0.36	0.39	0.39	0	0	0.36
32900	0.35	0.38	0.38	0	0	0.35
33000	0.35	0.38	0.38	0	0	0.35
33100	0.35	0.38	0.38	0	0	0.35
33200	0.35	0.38	0.38	0	0	0.35
33300	0.35	0.38	0.38	0	0	0.35
33400	0.34	0.38	0.38	0	0	0.34
33500	0.35	0.38	0.38	0	0	0.35
33600	0.34	0.38	0.38	0	0	0.34
33700	0.34	0.38	0.38	0	0	0.34
33800	0.34	0.38	0.38	0	0	0.34
33900	0.34	0.38	0.38	0	0	0.34
34000	0.34	0.38	0.38	0	0	0.34
34100	0.34	0.38	0.38	0	0	0.34
34200	0.34	0.38	0.38	0	0	0.34
34300	0.34	0.38	0.38	0	0	0.34
34400	0.34	0.39	0.39	0	0	0.34
34500	0.35	0.4	0.4	0	0	0.35
34600	0.35	0.4	0.4	0	0	0.35
34700	0.35	0.4	0.4	0	0	0.35
34800	0.36	0.4	0.4	0	0	0.36
34900	0.36	0.4	0.4	0	0	0.36
35000	0.36	0.4	0.4	0	0	0.36
35100	0.37	0.4	0.4	0	0	0.37
35200	0.36	0.4	0.4	0	0	0.36
35300	0.36	0.4	0.4	0	0	0.36
35400	0.36	0.4	0.4	0	0	0.36
35500	0.36	0.4	0.4	0	0	0.36
35600	0.36	0.4	0.4	0	0	0.36
35700	0.36	0.4	0.4	0	0	0.36
35800	0.36	0.4	0.4	0	0	0.36
35900	0.36	0.4	0.4	0	0	0.36
36000	0.36	0.41	0.41	0	0	0.36
36100	0.36	0.4	0.4	0	0	0.36
36200	0.36	0.4	0.4	0	0	0.36
36300	0.36	0.4	0.4	0	0	0.36
36400	0.36	0.4	0.4	0	0	0.36
36500	0.36	0.4	0.4	0	0	0.36
36600	0.36	0.39	0.39	0	0	0.36
36700	0.36	0.39	0.39	0	0	0.36
36800	0.36	0.39	0.39	0	0	0.36
36900	0.36	0.39	0.39	0	0	0.36
37000	0.36	0.39	0.39	0	0	0.36
37100	0.35	0.39	0.39	0	0	0.35
37200	0.37	0.39	0.39	0	0	0.37
37300	0.36	0.39	0.39	0	0	0.36
37400	0.36	0.39	0.39	0	0	0.36
37500	0.36	0.39	0.39	0	0	0.36
37600	0.36	0.39	0.39	0	0	0.36
37700	0.36	0.4	0.4	0	0	0.36
37800	0.36	0.4	0.4	0	0	0.36
37900	0.36	0.39	0.39	0	0	0.36
38000	0.35	0.39	0.39	0	0	0.35
38100	0.35	0.38	0.38	0	0	0.35
38200	0.35	0.38	0.38	0	0	0.35
38300	0.36	0.38	0.38	0	0	0.36
38400	0.36	0.39	0.39	0	0	0.36
38500	0.36	0.39	0.39	0	0	0.36
38600	0.36	0.39	0.39	0	0	0.36
38700	0.36	0.4	0.4	0	0	0.36
38800	0.36	0.38	0.38	0	0	0.36
38900	0.36	0.38	0.38	0	0	0.36
39000	0.36	0.38	0.38	0	0	0.36
39100	0.36	0.38	0.38	0	0	0.36
39200	0.36	0.38	0.38	0	0	0.36
39300	0.36	0.38	0.38	0	0	0.36
39400	0.36	0.38	0.38	0	0	0.36
39500	0.36	0.38	0.38	0	0	0.36
39600	0.37	0.38	0.38	0	0	0.37
39700	0.37	0.39	0.39	0	0	0.37
39800	0.37	0.4	0.4	0	0	0.37
39900	0.38	0.39	0.39	0	0	0.38
40000	0.38	0.39	0.39	0	0	0.38
40100	0.38	0.39	0.39	0	0	0.38
40200	0.39	0.39	0.39	0	0	0.39
40300	0.4	0.39	0.39	0	0	0.4
40400	0.4	0.39	0.39	0	0	0.4
40500	0.4	0.39	0.39	0	0	0.4
40600	0.4	0.39	0.39	0	0	0.4
40700	0.4	0.39	0.39	0	0	0.4
40800	0.39	0.39	0.39	0	0	0.39
40900	0.38	0.39	0.39	0	0	0.38
41000	0.37	0.4	0.4	0	0	0.37
41100	0.37	0.39	0.39	0	0	0.37
41200	0.37	0.39	0.39	0	0	0.37
41300	0.37	0.39	0.39	0	0	0.37
41400	0.37	0.39	0.39	0	0	0.37
41500	0.37	0.39	0.39	0	0	0.37
41600	0.37	0.39	0.39	0	0	0.37
41700	0.37	0.39	0.39	0	0	0.37
41800	0.35	0.4	0.4	0	0	0.35
41900	0.35	0.4	0.4	0	0	0.35
42000	0.34	0.4	0.4	0	0	0.34
42100	0.35	0.4	0.4	0	0	0.35
42200	0.34	0.41	0.41	0	0	0.34
42300	0.34	0.41	0.41	0	0	0.34
42400	0.34	0.41	0.41	0	0	0.34
42500	0.35	0.41	0.41	0	0	0.35
42600	0.36	0.41	0.41	0	0	0.36
42700	0.36	0.41	0.41	0	0	0.36
42800	0.36	0.42	0.42	0	0	0.36
42900	0.36	0.42	0.42	0	0	0.36
43000	0.37	0.42	0.42	0	0	0.37
43100	0.37	0.41	0.41	0	0	0.37
43200	0.37	0.41	0.41	0	0	0.37
43300	0.37	0.41	0.41	0	0	0.37
43400	0.37	0.41	0.41	0	0	0.37
43500	0.37	0.41	0.41	0	0	0.37
43600	0.37	0.41	0.41	0	0	0.37
43700	0.37	0.41	0.41	0	0	0.37
43800	0.37	0.39	0.39	0	0	0.37
43900	0.37	0.39	0.39	0	0	0.37
44000	0.37	0.39	0.39	0	0	0.37
44100	0.37	0.39	0.39	0	0	0.37
44200	0.37	0.39	0.39	0	0	0.37
44300	0.37	0.39	0.39	0	0	0.37
44400	0.38	0.39	0.39	0	0	0.38
44500	0.38	0.38	0.38	0	0	0.38
44600	0.38	0.38	0.38	0	0	0.38
44700	0.38	0.38	0.38	0	0	0.38
44800	0.38	0.38	0.38	0	0	0.38
44900	0.38	0.38	0.38	0	0	0.38
45000	0.39	0.38	0.38	0	0	0.39
45100	0.39	0.38	0.38	0	0	0.39
45200	0.39	0.38	0.38	0	0	0.39
45300	0.39	0.38	0.38	0	0	0.39
45400	0.39	0.38	0.38	0	0	0.39
45500	0.39	0.38	0.38	0	0	0.39
45600	0.39	0.38	0.38	0	0	0.39
45700	0.39	0.38	0.38	0	0	0.39
45800	0.39	0.38	0.38	0	0	0.39
45900	0.39	0.38	0.38	0	0	0.39
46000	0.4	0.38	0.38	0	0	0.4
46100	0.41	0.38	0.38	0	0	0.41
46200	0.41	0.39	0.39	0	0	0.41
46300	0.41	0.4	0.4	0	0	0.41
46400	0.41	0.39	0.39	0	0	0.41
46500	0.41	0.39	0.39	0	0	0.41
46600	0.41	0.39	0.39	0	0	0.41
46700	0.41	0.39	0.39	0	0	0.41
46800	0.41	0.4	0.4	0	0	0.41
46900	0.41	0.4	0.4	0	0	0.41
47000	0.41	0.41	0.41	0	0	0.41
47100	0.41	0.41	0.41	0	0	0.41
47200	0.41	0.4	0.4	0	0	0.41
47300	0.41	0.4	0.4	0	0	0.41
47400	0.41	0.4	0.4	0	0	0.41
47500	0.41	0.4	0.4	0	0	0.41
47600	0.41	0.41	0.41	0	0	0.41
47700	0.41	0.41	0.41	0	0	0.41
47800	0.41	0.41	0.41	0	0	0.41
47900	0.41	0.41	0.41	0	0	0.41
48000	0.42	0.41	0.41	0	0	0.42
48100	0.42	0.41	0.41	0	0	0.42
48200	0.42	0.41	0.41	0	0	0.42
48300	0.42	0.41	0.41	0	0	0.42
48400	0.42	0.41	0.41	0	0	0.42
48500	0.42	0.41	0.41	0	0	0.42
48600	0.42	0.41	0.41	0	0	0.42
48700	0.42	0.42	0.42	0	0	0.42
48800	0.42	0.42	0.42	0	0	0.42
48900	0.42	0.42	0.42	0	0	0.42
49000	0.42	0.42	0.42	0	0	0.42
49100	0.42	0.42	0.42	0	0	0.42
49200	0.42	0.42	0.42	0	0	0.42
49300	0.42	0.42	0.42	0	0	0.42
49400	0.43	0.42	0.42	0	0	0.43
49500	0.43	0.41	0.41	0	0	0.43
49600	0.43	0.42	0.42	0	0	0.43
49700	0.43	0.42	0.42	0	0	0.43
49800	0.44	0.4	0.4	0	0	0.44
49900	0.44	0.4	0.4	0	0	0.44
50000	0.44	0.4	0.4	0	0	0.44
50100	0.44	0.4	0.4	0	0	0.44
50200	0.44	0.4	0.4	0	0	0.44
50300	0.44	0.4	0.4	0	0	0.44
50400	0.44	0.4	0.4	0	0	0.44
50500	0.44	0.4	0.4	0	0	0.44
50600	0.44	0.4	0.4	0	0	0.44
50700	0.44	0.4	0.4	0	0	0.44
50800	0.44	0.4	0.4	0	0	0.44
50900	0.44	0.4	0.4	0	0	0.44
51000	0.44	0.4	0.4	0	0	0.44
51100	0.44	0.4	0.4	0	0	0.44
51200	0.44	0.4	0.4	0	0	0.44
51300	0.44	0.41	0.41	0	0	0.44
51400	0.44	0.4	0.4	0	0	0.44
51500	0.44	0.4	0.4	0	0	0.44
51600	0.44	0.4	0.4	0	0	0.44
51700	0.44	0.4	0.4	0	0	0.44
51800	0.44	0.4	0.4	0	0	0.44
51900	0.44	0.4	0.4	0	0	0.44
52000	0.44	0.4	0.4	0	0	0.44
52100	0.44	0.4	0.4	0	0	0.44
52200	0.44	0.4	0.4	0	0	0.44
52300	0.44	0.4	0.4	0	0	0.44
52400	0.44	0.4	0.4	0	0	0.44
52500	0.44	0.4	0.4	0	0	0.44
52600	0.44	0.4	0.4	0	0	0.44
52700	0.44	0.4	0.4	0	0	0.44
52800	0.44	0.4	0.4	0	0	0.44
52900	0.44	0.4	0.4	0	0	0.44
53000	0.44	0.4	0.4	0	0	0.44
53100	0.45	0.4	0.4	0	0	0.45
53200	0.44	0.4	0.4	0	0	0.44
53300	0.44	0.4	0.4	0	0	0.44
53400	0.44	0.4	0.4	0	0	0.44
53500	0.44	0.4	0.4	0	0	0.44
53600	0.44	0.4	0.4	0	0	0.44
53700	0.44	0.4	0.4	0	0	0.44
53800	0.44	0.4	0.4	0	0	0.44
53900	0.44	0.4	0.4	0	0	0.44
54000	0.44	0.4	0.4	0	0	0.44
54100	0.45	0.4	0.4	0	0	0.45
54200	0.45	0.4	0.4	0	0	0.45
54300	0.45	0.4	0.4	0	0	0.45
54400	0.45	0.4	0.4	0	0	0.45
54500	0.45	0.4	0.4	0	0	0.45
54600	0.46	0.4	0.4	0	0	0.46
54700	0.46	0.4	0.4	0	0	0.46
54800	0.46	0.41	0.41	0	0	0.46
54900	0.45	0.41	0.41	0	0	0.45
55000	0.45	0.41	0.41	0	0	0.45
55100	0.45	0.41	0.41	0	0	0.45
55200	0.45	0.41	0.41	0	0	0.45
55300	0.45	0.41	0.41	0	0	0.45
55400	0.45	0.41	0.41	0	0	0.45
55500	0.45	0.4	0.4	0	0	0.45
55600	0.45	0.4	0.4	0	0	0.45
55700	0.45	0.4	0.4	0	0	0.45
55800	0.45	0.4	0.4	0	0	0.45
55900	0.45	0.4	0.4	0	0	0.45
56000	0.45	0.41	0.41	0	0	0.45
56100	0.45	0.4	0.4	0	0	0.45
56200	0.45	0.4	0.4	0	0	0.45
56300	0.45	0.4	0.4	0	0	0.45
56400	0.45	0.4	0.4	0	0	0.45
56500	0.45	0.4	0.4	0	0	0.45
56600	0.45	0.4	0.4	0	0	0.45
56700	0.45	0.4	0.4	0	0	0.45
56800	0.45	0.4	0.4	0	0	0.45
56900	0.45	0.4	0.4	0	0	0.45
57000	0.45	0.4	0.4	0	0	0.45
57100	0.45	0.4	0.4	0	0	0.45
57200	0.45	0.4	0.4	0	0	0.45
57300	0.45	0.4	0.4	0	0	0.45
57400	0.45	0.4	0.4	0	0	0.45
57500	0.45	0.4	0.4	0	0	0.45
57600	0.45	0.4	0.4	0	0	0.45
57700	0.45	0.4	0.4	0	0	0.45
57800	0.45	0.4	0.4	0	0	0.45
57900	0.45	0.4	0.4	0	0	0.45
58000	0.45	0.41	0.41	0	0	0.45
58100	0.45	0.41	0.41	0	0	0.45
58200	0.45	0.41	0.41	0	0	0.45
58300	0.45	0.41	0.41	0	0	0.45
58400	0.44	0.41	0.41	0	0	0.44
58500	0.44	0.41	0.41	0	0	0.44
58600	0.44	0.41	0.41	0	0	0.44
58700	0.46	0.41	0.41	0	0	0.46
58800	0.46	0.41	0.41	0	0	0.46
58900	0.46	0.41	0.41	0	0	0.46
59000	0.46	0.41	0.41	0	0	0.46
59100	0.46	0.41	0.41	0	0	0.46
59200	0.46	0.41	0.41	0	0	0.46
59300	0.45	0.41	0.41	0	0	0.45
59400	0.45	0.41	0.41	0	0	0.45
59500	0.45	0.41	0.41	0	0	0.45
59600	0.45	0.41	0.41	0	0	0.45
59700	0.45	0.41	0.41	0	0	0.45
59800	0.45	0.41	0.41	0	0	0.45
59900	0.45	0.41	0.41	0	0	0.45
60000	0.45	0.41	0.41	0	0	0.45
60100	0.45	0.41	0.41	0	0	0.45
60200	0.45	0.41	0.41	0	0	0.45
60300	0.44	0.41	0.41	0	0	0.44
60400	0.44	0.41	0.41	0	0	0.44
60500	0.44	0.41	0.41	0	0	0.44
60600	0.44	0.41	0.41	0	0	0.44
60700	0.44	0.41	0.41	0	0	0.44
60800	0.44	0.41	0.41	0	0	0.44
60900	0.44	0.41	0.41	0	0	0.44
61000	0.44	0.41	0.41	0	0	0.44
61100	0.44	0.41	0.41	0	0	0.44
61200	0.44	0.4	0.4	0	0	0.44
61300	0.44	0.4	0.4	0	0	0.44
61400	0.44	0.4	0.4	0	0	0.44
61500	0.44	0.4	0.4	0	0	0.44
61600	0.44	0.4	0.4	0	0	0.44
61700	0.44	0.4	0.4	0	0	0.44
61800	0.44	0.4	0.4	0	0	0.44
61900	0.44	0.4	0.4	0	0	0.44
62000	0.44	0.4	0.4	0	0	0.44
62100	0.44	0.4	0.4	0	0	0.44
62200	0.44	0.4	0.4	0	0	0.44
62300	0.44	0.4	0.4	0	0	0.44
62400	0.43	0.4	0.4	0	0	0.43
62500	0.43	0.4	0.4	0	0	0.43
62600	0.42	0.4	0.4	0	0	0.42
62700	0.42	0.4	0.4	0	0	0.42
62800	0.43	0.4	0.4	0	0	0.43
62900	0.43	0.4	0.4	0	0	0.43
63000	0.43	0.4	0.4	0	0	0.43
63100	0.43	0.4	0.4	0	0	0.43
63200	0.43	0.4	0.4	0	0	0.43
63300	0.43	0.4	0.4	0	0	0.43
63400	0.43	0.4	0.4	0	0	0.43
63500	0.42	0.4	0.4	0	0	0.42
63600	0.42	0.4	0.4	0	0	0.42
63700	0.42	0.4	0.4	0	0	0.42
63800	0.42	0.4	0.4	0	0	0.42
63900	0.42	0.4	0.4	0	0	0.42
64000	0.43	0.4	0.4	0	0	0.43
64100	0.43	0.4	0.4	0	0	0.43
64200	0.43	0.4	0.4	0	0	0.43
64300	0.43	0.4	0.4	0	0	0.43
64400	0.43	0.4	0.4	0	0	0.43
64500	0.43	0.4	0.4	0	0	0.43
64600	0.43	0.4	0.4	0	0	0.43
64700	0.43	0.4	0.4	0	0	0.43
64800	0.43	0.4	0.4	0	0	0.43
64900	0.43	0.4	0.4	0	0	0.43
65000	0.43	0.4	0.4	0	0	0.43
65100	0.43	0.41	0.41	0	0	0.43
65200	0.44	0.41	0.41	0	0	0.44
65300	0.43	0.41	0.41	0	0	0.43
65400	0.43	0.41	0.41	0	0	0.43
65500	0.43	0.42	0.42	0	0	0.43
65600	0.43	0.42	0.42	0	0	0.43
65700	0.43	0.42	0.42	0	0	0.43
65800	0.43	0.42	0.42	0	0	0.43
65900	0.43	0.42	0.42	0	0	0.43
66000	0.43	0.42	0.42	0	0	0.43
66100	0.43	0.42	0.42	0	0	0.43
66200	0.43	0.42	0.42	0	0	0.43
66300	0.43	0.42	0.42	0	0	0.43
66400	0.43	0.42	0.42	0	0	0.43
66500	0.42	0.42	0.42	0	0	0.42
66600	0.41	0.42	0.42	0	0	0.41
66700	0.41	0.42	0.42	0	0	0.41
66800	0.41	0.42	0.42	0	0	0.41
66900	0.41	0.42	0.42	0	0	0.41
67000	0.41	0.42	0.42	0	0	0.41
67100	0.42	0.42	0.42	0	0	0.42
67200	0.42	0.42	0.42	0	0	0.42
67300	0.42	0.42	0.42	0	0	0.42
67400	0.42	0.42	0.42	0	0	0.42
67500	0.42	0.42	0.42	0	0	0.42
67600	0.42	0.42	0.42	0	0	0.42
67700	0.42	0.43	0.43	0	0	0.42
67800	0.42	0.43	0.43	0	0	0.42
67900	0.42	0.43	0.43	0	0	0.42
68000	0.42	0.43	0.43	0	0	0.42
68100	0.43	0.43	0.43	0	0	0.43
68200	0.43	0.43	0.43	0	0	0.43
68300	0.43	0.43	0.43	0	0	0.43
68400	0.42	0.43	0.43	0	0	0.42
68500	0.42	0.43	0.43	0	0	0.42
68600	0.42	0.43	0.43	0	0	0.42
68700	0.42	0.43	0.43	0	0	0.42
68800	0.43	0.43	0.43	0	0	0.43
68900	0.43	0.43	0.43	0	0	0.43
69000	0.44	0.43	0.43	0	0	0.44
69100	0.44	0.43	0.43	0	0	0.44
69200	0.42	0.43	0.43	0	0	0.42
69300	0.41	0.43	0.43	0	0	0.41
69400	0.41	0.42	0.42	0	0	0.41
69500	0.41	0.42	0.42	0	0	0.41
69600	0.41	0.42	0.42	0	0	0.41
69700	0.4	0.42	0.42	0	0	0.4
69800	0.4	0.42	0.42	0	0	0.4
69900	0.4	0.42	0.42	0	0	0.4
70000	0.4	0.42	0.42	0	0	0.4
70100	0.4	0.42	0.42	0	0	0.4
70200	0.4	0.42	0.42	0	0	0.4
70300	0.4	0.42	0.42	0	0	0.4
70400	0.4	0.42	0.42	0	0	0.4
70500	0.4	0.42	0.42	0	0	0.4
70600	0.4	0.42	0.42	0	0	0.4
70700	0.4	0.42	0.42	0	0	0.4
70800	0.4	0.42	0.42	0	0	0.4
70900	0.4	0.42	0.42	0	0	0.4
71000	0.4	0.42	0.42	0	0	0.4
71100	0.4	0.42	0.42	0	0	0.4
71200	0.4	0.42	0.42	0	0	0.4
71300	0.4	0.42	0.42	0	0	0.4
71400	0.4	0.42	0.42	0	0	0.4
71500	0.4	0.42	0.42	0	0	0.4
71600	0.4	0.42	0.42	0	0	0.4
71700	0.4	0.42	0.42	0	0	0.4
71800	0.4	0.42	0.42	0	0	0.4
71900	0.39	0.42	0.42	0	0	0.39
72000	0.39	0.42	0.42	0	0	0.39
72100	0.39	0.43	0.43	0	0	0.39
72200	0.39	0.42	0.42	0	0	0.39
72300	0.39	0.42	0.42	0	0	0.39
72400	0.39	0.42	0.42	0	0	0.39
72500	0.39	0.42	0.42	0	0	0.39
72600	0.39	0.42	0.42	0	0	0.39
72700	0.39	0.42	0.42	0	0	0.39
72800	0.39	0.42	0.42	0	0	0.39
72900	0.39	0.42	0.42	0	0	0.39
73000	0.39	0.42	0.42	0	0	0.39
73100	0.39	0.42	0.42	0	0	0.39
73200	0.39	0.42	0.42	0	0	0.39
73300	0.39	0.42	0.42	0	0	0.39
73400	0.39	0.42	0.42	0	0	0.39
73500	0.39	0.42	0.42	0	0	0.39
73600	0.39	0.42	0.42	0	0	0.39
73700	0.39	0.42	0.42	0	0	0.39
73800	0.39	0.42	0.42	0	0	0.39
73900	0.39	0.42	0.42	0	0	0.39
74000	0.39	0.42	0.42	0	0	0.39
74100	0.39	0.42	0.42	0	0	0.39
74200	0.39	0.42	0.42	0	0	0.39
74300	0.39	0.42	0.42	0	0	0.39
74400	0.39	0.42	0.42	0	0	0.39
74500	0.39	0.42	0.42	0	0	0.39
74600	0.39	0.42	0.42	0	0	0.39
74700	0.39	0.42	0.42	0	0	0.39
74800	0.39	0.42	0.42	0	0	0.39
74900	0.39	0.42	0.42	0	0	0.39
75000	0.39	0.42	0.42	0	0	0.39
75100	0.39	0.42	0.42	0	0	0.39
75200	0.39	0.42	0.42	0	0	0.39
75300	0.39	0.42	0.42	0	0	0.39
75400	0.39	0.42	0.42	0	0	0.39
75500	0.39	0.42	0.42	0	0	0.39
75600	0.39	0.42	0.42	0	0	0.39
75700	0.39	0.42	0.42	0	0	0.39
75800	0.39	0.42	0.42	0	0	0.39
75900	0.39	0.42	0.42	0	0	0.39
76000	0.4	0.42	0.42	0	0	0.4
76100	0.4	0.43	0.43	0	0	0.4
76200	0.4	0.42	0.42	0	0	0.4
76300	0.4	0.42	0.42	0	0	0.4
76400	0.4	0.42	0.42	0	0	0.4
76500	0.4	0.42	0.42	0	0	0.4
76600	0.4	0.42	0.42	0	0	0.4
76700	0.4	0.42	0.42	0	0	0.4
76800	0.4	0.42	0.42	0	0	0.4
76900	0.4	0.42	0.42	0	0	0.4
77000	0.4	0.42	0.42	0	0	0.4
77100	0.4	0.42	0.42	0	0	0.4
77200	0.4	0.42	0.42	0	0	0.4
77300	0.4	0.43	0.43	0	0	0.4
77400	0.4	0.43	0.43	0	0	0.4
77500	0.4	0.43	0.43	0	0	0.4
77600	0.4	0.43	0.43	0	0	0.4
77700	0.4	0.43	0.43	0	0	0.4
77800	0.4	0.43	0.43	0	0	0.4
77900	0.4	0.43	0.43	0	0	0.4
78000	0.4	0.43	0.43	0	0	0.4
78100	0.39	0.43	0.43	0	0	0.39
78200	0.39	0.43	0.43	0	0	0.39
78300	0.39	0.43	0.43	0	0	0.39
78400	0.39	0.43	0.43	0	0	0.39
78500	0.39	0.43	0.43	0	0	0.39
78600	0.39	0.43	0.43	0	0	0.39
78700	0.39	0.43	0.43	0	0	0.39
78800	0.39	0.43	0.43	0	0	0.39
78900	0.39	0.44	0.44	0	0	0.39
79000	0.38	0.44	0.44	0	0	0.38
79100	0.39	0.43	0.43	0	0	0.39
79200	0.39	0.43	0.43	0	0	0.39
79300	0.39	0.43	0.43	0	0	0.39
79400	0.39	0.42	0.42	0	0	0.39
79500	0.39	0.42	0.42	0	0	0.39
79600	0.39	0.41	0.41	0	0	0.39
79700	0.39	0.41	0.41	0	0	0.39
79800	0.39	0.41	0.41	0	0	0.39
79900	0.39	0.41	0.41	0	0	0.39
80000	0.39	0.4	0.4	0	0	0.39
80100	0.39	0.39	0.39	0	0	0.39
80200	0.39	0.39	0.39	0	0	0.39
80300	0.39	0.39	0.39	0	0	0.39
80400	0.39	0.39	0.39	0	0	0.39
80500	0.4	0.39	0.39	0	0	0.4
80600	0.39	0.39	0.39	0	0	0.39
80700	0.4	0.39	0.39	0	0	0.4
80800	0.39	0.39	0.39	0	0	0.39
80900	0.39	0.39	0.39	0	0	0.39
81000	0.39	0.39	0.39	0	0	0.39
81100	0.39	0.39	0.39	0	0	0.39
81200	0.39	0.39	0.39	0	0	0.39
81300	0.39	0.39	0.39	0	0	0.39
81400	0.39	0.4	0.4	0	0	0.39
81500	0.4	0.4	0.4	0	0	0.4
81600	0.4	0.4	0.4	0	0	0.4
81700	0.4	0.4	0.4	0	0	0.4
81800	0.4	0.39	0.39	0	0	0.4
81900	0.4	0.39	0.39	0	0	0.4
82000	0.4	0.39	0.39	0	0	0.4
82100	0.4	0.39	0.39	0	0	0.4
82200	0.4	0.39	0.39	0	0	0.4
82300	0.4	0.39	0.39	0	0	0.4
82400	0.4	0.39	0.39	0	0	0.4
82500	0.4	0.39	0.39	0	0	0.4
82600	0.4	0.4	0.4	0	0	0.4
82700	0.4	0.39	0.39	0	0	0.4
82800	0.4	0.4	0.4	0	0	0.4
82900	0.4	0.4	0.4	0	0	0.4
83000	0.4	0.4	0.4	0	0	0.4
83100	0.41	0.41	0.41	0	0	0.41
83200	0.41	0.4	0.4	0	0	0.41
83300	0.42	0.41	0.41	0	0	0.42
83400	0.42	0.41	0.41	0	0	0.42
83500	0.41	0.41	0.41	0	0	0.41
83600	0.4	0.41	0.41	0	0	0.4
83700	0.4	0.41	0.41	0	0	0.4
83800	0.4	0.41	0.41	0	0	0.4
83900	0.4	0.41	0.41	0	0	0.4
84000	0.4	0.41	0.41	0	0	0.4
84100	0.4	0.41	0.41	0	0	0.4
84200	0.4	0.41	0.41	0	0	0.4
84300	0.4	0.41	0.41	0	0	0.4
84400	0.4	0.41	0.41	0	0	0.4
84500	0.4	0.41	0.41	0	0	0.4
84600	0.4	0.41	0.41	0	0	0.4
84700	0.4	0.41	0.41	0	0	0.4
84800	0.4	0.41	0.41	0	0	0.4
84900	0.4	0.41	0.41	0	0	0.4
85000	0.4	0.41	0.41	0	0	0.4
85100	0.4	0.41	0.41	0	0	0.4
85200	0.4	0.41	0.41	0	0	0.4
85300	0.4	0.41	0.41	0	0	0.4
85400	0.4	0.41	0.41	0	0	0.4
85500	0.4	0.41	0.41	0	0	0.4
85600	0.4	0.41	0.41	0	0	0.4
85700	0.4	0.41	0.41	0	0	0.4
85800	0.4	0.42	0.42	0	0	0.4
85900	0.4	0.42	0.42	0	0	0.4
86000	0.4	0.42	0.42	0	0	0.4
86100	0.4	0.42	0.42	0	0	0.4
86200	0.4	0.42	0.42	0	0	0.4
86300	0.4	0.41	0.41	0	0	0.4
86400	0.4	0.41	0.41	0	0	0.4
86500	0.4	0.41	0.41	0	0	0.4
86600	0.4	0.41	0.41	0	0	0.4
86700	0.4	0.41	0.41	0	0	0.4
86800	0.41	0.41	0.41	0	0	0.41
86900	0.41	0.41	0.41	0	0	0.41
87000	0.41	0.41	0.41	0	0	0.41
87100	0.41	0.4	0.4	0	0	0.41
87200	0.41	0.4	0.4	0	0	0.41
87300	0.41	0.4	0.4	0	0	0.41
87400	0.41	0.4	0.4	0	0	0.41
87500	0.41	0.41	0.41	0	0	0.41
87600	0.41	0.41	0.41	0	0	0.41
87700	0.41	0.41	0.41	0	0	0.41
87800	0.41	0.42	0.42	0	0	0.41
87900	0.41	0.42	0.42	0	0	0.41
88000	0.41	0.42	0.42	0	0	0.41
88100	0.41	0.43	0.43	0	0	0.41
88200	0.41	0.43	0.43	0	0	0.41
88300	0.41	0.42	0.42	0	0	0.41
88400	0.41	0.42	0.42	0	0	0.41
88500	0.41	0.42	0.42	0	0	0.41
88600	0.41	0.41	0.41	0	0	0.41
88700	0.41	0.41	0.41	0	0	0.41
88800	0.41	0.41	0.41	0	0	0.41
88900	0.41	0.41	0.41	0	0	0.41
89000	0.41	0.41	0.41	0	0	0.41
89100	0.41	0.41	0.41	0	0	0.41
89200	0.41	0.42	0.42	0	0	0.41
89300	0.41	0.42	0.42	0	0	0.41
89400	0.41	0.42	0.42	0	0	0.41
89500	0.41	0.41	0.41	0	0	0.41
89600	0.41	0.41	0.41	0	0	0.41
89700	0.41	0.41	0.41	0	0	0.41
89800	0.41	0.41	0.41	0	0	0.41
89900	0.41	0.41	0.41	0	0	0.41
90000	0.41	0.42	0.42	0	0	0.41
90100	0.41	0.42	0.42	0	0	0.41
90200	0.41	0.41	0.41	0	0	0.41
90300	0.41	0.4	0.4	0	0	0.41
90400	0.41	0.4	0.4	0	0	0.41
90500	0.41	0.4	0.4	0	0	0.41
90600	0.41	0.4	0.4	0	0	0.41
90700	0.41	0.4	0.4	0	0	0.41
90800	0.41	0.4	0.4	0	0	0.41
90900	0.41	0.4	0.4	0	0	0.41
91000	0.41	0.4	0.4	0	0	0.41
91100	0.41	0.4	0.4	0	0	0.41
91200	0.41	0.4	0.4	0	0	0.41
91300	0.41	0.4	0.4	0	0	0.41
91400	0.41	0.39	0.39	0	0	0.41
91500	0.41	0.39	0.39	0	0	0.41
91600	0.41	0.39	0.39	0	0	0.41
91700	0.41	0.39	0.39	0	0	0.41
91800	0.41	0.4	0.4	0	0	0.41
91900	0.41	0.39	0.39	0	0	0.41
92000	0.41	0.39	0.39	0	0	0.41
92100	0.41	0.39	0.39	0	0	0.41
92200	0.41	0.39	0.39	0	0	0.41
92300	0.41	0.39	0.39	0	0	0.41
92400	0.41	0.39	0.39	0	0	0.41
92500	0.41	0.39	0.39	0	0	0.41
92600	0.41	0.39	0.39	0	0	0.41
92700	0.41	0.38	0.38	0	0	0.41
92800	0.41	0.38	0.38	0	0	0.41
92900	0.41	0.38	0.38	0	0	0.41
93000	0.41	0.38	0.38	0	0	0.41
93100	0.42	0.38	0.38	0	0	0.42
93200	0.42	0.38	0.38	0	0	0.42
93300	0.42	0.38	0.38	0	0	0.42
93400	0.42	0.38	0.38	0	0	0.42
93500	0.42	0.38	0.38	0	0	0.42
93600	0.42	0.38	0.38	0	0	0.42
93700	0.43	0.39	0.39	0	0	0.43
93800	0.43	0.39	0.39	0	0	0.43
93900	0.43	0.39	0.39	0	0	0.43
94000	0.44	0.4	0.4	0	0	0.44
94100	0.44	0.4	0.4	0	0	0.44
94200	0.44	0.41	0.41	0	0	0.44
94300	0.44	0.39	0.39	0	0	0.44
94400	0.44	0.39	0.39	0	0	0.44
94500	0.44	0.39	0.39	0	0	0.44
94600	0.43	0.38	0.38	0	0	0.43
94700	0.43	0.38	0.38	0	0	0.43
94800	0.43	0.38	0.38	0	0	0.43
94900	0.43	0.38	0.38	0	0	0.43
95000	0.43	0.38	0.38	0	0	0.43
95100	0.43	0.38	0.38	0	0	0.43
95200	0.43	0.38	0.38	0	0	0.43
95300	0.43	0.38	0.38	0	0	0.43
95400	0.43	0.39	0.39	0	0	0.43
95500	0.43	0.4	0.4	0	0	0.43
95600	0.42	0.4	0.4	0	0	0.42
95700	0.42	0.4	0.4	0	0	0.42
95800	0.42	0.4	0.4	0	0	0.42
95900	0.42	0.4	0.4	0	0	0.42
96000	0.42	0.4	0.4	0	0	0.42
96100	0.42	0.4	0.4	0	0	0.42
96200	0.42	0.4	0.4	0	0	0.42
96300	0.42	0.4	0.4	0	0	0.42
96400	0.41	0.4	0.4	0	0	0.41
96500	0.4	0.4	0.4	0	0	0.4
96600	0.4	0.4	0.4	0	0	0.4
96700	0.4	0.4	0.4	0	0	0.4
96800	0.39	0.4	0.4	0	0	0.39
96900	0.38	0.4	0.4	0	0	0.38
97000	0.38	0.4	0.4	0	0	0.38
97100	0.38	0.4	0.4	0	0	0.38
97200	0.38	0.4	0.4	0	0	0.38
97300	0.37	0.41	0.41	0	0	0.37
97400	0.38	0.41	0.41	0	0	0.38
97500	0.39	0.41	0.41	0	0	0.39
97600	0.39	0.41	0.41	0	0	0.39
97700	0.39	0.41	0.41	0	0	0.39
97800	0.39	0.41	0.41	0	0	0.39
97900	0.39	0.41	0.41	0	0	0.39
98000	0.39	0.41	0.41	0	0	0.39
98100	0.38	0.41	0.41	0	0	0.38
98200	0.38	0.41	0.41	0	0	0.38
98300	0.38	0.41	0.41	0	0	0.38
98400	0.38	0.41	0.41	0	0	0.38
98500	0.38	0.41	0.41	0	0	0.38
98600	0.39	0.41	0.41	0	0	0.39
98700	0.4	0.41	0.41	0	0	0.4
98800	0.4	0.4	0.4	0	0	0.4
98900	0.4	0.4	0.4	0	0	0.4
99000	0.4	0.4	0.4	0	0	0.4
99100	0.4	0.4	0.4	0	0	0.4
99200	0.4	0.4	0.4	0	0	0.4
99300	0.4	0.4	0.4	0	0	0.4
99400	0.4	0.4	0.4	0	0	0.4
99500	0.4	0.4	0.4	0	0	0.4
99600	0.4	0.4	0.4	0	0	0.4
99700	0.4	0.41	0.41	0	0	0.4
99800	0.39	0.41	0.41	0	0	0.39
99900	0.39	0.41	0.41	0	0	0.39
100000	0.39	0.41	0.41	0	0	0.39
100100	0.39	0.41	0.41	0	0	0.39
100200	0.38	0.41	0.41	0	0	0.38
100300	0.38	0.41	0.41	0	0	0.38
100400	0.38	0.41	0.41	0	0	0.38
100500	0.38	0.41	0.41	0	0	0.38
100600	0.38	0.41	0.41	0	0	0.38
100700	0.38	0.4	0.4	0	0	0.38
100800	0.38	0.4	0.4	0	0	0.38
100900	0.38	0.4	0.4	0	0	0.38
101000	0.38	0.4	0.4	0	0	0.38
101100	0.38	0.41	0.41	0	0	0.38
101200	0.4	0.4	0.4	0	0	0.4
101300	0.39	0.41	0.41	0	0	0.39
101400	0.39	0.4	0.4	0	0	0.39
101500	0.4	0.41	0.41	0	0	0.4
101600	0.39	0.41	0.41	0	0	0.39
101700	0.39	0.41	0.41	0	0	0.39
101800	0.39	0.42	0.42	0	0	0.39
101900	0.39	0.42	0.42	0	0	0.39
102000	0.39	0.42	0.42	0	0	0.39
102100	0.39	0.42	0.42	0	0	0.39
102200	0.39	0.41	0.41	0	0	0.39
102300	0.39	0.41	0.41	0	0	0.39
102400	0.39	0.41	0.41	0	0	0.39
102500	0.39	0.41	0.41	0	0	0.39
102600	0.39	0.41	0.41	0	0	0.39
102700	0.39	0.41	0.41	0	0	0.39
102800	0.39	0.41	0.41	0	0	0.39
102900	0.39	0.41	0.41	0	0	0.39
103000	0.39	0.41	0.41	0	0	0.39
103100	0.39	0.41	0.41	0	0	0.39
103200	0.4	0.41	0.41	0	0	0.4
103300	0.4	0.41	0.41	0	0	0.4
103400	0.4	0.41	0.41	0	0	0.4
103500	0.4	0.42	0.42	0	0	0.4
103600	0.41	0.42	0.42	0	0	0.41
103700	0.41	0.42	0.42	0	0	0.41
103800	0.41	0.41	0.41	0	0	0.41
103900	0.41	0.41	0.41	0	0	0.41
104000	0.41	0.41	0.41	0	0	0.41
104100	0.41	0.41	0.41	0	0	0.41
104200	0.41	0.41	0.41	0	0	0.41
104300	0.41	0.41	0.41	0	0	0.41
104400	0.4	0.41	0.41	0	0	0.4
104500	0.4	0.41	0.41	0	0	0.4
104600	0.4	0.41	0.41	0	0	0.4
104700	0.4	0.41	0.41	0	0	0.4
104800	0.4	0.41	0.41	0	0	0.4
104900	0.4	0.41	0.41	0	0	0.4
105000	0.4	0.41	0.41	0	0	0.4
105100	0.4	0.41	0.41	0	0	0.4
105200	0.4	0.42	0.42	0	0	0.4
105300	0.4	0.42	0.42	0	0	0.4
105400	0.4	0.42	0.42	0	0	0.4
105500	0.4	0.42	0.42	0	0	0.4
105600	0.4	0.42	0.42	0	0	0.4
105700	0.4	0.42	0.42	0	0	0.4
105800	0.4	0.43	0.43	0	0	0.4
105900	0.4	0.43	0.43	0	0	0.4
106000	0.4	0.43	0.43	0	0	0.4
106100	0.4	0.43	0.43	0	0	0.4
106200	0.4	0.43	0.43	0	0	0.4
106300	0.4	0.43	0.43	0	0	0.4
106400	0.4	0.43	0.43	0	0	0.4
106500	0.4	0.43	0.43	0	0	0.4
106600	0.4	0.43	0.43	0	0	0.4
106700	0.4	0.43	0.43	0	0	0.4
106800	0.4	0.43	0.43	0	0	0.4
106900	0.4	0.43	0.43	0	0	0.4
107000	0.4	0.43	0.43	0	0	0.4
107100	0.4	0.43	0.43	0	0	0.4
107200	0.41	0.43	0.43	0	0	0.41
107300	0.41	0.43	0.43	0	0	0.41
107400	0.41	0.43	0.43	0	0	0.41
107500	0.41	0.43	0.43	0	0	0.41
107600	0.41	0.43	0.43	0	0	0.41
107700	0.4	0.43	0.43	0	0	0.4
107800	0.4	0.43	0.43	0	0	0.4
107900	0.4	0.43	0.43	0	0	0.4
108000	0.4	0.43	0.43	0	0	0.4
108100	0.4	0.43	0.43	0	0	0.4
108200	0.4	0.43	0.43	0	0	0.4
108300	0.4	0.43	0.43	0	0	0.4
108400	0.4	0.43	0.43	0	0	0.4
108500	0.4	0.45	0.45	0	0	0.4
108600	0.4	0.44	0.44	0	0	0.4
108700	0.4	0.43	0.43	0	0	0.4
108800	0.4	0.43	0.43	0	0	0.4
108900	0.4	0.43	0.43	0	0	0.4
109000	0.4	0.43	0.43	0	0	0.4
109100	0.4	0.43	0.43	0	0	0.4
109200	0.4	0.43	0.43	0	0	0.4
109300	0.4	0.43	0.43	0	0	0.4
109400	0.4	0.43	0.43	0	0	0.4
109500	0.4	0.43	0.43	0	0	0.4
109600	0.4	0.43	0.43	0	0	0.4
109700	0.4	0.44	0.44	0	0	0.4
109800	0.4	0.44	0.44	0	0	0.4
109900	0.41	0.44	0.44	0	0	0.41
110000	0.41	0.44	0.44	0	0	0.41
110100	0.41	0.44	0.44	0	0	0.41
110200	0.41	0.44	0.44	0	0	0.41
110300	0.4	0.44	0.44	0	0	0.4
110400	0.4	0.44	0.44	0	0	0.4
110500	0.39	0.45	0.45	0	0	0.39
110600	0.39	0.45	0.45	0	0	0.39
110700	0.39	0.45	0.45	0	0	0.39
110800	0.39	0.46	0.46	0	0	0.39
110900	0.39	0.46	0.46	0	0	0.39
111000	0.39	0.45	0.45	0	0	0.39
111100	0.39	0.45	0.45	0	0	0.39
111200	0.39	0.45	0.45	0	0	0.39
111300	0.39	0.45	0.45	0	0	0.39
111400	0.39	0.44	0.44	0	0	0.39
111500	0.39	0.44	0.44	0	0	0.39
111600	0.4	0.44	0.44	0	0	0.4
111700	0.4	0.44	0.44	0	0	0.4
111800	0.4	0.44	0.44	0	0	0.4
111900	0.42	0.44	0.44	0	0	0.42
112000	0.42	0.44	0.44	0	0	0.42
112100	0.42	0.44	0.44	0	0	0.42
112200	0.42	0.44	0.44	0	0	0.42
112300	0.42	0.44	0.44	0	0	0.42
112400	0.42	0.44	0.44	0	0	0.42
112500	0.42	0.44	0.44	0	0	0.42
112600	0.42	0.44	0.44	0	0	0.42
112700	0.42	0.44	0.44	0	0	0.42
112800	0.42	0.44	0.44	0	0	0.42
112900	0.42	0.44	0.44	0	0	0.42
113000	0.41	0.44	0.44	0	0	0.41
113100	0.39	0.44	0.44	0	0	0.39
113200	0.39	0.44	0.44	0	0	0.39
113300	0.39	0.44	0.44	0	0	0.39
113400	0.39	0.44	0.44	0	0	0.39
113500	0.39	0.44	0.44	0	0	0.39
113600	0.39	0.44	0.44	0	0	0.39
113700	0.39	0.44	0.44	0	0	0.39
113800	0.39	0.44	0.44	0	0	0.39
113900	0.39	0.44	0.44	0	0	0.39
114000	0.39	0.44	0.44	0	0	0.39
114100	0.39	0.44	0.44	0	0	0.39
114200	0.39	0.44	0.44	0	0	0.39
114300	0.39	0.44	0.44	0	0	0.39
114400	0.4	0.44	0.44	0	0	0.4
114500	0.4	0.44	0.44	0	0	0.4
114600	0.4	0.44	0.44	0	0	0.4
114700	0.39	0.44	0.44	0	0	0.39
114800	0.39	0.44	0.44	0	0	0.39
114900	0.39	0.44	0.44	0	0	0.39
115000	0.39	0.44	0.44	0	0	0.39
115100	0.39	0.44	0.44	0	0	0.39
115200	0.39	0.44	0.44	0	0	0.39
115300	0.39	0.44	0.44	0	0	0.39
115400	0.39	0.44	0.44	0	0	0.39
115500	0.39	0.44	0.44	0	0	0.39
115600	0.39	0.44	0.44	0	0	0.39
115700	0.39	0.44	0.44	0	0	0.39
115800	0.39	0.44	0.44	0	0	0.39
115900	0.39	0.44	0.44	0	0	0.39
116000	0.39	0.44	0.44	0	0	0.39
116100	0.39	0.44	0.44	0	0	0.39
116200	0.39	0.44	0.44	0	0	0.39
116300	0.39	0.44	0.44	0	0	0.39
116400	0.4	0.44	0.44	0	0	0.4
116500	0.4	0.44	0.44	0	0	0.4
116600	0.4	0.43	0.43	0	0	0.4
116700	0.4	0.43	0.43	0	0	0.4
116800	0.4	0.43	0.43	0	0	0.4
116900	0.41	0.44	0.44	0	0	0.41
117000	0.4	0.45	0.45	0	0	0.4
117100	0.4	0.44	0.44	0	0	0.4
117200	0.4	0.43	0.43	0	0	0.4
117300	0.4	0.42	0.42	0	0	0.4
117400	0.4	0.42	0.42	0	0	0.4
117500	0.4	0.42	0.42	0	0	0.4
117600	0.4	0.42	0.42	0	0	0.4
117700	0.4	0.43	0.43	0	0	0.4
117800	0.4	0.43	0.43	0	0	0.4
117900	0.4	0.42	0.42	0	0	0.4
118000	0.4	0.42	0.42	0	0	0.4
118100	0.4	0.42	0.42	0	0	0.4
118200	0.4	0.43	0.43	0	0	0.4
118300	0.4	0.43	0.43	0	0	0.4
118400	0.4	0.43	0.43	0	0	0.4
118500	0.4	0.43	0.43	0	0	0.4
118600	0.4	0.43	0.43	0	0	0.4
118700	0.4	0.43	0.43	0	0	0.4
118800	0.4	0.43	0.43	0	0	0.4
118900	0.4	0.43	0.43	0	0	0.4
119000	0.4	0.43	0.43	0	0	0.4
119100	0.4	0.43	0.43	0	0	0.4
119200	0.4	0.43	0.43	0	0	0.4
119300	0.42	0.43	0.43	0	0	0.42
119400	0.42	0.43	0.43	0	0	0.42
119500	0.41	0.43	0.43	0	0	0.41
119600	0.42	0.43	0.43	0	0	0.42
119700	0.42	0.43	0.43	0	0	0.42
119800	0.42	0.43	0.43	0	0	0.42
119900	0.42	0.43	0.43	0	0	0.42
120000	0.42	0.43	0.43	0	0	0.42
120100	0.42	0.43	0.43	0	0	0.42
120200	0.42	0.43	0.43	0	0	0.42
120300	0.42	0.43	0.43	0	0	0.42
120400	0.42	0.43	0.43	0	0	0.42
120500	0.42	0.43	0.43	0	0	0.42
120600	0.42	0.43	0.43	0	0	0.42
120700	0.42	0.43	0.43	0	0	0.42
120800	0.42	0.44	0.44	0	0	0.42
120900	0.42	0.44	0.44	0	0	0.42
121000	0.42	0.44	0.44	0	0	0.42
121100	0.42	0.44	0.44	0	0	0.42
121200	0.42	0.44	0.44	0	0	0.42
121300	0.42	0.44	0.44	0	0	0.42
121400	0.42	0.45	0.45	0	0	0.42
121500	0.42	0.45	0.45	0	0	0.42
121600	0.42	0.44	0.44	0	0	0.42
121700	0.42	0.44	0.44	0	0	0.42
121800	0.42	0.44	0.44	0	0	0.42
121900	0.42	0.44	0.44	0	0	0.42
122000	0.42	0.44	0.44	0	0	0.42
122100	0.42	0.44	0.44	0	0	0.42
122200	0.42	0.44	0.44	0	0	0.42
122300	0.42	0.44	0.44	0	0	0.42
122400	0.42	0.44	0.44	0	0	0.42
122500	0.42	0.44	0.44	0	0	0.42
122600	0.42	0.44	0.44	0	0	0.42
122700	0.42	0.44	0.44	0	0	0.42
122800	0.42	0.45	0.45	0	0	0.42
122900	0.43	0.45	0.45	0	0	0.43
123000	0.43	0.45	0.45	0	0	0.43
123100	0.43	0.45	0.45	0	0	0.43
123200	0.43	0.46	0.46	0	0	0.43
123300	0.43	0.46	0.46	0	0	0.43
123400	0.42	0.46	0.46	0	0	0.42
123500	0.42	0.46	0.46	0	0	0.42
123600	0.42	0.46	0.46	0	0	0.42
123700	0.42	0.46	0.46	0	0	0.42
123800	0.42	0.46	0.46	0	0	0.42
123900	0.42	0.46	0.46	0	0	0.42
124000	0.42	0.46	0.46	0	0	0.42
124100	0.42	0.46	0.46	0	0	0.42
124200	0.42	0.46	0.46	0	0	0.42
124300	0.42	0.46	0.46	0	0	0.42
124400	0.42	0.47	0.47	0	0	0.42
124500	0.42	0.47	0.47	0	0	0.42
124600	0.42	0.47	0.47	0	0	0.42
124700	0.42	0.46	0.46	0	0	0.42
124800	0.42	0.46	0.46	0	0	0.42
124900	0.43	0.46	0.46	0	0	0.43
125000	0.43	0.46	0.46	0	0	0.43
125100	0.43	0.46	0.46	0	0	0.43
125200	0.43	0.46	0.46	0	0	0.43
125300	0.43	0.46	0.46	0	0	0.43
125400	0.43	0.46	0.46	0	0	0.43
125500	0.43	0.46	0.46	0	0	0.43
125600	0.43	0.46	0.46	0	0	0.43
125700	0.43	0.46	0.46	0	0	0.43
125800	0.44	0.46	0.46	0	0	0.44
125900	0.44	0.46	0.46	0	0	0.44
126000	0.44	0.46	0.46	0	0	0.44
126100	0.44	0.46	0.46	0	0	0.44
126200	0.44	0.45	0.45	0	0	0.44
126300	0.44	0.44	0.44	0	0	0.44
126400	0.44	0.44	0.44	0	0	0.44
126500	0.44	0.42	0.42	0	0	0.44
126600	0.44	0.42	0.42	0	0	0.44
126700	0.45	0.42	0.42	0	0	0.45
126800	0.44	0.42	0.42	0	0	0.44
126900	0.44	0.42	0.42	0	0	0.44
127000	0.44	0.42	0.42	0	0	0.44
127100	0.44	0.43	0.43	0	0	0.44
127200	0.44	0.42	0.42	0	0	0.44
127300	0.43	0.42	0.42	0	0	0.43
127400	0.43	0.42	0.42	0	0	0.43
127500	0.43	0.42	0.42	0	0	0.43
127600	0.43	0.42	0.42	0	0	0.43
127700	0.43	0.42	0.42	0	0	0.43
127800	0.43	0.42	0.42	0	0	0.43
127900	0.43	0.42	0.42	0	0	0.43
128000	0.43	0.42	0.42	0	0	0.43
128100	0.43	0.42	0.42	0	0	0.43
128200	0.43	0.42	0.42	0	0	0.43
128300	0.43	0.42	0.42	0	0	0.43
128400	0.43	0.42	0.42	0	0	0.43
128500	0.43	0.42	0.42	0	0	0.43
128600	0.43	0.42	0.42	0	0	0.43
128700	0.43	0.42	0.42	0	0	0.43
128800	0.43	0.42	0.42	0	0	0.43
128900	0.43	0.42	0.42	0	0	0.43
129000	0.43	0.42	0.42	0	0	0.43
129100	0.43	0.42	0.42	0	0	0.43
129200	0.43	0.42	0.42	0	0	0.43
129300	0.43	0.42	0.42	0	0	0.43
129400	0.43	0.42	0.42	0	0	0.43
129500	0.43	0.42	0.42	0	0	0.43
129600	0.43	0.42	0.42	0	0	0.43
129700	0.43	0.42	0.42	0	0	0.43
129800	0.43	0.43	0.43	0	0	0.43
129900	0.43	0.42	0.42	0	0	0.43
130000	0.43	0.42	0.42	0	0	0.43
130100	0.43	0.43	0.43	0	0	0.43
130200	0.43	0.43	0.43	0	0	0.43
130300	0.43	0.43	0.43	0	0	0.43
130400	0.43	0.43	0.43	0	0	0.43
130500	0.43	0.43	0.43	0	0	0.43
130600	0.43	0.43	0.43	0	0	0.43
130700	0.43	0.43	0.43	0	0	0.43
130800	0.43	0.44	0.44	0	0	0.43
130900	0.43	0.44	0.44	0	0	0.43
131000	0.43	0.43	0.43	0	0	0.43
131100	0.43	0.43	0.43	0	0	0.43
131200	0.43	0.43	0.43	0	0	0.43
131300	0.43	0.43	0.43	0	0	0.43
131400	0.43	0.43	0.43	0	0	0.43
131500	0.43	0.43	0.43	0	0	0.43
131600	0.43	0.43	0.43	0	0	0.43
131700	0.43	0.43	0.43	0	0	0.43
131800	0.42	0.43	0.43	0	0	0.42
131900	0.42	0.43	0.43	0	0	0.42
132000	0.41	0.43	0.43	0	0	0.41
132100	0.41	0.43	0.43	0	0	0.41
132200	0.41	0.43	0.43	0	0	0.41
132300	0.41	0.43	0.43	0	0	0.41
132400	0.41	0.43	0.43	0	0	0.41
132500	0.41	0.43	0.43	0	0	0.41
132600	0.41	0.43	0.43	0	0	0.41
132700	0.41	0.43	0.43	0	0	0.41
132800	0.41	0.44	0.44	0	0	0.41
132900	0.41	0.43	0.43	0	0	0.41
133000	0.41	0.43	0.43	0	0	0.41
133100	0.41	0.43	0.43	0	0	0.41
133200	0.41	0.43	0.43	0	0	0.41
133300	0.41	0.44	0.44	0	0	0.41
133400	0.41	0.44	0.44	0	0	0.41
133500	0.41	0.44	0.44	0	0	0.41
133600	0.41	0.44	0.44	0	0	0.41
133700	0.41	0.44	0.44	0	0	0.41
133800	0.41	0.44	0.44	0	0	0.41
133900	0.41	0.44	0.44	0	0	0.41
134000	0.41	0.44	0.44	0	0	0.41
134100	0.41	0.44	0.44	0	0	0.41
134200	0.41	0.44	0.44	0	0	0.41
134300	0.41	0.44	0.44	0	0	0.41
134400	0.41	0.43	0.43	0	0	0.41
134500	0.41	0.43	0.43	0	0	0.41
134600	0.41	0.43	0.43	0	0	0.41
134700	0.41	0.43	0.43	0	0	0.41
134800	0.41	0.43	0.43	0	0	0.41
134900	0.41	0.43	0.43	0	0	0.41
135000	0.41	0.43	0.43	0	0	0.41
135100	0.41	0.43	0.43	0	0	0.41
135200	0.41	0.44	0.44	0	0	0.41
135300	0.41	0.44	0.44	0	0	0.41
135400	0.41	0.43	0.43	0	0	0.41
135500	0.41	0.43	0.43	0	0	0.41
135600	0.41	0.43	0.43	0	0	0.41
135700	0.41	0.43	0.43	0	0	0.41
135800	0.41	0.43	0.43	0	0	0.41
135900	0.41	0.43	0.43	0	0	0.41
136000	0.41	0.43	0.43	0	0	0.41
136100	0.41	0.43	0.43	0	0	0.41
136200	0.41	0.43	0.43	0	0	0.41
136300	0.42	0.43	0.43	0	0	0.42
136400	0.43	0.43	0.43	0	0	0.43
136500	0.43	0.43	0.43	0	0	0.43
136600	0.44	0.44	0.44	0	0	0.44
136700	0.44	0.43	0.43	0	0	0.44
136800	0.44	0.43	0.43	0	0	0.44
136900	0.44	0.43	0.43	0	0	0.44
137000	0.44	0.43	0.43	0	0	0.44
137100	0.44	0.43	0.43	0	0	0.44
137200	0.44	0.43	0.43	0	0	0.44
137300	0.44	0.43	0.43	0	0	0.44
137400	0.44	0.42	0.42	0	0	0.44
137500	0.44	0.42	0.42	0	0	0.44
137600	0.44	0.42	0.42	0	0	0.44
137700	0.44	0.42	0.42	0	0	0.44
137800	0.44	0.42	0.42	0	0	0.44
137900	0.44	0.42	0.42	0	0	0.44
138000	0.44	0.42	0.42	0	0	0.44
138100	0.44	0.43	0.43	0	0	0.44
138200	0.43	0.42	0.42	0	0	0.43
138300	0.43	0.42	0.42	0	0	0.43
138400	0.43	0.42	0.42	0	0	0.43
138500	0.43	0.42	0.42	0	0	0.43
138600	0.43	0.42	0.42	0	0	0.43
138700	0.43	0.42	0.42	0	0	0.43
138800	0.43	0.42	0.42	0	0	0.43
138900	0.43	0.42	0.42	0	0	0.43
139000	0.43	0.42	0.42	0	0	0.43
139100	0.43	0.42	0.42	0	0	0.43
139200	0.43	0.42	0.42	0	0	0.43
139300	0.43	0.42	0.42	0	0	0.43
139400	0.43	0.42	0.42	0	0	0.43
139500	0.43	0.43	0.43	0	0	0.43
139600	0.43	0.43	0.43	0	0	0.43
139700	0.43	0.44	0.44	0	0	0.43
139800	0.43	0.44	0.44	0	0	0.43
139900	0.43	0.44	0.44	0	0	0.43
140000	0.43	0.45	0.45	0	0	0.43
140100	0.44	0.44	0.44	0	0	0.44
140200	0.44	0.43	0.43	0	0	0.44
140300	0.44	0.43	0.43	0	0	0.44
140400	0.44	0.43	0.43	0	0	0.44
140500	0.44	0.44	0.44	0	0	0.44
140600	0.44	0.43	0.43	0	0	0.44
140700	0.45	0.43	0.43	0	0	0.45
140800	0.45	0.43	0.43	0	0	0.45
140900	0.45	0.43	0.43	0	0	0.45
141000	0.45	0.43	0.43	0	0	0.45
141100	0.45	0.43	0.43	0	0	0.45
141200	0.45	0.43	0.43	0	0	0.45
141300	0.45	0.43	0.43	0	0	0.45
141400	0.45	0.43	0.43	0	0	0.45
141500	0.45	0.43	0.43	0	0	0.45
141600	0.45	0.43	0.43	0	0	0.45
141700	0.45	0.43	0.43	0	0	0.45
141800	0.45	0.43	0.43	0	0	0.45
141900	0.45	0.43	0.43	0	0	0.45
142000	0.45	0.43	0.43	0	0	0.45
142100	0.45	0.43	0.43	0	0	0.45
142200	0.45	0.43	0.43	0	0	0.45
142300	0.45	0.43	0.43	0	0	0.45
142400	0.45	0.43	0.43	0	0	0.45
142500	0.45	0.43	0.43	0	0	0.45
142600	0.45	0.43	0.43	0	0	0.45
142700	0.45	0.43	0.43	0	0	0.45
142800	0.45	0.44	0.44	0	0	0.45
142900	0.45	0.44	0.44	0	0	0.45
143000	0.45	0.44	0.44	0	0	0.45
143100	0.45	0.44	0.44	0	0	0.45
143200	0.45	0.44	0.44	0	0	0.45
143300	0.45	0.44	0.44	0	0	0.45
143400	0.45	0.44	0.44	0	0	0.45
143500	0.45	0.44	0.44	0	0	0.45
143600	0.45	0.44	0.44	0	0	0.45
143700	0.45	0.44	0.44	0	0	0.45
143800	0.45	0.44	0.44	0	0	0.45
143900	0.45	0.44	0.44	0	0	0.45
144000	0.45	0.44	0.44	0	0	0.45
144100	0.45	0.44	0.44	0	0	0.45
144200	0.45	0.44	0.44	0	0	0.45
144300	0.45	0.44	0.44	0	0	0.45
144400	0.45	0.44	0.44	0	0	0.45
144500	0.45	0.44	0.44	0	0	0.45
144600	0.45	0.44	0.44	0	0	0.45
144700	0.45	0.44	0.44	0	0	0.45
144800	0.45	0.44	0.44	0	0	0.45
144900	0.45	0.44	0.44	0	0	0.45
145000	0.45	0.44	0.44	0	0	0.45
145100	0.45	0.44	0.44	0	0	0.45
145200	0.45	0.44	0.44	0	0	0.45
145300	0.45	0.44	0.44	0	0	0.45
145400	0.45	0.44	0.44	0	0	0.45
145500	0.45	0.43	0.43	0	0	0.45
145600	0.46	0.43	0.43	0	0	0.46
145700	0.46	0.43	0.43	0	0	0.46
145800	0.46	0.43	0.43	0	0	0.46
145900	0.46	0.43	0.43	0	0	0.46
146000	0.46	0.43	0.43	0	0	0.46
146100	0.46	0.43	0.43	0	0	0.46
146200	0.46	0.43	0.43	0	0	0.46
146300	0.46	0.43	0.43	0	0	0.46
146400	0.46	0.43	0.43	0	0	0.46
146500	0.45	0.42	0.42	0	0	0.45
146600	0.45	0.41	0.41	0	0	0.45
146700	0.45	0.41	0.41	0	0	0.45
146800	0.45	0.41	0.41	0	0	0.45
146900	0.45	0.41	0.41	0	0	0.45
147000	0.45	0.41	0.41	0	0	0.45
147100	0.45	0.41	0.41	0	0	0.45
147200	0.45	0.41	0.41	0	0	0.45
147300	0.45	0.41	0.41	0	0	0.45
147400	0.45	0.41	0.41	0	0	0.45
147500	0.45	0.41	0.41	0	0	0.45
147600	0.45	0.41	0.41	0	0	0.45
147700	0.45	0.41	0.41	0	0	0.45
147800	0.45	0.41	0.41	0	0	0.45
147900	0.45	0.41	0.41	0	0	0.45
148000	0.45	0.41	0.41	0	0	0.45
148100	0.45	0.4	0.4	0	0	0.45
148200	0.45	0.4	0.4	0	0	0.45
148300	0.45	0.4	0.4	0	0	0.45
148400	0.45	0.41	0.41	0	0	0.45
148500	0.45	0.41	0.41	0	0	0.45
148600	0.45	0.4	0.4	0	0	0.45
148700	0.45	0.4	0.4	0	0	0.45
148800	0.44	0.41	0.41	0	0	0.44
148900	0.44	0.41	0.41	0	0	0.44
149000	0.44	0.41	0.41	0	0	0.44
149100	0.44	0.41	0.41	0	0	0.44
149200	0.44	0.42	0.42	0	0	0.44
149300	0.44	0.42	0.42	0	0	0.44
149400	0.44	0.42	0.42	0	0	0.44
149500	0.44	0.42	0.42	0	0	0.44
149600	0.44	0.42	0.42	0	0	0.44
149700	0.44	0.42	0.42	0	0	0.44
149800	0.44	0.42	0.42	0	0	0.44
149900	0.44	0.42	0.42	0	0	0.44
150000	0.44	0.42	0.42	0	0	0.44
150100	0.44	0.42	0.42	0	0	0.44
150200	0.44	0.42	0.42	0	0	0.44
150300	0.43	0.42	0.42	0	0	0.43
150400	0.43	0.43	0.43	0	0	0.43
150500	0.43	0.43	0.43	0	0	0.43
150600	0.43	0.43	0.43	0	0	0.43
150700	0.42	0.43	0.43	0	0	0.42
150800	0.42	0.43	0.43	0	0	0.42
150900	0.42	0.43	0.43	0	0	0.42
151000	0.42	0.43	0.43	0	0	0.42
151100	0.44	0.43	0.43	0	0	0.44
151200	0.44	0.43	0.43	0	0	0.44
151300	0.44	0.43	0.43	0	0	0.44
151400	0.44	0.43	0.43	0	0	0.44
151500	0.44	0.43	0.43	0	0	0.44
151600	0.44	0.43	0.43	0	0	0.44
151700	0.43	0.43	0.43	0	0	0.43
151800	0.43	0.43	0.43	0	0	0.43
151900	0.43	0.43	0.43	0	0	0.43
152000	0.43	0.43	0.43	0	0	0.43
152100	0.43	0.43	0.43	0	0	0.43
152200	0.43	0.43	0.43	0	0	0.43
152300	0.43	0.43	0.43	0	0	0.43
152400	0.43	0.43	0.43	0	0	0.43
152500	0.43	0.43	0.43	0	0	0.43
152600	0.43	0.43	0.43	0	0	0.43
152700	0.43	0.43	0.43	0	0	0.43
152800	0.43	0.43	0.43	0	0	0.43
152900	0.43	0.43	0.43	0	0	0.43
153000	0.43	0.43	0.43	0	0	0.43
153100	0.42	0.43	0.43	0	0	0.42
153200	0.42	0.43	0.43	0	0	0.42
153300	0.42	0.43	0.43	0	0	0.42
153400	0.42	0.43	0.43	0	0	0.42
153500	0.42	0.43	0.43	0	0	0.42
153600	0.42	0.43	0.43	0	0	0.42
153700	0.42	0.42	0.42	0	0	0.42
153800	0.42	0.42	0.42	0	0	0.42
153900	0.41	0.42	0.42	0	0	0.41
154000	0.41	0.42	0.42	0	0	0.41
154100	0.42	0.42	0.42	0	0	0.42
154200	0.42	0.42	0.42	0	0	0.42
154300	0.41	0.42	0.42	0	0	0.41
154400	0.41	0.42	0.42	0	0	0.41
154500	0.4	0.42	0.42	0	0	0.4
154600	0.4	0.42	0.42	0	0	0.4
154700	0.4	0.42	0.42	0	0	0.4
154800	0.4	0.42	0.42	0	0	0.4
154900	0.4	0.42	0.42	0	0	0.4
155000	0.4	0.42	0.42	0	0	0.4
155100	0.4	0.42	0.42	0	0	0.4
155200	0.4	0.42	0.42	0	0	0.4
155300	0.4	0.42	0.42	0	0	0.4
155400	0.4	0.42	0.42	0	0	0.4
155500	0.4	0.42	0.42	0	0	0.4
155600	0.4	0.42	0.42	0	0	0.4
155700	0.4	0.42	0.42	0	0	0.4
155800	0.4	0.42	0.42	0	0	0.4
155900	0.4	0.42	0.42	0	0	0.4
156000	0.4	0.42	0.42	0	0	0.4
156100	0.4	0.42	0.42	0	0	0.4
156200	0.4	0.42	0.42	0	0	0.4
156300	0.4	0.42	0.42	0	0	0.4
156400	0.4	0.42	0.42	0	0	0.4
156500	0.4	0.42	0.42	0	0	0.4
156600	0.4	0.42	0.42	0	0	0.4
156700	0.4	0.42	0.42	0	0	0.4
156800	0.4	0.42	0.42	0	0	0.4
156900	0.4	0.42	0.42	0	0	0.4
157000	0.4	0.42	0.42	0	0	0.4
157100	0.4	0.42	0.42	0	0	0.4
157200	0.4	0.42	0.42	0	0	0.4
157300	0.4	0.42	0.42	0	0	0.4
157400	0.4	0.42	0.42	0	0	0.4
157500	0.4	0.42	0.42	0	0	0.4
157600	0.41	0.42	0.42	0	0	0.41
157700	0.41	0.42	0.42	0	0	0.41
157800	0.41	0.42	0.42	0	0	0.41
157900	0.41	0.42	0.42	0	0	0.41
158000	0.41	0.42	0.42	0	0	0.41
158100	0.41	0.42	0.42	0	0	0.41
158200	0.41	0.42	0.42	0	0	0.41
158300	0.41	0.43	0.43	0	0	0.41
158400	0.41	0.43	0.43	0	0	0.41
158500	0.41	0.42	0.42	0	0	0.41
158600	0.41	0.42	0.42	0	0	0.41
158700	0.42	0.42	0.42	0	0	0.42
158800	0.41	0.42	0.42	0	0	0.41
158900	0.4	0.42	0.42	0	0	0.4
159000	0.4	0.42	0.42	0	0	0.4
159100	0.4	0.42	0.42	0	0	0.4
159200	0.4	0.42	0.42	0	0	0.4
159300	0.4	0.42	0.42	0	0	0.4
159400	0.4	0.42	0.42	0	0	0.4
159500	0.4	0.42	0.42	0	0	0.4
159600	0.4	0.42	0.42	0	0	0.4
159700	0.4	0.42	0.42	0	0	0.4
159800	0.4	0.43	0.43	0	0	0.4
159900	0.4	0.43	0.43	0	0	0.4
160000	0.4	0.44	0.44	0	0	0.4
160100	0.4	0.44	0.44	0	0	0.4
160200	0.4	0.44	0.44	0	0	0.4
160300	0.4	0.43	0.43	0	0	0.4
160400	0.4	0.44	0.44	0	0	0.4
160500	0.4	0.44	0.44	0	0	0.4
160600	0.4	0.44	0.44	0	0	0.4
160700	0.41	0.44	0.44	0	0	0.41
160800	0.41	0.44	0.44	0	0	0.41
160900	0.41	0.44	0.44	0	0	0.41
161000	0.41	0.44	0.44	0	0	0.41
161100	0.41	0.44	0.44	0	0	0.41
161200	0.41	0.44	0.44	0	0	0.41
161300	0.41	0.44	0.44	0	0	0.41
161400	0.41	0.44	0.44	0	0	0.41
161500	0.41	0.44	0.44	0	0	0.41
161600	0.42	0.44	0.44	0	0	0.42
161700	0.42	0.44	0.44	0	0	0.42
161800	0.42	0.44	0.44	0	0	0.42
161900	0.42	0.44	0.44	0	0	0.42
162000	0.42	0.44	0.44	0	0	0.42
162100	0.42	0.44	0.44	0	0	0.42
162200	0.41	0.44	0.44	0	0	0.41
162300	0.41	0.44	0.44	0	0	0.41
162400	0.41	0.44	0.44	0	0	0.41
162500	0.41	0.44	0.44	0	0	0.41
162600	0.41	0.44	0.44	0	0	0.41
162700	0.41	0.44	0.44	0	0	0.41
162800	0.4	0.44	0.44	0	0	0.4
162900	0.4	0.44	0.44	0	0	0.4
163000	0.4	0.44	0.44	0	0	0.4
163100	0.4	0.45	0.45	0	0	0.4
163200	0.39	0.45	0.45	0	0	0.39
163300	0.39	0.45	0.45	0	0	0.39
163400	0.4	0.45	0.45	0	0	0.4
163500	0.4	0.45	0.45	0	0	0.4
163600	0.41	0.46	0.46	0	0	0.41
163700	0.41	0.46	0.46	0	0	0.41
163800	0.39	0.46	0.46	0	0	0.39
163900	0.39	0.46	0.46	0	0	0.39
164000	0.39	0.46	0.46	0	0	0.39
164100	0.39	0.46	0.46	0	0	0.39
164200	0.39	0.46	0.46	0	0	0.39
164300	0.39	0.46	0.46	0	0	0.39
164400	0.4	0.46	0.46	0	0	0.4
164500	0.4	0.46	0.46	0	0	0.4
164600	0.4	0.45	0.45	0	0	0.4
164700	0.4	0.45	0.45	0	0	0.4
164800	0.4	0.45	0.45	0	0	0.4
164900	0.4	0.45	0.45	0	0	0.4
165000	0.4	0.43	0.43	0	0	0.4
165100	0.41	0.43	0.43	0	0	0.41
165200	0.41	0.43	0.43	0	0	0.41
165300	0.41	0.43	0.43	0	0	0.41
165400	0.41	0.42	0.42	0	0	0.41
165500	0.4	0.42	0.42	0	0	0.4
165600	0.4	0.42	0.42	0	0	0.4
165700	0.4	0.42	0.42	0	0	0.4
165800	0.4	0.43	0.43	0	0	0.4
165900	0.4	0.43	0.43	0	0	0.4
166000	0.4	0.43	0.43	0	0	0.4
166100	0.4	0.43	0.43	0	0	0.4
166200	0.4	0.43	0.43	0	0	0.4
166300	0.4	0.42	0.42	0	0	0.4
166400	0.4	0.42	0.42	0	0	0.4
166500	0.4	0.42	0.42	0	0	0.4
166600	0.4	0.42	0.42	0	0	0.4
166700	0.4	0.43	0.43	0	0	0.4
166800	0.4	0.43	0.43	0	0	0.4
166900	0.4	0.42	0.42	0	0	0.4
167000	0.41	0.42	0.42	0	0	0.41
167100	0.41	0.42	0.42	0	0	0.41
167200	0.41	0.42	0.42	0	0	0.41
167300	0.41	0.42	0.42	0	0	0.41
167400	0.41	0.42	0.42	0	0	0.41
167500	0.41	0.42	0.42	0	0	0.41
167600	0.41	0.42	0.42	0	0	0.41
167700	0.42	0.42	0.42	0	0	0.42
167800	0.41	0.42	0.42	0	0	0.41
167900	0.41	0.42	0.42	0	0	0.41
168000	0.41	0.42	0.42	0	0	0.41
168100	0.42	0.42	0.42	0	0	0.42
168200	0.42	0.42	0.42	0	0	0.42
168300	0.42	0.42	0.42	0	0	0.42
168400	0.42	0.43	0.43	0	0	0.42
168500	0.42	0.43	0.43	0	0	0.42
168600	0.42	0.43	0.43	0	0	0.42
168700	0.42	0.43	0.43	0	0	0.42
168800	0.42	0.43	0.43	0	0	0.42
168900	0.42	0.43	0.43	0	0	0.42
169000	0.41	0.43	0.43	0	0	0.41
169100	0.41	0.43	0.43	0	0	0.41
169200	0.41	0.43	0.43	0	0	0.41
169300	0.42	0.43	0.43	0	0	0.42
169400	0.42	0.43	0.43	0	0	0.42
169500	0.42	0.43	0.43	0	0	0.42
169600	0.43	0.43	0.43	0	0	0.43
169700	0.43	0.43	0.43	0	0	0.43
169800	0.43	0.44	0.44	0	0	0.43
169900	0.43	0.44	0.44	0	0	0.43
170000	0.42	0.44	0.44	0	0	0.42
170100	0.42	0.44	0.44	0	0	0.42
170200	0.42	0.44	0.44	0	0	0.42
170300	0.42	0.44	0.44	0	0	0.42
170400	0.42	0.44	0.44	0	0	0.42
170500	0.42	0.44	0.44	0	0	0.42
170600	0.42	0.44	0.44	0	0	0.42
170700	0.42	0.42	0.42	0	0	0.42
170800	0.42	0.42	0.42	0	0	0.42
170900	0.42	0.42	0.42	0	0	0.42
171000	0.42	0.42	0.42	0	0	0.42
171100	0.42	0.42	0.42	0	0	0.42
171200	0.42	0.42	0.42	0	0	0.42
171300	0.42	0.42	0.42	0	0	0.42
171400	0.43	0.43	0.43	0	0	0.43
171500	0.43	0.44	0.44	0	0	0.43
171600	0.42	0.44	0.44	0	0	0.42
171700	0.42	0.44	0.44	0	0	0.42
171800	0.42	0.44	0.44	0	0	0.42
171900	0.41	0.43	0.43	0	0	0.41
172000	0.41	0.44	0.44	0	0	0.41
172100	0.41	0.44	0.44	0	0	0.41
172200	0.41	0.43	0.43	0	0	0.41
172300	0.41	0.42	0.42	0	0	0.41
172400	0.41	0.41	0.41	0	0	0.41
172500	0.41	0.41	0.41	0	0	0.41
172600	0.41	0.41	0.41	0	0	0.41
172700	0.41	0.41	0.41	0	0	0.41
172800	0.41	0.39	0.39	0	0	0.41
172900	0.41	0.39	0.39	0	0	0.41
173000	0.41	0.38	0.38	0	0	0.41
173100	0.41	0.38	0.38	0	0	0.41
173200	0.41	0.38	0.38	0	0	0.41
173300	0.41	0.39	0.39	0	0	0.41
173400	0.42	0.38	0.38	0	0	0.42
173500	0.42	0.38	0.38	0	0	0.42
173600	0.42	0.38	0.38	0	0	0.42
173700	0.42	0.4	0.4	0	0	0.42
173800	0.42	0.39	0.39	0	0	0.42
173900	0.42	0.39	0.39	0	0	0.42
174000	0.42	0.39	0.39	0	0	0.42
174100	0.41	0.39	0.39	0	0	0.41
174200	0.41	0.38	0.38	0	0	0.41
174300	0.41	0.38	0.38	0	0	0.41
174400	0.41	0.38	0.38	0	0	0.41
174500	0.42	0.38	0.38	0	0	0.42
174600	0.41	0.38	0.38	0	0	0.41
174700	0.41	0.38	0.38	0	0	0.41
174800	0.41	0.38	0.38	0	0	0.41
174900	0.41	0.38	0.38	0	0	0.41
175000	0.41	0.38	0.38	0	0	0.41
175100	0.41	0.38	0.38	0	0	0.41
175200	0.41	0.38	0.38	0	0	0.41
175300	0.41	0.38	0.38	0	0	0.41
175400	0.41	0.38	0.38	0	0	0.41
175500	0.41	0.38	0.38	0	0	0.41
175600	0.41	0.38	0.38	0	0	0.41
175700	0.41	0.39	0.39	0	0	0.41
175800	0.41	0.39	0.39	0	0	0.41
175900	0.41	0.38	0.38	0	0	0.41
176000	0.42	0.38	0.38	0	0	0.42
176100	0.42	0.38	0.38	0	0	0.42
176200	0.42	0.38	0.38	0	0	0.42
176300	0.42	0.38	0.38	0	0	0.42
176400	0.42	0.39	0.39	0	0	0.42
176500	0.42	0.38	0.38	0	0	0.42
176600	0.42	0.38	0.38	0	0	0.42
176700	0.42	0.38	0.38	0	0	0.42
176800	0.42	0.38	0.38	0	0	0.42
176900	0.42	0.38	0.38	0	0	0.42
177000	0.42	0.38	0.38	0	0	0.42
177100	0.42	0.39	0.39	0	0	0.42
177200	0.42	0.39	0.39	0	0	0.42
177300	0.42	0.38	0.38	0	0	0.42
177400	0.41	0.38	0.38	0	0	0.41
177500	0.41	0.38	0.38	0	0	0.41
177600	0.41	0.38	0.38	0	0	0.41
177700	0.41	0.38	0.38	0	0	0.41
177800	0.41	0.38	0.38	0	0	0.41
177900	0.41	0.39	0.39	0	0	0.41
178000	0.41	0.4	0.4	0	0	0.41
178100	0.41	0.41	0.41	0	0	0.41
178200	0.41	0.41	0.41	0	0	0.41
178300	0.41	0.4	0.4	0	0	0.41
178400	0.41	0.4	0.4	0	0	0.41
178500	0.41	0.4	0.4	0	0	0.41
178600	0.41	0.4	0.4	0	0	0.41
178700	0.41	0.4	0.4	0	0	0.41
178800	0.41	0.4	0.4	0	0	0.41
178900	0.41	0.4	0.4	0	0	0.41
179000	0.41	0.4	0.4	0	0	0.41
179100	0.41	0.4	0.4	0	0	0.41
179200	0.41	0.4	0.4	0	0	0.41
179300	0.41	0.4	0.4	0	0	0.41
179400	0.41	0.4	0.4	0	0	0.41
179500	0.41	0.4	0.4	0	0	0.41
179600	0.41	0.4	0.4	0	0	0.41
179700	0.41	0.4	0.4	0	0	0.41
179800	0.41	0.4	0.4	0	0	0.41
179900	0.41	0.4	0.4	0	0	0.41
180000	0.41	0.4	0.4	0	0	0.41
180100	0.41	0.4	0.4	0	0	0.41
180200	0.41	0.4	0.4	0	0	0.41
180300	0.41	0.4	0.4	0	0	0.41
180400	0.41	0.4	0.4	0	0	0.41
180500	0.41	0.4	0.4	0	0	0.41
180600	0.41	0.4	0.4	0	0	0.41
180700	0.41	0.4	0.4	0	0	0.41
180800	0.41	0.4	0.4	0	0	0.41
180900	0.41	0.4	0.4	0	0	0.41
181000	0.41	0.4	0.4	0	0	0.41
181100	0.41	0.4	0.4	0	0	0.41
181200	0.41	0.4	0.4	0	0	0.41
181300	0.41	0.4	0.4	0	0	0.41
181400	0.41	0.4	0.4	0	0	0.41
181500	0.41	0.4	0.4	0	0	0.41
181600	0.42	0.4	0.4	0	0	0.42
181700	0.42	0.41	0.41	0	0	0.42
181800	0.42	0.41	0.41	0	0	0.42
181900	0.42	0.41	0.41	0	0	0.42
182000	0.43	0.42	0.42	0	0	0.43
182100	0.43	0.42	0.42	0	0	0.43
182200	0.43	0.42	0.42	0	0	0.43
182300	0.43	0.42	0.42	0	0	0.43
182400	0.43	0.42	0.42	0	0	0.43
182500	0.43	0.42	0.42	0	0	0.43
182600	0.43	0.42	0.42	0	0	0.43
182700	0.43	0.42	0.42	0	0	0.43
182800	0.43	0.43	0.43	0	0	0.43
182900	0.43	0.43	0.43	0	0	0.43
183000	0.43	0.42	0.42	0	0	0.43
183100	0.43	0.42	0.42	0	0	0.43
183200	0.43	0.42	0.42	0	0	0.43
183300	0.43	0.42	0.42	0	0	0.43
183400	0.43	0.42	0.42	0	0	0.43
183500	0.43	0.42	0.42	0	0	0.43
183600	0.43	0.42	0.42	0	0	0.43
183700	0.43	0.42	0.42	0	0	0.43
183800	0.43	0.42	0.42	0	0	0.43
183900	0.43	0.42	0.42	0	0	0.43
184000	0.43	0.42	0.42	0	0	0.43
184100	0.43	0.42	0.42	0	0	0.43
184200	0.43	0.42	0.42	0	0	0.43
184300	0.43	0.43	0.43	0	0	0.43
184400	0.43	0.43	0.43	0	0	0.43
184500	0.43	0.43	0.43	0	0	0.43
184600	0.43	0.43	0.43	0	0	0.43
184700	0.43	0.43	0.43	0	0	0.43
184800	0.43	0.43	0.43	0	0	0.43
184900	0.43	0.43	0.43	0	0	0.43
185000	0.43	0.43	0.43	0	0	0.43
185100	0.43	0.43	0.43	0	0	0.43
185200	0.43	0.43	0.43	0	0	0.43
185300	0.43	0.43	0.43	0	0	0.43
185400	0.43	0.43	0.43	0	0	0.43
185500	0.43	0.43	0.43	0	0	0.43
185600	0.43	0.43	0.43	0	0	0.43
185700	0.43	0.43	0.43	0	0	0.43
185800	0.43	0.43	0.43	0	0	0.43
185900	0.43	0.43	0.43	0	0	0.43
186000	0.43	0.43	0.43	0	0	0.43
186100	0.43	0.42	0.42	0	0	0.43
186200	0.43	0.42	0.42	0	0	0.43
186300	0.43	0.42	0.42	0	0	0.43
186400	0.43	0.42	0.42	0	0	0.43
186500	0.43	0.42	0.42	0	0	0.43
186600	0.43	0.43	0.43	0	0	0.43
186700	0.43	0.43	0.43	0	0	0.43
186800	0.43	0.43	0.43	0	0	0.43
186900	0.43	0.43	0.43	0	0	0.43
187000	0.43	0.43	0.43	0	0	0.43
187100	0.43	0.43	0.43	0	0	0.43
187200	0.43	0.43	0.43	0	0	0.43
187300	0.43	0.43	0.43	0	0	0.43
187400	0.43	0.43	0.43	0	0	0.43
187500	0.43	0.43	0.43	0	0	0.43
187600	0.43	0.43	0.43	0	0	0.43
187700	0.43	0.43	0.43	0	0	0.43
187800	0.43	0.43	0.43	0	0	0.43
187900	0.42	0.43	0.43	0	0	0.42
188000	0.42	0.43	0.43	0	0	0.42
188100	0.42	0.43	0.43	0	0	0.42
188200	0.42	0.43	0.43	0	0	0.42
188300	0.42	0.43	0.43	0	0	0.42
188400	0.42	0.42	0.42	0	0	0.42
188500	0.42	0.42	0.42	0	0	0.42
188600	0.42	0.42	0.42	0	0	0.42
188700	0.42	0.42	0.42	0	0	0.42
188800	0.43	0.42	0.42	0	0	0.43
188900	0.42	0.42	0.42	0	0	0.42
189000	0.42	0.42	0.42	0	0	0.42
189100	0.42	0.42	0.42	0	0	0.42
189200	0.42	0.42	0.42	0	0	0.42
189300	0.42	0.42	0.42	0	0	0.42
189400	0.42	0.42	0.42	0	0	0.42
189500	0.42	0.42	0.42	0	0	0.42
189600	0.42	0.42	0.42	0	0	0.42
189700	0.42	0.42	0.42	0	0	0.42
189800	0.41	0.42	0.42	0	0	0.41
189900	0.41	0.42	0.42	0	0	0.41
190000	0.41	0.42	0.42	0	0	0.41
190100	0.41	0.42	0.42	0	0	0.41
190200	0.41	0.42	0.42	0	0	0.41
190300	0.41	0.42	0.42	0	0	0.41
190400	0.41	0.42	0.42	0	0	0.41
190500	0.41	0.42	0.42	0	0	0.41
190600	0.41	0.42	0.42	0	0	0.41
190700	0.41	0.42	0.42	0	0	0.41
190800	0.41	0.42	0.42	0	0	0.41
190900	0.41	0.42	0.42	0	0	0.41
191000	0.41	0.42	0.42	0	0	0.41
191100	0.41	0.42	0.42	0	0	0.41
191200	0.4	0.42	0.42	0	0	0.4
191300	0.4	0.42	0.42	0	0	0.4
191400	0.4	0.42	0.42	0	0	0.4
191500	0.4	0.42	0.42	0	0	0.4
191600	0.4	0.42	0.42	0	0	0.4
191700	0.4	0.42	0.42	0	0	0.4
191800	0.4	0.43	0.43	0	0	0.4
191900	0.4	0.42	0.42	0	0	0.4
192000	0.4	0.42	0.42	0	0	0.4
192100	0.4	0.42	0.42	0	0	0.4
192200	0.4	0.42	0.42	0	0	0.4
192300	0.4	0.42	0.42	0	0	0.4
192400	0.4	0.42	0.42	0	0	0.4
192500	0.4	0.42	0.42	0	0	0.4
192600	0.41	0.42	0.42	0	0	0.41
192700	0.41	0.43	0.43	0	0	0.41
192800	0.41	0.43	0.43	0	0	0.41
192900	0.41	0.43	0.43	0	0	0.41
193000	0.41	0.43	0.43	0	0	0.41
193100	0.41	0.44	0.44	0	0	0.41
193200	0.41	0.44	0.44	0	0	0.41
193300	0.41	0.44	0.44	0	0	0.41
193400	0.41	0.44	0.44	0	0	0.41
193500	0.41	0.44	0.44	0	0	0.41
193600	0.41	0.44	0.44	0	0	0.41
193700	0.41	0.45	0.45	0	0	0.41
193800	0.41	0.45	0.45	0	0	0.41
193900	0.41	0.45	0.45	0	0	0.41
194000	0.41	0.46	0.46	0	0	0.41
194100	0.41	0.46	0.46	0	0	0.41
194200	0.42	0.46	0.46	0	0	0.42
194300	0.42	0.46	0.46	0	0	0.42
194400	0.42	0.46	0.46	0	0	0.42
194500	0.42	0.46	0.46	0	0	0.42
194600	0.42	0.46	0.46	0	0	0.42
194700	0.41	0.46	0.46	0	0	0.41
194800	0.41	0.46	0.46	0	0	0.41
194900	0.41	0.46	0.46	0	0	0.41
195000	0.4	0.46	0.46	0	0	0.4
195100	0.4	0.47	0.47	0	0	0.4
195200	0.41	0.46	0.46	0	0	0.41
195300	0.41	0.46	0.46	0	0	0.41
195400	0.41	0.46	0.46	0	0	0.41
195500	0.41	0.46	0.46	0	0	0.41
195600	0.41	0.46	0.46	0	0	0.41
195700	0.4	0.46	0.46	0	0	0.4
195800	0.4	0.46	0.46	0	0	0.4
195900	0.4	0.46	0.46	0	0	0.4
196000	0.4	0.46	0.46	0	0	0.4
196100	0.4	0.46	0.46	0	0	0.4
196200	0.4	0.46	0.46	0	0	0.4
196300	0.4	0.46	0.46	0	0	0.4
196400	0.4	0.46	0.46	0	0	0.4
196500	0.4	0.46	0.46	0	0	0.4
196600	0.4	0.46	0.46	0	0	0.4
196700	0.4	0.46	0.46	0	0	0.4
196800	0.4	0.46	0.46	0	0	0.4
196900	0.41	0.45	0.45	0	0	0.41
197000	0.41	0.44	0.44	0	0	0.41
197100	0.41	0.44	0.44	0	0	0.41
197200	0.41	0.44	0.44	0	0	0.41
197300	0.4	0.44	0.44	0	0	0.4
197400	0.4	0.44	0.44	0	0	0.4
197500	0.4	0.44	0.44	0	0	0.4
197600	0.4	0.45	0.45	0	0	0.4
197700	0.4	0.44	0.44	0	0	0.4
197800	0.4	0.44	0.44	0	0	0.4
197900	0.4	0.43	0.43	0	0	0.4
198000	0.4	0.43	0.43	0	0	0.4
198100	0.4	0.43	0.43	0	0	0.4
198200	0.4	0.43	0.43	0	0	0.4
198300	0.4	0.43	0.43	0	0	0.4
198400	0.4	0.43	0.43	0	0	0.4
198500	0.4	0.43	0.43	0	0	0.4
198600	0.4	0.43	0.43	0	0	0.4
198700	0.4	0.43	0.43	0	0	0.4
198800	0.4	0.43	0.43	0	0	0.4
198900	0.4	0.43	0.43	0	0	0.4
199000	0.4	0.43	0.43	0	0	0.4
199100	0.4	0.43	0.43	0	0	0.4
199200	0.4	0.43	0.43	0	0	0.4
199300	0.4	0.43	0.43	0	0	0.4
199400	0.4	0.43	0.43	0	0	0.4
199500	0.41	0.43	0.43	0	0	0.41
199600	0.41	0.43	0.43	0	0	0.41
199700	0.41	0.43	0.43	0	0	0.41
199800	0.41	0.43	0.43	0	0	0.41
199900	0.41	0.43	0.43	0	0	0.41
200000	0.41	0.44	0.44	0	0	0.41
200100	0.42	0.44	0.44	0	0	0.42
200200	0.42	0.44	0.44	0	0	0.42
200300	0.42	0.44	0.44	0	0	0.42
200400	0.42	0.45	0.45	0	0	0.42
200500	0.42	0.44	0.44	0	0	0.42
200600	0.42	0.44	0.44	0	0	0.42
200700	0.42	0.45	0.45	0	0	0.42
200800	0.42	0.45	0.45	0	0	0.42
200900	0.42	0.45	0.45	0	0	0.42
201000	0.42	0.45	0.45	0	0	0.42
201100	0.42	0.45	0.45	0	0	0.42
201200	0.42	0.45	0.45	0	0	0.42
201300	0.42	0.45	0.45	0	0	0.42
201400	0.42	0.45	0.45	0	0	0.42
201500	0.42	0.45	0.45	0	0	0.42
201600	0.42	0.45	0.45	0	0	0.42
201700	0.42	0.45	0.45	0	0	0.42
201800	0.42	0.45	0.45	0	0	0.42
201900	0.42	0.45	0.45	0	0	0.42
202000	0.42	0.45	0.45	0	0	0.42
202100	0.42	0.45	0.45	0	0	0.42
202200	0.42	0.45	0.45	0	0	0.42
202300	0.42	0.45	0.45	0	0	0.42
202400	0.42	0.45	0.45	0	0	0.42
202500	0.42	0.45	0.45	0	0	0.42
202600	0.42	0.45	0.45	0	0	0.42
202700	0.42	0.45	0.45	0	0	0.42
202800	0.42	0.47	0.47	0	0	0.42
202900	0.42	0.46	0.46	0	0	0.42
203000	0.42	0.45	0.45	0	0	0.42
203100	0.42	0.45	0.45	0	0	0.42
203200	0.42	0.44	0.44	0	0	0.42
203300	0.42	0.44	0.44	0	0	0.42
203400	0.42	0.44	0.44	0	0	0.42
203500	0.42	0.44	0.44	0	0	0.42
203600	0.42	0.44	0.44	0	0	0.42
203700	0.42	0.43	0.43	0	0	0.42
203800	0.42	0.43	0.43	0	0	0.42
203900	0.42	0.43	0.43	0	0	0.42
204000	0.42	0.43	0.43	0	0	0.42
204100	0.42	0.43	0.43	0	0	0.42
204200	0.42	0.43	0.43	0	0	0.42
204300	0.42	0.43	0.43	0	0	0.42
204400	0.42	0.43	0.43	0	0	0.42
204500	0.42	0.43	0.43	0	0	0.42
204600	0.42	0.43	0.43	0	0	0.42
204700	0.42	0.43	0.43	0	0	0.42
204800	0.42	0.43	0.43	0	0	0.42
204900	0.42	0.43	0.43	0	0	0.42
205000	0.42	0.43	0.43	0	0	0.42
205100	0.42	0.43	0.43	0	0	0.42
205200	0.42	0.43	0.43	0	0	0.42
205300	0.42	0.43	0.43	0	0	0.42
205400	0.42	0.43	0.43	0	0	0.42
205500	0.43	0.43	0.43	0	0	0.43
205600	0.43	0.43	0.43	0	0	0.43
205700	0.43	0.43	0.43	0	0	0.43
205800	0.43	0.43	0.43	0	0	0.43
205900	0.42	0.43	0.43	0	0	0.42
206000	0.42	0.43	0.43	0	0	0.42
206100	0.42	0.43	0.43	0	0	0.42
206200	0.42	0.43	0.43	0	0	0.42
206300	0.42	0.43	0.43	0	0	0.42
206400	0.42	0.43	0.43	0	0	0.42
206500	0.42	0.43	0.43	0	0	0.42
206600	0.42	0.43	0.43	0	0	0.42
206700	0.42	0.44	0.44	0	0	0.42
206800	0.42	0.43	0.43	0	0	0.42
206900	0.42	0.43	0.43	0	0	0.42
207000	0.42	0.43	0.43	0	0	0.42
207100	0.42	0.43	0.43	0	0	0.42
207200	0.42	0.43	0.43	0	0	0.42
207300	0.42	0.43	0.43	0	0	0.42
207400	0.42	0.43	0.43	0	0	0.42
207500	0.42	0.43	0.43	0	0	0.42
207600	0.42	0.43	0.43	0	0	0.42
207700	0.42	0.43	0.43	0	0	0.42
207800	0.42	0.43	0.43	0	0	0.42
207900	0.42	0.43	0.43	0	0	0.42
208000	0.42	0.43	0.43	0	0	0.42
208100	0.42	0.43	0.43	0	0	0.42
208200	0.42	0.43	0.43	0	0	0.42
208300	0.41	0.43	0.43	0	0	0.41
208400	0.41	0.43	0.43	0	0	0.41
208500	0.41	0.43	0.43	0	0	0.41
208600	0.41	0.43	0.43	0	0	0.41
208700	0.41	0.43	0.43	0	0	0.41
208800	0.41	0.43	0.43	0	0	0.41
208900	0.41	0.43	0.43	0	0	0.41
209000	0.41	0.43	0.43	0	0	0.41
209100	0.41	0.43	0.43	0	0	0.41
209200	0.41	0.43	0.43	0	0	0.41
209300	0.41	0.43	0.43	0	0	0.41
209400	0.42	0.43	0.43	0	0	0.42
209500	0.41	0.43	0.43	0	0	0.41
209600	0.4	0.43	0.43	0	0	0.4
209700	0.4	0.43	0.43	0	0	0.4
209800	0.4	0.43	0.43	0	0	0.4
209900	0.4	0.43	0.43	0	0	0.4
210000	0.4	0.43	0.43	0	0	0.4
210100	0.41	0.43	0.43	0	0	0.41
210200	0.41	0.43	0.43	0	0	0.41
210300	0.41	0.43	0.43	0	0	0.41
210400	0.41	0.43	0.43	0	0	0.41
210500	0.41	0.43	0.43	0	0	0.41
210600	0.41	0.44	0.44	0	0	0.41
210700	0.41	0.44	0.44	0	0	0.41
210800	0.41	0.43	0.43	0	0	0.41
210900	0.41	0.43	0.43	0	0	0.41
211000	0.41	0.43	0.43	0	0	0.41
211100	0.41	0.43	0.43	0	0	0.41
211200	0.41	0.43	0.43	0	0	0.41
211300	0.41	0.43	0.43	0	0	0.41
211400	0.41	0.43	0.43	0	0	0.41
211500	0.41	0.43	0.43	0	0	0.41
211600	0.41	0.43	0.43	0	0	0.41
211700	0.41	0.43	0.43	0	0	0.41
211800	0.41	0.43	0.43	0	0	0.41
211900	0.41	0.43	0.43	0	0	0.41
212000	0.41	0.43	0.43	0	0	0.41
212100	0.41	0.43	0.43	0	0	0.41
212200	0.42	0.43	0.43	0	0	0.42
212300	0.42	0.43	0.43	0	0	0.42
212400	0.42	0.43	0.43	0	0	0.42
212500	0.42	0.43	0.43	0	0	0.42
212600	0.41	0.43	0.43	0	0	0.41
212700	0.42	0.43	0.43	0	0	0.42
212800	0.42	0.43	0.43	0	0	0.42
212900	0.42	0.43	0.43	0	0	0.42
213000	0.42	0.43	0.43	0	0	0.42
213100	0.42	0.43	0.43	0	0	0.42
213200	0.42	0.43	0.43	0	0	0.42
213300	0.42	0.43	0.43	0	0	0.42
213400	0.42	0.43	0.43	0	0	0.42
213500	0.42	0.43	0.43	0	0	0.42
213600	0.42	0.43	0.43	0	0	0.42
213700	0.42	0.43	0.43	0	0	0.42
213800	0.42	0.43	0.43	0	0	0.42
213900	0.42	0.43	0.43	0	0	0.42
214000	0.43	0.43	0.43	0	0	0.43
214100	0.44	0.43	0.43	0	0	0.44
214200	0.44	0.43	0.43	0	0	0.44
214300	0.44	0.43	0.43	0	0	0.44
214400	0.44	0.43	0.43	0	0	0.44
214500	0.44	0.43	0.43	0	0	0.44
214600	0.44	0.43	0.43	0	0	0.44
214700	0.44	0.43	0.43	0	0	0.44
214800	0.44	0.43	0.43	0	0	0.44
214900	0.43	0.43	0.43	0	0	0.43
215000	0.43	0.43	0.43	0	0	0.43
215100	0.43	0.43	0.43	0	0	0.43
215200	0.43	0.43	0.43	0	0	0.43
215300	0.43	0.43	0.43	0	0	0.43
215400	0.43	0.43	0.43	0	0	0.43
215500	0.43	0.43	0.43	0	0	0.43
215600	0.43	0.43	0.43	0	0	0.43
215700	0.43	0.43	0.43	0	0	0.43
215800	0.43	0.43	0.43	0	0	0.43
215900	0.43	0.43	0.43	0	0	0.43
216000	0.43	0.43	0.43	0	0	0.43
216100	0.43	0.43	0.43	0	0	0.43
216200	0.43	0.43	0.43	0	0	0.43
216300	0.43	0.43	0.43	0	0	0.43
216400	0.43	0.43	0.43	0	0	0.43
216500	0.43	0.43	0.43	0	0	0.43
216600	0.42	0.43	0.43	0	0	0.42
216700	0.42	0.43	0.43	0	0	0.42
216800	0.42	0.43	0.43	0	0	0.42
216900	0.42	0.43	0.43	0	0	0.42
217000	0.42	0.43	0.43	0	0	0.42
217100	0.42	0.43	0.43	0	0	0.42
217200	0.42	0.43	0.43	0	0	0.42
217300	0.42	0.43	0.43	0	0	0.42
217400	0.42	0.43	0.43	0	0	0.42
217500	0.42	0.43	0.43	0	0	0.42
217600	0.42	0.43	0.43	0	0	0.42
217700	0.42	0.43	0.43	0	0	0.42
217800	0.4	0.43	0.43	0	0	0.4
217900	0.4	0.43	0.43	0	0	0.4
218000	0.4	0.43	0.43	0	0	0.4
218100	0.4	0.44	0.44	0	0	0.4
218200	0.4	0.44	0.44	0	0	0.4
218300	0.4	0.44	0.44	0	0	0.4
218400	0.4	0.44	0.44	0	0	0.4
218500	0.4	0.44	0.44	0	0	0.4
218600	0.4	0.44	0.44	0	0	0.4
218700	0.4	0.44	0.44	0	0	0.4
218800	0.4	0.44	0.44	0	0	0.4
218900	0.4	0.44	0.44	0	0	0.4
219000	0.4	0.44	0.44	0	0	0.4
219100	0.4	0.45	0.45	0	0	0.4
219200	0.4	0.45	0.45	0	0	0.4
219300	0.4	0.45	0.45	0	0	0.4
219400	0.4	0.45	0.45	0	0	0.4
219500	0.4	0.45	0.45	0	0	0.4
219600	0.4	0.46	0.46	0	0	0.4
219700	0.4	0.46	0.46	0	0	0.4
219800	0.41	0.46	0.46	0	0	0.41
219900	0.41	0.46	0.46	0	0	0.41
220000	0.41	0.46	0.46	0	0	0.41
220100	0.41	0.46	0.46	0	0	0.41
220200	0.41	0.46	0.46	0	0	0.41
220300	0.41	0.46	0.46	0	0	0.41
220400	0.4	0.46	0.46	0	0	0.4
220500	0.4	0.46	0.46	0	0	0.4
220600	0.4	0.46	0.46	0	0	0.4
220700	0.4	0.46	0.46	0	0	0.4
220800	0.4	0.46	0.46	0	0	0.4
220900	0.4	0.46	0.46	0	0	0.4
221000	0.4	0.46	0.46	0	0	0.4
221100	0.4	0.46	0.46	0	0	0.4
221200	0.4	0.46	0.46	0	0	0.4
221300	0.4	0.47	0.47	0	0	0.4
221400	0.41	0.47	0.47	0	0	0.41
221500	0.41	0.47	0.47	0	0	0.41
221600	0.41	0.47	0.47	0	0	0.41
221700	0.41	0.47	0.47	0	0	0.41
221800	0.41	0.47	0.47	0	0	0.41
221900	0.41	0.47	0.47	0	0	0.41
222000	0.41	0.47	0.47	0	0	0.41
222100	0.41	0.47	0.47	0	0	0.41
222200	0.41	0.47	0.47	0	0	0.41
222300	0.41	0.47	0.47	0	0	0.41
222400	0.41	0.47	0.47	0	0	0.41
222500	0.41	0.47	0.47	0	0	0.41
222600	0.41	0.47	0.47	0	0	0.41
222700	0.41	0.47	0.47	0	0	0.41
222800	0.41	0.47	0.47	0	0	0.41
222900	0.42	0.47	0.47	0	0	0.42
223000	0.42	0.47	0.47	0	0	0.42
223100	0.42	0.47	0.47	0	0	0.42
223200	0.42	0.47	0.47	0	0	0.42
223300	0.42	0.47	0.47	0	0	0.42
223400	0.42	0.47	0.47	0	0	0.42
223500	0.42	0.47	0.47	0	0	0.42
223600	0.42	0.47	0.47	0	0	0.42
223700	0.42	0.47	0.47	0	0	0.42
223800	0.42	0.47	0.47	0	0	0.42
223900	0.42	0.47	0.47	0	0	0.42
224000	0.42	0.47	0.47	0	0	0.42
224100	0.42	0.47	0.47	0	0	0.42
224200	0.42	0.47	0.47	0	0	0.42
224300	0.42	0.47	0.47	0	0	0.42
224400	0.42	0.47	0.47	0	0	0.42
224500	0.42	0.47	0.47	0	0	0.42
224600	0.42	0.47	0.47	0	0	0.42
224700	0.42	0.47	0.47	0	0	0.42
224800	0.42	0.47	0.47	0	0	0.42
224900	0.42	0.47	0.47	0	0	0.42
225000	0.42	0.47	0.47	0	0	0.42
225100	0.42	0.47	0.47	0	0	0.42
225200	0.42	0.47	0.47	0	0	0.42
225300	0.42	0.47	0.47	0	0	0.42
225400	0.42	0.47	0.47	0	0	0.42
225500	0.42	0.47	0.47	0	0	0.42
225600	0.42	0.47	0.47	0	0	0.42
225700	0.42	0.47	0.47	0	0	0.42
225800	0.42	0.47	0.47	0	0	0.42
225900	0.42	0.47	0.47	0	0	0.42
226000	0.42	0.47	0.47	0	0	0.42
226100	0.42	0.47	0.47	0	0	0.42
226200	0.42	0.47	0.47	0	0	0.42
226300	0.42	0.47	0.47	0	0	0.42
226400	0.42	0.47	0.47	0	0	0.42
226500	0.41	0.47	0.47	0	0	0.41
226600	0.41	0.47	0.47	0	0	0.41
226700	0.41	0.47	0.47	0	0	0.41
226800	0.42	0.47	0.47	0	0	0.42
226900	0.41	0.47	0.47	0	0	0.41
227000	0.41	0.47	0.47	0	0	0.41
227100	0.41	0.47	0.47	0	0	0.41
227200	0.41	0.47	0.47	0	0	0.41
227300	0.41	0.47	0.47	0	0	0.41
227400	0.41	0.48	0.48	0	0	0.41
227500	0.42	0.48	0.48	0	0	0.42
227600	0.42	0.48	0.48	0	0	0.42
227700	0.42	0.48	0.48	0	0	0.42
227800	0.41	0.48	0.48	0	0	0.41
227900	0.41	0.48	0.48	0	0	0.41
228000	0.41	0.48	0.48	0	0	0.41
228100	0.41	0.48	0.48	0	0	0.41
228200	0.41	0.48	0.48	0	0	0.41
228300	0.41	0.48	0.48	0	0	0.41
228400	0.41	0.48	0.48	0	0	0.41
228500	0.41	0.48	0.48	0	0	0.41
228600	0.41	0.48	0.48	0	0	0.41
228700	0.41	0.48	0.48	0	0	0.41
228800	0.41	0.48	0.48	0	0	0.41
228900	0.41	0.48	0.48	0	0	0.41
229000	0.41	0.48	0.48	0	0	0.41
229100	0.41	0.48	0.48	0	0	0.41
229200	0.41	0.48	0.48	0	0	0.41
229300	0.41	0.48	0.48	0	0	0.41
229400	0.41	0.48	0.48	0	0	0.41
229500	0.41	0.48	0.48	0	0	0.41
229600	0.41	0.48	0.48	0	0	0.41
229700	0.41	0.48	0.48	0	0	0.41
229800	0.42	0.48	0.48	0	0	0.42
229900	0.42	0.48	0.48	0	0	0.42
230000	0.42	0.48	0.48	0	0	0.42
230100	0.41	0.48	0.48	0	0	0.41
230200	0.41	0.48	0.48	0	0	0.41
230300	0.41	0.48	0.48	0	0	0.41
230400	0.41	0.48	0.48	0	0	0.41
230500	0.41	0.48	0.48	0	0	0.41
230600	0.41	0.48	0.48	0	0	0.41
230700	0.41	0.48	0.48	0	0	0.41
230800	0.42	0.49	0.49	0	0	0.42
230900	0.42	0.48	0.48	0	0	0.42
231000	0.42	0.47	0.47	0	0	0.42
231100	0.41	0.47	0.47	0	0	0.41
231200	0.41	0.47	0.47	0	0	0.41
231300	0.41	0.47	0.47	0	0	0.41
231400	0.41	0.47	0.47	0	0	0.41
231500	0.41	0.47	0.47	0	0	0.41
231600	0.41	0.47	0.47	0	0	0.41
231700	0.41	0.47	0.47	0	0	0.41
231800	0.41	0.47	0.47	0	0	0.41
231900	0.41	0.48	0.48	0	0	0.41
232000	0.41	0.47	0.47	0	0	0.41
232100	0.41	0.47	0.47	0	0	0.41
232200	0.41	0.47	0.47	0	0	0.41
232300	0.42	0.48	0.48	0	0	0.42
232400	0.42	0.47	0.47	0	0	0.42
232500	0.42	0.47	0.47	0	0	0.42
232600	0.42	0.47	0.47	0	0	0.42
232700	0.42	0.47	0.47	0	0	0.42
232800	0.41	0.47	0.47	0	0	0.41
232900	0.41	0.47	0.47	0	0	0.41
233000	0.41	0.47	0.47	0	0	0.41
233100	0.41	0.47	0.47	0	0	0.41
233200	0.41	0.47	0.47	0	0	0.41
233300	0.41	0.47	0.47	0	0	0.41
233400	0.41	0.47	0.47	0	0	0.41
233500	0.41	0.47	0.47	0	0	0.41
233600	0.41	0.47	0.47	0	0	0.41
233700	0.41	0.47	0.47	0	0	0.41
233800	0.41	0.47	0.47	0	0	0.41
233900	0.41	0.47	0.47	0	0	0.41
234000	0.41	0.47	0.47	0	0	0.41
234100	0.41	0.47	0.47	0	0	0.41
234200	0.41	0.47	0.47	0	0	0.41
234300	0.41	0.47	0.47	0	0	0.41
234400	0.41	0.47	0.47	0	0	0.41
234500	0.41	0.47	0.47	0	0	0.41
234600	0.41	0.47	0.47	0	0	0.41
234700	0.41	0.47	0.47	0	0	0.41
234800	0.41	0.48	0.48	0	0	0.41
234900	0.41	0.48	0.48	0	0	0.41
235000	0.41	0.48	0.48	0	0	0.41
235100	0.41	0.48	0.48	0	0	0.41
235200	0.41	0.48	0.48	0	0	0.41
235300	0.41	0.48	0.48	0	0	0.41
235400	0.41	0.48	0.48	0	0	0.41
235500	0.41	0.48	0.48	0	0	0.41
235600	0.41	0.49	0.49	0	0	0.41
235700	0.41	0.49	0.49	0	0	0.41
235800	0.41	0.49	0.49	0	0	0.41
235900	0.41	0.49	0.49	0	0	0.41
236000	0.41	0.49	0.49	0	0	0.41
236100	0.41	0.49	0.49	0	0	0.41
236200	0.41	0.49	0.49	0	0	0.41
236300	0.41	0.49	0.49	0	0	0.41
236400	0.41	0.49	0.49	0	0	0.41
236500	0.41	0.49	0.49	0	0	0.41
236600	0.41	0.49	0.49	0	0	0.41
236700	0.41	0.48	0.48	0	0	0.41
236800	0.41	0.48	0.48	0	0	0.41
236900	0.42	0.48	0.48	0	0	0.42
237000	0.42	0.47	0.47	0	0	0.42
237100	0.42	0.47	0.47	0	0	0.42
237200	0.41	0.47	0.47	0	0	0.41
237300	0.41	0.47	0.47	0	0	0.41
237400	0.41	0.47	0.47	0	0	0.41
237500	0.41	0.47	0.47	0	0	0.41
237600	0.41	0.47	0.47	0	0	0.41
237700	0.41	0.47	0.47	0	0	0.41
237800	0.41	0.47	0.47	0	0	0.41
237900	0.41	0.47	0.47	0	0	0.41
238000	0.41	0.47	0.47	0	0	0.41
238100	0.41	0.47	0.47	0	0	0.41
238200	0.41	0.47	0.47	0	0	0.41
238300	0.41	0.47	0.47	0	0	0.41
238400	0.41	0.47	0.47	0	0	0.41
238500	0.41	0.47	0.47	0	0	0.41
238600	0.41	0.47	0.47	0	0	0.41
238700	0.41	0.47	0.47	0	0	0.41
238800	0.41	0.47	0.47	0	0	0.41
238900	0.41	0.47	0.47	0	0	0.41
239000	0.41	0.47	0.47	0	0	0.41
239100	0.4	0.47	0.47	0	0	0.4
239200	0.4	0.47	0.47	0	0	0.4
239300	0.4	0.47	0.47	0	0	0.4
239400	0.4	0.47	0.47	0	0	0.4
239500	0.4	0.47	0.47	0	0	0.4
239600	0.4	0.47	0.47	0	0	0.4
239700	0.4	0.47	0.47	0	0	0.4
239800	0.4	0.47	0.47	0	0	0.4
239900	0.4	0.47	0.47	0	0	0.4
240000	0.4	0.47	0.47	0	0	0.4
240100	0.4	0.47	0.47	0	0	0.4
240200	0.4	0.47	0.47	0	0	0.4
240300	0.4	0.47	0.47	0	0	0.4
240400	0.4	0.47	0.47	0	0	0.4
240500	0.4	0.47	0.47	0	0	0.4
240600	0.4	0.47	0.47	0	0	0.4
240700	0.4	0.47	0.47	0	0	0.4
240800	0.4	0.47	0.47	0	0	0.4
240900	0.4	0.47	0.47	0	0	0.4
241000	0.4	0.47	0.47	0	0	0.4
241100	0.4	0.47	0.47	0	0	0.4
241200	0.4	0.47	0.47	0	0	0.4
241300	0.4	0.47	0.47	0	0	0.4
241400	0.4	0.47	0.47	0	0	0.4
241500	0.4	0.47	0.47	0	0	0.4
241600	0.4	0.47	0.47	0	0	0.4
241700	0.4	0.47	0.47	0	0	0.4
241800	0.4	0.47	0.47	0	0	0.4
241900	0.4	0.47	0.47	0	0	0.4
242000	0.4	0.47	0.47	0	0	0.4
242100	0.4	0.47	0.47	0	0	0.4
242200	0.4	0.47	0.47	0	0	0.4
242300	0.4	0.47	0.47	0	0	0.4
242400	0.4	0.47	0.47	0	0	0.4
242500	0.4	0.47	0.47	0	0	0.4
242600	0.4	0.47	0.47	0	0	0.4
242700	0.4	0.47	0.47	0	0	0.4
242800	0.4	0.48	0.48	0	0	0.4
242900	0.4	0.47	0.47	0	0	0.4
243000	0.4	0.47	0.47	0	0	0.4
243100	0.4	0.47	0.47	0	0	0.4
243200	0.39	0.47	0.47	0	0	0.39
243300	0.39	0.47	0.47	0	0	0.39
243400	0.39	0.47	0.47	0	0	0.39
243500	0.39	0.47	0.47	0	0	0.39
243600	0.39	0.47	0.47	0	0	0.39
243700	0.39	0.47	0.47	0	0	0.39
243800	0.39	0.47	0.47	0	0	0.39
243900	0.39	0.47	0.47	0	0	0.39
244000	0.39	0.47	0.47	0	0	0.39
244100	0.39	0.47	0.47	0	0	0.39
244200	0.39	0.47	0.47	0	0	0.39
244300	0.39	0.48	0.48	0	0	0.39
244400	0.39	0.48	0.48	0	0	0.39
244500	0.39	0.47	0.47	0	0	0.39
244600	0.39	0.47	0.47	0	0	0.39
244700	0.39	0.48	0.48	0	0	0.39
244800	0.39	0.48	0.48	0	0	0.39
244900	0.39	0.47	0.47	0	0	0.39
245000	0.39	0.47	0.47	0	0	0.39
245100	0.39	0.46	0.46	0	0	0.39
245200	0.39	0.45	0.45	0	0	0.39
245300	0.39	0.43	0.43	0	0	0.39
245400	0.39	0.43	0.43	0	0	0.39
245500	0.39	0.43	0.43	0	0	0.39
245600	0.39	0.42	0.42	0	0	0.39
245700	0.39	0.42	0.42	0	0	0.39
245800	0.39	0.42	0.42	0	0	0.39
245900	0.39	0.42	0.42	0	0	0.39
246000	0.39	0.42	0.42	0	0	0.39
246100	0.39	0.42	0.42	0	0	0.39
246200	0.39	0.42	0.42	0	0	0.39
246300	0.39	0.42	0.42	0	0	0.39
246400	0.39	0.42	0.42	0	0	0.39
246500	0.39	0.42	0.42	0	0	0.39
246600	0.4	0.42	0.42	0	0	0.4
246700	0.41	0.42	0.42	0	0	0.41
246800	0.41	0.42	0.42	0	0	0.41
246900	0.4	0.42	0.42	0	0	0.4
247000	0.4	0.43	0.43	0	0	0.4
247100	0.4	0.43	0.43	0	0	0.4
247200	0.4	0.43	0.43	0	0	0.4
247300	0.4	0.43	0.43	0	0	0.4
247400	0.4	0.43	0.43	0	0	0.4
247500	0.4	0.43	0.43	0	0	0.4
247600	0.4	0.43	0.43	0	0	0.4
247700	0.4	0.43	0.43	0	0	0.4
247800	0.4	0.43	0.43	0	0	0.4
247900	0.4	0.43	0.43	0	0	0.4
248000	0.4	0.43	0.43	0	0	0.4
248100	0.4	0.43	0.43	0	0	0.4
248200	0.41	0.44	0.44	0	0	0.41
248300	0.42	0.44	0.44	0	0	0.42
248400	0.42	0.43	0.43	0	0	0.42
248500	0.43	0.43	0.43	0	0	0.43
248600	0.43	0.43	0.43	0	0	0.43
248700	0.43	0.43	0.43	0	0	0.43
248800	0.43	0.43	0.43	0	0	0.43
248900	0.43	0.43	0.43	0	0	0.43
249000	0.43	0.43	0.43	0	0	0.43
249100	0.42	0.44	0.44	0	0	0.42
249200	0.42	0.43	0.43	0	0	0.42
249300	0.42	0.43	0.43	0	0	0.42
249400	0.42	0.43	0.43	0	0	0.42
249500	0.42	0.43	0.43	0	0	0.42
249600	0.42	0.43	0.43	0	0	0.42
249700	0.42	0.43	0.43	0	0	0.42
249800	0.42	0.43	0.43	0	0	0.42
249900	0.42	0.43	0.43	0	0	0.42
250000	0.42	0.43	0.43	0	0	0.42
250100	0.42	0.43	0.43	0	0	0.42
250200	0.42	0.43	0.43	0	0	0.42
250300	0.42	0.43	0.43	0	0	0.42
250400	0.42	0.43	0.43	0	0	0.42
250500	0.42	0.43	0.43	0	0	0.42
250600	0.42	0.43	0.43	0	0	0.42
250700	0.42	0.43	0.43	0	0	0.42
250800	0.42	0.43	0.43	0	0	0.42
250900	0.42	0.43	0.43	0	0	0.42
251000	0.42	0.43	0.43	0	0	0.42
251100	0.42	0.43	0.43	0	0	0.42
251200	0.42	0.44	0.44	0	0	0.42
251300	0.42	0.44	0.44	0	0	0.42
251400	0.43	0.44	0.44	0	0	0.43
251500	0.42	0.44	0.44	0	0	0.42
251600	0.42	0.44	0.44	0	0	0.42
251700	0.42	0.44	0.44	0	0	0.42
251800	0.42	0.44	0.44	0	0	0.42
251900	0.42	0.44	0.44	0	0	0.42
252000	0.42	0.44	0.44	0	0	0.42
252100	0.42	0.44	0.44	0	0	0.42
252200	0.42	0.44	0.44	0	0	0.42
252300	0.42	0.44	0.44	0	0	0.42
252400	0.42	0.44	0.44	0	0	0.42
252500	0.42	0.44	0.44	0	0	0.42
252600	0.42	0.45	0.45	0	0	0.42
252700	0.42	0.44	0.44	0	0	0.42
252800	0.42	0.44	0.44	0	0	0.42
252900	0.42	0.44	0.44	0	0	0.42
253000	0.42	0.44	0.44	0	0	0.42
253100	0.42	0.44	0.44	0	0	0.42
253200	0.42	0.44	0.44	0	0	0.42
253300	0.42	0.44	0.44	0	0	0.42
253400	0.42	0.44	0.44	0	0	0.42
253500	0.42	0.44	0.44	0	0	0.42
253600	0.42	0.44	0.44	0	0	0.42
253700	0.42	0.44	0.44	0	0	0.42
253800	0.42	0.44	0.44	0	0	0.42
253900	0.42	0.44	0.44	0	0	0.42
254000	0.42	0.44	0.44	0	0	0.42
254100	0.42	0.44	0.44	0	0	0.42
254200	0.42	0.44	0.44	0	0	0.42
254300	0.42	0.44	0.44	0	0	0.42
254400	0.42	0.44	0.44	0	0	0.42
254500	0.42	0.44	0.44	0	0	0.42
254600	0.42	0.44	0.44	0	0	0.42
254700	0.42	0.44	0.44	0	0	0.42
254800	0.42	0.44	0.44	0	0	0.42
254900	0.42	0.44	0.44	0	0	0.42
255000	0.42	0.44	0.44	0	0	0.42
255100	0.42	0.44	0.44	0	0	0.42
255200	0.42	0.44	0.44	0	0	0.42
255300	0.42	0.44	0.44	0	0	0.42
255400	0.42	0.44	0.44	0	0	0.42
255500	0.42	0.44	0.44	0	0	0.42
255600	0.42	0.44	0.44	0	0	0.42
255700	0.42	0.43	0.43	0	0	0.42
255800	0.42	0.43	0.43	0	0	0.42
255900	0.42	0.43	0.43	0	0	0.42
256000	0.42	0.43	0.43	0	0	0.42
256100	0.42	0.43	0.43	0	0	0.42
256200	0.42	0.43	0.43	0	0	0.42
256300	0.42	0.43	0.43	0	0	0.42
256400	0.42	0.43	0.43	0	0	0.42
256500	0.42	0.43	0.43	0	0	0.42
256600	0.42	0.43	0.43	0	0	0.42
256700	0.42	0.43	0.43	0	0	0.42
256800	0.42	0.44	0.44	0	0	0.42
256900	0.42	0.43	0.43	0	0	0.42
257000	0.42	0.43	0.43	0	0	0.42
257100	0.42	0.43	0.43	0	0	0.42
257200	0.42	0.43	0.43	0	0	0.42
257300	0.42	0.43	0.43	0	0	0.42
257400	0.42	0.43	0.43	0	0	0.42
257500	0.42	0.43	0.43	0	0	0.42
257600	0.42	0.43	0.43	0	0	0.42
257700	0.42	0.43	0.43	0	0	0.42
257800	0.42	0.43	0.43	0	0	0.42
257900	0.43	0.43	0.43	0	0	0.43
258000	0.43	0.43	0.43	0	0	0.43
258100	0.43	0.43	0.43	0	0	0.43
258200	0.42	0.43	0.43	0	0	0.42
258300	0.42	0.43	0.43	0	0	0.42
258400	0.42	0.43	0.43	0	0	0.42
258500	0.42	0.43	0.43	0	0	0.42
258600	0.42	0.44	0.44	0	0	0.42
258700	0.42	0.44	0.44	0	0	0.42
258800	0.42	0.45	0.45	0	0	0.42
258900	0.42	0.44	0.44	0	0	0.42
259000	0.42	0.44	0.44	0	0	0.42
259100	0.42	0.44	0.44	0	0	0.42
259200	0.42	0.44	0.44	0	0	0.42
259300	0.42	0.43	0.43	0	0	0.42
259400	0.42	0.43	0.43	0	0	0.42
259500	0.42	0.43	0.43	0	0	0.42
259600	0.42	0.43	0.43	0	0	0.42
259700	0.42	0.43	0.43	0	0	0.42
259800	0.42	0.43	0.43	0	0	0.42
259900	0.42	0.43	0.43	0	0	0.42
260000	0.42	0.43	0.43	0	0	0.42
260100	0.42	0.43	0.43	0	0	0.42
260200	0.42	0.43	0.43	0	0	0.42
260300	0.42	0.43	0.43	0	0	0.42
260400	0.42	0.43	0.43	0	0	0.42
260500	0.42	0.43	0.43	0	0	0.42
260600	0.42	0.43	0.43	0	0	0.42
260700	0.42	0.43	0.43	0	0	0.42
260800	0.42	0.43	0.43	0	0	0.42
260900	0.42	0.43	0.43	0	0	0.42
261000	0.42	0.44	0.44	0	0	0.42
261100	0.42	0.44	0.44	0	0	0.42
261200	0.42	0.44	0.44	0	0	0.42
261300	0.42	0.44	0.44	0	0	0.42
261400	0.42	0.44	0.44	0	0	0.42
261500	0.42	0.44	0.44	0	0	0.42
261600	0.42	0.44	0.44	0	0	0.42
261700	0.42	0.44	0.44	0	0	0.42
261800	0.42	0.44	0.44	0	0	0.42
261900	0.43	0.44	0.44	0	0	0.43
262000	0.43	0.44	0.44	0	0	0.43
262100	0.43	0.44	0.44	0	0	0.43
262200	0.43	0.44	0.44	0	0	0.43
262300	0.43	0.44	0.44	0	0	0.43
262400	0.43	0.44	0.44	0	0	0.43
262500	0.43	0.44	0.44	0	0	0.43
262600	0.43	0.44	0.44	0	0	0.43
262700	0.43	0.44	0.44	0	0	0.43
262800	0.44	0.44	0.44	0	0	0.44
262900	0.44	0.44	0.44	0	0	0.44
263000	0.44	0.44	0.44	0	0	0.44
263100	0.44	0.44	0.44	0	0	0.44
263200	0.44	0.44	0.44	0	0	0.44
263300	0.44	0.44	0.44	0	0	0.44
263400	0.44	0.44	0.44	0	0	0.44
263500	0.45	0.44	0.44	0	0	0.45
263600	0.45	0.44	0.44	0	0	0.45
263700	0.45	0.44	0.44	0	0	0.45
263800	0.45	0.44	0.44	0	0	0.45
263900	0.44	0.44	0.44	0	0	0.44
264000	0.44	0.44	0.44	0	0	0.44
264100	0.44	0.44	0.44	0	0	0.44
264200	0.44	0.44	0.44	0	0	0.44
264300	0.44	0.44	0.44	0	0	0.44
264400	0.44	0.44	0.44	0	0	0.44
264500	0.44	0.45	0.45	0	0	0.44
264600	0.44	0.45	0.45	0	0	0.44
264700	0.44	0.45	0.45	0	0	0.44
264800	0.44	0.44	0.44	0	0	0.44
264900	0.44	0.44	0.44	0	0	0.44
265000	0.44	0.44	0.44	0	0	0.44
265100	0.44	0.44	0.44	0	0	0.44
265200	0.44	0.44	0.44	0	0	0.44
265300	0.44	0.44	0.44	0	0	0.44
265400	0.44	0.44	0.44	0	0	0.44
265500	0.44	0.44	0.44	0	0	0.44
265600	0.44	0.44	0.44	0	0	0.44
265700	0.44	0.44	0.44	0	0	0.44
265800	0.44	0.44	0.44	0	0	0.44
265900	0.44	0.44	0.44	0	0	0.44
266000	0.44	0.44	0.44	0	0	0.44
266100	0.44	0.44	0.44	0	0	0.44
266200	0.44	0.44	0.44	0	0	0.44
266300	0.44	0.44	0.44	0	0	0.44
266400	0.44	0.44	0.44	0	0	0.44
266500	0.44	0.44	0.44	0	0	0.44
266600	0.44	0.44	0.44	0	0	0.44
266700	0.44	0.44	0.44	0	0	0.44
266800	0.44	0.44	0.44	0	0	0.44
266900	0.44	0.44	0.44	0	0	0.44
267000	0.44	0.44	0.44	0	0	0.44
267100	0.44	0.44	0.44	0	0	0.44
267200	0.44	0.44	0.44	0	0	0.44
267300	0.44	0.44	0.44	0	0	0.44
267400	0.44	0.44	0.44	0	0	0.44
267500	0.44	0.44	0.44	0	0	0.44
267600	0.44	0.44	0.44	0	0	0.44
267700	0.44	0.44	0.44	0	0	0.44
267800	0.44	0.44	0.44	0	0	0.44
267900	0.44	0.44	0.44	0	0	0.44
268000	0.44	0.44	0.44	0	0	0.44
268100	0.44	0.44	0.44	0	0	0.44
268200	0.44	0.44	0.44	0	0	0.44
268300	0.44	0.44	0.44	0	0	0.44
268400	0.44	0.44	0.44	0	0	0.44
268500	0.44	0.44	0.44	0	0	0.44
268600	0.44	0.44	0.44	0	0	0.44
268700	0.44	0.44	0.44	0	0	0.44
268800	0.44	0.44	0.44	0	0	0.44
268900	0.44	0.44	0.44	0	0	0.44
269000	0.44	0.44	0.44	0	0	0.44
269100	0.44	0.44	0.44	0	0	0.44
269200	0.44	0.44	0.44	0	0	0.44
269300	0.44	0.44	0.44	0	0	0.44
269400	0.44	0.44	0.44	0	0	0.44
269500	0.44	0.45	0.45	0	0	0.44
269600	0.44	0.45	0.45	0	0	0.44
269700	0.44	0.45	0.45	0	0	0.44
269800	0.44	0.44	0.44	0	0	0.44
269900	0.45	0.44	0.44	0	0	0.45
270000	0.44	0.45	0.45	0	0	0.44
270100	0.44	0.45	0.45	0	0	0.44
270200	0.44	0.45	0.45	0	0	0.44
270300	0.44	0.45	0.45	0	0	0.44
270400	0.44	0.45	0.45	0	0	0.44
270500	0.44	0.45	0.45	0	0	0.44
270600	0.44	0.44	0.44	0	0	0.44
270700	0.44	0.44	0.44	0	0	0.44
270800	0.44	0.44	0.44	0	0	0.44
270900	0.44	0.44	0.44	0	0	0.44
271000	0.44	0.44	0.44	0	0	0.44
271100	0.44	0.44	0.44	0	0	0.44
271200	0.44	0.44	0.44	0	0	0.44
271300	0.44	0.44	0.44	0	0	0.44
271400	0.44	0.44	0.44	0	0	0.44
271500	0.44	0.44	0.44	0	0	0.44
271600	0.44	0.44	0.44	0	0	0.44
271700	0.44	0.44	0.44	0	0	0.44
271800	0.44	0.44	0.44	0	0	0.44
271900	0.44	0.44	0.44	0	0	0.44
272000	0.44	0.44	0.44	0	0	0.44
272100	0.44	0.44	0.44	0	0	0.44
272200	0.44	0.44	0.44	0	0	0.44
272300	0.44	0.44	0.44	0	0	0.44
272400	0.44	0.44	0.44	0	0	0.44
272500	0.44	0.44	0.44	0	0	0.44
272600	0.44	0.44	0.44	0	0	0.44
272700	0.42	0.44	0.44	0	0	0.42
272800	0.41	0.44	0.44	0	0	0.41
272900	0.41	0.44	0.44	0	0	0.41
273000	0.41	0.44	0.44	0	0	0.41
273100	0.41	0.44	0.44	0	0	0.41
273200	0.41	0.44	0.44	0	0	0.41
273300	0.41	0.44	0.44	0	0	0.41
273400	0.41	0.44	0.44	0	0	0.41
273500	0.41	0.44	0.44	0	0	0.41
273600	0.41	0.45	0.45	0	0	0.41
273700	0.41	0.44	0.44	0	0	0.41
273800	0.41	0.44	0.44	0	0	0.41
273900	0.41	0.44	0.44	0	0	0.41
274000	0.41	0.44	0.44	0	0	0.41
274100	0.41	0.44	0.44	0	0	0.41
274200	0.41	0.44	0.44	0	0	0.41
274300	0.41	0.44	0.44	0	0	0.41
274400	0.41	0.44	0.44	0	0	0.41
274500	0.41	0.44	0.44	0	0	0.41
274600	0.41	0.44	0.44	0	0	0.41
274700	0.41	0.45	0.45	0	0	0.41
274800	0.42	0.44	0.44	0	0	0.42
274900	0.42	0.44	0.44	0	0	0.42
275000	0.42	0.44	0.44	0	0	0.42
275100	0.42	0.44	0.44	0	0	0.42
275200	0.42	0.44	0.44	0	0	0.42
275300	0.42	0.44	0.44	0	0	0.42
275400	0.42	0.44	0.44	0	0	0.42
275500	0.42	0.44	0.44	0	0	0.42
275600	0.42	0.44	0.44	0	0	0.42
275700	0.42	0.44	0.44	0	0	0.42
275800	0.42	0.45	0.45	0	0	0.42
275900	0.42	0.45	0.45	0	0	0.42
276000	0.42	0.44	0.44	0	0	0.42
276100	0.42	0.43	0.43	0	0	0.42
276200	0.42	0.42	0.42	0	0	0.42
276300	0.42	0.42	0.42	0	0	0.42
276400	0.42	0.42	0.42	0	0	0.42
276500	0.42	0.42	0.42	0	0	0.42
276600	0.42	0.42	0.42	0	0	0.42
276700	0.42	0.42	0.42	0	0	0.42
276800	0.42	0.42	0.42	0	0	0.42
276900	0.42	0.42	0.42	0	0	0.42
277000	0.42	0.42	0.42	0	0	0.42
277100	0.42	0.42	0.42	0	0	0.42
277200	0.42	0.42	0.42	0	0	0.42
277300	0.42	0.42	0.42	0	0	0.42
277400	0.42	0.42	0.42	0	0	0.42
277500	0.42	0.43	0.43	0	0	0.42
277600	0.42	0.43	0.43	0	0	0.42
277700	0.42	0.43	0.43	0	0	0.42
277800	0.42	0.43	0.43	0	0	0.42
277900	0.42	0.44	0.44	0	0	0.42
278000	0.42	0.43	0.43	0	0	0.42
278100	0.42	0.43	0.43	0	0	0.42
278200	0.42	0.44	0.44	0	0	0.42
278300	0.42	0.43	0.43	0	0	0.42
278400	0.42	0.43	0.43	0	0	0.42
278500	0.42	0.43	0.43	0	0	0.42
278600	0.42	0.43	0.43	0	0	0.42
278700	0.42	0.43	0.43	0	0	0.42
278800	0.42	0.43	0.43	0	0	0.42
278900	0.42	0.43	0.43	0	0	0.42
279000	0.42	0.43	0.43	0	0	0.42
279100	0.42	0.43	0.43	0	0	0.42
279200	0.42	0.43	0.43	0	0	0.42
279300	0.42	0.43	0.43	0	0	0.42
279400	0.42	0.43	0.43	0	0	0.42
279500	0.42	0.43	0.43	0	0	0.42
279600	0.42	0.43	0.43	0	0	0.42
279700	0.42	0.43	0.43	0	0	0.42
279800	0.42	0.43	0.43	0	0	0.42
279900	0.42	0.43	0.43	0	0	0.42
280000	0.42	0.43	0.43	0	0	0.42
280100	0.42	0.43	0.43	0	0	0.42
280200	0.43	0.43	0.43	0	0	0.43
280300	0.43	0.43	0.43	0	0	0.43
280400	0.42	0.43	0.43	0	0	0.42
280500	0.42	0.42	0.42	0	0	0.42
280600	0.42	0.42	0.42	0	0	0.42
280700	0.42	0.42	0.42	0	0	0.42
280800	0.42	0.42	0.42	0	0	0.42
280900	0.42	0.42	0.42	0	0	0.42
281000	0.43	0.42	0.42	0	0	0.43
281100	0.42	0.42	0.42	0	0	0.42
281200	0.42	0.42	0.42	0	0	0.42
281300	0.43	0.42	0.42	0	0	0.43
281400	0.43	0.42	0.42	0	0	0.43
281500	0.43	0.42	0.42	0	0	0.43
281600	0.42	0.42	0.42	0	0	0.42
281700	0.42	0.42	0.42	0	0	0.42
281800	0.42	0.42	0.42	0	0	0.42
281900	0.42	0.42	0.42	0	0	0.42
282000	0.42	0.42	0.42	0	0	0.42
282100	0.42	0.42	0.42	0	0	0.42
282200	0.42	0.42	0.42	0	0	0.42
282300	0.42	0.42	0.42	0	0	0.42
282400	0.42	0.42	0.42	0	0	0.42
282500	0.42	0.42	0.42	0	0	0.42
282600	0.42	0.42	0.42	0	0	0.42
282700	0.42	0.42	0.42	0	0	0.42
282800	0.42	0.42	0.42	0	0	0.42
282900	0.42	0.42	0.42	0	0	0.42
283000	0.42	0.42	0.42	0	0	0.42
283100	0.42	0.43	0.43	0	0	0.42
283200	0.42	0.43	0.43	0	0	0.42
283300	0.42	0.43	0.43	0	0	0.42
283400	0.42	0.43	0.43	0	0	0.42
283500	0.42	0.43	0.43	0	0	0.42
283600	0.42	0.43	0.43	0	0	0.42
283700	0.42	0.43	0.43	0	0	0.42
283800	0.42	0.43	0.43	0	0	0.42
283900	0.42	0.43	0.43	0	0	0.42
284000	0.42	0.43	0.43	0	0	0.42
284100	0.42	0.43	0.43	0	0	0.42
284200	0.42	0.43	0.43	0	0	0.42
284300	0.42	0.43	0.43	0	0	0.42
284400	0.42	0.43	0.43	0	0	0.42
284500	0.42	0.43	0.43	0	0	0.42
284600	0.42	0.43	0.43	0	0	0.42
284700	0.42	0.43	0.43	0	0	0.42
284800	0.42	0.43	0.43	0	0	0.42
284900	0.42	0.43	0.43	0	0	0.42
285000	0.42	0.43	0.43	0	0	0.42
285100	0.42	0.43	0.43	0	0	0.42
285200	0.42	0.43	0.43	0	0	0.42
285300	0.42	0.43	0.43	0	0	0.42
285400	0.42	0.43	0.43	0	0	0.42
285500	0.42	0.43	0.43	0	0	0.42
285600	0.42	0.43	0.43	0	0	0.42
285700	0.42	0.43	0.43	0	0	0.42
285800	0.42	0.43	0.43	0	0	0.42
285900	0.42	0.43	0.43	0	0	0.42
286000	0.42	0.43	0.43	0	0	0.42
286100	0.42	0.43	0.43	0	0	0.42
286200	0.42	0.43	0.43	0	0	0.42
286300	0.42	0.43	0.43	0	0	0.42
286400	0.42	0.43	0.43	0	0	0.42
286500	0.42	0.43	0.43	0	0	0.42
286600	0.42	0.43	0.43	0	0	0.42
286700	0.42	0.44	0.44	0	0	0.42
286800	0.42	0.44	0.44	0	0	0.42
286900	0.42	0.44	0.44	0	0	0.42
287000	0.42	0.44	0.44	0	0	0.42
287100	0.42	0.44	0.44	0	0	0.42
287200	0.42	0.44	0.44	0	0	0.42
287300	0.41	0.44	0.44	0	0	0.41
287400	0.41	0.44	0.44	0	0	0.41
287500	0.41	0.44	0.44	0	0	0.41
287600	0.41	0.44	0.44	0	0	0.41
287700	0.41	0.44	0.44	0	0	0.41
287800	0.41	0.44	0.44	0	0	0.41
287900	0.41	0.44	0.44	0	0	0.41
288000	0.41	0.44	0.44	0	0	0.41
288100	0.41	0.44	0.44	0	0	0.41
288200	0.42	0.44	0.44	0	0	0.42
288300	0.42	0.44	0.44	0	0	0.42
288400	0.42	0.44	0.44	0	0	0.42
288500	0.42	0.44	0.44	0	0	0.42
288600	0.42	0.44	0.44	0	0	0.42
288700	0.42	0.44	0.44	0	0	0.42
288800	0.42	0.44	0.44	0	0	0.42
288900	0.42	0.44	0.44	0	0	0.42
289000	0.42	0.44	0.44	0	0	0.42
289100	0.42	0.44	0.44	0	0	0.42
289200	0.42	0.44	0.44	0	0	0.42
289300	0.43	0.44	0.44	0	0	0.43
289400	0.43	0.44	0.44	0	0	0.43
289500	0.43	0.44	0.44	0	0	0.43
289600	0.42	0.44	0.44	0	0	0.42
289700	0.42	0.44	0.44	0	0	0.42
289800	0.42	0.44	0.44	0	0	0.42
289900	0.43	0.44	0.44	0	0	0.43
290000	0.43	0.44	0.44	0	0	0.43
290100	0.43	0.44	0.44	0	0	0.43
290200	0.43	0.44	0.44	0	0	0.43
290300	0.43	0.44	0.44	0	0	0.43
290400	0.43	0.44	0.44	0	0	0.43
290500	0.43	0.44	0.44	0	0	0.43
290600	0.43	0.44	0.44	0	0	0.43
290700	0.43	0.44	0.44	0	0	0.43
290800	0.43	0.44	0.44	0	0	0.43
290900	0.43	0.44	0.44	0	0	0.43
291000	0.43	0.44	0.44	0	0	0.43
291100	0.43	0.44	0.44	0	0	0.43
291200	0.43	0.44	0.44	0	0	0.43
291300	0.43	0.44	0.44	0	0	0.43
291400	0.43	0.44	0.44	0	0	0.43
291500	0.43	0.44	0.44	0	0	0.43
291600	0.43	0.44	0.44	0	0	0.43
291700	0.43	0.45	0.45	0	0	0.43
291800	0.43	0.44	0.44	0	0	0.43
291900	0.43	0.44	0.44	0	0	0.43
292000	0.43	0.44	0.44	0	0	0.43
292100	0.43	0.45	0.45	0	0	0.43
292200	0.43	0.45	0.45	0	0	0.43
292300	0.43	0.45	0.45	0	0	0.43
292400	0.43	0.45	0.45	0	0	0.43
292500	0.43	0.45	0.45	0	0	0.43
292600	0.43	0.45	0.45	0	0	0.43
292700	0.43	0.45	0.45	0	0	0.43
292800	0.43	0.45	0.45	0	0	0.43
292900	0.43	0.45	0.45	0	0	0.43
293000	0.43	0.45	0.45	0	0	0.43
293100	0.43	0.45	0.45	0	0	0.43
293200	0.43	0.45	0.45	0	0	0.43
293300	0.43	0.45	0.45	0	0	0.43
293400	0.43	0.45	0.45	0	0	0.43
293500	0.43	0.45	0.45	0	0	0.43
293600	0.43	0.45	0.45	0	0	0.43
293700	0.43	0.45	0.45	0	0	0.43
293800	0.43	0.45	0.45	0	0	0.43
293900	0.43	0.45	0.45	0	0	0.43
294000	0.43	0.45	0.45	0	0	0.43
294100	0.43	0.45	0.45	0	0	0.43
294200	0.43	0.45	0.45	0	0	0.43
294300	0.43	0.45	0.45	0	0	0.43
294400	0.43	0.45	0.45	0	0	0.43
294500	0.43	0.45	0.45	0	0	0.43
294600	0.43	0.45	0.45	0	0	0.43
294700	0.43	0.45	0.45	0	0	0.43
294800	0.43	0.45	0.45	0	0	0.43
294900	0.43	0.45	0.45	0	0	0.43
295000	0.43	0.45	0.45	0	0	0.43
295100	0.43	0.45	0.45	0	0	0.43
295200	0.43	0.45	0.45	0	0	0.43
295300	0.43	0.45	0.45	0	0	0.43
295400	0.43	0.45	0.45	0	0	0.43
295500	0.43	0.45	0.45	0	0	0.43
295600	0.43	0.45	0.45	0	0	0.43
295700	0.43	0.45	0.45	0	0	0.43
295800	0.43	0.45	0.45	0	0	0.43
295900	0.43	0.45	0.45	0	0	0.43
296000	0.43	0.45	0.45	0	0	0.43
296100	0.43	0.45	0.45	0	0	0.43
296200	0.43	0.45	0.45	0	0	0.43
296300	0.43	0.45	0.45	0	0	0.43
296400	0.44	0.45	0.45	0	0	0.44
296500	0.43	0.45	0.45	0	0	0.43
296600	0.43	0.45	0.45	0	0	0.43
296700	0.42	0.44	0.44	0	0	0.42
296800	0.42	0.44	0.44	0	0	0.42
296900	0.42	0.44	0.44	0	0	0.42
297000	0.42	0.44	0.44	0	0	0.42
297100	0.42	0.44	0.44	0	0	0.42
297200	0.42	0.45	0.45	0	0	0.42
297300	0.42	0.44	0.44	0	0	0.42
297400	0.42	0.44	0.44	0	0	0.42
297500	0.42	0.44	0.44	0	0	0.42
297600	0.42	0.44	0.44	0	0	0.42
297700	0.42	0.44	0.44	0	0	0.42
297800	0.42	0.44	0.44	0	0	0.42
297900	0.42	0.44	0.44	0	0	0.42
298000	0.42	0.44	0.44	0	0	0.42
298100	0.42	0.44	0.44	0	0	0.42
298200	0.42	0.44	0.44	0	0	0.42
298300	0.42	0.46	0.46	0	0	0.42
298400	0.42	0.45	0.45	0	0	0.42
298500	0.42	0.45	0.45	0	0	0.42
298600	0.42	0.45	0.45	0	0	0.42
298700	0.42	0.45	0.45	0	0	0.42
298800	0.42	0.45	0.45	0	0	0.42
298900	0.42	0.44	0.44	0	0	0.42
299000	0.42	0.44	0.44	0	0	0.42
299100	0.42	0.44	0.44	0	0	0.42
299200	0.42	0.44	0.44	0	0	0.42
299300	0.42	0.44	0.44	0	0	0.42
299400	0.42	0.44	0.44	0	0	0.42
299500	0.42	0.44	0.44	0	0	0.42
299600	0.42	0.44	0.44	0	0	0.42
299700	0.42	0.44	0.44	0	0	0.42
299800	0.42	0.44	0.44	0	0	0.42
299900	0.42	0.44	0.44	0	0	0.42
300000	0.42	0.45	0.45	0	0	0.42
