100	0.06	0.12	0.12	0	0	0.06
200	0.06	0.12	0.12	0	0	0.06
300	0.06	0.13	0.13	0	0	0.06
400	0.06	0.14	0.14	0	0	0.06
500	0.04	0.14	0.14	0	0	0.04
600	0.05	0.15	0.15	0	0	0.05
700	0.06	0.15	0.15	0	0	0.06
800	0.08	0.17	0.17	0	0	0.08
900	0.08	0.17	0.17	0	0	0.08
1000	0.08	0.17	0.17	0	0	0.08
1100	0.08	0.18	0.18	0	0	0.08
1200	0.07	0.19	0.19	0	0	0.07
1300	0.08	0.19	0.19	0	0	0.08
1400	0.09	0.19	0.19	0	0	0.09
1500	0.08	0.19	0.19	0	0	0.08
1600	0.09	0.2	0.2	0	0	0.09
1700	0.09	0.21	0.21	0	0	0.09
1800	0.1	0.22	0.22	0	0	0.1
1900	0.1	0.22	0.22	0	0	0.1
2000	0.1	0.23	0.23	0	0	0.1
2100	0.09	0.24	0.24	0	0	0.09
2200	0.1	0.24	0.24	0	0	0.1
2300	0.09	0.25	0.25	0	0	0.09
2400	0.1	0.25	0.25	0	0	0.1
2500	0.1	0.24	0.24	0	0	0.1
2600	0.11	0.26	0.26	0	0	0.11
2700	0.11	0.27	0.27	0	0	0.11
2800	0.11	0.28	0.28	0	0	0.11
2900	0.11	0.28	0.28	0	0	0.11
3000	0.11	0.31	0.31	0	0	0.11
3100	0.12	0.31	0.31	0	0	0.12
3200	0.12	0.31	0.31	0	0	0.12
3300	0.12	0.32	0.32	0	0	0.12
3400	0.12	0.32	0.32	0	0	0.12
3500	0.12	0.32	0.32	0	0	0.12
3600	0.12	0.34	0.34	0	0	0.12
3700	0.1	0.34	0.34	0	0	0.1
3800	0.1	0.35	0.35	0	0	0.1
3900	0.1	0.35	0.35	0	0	0.1
4000	0.12	0.36	0.36	0	0	0.12
4100	0.11	0.36	0.36	0	0	0.11
4200	0.1	0.36	0.36	0	0	0.1
4300	0.08	0.35	0.35	0	0	0.08
4400	0.08	0.37	0.37	0	0	0.08
4500	0.09	0.37	0.37	0	0	0.09
4600	0.08	0.37	0.37	0	0	0.08
4700	0.08	0.38	0.38	0	0	0.08
4800	0.09	0.39	0.39	0	0	0.09
4900	0.09	0.39	0.39	0	0	0.09
5000	0.1	0.4	0.4	0	0	0.1
5100	0.1	0.4	0.4	0	0	0.1
5200	0.1	0.42	0.42	0	0	0.1
5300	0.1	0.4	0.4	0	0	0.1
5400	0.1	0.41	0.41	0	0	0.1
5500	0.1	0.4	0.4	0	0	0.1
5600	0.12	0.41	0.41	0	0	0.12
5700	0.12	0.4	0.4	0	0	0.12
5800	0.13	0.42	0.42	0	0	0.13
5900	0.13	0.42	0.42	0	0	0.13
6000	0.14	0.43	0.43	0	0	0.14
6100	0.13	0.43	0.43	0	0	0.13
6200	0.13	0.44	0.44	0	0	0.13
6300	0.13	0.44	0.44	0	0	0.13
6400	0.13	0.43	0.43	0	0	0.13
6500	0.13	0.43	0.43	0	0	0.13
6600	0.15	0.43	0.43	0	0	0.15
6700	0.15	0.43	0.43	0	0	0.15
6800	0.15	0.43	0.43	0	0	0.15
6900	0.14	0.44	0.44	0	0	0.14
7000	0.13	0.44	0.44	0	0	0.13
7100	0.13	0.44	0.44	0	0	0.13
7200	0.13	0.44	0.44	0	0	0.13
7300	0.13	0.43	0.43	0	0	0.13
7400	0.13	0.43	0.43	0	0	0.13
7500	0.14	0.44	0.44	0	0	0.14
7600	0.14	0.46	0.46	0	0	0.14
7700	0.14	0.46	0.46	0	0	0.14
7800	0.14	0.46	0.46	0	0	0.14
7900	0.14	0.45	0.45	0	0	0.14
8000	0.14	0.46	0.46	0	0	0.14
8100	0.14	0.46	0.46	0	0	0.14
8200	0.15	0.47	0.47	0	0	0.15
8300	0.15	0.47	0.47	0	0	0.15
8400	0.14	0.47	0.47	0	0	0.14
8500	0.14	0.47	0.47	0	0	0.14
8600	0.14	0.47	0.47	0	0	0.14
8700	0.14	0.47	0.47	0	0	0.14
8800	0.14	0.47	0.47	0	0	0.14
8900	0.15	0.47	0.47	0	0	0.15
9000	0.16	0.47	0.47	0	0	0.16
9100	0.15	0.47	0.47	0	0	0.15
9200	0.15	0.47	0.47	0	0	0.15
9300	0.15	0.47	0.47	0	0	0.15
9400	0.15	0.47	0.47	0	0	0.15
9500	0.16	0.47	0.47	0	0	0.16
9600	0.16	0.46	0.46	0	0	0.16
9700	0.17	0.47	0.47	0	0	0.17
9800	0.17	0.47	0.47	0	0	0.17
9900	0.19	0.48	0.48	0	0	0.19
10000	0.18	0.48	0.48	0	0	0.18
10100	0.18	0.47	0.47	0	0	0.18
10200	0.18	0.47	0.47	0	0	0.18
10300	0.18	0.47	0.47	0	0	0.18
10400	0.17	0.47	0.47	0	0	0.17
10500	0.17	0.47	0.47	0	0	0.17
10600	0.18	0.47	0.47	0	0	0.18
10700	0.18	0.47	0.47	0	0	0.18
10800	0.19	0.47	0.47	0	0	0.19
10900	0.19	0.47	0.47	0	0	0.19
11000	0.19	0.47	0.47	0	0	0.19
11100	0.19	0.47	0.47	0	0	0.19
11200	0.17	0.47	0.47	0	0	0.17
11300	0.17	0.47	0.47	0	0	0.17
11400	0.17	0.48	0.48	0	0	0.17
11500	0.18	0.5	0.5	0	0	0.18
11600	0.17	0.51	0.51	0	0	0.17
11700	0.18	0.5	0.5	0	0	0.18
11800	0.18	0.5	0.5	0	0	0.18
11900	0.18	0.51	0.51	0	0	0.18
12000	0.18	0.51	0.51	0	0	0.18
12100	0.16	0.51	0.51	0	0	0.16
12200	0.16	0.51	0.51	0	0	0.16
12300	0.16	0.51	0.51	0	0	0.16
12400	0.16	0.51	0.51	0	0	0.16
12500	0.16	0.5	0.5	0	0	0.16
12600	0.17	0.51	0.51	0	0	0.17
12700	0.17	0.51	0.51	0	0	0.17
12800	0.17	0.51	0.51	0	0	0.17
12900	0.17	0.51	0.51	0	0	0.17
13000	0.17	0.51	0.51	0	0	0.17
13100	0.17	0.51	0.51	0	0	0.17
13200	0.17	0.51	0.51	0	0	0.17
13300	0.17	0.51	0.51	0	0	0.17
13400	0.17	0.51	0.51	0	0	0.17
13500	0.17	0.51	0.51	0	0	0.17
13600	0.18	0.51	0.51	0	0	0.18
13700	0.19	0.52	0.52	0	0	0.19
13800	0.2	0.52	0.52	0	0	0.2
13900	0.2	0.52	0.52	0	0	0.2
14000	0.21	0.52	0.52	0	0	0.21
14100	0.21	0.52	0.52	0	0	0.21
14200	0.21	0.52	0.52	0	0	0.21
14300	0.22	0.51	0.51	0	0	0.22
14400	0.22	0.51	0.51	0	0	0.22
14500	0.21	0.51	0.51	0	0	0.21
14600	0.21	0.51	0.51	0	0	0.21
14700	0.2	0.51	0.51	0	0	0.2
14800	0.2	0.51	0.51	0	0	0.2
14900	0.21	0.52	0.52	0	0	0.21
15000	0.21	0.51	0.51	0	0	0.21
15100	0.21	0.51	0.51	0	0	0.21
15200	0.21	0.51	0.51	0	0	0.21
15300	0.21	0.51	0.51	0	0	0.21
15400	0.21	0.52	0.52	0	0	0.21
15500	0.21	0.51	0.51	0	0	0.21
15600	0.21	0.51	0.51	0	0	0.21
15700	0.19	0.51	0.51	0	0	0.19
15800	0.19	0.51	0.51	0	0	0.19
15900	0.19	0.51	0.51	0	0	0.19
16000	0.19	0.51	0.51	0	0	0.19
16100	0.19	0.52	0.52	0	0	0.19
16200	0.19	0.52	0.52	0	0	0.19
16300	0.19	0.52	0.52	0	0	0.19
16400	0.19	0.52	0.52	0	0	0.19
16500	0.19	0.52	0.52	0	0	0.19
16600	0.19	0.52	0.52	0	0	0.19
16700	0.18	0.52	0.52	0	0	0.18
16800	0.19	0.52	0.52	0	0	0.19
16900	0.19	0.52	0.52	0	0	0.19
17000	0.19	0.52	0.52	0	0	0.19
17100	0.19	0.52	0.52	0	0	0.19
17200	0.19	0.52	0.52	0	0	0.19
17300	0.19	0.52	0.52	0	0	0.19
17400	0.19	0.53	0.53	0	0	0.19
17500	0.19	0.53	0.53	0	0	0.19
17600	0.2	0.53	0.53	0	0	0.2
17700	0.2	0.53	0.53	0	0	0.2
17800	0.22	0.53	0.53	0	0	0.22
17900	0.22	0.53	0.53	0	0	0.22
18000	0.22	0.53	0.53	0	0	0.22
18100	0.22	0.53	0.53	0	0	0.22
18200	0.22	0.52	0.52	0	0	0.22
18300	0.22	0.52	0.52	0	0	0.22
18400	0.22	0.52	0.52	0	0	0.22
18500	0.22	0.53	0.53	0	0	0.22
18600	0.22	0.53	0.53	0	0	0.22
18700	0.22	0.53	0.53	0	0	0.22
18800	0.21	0.53	0.53	0	0	0.21
18900	0.23	0.53	0.53	0	0	0.23
19000	0.23	0.53	0.53	0	0	0.23
19100	0.24	0.53	0.53	0	0	0.24
19200	0.24	0.53	0.53	0	0	0.24
19300	0.23	0.53	0.53	0	0	0.23
19400	0.23	0.53	0.53	0	0	0.23
19500	0.23	0.53	0.53	0	0	0.23
19600	0.23	0.53	0.53	0	0	0.23
19700	0.23	0.53	0.53	0	0	0.23
19800	0.23	0.53	0.53	0	0	0.23
19900	0.23	0.53	0.53	0	0	0.23
20000	0.23	0.52	0.52	0	0	0.23
20100	0.23	0.52	0.52	0	0	0.23
20200	0.23	0.52	0.52	0	0	0.23
20300	0.23	0.52	0.52	0	0	0.23
20400	0.23	0.52	0.52	0	0	0.23
20500	0.23	0.54	0.54	0	0	0.23
20600	0.23	0.54	0.54	0	0	0.23
20700	0.23	0.54	0.54	0	0	0.23
20800	0.24	0.54	0.54	0	0	0.24
20900	0.25	0.54	0.54	0	0	0.25
21000	0.24	0.54	0.54	0	0	0.24
21100	0.25	0.54	0.54	0	0	0.25
21200	0.25	0.54	0.54	0	0	0.25
21300	0.24	0.54	0.54	0	0	0.24
21400	0.24	0.54	0.54	0	0	0.24
21500	0.25	0.54	0.54	0	0	0.25
21600	0.25	0.54	0.54	0	0	0.25
21700	0.25	0.54	0.54	0	0	0.25
21800	0.25	0.54	0.54	0	0	0.25
21900	0.26	0.54	0.54	0	0	0.26
22000	0.26	0.55	0.55	0	0	0.26
22100	0.26	0.55	0.55	0	0	0.26
22200	0.26	0.55	0.55	0	0	0.26
22300	0.26	0.55	0.55	0	0	0.26
22400	0.26	0.55	0.55	0	0	0.26
22500	0.26	0.55	0.55	0	0	0.26
22600	0.26	0.55	0.55	0	0	0.26
22700	0.26	0.55	0.55	0	0	0.26
22800	0.26	0.55	0.55	0	0	0.26
22900	0.26	0.55	0.55	0	0	0.26
23000	0.26	0.55	0.55	0	0	0.26
23100	0.27	0.55	0.55	0	0	0.27
23200	0.26	0.55	0.55	0	0	0.26
23300	0.26	0.55	0.55	0	0	0.26
23400	0.26	0.55	0.55	0	0	0.26
23500	0.25	0.55	0.55	0	0	0.25
23600	0.25	0.55	0.55	0	0	0.25
23700	0.25	0.55	0.55	0	0	0.25
23800	0.25	0.55	0.55	0	0	0.25
23900	0.25	0.55	0.55	0	0	0.25
24000	0.26	0.55	0.55	0	0	0.26
24100	0.26	0.55	0.55	0	0	0.26
24200	0.26	0.55	0.55	0	0	0.26
24300	0.25	0.55	0.55	0	0	0.25
24400	0.25	0.55	0.55	0	0	0.25
24500	0.25	0.55	0.55	0	0	0.25
24600	0.25	0.56	0.56	0	0	0.25
24700	0.25	0.57	0.57	0	0	0.25
24800	0.25	0.56	0.56	0	0	0.25
24900	0.25	0.56	0.56	0	0	0.25
25000	0.25	0.56	0.56	0	0	0.25
25100	0.25	0.57	0.57	0	0	0.25
25200	0.24	0.56	0.56	0	0	0.24
25300	0.25	0.56	0.56	0	0	0.25
25400	0.25	0.56	0.56	0	0	0.25
25500	0.24	0.55	0.55	0	0	0.24
25600	0.24	0.55	0.55	0	0	0.24
25700	0.24	0.55	0.55	0	0	0.24
25800	0.24	0.55	0.55	0	0	0.24
25900	0.24	0.55	0.55	0	0	0.24
26000	0.24	0.55	0.55	0	0	0.24
26100	0.25	0.55	0.55	0	0	0.25
26200	0.25	0.55	0.55	0	0	0.25
26300	0.25	0.55	0.55	0	0	0.25
26400	0.25	0.55	0.55	0	0	0.25
26500	0.25	0.55	0.55	0	0	0.25
26600	0.25	0.55	0.55	0	0	0.25
26700	0.25	0.55	0.55	0	0	0.25
26800	0.25	0.55	0.55	0	0	0.25
26900	0.25	0.55	0.55	0	0	0.25
27000	0.25	0.55	0.55	0	0	0.25
27100	0.25	0.55	0.55	0	0	0.25
27200	0.25	0.55	0.55	0	0	0.25
27300	0.25	0.55	0.55	0	0	0.25
27400	0.25	0.56	0.56	0	0	0.25
27500	0.25	0.56	0.56	0	0	0.25
27600	0.25	0.56	0.56	0	0	0.25
27700	0.25	0.56	0.56	0	0	0.25
27800	0.25	0.56	0.56	0	0	0.25
27900	0.25	0.56	0.56	0	0	0.25
28000	0.25	0.56	0.56	0	0	0.25
28100	0.25	0.55	0.55	0	0	0.25
28200	0.25	0.55	0.55	0	0	0.25
28300	0.25	0.55	0.55	0	0	0.25
28400	0.25	0.55	0.55	0	0	0.25
28500	0.25	0.55	0.55	0	0	0.25
28600	0.25	0.55	0.55	0	0	0.25
28700	0.26	0.55	0.55	0	0	0.26
28800	0.26	0.55	0.55	0	0	0.26
28900	0.26	0.55	0.55	0	0	0.26
29000	0.26	0.55	0.55	0	0	0.26
29100	0.26	0.55	0.55	0	0	0.26
29200	0.26	0.55	0.55	0	0	0.26
29300	0.26	0.56	0.56	0	0	0.26
29400	0.26	0.55	0.55	0	0	0.26
29500	0.26	0.56	0.56	0	0	0.26
29600	0.26	0.55	0.55	0	0	0.26
29700	0.27	0.56	0.56	0	0	0.27
29800	0.27	0.55	0.55	0	0	0.27
29900	0.27	0.55	0.55	0	0	0.27
30000	0.27	0.55	0.55	0	0	0.27
30100	0.27	0.57	0.57	0	0	0.27
30200	0.27	0.56	0.56	0	0	0.27
30300	0.27	0.57	0.57	0	0	0.27
30400	0.27	0.57	0.57	0	0	0.27
30500	0.27	0.57	0.57	0	0	0.27
30600	0.27	0.57	0.57	0	0	0.27
30700	0.28	0.57	0.57	0	0	0.28
30800	0.28	0.57	0.57	0	0	0.28
30900	0.28	0.57	0.57	0	0	0.28
31000	0.27	0.57	0.57	0	0	0.27
31100	0.27	0.57	0.57	0	0	0.27
31200	0.27	0.57	0.57	0	0	0.27
31300	0.27	0.57	0.57	0	0	0.27
31400	0.27	0.57	0.57	0	0	0.27
31500	0.27	0.57	0.57	0	0	0.27
31600	0.27	0.57	0.57	0	0	0.27
31700	0.27	0.57	0.57	0	0	0.27
31800	0.27	0.57	0.57	0	0	0.27
31900	0.27	0.57	0.57	0	0	0.27
32000	0.27	0.57	0.57	0	0	0.27
32100	0.27	0.57	0.57	0	0	0.27
32200	0.27	0.57	0.57	0	0	0.27
32300	0.27	0.57	0.57	0	0	0.27
32400	0.27	0.57	0.57	0	0	0.27
32500	0.27	0.57	0.57	0	0	0.27
32600	0.27	0.57	0.57	0	0	0.27
32700	0.27	0.57	0.57	0	0	0.27
32800	0.27	0.57	0.57	0	0	0.27
32900	0.27	0.58	0.58	0	0	0.27
33000	0.27	0.58	0.58	0	0	0.27
33100	0.27	0.58	0.58	0	0	0.27
33200	0.28	0.57	0.57	0	0	0.28
33300	0.28	0.57	0.57	0	0	0.28
33400	0.28	0.57	0.57	0	0	0.28
33500	0.27	0.57	0.57	0	0	0.27
33600	0.27	0.57	0.57	0	0	0.27
33700	0.28	0.58	0.58	0	0	0.28
33800	0.27	0.58	0.58	0	0	0.27
33900	0.27	0.58	0.58	0	0	0.27
34000	0.27	0.58	0.58	0	0	0.27
34100	0.28	0.58	0.58	0	0	0.28
34200	0.28	0.58	0.58	0	0	0.28
34300	0.28	0.57	0.57	0	0	0.28
34400	0.28	0.57	0.57	0	0	0.28
34500	0.28	0.57	0.57	0	0	0.28
34600	0.28	0.57	0.57	0	0	0.28
34700	0.28	0.57	0.57	0	0	0.28
34800	0.28	0.57	0.57	0	0	0.28
34900	0.28	0.57	0.57	0	0	0.28
35000	0.28	0.57	0.57	0	0	0.28
35100	0.28	0.57	0.57	0	0	0.28
35200	0.28	0.57	0.57	0	0	0.28
35300	0.27	0.57	0.57	0	0	0.27
35400	0.27	0.57	0.57	0	0	0.27
35500	0.27	0.57	0.57	0	0	0.27
35600	0.27	0.57	0.57	0	0	0.27
35700	0.27	0.57	0.57	0	0	0.27
35800	0.26	0.57	0.57	0	0	0.26
35900	0.26	0.57	0.57	0	0	0.26
36000	0.27	0.57	0.57	0	0	0.27
36100	0.27	0.57	0.57	0	0	0.27
36200	0.26	0.57	0.57	0	0	0.26
36300	0.26	0.57	0.57	0	0	0.26
36400	0.27	0.57	0.57	0	0	0.27
36500	0.27	0.57	0.57	0	0	0.27
36600	0.27	0.57	0.57	0	0	0.27
36700	0.28	0.57	0.57	0	0	0.28
36800	0.28	0.57	0.57	0	0	0.28
36900	0.28	0.57	0.57	0	0	0.28
37000	0.28	0.57	0.57	0	0	0.28
37100	0.28	0.58	0.58	0	0	0.28
37200	0.28	0.58	0.58	0	0	0.28
37300	0.28	0.58	0.58	0	0	0.28
37400	0.28	0.58	0.58	0	0	0.28
37500	0.28	0.58	0.58	0	0	0.28
37600	0.28	0.58	0.58	0	0	0.28
37700	0.28	0.58	0.58	0	0	0.28
37800	0.28	0.58	0.58	0	0	0.28
37900	0.28	0.58	0.58	0	0	0.28
38000	0.28	0.58	0.58	0	0	0.28
38100	0.28	0.58	0.58	0	0	0.28
38200	0.28	0.58	0.58	0	0	0.28
38300	0.28	0.58	0.58	0	0	0.28
38400	0.28	0.58	0.58	0	0	0.28
38500	0.28	0.58	0.58	0	0	0.28
38600	0.28	0.58	0.58	0	0	0.28
38700	0.28	0.58	0.58	0	0	0.28
38800	0.28	0.58	0.58	0	0	0.28
38900	0.29	0.58	0.58	0	0	0.29
39000	0.29	0.58	0.58	0	0	0.29
39100	0.29	0.58	0.58	0	0	0.29
39200	0.29	0.58	0.58	0	0	0.29
39300	0.28	0.58	0.58	0	0	0.28
39400	0.28	0.58	0.58	0	0	0.28
39500	0.28	0.58	0.58	0	0	0.28
39600	0.28	0.58	0.58	0	0	0.28
39700	0.28	0.58	0.58	0	0	0.28
39800	0.28	0.58	0.58	0	0	0.28
39900	0.28	0.58	0.58	0	0	0.28
40000	0.28	0.58	0.58	0	0	0.28
40100	0.28	0.58	0.58	0	0	0.28
40200	0.27	0.58	0.58	0	0	0.27
40300	0.27	0.58	0.58	0	0	0.27
40400	0.27	0.58	0.58	0	0	0.27
40500	0.27	0.58	0.58	0	0	0.27
40600	0.27	0.58	0.58	0	0	0.27
40700	0.27	0.58	0.58	0	0	0.27
40800	0.27	0.58	0.58	0	0	0.27
40900	0.27	0.58	0.58	0	0	0.27
41000	0.27	0.58	0.58	0	0	0.27
41100	0.27	0.58	0.58	0	0	0.27
41200	0.27	0.58	0.58	0	0	0.27
41300	0.27	0.58	0.58	0	0	0.27
41400	0.27	0.58	0.58	0	0	0.27
41500	0.27	0.58	0.58	0	0	0.27
41600	0.27	0.58	0.58	0	0	0.27
41700	0.27	0.58	0.58	0	0	0.27
41800	0.27	0.57	0.57	0	0	0.27
41900	0.26	0.57	0.57	0	0	0.26
42000	0.26	0.57	0.57	0	0	0.26
42100	0.26	0.57	0.57	0	0	0.26
42200	0.26	0.58	0.58	0	0	0.26
42300	0.26	0.57	0.57	0	0	0.26
42400	0.26	0.57	0.57	0	0	0.26
42500	0.26	0.57	0.57	0	0	0.26
42600	0.26	0.57	0.57	0	0	0.26
42700	0.26	0.57	0.57	0	0	0.26
42800	0.26	0.57	0.57	0	0	0.26
42900	0.26	0.58	0.58	0	0	0.26
43000	0.26	0.58	0.58	0	0	0.26
43100	0.26	0.58	0.58	0	0	0.26
43200	0.27	0.58	0.58	0	0	0.27
43300	0.26	0.58	0.58	0	0	0.26
43400	0.25	0.58	0.58	0	0	0.25
43500	0.26	0.58	0.58	0	0	0.26
43600	0.26	0.58	0.58	0	0	0.26
43700	0.26	0.58	0.58	0	0	0.26
43800	0.26	0.58	0.58	0	0	0.26
43900	0.26	0.58	0.58	0	0	0.26
44000	0.26	0.58	0.58	0	0	0.26
44100	0.26	0.58	0.58	0	0	0.26
44200	0.27	0.58	0.58	0	0	0.27
44300	0.28	0.58	0.58	0	0	0.28
44400	0.27	0.58	0.58	0	0	0.27
44500	0.27	0.58	0.58	0	0	0.27
44600	0.27	0.58	0.58	0	0	0.27
44700	0.27	0.58	0.58	0	0	0.27
44800	0.27	0.58	0.58	0	0	0.27
44900	0.27	0.58	0.58	0	0	0.27
45000	0.27	0.58	0.58	0	0	0.27
45100	0.27	0.58	0.58	0	0	0.27
45200	0.28	0.58	0.58	0	0	0.28
45300	0.28	0.58	0.58	0	0	0.28
45400	0.27	0.58	0.58	0	0	0.27
45500	0.27	0.58	0.58	0	0	0.27
45600	0.27	0.58	0.58	0	0	0.27
45700	0.27	0.58	0.58	0	0	0.27
45800	0.27	0.58	0.58	0	0	0.27
45900	0.27	0.58	0.58	0	0	0.27
46000	0.27	0.58	0.58	0	0	0.27
46100	0.27	0.58	0.58	0	0	0.27
46200	0.27	0.58	0.58	0	0	0.27
46300	0.27	0.58	0.58	0	0	0.27
46400	0.27	0.58	0.58	0	0	0.27
46500	0.27	0.58	0.58	0	0	0.27
46600	0.27	0.58	0.58	0	0	0.27
46700	0.27	0.58	0.58	0	0	0.27
46800	0.27	0.58	0.58	0	0	0.27
46900	0.27	0.58	0.58	0	0	0.27
47000	0.27	0.58	0.58	0	0	0.27
47100	0.27	0.58	0.58	0	0	0.27
47200	0.27	0.58	0.58	0	0	0.27
47300	0.27	0.58	0.58	0	0	0.27
47400	0.27	0.58	0.58	0	0	0.27
47500	0.27	0.58	0.58	0	0	0.27
47600	0.27	0.58	0.58	0	0	0.27
47700	0.26	0.58	0.58	0	0	0.26
47800	0.26	0.59	0.59	0	0	0.26
47900	0.27	0.59	0.59	0	0	0.27
48000	0.28	0.59	0.59	0	0	0.28
48100	0.28	0.59	0.59	0	0	0.28
48200	0.28	0.59	0.59	0	0	0.28
48300	0.28	0.59	0.59	0	0	0.28
48400	0.28	0.59	0.59	0	0	0.28
48500	0.28	0.59	0.59	0	0	0.28
48600	0.28	0.58	0.58	0	0	0.28
48700	0.28	0.57	0.57	0	0	0.28
48800	0.28	0.57	0.57	0	0	0.28
48900	0.28	0.58	0.58	0	0	0.28
49000	0.28	0.58	0.58	0	0	0.28
49100	0.28	0.58	0.58	0	0	0.28
49200	0.28	0.58	0.58	0	0	0.28
49300	0.28	0.58	0.58	0	0	0.28
49400	0.28	0.58	0.58	0	0	0.28
49500	0.28	0.58	0.58	0	0	0.28
49600	0.27	0.58	0.58	0	0	0.27
49700	0.29	0.58	0.58	0	0	0.29
49800	0.28	0.58	0.58	0	0	0.28
49900	0.28	0.58	0.58	0	0	0.28
50000	0.28	0.58	0.58	0	0	0.28
50100	0.28	0.58	0.58	0	0	0.28
50200	0.28	0.58	0.58	0	0	0.28
50300	0.28	0.58	0.58	0	0	0.28
50400	0.28	0.58	0.58	0	0	0.28
50500	0.28	0.58	0.58	0	0	0.28
50600	0.28	0.58	0.58	0	0	0.28
50700	0.28	0.58	0.58	0	0	0.28
50800	0.28	0.58	0.58	0	0	0.28
50900	0.28	0.58	0.58	0	0	0.28
51000	0.28	0.58	0.58	0	0	0.28
51100	0.28	0.58	0.58	0	0	0.28
51200	0.29	0.58	0.58	0	0	0.29
51300	0.29	0.58	0.58	0	0	0.29
51400	0.29	0.58	0.58	0	0	0.29
51500	0.29	0.58	0.58	0	0	0.29
51600	0.29	0.58	0.58	0	0	0.29
51700	0.29	0.58	0.58	0	0	0.29
51800	0.29	0.58	0.58	0	0	0.29
51900	0.29	0.58	0.58	0	0	0.29
52000	0.29	0.59	0.59	0	0	0.29
52100	0.29	0.59	0.59	0	0	0.29
52200	0.29	0.59	0.59	0	0	0.29
52300	0.29	0.59	0.59	0	0	0.29
52400	0.29	0.59	0.59	0	0	0.29
52500	0.29	0.59	0.59	0	0	0.29
52600	0.27	0.59	0.59	0	0	0.27
52700	0.27	0.59	0.59	0	0	0.27
52800	0.27	0.59	0.59	0	0	0.27
52900	0.27	0.59	0.59	0	0	0.27
53000	0.27	0.59	0.59	0	0	0.27
53100	0.27	0.6	0.6	0	0	0.27
53200	0.27	0.59	0.59	0	0	0.27
53300	0.28	0.59	0.59	0	0	0.28
53400	0.28	0.59	0.59	0	0	0.28
53500	0.27	0.59	0.59	0	0	0.27
53600	0.27	0.59	0.59	0	0	0.27
53700	0.27	0.59	0.59	0	0	0.27
53800	0.27	0.59	0.59	0	0	0.27
53900	0.27	0.59	0.59	0	0	0.27
54000	0.28	0.58	0.58	0	0	0.28
54100	0.29	0.58	0.58	0	0	0.29
54200	0.29	0.58	0.58	0	0	0.29
54300	0.29	0.58	0.58	0	0	0.29
54400	0.3	0.58	0.58	0	0	0.3
54500	0.3	0.59	0.59	0	0	0.3
54600	0.3	0.59	0.59	0	0	0.3
54700	0.3	0.59	0.59	0	0	0.3
54800	0.3	0.59	0.59	0	0	0.3
54900	0.3	0.59	0.59	0	0	0.3
55000	0.3	0.59	0.59	0	0	0.3
55100	0.3	0.59	0.59	0	0	0.3
55200	0.3	0.59	0.59	0	0	0.3
55300	0.3	0.59	0.59	0	0	0.3
55400	0.3	0.59	0.59	0	0	0.3
55500	0.3	0.59	0.59	0	0	0.3
55600	0.31	0.59	0.59	0	0	0.31
55700	0.31	0.59	0.59	0	0	0.31
55800	0.31	0.59	0.59	0	0	0.31
55900	0.31	0.59	0.59	0	0	0.31
56000	0.31	0.59	0.59	0	0	0.31
56100	0.3	0.59	0.59	0	0	0.3
56200	0.3	0.59	0.59	0	0	0.3
56300	0.3	0.59	0.59	0	0	0.3
56400	0.3	0.58	0.58	0	0	0.3
56500	0.3	0.58	0.58	0	0	0.3
56600	0.3	0.58	0.58	0	0	0.3
56700	0.3	0.58	0.58	0	0	0.3
56800	0.29	0.58	0.58	0	0	0.29
56900	0.29	0.58	0.58	0	0	0.29
57000	0.29	0.58	0.58	0	0	0.29
57100	0.29	0.58	0.58	0	0	0.29
57200	0.29	0.58	0.58	0	0	0.29
57300	0.29	0.58	0.58	0	0	0.29
57400	0.29	0.58	0.58	0	0	0.29
57500	0.3	0.58	0.58	0	0	0.3
57600	0.3	0.58	0.58	0	0	0.3
57700	0.3	0.58	0.58	0	0	0.3
57800	0.3	0.58	0.58	0	0	0.3
57900	0.3	0.58	0.58	0	0	0.3
58000	0.3	0.58	0.58	0	0	0.3
58100	0.31	0.58	0.58	0	0	0.31
58200	0.31	0.58	0.58	0	0	0.31
58300	0.31	0.58	0.58	0	0	0.31
58400	0.31	0.58	0.58	0	0	0.31
58500	0.31	0.58	0.58	0	0	0.31
58600	0.31	0.58	0.58	0	0	0.31
58700	0.31	0.58	0.58	0	0	0.31
58800	0.31	0.58	0.58	0	0	0.31
58900	0.31	0.58	0.58	0	0	0.31
59000	0.31	0.58	0.58	0	0	0.31
59100	0.31	0.58	0.58	0	0	0.31
59200	0.31	0.59	0.59	0	0	0.31
59300	0.31	0.59	0.59	0	0	0.31
59400	0.31	0.59	0.59	0	0	0.31
59500	0.31	0.59	0.59	0	0	0.31
59600	0.31	0.59	0.59	0	0	0.31
59700	0.31	0.59	0.59	0	0	0.31
59800	0.31	0.59	0.59	0	0	0.31
59900	0.31	0.59	0.59	0	0	0.31
60000	0.31	0.59	0.59	0	0	0.31
60100	0.31	0.59	0.59	0	0	0.31
60200	0.31	0.59	0.59	0	0	0.31
60300	0.31	0.59	0.59	0	0	0.31
60400	0.31	0.59	0.59	0	0	0.31
60500	0.31	0.59	0.59	0	0	0.31
60600	0.32	0.59	0.59	0	0	0.32
60700	0.31	0.59	0.59	0	0	0.31
60800	0.31	0.59	0.59	0	0	0.31
60900	0.31	0.59	0.59	0	0	0.31
61000	0.31	0.59	0.59	0	0	0.31
61100	0.31	0.59	0.59	0	0	0.31
61200	0.31	0.59	0.59	0	0	0.31
61300	0.31	0.59	0.59	0	0	0.31
61400	0.3	0.59	0.59	0	0	0.3
61500	0.3	0.59	0.59	0	0	0.3
61600	0.3	0.6	0.6	0	0	0.3
61700	0.3	0.59	0.59	0	0	0.3
61800	0.3	0.59	0.59	0	0	0.3
61900	0.3	0.59	0.59	0	0	0.3
62000	0.3	0.59	0.59	0	0	0.3
62100	0.3	0.59	0.59	0	0	0.3
62200	0.31	0.59	0.59	0	0	0.31
62300	0.32	0.6	0.6	0	0	0.32
62400	0.32	0.6	0.6	0	0	0.32
62500	0.32	0.6	0.6	0	0	0.32
62600	0.31	0.6	0.6	0	0	0.31
62700	0.31	0.6	0.6	0	0	0.31
62800	0.31	0.6	0.6	0	0	0.31
62900	0.31	0.6	0.6	0	0	0.31
63000	0.31	0.6	0.6	0	0	0.31
63100	0.31	0.6	0.6	0	0	0.31
63200	0.31	0.6	0.6	0	0	0.31
63300	0.31	0.6	0.6	0	0	0.31
63400	0.31	0.6	0.6	0	0	0.31
63500	0.31	0.6	0.6	0	0	0.31
63600	0.31	0.6	0.6	0	0	0.31
63700	0.31	0.6	0.6	0	0	0.31
63800	0.31	0.6	0.6	0	0	0.31
63900	0.31	0.6	0.6	0	0	0.31
64000	0.31	0.6	0.6	0	0	0.31
64100	0.31	0.6	0.6	0	0	0.31
64200	0.31	0.6	0.6	0	0	0.31
64300	0.31	0.6	0.6	0	0	0.31
64400	0.31	0.6	0.6	0	0	0.31
64500	0.31	0.6	0.6	0	0	0.31
64600	0.31	0.6	0.6	0	0	0.31
64700	0.31	0.6	0.6	0	0	0.31
64800	0.31	0.6	0.6	0	0	0.31
64900	0.31	0.6	0.6	0	0	0.31
65000	0.31	0.6	0.6	0	0	0.31
65100	0.31	0.6	0.6	0	0	0.31
65200	0.31	0.6	0.6	0	0	0.31
65300	0.31	0.6	0.6	0	0	0.31
65400	0.31	0.6	0.6	0	0	0.31
65500	0.31	0.6	0.6	0	0	0.31
65600	0.31	0.6	0.6	0	0	0.31
65700	0.31	0.6	0.6	0	0	0.31
65800	0.31	0.6	0.6	0	0	0.31
65900	0.31	0.6	0.6	0	0	0.31
66000	0.31	0.6	0.6	0	0	0.31
66100	0.31	0.6	0.6	0	0	0.31
66200	0.31	0.6	0.6	0	0	0.31
66300	0.31	0.6	0.6	0	0	0.31
66400	0.31	0.6	0.6	0	0	0.31
66500	0.31	0.6	0.6	0	0	0.31
66600	0.31	0.6	0.6	0	0	0.31
66700	0.31	0.6	0.6	0	0	0.31
66800	0.31	0.6	0.6	0	0	0.31
66900	0.31	0.59	0.59	0	0	0.31
67000	0.31	0.59	0.59	0	0	0.31
67100	0.32	0.58	0.58	0	0	0.32
67200	0.32	0.58	0.58	0	0	0.32
67300	0.31	0.58	0.58	0	0	0.31
67400	0.31	0.58	0.58	0	0	0.31
67500	0.3	0.58	0.58	0	0	0.3
67600	0.3	0.58	0.58	0	0	0.3
67700	0.3	0.58	0.58	0	0	0.3
67800	0.3	0.58	0.58	0	0	0.3
67900	0.29	0.58	0.58	0	0	0.29
68000	0.29	0.58	0.58	0	0	0.29
68100	0.29	0.58	0.58	0	0	0.29
68200	0.29	0.58	0.58	0	0	0.29
68300	0.29	0.59	0.59	0	0	0.29
68400	0.29	0.59	0.59	0	0	0.29
68500	0.29	0.59	0.59	0	0	0.29
68600	0.29	0.59	0.59	0	0	0.29
68700	0.29	0.59	0.59	0	0	0.29
68800	0.29	0.59	0.59	0	0	0.29
68900	0.29	0.59	0.59	0	0	0.29
69000	0.29	0.59	0.59	0	0	0.29
69100	0.3	0.59	0.59	0	0	0.3
69200	0.3	0.59	0.59	0	0	0.3
69300	0.3	0.59	0.59	0	0	0.3
69400	0.31	0.59	0.59	0	0	0.31
69500	0.31	0.59	0.59	0	0	0.31
69600	0.31	0.59	0.59	0	0	0.31
69700	0.31	0.59	0.59	0	0	0.31
69800	0.31	0.59	0.59	0	0	0.31
69900	0.31	0.59	0.59	0	0	0.31
70000	0.31	0.59	0.59	0	0	0.31
70100	0.31	0.59	0.59	0	0	0.31
70200	0.31	0.59	0.59	0	0	0.31
70300	0.31	0.59	0.59	0	0	0.31
70400	0.31	0.59	0.59	0	0	0.31
70500	0.31	0.59	0.59	0	0	0.31
70600	0.31	0.59	0.59	0	0	0.31
70700	0.31	0.59	0.59	0	0	0.31
70800	0.31	0.59	0.59	0	0	0.31
70900	0.31	0.59	0.59	0	0	0.31
71000	0.31	0.59	0.59	0	0	0.31
71100	0.31	0.59	0.59	0	0	0.31
71200	0.31	0.59	0.59	0	0	0.31
71300	0.31	0.59	0.59	0	0	0.31
71400	0.32	0.59	0.59	0	0	0.32
71500	0.32	0.59	0.59	0	0	0.32
71600	0.32	0.59	0.59	0	0	0.32
71700	0.32	0.59	0.59	0	0	0.32
71800	0.32	0.59	0.59	0	0	0.32
71900	0.31	0.59	0.59	0	0	0.31
72000	0.31	0.59	0.59	0	0	0.31
72100	0.31	0.59	0.59	0	0	0.31
72200	0.31	0.59	0.59	0	0	0.31
72300	0.31	0.59	0.59	0	0	0.31
72400	0.31	0.59	0.59	0	0	0.31
72500	0.31	0.59	0.59	0	0	0.31
72600	0.31	0.59	0.59	0	0	0.31
72700	0.31	0.59	0.59	0	0	0.31
72800	0.3	0.59	0.59	0	0	0.3
72900	0.3	0.59	0.59	0	0	0.3
73000	0.3	0.59	0.59	0	0	0.3
73100	0.3	0.59	0.59	0	0	0.3
73200	0.29	0.59	0.59	0	0	0.29
73300	0.29	0.59	0.59	0	0	0.29
73400	0.3	0.59	0.59	0	0	0.3
73500	0.3	0.59	0.59	0	0	0.3
73600	0.3	0.59	0.59	0	0	0.3
73700	0.3	0.59	0.59	0	0	0.3
73800	0.31	0.59	0.59	0	0	0.31
73900	0.3	0.59	0.59	0	0	0.3
74000	0.3	0.59	0.59	0	0	0.3
74100	0.3	0.59	0.59	0	0	0.3
74200	0.3	0.59	0.59	0	0	0.3
74300	0.3	0.59	0.59	0	0	0.3
74400	0.3	0.59	0.59	0	0	0.3
74500	0.3	0.59	0.59	0	0	0.3
74600	0.3	0.59	0.59	0	0	0.3
74700	0.31	0.59	0.59	0	0	0.31
74800	0.31	0.59	0.59	0	0	0.31
74900	0.31	0.59	0.59	0	0	0.31
75000	0.31	0.59	0.59	0	0	0.31
75100	0.3	0.59	0.59	0	0	0.3
75200	0.3	0.59	0.59	0	0	0.3
75300	0.3	0.6	0.6	0	0	0.3
75400	0.3	0.6	0.6	0	0	0.3
75500	0.31	0.6	0.6	0	0	0.31
75600	0.31	0.6	0.6	0	0	0.31
75700	0.3	0.6	0.6	0	0	0.3
75800	0.3	0.6	0.6	0	0	0.3
75900	0.3	0.6	0.6	0	0	0.3
76000	0.3	0.6	0.6	0	0	0.3
76100	0.3	0.6	0.6	0	0	0.3
76200	0.3	0.6	0.6	0	0	0.3
76300	0.3	0.6	0.6	0	0	0.3
76400	0.3	0.6	0.6	0	0	0.3
76500	0.3	0.6	0.6	0	0	0.3
76600	0.3	0.6	0.6	0	0	0.3
76700	0.3	0.6	0.6	0	0	0.3
76800	0.3	0.6	0.6	0	0	0.3
76900	0.3	0.6	0.6	0	0	0.3
77000	0.3	0.6	0.6	0	0	0.3
77100	0.3	0.6	0.6	0	0	0.3
77200	0.3	0.6	0.6	0	0	0.3
77300	0.3	0.6	0.6	0	0	0.3
77400	0.3	0.6	0.6	0	0	0.3
77500	0.3	0.6	0.6	0	0	0.3
77600	0.3	0.6	0.6	0	0	0.3
77700	0.3	0.6	0.6	0	0	0.3
77800	0.3	0.6	0.6	0	0	0.3
77900	0.3	0.6	0.6	0	0	0.3
78000	0.3	0.6	0.6	0	0	0.3
78100	0.3	0.6	0.6	0	0	0.3
78200	0.3	0.6	0.6	0	0	0.3
78300	0.3	0.6	0.6	0	0	0.3
78400	0.3	0.6	0.6	0	0	0.3
78500	0.31	0.6	0.6	0	0	0.31
78600	0.31	0.6	0.6	0	0	0.31
78700	0.31	0.6	0.6	0	0	0.31
78800	0.31	0.6	0.6	0	0	0.31
78900	0.31	0.61	0.61	0	0	0.31
79000	0.31	0.61	0.61	0	0	0.31
79100	0.31	0.61	0.61	0	0	0.31
79200	0.31	0.61	0.61	0	0	0.31
79300	0.31	0.6	0.6	0	0	0.31
79400	0.31	0.6	0.6	0	0	0.31
79500	0.31	0.6	0.6	0	0	0.31
79600	0.31	0.6	0.6	0	0	0.31
79700	0.31	0.61	0.61	0	0	0.31
79800	0.31	0.61	0.61	0	0	0.31
79900	0.31	0.61	0.61	0	0	0.31
80000	0.31	0.61	0.61	0	0	0.31
80100	0.31	0.61	0.61	0	0	0.31
80200	0.31	0.61	0.61	0	0	0.31
80300	0.31	0.61	0.61	0	0	0.31
80400	0.31	0.61	0.61	0	0	0.31
80500	0.31	0.61	0.61	0	0	0.31
80600	0.31	0.61	0.61	0	0	0.31
80700	0.31	0.61	0.61	0	0	0.31
80800	0.3	0.61	0.61	0	0	0.3
80900	0.29	0.61	0.61	0	0	0.29
81000	0.29	0.61	0.61	0	0	0.29
81100	0.29	0.61	0.61	0	0	0.29
81200	0.29	0.61	0.61	0	0	0.29
81300	0.29	0.61	0.61	0	0	0.29
81400	0.29	0.61	0.61	0	0	0.29
81500	0.29	0.61	0.61	0	0	0.29
81600	0.29	0.61	0.61	0	0	0.29
81700	0.29	0.61	0.61	0	0	0.29
81800	0.29	0.61	0.61	0	0	0.29
81900	0.29	0.61	0.61	0	0	0.29
82000	0.29	0.61	0.61	0	0	0.29
82100	0.29	0.61	0.61	0	0	0.29
82200	0.29	0.61	0.61	0	0	0.29
82300	0.29	0.61	0.61	0	0	0.29
82400	0.3	0.61	0.61	0	0	0.3
82500	0.3	0.61	0.61	0	0	0.3
82600	0.3	0.61	0.61	0	0	0.3
82700	0.29	0.61	0.61	0	0	0.29
82800	0.29	0.61	0.61	0	0	0.29
82900	0.29	0.61	0.61	0	0	0.29
83000	0.29	0.61	0.61	0	0	0.29
83100	0.29	0.61	0.61	0	0	0.29
83200	0.29	0.61	0.61	0	0	0.29
83300	0.29	0.61	0.61	0	0	0.29
83400	0.29	0.61	0.61	0	0	0.29
83500	0.29	0.61	0.61	0	0	0.29
83600	0.29	0.61	0.61	0	0	0.29
83700	0.29	0.61	0.61	0	0	0.29
83800	0.29	0.61	0.61	0	0	0.29
83900	0.29	0.61	0.61	0	0	0.29
84000	0.29	0.61	0.61	0	0	0.29
84100	0.29	0.61	0.61	0	0	0.29
84200	0.29	0.61	0.61	0	0	0.29
84300	0.29	0.61	0.61	0	0	0.29
84400	0.29	0.61	0.61	0	0	0.29
84500	0.29	0.61	0.61	0	0	0.29
84600	0.29	0.62	0.62	0	0	0.29
84700	0.29	0.62	0.62	0	0	0.29
84800	0.29	0.62	0.62	0	0	0.29
84900	0.29	0.61	0.61	0	0	0.29
85000	0.29	0.61	0.61	0	0	0.29
85100	0.29	0.61	0.61	0	0	0.29
85200	0.29	0.61	0.61	0	0	0.29
85300	0.29	0.61	0.61	0	0	0.29
85400	0.29	0.61	0.61	0	0	0.29
85500	0.29	0.61	0.61	0	0	0.29
85600	0.3	0.61	0.61	0	0	0.3
85700	0.3	0.61	0.61	0	0	0.3
85800	0.3	0.61	0.61	0	0	0.3
85900	0.3	0.61	0.61	0	0	0.3
86000	0.3	0.61	0.61	0	0	0.3
86100	0.3	0.61	0.61	0	0	0.3
86200	0.29	0.61	0.61	0	0	0.29
86300	0.29	0.61	0.61	0	0	0.29
86400	0.29	0.61	0.61	0	0	0.29
86500	0.29	0.61	0.61	0	0	0.29
86600	0.3	0.61	0.61	0	0	0.3
86700	0.3	0.61	0.61	0	0	0.3
86800	0.3	0.61	0.61	0	0	0.3
86900	0.3	0.61	0.61	0	0	0.3
87000	0.3	0.61	0.61	0	0	0.3
87100	0.29	0.61	0.61	0	0	0.29
87200	0.29	0.61	0.61	0	0	0.29
87300	0.29	0.61	0.61	0	0	0.29
87400	0.29	0.61	0.61	0	0	0.29
87500	0.29	0.61	0.61	0	0	0.29
87600	0.29	0.61	0.61	0	0	0.29
87700	0.29	0.61	0.61	0	0	0.29
87800	0.3	0.61	0.61	0	0	0.3
87900	0.3	0.61	0.61	0	0	0.3
88000	0.3	0.61	0.61	0	0	0.3
88100	0.3	0.61	0.61	0	0	0.3
88200	0.3	0.61	0.61	0	0	0.3
88300	0.3	0.61	0.61	0	0	0.3
88400	0.3	0.61	0.61	0	0	0.3
88500	0.29	0.61	0.61	0	0	0.29
88600	0.29	0.62	0.62	0	0	0.29
88700	0.29	0.62	0.62	0	0	0.29
88800	0.29	0.62	0.62	0	0	0.29
88900	0.29	0.62	0.62	0	0	0.29
89000	0.29	0.62	0.62	0	0	0.29
89100	0.29	0.62	0.62	0	0	0.29
89200	0.29	0.62	0.62	0	0	0.29
89300	0.29	0.62	0.62	0	0	0.29
89400	0.29	0.62	0.62	0	0	0.29
89500	0.29	0.62	0.62	0	0	0.29
89600	0.3	0.62	0.62	0	0	0.3
89700	0.3	0.63	0.63	0	0	0.3
89800	0.29	0.63	0.63	0	0	0.29
89900	0.29	0.63	0.63	0	0	0.29
90000	0.29	0.63	0.63	0	0	0.29
90100	0.29	0.63	0.63	0	0	0.29
90200	0.29	0.63	0.63	0	0	0.29
90300	0.29	0.63	0.63	0	0	0.29
90400	0.29	0.63	0.63	0	0	0.29
90500	0.28	0.63	0.63	0	0	0.28
90600	0.28	0.63	0.63	0	0	0.28
90700	0.28	0.63	0.63	0	0	0.28
90800	0.28	0.63	0.63	0	0	0.28
90900	0.28	0.63	0.63	0	0	0.28
91000	0.27	0.63	0.63	0	0	0.27
91100	0.27	0.63	0.63	0	0	0.27
91200	0.27	0.63	0.63	0	0	0.27
91300	0.28	0.63	0.63	0	0	0.28
91400	0.27	0.63	0.63	0	0	0.27
91500	0.27	0.63	0.63	0	0	0.27
91600	0.27	0.62	0.62	0	0	0.27
91700	0.27	0.62	0.62	0	0	0.27
91800	0.28	0.62	0.62	0	0	0.28
91900	0.28	0.62	0.62	0	0	0.28
92000	0.28	0.62	0.62	0	0	0.28
92100	0.27	0.62	0.62	0	0	0.27
92200	0.28	0.62	0.62	0	0	0.28
92300	0.28	0.62	0.62	0	0	0.28
92400	0.28	0.63	0.63	0	0	0.28
92500	0.28	0.62	0.62	0	0	0.28
92600	0.27	0.62	0.62	0	0	0.27
92700	0.27	0.62	0.62	0	0	0.27
92800	0.27	0.62	0.62	0	0	0.27
92900	0.27	0.62	0.62	0	0	0.27
93000	0.27	0.62	0.62	0	0	0.27
93100	0.27	0.62	0.62	0	0	0.27
93200	0.27	0.62	0.62	0	0	0.27
93300	0.27	0.62	0.62	0	0	0.27
93400	0.27	0.62	0.62	0	0	0.27
93500	0.27	0.62	0.62	0	0	0.27
93600	0.27	0.62	0.62	0	0	0.27
93700	0.27	0.62	0.62	0	0	0.27
93800	0.27	0.62	0.62	0	0	0.27
93900	0.27	0.62	0.62	0	0	0.27
94000	0.27	0.62	0.62	0	0	0.27
94100	0.27	0.63	0.63	0	0	0.27
94200	0.27	0.64	0.64	0	0	0.27
94300	0.27	0.64	0.64	0	0	0.27
94400	0.27	0.64	0.64	0	0	0.27
94500	0.27	0.64	0.64	0	0	0.27
94600	0.27	0.64	0.64	0	0	0.27
94700	0.27	0.64	0.64	0	0	0.27
94800	0.27	0.64	0.64	0	0	0.27
94900	0.27	0.64	0.64	0	0	0.27
95000	0.27	0.64	0.64	0	0	0.27
95100	0.27	0.63	0.63	0	0	0.27
95200	0.27	0.63	0.63	0	0	0.27
95300	0.27	0.63	0.63	0	0	0.27
95400	0.27	0.63	0.63	0	0	0.27
95500	0.29	0.63	0.63	0	0	0.29
95600	0.28	0.63	0.63	0	0	0.28
95700	0.28	0.63	0.63	0	0	0.28
95800	0.28	0.63	0.63	0	0	0.28
95900	0.28	0.64	0.64	0	0	0.28
96000	0.28	0.63	0.63	0	0	0.28
96100	0.28	0.63	0.63	0	0	0.28
96200	0.28	0.63	0.63	0	0	0.28
96300	0.28	0.63	0.63	0	0	0.28
96400	0.28	0.63	0.63	0	0	0.28
96500	0.28	0.63	0.63	0	0	0.28
96600	0.28	0.63	0.63	0	0	0.28
96700	0.28	0.63	0.63	0	0	0.28
96800	0.28	0.63	0.63	0	0	0.28
96900	0.28	0.63	0.63	0	0	0.28
97000	0.28	0.64	0.64	0	0	0.28
97100	0.28	0.64	0.64	0	0	0.28
97200	0.27	0.64	0.64	0	0	0.27
97300	0.27	0.64	0.64	0	0	0.27
97400	0.27	0.64	0.64	0	0	0.27
97500	0.28	0.64	0.64	0	0	0.28
97600	0.28	0.64	0.64	0	0	0.28
97700	0.28	0.64	0.64	0	0	0.28
97800	0.28	0.64	0.64	0	0	0.28
97900	0.29	0.64	0.64	0	0	0.29
98000	0.29	0.64	0.64	0	0	0.29
98100	0.29	0.64	0.64	0	0	0.29
98200	0.29	0.64	0.64	0	0	0.29
98300	0.29	0.64	0.64	0	0	0.29
98400	0.29	0.64	0.64	0	0	0.29
98500	0.29	0.64	0.64	0	0	0.29
98600	0.29	0.64	0.64	0	0	0.29
98700	0.29	0.64	0.64	0	0	0.29
98800	0.29	0.64	0.64	0	0	0.29
98900	0.29	0.64	0.64	0	0	0.29
99000	0.29	0.64	0.64	0	0	0.29
99100	0.29	0.63	0.63	0	0	0.29
99200	0.29	0.63	0.63	0	0	0.29
99300	0.29	0.63	0.63	0	0	0.29
99400	0.29	0.63	0.63	0	0	0.29
99500	0.3	0.63	0.63	0	0	0.3
99600	0.3	0.64	0.64	0	0	0.3
99700	0.3	0.63	0.63	0	0	0.3
99800	0.3	0.63	0.63	0	0	0.3
99900	0.3	0.63	0.63	0	0	0.3
100000	0.29	0.63	0.63	0	0	0.29
100100	0.29	0.63	0.63	0	0	0.29
100200	0.29	0.63	0.63	0	0	0.29
100300	0.29	0.63	0.63	0	0	0.29
100400	0.29	0.63	0.63	0	0	0.29
100500	0.29	0.63	0.63	0	0	0.29
100600	0.29	0.63	0.63	0	0	0.29
100700	0.29	0.63	0.63	0	0	0.29
100800	0.29	0.63	0.63	0	0	0.29
100900	0.29	0.63	0.63	0	0	0.29
101000	0.29	0.63	0.63	0	0	0.29
101100	0.29	0.63	0.63	0	0	0.29
101200	0.29	0.63	0.63	0	0	0.29
101300	0.29	0.63	0.63	0	0	0.29
101400	0.29	0.63	0.63	0	0	0.29
101500	0.29	0.63	0.63	0	0	0.29
101600	0.29	0.63	0.63	0	0	0.29
101700	0.29	0.63	0.63	0	0	0.29
101800	0.29	0.63	0.63	0	0	0.29
101900	0.28	0.63	0.63	0	0	0.28
102000	0.29	0.63	0.63	0	0	0.29
102100	0.28	0.63	0.63	0	0	0.28
102200	0.28	0.63	0.63	0	0	0.28
102300	0.28	0.63	0.63	0	0	0.28
102400	0.28	0.63	0.63	0	0	0.28
102500	0.28	0.63	0.63	0	0	0.28
102600	0.28	0.63	0.63	0	0	0.28
102700	0.28	0.63	0.63	0	0	0.28
102800	0.28	0.63	0.63	0	0	0.28
102900	0.28	0.63	0.63	0	0	0.28
103000	0.28	0.63	0.63	0	0	0.28
103100	0.28	0.63	0.63	0	0	0.28
103200	0.29	0.63	0.63	0	0	0.29
103300	0.29	0.63	0.63	0	0	0.29
103400	0.29	0.63	0.63	0	0	0.29
103500	0.29	0.63	0.63	0	0	0.29
103600	0.29	0.63	0.63	0	0	0.29
103700	0.29	0.63	0.63	0	0	0.29
103800	0.29	0.63	0.63	0	0	0.29
103900	0.29	0.63	0.63	0	0	0.29
104000	0.29	0.63	0.63	0	0	0.29
104100	0.29	0.63	0.63	0	0	0.29
104200	0.29	0.63	0.63	0	0	0.29
104300	0.29	0.63	0.63	0	0	0.29
104400	0.29	0.63	0.63	0	0	0.29
104500	0.29	0.63	0.63	0	0	0.29
104600	0.29	0.63	0.63	0	0	0.29
104700	0.29	0.63	0.63	0	0	0.29
104800	0.29	0.63	0.63	0	0	0.29
104900	0.29	0.63	0.63	0	0	0.29
105000	0.29	0.63	0.63	0	0	0.29
105100	0.29	0.63	0.63	0	0	0.29
105200	0.29	0.63	0.63	0	0	0.29
105300	0.28	0.63	0.63	0	0	0.28
105400	0.29	0.63	0.63	0	0	0.29
105500	0.29	0.63	0.63	0	0	0.29
105600	0.29	0.63	0.63	0	0	0.29
105700	0.29	0.63	0.63	0	0	0.29
105800	0.29	0.63	0.63	0	0	0.29
105900	0.29	0.63	0.63	0	0	0.29
106000	0.29	0.63	0.63	0	0	0.29
106100	0.29	0.63	0.63	0	0	0.29
106200	0.29	0.63	0.63	0	0	0.29
106300	0.29	0.63	0.63	0	0	0.29
106400	0.29	0.63	0.63	0	0	0.29
106500	0.29	0.63	0.63	0	0	0.29
106600	0.29	0.63	0.63	0	0	0.29
106700	0.29	0.63	0.63	0	0	0.29
106800	0.29	0.63	0.63	0	0	0.29
106900	0.29	0.63	0.63	0	0	0.29
107000	0.3	0.63	0.63	0	0	0.3
107100	0.3	0.63	0.63	0	0	0.3
107200	0.3	0.63	0.63	0	0	0.3
107300	0.3	0.63	0.63	0	0	0.3
107400	0.3	0.64	0.64	0	0	0.3
107500	0.3	0.64	0.64	0	0	0.3
107600	0.3	0.64	0.64	0	0	0.3
107700	0.3	0.64	0.64	0	0	0.3
107800	0.3	0.64	0.64	0	0	0.3
107900	0.3	0.64	0.64	0	0	0.3
108000	0.3	0.64	0.64	0	0	0.3
108100	0.3	0.64	0.64	0	0	0.3
108200	0.3	0.64	0.64	0	0	0.3
108300	0.3	0.64	0.64	0	0	0.3
108400	0.3	0.64	0.64	0	0	0.3
108500	0.3	0.64	0.64	0	0	0.3
108600	0.3	0.64	0.64	0	0	0.3
108700	0.3	0.64	0.64	0	0	0.3
108800	0.3	0.64	0.64	0	0	0.3
108900	0.3	0.64	0.64	0	0	0.3
109000	0.3	0.64	0.64	0	0	0.3
109100	0.3	0.64	0.64	0	0	0.3
109200	0.3	0.64	0.64	0	0	0.3
109300	0.3	0.64	0.64	0	0	0.3
109400	0.31	0.64	0.64	0	0	0.31
109500	0.31	0.64	0.64	0	0	0.31
109600	0.31	0.64	0.64	0	0	0.31
109700	0.3	0.64	0.64	0	0	0.3
109800	0.3	0.64	0.64	0	0	0.3
109900	0.3	0.64	0.64	0	0	0.3
110000	0.3	0.64	0.64	0	0	0.3
110100	0.3	0.64	0.64	0	0	0.3
110200	0.3	0.64	0.64	0	0	0.3
110300	0.3	0.64	0.64	0	0	0.3
110400	0.3	0.64	0.64	0	0	0.3
110500	0.3	0.64	0.64	0	0	0.3
110600	0.3	0.65	0.65	0	0	0.3
110700	0.3	0.65	0.65	0	0	0.3
110800	0.3	0.65	0.65	0	0	0.3
110900	0.3	0.65	0.65	0	0	0.3
111000	0.3	0.65	0.65	0	0	0.3
111100	0.3	0.65	0.65	0	0	0.3
111200	0.3	0.65	0.65	0	0	0.3
111300	0.3	0.65	0.65	0	0	0.3
111400	0.3	0.65	0.65	0	0	0.3
111500	0.3	0.65	0.65	0	0	0.3
111600	0.3	0.65	0.65	0	0	0.3
111700	0.3	0.65	0.65	0	0	0.3
111800	0.3	0.65	0.65	0	0	0.3
111900	0.3	0.65	0.65	0	0	0.3
112000	0.3	0.65	0.65	0	0	0.3
112100	0.3	0.65	0.65	0	0	0.3
112200	0.3	0.65	0.65	0	0	0.3
112300	0.3	0.65	0.65	0	0	0.3
112400	0.3	0.65	0.65	0	0	0.3
112500	0.3	0.65	0.65	0	0	0.3
112600	0.3	0.66	0.66	0	0	0.3
112700	0.3	0.66	0.66	0	0	0.3
112800	0.3	0.66	0.66	0	0	0.3
112900	0.29	0.66	0.66	0	0	0.29
113000	0.29	0.66	0.66	0	0	0.29
113100	0.29	0.66	0.66	0	0	0.29
113200	0.28	0.66	0.66	0	0	0.28
113300	0.28	0.66	0.66	0	0	0.28
113400	0.28	0.66	0.66	0	0	0.28
113500	0.28	0.66	0.66	0	0	0.28
113600	0.28	0.66	0.66	0	0	0.28
113700	0.28	0.66	0.66	0	0	0.28
113800	0.28	0.66	0.66	0	0	0.28
113900	0.28	0.66	0.66	0	0	0.28
114000	0.28	0.66	0.66	0	0	0.28
114100	0.28	0.66	0.66	0	0	0.28
114200	0.28	0.66	0.66	0	0	0.28
114300	0.28	0.66	0.66	0	0	0.28
114400	0.28	0.66	0.66	0	0	0.28
114500	0.28	0.66	0.66	0	0	0.28
114600	0.28	0.66	0.66	0	0	0.28
114700	0.28	0.66	0.66	0	0	0.28
114800	0.28	0.66	0.66	0	0	0.28
114900	0.28	0.66	0.66	0	0	0.28
115000	0.28	0.66	0.66	0	0	0.28
115100	0.28	0.66	0.66	0	0	0.28
115200	0.28	0.66	0.66	0	0	0.28
115300	0.28	0.66	0.66	0	0	0.28
115400	0.28	0.66	0.66	0	0	0.28
115500	0.28	0.66	0.66	0	0	0.28
115600	0.28	0.66	0.66	0	0	0.28
115700	0.28	0.66	0.66	0	0	0.28
115800	0.28	0.66	0.66	0	0	0.28
115900	0.28	0.66	0.66	0	0	0.28
116000	0.28	0.66	0.66	0	0	0.28
116100	0.28	0.66	0.66	0	0	0.28
116200	0.29	0.66	0.66	0	0	0.29
116300	0.29	0.66	0.66	0	0	0.29
116400	0.29	0.66	0.66	0	0	0.29
116500	0.29	0.66	0.66	0	0	0.29
116600	0.29	0.66	0.66	0	0	0.29
116700	0.29	0.66	0.66	0	0	0.29
116800	0.29	0.66	0.66	0	0	0.29
116900	0.29	0.66	0.66	0	0	0.29
117000	0.29	0.66	0.66	0	0	0.29
117100	0.29	0.66	0.66	0	0	0.29
117200	0.29	0.66	0.66	0	0	0.29
117300	0.29	0.66	0.66	0	0	0.29
117400	0.29	0.66	0.66	0	0	0.29
117500	0.29	0.66	0.66	0	0	0.29
117600	0.29	0.66	0.66	0	0	0.29
117700	0.28	0.66	0.66	0	0	0.28
117800	0.29	0.66	0.66	0	0	0.29
117900	0.29	0.66	0.66	0	0	0.29
118000	0.29	0.66	0.66	0	0	0.29
118100	0.29	0.66	0.66	0	0	0.29
118200	0.29	0.66	0.66	0	0	0.29
118300	0.29	0.66	0.66	0	0	0.29
118400	0.29	0.66	0.66	0	0	0.29
118500	0.29	0.66	0.66	0	0	0.29
118600	0.29	0.66	0.66	0	0	0.29
118700	0.29	0.66	0.66	0	0	0.29
118800	0.3	0.66	0.66	0	0	0.3
118900	0.29	0.66	0.66	0	0	0.29
119000	0.29	0.66	0.66	0	0	0.29
119100	0.29	0.66	0.66	0	0	0.29
119200	0.29	0.66	0.66	0	0	0.29
119300	0.29	0.66	0.66	0	0	0.29
119400	0.29	0.66	0.66	0	0	0.29
119500	0.29	0.66	0.66	0	0	0.29
119600	0.29	0.66	0.66	0	0	0.29
119700	0.29	0.66	0.66	0	0	0.29
119800	0.29	0.66	0.66	0	0	0.29
119900	0.29	0.66	0.66	0	0	0.29
120000	0.29	0.66	0.66	0	0	0.29
120100	0.29	0.66	0.66	0	0	0.29
120200	0.29	0.66	0.66	0	0	0.29
120300	0.29	0.66	0.66	0	0	0.29
120400	0.29	0.66	0.66	0	0	0.29
120500	0.29	0.66	0.66	0	0	0.29
120600	0.29	0.66	0.66	0	0	0.29
120700	0.29	0.66	0.66	0	0	0.29
120800	0.29	0.66	0.66	0	0	0.29
120900	0.29	0.66	0.66	0	0	0.29
121000	0.29	0.66	0.66	0	0	0.29
121100	0.29	0.66	0.66	0	0	0.29
121200	0.29	0.66	0.66	0	0	0.29
121300	0.29	0.66	0.66	0	0	0.29
121400	0.29	0.66	0.66	0	0	0.29
121500	0.29	0.66	0.66	0	0	0.29
121600	0.29	0.66	0.66	0	0	0.29
121700	0.29	0.66	0.66	0	0	0.29
121800	0.29	0.66	0.66	0	0	0.29
121900	0.29	0.66	0.66	0	0	0.29
122000	0.29	0.66	0.66	0	0	0.29
122100	0.29	0.66	0.66	0	0	0.29
122200	0.29	0.66	0.66	0	0	0.29
122300	0.29	0.66	0.66	0	0	0.29
122400	0.29	0.66	0.66	0	0	0.29
122500	0.29	0.66	0.66	0	0	0.29
122600	0.29	0.66	0.66	0	0	0.29
122700	0.29	0.66	0.66	0	0	0.29
122800	0.3	0.66	0.66	0	0	0.3
122900	0.3	0.66	0.66	0	0	0.3
123000	0.29	0.65	0.65	0	0	0.29
123100	0.29	0.65	0.65	0	0	0.29
123200	0.29	0.65	0.65	0	0	0.29
123300	0.29	0.65	0.65	0	0	0.29
123400	0.29	0.65	0.65	0	0	0.29
123500	0.29	0.65	0.65	0	0	0.29
123600	0.29	0.66	0.66	0	0	0.29
123700	0.29	0.66	0.66	0	0	0.29
123800	0.29	0.66	0.66	0	0	0.29
123900	0.29	0.66	0.66	0	0	0.29
124000	0.29	0.66	0.66	0	0	0.29
124100	0.29	0.66	0.66	0	0	0.29
124200	0.29	0.66	0.66	0	0	0.29
124300	0.29	0.66	0.66	0	0	0.29
124400	0.29	0.66	0.66	0	0	0.29
124500	0.3	0.66	0.66	0	0	0.3
124600	0.3	0.66	0.66	0	0	0.3
124700	0.3	0.66	0.66	0	0	0.3
124800	0.3	0.66	0.66	0	0	0.3
124900	0.31	0.66	0.66	0	0	0.31
125000	0.31	0.66	0.66	0	0	0.31
125100	0.31	0.66	0.66	0	0	0.31
125200	0.31	0.66	0.66	0	0	0.31
125300	0.31	0.66	0.66	0	0	0.31
125400	0.31	0.66	0.66	0	0	0.31
125500	0.31	0.66	0.66	0	0	0.31
125600	0.31	0.66	0.66	0	0	0.31
125700	0.31	0.66	0.66	0	0	0.31
125800	0.31	0.66	0.66	0	0	0.31
125900	0.31	0.66	0.66	0	0	0.31
126000	0.31	0.66	0.66	0	0	0.31
126100	0.31	0.66	0.66	0	0	0.31
126200	0.31	0.66	0.66	0	0	0.31
126300	0.31	0.66	0.66	0	0	0.31
126400	0.3	0.66	0.66	0	0	0.3
126500	0.3	0.66	0.66	0	0	0.3
126600	0.3	0.66	0.66	0	0	0.3
126700	0.3	0.66	0.66	0	0	0.3
126800	0.3	0.66	0.66	0	0	0.3
126900	0.3	0.66	0.66	0	0	0.3
127000	0.3	0.66	0.66	0	0	0.3
127100	0.3	0.66	0.66	0	0	0.3
127200	0.3	0.66	0.66	0	0	0.3
127300	0.3	0.66	0.66	0	0	0.3
127400	0.3	0.66	0.66	0	0	0.3
127500	0.3	0.66	0.66	0	0	0.3
127600	0.3	0.66	0.66	0	0	0.3
127700	0.3	0.66	0.66	0	0	0.3
127800	0.3	0.66	0.66	0	0	0.3
127900	0.3	0.66	0.66	0	0	0.3
128000	0.3	0.66	0.66	0	0	0.3
128100	0.3	0.66	0.66	0	0	0.3
128200	0.3	0.66	0.66	0	0	0.3
128300	0.3	0.66	0.66	0	0	0.3
128400	0.3	0.66	0.66	0	0	0.3
128500	0.3	0.66	0.66	0	0	0.3
128600	0.3	0.66	0.66	0	0	0.3
128700	0.3	0.66	0.66	0	0	0.3
128800	0.3	0.66	0.66	0	0	0.3
128900	0.3	0.66	0.66	0	0	0.3
129000	0.3	0.66	0.66	0	0	0.3
129100	0.3	0.66	0.66	0	0	0.3
129200	0.3	0.66	0.66	0	0	0.3
129300	0.3	0.66	0.66	0	0	0.3
129400	0.3	0.66	0.66	0	0	0.3
129500	0.3	0.66	0.66	0	0	0.3
129600	0.3	0.66	0.66	0	0	0.3
129700	0.3	0.66	0.66	0	0	0.3
129800	0.3	0.66	0.66	0	0	0.3
129900	0.3	0.66	0.66	0	0	0.3
130000	0.3	0.66	0.66	0	0	0.3
130100	0.3	0.66	0.66	0	0	0.3
130200	0.3	0.66	0.66	0	0	0.3
130300	0.3	0.66	0.66	0	0	0.3
130400	0.3	0.66	0.66	0	0	0.3
130500	0.3	0.66	0.66	0	0	0.3
130600	0.3	0.66	0.66	0	0	0.3
130700	0.3	0.66	0.66	0	0	0.3
130800	0.3	0.66	0.66	0	0	0.3
130900	0.3	0.66	0.66	0	0	0.3
131000	0.3	0.66	0.66	0	0	0.3
131100	0.31	0.66	0.66	0	0	0.31
131200	0.31	0.66	0.66	0	0	0.31
131300	0.31	0.66	0.66	0	0	0.31
131400	0.31	0.66	0.66	0	0	0.31
131500	0.31	0.66	0.66	0	0	0.31
131600	0.3	0.66	0.66	0	0	0.3
131700	0.3	0.66	0.66	0	0	0.3
131800	0.3	0.66	0.66	0	0	0.3
131900	0.3	0.66	0.66	0	0	0.3
132000	0.3	0.66	0.66	0	0	0.3
132100	0.3	0.66	0.66	0	0	0.3
132200	0.3	0.66	0.66	0	0	0.3
132300	0.3	0.66	0.66	0	0	0.3
132400	0.3	0.66	0.66	0	0	0.3
132500	0.3	0.66	0.66	0	0	0.3
132600	0.3	0.66	0.66	0	0	0.3
132700	0.3	0.66	0.66	0	0	0.3
132800	0.3	0.66	0.66	0	0	0.3
132900	0.3	0.66	0.66	0	0	0.3
133000	0.3	0.66	0.66	0	0	0.3
133100	0.3	0.66	0.66	0	0	0.3
133200	0.3	0.66	0.66	0	0	0.3
133300	0.3	0.66	0.66	0	0	0.3
133400	0.3	0.66	0.66	0	0	0.3
133500	0.3	0.66	0.66	0	0	0.3
133600	0.3	0.66	0.66	0	0	0.3
133700	0.3	0.66	0.66	0	0	0.3
133800	0.3	0.66	0.66	0	0	0.3
133900	0.3	0.66	0.66	0	0	0.3
134000	0.3	0.66	0.66	0	0	0.3
134100	0.3	0.66	0.66	0	0	0.3
134200	0.3	0.66	0.66	0	0	0.3
134300	0.3	0.66	0.66	0	0	0.3
134400	0.3	0.66	0.66	0	0	0.3
134500	0.3	0.66	0.66	0	0	0.3
134600	0.3	0.66	0.66	0	0	0.3
134700	0.3	0.66	0.66	0	0	0.3
134800	0.3	0.66	0.66	0	0	0.3
134900	0.3	0.66	0.66	0	0	0.3
135000	0.3	0.66	0.66	0	0	0.3
135100	0.3	0.66	0.66	0	0	0.3
135200	0.3	0.66	0.66	0	0	0.3
135300	0.3	0.66	0.66	0	0	0.3
135400	0.3	0.66	0.66	0	0	0.3
135500	0.3	0.66	0.66	0	0	0.3
135600	0.3	0.66	0.66	0	0	0.3
135700	0.3	0.66	0.66	0	0	0.3
135800	0.3	0.66	0.66	0	0	0.3
135900	0.3	0.66	0.66	0	0	0.3
136000	0.3	0.66	0.66	0	0	0.3
136100	0.3	0.66	0.66	0	0	0.3
136200	0.3	0.66	0.66	0	0	0.3
136300	0.3	0.66	0.66	0	0	0.3
136400	0.3	0.66	0.66	0	0	0.3
136500	0.3	0.66	0.66	0	0	0.3
136600	0.3	0.66	0.66	0	0	0.3
136700	0.3	0.66	0.66	0	0	0.3
136800	0.3	0.66	0.66	0	0	0.3
136900	0.3	0.66	0.66	0	0	0.3
137000	0.3	0.66	0.66	0	0	0.3
137100	0.3	0.66	0.66	0	0	0.3
137200	0.3	0.66	0.66	0	0	0.3
137300	0.3	0.66	0.66	0	0	0.3
137400	0.3	0.66	0.66	0	0	0.3
137500	0.3	0.66	0.66	0	0	0.3
137600	0.3	0.66	0.66	0	0	0.3
137700	0.3	0.66	0.66	0	0	0.3
137800	0.3	0.66	0.66	0	0	0.3
137900	0.3	0.66	0.66	0	0	0.3
138000	0.3	0.66	0.66	0	0	0.3
138100	0.3	0.66	0.66	0	0	0.3
138200	0.3	0.66	0.66	0	0	0.3
138300	0.3	0.66	0.66	0	0	0.3
138400	0.3	0.66	0.66	0	0	0.3
138500	0.3	0.66	0.66	0	0	0.3
138600	0.3	0.66	0.66	0	0	0.3
138700	0.3	0.66	0.66	0	0	0.3
138800	0.3	0.66	0.66	0	0	0.3
138900	0.3	0.66	0.66	0	0	0.3
139000	0.3	0.66	0.66	0	0	0.3
139100	0.3	0.66	0.66	0	0	0.3
139200	0.3	0.66	0.66	0	0	0.3
139300	0.31	0.66	0.66	0	0	0.31
139400	0.31	0.66	0.66	0	0	0.31
139500	0.31	0.66	0.66	0	0	0.31
139600	0.31	0.66	0.66	0	0	0.31
139700	0.31	0.66	0.66	0	0	0.31
139800	0.31	0.66	0.66	0	0	0.31
139900	0.31	0.66	0.66	0	0	0.31
140000	0.31	0.66	0.66	0	0	0.31
140100	0.31	0.66	0.66	0	0	0.31
140200	0.31	0.66	0.66	0	0	0.31
140300	0.31	0.66	0.66	0	0	0.31
140400	0.31	0.66	0.66	0	0	0.31
140500	0.31	0.66	0.66	0	0	0.31
140600	0.31	0.66	0.66	0	0	0.31
140700	0.31	0.66	0.66	0	0	0.31
140800	0.31	0.66	0.66	0	0	0.31
140900	0.31	0.66	0.66	0	0	0.31
141000	0.31	0.66	0.66	0	0	0.31
141100	0.31	0.66	0.66	0	0	0.31
141200	0.31	0.66	0.66	0	0	0.31
141300	0.31	0.66	0.66	0	0	0.31
141400	0.31	0.66	0.66	0	0	0.31
141500	0.31	0.66	0.66	0	0	0.31
141600	0.31	0.66	0.66	0	0	0.31
141700	0.31	0.66	0.66	0	0	0.31
141800	0.31	0.66	0.66	0	0	0.31
141900	0.3	0.66	0.66	0	0	0.3
142000	0.31	0.66	0.66	0	0	0.31
142100	0.31	0.66	0.66	0	0	0.31
142200	0.31	0.66	0.66	0	0	0.31
142300	0.31	0.66	0.66	0	0	0.31
142400	0.31	0.66	0.66	0	0	0.31
142500	0.31	0.66	0.66	0	0	0.31
142600	0.31	0.66	0.66	0	0	0.31
142700	0.31	0.66	0.66	0	0	0.31
142800	0.31	0.66	0.66	0	0	0.31
142900	0.31	0.66	0.66	0	0	0.31
143000	0.31	0.66	0.66	0	0	0.31
143100	0.31	0.66	0.66	0	0	0.31
143200	0.31	0.66	0.66	0	0	0.31
143300	0.31	0.66	0.66	0	0	0.31
143400	0.31	0.66	0.66	0	0	0.31
143500	0.31	0.66	0.66	0	0	0.31
143600	0.31	0.66	0.66	0	0	0.31
143700	0.31	0.66	0.66	0	0	0.31
143800	0.31	0.66	0.66	0	0	0.31
143900	0.31	0.66	0.66	0	0	0.31
144000	0.31	0.66	0.66	0	0	0.31
144100	0.31	0.66	0.66	0	0	0.31
144200	0.31	0.66	0.66	0	0	0.31
144300	0.31	0.66	0.66	0	0	0.31
144400	0.31	0.66	0.66	0	0	0.31
144500	0.31	0.66	0.66	0	0	0.31
144600	0.31	0.66	0.66	0	0	0.31
144700	0.31	0.66	0.66	0	0	0.31
144800	0.31	0.66	0.66	0	0	0.31
144900	0.31	0.66	0.66	0	0	0.31
145000	0.31	0.66	0.66	0	0	0.31
145100	0.31	0.66	0.66	0	0	0.31
145200	0.31	0.66	0.66	0	0	0.31
145300	0.31	0.66	0.66	0	0	0.31
145400	0.31	0.66	0.66	0	0	0.31
145500	0.31	0.66	0.66	0	0	0.31
145600	0.31	0.66	0.66	0	0	0.31
145700	0.31	0.66	0.66	0	0	0.31
145800	0.31	0.66	0.66	0	0	0.31
145900	0.31	0.66	0.66	0	0	0.31
146000	0.31	0.66	0.66	0	0	0.31
146100	0.31	0.66	0.66	0	0	0.31
146200	0.31	0.66	0.66	0	0	0.31
146300	0.31	0.66	0.66	0	0	0.31
146400	0.31	0.66	0.66	0	0	0.31
146500	0.31	0.66	0.66	0	0	0.31
146600	0.31	0.66	0.66	0	0	0.31
146700	0.31	0.66	0.66	0	0	0.31
146800	0.31	0.66	0.66	0	0	0.31
146900	0.31	0.66	0.66	0	0	0.31
147000	0.31	0.66	0.66	0	0	0.31
147100	0.31	0.66	0.66	0	0	0.31
147200	0.31	0.66	0.66	0	0	0.31
147300	0.31	0.66	0.66	0	0	0.31
147400	0.31	0.66	0.66	0	0	0.31
147500	0.31	0.66	0.66	0	0	0.31
147600	0.31	0.66	0.66	0	0	0.31
147700	0.31	0.66	0.66	0	0	0.31
147800	0.31	0.66	0.66	0	0	0.31
147900	0.31	0.66	0.66	0	0	0.31
148000	0.31	0.66	0.66	0	0	0.31
148100	0.31	0.66	0.66	0	0	0.31
148200	0.31	0.66	0.66	0	0	0.31
148300	0.31	0.66	0.66	0	0	0.31
148400	0.31	0.66	0.66	0	0	0.31
148500	0.31	0.66	0.66	0	0	0.31
148600	0.31	0.66	0.66	0	0	0.31
148700	0.31	0.66	0.66	0	0	0.31
148800	0.31	0.66	0.66	0	0	0.31
148900	0.31	0.66	0.66	0	0	0.31
149000	0.31	0.66	0.66	0	0	0.31
149100	0.31	0.66	0.66	0	0	0.31
149200	0.31	0.66	0.66	0	0	0.31
149300	0.31	0.66	0.66	0	0	0.31
149400	0.31	0.66	0.66	0	0	0.31
149500	0.31	0.66	0.66	0	0	0.31
149600	0.31	0.66	0.66	0	0	0.31
149700	0.31	0.66	0.66	0	0	0.31
149800	0.31	0.66	0.66	0	0	0.31
149900	0.31	0.66	0.66	0	0	0.31
150000	0.31	0.66	0.66	0	0	0.31
150100	0.31	0.66	0.66	0	0	0.31
150200	0.31	0.66	0.66	0	0	0.31
150300	0.31	0.66	0.66	0	0	0.31
150400	0.31	0.66	0.66	0	0	0.31
150500	0.31	0.66	0.66	0	0	0.31
150600	0.31	0.66	0.66	0	0	0.31
150700	0.31	0.66	0.66	0	0	0.31
150800	0.31	0.66	0.66	0	0	0.31
150900	0.31	0.66	0.66	0	0	0.31
151000	0.31	0.66	0.66	0	0	0.31
151100	0.31	0.66	0.66	0	0	0.31
151200	0.31	0.66	0.66	0	0	0.31
151300	0.31	0.66	0.66	0	0	0.31
151400	0.31	0.66	0.66	0	0	0.31
151500	0.31	0.66	0.66	0	0	0.31
151600	0.31	0.66	0.66	0	0	0.31
151700	0.31	0.66	0.66	0	0	0.31
151800	0.31	0.66	0.66	0	0	0.31
151900	0.32	0.66	0.66	0	0	0.32
152000	0.32	0.66	0.66	0	0	0.32
152100	0.32	0.66	0.66	0	0	0.32
152200	0.32	0.66	0.66	0	0	0.32
152300	0.32	0.66	0.66	0	0	0.32
152400	0.32	0.66	0.66	0	0	0.32
152500	0.32	0.66	0.66	0	0	0.32
152600	0.32	0.66	0.66	0	0	0.32
152700	0.32	0.66	0.66	0	0	0.32
152800	0.32	0.66	0.66	0	0	0.32
152900	0.32	0.66	0.66	0	0	0.32
153000	0.32	0.66	0.66	0	0	0.32
153100	0.32	0.66	0.66	0	0	0.32
153200	0.32	0.66	0.66	0	0	0.32
153300	0.32	0.66	0.66	0	0	0.32
153400	0.32	0.66	0.66	0	0	0.32
153500	0.32	0.66	0.66	0	0	0.32
153600	0.32	0.66	0.66	0	0	0.32
153700	0.32	0.66	0.66	0	0	0.32
153800	0.32	0.66	0.66	0	0	0.32
153900	0.32	0.66	0.66	0	0	0.32
154000	0.32	0.66	0.66	0	0	0.32
154100	0.32	0.66	0.66	0	0	0.32
154200	0.31	0.66	0.66	0	0	0.31
154300	0.31	0.66	0.66	0	0	0.31
154400	0.31	0.66	0.66	0	0	0.31
154500	0.31	0.66	0.66	0	0	0.31
154600	0.31	0.66	0.66	0	0	0.31
154700	0.31	0.66	0.66	0	0	0.31
154800	0.31	0.65	0.65	0	0	0.31
154900	0.31	0.65	0.65	0	0	0.31
155000	0.31	0.65	0.65	0	0	0.31
155100	0.31	0.65	0.65	0	0	0.31
155200	0.31	0.65	0.65	0	0	0.31
155300	0.31	0.65	0.65	0	0	0.31
155400	0.31	0.65	0.65	0	0	0.31
155500	0.31	0.65	0.65	0	0	0.31
155600	0.31	0.65	0.65	0	0	0.31
155700	0.31	0.65	0.65	0	0	0.31
155800	0.31	0.65	0.65	0	0	0.31
155900	0.31	0.65	0.65	0	0	0.31
156000	0.31	0.65	0.65	0	0	0.31
156100	0.31	0.65	0.65	0	0	0.31
156200	0.31	0.65	0.65	0	0	0.31
156300	0.31	0.65	0.65	0	0	0.31
156400	0.31	0.65	0.65	0	0	0.31
156500	0.31	0.65	0.65	0	0	0.31
156600	0.31	0.65	0.65	0	0	0.31
156700	0.31	0.65	0.65	0	0	0.31
156800	0.31	0.65	0.65	0	0	0.31
156900	0.31	0.65	0.65	0	0	0.31
157000	0.31	0.65	0.65	0	0	0.31
157100	0.31	0.65	0.65	0	0	0.31
157200	0.31	0.65	0.65	0	0	0.31
157300	0.31	0.65	0.65	0	0	0.31
157400	0.31	0.65	0.65	0	0	0.31
157500	0.31	0.65	0.65	0	0	0.31
157600	0.31	0.65	0.65	0	0	0.31
157700	0.31	0.65	0.65	0	0	0.31
157800	0.31	0.65	0.65	0	0	0.31
157900	0.31	0.65	0.65	0	0	0.31
158000	0.31	0.65	0.65	0	0	0.31
158100	0.32	0.65	0.65	0	0	0.32
158200	0.32	0.65	0.65	0	0	0.32
158300	0.32	0.65	0.65	0	0	0.32
158400	0.32	0.65	0.65	0	0	0.32
158500	0.32	0.65	0.65	0	0	0.32
158600	0.32	0.65	0.65	0	0	0.32
158700	0.32	0.65	0.65	0	0	0.32
158800	0.32	0.65	0.65	0	0	0.32
158900	0.32	0.65	0.65	0	0	0.32
159000	0.32	0.65	0.65	0	0	0.32
159100	0.32	0.65	0.65	0	0	0.32
159200	0.32	0.65	0.65	0	0	0.32
159300	0.32	0.65	0.65	0	0	0.32
159400	0.32	0.65	0.65	0	0	0.32
159500	0.32	0.65	0.65	0	0	0.32
159600	0.32	0.65	0.65	0	0	0.32
159700	0.32	0.65	0.65	0	0	0.32
159800	0.32	0.65	0.65	0	0	0.32
159900	0.32	0.65	0.65	0	0	0.32
160000	0.32	0.65	0.65	0	0	0.32
160100	0.32	0.65	0.65	0	0	0.32
160200	0.32	0.65	0.65	0	0	0.32
160300	0.32	0.65	0.65	0	0	0.32
160400	0.32	0.65	0.65	0	0	0.32
160500	0.32	0.65	0.65	0	0	0.32
160600	0.32	0.65	0.65	0	0	0.32
160700	0.32	0.65	0.65	0	0	0.32
160800	0.32	0.65	0.65	0	0	0.32
160900	0.32	0.65	0.65	0	0	0.32
161000	0.32	0.65	0.65	0	0	0.32
161100	0.32	0.65	0.65	0	0	0.32
161200	0.32	0.65	0.65	0	0	0.32
161300	0.32	0.65	0.65	0	0	0.32
161400	0.32	0.65	0.65	0	0	0.32
161500	0.32	0.65	0.65	0	0	0.32
161600	0.32	0.65	0.65	0	0	0.32
161700	0.32	0.65	0.65	0	0	0.32
161800	0.32	0.65	0.65	0	0	0.32
161900	0.32	0.65	0.65	0	0	0.32
162000	0.32	0.65	0.65	0	0	0.32
162100	0.32	0.65	0.65	0	0	0.32
162200	0.32	0.65	0.65	0	0	0.32
162300	0.32	0.65	0.65	0	0	0.32
162400	0.32	0.65	0.65	0	0	0.32
162500	0.32	0.65	0.65	0	0	0.32
162600	0.32	0.65	0.65	0	0	0.32
162700	0.32	0.65	0.65	0	0	0.32
162800	0.32	0.65	0.65	0	0	0.32
162900	0.32	0.65	0.65	0	0	0.32
163000	0.32	0.65	0.65	0	0	0.32
163100	0.32	0.65	0.65	0	0	0.32
163200	0.32	0.65	0.65	0	0	0.32
163300	0.32	0.65	0.65	0	0	0.32
163400	0.32	0.65	0.65	0	0	0.32
163500	0.32	0.65	0.65	0	0	0.32
163600	0.32	0.65	0.65	0	0	0.32
163700	0.32	0.65	0.65	0	0	0.32
163800	0.32	0.65	0.65	0	0	0.32
163900	0.32	0.65	0.65	0	0	0.32
164000	0.32	0.65	0.65	0	0	0.32
164100	0.32	0.65	0.65	0	0	0.32
164200	0.32	0.65	0.65	0	0	0.32
164300	0.32	0.65	0.65	0	0	0.32
164400	0.32	0.65	0.65	0	0	0.32
164500	0.32	0.65	0.65	0	0	0.32
164600	0.32	0.65	0.65	0	0	0.32
164700	0.32	0.65	0.65	0	0	0.32
164800	0.32	0.65	0.65	0	0	0.32
164900	0.32	0.65	0.65	0	0	0.32
165000	0.32	0.65	0.65	0	0	0.32
165100	0.32	0.65	0.65	0	0	0.32
165200	0.32	0.65	0.65	0	0	0.32
165300	0.32	0.65	0.65	0	0	0.32
165400	0.32	0.65	0.65	0	0	0.32
165500	0.32	0.65	0.65	0	0	0.32
165600	0.32	0.65	0.65	0	0	0.32
165700	0.32	0.65	0.65	0	0	0.32
165800	0.32	0.65	0.65	0	0	0.32
165900	0.32	0.65	0.65	0	0	0.32
166000	0.32	0.65	0.65	0	0	0.32
166100	0.32	0.65	0.65	0	0	0.32
166200	0.32	0.65	0.65	0	0	0.32
166300	0.32	0.65	0.65	0	0	0.32
166400	0.32	0.65	0.65	0	0	0.32
166500	0.32	0.65	0.65	0	0	0.32
166600	0.32	0.65	0.65	0	0	0.32
166700	0.32	0.65	0.65	0	0	0.32
166800	0.32	0.65	0.65	0	0	0.32
166900	0.32	0.65	0.65	0	0	0.32
167000	0.32	0.65	0.65	0	0	0.32
167100	0.32	0.65	0.65	0	0	0.32
167200	0.31	0.65	0.65	0	0	0.31
167300	0.31	0.65	0.65	0	0	0.31
167400	0.31	0.65	0.65	0	0	0.31
167500	0.31	0.65	0.65	0	0	0.31
167600	0.31	0.65	0.65	0	0	0.31
167700	0.31	0.65	0.65	0	0	0.31
167800	0.31	0.65	0.65	0	0	0.31
167900	0.31	0.65	0.65	0	0	0.31
168000	0.31	0.65	0.65	0	0	0.31
168100	0.31	0.65	0.65	0	0	0.31
168200	0.31	0.65	0.65	0	0	0.31
168300	0.31	0.65	0.65	0	0	0.31
168400	0.31	0.65	0.65	0	0	0.31
168500	0.31	0.65	0.65	0	0	0.31
168600	0.31	0.65	0.65	0	0	0.31
168700	0.31	0.65	0.65	0	0	0.31
168800	0.31	0.65	0.65	0	0	0.31
168900	0.31	0.65	0.65	0	0	0.31
169000	0.31	0.65	0.65	0	0	0.31
169100	0.31	0.65	0.65	0	0	0.31
169200	0.31	0.65	0.65	0	0	0.31
169300	0.31	0.65	0.65	0	0	0.31
169400	0.31	0.65	0.65	0	0	0.31
169500	0.31	0.65	0.65	0	0	0.31
169600	0.31	0.65	0.65	0	0	0.31
169700	0.31	0.65	0.65	0	0	0.31
169800	0.31	0.65	0.65	0	0	0.31
169900	0.31	0.65	0.65	0	0	0.31
170000	0.31	0.65	0.65	0	0	0.31
170100	0.31	0.65	0.65	0	0	0.31
170200	0.31	0.65	0.65	0	0	0.31
170300	0.31	0.65	0.65	0	0	0.31
170400	0.31	0.65	0.65	0	0	0.31
170500	0.31	0.65	0.65	0	0	0.31
170600	0.31	0.65	0.65	0	0	0.31
170700	0.31	0.65	0.65	0	0	0.31
170800	0.31	0.65	0.65	0	0	0.31
170900	0.31	0.65	0.65	0	0	0.31
171000	0.31	0.65	0.65	0	0	0.31
171100	0.31	0.65	0.65	0	0	0.31
171200	0.31	0.65	0.65	0	0	0.31
171300	0.31	0.65	0.65	0	0	0.31
171400	0.31	0.65	0.65	0	0	0.31
171500	0.31	0.65	0.65	0	0	0.31
171600	0.31	0.65	0.65	0	0	0.31
171700	0.31	0.65	0.65	0	0	0.31
171800	0.31	0.65	0.65	0	0	0.31
171900	0.31	0.65	0.65	0	0	0.31
172000	0.31	0.65	0.65	0	0	0.31
172100	0.31	0.65	0.65	0	0	0.31
172200	0.31	0.65	0.65	0	0	0.31
172300	0.31	0.65	0.65	0	0	0.31
172400	0.31	0.65	0.65	0	0	0.31
172500	0.31	0.65	0.65	0	0	0.31
172600	0.31	0.65	0.65	0	0	0.31
172700	0.31	0.65	0.65	0	0	0.31
172800	0.31	0.65	0.65	0	0	0.31
172900	0.31	0.65	0.65	0	0	0.31
173000	0.31	0.65	0.65	0	0	0.31
173100	0.31	0.65	0.65	0	0	0.31
173200	0.31	0.65	0.65	0	0	0.31
173300	0.31	0.65	0.65	0	0	0.31
173400	0.31	0.65	0.65	0	0	0.31
173500	0.31	0.65	0.65	0	0	0.31
173600	0.31	0.65	0.65	0	0	0.31
173700	0.31	0.65	0.65	0	0	0.31
173800	0.31	0.65	0.65	0	0	0.31
173900	0.31	0.65	0.65	0	0	0.31
174000	0.31	0.65	0.65	0	0	0.31
174100	0.31	0.65	0.65	0	0	0.31
174200	0.31	0.65	0.65	0	0	0.31
174300	0.31	0.65	0.65	0	0	0.31
174400	0.31	0.65	0.65	0	0	0.31
174500	0.31	0.65	0.65	0	0	0.31
174600	0.31	0.65	0.65	0	0	0.31
174700	0.31	0.65	0.65	0	0	0.31
174800	0.31	0.65	0.65	0	0	0.31
174900	0.31	0.65	0.65	0	0	0.31
175000	0.31	0.65	0.65	0	0	0.31
175100	0.31	0.65	0.65	0	0	0.31
175200	0.31	0.65	0.65	0	0	0.31
175300	0.31	0.65	0.65	0	0	0.31
175400	0.31	0.65	0.65	0	0	0.31
175500	0.31	0.65	0.65	0	0	0.31
175600	0.31	0.65	0.65	0	0	0.31
175700	0.31	0.65	0.65	0	0	0.31
175800	0.31	0.65	0.65	0	0	0.31
175900	0.31	0.65	0.65	0	0	0.31
176000	0.31	0.65	0.65	0	0	0.31
176100	0.31	0.65	0.65	0	0	0.31
176200	0.31	0.65	0.65	0	0	0.31
176300	0.31	0.65	0.65	0	0	0.31
176400	0.31	0.65	0.65	0	0	0.31
176500	0.31	0.65	0.65	0	0	0.31
176600	0.31	0.65	0.65	0	0	0.31
176700	0.31	0.65	0.65	0	0	0.31
176800	0.31	0.65	0.65	0	0	0.31
176900	0.31	0.65	0.65	0	0	0.31
177000	0.31	0.65	0.65	0	0	0.31
177100	0.31	0.65	0.65	0	0	0.31
177200	0.31	0.65	0.65	0	0	0.31
177300	0.31	0.65	0.65	0	0	0.31
177400	0.31	0.65	0.65	0	0	0.31
177500	0.31	0.65	0.65	0	0	0.31
177600	0.31	0.65	0.65	0	0	0.31
177700	0.31	0.65	0.65	0	0	0.31
177800	0.31	0.65	0.65	0	0	0.31
177900	0.31	0.65	0.65	0	0	0.31
178000	0.31	0.65	0.65	0	0	0.31
178100	0.31	0.65	0.65	0	0	0.31
178200	0.31	0.65	0.65	0	0	0.31
178300	0.31	0.65	0.65	0	0	0.31
178400	0.31	0.65	0.65	0	0	0.31
178500	0.31	0.65	0.65	0	0	0.31
178600	0.31	0.65	0.65	0	0	0.31
178700	0.31	0.65	0.65	0	0	0.31
178800	0.31	0.66	0.66	0	0	0.31
178900	0.31	0.66	0.66	0	0	0.31
179000	0.31	0.66	0.66	0	0	0.31
179100	0.31	0.66	0.66	0	0	0.31
179200	0.31	0.66	0.66	0	0	0.31
179300	0.31	0.66	0.66	0	0	0.31
179400	0.31	0.66	0.66	0	0	0.31
179500	0.31	0.66	0.66	0	0	0.31
179600	0.31	0.66	0.66	0	0	0.31
179700	0.31	0.66	0.66	0	0	0.31
179800	0.32	0.66	0.66	0	0	0.32
179900	0.31	0.66	0.66	0	0	0.31
180000	0.31	0.66	0.66	0	0	0.31
180100	0.3	0.66	0.66	0	0	0.3
180200	0.3	0.66	0.66	0	0	0.3
180300	0.3	0.66	0.66	0	0	0.3
180400	0.3	0.66	0.66	0	0	0.3
180500	0.3	0.66	0.66	0	0	0.3
180600	0.3	0.66	0.66	0	0	0.3
180700	0.3	0.66	0.66	0	0	0.3
180800	0.3	0.66	0.66	0	0	0.3
180900	0.3	0.66	0.66	0	0	0.3
181000	0.3	0.66	0.66	0	0	0.3
181100	0.3	0.66	0.66	0	0	0.3
181200	0.3	0.66	0.66	0	0	0.3
181300	0.3	0.66	0.66	0	0	0.3
181400	0.3	0.66	0.66	0	0	0.3
181500	0.3	0.66	0.66	0	0	0.3
181600	0.3	0.66	0.66	0	0	0.3
181700	0.3	0.66	0.66	0	0	0.3
181800	0.3	0.66	0.66	0	0	0.3
181900	0.3	0.66	0.66	0	0	0.3
182000	0.3	0.66	0.66	0	0	0.3
182100	0.3	0.66	0.66	0	0	0.3
182200	0.3	0.66	0.66	0	0	0.3
182300	0.3	0.66	0.66	0	0	0.3
182400	0.3	0.66	0.66	0	0	0.3
182500	0.3	0.66	0.66	0	0	0.3
182600	0.3	0.66	0.66	0	0	0.3
182700	0.3	0.66	0.66	0	0	0.3
182800	0.3	0.66	0.66	0	0	0.3
182900	0.3	0.66	0.66	0	0	0.3
183000	0.31	0.66	0.66	0	0	0.31
183100	0.3	0.66	0.66	0	0	0.3
183200	0.3	0.66	0.66	0	0	0.3
183300	0.3	0.66	0.66	0	0	0.3
183400	0.3	0.66	0.66	0	0	0.3
183500	0.3	0.66	0.66	0	0	0.3
183600	0.3	0.66	0.66	0	0	0.3
183700	0.3	0.66	0.66	0	0	0.3
183800	0.3	0.66	0.66	0	0	0.3
183900	0.3	0.66	0.66	0	0	0.3
184000	0.3	0.66	0.66	0	0	0.3
184100	0.3	0.66	0.66	0	0	0.3
184200	0.3	0.66	0.66	0	0	0.3
184300	0.3	0.66	0.66	0	0	0.3
184400	0.3	0.66	0.66	0	0	0.3
184500	0.3	0.66	0.66	0	0	0.3
184600	0.3	0.66	0.66	0	0	0.3
184700	0.3	0.66	0.66	0	0	0.3
184800	0.3	0.66	0.66	0	0	0.3
184900	0.3	0.66	0.66	0	0	0.3
185000	0.3	0.66	0.66	0	0	0.3
185100	0.3	0.66	0.66	0	0	0.3
185200	0.3	0.66	0.66	0	0	0.3
185300	0.3	0.66	0.66	0	0	0.3
185400	0.3	0.66	0.66	0	0	0.3
185500	0.3	0.66	0.66	0	0	0.3
185600	0.3	0.66	0.66	0	0	0.3
185700	0.3	0.66	0.66	0	0	0.3
185800	0.3	0.66	0.66	0	0	0.3
185900	0.3	0.66	0.66	0	0	0.3
186000	0.3	0.66	0.66	0	0	0.3
186100	0.3	0.66	0.66	0	0	0.3
186200	0.3	0.66	0.66	0	0	0.3
186300	0.3	0.66	0.66	0	0	0.3
186400	0.3	0.66	0.66	0	0	0.3
186500	0.3	0.66	0.66	0	0	0.3
186600	0.3	0.65	0.65	0	0	0.3
186700	0.3	0.65	0.65	0	0	0.3
186800	0.3	0.65	0.65	0	0	0.3
186900	0.3	0.65	0.65	0	0	0.3
187000	0.3	0.65	0.65	0	0	0.3
187100	0.3	0.65	0.65	0	0	0.3
187200	0.3	0.65	0.65	0	0	0.3
187300	0.3	0.65	0.65	0	0	0.3
187400	0.3	0.65	0.65	0	0	0.3
187500	0.3	0.65	0.65	0	0	0.3
187600	0.3	0.65	0.65	0	0	0.3
187700	0.3	0.65	0.65	0	0	0.3
187800	0.3	0.65	0.65	0	0	0.3
187900	0.3	0.65	0.65	0	0	0.3
188000	0.3	0.65	0.65	0	0	0.3
188100	0.3	0.65	0.65	0	0	0.3
188200	0.3	0.65	0.65	0	0	0.3
188300	0.3	0.65	0.65	0	0	0.3
188400	0.3	0.65	0.65	0	0	0.3
188500	0.3	0.65	0.65	0	0	0.3
188600	0.3	0.65	0.65	0	0	0.3
188700	0.3	0.65	0.65	0	0	0.3
188800	0.3	0.65	0.65	0	0	0.3
188900	0.3	0.65	0.65	0	0	0.3
189000	0.3	0.65	0.65	0	0	0.3
189100	0.3	0.65	0.65	0	0	0.3
189200	0.3	0.65	0.65	0	0	0.3
189300	0.3	0.65	0.65	0	0	0.3
189400	0.31	0.65	0.65	0	0	0.31
189500	0.32	0.65	0.65	0	0	0.32
189600	0.31	0.65	0.65	0	0	0.31
189700	0.31	0.65	0.65	0	0	0.31
189800	0.31	0.65	0.65	0	0	0.31
189900	0.31	0.65	0.65	0	0	0.31
190000	0.31	0.65	0.65	0	0	0.31
190100	0.31	0.65	0.65	0	0	0.31
190200	0.31	0.65	0.65	0	0	0.31
190300	0.31	0.65	0.65	0	0	0.31
190400	0.31	0.65	0.65	0	0	0.31
190500	0.31	0.65	0.65	0	0	0.31
190600	0.31	0.65	0.65	0	0	0.31
190700	0.31	0.65	0.65	0	0	0.31
190800	0.31	0.65	0.65	0	0	0.31
190900	0.31	0.65	0.65	0	0	0.31
191000	0.31	0.65	0.65	0	0	0.31
191100	0.31	0.65	0.65	0	0	0.31
191200	0.31	0.65	0.65	0	0	0.31
191300	0.31	0.65	0.65	0	0	0.31
191400	0.31	0.65	0.65	0	0	0.31
191500	0.31	0.65	0.65	0	0	0.31
191600	0.31	0.65	0.65	0	0	0.31
191700	0.31	0.65	0.65	0	0	0.31
191800	0.31	0.65	0.65	0	0	0.31
191900	0.31	0.65	0.65	0	0	0.31
192000	0.31	0.65	0.65	0	0	0.31
192100	0.31	0.65	0.65	0	0	0.31
192200	0.31	0.65	0.65	0	0	0.31
192300	0.31	0.65	0.65	0	0	0.31
192400	0.31	0.65	0.65	0	0	0.31
192500	0.31	0.65	0.65	0	0	0.31
192600	0.31	0.65	0.65	0	0	0.31
192700	0.31	0.65	0.65	0	0	0.31
192800	0.31	0.65	0.65	0	0	0.31
192900	0.31	0.65	0.65	0	0	0.31
193000	0.31	0.65	0.65	0	0	0.31
193100	0.31	0.65	0.65	0	0	0.31
193200	0.31	0.65	0.65	0	0	0.31
193300	0.31	0.65	0.65	0	0	0.31
193400	0.31	0.65	0.65	0	0	0.31
193500	0.31	0.65	0.65	0	0	0.31
193600	0.31	0.65	0.65	0	0	0.31
193700	0.31	0.65	0.65	0	0	0.31
193800	0.31	0.65	0.65	0	0	0.31
193900	0.31	0.65	0.65	0	0	0.31
194000	0.31	0.65	0.65	0	0	0.31
194100	0.31	0.65	0.65	0	0	0.31
194200	0.31	0.65	0.65	0	0	0.31
194300	0.31	0.65	0.65	0	0	0.31
194400	0.31	0.65	0.65	0	0	0.31
194500	0.31	0.65	0.65	0	0	0.31
194600	0.31	0.65	0.65	0	0	0.31
194700	0.31	0.65	0.65	0	0	0.31
194800	0.31	0.65	0.65	0	0	0.31
194900	0.31	0.65	0.65	0	0	0.31
195000	0.31	0.65	0.65	0	0	0.31
195100	0.31	0.65	0.65	0	0	0.31
195200	0.31	0.65	0.65	0	0	0.31
195300	0.31	0.64	0.64	0	0	0.31
195400	0.31	0.64	0.64	0	0	0.31
195500	0.31	0.64	0.64	0	0	0.31
195600	0.31	0.64	0.64	0	0	0.31
195700	0.31	0.64	0.64	0	0	0.31
195800	0.31	0.64	0.64	0	0	0.31
195900	0.31	0.64	0.64	0	0	0.31
196000	0.31	0.64	0.64	0	0	0.31
196100	0.31	0.64	0.64	0	0	0.31
196200	0.31	0.64	0.64	0	0	0.31
196300	0.31	0.64	0.64	0	0	0.31
196400	0.31	0.64	0.64	0	0	0.31
196500	0.31	0.64	0.64	0	0	0.31
196600	0.31	0.64	0.64	0	0	0.31
196700	0.31	0.64	0.64	0	0	0.31
196800	0.31	0.64	0.64	0	0	0.31
196900	0.31	0.64	0.64	0	0	0.31
197000	0.31	0.64	0.64	0	0	0.31
197100	0.31	0.64	0.64	0	0	0.31
197200	0.31	0.64	0.64	0	0	0.31
197300	0.31	0.64	0.64	0	0	0.31
197400	0.31	0.64	0.64	0	0	0.31
197500	0.31	0.65	0.65	0	0	0.31
197600	0.31	0.65	0.65	0	0	0.31
197700	0.31	0.65	0.65	0	0	0.31
197800	0.31	0.65	0.65	0	0	0.31
197900	0.31	0.65	0.65	0	0	0.31
198000	0.31	0.65	0.65	0	0	0.31
198100	0.31	0.65	0.65	0	0	0.31
198200	0.31	0.65	0.65	0	0	0.31
198300	0.31	0.65	0.65	0	0	0.31
198400	0.31	0.65	0.65	0	0	0.31
198500	0.31	0.65	0.65	0	0	0.31
198600	0.31	0.65	0.65	0	0	0.31
198700	0.31	0.65	0.65	0	0	0.31
198800	0.31	0.65	0.65	0	0	0.31
198900	0.31	0.65	0.65	0	0	0.31
199000	0.31	0.65	0.65	0	0	0.31
199100	0.31	0.65	0.65	0	0	0.31
199200	0.31	0.65	0.65	0	0	0.31
199300	0.31	0.65	0.65	0	0	0.31
199400	0.31	0.65	0.65	0	0	0.31
199500	0.31	0.65	0.65	0	0	0.31
199600	0.31	0.65	0.65	0	0	0.31
199700	0.31	0.65	0.65	0	0	0.31
199800	0.31	0.65	0.65	0	0	0.31
199900	0.32	0.65	0.65	0	0	0.32
200000	0.31	0.65	0.65	0	0	0.31
200100	0.31	0.65	0.65	0	0	0.31
200200	0.31	0.65	0.65	0	0	0.31
200300	0.31	0.65	0.65	0	0	0.31
200400	0.31	0.65	0.65	0	0	0.31
200500	0.31	0.65	0.65	0	0	0.31
200600	0.31	0.65	0.65	0	0	0.31
200700	0.31	0.65	0.65	0	0	0.31
200800	0.31	0.65	0.65	0	0	0.31
200900	0.31	0.65	0.65	0	0	0.31
201000	0.31	0.65	0.65	0	0	0.31
201100	0.31	0.65	0.65	0	0	0.31
201200	0.31	0.65	0.65	0	0	0.31
201300	0.31	0.65	0.65	0	0	0.31
201400	0.31	0.65	0.65	0	0	0.31
201500	0.31	0.65	0.65	0	0	0.31
201600	0.31	0.65	0.65	0	0	0.31
201700	0.31	0.65	0.65	0	0	0.31
201800	0.31	0.65	0.65	0	0	0.31
201900	0.31	0.65	0.65	0	0	0.31
202000	0.31	0.65	0.65	0	0	0.31
202100	0.31	0.65	0.65	0	0	0.31
202200	0.31	0.65	0.65	0	0	0.31
202300	0.31	0.65	0.65	0	0	0.31
202400	0.31	0.65	0.65	0	0	0.31
202500	0.31	0.65	0.65	0	0	0.31
202600	0.31	0.65	0.65	0	0	0.31
202700	0.31	0.65	0.65	0	0	0.31
202800	0.31	0.65	0.65	0	0	0.31
202900	0.31	0.65	0.65	0	0	0.31
203000	0.31	0.65	0.65	0	0	0.31
203100	0.31	0.65	0.65	0	0	0.31
203200	0.31	0.65	0.65	0	0	0.31
203300	0.31	0.65	0.65	0	0	0.31
203400	0.31	0.65	0.65	0	0	0.31
203500	0.31	0.65	0.65	0	0	0.31
203600	0.31	0.65	0.65	0	0	0.31
203700	0.31	0.65	0.65	0	0	0.31
203800	0.31	0.65	0.65	0	0	0.31
203900	0.31	0.65	0.65	0	0	0.31
204000	0.31	0.65	0.65	0	0	0.31
204100	0.31	0.65	0.65	0	0	0.31
204200	0.31	0.65	0.65	0	0	0.31
204300	0.31	0.65	0.65	0	0	0.31
204400	0.31	0.65	0.65	0	0	0.31
204500	0.31	0.65	0.65	0	0	0.31
204600	0.31	0.65	0.65	0	0	0.31
204700	0.31	0.66	0.66	0	0	0.31
204800	0.31	0.66	0.66	0	0	0.31
204900	0.31	0.66	0.66	0	0	0.31
205000	0.31	0.65	0.65	0	0	0.31
205100	0.31	0.65	0.65	0	0	0.31
205200	0.31	0.65	0.65	0	0	0.31
205300	0.31	0.65	0.65	0	0	0.31
205400	0.31	0.65	0.65	0	0	0.31
205500	0.31	0.65	0.65	0	0	0.31
205600	0.31	0.65	0.65	0	0	0.31
205700	0.31	0.65	0.65	0	0	0.31
205800	0.31	0.65	0.65	0	0	0.31
205900	0.31	0.65	0.65	0	0	0.31
206000	0.31	0.65	0.65	0	0	0.31
206100	0.31	0.65	0.65	0	0	0.31
206200	0.31	0.65	0.65	0	0	0.31
206300	0.31	0.65	0.65	0	0	0.31
206400	0.31	0.65	0.65	0	0	0.31
206500	0.31	0.65	0.65	0	0	0.31
206600	0.31	0.65	0.65	0	0	0.31
206700	0.31	0.66	0.66	0	0	0.31
206800	0.31	0.66	0.66	0	0	0.31
206900	0.31	0.66	0.66	0	0	0.31
207000	0.31	0.66	0.66	0	0	0.31
207100	0.31	0.66	0.66	0	0	0.31
207200	0.31	0.66	0.66	0	0	0.31
207300	0.31	0.66	0.66	0	0	0.31
207400	0.31	0.66	0.66	0	0	0.31
207500	0.31	0.66	0.66	0	0	0.31
207600	0.31	0.66	0.66	0	0	0.31
207700	0.31	0.66	0.66	0	0	0.31
207800	0.31	0.66	0.66	0	0	0.31
207900	0.31	0.65	0.65	0	0	0.31
208000	0.3	0.65	0.65	0	0	0.3
208100	0.3	0.65	0.65	0	0	0.3
208200	0.3	0.65	0.65	0	0	0.3
208300	0.3	0.65	0.65	0	0	0.3
208400	0.3	0.65	0.65	0	0	0.3
208500	0.3	0.65	0.65	0	0	0.3
208600	0.3	0.65	0.65	0	0	0.3
208700	0.3	0.65	0.65	0	0	0.3
208800	0.3	0.65	0.65	0	0	0.3
208900	0.3	0.65	0.65	0	0	0.3
209000	0.3	0.65	0.65	0	0	0.3
209100	0.3	0.65	0.65	0	0	0.3
209200	0.3	0.65	0.65	0	0	0.3
209300	0.3	0.65	0.65	0	0	0.3
209400	0.3	0.66	0.66	0	0	0.3
209500	0.3	0.65	0.65	0	0	0.3
209600	0.3	0.65	0.65	0	0	0.3
209700	0.3	0.65	0.65	0	0	0.3
209800	0.3	0.65	0.65	0	0	0.3
209900	0.3	0.65	0.65	0	0	0.3
210000	0.3	0.65	0.65	0	0	0.3
210100	0.3	0.65	0.65	0	0	0.3
210200	0.3	0.65	0.65	0	0	0.3
210300	0.3	0.65	0.65	0	0	0.3
210400	0.3	0.65	0.65	0	0	0.3
210500	0.3	0.65	0.65	0	0	0.3
210600	0.3	0.65	0.65	0	0	0.3
210700	0.3	0.65	0.65	0	0	0.3
210800	0.3	0.65	0.65	0	0	0.3
210900	0.3	0.65	0.65	0	0	0.3
211000	0.3	0.65	0.65	0	0	0.3
211100	0.3	0.65	0.65	0	0	0.3
211200	0.3	0.65	0.65	0	0	0.3
211300	0.31	0.65	0.65	0	0	0.31
211400	0.3	0.65	0.65	0	0	0.3
211500	0.3	0.65	0.65	0	0	0.3
211600	0.3	0.65	0.65	0	0	0.3
211700	0.3	0.65	0.65	0	0	0.3
211800	0.3	0.65	0.65	0	0	0.3
211900	0.3	0.65	0.65	0	0	0.3
212000	0.3	0.65	0.65	0	0	0.3
212100	0.3	0.65	0.65	0	0	0.3
212200	0.3	0.65	0.65	0	0	0.3
212300	0.3	0.65	0.65	0	0	0.3
212400	0.3	0.65	0.65	0	0	0.3
212500	0.3	0.65	0.65	0	0	0.3
212600	0.3	0.65	0.65	0	0	0.3
212700	0.3	0.65	0.65	0	0	0.3
212800	0.3	0.65	0.65	0	0	0.3
212900	0.3	0.65	0.65	0	0	0.3
213000	0.3	0.65	0.65	0	0	0.3
213100	0.3	0.65	0.65	0	0	0.3
213200	0.3	0.65	0.65	0	0	0.3
213300	0.3	0.65	0.65	0	0	0.3
213400	0.3	0.65	0.65	0	0	0.3
213500	0.3	0.65	0.65	0	0	0.3
213600	0.3	0.65	0.65	0	0	0.3
213700	0.3	0.65	0.65	0	0	0.3
213800	0.3	0.65	0.65	0	0	0.3
213900	0.3	0.65	0.65	0	0	0.3
214000	0.3	0.65	0.65	0	0	0.3
214100	0.3	0.65	0.65	0	0	0.3
214200	0.3	0.65	0.65	0	0	0.3
214300	0.3	0.65	0.65	0	0	0.3
214400	0.3	0.65	0.65	0	0	0.3
214500	0.3	0.65	0.65	0	0	0.3
214600	0.31	0.65	0.65	0	0	0.31
214700	0.31	0.65	0.65	0	0	0.31
214800	0.31	0.65	0.65	0	0	0.31
214900	0.31	0.65	0.65	0	0	0.31
215000	0.31	0.65	0.65	0	0	0.31
215100	0.31	0.65	0.65	0	0	0.31
215200	0.31	0.65	0.65	0	0	0.31
215300	0.31	0.65	0.65	0	0	0.31
215400	0.31	0.65	0.65	0	0	0.31
215500	0.31	0.65	0.65	0	0	0.31
215600	0.31	0.65	0.65	0	0	0.31
215700	0.31	0.65	0.65	0	0	0.31
215800	0.31	0.65	0.65	0	0	0.31
215900	0.31	0.65	0.65	0	0	0.31
216000	0.3	0.65	0.65	0	0	0.3
216100	0.31	0.65	0.65	0	0	0.31
216200	0.31	0.65	0.65	0	0	0.31
216300	0.31	0.65	0.65	0	0	0.31
216400	0.31	0.65	0.65	0	0	0.31
216500	0.31	0.65	0.65	0	0	0.31
216600	0.31	0.65	0.65	0	0	0.31
216700	0.31	0.65	0.65	0	0	0.31
216800	0.31	0.65	0.65	0	0	0.31
216900	0.31	0.65	0.65	0	0	0.31
217000	0.31	0.65	0.65	0	0	0.31
217100	0.31	0.65	0.65	0	0	0.31
217200	0.31	0.65	0.65	0	0	0.31
217300	0.31	0.65	0.65	0	0	0.31
217400	0.31	0.65	0.65	0	0	0.31
217500	0.31	0.65	0.65	0	0	0.31
217600	0.31	0.65	0.65	0	0	0.31
217700	0.31	0.65	0.65	0	0	0.31
217800	0.31	0.65	0.65	0	0	0.31
217900	0.31	0.65	0.65	0	0	0.31
218000	0.31	0.65	0.65	0	0	0.31
218100	0.31	0.65	0.65	0	0	0.31
218200	0.31	0.65	0.65	0	0	0.31
218300	0.31	0.65	0.65	0	0	0.31
218400	0.31	0.65	0.65	0	0	0.31
218500	0.31	0.65	0.65	0	0	0.31
218600	0.31	0.65	0.65	0	0	0.31
218700	0.31	0.65	0.65	0	0	0.31
218800	0.31	0.65	0.65	0	0	0.31
218900	0.31	0.65	0.65	0	0	0.31
219000	0.31	0.65	0.65	0	0	0.31
219100	0.31	0.65	0.65	0	0	0.31
219200	0.31	0.65	0.65	0	0	0.31
219300	0.31	0.65	0.65	0	0	0.31
219400	0.31	0.65	0.65	0	0	0.31
219500	0.31	0.65	0.65	0	0	0.31
219600	0.31	0.65	0.65	0	0	0.31
219700	0.31	0.65	0.65	0	0	0.31
219800	0.31	0.65	0.65	0	0	0.31
219900	0.31	0.65	0.65	0	0	0.31
220000	0.31	0.65	0.65	0	0	0.31
220100	0.31	0.65	0.65	0	0	0.31
220200	0.31	0.65	0.65	0	0	0.31
220300	0.31	0.65	0.65	0	0	0.31
220400	0.31	0.65	0.65	0	0	0.31
220500	0.31	0.65	0.65	0	0	0.31
220600	0.31	0.65	0.65	0	0	0.31
220700	0.31	0.65	0.65	0	0	0.31
220800	0.31	0.65	0.65	0	0	0.31
220900	0.31	0.65	0.65	0	0	0.31
221000	0.31	0.65	0.65	0	0	0.31
221100	0.31	0.65	0.65	0	0	0.31
221200	0.31	0.65	0.65	0	0	0.31
221300	0.31	0.65	0.65	0	0	0.31
221400	0.31	0.65	0.65	0	0	0.31
221500	0.31	0.65	0.65	0	0	0.31
221600	0.31	0.65	0.65	0	0	0.31
221700	0.31	0.65	0.65	0	0	0.31
221800	0.31	0.65	0.65	0	0	0.31
221900	0.31	0.65	0.65	0	0	0.31
222000	0.31	0.65	0.65	0	0	0.31
222100	0.32	0.65	0.65	0	0	0.32
222200	0.32	0.65	0.65	0	0	0.32
222300	0.32	0.65	0.65	0	0	0.32
222400	0.32	0.65	0.65	0	0	0.32
222500	0.32	0.65	0.65	0	0	0.32
222600	0.32	0.65	0.65	0	0	0.32
222700	0.32	0.65	0.65	0	0	0.32
222800	0.32	0.65	0.65	0	0	0.32
222900	0.32	0.65	0.65	0	0	0.32
223000	0.32	0.65	0.65	0	0	0.32
223100	0.32	0.65	0.65	0	0	0.32
223200	0.32	0.65	0.65	0	0	0.32
223300	0.32	0.65	0.65	0	0	0.32
223400	0.32	0.65	0.65	0	0	0.32
223500	0.32	0.65	0.65	0	0	0.32
223600	0.32	0.65	0.65	0	0	0.32
223700	0.32	0.65	0.65	0	0	0.32
223800	0.32	0.65	0.65	0	0	0.32
223900	0.32	0.65	0.65	0	0	0.32
224000	0.32	0.65	0.65	0	0	0.32
224100	0.32	0.65	0.65	0	0	0.32
224200	0.32	0.65	0.65	0	0	0.32
224300	0.32	0.65	0.65	0	0	0.32
224400	0.32	0.65	0.65	0	0	0.32
224500	0.32	0.65	0.65	0	0	0.32
224600	0.32	0.65	0.65	0	0	0.32
224700	0.32	0.65	0.65	0	0	0.32
224800	0.32	0.65	0.65	0	0	0.32
224900	0.32	0.65	0.65	0	0	0.32
225000	0.32	0.65	0.65	0	0	0.32
225100	0.32	0.65	0.65	0	0	0.32
225200	0.32	0.65	0.65	0	0	0.32
225300	0.32	0.65	0.65	0	0	0.32
225400	0.32	0.65	0.65	0	0	0.32
225500	0.32	0.65	0.65	0	0	0.32
225600	0.32	0.65	0.65	0	0	0.32
225700	0.32	0.65	0.65	0	0	0.32
225800	0.32	0.65	0.65	0	0	0.32
225900	0.32	0.65	0.65	0	0	0.32
226000	0.32	0.65	0.65	0	0	0.32
226100	0.32	0.65	0.65	0	0	0.32
226200	0.32	0.65	0.65	0	0	0.32
226300	0.32	0.65	0.65	0	0	0.32
226400	0.32	0.65	0.65	0	0	0.32
226500	0.32	0.65	0.65	0	0	0.32
226600	0.32	0.65	0.65	0	0	0.32
226700	0.32	0.65	0.65	0	0	0.32
226800	0.32	0.65	0.65	0	0	0.32
226900	0.32	0.65	0.65	0	0	0.32
227000	0.32	0.65	0.65	0	0	0.32
227100	0.32	0.65	0.65	0	0	0.32
227200	0.32	0.65	0.65	0	0	0.32
227300	0.32	0.65	0.65	0	0	0.32
227400	0.32	0.65	0.65	0	0	0.32
227500	0.32	0.65	0.65	0	0	0.32
227600	0.32	0.65	0.65	0	0	0.32
227700	0.32	0.65	0.65	0	0	0.32
227800	0.32	0.65	0.65	0	0	0.32
227900	0.32	0.65	0.65	0	0	0.32
228000	0.32	0.65	0.65	0	0	0.32
228100	0.32	0.65	0.65	0	0	0.32
228200	0.32	0.65	0.65	0	0	0.32
228300	0.32	0.65	0.65	0	0	0.32
228400	0.32	0.65	0.65	0	0	0.32
228500	0.32	0.65	0.65	0	0	0.32
228600	0.32	0.65	0.65	0	0	0.32
228700	0.32	0.65	0.65	0	0	0.32
228800	0.32	0.65	0.65	0	0	0.32
228900	0.32	0.65	0.65	0	0	0.32
229000	0.32	0.65	0.65	0	0	0.32
229100	0.32	0.65	0.65	0	0	0.32
229200	0.32	0.65	0.65	0	0	0.32
229300	0.32	0.65	0.65	0	0	0.32
229400	0.32	0.65	0.65	0	0	0.32
229500	0.32	0.65	0.65	0	0	0.32
229600	0.32	0.65	0.65	0	0	0.32
229700	0.32	0.65	0.65	0	0	0.32
229800	0.32	0.65	0.65	0	0	0.32
229900	0.32	0.65	0.65	0	0	0.32
230000	0.32	0.65	0.65	0	0	0.32
230100	0.32	0.65	0.65	0	0	0.32
230200	0.32	0.65	0.65	0	0	0.32
230300	0.32	0.65	0.65	0	0	0.32
230400	0.32	0.65	0.65	0	0	0.32
230500	0.32	0.65	0.65	0	0	0.32
230600	0.32	0.65	0.65	0	0	0.32
230700	0.32	0.65	0.65	0	0	0.32
230800	0.32	0.65	0.65	0	0	0.32
230900	0.32	0.65	0.65	0	0	0.32
231000	0.32	0.65	0.65	0	0	0.32
231100	0.32	0.65	0.65	0	0	0.32
231200	0.32	0.65	0.65	0	0	0.32
231300	0.32	0.65	0.65	0	0	0.32
231400	0.32	0.65	0.65	0	0	0.32
231500	0.32	0.65	0.65	0	0	0.32
231600	0.32	0.65	0.65	0	0	0.32
231700	0.32	0.65	0.65	0	0	0.32
231800	0.32	0.65	0.65	0	0	0.32
231900	0.32	0.65	0.65	0	0	0.32
232000	0.32	0.65	0.65	0	0	0.32
232100	0.32	0.65	0.65	0	0	0.32
232200	0.32	0.65	0.65	0	0	0.32
232300	0.32	0.65	0.65	0	0	0.32
232400	0.32	0.65	0.65	0	0	0.32
232500	0.32	0.65	0.65	0	0	0.32
232600	0.32	0.65	0.65	0	0	0.32
232700	0.32	0.65	0.65	0	0	0.32
232800	0.32	0.65	0.65	0	0	0.32
232900	0.32	0.65	0.65	0	0	0.32
233000	0.32	0.65	0.65	0	0	0.32
233100	0.32	0.65	0.65	0	0	0.32
233200	0.32	0.65	0.65	0	0	0.32
233300	0.32	0.65	0.65	0	0	0.32
233400	0.32	0.65	0.65	0	0	0.32
233500	0.32	0.65	0.65	0	0	0.32
233600	0.32	0.65	0.65	0	0	0.32
233700	0.32	0.65	0.65	0	0	0.32
233800	0.32	0.65	0.65	0	0	0.32
233900	0.32	0.65	0.65	0	0	0.32
234000	0.32	0.65	0.65	0	0	0.32
234100	0.32	0.65	0.65	0	0	0.32
234200	0.32	0.65	0.65	0	0	0.32
234300	0.32	0.65	0.65	0	0	0.32
234400	0.32	0.65	0.65	0	0	0.32
234500	0.32	0.65	0.65	0	0	0.32
234600	0.32	0.65	0.65	0	0	0.32
234700	0.32	0.65	0.65	0	0	0.32
234800	0.32	0.65	0.65	0	0	0.32
234900	0.32	0.65	0.65	0	0	0.32
235000	0.31	0.65	0.65	0	0	0.31
235100	0.31	0.65	0.65	0	0	0.31
235200	0.31	0.65	0.65	0	0	0.31
235300	0.31	0.65	0.65	0	0	0.31
235400	0.3	0.65	0.65	0	0	0.3
235500	0.3	0.65	0.65	0	0	0.3
235600	0.3	0.65	0.65	0	0	0.3
235700	0.31	0.65	0.65	0	0	0.31
235800	0.31	0.65	0.65	0	0	0.31
235900	0.31	0.65	0.65	0	0	0.31
236000	0.31	0.65	0.65	0	0	0.31
236100	0.31	0.65	0.65	0	0	0.31
236200	0.31	0.65	0.65	0	0	0.31
236300	0.31	0.65	0.65	0	0	0.31
236400	0.31	0.65	0.65	0	0	0.31
236500	0.31	0.65	0.65	0	0	0.31
236600	0.31	0.65	0.65	0	0	0.31
236700	0.31	0.65	0.65	0	0	0.31
236800	0.32	0.65	0.65	0	0	0.32
236900	0.32	0.65	0.65	0	0	0.32
237000	0.32	0.65	0.65	0	0	0.32
237100	0.32	0.65	0.65	0	0	0.32
237200	0.32	0.65	0.65	0	0	0.32
237300	0.32	0.65	0.65	0	0	0.32
237400	0.32	0.65	0.65	0	0	0.32
237500	0.32	0.65	0.65	0	0	0.32
237600	0.32	0.65	0.65	0	0	0.32
237700	0.32	0.65	0.65	0	0	0.32
237800	0.32	0.65	0.65	0	0	0.32
237900	0.32	0.65	0.65	0	0	0.32
238000	0.32	0.65	0.65	0	0	0.32
238100	0.32	0.65	0.65	0	0	0.32
238200	0.32	0.65	0.65	0	0	0.32
238300	0.31	0.65	0.65	0	0	0.31
238400	0.31	0.65	0.65	0	0	0.31
238500	0.31	0.65	0.65	0	0	0.31
238600	0.31	0.65	0.65	0	0	0.31
238700	0.31	0.65	0.65	0	0	0.31
238800	0.31	0.65	0.65	0	0	0.31
238900	0.31	0.65	0.65	0	0	0.31
239000	0.31	0.65	0.65	0	0	0.31
239100	0.31	0.65	0.65	0	0	0.31
239200	0.31	0.65	0.65	0	0	0.31
239300	0.31	0.65	0.65	0	0	0.31
239400	0.31	0.65	0.65	0	0	0.31
239500	0.31	0.65	0.65	0	0	0.31
239600	0.31	0.65	0.65	0	0	0.31
239700	0.31	0.65	0.65	0	0	0.31
239800	0.31	0.65	0.65	0	0	0.31
239900	0.31	0.65	0.65	0	0	0.31
240000	0.31	0.65	0.65	0	0	0.31
240100	0.31	0.65	0.65	0	0	0.31
240200	0.31	0.65	0.65	0	0	0.31
240300	0.31	0.65	0.65	0	0	0.31
240400	0.31	0.65	0.65	0	0	0.31
240500	0.31	0.65	0.65	0	0	0.31
240600	0.31	0.65	0.65	0	0	0.31
240700	0.31	0.65	0.65	0	0	0.31
240800	0.31	0.65	0.65	0	0	0.31
240900	0.31	0.65	0.65	0	0	0.31
241000	0.31	0.65	0.65	0	0	0.31
241100	0.31	0.65	0.65	0	0	0.31
241200	0.31	0.65	0.65	0	0	0.31
241300	0.31	0.65	0.65	0	0	0.31
241400	0.31	0.65	0.65	0	0	0.31
241500	0.31	0.65	0.65	0	0	0.31
241600	0.31	0.65	0.65	0	0	0.31
241700	0.31	0.65	0.65	0	0	0.31
241800	0.31	0.65	0.65	0	0	0.31
241900	0.31	0.65	0.65	0	0	0.31
242000	0.31	0.65	0.65	0	0	0.31
242100	0.31	0.65	0.65	0	0	0.31
242200	0.31	0.65	0.65	0	0	0.31
242300	0.31	0.65	0.65	0	0	0.31
242400	0.31	0.65	0.65	0	0	0.31
242500	0.31	0.65	0.65	0	0	0.31
242600	0.31	0.65	0.65	0	0	0.31
242700	0.31	0.65	0.65	0	0	0.31
242800	0.31	0.65	0.65	0	0	0.31
242900	0.31	0.65	0.65	0	0	0.31
243000	0.31	0.65	0.65	0	0	0.31
243100	0.31	0.65	0.65	0	0	0.31
243200	0.31	0.65	0.65	0	0	0.31
243300	0.31	0.65	0.65	0	0	0.31
243400	0.31	0.65	0.65	0	0	0.31
243500	0.31	0.65	0.65	0	0	0.31
243600	0.31	0.65	0.65	0	0	0.31
243700	0.3	0.65	0.65	0	0	0.3
243800	0.3	0.65	0.65	0	0	0.3
243900	0.3	0.65	0.65	0	0	0.3
244000	0.3	0.65	0.65	0	0	0.3
244100	0.31	0.65	0.65	0	0	0.31
244200	0.31	0.65	0.65	0	0	0.31
244300	0.31	0.65	0.65	0	0	0.31
244400	0.31	0.65	0.65	0	0	0.31
244500	0.31	0.65	0.65	0	0	0.31
244600	0.31	0.65	0.65	0	0	0.31
244700	0.31	0.65	0.65	0	0	0.31
244800	0.31	0.65	0.65	0	0	0.31
244900	0.31	0.65	0.65	0	0	0.31
245000	0.31	0.65	0.65	0	0	0.31
245100	0.31	0.65	0.65	0	0	0.31
245200	0.31	0.65	0.65	0	0	0.31
245300	0.31	0.65	0.65	0	0	0.31
245400	0.31	0.65	0.65	0	0	0.31
245500	0.31	0.65	0.65	0	0	0.31
245600	0.31	0.65	0.65	0	0	0.31
245700	0.31	0.65	0.65	0	0	0.31
245800	0.31	0.65	0.65	0	0	0.31
245900	0.31	0.65	0.65	0	0	0.31
246000	0.31	0.65	0.65	0	0	0.31
246100	0.31	0.65	0.65	0	0	0.31
246200	0.31	0.65	0.65	0	0	0.31
246300	0.31	0.65	0.65	0	0	0.31
246400	0.31	0.65	0.65	0	0	0.31
246500	0.31	0.65	0.65	0	0	0.31
246600	0.31	0.65	0.65	0	0	0.31
246700	0.31	0.65	0.65	0	0	0.31
246800	0.31	0.65	0.65	0	0	0.31
246900	0.31	0.65	0.65	0	0	0.31
247000	0.31	0.65	0.65	0	0	0.31
247100	0.31	0.65	0.65	0	0	0.31
247200	0.31	0.64	0.64	0	0	0.31
247300	0.31	0.64	0.64	0	0	0.31
247400	0.31	0.64	0.64	0	0	0.31
247500	0.31	0.64	0.64	0	0	0.31
247600	0.31	0.64	0.64	0	0	0.31
247700	0.31	0.64	0.64	0	0	0.31
247800	0.31	0.64	0.64	0	0	0.31
247900	0.31	0.64	0.64	0	0	0.31
248000	0.31	0.64	0.64	0	0	0.31
248100	0.31	0.64	0.64	0	0	0.31
248200	0.31	0.64	0.64	0	0	0.31
248300	0.31	0.64	0.64	0	0	0.31
248400	0.31	0.64	0.64	0	0	0.31
248500	0.31	0.64	0.64	0	0	0.31
248600	0.31	0.64	0.64	0	0	0.31
248700	0.31	0.64	0.64	0	0	0.31
248800	0.31	0.64	0.64	0	0	0.31
248900	0.31	0.64	0.64	0	0	0.31
249000	0.31	0.64	0.64	0	0	0.31
249100	0.31	0.64	0.64	0	0	0.31
249200	0.3	0.64	0.64	0	0	0.3
249300	0.3	0.64	0.64	0	0	0.3
249400	0.3	0.64	0.64	0	0	0.3
249500	0.3	0.64	0.64	0	0	0.3
249600	0.3	0.63	0.63	0	0	0.3
249700	0.3	0.64	0.64	0	0	0.3
249800	0.3	0.64	0.64	0	0	0.3
249900	0.3	0.64	0.64	0	0	0.3
250000	0.3	0.64	0.64	0	0	0.3
250100	0.3	0.64	0.64	0	0	0.3
250200	0.3	0.64	0.64	0	0	0.3
250300	0.3	0.64	0.64	0	0	0.3
250400	0.3	0.64	0.64	0	0	0.3
250500	0.3	0.64	0.64	0	0	0.3
250600	0.3	0.64	0.64	0	0	0.3
250700	0.3	0.64	0.64	0	0	0.3
250800	0.3	0.64	0.64	0	0	0.3
250900	0.3	0.64	0.64	0	0	0.3
251000	0.3	0.64	0.64	0	0	0.3
251100	0.3	0.64	0.64	0	0	0.3
251200	0.3	0.64	0.64	0	0	0.3
251300	0.3	0.64	0.64	0	0	0.3
251400	0.3	0.64	0.64	0	0	0.3
251500	0.3	0.64	0.64	0	0	0.3
251600	0.3	0.64	0.64	0	0	0.3
251700	0.3	0.64	0.64	0	0	0.3
251800	0.3	0.64	0.64	0	0	0.3
251900	0.3	0.64	0.64	0	0	0.3
252000	0.3	0.64	0.64	0	0	0.3
252100	0.3	0.64	0.64	0	0	0.3
252200	0.3	0.64	0.64	0	0	0.3
252300	0.3	0.65	0.65	0	0	0.3
252400	0.3	0.64	0.64	0	0	0.3
252500	0.3	0.64	0.64	0	0	0.3
252600	0.3	0.64	0.64	0	0	0.3
252700	0.3	0.64	0.64	0	0	0.3
252800	0.3	0.64	0.64	0	0	0.3
252900	0.3	0.64	0.64	0	0	0.3
253000	0.3	0.64	0.64	0	0	0.3
253100	0.3	0.64	0.64	0	0	0.3
253200	0.3	0.64	0.64	0	0	0.3
253300	0.3	0.64	0.64	0	0	0.3
253400	0.3	0.64	0.64	0	0	0.3
253500	0.3	0.64	0.64	0	0	0.3
253600	0.3	0.64	0.64	0	0	0.3
253700	0.3	0.64	0.64	0	0	0.3
253800	0.3	0.64	0.64	0	0	0.3
253900	0.3	0.64	0.64	0	0	0.3
254000	0.3	0.64	0.64	0	0	0.3
254100	0.3	0.64	0.64	0	0	0.3
254200	0.31	0.64	0.64	0	0	0.31
254300	0.31	0.64	0.64	0	0	0.31
254400	0.31	0.64	0.64	0	0	0.31
254500	0.31	0.64	0.64	0	0	0.31
254600	0.31	0.64	0.64	0	0	0.31
254700	0.31	0.64	0.64	0	0	0.31
254800	0.31	0.64	0.64	0	0	0.31
254900	0.31	0.64	0.64	0	0	0.31
255000	0.31	0.64	0.64	0	0	0.31
255100	0.31	0.64	0.64	0	0	0.31
255200	0.31	0.64	0.64	0	0	0.31
255300	0.31	0.64	0.64	0	0	0.31
255400	0.31	0.64	0.64	0	0	0.31
255500	0.31	0.64	0.64	0	0	0.31
255600	0.31	0.64	0.64	0	0	0.31
255700	0.31	0.64	0.64	0	0	0.31
255800	0.31	0.64	0.64	0	0	0.31
255900	0.31	0.64	0.64	0	0	0.31
256000	0.31	0.64	0.64	0	0	0.31
256100	0.31	0.64	0.64	0	0	0.31
256200	0.31	0.64	0.64	0	0	0.31
256300	0.31	0.64	0.64	0	0	0.31
256400	0.31	0.64	0.64	0	0	0.31
256500	0.31	0.65	0.65	0	0	0.31
256600	0.31	0.65	0.65	0	0	0.31
256700	0.32	0.65	0.65	0	0	0.32
256800	0.32	0.65	0.65	0	0	0.32
256900	0.32	0.65	0.65	0	0	0.32
257000	0.32	0.65	0.65	0	0	0.32
257100	0.32	0.65	0.65	0	0	0.32
257200	0.32	0.65	0.65	0	0	0.32
257300	0.32	0.65	0.65	0	0	0.32
257400	0.32	0.65	0.65	0	0	0.32
257500	0.32	0.65	0.65	0	0	0.32
257600	0.32	0.65	0.65	0	0	0.32
257700	0.32	0.65	0.65	0	0	0.32
257800	0.32	0.65	0.65	0	0	0.32
257900	0.32	0.65	0.65	0	0	0.32
258000	0.32	0.65	0.65	0	0	0.32
258100	0.32	0.65	0.65	0	0	0.32
258200	0.32	0.65	0.65	0	0	0.32
258300	0.32	0.65	0.65	0	0	0.32
258400	0.32	0.65	0.65	0	0	0.32
258500	0.32	0.65	0.65	0	0	0.32
258600	0.32	0.65	0.65	0	0	0.32
258700	0.32	0.65	0.65	0	0	0.32
258800	0.32	0.65	0.65	0	0	0.32
258900	0.32	0.65	0.65	0	0	0.32
259000	0.32	0.65	0.65	0	0	0.32
259100	0.32	0.65	0.65	0	0	0.32
259200	0.32	0.65	0.65	0	0	0.32
259300	0.32	0.65	0.65	0	0	0.32
259400	0.32	0.65	0.65	0	0	0.32
259500	0.32	0.65	0.65	0	0	0.32
259600	0.32	0.65	0.65	0	0	0.32
259700	0.32	0.65	0.65	0	0	0.32
259800	0.32	0.65	0.65	0	0	0.32
259900	0.32	0.65	0.65	0	0	0.32
260000	0.32	0.65	0.65	0	0	0.32
260100	0.32	0.65	0.65	0	0	0.32
260200	0.32	0.65	0.65	0	0	0.32
260300	0.32	0.65	0.65	0	0	0.32
260400	0.32	0.65	0.65	0	0	0.32
260500	0.32	0.65	0.65	0	0	0.32
260600	0.32	0.65	0.65	0	0	0.32
260700	0.32	0.65	0.65	0	0	0.32
260800	0.32	0.65	0.65	0	0	0.32
260900	0.32	0.65	0.65	0	0	0.32
261000	0.32	0.65	0.65	0	0	0.32
261100	0.32	0.65	0.65	0	0	0.32
261200	0.32	0.65	0.65	0	0	0.32
261300	0.32	0.65	0.65	0	0	0.32
261400	0.32	0.65	0.65	0	0	0.32
261500	0.32	0.65	0.65	0	0	0.32
261600	0.32	0.65	0.65	0	0	0.32
261700	0.31	0.65	0.65	0	0	0.31
261800	0.31	0.65	0.65	0	0	0.31
261900	0.31	0.65	0.65	0	0	0.31
262000	0.31	0.65	0.65	0	0	0.31
262100	0.31	0.65	0.65	0	0	0.31
262200	0.31	0.65	0.65	0	0	0.31
262300	0.31	0.65	0.65	0	0	0.31
262400	0.31	0.65	0.65	0	0	0.31
262500	0.31	0.65	0.65	0	0	0.31
262600	0.31	0.65	0.65	0	0	0.31
262700	0.31	0.65	0.65	0	0	0.31
262800	0.31	0.65	0.65	0	0	0.31
262900	0.31	0.65	0.65	0	0	0.31
263000	0.32	0.65	0.65	0	0	0.32
263100	0.31	0.65	0.65	0	0	0.31
263200	0.31	0.65	0.65	0	0	0.31
263300	0.31	0.65	0.65	0	0	0.31
263400	0.31	0.65	0.65	0	0	0.31
263500	0.31	0.65	0.65	0	0	0.31
263600	0.31	0.65	0.65	0	0	0.31
263700	0.31	0.65	0.65	0	0	0.31
263800	0.31	0.65	0.65	0	0	0.31
263900	0.31	0.65	0.65	0	0	0.31
264000	0.31	0.65	0.65	0	0	0.31
264100	0.31	0.65	0.65	0	0	0.31
264200	0.31	0.65	0.65	0	0	0.31
264300	0.31	0.65	0.65	0	0	0.31
264400	0.31	0.65	0.65	0	0	0.31
264500	0.31	0.65	0.65	0	0	0.31
264600	0.31	0.65	0.65	0	0	0.31
264700	0.31	0.65	0.65	0	0	0.31
264800	0.31	0.65	0.65	0	0	0.31
264900	0.31	0.65	0.65	0	0	0.31
265000	0.31	0.65	0.65	0	0	0.31
265100	0.31	0.65	0.65	0	0	0.31
265200	0.31	0.65	0.65	0	0	0.31
265300	0.31	0.65	0.65	0	0	0.31
265400	0.31	0.65	0.65	0	0	0.31
265500	0.31	0.65	0.65	0	0	0.31
265600	0.31	0.65	0.65	0	0	0.31
265700	0.31	0.65	0.65	0	0	0.31
265800	0.31	0.65	0.65	0	0	0.31
265900	0.31	0.65	0.65	0	0	0.31
266000	0.31	0.65	0.65	0	0	0.31
266100	0.31	0.65	0.65	0	0	0.31
266200	0.31	0.65	0.65	0	0	0.31
266300	0.31	0.65	0.65	0	0	0.31
266400	0.31	0.65	0.65	0	0	0.31
266500	0.31	0.65	0.65	0	0	0.31
266600	0.31	0.65	0.65	0	0	0.31
266700	0.31	0.65	0.65	0	0	0.31
266800	0.32	0.65	0.65	0	0	0.32
266900	0.32	0.65	0.65	0	0	0.32
267000	0.32	0.65	0.65	0	0	0.32
267100	0.32	0.65	0.65	0	0	0.32
267200	0.32	0.65	0.65	0	0	0.32
267300	0.32	0.65	0.65	0	0	0.32
267400	0.32	0.65	0.65	0	0	0.32
267500	0.32	0.65	0.65	0	0	0.32
267600	0.32	0.65	0.65	0	0	0.32
267700	0.32	0.65	0.65	0	0	0.32
267800	0.32	0.65	0.65	0	0	0.32
267900	0.32	0.65	0.65	0	0	0.32
268000	0.32	0.65	0.65	0	0	0.32
268100	0.32	0.65	0.65	0	0	0.32
268200	0.32	0.65	0.65	0	0	0.32
268300	0.32	0.65	0.65	0	0	0.32
268400	0.32	0.65	0.65	0	0	0.32
268500	0.32	0.65	0.65	0	0	0.32
268600	0.32	0.65	0.65	0	0	0.32
268700	0.32	0.65	0.65	0	0	0.32
268800	0.32	0.65	0.65	0	0	0.32
268900	0.32	0.65	0.65	0	0	0.32
269000	0.32	0.65	0.65	0	0	0.32
269100	0.32	0.65	0.65	0	0	0.32
269200	0.32	0.65	0.65	0	0	0.32
269300	0.32	0.65	0.65	0	0	0.32
269400	0.32	0.65	0.65	0	0	0.32
269500	0.32	0.65	0.65	0	0	0.32
269600	0.32	0.65	0.65	0	0	0.32
269700	0.32	0.65	0.65	0	0	0.32
269800	0.32	0.65	0.65	0	0	0.32
269900	0.32	0.65	0.65	0	0	0.32
270000	0.32	0.65	0.65	0	0	0.32
270100	0.32	0.65	0.65	0	0	0.32
270200	0.32	0.65	0.65	0	0	0.32
270300	0.33	0.65	0.65	0	0	0.33
270400	0.33	0.65	0.65	0	0	0.33
270500	0.32	0.65	0.65	0	0	0.32
270600	0.32	0.65	0.65	0	0	0.32
270700	0.32	0.65	0.65	0	0	0.32
270800	0.32	0.65	0.65	0	0	0.32
270900	0.32	0.65	0.65	0	0	0.32
271000	0.32	0.65	0.65	0	0	0.32
271100	0.32	0.65	0.65	0	0	0.32
271200	0.32	0.65	0.65	0	0	0.32
271300	0.32	0.65	0.65	0	0	0.32
271400	0.32	0.65	0.65	0	0	0.32
271500	0.32	0.65	0.65	0	0	0.32
271600	0.32	0.65	0.65	0	0	0.32
271700	0.32	0.65	0.65	0	0	0.32
271800	0.32	0.65	0.65	0	0	0.32
271900	0.32	0.65	0.65	0	0	0.32
272000	0.32	0.65	0.65	0	0	0.32
272100	0.32	0.65	0.65	0	0	0.32
272200	0.32	0.65	0.65	0	0	0.32
272300	0.32	0.65	0.65	0	0	0.32
272400	0.32	0.65	0.65	0	0	0.32
272500	0.32	0.65	0.65	0	0	0.32
272600	0.32	0.65	0.65	0	0	0.32
272700	0.32	0.65	0.65	0	0	0.32
272800	0.32	0.65	0.65	0	0	0.32
272900	0.32	0.65	0.65	0	0	0.32
273000	0.32	0.65	0.65	0	0	0.32
273100	0.32	0.65	0.65	0	0	0.32
273200	0.32	0.65	0.65	0	0	0.32
273300	0.32	0.65	0.65	0	0	0.32
273400	0.32	0.65	0.65	0	0	0.32
273500	0.32	0.65	0.65	0	0	0.32
273600	0.32	0.65	0.65	0	0	0.32
273700	0.32	0.65	0.65	0	0	0.32
273800	0.33	0.65	0.65	0	0	0.33
273900	0.32	0.65	0.65	0	0	0.32
274000	0.32	0.65	0.65	0	0	0.32
274100	0.33	0.65	0.65	0	0	0.33
274200	0.33	0.65	0.65	0	0	0.33
274300	0.33	0.65	0.65	0	0	0.33
274400	0.33	0.65	0.65	0	0	0.33
274500	0.33	0.65	0.65	0	0	0.33
274600	0.33	0.65	0.65	0	0	0.33
274700	0.33	0.65	0.65	0	0	0.33
274800	0.33	0.65	0.65	0	0	0.33
274900	0.33	0.65	0.65	0	0	0.33
275000	0.33	0.65	0.65	0	0	0.33
275100	0.33	0.65	0.65	0	0	0.33
275200	0.33	0.65	0.65	0	0	0.33
275300	0.33	0.65	0.65	0	0	0.33
275400	0.33	0.65	0.65	0	0	0.33
275500	0.33	0.65	0.65	0	0	0.33
275600	0.33	0.65	0.65	0	0	0.33
275700	0.33	0.65	0.65	0	0	0.33
275800	0.33	0.65	0.65	0	0	0.33
275900	0.33	0.65	0.65	0	0	0.33
276000	0.33	0.65	0.65	0	0	0.33
276100	0.33	0.65	0.65	0	0	0.33
276200	0.33	0.65	0.65	0	0	0.33
276300	0.33	0.65	0.65	0	0	0.33
276400	0.33	0.65	0.65	0	0	0.33
276500	0.33	0.65	0.65	0	0	0.33
276600	0.33	0.65	0.65	0	0	0.33
276700	0.33	0.65	0.65	0	0	0.33
276800	0.33	0.65	0.65	0	0	0.33
276900	0.33	0.65	0.65	0	0	0.33
277000	0.32	0.65	0.65	0	0	0.32
277100	0.32	0.65	0.65	0	0	0.32
277200	0.32	0.65	0.65	0	0	0.32
277300	0.32	0.65	0.65	0	0	0.32
277400	0.32	0.65	0.65	0	0	0.32
277500	0.32	0.65	0.65	0	0	0.32
277600	0.32	0.65	0.65	0	0	0.32
277700	0.32	0.65	0.65	0	0	0.32
277800	0.32	0.65	0.65	0	0	0.32
277900	0.32	0.65	0.65	0	0	0.32
278000	0.32	0.65	0.65	0	0	0.32
278100	0.32	0.65	0.65	0	0	0.32
278200	0.32	0.65	0.65	0	0	0.32
278300	0.32	0.65	0.65	0	0	0.32
278400	0.32	0.65	0.65	0	0	0.32
278500	0.32	0.65	0.65	0	0	0.32
278600	0.32	0.65	0.65	0	0	0.32
278700	0.32	0.65	0.65	0	0	0.32
278800	0.32	0.64	0.64	0	0	0.32
278900	0.32	0.64	0.64	0	0	0.32
279000	0.32	0.64	0.64	0	0	0.32
279100	0.32	0.64	0.64	0	0	0.32
279200	0.32	0.64	0.64	0	0	0.32
279300	0.32	0.64	0.64	0	0	0.32
279400	0.32	0.64	0.64	0	0	0.32
279500	0.32	0.64	0.64	0	0	0.32
279600	0.32	0.64	0.64	0	0	0.32
279700	0.32	0.64	0.64	0	0	0.32
279800	0.32	0.64	0.64	0	0	0.32
279900	0.32	0.64	0.64	0	0	0.32
280000	0.32	0.64	0.64	0	0	0.32
280100	0.32	0.64	0.64	0	0	0.32
280200	0.32	0.64	0.64	0	0	0.32
280300	0.33	0.64	0.64	0	0	0.33
280400	0.32	0.64	0.64	0	0	0.32
280500	0.32	0.64	0.64	0	0	0.32
280600	0.32	0.65	0.65	0	0	0.32
280700	0.32	0.64	0.64	0	0	0.32
280800	0.32	0.64	0.64	0	0	0.32
280900	0.32	0.64	0.64	0	0	0.32
281000	0.32	0.64	0.64	0	0	0.32
281100	0.32	0.64	0.64	0	0	0.32
281200	0.32	0.64	0.64	0	0	0.32
281300	0.32	0.64	0.64	0	0	0.32
281400	0.32	0.64	0.64	0	0	0.32
281500	0.32	0.65	0.65	0	0	0.32
281600	0.32	0.64	0.64	0	0	0.32
281700	0.32	0.64	0.64	0	0	0.32
281800	0.32	0.64	0.64	0	0	0.32
281900	0.32	0.64	0.64	0	0	0.32
282000	0.32	0.64	0.64	0	0	0.32
282100	0.32	0.64	0.64	0	0	0.32
282200	0.32	0.64	0.64	0	0	0.32
282300	0.32	0.64	0.64	0	0	0.32
282400	0.32	0.64	0.64	0	0	0.32
282500	0.32	0.64	0.64	0	0	0.32
282600	0.32	0.64	0.64	0	0	0.32
282700	0.32	0.64	0.64	0	0	0.32
282800	0.32	0.64	0.64	0	0	0.32
282900	0.32	0.64	0.64	0	0	0.32
283000	0.32	0.64	0.64	0	0	0.32
283100	0.32	0.64	0.64	0	0	0.32
283200	0.32	0.64	0.64	0	0	0.32
283300	0.32	0.64	0.64	0	0	0.32
283400	0.32	0.64	0.64	0	0	0.32
283500	0.32	0.64	0.64	0	0	0.32
283600	0.32	0.64	0.64	0	0	0.32
283700	0.32	0.64	0.64	0	0	0.32
283800	0.32	0.64	0.64	0	0	0.32
283900	0.32	0.64	0.64	0	0	0.32
284000	0.32	0.64	0.64	0	0	0.32
284100	0.32	0.64	0.64	0	0	0.32
284200	0.32	0.64	0.64	0	0	0.32
284300	0.32	0.64	0.64	0	0	0.32
284400	0.32	0.64	0.64	0	0	0.32
284500	0.32	0.64	0.64	0	0	0.32
284600	0.32	0.64	0.64	0	0	0.32
284700	0.32	0.64	0.64	0	0	0.32
284800	0.32	0.64	0.64	0	0	0.32
284900	0.32	0.64	0.64	0	0	0.32
285000	0.32	0.64	0.64	0	0	0.32
285100	0.32	0.64	0.64	0	0	0.32
285200	0.32	0.64	0.64	0	0	0.32
285300	0.33	0.64	0.64	0	0	0.33
285400	0.33	0.64	0.64	0	0	0.33
285500	0.33	0.64	0.64	0	0	0.33
285600	0.33	0.64	0.64	0	0	0.33
285700	0.33	0.64	0.64	0	0	0.33
285800	0.33	0.64	0.64	0	0	0.33
285900	0.33	0.64	0.64	0	0	0.33
286000	0.33	0.64	0.64	0	0	0.33
286100	0.33	0.64	0.64	0	0	0.33
286200	0.33	0.64	0.64	0	0	0.33
286300	0.33	0.64	0.64	0	0	0.33
286400	0.33	0.64	0.64	0	0	0.33
286500	0.33	0.64	0.64	0	0	0.33
286600	0.33	0.64	0.64	0	0	0.33
286700	0.33	0.64	0.64	0	0	0.33
286800	0.33	0.64	0.64	0	0	0.33
286900	0.33	0.64	0.64	0	0	0.33
287000	0.33	0.64	0.64	0	0	0.33
287100	0.33	0.64	0.64	0	0	0.33
287200	0.33	0.64	0.64	0	0	0.33
287300	0.33	0.64	0.64	0	0	0.33
287400	0.33	0.64	0.64	0	0	0.33
287500	0.33	0.64	0.64	0	0	0.33
287600	0.33	0.64	0.64	0	0	0.33
287700	0.33	0.64	0.64	0	0	0.33
287800	0.33	0.64	0.64	0	0	0.33
287900	0.33	0.64	0.64	0	0	0.33
288000	0.33	0.64	0.64	0	0	0.33
288100	0.33	0.64	0.64	0	0	0.33
288200	0.33	0.64	0.64	0	0	0.33
288300	0.33	0.64	0.64	0	0	0.33
288400	0.33	0.64	0.64	0	0	0.33
288500	0.33	0.64	0.64	0	0	0.33
288600	0.33	0.64	0.64	0	0	0.33
288700	0.33	0.64	0.64	0	0	0.33
288800	0.33	0.64	0.64	0	0	0.33
288900	0.33	0.64	0.64	0	0	0.33
289000	0.33	0.64	0.64	0	0	0.33
289100	0.33	0.64	0.64	0	0	0.33
289200	0.33	0.64	0.64	0	0	0.33
289300	0.33	0.64	0.64	0	0	0.33
289400	0.33	0.64	0.64	0	0	0.33
289500	0.33	0.64	0.64	0	0	0.33
289600	0.33	0.64	0.64	0	0	0.33
289700	0.33	0.64	0.64	0	0	0.33
289800	0.33	0.64	0.64	0	0	0.33
289900	0.33	0.64	0.64	0	0	0.33
290000	0.33	0.64	0.64	0	0	0.33
290100	0.33	0.64	0.64	0	0	0.33
290200	0.33	0.64	0.64	0	0	0.33
290300	0.33	0.64	0.64	0	0	0.33
290400	0.33	0.64	0.64	0	0	0.33
290500	0.33	0.64	0.64	0	0	0.33
290600	0.33	0.64	0.64	0	0	0.33
290700	0.33	0.64	0.64	0	0	0.33
290800	0.33	0.64	0.64	0	0	0.33
290900	0.33	0.64	0.64	0	0	0.33
291000	0.33	0.64	0.64	0	0	0.33
291100	0.33	0.64	0.64	0	0	0.33
291200	0.33	0.64	0.64	0	0	0.33
291300	0.33	0.64	0.64	0	0	0.33
291400	0.33	0.64	0.64	0	0	0.33
291500	0.33	0.64	0.64	0	0	0.33
291600	0.33	0.64	0.64	0	0	0.33
291700	0.33	0.64	0.64	0	0	0.33
291800	0.33	0.64	0.64	0	0	0.33
291900	0.33	0.64	0.64	0	0	0.33
292000	0.33	0.64	0.64	0	0	0.33
292100	0.33	0.64	0.64	0	0	0.33
292200	0.33	0.64	0.64	0	0	0.33
292300	0.33	0.64	0.64	0	0	0.33
292400	0.33	0.64	0.64	0	0	0.33
292500	0.33	0.64	0.64	0	0	0.33
292600	0.33	0.64	0.64	0	0	0.33
292700	0.33	0.64	0.64	0	0	0.33
292800	0.33	0.64	0.64	0	0	0.33
292900	0.33	0.64	0.64	0	0	0.33
293000	0.33	0.64	0.64	0	0	0.33
293100	0.33	0.64	0.64	0	0	0.33
293200	0.33	0.64	0.64	0	0	0.33
293300	0.33	0.64	0.64	0	0	0.33
293400	0.33	0.64	0.64	0	0	0.33
293500	0.33	0.64	0.64	0	0	0.33
293600	0.33	0.64	0.64	0	0	0.33
293700	0.33	0.64	0.64	0	0	0.33
293800	0.33	0.64	0.64	0	0	0.33
293900	0.33	0.64	0.64	0	0	0.33
294000	0.33	0.64	0.64	0	0	0.33
294100	0.33	0.64	0.64	0	0	0.33
294200	0.33	0.64	0.64	0	0	0.33
294300	0.33	0.64	0.64	0	0	0.33
294400	0.33	0.64	0.64	0	0	0.33
294500	0.33	0.64	0.64	0	0	0.33
294600	0.33	0.64	0.64	0	0	0.33
294700	0.33	0.64	0.64	0	0	0.33
294800	0.33	0.64	0.64	0	0	0.33
294900	0.33	0.64	0.64	0	0	0.33
295000	0.33	0.64	0.64	0	0	0.33
295100	0.33	0.64	0.64	0	0	0.33
295200	0.33	0.64	0.64	0	0	0.33
295300	0.33	0.64	0.64	0	0	0.33
295400	0.33	0.64	0.64	0	0	0.33
295500	0.33	0.64	0.64	0	0	0.33
295600	0.33	0.64	0.64	0	0	0.33
295700	0.33	0.64	0.64	0	0	0.33
295800	0.33	0.64	0.64	0	0	0.33
295900	0.33	0.64	0.64	0	0	0.33
296000	0.33	0.64	0.64	0	0	0.33
296100	0.33	0.64	0.64	0	0	0.33
296200	0.33	0.64	0.64	0	0	0.33
296300	0.33	0.64	0.64	0	0	0.33
296400	0.33	0.64	0.64	0	0	0.33
296500	0.33	0.64	0.64	0	0	0.33
296600	0.33	0.64	0.64	0	0	0.33
296700	0.33	0.64	0.64	0	0	0.33
296800	0.33	0.64	0.64	0	0	0.33
296900	0.33	0.64	0.64	0	0	0.33
297000	0.33	0.64	0.64	0	0	0.33
297100	0.33	0.64	0.64	0	0	0.33
297200	0.33	0.64	0.64	0	0	0.33
297300	0.33	0.64	0.64	0	0	0.33
297400	0.33	0.64	0.64	0	0	0.33
297500	0.33	0.64	0.64	0	0	0.33
297600	0.33	0.64	0.64	0	0	0.33
297700	0.33	0.64	0.64	0	0	0.33
297800	0.33	0.64	0.64	0	0	0.33
297900	0.33	0.64	0.64	0	0	0.33
298000	0.33	0.64	0.64	0	0	0.33
298100	0.33	0.64	0.64	0	0	0.33
298200	0.33	0.64	0.64	0	0	0.33
298300	0.33	0.64	0.64	0	0	0.33
298400	0.33	0.64	0.64	0	0	0.33
298500	0.33	0.64	0.64	0	0	0.33
298600	0.33	0.64	0.64	0	0	0.33
298700	0.33	0.64	0.64	0	0	0.33
298800	0.33	0.64	0.64	0	0	0.33
298900	0.33	0.64	0.64	0	0	0.33
299000	0.33	0.64	0.64	0	0	0.33
299100	0.33	0.64	0.64	0	0	0.33
299200	0.33	0.64	0.64	0	0	0.33
299300	0.33	0.64	0.64	0	0	0.33
299400	0.33	0.64	0.64	0	0	0.33
299500	0.33	0.64	0.64	0	0	0.33
299600	0.33	0.64	0.64	0	0	0.33
299700	0.33	0.64	0.64	0	0	0.33
299800	0.33	0.64	0.64	0	0	0.33
299900	0.33	0.64	0.64	0	0	0.33
300000	0.33	0.64	0.64	0	0	0.33
