100	0.08	0.09	0.09	0	0	0.08
200	0.09	0.1	0.1	0	0	0.09
300	0.1	0.12	0.12	0	0	0.1
400	0.1	0.13	0.13	0	0	0.1
500	0.1	0.13	0.13	0	0	0.1
600	0.1	0.14	0.14	0	0	0.1
700	0.1	0.15	0.15	0	0	0.1
800	0.1	0.15	0.15	0	0	0.1
900	0.1	0.13	0.13	0	0	0.1
1000	0.11	0.15	0.15	0	0	0.11
1100	0.12	0.15	0.15	0	0	0.12
1200	0.12	0.15	0.15	0	0	0.12
1300	0.12	0.15	0.15	0	0	0.12
1400	0.11	0.14	0.14	0	0	0.11
1500	0.13	0.15	0.15	0	0	0.13
1600	0.14	0.16	0.16	0	0	0.14
1700	0.14	0.17	0.17	0	0	0.14
1800	0.15	0.17	0.17	0	0	0.15
1900	0.18	0.17	0.17	0	0	0.18
2000	0.18	0.17	0.17	0	0	0.18
2100	0.18	0.17	0.17	0	0	0.18
2200	0.17	0.17	0.17	0	0	0.17
2300	0.17	0.17	0.17	0	0	0.17
2400	0.17	0.18	0.18	0	0	0.17
2500	0.17	0.18	0.18	0	0	0.17
2600	0.17	0.19	0.19	0	0	0.17
2700	0.16	0.19	0.19	0	0	0.16
2800	0.17	0.19	0.19	0	0	0.17
2900	0.18	0.2	0.2	0	0	0.18
3000	0.18	0.2	0.2	0	0	0.18
3100	0.17	0.2	0.2	0	0	0.17
3200	0.15	0.2	0.2	0	0	0.15
3300	0.15	0.22	0.22	0	0	0.15
3400	0.15	0.23	0.23	0	0	0.15
3500	0.14	0.23	0.23	0	0	0.14
3600	0.14	0.24	0.24	0	0	0.14
3700	0.14	0.24	0.24	0	0	0.14
3800	0.14	0.24	0.24	0	0	0.14
3900	0.15	0.24	0.24	0	0	0.15
4000	0.13	0.26	0.26	0	0	0.13
4100	0.13	0.26	0.26	0	0	0.13
4200	0.12	0.26	0.26	0	0	0.12
4300	0.13	0.25	0.25	0	0	0.13
4400	0.13	0.26	0.26	0	0	0.13
4500	0.12	0.25	0.25	0	0	0.12
4600	0.12	0.25	0.25	0	0	0.12
4700	0.12	0.27	0.27	0	0	0.12
4800	0.12	0.27	0.27	0	0	0.12
4900	0.14	0.27	0.27	0	0	0.14
5000	0.14	0.27	0.27	0	0	0.14
5100	0.13	0.28	0.28	0	0	0.13
5200	0.14	0.28	0.28	0	0	0.14
5300	0.15	0.29	0.29	0	0	0.15
5400	0.15	0.28	0.28	0	0	0.15
5500	0.15	0.29	0.29	0	0	0.15
5600	0.16	0.29	0.29	0	0	0.16
5700	0.17	0.31	0.31	0	0	0.17
5800	0.17	0.31	0.31	0	0	0.17
5900	0.17	0.31	0.31	0	0	0.17
6000	0.17	0.31	0.31	0	0	0.17
6100	0.18	0.32	0.32	0	0	0.18
6200	0.19	0.33	0.33	0	0	0.19
6300	0.19	0.33	0.33	0	0	0.19
6400	0.18	0.33	0.33	0	0	0.18
6500	0.18	0.33	0.33	0	0	0.18
6600	0.17	0.33	0.33	0	0	0.17
6700	0.17	0.33	0.33	0	0	0.17
6800	0.17	0.33	0.33	0	0	0.17
6900	0.17	0.34	0.34	0	0	0.17
7000	0.17	0.35	0.35	0	0	0.17
7100	0.17	0.35	0.35	0	0	0.17
7200	0.17	0.36	0.36	0	0	0.17
7300	0.17	0.37	0.37	0	0	0.17
7400	0.19	0.37	0.37	0	0	0.19
7500	0.19	0.36	0.36	0	0	0.19
7600	0.19	0.37	0.37	0	0	0.19
7700	0.18	0.36	0.36	0	0	0.18
7800	0.18	0.36	0.36	0	0	0.18
7900	0.18	0.36	0.36	0	0	0.18
8000	0.17	0.36	0.36	0	0	0.17
8100	0.17	0.36	0.36	0	0	0.17
8200	0.17	0.35	0.35	0	0	0.17
8300	0.17	0.36	0.36	0	0	0.17
8400	0.17	0.35	0.35	0	0	0.17
8500	0.18	0.35	0.35	0	0	0.18
8600	0.18	0.36	0.36	0	0	0.18
8700	0.18	0.38	0.38	0	0	0.18
8800	0.19	0.38	0.38	0	0	0.19
8900	0.19	0.39	0.39	0	0	0.19
9000	0.19	0.4	0.4	0	0	0.19
9100	0.19	0.41	0.41	0	0	0.19
9200	0.19	0.41	0.41	0	0	0.19
9300	0.19	0.4	0.4	0	0	0.19
9400	0.19	0.4	0.4	0	0	0.19
9500	0.19	0.41	0.41	0	0	0.19
9600	0.19	0.42	0.42	0	0	0.19
9700	0.19	0.44	0.44	0	0	0.19
9800	0.19	0.44	0.44	0	0	0.19
9900	0.21	0.43	0.43	0	0	0.21
10000	0.21	0.43	0.43	0	0	0.21
10100	0.21	0.43	0.43	0	0	0.21
10200	0.21	0.43	0.43	0	0	0.21
10300	0.21	0.43	0.43	0	0	0.21
10400	0.21	0.43	0.43	0	0	0.21
10500	0.22	0.43	0.43	0	0	0.22
10600	0.22	0.43	0.43	0	0	0.22
10700	0.22	0.44	0.44	0	0	0.22
10800	0.22	0.44	0.44	0	0	0.22
10900	0.22	0.44	0.44	0	0	0.22
11000	0.23	0.44	0.44	0	0	0.23
11100	0.24	0.44	0.44	0	0	0.24
11200	0.22	0.43	0.43	0	0	0.22
11300	0.22	0.44	0.44	0	0	0.22
11400	0.22	0.44	0.44	0	0	0.22
11500	0.22	0.43	0.43	0	0	0.22
11600	0.22	0.44	0.44	0	0	0.22
11700	0.23	0.44	0.44	0	0	0.23
11800	0.23	0.43	0.43	0	0	0.23
11900	0.23	0.43	0.43	0	0	0.23
12000	0.23	0.43	0.43	0	0	0.23
12100	0.23	0.43	0.43	0	0	0.23
12200	0.23	0.44	0.44	0	0	0.23
12300	0.24	0.45	0.45	0	0	0.24
12400	0.24	0.45	0.45	0	0	0.24
12500	0.24	0.45	0.45	0	0	0.24
12600	0.24	0.45	0.45	0	0	0.24
12700	0.26	0.46	0.46	0	0	0.26
12800	0.26	0.46	0.46	0	0	0.26
12900	0.27	0.46	0.46	0	0	0.27
13000	0.27	0.46	0.46	0	0	0.27
13100	0.26	0.46	0.46	0	0	0.26
13200	0.27	0.46	0.46	0	0	0.27
13300	0.25	0.47	0.47	0	0	0.25
13400	0.25	0.47	0.47	0	0	0.25
13500	0.25	0.46	0.46	0	0	0.25
13600	0.24	0.47	0.47	0	0	0.24
13700	0.24	0.47	0.47	0	0	0.24
13800	0.25	0.47	0.47	0	0	0.25
13900	0.25	0.47	0.47	0	0	0.25
14000	0.26	0.47	0.47	0	0	0.26
14100	0.25	0.48	0.48	0	0	0.25
14200	0.25	0.48	0.48	0	0	0.25
14300	0.25	0.48	0.48	0	0	0.25
14400	0.25	0.49	0.49	0	0	0.25
14500	0.25	0.49	0.49	0	0	0.25
14600	0.25	0.49	0.49	0	0	0.25
14700	0.25	0.49	0.49	0	0	0.25
14800	0.25	0.5	0.5	0	0	0.25
14900	0.25	0.5	0.5	0	0	0.25
15000	0.26	0.5	0.5	0	0	0.26
15100	0.26	0.5	0.5	0	0	0.26
15200	0.26	0.49	0.49	0	0	0.26
15300	0.26	0.49	0.49	0	0	0.26
15400	0.26	0.5	0.5	0	0	0.26
15500	0.26	0.5	0.5	0	0	0.26
15600	0.26	0.5	0.5	0	0	0.26
15700	0.26	0.5	0.5	0	0	0.26
15800	0.27	0.5	0.5	0	0	0.27
15900	0.27	0.5	0.5	0	0	0.27
16000	0.26	0.5	0.5	0	0	0.26
16100	0.25	0.5	0.5	0	0	0.25
16200	0.24	0.5	0.5	0	0	0.24
16300	0.24	0.5	0.5	0	0	0.24
16400	0.24	0.5	0.5	0	0	0.24
16500	0.24	0.5	0.5	0	0	0.24
16600	0.24	0.49	0.49	0	0	0.24
16700	0.24	0.49	0.49	0	0	0.24
16800	0.25	0.49	0.49	0	0	0.25
16900	0.25	0.49	0.49	0	0	0.25
17000	0.25	0.49	0.49	0	0	0.25
17100	0.26	0.49	0.49	0	0	0.26
17200	0.25	0.49	0.49	0	0	0.25
17300	0.25	0.49	0.49	0	0	0.25
17400	0.26	0.49	0.49	0	0	0.26
17500	0.25	0.49	0.49	0	0	0.25
17600	0.26	0.48	0.48	0	0	0.26
17700	0.27	0.48	0.48	0	0	0.27
17800	0.23	0.48	0.48	0	0	0.23
17900	0.23	0.47	0.47	0	0	0.23
18000	0.24	0.47	0.47	0	0	0.24
18100	0.24	0.48	0.48	0	0	0.24
18200	0.25	0.48	0.48	0	0	0.25
18300	0.25	0.48	0.48	0	0	0.25
18400	0.24	0.48	0.48	0	0	0.24
18500	0.24	0.48	0.48	0	0	0.24
18600	0.24	0.48	0.48	0	0	0.24
18700	0.24	0.49	0.49	0	0	0.24
18800	0.24	0.48	0.48	0	0	0.24
18900	0.24	0.48	0.48	0	0	0.24
19000	0.25	0.49	0.49	0	0	0.25
19100	0.26	0.49	0.49	0	0	0.26
19200	0.26	0.49	0.49	0	0	0.26
19300	0.26	0.49	0.49	0	0	0.26
19400	0.25	0.49	0.49	0	0	0.25
19500	0.25	0.49	0.49	0	0	0.25
19600	0.25	0.49	0.49	0	0	0.25
19700	0.25	0.49	0.49	0	0	0.25
19800	0.25	0.49	0.49	0	0	0.25
19900	0.25	0.49	0.49	0	0	0.25
20000	0.25	0.5	0.5	0	0	0.25
20100	0.25	0.49	0.49	0	0	0.25
20200	0.25	0.52	0.52	0	0	0.25
20300	0.25	0.52	0.52	0	0	0.25
20400	0.25	0.52	0.52	0	0	0.25
20500	0.25	0.51	0.51	0	0	0.25
20600	0.25	0.51	0.51	0	0	0.25
20700	0.25	0.51	0.51	0	0	0.25
20800	0.25	0.51	0.51	0	0	0.25
20900	0.25	0.51	0.51	0	0	0.25
21000	0.24	0.51	0.51	0	0	0.24
21100	0.24	0.51	0.51	0	0	0.24
21200	0.24	0.51	0.51	0	0	0.24
21300	0.24	0.51	0.51	0	0	0.24
21400	0.24	0.51	0.51	0	0	0.24
21500	0.25	0.51	0.51	0	0	0.25
21600	0.25	0.51	0.51	0	0	0.25
21700	0.25	0.51	0.51	0	0	0.25
21800	0.25	0.51	0.51	0	0	0.25
21900	0.25	0.51	0.51	0	0	0.25
22000	0.25	0.52	0.52	0	0	0.25
22100	0.25	0.52	0.52	0	0	0.25
22200	0.26	0.52	0.52	0	0	0.26
22300	0.26	0.52	0.52	0	0	0.26
22400	0.26	0.52	0.52	0	0	0.26
22500	0.25	0.52	0.52	0	0	0.25
22600	0.25	0.52	0.52	0	0	0.25
22700	0.25	0.52	0.52	0	0	0.25
22800	0.25	0.53	0.53	0	0	0.25
22900	0.25	0.52	0.52	0	0	0.25
23000	0.26	0.52	0.52	0	0	0.26
23100	0.25	0.52	0.52	0	0	0.25
23200	0.25	0.51	0.51	0	0	0.25
23300	0.24	0.51	0.51	0	0	0.24
23400	0.24	0.51	0.51	0	0	0.24
23500	0.24	0.51	0.51	0	0	0.24
23600	0.24	0.51	0.51	0	0	0.24
23700	0.24	0.51	0.51	0	0	0.24
23800	0.24	0.51	0.51	0	0	0.24
23900	0.24	0.52	0.52	0	0	0.24
24000	0.24	0.51	0.51	0	0	0.24
24100	0.25	0.51	0.51	0	0	0.25
24200	0.26	0.51	0.51	0	0	0.26
24300	0.26	0.51	0.51	0	0	0.26
24400	0.26	0.51	0.51	0	0	0.26
24500	0.26	0.51	0.51	0	0	0.26
24600	0.26	0.51	0.51	0	0	0.26
24700	0.26	0.52	0.52	0	0	0.26
24800	0.26	0.52	0.52	0	0	0.26
24900	0.26	0.53	0.53	0	0	0.26
25000	0.26	0.52	0.52	0	0	0.26
25100	0.26	0.52	0.52	0	0	0.26
25200	0.26	0.52	0.52	0	0	0.26
25300	0.26	0.52	0.52	0	0	0.26
25400	0.26	0.52	0.52	0	0	0.26
25500	0.25	0.52	0.52	0	0	0.25
25600	0.24	0.52	0.52	0	0	0.24
25700	0.25	0.52	0.52	0	0	0.25
25800	0.25	0.52	0.52	0	0	0.25
25900	0.26	0.52	0.52	0	0	0.26
26000	0.26	0.52	0.52	0	0	0.26
26100	0.25	0.53	0.53	0	0	0.25
26200	0.25	0.53	0.53	0	0	0.25
26300	0.25	0.53	0.53	0	0	0.25
26400	0.25	0.52	0.52	0	0	0.25
26500	0.25	0.52	0.52	0	0	0.25
26600	0.25	0.52	0.52	0	0	0.25
26700	0.26	0.53	0.53	0	0	0.26
26800	0.26	0.52	0.52	0	0	0.26
26900	0.25	0.52	0.52	0	0	0.25
27000	0.25	0.52	0.52	0	0	0.25
27100	0.25	0.52	0.52	0	0	0.25
27200	0.25	0.52	0.52	0	0	0.25
27300	0.25	0.52	0.52	0	0	0.25
27400	0.25	0.52	0.52	0	0	0.25
27500	0.25	0.52	0.52	0	0	0.25
27600	0.24	0.53	0.53	0	0	0.24
27700	0.24	0.53	0.53	0	0	0.24
27800	0.24	0.53	0.53	0	0	0.24
27900	0.24	0.53	0.53	0	0	0.24
28000	0.24	0.53	0.53	0	0	0.24
28100	0.24	0.53	0.53	0	0	0.24
28200	0.24	0.53	0.53	0	0	0.24
28300	0.24	0.53	0.53	0	0	0.24
28400	0.24	0.53	0.53	0	0	0.24
28500	0.25	0.53	0.53	0	0	0.25
28600	0.25	0.53	0.53	0	0	0.25
28700	0.25	0.53	0.53	0	0	0.25
28800	0.25	0.53	0.53	0	0	0.25
28900	0.25	0.53	0.53	0	0	0.25
29000	0.24	0.53	0.53	0	0	0.24
29100	0.24	0.52	0.52	0	0	0.24
29200	0.24	0.52	0.52	0	0	0.24
29300	0.24	0.52	0.52	0	0	0.24
29400	0.25	0.52	0.52	0	0	0.25
29500	0.24	0.53	0.53	0	0	0.24
29600	0.24	0.52	0.52	0	0	0.24
29700	0.24	0.53	0.53	0	0	0.24
29800	0.24	0.53	0.53	0	0	0.24
29900	0.24	0.53	0.53	0	0	0.24
30000	0.24	0.53	0.53	0	0	0.24
30100	0.24	0.53	0.53	0	0	0.24
30200	0.24	0.53	0.53	0	0	0.24
30300	0.24	0.53	0.53	0	0	0.24
30400	0.24	0.52	0.52	0	0	0.24
30500	0.24	0.52	0.52	0	0	0.24
30600	0.25	0.52	0.52	0	0	0.25
30700	0.25	0.52	0.52	0	0	0.25
30800	0.24	0.52	0.52	0	0	0.24
30900	0.25	0.52	0.52	0	0	0.25
31000	0.25	0.52	0.52	0	0	0.25
31100	0.25	0.52	0.52	0	0	0.25
31200	0.26	0.53	0.53	0	0	0.26
31300	0.26	0.52	0.52	0	0	0.26
31400	0.26	0.52	0.52	0	0	0.26
31500	0.26	0.52	0.52	0	0	0.26
31600	0.27	0.52	0.52	0	0	0.27
31700	0.27	0.52	0.52	0	0	0.27
31800	0.27	0.52	0.52	0	0	0.27
31900	0.27	0.52	0.52	0	0	0.27
32000	0.27	0.53	0.53	0	0	0.27
32100	0.28	0.53	0.53	0	0	0.28
32200	0.28	0.53	0.53	0	0	0.28
32300	0.27	0.53	0.53	0	0	0.27
32400	0.27	0.52	0.52	0	0	0.27
32500	0.27	0.52	0.52	0	0	0.27
32600	0.27	0.52	0.52	0	0	0.27
32700	0.27	0.52	0.52	0	0	0.27
32800	0.27	0.52	0.52	0	0	0.27
32900	0.27	0.52	0.52	0	0	0.27
33000	0.27	0.52	0.52	0	0	0.27
33100	0.27	0.52	0.52	0	0	0.27
33200	0.27	0.52	0.52	0	0	0.27
33300	0.27	0.52	0.52	0	0	0.27
33400	0.27	0.53	0.53	0	0	0.27
33500	0.27	0.53	0.53	0	0	0.27
33600	0.27	0.53	0.53	0	0	0.27
33700	0.28	0.53	0.53	0	0	0.28
33800	0.28	0.53	0.53	0	0	0.28
33900	0.28	0.53	0.53	0	0	0.28
34000	0.28	0.52	0.52	0	0	0.28
34100	0.28	0.52	0.52	0	0	0.28
34200	0.28	0.52	0.52	0	0	0.28
34300	0.28	0.52	0.52	0	0	0.28
34400	0.28	0.52	0.52	0	0	0.28
34500	0.28	0.52	0.52	0	0	0.28
34600	0.28	0.52	0.52	0	0	0.28
34700	0.28	0.52	0.52	0	0	0.28
34800	0.28	0.53	0.53	0	0	0.28
34900	0.28	0.53	0.53	0	0	0.28
35000	0.28	0.54	0.54	0	0	0.28
35100	0.28	0.55	0.55	0	0	0.28
35200	0.29	0.54	0.54	0	0	0.29
35300	0.29	0.53	0.53	0	0	0.29
35400	0.28	0.52	0.52	0	0	0.28
35500	0.28	0.52	0.52	0	0	0.28
35600	0.28	0.52	0.52	0	0	0.28
35700	0.28	0.52	0.52	0	0	0.28
35800	0.28	0.52	0.52	0	0	0.28
35900	0.29	0.52	0.52	0	0	0.29
36000	0.28	0.51	0.51	0	0	0.28
36100	0.28	0.51	0.51	0	0	0.28
36200	0.28	0.53	0.53	0	0	0.28
36300	0.27	0.52	0.52	0	0	0.27
36400	0.27	0.52	0.52	0	0	0.27
36500	0.27	0.52	0.52	0	0	0.27
36600	0.27	0.52	0.52	0	0	0.27
36700	0.28	0.52	0.52	0	0	0.28
36800	0.28	0.53	0.53	0	0	0.28
36900	0.28	0.51	0.51	0	0	0.28
37000	0.27	0.51	0.51	0	0	0.27
37100	0.27	0.5	0.5	0	0	0.27
37200	0.27	0.5	0.5	0	0	0.27
37300	0.27	0.5	0.5	0	0	0.27
37400	0.27	0.5	0.5	0	0	0.27
37500	0.27	0.5	0.5	0	0	0.27
37600	0.27	0.5	0.5	0	0	0.27
37700	0.29	0.5	0.5	0	0	0.29
37800	0.3	0.51	0.51	0	0	0.3
37900	0.29	0.51	0.51	0	0	0.29
38000	0.29	0.51	0.51	0	0	0.29
38100	0.3	0.51	0.51	0	0	0.3
38200	0.3	0.51	0.51	0	0	0.3
38300	0.3	0.51	0.51	0	0	0.3
38400	0.3	0.51	0.51	0	0	0.3
38500	0.3	0.51	0.51	0	0	0.3
38600	0.3	0.51	0.51	0	0	0.3
38700	0.3	0.51	0.51	0	0	0.3
38800	0.3	0.51	0.51	0	0	0.3
38900	0.3	0.51	0.51	0	0	0.3
39000	0.3	0.51	0.51	0	0	0.3
39100	0.3	0.51	0.51	0	0	0.3
39200	0.3	0.51	0.51	0	0	0.3
39300	0.3	0.51	0.51	0	0	0.3
39400	0.29	0.51	0.51	0	0	0.29
39500	0.28	0.51	0.51	0	0	0.28
39600	0.29	0.51	0.51	0	0	0.29
39700	0.29	0.51	0.51	0	0	0.29
39800	0.28	0.51	0.51	0	0	0.28
39900	0.28	0.51	0.51	0	0	0.28
40000	0.28	0.51	0.51	0	0	0.28
40100	0.27	0.52	0.52	0	0	0.27
40200	0.27	0.52	0.52	0	0	0.27
40300	0.27	0.52	0.52	0	0	0.27
40400	0.27	0.52	0.52	0	0	0.27
40500	0.27	0.52	0.52	0	0	0.27
40600	0.27	0.52	0.52	0	0	0.27
40700	0.27	0.52	0.52	0	0	0.27
40800	0.27	0.52	0.52	0	0	0.27
40900	0.27	0.54	0.54	0	0	0.27
41000	0.27	0.54	0.54	0	0	0.27
41100	0.27	0.53	0.53	0	0	0.27
41200	0.27	0.53	0.53	0	0	0.27
41300	0.27	0.53	0.53	0	0	0.27
41400	0.28	0.53	0.53	0	0	0.28
41500	0.27	0.54	0.54	0	0	0.27
41600	0.27	0.54	0.54	0	0	0.27
41700	0.27	0.54	0.54	0	0	0.27
41800	0.27	0.54	0.54	0	0	0.27
41900	0.27	0.54	0.54	0	0	0.27
42000	0.28	0.54	0.54	0	0	0.28
42100	0.28	0.54	0.54	0	0	0.28
42200	0.28	0.54	0.54	0	0	0.28
42300	0.29	0.54	0.54	0	0	0.29
42400	0.3	0.55	0.55	0	0	0.3
42500	0.3	0.54	0.54	0	0	0.3
42600	0.31	0.54	0.54	0	0	0.31
42700	0.31	0.54	0.54	0	0	0.31
42800	0.31	0.54	0.54	0	0	0.31
42900	0.31	0.54	0.54	0	0	0.31
43000	0.3	0.54	0.54	0	0	0.3
43100	0.3	0.54	0.54	0	0	0.3
43200	0.3	0.54	0.54	0	0	0.3
43300	0.3	0.56	0.56	0	0	0.3
43400	0.31	0.55	0.55	0	0	0.31
43500	0.3	0.55	0.55	0	0	0.3
43600	0.3	0.55	0.55	0	0	0.3
43700	0.3	0.55	0.55	0	0	0.3
43800	0.3	0.55	0.55	0	0	0.3
43900	0.3	0.55	0.55	0	0	0.3
44000	0.3	0.55	0.55	0	0	0.3
44100	0.29	0.55	0.55	0	0	0.29
44200	0.29	0.55	0.55	0	0	0.29
44300	0.29	0.56	0.56	0	0	0.29
44400	0.29	0.56	0.56	0	0	0.29
44500	0.29	0.55	0.55	0	0	0.29
44600	0.29	0.55	0.55	0	0	0.29
44700	0.29	0.56	0.56	0	0	0.29
44800	0.28	0.55	0.55	0	0	0.28
44900	0.28	0.55	0.55	0	0	0.28
45000	0.28	0.56	0.56	0	0	0.28
45100	0.28	0.56	0.56	0	0	0.28
45200	0.28	0.56	0.56	0	0	0.28
45300	0.28	0.56	0.56	0	0	0.28
45400	0.28	0.56	0.56	0	0	0.28
45500	0.28	0.56	0.56	0	0	0.28
45600	0.28	0.56	0.56	0	0	0.28
45700	0.28	0.56	0.56	0	0	0.28
45800	0.28	0.56	0.56	0	0	0.28
45900	0.28	0.55	0.55	0	0	0.28
46000	0.28	0.55	0.55	0	0	0.28
46100	0.28	0.55	0.55	0	0	0.28
46200	0.29	0.55	0.55	0	0	0.29
46300	0.28	0.55	0.55	0	0	0.28
46400	0.29	0.54	0.54	0	0	0.29
46500	0.28	0.54	0.54	0	0	0.28
46600	0.28	0.54	0.54	0	0	0.28
46700	0.28	0.54	0.54	0	0	0.28
46800	0.28	0.54	0.54	0	0	0.28
46900	0.28	0.54	0.54	0	0	0.28
47000	0.29	0.54	0.54	0	0	0.29
47100	0.29	0.53	0.53	0	0	0.29
47200	0.29	0.53	0.53	0	0	0.29
47300	0.29	0.53	0.53	0	0	0.29
47400	0.29	0.53	0.53	0	0	0.29
47500	0.29	0.53	0.53	0	0	0.29
47600	0.29	0.53	0.53	0	0	0.29
47700	0.29	0.53	0.53	0	0	0.29
47800	0.29	0.53	0.53	0	0	0.29
47900	0.29	0.53	0.53	0	0	0.29
48000	0.29	0.53	0.53	0	0	0.29
48100	0.29	0.53	0.53	0	0	0.29
48200	0.29	0.54	0.54	0	0	0.29
48300	0.29	0.54	0.54	0	0	0.29
48400	0.29	0.54	0.54	0	0	0.29
48500	0.29	0.54	0.54	0	0	0.29
48600	0.29	0.54	0.54	0	0	0.29
48700	0.29	0.54	0.54	0	0	0.29
48800	0.29	0.54	0.54	0	0	0.29
48900	0.29	0.54	0.54	0	0	0.29
49000	0.29	0.54	0.54	0	0	0.29
49100	0.29	0.54	0.54	0	0	0.29
49200	0.29	0.54	0.54	0	0	0.29
49300	0.29	0.54	0.54	0	0	0.29
49400	0.3	0.54	0.54	0	0	0.3
49500	0.29	0.54	0.54	0	0	0.29
49600	0.29	0.54	0.54	0	0	0.29
49700	0.29	0.54	0.54	0	0	0.29
49800	0.3	0.54	0.54	0	0	0.3
49900	0.29	0.54	0.54	0	0	0.29
50000	0.29	0.54	0.54	0	0	0.29
50100	0.28	0.54	0.54	0	0	0.28
50200	0.29	0.54	0.54	0	0	0.29
50300	0.29	0.54	0.54	0	0	0.29
50400	0.29	0.54	0.54	0	0	0.29
50500	0.29	0.54	0.54	0	0	0.29
50600	0.29	0.54	0.54	0	0	0.29
50700	0.29	0.54	0.54	0	0	0.29
50800	0.3	0.54	0.54	0	0	0.3
50900	0.3	0.55	0.55	0	0	0.3
51000	0.3	0.56	0.56	0	0	0.3
51100	0.3	0.56	0.56	0	0	0.3
51200	0.3	0.56	0.56	0	0	0.3
51300	0.3	0.56	0.56	0	0	0.3
51400	0.3	0.56	0.56	0	0	0.3
51500	0.3	0.56	0.56	0	0	0.3
51600	0.3	0.56	0.56	0	0	0.3
51700	0.3	0.56	0.56	0	0	0.3
51800	0.3	0.56	0.56	0	0	0.3
51900	0.3	0.56	0.56	0	0	0.3
52000	0.3	0.56	0.56	0	0	0.3
52100	0.31	0.56	0.56	0	0	0.31
52200	0.3	0.56	0.56	0	0	0.3
52300	0.3	0.56	0.56	0	0	0.3
52400	0.3	0.56	0.56	0	0	0.3
52500	0.3	0.56	0.56	0	0	0.3
52600	0.3	0.56	0.56	0	0	0.3
52700	0.3	0.57	0.57	0	0	0.3
52800	0.3	0.57	0.57	0	0	0.3
52900	0.3	0.57	0.57	0	0	0.3
53000	0.3	0.57	0.57	0	0	0.3
53100	0.3	0.57	0.57	0	0	0.3
53200	0.3	0.56	0.56	0	0	0.3
53300	0.3	0.56	0.56	0	0	0.3
53400	0.3	0.56	0.56	0	0	0.3
53500	0.3	0.56	0.56	0	0	0.3
53600	0.3	0.56	0.56	0	0	0.3
53700	0.31	0.56	0.56	0	0	0.31
53800	0.31	0.56	0.56	0	0	0.31
53900	0.31	0.56	0.56	0	0	0.31
54000	0.31	0.57	0.57	0	0	0.31
54100	0.31	0.57	0.57	0	0	0.31
54200	0.31	0.57	0.57	0	0	0.31
54300	0.31	0.57	0.57	0	0	0.31
54400	0.31	0.57	0.57	0	0	0.31
54500	0.31	0.57	0.57	0	0	0.31
54600	0.31	0.57	0.57	0	0	0.31
54700	0.31	0.57	0.57	0	0	0.31
54800	0.31	0.57	0.57	0	0	0.31
54900	0.31	0.57	0.57	0	0	0.31
55000	0.31	0.57	0.57	0	0	0.31
55100	0.31	0.57	0.57	0	0	0.31
55200	0.31	0.57	0.57	0	0	0.31
55300	0.31	0.57	0.57	0	0	0.31
55400	0.31	0.57	0.57	0	0	0.31
55500	0.31	0.58	0.58	0	0	0.31
55600	0.31	0.58	0.58	0	0	0.31
55700	0.31	0.58	0.58	0	0	0.31
55800	0.31	0.58	0.58	0	0	0.31
55900	0.31	0.58	0.58	0	0	0.31
56000	0.31	0.58	0.58	0	0	0.31
56100	0.31	0.58	0.58	0	0	0.31
56200	0.31	0.58	0.58	0	0	0.31
56300	0.32	0.58	0.58	0	0	0.32
56400	0.31	0.58	0.58	0	0	0.31
56500	0.31	0.58	0.58	0	0	0.31
56600	0.31	0.59	0.59	0	0	0.31
56700	0.31	0.58	0.58	0	0	0.31
56800	0.31	0.58	0.58	0	0	0.31
56900	0.31	0.58	0.58	0	0	0.31
57000	0.31	0.58	0.58	0	0	0.31
57100	0.31	0.58	0.58	0	0	0.31
57200	0.31	0.58	0.58	0	0	0.31
57300	0.31	0.58	0.58	0	0	0.31
57400	0.31	0.58	0.58	0	0	0.31
57500	0.31	0.58	0.58	0	0	0.31
57600	0.31	0.58	0.58	0	0	0.31
57700	0.31	0.58	0.58	0	0	0.31
57800	0.31	0.58	0.58	0	0	0.31
57900	0.31	0.58	0.58	0	0	0.31
58000	0.31	0.58	0.58	0	0	0.31
58100	0.3	0.58	0.58	0	0	0.3
58200	0.3	0.58	0.58	0	0	0.3
58300	0.3	0.58	0.58	0	0	0.3
58400	0.3	0.58	0.58	0	0	0.3
58500	0.3	0.59	0.59	0	0	0.3
58600	0.3	0.59	0.59	0	0	0.3
58700	0.3	0.59	0.59	0	0	0.3
58800	0.3	0.59	0.59	0	0	0.3
58900	0.3	0.59	0.59	0	0	0.3
59000	0.29	0.59	0.59	0	0	0.29
59100	0.29	0.59	0.59	0	0	0.29
59200	0.29	0.59	0.59	0	0	0.29
59300	0.29	0.59	0.59	0	0	0.29
59400	0.29	0.59	0.59	0	0	0.29
59500	0.28	0.59	0.59	0	0	0.28
59600	0.28	0.59	0.59	0	0	0.28
59700	0.27	0.59	0.59	0	0	0.27
59800	0.27	0.59	0.59	0	0	0.27
59900	0.27	0.59	0.59	0	0	0.27
60000	0.26	0.59	0.59	0	0	0.26
60100	0.26	0.59	0.59	0	0	0.26
60200	0.26	0.59	0.59	0	0	0.26
60300	0.26	0.59	0.59	0	0	0.26
60400	0.26	0.6	0.6	0	0	0.26
60500	0.26	0.59	0.59	0	0	0.26
60600	0.26	0.59	0.59	0	0	0.26
60700	0.26	0.6	0.6	0	0	0.26
60800	0.26	0.6	0.6	0	0	0.26
60900	0.26	0.6	0.6	0	0	0.26
61000	0.27	0.6	0.6	0	0	0.27
61100	0.27	0.6	0.6	0	0	0.27
61200	0.27	0.6	0.6	0	0	0.27
61300	0.27	0.61	0.61	0	0	0.27
61400	0.27	0.61	0.61	0	0	0.27
61500	0.27	0.61	0.61	0	0	0.27
61600	0.27	0.61	0.61	0	0	0.27
61700	0.28	0.61	0.61	0	0	0.28
61800	0.28	0.61	0.61	0	0	0.28
61900	0.28	0.61	0.61	0	0	0.28
62000	0.28	0.61	0.61	0	0	0.28
62100	0.28	0.61	0.61	0	0	0.28
62200	0.28	0.61	0.61	0	0	0.28
62300	0.28	0.61	0.61	0	0	0.28
62400	0.28	0.61	0.61	0	0	0.28
62500	0.28	0.61	0.61	0	0	0.28
62600	0.28	0.61	0.61	0	0	0.28
62700	0.28	0.61	0.61	0	0	0.28
62800	0.28	0.61	0.61	0	0	0.28
62900	0.28	0.61	0.61	0	0	0.28
63000	0.28	0.61	0.61	0	0	0.28
63100	0.28	0.61	0.61	0	0	0.28
63200	0.29	0.61	0.61	0	0	0.29
63300	0.29	0.61	0.61	0	0	0.29
63400	0.29	0.61	0.61	0	0	0.29
63500	0.29	0.61	0.61	0	0	0.29
63600	0.29	0.61	0.61	0	0	0.29
63700	0.29	0.61	0.61	0	0	0.29
63800	0.29	0.61	0.61	0	0	0.29
63900	0.29	0.61	0.61	0	0	0.29
64000	0.3	0.61	0.61	0	0	0.3
64100	0.3	0.61	0.61	0	0	0.3
64200	0.3	0.61	0.61	0	0	0.3
64300	0.3	0.61	0.61	0	0	0.3
64400	0.3	0.61	0.61	0	0	0.3
64500	0.3	0.61	0.61	0	0	0.3
64600	0.3	0.61	0.61	0	0	0.3
64700	0.3	0.61	0.61	0	0	0.3
64800	0.3	0.61	0.61	0	0	0.3
64900	0.3	0.61	0.61	0	0	0.3
65000	0.3	0.61	0.61	0	0	0.3
65100	0.29	0.61	0.61	0	0	0.29
65200	0.29	0.61	0.61	0	0	0.29
65300	0.29	0.61	0.61	0	0	0.29
65400	0.29	0.61	0.61	0	0	0.29
65500	0.29	0.61	0.61	0	0	0.29
65600	0.29	0.61	0.61	0	0	0.29
65700	0.29	0.61	0.61	0	0	0.29
65800	0.29	0.61	0.61	0	0	0.29
65900	0.29	0.61	0.61	0	0	0.29
66000	0.29	0.61	0.61	0	0	0.29
66100	0.29	0.61	0.61	0	0	0.29
66200	0.29	0.61	0.61	0	0	0.29
66300	0.29	0.61	0.61	0	0	0.29
66400	0.29	0.61	0.61	0	0	0.29
66500	0.29	0.61	0.61	0	0	0.29
66600	0.29	0.61	0.61	0	0	0.29
66700	0.29	0.61	0.61	0	0	0.29
66800	0.29	0.61	0.61	0	0	0.29
66900	0.29	0.61	0.61	0	0	0.29
67000	0.29	0.61	0.61	0	0	0.29
67100	0.29	0.61	0.61	0	0	0.29
67200	0.29	0.61	0.61	0	0	0.29
67300	0.29	0.62	0.62	0	0	0.29
67400	0.29	0.62	0.62	0	0	0.29
67500	0.3	0.62	0.62	0	0	0.3
67600	0.3	0.62	0.62	0	0	0.3
67700	0.3	0.62	0.62	0	0	0.3
67800	0.29	0.62	0.62	0	0	0.29
67900	0.29	0.62	0.62	0	0	0.29
68000	0.29	0.62	0.62	0	0	0.29
68100	0.29	0.62	0.62	0	0	0.29
68200	0.29	0.62	0.62	0	0	0.29
68300	0.29	0.62	0.62	0	0	0.29
68400	0.29	0.61	0.61	0	0	0.29
68500	0.29	0.61	0.61	0	0	0.29
68600	0.29	0.61	0.61	0	0	0.29
68700	0.29	0.61	0.61	0	0	0.29
68800	0.29	0.61	0.61	0	0	0.29
68900	0.29	0.61	0.61	0	0	0.29
69000	0.29	0.61	0.61	0	0	0.29
69100	0.29	0.61	0.61	0	0	0.29
69200	0.29	0.61	0.61	0	0	0.29
69300	0.28	0.61	0.61	0	0	0.28
69400	0.28	0.61	0.61	0	0	0.28
69500	0.28	0.61	0.61	0	0	0.28
69600	0.28	0.61	0.61	0	0	0.28
69700	0.28	0.61	0.61	0	0	0.28
69800	0.28	0.61	0.61	0	0	0.28
69900	0.28	0.61	0.61	0	0	0.28
70000	0.28	0.61	0.61	0	0	0.28
70100	0.28	0.61	0.61	0	0	0.28
70200	0.28	0.61	0.61	0	0	0.28
70300	0.28	0.61	0.61	0	0	0.28
70400	0.28	0.61	0.61	0	0	0.28
70500	0.28	0.61	0.61	0	0	0.28
70600	0.28	0.61	0.61	0	0	0.28
70700	0.28	0.62	0.62	0	0	0.28
70800	0.28	0.61	0.61	0	0	0.28
70900	0.28	0.61	0.61	0	0	0.28
71000	0.28	0.61	0.61	0	0	0.28
71100	0.28	0.61	0.61	0	0	0.28
71200	0.28	0.61	0.61	0	0	0.28
71300	0.28	0.61	0.61	0	0	0.28
71400	0.28	0.61	0.61	0	0	0.28
71500	0.28	0.61	0.61	0	0	0.28
71600	0.28	0.61	0.61	0	0	0.28
71700	0.29	0.61	0.61	0	0	0.29
71800	0.29	0.61	0.61	0	0	0.29
71900	0.29	0.61	0.61	0	0	0.29
72000	0.29	0.61	0.61	0	0	0.29
72100	0.29	0.61	0.61	0	0	0.29
72200	0.29	0.61	0.61	0	0	0.29
72300	0.29	0.61	0.61	0	0	0.29
72400	0.29	0.61	0.61	0	0	0.29
72500	0.29	0.62	0.62	0	0	0.29
72600	0.29	0.62	0.62	0	0	0.29
72700	0.29	0.62	0.62	0	0	0.29
72800	0.3	0.62	0.62	0	0	0.3
72900	0.3	0.62	0.62	0	0	0.3
73000	0.3	0.62	0.62	0	0	0.3
73100	0.3	0.63	0.63	0	0	0.3
73200	0.3	0.63	0.63	0	0	0.3
73300	0.3	0.63	0.63	0	0	0.3
73400	0.3	0.63	0.63	0	0	0.3
73500	0.3	0.63	0.63	0	0	0.3
73600	0.3	0.63	0.63	0	0	0.3
73700	0.3	0.63	0.63	0	0	0.3
73800	0.3	0.63	0.63	0	0	0.3
73900	0.3	0.63	0.63	0	0	0.3
74000	0.3	0.63	0.63	0	0	0.3
74100	0.3	0.63	0.63	0	0	0.3
74200	0.3	0.63	0.63	0	0	0.3
74300	0.3	0.63	0.63	0	0	0.3
74400	0.3	0.63	0.63	0	0	0.3
74500	0.3	0.64	0.64	0	0	0.3
74600	0.3	0.64	0.64	0	0	0.3
74700	0.3	0.63	0.63	0	0	0.3
74800	0.3	0.63	0.63	0	0	0.3
74900	0.3	0.63	0.63	0	0	0.3
75000	0.3	0.63	0.63	0	0	0.3
75100	0.3	0.63	0.63	0	0	0.3
75200	0.3	0.63	0.63	0	0	0.3
75300	0.3	0.63	0.63	0	0	0.3
75400	0.3	0.63	0.63	0	0	0.3
75500	0.3	0.63	0.63	0	0	0.3
75600	0.3	0.63	0.63	0	0	0.3
75700	0.3	0.63	0.63	0	0	0.3
75800	0.3	0.63	0.63	0	0	0.3
75900	0.3	0.63	0.63	0	0	0.3
76000	0.3	0.63	0.63	0	0	0.3
76100	0.3	0.63	0.63	0	0	0.3
76200	0.3	0.63	0.63	0	0	0.3
76300	0.3	0.63	0.63	0	0	0.3
76400	0.3	0.63	0.63	0	0	0.3
76500	0.3	0.63	0.63	0	0	0.3
76600	0.31	0.63	0.63	0	0	0.31
76700	0.31	0.63	0.63	0	0	0.31
76800	0.32	0.63	0.63	0	0	0.32
76900	0.31	0.63	0.63	0	0	0.31
77000	0.31	0.63	0.63	0	0	0.31
77100	0.31	0.63	0.63	0	0	0.31
77200	0.31	0.63	0.63	0	0	0.31
77300	0.31	0.63	0.63	0	0	0.31
77400	0.31	0.63	0.63	0	0	0.31
77500	0.31	0.63	0.63	0	0	0.31
77600	0.31	0.63	0.63	0	0	0.31
77700	0.32	0.63	0.63	0	0	0.32
77800	0.32	0.63	0.63	0	0	0.32
77900	0.32	0.63	0.63	0	0	0.32
78000	0.32	0.63	0.63	0	0	0.32
78100	0.32	0.63	0.63	0	0	0.32
78200	0.32	0.63	0.63	0	0	0.32
78300	0.32	0.63	0.63	0	0	0.32
78400	0.32	0.63	0.63	0	0	0.32
78500	0.32	0.63	0.63	0	0	0.32
78600	0.32	0.63	0.63	0	0	0.32
78700	0.32	0.63	0.63	0	0	0.32
78800	0.32	0.63	0.63	0	0	0.32
78900	0.32	0.63	0.63	0	0	0.32
79000	0.32	0.63	0.63	0	0	0.32
79100	0.32	0.63	0.63	0	0	0.32
79200	0.32	0.63	0.63	0	0	0.32
79300	0.32	0.63	0.63	0	0	0.32
79400	0.32	0.63	0.63	0	0	0.32
79500	0.32	0.63	0.63	0	0	0.32
79600	0.32	0.63	0.63	0	0	0.32
79700	0.32	0.63	0.63	0	0	0.32
79800	0.32	0.63	0.63	0	0	0.32
79900	0.32	0.63	0.63	0	0	0.32
80000	0.32	0.63	0.63	0	0	0.32
80100	0.32	0.63	0.63	0	0	0.32
80200	0.32	0.63	0.63	0	0	0.32
80300	0.32	0.63	0.63	0	0	0.32
80400	0.32	0.63	0.63	0	0	0.32
80500	0.32	0.63	0.63	0	0	0.32
80600	0.32	0.63	0.63	0	0	0.32
80700	0.32	0.63	0.63	0	0	0.32
80800	0.32	0.63	0.63	0	0	0.32
80900	0.31	0.63	0.63	0	0	0.31
81000	0.32	0.63	0.63	0	0	0.32
81100	0.31	0.63	0.63	0	0	0.31
81200	0.31	0.63	0.63	0	0	0.31
81300	0.31	0.63	0.63	0	0	0.31
81400	0.31	0.63	0.63	0	0	0.31
81500	0.31	0.63	0.63	0	0	0.31
81600	0.31	0.63	0.63	0	0	0.31
81700	0.31	0.63	0.63	0	0	0.31
81800	0.31	0.61	0.61	0	0	0.31
81900	0.31	0.61	0.61	0	0	0.31
82000	0.31	0.61	0.61	0	0	0.31
82100	0.31	0.61	0.61	0	0	0.31
82200	0.31	0.61	0.61	0	0	0.31
82300	0.32	0.61	0.61	0	0	0.32
82400	0.32	0.61	0.61	0	0	0.32
82500	0.32	0.61	0.61	0	0	0.32
82600	0.32	0.61	0.61	0	0	0.32
82700	0.32	0.61	0.61	0	0	0.32
82800	0.32	0.61	0.61	0	0	0.32
82900	0.32	0.61	0.61	0	0	0.32
83000	0.32	0.61	0.61	0	0	0.32
83100	0.32	0.61	0.61	0	0	0.32
83200	0.32	0.61	0.61	0	0	0.32
83300	0.32	0.61	0.61	0	0	0.32
83400	0.32	0.61	0.61	0	0	0.32
83500	0.32	0.61	0.61	0	0	0.32
83600	0.32	0.61	0.61	0	0	0.32
83700	0.32	0.61	0.61	0	0	0.32
83800	0.32	0.61	0.61	0	0	0.32
83900	0.32	0.61	0.61	0	0	0.32
84000	0.32	0.61	0.61	0	0	0.32
84100	0.33	0.61	0.61	0	0	0.33
84200	0.33	0.61	0.61	0	0	0.33
84300	0.33	0.61	0.61	0	0	0.33
84400	0.33	0.61	0.61	0	0	0.33
84500	0.33	0.61	0.61	0	0	0.33
84600	0.33	0.61	0.61	0	0	0.33
84700	0.33	0.61	0.61	0	0	0.33
84800	0.33	0.61	0.61	0	0	0.33
84900	0.33	0.61	0.61	0	0	0.33
85000	0.33	0.61	0.61	0	0	0.33
85100	0.34	0.61	0.61	0	0	0.34
85200	0.34	0.61	0.61	0	0	0.34
85300	0.34	0.61	0.61	0	0	0.34
85400	0.34	0.61	0.61	0	0	0.34
85500	0.34	0.61	0.61	0	0	0.34
85600	0.34	0.61	0.61	0	0	0.34
85700	0.34	0.61	0.61	0	0	0.34
85800	0.34	0.61	0.61	0	0	0.34
85900	0.34	0.61	0.61	0	0	0.34
86000	0.34	0.61	0.61	0	0	0.34
86100	0.34	0.61	0.61	0	0	0.34
86200	0.34	0.61	0.61	0	0	0.34
86300	0.34	0.61	0.61	0	0	0.34
86400	0.34	0.61	0.61	0	0	0.34
86500	0.34	0.61	0.61	0	0	0.34
86600	0.34	0.61	0.61	0	0	0.34
86700	0.34	0.62	0.62	0	0	0.34
86800	0.34	0.61	0.61	0	0	0.34
86900	0.34	0.61	0.61	0	0	0.34
87000	0.34	0.61	0.61	0	0	0.34
87100	0.34	0.61	0.61	0	0	0.34
87200	0.34	0.61	0.61	0	0	0.34
87300	0.34	0.61	0.61	0	0	0.34
87400	0.34	0.61	0.61	0	0	0.34
87500	0.34	0.61	0.61	0	0	0.34
87600	0.34	0.61	0.61	0	0	0.34
87700	0.34	0.61	0.61	0	0	0.34
87800	0.34	0.61	0.61	0	0	0.34
87900	0.34	0.61	0.61	0	0	0.34
88000	0.34	0.61	0.61	0	0	0.34
88100	0.34	0.61	0.61	0	0	0.34
88200	0.34	0.61	0.61	0	0	0.34
88300	0.34	0.61	0.61	0	0	0.34
88400	0.34	0.61	0.61	0	0	0.34
88500	0.34	0.61	0.61	0	0	0.34
88600	0.34	0.61	0.61	0	0	0.34
88700	0.34	0.61	0.61	0	0	0.34
88800	0.34	0.62	0.62	0	0	0.34
88900	0.34	0.61	0.61	0	0	0.34
89000	0.34	0.61	0.61	0	0	0.34
89100	0.34	0.61	0.61	0	0	0.34
89200	0.34	0.61	0.61	0	0	0.34
89300	0.34	0.61	0.61	0	0	0.34
89400	0.34	0.61	0.61	0	0	0.34
89500	0.34	0.61	0.61	0	0	0.34
89600	0.34	0.61	0.61	0	0	0.34
89700	0.34	0.61	0.61	0	0	0.34
89800	0.34	0.61	0.61	0	0	0.34
89900	0.34	0.61	0.61	0	0	0.34
90000	0.34	0.61	0.61	0	0	0.34
90100	0.34	0.61	0.61	0	0	0.34
90200	0.34	0.61	0.61	0	0	0.34
90300	0.34	0.61	0.61	0	0	0.34
90400	0.34	0.61	0.61	0	0	0.34
90500	0.34	0.61	0.61	0	0	0.34
90600	0.34	0.61	0.61	0	0	0.34
90700	0.34	0.62	0.62	0	0	0.34
90800	0.34	0.62	0.62	0	0	0.34
90900	0.34	0.62	0.62	0	0	0.34
91000	0.34	0.62	0.62	0	0	0.34
91100	0.34	0.62	0.62	0	0	0.34
91200	0.34	0.62	0.62	0	0	0.34
91300	0.34	0.62	0.62	0	0	0.34
91400	0.34	0.62	0.62	0	0	0.34
91500	0.34	0.62	0.62	0	0	0.34
91600	0.34	0.62	0.62	0	0	0.34
91700	0.35	0.62	0.62	0	0	0.35
91800	0.35	0.62	0.62	0	0	0.35
91900	0.35	0.62	0.62	0	0	0.35
92000	0.35	0.62	0.62	0	0	0.35
92100	0.35	0.62	0.62	0	0	0.35
92200	0.35	0.62	0.62	0	0	0.35
92300	0.35	0.62	0.62	0	0	0.35
92400	0.35	0.62	0.62	0	0	0.35
92500	0.35	0.62	0.62	0	0	0.35
92600	0.35	0.62	0.62	0	0	0.35
92700	0.35	0.62	0.62	0	0	0.35
92800	0.35	0.62	0.62	0	0	0.35
92900	0.35	0.62	0.62	0	0	0.35
93000	0.35	0.62	0.62	0	0	0.35
93100	0.35	0.62	0.62	0	0	0.35
93200	0.35	0.62	0.62	0	0	0.35
93300	0.35	0.62	0.62	0	0	0.35
93400	0.35	0.62	0.62	0	0	0.35
93500	0.35	0.62	0.62	0	0	0.35
93600	0.35	0.62	0.62	0	0	0.35
93700	0.35	0.62	0.62	0	0	0.35
93800	0.35	0.62	0.62	0	0	0.35
93900	0.35	0.62	0.62	0	0	0.35
94000	0.35	0.62	0.62	0	0	0.35
94100	0.35	0.62	0.62	0	0	0.35
94200	0.35	0.62	0.62	0	0	0.35
94300	0.35	0.62	0.62	0	0	0.35
94400	0.35	0.62	0.62	0	0	0.35
94500	0.35	0.62	0.62	0	0	0.35
94600	0.36	0.62	0.62	0	0	0.36
94700	0.36	0.62	0.62	0	0	0.36
94800	0.36	0.62	0.62	0	0	0.36
94900	0.36	0.62	0.62	0	0	0.36
95000	0.36	0.62	0.62	0	0	0.36
95100	0.36	0.62	0.62	0	0	0.36
95200	0.36	0.62	0.62	0	0	0.36
95300	0.36	0.62	0.62	0	0	0.36
95400	0.36	0.62	0.62	0	0	0.36
95500	0.36	0.62	0.62	0	0	0.36
95600	0.36	0.62	0.62	0	0	0.36
95700	0.36	0.62	0.62	0	0	0.36
95800	0.36	0.62	0.62	0	0	0.36
95900	0.36	0.62	0.62	0	0	0.36
96000	0.36	0.61	0.61	0	0	0.36
96100	0.36	0.61	0.61	0	0	0.36
96200	0.36	0.61	0.61	0	0	0.36
96300	0.36	0.61	0.61	0	0	0.36
96400	0.36	0.61	0.61	0	0	0.36
96500	0.36	0.61	0.61	0	0	0.36
96600	0.36	0.61	0.61	0	0	0.36
96700	0.36	0.61	0.61	0	0	0.36
96800	0.36	0.61	0.61	0	0	0.36
96900	0.36	0.61	0.61	0	0	0.36
97000	0.36	0.61	0.61	0	0	0.36
97100	0.36	0.61	0.61	0	0	0.36
97200	0.36	0.61	0.61	0	0	0.36
97300	0.36	0.61	0.61	0	0	0.36
97400	0.36	0.61	0.61	0	0	0.36
97500	0.36	0.61	0.61	0	0	0.36
97600	0.36	0.61	0.61	0	0	0.36
97700	0.36	0.61	0.61	0	0	0.36
97800	0.36	0.61	0.61	0	0	0.36
97900	0.36	0.61	0.61	0	0	0.36
98000	0.36	0.61	0.61	0	0	0.36
98100	0.36	0.61	0.61	0	0	0.36
98200	0.36	0.61	0.61	0	0	0.36
98300	0.36	0.61	0.61	0	0	0.36
98400	0.36	0.61	0.61	0	0	0.36
98500	0.36	0.61	0.61	0	0	0.36
98600	0.36	0.61	0.61	0	0	0.36
98700	0.36	0.61	0.61	0	0	0.36
98800	0.36	0.61	0.61	0	0	0.36
98900	0.36	0.61	0.61	0	0	0.36
99000	0.36	0.61	0.61	0	0	0.36
99100	0.36	0.61	0.61	0	0	0.36
99200	0.36	0.61	0.61	0	0	0.36
99300	0.36	0.61	0.61	0	0	0.36
99400	0.36	0.61	0.61	0	0	0.36
99500	0.36	0.61	0.61	0	0	0.36
99600	0.36	0.61	0.61	0	0	0.36
99700	0.36	0.61	0.61	0	0	0.36
99800	0.36	0.61	0.61	0	0	0.36
99900	0.35	0.61	0.61	0	0	0.35
100000	0.35	0.61	0.61	0	0	0.35
100100	0.35	0.61	0.61	0	0	0.35
100200	0.35	0.61	0.61	0	0	0.35
100300	0.35	0.61	0.61	0	0	0.35
100400	0.35	0.61	0.61	0	0	0.35
100500	0.35	0.61	0.61	0	0	0.35
100600	0.35	0.61	0.61	0	0	0.35
100700	0.35	0.61	0.61	0	0	0.35
100800	0.35	0.61	0.61	0	0	0.35
100900	0.35	0.61	0.61	0	0	0.35
101000	0.35	0.61	0.61	0	0	0.35
101100	0.35	0.61	0.61	0	0	0.35
101200	0.35	0.61	0.61	0	0	0.35
101300	0.35	0.61	0.61	0	0	0.35
101400	0.35	0.61	0.61	0	0	0.35
101500	0.35	0.61	0.61	0	0	0.35
101600	0.35	0.61	0.61	0	0	0.35
101700	0.35	0.61	0.61	0	0	0.35
101800	0.35	0.61	0.61	0	0	0.35
101900	0.35	0.61	0.61	0	0	0.35
102000	0.35	0.61	0.61	0	0	0.35
102100	0.35	0.62	0.62	0	0	0.35
102200	0.35	0.62	0.62	0	0	0.35
102300	0.35	0.62	0.62	0	0	0.35
102400	0.35	0.62	0.62	0	0	0.35
102500	0.35	0.62	0.62	0	0	0.35
102600	0.35	0.62	0.62	0	0	0.35
102700	0.35	0.62	0.62	0	0	0.35
102800	0.35	0.62	0.62	0	0	0.35
102900	0.35	0.62	0.62	0	0	0.35
103000	0.35	0.62	0.62	0	0	0.35
103100	0.35	0.62	0.62	0	0	0.35
103200	0.35	0.62	0.62	0	0	0.35
103300	0.35	0.62	0.62	0	0	0.35
103400	0.35	0.62	0.62	0	0	0.35
103500	0.35	0.62	0.62	0	0	0.35
103600	0.35	0.62	0.62	0	0	0.35
103700	0.35	0.62	0.62	0	0	0.35
103800	0.35	0.62	0.62	0	0	0.35
103900	0.35	0.62	0.62	0	0	0.35
104000	0.35	0.62	0.62	0	0	0.35
104100	0.35	0.62	0.62	0	0	0.35
104200	0.35	0.62	0.62	0	0	0.35
104300	0.35	0.62	0.62	0	0	0.35
104400	0.35	0.62	0.62	0	0	0.35
104500	0.34	0.62	0.62	0	0	0.34
104600	0.34	0.62	0.62	0	0	0.34
104700	0.34	0.62	0.62	0	0	0.34
104800	0.34	0.62	0.62	0	0	0.34
104900	0.34	0.62	0.62	0	0	0.34
105000	0.34	0.62	0.62	0	0	0.34
105100	0.34	0.62	0.62	0	0	0.34
105200	0.34	0.62	0.62	0	0	0.34
105300	0.34	0.62	0.62	0	0	0.34
105400	0.34	0.62	0.62	0	0	0.34
105500	0.34	0.62	0.62	0	0	0.34
105600	0.34	0.62	0.62	0	0	0.34
105700	0.34	0.62	0.62	0	0	0.34
105800	0.34	0.62	0.62	0	0	0.34
105900	0.34	0.62	0.62	0	0	0.34
106000	0.34	0.62	0.62	0	0	0.34
106100	0.34	0.62	0.62	0	0	0.34
106200	0.34	0.62	0.62	0	0	0.34
106300	0.34	0.62	0.62	0	0	0.34
106400	0.34	0.62	0.62	0	0	0.34
106500	0.34	0.62	0.62	0	0	0.34
106600	0.34	0.62	0.62	0	0	0.34
106700	0.34	0.62	0.62	0	0	0.34
106800	0.34	0.62	0.62	0	0	0.34
106900	0.34	0.62	0.62	0	0	0.34
107000	0.34	0.62	0.62	0	0	0.34
107100	0.34	0.62	0.62	0	0	0.34
107200	0.34	0.62	0.62	0	0	0.34
107300	0.34	0.62	0.62	0	0	0.34
107400	0.34	0.62	0.62	0	0	0.34
107500	0.34	0.62	0.62	0	0	0.34
107600	0.34	0.62	0.62	0	0	0.34
107700	0.34	0.62	0.62	0	0	0.34
107800	0.34	0.62	0.62	0	0	0.34
107900	0.34	0.62	0.62	0	0	0.34
108000	0.34	0.62	0.62	0	0	0.34
108100	0.34	0.62	0.62	0	0	0.34
108200	0.34	0.62	0.62	0	0	0.34
108300	0.34	0.62	0.62	0	0	0.34
108400	0.34	0.61	0.61	0	0	0.34
108500	0.34	0.61	0.61	0	0	0.34
108600	0.34	0.61	0.61	0	0	0.34
108700	0.34	0.61	0.61	0	0	0.34
108800	0.34	0.61	0.61	0	0	0.34
108900	0.34	0.61	0.61	0	0	0.34
109000	0.34	0.61	0.61	0	0	0.34
109100	0.34	0.61	0.61	0	0	0.34
109200	0.34	0.62	0.62	0	0	0.34
109300	0.34	0.62	0.62	0	0	0.34
109400	0.34	0.62	0.62	0	0	0.34
109500	0.34	0.62	0.62	0	0	0.34
109600	0.34	0.62	0.62	0	0	0.34
109700	0.34	0.62	0.62	0	0	0.34
109800	0.34	0.62	0.62	0	0	0.34
109900	0.34	0.62	0.62	0	0	0.34
110000	0.34	0.62	0.62	0	0	0.34
110100	0.34	0.62	0.62	0	0	0.34
110200	0.34	0.62	0.62	0	0	0.34
110300	0.34	0.62	0.62	0	0	0.34
110400	0.34	0.62	0.62	0	0	0.34
110500	0.34	0.62	0.62	0	0	0.34
110600	0.34	0.62	0.62	0	0	0.34
110700	0.34	0.62	0.62	0	0	0.34
110800	0.34	0.62	0.62	0	0	0.34
110900	0.34	0.62	0.62	0	0	0.34
111000	0.34	0.62	0.62	0	0	0.34
111100	0.34	0.62	0.62	0	0	0.34
111200	0.34	0.62	0.62	0	0	0.34
111300	0.34	0.62	0.62	0	0	0.34
111400	0.34	0.62	0.62	0	0	0.34
111500	0.34	0.62	0.62	0	0	0.34
111600	0.34	0.62	0.62	0	0	0.34
111700	0.34	0.62	0.62	0	0	0.34
111800	0.34	0.62	0.62	0	0	0.34
111900	0.34	0.62	0.62	0	0	0.34
112000	0.34	0.62	0.62	0	0	0.34
112100	0.34	0.62	0.62	0	0	0.34
112200	0.34	0.62	0.62	0	0	0.34
112300	0.34	0.62	0.62	0	0	0.34
112400	0.34	0.62	0.62	0	0	0.34
112500	0.34	0.62	0.62	0	0	0.34
112600	0.34	0.62	0.62	0	0	0.34
112700	0.34	0.62	0.62	0	0	0.34
112800	0.34	0.62	0.62	0	0	0.34
112900	0.34	0.62	0.62	0	0	0.34
113000	0.34	0.62	0.62	0	0	0.34
113100	0.34	0.62	0.62	0	0	0.34
113200	0.34	0.62	0.62	0	0	0.34
113300	0.34	0.62	0.62	0	0	0.34
113400	0.34	0.62	0.62	0	0	0.34
113500	0.34	0.62	0.62	0	0	0.34
113600	0.34	0.62	0.62	0	0	0.34
113700	0.34	0.62	0.62	0	0	0.34
113800	0.34	0.62	0.62	0	0	0.34
113900	0.34	0.62	0.62	0	0	0.34
114000	0.34	0.62	0.62	0	0	0.34
114100	0.34	0.62	0.62	0	0	0.34
114200	0.34	0.62	0.62	0	0	0.34
114300	0.34	0.62	0.62	0	0	0.34
114400	0.34	0.62	0.62	0	0	0.34
114500	0.34	0.62	0.62	0	0	0.34
114600	0.34	0.62	0.62	0	0	0.34
114700	0.34	0.62	0.62	0	0	0.34
114800	0.34	0.62	0.62	0	0	0.34
114900	0.34	0.62	0.62	0	0	0.34
115000	0.34	0.62	0.62	0	0	0.34
115100	0.34	0.62	0.62	0	0	0.34
115200	0.34	0.62	0.62	0	0	0.34
115300	0.34	0.62	0.62	0	0	0.34
115400	0.34	0.62	0.62	0	0	0.34
115500	0.34	0.62	0.62	0	0	0.34
115600	0.34	0.62	0.62	0	0	0.34
115700	0.34	0.62	0.62	0	0	0.34
115800	0.34	0.62	0.62	0	0	0.34
115900	0.34	0.62	0.62	0	0	0.34
116000	0.34	0.62	0.62	0	0	0.34
116100	0.34	0.62	0.62	0	0	0.34
116200	0.34	0.62	0.62	0	0	0.34
116300	0.34	0.62	0.62	0	0	0.34
116400	0.35	0.62	0.62	0	0	0.35
116500	0.35	0.63	0.63	0	0	0.35
116600	0.35	0.63	0.63	0	0	0.35
116700	0.35	0.63	0.63	0	0	0.35
116800	0.35	0.63	0.63	0	0	0.35
116900	0.35	0.63	0.63	0	0	0.35
117000	0.35	0.63	0.63	0	0	0.35
117100	0.35	0.63	0.63	0	0	0.35
117200	0.35	0.63	0.63	0	0	0.35
117300	0.35	0.63	0.63	0	0	0.35
117400	0.35	0.63	0.63	0	0	0.35
117500	0.35	0.63	0.63	0	0	0.35
117600	0.35	0.63	0.63	0	0	0.35
117700	0.35	0.63	0.63	0	0	0.35
117800	0.35	0.63	0.63	0	0	0.35
117900	0.35	0.63	0.63	0	0	0.35
118000	0.35	0.63	0.63	0	0	0.35
118100	0.35	0.63	0.63	0	0	0.35
118200	0.35	0.63	0.63	0	0	0.35
118300	0.35	0.63	0.63	0	0	0.35
118400	0.35	0.63	0.63	0	0	0.35
118500	0.35	0.63	0.63	0	0	0.35
118600	0.35	0.63	0.63	0	0	0.35
118700	0.35	0.63	0.63	0	0	0.35
118800	0.35	0.63	0.63	0	0	0.35
118900	0.35	0.63	0.63	0	0	0.35
119000	0.35	0.63	0.63	0	0	0.35
119100	0.35	0.63	0.63	0	0	0.35
119200	0.35	0.63	0.63	0	0	0.35
119300	0.35	0.63	0.63	0	0	0.35
119400	0.35	0.63	0.63	0	0	0.35
119500	0.35	0.63	0.63	0	0	0.35
119600	0.35	0.63	0.63	0	0	0.35
119700	0.35	0.63	0.63	0	0	0.35
119800	0.35	0.63	0.63	0	0	0.35
119900	0.35	0.63	0.63	0	0	0.35
120000	0.35	0.63	0.63	0	0	0.35
120100	0.35	0.63	0.63	0	0	0.35
120200	0.35	0.63	0.63	0	0	0.35
120300	0.35	0.63	0.63	0	0	0.35
120400	0.35	0.63	0.63	0	0	0.35
120500	0.35	0.63	0.63	0	0	0.35
120600	0.35	0.63	0.63	0	0	0.35
120700	0.35	0.63	0.63	0	0	0.35
120800	0.35	0.63	0.63	0	0	0.35
120900	0.35	0.63	0.63	0	0	0.35
121000	0.35	0.63	0.63	0	0	0.35
121100	0.35	0.63	0.63	0	0	0.35
121200	0.35	0.63	0.63	0	0	0.35
121300	0.35	0.63	0.63	0	0	0.35
121400	0.35	0.63	0.63	0	0	0.35
121500	0.35	0.63	0.63	0	0	0.35
121600	0.35	0.63	0.63	0	0	0.35
121700	0.35	0.63	0.63	0	0	0.35
121800	0.35	0.63	0.63	0	0	0.35
121900	0.35	0.63	0.63	0	0	0.35
122000	0.35	0.63	0.63	0	0	0.35
122100	0.35	0.63	0.63	0	0	0.35
122200	0.35	0.63	0.63	0	0	0.35
122300	0.35	0.63	0.63	0	0	0.35
122400	0.35	0.63	0.63	0	0	0.35
122500	0.35	0.63	0.63	0	0	0.35
122600	0.35	0.63	0.63	0	0	0.35
122700	0.35	0.63	0.63	0	0	0.35
122800	0.35	0.63	0.63	0	0	0.35
122900	0.35	0.63	0.63	0	0	0.35
123000	0.35	0.63	0.63	0	0	0.35
123100	0.35	0.63	0.63	0	0	0.35
123200	0.35	0.63	0.63	0	0	0.35
123300	0.35	0.63	0.63	0	0	0.35
123400	0.35	0.63	0.63	0	0	0.35
123500	0.35	0.63	0.63	0	0	0.35
123600	0.35	0.63	0.63	0	0	0.35
123700	0.35	0.63	0.63	0	0	0.35
123800	0.35	0.63	0.63	0	0	0.35
123900	0.35	0.63	0.63	0	0	0.35
124000	0.35	0.63	0.63	0	0	0.35
124100	0.35	0.63	0.63	0	0	0.35
124200	0.35	0.63	0.63	0	0	0.35
124300	0.35	0.63	0.63	0	0	0.35
124400	0.35	0.63	0.63	0	0	0.35
124500	0.35	0.63	0.63	0	0	0.35
124600	0.35	0.63	0.63	0	0	0.35
124700	0.35	0.63	0.63	0	0	0.35
124800	0.35	0.63	0.63	0	0	0.35
124900	0.35	0.63	0.63	0	0	0.35
125000	0.35	0.63	0.63	0	0	0.35
125100	0.35	0.63	0.63	0	0	0.35
125200	0.36	0.63	0.63	0	0	0.36
125300	0.36	0.63	0.63	0	0	0.36
125400	0.36	0.63	0.63	0	0	0.36
125500	0.36	0.63	0.63	0	0	0.36
125600	0.36	0.63	0.63	0	0	0.36
125700	0.36	0.63	0.63	0	0	0.36
125800	0.36	0.63	0.63	0	0	0.36
125900	0.36	0.63	0.63	0	0	0.36
126000	0.36	0.63	0.63	0	0	0.36
126100	0.36	0.63	0.63	0	0	0.36
126200	0.36	0.63	0.63	0	0	0.36
126300	0.36	0.63	0.63	0	0	0.36
126400	0.36	0.63	0.63	0	0	0.36
126500	0.36	0.63	0.63	0	0	0.36
126600	0.36	0.63	0.63	0	0	0.36
126700	0.36	0.63	0.63	0	0	0.36
126800	0.36	0.63	0.63	0	0	0.36
126900	0.36	0.63	0.63	0	0	0.36
127000	0.36	0.63	0.63	0	0	0.36
127100	0.36	0.63	0.63	0	0	0.36
127200	0.36	0.63	0.63	0	0	0.36
127300	0.36	0.63	0.63	0	0	0.36
127400	0.36	0.63	0.63	0	0	0.36
127500	0.36	0.63	0.63	0	0	0.36
127600	0.36	0.63	0.63	0	0	0.36
127700	0.36	0.63	0.63	0	0	0.36
127800	0.36	0.63	0.63	0	0	0.36
127900	0.36	0.63	0.63	0	0	0.36
128000	0.36	0.63	0.63	0	0	0.36
128100	0.36	0.63	0.63	0	0	0.36
128200	0.36	0.63	0.63	0	0	0.36
128300	0.36	0.63	0.63	0	0	0.36
128400	0.36	0.63	0.63	0	0	0.36
128500	0.36	0.63	0.63	0	0	0.36
128600	0.36	0.63	0.63	0	0	0.36
128700	0.36	0.63	0.63	0	0	0.36
128800	0.36	0.63	0.63	0	0	0.36
128900	0.36	0.63	0.63	0	0	0.36
129000	0.36	0.63	0.63	0	0	0.36
129100	0.36	0.63	0.63	0	0	0.36
129200	0.36	0.63	0.63	0	0	0.36
129300	0.36	0.63	0.63	0	0	0.36
129400	0.36	0.63	0.63	0	0	0.36
129500	0.36	0.63	0.63	0	0	0.36
129600	0.36	0.63	0.63	0	0	0.36
129700	0.36	0.63	0.63	0	0	0.36
129800	0.36	0.63	0.63	0	0	0.36
129900	0.36	0.63	0.63	0	0	0.36
130000	0.36	0.63	0.63	0	0	0.36
130100	0.36	0.63	0.63	0	0	0.36
130200	0.36	0.63	0.63	0	0	0.36
130300	0.36	0.63	0.63	0	0	0.36
130400	0.36	0.63	0.63	0	0	0.36
130500	0.36	0.63	0.63	0	0	0.36
130600	0.36	0.63	0.63	0	0	0.36
130700	0.36	0.63	0.63	0	0	0.36
130800	0.36	0.63	0.63	0	0	0.36
130900	0.36	0.63	0.63	0	0	0.36
131000	0.36	0.63	0.63	0	0	0.36
131100	0.36	0.63	0.63	0	0	0.36
131200	0.36	0.63	0.63	0	0	0.36
131300	0.36	0.63	0.63	0	0	0.36
131400	0.36	0.63	0.63	0	0	0.36
131500	0.36	0.63	0.63	0	0	0.36
131600	0.36	0.63	0.63	0	0	0.36
131700	0.36	0.63	0.63	0	0	0.36
131800	0.36	0.63	0.63	0	0	0.36
131900	0.36	0.63	0.63	0	0	0.36
132000	0.36	0.63	0.63	0	0	0.36
132100	0.36	0.63	0.63	0	0	0.36
132200	0.36	0.63	0.63	0	0	0.36
132300	0.36	0.63	0.63	0	0	0.36
132400	0.36	0.63	0.63	0	0	0.36
132500	0.36	0.63	0.63	0	0	0.36
132600	0.36	0.63	0.63	0	0	0.36
132700	0.36	0.63	0.63	0	0	0.36
132800	0.36	0.63	0.63	0	0	0.36
132900	0.36	0.63	0.63	0	0	0.36
133000	0.36	0.63	0.63	0	0	0.36
133100	0.36	0.63	0.63	0	0	0.36
133200	0.36	0.63	0.63	0	0	0.36
133300	0.36	0.63	0.63	0	0	0.36
133400	0.36	0.63	0.63	0	0	0.36
133500	0.36	0.63	0.63	0	0	0.36
133600	0.36	0.63	0.63	0	0	0.36
133700	0.36	0.63	0.63	0	0	0.36
133800	0.36	0.63	0.63	0	0	0.36
133900	0.36	0.63	0.63	0	0	0.36
134000	0.36	0.63	0.63	0	0	0.36
134100	0.36	0.63	0.63	0	0	0.36
134200	0.36	0.63	0.63	0	0	0.36
134300	0.36	0.63	0.63	0	0	0.36
134400	0.36	0.63	0.63	0	0	0.36
134500	0.36	0.63	0.63	0	0	0.36
134600	0.36	0.63	0.63	0	0	0.36
134700	0.36	0.63	0.63	0	0	0.36
134800	0.36	0.63	0.63	0	0	0.36
134900	0.36	0.63	0.63	0	0	0.36
135000	0.36	0.63	0.63	0	0	0.36
135100	0.36	0.63	0.63	0	0	0.36
135200	0.36	0.63	0.63	0	0	0.36
135300	0.36	0.63	0.63	0	0	0.36
135400	0.36	0.63	0.63	0	0	0.36
135500	0.36	0.63	0.63	0	0	0.36
135600	0.36	0.63	0.63	0	0	0.36
135700	0.36	0.63	0.63	0	0	0.36
135800	0.36	0.63	0.63	0	0	0.36
135900	0.36	0.63	0.63	0	0	0.36
136000	0.36	0.63	0.63	0	0	0.36
136100	0.36	0.63	0.63	0	0	0.36
136200	0.36	0.63	0.63	0	0	0.36
136300	0.36	0.63	0.63	0	0	0.36
136400	0.36	0.63	0.63	0	0	0.36
136500	0.36	0.63	0.63	0	0	0.36
136600	0.36	0.63	0.63	0	0	0.36
136700	0.36	0.63	0.63	0	0	0.36
136800	0.36	0.63	0.63	0	0	0.36
136900	0.36	0.63	0.63	0	0	0.36
137000	0.36	0.63	0.63	0	0	0.36
137100	0.36	0.63	0.63	0	0	0.36
137200	0.36	0.63	0.63	0	0	0.36
137300	0.36	0.63	0.63	0	0	0.36
137400	0.36	0.63	0.63	0	0	0.36
137500	0.36	0.63	0.63	0	0	0.36
137600	0.36	0.63	0.63	0	0	0.36
137700	0.36	0.63	0.63	0	0	0.36
137800	0.36	0.63	0.63	0	0	0.36
137900	0.36	0.63	0.63	0	0	0.36
138000	0.36	0.63	0.63	0	0	0.36
138100	0.36	0.63	0.63	0	0	0.36
138200	0.36	0.63	0.63	0	0	0.36
138300	0.36	0.63	0.63	0	0	0.36
138400	0.36	0.63	0.63	0	0	0.36
138500	0.36	0.63	0.63	0	0	0.36
138600	0.36	0.63	0.63	0	0	0.36
138700	0.36	0.63	0.63	0	0	0.36
138800	0.36	0.63	0.63	0	0	0.36
138900	0.36	0.63	0.63	0	0	0.36
139000	0.36	0.63	0.63	0	0	0.36
139100	0.36	0.63	0.63	0	0	0.36
139200	0.36	0.63	0.63	0	0	0.36
139300	0.36	0.63	0.63	0	0	0.36
139400	0.36	0.63	0.63	0	0	0.36
139500	0.36	0.63	0.63	0	0	0.36
139600	0.36	0.63	0.63	0	0	0.36
139700	0.36	0.63	0.63	0	0	0.36
139800	0.36	0.63	0.63	0	0	0.36
139900	0.36	0.63	0.63	0	0	0.36
140000	0.36	0.63	0.63	0	0	0.36
140100	0.36	0.63	0.63	0	0	0.36
140200	0.36	0.63	0.63	0	0	0.36
140300	0.36	0.63	0.63	0	0	0.36
140400	0.36	0.63	0.63	0	0	0.36
140500	0.36	0.63	0.63	0	0	0.36
140600	0.36	0.63	0.63	0	0	0.36
140700	0.36	0.63	0.63	0	0	0.36
140800	0.36	0.63	0.63	0	0	0.36
140900	0.36	0.63	0.63	0	0	0.36
141000	0.36	0.63	0.63	0	0	0.36
141100	0.36	0.63	0.63	0	0	0.36
141200	0.36	0.63	0.63	0	0	0.36
141300	0.36	0.63	0.63	0	0	0.36
141400	0.36	0.63	0.63	0	0	0.36
141500	0.36	0.63	0.63	0	0	0.36
141600	0.36	0.63	0.63	0	0	0.36
141700	0.36	0.63	0.63	0	0	0.36
141800	0.36	0.63	0.63	0	0	0.36
141900	0.36	0.63	0.63	0	0	0.36
142000	0.36	0.63	0.63	0	0	0.36
142100	0.36	0.63	0.63	0	0	0.36
142200	0.36	0.63	0.63	0	0	0.36
142300	0.36	0.63	0.63	0	0	0.36
142400	0.36	0.63	0.63	0	0	0.36
142500	0.36	0.63	0.63	0	0	0.36
142600	0.36	0.63	0.63	0	0	0.36
142700	0.36	0.63	0.63	0	0	0.36
142800	0.36	0.63	0.63	0	0	0.36
142900	0.36	0.63	0.63	0	0	0.36
143000	0.36	0.63	0.63	0	0	0.36
143100	0.36	0.63	0.63	0	0	0.36
143200	0.36	0.63	0.63	0	0	0.36
143300	0.36	0.63	0.63	0	0	0.36
143400	0.36	0.63	0.63	0	0	0.36
143500	0.35	0.63	0.63	0	0	0.35
143600	0.35	0.63	0.63	0	0	0.35
143700	0.35	0.63	0.63	0	0	0.35
143800	0.35	0.63	0.63	0	0	0.35
143900	0.35	0.63	0.63	0	0	0.35
144000	0.35	0.63	0.63	0	0	0.35
144100	0.35	0.63	0.63	0	0	0.35
144200	0.35	0.63	0.63	0	0	0.35
144300	0.35	0.63	0.63	0	0	0.35
144400	0.35	0.63	0.63	0	0	0.35
144500	0.35	0.63	0.63	0	0	0.35
144600	0.35	0.63	0.63	0	0	0.35
144700	0.35	0.63	0.63	0	0	0.35
144800	0.35	0.63	0.63	0	0	0.35
144900	0.35	0.63	0.63	0	0	0.35
145000	0.35	0.63	0.63	0	0	0.35
145100	0.35	0.63	0.63	0	0	0.35
145200	0.35	0.63	0.63	0	0	0.35
145300	0.35	0.63	0.63	0	0	0.35
145400	0.35	0.63	0.63	0	0	0.35
145500	0.35	0.63	0.63	0	0	0.35
145600	0.35	0.63	0.63	0	0	0.35
145700	0.35	0.63	0.63	0	0	0.35
145800	0.35	0.63	0.63	0	0	0.35
145900	0.35	0.63	0.63	0	0	0.35
146000	0.35	0.63	0.63	0	0	0.35
146100	0.35	0.63	0.63	0	0	0.35
146200	0.35	0.63	0.63	0	0	0.35
146300	0.35	0.63	0.63	0	0	0.35
146400	0.35	0.63	0.63	0	0	0.35
146500	0.35	0.63	0.63	0	0	0.35
146600	0.35	0.63	0.63	0	0	0.35
146700	0.35	0.63	0.63	0	0	0.35
146800	0.35	0.63	0.63	0	0	0.35
146900	0.35	0.63	0.63	0	0	0.35
147000	0.35	0.63	0.63	0	0	0.35
147100	0.35	0.63	0.63	0	0	0.35
147200	0.35	0.63	0.63	0	0	0.35
147300	0.35	0.63	0.63	0	0	0.35
147400	0.35	0.63	0.63	0	0	0.35
147500	0.35	0.63	0.63	0	0	0.35
147600	0.35	0.63	0.63	0	0	0.35
147700	0.35	0.63	0.63	0	0	0.35
147800	0.35	0.63	0.63	0	0	0.35
147900	0.35	0.63	0.63	0	0	0.35
148000	0.35	0.63	0.63	0	0	0.35
148100	0.35	0.63	0.63	0	0	0.35
148200	0.35	0.63	0.63	0	0	0.35
148300	0.35	0.63	0.63	0	0	0.35
148400	0.35	0.63	0.63	0	0	0.35
148500	0.35	0.63	0.63	0	0	0.35
148600	0.35	0.63	0.63	0	0	0.35
148700	0.35	0.63	0.63	0	0	0.35
148800	0.35	0.63	0.63	0	0	0.35
148900	0.35	0.63	0.63	0	0	0.35
149000	0.35	0.63	0.63	0	0	0.35
149100	0.35	0.63	0.63	0	0	0.35
149200	0.35	0.63	0.63	0	0	0.35
149300	0.35	0.63	0.63	0	0	0.35
149400	0.35	0.63	0.63	0	0	0.35
149500	0.35	0.63	0.63	0	0	0.35
149600	0.35	0.63	0.63	0	0	0.35
149700	0.35	0.63	0.63	0	0	0.35
149800	0.35	0.63	0.63	0	0	0.35
149900	0.35	0.63	0.63	0	0	0.35
150000	0.35	0.63	0.63	0	0	0.35
150100	0.35	0.63	0.63	0	0	0.35
150200	0.35	0.63	0.63	0	0	0.35
150300	0.35	0.63	0.63	0	0	0.35
150400	0.35	0.63	0.63	0	0	0.35
150500	0.35	0.63	0.63	0	0	0.35
150600	0.35	0.63	0.63	0	0	0.35
150700	0.35	0.63	0.63	0	0	0.35
150800	0.35	0.63	0.63	0	0	0.35
150900	0.35	0.63	0.63	0	0	0.35
151000	0.35	0.63	0.63	0	0	0.35
151100	0.35	0.63	0.63	0	0	0.35
151200	0.35	0.63	0.63	0	0	0.35
151300	0.35	0.63	0.63	0	0	0.35
151400	0.35	0.63	0.63	0	0	0.35
151500	0.35	0.63	0.63	0	0	0.35
151600	0.35	0.63	0.63	0	0	0.35
151700	0.36	0.63	0.63	0	0	0.36
151800	0.36	0.63	0.63	0	0	0.36
151900	0.36	0.63	0.63	0	0	0.36
152000	0.36	0.63	0.63	0	0	0.36
152100	0.36	0.63	0.63	0	0	0.36
152200	0.36	0.63	0.63	0	0	0.36
152300	0.36	0.63	0.63	0	0	0.36
152400	0.36	0.63	0.63	0	0	0.36
152500	0.36	0.63	0.63	0	0	0.36
152600	0.36	0.63	0.63	0	0	0.36
152700	0.36	0.63	0.63	0	0	0.36
152800	0.36	0.63	0.63	0	0	0.36
152900	0.36	0.63	0.63	0	0	0.36
153000	0.36	0.63	0.63	0	0	0.36
153100	0.36	0.63	0.63	0	0	0.36
153200	0.36	0.63	0.63	0	0	0.36
153300	0.36	0.63	0.63	0	0	0.36
153400	0.36	0.63	0.63	0	0	0.36
153500	0.36	0.63	0.63	0	0	0.36
153600	0.36	0.63	0.63	0	0	0.36
153700	0.36	0.63	0.63	0	0	0.36
153800	0.36	0.63	0.63	0	0	0.36
153900	0.36	0.63	0.63	0	0	0.36
154000	0.36	0.63	0.63	0	0	0.36
154100	0.36	0.63	0.63	0	0	0.36
154200	0.36	0.63	0.63	0	0	0.36
154300	0.36	0.63	0.63	0	0	0.36
154400	0.36	0.63	0.63	0	0	0.36
154500	0.36	0.63	0.63	0	0	0.36
154600	0.36	0.63	0.63	0	0	0.36
154700	0.36	0.63	0.63	0	0	0.36
154800	0.36	0.63	0.63	0	0	0.36
154900	0.36	0.63	0.63	0	0	0.36
155000	0.36	0.63	0.63	0	0	0.36
155100	0.36	0.63	0.63	0	0	0.36
155200	0.36	0.63	0.63	0	0	0.36
155300	0.36	0.63	0.63	0	0	0.36
155400	0.36	0.63	0.63	0	0	0.36
155500	0.36	0.63	0.63	0	0	0.36
155600	0.36	0.63	0.63	0	0	0.36
155700	0.36	0.63	0.63	0	0	0.36
155800	0.36	0.63	0.63	0	0	0.36
155900	0.36	0.63	0.63	0	0	0.36
156000	0.36	0.63	0.63	0	0	0.36
156100	0.36	0.63	0.63	0	0	0.36
156200	0.36	0.63	0.63	0	0	0.36
156300	0.36	0.63	0.63	0	0	0.36
156400	0.36	0.63	0.63	0	0	0.36
156500	0.36	0.63	0.63	0	0	0.36
156600	0.36	0.63	0.63	0	0	0.36
156700	0.36	0.63	0.63	0	0	0.36
156800	0.36	0.63	0.63	0	0	0.36
156900	0.36	0.63	0.63	0	0	0.36
157000	0.36	0.63	0.63	0	0	0.36
157100	0.36	0.63	0.63	0	0	0.36
157200	0.36	0.63	0.63	0	0	0.36
157300	0.36	0.63	0.63	0	0	0.36
157400	0.36	0.63	0.63	0	0	0.36
157500	0.36	0.63	0.63	0	0	0.36
157600	0.36	0.63	0.63	0	0	0.36
157700	0.36	0.63	0.63	0	0	0.36
157800	0.36	0.63	0.63	0	0	0.36
157900	0.36	0.63	0.63	0	0	0.36
158000	0.36	0.63	0.63	0	0	0.36
158100	0.36	0.63	0.63	0	0	0.36
158200	0.36	0.63	0.63	0	0	0.36
158300	0.36	0.63	0.63	0	0	0.36
158400	0.36	0.63	0.63	0	0	0.36
158500	0.36	0.63	0.63	0	0	0.36
158600	0.36	0.63	0.63	0	0	0.36
158700	0.36	0.63	0.63	0	0	0.36
158800	0.36	0.63	0.63	0	0	0.36
158900	0.36	0.63	0.63	0	0	0.36
159000	0.36	0.63	0.63	0	0	0.36
159100	0.36	0.63	0.63	0	0	0.36
159200	0.36	0.63	0.63	0	0	0.36
159300	0.36	0.63	0.63	0	0	0.36
159400	0.36	0.63	0.63	0	0	0.36
159500	0.36	0.63	0.63	0	0	0.36
159600	0.36	0.63	0.63	0	0	0.36
159700	0.36	0.63	0.63	0	0	0.36
159800	0.36	0.63	0.63	0	0	0.36
159900	0.36	0.63	0.63	0	0	0.36
160000	0.36	0.63	0.63	0	0	0.36
160100	0.36	0.63	0.63	0	0	0.36
160200	0.36	0.63	0.63	0	0	0.36
160300	0.36	0.63	0.63	0	0	0.36
160400	0.36	0.63	0.63	0	0	0.36
160500	0.36	0.63	0.63	0	0	0.36
160600	0.36	0.63	0.63	0	0	0.36
160700	0.36	0.63	0.63	0	0	0.36
160800	0.36	0.63	0.63	0	0	0.36
160900	0.36	0.63	0.63	0	0	0.36
161000	0.36	0.63	0.63	0	0	0.36
161100	0.36	0.63	0.63	0	0	0.36
161200	0.36	0.63	0.63	0	0	0.36
161300	0.36	0.63	0.63	0	0	0.36
161400	0.36	0.63	0.63	0	0	0.36
161500	0.36	0.63	0.63	0	0	0.36
161600	0.36	0.63	0.63	0	0	0.36
161700	0.36	0.63	0.63	0	0	0.36
161800	0.36	0.63	0.63	0	0	0.36
161900	0.36	0.63	0.63	0	0	0.36
162000	0.36	0.63	0.63	0	0	0.36
162100	0.36	0.63	0.63	0	0	0.36
162200	0.36	0.63	0.63	0	0	0.36
162300	0.36	0.63	0.63	0	0	0.36
162400	0.36	0.63	0.63	0	0	0.36
162500	0.36	0.63	0.63	0	0	0.36
162600	0.36	0.63	0.63	0	0	0.36
162700	0.36	0.63	0.63	0	0	0.36
162800	0.36	0.63	0.63	0	0	0.36
162900	0.36	0.63	0.63	0	0	0.36
163000	0.36	0.63	0.63	0	0	0.36
163100	0.36	0.63	0.63	0	0	0.36
163200	0.36	0.63	0.63	0	0	0.36
163300	0.36	0.63	0.63	0	0	0.36
163400	0.36	0.63	0.63	0	0	0.36
163500	0.36	0.63	0.63	0	0	0.36
163600	0.36	0.63	0.63	0	0	0.36
163700	0.36	0.63	0.63	0	0	0.36
163800	0.36	0.63	0.63	0	0	0.36
163900	0.36	0.63	0.63	0	0	0.36
164000	0.36	0.63	0.63	0	0	0.36
164100	0.36	0.63	0.63	0	0	0.36
164200	0.36	0.63	0.63	0	0	0.36
164300	0.36	0.63	0.63	0	0	0.36
164400	0.36	0.63	0.63	0	0	0.36
164500	0.36	0.63	0.63	0	0	0.36
164600	0.36	0.63	0.63	0	0	0.36
164700	0.36	0.63	0.63	0	0	0.36
164800	0.36	0.63	0.63	0	0	0.36
164900	0.36	0.63	0.63	0	0	0.36
165000	0.36	0.63	0.63	0	0	0.36
165100	0.36	0.63	0.63	0	0	0.36
165200	0.36	0.63	0.63	0	0	0.36
165300	0.36	0.63	0.63	0	0	0.36
165400	0.36	0.63	0.63	0	0	0.36
165500	0.36	0.63	0.63	0	0	0.36
165600	0.35	0.63	0.63	0	0	0.35
165700	0.35	0.63	0.63	0	0	0.35
165800	0.35	0.63	0.63	0	0	0.35
165900	0.35	0.63	0.63	0	0	0.35
166000	0.35	0.63	0.63	0	0	0.35
166100	0.35	0.63	0.63	0	0	0.35
166200	0.35	0.63	0.63	0	0	0.35
166300	0.35	0.63	0.63	0	0	0.35
166400	0.35	0.63	0.63	0	0	0.35
166500	0.35	0.63	0.63	0	0	0.35
166600	0.34	0.63	0.63	0	0	0.34
166700	0.34	0.63	0.63	0	0	0.34
166800	0.34	0.63	0.63	0	0	0.34
166900	0.34	0.63	0.63	0	0	0.34
167000	0.34	0.63	0.63	0	0	0.34
167100	0.34	0.63	0.63	0	0	0.34
167200	0.34	0.63	0.63	0	0	0.34
167300	0.34	0.63	0.63	0	0	0.34
167400	0.34	0.63	0.63	0	0	0.34
167500	0.34	0.63	0.63	0	0	0.34
167600	0.34	0.63	0.63	0	0	0.34
167700	0.34	0.63	0.63	0	0	0.34
167800	0.34	0.63	0.63	0	0	0.34
167900	0.34	0.63	0.63	0	0	0.34
168000	0.34	0.63	0.63	0	0	0.34
168100	0.34	0.63	0.63	0	0	0.34
168200	0.34	0.63	0.63	0	0	0.34
168300	0.34	0.63	0.63	0	0	0.34
168400	0.35	0.63	0.63	0	0	0.35
168500	0.35	0.63	0.63	0	0	0.35
168600	0.34	0.63	0.63	0	0	0.34
168700	0.34	0.63	0.63	0	0	0.34
168800	0.34	0.63	0.63	0	0	0.34
168900	0.34	0.63	0.63	0	0	0.34
169000	0.34	0.63	0.63	0	0	0.34
169100	0.34	0.63	0.63	0	0	0.34
169200	0.34	0.63	0.63	0	0	0.34
169300	0.34	0.63	0.63	0	0	0.34
169400	0.34	0.63	0.63	0	0	0.34
169500	0.34	0.63	0.63	0	0	0.34
169600	0.34	0.63	0.63	0	0	0.34
169700	0.33	0.63	0.63	0	0	0.33
169800	0.33	0.63	0.63	0	0	0.33
169900	0.33	0.63	0.63	0	0	0.33
170000	0.33	0.63	0.63	0	0	0.33
170100	0.33	0.63	0.63	0	0	0.33
170200	0.33	0.63	0.63	0	0	0.33
170300	0.33	0.64	0.64	0	0	0.33
170400	0.33	0.64	0.64	0	0	0.33
170500	0.33	0.64	0.64	0	0	0.33
170600	0.33	0.64	0.64	0	0	0.33
170700	0.33	0.64	0.64	0	0	0.33
170800	0.33	0.64	0.64	0	0	0.33
170900	0.33	0.64	0.64	0	0	0.33
171000	0.33	0.64	0.64	0	0	0.33
171100	0.33	0.64	0.64	0	0	0.33
171200	0.33	0.64	0.64	0	0	0.33
171300	0.32	0.64	0.64	0	0	0.32
171400	0.32	0.64	0.64	0	0	0.32
171500	0.32	0.64	0.64	0	0	0.32
171600	0.32	0.64	0.64	0	0	0.32
171700	0.32	0.64	0.64	0	0	0.32
171800	0.32	0.64	0.64	0	0	0.32
171900	0.32	0.64	0.64	0	0	0.32
172000	0.32	0.64	0.64	0	0	0.32
172100	0.32	0.64	0.64	0	0	0.32
172200	0.32	0.64	0.64	0	0	0.32
172300	0.32	0.64	0.64	0	0	0.32
172400	0.32	0.64	0.64	0	0	0.32
172500	0.32	0.64	0.64	0	0	0.32
172600	0.32	0.63	0.63	0	0	0.32
172700	0.32	0.63	0.63	0	0	0.32
172800	0.32	0.63	0.63	0	0	0.32
172900	0.32	0.63	0.63	0	0	0.32
173000	0.32	0.63	0.63	0	0	0.32
173100	0.32	0.63	0.63	0	0	0.32
173200	0.32	0.63	0.63	0	0	0.32
173300	0.32	0.63	0.63	0	0	0.32
173400	0.32	0.63	0.63	0	0	0.32
173500	0.32	0.63	0.63	0	0	0.32
173600	0.32	0.63	0.63	0	0	0.32
173700	0.32	0.63	0.63	0	0	0.32
173800	0.32	0.63	0.63	0	0	0.32
173900	0.32	0.63	0.63	0	0	0.32
174000	0.32	0.63	0.63	0	0	0.32
174100	0.32	0.63	0.63	0	0	0.32
174200	0.32	0.63	0.63	0	0	0.32
174300	0.32	0.63	0.63	0	0	0.32
174400	0.32	0.63	0.63	0	0	0.32
174500	0.32	0.63	0.63	0	0	0.32
174600	0.32	0.63	0.63	0	0	0.32
174700	0.32	0.63	0.63	0	0	0.32
174800	0.32	0.63	0.63	0	0	0.32
174900	0.32	0.63	0.63	0	0	0.32
175000	0.32	0.63	0.63	0	0	0.32
175100	0.32	0.63	0.63	0	0	0.32
175200	0.32	0.63	0.63	0	0	0.32
175300	0.32	0.64	0.64	0	0	0.32
175400	0.32	0.64	0.64	0	0	0.32
175500	0.32	0.64	0.64	0	0	0.32
175600	0.32	0.64	0.64	0	0	0.32
175700	0.32	0.64	0.64	0	0	0.32
175800	0.32	0.64	0.64	0	0	0.32
175900	0.32	0.64	0.64	0	0	0.32
176000	0.32	0.64	0.64	0	0	0.32
176100	0.32	0.64	0.64	0	0	0.32
176200	0.32	0.64	0.64	0	0	0.32
176300	0.32	0.64	0.64	0	0	0.32
176400	0.32	0.64	0.64	0	0	0.32
176500	0.32	0.64	0.64	0	0	0.32
176600	0.32	0.64	0.64	0	0	0.32
176700	0.32	0.64	0.64	0	0	0.32
176800	0.32	0.64	0.64	0	0	0.32
176900	0.32	0.64	0.64	0	0	0.32
177000	0.32	0.64	0.64	0	0	0.32
177100	0.32	0.64	0.64	0	0	0.32
177200	0.32	0.64	0.64	0	0	0.32
177300	0.32	0.64	0.64	0	0	0.32
177400	0.32	0.64	0.64	0	0	0.32
177500	0.32	0.64	0.64	0	0	0.32
177600	0.32	0.64	0.64	0	0	0.32
177700	0.32	0.64	0.64	0	0	0.32
177800	0.32	0.64	0.64	0	0	0.32
177900	0.32	0.64	0.64	0	0	0.32
178000	0.32	0.64	0.64	0	0	0.32
178100	0.32	0.64	0.64	0	0	0.32
178200	0.32	0.64	0.64	0	0	0.32
178300	0.32	0.64	0.64	0	0	0.32
178400	0.33	0.64	0.64	0	0	0.33
178500	0.33	0.65	0.65	0	0	0.33
178600	0.33	0.65	0.65	0	0	0.33
178700	0.33	0.65	0.65	0	0	0.33
178800	0.33	0.65	0.65	0	0	0.33
178900	0.33	0.65	0.65	0	0	0.33
179000	0.33	0.65	0.65	0	0	0.33
179100	0.33	0.65	0.65	0	0	0.33
179200	0.33	0.65	0.65	0	0	0.33
179300	0.33	0.65	0.65	0	0	0.33
179400	0.33	0.65	0.65	0	0	0.33
179500	0.33	0.65	0.65	0	0	0.33
179600	0.33	0.65	0.65	0	0	0.33
179700	0.33	0.65	0.65	0	0	0.33
179800	0.33	0.65	0.65	0	0	0.33
179900	0.33	0.65	0.65	0	0	0.33
180000	0.33	0.65	0.65	0	0	0.33
180100	0.33	0.65	0.65	0	0	0.33
180200	0.33	0.65	0.65	0	0	0.33
180300	0.33	0.65	0.65	0	0	0.33
180400	0.33	0.65	0.65	0	0	0.33
180500	0.33	0.65	0.65	0	0	0.33
180600	0.33	0.65	0.65	0	0	0.33
180700	0.33	0.65	0.65	0	0	0.33
180800	0.33	0.65	0.65	0	0	0.33
180900	0.33	0.65	0.65	0	0	0.33
181000	0.33	0.65	0.65	0	0	0.33
181100	0.33	0.65	0.65	0	0	0.33
181200	0.33	0.65	0.65	0	0	0.33
181300	0.33	0.65	0.65	0	0	0.33
181400	0.33	0.65	0.65	0	0	0.33
181500	0.33	0.65	0.65	0	0	0.33
181600	0.33	0.65	0.65	0	0	0.33
181700	0.33	0.65	0.65	0	0	0.33
181800	0.33	0.65	0.65	0	0	0.33
181900	0.33	0.65	0.65	0	0	0.33
182000	0.33	0.65	0.65	0	0	0.33
182100	0.33	0.65	0.65	0	0	0.33
182200	0.33	0.65	0.65	0	0	0.33
182300	0.33	0.65	0.65	0	0	0.33
182400	0.33	0.65	0.65	0	0	0.33
182500	0.33	0.65	0.65	0	0	0.33
182600	0.33	0.65	0.65	0	0	0.33
182700	0.33	0.65	0.65	0	0	0.33
182800	0.33	0.65	0.65	0	0	0.33
182900	0.33	0.65	0.65	0	0	0.33
183000	0.33	0.65	0.65	0	0	0.33
183100	0.33	0.65	0.65	0	0	0.33
183200	0.33	0.65	0.65	0	0	0.33
183300	0.33	0.65	0.65	0	0	0.33
183400	0.32	0.65	0.65	0	0	0.32
183500	0.32	0.65	0.65	0	0	0.32
183600	0.32	0.65	0.65	0	0	0.32
183700	0.32	0.65	0.65	0	0	0.32
183800	0.32	0.65	0.65	0	0	0.32
183900	0.32	0.65	0.65	0	0	0.32
184000	0.32	0.65	0.65	0	0	0.32
184100	0.32	0.65	0.65	0	0	0.32
184200	0.32	0.65	0.65	0	0	0.32
184300	0.32	0.65	0.65	0	0	0.32
184400	0.32	0.65	0.65	0	0	0.32
184500	0.32	0.65	0.65	0	0	0.32
184600	0.32	0.65	0.65	0	0	0.32
184700	0.32	0.65	0.65	0	0	0.32
184800	0.32	0.65	0.65	0	0	0.32
184900	0.32	0.65	0.65	0	0	0.32
185000	0.32	0.65	0.65	0	0	0.32
185100	0.32	0.65	0.65	0	0	0.32
185200	0.32	0.65	0.65	0	0	0.32
185300	0.32	0.65	0.65	0	0	0.32
185400	0.32	0.65	0.65	0	0	0.32
185500	0.32	0.65	0.65	0	0	0.32
185600	0.32	0.65	0.65	0	0	0.32
185700	0.33	0.65	0.65	0	0	0.33
185800	0.33	0.65	0.65	0	0	0.33
185900	0.33	0.65	0.65	0	0	0.33
186000	0.33	0.65	0.65	0	0	0.33
186100	0.32	0.65	0.65	0	0	0.32
186200	0.32	0.65	0.65	0	0	0.32
186300	0.32	0.65	0.65	0	0	0.32
186400	0.32	0.65	0.65	0	0	0.32
186500	0.32	0.65	0.65	0	0	0.32
186600	0.32	0.65	0.65	0	0	0.32
186700	0.32	0.65	0.65	0	0	0.32
186800	0.32	0.65	0.65	0	0	0.32
186900	0.32	0.65	0.65	0	0	0.32
187000	0.32	0.65	0.65	0	0	0.32
187100	0.32	0.65	0.65	0	0	0.32
187200	0.32	0.65	0.65	0	0	0.32
187300	0.32	0.65	0.65	0	0	0.32
187400	0.32	0.65	0.65	0	0	0.32
187500	0.32	0.65	0.65	0	0	0.32
187600	0.32	0.65	0.65	0	0	0.32
187700	0.32	0.65	0.65	0	0	0.32
187800	0.32	0.65	0.65	0	0	0.32
187900	0.32	0.65	0.65	0	0	0.32
188000	0.32	0.66	0.66	0	0	0.32
188100	0.32	0.66	0.66	0	0	0.32
188200	0.32	0.66	0.66	0	0	0.32
188300	0.32	0.66	0.66	0	0	0.32
188400	0.32	0.66	0.66	0	0	0.32
188500	0.32	0.66	0.66	0	0	0.32
188600	0.32	0.66	0.66	0	0	0.32
188700	0.32	0.66	0.66	0	0	0.32
188800	0.32	0.66	0.66	0	0	0.32
188900	0.32	0.66	0.66	0	0	0.32
189000	0.32	0.66	0.66	0	0	0.32
189100	0.32	0.66	0.66	0	0	0.32
189200	0.32	0.66	0.66	0	0	0.32
189300	0.32	0.66	0.66	0	0	0.32
189400	0.32	0.66	0.66	0	0	0.32
189500	0.32	0.66	0.66	0	0	0.32
189600	0.32	0.66	0.66	0	0	0.32
189700	0.32	0.66	0.66	0	0	0.32
189800	0.32	0.66	0.66	0	0	0.32
189900	0.32	0.66	0.66	0	0	0.32
190000	0.32	0.65	0.65	0	0	0.32
190100	0.32	0.65	0.65	0	0	0.32
190200	0.32	0.65	0.65	0	0	0.32
190300	0.32	0.65	0.65	0	0	0.32
190400	0.32	0.65	0.65	0	0	0.32
190500	0.32	0.65	0.65	0	0	0.32
190600	0.32	0.65	0.65	0	0	0.32
190700	0.32	0.65	0.65	0	0	0.32
190800	0.32	0.65	0.65	0	0	0.32
190900	0.32	0.65	0.65	0	0	0.32
191000	0.32	0.65	0.65	0	0	0.32
191100	0.32	0.65	0.65	0	0	0.32
191200	0.32	0.65	0.65	0	0	0.32
191300	0.32	0.65	0.65	0	0	0.32
191400	0.32	0.65	0.65	0	0	0.32
191500	0.32	0.65	0.65	0	0	0.32
191600	0.32	0.65	0.65	0	0	0.32
191700	0.32	0.65	0.65	0	0	0.32
191800	0.32	0.65	0.65	0	0	0.32
191900	0.32	0.65	0.65	0	0	0.32
192000	0.32	0.65	0.65	0	0	0.32
192100	0.32	0.65	0.65	0	0	0.32
192200	0.32	0.65	0.65	0	0	0.32
192300	0.32	0.65	0.65	0	0	0.32
192400	0.32	0.65	0.65	0	0	0.32
192500	0.32	0.65	0.65	0	0	0.32
192600	0.32	0.65	0.65	0	0	0.32
192700	0.32	0.65	0.65	0	0	0.32
192800	0.32	0.65	0.65	0	0	0.32
192900	0.32	0.65	0.65	0	0	0.32
193000	0.32	0.65	0.65	0	0	0.32
193100	0.32	0.65	0.65	0	0	0.32
193200	0.32	0.65	0.65	0	0	0.32
193300	0.32	0.65	0.65	0	0	0.32
193400	0.32	0.65	0.65	0	0	0.32
193500	0.32	0.65	0.65	0	0	0.32
193600	0.32	0.65	0.65	0	0	0.32
193700	0.32	0.65	0.65	0	0	0.32
193800	0.32	0.65	0.65	0	0	0.32
193900	0.32	0.65	0.65	0	0	0.32
194000	0.32	0.65	0.65	0	0	0.32
194100	0.32	0.65	0.65	0	0	0.32
194200	0.32	0.65	0.65	0	0	0.32
194300	0.32	0.65	0.65	0	0	0.32
194400	0.32	0.65	0.65	0	0	0.32
194500	0.32	0.65	0.65	0	0	0.32
194600	0.32	0.65	0.65	0	0	0.32
194700	0.32	0.65	0.65	0	0	0.32
194800	0.32	0.65	0.65	0	0	0.32
194900	0.32	0.65	0.65	0	0	0.32
195000	0.32	0.65	0.65	0	0	0.32
195100	0.32	0.65	0.65	0	0	0.32
195200	0.32	0.65	0.65	0	0	0.32
195300	0.32	0.65	0.65	0	0	0.32
195400	0.32	0.65	0.65	0	0	0.32
195500	0.32	0.65	0.65	0	0	0.32
195600	0.32	0.65	0.65	0	0	0.32
195700	0.32	0.65	0.65	0	0	0.32
195800	0.32	0.65	0.65	0	0	0.32
195900	0.32	0.65	0.65	0	0	0.32
196000	0.32	0.65	0.65	0	0	0.32
196100	0.32	0.65	0.65	0	0	0.32
196200	0.32	0.65	0.65	0	0	0.32
196300	0.32	0.65	0.65	0	0	0.32
196400	0.32	0.65	0.65	0	0	0.32
196500	0.32	0.65	0.65	0	0	0.32
196600	0.32	0.65	0.65	0	0	0.32
196700	0.32	0.65	0.65	0	0	0.32
196800	0.32	0.65	0.65	0	0	0.32
196900	0.32	0.65	0.65	0	0	0.32
197000	0.32	0.65	0.65	0	0	0.32
197100	0.32	0.65	0.65	0	0	0.32
197200	0.32	0.65	0.65	0	0	0.32
197300	0.32	0.65	0.65	0	0	0.32
197400	0.32	0.65	0.65	0	0	0.32
197500	0.32	0.65	0.65	0	0	0.32
197600	0.32	0.65	0.65	0	0	0.32
197700	0.32	0.65	0.65	0	0	0.32
197800	0.32	0.65	0.65	0	0	0.32
197900	0.32	0.65	0.65	0	0	0.32
198000	0.32	0.65	0.65	0	0	0.32
198100	0.32	0.65	0.65	0	0	0.32
198200	0.32	0.65	0.65	0	0	0.32
198300	0.32	0.65	0.65	0	0	0.32
198400	0.32	0.65	0.65	0	0	0.32
198500	0.32	0.65	0.65	0	0	0.32
198600	0.32	0.65	0.65	0	0	0.32
198700	0.32	0.65	0.65	0	0	0.32
198800	0.32	0.65	0.65	0	0	0.32
198900	0.32	0.65	0.65	0	0	0.32
199000	0.32	0.65	0.65	0	0	0.32
199100	0.32	0.65	0.65	0	0	0.32
199200	0.32	0.65	0.65	0	0	0.32
199300	0.32	0.65	0.65	0	0	0.32
199400	0.32	0.65	0.65	0	0	0.32
199500	0.32	0.65	0.65	0	0	0.32
199600	0.32	0.65	0.65	0	0	0.32
199700	0.32	0.65	0.65	0	0	0.32
199800	0.32	0.65	0.65	0	0	0.32
199900	0.32	0.65	0.65	0	0	0.32
200000	0.32	0.65	0.65	0	0	0.32
200100	0.32	0.65	0.65	0	0	0.32
200200	0.32	0.65	0.65	0	0	0.32
200300	0.32	0.65	0.65	0	0	0.32
200400	0.32	0.65	0.65	0	0	0.32
200500	0.32	0.65	0.65	0	0	0.32
200600	0.32	0.65	0.65	0	0	0.32
200700	0.32	0.65	0.65	0	0	0.32
200800	0.32	0.65	0.65	0	0	0.32
200900	0.32	0.65	0.65	0	0	0.32
201000	0.32	0.65	0.65	0	0	0.32
201100	0.32	0.65	0.65	0	0	0.32
201200	0.32	0.65	0.65	0	0	0.32
201300	0.32	0.65	0.65	0	0	0.32
201400	0.32	0.65	0.65	0	0	0.32
201500	0.32	0.65	0.65	0	0	0.32
201600	0.32	0.65	0.65	0	0	0.32
201700	0.32	0.65	0.65	0	0	0.32
201800	0.32	0.65	0.65	0	0	0.32
201900	0.32	0.65	0.65	0	0	0.32
202000	0.32	0.65	0.65	0	0	0.32
202100	0.32	0.65	0.65	0	0	0.32
202200	0.32	0.65	0.65	0	0	0.32
202300	0.32	0.65	0.65	0	0	0.32
202400	0.32	0.65	0.65	0	0	0.32
202500	0.32	0.65	0.65	0	0	0.32
202600	0.32	0.65	0.65	0	0	0.32
202700	0.32	0.65	0.65	0	0	0.32
202800	0.32	0.65	0.65	0	0	0.32
202900	0.32	0.65	0.65	0	0	0.32
203000	0.32	0.65	0.65	0	0	0.32
203100	0.32	0.65	0.65	0	0	0.32
203200	0.32	0.65	0.65	0	0	0.32
203300	0.32	0.65	0.65	0	0	0.32
203400	0.32	0.65	0.65	0	0	0.32
203500	0.32	0.65	0.65	0	0	0.32
203600	0.32	0.65	0.65	0	0	0.32
203700	0.32	0.65	0.65	0	0	0.32
203800	0.32	0.65	0.65	0	0	0.32
203900	0.32	0.65	0.65	0	0	0.32
204000	0.32	0.65	0.65	0	0	0.32
204100	0.32	0.65	0.65	0	0	0.32
204200	0.32	0.65	0.65	0	0	0.32
204300	0.32	0.65	0.65	0	0	0.32
204400	0.32	0.65	0.65	0	0	0.32
204500	0.32	0.65	0.65	0	0	0.32
204600	0.32	0.65	0.65	0	0	0.32
204700	0.32	0.65	0.65	0	0	0.32
204800	0.32	0.65	0.65	0	0	0.32
204900	0.32	0.65	0.65	0	0	0.32
205000	0.32	0.65	0.65	0	0	0.32
205100	0.32	0.65	0.65	0	0	0.32
205200	0.32	0.65	0.65	0	0	0.32
205300	0.32	0.65	0.65	0	0	0.32
205400	0.32	0.65	0.65	0	0	0.32
205500	0.32	0.65	0.65	0	0	0.32
205600	0.32	0.65	0.65	0	0	0.32
205700	0.32	0.65	0.65	0	0	0.32
205800	0.32	0.65	0.65	0	0	0.32
205900	0.32	0.65	0.65	0	0	0.32
206000	0.32	0.65	0.65	0	0	0.32
206100	0.32	0.65	0.65	0	0	0.32
206200	0.32	0.65	0.65	0	0	0.32
206300	0.32	0.65	0.65	0	0	0.32
206400	0.32	0.65	0.65	0	0	0.32
206500	0.32	0.65	0.65	0	0	0.32
206600	0.32	0.65	0.65	0	0	0.32
206700	0.32	0.65	0.65	0	0	0.32
206800	0.32	0.65	0.65	0	0	0.32
206900	0.32	0.65	0.65	0	0	0.32
207000	0.32	0.65	0.65	0	0	0.32
207100	0.32	0.65	0.65	0	0	0.32
207200	0.32	0.65	0.65	0	0	0.32
207300	0.32	0.65	0.65	0	0	0.32
207400	0.32	0.65	0.65	0	0	0.32
207500	0.32	0.65	0.65	0	0	0.32
207600	0.32	0.65	0.65	0	0	0.32
207700	0.32	0.65	0.65	0	0	0.32
207800	0.32	0.65	0.65	0	0	0.32
207900	0.32	0.65	0.65	0	0	0.32
208000	0.32	0.65	0.65	0	0	0.32
208100	0.32	0.65	0.65	0	0	0.32
208200	0.32	0.65	0.65	0	0	0.32
208300	0.32	0.65	0.65	0	0	0.32
208400	0.32	0.65	0.65	0	0	0.32
208500	0.32	0.65	0.65	0	0	0.32
208600	0.32	0.65	0.65	0	0	0.32
208700	0.32	0.65	0.65	0	0	0.32
208800	0.32	0.65	0.65	0	0	0.32
208900	0.32	0.65	0.65	0	0	0.32
209000	0.32	0.65	0.65	0	0	0.32
209100	0.32	0.65	0.65	0	0	0.32
209200	0.32	0.65	0.65	0	0	0.32
209300	0.32	0.65	0.65	0	0	0.32
209400	0.32	0.65	0.65	0	0	0.32
209500	0.32	0.65	0.65	0	0	0.32
209600	0.32	0.65	0.65	0	0	0.32
209700	0.32	0.65	0.65	0	0	0.32
209800	0.32	0.65	0.65	0	0	0.32
209900	0.32	0.65	0.65	0	0	0.32
210000	0.32	0.65	0.65	0	0	0.32
210100	0.31	0.65	0.65	0	0	0.31
210200	0.31	0.65	0.65	0	0	0.31
210300	0.31	0.65	0.65	0	0	0.31
210400	0.31	0.65	0.65	0	0	0.31
210500	0.31	0.65	0.65	0	0	0.31
210600	0.31	0.65	0.65	0	0	0.31
210700	0.31	0.65	0.65	0	0	0.31
210800	0.31	0.65	0.65	0	0	0.31
210900	0.31	0.65	0.65	0	0	0.31
211000	0.31	0.66	0.66	0	0	0.31
211100	0.31	0.66	0.66	0	0	0.31
211200	0.31	0.66	0.66	0	0	0.31
211300	0.31	0.66	0.66	0	0	0.31
211400	0.31	0.66	0.66	0	0	0.31
211500	0.31	0.66	0.66	0	0	0.31
211600	0.31	0.66	0.66	0	0	0.31
211700	0.31	0.66	0.66	0	0	0.31
211800	0.31	0.66	0.66	0	0	0.31
211900	0.31	0.66	0.66	0	0	0.31
212000	0.31	0.66	0.66	0	0	0.31
212100	0.31	0.66	0.66	0	0	0.31
212200	0.31	0.66	0.66	0	0	0.31
212300	0.31	0.66	0.66	0	0	0.31
212400	0.31	0.66	0.66	0	0	0.31
212500	0.31	0.66	0.66	0	0	0.31
212600	0.31	0.66	0.66	0	0	0.31
212700	0.32	0.66	0.66	0	0	0.32
212800	0.32	0.66	0.66	0	0	0.32
212900	0.32	0.66	0.66	0	0	0.32
213000	0.32	0.66	0.66	0	0	0.32
213100	0.32	0.66	0.66	0	0	0.32
213200	0.32	0.66	0.66	0	0	0.32
213300	0.32	0.66	0.66	0	0	0.32
213400	0.32	0.66	0.66	0	0	0.32
213500	0.32	0.66	0.66	0	0	0.32
213600	0.32	0.66	0.66	0	0	0.32
213700	0.32	0.66	0.66	0	0	0.32
213800	0.32	0.66	0.66	0	0	0.32
213900	0.32	0.66	0.66	0	0	0.32
214000	0.32	0.66	0.66	0	0	0.32
214100	0.32	0.66	0.66	0	0	0.32
214200	0.32	0.66	0.66	0	0	0.32
214300	0.32	0.66	0.66	0	0	0.32
214400	0.32	0.66	0.66	0	0	0.32
214500	0.32	0.66	0.66	0	0	0.32
214600	0.32	0.66	0.66	0	0	0.32
214700	0.32	0.66	0.66	0	0	0.32
214800	0.32	0.66	0.66	0	0	0.32
214900	0.32	0.66	0.66	0	0	0.32
215000	0.32	0.66	0.66	0	0	0.32
215100	0.32	0.66	0.66	0	0	0.32
215200	0.32	0.66	0.66	0	0	0.32
215300	0.32	0.66	0.66	0	0	0.32
215400	0.32	0.66	0.66	0	0	0.32
215500	0.32	0.66	0.66	0	0	0.32
215600	0.32	0.66	0.66	0	0	0.32
215700	0.32	0.66	0.66	0	0	0.32
215800	0.32	0.66	0.66	0	0	0.32
215900	0.32	0.66	0.66	0	0	0.32
216000	0.32	0.66	0.66	0	0	0.32
216100	0.32	0.66	0.66	0	0	0.32
216200	0.32	0.66	0.66	0	0	0.32
216300	0.32	0.65	0.65	0	0	0.32
216400	0.32	0.65	0.65	0	0	0.32
216500	0.32	0.65	0.65	0	0	0.32
216600	0.32	0.65	0.65	0	0	0.32
216700	0.32	0.65	0.65	0	0	0.32
216800	0.32	0.65	0.65	0	0	0.32
216900	0.32	0.65	0.65	0	0	0.32
217000	0.32	0.65	0.65	0	0	0.32
217100	0.32	0.65	0.65	0	0	0.32
217200	0.32	0.65	0.65	0	0	0.32
217300	0.32	0.65	0.65	0	0	0.32
217400	0.32	0.65	0.65	0	0	0.32
217500	0.32	0.65	0.65	0	0	0.32
217600	0.32	0.65	0.65	0	0	0.32
217700	0.32	0.65	0.65	0	0	0.32
217800	0.32	0.65	0.65	0	0	0.32
217900	0.32	0.65	0.65	0	0	0.32
218000	0.32	0.65	0.65	0	0	0.32
218100	0.32	0.65	0.65	0	0	0.32
218200	0.32	0.65	0.65	0	0	0.32
218300	0.32	0.65	0.65	0	0	0.32
218400	0.32	0.65	0.65	0	0	0.32
218500	0.32	0.65	0.65	0	0	0.32
218600	0.33	0.65	0.65	0	0	0.33
218700	0.33	0.65	0.65	0	0	0.33
218800	0.33	0.65	0.65	0	0	0.33
218900	0.33	0.65	0.65	0	0	0.33
219000	0.33	0.65	0.65	0	0	0.33
219100	0.33	0.65	0.65	0	0	0.33
219200	0.33	0.65	0.65	0	0	0.33
219300	0.33	0.65	0.65	0	0	0.33
219400	0.33	0.65	0.65	0	0	0.33
219500	0.33	0.65	0.65	0	0	0.33
219600	0.32	0.65	0.65	0	0	0.32
219700	0.32	0.65	0.65	0	0	0.32
219800	0.32	0.65	0.65	0	0	0.32
219900	0.32	0.65	0.65	0	0	0.32
220000	0.32	0.65	0.65	0	0	0.32
220100	0.32	0.65	0.65	0	0	0.32
220200	0.32	0.65	0.65	0	0	0.32
220300	0.32	0.65	0.65	0	0	0.32
220400	0.32	0.65	0.65	0	0	0.32
220500	0.32	0.65	0.65	0	0	0.32
220600	0.32	0.65	0.65	0	0	0.32
220700	0.32	0.65	0.65	0	0	0.32
220800	0.32	0.65	0.65	0	0	0.32
220900	0.32	0.65	0.65	0	0	0.32
221000	0.32	0.65	0.65	0	0	0.32
221100	0.32	0.65	0.65	0	0	0.32
221200	0.32	0.65	0.65	0	0	0.32
221300	0.32	0.65	0.65	0	0	0.32
221400	0.32	0.65	0.65	0	0	0.32
221500	0.32	0.65	0.65	0	0	0.32
221600	0.32	0.65	0.65	0	0	0.32
221700	0.32	0.65	0.65	0	0	0.32
221800	0.32	0.65	0.65	0	0	0.32
221900	0.32	0.65	0.65	0	0	0.32
222000	0.32	0.65	0.65	0	0	0.32
222100	0.32	0.65	0.65	0	0	0.32
222200	0.32	0.65	0.65	0	0	0.32
222300	0.32	0.65	0.65	0	0	0.32
222400	0.32	0.65	0.65	0	0	0.32
222500	0.32	0.65	0.65	0	0	0.32
222600	0.32	0.65	0.65	0	0	0.32
222700	0.32	0.65	0.65	0	0	0.32
222800	0.32	0.65	0.65	0	0	0.32
222900	0.32	0.65	0.65	0	0	0.32
223000	0.32	0.65	0.65	0	0	0.32
223100	0.32	0.65	0.65	0	0	0.32
223200	0.32	0.65	0.65	0	0	0.32
223300	0.32	0.65	0.65	0	0	0.32
223400	0.32	0.65	0.65	0	0	0.32
223500	0.32	0.65	0.65	0	0	0.32
223600	0.32	0.65	0.65	0	0	0.32
223700	0.32	0.65	0.65	0	0	0.32
223800	0.32	0.65	0.65	0	0	0.32
223900	0.32	0.65	0.65	0	0	0.32
224000	0.32	0.65	0.65	0	0	0.32
224100	0.32	0.65	0.65	0	0	0.32
224200	0.32	0.65	0.65	0	0	0.32
224300	0.32	0.65	0.65	0	0	0.32
224400	0.32	0.65	0.65	0	0	0.32
224500	0.32	0.65	0.65	0	0	0.32
224600	0.32	0.65	0.65	0	0	0.32
224700	0.32	0.65	0.65	0	0	0.32
224800	0.32	0.65	0.65	0	0	0.32
224900	0.32	0.65	0.65	0	0	0.32
225000	0.32	0.65	0.65	0	0	0.32
225100	0.32	0.65	0.65	0	0	0.32
225200	0.32	0.65	0.65	0	0	0.32
225300	0.32	0.65	0.65	0	0	0.32
225400	0.32	0.65	0.65	0	0	0.32
225500	0.32	0.65	0.65	0	0	0.32
225600	0.32	0.65	0.65	0	0	0.32
225700	0.32	0.65	0.65	0	0	0.32
225800	0.32	0.65	0.65	0	0	0.32
225900	0.32	0.65	0.65	0	0	0.32
226000	0.32	0.65	0.65	0	0	0.32
226100	0.32	0.65	0.65	0	0	0.32
226200	0.32	0.65	0.65	0	0	0.32
226300	0.32	0.65	0.65	0	0	0.32
226400	0.32	0.65	0.65	0	0	0.32
226500	0.32	0.65	0.65	0	0	0.32
226600	0.32	0.65	0.65	0	0	0.32
226700	0.32	0.65	0.65	0	0	0.32
226800	0.32	0.65	0.65	0	0	0.32
226900	0.32	0.65	0.65	0	0	0.32
227000	0.32	0.65	0.65	0	0	0.32
227100	0.32	0.65	0.65	0	0	0.32
227200	0.32	0.65	0.65	0	0	0.32
227300	0.32	0.65	0.65	0	0	0.32
227400	0.32	0.65	0.65	0	0	0.32
227500	0.32	0.65	0.65	0	0	0.32
227600	0.32	0.65	0.65	0	0	0.32
227700	0.32	0.65	0.65	0	0	0.32
227800	0.32	0.65	0.65	0	0	0.32
227900	0.32	0.65	0.65	0	0	0.32
228000	0.32	0.65	0.65	0	0	0.32
228100	0.32	0.65	0.65	0	0	0.32
228200	0.32	0.65	0.65	0	0	0.32
228300	0.32	0.65	0.65	0	0	0.32
228400	0.32	0.65	0.65	0	0	0.32
228500	0.32	0.65	0.65	0	0	0.32
228600	0.32	0.65	0.65	0	0	0.32
228700	0.32	0.65	0.65	0	0	0.32
228800	0.32	0.65	0.65	0	0	0.32
228900	0.32	0.65	0.65	0	0	0.32
229000	0.32	0.65	0.65	0	0	0.32
229100	0.32	0.65	0.65	0	0	0.32
229200	0.32	0.65	0.65	0	0	0.32
229300	0.33	0.65	0.65	0	0	0.33
229400	0.33	0.65	0.65	0	0	0.33
229500	0.33	0.65	0.65	0	0	0.33
229600	0.33	0.65	0.65	0	0	0.33
229700	0.33	0.65	0.65	0	0	0.33
229800	0.33	0.65	0.65	0	0	0.33
229900	0.33	0.65	0.65	0	0	0.33
230000	0.33	0.65	0.65	0	0	0.33
230100	0.33	0.65	0.65	0	0	0.33
230200	0.33	0.65	0.65	0	0	0.33
230300	0.33	0.65	0.65	0	0	0.33
230400	0.33	0.65	0.65	0	0	0.33
230500	0.33	0.65	0.65	0	0	0.33
230600	0.33	0.65	0.65	0	0	0.33
230700	0.33	0.65	0.65	0	0	0.33
230800	0.33	0.65	0.65	0	0	0.33
230900	0.33	0.65	0.65	0	0	0.33
231000	0.33	0.65	0.65	0	0	0.33
231100	0.33	0.65	0.65	0	0	0.33
231200	0.33	0.65	0.65	0	0	0.33
231300	0.33	0.65	0.65	0	0	0.33
231400	0.33	0.65	0.65	0	0	0.33
231500	0.33	0.65	0.65	0	0	0.33
231600	0.33	0.65	0.65	0	0	0.33
231700	0.33	0.65	0.65	0	0	0.33
231800	0.33	0.65	0.65	0	0	0.33
231900	0.33	0.65	0.65	0	0	0.33
232000	0.33	0.65	0.65	0	0	0.33
232100	0.32	0.65	0.65	0	0	0.32
232200	0.32	0.65	0.65	0	0	0.32
232300	0.32	0.65	0.65	0	0	0.32
232400	0.32	0.65	0.65	0	0	0.32
232500	0.32	0.65	0.65	0	0	0.32
232600	0.32	0.65	0.65	0	0	0.32
232700	0.32	0.65	0.65	0	0	0.32
232800	0.32	0.65	0.65	0	0	0.32
232900	0.32	0.65	0.65	0	0	0.32
233000	0.32	0.65	0.65	0	0	0.32
233100	0.32	0.65	0.65	0	0	0.32
233200	0.32	0.65	0.65	0	0	0.32
233300	0.32	0.65	0.65	0	0	0.32
233400	0.32	0.65	0.65	0	0	0.32
233500	0.32	0.65	0.65	0	0	0.32
233600	0.32	0.65	0.65	0	0	0.32
233700	0.32	0.65	0.65	0	0	0.32
233800	0.32	0.65	0.65	0	0	0.32
233900	0.31	0.65	0.65	0	0	0.31
234000	0.3	0.65	0.65	0	0	0.3
234100	0.3	0.65	0.65	0	0	0.3
234200	0.29	0.65	0.65	0	0	0.29
234300	0.29	0.65	0.65	0	0	0.29
234400	0.29	0.65	0.65	0	0	0.29
234500	0.29	0.65	0.65	0	0	0.29
234600	0.29	0.65	0.65	0	0	0.29
234700	0.29	0.65	0.65	0	0	0.29
234800	0.29	0.65	0.65	0	0	0.29
234900	0.29	0.65	0.65	0	0	0.29
235000	0.29	0.65	0.65	0	0	0.29
235100	0.29	0.65	0.65	0	0	0.29
235200	0.29	0.65	0.65	0	0	0.29
235300	0.29	0.65	0.65	0	0	0.29
235400	0.29	0.65	0.65	0	0	0.29
235500	0.29	0.65	0.65	0	0	0.29
235600	0.29	0.65	0.65	0	0	0.29
235700	0.29	0.65	0.65	0	0	0.29
235800	0.29	0.65	0.65	0	0	0.29
235900	0.29	0.65	0.65	0	0	0.29
236000	0.29	0.65	0.65	0	0	0.29
236100	0.29	0.65	0.65	0	0	0.29
236200	0.29	0.65	0.65	0	0	0.29
236300	0.29	0.65	0.65	0	0	0.29
236400	0.29	0.65	0.65	0	0	0.29
236500	0.29	0.65	0.65	0	0	0.29
236600	0.29	0.65	0.65	0	0	0.29
236700	0.29	0.65	0.65	0	0	0.29
236800	0.29	0.65	0.65	0	0	0.29
236900	0.29	0.65	0.65	0	0	0.29
237000	0.29	0.65	0.65	0	0	0.29
237100	0.29	0.65	0.65	0	0	0.29
237200	0.29	0.65	0.65	0	0	0.29
237300	0.29	0.65	0.65	0	0	0.29
237400	0.29	0.65	0.65	0	0	0.29
237500	0.29	0.65	0.65	0	0	0.29
237600	0.29	0.65	0.65	0	0	0.29
237700	0.29	0.65	0.65	0	0	0.29
237800	0.29	0.65	0.65	0	0	0.29
237900	0.29	0.65	0.65	0	0	0.29
238000	0.29	0.65	0.65	0	0	0.29
238100	0.29	0.65	0.65	0	0	0.29
238200	0.29	0.65	0.65	0	0	0.29
238300	0.29	0.65	0.65	0	0	0.29
238400	0.29	0.65	0.65	0	0	0.29
238500	0.29	0.65	0.65	0	0	0.29
238600	0.29	0.65	0.65	0	0	0.29
238700	0.29	0.65	0.65	0	0	0.29
238800	0.29	0.66	0.66	0	0	0.29
238900	0.29	0.66	0.66	0	0	0.29
239000	0.29	0.66	0.66	0	0	0.29
239100	0.29	0.66	0.66	0	0	0.29
239200	0.29	0.66	0.66	0	0	0.29
239300	0.29	0.66	0.66	0	0	0.29
239400	0.29	0.66	0.66	0	0	0.29
239500	0.29	0.66	0.66	0	0	0.29
239600	0.29	0.66	0.66	0	0	0.29
239700	0.29	0.66	0.66	0	0	0.29
239800	0.29	0.66	0.66	0	0	0.29
239900	0.29	0.65	0.65	0	0	0.29
240000	0.3	0.65	0.65	0	0	0.3
240100	0.3	0.65	0.65	0	0	0.3
240200	0.3	0.65	0.65	0	0	0.3
240300	0.3	0.65	0.65	0	0	0.3
240400	0.3	0.65	0.65	0	0	0.3
240500	0.3	0.65	0.65	0	0	0.3
240600	0.29	0.65	0.65	0	0	0.29
240700	0.29	0.65	0.65	0	0	0.29
240800	0.28	0.65	0.65	0	0	0.28
240900	0.28	0.65	0.65	0	0	0.28
241000	0.28	0.65	0.65	0	0	0.28
241100	0.28	0.65	0.65	0	0	0.28
241200	0.28	0.65	0.65	0	0	0.28
241300	0.28	0.65	0.65	0	0	0.28
241400	0.28	0.65	0.65	0	0	0.28
241500	0.29	0.65	0.65	0	0	0.29
241600	0.29	0.65	0.65	0	0	0.29
241700	0.29	0.65	0.65	0	0	0.29
241800	0.29	0.65	0.65	0	0	0.29
241900	0.29	0.65	0.65	0	0	0.29
242000	0.29	0.65	0.65	0	0	0.29
242100	0.29	0.65	0.65	0	0	0.29
242200	0.29	0.65	0.65	0	0	0.29
242300	0.29	0.65	0.65	0	0	0.29
242400	0.29	0.65	0.65	0	0	0.29
242500	0.29	0.65	0.65	0	0	0.29
242600	0.29	0.65	0.65	0	0	0.29
242700	0.29	0.65	0.65	0	0	0.29
242800	0.29	0.65	0.65	0	0	0.29
242900	0.29	0.65	0.65	0	0	0.29
243000	0.29	0.65	0.65	0	0	0.29
243100	0.29	0.65	0.65	0	0	0.29
243200	0.29	0.65	0.65	0	0	0.29
243300	0.29	0.65	0.65	0	0	0.29
243400	0.29	0.65	0.65	0	0	0.29
243500	0.29	0.65	0.65	0	0	0.29
243600	0.29	0.65	0.65	0	0	0.29
243700	0.29	0.65	0.65	0	0	0.29
243800	0.29	0.65	0.65	0	0	0.29
243900	0.29	0.65	0.65	0	0	0.29
244000	0.29	0.65	0.65	0	0	0.29
244100	0.29	0.65	0.65	0	0	0.29
244200	0.29	0.65	0.65	0	0	0.29
244300	0.3	0.65	0.65	0	0	0.3
244400	0.29	0.65	0.65	0	0	0.29
244500	0.29	0.65	0.65	0	0	0.29
244600	0.29	0.65	0.65	0	0	0.29
244700	0.29	0.65	0.65	0	0	0.29
244800	0.29	0.65	0.65	0	0	0.29
244900	0.29	0.65	0.65	0	0	0.29
245000	0.29	0.65	0.65	0	0	0.29
245100	0.29	0.65	0.65	0	0	0.29
245200	0.29	0.65	0.65	0	0	0.29
245300	0.29	0.65	0.65	0	0	0.29
245400	0.29	0.65	0.65	0	0	0.29
245500	0.29	0.65	0.65	0	0	0.29
245600	0.29	0.65	0.65	0	0	0.29
245700	0.29	0.65	0.65	0	0	0.29
245800	0.29	0.67	0.67	0	0	0.29
245900	0.29	0.66	0.66	0	0	0.29
246000	0.29	0.66	0.66	0	0	0.29
246100	0.29	0.66	0.66	0	0	0.29
246200	0.29	0.66	0.66	0	0	0.29
246300	0.29	0.66	0.66	0	0	0.29
246400	0.29	0.66	0.66	0	0	0.29
246500	0.29	0.67	0.67	0	0	0.29
246600	0.29	0.66	0.66	0	0	0.29
246700	0.29	0.66	0.66	0	0	0.29
246800	0.29	0.66	0.66	0	0	0.29
246900	0.29	0.66	0.66	0	0	0.29
247000	0.29	0.66	0.66	0	0	0.29
247100	0.29	0.66	0.66	0	0	0.29
247200	0.29	0.66	0.66	0	0	0.29
247300	0.29	0.66	0.66	0	0	0.29
247400	0.29	0.66	0.66	0	0	0.29
247500	0.29	0.66	0.66	0	0	0.29
247600	0.29	0.66	0.66	0	0	0.29
247700	0.29	0.66	0.66	0	0	0.29
247800	0.29	0.66	0.66	0	0	0.29
247900	0.29	0.66	0.66	0	0	0.29
248000	0.29	0.66	0.66	0	0	0.29
248100	0.29	0.66	0.66	0	0	0.29
248200	0.29	0.66	0.66	0	0	0.29
248300	0.29	0.66	0.66	0	0	0.29
248400	0.29	0.66	0.66	0	0	0.29
248500	0.29	0.66	0.66	0	0	0.29
248600	0.29	0.66	0.66	0	0	0.29
248700	0.29	0.66	0.66	0	0	0.29
248800	0.29	0.66	0.66	0	0	0.29
248900	0.29	0.66	0.66	0	0	0.29
249000	0.29	0.66	0.66	0	0	0.29
249100	0.3	0.66	0.66	0	0	0.3
249200	0.3	0.66	0.66	0	0	0.3
249300	0.3	0.66	0.66	0	0	0.3
249400	0.3	0.66	0.66	0	0	0.3
249500	0.3	0.67	0.67	0	0	0.3
249600	0.3	0.66	0.66	0	0	0.3
249700	0.3	0.65	0.65	0	0	0.3
249800	0.3	0.64	0.64	0	0	0.3
249900	0.31	0.64	0.64	0	0	0.31
250000	0.3	0.64	0.64	0	0	0.3
250100	0.3	0.64	0.64	0	0	0.3
250200	0.3	0.64	0.64	0	0	0.3
250300	0.3	0.64	0.64	0	0	0.3
250400	0.3	0.64	0.64	0	0	0.3
250500	0.3	0.64	0.64	0	0	0.3
250600	0.3	0.64	0.64	0	0	0.3
250700	0.3	0.64	0.64	0	0	0.3
250800	0.3	0.64	0.64	0	0	0.3
250900	0.3	0.64	0.64	0	0	0.3
251000	0.3	0.65	0.65	0	0	0.3
251100	0.3	0.64	0.64	0	0	0.3
251200	0.3	0.64	0.64	0	0	0.3
251300	0.3	0.64	0.64	0	0	0.3
251400	0.3	0.64	0.64	0	0	0.3
251500	0.3	0.64	0.64	0	0	0.3
251600	0.3	0.64	0.64	0	0	0.3
251700	0.3	0.64	0.64	0	0	0.3
251800	0.3	0.65	0.65	0	0	0.3
251900	0.3	0.65	0.65	0	0	0.3
252000	0.3	0.65	0.65	0	0	0.3
252100	0.3	0.64	0.64	0	0	0.3
252200	0.3	0.64	0.64	0	0	0.3
252300	0.3	0.64	0.64	0	0	0.3
252400	0.3	0.64	0.64	0	0	0.3
252500	0.3	0.64	0.64	0	0	0.3
252600	0.29	0.64	0.64	0	0	0.29
252700	0.29	0.64	0.64	0	0	0.29
252800	0.29	0.64	0.64	0	0	0.29
252900	0.29	0.63	0.63	0	0	0.29
253000	0.29	0.63	0.63	0	0	0.29
253100	0.29	0.63	0.63	0	0	0.29
253200	0.29	0.63	0.63	0	0	0.29
253300	0.29	0.63	0.63	0	0	0.29
253400	0.29	0.63	0.63	0	0	0.29
253500	0.29	0.63	0.63	0	0	0.29
253600	0.29	0.63	0.63	0	0	0.29
253700	0.29	0.63	0.63	0	0	0.29
253800	0.29	0.63	0.63	0	0	0.29
253900	0.29	0.63	0.63	0	0	0.29
254000	0.29	0.63	0.63	0	0	0.29
254100	0.29	0.63	0.63	0	0	0.29
254200	0.29	0.63	0.63	0	0	0.29
254300	0.29	0.64	0.64	0	0	0.29
254400	0.29	0.63	0.63	0	0	0.29
254500	0.29	0.64	0.64	0	0	0.29
254600	0.29	0.64	0.64	0	0	0.29
254700	0.29	0.64	0.64	0	0	0.29
254800	0.29	0.64	0.64	0	0	0.29
254900	0.29	0.64	0.64	0	0	0.29
255000	0.29	0.64	0.64	0	0	0.29
255100	0.3	0.64	0.64	0	0	0.3
255200	0.3	0.64	0.64	0	0	0.3
255300	0.3	0.64	0.64	0	0	0.3
255400	0.3	0.65	0.65	0	0	0.3
255500	0.3	0.65	0.65	0	0	0.3
255600	0.3	0.65	0.65	0	0	0.3
255700	0.3	0.65	0.65	0	0	0.3
255800	0.3	0.66	0.66	0	0	0.3
255900	0.3	0.66	0.66	0	0	0.3
256000	0.3	0.66	0.66	0	0	0.3
256100	0.3	0.66	0.66	0	0	0.3
256200	0.3	0.66	0.66	0	0	0.3
256300	0.3	0.66	0.66	0	0	0.3
256400	0.3	0.66	0.66	0	0	0.3
256500	0.31	0.66	0.66	0	0	0.31
256600	0.31	0.66	0.66	0	0	0.31
256700	0.31	0.66	0.66	0	0	0.31
256800	0.31	0.66	0.66	0	0	0.31
256900	0.31	0.66	0.66	0	0	0.31
257000	0.31	0.66	0.66	0	0	0.31
257100	0.31	0.66	0.66	0	0	0.31
257200	0.31	0.66	0.66	0	0	0.31
257300	0.31	0.66	0.66	0	0	0.31
257400	0.31	0.66	0.66	0	0	0.31
257500	0.31	0.66	0.66	0	0	0.31
257600	0.31	0.66	0.66	0	0	0.31
257700	0.31	0.66	0.66	0	0	0.31
257800	0.31	0.66	0.66	0	0	0.31
257900	0.31	0.66	0.66	0	0	0.31
258000	0.31	0.66	0.66	0	0	0.31
258100	0.31	0.66	0.66	0	0	0.31
258200	0.31	0.66	0.66	0	0	0.31
258300	0.31	0.66	0.66	0	0	0.31
258400	0.31	0.65	0.65	0	0	0.31
258500	0.31	0.65	0.65	0	0	0.31
258600	0.31	0.65	0.65	0	0	0.31
258700	0.3	0.65	0.65	0	0	0.3
258800	0.3	0.65	0.65	0	0	0.3
258900	0.3	0.65	0.65	0	0	0.3
259000	0.3	0.65	0.65	0	0	0.3
259100	0.3	0.65	0.65	0	0	0.3
259200	0.3	0.65	0.65	0	0	0.3
259300	0.3	0.65	0.65	0	0	0.3
259400	0.3	0.65	0.65	0	0	0.3
259500	0.3	0.65	0.65	0	0	0.3
259600	0.3	0.65	0.65	0	0	0.3
259700	0.3	0.65	0.65	0	0	0.3
259800	0.3	0.65	0.65	0	0	0.3
259900	0.3	0.65	0.65	0	0	0.3
260000	0.3	0.65	0.65	0	0	0.3
260100	0.3	0.65	0.65	0	0	0.3
260200	0.3	0.65	0.65	0	0	0.3
260300	0.3	0.65	0.65	0	0	0.3
260400	0.3	0.65	0.65	0	0	0.3
260500	0.3	0.65	0.65	0	0	0.3
260600	0.3	0.65	0.65	0	0	0.3
260700	0.3	0.65	0.65	0	0	0.3
260800	0.3	0.65	0.65	0	0	0.3
260900	0.3	0.65	0.65	0	0	0.3
261000	0.3	0.65	0.65	0	0	0.3
261100	0.3	0.65	0.65	0	0	0.3
261200	0.3	0.65	0.65	0	0	0.3
261300	0.3	0.65	0.65	0	0	0.3
261400	0.3	0.65	0.65	0	0	0.3
261500	0.3	0.65	0.65	0	0	0.3
261600	0.31	0.65	0.65	0	0	0.31
261700	0.31	0.65	0.65	0	0	0.31
261800	0.31	0.65	0.65	0	0	0.31
261900	0.31	0.65	0.65	0	0	0.31
262000	0.31	0.65	0.65	0	0	0.31
262100	0.31	0.65	0.65	0	0	0.31
262200	0.31	0.65	0.65	0	0	0.31
262300	0.31	0.65	0.65	0	0	0.31
262400	0.31	0.65	0.65	0	0	0.31
262500	0.31	0.65	0.65	0	0	0.31
262600	0.31	0.65	0.65	0	0	0.31
262700	0.31	0.65	0.65	0	0	0.31
262800	0.31	0.65	0.65	0	0	0.31
262900	0.31	0.65	0.65	0	0	0.31
263000	0.31	0.65	0.65	0	0	0.31
263100	0.31	0.65	0.65	0	0	0.31
263200	0.31	0.65	0.65	0	0	0.31
263300	0.31	0.65	0.65	0	0	0.31
263400	0.31	0.65	0.65	0	0	0.31
263500	0.31	0.65	0.65	0	0	0.31
263600	0.31	0.65	0.65	0	0	0.31
263700	0.31	0.65	0.65	0	0	0.31
263800	0.31	0.65	0.65	0	0	0.31
263900	0.31	0.65	0.65	0	0	0.31
264000	0.31	0.65	0.65	0	0	0.31
264100	0.31	0.65	0.65	0	0	0.31
264200	0.31	0.65	0.65	0	0	0.31
264300	0.31	0.65	0.65	0	0	0.31
264400	0.31	0.65	0.65	0	0	0.31
264500	0.31	0.65	0.65	0	0	0.31
264600	0.31	0.65	0.65	0	0	0.31
264700	0.31	0.65	0.65	0	0	0.31
264800	0.31	0.65	0.65	0	0	0.31
264900	0.31	0.65	0.65	0	0	0.31
265000	0.31	0.65	0.65	0	0	0.31
265100	0.32	0.65	0.65	0	0	0.32
265200	0.32	0.65	0.65	0	0	0.32
265300	0.32	0.65	0.65	0	0	0.32
265400	0.32	0.65	0.65	0	0	0.32
265500	0.32	0.65	0.65	0	0	0.32
265600	0.32	0.65	0.65	0	0	0.32
265700	0.32	0.65	0.65	0	0	0.32
265800	0.32	0.65	0.65	0	0	0.32
265900	0.32	0.65	0.65	0	0	0.32
266000	0.32	0.65	0.65	0	0	0.32
266100	0.3	0.65	0.65	0	0	0.3
266200	0.3	0.65	0.65	0	0	0.3
266300	0.3	0.65	0.65	0	0	0.3
266400	0.3	0.65	0.65	0	0	0.3
266500	0.3	0.65	0.65	0	0	0.3
266600	0.3	0.65	0.65	0	0	0.3
266700	0.3	0.65	0.65	0	0	0.3
266800	0.31	0.65	0.65	0	0	0.31
266900	0.31	0.65	0.65	0	0	0.31
267000	0.31	0.65	0.65	0	0	0.31
267100	0.31	0.65	0.65	0	0	0.31
267200	0.31	0.65	0.65	0	0	0.31
267300	0.31	0.65	0.65	0	0	0.31
267400	0.31	0.65	0.65	0	0	0.31
267500	0.31	0.65	0.65	0	0	0.31
267600	0.31	0.65	0.65	0	0	0.31
267700	0.31	0.65	0.65	0	0	0.31
267800	0.31	0.65	0.65	0	0	0.31
267900	0.31	0.65	0.65	0	0	0.31
268000	0.31	0.65	0.65	0	0	0.31
268100	0.31	0.65	0.65	0	0	0.31
268200	0.31	0.65	0.65	0	0	0.31
268300	0.31	0.65	0.65	0	0	0.31
268400	0.31	0.65	0.65	0	0	0.31
268500	0.31	0.65	0.65	0	0	0.31
268600	0.31	0.65	0.65	0	0	0.31
268700	0.31	0.65	0.65	0	0	0.31
268800	0.31	0.65	0.65	0	0	0.31
268900	0.31	0.65	0.65	0	0	0.31
269000	0.31	0.65	0.65	0	0	0.31
269100	0.31	0.65	0.65	0	0	0.31
269200	0.31	0.65	0.65	0	0	0.31
269300	0.31	0.65	0.65	0	0	0.31
269400	0.31	0.65	0.65	0	0	0.31
269500	0.31	0.65	0.65	0	0	0.31
269600	0.31	0.65	0.65	0	0	0.31
269700	0.31	0.65	0.65	0	0	0.31
269800	0.31	0.65	0.65	0	0	0.31
269900	0.31	0.65	0.65	0	0	0.31
270000	0.31	0.65	0.65	0	0	0.31
270100	0.31	0.65	0.65	0	0	0.31
270200	0.31	0.65	0.65	0	0	0.31
270300	0.31	0.65	0.65	0	0	0.31
270400	0.31	0.65	0.65	0	0	0.31
270500	0.31	0.65	0.65	0	0	0.31
270600	0.31	0.65	0.65	0	0	0.31
270700	0.31	0.66	0.66	0	0	0.31
270800	0.31	0.66	0.66	0	0	0.31
270900	0.31	0.66	0.66	0	0	0.31
271000	0.31	0.66	0.66	0	0	0.31
271100	0.31	0.66	0.66	0	0	0.31
271200	0.31	0.66	0.66	0	0	0.31
271300	0.31	0.66	0.66	0	0	0.31
271400	0.3	0.66	0.66	0	0	0.3
271500	0.3	0.66	0.66	0	0	0.3
271600	0.3	0.66	0.66	0	0	0.3
271700	0.3	0.66	0.66	0	0	0.3
271800	0.3	0.66	0.66	0	0	0.3
271900	0.3	0.66	0.66	0	0	0.3
272000	0.3	0.66	0.66	0	0	0.3
272100	0.3	0.66	0.66	0	0	0.3
272200	0.3	0.66	0.66	0	0	0.3
272300	0.3	0.66	0.66	0	0	0.3
272400	0.3	0.66	0.66	0	0	0.3
272500	0.3	0.66	0.66	0	0	0.3
272600	0.3	0.66	0.66	0	0	0.3
272700	0.3	0.66	0.66	0	0	0.3
272800	0.31	0.66	0.66	0	0	0.31
272900	0.31	0.66	0.66	0	0	0.31
273000	0.31	0.66	0.66	0	0	0.31
273100	0.31	0.66	0.66	0	0	0.31
273200	0.31	0.66	0.66	0	0	0.31
273300	0.31	0.66	0.66	0	0	0.31
273400	0.31	0.66	0.66	0	0	0.31
273500	0.31	0.66	0.66	0	0	0.31
273600	0.31	0.66	0.66	0	0	0.31
273700	0.31	0.66	0.66	0	0	0.31
273800	0.31	0.66	0.66	0	0	0.31
273900	0.31	0.66	0.66	0	0	0.31
274000	0.31	0.66	0.66	0	0	0.31
274100	0.31	0.66	0.66	0	0	0.31
274200	0.31	0.67	0.67	0	0	0.31
274300	0.31	0.67	0.67	0	0	0.31
274400	0.31	0.67	0.67	0	0	0.31
274500	0.31	0.67	0.67	0	0	0.31
274600	0.31	0.67	0.67	0	0	0.31
274700	0.31	0.67	0.67	0	0	0.31
274800	0.31	0.67	0.67	0	0	0.31
274900	0.31	0.67	0.67	0	0	0.31
275000	0.31	0.67	0.67	0	0	0.31
275100	0.31	0.67	0.67	0	0	0.31
275200	0.31	0.67	0.67	0	0	0.31
275300	0.31	0.67	0.67	0	0	0.31
275400	0.31	0.67	0.67	0	0	0.31
275500	0.31	0.67	0.67	0	0	0.31
275600	0.31	0.67	0.67	0	0	0.31
275700	0.31	0.67	0.67	0	0	0.31
275800	0.31	0.67	0.67	0	0	0.31
275900	0.31	0.67	0.67	0	0	0.31
276000	0.31	0.67	0.67	0	0	0.31
276100	0.31	0.67	0.67	0	0	0.31
276200	0.31	0.67	0.67	0	0	0.31
276300	0.31	0.67	0.67	0	0	0.31
276400	0.31	0.67	0.67	0	0	0.31
276500	0.31	0.67	0.67	0	0	0.31
276600	0.31	0.67	0.67	0	0	0.31
276700	0.31	0.67	0.67	0	0	0.31
276800	0.31	0.67	0.67	0	0	0.31
276900	0.31	0.67	0.67	0	0	0.31
277000	0.31	0.67	0.67	0	0	0.31
277100	0.31	0.67	0.67	0	0	0.31
277200	0.31	0.67	0.67	0	0	0.31
277300	0.31	0.67	0.67	0	0	0.31
277400	0.31	0.67	0.67	0	0	0.31
277500	0.31	0.67	0.67	0	0	0.31
277600	0.31	0.67	0.67	0	0	0.31
277700	0.31	0.67	0.67	0	0	0.31
277800	0.31	0.67	0.67	0	0	0.31
277900	0.31	0.67	0.67	0	0	0.31
278000	0.31	0.67	0.67	0	0	0.31
278100	0.31	0.67	0.67	0	0	0.31
278200	0.31	0.67	0.67	0	0	0.31
278300	0.31	0.67	0.67	0	0	0.31
278400	0.31	0.67	0.67	0	0	0.31
278500	0.31	0.67	0.67	0	0	0.31
278600	0.31	0.67	0.67	0	0	0.31
278700	0.31	0.67	0.67	0	0	0.31
278800	0.31	0.67	0.67	0	0	0.31
278900	0.31	0.67	0.67	0	0	0.31
279000	0.31	0.67	0.67	0	0	0.31
279100	0.31	0.67	0.67	0	0	0.31
279200	0.31	0.67	0.67	0	0	0.31
279300	0.31	0.67	0.67	0	0	0.31
279400	0.31	0.67	0.67	0	0	0.31
279500	0.31	0.67	0.67	0	0	0.31
279600	0.31	0.67	0.67	0	0	0.31
279700	0.31	0.67	0.67	0	0	0.31
279800	0.31	0.67	0.67	0	0	0.31
279900	0.31	0.67	0.67	0	0	0.31
280000	0.31	0.67	0.67	0	0	0.31
280100	0.31	0.67	0.67	0	0	0.31
280200	0.31	0.67	0.67	0	0	0.31
280300	0.31	0.67	0.67	0	0	0.31
280400	0.31	0.67	0.67	0	0	0.31
280500	0.31	0.67	0.67	0	0	0.31
280600	0.31	0.67	0.67	0	0	0.31
280700	0.31	0.67	0.67	0	0	0.31
280800	0.31	0.67	0.67	0	0	0.31
280900	0.31	0.67	0.67	0	0	0.31
281000	0.31	0.67	0.67	0	0	0.31
281100	0.31	0.67	0.67	0	0	0.31
281200	0.31	0.67	0.67	0	0	0.31
281300	0.31	0.67	0.67	0	0	0.31
281400	0.31	0.67	0.67	0	0	0.31
281500	0.31	0.67	0.67	0	0	0.31
281600	0.31	0.67	0.67	0	0	0.31
281700	0.31	0.67	0.67	0	0	0.31
281800	0.31	0.67	0.67	0	0	0.31
281900	0.31	0.67	0.67	0	0	0.31
282000	0.31	0.67	0.67	0	0	0.31
282100	0.31	0.67	0.67	0	0	0.31
282200	0.31	0.67	0.67	0	0	0.31
282300	0.31	0.67	0.67	0	0	0.31
282400	0.31	0.67	0.67	0	0	0.31
282500	0.31	0.67	0.67	0	0	0.31
282600	0.31	0.67	0.67	0	0	0.31
282700	0.31	0.67	0.67	0	0	0.31
282800	0.31	0.67	0.67	0	0	0.31
282900	0.31	0.67	0.67	0	0	0.31
283000	0.31	0.67	0.67	0	0	0.31
283100	0.31	0.67	0.67	0	0	0.31
283200	0.31	0.67	0.67	0	0	0.31
283300	0.31	0.67	0.67	0	0	0.31
283400	0.31	0.67	0.67	0	0	0.31
283500	0.31	0.67	0.67	0	0	0.31
283600	0.31	0.67	0.67	0	0	0.31
283700	0.31	0.67	0.67	0	0	0.31
283800	0.31	0.67	0.67	0	0	0.31
283900	0.31	0.67	0.67	0	0	0.31
284000	0.31	0.67	0.67	0	0	0.31
284100	0.31	0.67	0.67	0	0	0.31
284200	0.31	0.67	0.67	0	0	0.31
284300	0.31	0.67	0.67	0	0	0.31
284400	0.31	0.67	0.67	0	0	0.31
284500	0.31	0.67	0.67	0	0	0.31
284600	0.31	0.67	0.67	0	0	0.31
284700	0.31	0.67	0.67	0	0	0.31
284800	0.31	0.67	0.67	0	0	0.31
284900	0.31	0.67	0.67	0	0	0.31
285000	0.31	0.67	0.67	0	0	0.31
285100	0.31	0.67	0.67	0	0	0.31
285200	0.31	0.67	0.67	0	0	0.31
285300	0.31	0.67	0.67	0	0	0.31
285400	0.31	0.67	0.67	0	0	0.31
285500	0.31	0.67	0.67	0	0	0.31
285600	0.31	0.67	0.67	0	0	0.31
285700	0.31	0.67	0.67	0	0	0.31
285800	0.31	0.67	0.67	0	0	0.31
285900	0.31	0.67	0.67	0	0	0.31
286000	0.31	0.66	0.66	0	0	0.31
286100	0.31	0.66	0.66	0	0	0.31
286200	0.31	0.66	0.66	0	0	0.31
286300	0.31	0.66	0.66	0	0	0.31
286400	0.31	0.66	0.66	0	0	0.31
286500	0.31	0.66	0.66	0	0	0.31
286600	0.31	0.66	0.66	0	0	0.31
286700	0.31	0.66	0.66	0	0	0.31
286800	0.31	0.66	0.66	0	0	0.31
286900	0.31	0.66	0.66	0	0	0.31
287000	0.31	0.66	0.66	0	0	0.31
287100	0.31	0.66	0.66	0	0	0.31
287200	0.31	0.66	0.66	0	0	0.31
287300	0.31	0.67	0.67	0	0	0.31
287400	0.31	0.67	0.67	0	0	0.31
287500	0.31	0.67	0.67	0	0	0.31
287600	0.31	0.67	0.67	0	0	0.31
287700	0.31	0.67	0.67	0	0	0.31
287800	0.31	0.67	0.67	0	0	0.31
287900	0.31	0.67	0.67	0	0	0.31
288000	0.31	0.67	0.67	0	0	0.31
288100	0.31	0.67	0.67	0	0	0.31
288200	0.31	0.67	0.67	0	0	0.31
288300	0.31	0.67	0.67	0	0	0.31
288400	0.31	0.67	0.67	0	0	0.31
288500	0.31	0.67	0.67	0	0	0.31
288600	0.31	0.67	0.67	0	0	0.31
288700	0.31	0.67	0.67	0	0	0.31
288800	0.31	0.67	0.67	0	0	0.31
288900	0.31	0.67	0.67	0	0	0.31
289000	0.31	0.67	0.67	0	0	0.31
289100	0.31	0.67	0.67	0	0	0.31
289200	0.31	0.67	0.67	0	0	0.31
289300	0.31	0.67	0.67	0	0	0.31
289400	0.31	0.67	0.67	0	0	0.31
289500	0.31	0.67	0.67	0	0	0.31
289600	0.31	0.67	0.67	0	0	0.31
289700	0.31	0.67	0.67	0	0	0.31
289800	0.31	0.67	0.67	0	0	0.31
289900	0.31	0.67	0.67	0	0	0.31
290000	0.31	0.67	0.67	0	0	0.31
290100	0.31	0.67	0.67	0	0	0.31
290200	0.31	0.67	0.67	0	0	0.31
290300	0.31	0.67	0.67	0	0	0.31
290400	0.31	0.67	0.67	0	0	0.31
290500	0.31	0.67	0.67	0	0	0.31
290600	0.31	0.67	0.67	0	0	0.31
290700	0.31	0.67	0.67	0	0	0.31
290800	0.31	0.67	0.67	0	0	0.31
290900	0.31	0.67	0.67	0	0	0.31
291000	0.31	0.67	0.67	0	0	0.31
291100	0.31	0.67	0.67	0	0	0.31
291200	0.31	0.67	0.67	0	0	0.31
291300	0.31	0.67	0.67	0	0	0.31
291400	0.31	0.67	0.67	0	0	0.31
291500	0.31	0.67	0.67	0	0	0.31
291600	0.31	0.67	0.67	0	0	0.31
291700	0.31	0.67	0.67	0	0	0.31
291800	0.31	0.67	0.67	0	0	0.31
291900	0.31	0.67	0.67	0	0	0.31
292000	0.31	0.67	0.67	0	0	0.31
292100	0.31	0.67	0.67	0	0	0.31
292200	0.31	0.67	0.67	0	0	0.31
292300	0.31	0.67	0.67	0	0	0.31
292400	0.31	0.67	0.67	0	0	0.31
292500	0.31	0.67	0.67	0	0	0.31
292600	0.31	0.67	0.67	0	0	0.31
292700	0.31	0.67	0.67	0	0	0.31
292800	0.31	0.67	0.67	0	0	0.31
292900	0.31	0.67	0.67	0	0	0.31
293000	0.31	0.67	0.67	0	0	0.31
293100	0.31	0.67	0.67	0	0	0.31
293200	0.31	0.67	0.67	0	0	0.31
293300	0.31	0.67	0.67	0	0	0.31
293400	0.31	0.67	0.67	0	0	0.31
293500	0.31	0.67	0.67	0	0	0.31
293600	0.31	0.67	0.67	0	0	0.31
293700	0.31	0.67	0.67	0	0	0.31
293800	0.31	0.67	0.67	0	0	0.31
293900	0.31	0.67	0.67	0	0	0.31
294000	0.31	0.67	0.67	0	0	0.31
294100	0.31	0.67	0.67	0	0	0.31
294200	0.31	0.67	0.67	0	0	0.31
294300	0.31	0.67	0.67	0	0	0.31
294400	0.31	0.67	0.67	0	0	0.31
294500	0.31	0.67	0.67	0	0	0.31
294600	0.31	0.67	0.67	0	0	0.31
294700	0.31	0.67	0.67	0	0	0.31
294800	0.31	0.67	0.67	0	0	0.31
294900	0.31	0.67	0.67	0	0	0.31
295000	0.31	0.67	0.67	0	0	0.31
295100	0.31	0.67	0.67	0	0	0.31
295200	0.31	0.67	0.67	0	0	0.31
295300	0.31	0.67	0.67	0	0	0.31
295400	0.31	0.67	0.67	0	0	0.31
295500	0.31	0.67	0.67	0	0	0.31
295600	0.31	0.67	0.67	0	0	0.31
295700	0.31	0.67	0.67	0	0	0.31
295800	0.31	0.67	0.67	0	0	0.31
295900	0.31	0.67	0.67	0	0	0.31
296000	0.31	0.67	0.67	0	0	0.31
296100	0.31	0.67	0.67	0	0	0.31
296200	0.31	0.67	0.67	0	0	0.31
296300	0.31	0.67	0.67	0	0	0.31
296400	0.31	0.67	0.67	0	0	0.31
296500	0.31	0.67	0.67	0	0	0.31
296600	0.31	0.67	0.67	0	0	0.31
296700	0.31	0.67	0.67	0	0	0.31
296800	0.31	0.67	0.67	0	0	0.31
296900	0.31	0.67	0.67	0	0	0.31
297000	0.31	0.67	0.67	0	0	0.31
297100	0.31	0.67	0.67	0	0	0.31
297200	0.31	0.67	0.67	0	0	0.31
297300	0.31	0.67	0.67	0	0	0.31
297400	0.31	0.67	0.67	0	0	0.31
297500	0.31	0.67	0.67	0	0	0.31
297600	0.31	0.67	0.67	0	0	0.31
297700	0.31	0.67	0.67	0	0	0.31
297800	0.31	0.67	0.67	0	0	0.31
297900	0.31	0.67	0.67	0	0	0.31
298000	0.31	0.67	0.67	0	0	0.31
298100	0.31	0.67	0.67	0	0	0.31
298200	0.31	0.67	0.67	0	0	0.31
298300	0.31	0.67	0.67	0	0	0.31
298400	0.31	0.67	0.67	0	0	0.31
298500	0.31	0.67	0.67	0	0	0.31
298600	0.31	0.67	0.67	0	0	0.31
298700	0.31	0.67	0.67	0	0	0.31
298800	0.31	0.67	0.67	0	0	0.31
298900	0.31	0.67	0.67	0	0	0.31
299000	0.31	0.67	0.67	0	0	0.31
299100	0.31	0.67	0.67	0	0	0.31
299200	0.31	0.67	0.67	0	0	0.31
299300	0.31	0.67	0.67	0	0	0.31
299400	0.31	0.67	0.67	0	0	0.31
299500	0.31	0.67	0.67	0	0	0.31
299600	0.31	0.67	0.67	0	0	0.31
299700	0.31	0.67	0.67	0	0	0.31
299800	0.31	0.67	0.67	0	0	0.31
299900	0.31	0.67	0.67	0	0	0.31
300000	0.31	0.67	0.67	0	0	0.31
