100	0.04	0.04	0.04	0	0	0.04
200	0.08	0.03	0.03	0	0	0.08
300	0.08	0.01	0.01	0	0	0.08
400	0.09	0.03	0.03	0	0	0.09
500	0.1	0.04	0.04	0	0	0.1
600	0.1	0.05	0.05	0	0	0.1
700	0.1	0.05	0.05	0	0	0.1
800	0.12	0.03	0.03	0	0	0.12
900	0.12	0.04	0.04	0	0	0.12
1000	0.12	0.06	0.06	0	0	0.12
1100	0.11	0.02	0.02	0	0	0.11
1200	0.12	0.05	0.05	0	0	0.12
1300	0.11	0.04	0.04	0	0	0.11
1400	0.11	0.04	0.04	0	0	0.11
1500	0.14	0.04	0.04	0	0	0.14
1600	0.11	0.04	0.04	0	0	0.11
1700	0.11	0.05	0.05	0	0	0.11
1800	0.12	0.1	0.1	0	0	0.12
1900	0.12	0.07	0.07	0	0	0.12
2000	0.14	0.04	0.04	0	0	0.14
2100	0.15	0.05	0.05	0	0	0.15
2200	0.13	0.05	0.05	0	0	0.13
2300	0.14	0.06	0.06	0	0	0.14
2400	0.13	0.05	0.05	0	0	0.13
2500	0.16	0.06	0.06	0	0	0.16
2600	0.15	0.08	0.08	0	0	0.15
2700	0.14	0.08	0.08	0	0	0.14
2800	0.15	0.08	0.08	0	0	0.15
2900	0.15	0.08	0.08	0	0	0.15
3000	0.17	0.09	0.09	0	0	0.17
3100	0.17	0.11	0.11	0	0	0.17
3200	0.18	0.13	0.13	0	0	0.18
3300	0.18	0.13	0.13	0	0	0.18
3400	0.18	0.14	0.14	0	0	0.18
3500	0.18	0.13	0.13	0	0	0.18
3600	0.18	0.13	0.13	0	0	0.18
3700	0.18	0.14	0.14	0	0	0.18
3800	0.18	0.14	0.14	0	0	0.18
3900	0.18	0.15	0.15	0	0	0.18
4000	0.18	0.15	0.15	0	0	0.18
4100	0.18	0.15	0.15	0	0	0.18
4200	0.18	0.17	0.17	0	0	0.18
4300	0.19	0.17	0.17	0	0	0.19
4400	0.19	0.17	0.17	0	0	0.19
4500	0.18	0.19	0.19	0	0	0.18
4600	0.18	0.18	0.18	0	0	0.18
4700	0.19	0.2	0.2	0	0	0.19
4800	0.19	0.2	0.2	0	0	0.19
4900	0.2	0.21	0.21	0	0	0.2
5000	0.21	0.2	0.2	0	0	0.21
5100	0.21	0.2	0.2	0	0	0.21
5200	0.21	0.21	0.21	0	0	0.21
5300	0.21	0.21	0.21	0	0	0.21
5400	0.21	0.22	0.22	0	0	0.21
5500	0.21	0.23	0.23	0	0	0.21
5600	0.21	0.23	0.23	0	0	0.21
5700	0.22	0.23	0.23	0	0	0.22
5800	0.22	0.24	0.24	0	0	0.22
5900	0.22	0.25	0.25	0	0	0.22
6000	0.21	0.28	0.28	0	0	0.21
6100	0.21	0.28	0.28	0	0	0.21
6200	0.2	0.28	0.28	0	0	0.2
6300	0.19	0.28	0.28	0	0	0.19
6400	0.19	0.3	0.3	0	0	0.19
6500	0.19	0.32	0.32	0	0	0.19
6600	0.19	0.33	0.33	0	0	0.19
6700	0.19	0.36	0.36	0	0	0.19
6800	0.19	0.37	0.37	0	0	0.19
6900	0.19	0.35	0.35	0	0	0.19
7000	0.19	0.34	0.34	0	0	0.19
7100	0.19	0.34	0.34	0	0	0.19
7200	0.18	0.36	0.36	0	0	0.18
7300	0.17	0.37	0.37	0	0	0.17
7400	0.17	0.37	0.37	0	0	0.17
7500	0.16	0.38	0.38	0	0	0.16
7600	0.16	0.38	0.38	0	0	0.16
7700	0.17	0.38	0.38	0	0	0.17
7800	0.17	0.38	0.38	0	0	0.17
7900	0.17	0.38	0.38	0	0	0.17
8000	0.17	0.41	0.41	0	0	0.17
8100	0.17	0.41	0.41	0	0	0.17
8200	0.18	0.41	0.41	0	0	0.18
8300	0.18	0.41	0.41	0	0	0.18
8400	0.19	0.41	0.41	0	0	0.19
8500	0.18	0.42	0.42	0	0	0.18
8600	0.17	0.42	0.42	0	0	0.17
8700	0.17	0.42	0.42	0	0	0.17
8800	0.18	0.42	0.42	0	0	0.18
8900	0.18	0.42	0.42	0	0	0.18
9000	0.17	0.41	0.41	0	0	0.17
9100	0.17	0.42	0.42	0	0	0.17
9200	0.17	0.42	0.42	0	0	0.17
9300	0.17	0.42	0.42	0	0	0.17
9400	0.17	0.41	0.41	0	0	0.17
9500	0.17	0.4	0.4	0	0	0.17
9600	0.16	0.4	0.4	0	0	0.16
9700	0.16	0.4	0.4	0	0	0.16
9800	0.17	0.41	0.41	0	0	0.17
9900	0.17	0.41	0.41	0	0	0.17
10000	0.18	0.42	0.42	0	0	0.18
10100	0.18	0.43	0.43	0	0	0.18
10200	0.18	0.42	0.42	0	0	0.18
10300	0.19	0.4	0.4	0	0	0.19
10400	0.19	0.41	0.41	0	0	0.19
10500	0.19	0.4	0.4	0	0	0.19
10600	0.2	0.39	0.39	0	0	0.2
10700	0.2	0.41	0.41	0	0	0.2
10800	0.19	0.4	0.4	0	0	0.19
10900	0.19	0.39	0.39	0	0	0.19
11000	0.19	0.39	0.39	0	0	0.19
11100	0.19	0.4	0.4	0	0	0.19
11200	0.18	0.4	0.4	0	0	0.18
11300	0.19	0.41	0.41	0	0	0.19
11400	0.19	0.43	0.43	0	0	0.19
11500	0.19	0.42	0.42	0	0	0.19
11600	0.19	0.42	0.42	0	0	0.19
11700	0.19	0.42	0.42	0	0	0.19
11800	0.19	0.43	0.43	0	0	0.19
11900	0.19	0.42	0.42	0	0	0.19
12000	0.2	0.42	0.42	0	0	0.2
12100	0.21	0.42	0.42	0	0	0.21
12200	0.21	0.42	0.42	0	0	0.21
12300	0.21	0.42	0.42	0	0	0.21
12400	0.21	0.42	0.42	0	0	0.21
12500	0.21	0.42	0.42	0	0	0.21
12600	0.21	0.43	0.43	0	0	0.21
12700	0.22	0.43	0.43	0	0	0.22
12800	0.23	0.43	0.43	0	0	0.23
12900	0.23	0.43	0.43	0	0	0.23
13000	0.21	0.44	0.44	0	0	0.21
13100	0.21	0.44	0.44	0	0	0.21
13200	0.22	0.44	0.44	0	0	0.22
13300	0.22	0.44	0.44	0	0	0.22
13400	0.23	0.45	0.45	0	0	0.23
13500	0.23	0.46	0.46	0	0	0.23
13600	0.23	0.46	0.46	0	0	0.23
13700	0.23	0.47	0.47	0	0	0.23
13800	0.23	0.48	0.48	0	0	0.23
13900	0.23	0.47	0.47	0	0	0.23
14000	0.23	0.46	0.46	0	0	0.23
14100	0.23	0.45	0.45	0	0	0.23
14200	0.23	0.48	0.48	0	0	0.23
14300	0.23	0.48	0.48	0	0	0.23
14400	0.23	0.48	0.48	0	0	0.23
14500	0.23	0.48	0.48	0	0	0.23
14600	0.23	0.49	0.49	0	0	0.23
14700	0.23	0.49	0.49	0	0	0.23
14800	0.24	0.49	0.49	0	0	0.24
14900	0.24	0.49	0.49	0	0	0.24
15000	0.24	0.49	0.49	0	0	0.24
15100	0.23	0.48	0.48	0	0	0.23
15200	0.25	0.48	0.48	0	0	0.25
15300	0.24	0.48	0.48	0	0	0.24
15400	0.24	0.48	0.48	0	0	0.24
15500	0.23	0.47	0.47	0	0	0.23
15600	0.23	0.47	0.47	0	0	0.23
15700	0.23	0.45	0.45	0	0	0.23
15800	0.24	0.45	0.45	0	0	0.24
15900	0.24	0.45	0.45	0	0	0.24
16000	0.24	0.45	0.45	0	0	0.24
16100	0.24	0.46	0.46	0	0	0.24
16200	0.24	0.46	0.46	0	0	0.24
16300	0.25	0.46	0.46	0	0	0.25
16400	0.25	0.46	0.46	0	0	0.25
16500	0.25	0.47	0.47	0	0	0.25
16600	0.25	0.47	0.47	0	0	0.25
16700	0.25	0.47	0.47	0	0	0.25
16800	0.26	0.47	0.47	0	0	0.26
16900	0.26	0.47	0.47	0	0	0.26
17000	0.26	0.47	0.47	0	0	0.26
17100	0.26	0.47	0.47	0	0	0.26
17200	0.26	0.47	0.47	0	0	0.26
17300	0.26	0.47	0.47	0	0	0.26
17400	0.26	0.47	0.47	0	0	0.26
17500	0.26	0.47	0.47	0	0	0.26
17600	0.27	0.47	0.47	0	0	0.27
17700	0.26	0.47	0.47	0	0	0.26
17800	0.26	0.48	0.48	0	0	0.26
17900	0.26	0.48	0.48	0	0	0.26
18000	0.27	0.48	0.48	0	0	0.27
18100	0.26	0.49	0.49	0	0	0.26
18200	0.26	0.49	0.49	0	0	0.26
18300	0.26	0.49	0.49	0	0	0.26
18400	0.26	0.49	0.49	0	0	0.26
18500	0.26	0.48	0.48	0	0	0.26
18600	0.26	0.49	0.49	0	0	0.26
18700	0.26	0.48	0.48	0	0	0.26
18800	0.26	0.48	0.48	0	0	0.26
18900	0.26	0.48	0.48	0	0	0.26
19000	0.26	0.48	0.48	0	0	0.26
19100	0.26	0.48	0.48	0	0	0.26
19200	0.26	0.49	0.49	0	0	0.26
19300	0.26	0.51	0.51	0	0	0.26
19400	0.27	0.5	0.5	0	0	0.27
19500	0.27	0.51	0.51	0	0	0.27
19600	0.27	0.51	0.51	0	0	0.27
19700	0.27	0.51	0.51	0	0	0.27
19800	0.27	0.51	0.51	0	0	0.27
19900	0.27	0.51	0.51	0	0	0.27
20000	0.28	0.51	0.51	0	0	0.28
20100	0.28	0.51	0.51	0	0	0.28
20200	0.28	0.51	0.51	0	0	0.28
20300	0.28	0.51	0.51	0	0	0.28
20400	0.28	0.51	0.51	0	0	0.28
20500	0.28	0.52	0.52	0	0	0.28
20600	0.28	0.52	0.52	0	0	0.28
20700	0.28	0.52	0.52	0	0	0.28
20800	0.28	0.52	0.52	0	0	0.28
20900	0.28	0.52	0.52	0	0	0.28
21000	0.28	0.52	0.52	0	0	0.28
21100	0.28	0.52	0.52	0	0	0.28
21200	0.28	0.52	0.52	0	0	0.28
21300	0.28	0.52	0.52	0	0	0.28
21400	0.28	0.52	0.52	0	0	0.28
21500	0.28	0.52	0.52	0	0	0.28
21600	0.28	0.52	0.52	0	0	0.28
21700	0.29	0.52	0.52	0	0	0.29
21800	0.29	0.52	0.52	0	0	0.29
21900	0.29	0.52	0.52	0	0	0.29
22000	0.3	0.52	0.52	0	0	0.3
22100	0.3	0.52	0.52	0	0	0.3
22200	0.29	0.52	0.52	0	0	0.29
22300	0.29	0.52	0.52	0	0	0.29
22400	0.29	0.52	0.52	0	0	0.29
22500	0.28	0.52	0.52	0	0	0.28
22600	0.28	0.52	0.52	0	0	0.28
22700	0.29	0.52	0.52	0	0	0.29
22800	0.29	0.52	0.52	0	0	0.29
22900	0.29	0.52	0.52	0	0	0.29
23000	0.28	0.52	0.52	0	0	0.28
23100	0.28	0.53	0.53	0	0	0.28
23200	0.29	0.53	0.53	0	0	0.29
23300	0.28	0.52	0.52	0	0	0.28
23400	0.28	0.52	0.52	0	0	0.28
23500	0.28	0.53	0.53	0	0	0.28
23600	0.28	0.53	0.53	0	0	0.28
23700	0.29	0.54	0.54	0	0	0.29
23800	0.29	0.54	0.54	0	0	0.29
23900	0.28	0.53	0.53	0	0	0.28
24000	0.27	0.53	0.53	0	0	0.27
24100	0.27	0.53	0.53	0	0	0.27
24200	0.27	0.53	0.53	0	0	0.27
24300	0.27	0.53	0.53	0	0	0.27
24400	0.26	0.53	0.53	0	0	0.26
24500	0.26	0.54	0.54	0	0	0.26
24600	0.26	0.53	0.53	0	0	0.26
24700	0.26	0.53	0.53	0	0	0.26
24800	0.26	0.53	0.53	0	0	0.26
24900	0.26	0.54	0.54	0	0	0.26
25000	0.26	0.53	0.53	0	0	0.26
25100	0.26	0.53	0.53	0	0	0.26
25200	0.26	0.54	0.54	0	0	0.26
25300	0.27	0.54	0.54	0	0	0.27
25400	0.27	0.55	0.55	0	0	0.27
25500	0.27	0.54	0.54	0	0	0.27
25600	0.27	0.54	0.54	0	0	0.27
25700	0.27	0.54	0.54	0	0	0.27
25800	0.26	0.54	0.54	0	0	0.26
25900	0.26	0.54	0.54	0	0	0.26
26000	0.26	0.54	0.54	0	0	0.26
26100	0.26	0.55	0.55	0	0	0.26
26200	0.26	0.55	0.55	0	0	0.26
26300	0.26	0.55	0.55	0	0	0.26
26400	0.26	0.55	0.55	0	0	0.26
26500	0.25	0.55	0.55	0	0	0.25
26600	0.25	0.56	0.56	0	0	0.25
26700	0.25	0.55	0.55	0	0	0.25
26800	0.25	0.55	0.55	0	0	0.25
26900	0.25	0.55	0.55	0	0	0.25
27000	0.25	0.55	0.55	0	0	0.25
27100	0.25	0.56	0.56	0	0	0.25
27200	0.25	0.58	0.58	0	0	0.25
27300	0.25	0.57	0.57	0	0	0.25
27400	0.25	0.57	0.57	0	0	0.25
27500	0.26	0.57	0.57	0	0	0.26
27600	0.28	0.57	0.57	0	0	0.28
27700	0.28	0.58	0.58	0	0	0.28
27800	0.28	0.58	0.58	0	0	0.28
27900	0.28	0.58	0.58	0	0	0.28
28000	0.28	0.58	0.58	0	0	0.28
28100	0.28	0.58	0.58	0	0	0.28
28200	0.28	0.58	0.58	0	0	0.28
28300	0.28	0.58	0.58	0	0	0.28
28400	0.29	0.58	0.58	0	0	0.29
28500	0.28	0.58	0.58	0	0	0.28
28600	0.29	0.59	0.59	0	0	0.29
28700	0.29	0.59	0.59	0	0	0.29
28800	0.29	0.59	0.59	0	0	0.29
28900	0.29	0.59	0.59	0	0	0.29
29000	0.29	0.59	0.59	0	0	0.29
29100	0.29	0.59	0.59	0	0	0.29
29200	0.29	0.59	0.59	0	0	0.29
29300	0.29	0.59	0.59	0	0	0.29
29400	0.29	0.59	0.59	0	0	0.29
29500	0.3	0.59	0.59	0	0	0.3
29600	0.29	0.59	0.59	0	0	0.29
29700	0.29	0.59	0.59	0	0	0.29
29800	0.3	0.59	0.59	0	0	0.3
29900	0.3	0.59	0.59	0	0	0.3
30000	0.3	0.59	0.59	0	0	0.3
30100	0.3	0.59	0.59	0	0	0.3
30200	0.3	0.59	0.59	0	0	0.3
30300	0.3	0.59	0.59	0	0	0.3
30400	0.3	0.59	0.59	0	0	0.3
30500	0.3	0.59	0.59	0	0	0.3
30600	0.3	0.59	0.59	0	0	0.3
30700	0.3	0.59	0.59	0	0	0.3
30800	0.31	0.59	0.59	0	0	0.31
30900	0.31	0.59	0.59	0	0	0.31
31000	0.31	0.59	0.59	0	0	0.31
31100	0.31	0.59	0.59	0	0	0.31
31200	0.31	0.59	0.59	0	0	0.31
31300	0.31	0.59	0.59	0	0	0.31
31400	0.31	0.59	0.59	0	0	0.31
31500	0.31	0.59	0.59	0	0	0.31
31600	0.31	0.59	0.59	0	0	0.31
31700	0.32	0.59	0.59	0	0	0.32
31800	0.32	0.59	0.59	0	0	0.32
31900	0.32	0.59	0.59	0	0	0.32
32000	0.33	0.59	0.59	0	0	0.33
32100	0.33	0.59	0.59	0	0	0.33
32200	0.33	0.59	0.59	0	0	0.33
32300	0.33	0.59	0.59	0	0	0.33
32400	0.33	0.59	0.59	0	0	0.33
32500	0.33	0.59	0.59	0	0	0.33
32600	0.33	0.59	0.59	0	0	0.33
32700	0.33	0.59	0.59	0	0	0.33
32800	0.33	0.59	0.59	0	0	0.33
32900	0.33	0.59	0.59	0	0	0.33
33000	0.33	0.59	0.59	0	0	0.33
33100	0.34	0.59	0.59	0	0	0.34
33200	0.33	0.59	0.59	0	0	0.33
33300	0.33	0.59	0.59	0	0	0.33
33400	0.33	0.59	0.59	0	0	0.33
33500	0.33	0.58	0.58	0	0	0.33
33600	0.33	0.58	0.58	0	0	0.33
33700	0.33	0.58	0.58	0	0	0.33
33800	0.33	0.58	0.58	0	0	0.33
33900	0.33	0.58	0.58	0	0	0.33
34000	0.33	0.58	0.58	0	0	0.33
34100	0.33	0.58	0.58	0	0	0.33
34200	0.33	0.58	0.58	0	0	0.33
34300	0.33	0.58	0.58	0	0	0.33
34400	0.33	0.58	0.58	0	0	0.33
34500	0.33	0.58	0.58	0	0	0.33
34600	0.33	0.58	0.58	0	0	0.33
34700	0.33	0.58	0.58	0	0	0.33
34800	0.33	0.58	0.58	0	0	0.33
34900	0.33	0.58	0.58	0	0	0.33
35000	0.33	0.58	0.58	0	0	0.33
35100	0.33	0.58	0.58	0	0	0.33
35200	0.33	0.58	0.58	0	0	0.33
35300	0.33	0.58	0.58	0	0	0.33
35400	0.33	0.58	0.58	0	0	0.33
35500	0.33	0.58	0.58	0	0	0.33
35600	0.33	0.58	0.58	0	0	0.33
35700	0.33	0.59	0.59	0	0	0.33
35800	0.33	0.59	0.59	0	0	0.33
35900	0.33	0.59	0.59	0	0	0.33
36000	0.33	0.59	0.59	0	0	0.33
36100	0.33	0.59	0.59	0	0	0.33
36200	0.33	0.59	0.59	0	0	0.33
36300	0.33	0.59	0.59	0	0	0.33
36400	0.33	0.59	0.59	0	0	0.33
36500	0.33	0.59	0.59	0	0	0.33
36600	0.33	0.59	0.59	0	0	0.33
36700	0.33	0.59	0.59	0	0	0.33
36800	0.33	0.59	0.59	0	0	0.33
36900	0.33	0.59	0.59	0	0	0.33
37000	0.33	0.59	0.59	0	0	0.33
37100	0.33	0.59	0.59	0	0	0.33
37200	0.33	0.6	0.6	0	0	0.33
37300	0.33	0.6	0.6	0	0	0.33
37400	0.33	0.59	0.59	0	0	0.33
37500	0.33	0.59	0.59	0	0	0.33
37600	0.33	0.59	0.59	0	0	0.33
37700	0.33	0.59	0.59	0	0	0.33
37800	0.33	0.59	0.59	0	0	0.33
37900	0.33	0.59	0.59	0	0	0.33
38000	0.34	0.59	0.59	0	0	0.34
38100	0.34	0.59	0.59	0	0	0.34
38200	0.34	0.59	0.59	0	0	0.34
38300	0.34	0.59	0.59	0	0	0.34
38400	0.34	0.59	0.59	0	0	0.34
38500	0.34	0.59	0.59	0	0	0.34
38600	0.33	0.59	0.59	0	0	0.33
38700	0.33	0.59	0.59	0	0	0.33
38800	0.33	0.59	0.59	0	0	0.33
38900	0.33	0.59	0.59	0	0	0.33
39000	0.32	0.59	0.59	0	0	0.32
39100	0.32	0.59	0.59	0	0	0.32
39200	0.32	0.59	0.59	0	0	0.32
39300	0.31	0.59	0.59	0	0	0.31
39400	0.31	0.59	0.59	0	0	0.31
39500	0.31	0.59	0.59	0	0	0.31
39600	0.31	0.59	0.59	0	0	0.31
39700	0.31	0.59	0.59	0	0	0.31
39800	0.31	0.59	0.59	0	0	0.31
39900	0.31	0.59	0.59	0	0	0.31
40000	0.31	0.59	0.59	0	0	0.31
40100	0.31	0.59	0.59	0	0	0.31
40200	0.31	0.59	0.59	0	0	0.31
40300	0.31	0.58	0.58	0	0	0.31
40400	0.31	0.58	0.58	0	0	0.31
40500	0.31	0.58	0.58	0	0	0.31
40600	0.31	0.58	0.58	0	0	0.31
40700	0.31	0.58	0.58	0	0	0.31
40800	0.31	0.58	0.58	0	0	0.31
40900	0.31	0.58	0.58	0	0	0.31
41000	0.31	0.58	0.58	0	0	0.31
41100	0.31	0.58	0.58	0	0	0.31
41200	0.31	0.58	0.58	0	0	0.31
41300	0.31	0.58	0.58	0	0	0.31
41400	0.31	0.58	0.58	0	0	0.31
41500	0.31	0.58	0.58	0	0	0.31
41600	0.31	0.58	0.58	0	0	0.31
41700	0.31	0.58	0.58	0	0	0.31
41800	0.31	0.59	0.59	0	0	0.31
41900	0.31	0.6	0.6	0	0	0.31
42000	0.31	0.59	0.59	0	0	0.31
42100	0.31	0.59	0.59	0	0	0.31
42200	0.31	0.6	0.6	0	0	0.31
42300	0.31	0.6	0.6	0	0	0.31
42400	0.31	0.6	0.6	0	0	0.31
42500	0.32	0.6	0.6	0	0	0.32
42600	0.32	0.59	0.59	0	0	0.32
42700	0.32	0.59	0.59	0	0	0.32
42800	0.32	0.6	0.6	0	0	0.32
42900	0.32	0.6	0.6	0	0	0.32
43000	0.32	0.6	0.6	0	0	0.32
43100	0.33	0.6	0.6	0	0	0.33
43200	0.33	0.6	0.6	0	0	0.33
43300	0.33	0.6	0.6	0	0	0.33
43400	0.33	0.6	0.6	0	0	0.33
43500	0.33	0.6	0.6	0	0	0.33
43600	0.33	0.6	0.6	0	0	0.33
43700	0.33	0.6	0.6	0	0	0.33
43800	0.33	0.6	0.6	0	0	0.33
43900	0.33	0.6	0.6	0	0	0.33
44000	0.33	0.6	0.6	0	0	0.33
44100	0.33	0.59	0.59	0	0	0.33
44200	0.33	0.59	0.59	0	0	0.33
44300	0.33	0.59	0.59	0	0	0.33
44400	0.33	0.59	0.59	0	0	0.33
44500	0.33	0.59	0.59	0	0	0.33
44600	0.33	0.59	0.59	0	0	0.33
44700	0.33	0.59	0.59	0	0	0.33
44800	0.33	0.59	0.59	0	0	0.33
44900	0.33	0.59	0.59	0	0	0.33
45000	0.33	0.61	0.61	0	0	0.33
45100	0.33	0.61	0.61	0	0	0.33
45200	0.33	0.61	0.61	0	0	0.33
45300	0.33	0.61	0.61	0	0	0.33
45400	0.33	0.61	0.61	0	0	0.33
45500	0.34	0.61	0.61	0	0	0.34
45600	0.34	0.61	0.61	0	0	0.34
45700	0.34	0.61	0.61	0	0	0.34
45800	0.34	0.6	0.6	0	0	0.34
45900	0.35	0.6	0.6	0	0	0.35
46000	0.34	0.6	0.6	0	0	0.34
46100	0.34	0.59	0.59	0	0	0.34
46200	0.34	0.59	0.59	0	0	0.34
46300	0.34	0.6	0.6	0	0	0.34
46400	0.34	0.59	0.59	0	0	0.34
46500	0.34	0.59	0.59	0	0	0.34
46600	0.34	0.59	0.59	0	0	0.34
46700	0.34	0.59	0.59	0	0	0.34
46800	0.34	0.59	0.59	0	0	0.34
46900	0.34	0.59	0.59	0	0	0.34
47000	0.34	0.59	0.59	0	0	0.34
47100	0.34	0.59	0.59	0	0	0.34
47200	0.34	0.59	0.59	0	0	0.34
47300	0.34	0.59	0.59	0	0	0.34
47400	0.34	0.6	0.6	0	0	0.34
47500	0.34	0.6	0.6	0	0	0.34
47600	0.34	0.6	0.6	0	0	0.34
47700	0.34	0.6	0.6	0	0	0.34
47800	0.34	0.6	0.6	0	0	0.34
47900	0.34	0.6	0.6	0	0	0.34
48000	0.34	0.6	0.6	0	0	0.34
48100	0.34	0.6	0.6	0	0	0.34
48200	0.34	0.59	0.59	0	0	0.34
48300	0.34	0.59	0.59	0	0	0.34
48400	0.34	0.59	0.59	0	0	0.34
48500	0.34	0.6	0.6	0	0	0.34
48600	0.34	0.6	0.6	0	0	0.34
48700	0.34	0.6	0.6	0	0	0.34
48800	0.34	0.6	0.6	0	0	0.34
48900	0.34	0.6	0.6	0	0	0.34
49000	0.34	0.6	0.6	0	0	0.34
49100	0.34	0.6	0.6	0	0	0.34
49200	0.34	0.6	0.6	0	0	0.34
49300	0.34	0.6	0.6	0	0	0.34
49400	0.34	0.6	0.6	0	0	0.34
49500	0.34	0.6	0.6	0	0	0.34
49600	0.34	0.6	0.6	0	0	0.34
49700	0.34	0.6	0.6	0	0	0.34
49800	0.34	0.6	0.6	0	0	0.34
49900	0.34	0.61	0.61	0	0	0.34
50000	0.34	0.61	0.61	0	0	0.34
50100	0.34	0.61	0.61	0	0	0.34
50200	0.34	0.61	0.61	0	0	0.34
50300	0.34	0.61	0.61	0	0	0.34
50400	0.34	0.6	0.6	0	0	0.34
50500	0.34	0.6	0.6	0	0	0.34
50600	0.34	0.6	0.6	0	0	0.34
50700	0.34	0.6	0.6	0	0	0.34
50800	0.34	0.6	0.6	0	0	0.34
50900	0.34	0.6	0.6	0	0	0.34
51000	0.34	0.6	0.6	0	0	0.34
51100	0.34	0.6	0.6	0	0	0.34
51200	0.34	0.6	0.6	0	0	0.34
51300	0.34	0.6	0.6	0	0	0.34
51400	0.34	0.6	0.6	0	0	0.34
51500	0.34	0.6	0.6	0	0	0.34
51600	0.34	0.6	0.6	0	0	0.34
51700	0.34	0.6	0.6	0	0	0.34
51800	0.34	0.6	0.6	0	0	0.34
51900	0.34	0.6	0.6	0	0	0.34
52000	0.34	0.6	0.6	0	0	0.34
52100	0.34	0.6	0.6	0	0	0.34
52200	0.34	0.6	0.6	0	0	0.34
52300	0.34	0.6	0.6	0	0	0.34
52400	0.34	0.6	0.6	0	0	0.34
52500	0.34	0.6	0.6	0	0	0.34
52600	0.34	0.59	0.59	0	0	0.34
52700	0.34	0.59	0.59	0	0	0.34
52800	0.35	0.59	0.59	0	0	0.35
52900	0.35	0.59	0.59	0	0	0.35
53000	0.35	0.59	0.59	0	0	0.35
53100	0.35	0.59	0.59	0	0	0.35
53200	0.36	0.59	0.59	0	0	0.36
53300	0.36	0.59	0.59	0	0	0.36
53400	0.36	0.59	0.59	0	0	0.36
53500	0.36	0.59	0.59	0	0	0.36
53600	0.36	0.59	0.59	0	0	0.36
53700	0.36	0.59	0.59	0	0	0.36
53800	0.36	0.59	0.59	0	0	0.36
53900	0.36	0.59	0.59	0	0	0.36
54000	0.35	0.59	0.59	0	0	0.35
54100	0.35	0.59	0.59	0	0	0.35
54200	0.35	0.59	0.59	0	0	0.35
54300	0.35	0.59	0.59	0	0	0.35
54400	0.35	0.59	0.59	0	0	0.35
54500	0.35	0.59	0.59	0	0	0.35
54600	0.35	0.59	0.59	0	0	0.35
54700	0.35	0.59	0.59	0	0	0.35
54800	0.35	0.59	0.59	0	0	0.35
54900	0.35	0.59	0.59	0	0	0.35
55000	0.35	0.59	0.59	0	0	0.35
55100	0.35	0.59	0.59	0	0	0.35
55200	0.35	0.59	0.59	0	0	0.35
55300	0.35	0.59	0.59	0	0	0.35
55400	0.35	0.59	0.59	0	0	0.35
55500	0.35	0.59	0.59	0	0	0.35
55600	0.35	0.59	0.59	0	0	0.35
55700	0.35	0.59	0.59	0	0	0.35
55800	0.35	0.59	0.59	0	0	0.35
55900	0.35	0.59	0.59	0	0	0.35
56000	0.35	0.59	0.59	0	0	0.35
56100	0.35	0.59	0.59	0	0	0.35
56200	0.35	0.59	0.59	0	0	0.35
56300	0.35	0.59	0.59	0	0	0.35
56400	0.35	0.59	0.59	0	0	0.35
56500	0.35	0.59	0.59	0	0	0.35
56600	0.35	0.59	0.59	0	0	0.35
56700	0.35	0.59	0.59	0	0	0.35
56800	0.35	0.59	0.59	0	0	0.35
56900	0.36	0.59	0.59	0	0	0.36
57000	0.37	0.59	0.59	0	0	0.37
57100	0.37	0.59	0.59	0	0	0.37
57200	0.37	0.6	0.6	0	0	0.37
57300	0.37	0.6	0.6	0	0	0.37
57400	0.37	0.6	0.6	0	0	0.37
57500	0.37	0.6	0.6	0	0	0.37
57600	0.37	0.6	0.6	0	0	0.37
57700	0.37	0.6	0.6	0	0	0.37
57800	0.37	0.6	0.6	0	0	0.37
57900	0.37	0.6	0.6	0	0	0.37
58000	0.37	0.61	0.61	0	0	0.37
58100	0.37	0.6	0.6	0	0	0.37
58200	0.38	0.6	0.6	0	0	0.38
58300	0.38	0.6	0.6	0	0	0.38
58400	0.38	0.6	0.6	0	0	0.38
58500	0.38	0.6	0.6	0	0	0.38
58600	0.38	0.6	0.6	0	0	0.38
58700	0.37	0.6	0.6	0	0	0.37
58800	0.37	0.6	0.6	0	0	0.37
58900	0.37	0.6	0.6	0	0	0.37
59000	0.37	0.6	0.6	0	0	0.37
59100	0.37	0.6	0.6	0	0	0.37
59200	0.37	0.59	0.59	0	0	0.37
59300	0.37	0.58	0.58	0	0	0.37
59400	0.37	0.58	0.58	0	0	0.37
59500	0.37	0.58	0.58	0	0	0.37
59600	0.37	0.58	0.58	0	0	0.37
59700	0.37	0.58	0.58	0	0	0.37
59800	0.37	0.58	0.58	0	0	0.37
59900	0.37	0.58	0.58	0	0	0.37
60000	0.37	0.58	0.58	0	0	0.37
60100	0.37	0.58	0.58	0	0	0.37
60200	0.37	0.58	0.58	0	0	0.37
60300	0.37	0.58	0.58	0	0	0.37
60400	0.37	0.58	0.58	0	0	0.37
60500	0.37	0.58	0.58	0	0	0.37
60600	0.37	0.58	0.58	0	0	0.37
60700	0.37	0.58	0.58	0	0	0.37
60800	0.37	0.58	0.58	0	0	0.37
60900	0.37	0.58	0.58	0	0	0.37
61000	0.37	0.58	0.58	0	0	0.37
61100	0.37	0.58	0.58	0	0	0.37
61200	0.38	0.58	0.58	0	0	0.38
61300	0.38	0.58	0.58	0	0	0.38
61400	0.38	0.58	0.58	0	0	0.38
61500	0.38	0.58	0.58	0	0	0.38
61600	0.38	0.59	0.59	0	0	0.38
61700	0.38	0.59	0.59	0	0	0.38
61800	0.38	0.59	0.59	0	0	0.38
61900	0.38	0.59	0.59	0	0	0.38
62000	0.38	0.59	0.59	0	0	0.38
62100	0.38	0.59	0.59	0	0	0.38
62200	0.38	0.59	0.59	0	0	0.38
62300	0.38	0.59	0.59	0	0	0.38
62400	0.38	0.59	0.59	0	0	0.38
62500	0.38	0.59	0.59	0	0	0.38
62600	0.38	0.59	0.59	0	0	0.38
62700	0.38	0.59	0.59	0	0	0.38
62800	0.38	0.59	0.59	0	0	0.38
62900	0.38	0.59	0.59	0	0	0.38
63000	0.38	0.59	0.59	0	0	0.38
63100	0.38	0.59	0.59	0	0	0.38
63200	0.38	0.58	0.58	0	0	0.38
63300	0.38	0.58	0.58	0	0	0.38
63400	0.38	0.58	0.58	0	0	0.38
63500	0.38	0.58	0.58	0	0	0.38
63600	0.38	0.58	0.58	0	0	0.38
63700	0.38	0.58	0.58	0	0	0.38
63800	0.38	0.58	0.58	0	0	0.38
63900	0.38	0.58	0.58	0	0	0.38
64000	0.38	0.58	0.58	0	0	0.38
64100	0.38	0.58	0.58	0	0	0.38
64200	0.38	0.58	0.58	0	0	0.38
64300	0.38	0.58	0.58	0	0	0.38
64400	0.38	0.58	0.58	0	0	0.38
64500	0.38	0.58	0.58	0	0	0.38
64600	0.38	0.58	0.58	0	0	0.38
64700	0.38	0.58	0.58	0	0	0.38
64800	0.38	0.58	0.58	0	0	0.38
64900	0.38	0.59	0.59	0	0	0.38
65000	0.38	0.59	0.59	0	0	0.38
65100	0.38	0.59	0.59	0	0	0.38
65200	0.38	0.59	0.59	0	0	0.38
65300	0.38	0.59	0.59	0	0	0.38
65400	0.38	0.59	0.59	0	0	0.38
65500	0.38	0.59	0.59	0	0	0.38
65600	0.38	0.59	0.59	0	0	0.38
65700	0.38	0.59	0.59	0	0	0.38
65800	0.38	0.59	0.59	0	0	0.38
65900	0.38	0.59	0.59	0	0	0.38
66000	0.38	0.59	0.59	0	0	0.38
66100	0.38	0.59	0.59	0	0	0.38
66200	0.38	0.59	0.59	0	0	0.38
66300	0.38	0.59	0.59	0	0	0.38
66400	0.38	0.59	0.59	0	0	0.38
66500	0.38	0.59	0.59	0	0	0.38
66600	0.38	0.59	0.59	0	0	0.38
66700	0.38	0.59	0.59	0	0	0.38
66800	0.38	0.59	0.59	0	0	0.38
66900	0.38	0.59	0.59	0	0	0.38
67000	0.38	0.59	0.59	0	0	0.38
67100	0.38	0.59	0.59	0	0	0.38
67200	0.38	0.59	0.59	0	0	0.38
67300	0.38	0.59	0.59	0	0	0.38
67400	0.38	0.59	0.59	0	0	0.38
67500	0.38	0.59	0.59	0	0	0.38
67600	0.38	0.59	0.59	0	0	0.38
67700	0.38	0.59	0.59	0	0	0.38
67800	0.38	0.59	0.59	0	0	0.38
67900	0.38	0.59	0.59	0	0	0.38
68000	0.38	0.59	0.59	0	0	0.38
68100	0.38	0.59	0.59	0	0	0.38
68200	0.38	0.59	0.59	0	0	0.38
68300	0.38	0.59	0.59	0	0	0.38
68400	0.38	0.59	0.59	0	0	0.38
68500	0.38	0.59	0.59	0	0	0.38
68600	0.38	0.59	0.59	0	0	0.38
68700	0.38	0.59	0.59	0	0	0.38
68800	0.38	0.59	0.59	0	0	0.38
68900	0.38	0.59	0.59	0	0	0.38
69000	0.38	0.59	0.59	0	0	0.38
69100	0.38	0.59	0.59	0	0	0.38
69200	0.38	0.59	0.59	0	0	0.38
69300	0.38	0.59	0.59	0	0	0.38
69400	0.38	0.59	0.59	0	0	0.38
69500	0.38	0.59	0.59	0	0	0.38
69600	0.38	0.59	0.59	0	0	0.38
69700	0.38	0.59	0.59	0	0	0.38
69800	0.38	0.59	0.59	0	0	0.38
69900	0.38	0.59	0.59	0	0	0.38
70000	0.38	0.59	0.59	0	0	0.38
70100	0.38	0.59	0.59	0	0	0.38
70200	0.38	0.59	0.59	0	0	0.38
70300	0.38	0.59	0.59	0	0	0.38
70400	0.39	0.59	0.59	0	0	0.39
70500	0.38	0.59	0.59	0	0	0.38
70600	0.38	0.59	0.59	0	0	0.38
70700	0.38	0.58	0.58	0	0	0.38
70800	0.38	0.58	0.58	0	0	0.38
70900	0.38	0.58	0.58	0	0	0.38
71000	0.38	0.58	0.58	0	0	0.38
71100	0.38	0.58	0.58	0	0	0.38
71200	0.38	0.58	0.58	0	0	0.38
71300	0.38	0.58	0.58	0	0	0.38
71400	0.38	0.58	0.58	0	0	0.38
71500	0.38	0.58	0.58	0	0	0.38
71600	0.38	0.58	0.58	0	0	0.38
71700	0.38	0.58	0.58	0	0	0.38
71800	0.38	0.58	0.58	0	0	0.38
71900	0.38	0.58	0.58	0	0	0.38
72000	0.38	0.58	0.58	0	0	0.38
72100	0.38	0.58	0.58	0	0	0.38
72200	0.38	0.58	0.58	0	0	0.38
72300	0.38	0.58	0.58	0	0	0.38
72400	0.38	0.58	0.58	0	0	0.38
72500	0.38	0.58	0.58	0	0	0.38
72600	0.38	0.58	0.58	0	0	0.38
72700	0.38	0.58	0.58	0	0	0.38
72800	0.38	0.58	0.58	0	0	0.38
72900	0.38	0.58	0.58	0	0	0.38
73000	0.38	0.58	0.58	0	0	0.38
73100	0.38	0.58	0.58	0	0	0.38
73200	0.38	0.58	0.58	0	0	0.38
73300	0.38	0.58	0.58	0	0	0.38
73400	0.38	0.58	0.58	0	0	0.38
73500	0.38	0.58	0.58	0	0	0.38
73600	0.38	0.58	0.58	0	0	0.38
73700	0.38	0.58	0.58	0	0	0.38
73800	0.38	0.58	0.58	0	0	0.38
73900	0.38	0.58	0.58	0	0	0.38
74000	0.38	0.58	0.58	0	0	0.38
74100	0.38	0.58	0.58	0	0	0.38
74200	0.38	0.58	0.58	0	0	0.38
74300	0.38	0.58	0.58	0	0	0.38
74400	0.38	0.58	0.58	0	0	0.38
74500	0.38	0.58	0.58	0	0	0.38
74600	0.38	0.58	0.58	0	0	0.38
74700	0.38	0.58	0.58	0	0	0.38
74800	0.38	0.58	0.58	0	0	0.38
74900	0.38	0.58	0.58	0	0	0.38
75000	0.38	0.58	0.58	0	0	0.38
75100	0.38	0.58	0.58	0	0	0.38
75200	0.38	0.58	0.58	0	0	0.38
75300	0.38	0.58	0.58	0	0	0.38
75400	0.38	0.58	0.58	0	0	0.38
75500	0.38	0.58	0.58	0	0	0.38
75600	0.38	0.58	0.58	0	0	0.38
75700	0.38	0.58	0.58	0	0	0.38
75800	0.38	0.58	0.58	0	0	0.38
75900	0.38	0.58	0.58	0	0	0.38
76000	0.38	0.58	0.58	0	0	0.38
76100	0.38	0.58	0.58	0	0	0.38
76200	0.38	0.58	0.58	0	0	0.38
76300	0.38	0.58	0.58	0	0	0.38
76400	0.38	0.58	0.58	0	0	0.38
76500	0.38	0.58	0.58	0	0	0.38
76600	0.38	0.58	0.58	0	0	0.38
76700	0.38	0.58	0.58	0	0	0.38
76800	0.38	0.58	0.58	0	0	0.38
76900	0.38	0.59	0.59	0	0	0.38
77000	0.38	0.59	0.59	0	0	0.38
77100	0.38	0.59	0.59	0	0	0.38
77200	0.38	0.59	0.59	0	0	0.38
77300	0.38	0.59	0.59	0	0	0.38
77400	0.38	0.59	0.59	0	0	0.38
77500	0.38	0.58	0.58	0	0	0.38
77600	0.38	0.58	0.58	0	0	0.38
77700	0.38	0.58	0.58	0	0	0.38
77800	0.38	0.58	0.58	0	0	0.38
77900	0.38	0.58	0.58	0	0	0.38
78000	0.38	0.58	0.58	0	0	0.38
78100	0.38	0.58	0.58	0	0	0.38
78200	0.38	0.58	0.58	0	0	0.38
78300	0.38	0.59	0.59	0	0	0.38
78400	0.38	0.59	0.59	0	0	0.38
78500	0.38	0.59	0.59	0	0	0.38
78600	0.38	0.59	0.59	0	0	0.38
78700	0.38	0.59	0.59	0	0	0.38
78800	0.38	0.59	0.59	0	0	0.38
78900	0.38	0.59	0.59	0	0	0.38
79000	0.38	0.59	0.59	0	0	0.38
79100	0.38	0.59	0.59	0	0	0.38
79200	0.38	0.59	0.59	0	0	0.38
79300	0.38	0.58	0.58	0	0	0.38
79400	0.38	0.58	0.58	0	0	0.38
79500	0.38	0.58	0.58	0	0	0.38
79600	0.38	0.58	0.58	0	0	0.38
79700	0.38	0.58	0.58	0	0	0.38
79800	0.38	0.58	0.58	0	0	0.38
79900	0.38	0.58	0.58	0	0	0.38
80000	0.38	0.58	0.58	0	0	0.38
80100	0.38	0.58	0.58	0	0	0.38
80200	0.38	0.58	0.58	0	0	0.38
80300	0.38	0.58	0.58	0	0	0.38
80400	0.38	0.58	0.58	0	0	0.38
80500	0.38	0.58	0.58	0	0	0.38
80600	0.38	0.58	0.58	0	0	0.38
80700	0.38	0.58	0.58	0	0	0.38
80800	0.38	0.58	0.58	0	0	0.38
80900	0.38	0.58	0.58	0	0	0.38
81000	0.38	0.58	0.58	0	0	0.38
81100	0.38	0.57	0.57	0	0	0.38
81200	0.38	0.57	0.57	0	0	0.38
81300	0.38	0.57	0.57	0	0	0.38
81400	0.38	0.57	0.57	0	0	0.38
81500	0.38	0.57	0.57	0	0	0.38
81600	0.38	0.57	0.57	0	0	0.38
81700	0.38	0.57	0.57	0	0	0.38
81800	0.38	0.57	0.57	0	0	0.38
81900	0.39	0.57	0.57	0	0	0.39
82000	0.38	0.57	0.57	0	0	0.38
82100	0.39	0.57	0.57	0	0	0.39
82200	0.39	0.57	0.57	0	0	0.39
82300	0.39	0.57	0.57	0	0	0.39
82400	0.39	0.58	0.58	0	0	0.39
82500	0.39	0.57	0.57	0	0	0.39
82600	0.39	0.57	0.57	0	0	0.39
82700	0.39	0.57	0.57	0	0	0.39
82800	0.39	0.57	0.57	0	0	0.39
82900	0.39	0.57	0.57	0	0	0.39
83000	0.39	0.57	0.57	0	0	0.39
83100	0.39	0.57	0.57	0	0	0.39
83200	0.39	0.57	0.57	0	0	0.39
83300	0.39	0.57	0.57	0	0	0.39
83400	0.39	0.57	0.57	0	0	0.39
83500	0.39	0.57	0.57	0	0	0.39
83600	0.39	0.57	0.57	0	0	0.39
83700	0.39	0.57	0.57	0	0	0.39
83800	0.39	0.57	0.57	0	0	0.39
83900	0.39	0.57	0.57	0	0	0.39
84000	0.39	0.57	0.57	0	0	0.39
84100	0.39	0.57	0.57	0	0	0.39
84200	0.39	0.57	0.57	0	0	0.39
84300	0.39	0.57	0.57	0	0	0.39
84400	0.39	0.57	0.57	0	0	0.39
84500	0.39	0.57	0.57	0	0	0.39
84600	0.39	0.57	0.57	0	0	0.39
84700	0.39	0.57	0.57	0	0	0.39
84800	0.39	0.57	0.57	0	0	0.39
84900	0.39	0.57	0.57	0	0	0.39
85000	0.39	0.57	0.57	0	0	0.39
85100	0.39	0.57	0.57	0	0	0.39
85200	0.39	0.57	0.57	0	0	0.39
85300	0.39	0.57	0.57	0	0	0.39
85400	0.39	0.57	0.57	0	0	0.39
85500	0.39	0.57	0.57	0	0	0.39
85600	0.39	0.57	0.57	0	0	0.39
85700	0.39	0.57	0.57	0	0	0.39
85800	0.39	0.57	0.57	0	0	0.39
85900	0.39	0.57	0.57	0	0	0.39
86000	0.39	0.57	0.57	0	0	0.39
86100	0.39	0.58	0.58	0	0	0.39
86200	0.39	0.57	0.57	0	0	0.39
86300	0.39	0.57	0.57	0	0	0.39
86400	0.39	0.57	0.57	0	0	0.39
86500	0.39	0.57	0.57	0	0	0.39
86600	0.39	0.57	0.57	0	0	0.39
86700	0.39	0.57	0.57	0	0	0.39
86800	0.39	0.57	0.57	0	0	0.39
86900	0.39	0.57	0.57	0	0	0.39
87000	0.39	0.57	0.57	0	0	0.39
87100	0.39	0.57	0.57	0	0	0.39
87200	0.39	0.57	0.57	0	0	0.39
87300	0.39	0.57	0.57	0	0	0.39
87400	0.39	0.57	0.57	0	0	0.39
87500	0.39	0.57	0.57	0	0	0.39
87600	0.39	0.57	0.57	0	0	0.39
87700	0.39	0.57	0.57	0	0	0.39
87800	0.39	0.57	0.57	0	0	0.39
87900	0.39	0.57	0.57	0	0	0.39
88000	0.39	0.57	0.57	0	0	0.39
88100	0.39	0.57	0.57	0	0	0.39
88200	0.39	0.57	0.57	0	0	0.39
88300	0.39	0.57	0.57	0	0	0.39
88400	0.39	0.57	0.57	0	0	0.39
88500	0.39	0.57	0.57	0	0	0.39
88600	0.39	0.57	0.57	0	0	0.39
88700	0.39	0.57	0.57	0	0	0.39
88800	0.39	0.57	0.57	0	0	0.39
88900	0.39	0.57	0.57	0	0	0.39
89000	0.39	0.57	0.57	0	0	0.39
89100	0.39	0.57	0.57	0	0	0.39
89200	0.39	0.57	0.57	0	0	0.39
89300	0.38	0.57	0.57	0	0	0.38
89400	0.38	0.57	0.57	0	0	0.38
89500	0.38	0.57	0.57	0	0	0.38
89600	0.38	0.57	0.57	0	0	0.38
89700	0.38	0.57	0.57	0	0	0.38
89800	0.38	0.57	0.57	0	0	0.38
89900	0.38	0.57	0.57	0	0	0.38
90000	0.38	0.57	0.57	0	0	0.38
90100	0.38	0.57	0.57	0	0	0.38
90200	0.38	0.57	0.57	0	0	0.38
90300	0.38	0.57	0.57	0	0	0.38
90400	0.38	0.57	0.57	0	0	0.38
90500	0.38	0.57	0.57	0	0	0.38
90600	0.38	0.57	0.57	0	0	0.38
90700	0.38	0.57	0.57	0	0	0.38
90800	0.38	0.57	0.57	0	0	0.38
90900	0.38	0.57	0.57	0	0	0.38
91000	0.38	0.57	0.57	0	0	0.38
91100	0.38	0.57	0.57	0	0	0.38
91200	0.38	0.57	0.57	0	0	0.38
91300	0.38	0.57	0.57	0	0	0.38
91400	0.38	0.57	0.57	0	0	0.38
91500	0.38	0.57	0.57	0	0	0.38
91600	0.38	0.57	0.57	0	0	0.38
91700	0.38	0.57	0.57	0	0	0.38
91800	0.38	0.57	0.57	0	0	0.38
91900	0.38	0.57	0.57	0	0	0.38
92000	0.38	0.57	0.57	0	0	0.38
92100	0.38	0.57	0.57	0	0	0.38
92200	0.38	0.57	0.57	0	0	0.38
92300	0.38	0.57	0.57	0	0	0.38
92400	0.38	0.58	0.58	0	0	0.38
92500	0.38	0.57	0.57	0	0	0.38
92600	0.38	0.57	0.57	0	0	0.38
92700	0.38	0.57	0.57	0	0	0.38
92800	0.38	0.57	0.57	0	0	0.38
92900	0.38	0.57	0.57	0	0	0.38
93000	0.38	0.57	0.57	0	0	0.38
93100	0.38	0.57	0.57	0	0	0.38
93200	0.38	0.57	0.57	0	0	0.38
93300	0.38	0.57	0.57	0	0	0.38
93400	0.38	0.57	0.57	0	0	0.38
93500	0.37	0.57	0.57	0	0	0.37
93600	0.37	0.57	0.57	0	0	0.37
93700	0.37	0.57	0.57	0	0	0.37
93800	0.37	0.57	0.57	0	0	0.37
93900	0.37	0.57	0.57	0	0	0.37
94000	0.37	0.57	0.57	0	0	0.37
94100	0.37	0.57	0.57	0	0	0.37
94200	0.37	0.57	0.57	0	0	0.37
94300	0.37	0.57	0.57	0	0	0.37
94400	0.37	0.57	0.57	0	0	0.37
94500	0.37	0.57	0.57	0	0	0.37
94600	0.37	0.57	0.57	0	0	0.37
94700	0.37	0.57	0.57	0	0	0.37
94800	0.37	0.57	0.57	0	0	0.37
94900	0.37	0.57	0.57	0	0	0.37
95000	0.37	0.57	0.57	0	0	0.37
95100	0.37	0.57	0.57	0	0	0.37
95200	0.37	0.57	0.57	0	0	0.37
95300	0.37	0.57	0.57	0	0	0.37
95400	0.37	0.57	0.57	0	0	0.37
95500	0.37	0.57	0.57	0	0	0.37
95600	0.37	0.57	0.57	0	0	0.37
95700	0.37	0.57	0.57	0	0	0.37
95800	0.38	0.57	0.57	0	0	0.38
95900	0.37	0.57	0.57	0	0	0.37
96000	0.37	0.57	0.57	0	0	0.37
96100	0.37	0.57	0.57	0	0	0.37
96200	0.37	0.57	0.57	0	0	0.37
96300	0.37	0.57	0.57	0	0	0.37
96400	0.37	0.57	0.57	0	0	0.37
96500	0.37	0.58	0.58	0	0	0.37
96600	0.37	0.58	0.58	0	0	0.37
96700	0.37	0.58	0.58	0	0	0.37
96800	0.37	0.58	0.58	0	0	0.37
96900	0.37	0.58	0.58	0	0	0.37
97000	0.37	0.58	0.58	0	0	0.37
97100	0.37	0.58	0.58	0	0	0.37
97200	0.37	0.58	0.58	0	0	0.37
97300	0.37	0.58	0.58	0	0	0.37
97400	0.37	0.58	0.58	0	0	0.37
97500	0.37	0.58	0.58	0	0	0.37
97600	0.37	0.58	0.58	0	0	0.37
97700	0.37	0.58	0.58	0	0	0.37
97800	0.37	0.58	0.58	0	0	0.37
97900	0.37	0.58	0.58	0	0	0.37
98000	0.37	0.58	0.58	0	0	0.37
98100	0.37	0.58	0.58	0	0	0.37
98200	0.38	0.58	0.58	0	0	0.38
98300	0.38	0.58	0.58	0	0	0.38
98400	0.38	0.58	0.58	0	0	0.38
98500	0.38	0.58	0.58	0	0	0.38
98600	0.38	0.58	0.58	0	0	0.38
98700	0.38	0.59	0.59	0	0	0.38
98800	0.38	0.59	0.59	0	0	0.38
98900	0.38	0.59	0.59	0	0	0.38
99000	0.38	0.59	0.59	0	0	0.38
99100	0.38	0.59	0.59	0	0	0.38
99200	0.38	0.59	0.59	0	0	0.38
99300	0.38	0.59	0.59	0	0	0.38
99400	0.38	0.59	0.59	0	0	0.38
99500	0.38	0.59	0.59	0	0	0.38
99600	0.38	0.59	0.59	0	0	0.38
99700	0.38	0.59	0.59	0	0	0.38
99800	0.38	0.59	0.59	0	0	0.38
99900	0.38	0.59	0.59	0	0	0.38
100000	0.38	0.59	0.59	0	0	0.38
100100	0.38	0.59	0.59	0	0	0.38
100200	0.38	0.59	0.59	0	0	0.38
100300	0.38	0.59	0.59	0	0	0.38
100400	0.38	0.59	0.59	0	0	0.38
100500	0.39	0.59	0.59	0	0	0.39
100600	0.39	0.59	0.59	0	0	0.39
100700	0.39	0.59	0.59	0	0	0.39
100800	0.39	0.59	0.59	0	0	0.39
100900	0.39	0.59	0.59	0	0	0.39
101000	0.39	0.59	0.59	0	0	0.39
101100	0.39	0.59	0.59	0	0	0.39
101200	0.39	0.59	0.59	0	0	0.39
101300	0.39	0.59	0.59	0	0	0.39
101400	0.39	0.59	0.59	0	0	0.39
101500	0.39	0.59	0.59	0	0	0.39
101600	0.39	0.59	0.59	0	0	0.39
101700	0.39	0.59	0.59	0	0	0.39
101800	0.39	0.59	0.59	0	0	0.39
101900	0.39	0.59	0.59	0	0	0.39
102000	0.39	0.59	0.59	0	0	0.39
102100	0.39	0.59	0.59	0	0	0.39
102200	0.39	0.59	0.59	0	0	0.39
102300	0.39	0.59	0.59	0	0	0.39
102400	0.39	0.59	0.59	0	0	0.39
102500	0.39	0.59	0.59	0	0	0.39
102600	0.39	0.59	0.59	0	0	0.39
102700	0.39	0.59	0.59	0	0	0.39
102800	0.39	0.59	0.59	0	0	0.39
102900	0.38	0.59	0.59	0	0	0.38
103000	0.38	0.59	0.59	0	0	0.38
103100	0.38	0.59	0.59	0	0	0.38
103200	0.38	0.59	0.59	0	0	0.38
103300	0.38	0.59	0.59	0	0	0.38
103400	0.38	0.59	0.59	0	0	0.38
103500	0.38	0.59	0.59	0	0	0.38
103600	0.38	0.59	0.59	0	0	0.38
103700	0.38	0.59	0.59	0	0	0.38
103800	0.38	0.59	0.59	0	0	0.38
103900	0.38	0.59	0.59	0	0	0.38
104000	0.38	0.59	0.59	0	0	0.38
104100	0.38	0.59	0.59	0	0	0.38
104200	0.38	0.59	0.59	0	0	0.38
104300	0.38	0.59	0.59	0	0	0.38
104400	0.38	0.59	0.59	0	0	0.38
104500	0.38	0.59	0.59	0	0	0.38
104600	0.38	0.59	0.59	0	0	0.38
104700	0.38	0.59	0.59	0	0	0.38
104800	0.38	0.59	0.59	0	0	0.38
104900	0.38	0.59	0.59	0	0	0.38
105000	0.38	0.59	0.59	0	0	0.38
105100	0.38	0.59	0.59	0	0	0.38
105200	0.38	0.59	0.59	0	0	0.38
105300	0.38	0.59	0.59	0	0	0.38
105400	0.38	0.59	0.59	0	0	0.38
105500	0.38	0.59	0.59	0	0	0.38
105600	0.38	0.59	0.59	0	0	0.38
105700	0.38	0.59	0.59	0	0	0.38
105800	0.38	0.59	0.59	0	0	0.38
105900	0.38	0.59	0.59	0	0	0.38
106000	0.38	0.59	0.59	0	0	0.38
106100	0.38	0.59	0.59	0	0	0.38
106200	0.38	0.59	0.59	0	0	0.38
106300	0.38	0.59	0.59	0	0	0.38
106400	0.38	0.59	0.59	0	0	0.38
106500	0.38	0.59	0.59	0	0	0.38
106600	0.38	0.59	0.59	0	0	0.38
106700	0.38	0.59	0.59	0	0	0.38
106800	0.38	0.59	0.59	0	0	0.38
106900	0.38	0.59	0.59	0	0	0.38
107000	0.38	0.59	0.59	0	0	0.38
107100	0.38	0.59	0.59	0	0	0.38
107200	0.38	0.59	0.59	0	0	0.38
107300	0.38	0.59	0.59	0	0	0.38
107400	0.38	0.59	0.59	0	0	0.38
107500	0.39	0.59	0.59	0	0	0.39
107600	0.38	0.59	0.59	0	0	0.38
107700	0.38	0.59	0.59	0	0	0.38
107800	0.38	0.59	0.59	0	0	0.38
107900	0.38	0.59	0.59	0	0	0.38
108000	0.38	0.59	0.59	0	0	0.38
108100	0.38	0.59	0.59	0	0	0.38
108200	0.38	0.59	0.59	0	0	0.38
108300	0.38	0.59	0.59	0	0	0.38
108400	0.38	0.59	0.59	0	0	0.38
108500	0.38	0.59	0.59	0	0	0.38
108600	0.38	0.59	0.59	0	0	0.38
108700	0.38	0.59	0.59	0	0	0.38
108800	0.38	0.59	0.59	0	0	0.38
108900	0.38	0.59	0.59	0	0	0.38
109000	0.38	0.59	0.59	0	0	0.38
109100	0.38	0.59	0.59	0	0	0.38
109200	0.38	0.59	0.59	0	0	0.38
109300	0.38	0.59	0.59	0	0	0.38
109400	0.38	0.59	0.59	0	0	0.38
109500	0.38	0.59	0.59	0	0	0.38
109600	0.38	0.59	0.59	0	0	0.38
109700	0.38	0.59	0.59	0	0	0.38
109800	0.38	0.59	0.59	0	0	0.38
109900	0.38	0.59	0.59	0	0	0.38
110000	0.38	0.59	0.59	0	0	0.38
110100	0.38	0.59	0.59	0	0	0.38
110200	0.38	0.59	0.59	0	0	0.38
110300	0.38	0.59	0.59	0	0	0.38
110400	0.38	0.59	0.59	0	0	0.38
110500	0.38	0.59	0.59	0	0	0.38
110600	0.38	0.59	0.59	0	0	0.38
110700	0.38	0.59	0.59	0	0	0.38
110800	0.38	0.59	0.59	0	0	0.38
110900	0.38	0.59	0.59	0	0	0.38
111000	0.38	0.59	0.59	0	0	0.38
111100	0.38	0.59	0.59	0	0	0.38
111200	0.38	0.59	0.59	0	0	0.38
111300	0.37	0.59	0.59	0	0	0.37
111400	0.37	0.59	0.59	0	0	0.37
111500	0.37	0.59	0.59	0	0	0.37
111600	0.37	0.59	0.59	0	0	0.37
111700	0.37	0.59	0.59	0	0	0.37
111800	0.37	0.59	0.59	0	0	0.37
111900	0.37	0.59	0.59	0	0	0.37
112000	0.37	0.59	0.59	0	0	0.37
112100	0.37	0.59	0.59	0	0	0.37
112200	0.38	0.59	0.59	0	0	0.38
112300	0.38	0.59	0.59	0	0	0.38
112400	0.38	0.59	0.59	0	0	0.38
112500	0.39	0.59	0.59	0	0	0.39
112600	0.39	0.59	0.59	0	0	0.39
112700	0.39	0.59	0.59	0	0	0.39
112800	0.38	0.59	0.59	0	0	0.38
112900	0.38	0.59	0.59	0	0	0.38
113000	0.38	0.59	0.59	0	0	0.38
113100	0.38	0.59	0.59	0	0	0.38
113200	0.38	0.59	0.59	0	0	0.38
113300	0.38	0.59	0.59	0	0	0.38
113400	0.38	0.59	0.59	0	0	0.38
113500	0.38	0.59	0.59	0	0	0.38
113600	0.38	0.59	0.59	0	0	0.38
113700	0.38	0.59	0.59	0	0	0.38
113800	0.38	0.59	0.59	0	0	0.38
113900	0.38	0.59	0.59	0	0	0.38
114000	0.38	0.59	0.59	0	0	0.38
114100	0.38	0.59	0.59	0	0	0.38
114200	0.38	0.59	0.59	0	0	0.38
114300	0.38	0.59	0.59	0	0	0.38
114400	0.38	0.59	0.59	0	0	0.38
114500	0.38	0.59	0.59	0	0	0.38
114600	0.38	0.59	0.59	0	0	0.38
114700	0.38	0.59	0.59	0	0	0.38
114800	0.38	0.59	0.59	0	0	0.38
114900	0.38	0.59	0.59	0	0	0.38
115000	0.38	0.59	0.59	0	0	0.38
115100	0.38	0.59	0.59	0	0	0.38
115200	0.38	0.59	0.59	0	0	0.38
115300	0.38	0.59	0.59	0	0	0.38
115400	0.38	0.59	0.59	0	0	0.38
115500	0.38	0.59	0.59	0	0	0.38
115600	0.39	0.59	0.59	0	0	0.39
115700	0.39	0.59	0.59	0	0	0.39
115800	0.39	0.59	0.59	0	0	0.39
115900	0.39	0.59	0.59	0	0	0.39
116000	0.39	0.59	0.59	0	0	0.39
116100	0.39	0.59	0.59	0	0	0.39
116200	0.39	0.6	0.6	0	0	0.39
116300	0.39	0.6	0.6	0	0	0.39
116400	0.39	0.6	0.6	0	0	0.39
116500	0.39	0.6	0.6	0	0	0.39
116600	0.39	0.6	0.6	0	0	0.39
116700	0.39	0.6	0.6	0	0	0.39
116800	0.39	0.6	0.6	0	0	0.39
116900	0.39	0.6	0.6	0	0	0.39
117000	0.39	0.6	0.6	0	0	0.39
117100	0.39	0.6	0.6	0	0	0.39
117200	0.39	0.6	0.6	0	0	0.39
117300	0.39	0.6	0.6	0	0	0.39
117400	0.39	0.6	0.6	0	0	0.39
117500	0.39	0.6	0.6	0	0	0.39
117600	0.39	0.6	0.6	0	0	0.39
117700	0.39	0.6	0.6	0	0	0.39
117800	0.39	0.6	0.6	0	0	0.39
117900	0.39	0.6	0.6	0	0	0.39
118000	0.39	0.6	0.6	0	0	0.39
118100	0.39	0.6	0.6	0	0	0.39
118200	0.39	0.6	0.6	0	0	0.39
118300	0.39	0.6	0.6	0	0	0.39
118400	0.39	0.6	0.6	0	0	0.39
118500	0.39	0.6	0.6	0	0	0.39
118600	0.39	0.6	0.6	0	0	0.39
118700	0.39	0.6	0.6	0	0	0.39
118800	0.39	0.6	0.6	0	0	0.39
118900	0.39	0.6	0.6	0	0	0.39
119000	0.39	0.6	0.6	0	0	0.39
119100	0.39	0.6	0.6	0	0	0.39
119200	0.39	0.6	0.6	0	0	0.39
119300	0.39	0.6	0.6	0	0	0.39
119400	0.39	0.6	0.6	0	0	0.39
119500	0.39	0.6	0.6	0	0	0.39
119600	0.39	0.6	0.6	0	0	0.39
119700	0.39	0.6	0.6	0	0	0.39
119800	0.39	0.6	0.6	0	0	0.39
119900	0.39	0.6	0.6	0	0	0.39
120000	0.39	0.6	0.6	0	0	0.39
120100	0.39	0.6	0.6	0	0	0.39
120200	0.39	0.6	0.6	0	0	0.39
120300	0.39	0.6	0.6	0	0	0.39
120400	0.39	0.6	0.6	0	0	0.39
120500	0.39	0.6	0.6	0	0	0.39
120600	0.39	0.6	0.6	0	0	0.39
120700	0.39	0.6	0.6	0	0	0.39
120800	0.39	0.6	0.6	0	0	0.39
120900	0.39	0.6	0.6	0	0	0.39
121000	0.39	0.6	0.6	0	0	0.39
121100	0.39	0.6	0.6	0	0	0.39
121200	0.39	0.6	0.6	0	0	0.39
121300	0.39	0.6	0.6	0	0	0.39
121400	0.39	0.6	0.6	0	0	0.39
121500	0.39	0.6	0.6	0	0	0.39
121600	0.39	0.6	0.6	0	0	0.39
121700	0.39	0.6	0.6	0	0	0.39
121800	0.39	0.6	0.6	0	0	0.39
121900	0.39	0.6	0.6	0	0	0.39
122000	0.39	0.6	0.6	0	0	0.39
122100	0.39	0.6	0.6	0	0	0.39
122200	0.39	0.6	0.6	0	0	0.39
122300	0.39	0.6	0.6	0	0	0.39
122400	0.39	0.6	0.6	0	0	0.39
122500	0.39	0.6	0.6	0	0	0.39
122600	0.39	0.6	0.6	0	0	0.39
122700	0.39	0.6	0.6	0	0	0.39
122800	0.39	0.6	0.6	0	0	0.39
122900	0.39	0.6	0.6	0	0	0.39
123000	0.39	0.6	0.6	0	0	0.39
123100	0.39	0.6	0.6	0	0	0.39
123200	0.39	0.6	0.6	0	0	0.39
123300	0.39	0.6	0.6	0	0	0.39
123400	0.39	0.6	0.6	0	0	0.39
123500	0.39	0.6	0.6	0	0	0.39
123600	0.39	0.6	0.6	0	0	0.39
123700	0.39	0.6	0.6	0	0	0.39
123800	0.39	0.6	0.6	0	0	0.39
123900	0.39	0.6	0.6	0	0	0.39
124000	0.39	0.6	0.6	0	0	0.39
124100	0.39	0.6	0.6	0	0	0.39
124200	0.39	0.6	0.6	0	0	0.39
124300	0.39	0.6	0.6	0	0	0.39
124400	0.39	0.6	0.6	0	0	0.39
124500	0.39	0.6	0.6	0	0	0.39
124600	0.39	0.6	0.6	0	0	0.39
124700	0.39	0.6	0.6	0	0	0.39
124800	0.39	0.6	0.6	0	0	0.39
124900	0.39	0.6	0.6	0	0	0.39
125000	0.39	0.6	0.6	0	0	0.39
125100	0.39	0.6	0.6	0	0	0.39
125200	0.39	0.6	0.6	0	0	0.39
125300	0.39	0.6	0.6	0	0	0.39
125400	0.39	0.6	0.6	0	0	0.39
125500	0.39	0.6	0.6	0	0	0.39
125600	0.39	0.6	0.6	0	0	0.39
125700	0.39	0.6	0.6	0	0	0.39
125800	0.39	0.6	0.6	0	0	0.39
125900	0.39	0.6	0.6	0	0	0.39
126000	0.39	0.6	0.6	0	0	0.39
126100	0.39	0.6	0.6	0	0	0.39
126200	0.39	0.6	0.6	0	0	0.39
126300	0.39	0.6	0.6	0	0	0.39
126400	0.39	0.6	0.6	0	0	0.39
126500	0.39	0.6	0.6	0	0	0.39
126600	0.39	0.6	0.6	0	0	0.39
126700	0.39	0.6	0.6	0	0	0.39
126800	0.39	0.6	0.6	0	0	0.39
126900	0.39	0.6	0.6	0	0	0.39
127000	0.39	0.6	0.6	0	0	0.39
127100	0.39	0.6	0.6	0	0	0.39
127200	0.39	0.6	0.6	0	0	0.39
127300	0.39	0.6	0.6	0	0	0.39
127400	0.39	0.6	0.6	0	0	0.39
127500	0.39	0.6	0.6	0	0	0.39
127600	0.39	0.6	0.6	0	0	0.39
127700	0.39	0.6	0.6	0	0	0.39
127800	0.39	0.6	0.6	0	0	0.39
127900	0.39	0.6	0.6	0	0	0.39
128000	0.39	0.6	0.6	0	0	0.39
128100	0.39	0.6	0.6	0	0	0.39
128200	0.39	0.6	0.6	0	0	0.39
128300	0.39	0.6	0.6	0	0	0.39
128400	0.39	0.6	0.6	0	0	0.39
128500	0.39	0.6	0.6	0	0	0.39
128600	0.39	0.6	0.6	0	0	0.39
128700	0.39	0.6	0.6	0	0	0.39
128800	0.39	0.6	0.6	0	0	0.39
128900	0.39	0.6	0.6	0	0	0.39
129000	0.39	0.6	0.6	0	0	0.39
129100	0.39	0.6	0.6	0	0	0.39
129200	0.39	0.6	0.6	0	0	0.39
129300	0.39	0.6	0.6	0	0	0.39
129400	0.39	0.6	0.6	0	0	0.39
129500	0.39	0.6	0.6	0	0	0.39
129600	0.39	0.6	0.6	0	0	0.39
129700	0.39	0.6	0.6	0	0	0.39
129800	0.39	0.6	0.6	0	0	0.39
129900	0.39	0.6	0.6	0	0	0.39
130000	0.39	0.6	0.6	0	0	0.39
130100	0.39	0.6	0.6	0	0	0.39
130200	0.39	0.6	0.6	0	0	0.39
130300	0.39	0.6	0.6	0	0	0.39
130400	0.39	0.6	0.6	0	0	0.39
130500	0.39	0.6	0.6	0	0	0.39
130600	0.39	0.6	0.6	0	0	0.39
130700	0.39	0.6	0.6	0	0	0.39
130800	0.39	0.6	0.6	0	0	0.39
130900	0.38	0.6	0.6	0	0	0.38
131000	0.38	0.6	0.6	0	0	0.38
131100	0.38	0.6	0.6	0	0	0.38
131200	0.38	0.6	0.6	0	0	0.38
131300	0.38	0.6	0.6	0	0	0.38
131400	0.38	0.6	0.6	0	0	0.38
131500	0.38	0.59	0.59	0	0	0.38
131600	0.38	0.59	0.59	0	0	0.38
131700	0.38	0.59	0.59	0	0	0.38
131800	0.38	0.59	0.59	0	0	0.38
131900	0.38	0.59	0.59	0	0	0.38
132000	0.38	0.59	0.59	0	0	0.38
132100	0.38	0.59	0.59	0	0	0.38
132200	0.38	0.59	0.59	0	0	0.38
132300	0.38	0.59	0.59	0	0	0.38
132400	0.38	0.59	0.59	0	0	0.38
132500	0.38	0.59	0.59	0	0	0.38
132600	0.38	0.59	0.59	0	0	0.38
132700	0.38	0.59	0.59	0	0	0.38
132800	0.38	0.59	0.59	0	0	0.38
132900	0.38	0.59	0.59	0	0	0.38
133000	0.38	0.59	0.59	0	0	0.38
133100	0.38	0.59	0.59	0	0	0.38
133200	0.38	0.59	0.59	0	0	0.38
133300	0.38	0.59	0.59	0	0	0.38
133400	0.38	0.59	0.59	0	0	0.38
133500	0.38	0.59	0.59	0	0	0.38
133600	0.38	0.59	0.59	0	0	0.38
133700	0.38	0.59	0.59	0	0	0.38
133800	0.38	0.59	0.59	0	0	0.38
133900	0.38	0.59	0.59	0	0	0.38
134000	0.38	0.59	0.59	0	0	0.38
134100	0.38	0.59	0.59	0	0	0.38
134200	0.38	0.59	0.59	0	0	0.38
134300	0.38	0.59	0.59	0	0	0.38
134400	0.38	0.59	0.59	0	0	0.38
134500	0.38	0.59	0.59	0	0	0.38
134600	0.38	0.59	0.59	0	0	0.38
134700	0.38	0.59	0.59	0	0	0.38
134800	0.38	0.59	0.59	0	0	0.38
134900	0.38	0.59	0.59	0	0	0.38
135000	0.38	0.59	0.59	0	0	0.38
135100	0.38	0.59	0.59	0	0	0.38
135200	0.38	0.59	0.59	0	0	0.38
135300	0.38	0.59	0.59	0	0	0.38
135400	0.38	0.59	0.59	0	0	0.38
135500	0.38	0.59	0.59	0	0	0.38
135600	0.38	0.59	0.59	0	0	0.38
135700	0.38	0.59	0.59	0	0	0.38
135800	0.38	0.59	0.59	0	0	0.38
135900	0.38	0.6	0.6	0	0	0.38
136000	0.38	0.6	0.6	0	0	0.38
136100	0.38	0.6	0.6	0	0	0.38
136200	0.38	0.6	0.6	0	0	0.38
136300	0.38	0.6	0.6	0	0	0.38
136400	0.38	0.6	0.6	0	0	0.38
136500	0.38	0.6	0.6	0	0	0.38
136600	0.38	0.6	0.6	0	0	0.38
136700	0.38	0.6	0.6	0	0	0.38
136800	0.38	0.6	0.6	0	0	0.38
136900	0.38	0.6	0.6	0	0	0.38
137000	0.38	0.6	0.6	0	0	0.38
137100	0.38	0.6	0.6	0	0	0.38
137200	0.38	0.6	0.6	0	0	0.38
137300	0.37	0.6	0.6	0	0	0.37
137400	0.37	0.6	0.6	0	0	0.37
137500	0.37	0.6	0.6	0	0	0.37
137600	0.37	0.6	0.6	0	0	0.37
137700	0.37	0.6	0.6	0	0	0.37
137800	0.37	0.6	0.6	0	0	0.37
137900	0.37	0.6	0.6	0	0	0.37
138000	0.37	0.6	0.6	0	0	0.37
138100	0.37	0.6	0.6	0	0	0.37
138200	0.37	0.6	0.6	0	0	0.37
138300	0.37	0.6	0.6	0	0	0.37
138400	0.37	0.6	0.6	0	0	0.37
138500	0.37	0.6	0.6	0	0	0.37
138600	0.37	0.6	0.6	0	0	0.37
138700	0.37	0.6	0.6	0	0	0.37
138800	0.38	0.6	0.6	0	0	0.38
138900	0.38	0.6	0.6	0	0	0.38
139000	0.37	0.6	0.6	0	0	0.37
139100	0.37	0.6	0.6	0	0	0.37
139200	0.37	0.6	0.6	0	0	0.37
139300	0.37	0.6	0.6	0	0	0.37
139400	0.37	0.6	0.6	0	0	0.37
139500	0.37	0.6	0.6	0	0	0.37
139600	0.37	0.6	0.6	0	0	0.37
139700	0.37	0.6	0.6	0	0	0.37
139800	0.37	0.6	0.6	0	0	0.37
139900	0.37	0.6	0.6	0	0	0.37
140000	0.37	0.6	0.6	0	0	0.37
140100	0.37	0.6	0.6	0	0	0.37
140200	0.37	0.6	0.6	0	0	0.37
140300	0.37	0.6	0.6	0	0	0.37
140400	0.37	0.6	0.6	0	0	0.37
140500	0.37	0.6	0.6	0	0	0.37
140600	0.37	0.6	0.6	0	0	0.37
140700	0.38	0.6	0.6	0	0	0.38
140800	0.38	0.6	0.6	0	0	0.38
140900	0.38	0.6	0.6	0	0	0.38
141000	0.38	0.6	0.6	0	0	0.38
141100	0.38	0.6	0.6	0	0	0.38
141200	0.38	0.6	0.6	0	0	0.38
141300	0.38	0.6	0.6	0	0	0.38
141400	0.38	0.6	0.6	0	0	0.38
141500	0.38	0.6	0.6	0	0	0.38
141600	0.38	0.6	0.6	0	0	0.38
141700	0.38	0.6	0.6	0	0	0.38
141800	0.37	0.6	0.6	0	0	0.37
141900	0.37	0.6	0.6	0	0	0.37
142000	0.37	0.6	0.6	0	0	0.37
142100	0.37	0.6	0.6	0	0	0.37
142200	0.37	0.6	0.6	0	0	0.37
142300	0.37	0.6	0.6	0	0	0.37
142400	0.37	0.6	0.6	0	0	0.37
142500	0.37	0.6	0.6	0	0	0.37
142600	0.36	0.6	0.6	0	0	0.36
142700	0.37	0.6	0.6	0	0	0.37
142800	0.37	0.6	0.6	0	0	0.37
142900	0.36	0.6	0.6	0	0	0.36
143000	0.36	0.6	0.6	0	0	0.36
143100	0.36	0.6	0.6	0	0	0.36
143200	0.36	0.6	0.6	0	0	0.36
143300	0.35	0.6	0.6	0	0	0.35
143400	0.35	0.6	0.6	0	0	0.35
143500	0.35	0.6	0.6	0	0	0.35
143600	0.35	0.6	0.6	0	0	0.35
143700	0.35	0.6	0.6	0	0	0.35
143800	0.35	0.6	0.6	0	0	0.35
143900	0.35	0.6	0.6	0	0	0.35
144000	0.35	0.6	0.6	0	0	0.35
144100	0.35	0.6	0.6	0	0	0.35
144200	0.35	0.6	0.6	0	0	0.35
144300	0.35	0.6	0.6	0	0	0.35
144400	0.35	0.6	0.6	0	0	0.35
144500	0.35	0.6	0.6	0	0	0.35
144600	0.35	0.6	0.6	0	0	0.35
144700	0.35	0.6	0.6	0	0	0.35
144800	0.35	0.6	0.6	0	0	0.35
144900	0.35	0.6	0.6	0	0	0.35
145000	0.35	0.6	0.6	0	0	0.35
145100	0.35	0.6	0.6	0	0	0.35
145200	0.35	0.6	0.6	0	0	0.35
145300	0.35	0.6	0.6	0	0	0.35
145400	0.35	0.6	0.6	0	0	0.35
145500	0.35	0.6	0.6	0	0	0.35
145600	0.35	0.6	0.6	0	0	0.35
145700	0.35	0.6	0.6	0	0	0.35
145800	0.35	0.6	0.6	0	0	0.35
145900	0.35	0.6	0.6	0	0	0.35
146000	0.35	0.6	0.6	0	0	0.35
146100	0.35	0.6	0.6	0	0	0.35
146200	0.35	0.61	0.61	0	0	0.35
146300	0.35	0.61	0.61	0	0	0.35
146400	0.35	0.61	0.61	0	0	0.35
146500	0.35	0.61	0.61	0	0	0.35
146600	0.35	0.61	0.61	0	0	0.35
146700	0.35	0.61	0.61	0	0	0.35
146800	0.35	0.61	0.61	0	0	0.35
146900	0.35	0.61	0.61	0	0	0.35
147000	0.35	0.61	0.61	0	0	0.35
147100	0.35	0.61	0.61	0	0	0.35
147200	0.35	0.61	0.61	0	0	0.35
147300	0.35	0.61	0.61	0	0	0.35
147400	0.35	0.61	0.61	0	0	0.35
147500	0.35	0.62	0.62	0	0	0.35
147600	0.35	0.61	0.61	0	0	0.35
147700	0.35	0.61	0.61	0	0	0.35
147800	0.35	0.61	0.61	0	0	0.35
147900	0.35	0.61	0.61	0	0	0.35
148000	0.35	0.61	0.61	0	0	0.35
148100	0.35	0.61	0.61	0	0	0.35
148200	0.35	0.61	0.61	0	0	0.35
148300	0.35	0.61	0.61	0	0	0.35
148400	0.35	0.61	0.61	0	0	0.35
148500	0.35	0.61	0.61	0	0	0.35
148600	0.35	0.61	0.61	0	0	0.35
148700	0.35	0.61	0.61	0	0	0.35
148800	0.35	0.61	0.61	0	0	0.35
148900	0.35	0.61	0.61	0	0	0.35
149000	0.35	0.61	0.61	0	0	0.35
149100	0.35	0.61	0.61	0	0	0.35
149200	0.35	0.61	0.61	0	0	0.35
149300	0.35	0.61	0.61	0	0	0.35
149400	0.35	0.61	0.61	0	0	0.35
149500	0.35	0.61	0.61	0	0	0.35
149600	0.35	0.61	0.61	0	0	0.35
149700	0.35	0.61	0.61	0	0	0.35
149800	0.35	0.61	0.61	0	0	0.35
149900	0.35	0.61	0.61	0	0	0.35
150000	0.35	0.61	0.61	0	0	0.35
150100	0.35	0.61	0.61	0	0	0.35
150200	0.35	0.61	0.61	0	0	0.35
150300	0.35	0.61	0.61	0	0	0.35
150400	0.35	0.61	0.61	0	0	0.35
150500	0.35	0.62	0.62	0	0	0.35
150600	0.36	0.61	0.61	0	0	0.36
150700	0.36	0.61	0.61	0	0	0.36
150800	0.36	0.61	0.61	0	0	0.36
150900	0.36	0.61	0.61	0	0	0.36
151000	0.36	0.61	0.61	0	0	0.36
151100	0.36	0.61	0.61	0	0	0.36
151200	0.36	0.61	0.61	0	0	0.36
151300	0.36	0.61	0.61	0	0	0.36
151400	0.36	0.61	0.61	0	0	0.36
151500	0.36	0.61	0.61	0	0	0.36
151600	0.36	0.61	0.61	0	0	0.36
151700	0.36	0.61	0.61	0	0	0.36
151800	0.36	0.61	0.61	0	0	0.36
151900	0.36	0.61	0.61	0	0	0.36
152000	0.36	0.61	0.61	0	0	0.36
152100	0.36	0.61	0.61	0	0	0.36
152200	0.36	0.61	0.61	0	0	0.36
152300	0.36	0.61	0.61	0	0	0.36
152400	0.35	0.61	0.61	0	0	0.35
152500	0.35	0.61	0.61	0	0	0.35
152600	0.35	0.61	0.61	0	0	0.35
152700	0.35	0.61	0.61	0	0	0.35
152800	0.35	0.61	0.61	0	0	0.35
152900	0.35	0.61	0.61	0	0	0.35
153000	0.35	0.61	0.61	0	0	0.35
153100	0.35	0.61	0.61	0	0	0.35
153200	0.35	0.61	0.61	0	0	0.35
153300	0.35	0.61	0.61	0	0	0.35
153400	0.35	0.61	0.61	0	0	0.35
153500	0.36	0.61	0.61	0	0	0.36
153600	0.36	0.61	0.61	0	0	0.36
153700	0.36	0.61	0.61	0	0	0.36
153800	0.36	0.61	0.61	0	0	0.36
153900	0.36	0.61	0.61	0	0	0.36
154000	0.36	0.61	0.61	0	0	0.36
154100	0.36	0.61	0.61	0	0	0.36
154200	0.36	0.61	0.61	0	0	0.36
154300	0.36	0.61	0.61	0	0	0.36
154400	0.36	0.61	0.61	0	0	0.36
154500	0.36	0.61	0.61	0	0	0.36
154600	0.36	0.61	0.61	0	0	0.36
154700	0.36	0.61	0.61	0	0	0.36
154800	0.36	0.61	0.61	0	0	0.36
154900	0.36	0.61	0.61	0	0	0.36
155000	0.36	0.61	0.61	0	0	0.36
155100	0.36	0.61	0.61	0	0	0.36
155200	0.36	0.61	0.61	0	0	0.36
155300	0.36	0.61	0.61	0	0	0.36
155400	0.36	0.61	0.61	0	0	0.36
155500	0.36	0.61	0.61	0	0	0.36
155600	0.36	0.61	0.61	0	0	0.36
155700	0.36	0.61	0.61	0	0	0.36
155800	0.36	0.61	0.61	0	0	0.36
155900	0.36	0.61	0.61	0	0	0.36
156000	0.36	0.61	0.61	0	0	0.36
156100	0.36	0.61	0.61	0	0	0.36
156200	0.36	0.61	0.61	0	0	0.36
156300	0.36	0.61	0.61	0	0	0.36
156400	0.36	0.61	0.61	0	0	0.36
156500	0.36	0.61	0.61	0	0	0.36
156600	0.36	0.61	0.61	0	0	0.36
156700	0.36	0.61	0.61	0	0	0.36
156800	0.36	0.61	0.61	0	0	0.36
156900	0.36	0.61	0.61	0	0	0.36
157000	0.36	0.61	0.61	0	0	0.36
157100	0.36	0.61	0.61	0	0	0.36
157200	0.36	0.61	0.61	0	0	0.36
157300	0.36	0.61	0.61	0	0	0.36
157400	0.36	0.61	0.61	0	0	0.36
157500	0.36	0.61	0.61	0	0	0.36
157600	0.36	0.61	0.61	0	0	0.36
157700	0.36	0.61	0.61	0	0	0.36
157800	0.36	0.61	0.61	0	0	0.36
157900	0.36	0.61	0.61	0	0	0.36
158000	0.36	0.61	0.61	0	0	0.36
158100	0.36	0.61	0.61	0	0	0.36
158200	0.36	0.61	0.61	0	0	0.36
158300	0.36	0.61	0.61	0	0	0.36
158400	0.36	0.61	0.61	0	0	0.36
158500	0.36	0.61	0.61	0	0	0.36
158600	0.36	0.62	0.62	0	0	0.36
158700	0.36	0.62	0.62	0	0	0.36
158800	0.35	0.62	0.62	0	0	0.35
158900	0.35	0.62	0.62	0	0	0.35
159000	0.35	0.62	0.62	0	0	0.35
159100	0.35	0.62	0.62	0	0	0.35
159200	0.35	0.62	0.62	0	0	0.35
159300	0.35	0.62	0.62	0	0	0.35
159400	0.35	0.62	0.62	0	0	0.35
159500	0.35	0.62	0.62	0	0	0.35
159600	0.35	0.62	0.62	0	0	0.35
159700	0.35	0.62	0.62	0	0	0.35
159800	0.35	0.62	0.62	0	0	0.35
159900	0.35	0.62	0.62	0	0	0.35
160000	0.35	0.62	0.62	0	0	0.35
160100	0.35	0.62	0.62	0	0	0.35
160200	0.35	0.62	0.62	0	0	0.35
160300	0.35	0.63	0.63	0	0	0.35
160400	0.35	0.63	0.63	0	0	0.35
160500	0.35	0.63	0.63	0	0	0.35
160600	0.35	0.63	0.63	0	0	0.35
160700	0.35	0.62	0.62	0	0	0.35
160800	0.35	0.62	0.62	0	0	0.35
160900	0.35	0.62	0.62	0	0	0.35
161000	0.35	0.62	0.62	0	0	0.35
161100	0.35	0.62	0.62	0	0	0.35
161200	0.35	0.62	0.62	0	0	0.35
161300	0.35	0.62	0.62	0	0	0.35
161400	0.35	0.62	0.62	0	0	0.35
161500	0.35	0.62	0.62	0	0	0.35
161600	0.35	0.62	0.62	0	0	0.35
161700	0.35	0.62	0.62	0	0	0.35
161800	0.35	0.62	0.62	0	0	0.35
161900	0.35	0.62	0.62	0	0	0.35
162000	0.35	0.62	0.62	0	0	0.35
162100	0.35	0.62	0.62	0	0	0.35
162200	0.35	0.62	0.62	0	0	0.35
162300	0.35	0.62	0.62	0	0	0.35
162400	0.35	0.62	0.62	0	0	0.35
162500	0.35	0.62	0.62	0	0	0.35
162600	0.35	0.62	0.62	0	0	0.35
162700	0.35	0.62	0.62	0	0	0.35
162800	0.35	0.62	0.62	0	0	0.35
162900	0.35	0.62	0.62	0	0	0.35
163000	0.35	0.62	0.62	0	0	0.35
163100	0.35	0.62	0.62	0	0	0.35
163200	0.35	0.62	0.62	0	0	0.35
163300	0.35	0.62	0.62	0	0	0.35
163400	0.35	0.62	0.62	0	0	0.35
163500	0.35	0.62	0.62	0	0	0.35
163600	0.35	0.62	0.62	0	0	0.35
163700	0.35	0.62	0.62	0	0	0.35
163800	0.35	0.63	0.63	0	0	0.35
163900	0.35	0.63	0.63	0	0	0.35
164000	0.35	0.63	0.63	0	0	0.35
164100	0.35	0.62	0.62	0	0	0.35
164200	0.35	0.62	0.62	0	0	0.35
164300	0.35	0.62	0.62	0	0	0.35
164400	0.35	0.62	0.62	0	0	0.35
164500	0.35	0.62	0.62	0	0	0.35
164600	0.35	0.62	0.62	0	0	0.35
164700	0.35	0.62	0.62	0	0	0.35
164800	0.35	0.62	0.62	0	0	0.35
164900	0.35	0.62	0.62	0	0	0.35
165000	0.35	0.62	0.62	0	0	0.35
165100	0.35	0.62	0.62	0	0	0.35
165200	0.35	0.62	0.62	0	0	0.35
165300	0.35	0.62	0.62	0	0	0.35
165400	0.34	0.62	0.62	0	0	0.34
165500	0.34	0.62	0.62	0	0	0.34
165600	0.34	0.62	0.62	0	0	0.34
165700	0.34	0.62	0.62	0	0	0.34
165800	0.34	0.62	0.62	0	0	0.34
165900	0.34	0.62	0.62	0	0	0.34
166000	0.34	0.62	0.62	0	0	0.34
166100	0.34	0.62	0.62	0	0	0.34
166200	0.34	0.62	0.62	0	0	0.34
166300	0.34	0.62	0.62	0	0	0.34
166400	0.34	0.62	0.62	0	0	0.34
166500	0.34	0.62	0.62	0	0	0.34
166600	0.34	0.62	0.62	0	0	0.34
166700	0.34	0.62	0.62	0	0	0.34
166800	0.34	0.62	0.62	0	0	0.34
166900	0.34	0.62	0.62	0	0	0.34
167000	0.34	0.62	0.62	0	0	0.34
167100	0.34	0.62	0.62	0	0	0.34
167200	0.34	0.62	0.62	0	0	0.34
167300	0.34	0.62	0.62	0	0	0.34
167400	0.34	0.62	0.62	0	0	0.34
167500	0.34	0.62	0.62	0	0	0.34
167600	0.34	0.62	0.62	0	0	0.34
167700	0.34	0.62	0.62	0	0	0.34
167800	0.34	0.62	0.62	0	0	0.34
167900	0.34	0.62	0.62	0	0	0.34
168000	0.34	0.62	0.62	0	0	0.34
168100	0.34	0.62	0.62	0	0	0.34
168200	0.34	0.62	0.62	0	0	0.34
168300	0.34	0.62	0.62	0	0	0.34
168400	0.34	0.62	0.62	0	0	0.34
168500	0.34	0.62	0.62	0	0	0.34
168600	0.34	0.62	0.62	0	0	0.34
168700	0.34	0.62	0.62	0	0	0.34
168800	0.34	0.62	0.62	0	0	0.34
168900	0.34	0.62	0.62	0	0	0.34
169000	0.34	0.62	0.62	0	0	0.34
169100	0.35	0.62	0.62	0	0	0.35
169200	0.35	0.62	0.62	0	0	0.35
169300	0.34	0.62	0.62	0	0	0.34
169400	0.34	0.62	0.62	0	0	0.34
169500	0.34	0.62	0.62	0	0	0.34
169600	0.34	0.62	0.62	0	0	0.34
169700	0.34	0.62	0.62	0	0	0.34
169800	0.34	0.62	0.62	0	0	0.34
169900	0.34	0.62	0.62	0	0	0.34
170000	0.34	0.62	0.62	0	0	0.34
170100	0.34	0.62	0.62	0	0	0.34
170200	0.34	0.62	0.62	0	0	0.34
170300	0.34	0.62	0.62	0	0	0.34
170400	0.34	0.63	0.63	0	0	0.34
170500	0.34	0.63	0.63	0	0	0.34
170600	0.34	0.63	0.63	0	0	0.34
170700	0.34	0.63	0.63	0	0	0.34
170800	0.34	0.63	0.63	0	0	0.34
170900	0.34	0.63	0.63	0	0	0.34
171000	0.34	0.63	0.63	0	0	0.34
171100	0.34	0.63	0.63	0	0	0.34
171200	0.34	0.63	0.63	0	0	0.34
171300	0.34	0.63	0.63	0	0	0.34
171400	0.34	0.63	0.63	0	0	0.34
171500	0.34	0.63	0.63	0	0	0.34
171600	0.34	0.63	0.63	0	0	0.34
171700	0.34	0.63	0.63	0	0	0.34
171800	0.34	0.63	0.63	0	0	0.34
171900	0.34	0.63	0.63	0	0	0.34
172000	0.34	0.63	0.63	0	0	0.34
172100	0.34	0.63	0.63	0	0	0.34
172200	0.34	0.63	0.63	0	0	0.34
172300	0.35	0.63	0.63	0	0	0.35
172400	0.35	0.63	0.63	0	0	0.35
172500	0.35	0.63	0.63	0	0	0.35
172600	0.35	0.63	0.63	0	0	0.35
172700	0.35	0.63	0.63	0	0	0.35
172800	0.35	0.63	0.63	0	0	0.35
172900	0.35	0.63	0.63	0	0	0.35
173000	0.35	0.63	0.63	0	0	0.35
173100	0.35	0.63	0.63	0	0	0.35
173200	0.35	0.63	0.63	0	0	0.35
173300	0.35	0.63	0.63	0	0	0.35
173400	0.35	0.63	0.63	0	0	0.35
173500	0.35	0.63	0.63	0	0	0.35
173600	0.35	0.63	0.63	0	0	0.35
173700	0.35	0.63	0.63	0	0	0.35
173800	0.35	0.63	0.63	0	0	0.35
173900	0.35	0.63	0.63	0	0	0.35
174000	0.35	0.63	0.63	0	0	0.35
174100	0.35	0.63	0.63	0	0	0.35
174200	0.35	0.63	0.63	0	0	0.35
174300	0.35	0.63	0.63	0	0	0.35
174400	0.35	0.63	0.63	0	0	0.35
174500	0.35	0.63	0.63	0	0	0.35
174600	0.35	0.63	0.63	0	0	0.35
174700	0.34	0.63	0.63	0	0	0.34
174800	0.34	0.63	0.63	0	0	0.34
174900	0.34	0.63	0.63	0	0	0.34
175000	0.34	0.63	0.63	0	0	0.34
175100	0.34	0.63	0.63	0	0	0.34
175200	0.34	0.63	0.63	0	0	0.34
175300	0.34	0.63	0.63	0	0	0.34
175400	0.34	0.63	0.63	0	0	0.34
175500	0.34	0.63	0.63	0	0	0.34
175600	0.34	0.63	0.63	0	0	0.34
175700	0.34	0.63	0.63	0	0	0.34
175800	0.34	0.63	0.63	0	0	0.34
175900	0.34	0.63	0.63	0	0	0.34
176000	0.34	0.63	0.63	0	0	0.34
176100	0.34	0.63	0.63	0	0	0.34
176200	0.34	0.63	0.63	0	0	0.34
176300	0.34	0.64	0.64	0	0	0.34
176400	0.34	0.64	0.64	0	0	0.34
176500	0.34	0.64	0.64	0	0	0.34
176600	0.34	0.64	0.64	0	0	0.34
176700	0.34	0.64	0.64	0	0	0.34
176800	0.34	0.64	0.64	0	0	0.34
176900	0.34	0.64	0.64	0	0	0.34
177000	0.34	0.64	0.64	0	0	0.34
177100	0.34	0.64	0.64	0	0	0.34
177200	0.34	0.64	0.64	0	0	0.34
177300	0.34	0.64	0.64	0	0	0.34
177400	0.34	0.64	0.64	0	0	0.34
177500	0.34	0.64	0.64	0	0	0.34
177600	0.34	0.64	0.64	0	0	0.34
177700	0.34	0.64	0.64	0	0	0.34
177800	0.34	0.65	0.65	0	0	0.34
177900	0.34	0.65	0.65	0	0	0.34
178000	0.34	0.65	0.65	0	0	0.34
178100	0.34	0.65	0.65	0	0	0.34
178200	0.34	0.65	0.65	0	0	0.34
178300	0.34	0.65	0.65	0	0	0.34
178400	0.34	0.65	0.65	0	0	0.34
178500	0.34	0.65	0.65	0	0	0.34
178600	0.34	0.65	0.65	0	0	0.34
178700	0.34	0.65	0.65	0	0	0.34
178800	0.34	0.65	0.65	0	0	0.34
178900	0.34	0.65	0.65	0	0	0.34
179000	0.34	0.65	0.65	0	0	0.34
179100	0.34	0.65	0.65	0	0	0.34
179200	0.34	0.65	0.65	0	0	0.34
179300	0.34	0.65	0.65	0	0	0.34
179400	0.34	0.65	0.65	0	0	0.34
179500	0.34	0.65	0.65	0	0	0.34
179600	0.34	0.65	0.65	0	0	0.34
179700	0.34	0.65	0.65	0	0	0.34
179800	0.34	0.65	0.65	0	0	0.34
179900	0.34	0.65	0.65	0	0	0.34
180000	0.34	0.65	0.65	0	0	0.34
180100	0.34	0.65	0.65	0	0	0.34
180200	0.34	0.65	0.65	0	0	0.34
180300	0.34	0.65	0.65	0	0	0.34
180400	0.34	0.65	0.65	0	0	0.34
180500	0.34	0.65	0.65	0	0	0.34
180600	0.34	0.65	0.65	0	0	0.34
180700	0.34	0.65	0.65	0	0	0.34
180800	0.34	0.65	0.65	0	0	0.34
180900	0.34	0.65	0.65	0	0	0.34
181000	0.34	0.65	0.65	0	0	0.34
181100	0.34	0.65	0.65	0	0	0.34
181200	0.34	0.65	0.65	0	0	0.34
181300	0.34	0.65	0.65	0	0	0.34
181400	0.34	0.65	0.65	0	0	0.34
181500	0.34	0.65	0.65	0	0	0.34
181600	0.34	0.65	0.65	0	0	0.34
181700	0.34	0.65	0.65	0	0	0.34
181800	0.34	0.65	0.65	0	0	0.34
181900	0.34	0.65	0.65	0	0	0.34
182000	0.34	0.65	0.65	0	0	0.34
182100	0.34	0.65	0.65	0	0	0.34
182200	0.34	0.65	0.65	0	0	0.34
182300	0.34	0.65	0.65	0	0	0.34
182400	0.34	0.65	0.65	0	0	0.34
182500	0.34	0.65	0.65	0	0	0.34
182600	0.34	0.65	0.65	0	0	0.34
182700	0.34	0.65	0.65	0	0	0.34
182800	0.34	0.65	0.65	0	0	0.34
182900	0.34	0.65	0.65	0	0	0.34
183000	0.34	0.65	0.65	0	0	0.34
183100	0.34	0.65	0.65	0	0	0.34
183200	0.34	0.65	0.65	0	0	0.34
183300	0.34	0.65	0.65	0	0	0.34
183400	0.34	0.65	0.65	0	0	0.34
183500	0.34	0.65	0.65	0	0	0.34
183600	0.34	0.65	0.65	0	0	0.34
183700	0.34	0.65	0.65	0	0	0.34
183800	0.34	0.65	0.65	0	0	0.34
183900	0.34	0.65	0.65	0	0	0.34
184000	0.34	0.65	0.65	0	0	0.34
184100	0.34	0.65	0.65	0	0	0.34
184200	0.34	0.65	0.65	0	0	0.34
184300	0.34	0.65	0.65	0	0	0.34
184400	0.34	0.65	0.65	0	0	0.34
184500	0.34	0.65	0.65	0	0	0.34
184600	0.34	0.65	0.65	0	0	0.34
184700	0.34	0.65	0.65	0	0	0.34
184800	0.34	0.65	0.65	0	0	0.34
184900	0.34	0.65	0.65	0	0	0.34
185000	0.34	0.65	0.65	0	0	0.34
185100	0.34	0.65	0.65	0	0	0.34
185200	0.34	0.65	0.65	0	0	0.34
185300	0.34	0.65	0.65	0	0	0.34
185400	0.34	0.65	0.65	0	0	0.34
185500	0.34	0.65	0.65	0	0	0.34
185600	0.34	0.65	0.65	0	0	0.34
185700	0.34	0.65	0.65	0	0	0.34
185800	0.34	0.65	0.65	0	0	0.34
185900	0.34	0.65	0.65	0	0	0.34
186000	0.34	0.65	0.65	0	0	0.34
186100	0.34	0.65	0.65	0	0	0.34
186200	0.34	0.65	0.65	0	0	0.34
186300	0.34	0.65	0.65	0	0	0.34
186400	0.34	0.65	0.65	0	0	0.34
186500	0.34	0.65	0.65	0	0	0.34
186600	0.34	0.65	0.65	0	0	0.34
186700	0.34	0.65	0.65	0	0	0.34
186800	0.34	0.65	0.65	0	0	0.34
186900	0.34	0.65	0.65	0	0	0.34
187000	0.34	0.65	0.65	0	0	0.34
187100	0.34	0.65	0.65	0	0	0.34
187200	0.34	0.65	0.65	0	0	0.34
187300	0.34	0.65	0.65	0	0	0.34
187400	0.34	0.65	0.65	0	0	0.34
187500	0.34	0.65	0.65	0	0	0.34
187600	0.34	0.65	0.65	0	0	0.34
187700	0.34	0.65	0.65	0	0	0.34
187800	0.34	0.65	0.65	0	0	0.34
187900	0.34	0.65	0.65	0	0	0.34
188000	0.34	0.65	0.65	0	0	0.34
188100	0.34	0.65	0.65	0	0	0.34
188200	0.34	0.65	0.65	0	0	0.34
188300	0.34	0.65	0.65	0	0	0.34
188400	0.34	0.65	0.65	0	0	0.34
188500	0.34	0.65	0.65	0	0	0.34
188600	0.34	0.65	0.65	0	0	0.34
188700	0.34	0.65	0.65	0	0	0.34
188800	0.34	0.65	0.65	0	0	0.34
188900	0.34	0.65	0.65	0	0	0.34
189000	0.34	0.65	0.65	0	0	0.34
189100	0.34	0.65	0.65	0	0	0.34
189200	0.34	0.65	0.65	0	0	0.34
189300	0.34	0.65	0.65	0	0	0.34
189400	0.34	0.65	0.65	0	0	0.34
189500	0.34	0.65	0.65	0	0	0.34
189600	0.34	0.65	0.65	0	0	0.34
189700	0.34	0.65	0.65	0	0	0.34
189800	0.34	0.65	0.65	0	0	0.34
189900	0.34	0.65	0.65	0	0	0.34
190000	0.34	0.65	0.65	0	0	0.34
190100	0.34	0.65	0.65	0	0	0.34
190200	0.34	0.65	0.65	0	0	0.34
190300	0.34	0.65	0.65	0	0	0.34
190400	0.34	0.65	0.65	0	0	0.34
190500	0.34	0.65	0.65	0	0	0.34
190600	0.34	0.65	0.65	0	0	0.34
190700	0.34	0.65	0.65	0	0	0.34
190800	0.34	0.65	0.65	0	0	0.34
190900	0.34	0.65	0.65	0	0	0.34
191000	0.34	0.65	0.65	0	0	0.34
191100	0.34	0.65	0.65	0	0	0.34
191200	0.34	0.65	0.65	0	0	0.34
191300	0.34	0.65	0.65	0	0	0.34
191400	0.34	0.65	0.65	0	0	0.34
191500	0.34	0.65	0.65	0	0	0.34
191600	0.34	0.65	0.65	0	0	0.34
191700	0.34	0.65	0.65	0	0	0.34
191800	0.34	0.65	0.65	0	0	0.34
191900	0.34	0.65	0.65	0	0	0.34
192000	0.34	0.65	0.65	0	0	0.34
192100	0.34	0.65	0.65	0	0	0.34
192200	0.34	0.65	0.65	0	0	0.34
192300	0.34	0.65	0.65	0	0	0.34
192400	0.34	0.65	0.65	0	0	0.34
192500	0.34	0.65	0.65	0	0	0.34
192600	0.34	0.65	0.65	0	0	0.34
192700	0.34	0.65	0.65	0	0	0.34
192800	0.34	0.65	0.65	0	0	0.34
192900	0.34	0.65	0.65	0	0	0.34
193000	0.34	0.65	0.65	0	0	0.34
193100	0.34	0.65	0.65	0	0	0.34
193200	0.34	0.65	0.65	0	0	0.34
193300	0.34	0.65	0.65	0	0	0.34
193400	0.34	0.65	0.65	0	0	0.34
193500	0.34	0.65	0.65	0	0	0.34
193600	0.34	0.65	0.65	0	0	0.34
193700	0.34	0.65	0.65	0	0	0.34
193800	0.34	0.65	0.65	0	0	0.34
193900	0.34	0.65	0.65	0	0	0.34
194000	0.34	0.65	0.65	0	0	0.34
194100	0.34	0.65	0.65	0	0	0.34
194200	0.34	0.65	0.65	0	0	0.34
194300	0.34	0.65	0.65	0	0	0.34
194400	0.34	0.65	0.65	0	0	0.34
194500	0.34	0.65	0.65	0	0	0.34
194600	0.34	0.65	0.65	0	0	0.34
194700	0.34	0.65	0.65	0	0	0.34
194800	0.34	0.65	0.65	0	0	0.34
194900	0.34	0.65	0.65	0	0	0.34
195000	0.34	0.65	0.65	0	0	0.34
195100	0.34	0.65	0.65	0	0	0.34
195200	0.34	0.65	0.65	0	0	0.34
195300	0.34	0.65	0.65	0	0	0.34
195400	0.34	0.65	0.65	0	0	0.34
195500	0.34	0.65	0.65	0	0	0.34
195600	0.34	0.65	0.65	0	0	0.34
195700	0.34	0.65	0.65	0	0	0.34
195800	0.34	0.65	0.65	0	0	0.34
195900	0.34	0.65	0.65	0	0	0.34
196000	0.34	0.65	0.65	0	0	0.34
196100	0.34	0.65	0.65	0	0	0.34
196200	0.34	0.65	0.65	0	0	0.34
196300	0.34	0.65	0.65	0	0	0.34
196400	0.34	0.65	0.65	0	0	0.34
196500	0.34	0.65	0.65	0	0	0.34
196600	0.34	0.65	0.65	0	0	0.34
196700	0.34	0.65	0.65	0	0	0.34
196800	0.34	0.65	0.65	0	0	0.34
196900	0.34	0.65	0.65	0	0	0.34
197000	0.34	0.65	0.65	0	0	0.34
197100	0.34	0.65	0.65	0	0	0.34
197200	0.34	0.65	0.65	0	0	0.34
197300	0.34	0.65	0.65	0	0	0.34
197400	0.34	0.65	0.65	0	0	0.34
197500	0.34	0.65	0.65	0	0	0.34
197600	0.34	0.65	0.65	0	0	0.34
197700	0.34	0.65	0.65	0	0	0.34
197800	0.34	0.65	0.65	0	0	0.34
197900	0.34	0.65	0.65	0	0	0.34
198000	0.34	0.65	0.65	0	0	0.34
198100	0.34	0.65	0.65	0	0	0.34
198200	0.34	0.65	0.65	0	0	0.34
198300	0.34	0.65	0.65	0	0	0.34
198400	0.34	0.65	0.65	0	0	0.34
198500	0.34	0.65	0.65	0	0	0.34
198600	0.34	0.65	0.65	0	0	0.34
198700	0.34	0.65	0.65	0	0	0.34
198800	0.34	0.65	0.65	0	0	0.34
198900	0.34	0.65	0.65	0	0	0.34
199000	0.34	0.65	0.65	0	0	0.34
199100	0.34	0.65	0.65	0	0	0.34
199200	0.34	0.65	0.65	0	0	0.34
199300	0.34	0.65	0.65	0	0	0.34
199400	0.34	0.65	0.65	0	0	0.34
199500	0.34	0.65	0.65	0	0	0.34
199600	0.34	0.65	0.65	0	0	0.34
199700	0.34	0.65	0.65	0	0	0.34
199800	0.34	0.65	0.65	0	0	0.34
199900	0.34	0.65	0.65	0	0	0.34
200000	0.34	0.65	0.65	0	0	0.34
200100	0.34	0.65	0.65	0	0	0.34
200200	0.34	0.65	0.65	0	0	0.34
200300	0.34	0.65	0.65	0	0	0.34
200400	0.34	0.65	0.65	0	0	0.34
200500	0.34	0.65	0.65	0	0	0.34
200600	0.34	0.65	0.65	0	0	0.34
200700	0.34	0.65	0.65	0	0	0.34
200800	0.34	0.64	0.64	0	0	0.34
200900	0.34	0.64	0.64	0	0	0.34
201000	0.34	0.64	0.64	0	0	0.34
201100	0.34	0.64	0.64	0	0	0.34
201200	0.34	0.64	0.64	0	0	0.34
201300	0.34	0.64	0.64	0	0	0.34
201400	0.34	0.64	0.64	0	0	0.34
201500	0.34	0.64	0.64	0	0	0.34
201600	0.34	0.64	0.64	0	0	0.34
201700	0.34	0.64	0.64	0	0	0.34
201800	0.34	0.64	0.64	0	0	0.34
201900	0.34	0.64	0.64	0	0	0.34
202000	0.34	0.64	0.64	0	0	0.34
202100	0.34	0.64	0.64	0	0	0.34
202200	0.35	0.64	0.64	0	0	0.35
202300	0.35	0.64	0.64	0	0	0.35
202400	0.35	0.64	0.64	0	0	0.35
202500	0.35	0.64	0.64	0	0	0.35
202600	0.35	0.64	0.64	0	0	0.35
202700	0.35	0.64	0.64	0	0	0.35
202800	0.35	0.64	0.64	0	0	0.35
202900	0.35	0.64	0.64	0	0	0.35
203000	0.35	0.64	0.64	0	0	0.35
203100	0.35	0.64	0.64	0	0	0.35
203200	0.35	0.64	0.64	0	0	0.35
203300	0.35	0.64	0.64	0	0	0.35
203400	0.35	0.64	0.64	0	0	0.35
203500	0.35	0.64	0.64	0	0	0.35
203600	0.35	0.64	0.64	0	0	0.35
203700	0.35	0.64	0.64	0	0	0.35
203800	0.35	0.64	0.64	0	0	0.35
203900	0.35	0.64	0.64	0	0	0.35
204000	0.35	0.64	0.64	0	0	0.35
204100	0.35	0.64	0.64	0	0	0.35
204200	0.35	0.64	0.64	0	0	0.35
204300	0.35	0.64	0.64	0	0	0.35
204400	0.35	0.64	0.64	0	0	0.35
204500	0.35	0.64	0.64	0	0	0.35
204600	0.35	0.64	0.64	0	0	0.35
204700	0.35	0.64	0.64	0	0	0.35
204800	0.35	0.64	0.64	0	0	0.35
204900	0.35	0.64	0.64	0	0	0.35
205000	0.35	0.64	0.64	0	0	0.35
205100	0.35	0.64	0.64	0	0	0.35
205200	0.35	0.64	0.64	0	0	0.35
205300	0.35	0.64	0.64	0	0	0.35
205400	0.35	0.64	0.64	0	0	0.35
205500	0.35	0.64	0.64	0	0	0.35
205600	0.35	0.64	0.64	0	0	0.35
205700	0.35	0.64	0.64	0	0	0.35
205800	0.35	0.64	0.64	0	0	0.35
205900	0.35	0.64	0.64	0	0	0.35
206000	0.35	0.64	0.64	0	0	0.35
206100	0.35	0.64	0.64	0	0	0.35
206200	0.35	0.64	0.64	0	0	0.35
206300	0.35	0.64	0.64	0	0	0.35
206400	0.35	0.64	0.64	0	0	0.35
206500	0.35	0.64	0.64	0	0	0.35
206600	0.35	0.64	0.64	0	0	0.35
206700	0.35	0.64	0.64	0	0	0.35
206800	0.35	0.64	0.64	0	0	0.35
206900	0.35	0.64	0.64	0	0	0.35
207000	0.35	0.64	0.64	0	0	0.35
207100	0.35	0.64	0.64	0	0	0.35
207200	0.35	0.64	0.64	0	0	0.35
207300	0.35	0.64	0.64	0	0	0.35
207400	0.35	0.64	0.64	0	0	0.35
207500	0.35	0.64	0.64	0	0	0.35
207600	0.35	0.64	0.64	0	0	0.35
207700	0.35	0.64	0.64	0	0	0.35
207800	0.35	0.64	0.64	0	0	0.35
207900	0.35	0.64	0.64	0	0	0.35
208000	0.35	0.64	0.64	0	0	0.35
208100	0.35	0.64	0.64	0	0	0.35
208200	0.35	0.64	0.64	0	0	0.35
208300	0.35	0.64	0.64	0	0	0.35
208400	0.35	0.64	0.64	0	0	0.35
208500	0.35	0.64	0.64	0	0	0.35
208600	0.35	0.64	0.64	0	0	0.35
208700	0.35	0.64	0.64	0	0	0.35
208800	0.35	0.64	0.64	0	0	0.35
208900	0.35	0.64	0.64	0	0	0.35
209000	0.35	0.64	0.64	0	0	0.35
209100	0.35	0.64	0.64	0	0	0.35
209200	0.35	0.64	0.64	0	0	0.35
209300	0.35	0.64	0.64	0	0	0.35
209400	0.35	0.64	0.64	0	0	0.35
209500	0.35	0.64	0.64	0	0	0.35
209600	0.35	0.64	0.64	0	0	0.35
209700	0.35	0.64	0.64	0	0	0.35
209800	0.35	0.64	0.64	0	0	0.35
209900	0.35	0.64	0.64	0	0	0.35
210000	0.35	0.64	0.64	0	0	0.35
210100	0.35	0.64	0.64	0	0	0.35
210200	0.35	0.64	0.64	0	0	0.35
210300	0.35	0.64	0.64	0	0	0.35
210400	0.35	0.64	0.64	0	0	0.35
210500	0.35	0.64	0.64	0	0	0.35
210600	0.35	0.64	0.64	0	0	0.35
210700	0.35	0.64	0.64	0	0	0.35
210800	0.35	0.64	0.64	0	0	0.35
210900	0.35	0.64	0.64	0	0	0.35
211000	0.35	0.64	0.64	0	0	0.35
211100	0.35	0.64	0.64	0	0	0.35
211200	0.35	0.64	0.64	0	0	0.35
211300	0.35	0.64	0.64	0	0	0.35
211400	0.35	0.64	0.64	0	0	0.35
211500	0.35	0.64	0.64	0	0	0.35
211600	0.35	0.64	0.64	0	0	0.35
211700	0.35	0.64	0.64	0	0	0.35
211800	0.35	0.64	0.64	0	0	0.35
211900	0.35	0.64	0.64	0	0	0.35
212000	0.35	0.64	0.64	0	0	0.35
212100	0.35	0.64	0.64	0	0	0.35
212200	0.35	0.64	0.64	0	0	0.35
212300	0.35	0.64	0.64	0	0	0.35
212400	0.35	0.64	0.64	0	0	0.35
212500	0.34	0.64	0.64	0	0	0.34
212600	0.34	0.64	0.64	0	0	0.34
212700	0.34	0.64	0.64	0	0	0.34
212800	0.34	0.64	0.64	0	0	0.34
212900	0.34	0.64	0.64	0	0	0.34
213000	0.34	0.64	0.64	0	0	0.34
213100	0.34	0.64	0.64	0	0	0.34
213200	0.34	0.64	0.64	0	0	0.34
213300	0.34	0.64	0.64	0	0	0.34
213400	0.34	0.64	0.64	0	0	0.34
213500	0.34	0.64	0.64	0	0	0.34
213600	0.34	0.64	0.64	0	0	0.34
213700	0.34	0.64	0.64	0	0	0.34
213800	0.34	0.64	0.64	0	0	0.34
213900	0.34	0.64	0.64	0	0	0.34
214000	0.34	0.64	0.64	0	0	0.34
214100	0.34	0.64	0.64	0	0	0.34
214200	0.34	0.64	0.64	0	0	0.34
214300	0.35	0.64	0.64	0	0	0.35
214400	0.35	0.64	0.64	0	0	0.35
214500	0.35	0.64	0.64	0	0	0.35
214600	0.34	0.64	0.64	0	0	0.34
214700	0.34	0.64	0.64	0	0	0.34
214800	0.34	0.64	0.64	0	0	0.34
214900	0.34	0.64	0.64	0	0	0.34
215000	0.34	0.64	0.64	0	0	0.34
215100	0.34	0.64	0.64	0	0	0.34
215200	0.34	0.64	0.64	0	0	0.34
215300	0.34	0.64	0.64	0	0	0.34
215400	0.34	0.64	0.64	0	0	0.34
215500	0.34	0.64	0.64	0	0	0.34
215600	0.34	0.64	0.64	0	0	0.34
215700	0.34	0.64	0.64	0	0	0.34
215800	0.34	0.64	0.64	0	0	0.34
215900	0.34	0.64	0.64	0	0	0.34
216000	0.34	0.64	0.64	0	0	0.34
216100	0.34	0.64	0.64	0	0	0.34
216200	0.34	0.64	0.64	0	0	0.34
216300	0.34	0.64	0.64	0	0	0.34
216400	0.34	0.64	0.64	0	0	0.34
216500	0.34	0.64	0.64	0	0	0.34
216600	0.34	0.64	0.64	0	0	0.34
216700	0.34	0.64	0.64	0	0	0.34
216800	0.34	0.64	0.64	0	0	0.34
216900	0.34	0.64	0.64	0	0	0.34
217000	0.34	0.64	0.64	0	0	0.34
217100	0.34	0.64	0.64	0	0	0.34
217200	0.34	0.64	0.64	0	0	0.34
217300	0.34	0.64	0.64	0	0	0.34
217400	0.34	0.64	0.64	0	0	0.34
217500	0.34	0.64	0.64	0	0	0.34
217600	0.34	0.64	0.64	0	0	0.34
217700	0.34	0.64	0.64	0	0	0.34
217800	0.34	0.64	0.64	0	0	0.34
217900	0.34	0.64	0.64	0	0	0.34
218000	0.34	0.64	0.64	0	0	0.34
218100	0.34	0.64	0.64	0	0	0.34
218200	0.34	0.64	0.64	0	0	0.34
218300	0.34	0.64	0.64	0	0	0.34
218400	0.34	0.64	0.64	0	0	0.34
218500	0.34	0.64	0.64	0	0	0.34
218600	0.34	0.64	0.64	0	0	0.34
218700	0.34	0.64	0.64	0	0	0.34
218800	0.34	0.64	0.64	0	0	0.34
218900	0.34	0.64	0.64	0	0	0.34
219000	0.34	0.64	0.64	0	0	0.34
219100	0.35	0.64	0.64	0	0	0.35
219200	0.35	0.64	0.64	0	0	0.35
219300	0.35	0.64	0.64	0	0	0.35
219400	0.35	0.64	0.64	0	0	0.35
219500	0.35	0.64	0.64	0	0	0.35
219600	0.35	0.64	0.64	0	0	0.35
219700	0.35	0.64	0.64	0	0	0.35
219800	0.35	0.64	0.64	0	0	0.35
219900	0.35	0.64	0.64	0	0	0.35
220000	0.35	0.64	0.64	0	0	0.35
220100	0.35	0.64	0.64	0	0	0.35
220200	0.35	0.64	0.64	0	0	0.35
220300	0.35	0.64	0.64	0	0	0.35
220400	0.35	0.64	0.64	0	0	0.35
220500	0.35	0.64	0.64	0	0	0.35
220600	0.35	0.64	0.64	0	0	0.35
220700	0.35	0.64	0.64	0	0	0.35
220800	0.35	0.64	0.64	0	0	0.35
220900	0.35	0.64	0.64	0	0	0.35
221000	0.35	0.64	0.64	0	0	0.35
221100	0.35	0.64	0.64	0	0	0.35
221200	0.35	0.64	0.64	0	0	0.35
221300	0.35	0.64	0.64	0	0	0.35
221400	0.35	0.64	0.64	0	0	0.35
221500	0.35	0.64	0.64	0	0	0.35
221600	0.35	0.64	0.64	0	0	0.35
221700	0.35	0.64	0.64	0	0	0.35
221800	0.35	0.64	0.64	0	0	0.35
221900	0.35	0.64	0.64	0	0	0.35
222000	0.35	0.64	0.64	0	0	0.35
222100	0.35	0.64	0.64	0	0	0.35
222200	0.35	0.64	0.64	0	0	0.35
222300	0.35	0.64	0.64	0	0	0.35
222400	0.35	0.64	0.64	0	0	0.35
222500	0.35	0.64	0.64	0	0	0.35
222600	0.35	0.64	0.64	0	0	0.35
222700	0.35	0.64	0.64	0	0	0.35
222800	0.35	0.64	0.64	0	0	0.35
222900	0.35	0.64	0.64	0	0	0.35
223000	0.35	0.64	0.64	0	0	0.35
223100	0.35	0.64	0.64	0	0	0.35
223200	0.35	0.64	0.64	0	0	0.35
223300	0.35	0.64	0.64	0	0	0.35
223400	0.35	0.64	0.64	0	0	0.35
223500	0.35	0.64	0.64	0	0	0.35
223600	0.35	0.64	0.64	0	0	0.35
223700	0.35	0.64	0.64	0	0	0.35
223800	0.35	0.64	0.64	0	0	0.35
223900	0.35	0.64	0.64	0	0	0.35
224000	0.35	0.64	0.64	0	0	0.35
224100	0.35	0.64	0.64	0	0	0.35
224200	0.35	0.64	0.64	0	0	0.35
224300	0.35	0.64	0.64	0	0	0.35
224400	0.35	0.64	0.64	0	0	0.35
224500	0.35	0.64	0.64	0	0	0.35
224600	0.35	0.64	0.64	0	0	0.35
224700	0.35	0.64	0.64	0	0	0.35
224800	0.35	0.64	0.64	0	0	0.35
224900	0.35	0.64	0.64	0	0	0.35
225000	0.35	0.64	0.64	0	0	0.35
225100	0.35	0.64	0.64	0	0	0.35
225200	0.35	0.64	0.64	0	0	0.35
225300	0.35	0.64	0.64	0	0	0.35
225400	0.35	0.64	0.64	0	0	0.35
225500	0.35	0.64	0.64	0	0	0.35
225600	0.35	0.64	0.64	0	0	0.35
225700	0.35	0.64	0.64	0	0	0.35
225800	0.35	0.64	0.64	0	0	0.35
225900	0.35	0.64	0.64	0	0	0.35
226000	0.35	0.64	0.64	0	0	0.35
226100	0.35	0.64	0.64	0	0	0.35
226200	0.35	0.64	0.64	0	0	0.35
226300	0.35	0.64	0.64	0	0	0.35
226400	0.35	0.64	0.64	0	0	0.35
226500	0.35	0.64	0.64	0	0	0.35
226600	0.35	0.64	0.64	0	0	0.35
226700	0.35	0.64	0.64	0	0	0.35
226800	0.35	0.64	0.64	0	0	0.35
226900	0.35	0.64	0.64	0	0	0.35
227000	0.35	0.64	0.64	0	0	0.35
227100	0.35	0.64	0.64	0	0	0.35
227200	0.35	0.64	0.64	0	0	0.35
227300	0.35	0.64	0.64	0	0	0.35
227400	0.35	0.64	0.64	0	0	0.35
227500	0.35	0.64	0.64	0	0	0.35
227600	0.35	0.64	0.64	0	0	0.35
227700	0.35	0.64	0.64	0	0	0.35
227800	0.35	0.64	0.64	0	0	0.35
227900	0.35	0.64	0.64	0	0	0.35
228000	0.35	0.64	0.64	0	0	0.35
228100	0.35	0.64	0.64	0	0	0.35
228200	0.35	0.64	0.64	0	0	0.35
228300	0.35	0.64	0.64	0	0	0.35
228400	0.35	0.64	0.64	0	0	0.35
228500	0.35	0.64	0.64	0	0	0.35
228600	0.35	0.64	0.64	0	0	0.35
228700	0.35	0.64	0.64	0	0	0.35
228800	0.35	0.64	0.64	0	0	0.35
228900	0.35	0.64	0.64	0	0	0.35
229000	0.35	0.64	0.64	0	0	0.35
229100	0.35	0.64	0.64	0	0	0.35
229200	0.35	0.64	0.64	0	0	0.35
229300	0.35	0.64	0.64	0	0	0.35
229400	0.35	0.64	0.64	0	0	0.35
229500	0.35	0.64	0.64	0	0	0.35
229600	0.35	0.64	0.64	0	0	0.35
229700	0.35	0.64	0.64	0	0	0.35
229800	0.35	0.64	0.64	0	0	0.35
229900	0.35	0.64	0.64	0	0	0.35
230000	0.35	0.64	0.64	0	0	0.35
230100	0.35	0.64	0.64	0	0	0.35
230200	0.35	0.64	0.64	0	0	0.35
230300	0.35	0.64	0.64	0	0	0.35
230400	0.35	0.64	0.64	0	0	0.35
230500	0.35	0.64	0.64	0	0	0.35
230600	0.35	0.64	0.64	0	0	0.35
230700	0.35	0.64	0.64	0	0	0.35
230800	0.35	0.64	0.64	0	0	0.35
230900	0.35	0.64	0.64	0	0	0.35
231000	0.35	0.64	0.64	0	0	0.35
231100	0.35	0.64	0.64	0	0	0.35
231200	0.35	0.64	0.64	0	0	0.35
231300	0.35	0.64	0.64	0	0	0.35
231400	0.35	0.64	0.64	0	0	0.35
231500	0.35	0.64	0.64	0	0	0.35
231600	0.35	0.64	0.64	0	0	0.35
231700	0.35	0.64	0.64	0	0	0.35
231800	0.35	0.64	0.64	0	0	0.35
231900	0.35	0.64	0.64	0	0	0.35
232000	0.35	0.64	0.64	0	0	0.35
232100	0.35	0.64	0.64	0	0	0.35
232200	0.35	0.64	0.64	0	0	0.35
232300	0.35	0.64	0.64	0	0	0.35
232400	0.35	0.64	0.64	0	0	0.35
232500	0.35	0.64	0.64	0	0	0.35
232600	0.35	0.64	0.64	0	0	0.35
232700	0.35	0.64	0.64	0	0	0.35
232800	0.35	0.64	0.64	0	0	0.35
232900	0.35	0.64	0.64	0	0	0.35
233000	0.35	0.64	0.64	0	0	0.35
233100	0.35	0.64	0.64	0	0	0.35
233200	0.35	0.64	0.64	0	0	0.35
233300	0.35	0.64	0.64	0	0	0.35
233400	0.35	0.64	0.64	0	0	0.35
233500	0.35	0.64	0.64	0	0	0.35
233600	0.35	0.64	0.64	0	0	0.35
233700	0.35	0.64	0.64	0	0	0.35
233800	0.35	0.64	0.64	0	0	0.35
233900	0.35	0.64	0.64	0	0	0.35
234000	0.35	0.64	0.64	0	0	0.35
234100	0.35	0.64	0.64	0	0	0.35
234200	0.35	0.64	0.64	0	0	0.35
234300	0.35	0.64	0.64	0	0	0.35
234400	0.35	0.64	0.64	0	0	0.35
234500	0.35	0.64	0.64	0	0	0.35
234600	0.35	0.64	0.64	0	0	0.35
234700	0.35	0.64	0.64	0	0	0.35
234800	0.35	0.64	0.64	0	0	0.35
234900	0.35	0.64	0.64	0	0	0.35
235000	0.35	0.64	0.64	0	0	0.35
235100	0.35	0.64	0.64	0	0	0.35
235200	0.35	0.64	0.64	0	0	0.35
235300	0.35	0.64	0.64	0	0	0.35
235400	0.35	0.64	0.64	0	0	0.35
235500	0.35	0.64	0.64	0	0	0.35
235600	0.35	0.64	0.64	0	0	0.35
235700	0.35	0.64	0.64	0	0	0.35
235800	0.35	0.64	0.64	0	0	0.35
235900	0.35	0.64	0.64	0	0	0.35
236000	0.35	0.64	0.64	0	0	0.35
236100	0.35	0.64	0.64	0	0	0.35
236200	0.35	0.64	0.64	0	0	0.35
236300	0.35	0.63	0.63	0	0	0.35
236400	0.35	0.63	0.63	0	0	0.35
236500	0.35	0.63	0.63	0	0	0.35
236600	0.35	0.63	0.63	0	0	0.35
236700	0.35	0.63	0.63	0	0	0.35
236800	0.35	0.63	0.63	0	0	0.35
236900	0.35	0.63	0.63	0	0	0.35
237000	0.35	0.63	0.63	0	0	0.35
237100	0.35	0.63	0.63	0	0	0.35
237200	0.35	0.63	0.63	0	0	0.35
237300	0.35	0.63	0.63	0	0	0.35
237400	0.35	0.63	0.63	0	0	0.35
237500	0.35	0.63	0.63	0	0	0.35
237600	0.35	0.62	0.62	0	0	0.35
237700	0.35	0.62	0.62	0	0	0.35
237800	0.35	0.62	0.62	0	0	0.35
237900	0.35	0.62	0.62	0	0	0.35
238000	0.35	0.62	0.62	0	0	0.35
238100	0.35	0.62	0.62	0	0	0.35
238200	0.35	0.62	0.62	0	0	0.35
238300	0.35	0.62	0.62	0	0	0.35
238400	0.35	0.63	0.63	0	0	0.35
238500	0.35	0.63	0.63	0	0	0.35
238600	0.35	0.64	0.64	0	0	0.35
238700	0.35	0.64	0.64	0	0	0.35
238800	0.35	0.64	0.64	0	0	0.35
238900	0.35	0.64	0.64	0	0	0.35
239000	0.35	0.64	0.64	0	0	0.35
239100	0.35	0.64	0.64	0	0	0.35
239200	0.35	0.64	0.64	0	0	0.35
239300	0.35	0.64	0.64	0	0	0.35
239400	0.35	0.64	0.64	0	0	0.35
239500	0.35	0.64	0.64	0	0	0.35
239600	0.35	0.64	0.64	0	0	0.35
239700	0.35	0.64	0.64	0	0	0.35
239800	0.35	0.64	0.64	0	0	0.35
239900	0.35	0.64	0.64	0	0	0.35
240000	0.35	0.64	0.64	0	0	0.35
240100	0.35	0.64	0.64	0	0	0.35
240200	0.35	0.64	0.64	0	0	0.35
240300	0.35	0.64	0.64	0	0	0.35
240400	0.35	0.64	0.64	0	0	0.35
240500	0.35	0.64	0.64	0	0	0.35
240600	0.35	0.64	0.64	0	0	0.35
240700	0.35	0.64	0.64	0	0	0.35
240800	0.35	0.64	0.64	0	0	0.35
240900	0.35	0.64	0.64	0	0	0.35
241000	0.35	0.64	0.64	0	0	0.35
241100	0.35	0.64	0.64	0	0	0.35
241200	0.35	0.64	0.64	0	0	0.35
241300	0.35	0.64	0.64	0	0	0.35
241400	0.35	0.64	0.64	0	0	0.35
241500	0.35	0.64	0.64	0	0	0.35
241600	0.35	0.64	0.64	0	0	0.35
241700	0.35	0.64	0.64	0	0	0.35
241800	0.35	0.64	0.64	0	0	0.35
241900	0.35	0.64	0.64	0	0	0.35
242000	0.35	0.63	0.63	0	0	0.35
242100	0.35	0.63	0.63	0	0	0.35
242200	0.35	0.63	0.63	0	0	0.35
242300	0.35	0.63	0.63	0	0	0.35
242400	0.35	0.63	0.63	0	0	0.35
242500	0.35	0.63	0.63	0	0	0.35
242600	0.35	0.63	0.63	0	0	0.35
242700	0.35	0.63	0.63	0	0	0.35
242800	0.35	0.63	0.63	0	0	0.35
242900	0.35	0.63	0.63	0	0	0.35
243000	0.35	0.63	0.63	0	0	0.35
243100	0.35	0.63	0.63	0	0	0.35
243200	0.35	0.63	0.63	0	0	0.35
243300	0.35	0.63	0.63	0	0	0.35
243400	0.35	0.63	0.63	0	0	0.35
243500	0.35	0.63	0.63	0	0	0.35
243600	0.35	0.63	0.63	0	0	0.35
243700	0.35	0.63	0.63	0	0	0.35
243800	0.35	0.63	0.63	0	0	0.35
243900	0.35	0.63	0.63	0	0	0.35
244000	0.35	0.63	0.63	0	0	0.35
244100	0.35	0.63	0.63	0	0	0.35
244200	0.35	0.63	0.63	0	0	0.35
244300	0.34	0.63	0.63	0	0	0.34
244400	0.34	0.63	0.63	0	0	0.34
244500	0.34	0.63	0.63	0	0	0.34
244600	0.34	0.63	0.63	0	0	0.34
244700	0.34	0.63	0.63	0	0	0.34
244800	0.34	0.62	0.62	0	0	0.34
244900	0.34	0.62	0.62	0	0	0.34
245000	0.34	0.62	0.62	0	0	0.34
245100	0.34	0.62	0.62	0	0	0.34
245200	0.34	0.62	0.62	0	0	0.34
245300	0.34	0.62	0.62	0	0	0.34
245400	0.34	0.62	0.62	0	0	0.34
245500	0.34	0.62	0.62	0	0	0.34
245600	0.34	0.62	0.62	0	0	0.34
245700	0.34	0.62	0.62	0	0	0.34
245800	0.34	0.62	0.62	0	0	0.34
245900	0.34	0.62	0.62	0	0	0.34
246000	0.35	0.62	0.62	0	0	0.35
246100	0.34	0.62	0.62	0	0	0.34
246200	0.34	0.62	0.62	0	0	0.34
246300	0.34	0.62	0.62	0	0	0.34
246400	0.34	0.62	0.62	0	0	0.34
246500	0.34	0.62	0.62	0	0	0.34
246600	0.35	0.62	0.62	0	0	0.35
246700	0.34	0.62	0.62	0	0	0.34
246800	0.34	0.62	0.62	0	0	0.34
246900	0.34	0.62	0.62	0	0	0.34
247000	0.34	0.62	0.62	0	0	0.34
247100	0.34	0.62	0.62	0	0	0.34
247200	0.34	0.62	0.62	0	0	0.34
247300	0.34	0.62	0.62	0	0	0.34
247400	0.34	0.62	0.62	0	0	0.34
247500	0.34	0.62	0.62	0	0	0.34
247600	0.34	0.62	0.62	0	0	0.34
247700	0.34	0.62	0.62	0	0	0.34
247800	0.34	0.62	0.62	0	0	0.34
247900	0.34	0.62	0.62	0	0	0.34
248000	0.34	0.62	0.62	0	0	0.34
248100	0.34	0.62	0.62	0	0	0.34
248200	0.34	0.62	0.62	0	0	0.34
248300	0.34	0.62	0.62	0	0	0.34
248400	0.34	0.63	0.63	0	0	0.34
248500	0.34	0.63	0.63	0	0	0.34
248600	0.34	0.63	0.63	0	0	0.34
248700	0.34	0.63	0.63	0	0	0.34
248800	0.34	0.64	0.64	0	0	0.34
248900	0.34	0.64	0.64	0	0	0.34
249000	0.34	0.64	0.64	0	0	0.34
249100	0.34	0.64	0.64	0	0	0.34
249200	0.34	0.64	0.64	0	0	0.34
249300	0.34	0.64	0.64	0	0	0.34
249400	0.34	0.64	0.64	0	0	0.34
249500	0.34	0.64	0.64	0	0	0.34
249600	0.34	0.64	0.64	0	0	0.34
249700	0.34	0.64	0.64	0	0	0.34
249800	0.34	0.64	0.64	0	0	0.34
249900	0.34	0.64	0.64	0	0	0.34
250000	0.34	0.64	0.64	0	0	0.34
250100	0.34	0.64	0.64	0	0	0.34
250200	0.34	0.64	0.64	0	0	0.34
250300	0.34	0.64	0.64	0	0	0.34
250400	0.34	0.64	0.64	0	0	0.34
250500	0.34	0.64	0.64	0	0	0.34
250600	0.34	0.64	0.64	0	0	0.34
250700	0.34	0.64	0.64	0	0	0.34
250800	0.34	0.64	0.64	0	0	0.34
250900	0.34	0.64	0.64	0	0	0.34
251000	0.34	0.64	0.64	0	0	0.34
251100	0.34	0.64	0.64	0	0	0.34
251200	0.34	0.64	0.64	0	0	0.34
251300	0.34	0.64	0.64	0	0	0.34
251400	0.34	0.64	0.64	0	0	0.34
251500	0.34	0.64	0.64	0	0	0.34
251600	0.34	0.64	0.64	0	0	0.34
251700	0.34	0.64	0.64	0	0	0.34
251800	0.34	0.64	0.64	0	0	0.34
251900	0.34	0.64	0.64	0	0	0.34
252000	0.34	0.64	0.64	0	0	0.34
252100	0.34	0.64	0.64	0	0	0.34
252200	0.34	0.64	0.64	0	0	0.34
252300	0.34	0.64	0.64	0	0	0.34
252400	0.34	0.64	0.64	0	0	0.34
252500	0.34	0.64	0.64	0	0	0.34
252600	0.34	0.64	0.64	0	0	0.34
252700	0.34	0.64	0.64	0	0	0.34
252800	0.34	0.64	0.64	0	0	0.34
252900	0.34	0.64	0.64	0	0	0.34
253000	0.34	0.64	0.64	0	0	0.34
253100	0.34	0.64	0.64	0	0	0.34
253200	0.34	0.64	0.64	0	0	0.34
253300	0.34	0.64	0.64	0	0	0.34
253400	0.34	0.64	0.64	0	0	0.34
253500	0.34	0.64	0.64	0	0	0.34
253600	0.34	0.64	0.64	0	0	0.34
253700	0.34	0.64	0.64	0	0	0.34
253800	0.34	0.64	0.64	0	0	0.34
253900	0.34	0.64	0.64	0	0	0.34
254000	0.34	0.64	0.64	0	0	0.34
254100	0.34	0.64	0.64	0	0	0.34
254200	0.34	0.64	0.64	0	0	0.34
254300	0.34	0.63	0.63	0	0	0.34
254400	0.34	0.63	0.63	0	0	0.34
254500	0.35	0.63	0.63	0	0	0.35
254600	0.35	0.63	0.63	0	0	0.35
254700	0.35	0.63	0.63	0	0	0.35
254800	0.35	0.63	0.63	0	0	0.35
254900	0.35	0.63	0.63	0	0	0.35
255000	0.35	0.63	0.63	0	0	0.35
255100	0.35	0.63	0.63	0	0	0.35
255200	0.35	0.63	0.63	0	0	0.35
255300	0.35	0.63	0.63	0	0	0.35
255400	0.35	0.63	0.63	0	0	0.35
255500	0.35	0.63	0.63	0	0	0.35
255600	0.35	0.63	0.63	0	0	0.35
255700	0.35	0.63	0.63	0	0	0.35
255800	0.35	0.63	0.63	0	0	0.35
255900	0.35	0.63	0.63	0	0	0.35
256000	0.35	0.63	0.63	0	0	0.35
256100	0.35	0.63	0.63	0	0	0.35
256200	0.35	0.63	0.63	0	0	0.35
256300	0.35	0.63	0.63	0	0	0.35
256400	0.35	0.63	0.63	0	0	0.35
256500	0.35	0.63	0.63	0	0	0.35
256600	0.35	0.63	0.63	0	0	0.35
256700	0.35	0.63	0.63	0	0	0.35
256800	0.35	0.63	0.63	0	0	0.35
256900	0.35	0.63	0.63	0	0	0.35
257000	0.35	0.63	0.63	0	0	0.35
257100	0.35	0.63	0.63	0	0	0.35
257200	0.35	0.63	0.63	0	0	0.35
257300	0.35	0.63	0.63	0	0	0.35
257400	0.35	0.63	0.63	0	0	0.35
257500	0.35	0.63	0.63	0	0	0.35
257600	0.35	0.63	0.63	0	0	0.35
257700	0.35	0.63	0.63	0	0	0.35
257800	0.35	0.63	0.63	0	0	0.35
257900	0.35	0.63	0.63	0	0	0.35
258000	0.35	0.63	0.63	0	0	0.35
258100	0.35	0.63	0.63	0	0	0.35
258200	0.35	0.63	0.63	0	0	0.35
258300	0.35	0.63	0.63	0	0	0.35
258400	0.35	0.63	0.63	0	0	0.35
258500	0.35	0.63	0.63	0	0	0.35
258600	0.35	0.63	0.63	0	0	0.35
258700	0.35	0.63	0.63	0	0	0.35
258800	0.35	0.63	0.63	0	0	0.35
258900	0.35	0.63	0.63	0	0	0.35
259000	0.35	0.63	0.63	0	0	0.35
259100	0.35	0.63	0.63	0	0	0.35
259200	0.35	0.63	0.63	0	0	0.35
259300	0.35	0.63	0.63	0	0	0.35
259400	0.35	0.63	0.63	0	0	0.35
259500	0.35	0.63	0.63	0	0	0.35
259600	0.35	0.63	0.63	0	0	0.35
259700	0.35	0.63	0.63	0	0	0.35
259800	0.35	0.63	0.63	0	0	0.35
259900	0.35	0.63	0.63	0	0	0.35
260000	0.35	0.63	0.63	0	0	0.35
260100	0.35	0.63	0.63	0	0	0.35
260200	0.35	0.63	0.63	0	0	0.35
260300	0.35	0.63	0.63	0	0	0.35
260400	0.35	0.63	0.63	0	0	0.35
260500	0.35	0.63	0.63	0	0	0.35
260600	0.35	0.63	0.63	0	0	0.35
260700	0.35	0.63	0.63	0	0	0.35
260800	0.35	0.63	0.63	0	0	0.35
260900	0.35	0.63	0.63	0	0	0.35
261000	0.35	0.63	0.63	0	0	0.35
261100	0.35	0.63	0.63	0	0	0.35
261200	0.35	0.63	0.63	0	0	0.35
261300	0.35	0.63	0.63	0	0	0.35
261400	0.35	0.63	0.63	0	0	0.35
261500	0.35	0.63	0.63	0	0	0.35
261600	0.35	0.63	0.63	0	0	0.35
261700	0.35	0.63	0.63	0	0	0.35
261800	0.35	0.63	0.63	0	0	0.35
261900	0.35	0.63	0.63	0	0	0.35
262000	0.35	0.63	0.63	0	0	0.35
262100	0.35	0.63	0.63	0	0	0.35
262200	0.35	0.63	0.63	0	0	0.35
262300	0.35	0.63	0.63	0	0	0.35
262400	0.35	0.63	0.63	0	0	0.35
262500	0.35	0.63	0.63	0	0	0.35
262600	0.35	0.63	0.63	0	0	0.35
262700	0.35	0.63	0.63	0	0	0.35
262800	0.35	0.63	0.63	0	0	0.35
262900	0.35	0.63	0.63	0	0	0.35
263000	0.35	0.63	0.63	0	0	0.35
263100	0.35	0.63	0.63	0	0	0.35
263200	0.35	0.63	0.63	0	0	0.35
263300	0.35	0.63	0.63	0	0	0.35
263400	0.35	0.63	0.63	0	0	0.35
263500	0.35	0.63	0.63	0	0	0.35
263600	0.35	0.63	0.63	0	0	0.35
263700	0.35	0.63	0.63	0	0	0.35
263800	0.35	0.63	0.63	0	0	0.35
263900	0.35	0.63	0.63	0	0	0.35
264000	0.35	0.63	0.63	0	0	0.35
264100	0.35	0.63	0.63	0	0	0.35
264200	0.35	0.63	0.63	0	0	0.35
264300	0.35	0.63	0.63	0	0	0.35
264400	0.35	0.63	0.63	0	0	0.35
264500	0.35	0.63	0.63	0	0	0.35
264600	0.35	0.63	0.63	0	0	0.35
264700	0.35	0.63	0.63	0	0	0.35
264800	0.35	0.63	0.63	0	0	0.35
264900	0.35	0.63	0.63	0	0	0.35
265000	0.35	0.63	0.63	0	0	0.35
265100	0.35	0.63	0.63	0	0	0.35
265200	0.35	0.63	0.63	0	0	0.35
265300	0.35	0.63	0.63	0	0	0.35
265400	0.35	0.63	0.63	0	0	0.35
265500	0.35	0.63	0.63	0	0	0.35
265600	0.35	0.63	0.63	0	0	0.35
265700	0.35	0.63	0.63	0	0	0.35
265800	0.35	0.63	0.63	0	0	0.35
265900	0.35	0.63	0.63	0	0	0.35
266000	0.35	0.63	0.63	0	0	0.35
266100	0.35	0.63	0.63	0	0	0.35
266200	0.35	0.63	0.63	0	0	0.35
266300	0.35	0.63	0.63	0	0	0.35
266400	0.35	0.63	0.63	0	0	0.35
266500	0.35	0.63	0.63	0	0	0.35
266600	0.35	0.63	0.63	0	0	0.35
266700	0.35	0.63	0.63	0	0	0.35
266800	0.35	0.63	0.63	0	0	0.35
266900	0.35	0.63	0.63	0	0	0.35
267000	0.35	0.63	0.63	0	0	0.35
267100	0.35	0.63	0.63	0	0	0.35
267200	0.35	0.63	0.63	0	0	0.35
267300	0.35	0.63	0.63	0	0	0.35
267400	0.35	0.63	0.63	0	0	0.35
267500	0.35	0.63	0.63	0	0	0.35
267600	0.35	0.63	0.63	0	0	0.35
267700	0.35	0.63	0.63	0	0	0.35
267800	0.35	0.63	0.63	0	0	0.35
267900	0.35	0.63	0.63	0	0	0.35
268000	0.35	0.63	0.63	0	0	0.35
268100	0.35	0.63	0.63	0	0	0.35
268200	0.35	0.63	0.63	0	0	0.35
268300	0.35	0.63	0.63	0	0	0.35
268400	0.35	0.63	0.63	0	0	0.35
268500	0.35	0.63	0.63	0	0	0.35
268600	0.35	0.63	0.63	0	0	0.35
268700	0.35	0.63	0.63	0	0	0.35
268800	0.35	0.63	0.63	0	0	0.35
268900	0.35	0.63	0.63	0	0	0.35
269000	0.35	0.63	0.63	0	0	0.35
269100	0.34	0.63	0.63	0	0	0.34
269200	0.34	0.63	0.63	0	0	0.34
269300	0.34	0.63	0.63	0	0	0.34
269400	0.34	0.63	0.63	0	0	0.34
269500	0.34	0.63	0.63	0	0	0.34
269600	0.34	0.63	0.63	0	0	0.34
269700	0.34	0.63	0.63	0	0	0.34
269800	0.34	0.63	0.63	0	0	0.34
269900	0.34	0.63	0.63	0	0	0.34
270000	0.34	0.63	0.63	0	0	0.34
270100	0.34	0.63	0.63	0	0	0.34
270200	0.34	0.63	0.63	0	0	0.34
270300	0.34	0.63	0.63	0	0	0.34
270400	0.34	0.63	0.63	0	0	0.34
270500	0.34	0.63	0.63	0	0	0.34
270600	0.34	0.63	0.63	0	0	0.34
270700	0.34	0.63	0.63	0	0	0.34
270800	0.34	0.63	0.63	0	0	0.34
270900	0.34	0.63	0.63	0	0	0.34
271000	0.34	0.63	0.63	0	0	0.34
271100	0.34	0.63	0.63	0	0	0.34
271200	0.34	0.63	0.63	0	0	0.34
271300	0.34	0.64	0.64	0	0	0.34
271400	0.34	0.64	0.64	0	0	0.34
271500	0.34	0.64	0.64	0	0	0.34
271600	0.34	0.64	0.64	0	0	0.34
271700	0.34	0.64	0.64	0	0	0.34
271800	0.34	0.64	0.64	0	0	0.34
271900	0.34	0.64	0.64	0	0	0.34
272000	0.34	0.64	0.64	0	0	0.34
272100	0.34	0.64	0.64	0	0	0.34
272200	0.34	0.64	0.64	0	0	0.34
272300	0.34	0.64	0.64	0	0	0.34
272400	0.34	0.64	0.64	0	0	0.34
272500	0.34	0.64	0.64	0	0	0.34
272600	0.34	0.64	0.64	0	0	0.34
272700	0.34	0.64	0.64	0	0	0.34
272800	0.34	0.64	0.64	0	0	0.34
272900	0.34	0.64	0.64	0	0	0.34
273000	0.34	0.64	0.64	0	0	0.34
273100	0.34	0.64	0.64	0	0	0.34
273200	0.34	0.64	0.64	0	0	0.34
273300	0.34	0.64	0.64	0	0	0.34
273400	0.34	0.64	0.64	0	0	0.34
273500	0.34	0.64	0.64	0	0	0.34
273600	0.34	0.64	0.64	0	0	0.34
273700	0.34	0.64	0.64	0	0	0.34
273800	0.34	0.64	0.64	0	0	0.34
273900	0.34	0.64	0.64	0	0	0.34
274000	0.34	0.64	0.64	0	0	0.34
274100	0.34	0.64	0.64	0	0	0.34
274200	0.34	0.64	0.64	0	0	0.34
274300	0.34	0.64	0.64	0	0	0.34
274400	0.34	0.64	0.64	0	0	0.34
274500	0.34	0.64	0.64	0	0	0.34
274600	0.34	0.64	0.64	0	0	0.34
274700	0.34	0.64	0.64	0	0	0.34
274800	0.34	0.64	0.64	0	0	0.34
274900	0.34	0.64	0.64	0	0	0.34
275000	0.34	0.64	0.64	0	0	0.34
275100	0.34	0.64	0.64	0	0	0.34
275200	0.34	0.64	0.64	0	0	0.34
275300	0.34	0.64	0.64	0	0	0.34
275400	0.34	0.64	0.64	0	0	0.34
275500	0.34	0.64	0.64	0	0	0.34
275600	0.34	0.64	0.64	0	0	0.34
275700	0.34	0.64	0.64	0	0	0.34
275800	0.34	0.64	0.64	0	0	0.34
275900	0.34	0.64	0.64	0	0	0.34
276000	0.34	0.64	0.64	0	0	0.34
276100	0.34	0.64	0.64	0	0	0.34
276200	0.34	0.64	0.64	0	0	0.34
276300	0.34	0.64	0.64	0	0	0.34
276400	0.34	0.64	0.64	0	0	0.34
276500	0.34	0.64	0.64	0	0	0.34
276600	0.34	0.64	0.64	0	0	0.34
276700	0.34	0.64	0.64	0	0	0.34
276800	0.34	0.64	0.64	0	0	0.34
276900	0.34	0.64	0.64	0	0	0.34
277000	0.34	0.64	0.64	0	0	0.34
277100	0.34	0.64	0.64	0	0	0.34
277200	0.34	0.64	0.64	0	0	0.34
277300	0.34	0.64	0.64	0	0	0.34
277400	0.34	0.64	0.64	0	0	0.34
277500	0.34	0.64	0.64	0	0	0.34
277600	0.34	0.64	0.64	0	0	0.34
277700	0.34	0.64	0.64	0	0	0.34
277800	0.34	0.64	0.64	0	0	0.34
277900	0.34	0.64	0.64	0	0	0.34
278000	0.34	0.64	0.64	0	0	0.34
278100	0.34	0.64	0.64	0	0	0.34
278200	0.34	0.64	0.64	0	0	0.34
278300	0.34	0.64	0.64	0	0	0.34
278400	0.34	0.64	0.64	0	0	0.34
278500	0.34	0.64	0.64	0	0	0.34
278600	0.34	0.64	0.64	0	0	0.34
278700	0.34	0.64	0.64	0	0	0.34
278800	0.34	0.64	0.64	0	0	0.34
278900	0.34	0.64	0.64	0	0	0.34
279000	0.34	0.64	0.64	0	0	0.34
279100	0.34	0.64	0.64	0	0	0.34
279200	0.34	0.64	0.64	0	0	0.34
279300	0.34	0.64	0.64	0	0	0.34
279400	0.34	0.64	0.64	0	0	0.34
279500	0.34	0.64	0.64	0	0	0.34
279600	0.34	0.64	0.64	0	0	0.34
279700	0.34	0.64	0.64	0	0	0.34
279800	0.34	0.64	0.64	0	0	0.34
279900	0.34	0.64	0.64	0	0	0.34
280000	0.34	0.64	0.64	0	0	0.34
280100	0.34	0.64	0.64	0	0	0.34
280200	0.34	0.64	0.64	0	0	0.34
280300	0.34	0.64	0.64	0	0	0.34
280400	0.34	0.64	0.64	0	0	0.34
280500	0.34	0.64	0.64	0	0	0.34
280600	0.34	0.64	0.64	0	0	0.34
280700	0.34	0.64	0.64	0	0	0.34
280800	0.34	0.64	0.64	0	0	0.34
280900	0.34	0.64	0.64	0	0	0.34
281000	0.34	0.64	0.64	0	0	0.34
281100	0.34	0.64	0.64	0	0	0.34
281200	0.34	0.64	0.64	0	0	0.34
281300	0.34	0.64	0.64	0	0	0.34
281400	0.34	0.64	0.64	0	0	0.34
281500	0.34	0.64	0.64	0	0	0.34
281600	0.34	0.64	0.64	0	0	0.34
281700	0.34	0.64	0.64	0	0	0.34
281800	0.34	0.64	0.64	0	0	0.34
281900	0.34	0.64	0.64	0	0	0.34
282000	0.34	0.63	0.63	0	0	0.34
282100	0.34	0.63	0.63	0	0	0.34
282200	0.34	0.63	0.63	0	0	0.34
282300	0.34	0.63	0.63	0	0	0.34
282400	0.34	0.63	0.63	0	0	0.34
282500	0.34	0.63	0.63	0	0	0.34
282600	0.34	0.63	0.63	0	0	0.34
282700	0.34	0.63	0.63	0	0	0.34
282800	0.34	0.63	0.63	0	0	0.34
282900	0.34	0.63	0.63	0	0	0.34
283000	0.34	0.63	0.63	0	0	0.34
283100	0.34	0.63	0.63	0	0	0.34
283200	0.34	0.63	0.63	0	0	0.34
283300	0.34	0.63	0.63	0	0	0.34
283400	0.34	0.63	0.63	0	0	0.34
283500	0.34	0.63	0.63	0	0	0.34
283600	0.34	0.63	0.63	0	0	0.34
283700	0.34	0.63	0.63	0	0	0.34
283800	0.34	0.63	0.63	0	0	0.34
283900	0.34	0.63	0.63	0	0	0.34
284000	0.34	0.63	0.63	0	0	0.34
284100	0.34	0.63	0.63	0	0	0.34
284200	0.34	0.63	0.63	0	0	0.34
284300	0.34	0.63	0.63	0	0	0.34
284400	0.34	0.63	0.63	0	0	0.34
284500	0.34	0.63	0.63	0	0	0.34
284600	0.34	0.63	0.63	0	0	0.34
284700	0.34	0.63	0.63	0	0	0.34
284800	0.34	0.63	0.63	0	0	0.34
284900	0.34	0.63	0.63	0	0	0.34
285000	0.34	0.63	0.63	0	0	0.34
285100	0.34	0.63	0.63	0	0	0.34
285200	0.34	0.63	0.63	0	0	0.34
285300	0.34	0.63	0.63	0	0	0.34
285400	0.34	0.63	0.63	0	0	0.34
285500	0.34	0.63	0.63	0	0	0.34
285600	0.34	0.63	0.63	0	0	0.34
285700	0.34	0.63	0.63	0	0	0.34
285800	0.34	0.63	0.63	0	0	0.34
285900	0.34	0.63	0.63	0	0	0.34
286000	0.34	0.63	0.63	0	0	0.34
286100	0.34	0.63	0.63	0	0	0.34
286200	0.34	0.63	0.63	0	0	0.34
286300	0.34	0.63	0.63	0	0	0.34
286400	0.34	0.62	0.62	0	0	0.34
286500	0.34	0.62	0.62	0	0	0.34
286600	0.34	0.62	0.62	0	0	0.34
286700	0.34	0.62	0.62	0	0	0.34
286800	0.34	0.62	0.62	0	0	0.34
286900	0.34	0.62	0.62	0	0	0.34
287000	0.34	0.62	0.62	0	0	0.34
287100	0.34	0.63	0.63	0	0	0.34
287200	0.34	0.63	0.63	0	0	0.34
287300	0.34	0.63	0.63	0	0	0.34
287400	0.34	0.63	0.63	0	0	0.34
287500	0.34	0.63	0.63	0	0	0.34
287600	0.34	0.63	0.63	0	0	0.34
287700	0.34	0.63	0.63	0	0	0.34
287800	0.34	0.62	0.62	0	0	0.34
287900	0.34	0.62	0.62	0	0	0.34
288000	0.34	0.62	0.62	0	0	0.34
288100	0.34	0.62	0.62	0	0	0.34
288200	0.34	0.62	0.62	0	0	0.34
288300	0.34	0.62	0.62	0	0	0.34
288400	0.34	0.62	0.62	0	0	0.34
288500	0.34	0.62	0.62	0	0	0.34
288600	0.34	0.62	0.62	0	0	0.34
288700	0.34	0.62	0.62	0	0	0.34
288800	0.34	0.62	0.62	0	0	0.34
288900	0.34	0.62	0.62	0	0	0.34
289000	0.34	0.62	0.62	0	0	0.34
289100	0.34	0.62	0.62	0	0	0.34
289200	0.34	0.62	0.62	0	0	0.34
289300	0.34	0.62	0.62	0	0	0.34
289400	0.34	0.62	0.62	0	0	0.34
289500	0.34	0.62	0.62	0	0	0.34
289600	0.34	0.62	0.62	0	0	0.34
289700	0.34	0.62	0.62	0	0	0.34
289800	0.34	0.62	0.62	0	0	0.34
289900	0.34	0.62	0.62	0	0	0.34
290000	0.34	0.62	0.62	0	0	0.34
290100	0.34	0.62	0.62	0	0	0.34
290200	0.34	0.62	0.62	0	0	0.34
290300	0.34	0.62	0.62	0	0	0.34
290400	0.34	0.62	0.62	0	0	0.34
290500	0.34	0.62	0.62	0	0	0.34
290600	0.34	0.62	0.62	0	0	0.34
290700	0.34	0.62	0.62	0	0	0.34
290800	0.34	0.62	0.62	0	0	0.34
290900	0.34	0.62	0.62	0	0	0.34
291000	0.34	0.62	0.62	0	0	0.34
291100	0.34	0.61	0.61	0	0	0.34
291200	0.34	0.61	0.61	0	0	0.34
291300	0.34	0.61	0.61	0	0	0.34
291400	0.34	0.61	0.61	0	0	0.34
291500	0.34	0.62	0.62	0	0	0.34
291600	0.34	0.62	0.62	0	0	0.34
291700	0.34	0.62	0.62	0	0	0.34
291800	0.34	0.62	0.62	0	0	0.34
291900	0.34	0.62	0.62	0	0	0.34
292000	0.34	0.62	0.62	0	0	0.34
292100	0.34	0.62	0.62	0	0	0.34
292200	0.34	0.62	0.62	0	0	0.34
292300	0.34	0.62	0.62	0	0	0.34
292400	0.34	0.62	0.62	0	0	0.34
292500	0.35	0.62	0.62	0	0	0.35
292600	0.35	0.62	0.62	0	0	0.35
292700	0.35	0.62	0.62	0	0	0.35
292800	0.35	0.62	0.62	0	0	0.35
292900	0.35	0.62	0.62	0	0	0.35
293000	0.35	0.62	0.62	0	0	0.35
293100	0.35	0.62	0.62	0	0	0.35
293200	0.35	0.62	0.62	0	0	0.35
293300	0.35	0.62	0.62	0	0	0.35
293400	0.35	0.62	0.62	0	0	0.35
293500	0.35	0.62	0.62	0	0	0.35
293600	0.35	0.62	0.62	0	0	0.35
293700	0.35	0.62	0.62	0	0	0.35
293800	0.35	0.62	0.62	0	0	0.35
293900	0.35	0.62	0.62	0	0	0.35
294000	0.35	0.62	0.62	0	0	0.35
294100	0.35	0.62	0.62	0	0	0.35
294200	0.35	0.63	0.63	0	0	0.35
294300	0.35	0.63	0.63	0	0	0.35
294400	0.35	0.63	0.63	0	0	0.35
294500	0.35	0.63	0.63	0	0	0.35
294600	0.35	0.63	0.63	0	0	0.35
294700	0.35	0.63	0.63	0	0	0.35
294800	0.35	0.63	0.63	0	0	0.35
294900	0.35	0.63	0.63	0	0	0.35
295000	0.35	0.64	0.64	0	0	0.35
295100	0.35	0.63	0.63	0	0	0.35
295200	0.35	0.63	0.63	0	0	0.35
295300	0.36	0.63	0.63	0	0	0.36
295400	0.36	0.63	0.63	0	0	0.36
295500	0.36	0.63	0.63	0	0	0.36
295600	0.36	0.63	0.63	0	0	0.36
295700	0.36	0.63	0.63	0	0	0.36
295800	0.36	0.63	0.63	0	0	0.36
295900	0.36	0.63	0.63	0	0	0.36
296000	0.36	0.63	0.63	0	0	0.36
296100	0.36	0.63	0.63	0	0	0.36
296200	0.36	0.63	0.63	0	0	0.36
296300	0.36	0.63	0.63	0	0	0.36
296400	0.36	0.63	0.63	0	0	0.36
296500	0.36	0.63	0.63	0	0	0.36
296600	0.36	0.63	0.63	0	0	0.36
296700	0.36	0.63	0.63	0	0	0.36
296800	0.36	0.63	0.63	0	0	0.36
296900	0.36	0.63	0.63	0	0	0.36
297000	0.36	0.63	0.63	0	0	0.36
297100	0.36	0.63	0.63	0	0	0.36
297200	0.36	0.63	0.63	0	0	0.36
297300	0.36	0.63	0.63	0	0	0.36
297400	0.36	0.63	0.63	0	0	0.36
297500	0.36	0.63	0.63	0	0	0.36
297600	0.36	0.63	0.63	0	0	0.36
297700	0.36	0.63	0.63	0	0	0.36
297800	0.36	0.63	0.63	0	0	0.36
297900	0.36	0.63	0.63	0	0	0.36
298000	0.36	0.63	0.63	0	0	0.36
298100	0.36	0.63	0.63	0	0	0.36
298200	0.36	0.63	0.63	0	0	0.36
298300	0.36	0.63	0.63	0	0	0.36
298400	0.36	0.63	0.63	0	0	0.36
298500	0.36	0.63	0.63	0	0	0.36
298600	0.36	0.63	0.63	0	0	0.36
298700	0.36	0.63	0.63	0	0	0.36
298800	0.36	0.63	0.63	0	0	0.36
298900	0.36	0.63	0.63	0	0	0.36
299000	0.36	0.63	0.63	0	0	0.36
299100	0.36	0.63	0.63	0	0	0.36
299200	0.36	0.63	0.63	0	0	0.36
299300	0.36	0.63	0.63	0	0	0.36
299400	0.36	0.63	0.63	0	0	0.36
299500	0.36	0.63	0.63	0	0	0.36
299600	0.36	0.63	0.63	0	0	0.36
299700	0.36	0.63	0.63	0	0	0.36
299800	0.36	0.63	0.63	0	0	0.36
299900	0.35	0.63	0.63	0	0	0.35
300000	0.35	0.63	0.63	0	0	0.35
