100	0.09	0.1	0.1	0	0	0.09
200	0.14	0.11	0.11	0	0	0.14
300	0.15	0.1	0.1	0	0	0.15
400	0.16	0.12	0.12	0	0	0.16
500	0.17	0.13	0.13	0	0	0.17
600	0.18	0.13	0.13	0	0	0.18
700	0.21	0.13	0.13	0	0	0.21
800	0.2	0.12	0.12	0	0	0.2
900	0.19	0.13	0.13	0	0	0.19
1000	0.18	0.14	0.14	0	0	0.18
1100	0.18	0.14	0.14	0	0	0.18
1200	0.18	0.14	0.14	0	0	0.18
1300	0.18	0.13	0.13	0	0	0.18
1400	0.18	0.12	0.12	0	0	0.18
1500	0.19	0.12	0.12	0	0	0.19
1600	0.19	0.12	0.12	0	0	0.19
1700	0.21	0.12	0.12	0	0	0.21
1800	0.2	0.14	0.14	0	0	0.2
1900	0.22	0.13	0.13	0	0	0.22
2000	0.18	0.14	0.14	0	0	0.18
2100	0.16	0.14	0.14	0	0	0.16
2200	0.16	0.12	0.12	0	0	0.16
2300	0.16	0.12	0.12	0	0	0.16
2400	0.16	0.14	0.14	0	0	0.16
2500	0.16	0.14	0.14	0	0	0.16
2600	0.15	0.14	0.14	0	0	0.15
2700	0.15	0.16	0.16	0	0	0.15
2800	0.16	0.14	0.14	0	0	0.16
2900	0.15	0.14	0.14	0	0	0.15
3000	0.14	0.14	0.14	0	0	0.14
3100	0.14	0.14	0.14	0	0	0.14
3200	0.15	0.16	0.16	0	0	0.15
3300	0.15	0.15	0.15	0	0	0.15
3400	0.14	0.19	0.19	0	0	0.14
3500	0.14	0.18	0.18	0	0	0.14
3600	0.14	0.18	0.18	0	0	0.14
3700	0.15	0.18	0.18	0	0	0.15
3800	0.16	0.19	0.19	0	0	0.16
3900	0.17	0.19	0.19	0	0	0.17
4000	0.19	0.2	0.2	0	0	0.19
4100	0.18	0.19	0.19	0	0	0.18
4200	0.19	0.18	0.18	0	0	0.19
4300	0.17	0.2	0.2	0	0	0.17
4400	0.19	0.2	0.2	0	0	0.19
4500	0.2	0.19	0.19	0	0	0.2
4600	0.2	0.19	0.19	0	0	0.2
4700	0.2	0.2	0.2	0	0	0.2
4800	0.2	0.2	0.2	0	0	0.2
4900	0.2	0.22	0.22	0	0	0.2
5000	0.2	0.23	0.23	0	0	0.2
5100	0.2	0.23	0.23	0	0	0.2
5200	0.21	0.23	0.23	0	0	0.21
5300	0.22	0.23	0.23	0	0	0.22
5400	0.21	0.23	0.23	0	0	0.21
5500	0.21	0.22	0.22	0	0	0.21
5600	0.19	0.22	0.22	0	0	0.19
5700	0.2	0.23	0.23	0	0	0.2
5800	0.21	0.24	0.24	0	0	0.21
5900	0.2	0.24	0.24	0	0	0.2
6000	0.19	0.24	0.24	0	0	0.19
6100	0.17	0.24	0.24	0	0	0.17
6200	0.17	0.23	0.23	0	0	0.17
6300	0.17	0.23	0.23	0	0	0.17
6400	0.19	0.23	0.23	0	0	0.19
6500	0.19	0.23	0.23	0	0	0.19
6600	0.19	0.23	0.23	0	0	0.19
6700	0.19	0.23	0.23	0	0	0.19
6800	0.18	0.24	0.24	0	0	0.18
6900	0.17	0.24	0.24	0	0	0.17
7000	0.18	0.24	0.24	0	0	0.18
7100	0.19	0.26	0.26	0	0	0.19
7200	0.2	0.26	0.26	0	0	0.2
7300	0.2	0.28	0.28	0	0	0.2
7400	0.21	0.27	0.27	0	0	0.21
7500	0.2	0.27	0.27	0	0	0.2
7600	0.21	0.27	0.27	0	0	0.21
7700	0.22	0.26	0.26	0	0	0.22
7800	0.21	0.26	0.26	0	0	0.21
7900	0.22	0.26	0.26	0	0	0.22
8000	0.22	0.26	0.26	0	0	0.22
8100	0.22	0.27	0.27	0	0	0.22
8200	0.21	0.27	0.27	0	0	0.21
8300	0.21	0.26	0.26	0	0	0.21
8400	0.22	0.26	0.26	0	0	0.22
8500	0.2	0.26	0.26	0	0	0.2
8600	0.21	0.25	0.25	0	0	0.21
8700	0.22	0.25	0.25	0	0	0.22
8800	0.23	0.24	0.24	0	0	0.23
8900	0.25	0.24	0.24	0	0	0.25
9000	0.25	0.25	0.25	0	0	0.25
9100	0.24	0.24	0.24	0	0	0.24
9200	0.24	0.25	0.25	0	0	0.24
9300	0.24	0.26	0.26	0	0	0.24
9400	0.22	0.25	0.25	0	0	0.22
9500	0.23	0.26	0.26	0	0	0.23
9600	0.24	0.27	0.27	0	0	0.24
9700	0.24	0.27	0.27	0	0	0.24
9800	0.24	0.27	0.27	0	0	0.24
9900	0.22	0.28	0.28	0	0	0.22
10000	0.21	0.29	0.29	0	0	0.21
10100	0.21	0.28	0.28	0	0	0.21
10200	0.21	0.28	0.28	0	0	0.21
10300	0.21	0.28	0.28	0	0	0.21
10400	0.21	0.28	0.28	0	0	0.21
10500	0.21	0.31	0.31	0	0	0.21
10600	0.21	0.31	0.31	0	0	0.21
10700	0.21	0.32	0.32	0	0	0.21
10800	0.21	0.33	0.33	0	0	0.21
10900	0.21	0.33	0.33	0	0	0.21
11000	0.21	0.3	0.3	0	0	0.21
11100	0.21	0.3	0.3	0	0	0.21
11200	0.21	0.3	0.3	0	0	0.21
11300	0.21	0.3	0.3	0	0	0.21
11400	0.21	0.3	0.3	0	0	0.21
11500	0.21	0.3	0.3	0	0	0.21
11600	0.21	0.31	0.31	0	0	0.21
11700	0.21	0.32	0.32	0	0	0.21
11800	0.21	0.34	0.34	0	0	0.21
11900	0.21	0.33	0.33	0	0	0.21
12000	0.23	0.32	0.32	0	0	0.23
12100	0.23	0.33	0.33	0	0	0.23
12200	0.24	0.33	0.33	0	0	0.24
12300	0.24	0.33	0.33	0	0	0.24
12400	0.25	0.34	0.34	0	0	0.25
12500	0.24	0.33	0.33	0	0	0.24
12600	0.24	0.33	0.33	0	0	0.24
12700	0.24	0.32	0.32	0	0	0.24
12800	0.23	0.33	0.33	0	0	0.23
12900	0.23	0.34	0.34	0	0	0.23
13000	0.23	0.32	0.32	0	0	0.23
13100	0.25	0.32	0.32	0	0	0.25
13200	0.26	0.31	0.31	0	0	0.26
13300	0.26	0.3	0.3	0	0	0.26
13400	0.26	0.3	0.3	0	0	0.26
13500	0.27	0.3	0.3	0	0	0.27
13600	0.27	0.31	0.31	0	0	0.27
13700	0.27	0.3	0.3	0	0	0.27
13800	0.27	0.3	0.3	0	0	0.27
13900	0.27	0.31	0.31	0	0	0.27
14000	0.27	0.29	0.29	0	0	0.27
14100	0.27	0.29	0.29	0	0	0.27
14200	0.29	0.3	0.3	0	0	0.29
14300	0.3	0.31	0.31	0	0	0.3
14400	0.3	0.3	0.3	0	0	0.3
14500	0.3	0.3	0.3	0	0	0.3
14600	0.3	0.31	0.31	0	0	0.3
14700	0.31	0.31	0.31	0	0	0.31
14800	0.31	0.31	0.31	0	0	0.31
14900	0.31	0.31	0.31	0	0	0.31
15000	0.31	0.32	0.32	0	0	0.31
15100	0.3	0.32	0.32	0	0	0.3
15200	0.3	0.32	0.32	0	0	0.3
15300	0.3	0.32	0.32	0	0	0.3
15400	0.3	0.32	0.32	0	0	0.3
15500	0.31	0.32	0.32	0	0	0.31
15600	0.32	0.32	0.32	0	0	0.32
15700	0.32	0.32	0.32	0	0	0.32
15800	0.33	0.32	0.32	0	0	0.33
15900	0.31	0.32	0.32	0	0	0.31
16000	0.3	0.33	0.33	0	0	0.3
16100	0.3	0.33	0.33	0	0	0.3
16200	0.3	0.33	0.33	0	0	0.3
16300	0.3	0.32	0.32	0	0	0.3
16400	0.3	0.32	0.32	0	0	0.3
16500	0.29	0.33	0.33	0	0	0.29
16600	0.29	0.34	0.34	0	0	0.29
16700	0.29	0.35	0.35	0	0	0.29
16800	0.29	0.35	0.35	0	0	0.29
16900	0.29	0.37	0.37	0	0	0.29
17000	0.29	0.37	0.37	0	0	0.29
17100	0.29	0.36	0.36	0	0	0.29
17200	0.29	0.36	0.36	0	0	0.29
17300	0.29	0.36	0.36	0	0	0.29
17400	0.29	0.36	0.36	0	0	0.29
17500	0.29	0.36	0.36	0	0	0.29
17600	0.29	0.36	0.36	0	0	0.29
17700	0.29	0.36	0.36	0	0	0.29
17800	0.29	0.36	0.36	0	0	0.29
17900	0.29	0.36	0.36	0	0	0.29
18000	0.3	0.36	0.36	0	0	0.3
18100	0.3	0.36	0.36	0	0	0.3
18200	0.31	0.36	0.36	0	0	0.31
18300	0.31	0.36	0.36	0	0	0.31
18400	0.31	0.37	0.37	0	0	0.31
18500	0.31	0.36	0.36	0	0	0.31
18600	0.31	0.36	0.36	0	0	0.31
18700	0.3	0.36	0.36	0	0	0.3
18800	0.31	0.36	0.36	0	0	0.31
18900	0.31	0.36	0.36	0	0	0.31
19000	0.31	0.37	0.37	0	0	0.31
19100	0.31	0.36	0.36	0	0	0.31
19200	0.32	0.35	0.35	0	0	0.32
19300	0.33	0.36	0.36	0	0	0.33
19400	0.33	0.34	0.34	0	0	0.33
19500	0.33	0.34	0.34	0	0	0.33
19600	0.33	0.35	0.35	0	0	0.33
19700	0.33	0.35	0.35	0	0	0.33
19800	0.34	0.35	0.35	0	0	0.34
19900	0.34	0.36	0.36	0	0	0.34
20000	0.35	0.36	0.36	0	0	0.35
20100	0.35	0.36	0.36	0	0	0.35
20200	0.35	0.36	0.36	0	0	0.35
20300	0.35	0.36	0.36	0	0	0.35
20400	0.36	0.36	0.36	0	0	0.36
20500	0.36	0.38	0.38	0	0	0.36
20600	0.36	0.38	0.38	0	0	0.36
20700	0.36	0.39	0.39	0	0	0.36
20800	0.36	0.39	0.39	0	0	0.36
20900	0.35	0.38	0.38	0	0	0.35
21000	0.35	0.38	0.38	0	0	0.35
21100	0.35	0.39	0.39	0	0	0.35
21200	0.35	0.38	0.38	0	0	0.35
21300	0.35	0.38	0.38	0	0	0.35
21400	0.35	0.39	0.39	0	0	0.35
21500	0.35	0.39	0.39	0	0	0.35
21600	0.35	0.39	0.39	0	0	0.35
21700	0.35	0.39	0.39	0	0	0.35
21800	0.35	0.39	0.39	0	0	0.35
21900	0.35	0.39	0.39	0	0	0.35
22000	0.35	0.39	0.39	0	0	0.35
22100	0.35	0.4	0.4	0	0	0.35
22200	0.35	0.41	0.41	0	0	0.35
22300	0.35	0.41	0.41	0	0	0.35
22400	0.35	0.41	0.41	0	0	0.35
22500	0.35	0.4	0.4	0	0	0.35
22600	0.35	0.39	0.39	0	0	0.35
22700	0.36	0.41	0.41	0	0	0.36
22800	0.36	0.4	0.4	0	0	0.36
22900	0.36	0.4	0.4	0	0	0.36
23000	0.36	0.41	0.41	0	0	0.36
23100	0.36	0.41	0.41	0	0	0.36
23200	0.36	0.41	0.41	0	0	0.36
23300	0.36	0.41	0.41	0	0	0.36
23400	0.36	0.41	0.41	0	0	0.36
23500	0.37	0.4	0.4	0	0	0.37
23600	0.36	0.41	0.41	0	0	0.36
23700	0.37	0.41	0.41	0	0	0.37
23800	0.37	0.4	0.4	0	0	0.37
23900	0.37	0.39	0.39	0	0	0.37
24000	0.36	0.39	0.39	0	0	0.36
24100	0.36	0.39	0.39	0	0	0.36
24200	0.36	0.38	0.38	0	0	0.36
24300	0.36	0.38	0.38	0	0	0.36
24400	0.36	0.38	0.38	0	0	0.36
24500	0.36	0.38	0.38	0	0	0.36
24600	0.36	0.39	0.39	0	0	0.36
24700	0.36	0.4	0.4	0	0	0.36
24800	0.36	0.4	0.4	0	0	0.36
24900	0.36	0.4	0.4	0	0	0.36
25000	0.36	0.4	0.4	0	0	0.36
25100	0.37	0.4	0.4	0	0	0.37
25200	0.37	0.4	0.4	0	0	0.37
25300	0.39	0.4	0.4	0	0	0.39
25400	0.37	0.4	0.4	0	0	0.37
25500	0.37	0.4	0.4	0	0	0.37
25600	0.37	0.41	0.41	0	0	0.37
25700	0.37	0.41	0.41	0	0	0.37
25800	0.37	0.42	0.42	0	0	0.37
25900	0.37	0.42	0.42	0	0	0.37
26000	0.37	0.43	0.43	0	0	0.37
26100	0.37	0.43	0.43	0	0	0.37
26200	0.37	0.42	0.42	0	0	0.37
26300	0.37	0.42	0.42	0	0	0.37
26400	0.36	0.42	0.42	0	0	0.36
26500	0.36	0.42	0.42	0	0	0.36
26600	0.36	0.42	0.42	0	0	0.36
26700	0.36	0.42	0.42	0	0	0.36
26800	0.37	0.42	0.42	0	0	0.37
26900	0.37	0.42	0.42	0	0	0.37
27000	0.38	0.42	0.42	0	0	0.38
27100	0.38	0.42	0.42	0	0	0.38
27200	0.39	0.42	0.42	0	0	0.39
27300	0.38	0.42	0.42	0	0	0.38
27400	0.38	0.42	0.42	0	0	0.38
27500	0.38	0.42	0.42	0	0	0.38
27600	0.37	0.42	0.42	0	0	0.37
27700	0.37	0.42	0.42	0	0	0.37
27800	0.38	0.43	0.43	0	0	0.38
27900	0.37	0.44	0.44	0	0	0.37
28000	0.37	0.44	0.44	0	0	0.37
28100	0.37	0.44	0.44	0	0	0.37
28200	0.37	0.44	0.44	0	0	0.37
28300	0.36	0.44	0.44	0	0	0.36
28400	0.37	0.44	0.44	0	0	0.37
28500	0.36	0.45	0.45	0	0	0.36
28600	0.36	0.45	0.45	0	0	0.36
28700	0.36	0.45	0.45	0	0	0.36
28800	0.35	0.45	0.45	0	0	0.35
28900	0.35	0.46	0.46	0	0	0.35
29000	0.35	0.46	0.46	0	0	0.35
29100	0.35	0.46	0.46	0	0	0.35
29200	0.35	0.46	0.46	0	0	0.35
29300	0.35	0.46	0.46	0	0	0.35
29400	0.35	0.46	0.46	0	0	0.35
29500	0.35	0.45	0.45	0	0	0.35
29600	0.35	0.45	0.45	0	0	0.35
29700	0.35	0.45	0.45	0	0	0.35
29800	0.36	0.45	0.45	0	0	0.36
29900	0.35	0.45	0.45	0	0	0.35
30000	0.36	0.46	0.46	0	0	0.36
30100	0.35	0.46	0.46	0	0	0.35
30200	0.35	0.46	0.46	0	0	0.35
30300	0.35	0.46	0.46	0	0	0.35
30400	0.35	0.46	0.46	0	0	0.35
30500	0.35	0.46	0.46	0	0	0.35
30600	0.35	0.46	0.46	0	0	0.35
30700	0.35	0.47	0.47	0	0	0.35
30800	0.35	0.47	0.47	0	0	0.35
30900	0.35	0.47	0.47	0	0	0.35
31000	0.35	0.47	0.47	0	0	0.35
31100	0.35	0.47	0.47	0	0	0.35
31200	0.35	0.47	0.47	0	0	0.35
31300	0.35	0.47	0.47	0	0	0.35
31400	0.35	0.47	0.47	0	0	0.35
31500	0.35	0.46	0.46	0	0	0.35
31600	0.35	0.46	0.46	0	0	0.35
31700	0.35	0.47	0.47	0	0	0.35
31800	0.35	0.46	0.46	0	0	0.35
31900	0.35	0.46	0.46	0	0	0.35
32000	0.35	0.46	0.46	0	0	0.35
32100	0.35	0.46	0.46	0	0	0.35
32200	0.35	0.46	0.46	0	0	0.35
32300	0.35	0.46	0.46	0	0	0.35
32400	0.35	0.46	0.46	0	0	0.35
32500	0.35	0.46	0.46	0	0	0.35
32600	0.35	0.47	0.47	0	0	0.35
32700	0.35	0.47	0.47	0	0	0.35
32800	0.35	0.47	0.47	0	0	0.35
32900	0.34	0.47	0.47	0	0	0.34
33000	0.33	0.47	0.47	0	0	0.33
33100	0.33	0.47	0.47	0	0	0.33
33200	0.33	0.47	0.47	0	0	0.33
33300	0.33	0.48	0.48	0	0	0.33
33400	0.33	0.47	0.47	0	0	0.33
33500	0.33	0.48	0.48	0	0	0.33
33600	0.32	0.48	0.48	0	0	0.32
33700	0.32	0.48	0.48	0	0	0.32
33800	0.32	0.49	0.49	0	0	0.32
33900	0.32	0.48	0.48	0	0	0.32
34000	0.32	0.48	0.48	0	0	0.32
34100	0.32	0.49	0.49	0	0	0.32
34200	0.32	0.48	0.48	0	0	0.32
34300	0.33	0.49	0.49	0	0	0.33
34400	0.33	0.49	0.49	0	0	0.33
34500	0.33	0.48	0.48	0	0	0.33
34600	0.33	0.48	0.48	0	0	0.33
34700	0.33	0.49	0.49	0	0	0.33
34800	0.33	0.49	0.49	0	0	0.33
34900	0.33	0.5	0.5	0	0	0.33
35000	0.32	0.49	0.49	0	0	0.32
35100	0.32	0.49	0.49	0	0	0.32
35200	0.32	0.48	0.48	0	0	0.32
35300	0.32	0.46	0.46	0	0	0.32
35400	0.31	0.46	0.46	0	0	0.31
35500	0.32	0.44	0.44	0	0	0.32
35600	0.32	0.43	0.43	0	0	0.32
35700	0.32	0.43	0.43	0	0	0.32
35800	0.32	0.43	0.43	0	0	0.32
35900	0.32	0.43	0.43	0	0	0.32
36000	0.32	0.43	0.43	0	0	0.32
36100	0.32	0.43	0.43	0	0	0.32
36200	0.32	0.43	0.43	0	0	0.32
36300	0.32	0.43	0.43	0	0	0.32
36400	0.33	0.43	0.43	0	0	0.33
36500	0.34	0.43	0.43	0	0	0.34
36600	0.34	0.43	0.43	0	0	0.34
36700	0.34	0.43	0.43	0	0	0.34
36800	0.34	0.43	0.43	0	0	0.34
36900	0.34	0.43	0.43	0	0	0.34
37000	0.34	0.43	0.43	0	0	0.34
37100	0.33	0.43	0.43	0	0	0.33
37200	0.34	0.43	0.43	0	0	0.34
37300	0.34	0.43	0.43	0	0	0.34
37400	0.34	0.43	0.43	0	0	0.34
37500	0.34	0.43	0.43	0	0	0.34
37600	0.34	0.43	0.43	0	0	0.34
37700	0.34	0.44	0.44	0	0	0.34
37800	0.34	0.44	0.44	0	0	0.34
37900	0.34	0.45	0.45	0	0	0.34
38000	0.34	0.44	0.44	0	0	0.34
38100	0.34	0.44	0.44	0	0	0.34
38200	0.34	0.45	0.45	0	0	0.34
38300	0.34	0.45	0.45	0	0	0.34
38400	0.34	0.45	0.45	0	0	0.34
38500	0.35	0.45	0.45	0	0	0.35
38600	0.35	0.45	0.45	0	0	0.35
38700	0.35	0.45	0.45	0	0	0.35
38800	0.35	0.45	0.45	0	0	0.35
38900	0.35	0.45	0.45	0	0	0.35
39000	0.35	0.45	0.45	0	0	0.35
39100	0.35	0.45	0.45	0	0	0.35
39200	0.35	0.45	0.45	0	0	0.35
39300	0.35	0.45	0.45	0	0	0.35
39400	0.35	0.45	0.45	0	0	0.35
39500	0.35	0.45	0.45	0	0	0.35
39600	0.35	0.45	0.45	0	0	0.35
39700	0.36	0.45	0.45	0	0	0.36
39800	0.36	0.46	0.46	0	0	0.36
39900	0.36	0.45	0.45	0	0	0.36
40000	0.36	0.45	0.45	0	0	0.36
40100	0.36	0.44	0.44	0	0	0.36
40200	0.36	0.43	0.43	0	0	0.36
40300	0.36	0.44	0.44	0	0	0.36
40400	0.36	0.45	0.45	0	0	0.36
40500	0.37	0.45	0.45	0	0	0.37
40600	0.37	0.45	0.45	0	0	0.37
40700	0.37	0.45	0.45	0	0	0.37
40800	0.37	0.45	0.45	0	0	0.37
40900	0.37	0.46	0.46	0	0	0.37
41000	0.37	0.44	0.44	0	0	0.37
41100	0.37	0.43	0.43	0	0	0.37
41200	0.37	0.43	0.43	0	0	0.37
41300	0.37	0.43	0.43	0	0	0.37
41400	0.37	0.43	0.43	0	0	0.37
41500	0.37	0.43	0.43	0	0	0.37
41600	0.37	0.43	0.43	0	0	0.37
41700	0.38	0.43	0.43	0	0	0.38
41800	0.38	0.43	0.43	0	0	0.38
41900	0.38	0.43	0.43	0	0	0.38
42000	0.38	0.44	0.44	0	0	0.38
42100	0.38	0.44	0.44	0	0	0.38
42200	0.38	0.44	0.44	0	0	0.38
42300	0.38	0.44	0.44	0	0	0.38
42400	0.38	0.44	0.44	0	0	0.38
42500	0.38	0.44	0.44	0	0	0.38
42600	0.38	0.45	0.45	0	0	0.38
42700	0.38	0.45	0.45	0	0	0.38
42800	0.38	0.45	0.45	0	0	0.38
42900	0.38	0.46	0.46	0	0	0.38
43000	0.38	0.46	0.46	0	0	0.38
43100	0.39	0.46	0.46	0	0	0.39
43200	0.39	0.46	0.46	0	0	0.39
43300	0.37	0.46	0.46	0	0	0.37
43400	0.38	0.46	0.46	0	0	0.38
43500	0.37	0.46	0.46	0	0	0.37
43600	0.37	0.46	0.46	0	0	0.37
43700	0.37	0.46	0.46	0	0	0.37
43800	0.37	0.46	0.46	0	0	0.37
43900	0.37	0.46	0.46	0	0	0.37
44000	0.37	0.46	0.46	0	0	0.37
44100	0.37	0.46	0.46	0	0	0.37
44200	0.37	0.46	0.46	0	0	0.37
44300	0.37	0.47	0.47	0	0	0.37
44400	0.37	0.47	0.47	0	0	0.37
44500	0.37	0.47	0.47	0	0	0.37
44600	0.35	0.47	0.47	0	0	0.35
44700	0.35	0.47	0.47	0	0	0.35
44800	0.35	0.47	0.47	0	0	0.35
44900	0.35	0.47	0.47	0	0	0.35
45000	0.35	0.47	0.47	0	0	0.35
45100	0.35	0.48	0.48	0	0	0.35
45200	0.35	0.48	0.48	0	0	0.35
45300	0.35	0.48	0.48	0	0	0.35
45400	0.35	0.48	0.48	0	0	0.35
45500	0.35	0.48	0.48	0	0	0.35
45600	0.35	0.49	0.49	0	0	0.35
45700	0.35	0.5	0.5	0	0	0.35
45800	0.35	0.5	0.5	0	0	0.35
45900	0.35	0.5	0.5	0	0	0.35
46000	0.35	0.5	0.5	0	0	0.35
46100	0.35	0.5	0.5	0	0	0.35
46200	0.35	0.5	0.5	0	0	0.35
46300	0.36	0.5	0.5	0	0	0.36
46400	0.36	0.5	0.5	0	0	0.36
46500	0.36	0.5	0.5	0	0	0.36
46600	0.36	0.5	0.5	0	0	0.36
46700	0.36	0.5	0.5	0	0	0.36
46800	0.36	0.5	0.5	0	0	0.36
46900	0.36	0.5	0.5	0	0	0.36
47000	0.36	0.51	0.51	0	0	0.36
47100	0.36	0.51	0.51	0	0	0.36
47200	0.36	0.5	0.5	0	0	0.36
47300	0.36	0.47	0.47	0	0	0.36
47400	0.36	0.47	0.47	0	0	0.36
47500	0.36	0.48	0.48	0	0	0.36
47600	0.37	0.48	0.48	0	0	0.37
47700	0.36	0.48	0.48	0	0	0.36
47800	0.36	0.49	0.49	0	0	0.36
47900	0.36	0.48	0.48	0	0	0.36
48000	0.36	0.48	0.48	0	0	0.36
48100	0.36	0.48	0.48	0	0	0.36
48200	0.36	0.48	0.48	0	0	0.36
48300	0.36	0.48	0.48	0	0	0.36
48400	0.36	0.48	0.48	0	0	0.36
48500	0.36	0.48	0.48	0	0	0.36
48600	0.36	0.48	0.48	0	0	0.36
48700	0.36	0.48	0.48	0	0	0.36
48800	0.36	0.48	0.48	0	0	0.36
48900	0.36	0.48	0.48	0	0	0.36
49000	0.36	0.48	0.48	0	0	0.36
49100	0.36	0.48	0.48	0	0	0.36
49200	0.36	0.48	0.48	0	0	0.36
49300	0.37	0.48	0.48	0	0	0.37
49400	0.37	0.48	0.48	0	0	0.37
49500	0.37	0.48	0.48	0	0	0.37
49600	0.37	0.48	0.48	0	0	0.37
49700	0.37	0.48	0.48	0	0	0.37
49800	0.37	0.48	0.48	0	0	0.37
49900	0.37	0.48	0.48	0	0	0.37
50000	0.37	0.48	0.48	0	0	0.37
50100	0.36	0.48	0.48	0	0	0.36
50200	0.36	0.48	0.48	0	0	0.36
50300	0.36	0.48	0.48	0	0	0.36
50400	0.36	0.48	0.48	0	0	0.36
50500	0.36	0.48	0.48	0	0	0.36
50600	0.36	0.48	0.48	0	0	0.36
50700	0.36	0.48	0.48	0	0	0.36
50800	0.36	0.47	0.47	0	0	0.36
50900	0.36	0.47	0.47	0	0	0.36
51000	0.35	0.47	0.47	0	0	0.35
51100	0.35	0.47	0.47	0	0	0.35
51200	0.36	0.47	0.47	0	0	0.36
51300	0.36	0.47	0.47	0	0	0.36
51400	0.36	0.47	0.47	0	0	0.36
51500	0.36	0.47	0.47	0	0	0.36
51600	0.36	0.47	0.47	0	0	0.36
51700	0.36	0.47	0.47	0	0	0.36
51800	0.36	0.47	0.47	0	0	0.36
51900	0.36	0.47	0.47	0	0	0.36
52000	0.38	0.48	0.48	0	0	0.38
52100	0.38	0.48	0.48	0	0	0.38
52200	0.38	0.47	0.47	0	0	0.38
52300	0.38	0.47	0.47	0	0	0.38
52400	0.38	0.48	0.48	0	0	0.38
52500	0.38	0.47	0.47	0	0	0.38
52600	0.38	0.46	0.46	0	0	0.38
52700	0.38	0.46	0.46	0	0	0.38
52800	0.38	0.46	0.46	0	0	0.38
52900	0.38	0.46	0.46	0	0	0.38
53000	0.38	0.46	0.46	0	0	0.38
53100	0.38	0.46	0.46	0	0	0.38
53200	0.38	0.46	0.46	0	0	0.38
53300	0.38	0.46	0.46	0	0	0.38
53400	0.38	0.46	0.46	0	0	0.38
53500	0.38	0.46	0.46	0	0	0.38
53600	0.38	0.46	0.46	0	0	0.38
53700	0.39	0.46	0.46	0	0	0.39
53800	0.39	0.46	0.46	0	0	0.39
53900	0.39	0.46	0.46	0	0	0.39
54000	0.39	0.46	0.46	0	0	0.39
54100	0.39	0.46	0.46	0	0	0.39
54200	0.39	0.46	0.46	0	0	0.39
54300	0.39	0.46	0.46	0	0	0.39
54400	0.39	0.46	0.46	0	0	0.39
54500	0.4	0.46	0.46	0	0	0.4
54600	0.4	0.47	0.47	0	0	0.4
54700	0.39	0.47	0.47	0	0	0.39
54800	0.4	0.45	0.45	0	0	0.4
54900	0.39	0.44	0.44	0	0	0.39
55000	0.38	0.44	0.44	0	0	0.38
55100	0.38	0.44	0.44	0	0	0.38
55200	0.38	0.44	0.44	0	0	0.38
55300	0.38	0.44	0.44	0	0	0.38
55400	0.36	0.45	0.45	0	0	0.36
55500	0.36	0.45	0.45	0	0	0.36
55600	0.36	0.45	0.45	0	0	0.36
55700	0.36	0.45	0.45	0	0	0.36
55800	0.36	0.44	0.44	0	0	0.36
55900	0.37	0.43	0.43	0	0	0.37
56000	0.37	0.43	0.43	0	0	0.37
56100	0.37	0.43	0.43	0	0	0.37
56200	0.37	0.43	0.43	0	0	0.37
56300	0.38	0.43	0.43	0	0	0.38
56400	0.38	0.43	0.43	0	0	0.38
56500	0.38	0.43	0.43	0	0	0.38
56600	0.38	0.43	0.43	0	0	0.38
56700	0.38	0.44	0.44	0	0	0.38
56800	0.38	0.44	0.44	0	0	0.38
56900	0.38	0.43	0.43	0	0	0.38
57000	0.38	0.44	0.44	0	0	0.38
57100	0.38	0.44	0.44	0	0	0.38
57200	0.38	0.44	0.44	0	0	0.38
57300	0.38	0.44	0.44	0	0	0.38
57400	0.38	0.43	0.43	0	0	0.38
57500	0.38	0.43	0.43	0	0	0.38
57600	0.38	0.43	0.43	0	0	0.38
57700	0.38	0.43	0.43	0	0	0.38
57800	0.38	0.43	0.43	0	0	0.38
57900	0.38	0.44	0.44	0	0	0.38
58000	0.38	0.44	0.44	0	0	0.38
58100	0.38	0.44	0.44	0	0	0.38
58200	0.38	0.44	0.44	0	0	0.38
58300	0.38	0.43	0.43	0	0	0.38
58400	0.39	0.43	0.43	0	0	0.39
58500	0.38	0.43	0.43	0	0	0.38
58600	0.38	0.43	0.43	0	0	0.38
58700	0.38	0.43	0.43	0	0	0.38
58800	0.39	0.43	0.43	0	0	0.39
58900	0.39	0.43	0.43	0	0	0.39
59000	0.39	0.43	0.43	0	0	0.39
59100	0.38	0.43	0.43	0	0	0.38
59200	0.38	0.43	0.43	0	0	0.38
59300	0.38	0.43	0.43	0	0	0.38
59400	0.39	0.43	0.43	0	0	0.39
59500	0.39	0.43	0.43	0	0	0.39
59600	0.39	0.43	0.43	0	0	0.39
59700	0.39	0.44	0.44	0	0	0.39
59800	0.39	0.45	0.45	0	0	0.39
59900	0.4	0.45	0.45	0	0	0.4
60000	0.4	0.45	0.45	0	0	0.4
60100	0.4	0.45	0.45	0	0	0.4
60200	0.4	0.45	0.45	0	0	0.4
60300	0.4	0.45	0.45	0	0	0.4
60400	0.4	0.44	0.44	0	0	0.4
60500	0.4	0.44	0.44	0	0	0.4
60600	0.39	0.45	0.45	0	0	0.39
60700	0.39	0.44	0.44	0	0	0.39
60800	0.39	0.45	0.45	0	0	0.39
60900	0.39	0.44	0.44	0	0	0.39
61000	0.4	0.44	0.44	0	0	0.4
61100	0.4	0.44	0.44	0	0	0.4
61200	0.39	0.44	0.44	0	0	0.39
61300	0.39	0.44	0.44	0	0	0.39
61400	0.4	0.45	0.45	0	0	0.4
61500	0.4	0.45	0.45	0	0	0.4
61600	0.4	0.45	0.45	0	0	0.4
61700	0.4	0.45	0.45	0	0	0.4
61800	0.4	0.45	0.45	0	0	0.4
61900	0.4	0.47	0.47	0	0	0.4
62000	0.4	0.47	0.47	0	0	0.4
62100	0.4	0.46	0.46	0	0	0.4
62200	0.4	0.46	0.46	0	0	0.4
62300	0.4	0.46	0.46	0	0	0.4
62400	0.4	0.46	0.46	0	0	0.4
62500	0.4	0.46	0.46	0	0	0.4
62600	0.4	0.46	0.46	0	0	0.4
62700	0.4	0.46	0.46	0	0	0.4
62800	0.4	0.46	0.46	0	0	0.4
62900	0.4	0.46	0.46	0	0	0.4
63000	0.4	0.47	0.47	0	0	0.4
63100	0.4	0.46	0.46	0	0	0.4
63200	0.4	0.47	0.47	0	0	0.4
63300	0.4	0.47	0.47	0	0	0.4
63400	0.4	0.47	0.47	0	0	0.4
63500	0.4	0.48	0.48	0	0	0.4
63600	0.4	0.47	0.47	0	0	0.4
63700	0.4	0.47	0.47	0	0	0.4
63800	0.4	0.47	0.47	0	0	0.4
63900	0.4	0.47	0.47	0	0	0.4
64000	0.4	0.46	0.46	0	0	0.4
64100	0.41	0.46	0.46	0	0	0.41
64200	0.41	0.46	0.46	0	0	0.41
64300	0.41	0.46	0.46	0	0	0.41
64400	0.4	0.46	0.46	0	0	0.4
64500	0.4	0.46	0.46	0	0	0.4
64600	0.4	0.46	0.46	0	0	0.4
64700	0.4	0.46	0.46	0	0	0.4
64800	0.4	0.46	0.46	0	0	0.4
64900	0.4	0.46	0.46	0	0	0.4
65000	0.4	0.46	0.46	0	0	0.4
65100	0.4	0.46	0.46	0	0	0.4
65200	0.4	0.46	0.46	0	0	0.4
65300	0.4	0.46	0.46	0	0	0.4
65400	0.4	0.46	0.46	0	0	0.4
65500	0.4	0.46	0.46	0	0	0.4
65600	0.4	0.46	0.46	0	0	0.4
65700	0.4	0.46	0.46	0	0	0.4
65800	0.4	0.46	0.46	0	0	0.4
65900	0.4	0.46	0.46	0	0	0.4
66000	0.4	0.46	0.46	0	0	0.4
66100	0.4	0.46	0.46	0	0	0.4
66200	0.4	0.46	0.46	0	0	0.4
66300	0.4	0.46	0.46	0	0	0.4
66400	0.4	0.46	0.46	0	0	0.4
66500	0.4	0.46	0.46	0	0	0.4
66600	0.4	0.46	0.46	0	0	0.4
66700	0.4	0.46	0.46	0	0	0.4
66800	0.4	0.46	0.46	0	0	0.4
66900	0.4	0.45	0.45	0	0	0.4
67000	0.4	0.44	0.44	0	0	0.4
67100	0.4	0.44	0.44	0	0	0.4
67200	0.4	0.43	0.43	0	0	0.4
67300	0.4	0.42	0.42	0	0	0.4
67400	0.4	0.42	0.42	0	0	0.4
67500	0.4	0.42	0.42	0	0	0.4
67600	0.4	0.42	0.42	0	0	0.4
67700	0.41	0.42	0.42	0	0	0.41
67800	0.4	0.42	0.42	0	0	0.4
67900	0.4	0.42	0.42	0	0	0.4
68000	0.4	0.42	0.42	0	0	0.4
68100	0.4	0.42	0.42	0	0	0.4
68200	0.4	0.42	0.42	0	0	0.4
68300	0.4	0.41	0.41	0	0	0.4
68400	0.4	0.41	0.41	0	0	0.4
68500	0.4	0.41	0.41	0	0	0.4
68600	0.4	0.41	0.41	0	0	0.4
68700	0.4	0.41	0.41	0	0	0.4
68800	0.4	0.41	0.41	0	0	0.4
68900	0.4	0.41	0.41	0	0	0.4
69000	0.4	0.4	0.4	0	0	0.4
69100	0.41	0.4	0.4	0	0	0.41
69200	0.41	0.4	0.4	0	0	0.41
69300	0.41	0.4	0.4	0	0	0.41
69400	0.41	0.41	0.41	0	0	0.41
69500	0.41	0.41	0.41	0	0	0.41
69600	0.41	0.41	0.41	0	0	0.41
69700	0.41	0.41	0.41	0	0	0.41
69800	0.42	0.41	0.41	0	0	0.42
69900	0.42	0.41	0.41	0	0	0.42
70000	0.42	0.41	0.41	0	0	0.42
70100	0.42	0.41	0.41	0	0	0.42
70200	0.42	0.41	0.41	0	0	0.42
70300	0.41	0.41	0.41	0	0	0.41
70400	0.41	0.41	0.41	0	0	0.41
70500	0.41	0.41	0.41	0	0	0.41
70600	0.41	0.41	0.41	0	0	0.41
70700	0.41	0.41	0.41	0	0	0.41
70800	0.41	0.41	0.41	0	0	0.41
70900	0.41	0.41	0.41	0	0	0.41
71000	0.42	0.41	0.41	0	0	0.42
71100	0.42	0.41	0.41	0	0	0.42
71200	0.41	0.41	0.41	0	0	0.41
71300	0.41	0.41	0.41	0	0	0.41
71400	0.42	0.41	0.41	0	0	0.42
71500	0.4	0.41	0.41	0	0	0.4
71600	0.4	0.42	0.42	0	0	0.4
71700	0.4	0.42	0.42	0	0	0.4
71800	0.4	0.42	0.42	0	0	0.4
71900	0.4	0.43	0.43	0	0	0.4
72000	0.4	0.43	0.43	0	0	0.4
72100	0.4	0.42	0.42	0	0	0.4
72200	0.4	0.41	0.41	0	0	0.4
72300	0.4	0.41	0.41	0	0	0.4
72400	0.4	0.41	0.41	0	0	0.4
72500	0.4	0.42	0.42	0	0	0.4
72600	0.4	0.42	0.42	0	0	0.4
72700	0.4	0.43	0.43	0	0	0.4
72800	0.4	0.42	0.42	0	0	0.4
72900	0.4	0.42	0.42	0	0	0.4
73000	0.4	0.43	0.43	0	0	0.4
73100	0.4	0.43	0.43	0	0	0.4
73200	0.4	0.42	0.42	0	0	0.4
73300	0.4	0.43	0.43	0	0	0.4
73400	0.4	0.42	0.42	0	0	0.4
73500	0.4	0.44	0.44	0	0	0.4
73600	0.4	0.44	0.44	0	0	0.4
73700	0.4	0.44	0.44	0	0	0.4
73800	0.41	0.44	0.44	0	0	0.41
73900	0.41	0.45	0.45	0	0	0.41
74000	0.41	0.44	0.44	0	0	0.41
74100	0.41	0.43	0.43	0	0	0.41
74200	0.41	0.43	0.43	0	0	0.41
74300	0.41	0.43	0.43	0	0	0.41
74400	0.41	0.43	0.43	0	0	0.41
74500	0.41	0.43	0.43	0	0	0.41
74600	0.41	0.43	0.43	0	0	0.41
74700	0.41	0.43	0.43	0	0	0.41
74800	0.41	0.43	0.43	0	0	0.41
74900	0.41	0.42	0.42	0	0	0.41
75000	0.41	0.42	0.42	0	0	0.41
75100	0.41	0.42	0.42	0	0	0.41
75200	0.41	0.42	0.42	0	0	0.41
75300	0.41	0.42	0.42	0	0	0.41
75400	0.41	0.42	0.42	0	0	0.41
75500	0.41	0.42	0.42	0	0	0.41
75600	0.41	0.42	0.42	0	0	0.41
75700	0.41	0.42	0.42	0	0	0.41
75800	0.41	0.42	0.42	0	0	0.41
75900	0.41	0.42	0.42	0	0	0.41
76000	0.41	0.42	0.42	0	0	0.41
76100	0.41	0.42	0.42	0	0	0.41
76200	0.41	0.42	0.42	0	0	0.41
76300	0.4	0.43	0.43	0	0	0.4
76400	0.38	0.43	0.43	0	0	0.38
76500	0.39	0.42	0.42	0	0	0.39
76600	0.39	0.42	0.42	0	0	0.39
76700	0.39	0.42	0.42	0	0	0.39
76800	0.39	0.42	0.42	0	0	0.39
76900	0.39	0.42	0.42	0	0	0.39
77000	0.39	0.42	0.42	0	0	0.39
77100	0.39	0.42	0.42	0	0	0.39
77200	0.39	0.42	0.42	0	0	0.39
77300	0.39	0.42	0.42	0	0	0.39
77400	0.39	0.42	0.42	0	0	0.39
77500	0.39	0.42	0.42	0	0	0.39
77600	0.39	0.42	0.42	0	0	0.39
77700	0.39	0.42	0.42	0	0	0.39
77800	0.39	0.42	0.42	0	0	0.39
77900	0.39	0.42	0.42	0	0	0.39
78000	0.39	0.43	0.43	0	0	0.39
78100	0.39	0.43	0.43	0	0	0.39
78200	0.39	0.43	0.43	0	0	0.39
78300	0.4	0.43	0.43	0	0	0.4
78400	0.4	0.43	0.43	0	0	0.4
78500	0.4	0.44	0.44	0	0	0.4
78600	0.4	0.44	0.44	0	0	0.4
78700	0.4	0.44	0.44	0	0	0.4
78800	0.4	0.44	0.44	0	0	0.4
78900	0.4	0.44	0.44	0	0	0.4
79000	0.4	0.44	0.44	0	0	0.4
79100	0.4	0.44	0.44	0	0	0.4
79200	0.4	0.44	0.44	0	0	0.4
79300	0.4	0.44	0.44	0	0	0.4
79400	0.4	0.44	0.44	0	0	0.4
79500	0.4	0.44	0.44	0	0	0.4
79600	0.4	0.45	0.45	0	0	0.4
79700	0.4	0.45	0.45	0	0	0.4
79800	0.4	0.45	0.45	0	0	0.4
79900	0.4	0.45	0.45	0	0	0.4
80000	0.4	0.46	0.46	0	0	0.4
80100	0.4	0.46	0.46	0	0	0.4
80200	0.4	0.46	0.46	0	0	0.4
80300	0.4	0.46	0.46	0	0	0.4
80400	0.4	0.46	0.46	0	0	0.4
80500	0.4	0.46	0.46	0	0	0.4
80600	0.4	0.46	0.46	0	0	0.4
80700	0.4	0.46	0.46	0	0	0.4
80800	0.4	0.46	0.46	0	0	0.4
80900	0.4	0.46	0.46	0	0	0.4
81000	0.4	0.47	0.47	0	0	0.4
81100	0.41	0.47	0.47	0	0	0.41
81200	0.41	0.47	0.47	0	0	0.41
81300	0.41	0.47	0.47	0	0	0.41
81400	0.41	0.47	0.47	0	0	0.41
81500	0.41	0.47	0.47	0	0	0.41
81600	0.41	0.47	0.47	0	0	0.41
81700	0.42	0.46	0.46	0	0	0.42
81800	0.42	0.46	0.46	0	0	0.42
81900	0.43	0.46	0.46	0	0	0.43
82000	0.41	0.46	0.46	0	0	0.41
82100	0.4	0.46	0.46	0	0	0.4
82200	0.41	0.46	0.46	0	0	0.41
82300	0.41	0.46	0.46	0	0	0.41
82400	0.41	0.46	0.46	0	0	0.41
82500	0.41	0.46	0.46	0	0	0.41
82600	0.41	0.46	0.46	0	0	0.41
82700	0.41	0.45	0.45	0	0	0.41
82800	0.41	0.45	0.45	0	0	0.41
82900	0.42	0.45	0.45	0	0	0.42
83000	0.41	0.46	0.46	0	0	0.41
83100	0.41	0.46	0.46	0	0	0.41
83200	0.41	0.46	0.46	0	0	0.41
83300	0.41	0.46	0.46	0	0	0.41
83400	0.41	0.45	0.45	0	0	0.41
83500	0.41	0.45	0.45	0	0	0.41
83600	0.4	0.45	0.45	0	0	0.4
83700	0.4	0.45	0.45	0	0	0.4
83800	0.4	0.46	0.46	0	0	0.4
83900	0.4	0.46	0.46	0	0	0.4
84000	0.4	0.46	0.46	0	0	0.4
84100	0.4	0.46	0.46	0	0	0.4
84200	0.4	0.46	0.46	0	0	0.4
84300	0.4	0.45	0.45	0	0	0.4
84400	0.4	0.45	0.45	0	0	0.4
84500	0.4	0.45	0.45	0	0	0.4
84600	0.4	0.44	0.44	0	0	0.4
84700	0.4	0.44	0.44	0	0	0.4
84800	0.4	0.44	0.44	0	0	0.4
84900	0.4	0.44	0.44	0	0	0.4
85000	0.4	0.44	0.44	0	0	0.4
85100	0.41	0.44	0.44	0	0	0.41
85200	0.4	0.44	0.44	0	0	0.4
85300	0.4	0.44	0.44	0	0	0.4
85400	0.4	0.43	0.43	0	0	0.4
85500	0.4	0.43	0.43	0	0	0.4
85600	0.4	0.43	0.43	0	0	0.4
85700	0.4	0.43	0.43	0	0	0.4
85800	0.4	0.43	0.43	0	0	0.4
85900	0.4	0.43	0.43	0	0	0.4
86000	0.4	0.43	0.43	0	0	0.4
86100	0.4	0.43	0.43	0	0	0.4
86200	0.4	0.43	0.43	0	0	0.4
86300	0.4	0.43	0.43	0	0	0.4
86400	0.4	0.43	0.43	0	0	0.4
86500	0.4	0.43	0.43	0	0	0.4
86600	0.4	0.43	0.43	0	0	0.4
86700	0.4	0.43	0.43	0	0	0.4
86800	0.4	0.43	0.43	0	0	0.4
86900	0.41	0.43	0.43	0	0	0.41
87000	0.41	0.44	0.44	0	0	0.41
87100	0.41	0.44	0.44	0	0	0.41
87200	0.41	0.44	0.44	0	0	0.41
87300	0.41	0.44	0.44	0	0	0.41
87400	0.41	0.44	0.44	0	0	0.41
87500	0.41	0.44	0.44	0	0	0.41
87600	0.41	0.44	0.44	0	0	0.41
87700	0.41	0.44	0.44	0	0	0.41
87800	0.41	0.44	0.44	0	0	0.41
87900	0.42	0.45	0.45	0	0	0.42
88000	0.41	0.46	0.46	0	0	0.41
88100	0.4	0.45	0.45	0	0	0.4
88200	0.39	0.45	0.45	0	0	0.39
88300	0.39	0.45	0.45	0	0	0.39
88400	0.4	0.45	0.45	0	0	0.4
88500	0.4	0.45	0.45	0	0	0.4
88600	0.4	0.45	0.45	0	0	0.4
88700	0.39	0.45	0.45	0	0	0.39
88800	0.39	0.45	0.45	0	0	0.39
88900	0.39	0.46	0.46	0	0	0.39
89000	0.39	0.46	0.46	0	0	0.39
89100	0.4	0.46	0.46	0	0	0.4
89200	0.39	0.45	0.45	0	0	0.39
89300	0.39	0.45	0.45	0	0	0.39
89400	0.39	0.46	0.46	0	0	0.39
89500	0.38	0.45	0.45	0	0	0.38
89600	0.38	0.45	0.45	0	0	0.38
89700	0.38	0.45	0.45	0	0	0.38
89800	0.38	0.45	0.45	0	0	0.38
89900	0.38	0.46	0.46	0	0	0.38
90000	0.38	0.45	0.45	0	0	0.38
90100	0.38	0.46	0.46	0	0	0.38
90200	0.38	0.47	0.47	0	0	0.38
90300	0.38	0.47	0.47	0	0	0.38
90400	0.38	0.47	0.47	0	0	0.38
90500	0.38	0.47	0.47	0	0	0.38
90600	0.38	0.47	0.47	0	0	0.38
90700	0.38	0.47	0.47	0	0	0.38
90800	0.39	0.47	0.47	0	0	0.39
90900	0.39	0.47	0.47	0	0	0.39
91000	0.39	0.47	0.47	0	0	0.39
91100	0.39	0.47	0.47	0	0	0.39
91200	0.39	0.47	0.47	0	0	0.39
91300	0.39	0.47	0.47	0	0	0.39
91400	0.4	0.47	0.47	0	0	0.4
91500	0.39	0.47	0.47	0	0	0.39
91600	0.39	0.47	0.47	0	0	0.39
91700	0.39	0.47	0.47	0	0	0.39
91800	0.39	0.47	0.47	0	0	0.39
91900	0.39	0.47	0.47	0	0	0.39
92000	0.39	0.47	0.47	0	0	0.39
92100	0.39	0.47	0.47	0	0	0.39
92200	0.4	0.47	0.47	0	0	0.4
92300	0.41	0.47	0.47	0	0	0.41
92400	0.41	0.47	0.47	0	0	0.41
92500	0.4	0.47	0.47	0	0	0.4
92600	0.4	0.47	0.47	0	0	0.4
92700	0.4	0.48	0.48	0	0	0.4
92800	0.4	0.47	0.47	0	0	0.4
92900	0.4	0.47	0.47	0	0	0.4
93000	0.4	0.47	0.47	0	0	0.4
93100	0.4	0.47	0.47	0	0	0.4
93200	0.4	0.47	0.47	0	0	0.4
93300	0.39	0.47	0.47	0	0	0.39
93400	0.39	0.47	0.47	0	0	0.39
93500	0.39	0.47	0.47	0	0	0.39
93600	0.39	0.47	0.47	0	0	0.39
93700	0.39	0.47	0.47	0	0	0.39
93800	0.39	0.47	0.47	0	0	0.39
93900	0.39	0.47	0.47	0	0	0.39
94000	0.39	0.47	0.47	0	0	0.39
94100	0.39	0.47	0.47	0	0	0.39
94200	0.39	0.47	0.47	0	0	0.39
94300	0.39	0.47	0.47	0	0	0.39
94400	0.39	0.47	0.47	0	0	0.39
94500	0.39	0.47	0.47	0	0	0.39
94600	0.39	0.47	0.47	0	0	0.39
94700	0.39	0.47	0.47	0	0	0.39
94800	0.39	0.47	0.47	0	0	0.39
94900	0.39	0.46	0.46	0	0	0.39
95000	0.39	0.48	0.48	0	0	0.39
95100	0.39	0.48	0.48	0	0	0.39
95200	0.39	0.48	0.48	0	0	0.39
95300	0.39	0.48	0.48	0	0	0.39
95400	0.4	0.48	0.48	0	0	0.4
95500	0.4	0.48	0.48	0	0	0.4
95600	0.4	0.48	0.48	0	0	0.4
95700	0.4	0.48	0.48	0	0	0.4
95800	0.41	0.48	0.48	0	0	0.41
95900	0.4	0.47	0.47	0	0	0.4
96000	0.4	0.47	0.47	0	0	0.4
96100	0.4	0.47	0.47	0	0	0.4
96200	0.41	0.47	0.47	0	0	0.41
96300	0.4	0.47	0.47	0	0	0.4
96400	0.4	0.47	0.47	0	0	0.4
96500	0.39	0.47	0.47	0	0	0.39
96600	0.39	0.47	0.47	0	0	0.39
96700	0.39	0.47	0.47	0	0	0.39
96800	0.4	0.47	0.47	0	0	0.4
96900	0.38	0.47	0.47	0	0	0.38
97000	0.38	0.47	0.47	0	0	0.38
97100	0.38	0.47	0.47	0	0	0.38
97200	0.38	0.47	0.47	0	0	0.38
97300	0.39	0.48	0.48	0	0	0.39
97400	0.39	0.48	0.48	0	0	0.39
97500	0.39	0.48	0.48	0	0	0.39
97600	0.39	0.48	0.48	0	0	0.39
97700	0.39	0.48	0.48	0	0	0.39
97800	0.39	0.48	0.48	0	0	0.39
97900	0.39	0.48	0.48	0	0	0.39
98000	0.39	0.48	0.48	0	0	0.39
98100	0.39	0.47	0.47	0	0	0.39
98200	0.39	0.47	0.47	0	0	0.39
98300	0.39	0.47	0.47	0	0	0.39
98400	0.39	0.47	0.47	0	0	0.39
98500	0.39	0.48	0.48	0	0	0.39
98600	0.39	0.48	0.48	0	0	0.39
98700	0.4	0.49	0.49	0	0	0.4
98800	0.4	0.49	0.49	0	0	0.4
98900	0.41	0.48	0.48	0	0	0.41
99000	0.42	0.48	0.48	0	0	0.42
99100	0.41	0.48	0.48	0	0	0.41
99200	0.41	0.48	0.48	0	0	0.41
99300	0.41	0.48	0.48	0	0	0.41
99400	0.39	0.48	0.48	0	0	0.39
99500	0.39	0.48	0.48	0	0	0.39
99600	0.39	0.48	0.48	0	0	0.39
99700	0.39	0.48	0.48	0	0	0.39
99800	0.39	0.48	0.48	0	0	0.39
99900	0.4	0.48	0.48	0	0	0.4
100000	0.4	0.48	0.48	0	0	0.4
100100	0.4	0.48	0.48	0	0	0.4
100200	0.4	0.48	0.48	0	0	0.4
100300	0.4	0.48	0.48	0	0	0.4
100400	0.4	0.49	0.49	0	0	0.4
100500	0.41	0.49	0.49	0	0	0.41
100600	0.41	0.49	0.49	0	0	0.41
100700	0.42	0.49	0.49	0	0	0.42
100800	0.42	0.48	0.48	0	0	0.42
100900	0.42	0.48	0.48	0	0	0.42
101000	0.42	0.48	0.48	0	0	0.42
101100	0.42	0.48	0.48	0	0	0.42
101200	0.41	0.48	0.48	0	0	0.41
101300	0.41	0.49	0.49	0	0	0.41
101400	0.41	0.49	0.49	0	0	0.41
101500	0.41	0.49	0.49	0	0	0.41
101600	0.41	0.48	0.48	0	0	0.41
101700	0.41	0.49	0.49	0	0	0.41
101800	0.41	0.49	0.49	0	0	0.41
101900	0.41	0.49	0.49	0	0	0.41
102000	0.41	0.49	0.49	0	0	0.41
102100	0.41	0.49	0.49	0	0	0.41
102200	0.41	0.48	0.48	0	0	0.41
102300	0.41	0.47	0.47	0	0	0.41
102400	0.41	0.47	0.47	0	0	0.41
102500	0.41	0.47	0.47	0	0	0.41
102600	0.41	0.47	0.47	0	0	0.41
102700	0.41	0.47	0.47	0	0	0.41
102800	0.41	0.47	0.47	0	0	0.41
102900	0.41	0.47	0.47	0	0	0.41
103000	0.41	0.47	0.47	0	0	0.41
103100	0.41	0.47	0.47	0	0	0.41
103200	0.4	0.47	0.47	0	0	0.4
103300	0.4	0.47	0.47	0	0	0.4
103400	0.4	0.47	0.47	0	0	0.4
103500	0.4	0.47	0.47	0	0	0.4
103600	0.4	0.47	0.47	0	0	0.4
103700	0.4	0.47	0.47	0	0	0.4
103800	0.4	0.47	0.47	0	0	0.4
103900	0.4	0.47	0.47	0	0	0.4
104000	0.4	0.47	0.47	0	0	0.4
104100	0.4	0.47	0.47	0	0	0.4
104200	0.41	0.47	0.47	0	0	0.41
104300	0.42	0.47	0.47	0	0	0.42
104400	0.42	0.47	0.47	0	0	0.42
104500	0.42	0.48	0.48	0	0	0.42
104600	0.42	0.48	0.48	0	0	0.42
104700	0.42	0.48	0.48	0	0	0.42
104800	0.42	0.48	0.48	0	0	0.42
104900	0.42	0.48	0.48	0	0	0.42
105000	0.43	0.48	0.48	0	0	0.43
105100	0.42	0.48	0.48	0	0	0.42
105200	0.42	0.48	0.48	0	0	0.42
105300	0.43	0.48	0.48	0	0	0.43
105400	0.42	0.46	0.46	0	0	0.42
105500	0.42	0.46	0.46	0	0	0.42
105600	0.42	0.46	0.46	0	0	0.42
105700	0.42	0.46	0.46	0	0	0.42
105800	0.42	0.46	0.46	0	0	0.42
105900	0.42	0.47	0.47	0	0	0.42
106000	0.42	0.47	0.47	0	0	0.42
106100	0.42	0.47	0.47	0	0	0.42
106200	0.42	0.47	0.47	0	0	0.42
106300	0.42	0.47	0.47	0	0	0.42
106400	0.42	0.48	0.48	0	0	0.42
106500	0.42	0.48	0.48	0	0	0.42
106600	0.42	0.48	0.48	0	0	0.42
106700	0.41	0.48	0.48	0	0	0.41
106800	0.41	0.48	0.48	0	0	0.41
106900	0.41	0.48	0.48	0	0	0.41
107000	0.41	0.48	0.48	0	0	0.41
107100	0.41	0.48	0.48	0	0	0.41
107200	0.41	0.49	0.49	0	0	0.41
107300	0.41	0.49	0.49	0	0	0.41
107400	0.41	0.5	0.5	0	0	0.41
107500	0.41	0.49	0.49	0	0	0.41
107600	0.41	0.49	0.49	0	0	0.41
107700	0.41	0.49	0.49	0	0	0.41
107800	0.41	0.49	0.49	0	0	0.41
107900	0.41	0.49	0.49	0	0	0.41
108000	0.41	0.49	0.49	0	0	0.41
108100	0.42	0.5	0.5	0	0	0.42
108200	0.41	0.5	0.5	0	0	0.41
108300	0.41	0.5	0.5	0	0	0.41
108400	0.41	0.49	0.49	0	0	0.41
108500	0.41	0.49	0.49	0	0	0.41
108600	0.41	0.49	0.49	0	0	0.41
108700	0.41	0.49	0.49	0	0	0.41
108800	0.41	0.49	0.49	0	0	0.41
108900	0.41	0.49	0.49	0	0	0.41
109000	0.41	0.49	0.49	0	0	0.41
109100	0.41	0.49	0.49	0	0	0.41
109200	0.41	0.49	0.49	0	0	0.41
109300	0.41	0.49	0.49	0	0	0.41
109400	0.41	0.49	0.49	0	0	0.41
109500	0.41	0.49	0.49	0	0	0.41
109600	0.41	0.5	0.5	0	0	0.41
109700	0.41	0.5	0.5	0	0	0.41
109800	0.41	0.49	0.49	0	0	0.41
109900	0.41	0.49	0.49	0	0	0.41
110000	0.41	0.49	0.49	0	0	0.41
110100	0.41	0.5	0.5	0	0	0.41
110200	0.41	0.49	0.49	0	0	0.41
110300	0.41	0.49	0.49	0	0	0.41
110400	0.41	0.49	0.49	0	0	0.41
110500	0.41	0.5	0.5	0	0	0.41
110600	0.41	0.5	0.5	0	0	0.41
110700	0.41	0.49	0.49	0	0	0.41
110800	0.41	0.49	0.49	0	0	0.41
110900	0.41	0.49	0.49	0	0	0.41
111000	0.41	0.5	0.5	0	0	0.41
111100	0.41	0.5	0.5	0	0	0.41
111200	0.42	0.5	0.5	0	0	0.42
111300	0.41	0.49	0.49	0	0	0.41
111400	0.41	0.49	0.49	0	0	0.41
111500	0.41	0.49	0.49	0	0	0.41
111600	0.41	0.49	0.49	0	0	0.41
111700	0.41	0.49	0.49	0	0	0.41
111800	0.41	0.49	0.49	0	0	0.41
111900	0.41	0.49	0.49	0	0	0.41
112000	0.41	0.49	0.49	0	0	0.41
112100	0.42	0.49	0.49	0	0	0.42
112200	0.41	0.49	0.49	0	0	0.41
112300	0.41	0.49	0.49	0	0	0.41
112400	0.41	0.49	0.49	0	0	0.41
112500	0.41	0.49	0.49	0	0	0.41
112600	0.41	0.49	0.49	0	0	0.41
112700	0.41	0.49	0.49	0	0	0.41
112800	0.41	0.49	0.49	0	0	0.41
112900	0.41	0.49	0.49	0	0	0.41
113000	0.41	0.49	0.49	0	0	0.41
113100	0.41	0.49	0.49	0	0	0.41
113200	0.41	0.49	0.49	0	0	0.41
113300	0.41	0.49	0.49	0	0	0.41
113400	0.41	0.49	0.49	0	0	0.41
113500	0.41	0.49	0.49	0	0	0.41
113600	0.41	0.49	0.49	0	0	0.41
113700	0.41	0.49	0.49	0	0	0.41
113800	0.41	0.49	0.49	0	0	0.41
113900	0.41	0.49	0.49	0	0	0.41
114000	0.41	0.49	0.49	0	0	0.41
114100	0.41	0.49	0.49	0	0	0.41
114200	0.41	0.49	0.49	0	0	0.41
114300	0.41	0.49	0.49	0	0	0.41
114400	0.41	0.49	0.49	0	0	0.41
114500	0.41	0.49	0.49	0	0	0.41
114600	0.41	0.49	0.49	0	0	0.41
114700	0.41	0.49	0.49	0	0	0.41
114800	0.41	0.49	0.49	0	0	0.41
114900	0.41	0.49	0.49	0	0	0.41
115000	0.41	0.49	0.49	0	0	0.41
115100	0.41	0.51	0.51	0	0	0.41
115200	0.41	0.5	0.5	0	0	0.41
115300	0.41	0.49	0.49	0	0	0.41
115400	0.41	0.49	0.49	0	0	0.41
115500	0.41	0.49	0.49	0	0	0.41
115600	0.41	0.48	0.48	0	0	0.41
115700	0.4	0.48	0.48	0	0	0.4
115800	0.4	0.48	0.48	0	0	0.4
115900	0.4	0.48	0.48	0	0	0.4
116000	0.39	0.48	0.48	0	0	0.39
116100	0.39	0.48	0.48	0	0	0.39
116200	0.4	0.48	0.48	0	0	0.4
116300	0.41	0.48	0.48	0	0	0.41
116400	0.4	0.48	0.48	0	0	0.4
116500	0.4	0.48	0.48	0	0	0.4
116600	0.41	0.48	0.48	0	0	0.41
116700	0.41	0.48	0.48	0	0	0.41
116800	0.41	0.48	0.48	0	0	0.41
116900	0.41	0.48	0.48	0	0	0.41
117000	0.41	0.48	0.48	0	0	0.41
117100	0.41	0.48	0.48	0	0	0.41
117200	0.41	0.48	0.48	0	0	0.41
117300	0.42	0.48	0.48	0	0	0.42
117400	0.42	0.48	0.48	0	0	0.42
117500	0.42	0.48	0.48	0	0	0.42
117600	0.43	0.48	0.48	0	0	0.43
117700	0.42	0.48	0.48	0	0	0.42
117800	0.42	0.48	0.48	0	0	0.42
117900	0.42	0.48	0.48	0	0	0.42
118000	0.42	0.48	0.48	0	0	0.42
118100	0.42	0.48	0.48	0	0	0.42
118200	0.42	0.48	0.48	0	0	0.42
118300	0.42	0.48	0.48	0	0	0.42
118400	0.42	0.48	0.48	0	0	0.42
118500	0.42	0.48	0.48	0	0	0.42
118600	0.42	0.48	0.48	0	0	0.42
118700	0.42	0.48	0.48	0	0	0.42
118800	0.42	0.48	0.48	0	0	0.42
118900	0.42	0.48	0.48	0	0	0.42
119000	0.42	0.48	0.48	0	0	0.42
119100	0.42	0.48	0.48	0	0	0.42
119200	0.42	0.48	0.48	0	0	0.42
119300	0.42	0.48	0.48	0	0	0.42
119400	0.42	0.48	0.48	0	0	0.42
119500	0.42	0.48	0.48	0	0	0.42
119600	0.42	0.48	0.48	0	0	0.42
119700	0.42	0.48	0.48	0	0	0.42
119800	0.42	0.48	0.48	0	0	0.42
119900	0.42	0.48	0.48	0	0	0.42
120000	0.42	0.48	0.48	0	0	0.42
120100	0.42	0.48	0.48	0	0	0.42
120200	0.42	0.48	0.48	0	0	0.42
120300	0.41	0.48	0.48	0	0	0.41
120400	0.41	0.48	0.48	0	0	0.41
120500	0.41	0.48	0.48	0	0	0.41
120600	0.41	0.48	0.48	0	0	0.41
120700	0.41	0.49	0.49	0	0	0.41
120800	0.41	0.49	0.49	0	0	0.41
120900	0.41	0.49	0.49	0	0	0.41
121000	0.41	0.49	0.49	0	0	0.41
121100	0.41	0.49	0.49	0	0	0.41
121200	0.41	0.49	0.49	0	0	0.41
121300	0.41	0.49	0.49	0	0	0.41
121400	0.41	0.49	0.49	0	0	0.41
121500	0.41	0.5	0.5	0	0	0.41
121600	0.41	0.5	0.5	0	0	0.41
121700	0.41	0.5	0.5	0	0	0.41
121800	0.41	0.5	0.5	0	0	0.41
121900	0.41	0.49	0.49	0	0	0.41
122000	0.41	0.49	0.49	0	0	0.41
122100	0.41	0.49	0.49	0	0	0.41
122200	0.41	0.49	0.49	0	0	0.41
122300	0.41	0.49	0.49	0	0	0.41
122400	0.41	0.5	0.5	0	0	0.41
122500	0.42	0.49	0.49	0	0	0.42
122600	0.42	0.49	0.49	0	0	0.42
122700	0.42	0.49	0.49	0	0	0.42
122800	0.42	0.49	0.49	0	0	0.42
122900	0.42	0.49	0.49	0	0	0.42
123000	0.42	0.5	0.5	0	0	0.42
123100	0.42	0.5	0.5	0	0	0.42
123200	0.42	0.49	0.49	0	0	0.42
123300	0.42	0.49	0.49	0	0	0.42
123400	0.42	0.49	0.49	0	0	0.42
123500	0.42	0.49	0.49	0	0	0.42
123600	0.42	0.5	0.5	0	0	0.42
123700	0.42	0.5	0.5	0	0	0.42
123800	0.42	0.5	0.5	0	0	0.42
123900	0.42	0.5	0.5	0	0	0.42
124000	0.42	0.5	0.5	0	0	0.42
124100	0.42	0.51	0.51	0	0	0.42
124200	0.42	0.5	0.5	0	0	0.42
124300	0.42	0.5	0.5	0	0	0.42
124400	0.42	0.49	0.49	0	0	0.42
124500	0.42	0.49	0.49	0	0	0.42
124600	0.42	0.49	0.49	0	0	0.42
124700	0.42	0.49	0.49	0	0	0.42
124800	0.42	0.5	0.5	0	0	0.42
124900	0.42	0.5	0.5	0	0	0.42
125000	0.42	0.49	0.49	0	0	0.42
125100	0.42	0.49	0.49	0	0	0.42
125200	0.42	0.49	0.49	0	0	0.42
125300	0.42	0.49	0.49	0	0	0.42
125400	0.41	0.49	0.49	0	0	0.41
125500	0.41	0.49	0.49	0	0	0.41
125600	0.41	0.49	0.49	0	0	0.41
125700	0.41	0.49	0.49	0	0	0.41
125800	0.41	0.49	0.49	0	0	0.41
125900	0.41	0.49	0.49	0	0	0.41
126000	0.41	0.49	0.49	0	0	0.41
126100	0.41	0.49	0.49	0	0	0.41
126200	0.41	0.49	0.49	0	0	0.41
126300	0.41	0.49	0.49	0	0	0.41
126400	0.41	0.49	0.49	0	0	0.41
126500	0.41	0.49	0.49	0	0	0.41
126600	0.41	0.49	0.49	0	0	0.41
126700	0.41	0.49	0.49	0	0	0.41
126800	0.41	0.49	0.49	0	0	0.41
126900	0.41	0.49	0.49	0	0	0.41
127000	0.41	0.49	0.49	0	0	0.41
127100	0.41	0.49	0.49	0	0	0.41
127200	0.41	0.49	0.49	0	0	0.41
127300	0.41	0.49	0.49	0	0	0.41
127400	0.41	0.49	0.49	0	0	0.41
127500	0.41	0.49	0.49	0	0	0.41
127600	0.41	0.49	0.49	0	0	0.41
127700	0.41	0.49	0.49	0	0	0.41
127800	0.41	0.49	0.49	0	0	0.41
127900	0.41	0.49	0.49	0	0	0.41
128000	0.41	0.49	0.49	0	0	0.41
128100	0.41	0.49	0.49	0	0	0.41
128200	0.41	0.5	0.5	0	0	0.41
128300	0.42	0.5	0.5	0	0	0.42
128400	0.42	0.5	0.5	0	0	0.42
128500	0.42	0.5	0.5	0	0	0.42
128600	0.42	0.5	0.5	0	0	0.42
128700	0.43	0.5	0.5	0	0	0.43
128800	0.42	0.5	0.5	0	0	0.42
128900	0.42	0.5	0.5	0	0	0.42
129000	0.42	0.5	0.5	0	0	0.42
129100	0.42	0.5	0.5	0	0	0.42
129200	0.42	0.5	0.5	0	0	0.42
129300	0.42	0.5	0.5	0	0	0.42
129400	0.42	0.5	0.5	0	0	0.42
129500	0.42	0.5	0.5	0	0	0.42
129600	0.42	0.5	0.5	0	0	0.42
129700	0.42	0.5	0.5	0	0	0.42
129800	0.42	0.5	0.5	0	0	0.42
129900	0.42	0.5	0.5	0	0	0.42
130000	0.42	0.5	0.5	0	0	0.42
130100	0.42	0.5	0.5	0	0	0.42
130200	0.42	0.5	0.5	0	0	0.42
130300	0.42	0.5	0.5	0	0	0.42
130400	0.42	0.5	0.5	0	0	0.42
130500	0.42	0.5	0.5	0	0	0.42
130600	0.42	0.5	0.5	0	0	0.42
130700	0.42	0.5	0.5	0	0	0.42
130800	0.42	0.5	0.5	0	0	0.42
130900	0.42	0.5	0.5	0	0	0.42
131000	0.42	0.5	0.5	0	0	0.42
131100	0.42	0.5	0.5	0	0	0.42
131200	0.41	0.5	0.5	0	0	0.41
131300	0.41	0.51	0.51	0	0	0.41
131400	0.41	0.51	0.51	0	0	0.41
131500	0.41	0.51	0.51	0	0	0.41
131600	0.41	0.51	0.51	0	0	0.41
131700	0.41	0.5	0.5	0	0	0.41
131800	0.41	0.49	0.49	0	0	0.41
131900	0.41	0.49	0.49	0	0	0.41
132000	0.41	0.49	0.49	0	0	0.41
132100	0.41	0.49	0.49	0	0	0.41
132200	0.42	0.49	0.49	0	0	0.42
132300	0.41	0.49	0.49	0	0	0.41
132400	0.41	0.49	0.49	0	0	0.41
132500	0.41	0.49	0.49	0	0	0.41
132600	0.41	0.49	0.49	0	0	0.41
132700	0.41	0.49	0.49	0	0	0.41
132800	0.41	0.49	0.49	0	0	0.41
132900	0.41	0.49	0.49	0	0	0.41
133000	0.41	0.49	0.49	0	0	0.41
133100	0.41	0.49	0.49	0	0	0.41
133200	0.41	0.49	0.49	0	0	0.41
133300	0.41	0.49	0.49	0	0	0.41
133400	0.41	0.49	0.49	0	0	0.41
133500	0.41	0.49	0.49	0	0	0.41
133600	0.41	0.5	0.5	0	0	0.41
133700	0.41	0.5	0.5	0	0	0.41
133800	0.41	0.5	0.5	0	0	0.41
133900	0.42	0.5	0.5	0	0	0.42
134000	0.42	0.5	0.5	0	0	0.42
134100	0.42	0.5	0.5	0	0	0.42
134200	0.42	0.5	0.5	0	0	0.42
134300	0.42	0.5	0.5	0	0	0.42
134400	0.42	0.49	0.49	0	0	0.42
134500	0.42	0.49	0.49	0	0	0.42
134600	0.42	0.49	0.49	0	0	0.42
134700	0.42	0.49	0.49	0	0	0.42
134800	0.42	0.49	0.49	0	0	0.42
134900	0.42	0.49	0.49	0	0	0.42
135000	0.42	0.49	0.49	0	0	0.42
135100	0.42	0.49	0.49	0	0	0.42
135200	0.42	0.49	0.49	0	0	0.42
135300	0.42	0.49	0.49	0	0	0.42
135400	0.42	0.49	0.49	0	0	0.42
135500	0.42	0.49	0.49	0	0	0.42
135600	0.42	0.49	0.49	0	0	0.42
135700	0.42	0.49	0.49	0	0	0.42
135800	0.42	0.49	0.49	0	0	0.42
135900	0.42	0.49	0.49	0	0	0.42
136000	0.42	0.49	0.49	0	0	0.42
136100	0.42	0.49	0.49	0	0	0.42
136200	0.42	0.49	0.49	0	0	0.42
136300	0.41	0.49	0.49	0	0	0.41
136400	0.41	0.49	0.49	0	0	0.41
136500	0.41	0.49	0.49	0	0	0.41
136600	0.41	0.49	0.49	0	0	0.41
136700	0.41	0.49	0.49	0	0	0.41
136800	0.41	0.49	0.49	0	0	0.41
136900	0.43	0.49	0.49	0	0	0.43
137000	0.44	0.49	0.49	0	0	0.44
137100	0.43	0.49	0.49	0	0	0.43
137200	0.43	0.48	0.48	0	0	0.43
137300	0.43	0.49	0.49	0	0	0.43
137400	0.43	0.49	0.49	0	0	0.43
137500	0.43	0.49	0.49	0	0	0.43
137600	0.43	0.49	0.49	0	0	0.43
137700	0.43	0.49	0.49	0	0	0.43
137800	0.43	0.49	0.49	0	0	0.43
137900	0.43	0.49	0.49	0	0	0.43
138000	0.43	0.49	0.49	0	0	0.43
138100	0.43	0.49	0.49	0	0	0.43
138200	0.43	0.49	0.49	0	0	0.43
138300	0.43	0.49	0.49	0	0	0.43
138400	0.43	0.49	0.49	0	0	0.43
138500	0.43	0.49	0.49	0	0	0.43
138600	0.43	0.49	0.49	0	0	0.43
138700	0.43	0.49	0.49	0	0	0.43
138800	0.43	0.49	0.49	0	0	0.43
138900	0.43	0.49	0.49	0	0	0.43
139000	0.43	0.49	0.49	0	0	0.43
139100	0.43	0.49	0.49	0	0	0.43
139200	0.43	0.49	0.49	0	0	0.43
139300	0.43	0.49	0.49	0	0	0.43
139400	0.43	0.49	0.49	0	0	0.43
139500	0.43	0.49	0.49	0	0	0.43
139600	0.42	0.49	0.49	0	0	0.42
139700	0.41	0.49	0.49	0	0	0.41
139800	0.41	0.49	0.49	0	0	0.41
139900	0.41	0.49	0.49	0	0	0.41
140000	0.41	0.49	0.49	0	0	0.41
140100	0.41	0.49	0.49	0	0	0.41
140200	0.41	0.49	0.49	0	0	0.41
140300	0.41	0.49	0.49	0	0	0.41
140400	0.41	0.49	0.49	0	0	0.41
140500	0.41	0.49	0.49	0	0	0.41
140600	0.41	0.49	0.49	0	0	0.41
140700	0.41	0.49	0.49	0	0	0.41
140800	0.41	0.49	0.49	0	0	0.41
140900	0.41	0.49	0.49	0	0	0.41
141000	0.41	0.49	0.49	0	0	0.41
141100	0.41	0.49	0.49	0	0	0.41
141200	0.41	0.49	0.49	0	0	0.41
141300	0.41	0.49	0.49	0	0	0.41
141400	0.41	0.49	0.49	0	0	0.41
141500	0.41	0.49	0.49	0	0	0.41
141600	0.41	0.49	0.49	0	0	0.41
141700	0.41	0.49	0.49	0	0	0.41
141800	0.41	0.49	0.49	0	0	0.41
141900	0.41	0.49	0.49	0	0	0.41
142000	0.41	0.49	0.49	0	0	0.41
142100	0.41	0.48	0.48	0	0	0.41
142200	0.41	0.48	0.48	0	0	0.41
142300	0.41	0.48	0.48	0	0	0.41
142400	0.41	0.48	0.48	0	0	0.41
142500	0.41	0.48	0.48	0	0	0.41
142600	0.41	0.49	0.49	0	0	0.41
142700	0.41	0.49	0.49	0	0	0.41
142800	0.41	0.48	0.48	0	0	0.41
142900	0.41	0.48	0.48	0	0	0.41
143000	0.41	0.48	0.48	0	0	0.41
143100	0.41	0.48	0.48	0	0	0.41
143200	0.41	0.48	0.48	0	0	0.41
143300	0.41	0.48	0.48	0	0	0.41
143400	0.41	0.48	0.48	0	0	0.41
143500	0.41	0.48	0.48	0	0	0.41
143600	0.41	0.48	0.48	0	0	0.41
143700	0.41	0.48	0.48	0	0	0.41
143800	0.4	0.48	0.48	0	0	0.4
143900	0.4	0.47	0.47	0	0	0.4
144000	0.4	0.47	0.47	0	0	0.4
144100	0.4	0.47	0.47	0	0	0.4
144200	0.4	0.47	0.47	0	0	0.4
144300	0.4	0.47	0.47	0	0	0.4
144400	0.4	0.46	0.46	0	0	0.4
144500	0.41	0.47	0.47	0	0	0.41
144600	0.41	0.46	0.46	0	0	0.41
144700	0.41	0.46	0.46	0	0	0.41
144800	0.41	0.46	0.46	0	0	0.41
144900	0.41	0.46	0.46	0	0	0.41
145000	0.41	0.46	0.46	0	0	0.41
145100	0.41	0.46	0.46	0	0	0.41
145200	0.41	0.46	0.46	0	0	0.41
145300	0.41	0.46	0.46	0	0	0.41
145400	0.41	0.46	0.46	0	0	0.41
145500	0.41	0.46	0.46	0	0	0.41
145600	0.41	0.46	0.46	0	0	0.41
145700	0.41	0.46	0.46	0	0	0.41
145800	0.41	0.47	0.47	0	0	0.41
145900	0.41	0.48	0.48	0	0	0.41
146000	0.41	0.49	0.49	0	0	0.41
146100	0.41	0.49	0.49	0	0	0.41
146200	0.41	0.49	0.49	0	0	0.41
146300	0.41	0.49	0.49	0	0	0.41
146400	0.41	0.49	0.49	0	0	0.41
146500	0.41	0.49	0.49	0	0	0.41
146600	0.41	0.49	0.49	0	0	0.41
146700	0.41	0.49	0.49	0	0	0.41
146800	0.41	0.49	0.49	0	0	0.41
146900	0.41	0.49	0.49	0	0	0.41
147000	0.42	0.5	0.5	0	0	0.42
147100	0.41	0.5	0.5	0	0	0.41
147200	0.42	0.5	0.5	0	0	0.42
147300	0.41	0.5	0.5	0	0	0.41
147400	0.42	0.51	0.51	0	0	0.42
147500	0.41	0.5	0.5	0	0	0.41
147600	0.41	0.5	0.5	0	0	0.41
147700	0.41	0.5	0.5	0	0	0.41
147800	0.41	0.5	0.5	0	0	0.41
147900	0.41	0.5	0.5	0	0	0.41
148000	0.41	0.5	0.5	0	0	0.41
148100	0.41	0.5	0.5	0	0	0.41
148200	0.41	0.5	0.5	0	0	0.41
148300	0.41	0.49	0.49	0	0	0.41
148400	0.41	0.49	0.49	0	0	0.41
148500	0.41	0.49	0.49	0	0	0.41
148600	0.41	0.49	0.49	0	0	0.41
148700	0.41	0.49	0.49	0	0	0.41
148800	0.41	0.49	0.49	0	0	0.41
148900	0.41	0.5	0.5	0	0	0.41
149000	0.41	0.49	0.49	0	0	0.41
149100	0.41	0.48	0.48	0	0	0.41
149200	0.41	0.48	0.48	0	0	0.41
149300	0.41	0.48	0.48	0	0	0.41
149400	0.41	0.48	0.48	0	0	0.41
149500	0.41	0.48	0.48	0	0	0.41
149600	0.41	0.48	0.48	0	0	0.41
149700	0.41	0.48	0.48	0	0	0.41
149800	0.41	0.48	0.48	0	0	0.41
149900	0.41	0.48	0.48	0	0	0.41
150000	0.41	0.48	0.48	0	0	0.41
150100	0.41	0.48	0.48	0	0	0.41
150200	0.41	0.48	0.48	0	0	0.41
150300	0.41	0.48	0.48	0	0	0.41
150400	0.41	0.48	0.48	0	0	0.41
150500	0.41	0.48	0.48	0	0	0.41
150600	0.41	0.48	0.48	0	0	0.41
150700	0.41	0.48	0.48	0	0	0.41
150800	0.41	0.48	0.48	0	0	0.41
150900	0.41	0.48	0.48	0	0	0.41
151000	0.41	0.49	0.49	0	0	0.41
151100	0.42	0.49	0.49	0	0	0.42
151200	0.42	0.49	0.49	0	0	0.42
151300	0.42	0.49	0.49	0	0	0.42
151400	0.42	0.49	0.49	0	0	0.42
151500	0.42	0.49	0.49	0	0	0.42
151600	0.41	0.49	0.49	0	0	0.41
151700	0.42	0.49	0.49	0	0	0.42
151800	0.42	0.49	0.49	0	0	0.42
151900	0.42	0.49	0.49	0	0	0.42
152000	0.42	0.49	0.49	0	0	0.42
152100	0.41	0.49	0.49	0	0	0.41
152200	0.41	0.49	0.49	0	0	0.41
152300	0.41	0.49	0.49	0	0	0.41
152400	0.41	0.49	0.49	0	0	0.41
152500	0.42	0.49	0.49	0	0	0.42
152600	0.41	0.49	0.49	0	0	0.41
152700	0.41	0.49	0.49	0	0	0.41
152800	0.41	0.49	0.49	0	0	0.41
152900	0.4	0.49	0.49	0	0	0.4
153000	0.4	0.49	0.49	0	0	0.4
153100	0.4	0.49	0.49	0	0	0.4
153200	0.4	0.49	0.49	0	0	0.4
153300	0.4	0.49	0.49	0	0	0.4
153400	0.4	0.49	0.49	0	0	0.4
153500	0.4	0.49	0.49	0	0	0.4
153600	0.4	0.48	0.48	0	0	0.4
153700	0.41	0.49	0.49	0	0	0.41
153800	0.41	0.48	0.48	0	0	0.41
153900	0.41	0.48	0.48	0	0	0.41
154000	0.42	0.48	0.48	0	0	0.42
154100	0.41	0.48	0.48	0	0	0.41
154200	0.41	0.48	0.48	0	0	0.41
154300	0.41	0.48	0.48	0	0	0.41
154400	0.41	0.48	0.48	0	0	0.41
154500	0.41	0.48	0.48	0	0	0.41
154600	0.41	0.48	0.48	0	0	0.41
154700	0.41	0.48	0.48	0	0	0.41
154800	0.41	0.48	0.48	0	0	0.41
154900	0.42	0.48	0.48	0	0	0.42
155000	0.41	0.48	0.48	0	0	0.41
155100	0.41	0.48	0.48	0	0	0.41
155200	0.41	0.48	0.48	0	0	0.41
155300	0.41	0.49	0.49	0	0	0.41
155400	0.41	0.49	0.49	0	0	0.41
155500	0.41	0.48	0.48	0	0	0.41
155600	0.41	0.48	0.48	0	0	0.41
155700	0.42	0.48	0.48	0	0	0.42
155800	0.42	0.48	0.48	0	0	0.42
155900	0.42	0.48	0.48	0	0	0.42
156000	0.42	0.48	0.48	0	0	0.42
156100	0.42	0.48	0.48	0	0	0.42
156200	0.42	0.48	0.48	0	0	0.42
156300	0.42	0.48	0.48	0	0	0.42
156400	0.42	0.48	0.48	0	0	0.42
156500	0.42	0.48	0.48	0	0	0.42
156600	0.42	0.48	0.48	0	0	0.42
156700	0.42	0.48	0.48	0	0	0.42
156800	0.42	0.48	0.48	0	0	0.42
156900	0.42	0.48	0.48	0	0	0.42
157000	0.42	0.48	0.48	0	0	0.42
157100	0.42	0.48	0.48	0	0	0.42
157200	0.42	0.49	0.49	0	0	0.42
157300	0.42	0.49	0.49	0	0	0.42
157400	0.42	0.51	0.51	0	0	0.42
157500	0.42	0.51	0.51	0	0	0.42
157600	0.42	0.51	0.51	0	0	0.42
157700	0.42	0.51	0.51	0	0	0.42
157800	0.42	0.51	0.51	0	0	0.42
157900	0.42	0.51	0.51	0	0	0.42
158000	0.42	0.5	0.5	0	0	0.42
158100	0.42	0.5	0.5	0	0	0.42
158200	0.42	0.49	0.49	0	0	0.42
158300	0.42	0.49	0.49	0	0	0.42
158400	0.42	0.48	0.48	0	0	0.42
158500	0.42	0.48	0.48	0	0	0.42
158600	0.42	0.48	0.48	0	0	0.42
158700	0.42	0.48	0.48	0	0	0.42
158800	0.42	0.48	0.48	0	0	0.42
158900	0.42	0.47	0.47	0	0	0.42
159000	0.42	0.47	0.47	0	0	0.42
159100	0.42	0.47	0.47	0	0	0.42
159200	0.42	0.47	0.47	0	0	0.42
159300	0.42	0.48	0.48	0	0	0.42
159400	0.42	0.48	0.48	0	0	0.42
159500	0.42	0.47	0.47	0	0	0.42
159600	0.41	0.47	0.47	0	0	0.41
159700	0.41	0.47	0.47	0	0	0.41
159800	0.4	0.47	0.47	0	0	0.4
159900	0.4	0.47	0.47	0	0	0.4
160000	0.4	0.47	0.47	0	0	0.4
160100	0.4	0.47	0.47	0	0	0.4
160200	0.4	0.47	0.47	0	0	0.4
160300	0.4	0.47	0.47	0	0	0.4
160400	0.4	0.47	0.47	0	0	0.4
160500	0.4	0.47	0.47	0	0	0.4
160600	0.4	0.47	0.47	0	0	0.4
160700	0.4	0.47	0.47	0	0	0.4
160800	0.4	0.47	0.47	0	0	0.4
160900	0.4	0.47	0.47	0	0	0.4
161000	0.4	0.47	0.47	0	0	0.4
161100	0.4	0.46	0.46	0	0	0.4
161200	0.4	0.46	0.46	0	0	0.4
161300	0.4	0.46	0.46	0	0	0.4
161400	0.4	0.46	0.46	0	0	0.4
161500	0.41	0.46	0.46	0	0	0.41
161600	0.4	0.46	0.46	0	0	0.4
161700	0.4	0.46	0.46	0	0	0.4
161800	0.4	0.46	0.46	0	0	0.4
161900	0.4	0.46	0.46	0	0	0.4
162000	0.4	0.46	0.46	0	0	0.4
162100	0.4	0.46	0.46	0	0	0.4
162200	0.4	0.46	0.46	0	0	0.4
162300	0.4	0.46	0.46	0	0	0.4
162400	0.4	0.46	0.46	0	0	0.4
162500	0.41	0.46	0.46	0	0	0.41
162600	0.41	0.46	0.46	0	0	0.41
162700	0.4	0.46	0.46	0	0	0.4
162800	0.4	0.46	0.46	0	0	0.4
162900	0.4	0.46	0.46	0	0	0.4
163000	0.4	0.46	0.46	0	0	0.4
163100	0.4	0.46	0.46	0	0	0.4
163200	0.4	0.46	0.46	0	0	0.4
163300	0.4	0.46	0.46	0	0	0.4
163400	0.4	0.46	0.46	0	0	0.4
163500	0.4	0.46	0.46	0	0	0.4
163600	0.4	0.46	0.46	0	0	0.4
163700	0.4	0.46	0.46	0	0	0.4
163800	0.4	0.46	0.46	0	0	0.4
163900	0.4	0.46	0.46	0	0	0.4
164000	0.4	0.46	0.46	0	0	0.4
164100	0.4	0.46	0.46	0	0	0.4
164200	0.4	0.46	0.46	0	0	0.4
164300	0.4	0.46	0.46	0	0	0.4
164400	0.4	0.46	0.46	0	0	0.4
164500	0.4	0.46	0.46	0	0	0.4
164600	0.4	0.46	0.46	0	0	0.4
164700	0.4	0.46	0.46	0	0	0.4
164800	0.4	0.46	0.46	0	0	0.4
164900	0.4	0.46	0.46	0	0	0.4
165000	0.4	0.46	0.46	0	0	0.4
165100	0.4	0.46	0.46	0	0	0.4
165200	0.4	0.46	0.46	0	0	0.4
165300	0.4	0.46	0.46	0	0	0.4
165400	0.4	0.46	0.46	0	0	0.4
165500	0.4	0.46	0.46	0	0	0.4
165600	0.4	0.46	0.46	0	0	0.4
165700	0.4	0.46	0.46	0	0	0.4
165800	0.4	0.47	0.47	0	0	0.4
165900	0.4	0.47	0.47	0	0	0.4
166000	0.4	0.47	0.47	0	0	0.4
166100	0.4	0.47	0.47	0	0	0.4
166200	0.4	0.47	0.47	0	0	0.4
166300	0.4	0.47	0.47	0	0	0.4
166400	0.4	0.47	0.47	0	0	0.4
166500	0.4	0.47	0.47	0	0	0.4
166600	0.4	0.48	0.48	0	0	0.4
166700	0.4	0.48	0.48	0	0	0.4
166800	0.4	0.48	0.48	0	0	0.4
166900	0.4	0.48	0.48	0	0	0.4
167000	0.4	0.48	0.48	0	0	0.4
167100	0.4	0.47	0.47	0	0	0.4
167200	0.41	0.47	0.47	0	0	0.41
167300	0.4	0.47	0.47	0	0	0.4
167400	0.4	0.47	0.47	0	0	0.4
167500	0.4	0.47	0.47	0	0	0.4
167600	0.4	0.48	0.48	0	0	0.4
167700	0.4	0.49	0.49	0	0	0.4
167800	0.4	0.49	0.49	0	0	0.4
167900	0.4	0.49	0.49	0	0	0.4
168000	0.4	0.49	0.49	0	0	0.4
168100	0.4	0.49	0.49	0	0	0.4
168200	0.4	0.49	0.49	0	0	0.4
168300	0.4	0.49	0.49	0	0	0.4
168400	0.4	0.49	0.49	0	0	0.4
168500	0.4	0.49	0.49	0	0	0.4
168600	0.4	0.49	0.49	0	0	0.4
168700	0.4	0.49	0.49	0	0	0.4
168800	0.4	0.49	0.49	0	0	0.4
168900	0.4	0.49	0.49	0	0	0.4
169000	0.4	0.49	0.49	0	0	0.4
169100	0.4	0.5	0.5	0	0	0.4
169200	0.4	0.49	0.49	0	0	0.4
169300	0.4	0.49	0.49	0	0	0.4
169400	0.41	0.49	0.49	0	0	0.41
169500	0.41	0.49	0.49	0	0	0.41
169600	0.41	0.49	0.49	0	0	0.41
169700	0.41	0.49	0.49	0	0	0.41
169800	0.41	0.5	0.5	0	0	0.41
169900	0.41	0.5	0.5	0	0	0.41
170000	0.41	0.5	0.5	0	0	0.41
170100	0.41	0.5	0.5	0	0	0.41
170200	0.41	0.5	0.5	0	0	0.41
170300	0.42	0.5	0.5	0	0	0.42
170400	0.41	0.5	0.5	0	0	0.41
170500	0.41	0.5	0.5	0	0	0.41
170600	0.4	0.5	0.5	0	0	0.4
170700	0.4	0.5	0.5	0	0	0.4
170800	0.4	0.5	0.5	0	0	0.4
170900	0.4	0.5	0.5	0	0	0.4
171000	0.4	0.5	0.5	0	0	0.4
171100	0.4	0.5	0.5	0	0	0.4
171200	0.4	0.5	0.5	0	0	0.4
171300	0.4	0.5	0.5	0	0	0.4
171400	0.4	0.5	0.5	0	0	0.4
171500	0.4	0.5	0.5	0	0	0.4
171600	0.41	0.5	0.5	0	0	0.41
171700	0.4	0.5	0.5	0	0	0.4
171800	0.4	0.5	0.5	0	0	0.4
171900	0.4	0.5	0.5	0	0	0.4
172000	0.4	0.5	0.5	0	0	0.4
172100	0.4	0.5	0.5	0	0	0.4
172200	0.4	0.5	0.5	0	0	0.4
172300	0.4	0.49	0.49	0	0	0.4
172400	0.4	0.49	0.49	0	0	0.4
172500	0.4	0.49	0.49	0	0	0.4
172600	0.4	0.49	0.49	0	0	0.4
172700	0.4	0.49	0.49	0	0	0.4
172800	0.4	0.49	0.49	0	0	0.4
172900	0.41	0.49	0.49	0	0	0.41
173000	0.41	0.49	0.49	0	0	0.41
173100	0.41	0.5	0.5	0	0	0.41
173200	0.41	0.5	0.5	0	0	0.41
173300	0.41	0.5	0.5	0	0	0.41
173400	0.41	0.5	0.5	0	0	0.41
173500	0.4	0.49	0.49	0	0	0.4
173600	0.4	0.49	0.49	0	0	0.4
173700	0.4	0.49	0.49	0	0	0.4
173800	0.4	0.49	0.49	0	0	0.4
173900	0.4	0.48	0.48	0	0	0.4
174000	0.4	0.48	0.48	0	0	0.4
174100	0.4	0.47	0.47	0	0	0.4
174200	0.4	0.47	0.47	0	0	0.4
174300	0.4	0.47	0.47	0	0	0.4
174400	0.4	0.47	0.47	0	0	0.4
174500	0.4	0.47	0.47	0	0	0.4
174600	0.4	0.47	0.47	0	0	0.4
174700	0.4	0.47	0.47	0	0	0.4
174800	0.41	0.47	0.47	0	0	0.41
174900	0.4	0.47	0.47	0	0	0.4
175000	0.4	0.47	0.47	0	0	0.4
175100	0.4	0.48	0.48	0	0	0.4
175200	0.4	0.49	0.49	0	0	0.4
175300	0.41	0.49	0.49	0	0	0.41
175400	0.4	0.49	0.49	0	0	0.4
175500	0.4	0.49	0.49	0	0	0.4
175600	0.41	0.49	0.49	0	0	0.41
175700	0.4	0.49	0.49	0	0	0.4
175800	0.4	0.49	0.49	0	0	0.4
175900	0.4	0.49	0.49	0	0	0.4
176000	0.4	0.49	0.49	0	0	0.4
176100	0.4	0.48	0.48	0	0	0.4
176200	0.4	0.48	0.48	0	0	0.4
176300	0.41	0.48	0.48	0	0	0.41
176400	0.4	0.48	0.48	0	0	0.4
176500	0.4	0.48	0.48	0	0	0.4
176600	0.4	0.47	0.47	0	0	0.4
176700	0.4	0.47	0.47	0	0	0.4
176800	0.4	0.47	0.47	0	0	0.4
176900	0.4	0.47	0.47	0	0	0.4
177000	0.4	0.47	0.47	0	0	0.4
177100	0.4	0.47	0.47	0	0	0.4
177200	0.4	0.47	0.47	0	0	0.4
177300	0.4	0.47	0.47	0	0	0.4
177400	0.4	0.47	0.47	0	0	0.4
177500	0.41	0.48	0.48	0	0	0.41
177600	0.41	0.48	0.48	0	0	0.41
177700	0.41	0.48	0.48	0	0	0.41
177800	0.41	0.48	0.48	0	0	0.41
177900	0.41	0.48	0.48	0	0	0.41
178000	0.41	0.47	0.47	0	0	0.41
178100	0.41	0.48	0.48	0	0	0.41
178200	0.41	0.48	0.48	0	0	0.41
178300	0.41	0.48	0.48	0	0	0.41
178400	0.42	0.48	0.48	0	0	0.42
178500	0.42	0.48	0.48	0	0	0.42
178600	0.42	0.48	0.48	0	0	0.42
178700	0.42	0.48	0.48	0	0	0.42
178800	0.42	0.48	0.48	0	0	0.42
178900	0.42	0.48	0.48	0	0	0.42
179000	0.42	0.48	0.48	0	0	0.42
179100	0.42	0.48	0.48	0	0	0.42
179200	0.42	0.48	0.48	0	0	0.42
179300	0.42	0.48	0.48	0	0	0.42
179400	0.42	0.48	0.48	0	0	0.42
179500	0.42	0.48	0.48	0	0	0.42
179600	0.43	0.48	0.48	0	0	0.43
179700	0.4	0.48	0.48	0	0	0.4
179800	0.39	0.48	0.48	0	0	0.39
179900	0.39	0.48	0.48	0	0	0.39
180000	0.39	0.49	0.49	0	0	0.39
180100	0.39	0.49	0.49	0	0	0.39
180200	0.39	0.49	0.49	0	0	0.39
180300	0.39	0.49	0.49	0	0	0.39
180400	0.39	0.48	0.48	0	0	0.39
180500	0.39	0.48	0.48	0	0	0.39
180600	0.4	0.48	0.48	0	0	0.4
180700	0.4	0.48	0.48	0	0	0.4
180800	0.4	0.48	0.48	0	0	0.4
180900	0.4	0.48	0.48	0	0	0.4
181000	0.4	0.48	0.48	0	0	0.4
181100	0.4	0.48	0.48	0	0	0.4
181200	0.4	0.48	0.48	0	0	0.4
181300	0.4	0.48	0.48	0	0	0.4
181400	0.4	0.48	0.48	0	0	0.4
181500	0.4	0.48	0.48	0	0	0.4
181600	0.4	0.48	0.48	0	0	0.4
181700	0.4	0.48	0.48	0	0	0.4
181800	0.4	0.48	0.48	0	0	0.4
181900	0.4	0.48	0.48	0	0	0.4
182000	0.4	0.48	0.48	0	0	0.4
182100	0.4	0.48	0.48	0	0	0.4
182200	0.4	0.48	0.48	0	0	0.4
182300	0.4	0.48	0.48	0	0	0.4
182400	0.4	0.49	0.49	0	0	0.4
182500	0.4	0.49	0.49	0	0	0.4
182600	0.4	0.5	0.5	0	0	0.4
182700	0.4	0.49	0.49	0	0	0.4
182800	0.4	0.49	0.49	0	0	0.4
182900	0.4	0.49	0.49	0	0	0.4
183000	0.4	0.49	0.49	0	0	0.4
183100	0.4	0.49	0.49	0	0	0.4
183200	0.4	0.49	0.49	0	0	0.4
183300	0.4	0.49	0.49	0	0	0.4
183400	0.4	0.49	0.49	0	0	0.4
183500	0.4	0.49	0.49	0	0	0.4
183600	0.4	0.49	0.49	0	0	0.4
183700	0.4	0.49	0.49	0	0	0.4
183800	0.4	0.49	0.49	0	0	0.4
183900	0.4	0.49	0.49	0	0	0.4
184000	0.4	0.49	0.49	0	0	0.4
184100	0.4	0.49	0.49	0	0	0.4
184200	0.4	0.49	0.49	0	0	0.4
184300	0.4	0.49	0.49	0	0	0.4
184400	0.4	0.49	0.49	0	0	0.4
184500	0.4	0.49	0.49	0	0	0.4
184600	0.41	0.49	0.49	0	0	0.41
184700	0.41	0.49	0.49	0	0	0.41
184800	0.41	0.49	0.49	0	0	0.41
184900	0.41	0.49	0.49	0	0	0.41
185000	0.41	0.49	0.49	0	0	0.41
185100	0.41	0.49	0.49	0	0	0.41
185200	0.41	0.49	0.49	0	0	0.41
185300	0.41	0.49	0.49	0	0	0.41
185400	0.41	0.49	0.49	0	0	0.41
185500	0.41	0.49	0.49	0	0	0.41
185600	0.41	0.49	0.49	0	0	0.41
185700	0.42	0.49	0.49	0	0	0.42
185800	0.42	0.5	0.5	0	0	0.42
185900	0.42	0.49	0.49	0	0	0.42
186000	0.42	0.49	0.49	0	0	0.42
186100	0.42	0.49	0.49	0	0	0.42
186200	0.42	0.48	0.48	0	0	0.42
186300	0.41	0.48	0.48	0	0	0.41
186400	0.41	0.48	0.48	0	0	0.41
186500	0.41	0.48	0.48	0	0	0.41
186600	0.41	0.48	0.48	0	0	0.41
186700	0.41	0.48	0.48	0	0	0.41
186800	0.41	0.47	0.47	0	0	0.41
186900	0.41	0.47	0.47	0	0	0.41
187000	0.41	0.47	0.47	0	0	0.41
187100	0.41	0.48	0.48	0	0	0.41
187200	0.41	0.48	0.48	0	0	0.41
187300	0.42	0.48	0.48	0	0	0.42
187400	0.41	0.48	0.48	0	0	0.41
187500	0.41	0.48	0.48	0	0	0.41
187600	0.41	0.48	0.48	0	0	0.41
187700	0.41	0.48	0.48	0	0	0.41
187800	0.41	0.48	0.48	0	0	0.41
187900	0.41	0.48	0.48	0	0	0.41
188000	0.41	0.49	0.49	0	0	0.41
188100	0.41	0.49	0.49	0	0	0.41
188200	0.41	0.49	0.49	0	0	0.41
188300	0.41	0.49	0.49	0	0	0.41
188400	0.41	0.49	0.49	0	0	0.41
188500	0.41	0.49	0.49	0	0	0.41
188600	0.41	0.5	0.5	0	0	0.41
188700	0.41	0.5	0.5	0	0	0.41
188800	0.41	0.5	0.5	0	0	0.41
188900	0.41	0.5	0.5	0	0	0.41
189000	0.41	0.5	0.5	0	0	0.41
189100	0.41	0.5	0.5	0	0	0.41
189200	0.41	0.5	0.5	0	0	0.41
189300	0.41	0.5	0.5	0	0	0.41
189400	0.41	0.5	0.5	0	0	0.41
189500	0.41	0.5	0.5	0	0	0.41
189600	0.41	0.5	0.5	0	0	0.41
189700	0.41	0.5	0.5	0	0	0.41
189800	0.41	0.5	0.5	0	0	0.41
189900	0.41	0.5	0.5	0	0	0.41
190000	0.41	0.5	0.5	0	0	0.41
190100	0.41	0.5	0.5	0	0	0.41
190200	0.41	0.5	0.5	0	0	0.41
190300	0.41	0.5	0.5	0	0	0.41
190400	0.41	0.49	0.49	0	0	0.41
190500	0.41	0.49	0.49	0	0	0.41
190600	0.41	0.49	0.49	0	0	0.41
190700	0.41	0.49	0.49	0	0	0.41
190800	0.41	0.49	0.49	0	0	0.41
190900	0.41	0.49	0.49	0	0	0.41
191000	0.41	0.49	0.49	0	0	0.41
191100	0.41	0.49	0.49	0	0	0.41
191200	0.41	0.49	0.49	0	0	0.41
191300	0.41	0.49	0.49	0	0	0.41
191400	0.41	0.49	0.49	0	0	0.41
191500	0.41	0.49	0.49	0	0	0.41
191600	0.41	0.49	0.49	0	0	0.41
191700	0.41	0.49	0.49	0	0	0.41
191800	0.41	0.49	0.49	0	0	0.41
191900	0.41	0.49	0.49	0	0	0.41
192000	0.41	0.49	0.49	0	0	0.41
192100	0.41	0.49	0.49	0	0	0.41
192200	0.41	0.49	0.49	0	0	0.41
192300	0.41	0.49	0.49	0	0	0.41
192400	0.41	0.49	0.49	0	0	0.41
192500	0.41	0.49	0.49	0	0	0.41
192600	0.41	0.49	0.49	0	0	0.41
192700	0.41	0.49	0.49	0	0	0.41
192800	0.41	0.49	0.49	0	0	0.41
192900	0.41	0.49	0.49	0	0	0.41
193000	0.41	0.49	0.49	0	0	0.41
193100	0.41	0.49	0.49	0	0	0.41
193200	0.41	0.49	0.49	0	0	0.41
193300	0.41	0.49	0.49	0	0	0.41
193400	0.41	0.49	0.49	0	0	0.41
193500	0.41	0.49	0.49	0	0	0.41
193600	0.41	0.49	0.49	0	0	0.41
193700	0.41	0.5	0.5	0	0	0.41
193800	0.41	0.49	0.49	0	0	0.41
193900	0.41	0.48	0.48	0	0	0.41
194000	0.41	0.48	0.48	0	0	0.41
194100	0.41	0.48	0.48	0	0	0.41
194200	0.41	0.48	0.48	0	0	0.41
194300	0.41	0.48	0.48	0	0	0.41
194400	0.41	0.48	0.48	0	0	0.41
194500	0.41	0.48	0.48	0	0	0.41
194600	0.41	0.48	0.48	0	0	0.41
194700	0.41	0.48	0.48	0	0	0.41
194800	0.41	0.48	0.48	0	0	0.41
194900	0.41	0.47	0.47	0	0	0.41
195000	0.41	0.47	0.47	0	0	0.41
195100	0.41	0.47	0.47	0	0	0.41
195200	0.41	0.47	0.47	0	0	0.41
195300	0.41	0.47	0.47	0	0	0.41
195400	0.41	0.47	0.47	0	0	0.41
195500	0.41	0.47	0.47	0	0	0.41
195600	0.41	0.47	0.47	0	0	0.41
195700	0.41	0.48	0.48	0	0	0.41
195800	0.41	0.48	0.48	0	0	0.41
195900	0.41	0.47	0.47	0	0	0.41
196000	0.41	0.47	0.47	0	0	0.41
196100	0.41	0.46	0.46	0	0	0.41
196200	0.41	0.47	0.47	0	0	0.41
196300	0.41	0.47	0.47	0	0	0.41
196400	0.41	0.47	0.47	0	0	0.41
196500	0.41	0.47	0.47	0	0	0.41
196600	0.41	0.47	0.47	0	0	0.41
196700	0.41	0.47	0.47	0	0	0.41
196800	0.41	0.47	0.47	0	0	0.41
196900	0.41	0.47	0.47	0	0	0.41
197000	0.41	0.47	0.47	0	0	0.41
197100	0.41	0.47	0.47	0	0	0.41
197200	0.41	0.47	0.47	0	0	0.41
197300	0.41	0.47	0.47	0	0	0.41
197400	0.41	0.47	0.47	0	0	0.41
197500	0.41	0.47	0.47	0	0	0.41
197600	0.41	0.47	0.47	0	0	0.41
197700	0.41	0.47	0.47	0	0	0.41
197800	0.41	0.47	0.47	0	0	0.41
197900	0.41	0.47	0.47	0	0	0.41
198000	0.41	0.47	0.47	0	0	0.41
198100	0.41	0.47	0.47	0	0	0.41
198200	0.41	0.47	0.47	0	0	0.41
198300	0.41	0.47	0.47	0	0	0.41
198400	0.41	0.47	0.47	0	0	0.41
198500	0.41	0.47	0.47	0	0	0.41
198600	0.41	0.48	0.48	0	0	0.41
198700	0.41	0.48	0.48	0	0	0.41
198800	0.41	0.48	0.48	0	0	0.41
198900	0.41	0.48	0.48	0	0	0.41
199000	0.41	0.48	0.48	0	0	0.41
199100	0.41	0.48	0.48	0	0	0.41
199200	0.41	0.48	0.48	0	0	0.41
199300	0.41	0.48	0.48	0	0	0.41
199400	0.41	0.48	0.48	0	0	0.41
199500	0.41	0.48	0.48	0	0	0.41
199600	0.41	0.48	0.48	0	0	0.41
199700	0.41	0.48	0.48	0	0	0.41
199800	0.41	0.48	0.48	0	0	0.41
199900	0.41	0.48	0.48	0	0	0.41
200000	0.41	0.49	0.49	0	0	0.41
200100	0.41	0.49	0.49	0	0	0.41
200200	0.41	0.49	0.49	0	0	0.41
200300	0.41	0.48	0.48	0	0	0.41
200400	0.41	0.48	0.48	0	0	0.41
200500	0.41	0.46	0.46	0	0	0.41
200600	0.41	0.46	0.46	0	0	0.41
200700	0.41	0.46	0.46	0	0	0.41
200800	0.41	0.46	0.46	0	0	0.41
200900	0.41	0.46	0.46	0	0	0.41
201000	0.41	0.46	0.46	0	0	0.41
201100	0.41	0.46	0.46	0	0	0.41
201200	0.41	0.46	0.46	0	0	0.41
201300	0.41	0.46	0.46	0	0	0.41
201400	0.41	0.46	0.46	0	0	0.41
201500	0.41	0.46	0.46	0	0	0.41
201600	0.41	0.46	0.46	0	0	0.41
201700	0.41	0.46	0.46	0	0	0.41
201800	0.41	0.46	0.46	0	0	0.41
201900	0.41	0.46	0.46	0	0	0.41
202000	0.41	0.46	0.46	0	0	0.41
202100	0.42	0.46	0.46	0	0	0.42
202200	0.41	0.46	0.46	0	0	0.41
202300	0.41	0.46	0.46	0	0	0.41
202400	0.41	0.46	0.46	0	0	0.41
202500	0.41	0.47	0.47	0	0	0.41
202600	0.41	0.47	0.47	0	0	0.41
202700	0.41	0.47	0.47	0	0	0.41
202800	0.41	0.47	0.47	0	0	0.41
202900	0.41	0.48	0.48	0	0	0.41
203000	0.41	0.48	0.48	0	0	0.41
203100	0.41	0.48	0.48	0	0	0.41
203200	0.41	0.47	0.47	0	0	0.41
203300	0.41	0.47	0.47	0	0	0.41
203400	0.41	0.47	0.47	0	0	0.41
203500	0.41	0.47	0.47	0	0	0.41
203600	0.41	0.47	0.47	0	0	0.41
203700	0.41	0.47	0.47	0	0	0.41
203800	0.41	0.47	0.47	0	0	0.41
203900	0.41	0.47	0.47	0	0	0.41
204000	0.41	0.48	0.48	0	0	0.41
204100	0.41	0.48	0.48	0	0	0.41
204200	0.41	0.47	0.47	0	0	0.41
204300	0.41	0.47	0.47	0	0	0.41
204400	0.41	0.47	0.47	0	0	0.41
204500	0.41	0.47	0.47	0	0	0.41
204600	0.42	0.47	0.47	0	0	0.42
204700	0.42	0.47	0.47	0	0	0.42
204800	0.42	0.47	0.47	0	0	0.42
204900	0.42	0.48	0.48	0	0	0.42
205000	0.42	0.48	0.48	0	0	0.42
205100	0.42	0.48	0.48	0	0	0.42
205200	0.42	0.48	0.48	0	0	0.42
205300	0.42	0.48	0.48	0	0	0.42
205400	0.42	0.48	0.48	0	0	0.42
205500	0.42	0.48	0.48	0	0	0.42
205600	0.42	0.48	0.48	0	0	0.42
205700	0.42	0.48	0.48	0	0	0.42
205800	0.42	0.48	0.48	0	0	0.42
205900	0.42	0.48	0.48	0	0	0.42
206000	0.42	0.48	0.48	0	0	0.42
206100	0.42	0.48	0.48	0	0	0.42
206200	0.42	0.48	0.48	0	0	0.42
206300	0.42	0.48	0.48	0	0	0.42
206400	0.42	0.48	0.48	0	0	0.42
206500	0.42	0.48	0.48	0	0	0.42
206600	0.42	0.48	0.48	0	0	0.42
206700	0.42	0.48	0.48	0	0	0.42
206800	0.42	0.48	0.48	0	0	0.42
206900	0.42	0.48	0.48	0	0	0.42
207000	0.42	0.48	0.48	0	0	0.42
207100	0.42	0.48	0.48	0	0	0.42
207200	0.42	0.48	0.48	0	0	0.42
207300	0.42	0.48	0.48	0	0	0.42
207400	0.42	0.48	0.48	0	0	0.42
207500	0.42	0.48	0.48	0	0	0.42
207600	0.42	0.48	0.48	0	0	0.42
207700	0.42	0.48	0.48	0	0	0.42
207800	0.42	0.48	0.48	0	0	0.42
207900	0.42	0.48	0.48	0	0	0.42
208000	0.42	0.48	0.48	0	0	0.42
208100	0.42	0.48	0.48	0	0	0.42
208200	0.43	0.48	0.48	0	0	0.43
208300	0.43	0.48	0.48	0	0	0.43
208400	0.43	0.48	0.48	0	0	0.43
208500	0.43	0.48	0.48	0	0	0.43
208600	0.43	0.48	0.48	0	0	0.43
208700	0.43	0.48	0.48	0	0	0.43
208800	0.43	0.49	0.49	0	0	0.43
208900	0.43	0.49	0.49	0	0	0.43
209000	0.43	0.48	0.48	0	0	0.43
209100	0.43	0.48	0.48	0	0	0.43
209200	0.43	0.48	0.48	0	0	0.43
209300	0.43	0.48	0.48	0	0	0.43
209400	0.43	0.48	0.48	0	0	0.43
209500	0.43	0.48	0.48	0	0	0.43
209600	0.43	0.48	0.48	0	0	0.43
209700	0.43	0.48	0.48	0	0	0.43
209800	0.43	0.48	0.48	0	0	0.43
209900	0.43	0.48	0.48	0	0	0.43
210000	0.43	0.48	0.48	0	0	0.43
210100	0.44	0.48	0.48	0	0	0.44
210200	0.43	0.48	0.48	0	0	0.43
210300	0.43	0.48	0.48	0	0	0.43
210400	0.43	0.48	0.48	0	0	0.43
210500	0.43	0.49	0.49	0	0	0.43
210600	0.43	0.49	0.49	0	0	0.43
210700	0.43	0.49	0.49	0	0	0.43
210800	0.44	0.49	0.49	0	0	0.44
210900	0.43	0.49	0.49	0	0	0.43
211000	0.43	0.49	0.49	0	0	0.43
211100	0.43	0.49	0.49	0	0	0.43
211200	0.43	0.49	0.49	0	0	0.43
211300	0.43	0.49	0.49	0	0	0.43
211400	0.43	0.49	0.49	0	0	0.43
211500	0.43	0.49	0.49	0	0	0.43
211600	0.43	0.49	0.49	0	0	0.43
211700	0.42	0.49	0.49	0	0	0.42
211800	0.42	0.49	0.49	0	0	0.42
211900	0.42	0.49	0.49	0	0	0.42
212000	0.42	0.49	0.49	0	0	0.42
212100	0.42	0.49	0.49	0	0	0.42
212200	0.42	0.49	0.49	0	0	0.42
212300	0.42	0.49	0.49	0	0	0.42
212400	0.42	0.49	0.49	0	0	0.42
212500	0.42	0.49	0.49	0	0	0.42
212600	0.42	0.49	0.49	0	0	0.42
212700	0.42	0.49	0.49	0	0	0.42
212800	0.42	0.49	0.49	0	0	0.42
212900	0.42	0.49	0.49	0	0	0.42
213000	0.42	0.49	0.49	0	0	0.42
213100	0.42	0.49	0.49	0	0	0.42
213200	0.42	0.49	0.49	0	0	0.42
213300	0.42	0.49	0.49	0	0	0.42
213400	0.42	0.49	0.49	0	0	0.42
213500	0.42	0.49	0.49	0	0	0.42
213600	0.42	0.49	0.49	0	0	0.42
213700	0.43	0.49	0.49	0	0	0.43
213800	0.43	0.49	0.49	0	0	0.43
213900	0.43	0.49	0.49	0	0	0.43
214000	0.43	0.49	0.49	0	0	0.43
214100	0.43	0.49	0.49	0	0	0.43
214200	0.43	0.49	0.49	0	0	0.43
214300	0.43	0.49	0.49	0	0	0.43
214400	0.43	0.49	0.49	0	0	0.43
214500	0.43	0.49	0.49	0	0	0.43
214600	0.43	0.49	0.49	0	0	0.43
214700	0.43	0.49	0.49	0	0	0.43
214800	0.43	0.49	0.49	0	0	0.43
214900	0.43	0.49	0.49	0	0	0.43
215000	0.43	0.49	0.49	0	0	0.43
215100	0.44	0.49	0.49	0	0	0.44
215200	0.43	0.49	0.49	0	0	0.43
215300	0.42	0.49	0.49	0	0	0.42
215400	0.42	0.49	0.49	0	0	0.42
215500	0.42	0.49	0.49	0	0	0.42
215600	0.42	0.49	0.49	0	0	0.42
215700	0.42	0.49	0.49	0	0	0.42
215800	0.42	0.49	0.49	0	0	0.42
215900	0.42	0.49	0.49	0	0	0.42
216000	0.42	0.49	0.49	0	0	0.42
216100	0.42	0.49	0.49	0	0	0.42
216200	0.42	0.49	0.49	0	0	0.42
216300	0.42	0.49	0.49	0	0	0.42
216400	0.42	0.49	0.49	0	0	0.42
216500	0.42	0.49	0.49	0	0	0.42
216600	0.42	0.49	0.49	0	0	0.42
216700	0.42	0.49	0.49	0	0	0.42
216800	0.42	0.49	0.49	0	0	0.42
216900	0.42	0.49	0.49	0	0	0.42
217000	0.43	0.49	0.49	0	0	0.43
217100	0.42	0.49	0.49	0	0	0.42
217200	0.42	0.49	0.49	0	0	0.42
217300	0.42	0.49	0.49	0	0	0.42
217400	0.42	0.5	0.5	0	0	0.42
217500	0.42	0.5	0.5	0	0	0.42
217600	0.42	0.5	0.5	0	0	0.42
217700	0.42	0.5	0.5	0	0	0.42
217800	0.43	0.5	0.5	0	0	0.43
217900	0.43	0.49	0.49	0	0	0.43
218000	0.43	0.49	0.49	0	0	0.43
218100	0.43	0.49	0.49	0	0	0.43
218200	0.44	0.49	0.49	0	0	0.44
218300	0.43	0.49	0.49	0	0	0.43
218400	0.42	0.49	0.49	0	0	0.42
218500	0.43	0.49	0.49	0	0	0.43
218600	0.43	0.49	0.49	0	0	0.43
218700	0.43	0.49	0.49	0	0	0.43
218800	0.43	0.49	0.49	0	0	0.43
218900	0.43	0.49	0.49	0	0	0.43
219000	0.43	0.49	0.49	0	0	0.43
219100	0.43	0.49	0.49	0	0	0.43
219200	0.43	0.49	0.49	0	0	0.43
219300	0.43	0.49	0.49	0	0	0.43
219400	0.43	0.49	0.49	0	0	0.43
219500	0.43	0.49	0.49	0	0	0.43
219600	0.43	0.49	0.49	0	0	0.43
219700	0.43	0.49	0.49	0	0	0.43
219800	0.43	0.49	0.49	0	0	0.43
219900	0.43	0.49	0.49	0	0	0.43
220000	0.43	0.49	0.49	0	0	0.43
220100	0.43	0.5	0.5	0	0	0.43
220200	0.43	0.5	0.5	0	0	0.43
220300	0.43	0.5	0.5	0	0	0.43
220400	0.43	0.5	0.5	0	0	0.43
220500	0.43	0.5	0.5	0	0	0.43
220600	0.43	0.5	0.5	0	0	0.43
220700	0.43	0.5	0.5	0	0	0.43
220800	0.43	0.51	0.51	0	0	0.43
220900	0.43	0.5	0.5	0	0	0.43
221000	0.43	0.5	0.5	0	0	0.43
221100	0.43	0.49	0.49	0	0	0.43
221200	0.43	0.49	0.49	0	0	0.43
221300	0.43	0.5	0.5	0	0	0.43
221400	0.43	0.51	0.51	0	0	0.43
221500	0.43	0.49	0.49	0	0	0.43
221600	0.43	0.49	0.49	0	0	0.43
221700	0.43	0.49	0.49	0	0	0.43
221800	0.43	0.49	0.49	0	0	0.43
221900	0.43	0.49	0.49	0	0	0.43
222000	0.43	0.49	0.49	0	0	0.43
222100	0.42	0.49	0.49	0	0	0.42
222200	0.42	0.49	0.49	0	0	0.42
222300	0.42	0.49	0.49	0	0	0.42
222400	0.42	0.5	0.5	0	0	0.42
222500	0.42	0.5	0.5	0	0	0.42
222600	0.42	0.5	0.5	0	0	0.42
222700	0.42	0.5	0.5	0	0	0.42
222800	0.42	0.5	0.5	0	0	0.42
222900	0.42	0.5	0.5	0	0	0.42
223000	0.42	0.5	0.5	0	0	0.42
223100	0.42	0.5	0.5	0	0	0.42
223200	0.42	0.5	0.5	0	0	0.42
223300	0.42	0.5	0.5	0	0	0.42
223400	0.42	0.5	0.5	0	0	0.42
223500	0.43	0.5	0.5	0	0	0.43
223600	0.42	0.5	0.5	0	0	0.42
223700	0.42	0.5	0.5	0	0	0.42
223800	0.42	0.5	0.5	0	0	0.42
223900	0.42	0.5	0.5	0	0	0.42
224000	0.42	0.5	0.5	0	0	0.42
224100	0.42	0.5	0.5	0	0	0.42
224200	0.42	0.5	0.5	0	0	0.42
224300	0.42	0.5	0.5	0	0	0.42
224400	0.42	0.5	0.5	0	0	0.42
224500	0.42	0.51	0.51	0	0	0.42
224600	0.42	0.5	0.5	0	0	0.42
224700	0.42	0.5	0.5	0	0	0.42
224800	0.42	0.5	0.5	0	0	0.42
224900	0.42	0.5	0.5	0	0	0.42
225000	0.42	0.5	0.5	0	0	0.42
225100	0.42	0.5	0.5	0	0	0.42
225200	0.42	0.5	0.5	0	0	0.42
225300	0.42	0.5	0.5	0	0	0.42
225400	0.42	0.5	0.5	0	0	0.42
225500	0.42	0.5	0.5	0	0	0.42
225600	0.42	0.5	0.5	0	0	0.42
225700	0.42	0.5	0.5	0	0	0.42
225800	0.42	0.5	0.5	0	0	0.42
225900	0.42	0.5	0.5	0	0	0.42
226000	0.42	0.5	0.5	0	0	0.42
226100	0.42	0.5	0.5	0	0	0.42
226200	0.42	0.5	0.5	0	0	0.42
226300	0.42	0.5	0.5	0	0	0.42
226400	0.42	0.5	0.5	0	0	0.42
226500	0.42	0.5	0.5	0	0	0.42
226600	0.42	0.5	0.5	0	0	0.42
226700	0.42	0.5	0.5	0	0	0.42
226800	0.42	0.5	0.5	0	0	0.42
226900	0.42	0.5	0.5	0	0	0.42
227000	0.42	0.5	0.5	0	0	0.42
227100	0.42	0.5	0.5	0	0	0.42
227200	0.42	0.51	0.51	0	0	0.42
227300	0.42	0.51	0.51	0	0	0.42
227400	0.42	0.51	0.51	0	0	0.42
227500	0.42	0.51	0.51	0	0	0.42
227600	0.42	0.51	0.51	0	0	0.42
227700	0.42	0.51	0.51	0	0	0.42
227800	0.42	0.51	0.51	0	0	0.42
227900	0.42	0.51	0.51	0	0	0.42
228000	0.42	0.51	0.51	0	0	0.42
228100	0.42	0.51	0.51	0	0	0.42
228200	0.42	0.51	0.51	0	0	0.42
228300	0.42	0.51	0.51	0	0	0.42
228400	0.42	0.51	0.51	0	0	0.42
228500	0.42	0.51	0.51	0	0	0.42
228600	0.42	0.51	0.51	0	0	0.42
228700	0.42	0.51	0.51	0	0	0.42
228800	0.42	0.51	0.51	0	0	0.42
228900	0.42	0.51	0.51	0	0	0.42
229000	0.42	0.51	0.51	0	0	0.42
229100	0.42	0.51	0.51	0	0	0.42
229200	0.42	0.51	0.51	0	0	0.42
229300	0.42	0.51	0.51	0	0	0.42
229400	0.42	0.51	0.51	0	0	0.42
229500	0.42	0.51	0.51	0	0	0.42
229600	0.42	0.51	0.51	0	0	0.42
229700	0.42	0.51	0.51	0	0	0.42
229800	0.42	0.51	0.51	0	0	0.42
229900	0.42	0.51	0.51	0	0	0.42
230000	0.42	0.51	0.51	0	0	0.42
230100	0.42	0.51	0.51	0	0	0.42
230200	0.42	0.51	0.51	0	0	0.42
230300	0.42	0.51	0.51	0	0	0.42
230400	0.42	0.51	0.51	0	0	0.42
230500	0.42	0.51	0.51	0	0	0.42
230600	0.42	0.51	0.51	0	0	0.42
230700	0.42	0.51	0.51	0	0	0.42
230800	0.42	0.51	0.51	0	0	0.42
230900	0.42	0.51	0.51	0	0	0.42
231000	0.42	0.51	0.51	0	0	0.42
231100	0.42	0.51	0.51	0	0	0.42
231200	0.42	0.51	0.51	0	0	0.42
231300	0.42	0.51	0.51	0	0	0.42
231400	0.42	0.51	0.51	0	0	0.42
231500	0.42	0.51	0.51	0	0	0.42
231600	0.42	0.51	0.51	0	0	0.42
231700	0.42	0.51	0.51	0	0	0.42
231800	0.43	0.52	0.52	0	0	0.43
231900	0.43	0.51	0.51	0	0	0.43
232000	0.43	0.51	0.51	0	0	0.43
232100	0.43	0.51	0.51	0	0	0.43
232200	0.43	0.51	0.51	0	0	0.43
232300	0.43	0.51	0.51	0	0	0.43
232400	0.43	0.51	0.51	0	0	0.43
232500	0.43	0.51	0.51	0	0	0.43
232600	0.43	0.51	0.51	0	0	0.43
232700	0.43	0.51	0.51	0	0	0.43
232800	0.43	0.51	0.51	0	0	0.43
232900	0.43	0.51	0.51	0	0	0.43
233000	0.43	0.51	0.51	0	0	0.43
233100	0.43	0.51	0.51	0	0	0.43
233200	0.43	0.51	0.51	0	0	0.43
233300	0.43	0.51	0.51	0	0	0.43
233400	0.43	0.51	0.51	0	0	0.43
233500	0.43	0.51	0.51	0	0	0.43
233600	0.43	0.51	0.51	0	0	0.43
233700	0.43	0.51	0.51	0	0	0.43
233800	0.43	0.51	0.51	0	0	0.43
233900	0.43	0.51	0.51	0	0	0.43
234000	0.43	0.51	0.51	0	0	0.43
234100	0.43	0.51	0.51	0	0	0.43
234200	0.44	0.51	0.51	0	0	0.44
234300	0.44	0.51	0.51	0	0	0.44
234400	0.44	0.51	0.51	0	0	0.44
234500	0.44	0.51	0.51	0	0	0.44
234600	0.44	0.51	0.51	0	0	0.44
234700	0.44	0.51	0.51	0	0	0.44
234800	0.44	0.51	0.51	0	0	0.44
234900	0.44	0.51	0.51	0	0	0.44
235000	0.44	0.51	0.51	0	0	0.44
235100	0.44	0.51	0.51	0	0	0.44
235200	0.44	0.51	0.51	0	0	0.44
235300	0.44	0.51	0.51	0	0	0.44
235400	0.44	0.51	0.51	0	0	0.44
235500	0.44	0.5	0.5	0	0	0.44
235600	0.44	0.5	0.5	0	0	0.44
235700	0.44	0.5	0.5	0	0	0.44
235800	0.44	0.5	0.5	0	0	0.44
235900	0.44	0.5	0.5	0	0	0.44
236000	0.44	0.5	0.5	0	0	0.44
236100	0.44	0.5	0.5	0	0	0.44
236200	0.44	0.5	0.5	0	0	0.44
236300	0.44	0.5	0.5	0	0	0.44
236400	0.44	0.5	0.5	0	0	0.44
236500	0.44	0.5	0.5	0	0	0.44
236600	0.44	0.5	0.5	0	0	0.44
236700	0.44	0.5	0.5	0	0	0.44
236800	0.44	0.5	0.5	0	0	0.44
236900	0.44	0.5	0.5	0	0	0.44
237000	0.44	0.5	0.5	0	0	0.44
237100	0.45	0.5	0.5	0	0	0.45
237200	0.45	0.5	0.5	0	0	0.45
237300	0.45	0.5	0.5	0	0	0.45
237400	0.45	0.5	0.5	0	0	0.45
237500	0.45	0.5	0.5	0	0	0.45
237600	0.45	0.5	0.5	0	0	0.45
237700	0.45	0.5	0.5	0	0	0.45
237800	0.45	0.5	0.5	0	0	0.45
237900	0.45	0.5	0.5	0	0	0.45
238000	0.45	0.5	0.5	0	0	0.45
238100	0.45	0.5	0.5	0	0	0.45
238200	0.45	0.5	0.5	0	0	0.45
238300	0.45	0.5	0.5	0	0	0.45
238400	0.45	0.5	0.5	0	0	0.45
238500	0.45	0.5	0.5	0	0	0.45
238600	0.45	0.5	0.5	0	0	0.45
238700	0.45	0.5	0.5	0	0	0.45
238800	0.45	0.51	0.51	0	0	0.45
238900	0.45	0.5	0.5	0	0	0.45
239000	0.45	0.5	0.5	0	0	0.45
239100	0.45	0.5	0.5	0	0	0.45
239200	0.45	0.5	0.5	0	0	0.45
239300	0.45	0.51	0.51	0	0	0.45
239400	0.45	0.51	0.51	0	0	0.45
239500	0.45	0.51	0.51	0	0	0.45
239600	0.45	0.51	0.51	0	0	0.45
239700	0.45	0.51	0.51	0	0	0.45
239800	0.45	0.51	0.51	0	0	0.45
239900	0.45	0.51	0.51	0	0	0.45
240000	0.45	0.51	0.51	0	0	0.45
240100	0.45	0.51	0.51	0	0	0.45
240200	0.45	0.51	0.51	0	0	0.45
240300	0.45	0.51	0.51	0	0	0.45
240400	0.45	0.51	0.51	0	0	0.45
240500	0.45	0.51	0.51	0	0	0.45
240600	0.45	0.51	0.51	0	0	0.45
240700	0.45	0.51	0.51	0	0	0.45
240800	0.45	0.51	0.51	0	0	0.45
240900	0.45	0.51	0.51	0	0	0.45
241000	0.45	0.51	0.51	0	0	0.45
241100	0.45	0.51	0.51	0	0	0.45
241200	0.45	0.51	0.51	0	0	0.45
241300	0.45	0.5	0.5	0	0	0.45
241400	0.45	0.5	0.5	0	0	0.45
241500	0.45	0.5	0.5	0	0	0.45
241600	0.44	0.5	0.5	0	0	0.44
241700	0.44	0.5	0.5	0	0	0.44
241800	0.44	0.5	0.5	0	0	0.44
241900	0.44	0.5	0.5	0	0	0.44
242000	0.44	0.5	0.5	0	0	0.44
242100	0.44	0.5	0.5	0	0	0.44
242200	0.44	0.5	0.5	0	0	0.44
242300	0.44	0.5	0.5	0	0	0.44
242400	0.44	0.5	0.5	0	0	0.44
242500	0.44	0.5	0.5	0	0	0.44
242600	0.44	0.5	0.5	0	0	0.44
242700	0.44	0.5	0.5	0	0	0.44
242800	0.44	0.5	0.5	0	0	0.44
242900	0.44	0.5	0.5	0	0	0.44
243000	0.44	0.5	0.5	0	0	0.44
243100	0.44	0.5	0.5	0	0	0.44
243200	0.44	0.5	0.5	0	0	0.44
243300	0.44	0.5	0.5	0	0	0.44
243400	0.44	0.5	0.5	0	0	0.44
243500	0.44	0.5	0.5	0	0	0.44
243600	0.44	0.5	0.5	0	0	0.44
243700	0.44	0.5	0.5	0	0	0.44
243800	0.44	0.5	0.5	0	0	0.44
243900	0.44	0.5	0.5	0	0	0.44
244000	0.44	0.5	0.5	0	0	0.44
244100	0.44	0.5	0.5	0	0	0.44
244200	0.44	0.5	0.5	0	0	0.44
244300	0.44	0.5	0.5	0	0	0.44
244400	0.44	0.5	0.5	0	0	0.44
244500	0.44	0.5	0.5	0	0	0.44
244600	0.44	0.5	0.5	0	0	0.44
244700	0.44	0.5	0.5	0	0	0.44
244800	0.44	0.5	0.5	0	0	0.44
244900	0.44	0.5	0.5	0	0	0.44
245000	0.44	0.5	0.5	0	0	0.44
245100	0.44	0.5	0.5	0	0	0.44
245200	0.44	0.5	0.5	0	0	0.44
245300	0.44	0.5	0.5	0	0	0.44
245400	0.44	0.5	0.5	0	0	0.44
245500	0.44	0.5	0.5	0	0	0.44
245600	0.44	0.5	0.5	0	0	0.44
245700	0.44	0.5	0.5	0	0	0.44
245800	0.44	0.5	0.5	0	0	0.44
245900	0.45	0.5	0.5	0	0	0.45
246000	0.44	0.5	0.5	0	0	0.44
246100	0.44	0.5	0.5	0	0	0.44
246200	0.44	0.5	0.5	0	0	0.44
246300	0.44	0.5	0.5	0	0	0.44
246400	0.44	0.5	0.5	0	0	0.44
246500	0.44	0.5	0.5	0	0	0.44
246600	0.44	0.5	0.5	0	0	0.44
246700	0.44	0.5	0.5	0	0	0.44
246800	0.44	0.5	0.5	0	0	0.44
246900	0.44	0.5	0.5	0	0	0.44
247000	0.44	0.5	0.5	0	0	0.44
247100	0.44	0.5	0.5	0	0	0.44
247200	0.44	0.5	0.5	0	0	0.44
247300	0.44	0.5	0.5	0	0	0.44
247400	0.44	0.5	0.5	0	0	0.44
247500	0.44	0.5	0.5	0	0	0.44
247600	0.44	0.5	0.5	0	0	0.44
247700	0.44	0.5	0.5	0	0	0.44
247800	0.44	0.5	0.5	0	0	0.44
247900	0.44	0.5	0.5	0	0	0.44
248000	0.44	0.5	0.5	0	0	0.44
248100	0.44	0.5	0.5	0	0	0.44
248200	0.44	0.5	0.5	0	0	0.44
248300	0.44	0.5	0.5	0	0	0.44
248400	0.44	0.5	0.5	0	0	0.44
248500	0.44	0.5	0.5	0	0	0.44
248600	0.44	0.5	0.5	0	0	0.44
248700	0.44	0.5	0.5	0	0	0.44
248800	0.44	0.5	0.5	0	0	0.44
248900	0.44	0.5	0.5	0	0	0.44
249000	0.44	0.5	0.5	0	0	0.44
249100	0.44	0.5	0.5	0	0	0.44
249200	0.44	0.5	0.5	0	0	0.44
249300	0.44	0.5	0.5	0	0	0.44
249400	0.44	0.5	0.5	0	0	0.44
249500	0.44	0.5	0.5	0	0	0.44
249600	0.44	0.5	0.5	0	0	0.44
249700	0.44	0.5	0.5	0	0	0.44
249800	0.44	0.5	0.5	0	0	0.44
249900	0.44	0.5	0.5	0	0	0.44
250000	0.44	0.5	0.5	0	0	0.44
250100	0.44	0.5	0.5	0	0	0.44
250200	0.44	0.5	0.5	0	0	0.44
250300	0.44	0.5	0.5	0	0	0.44
250400	0.44	0.5	0.5	0	0	0.44
250500	0.44	0.5	0.5	0	0	0.44
250600	0.44	0.5	0.5	0	0	0.44
250700	0.44	0.5	0.5	0	0	0.44
250800	0.44	0.5	0.5	0	0	0.44
250900	0.44	0.5	0.5	0	0	0.44
251000	0.44	0.5	0.5	0	0	0.44
251100	0.44	0.5	0.5	0	0	0.44
251200	0.44	0.5	0.5	0	0	0.44
251300	0.44	0.5	0.5	0	0	0.44
251400	0.44	0.5	0.5	0	0	0.44
251500	0.44	0.5	0.5	0	0	0.44
251600	0.44	0.5	0.5	0	0	0.44
251700	0.44	0.5	0.5	0	0	0.44
251800	0.44	0.5	0.5	0	0	0.44
251900	0.44	0.5	0.5	0	0	0.44
252000	0.44	0.5	0.5	0	0	0.44
252100	0.44	0.5	0.5	0	0	0.44
252200	0.44	0.5	0.5	0	0	0.44
252300	0.44	0.5	0.5	0	0	0.44
252400	0.44	0.5	0.5	0	0	0.44
252500	0.44	0.5	0.5	0	0	0.44
252600	0.44	0.5	0.5	0	0	0.44
252700	0.44	0.5	0.5	0	0	0.44
252800	0.44	0.5	0.5	0	0	0.44
252900	0.44	0.5	0.5	0	0	0.44
253000	0.44	0.5	0.5	0	0	0.44
253100	0.44	0.5	0.5	0	0	0.44
253200	0.44	0.5	0.5	0	0	0.44
253300	0.44	0.5	0.5	0	0	0.44
253400	0.44	0.5	0.5	0	0	0.44
253500	0.44	0.5	0.5	0	0	0.44
253600	0.44	0.5	0.5	0	0	0.44
253700	0.44	0.5	0.5	0	0	0.44
253800	0.44	0.5	0.5	0	0	0.44
253900	0.44	0.5	0.5	0	0	0.44
254000	0.44	0.5	0.5	0	0	0.44
254100	0.44	0.5	0.5	0	0	0.44
254200	0.44	0.5	0.5	0	0	0.44
254300	0.44	0.5	0.5	0	0	0.44
254400	0.44	0.5	0.5	0	0	0.44
254500	0.44	0.5	0.5	0	0	0.44
254600	0.44	0.5	0.5	0	0	0.44
254700	0.44	0.51	0.51	0	0	0.44
254800	0.44	0.51	0.51	0	0	0.44
254900	0.44	0.51	0.51	0	0	0.44
255000	0.44	0.51	0.51	0	0	0.44
255100	0.44	0.51	0.51	0	0	0.44
255200	0.44	0.51	0.51	0	0	0.44
255300	0.44	0.51	0.51	0	0	0.44
255400	0.44	0.51	0.51	0	0	0.44
255500	0.44	0.51	0.51	0	0	0.44
255600	0.44	0.51	0.51	0	0	0.44
255700	0.44	0.51	0.51	0	0	0.44
255800	0.44	0.51	0.51	0	0	0.44
255900	0.44	0.51	0.51	0	0	0.44
256000	0.44	0.51	0.51	0	0	0.44
256100	0.44	0.51	0.51	0	0	0.44
256200	0.44	0.51	0.51	0	0	0.44
256300	0.44	0.51	0.51	0	0	0.44
256400	0.44	0.51	0.51	0	0	0.44
256500	0.44	0.51	0.51	0	0	0.44
256600	0.44	0.51	0.51	0	0	0.44
256700	0.44	0.51	0.51	0	0	0.44
256800	0.44	0.51	0.51	0	0	0.44
256900	0.44	0.51	0.51	0	0	0.44
257000	0.44	0.51	0.51	0	0	0.44
257100	0.44	0.51	0.51	0	0	0.44
257200	0.43	0.51	0.51	0	0	0.43
257300	0.43	0.51	0.51	0	0	0.43
257400	0.43	0.51	0.51	0	0	0.43
257500	0.43	0.51	0.51	0	0	0.43
257600	0.43	0.51	0.51	0	0	0.43
257700	0.43	0.51	0.51	0	0	0.43
257800	0.43	0.51	0.51	0	0	0.43
257900	0.43	0.51	0.51	0	0	0.43
258000	0.44	0.51	0.51	0	0	0.44
258100	0.44	0.51	0.51	0	0	0.44
258200	0.44	0.51	0.51	0	0	0.44
258300	0.44	0.51	0.51	0	0	0.44
258400	0.44	0.51	0.51	0	0	0.44
258500	0.43	0.51	0.51	0	0	0.43
258600	0.43	0.51	0.51	0	0	0.43
258700	0.43	0.51	0.51	0	0	0.43
258800	0.43	0.51	0.51	0	0	0.43
258900	0.43	0.51	0.51	0	0	0.43
259000	0.43	0.51	0.51	0	0	0.43
259100	0.43	0.51	0.51	0	0	0.43
259200	0.43	0.51	0.51	0	0	0.43
259300	0.43	0.51	0.51	0	0	0.43
259400	0.43	0.51	0.51	0	0	0.43
259500	0.43	0.51	0.51	0	0	0.43
259600	0.43	0.51	0.51	0	0	0.43
259700	0.43	0.51	0.51	0	0	0.43
259800	0.43	0.51	0.51	0	0	0.43
259900	0.43	0.51	0.51	0	0	0.43
260000	0.43	0.51	0.51	0	0	0.43
260100	0.43	0.51	0.51	0	0	0.43
260200	0.43	0.51	0.51	0	0	0.43
260300	0.43	0.51	0.51	0	0	0.43
260400	0.43	0.51	0.51	0	0	0.43
260500	0.43	0.51	0.51	0	0	0.43
260600	0.43	0.51	0.51	0	0	0.43
260700	0.43	0.51	0.51	0	0	0.43
260800	0.43	0.51	0.51	0	0	0.43
260900	0.43	0.52	0.52	0	0	0.43
261000	0.43	0.52	0.52	0	0	0.43
261100	0.43	0.52	0.52	0	0	0.43
261200	0.43	0.52	0.52	0	0	0.43
261300	0.43	0.52	0.52	0	0	0.43
261400	0.43	0.52	0.52	0	0	0.43
261500	0.43	0.52	0.52	0	0	0.43
261600	0.43	0.52	0.52	0	0	0.43
261700	0.43	0.52	0.52	0	0	0.43
261800	0.43	0.52	0.52	0	0	0.43
261900	0.43	0.52	0.52	0	0	0.43
262000	0.43	0.51	0.51	0	0	0.43
262100	0.43	0.51	0.51	0	0	0.43
262200	0.43	0.51	0.51	0	0	0.43
262300	0.43	0.51	0.51	0	0	0.43
262400	0.43	0.51	0.51	0	0	0.43
262500	0.43	0.51	0.51	0	0	0.43
262600	0.43	0.51	0.51	0	0	0.43
262700	0.43	0.51	0.51	0	0	0.43
262800	0.43	0.51	0.51	0	0	0.43
262900	0.43	0.51	0.51	0	0	0.43
263000	0.43	0.51	0.51	0	0	0.43
263100	0.43	0.51	0.51	0	0	0.43
263200	0.43	0.51	0.51	0	0	0.43
263300	0.43	0.51	0.51	0	0	0.43
263400	0.43	0.51	0.51	0	0	0.43
263500	0.44	0.51	0.51	0	0	0.44
263600	0.43	0.51	0.51	0	0	0.43
263700	0.43	0.51	0.51	0	0	0.43
263800	0.43	0.51	0.51	0	0	0.43
263900	0.43	0.51	0.51	0	0	0.43
264000	0.43	0.51	0.51	0	0	0.43
264100	0.43	0.51	0.51	0	0	0.43
264200	0.43	0.51	0.51	0	0	0.43
264300	0.43	0.51	0.51	0	0	0.43
264400	0.43	0.51	0.51	0	0	0.43
264500	0.43	0.51	0.51	0	0	0.43
264600	0.43	0.51	0.51	0	0	0.43
264700	0.44	0.51	0.51	0	0	0.44
264800	0.44	0.51	0.51	0	0	0.44
264900	0.44	0.51	0.51	0	0	0.44
265000	0.44	0.51	0.51	0	0	0.44
265100	0.44	0.51	0.51	0	0	0.44
265200	0.44	0.51	0.51	0	0	0.44
265300	0.44	0.51	0.51	0	0	0.44
265400	0.44	0.51	0.51	0	0	0.44
265500	0.44	0.51	0.51	0	0	0.44
265600	0.44	0.51	0.51	0	0	0.44
265700	0.44	0.51	0.51	0	0	0.44
265800	0.44	0.51	0.51	0	0	0.44
265900	0.44	0.51	0.51	0	0	0.44
266000	0.44	0.51	0.51	0	0	0.44
266100	0.44	0.51	0.51	0	0	0.44
266200	0.44	0.51	0.51	0	0	0.44
266300	0.45	0.51	0.51	0	0	0.45
266400	0.45	0.51	0.51	0	0	0.45
266500	0.45	0.51	0.51	0	0	0.45
266600	0.45	0.51	0.51	0	0	0.45
266700	0.44	0.51	0.51	0	0	0.44
266800	0.44	0.52	0.52	0	0	0.44
266900	0.44	0.52	0.52	0	0	0.44
267000	0.44	0.52	0.52	0	0	0.44
267100	0.44	0.52	0.52	0	0	0.44
267200	0.44	0.52	0.52	0	0	0.44
267300	0.44	0.51	0.51	0	0	0.44
267400	0.44	0.51	0.51	0	0	0.44
267500	0.44	0.51	0.51	0	0	0.44
267600	0.44	0.51	0.51	0	0	0.44
267700	0.44	0.51	0.51	0	0	0.44
267800	0.44	0.51	0.51	0	0	0.44
267900	0.44	0.51	0.51	0	0	0.44
268000	0.44	0.51	0.51	0	0	0.44
268100	0.44	0.51	0.51	0	0	0.44
268200	0.44	0.51	0.51	0	0	0.44
268300	0.44	0.51	0.51	0	0	0.44
268400	0.44	0.51	0.51	0	0	0.44
268500	0.44	0.51	0.51	0	0	0.44
268600	0.44	0.51	0.51	0	0	0.44
268700	0.44	0.51	0.51	0	0	0.44
268800	0.44	0.51	0.51	0	0	0.44
268900	0.44	0.51	0.51	0	0	0.44
269000	0.44	0.51	0.51	0	0	0.44
269100	0.44	0.51	0.51	0	0	0.44
269200	0.44	0.51	0.51	0	0	0.44
269300	0.44	0.51	0.51	0	0	0.44
269400	0.44	0.5	0.5	0	0	0.44
269500	0.44	0.5	0.5	0	0	0.44
269600	0.44	0.5	0.5	0	0	0.44
269700	0.44	0.5	0.5	0	0	0.44
269800	0.43	0.5	0.5	0	0	0.43
269900	0.43	0.5	0.5	0	0	0.43
270000	0.43	0.5	0.5	0	0	0.43
270100	0.43	0.5	0.5	0	0	0.43
270200	0.43	0.5	0.5	0	0	0.43
270300	0.43	0.5	0.5	0	0	0.43
270400	0.43	0.5	0.5	0	0	0.43
270500	0.43	0.5	0.5	0	0	0.43
270600	0.43	0.5	0.5	0	0	0.43
270700	0.43	0.5	0.5	0	0	0.43
270800	0.43	0.5	0.5	0	0	0.43
270900	0.43	0.5	0.5	0	0	0.43
271000	0.43	0.5	0.5	0	0	0.43
271100	0.43	0.5	0.5	0	0	0.43
271200	0.43	0.5	0.5	0	0	0.43
271300	0.43	0.5	0.5	0	0	0.43
271400	0.43	0.5	0.5	0	0	0.43
271500	0.43	0.5	0.5	0	0	0.43
271600	0.43	0.5	0.5	0	0	0.43
271700	0.43	0.5	0.5	0	0	0.43
271800	0.43	0.5	0.5	0	0	0.43
271900	0.43	0.5	0.5	0	0	0.43
272000	0.43	0.5	0.5	0	0	0.43
272100	0.43	0.5	0.5	0	0	0.43
272200	0.43	0.5	0.5	0	0	0.43
272300	0.43	0.5	0.5	0	0	0.43
272400	0.43	0.5	0.5	0	0	0.43
272500	0.43	0.5	0.5	0	0	0.43
272600	0.43	0.5	0.5	0	0	0.43
272700	0.43	0.5	0.5	0	0	0.43
272800	0.43	0.5	0.5	0	0	0.43
272900	0.43	0.5	0.5	0	0	0.43
273000	0.43	0.5	0.5	0	0	0.43
273100	0.43	0.51	0.51	0	0	0.43
273200	0.43	0.51	0.51	0	0	0.43
273300	0.43	0.51	0.51	0	0	0.43
273400	0.43	0.51	0.51	0	0	0.43
273500	0.43	0.51	0.51	0	0	0.43
273600	0.43	0.51	0.51	0	0	0.43
273700	0.43	0.51	0.51	0	0	0.43
273800	0.43	0.51	0.51	0	0	0.43
273900	0.43	0.51	0.51	0	0	0.43
274000	0.43	0.52	0.52	0	0	0.43
274100	0.43	0.52	0.52	0	0	0.43
274200	0.43	0.52	0.52	0	0	0.43
274300	0.43	0.52	0.52	0	0	0.43
274400	0.43	0.52	0.52	0	0	0.43
274500	0.43	0.52	0.52	0	0	0.43
274600	0.43	0.52	0.52	0	0	0.43
274700	0.43	0.52	0.52	0	0	0.43
274800	0.43	0.52	0.52	0	0	0.43
274900	0.43	0.52	0.52	0	0	0.43
275000	0.43	0.52	0.52	0	0	0.43
275100	0.43	0.52	0.52	0	0	0.43
275200	0.43	0.52	0.52	0	0	0.43
275300	0.43	0.52	0.52	0	0	0.43
275400	0.43	0.52	0.52	0	0	0.43
275500	0.43	0.52	0.52	0	0	0.43
275600	0.43	0.52	0.52	0	0	0.43
275700	0.43	0.52	0.52	0	0	0.43
275800	0.43	0.52	0.52	0	0	0.43
275900	0.43	0.53	0.53	0	0	0.43
276000	0.43	0.53	0.53	0	0	0.43
276100	0.43	0.53	0.53	0	0	0.43
276200	0.43	0.53	0.53	0	0	0.43
276300	0.43	0.52	0.52	0	0	0.43
276400	0.43	0.52	0.52	0	0	0.43
276500	0.43	0.52	0.52	0	0	0.43
276600	0.44	0.52	0.52	0	0	0.44
276700	0.44	0.52	0.52	0	0	0.44
276800	0.44	0.52	0.52	0	0	0.44
276900	0.44	0.52	0.52	0	0	0.44
277000	0.44	0.52	0.52	0	0	0.44
277100	0.44	0.52	0.52	0	0	0.44
277200	0.44	0.51	0.51	0	0	0.44
277300	0.44	0.51	0.51	0	0	0.44
277400	0.44	0.51	0.51	0	0	0.44
277500	0.44	0.51	0.51	0	0	0.44
277600	0.44	0.51	0.51	0	0	0.44
277700	0.44	0.51	0.51	0	0	0.44
277800	0.44	0.52	0.52	0	0	0.44
277900	0.44	0.52	0.52	0	0	0.44
278000	0.44	0.52	0.52	0	0	0.44
278100	0.44	0.52	0.52	0	0	0.44
278200	0.44	0.52	0.52	0	0	0.44
278300	0.44	0.52	0.52	0	0	0.44
278400	0.44	0.52	0.52	0	0	0.44
278500	0.44	0.52	0.52	0	0	0.44
278600	0.44	0.52	0.52	0	0	0.44
278700	0.44	0.52	0.52	0	0	0.44
278800	0.44	0.52	0.52	0	0	0.44
278900	0.44	0.52	0.52	0	0	0.44
279000	0.44	0.52	0.52	0	0	0.44
279100	0.44	0.52	0.52	0	0	0.44
279200	0.44	0.52	0.52	0	0	0.44
279300	0.44	0.52	0.52	0	0	0.44
279400	0.44	0.52	0.52	0	0	0.44
279500	0.44	0.52	0.52	0	0	0.44
279600	0.44	0.52	0.52	0	0	0.44
279700	0.44	0.52	0.52	0	0	0.44
279800	0.44	0.52	0.52	0	0	0.44
279900	0.44	0.52	0.52	0	0	0.44
280000	0.44	0.52	0.52	0	0	0.44
280100	0.44	0.52	0.52	0	0	0.44
280200	0.44	0.52	0.52	0	0	0.44
280300	0.44	0.52	0.52	0	0	0.44
280400	0.44	0.52	0.52	0	0	0.44
280500	0.44	0.52	0.52	0	0	0.44
280600	0.44	0.52	0.52	0	0	0.44
280700	0.44	0.51	0.51	0	0	0.44
280800	0.44	0.51	0.51	0	0	0.44
280900	0.44	0.51	0.51	0	0	0.44
281000	0.44	0.51	0.51	0	0	0.44
281100	0.45	0.51	0.51	0	0	0.45
281200	0.45	0.51	0.51	0	0	0.45
281300	0.45	0.51	0.51	0	0	0.45
281400	0.45	0.51	0.51	0	0	0.45
281500	0.45	0.51	0.51	0	0	0.45
281600	0.45	0.51	0.51	0	0	0.45
281700	0.45	0.51	0.51	0	0	0.45
281800	0.45	0.51	0.51	0	0	0.45
281900	0.46	0.51	0.51	0	0	0.46
282000	0.45	0.51	0.51	0	0	0.45
282100	0.45	0.51	0.51	0	0	0.45
282200	0.45	0.51	0.51	0	0	0.45
282300	0.45	0.51	0.51	0	0	0.45
282400	0.45	0.51	0.51	0	0	0.45
282500	0.45	0.51	0.51	0	0	0.45
282600	0.45	0.51	0.51	0	0	0.45
282700	0.45	0.51	0.51	0	0	0.45
282800	0.45	0.51	0.51	0	0	0.45
282900	0.45	0.51	0.51	0	0	0.45
283000	0.45	0.51	0.51	0	0	0.45
283100	0.45	0.51	0.51	0	0	0.45
283200	0.45	0.51	0.51	0	0	0.45
283300	0.45	0.51	0.51	0	0	0.45
283400	0.45	0.51	0.51	0	0	0.45
283500	0.45	0.51	0.51	0	0	0.45
283600	0.45	0.51	0.51	0	0	0.45
283700	0.45	0.51	0.51	0	0	0.45
283800	0.45	0.51	0.51	0	0	0.45
283900	0.45	0.51	0.51	0	0	0.45
284000	0.45	0.51	0.51	0	0	0.45
284100	0.45	0.51	0.51	0	0	0.45
284200	0.45	0.51	0.51	0	0	0.45
284300	0.45	0.51	0.51	0	0	0.45
284400	0.45	0.51	0.51	0	0	0.45
284500	0.45	0.51	0.51	0	0	0.45
284600	0.45	0.51	0.51	0	0	0.45
284700	0.45	0.51	0.51	0	0	0.45
284800	0.45	0.51	0.51	0	0	0.45
284900	0.45	0.51	0.51	0	0	0.45
285000	0.45	0.51	0.51	0	0	0.45
285100	0.45	0.51	0.51	0	0	0.45
285200	0.45	0.51	0.51	0	0	0.45
285300	0.45	0.51	0.51	0	0	0.45
285400	0.45	0.51	0.51	0	0	0.45
285500	0.45	0.51	0.51	0	0	0.45
285600	0.45	0.51	0.51	0	0	0.45
285700	0.45	0.51	0.51	0	0	0.45
285800	0.45	0.51	0.51	0	0	0.45
285900	0.45	0.51	0.51	0	0	0.45
286000	0.45	0.51	0.51	0	0	0.45
286100	0.45	0.51	0.51	0	0	0.45
286200	0.45	0.51	0.51	0	0	0.45
286300	0.45	0.51	0.51	0	0	0.45
286400	0.45	0.51	0.51	0	0	0.45
286500	0.45	0.51	0.51	0	0	0.45
286600	0.45	0.51	0.51	0	0	0.45
286700	0.45	0.51	0.51	0	0	0.45
286800	0.45	0.51	0.51	0	0	0.45
286900	0.45	0.51	0.51	0	0	0.45
287000	0.45	0.51	0.51	0	0	0.45
287100	0.45	0.51	0.51	0	0	0.45
287200	0.45	0.51	0.51	0	0	0.45
287300	0.45	0.51	0.51	0	0	0.45
287400	0.45	0.51	0.51	0	0	0.45
287500	0.45	0.51	0.51	0	0	0.45
287600	0.45	0.51	0.51	0	0	0.45
287700	0.45	0.51	0.51	0	0	0.45
287800	0.45	0.51	0.51	0	0	0.45
287900	0.45	0.51	0.51	0	0	0.45
288000	0.45	0.51	0.51	0	0	0.45
288100	0.45	0.51	0.51	0	0	0.45
288200	0.45	0.51	0.51	0	0	0.45
288300	0.45	0.51	0.51	0	0	0.45
288400	0.45	0.51	0.51	0	0	0.45
288500	0.45	0.51	0.51	0	0	0.45
288600	0.45	0.51	0.51	0	0	0.45
288700	0.45	0.51	0.51	0	0	0.45
288800	0.45	0.51	0.51	0	0	0.45
288900	0.45	0.51	0.51	0	0	0.45
289000	0.45	0.51	0.51	0	0	0.45
289100	0.45	0.51	0.51	0	0	0.45
289200	0.45	0.51	0.51	0	0	0.45
289300	0.45	0.51	0.51	0	0	0.45
289400	0.45	0.51	0.51	0	0	0.45
289500	0.45	0.51	0.51	0	0	0.45
289600	0.45	0.51	0.51	0	0	0.45
289700	0.45	0.51	0.51	0	0	0.45
289800	0.45	0.51	0.51	0	0	0.45
289900	0.45	0.51	0.51	0	0	0.45
290000	0.45	0.51	0.51	0	0	0.45
290100	0.45	0.51	0.51	0	0	0.45
290200	0.45	0.51	0.51	0	0	0.45
290300	0.45	0.51	0.51	0	0	0.45
290400	0.45	0.51	0.51	0	0	0.45
290500	0.45	0.51	0.51	0	0	0.45
290600	0.45	0.51	0.51	0	0	0.45
290700	0.45	0.51	0.51	0	0	0.45
290800	0.45	0.51	0.51	0	0	0.45
290900	0.45	0.51	0.51	0	0	0.45
291000	0.45	0.51	0.51	0	0	0.45
291100	0.45	0.51	0.51	0	0	0.45
291200	0.45	0.51	0.51	0	0	0.45
291300	0.45	0.51	0.51	0	0	0.45
291400	0.45	0.51	0.51	0	0	0.45
291500	0.45	0.52	0.52	0	0	0.45
291600	0.45	0.52	0.52	0	0	0.45
291700	0.45	0.52	0.52	0	0	0.45
291800	0.45	0.52	0.52	0	0	0.45
291900	0.45	0.52	0.52	0	0	0.45
292000	0.45	0.52	0.52	0	0	0.45
292100	0.45	0.52	0.52	0	0	0.45
292200	0.45	0.52	0.52	0	0	0.45
292300	0.45	0.52	0.52	0	0	0.45
292400	0.45	0.52	0.52	0	0	0.45
292500	0.45	0.52	0.52	0	0	0.45
292600	0.45	0.52	0.52	0	0	0.45
292700	0.45	0.52	0.52	0	0	0.45
292800	0.45	0.52	0.52	0	0	0.45
292900	0.45	0.52	0.52	0	0	0.45
293000	0.45	0.52	0.52	0	0	0.45
293100	0.45	0.52	0.52	0	0	0.45
293200	0.45	0.52	0.52	0	0	0.45
293300	0.45	0.52	0.52	0	0	0.45
293400	0.45	0.52	0.52	0	0	0.45
293500	0.45	0.52	0.52	0	0	0.45
293600	0.45	0.52	0.52	0	0	0.45
293700	0.45	0.52	0.52	0	0	0.45
293800	0.45	0.52	0.52	0	0	0.45
293900	0.45	0.52	0.52	0	0	0.45
294000	0.45	0.52	0.52	0	0	0.45
294100	0.45	0.52	0.52	0	0	0.45
294200	0.45	0.52	0.52	0	0	0.45
294300	0.45	0.52	0.52	0	0	0.45
294400	0.45	0.52	0.52	0	0	0.45
294500	0.45	0.52	0.52	0	0	0.45
294600	0.45	0.52	0.52	0	0	0.45
294700	0.45	0.52	0.52	0	0	0.45
294800	0.45	0.52	0.52	0	0	0.45
294900	0.45	0.52	0.52	0	0	0.45
295000	0.45	0.52	0.52	0	0	0.45
295100	0.45	0.52	0.52	0	0	0.45
295200	0.45	0.52	0.52	0	0	0.45
295300	0.45	0.52	0.52	0	0	0.45
295400	0.45	0.52	0.52	0	0	0.45
295500	0.45	0.52	0.52	0	0	0.45
295600	0.45	0.52	0.52	0	0	0.45
295700	0.45	0.52	0.52	0	0	0.45
295800	0.45	0.52	0.52	0	0	0.45
295900	0.45	0.52	0.52	0	0	0.45
296000	0.45	0.52	0.52	0	0	0.45
296100	0.46	0.52	0.52	0	0	0.46
296200	0.46	0.51	0.51	0	0	0.46
296300	0.46	0.51	0.51	0	0	0.46
296400	0.46	0.51	0.51	0	0	0.46
296500	0.46	0.51	0.51	0	0	0.46
296600	0.46	0.51	0.51	0	0	0.46
296700	0.46	0.51	0.51	0	0	0.46
296800	0.46	0.51	0.51	0	0	0.46
296900	0.46	0.51	0.51	0	0	0.46
297000	0.46	0.51	0.51	0	0	0.46
297100	0.46	0.51	0.51	0	0	0.46
297200	0.46	0.51	0.51	0	0	0.46
297300	0.46	0.51	0.51	0	0	0.46
297400	0.46	0.51	0.51	0	0	0.46
297500	0.47	0.51	0.51	0	0	0.47
297600	0.46	0.51	0.51	0	0	0.46
297700	0.46	0.51	0.51	0	0	0.46
297800	0.46	0.51	0.51	0	0	0.46
297900	0.46	0.51	0.51	0	0	0.46
298000	0.46	0.51	0.51	0	0	0.46
298100	0.46	0.51	0.51	0	0	0.46
298200	0.46	0.51	0.51	0	0	0.46
298300	0.46	0.51	0.51	0	0	0.46
298400	0.46	0.51	0.51	0	0	0.46
298500	0.46	0.51	0.51	0	0	0.46
298600	0.46	0.51	0.51	0	0	0.46
298700	0.46	0.51	0.51	0	0	0.46
298800	0.46	0.51	0.51	0	0	0.46
298900	0.46	0.51	0.51	0	0	0.46
299000	0.46	0.51	0.51	0	0	0.46
299100	0.46	0.51	0.51	0	0	0.46
299200	0.46	0.51	0.51	0	0	0.46
299300	0.47	0.51	0.51	0	0	0.47
299400	0.47	0.51	0.51	0	0	0.47
299500	0.47	0.51	0.51	0	0	0.47
299600	0.47	0.51	0.51	0	0	0.47
299700	0.46	0.51	0.51	0	0	0.46
299800	0.46	0.51	0.51	0	0	0.46
299900	0.46	0.51	0.51	0	0	0.46
300000	0.46	0.51	0.51	0	0	0.46
