100	0.05	0.11	0.11	0	0	0.05
200	0.06	0.12	0.12	0	0	0.06
300	0.07	0.13	0.13	0	0	0.07
400	0.08	0.12	0.12	0	0	0.08
500	0.07	0.13	0.13	0	0	0.07
600	0.07	0.14	0.14	0	0	0.07
700	0.07	0.12	0.12	0	0	0.07
800	0.07	0.12	0.12	0	0	0.07
900	0.06	0.12	0.12	0	0	0.06
1000	0.07	0.12	0.12	0	0	0.07
1100	0.09	0.14	0.14	0	0	0.09
1200	0.09	0.16	0.16	0	0	0.09
1300	0.1	0.15	0.15	0	0	0.1
1400	0.11	0.14	0.14	0	0	0.11
1500	0.12	0.15	0.15	0	0	0.12
1600	0.12	0.16	0.16	0	0	0.12
1700	0.14	0.17	0.17	0	0	0.14
1800	0.13	0.17	0.17	0	0	0.13
1900	0.14	0.19	0.19	0	0	0.14
2000	0.15	0.19	0.19	0	0	0.15
2100	0.16	0.2	0.2	0	0	0.16
2200	0.15	0.16	0.16	0	0	0.15
2300	0.16	0.17	0.17	0	0	0.16
2400	0.16	0.17	0.17	0	0	0.16
2500	0.17	0.18	0.18	0	0	0.17
2600	0.18	0.18	0.18	0	0	0.18
2700	0.18	0.19	0.19	0	0	0.18
2800	0.17	0.19	0.19	0	0	0.17
2900	0.17	0.21	0.21	0	0	0.17
3000	0.17	0.21	0.21	0	0	0.17
3100	0.15	0.22	0.22	0	0	0.15
3200	0.16	0.21	0.21	0	0	0.16
3300	0.16	0.21	0.21	0	0	0.16
3400	0.16	0.21	0.21	0	0	0.16
3500	0.15	0.24	0.24	0	0	0.15
3600	0.15	0.25	0.25	0	0	0.15
3700	0.16	0.25	0.25	0	0	0.16
3800	0.16	0.25	0.25	0	0	0.16
3900	0.16	0.26	0.26	0	0	0.16
4000	0.17	0.27	0.27	0	0	0.17
4100	0.18	0.29	0.29	0	0	0.18
4200	0.18	0.28	0.28	0	0	0.18
4300	0.19	0.29	0.29	0	0	0.19
4400	0.2	0.29	0.29	0	0	0.2
4500	0.2	0.27	0.27	0	0	0.2
4600	0.18	0.29	0.29	0	0	0.18
4700	0.18	0.28	0.28	0	0	0.18
4800	0.18	0.28	0.28	0	0	0.18
4900	0.2	0.29	0.29	0	0	0.2
5000	0.2	0.3	0.3	0	0	0.2
5100	0.2	0.3	0.3	0	0	0.2
5200	0.2	0.31	0.31	0	0	0.2
5300	0.21	0.3	0.3	0	0	0.21
5400	0.21	0.29	0.29	0	0	0.21
5500	0.18	0.28	0.28	0	0	0.18
5600	0.18	0.28	0.28	0	0	0.18
5700	0.2	0.3	0.3	0	0	0.2
5800	0.2	0.29	0.29	0	0	0.2
5900	0.2	0.28	0.28	0	0	0.2
6000	0.2	0.28	0.28	0	0	0.2
6100	0.21	0.29	0.29	0	0	0.21
6200	0.21	0.29	0.29	0	0	0.21
6300	0.21	0.3	0.3	0	0	0.21
6400	0.21	0.3	0.3	0	0	0.21
6500	0.21	0.3	0.3	0	0	0.21
6600	0.21	0.3	0.3	0	0	0.21
6700	0.22	0.3	0.3	0	0	0.22
6800	0.24	0.29	0.29	0	0	0.24
6900	0.23	0.29	0.29	0	0	0.23
7000	0.23	0.3	0.3	0	0	0.23
7100	0.23	0.31	0.31	0	0	0.23
7200	0.23	0.3	0.3	0	0	0.23
7300	0.23	0.31	0.31	0	0	0.23
7400	0.23	0.31	0.31	0	0	0.23
7500	0.23	0.31	0.31	0	0	0.23
7600	0.24	0.32	0.32	0	0	0.24
7700	0.25	0.32	0.32	0	0	0.25
7800	0.25	0.32	0.32	0	0	0.25
7900	0.24	0.32	0.32	0	0	0.24
8000	0.23	0.32	0.32	0	0	0.23
8100	0.23	0.32	0.32	0	0	0.23
8200	0.23	0.33	0.33	0	0	0.23
8300	0.22	0.33	0.33	0	0	0.22
8400	0.22	0.33	0.33	0	0	0.22
8500	0.22	0.32	0.32	0	0	0.22
8600	0.22	0.33	0.33	0	0	0.22
8700	0.21	0.33	0.33	0	0	0.21
8800	0.21	0.34	0.34	0	0	0.21
8900	0.21	0.35	0.35	0	0	0.21
9000	0.2	0.35	0.35	0	0	0.2
9100	0.2	0.35	0.35	0	0	0.2
9200	0.2	0.35	0.35	0	0	0.2
9300	0.2	0.35	0.35	0	0	0.2
9400	0.2	0.35	0.35	0	0	0.2
9500	0.2	0.35	0.35	0	0	0.2
9600	0.2	0.35	0.35	0	0	0.2
9700	0.2	0.36	0.36	0	0	0.2
9800	0.2	0.35	0.35	0	0	0.2
9900	0.2	0.35	0.35	0	0	0.2
10000	0.2	0.37	0.37	0	0	0.2
10100	0.2	0.36	0.36	0	0	0.2
10200	0.2	0.36	0.36	0	0	0.2
10300	0.2	0.37	0.37	0	0	0.2
10400	0.19	0.37	0.37	0	0	0.19
10500	0.2	0.37	0.37	0	0	0.2
10600	0.2	0.37	0.37	0	0	0.2
10700	0.2	0.37	0.37	0	0	0.2
10800	0.2	0.37	0.37	0	0	0.2
10900	0.2	0.37	0.37	0	0	0.2
11000	0.2	0.37	0.37	0	0	0.2
11100	0.19	0.36	0.36	0	0	0.19
11200	0.19	0.36	0.36	0	0	0.19
11300	0.2	0.36	0.36	0	0	0.2
11400	0.2	0.38	0.38	0	0	0.2
11500	0.2	0.37	0.37	0	0	0.2
11600	0.21	0.36	0.36	0	0	0.21
11700	0.21	0.36	0.36	0	0	0.21
11800	0.2	0.36	0.36	0	0	0.2
11900	0.21	0.37	0.37	0	0	0.21
12000	0.23	0.38	0.38	0	0	0.23
12100	0.24	0.37	0.37	0	0	0.24
12200	0.23	0.37	0.37	0	0	0.23
12300	0.23	0.37	0.37	0	0	0.23
12400	0.23	0.37	0.37	0	0	0.23
12500	0.23	0.38	0.38	0	0	0.23
12600	0.23	0.36	0.36	0	0	0.23
12700	0.23	0.37	0.37	0	0	0.23
12800	0.24	0.37	0.37	0	0	0.24
12900	0.24	0.37	0.37	0	0	0.24
13000	0.24	0.37	0.37	0	0	0.24
13100	0.24	0.37	0.37	0	0	0.24
13200	0.24	0.37	0.37	0	0	0.24
13300	0.24	0.38	0.38	0	0	0.24
13400	0.24	0.38	0.38	0	0	0.24
13500	0.24	0.4	0.4	0	0	0.24
13600	0.24	0.38	0.38	0	0	0.24
13700	0.24	0.37	0.37	0	0	0.24
13800	0.24	0.37	0.37	0	0	0.24
13900	0.24	0.37	0.37	0	0	0.24
14000	0.24	0.38	0.38	0	0	0.24
14100	0.24	0.37	0.37	0	0	0.24
14200	0.24	0.37	0.37	0	0	0.24
14300	0.24	0.37	0.37	0	0	0.24
14400	0.25	0.37	0.37	0	0	0.25
14500	0.23	0.37	0.37	0	0	0.23
14600	0.23	0.37	0.37	0	0	0.23
14700	0.23	0.37	0.37	0	0	0.23
14800	0.23	0.37	0.37	0	0	0.23
14900	0.22	0.38	0.38	0	0	0.22
15000	0.23	0.38	0.38	0	0	0.23
15100	0.23	0.38	0.38	0	0	0.23
15200	0.24	0.38	0.38	0	0	0.24
15300	0.24	0.39	0.39	0	0	0.24
15400	0.24	0.39	0.39	0	0	0.24
15500	0.25	0.4	0.4	0	0	0.25
15600	0.25	0.4	0.4	0	0	0.25
15700	0.26	0.4	0.4	0	0	0.26
15800	0.27	0.4	0.4	0	0	0.27
15900	0.27	0.4	0.4	0	0	0.27
16000	0.27	0.4	0.4	0	0	0.27
16100	0.27	0.39	0.39	0	0	0.27
16200	0.27	0.39	0.39	0	0	0.27
16300	0.27	0.39	0.39	0	0	0.27
16400	0.27	0.39	0.39	0	0	0.27
16500	0.27	0.39	0.39	0	0	0.27
16600	0.26	0.39	0.39	0	0	0.26
16700	0.26	0.39	0.39	0	0	0.26
16800	0.26	0.39	0.39	0	0	0.26
16900	0.26	0.4	0.4	0	0	0.26
17000	0.26	0.39	0.39	0	0	0.26
17100	0.25	0.38	0.38	0	0	0.25
17200	0.25	0.38	0.38	0	0	0.25
17300	0.25	0.38	0.38	0	0	0.25
17400	0.25	0.38	0.38	0	0	0.25
17500	0.25	0.37	0.37	0	0	0.25
17600	0.25	0.37	0.37	0	0	0.25
17700	0.25	0.37	0.37	0	0	0.25
17800	0.26	0.37	0.37	0	0	0.26
17900	0.25	0.38	0.38	0	0	0.25
18000	0.25	0.37	0.37	0	0	0.25
18100	0.25	0.37	0.37	0	0	0.25
18200	0.26	0.38	0.38	0	0	0.26
18300	0.26	0.38	0.38	0	0	0.26
18400	0.26	0.39	0.39	0	0	0.26
18500	0.26	0.38	0.38	0	0	0.26
18600	0.27	0.37	0.37	0	0	0.27
18700	0.27	0.38	0.38	0	0	0.27
18800	0.27	0.38	0.38	0	0	0.27
18900	0.28	0.39	0.39	0	0	0.28
19000	0.27	0.39	0.39	0	0	0.27
19100	0.26	0.39	0.39	0	0	0.26
19200	0.26	0.39	0.39	0	0	0.26
19300	0.26	0.39	0.39	0	0	0.26
19400	0.26	0.39	0.39	0	0	0.26
19500	0.26	0.39	0.39	0	0	0.26
19600	0.26	0.39	0.39	0	0	0.26
19700	0.27	0.39	0.39	0	0	0.27
19800	0.28	0.39	0.39	0	0	0.28
19900	0.28	0.39	0.39	0	0	0.28
20000	0.28	0.39	0.39	0	0	0.28
20100	0.29	0.4	0.4	0	0	0.29
20200	0.3	0.4	0.4	0	0	0.3
20300	0.3	0.4	0.4	0	0	0.3
20400	0.3	0.4	0.4	0	0	0.3
20500	0.3	0.4	0.4	0	0	0.3
20600	0.29	0.4	0.4	0	0	0.29
20700	0.29	0.4	0.4	0	0	0.29
20800	0.29	0.41	0.41	0	0	0.29
20900	0.29	0.41	0.41	0	0	0.29
21000	0.29	0.41	0.41	0	0	0.29
21100	0.29	0.41	0.41	0	0	0.29
21200	0.29	0.41	0.41	0	0	0.29
21300	0.29	0.41	0.41	0	0	0.29
21400	0.29	0.41	0.41	0	0	0.29
21500	0.29	0.41	0.41	0	0	0.29
21600	0.3	0.41	0.41	0	0	0.3
21700	0.29	0.41	0.41	0	0	0.29
21800	0.29	0.41	0.41	0	0	0.29
21900	0.29	0.42	0.42	0	0	0.29
22000	0.29	0.42	0.42	0	0	0.29
22100	0.29	0.42	0.42	0	0	0.29
22200	0.3	0.42	0.42	0	0	0.3
22300	0.31	0.42	0.42	0	0	0.31
22400	0.31	0.42	0.42	0	0	0.31
22500	0.32	0.42	0.42	0	0	0.32
22600	0.32	0.42	0.42	0	0	0.32
22700	0.32	0.42	0.42	0	0	0.32
22800	0.33	0.42	0.42	0	0	0.33
22900	0.32	0.42	0.42	0	0	0.32
23000	0.32	0.42	0.42	0	0	0.32
23100	0.32	0.42	0.42	0	0	0.32
23200	0.32	0.42	0.42	0	0	0.32
23300	0.32	0.42	0.42	0	0	0.32
23400	0.32	0.42	0.42	0	0	0.32
23500	0.32	0.43	0.43	0	0	0.32
23600	0.32	0.42	0.42	0	0	0.32
23700	0.32	0.42	0.42	0	0	0.32
23800	0.32	0.41	0.41	0	0	0.32
23900	0.32	0.4	0.4	0	0	0.32
24000	0.32	0.4	0.4	0	0	0.32
24100	0.33	0.4	0.4	0	0	0.33
24200	0.33	0.41	0.41	0	0	0.33
24300	0.34	0.41	0.41	0	0	0.34
24400	0.33	0.41	0.41	0	0	0.33
24500	0.32	0.41	0.41	0	0	0.32
24600	0.32	0.4	0.4	0	0	0.32
24700	0.32	0.4	0.4	0	0	0.32
24800	0.31	0.41	0.41	0	0	0.31
24900	0.31	0.4	0.4	0	0	0.31
25000	0.32	0.4	0.4	0	0	0.32
25100	0.33	0.4	0.4	0	0	0.33
25200	0.32	0.4	0.4	0	0	0.32
25300	0.32	0.4	0.4	0	0	0.32
25400	0.32	0.4	0.4	0	0	0.32
25500	0.31	0.4	0.4	0	0	0.31
25600	0.31	0.4	0.4	0	0	0.31
25700	0.31	0.4	0.4	0	0	0.31
25800	0.32	0.4	0.4	0	0	0.32
25900	0.32	0.4	0.4	0	0	0.32
26000	0.32	0.4	0.4	0	0	0.32
26100	0.32	0.4	0.4	0	0	0.32
26200	0.32	0.4	0.4	0	0	0.32
26300	0.31	0.4	0.4	0	0	0.31
26400	0.31	0.4	0.4	0	0	0.31
26500	0.31	0.4	0.4	0	0	0.31
26600	0.32	0.4	0.4	0	0	0.32
26700	0.32	0.4	0.4	0	0	0.32
26800	0.32	0.4	0.4	0	0	0.32
26900	0.32	0.41	0.41	0	0	0.32
27000	0.33	0.41	0.41	0	0	0.33
27100	0.33	0.41	0.41	0	0	0.33
27200	0.33	0.41	0.41	0	0	0.33
27300	0.33	0.41	0.41	0	0	0.33
27400	0.32	0.41	0.41	0	0	0.32
27500	0.32	0.41	0.41	0	0	0.32
27600	0.32	0.41	0.41	0	0	0.32
27700	0.33	0.41	0.41	0	0	0.33
27800	0.32	0.41	0.41	0	0	0.32
27900	0.33	0.41	0.41	0	0	0.33
28000	0.33	0.42	0.42	0	0	0.33
28100	0.35	0.41	0.41	0	0	0.35
28200	0.35	0.41	0.41	0	0	0.35
28300	0.34	0.41	0.41	0	0	0.34
28400	0.34	0.41	0.41	0	0	0.34
28500	0.34	0.41	0.41	0	0	0.34
28600	0.34	0.42	0.42	0	0	0.34
28700	0.34	0.42	0.42	0	0	0.34
28800	0.34	0.42	0.42	0	0	0.34
28900	0.34	0.42	0.42	0	0	0.34
29000	0.34	0.42	0.42	0	0	0.34
29100	0.34	0.43	0.43	0	0	0.34
29200	0.33	0.43	0.43	0	0	0.33
29300	0.33	0.43	0.43	0	0	0.33
29400	0.32	0.43	0.43	0	0	0.32
29500	0.32	0.43	0.43	0	0	0.32
29600	0.32	0.43	0.43	0	0	0.32
29700	0.32	0.43	0.43	0	0	0.32
29800	0.32	0.43	0.43	0	0	0.32
29900	0.33	0.43	0.43	0	0	0.33
30000	0.33	0.43	0.43	0	0	0.33
30100	0.33	0.43	0.43	0	0	0.33
30200	0.34	0.43	0.43	0	0	0.34
30300	0.34	0.43	0.43	0	0	0.34
30400	0.34	0.43	0.43	0	0	0.34
30500	0.34	0.44	0.44	0	0	0.34
30600	0.34	0.45	0.45	0	0	0.34
30700	0.34	0.44	0.44	0	0	0.34
30800	0.34	0.44	0.44	0	0	0.34
30900	0.34	0.44	0.44	0	0	0.34
31000	0.34	0.45	0.45	0	0	0.34
31100	0.34	0.45	0.45	0	0	0.34
31200	0.34	0.45	0.45	0	0	0.34
31300	0.34	0.45	0.45	0	0	0.34
31400	0.34	0.45	0.45	0	0	0.34
31500	0.34	0.46	0.46	0	0	0.34
31600	0.33	0.45	0.45	0	0	0.33
31700	0.33	0.44	0.44	0	0	0.33
31800	0.33	0.44	0.44	0	0	0.33
31900	0.33	0.44	0.44	0	0	0.33
32000	0.33	0.44	0.44	0	0	0.33
32100	0.33	0.44	0.44	0	0	0.33
32200	0.33	0.44	0.44	0	0	0.33
32300	0.33	0.44	0.44	0	0	0.33
32400	0.34	0.44	0.44	0	0	0.34
32500	0.33	0.44	0.44	0	0	0.33
32600	0.33	0.44	0.44	0	0	0.33
32700	0.33	0.44	0.44	0	0	0.33
32800	0.33	0.44	0.44	0	0	0.33
32900	0.33	0.44	0.44	0	0	0.33
33000	0.33	0.44	0.44	0	0	0.33
33100	0.33	0.44	0.44	0	0	0.33
33200	0.33	0.46	0.46	0	0	0.33
33300	0.33	0.45	0.45	0	0	0.33
33400	0.33	0.45	0.45	0	0	0.33
33500	0.33	0.45	0.45	0	0	0.33
33600	0.33	0.45	0.45	0	0	0.33
33700	0.33	0.45	0.45	0	0	0.33
33800	0.33	0.45	0.45	0	0	0.33
33900	0.33	0.45	0.45	0	0	0.33
34000	0.33	0.45	0.45	0	0	0.33
34100	0.33	0.46	0.46	0	0	0.33
34200	0.33	0.46	0.46	0	0	0.33
34300	0.33	0.46	0.46	0	0	0.33
34400	0.33	0.47	0.47	0	0	0.33
34500	0.33	0.47	0.47	0	0	0.33
34600	0.33	0.47	0.47	0	0	0.33
34700	0.33	0.47	0.47	0	0	0.33
34800	0.33	0.48	0.48	0	0	0.33
34900	0.33	0.48	0.48	0	0	0.33
35000	0.32	0.48	0.48	0	0	0.32
35100	0.32	0.48	0.48	0	0	0.32
35200	0.32	0.48	0.48	0	0	0.32
35300	0.3	0.48	0.48	0	0	0.3
35400	0.3	0.48	0.48	0	0	0.3
35500	0.31	0.49	0.49	0	0	0.31
35600	0.31	0.48	0.48	0	0	0.31
35700	0.31	0.48	0.48	0	0	0.31
35800	0.31	0.48	0.48	0	0	0.31
35900	0.31	0.48	0.48	0	0	0.31
36000	0.31	0.48	0.48	0	0	0.31
36100	0.31	0.48	0.48	0	0	0.31
36200	0.31	0.48	0.48	0	0	0.31
36300	0.31	0.48	0.48	0	0	0.31
36400	0.31	0.48	0.48	0	0	0.31
36500	0.31	0.47	0.47	0	0	0.31
36600	0.32	0.47	0.47	0	0	0.32
36700	0.32	0.47	0.47	0	0	0.32
36800	0.33	0.47	0.47	0	0	0.33
36900	0.33	0.47	0.47	0	0	0.33
37000	0.33	0.47	0.47	0	0	0.33
37100	0.33	0.47	0.47	0	0	0.33
37200	0.33	0.47	0.47	0	0	0.33
37300	0.33	0.47	0.47	0	0	0.33
37400	0.33	0.47	0.47	0	0	0.33
37500	0.33	0.47	0.47	0	0	0.33
37600	0.32	0.47	0.47	0	0	0.32
37700	0.32	0.47	0.47	0	0	0.32
37800	0.32	0.47	0.47	0	0	0.32
37900	0.32	0.47	0.47	0	0	0.32
38000	0.32	0.47	0.47	0	0	0.32
38100	0.32	0.47	0.47	0	0	0.32
38200	0.32	0.47	0.47	0	0	0.32
38300	0.32	0.47	0.47	0	0	0.32
38400	0.32	0.47	0.47	0	0	0.32
38500	0.33	0.47	0.47	0	0	0.33
38600	0.33	0.47	0.47	0	0	0.33
38700	0.33	0.47	0.47	0	0	0.33
38800	0.33	0.47	0.47	0	0	0.33
38900	0.33	0.47	0.47	0	0	0.33
39000	0.33	0.47	0.47	0	0	0.33
39100	0.33	0.47	0.47	0	0	0.33
39200	0.33	0.47	0.47	0	0	0.33
39300	0.33	0.47	0.47	0	0	0.33
39400	0.33	0.47	0.47	0	0	0.33
39500	0.33	0.47	0.47	0	0	0.33
39600	0.33	0.47	0.47	0	0	0.33
39700	0.35	0.47	0.47	0	0	0.35
39800	0.35	0.47	0.47	0	0	0.35
39900	0.33	0.47	0.47	0	0	0.33
40000	0.33	0.47	0.47	0	0	0.33
40100	0.34	0.47	0.47	0	0	0.34
40200	0.34	0.47	0.47	0	0	0.34
40300	0.34	0.47	0.47	0	0	0.34
40400	0.34	0.47	0.47	0	0	0.34
40500	0.34	0.47	0.47	0	0	0.34
40600	0.34	0.47	0.47	0	0	0.34
40700	0.34	0.47	0.47	0	0	0.34
40800	0.35	0.47	0.47	0	0	0.35
40900	0.35	0.47	0.47	0	0	0.35
41000	0.35	0.47	0.47	0	0	0.35
41100	0.35	0.47	0.47	0	0	0.35
41200	0.35	0.47	0.47	0	0	0.35
41300	0.34	0.47	0.47	0	0	0.34
41400	0.34	0.47	0.47	0	0	0.34
41500	0.34	0.47	0.47	0	0	0.34
41600	0.33	0.47	0.47	0	0	0.33
41700	0.33	0.47	0.47	0	0	0.33
41800	0.33	0.47	0.47	0	0	0.33
41900	0.33	0.48	0.48	0	0	0.33
42000	0.33	0.48	0.48	0	0	0.33
42100	0.33	0.48	0.48	0	0	0.33
42200	0.33	0.48	0.48	0	0	0.33
42300	0.34	0.48	0.48	0	0	0.34
42400	0.34	0.48	0.48	0	0	0.34
42500	0.34	0.48	0.48	0	0	0.34
42600	0.34	0.49	0.49	0	0	0.34
42700	0.34	0.49	0.49	0	0	0.34
42800	0.34	0.49	0.49	0	0	0.34
42900	0.34	0.49	0.49	0	0	0.34
43000	0.34	0.49	0.49	0	0	0.34
43100	0.34	0.49	0.49	0	0	0.34
43200	0.34	0.49	0.49	0	0	0.34
43300	0.34	0.49	0.49	0	0	0.34
43400	0.34	0.49	0.49	0	0	0.34
43500	0.34	0.5	0.5	0	0	0.34
43600	0.35	0.5	0.5	0	0	0.35
43700	0.35	0.5	0.5	0	0	0.35
43800	0.35	0.5	0.5	0	0	0.35
43900	0.35	0.5	0.5	0	0	0.35
44000	0.34	0.5	0.5	0	0	0.34
44100	0.35	0.5	0.5	0	0	0.35
44200	0.35	0.49	0.49	0	0	0.35
44300	0.35	0.49	0.49	0	0	0.35
44400	0.35	0.49	0.49	0	0	0.35
44500	0.35	0.49	0.49	0	0	0.35
44600	0.35	0.49	0.49	0	0	0.35
44700	0.36	0.49	0.49	0	0	0.36
44800	0.36	0.49	0.49	0	0	0.36
44900	0.36	0.49	0.49	0	0	0.36
45000	0.36	0.49	0.49	0	0	0.36
45100	0.36	0.49	0.49	0	0	0.36
45200	0.36	0.49	0.49	0	0	0.36
45300	0.36	0.49	0.49	0	0	0.36
45400	0.36	0.49	0.49	0	0	0.36
45500	0.35	0.49	0.49	0	0	0.35
45600	0.35	0.49	0.49	0	0	0.35
45700	0.35	0.49	0.49	0	0	0.35
45800	0.35	0.49	0.49	0	0	0.35
45900	0.35	0.49	0.49	0	0	0.35
46000	0.35	0.49	0.49	0	0	0.35
46100	0.35	0.49	0.49	0	0	0.35
46200	0.35	0.49	0.49	0	0	0.35
46300	0.35	0.49	0.49	0	0	0.35
46400	0.35	0.49	0.49	0	0	0.35
46500	0.35	0.49	0.49	0	0	0.35
46600	0.35	0.49	0.49	0	0	0.35
46700	0.36	0.49	0.49	0	0	0.36
46800	0.36	0.49	0.49	0	0	0.36
46900	0.36	0.49	0.49	0	0	0.36
47000	0.36	0.49	0.49	0	0	0.36
47100	0.37	0.48	0.48	0	0	0.37
47200	0.37	0.48	0.48	0	0	0.37
47300	0.37	0.48	0.48	0	0	0.37
47400	0.38	0.48	0.48	0	0	0.38
47500	0.36	0.48	0.48	0	0	0.36
47600	0.35	0.48	0.48	0	0	0.35
47700	0.35	0.48	0.48	0	0	0.35
47800	0.35	0.48	0.48	0	0	0.35
47900	0.36	0.48	0.48	0	0	0.36
48000	0.36	0.49	0.49	0	0	0.36
48100	0.36	0.49	0.49	0	0	0.36
48200	0.36	0.49	0.49	0	0	0.36
48300	0.37	0.49	0.49	0	0	0.37
48400	0.36	0.49	0.49	0	0	0.36
48500	0.36	0.49	0.49	0	0	0.36
48600	0.36	0.49	0.49	0	0	0.36
48700	0.36	0.5	0.5	0	0	0.36
48800	0.36	0.49	0.49	0	0	0.36
48900	0.36	0.49	0.49	0	0	0.36
49000	0.36	0.49	0.49	0	0	0.36
49100	0.36	0.49	0.49	0	0	0.36
49200	0.36	0.49	0.49	0	0	0.36
49300	0.36	0.49	0.49	0	0	0.36
49400	0.36	0.49	0.49	0	0	0.36
49500	0.36	0.49	0.49	0	0	0.36
49600	0.36	0.5	0.5	0	0	0.36
49700	0.36	0.51	0.51	0	0	0.36
49800	0.36	0.5	0.5	0	0	0.36
49900	0.36	0.5	0.5	0	0	0.36
50000	0.36	0.5	0.5	0	0	0.36
50100	0.36	0.5	0.5	0	0	0.36
50200	0.36	0.5	0.5	0	0	0.36
50300	0.36	0.5	0.5	0	0	0.36
50400	0.36	0.5	0.5	0	0	0.36
50500	0.36	0.5	0.5	0	0	0.36
50600	0.36	0.5	0.5	0	0	0.36
50700	0.36	0.5	0.5	0	0	0.36
50800	0.36	0.5	0.5	0	0	0.36
50900	0.36	0.51	0.51	0	0	0.36
51000	0.36	0.51	0.51	0	0	0.36
51100	0.36	0.51	0.51	0	0	0.36
51200	0.36	0.51	0.51	0	0	0.36
51300	0.36	0.51	0.51	0	0	0.36
51400	0.36	0.51	0.51	0	0	0.36
51500	0.36	0.52	0.52	0	0	0.36
51600	0.36	0.51	0.51	0	0	0.36
51700	0.36	0.51	0.51	0	0	0.36
51800	0.36	0.51	0.51	0	0	0.36
51900	0.36	0.51	0.51	0	0	0.36
52000	0.36	0.52	0.52	0	0	0.36
52100	0.36	0.53	0.53	0	0	0.36
52200	0.36	0.53	0.53	0	0	0.36
52300	0.36	0.53	0.53	0	0	0.36
52400	0.36	0.53	0.53	0	0	0.36
52500	0.36	0.53	0.53	0	0	0.36
52600	0.36	0.52	0.52	0	0	0.36
52700	0.36	0.52	0.52	0	0	0.36
52800	0.36	0.52	0.52	0	0	0.36
52900	0.36	0.52	0.52	0	0	0.36
53000	0.36	0.52	0.52	0	0	0.36
53100	0.36	0.52	0.52	0	0	0.36
53200	0.35	0.52	0.52	0	0	0.35
53300	0.35	0.52	0.52	0	0	0.35
53400	0.35	0.52	0.52	0	0	0.35
53500	0.35	0.52	0.52	0	0	0.35
53600	0.35	0.52	0.52	0	0	0.35
53700	0.35	0.52	0.52	0	0	0.35
53800	0.36	0.52	0.52	0	0	0.36
53900	0.36	0.52	0.52	0	0	0.36
54000	0.36	0.52	0.52	0	0	0.36
54100	0.36	0.52	0.52	0	0	0.36
54200	0.36	0.52	0.52	0	0	0.36
54300	0.36	0.52	0.52	0	0	0.36
54400	0.36	0.52	0.52	0	0	0.36
54500	0.36	0.52	0.52	0	0	0.36
54600	0.36	0.52	0.52	0	0	0.36
54700	0.36	0.52	0.52	0	0	0.36
54800	0.37	0.52	0.52	0	0	0.37
54900	0.37	0.52	0.52	0	0	0.37
55000	0.37	0.52	0.52	0	0	0.37
55100	0.37	0.52	0.52	0	0	0.37
55200	0.37	0.52	0.52	0	0	0.37
55300	0.37	0.52	0.52	0	0	0.37
55400	0.37	0.52	0.52	0	0	0.37
55500	0.38	0.52	0.52	0	0	0.38
55600	0.38	0.52	0.52	0	0	0.38
55700	0.38	0.52	0.52	0	0	0.38
55800	0.38	0.52	0.52	0	0	0.38
55900	0.38	0.52	0.52	0	0	0.38
56000	0.38	0.52	0.52	0	0	0.38
56100	0.38	0.52	0.52	0	0	0.38
56200	0.38	0.52	0.52	0	0	0.38
56300	0.38	0.52	0.52	0	0	0.38
56400	0.38	0.52	0.52	0	0	0.38
56500	0.38	0.52	0.52	0	0	0.38
56600	0.38	0.52	0.52	0	0	0.38
56700	0.39	0.53	0.53	0	0	0.39
56800	0.38	0.53	0.53	0	0	0.38
56900	0.38	0.53	0.53	0	0	0.38
57000	0.38	0.53	0.53	0	0	0.38
57100	0.39	0.53	0.53	0	0	0.39
57200	0.39	0.53	0.53	0	0	0.39
57300	0.39	0.53	0.53	0	0	0.39
57400	0.4	0.53	0.53	0	0	0.4
57500	0.39	0.53	0.53	0	0	0.39
57600	0.39	0.53	0.53	0	0	0.39
57700	0.39	0.53	0.53	0	0	0.39
57800	0.39	0.53	0.53	0	0	0.39
57900	0.39	0.53	0.53	0	0	0.39
58000	0.39	0.53	0.53	0	0	0.39
58100	0.39	0.53	0.53	0	0	0.39
58200	0.39	0.53	0.53	0	0	0.39
58300	0.39	0.53	0.53	0	0	0.39
58400	0.39	0.53	0.53	0	0	0.39
58500	0.39	0.53	0.53	0	0	0.39
58600	0.39	0.53	0.53	0	0	0.39
58700	0.39	0.53	0.53	0	0	0.39
58800	0.39	0.53	0.53	0	0	0.39
58900	0.39	0.53	0.53	0	0	0.39
59000	0.39	0.53	0.53	0	0	0.39
59100	0.39	0.53	0.53	0	0	0.39
59200	0.39	0.54	0.54	0	0	0.39
59300	0.39	0.54	0.54	0	0	0.39
59400	0.39	0.54	0.54	0	0	0.39
59500	0.39	0.53	0.53	0	0	0.39
59600	0.39	0.53	0.53	0	0	0.39
59700	0.39	0.53	0.53	0	0	0.39
59800	0.39	0.53	0.53	0	0	0.39
59900	0.39	0.52	0.52	0	0	0.39
60000	0.39	0.52	0.52	0	0	0.39
60100	0.38	0.5	0.5	0	0	0.38
60200	0.38	0.5	0.5	0	0	0.38
60300	0.38	0.5	0.5	0	0	0.38
60400	0.38	0.5	0.5	0	0	0.38
60500	0.38	0.5	0.5	0	0	0.38
60600	0.38	0.5	0.5	0	0	0.38
60700	0.38	0.5	0.5	0	0	0.38
60800	0.38	0.49	0.49	0	0	0.38
60900	0.38	0.49	0.49	0	0	0.38
61000	0.38	0.49	0.49	0	0	0.38
61100	0.38	0.49	0.49	0	0	0.38
61200	0.38	0.49	0.49	0	0	0.38
61300	0.38	0.49	0.49	0	0	0.38
61400	0.38	0.49	0.49	0	0	0.38
61500	0.38	0.49	0.49	0	0	0.38
61600	0.38	0.5	0.5	0	0	0.38
61700	0.38	0.49	0.49	0	0	0.38
61800	0.38	0.49	0.49	0	0	0.38
61900	0.38	0.49	0.49	0	0	0.38
62000	0.38	0.49	0.49	0	0	0.38
62100	0.38	0.49	0.49	0	0	0.38
62200	0.38	0.49	0.49	0	0	0.38
62300	0.38	0.49	0.49	0	0	0.38
62400	0.38	0.49	0.49	0	0	0.38
62500	0.38	0.5	0.5	0	0	0.38
62600	0.38	0.5	0.5	0	0	0.38
62700	0.38	0.5	0.5	0	0	0.38
62800	0.38	0.5	0.5	0	0	0.38
62900	0.38	0.5	0.5	0	0	0.38
63000	0.38	0.5	0.5	0	0	0.38
63100	0.39	0.5	0.5	0	0	0.39
63200	0.39	0.5	0.5	0	0	0.39
63300	0.39	0.5	0.5	0	0	0.39
63400	0.39	0.5	0.5	0	0	0.39
63500	0.39	0.5	0.5	0	0	0.39
63600	0.39	0.5	0.5	0	0	0.39
63700	0.39	0.5	0.5	0	0	0.39
63800	0.39	0.5	0.5	0	0	0.39
63900	0.39	0.5	0.5	0	0	0.39
64000	0.38	0.49	0.49	0	0	0.38
64100	0.38	0.5	0.5	0	0	0.38
64200	0.38	0.5	0.5	0	0	0.38
64300	0.38	0.5	0.5	0	0	0.38
64400	0.38	0.5	0.5	0	0	0.38
64500	0.38	0.5	0.5	0	0	0.38
64600	0.38	0.5	0.5	0	0	0.38
64700	0.38	0.5	0.5	0	0	0.38
64800	0.38	0.51	0.51	0	0	0.38
64900	0.38	0.51	0.51	0	0	0.38
65000	0.38	0.51	0.51	0	0	0.38
65100	0.38	0.5	0.5	0	0	0.38
65200	0.38	0.5	0.5	0	0	0.38
65300	0.38	0.5	0.5	0	0	0.38
65400	0.38	0.5	0.5	0	0	0.38
65500	0.39	0.5	0.5	0	0	0.39
65600	0.39	0.5	0.5	0	0	0.39
65700	0.39	0.5	0.5	0	0	0.39
65800	0.39	0.5	0.5	0	0	0.39
65900	0.39	0.5	0.5	0	0	0.39
66000	0.39	0.5	0.5	0	0	0.39
66100	0.39	0.51	0.51	0	0	0.39
66200	0.39	0.51	0.51	0	0	0.39
66300	0.39	0.5	0.5	0	0	0.39
66400	0.39	0.5	0.5	0	0	0.39
66500	0.39	0.5	0.5	0	0	0.39
66600	0.39	0.5	0.5	0	0	0.39
66700	0.39	0.5	0.5	0	0	0.39
66800	0.39	0.5	0.5	0	0	0.39
66900	0.39	0.5	0.5	0	0	0.39
67000	0.39	0.5	0.5	0	0	0.39
67100	0.39	0.5	0.5	0	0	0.39
67200	0.39	0.51	0.51	0	0	0.39
67300	0.39	0.5	0.5	0	0	0.39
67400	0.39	0.51	0.51	0	0	0.39
67500	0.39	0.51	0.51	0	0	0.39
67600	0.39	0.51	0.51	0	0	0.39
67700	0.39	0.51	0.51	0	0	0.39
67800	0.39	0.51	0.51	0	0	0.39
67900	0.39	0.51	0.51	0	0	0.39
68000	0.39	0.51	0.51	0	0	0.39
68100	0.39	0.51	0.51	0	0	0.39
68200	0.39	0.51	0.51	0	0	0.39
68300	0.39	0.51	0.51	0	0	0.39
68400	0.39	0.51	0.51	0	0	0.39
68500	0.39	0.51	0.51	0	0	0.39
68600	0.39	0.51	0.51	0	0	0.39
68700	0.39	0.51	0.51	0	0	0.39
68800	0.39	0.51	0.51	0	0	0.39
68900	0.39	0.51	0.51	0	0	0.39
69000	0.39	0.51	0.51	0	0	0.39
69100	0.38	0.51	0.51	0	0	0.38
69200	0.38	0.51	0.51	0	0	0.38
69300	0.38	0.51	0.51	0	0	0.38
69400	0.38	0.51	0.51	0	0	0.38
69500	0.38	0.51	0.51	0	0	0.38
69600	0.38	0.52	0.52	0	0	0.38
69700	0.38	0.52	0.52	0	0	0.38
69800	0.38	0.52	0.52	0	0	0.38
69900	0.38	0.52	0.52	0	0	0.38
70000	0.38	0.52	0.52	0	0	0.38
70100	0.37	0.52	0.52	0	0	0.37
70200	0.37	0.52	0.52	0	0	0.37
70300	0.37	0.52	0.52	0	0	0.37
70400	0.37	0.52	0.52	0	0	0.37
70500	0.37	0.52	0.52	0	0	0.37
70600	0.37	0.52	0.52	0	0	0.37
70700	0.37	0.52	0.52	0	0	0.37
70800	0.37	0.52	0.52	0	0	0.37
70900	0.37	0.52	0.52	0	0	0.37
71000	0.37	0.51	0.51	0	0	0.37
71100	0.37	0.51	0.51	0	0	0.37
71200	0.37	0.51	0.51	0	0	0.37
71300	0.38	0.51	0.51	0	0	0.38
71400	0.38	0.51	0.51	0	0	0.38
71500	0.38	0.51	0.51	0	0	0.38
71600	0.38	0.51	0.51	0	0	0.38
71700	0.38	0.51	0.51	0	0	0.38
71800	0.38	0.51	0.51	0	0	0.38
71900	0.38	0.51	0.51	0	0	0.38
72000	0.38	0.52	0.52	0	0	0.38
72100	0.38	0.52	0.52	0	0	0.38
72200	0.38	0.52	0.52	0	0	0.38
72300	0.38	0.53	0.53	0	0	0.38
72400	0.38	0.53	0.53	0	0	0.38
72500	0.38	0.53	0.53	0	0	0.38
72600	0.38	0.52	0.52	0	0	0.38
72700	0.38	0.52	0.52	0	0	0.38
72800	0.38	0.52	0.52	0	0	0.38
72900	0.38	0.52	0.52	0	0	0.38
73000	0.38	0.52	0.52	0	0	0.38
73100	0.38	0.52	0.52	0	0	0.38
73200	0.38	0.52	0.52	0	0	0.38
73300	0.38	0.52	0.52	0	0	0.38
73400	0.38	0.52	0.52	0	0	0.38
73500	0.38	0.52	0.52	0	0	0.38
73600	0.38	0.52	0.52	0	0	0.38
73700	0.38	0.52	0.52	0	0	0.38
73800	0.38	0.52	0.52	0	0	0.38
73900	0.38	0.52	0.52	0	0	0.38
74000	0.38	0.52	0.52	0	0	0.38
74100	0.38	0.52	0.52	0	0	0.38
74200	0.39	0.52	0.52	0	0	0.39
74300	0.38	0.52	0.52	0	0	0.38
74400	0.38	0.52	0.52	0	0	0.38
74500	0.38	0.52	0.52	0	0	0.38
74600	0.38	0.52	0.52	0	0	0.38
74700	0.38	0.52	0.52	0	0	0.38
74800	0.38	0.53	0.53	0	0	0.38
74900	0.38	0.53	0.53	0	0	0.38
75000	0.38	0.53	0.53	0	0	0.38
75100	0.38	0.53	0.53	0	0	0.38
75200	0.39	0.53	0.53	0	0	0.39
75300	0.39	0.53	0.53	0	0	0.39
75400	0.39	0.54	0.54	0	0	0.39
75500	0.39	0.53	0.53	0	0	0.39
75600	0.39	0.53	0.53	0	0	0.39
75700	0.39	0.53	0.53	0	0	0.39
75800	0.39	0.53	0.53	0	0	0.39
75900	0.38	0.53	0.53	0	0	0.38
76000	0.38	0.53	0.53	0	0	0.38
76100	0.38	0.53	0.53	0	0	0.38
76200	0.37	0.53	0.53	0	0	0.37
76300	0.36	0.53	0.53	0	0	0.36
76400	0.36	0.53	0.53	0	0	0.36
76500	0.36	0.53	0.53	0	0	0.36
76600	0.36	0.53	0.53	0	0	0.36
76700	0.36	0.53	0.53	0	0	0.36
76800	0.36	0.53	0.53	0	0	0.36
76900	0.36	0.53	0.53	0	0	0.36
77000	0.36	0.53	0.53	0	0	0.36
77100	0.36	0.53	0.53	0	0	0.36
77200	0.36	0.53	0.53	0	0	0.36
77300	0.36	0.53	0.53	0	0	0.36
77400	0.36	0.54	0.54	0	0	0.36
77500	0.36	0.53	0.53	0	0	0.36
77600	0.36	0.53	0.53	0	0	0.36
77700	0.36	0.53	0.53	0	0	0.36
77800	0.36	0.53	0.53	0	0	0.36
77900	0.36	0.53	0.53	0	0	0.36
78000	0.36	0.53	0.53	0	0	0.36
78100	0.36	0.53	0.53	0	0	0.36
78200	0.36	0.53	0.53	0	0	0.36
78300	0.36	0.53	0.53	0	0	0.36
78400	0.36	0.53	0.53	0	0	0.36
78500	0.36	0.53	0.53	0	0	0.36
78600	0.36	0.52	0.52	0	0	0.36
78700	0.36	0.52	0.52	0	0	0.36
78800	0.36	0.52	0.52	0	0	0.36
78900	0.36	0.52	0.52	0	0	0.36
79000	0.36	0.52	0.52	0	0	0.36
79100	0.36	0.52	0.52	0	0	0.36
79200	0.36	0.52	0.52	0	0	0.36
79300	0.36	0.52	0.52	0	0	0.36
79400	0.36	0.52	0.52	0	0	0.36
79500	0.36	0.52	0.52	0	0	0.36
79600	0.37	0.52	0.52	0	0	0.37
79700	0.37	0.52	0.52	0	0	0.37
79800	0.37	0.52	0.52	0	0	0.37
79900	0.37	0.52	0.52	0	0	0.37
80000	0.37	0.52	0.52	0	0	0.37
80100	0.37	0.52	0.52	0	0	0.37
80200	0.37	0.51	0.51	0	0	0.37
80300	0.36	0.52	0.52	0	0	0.36
80400	0.36	0.52	0.52	0	0	0.36
80500	0.36	0.52	0.52	0	0	0.36
80600	0.36	0.52	0.52	0	0	0.36
80700	0.36	0.52	0.52	0	0	0.36
80800	0.36	0.52	0.52	0	0	0.36
80900	0.36	0.52	0.52	0	0	0.36
81000	0.36	0.52	0.52	0	0	0.36
81100	0.36	0.52	0.52	0	0	0.36
81200	0.36	0.52	0.52	0	0	0.36
81300	0.36	0.52	0.52	0	0	0.36
81400	0.36	0.52	0.52	0	0	0.36
81500	0.36	0.52	0.52	0	0	0.36
81600	0.36	0.52	0.52	0	0	0.36
81700	0.36	0.52	0.52	0	0	0.36
81800	0.36	0.53	0.53	0	0	0.36
81900	0.36	0.53	0.53	0	0	0.36
82000	0.36	0.53	0.53	0	0	0.36
82100	0.36	0.53	0.53	0	0	0.36
82200	0.36	0.53	0.53	0	0	0.36
82300	0.36	0.53	0.53	0	0	0.36
82400	0.36	0.53	0.53	0	0	0.36
82500	0.37	0.53	0.53	0	0	0.37
82600	0.37	0.53	0.53	0	0	0.37
82700	0.37	0.52	0.52	0	0	0.37
82800	0.37	0.52	0.52	0	0	0.37
82900	0.37	0.52	0.52	0	0	0.37
83000	0.37	0.52	0.52	0	0	0.37
83100	0.37	0.52	0.52	0	0	0.37
83200	0.37	0.52	0.52	0	0	0.37
83300	0.37	0.52	0.52	0	0	0.37
83400	0.37	0.52	0.52	0	0	0.37
83500	0.37	0.52	0.52	0	0	0.37
83600	0.37	0.52	0.52	0	0	0.37
83700	0.37	0.52	0.52	0	0	0.37
83800	0.37	0.52	0.52	0	0	0.37
83900	0.37	0.52	0.52	0	0	0.37
84000	0.36	0.52	0.52	0	0	0.36
84100	0.36	0.52	0.52	0	0	0.36
84200	0.35	0.52	0.52	0	0	0.35
84300	0.35	0.52	0.52	0	0	0.35
84400	0.35	0.52	0.52	0	0	0.35
84500	0.35	0.51	0.51	0	0	0.35
84600	0.35	0.51	0.51	0	0	0.35
84700	0.34	0.51	0.51	0	0	0.34
84800	0.34	0.51	0.51	0	0	0.34
84900	0.34	0.51	0.51	0	0	0.34
85000	0.34	0.51	0.51	0	0	0.34
85100	0.34	0.51	0.51	0	0	0.34
85200	0.34	0.51	0.51	0	0	0.34
85300	0.34	0.51	0.51	0	0	0.34
85400	0.35	0.51	0.51	0	0	0.35
85500	0.35	0.51	0.51	0	0	0.35
85600	0.35	0.51	0.51	0	0	0.35
85700	0.35	0.51	0.51	0	0	0.35
85800	0.35	0.51	0.51	0	0	0.35
85900	0.35	0.51	0.51	0	0	0.35
86000	0.35	0.51	0.51	0	0	0.35
86100	0.35	0.5	0.5	0	0	0.35
86200	0.35	0.5	0.5	0	0	0.35
86300	0.35	0.5	0.5	0	0	0.35
86400	0.35	0.5	0.5	0	0	0.35
86500	0.35	0.5	0.5	0	0	0.35
86600	0.35	0.49	0.49	0	0	0.35
86700	0.36	0.49	0.49	0	0	0.36
86800	0.36	0.49	0.49	0	0	0.36
86900	0.35	0.49	0.49	0	0	0.35
87000	0.35	0.49	0.49	0	0	0.35
87100	0.35	0.49	0.49	0	0	0.35
87200	0.35	0.49	0.49	0	0	0.35
87300	0.35	0.49	0.49	0	0	0.35
87400	0.35	0.49	0.49	0	0	0.35
87500	0.35	0.5	0.5	0	0	0.35
87600	0.35	0.5	0.5	0	0	0.35
87700	0.35	0.51	0.51	0	0	0.35
87800	0.35	0.51	0.51	0	0	0.35
87900	0.34	0.51	0.51	0	0	0.34
88000	0.34	0.51	0.51	0	0	0.34
88100	0.34	0.51	0.51	0	0	0.34
88200	0.34	0.51	0.51	0	0	0.34
88300	0.34	0.51	0.51	0	0	0.34
88400	0.34	0.51	0.51	0	0	0.34
88500	0.34	0.51	0.51	0	0	0.34
88600	0.34	0.51	0.51	0	0	0.34
88700	0.34	0.52	0.52	0	0	0.34
88800	0.34	0.52	0.52	0	0	0.34
88900	0.34	0.52	0.52	0	0	0.34
89000	0.34	0.52	0.52	0	0	0.34
89100	0.34	0.52	0.52	0	0	0.34
89200	0.34	0.52	0.52	0	0	0.34
89300	0.34	0.52	0.52	0	0	0.34
89400	0.34	0.52	0.52	0	0	0.34
89500	0.34	0.51	0.51	0	0	0.34
89600	0.34	0.51	0.51	0	0	0.34
89700	0.34	0.51	0.51	0	0	0.34
89800	0.34	0.51	0.51	0	0	0.34
89900	0.34	0.51	0.51	0	0	0.34
90000	0.34	0.51	0.51	0	0	0.34
90100	0.34	0.51	0.51	0	0	0.34
90200	0.34	0.51	0.51	0	0	0.34
90300	0.34	0.51	0.51	0	0	0.34
90400	0.34	0.51	0.51	0	0	0.34
90500	0.35	0.51	0.51	0	0	0.35
90600	0.35	0.51	0.51	0	0	0.35
90700	0.35	0.51	0.51	0	0	0.35
90800	0.34	0.51	0.51	0	0	0.34
90900	0.34	0.51	0.51	0	0	0.34
91000	0.34	0.51	0.51	0	0	0.34
91100	0.33	0.52	0.52	0	0	0.33
91200	0.33	0.52	0.52	0	0	0.33
91300	0.33	0.51	0.51	0	0	0.33
91400	0.33	0.51	0.51	0	0	0.33
91500	0.33	0.51	0.51	0	0	0.33
91600	0.33	0.51	0.51	0	0	0.33
91700	0.33	0.51	0.51	0	0	0.33
91800	0.33	0.51	0.51	0	0	0.33
91900	0.34	0.51	0.51	0	0	0.34
92000	0.34	0.51	0.51	0	0	0.34
92100	0.34	0.51	0.51	0	0	0.34
92200	0.34	0.52	0.52	0	0	0.34
92300	0.34	0.51	0.51	0	0	0.34
92400	0.34	0.51	0.51	0	0	0.34
92500	0.34	0.51	0.51	0	0	0.34
92600	0.34	0.51	0.51	0	0	0.34
92700	0.34	0.52	0.52	0	0	0.34
92800	0.34	0.52	0.52	0	0	0.34
92900	0.34	0.52	0.52	0	0	0.34
93000	0.34	0.52	0.52	0	0	0.34
93100	0.34	0.52	0.52	0	0	0.34
93200	0.34	0.52	0.52	0	0	0.34
93300	0.34	0.52	0.52	0	0	0.34
93400	0.34	0.52	0.52	0	0	0.34
93500	0.34	0.52	0.52	0	0	0.34
93600	0.34	0.52	0.52	0	0	0.34
93700	0.34	0.52	0.52	0	0	0.34
93800	0.34	0.52	0.52	0	0	0.34
93900	0.34	0.52	0.52	0	0	0.34
94000	0.34	0.52	0.52	0	0	0.34
94100	0.34	0.52	0.52	0	0	0.34
94200	0.34	0.52	0.52	0	0	0.34
94300	0.33	0.52	0.52	0	0	0.33
94400	0.34	0.52	0.52	0	0	0.34
94500	0.34	0.52	0.52	0	0	0.34
94600	0.33	0.52	0.52	0	0	0.33
94700	0.33	0.52	0.52	0	0	0.33
94800	0.33	0.52	0.52	0	0	0.33
94900	0.33	0.52	0.52	0	0	0.33
95000	0.33	0.52	0.52	0	0	0.33
95100	0.33	0.52	0.52	0	0	0.33
95200	0.33	0.52	0.52	0	0	0.33
95300	0.33	0.52	0.52	0	0	0.33
95400	0.33	0.52	0.52	0	0	0.33
95500	0.33	0.52	0.52	0	0	0.33
95600	0.33	0.53	0.53	0	0	0.33
95700	0.33	0.53	0.53	0	0	0.33
95800	0.33	0.53	0.53	0	0	0.33
95900	0.33	0.53	0.53	0	0	0.33
96000	0.33	0.53	0.53	0	0	0.33
96100	0.34	0.53	0.53	0	0	0.34
96200	0.34	0.53	0.53	0	0	0.34
96300	0.34	0.53	0.53	0	0	0.34
96400	0.34	0.53	0.53	0	0	0.34
96500	0.34	0.53	0.53	0	0	0.34
96600	0.34	0.53	0.53	0	0	0.34
96700	0.34	0.53	0.53	0	0	0.34
96800	0.34	0.53	0.53	0	0	0.34
96900	0.34	0.53	0.53	0	0	0.34
97000	0.34	0.53	0.53	0	0	0.34
97100	0.34	0.53	0.53	0	0	0.34
97200	0.34	0.53	0.53	0	0	0.34
97300	0.34	0.54	0.54	0	0	0.34
97400	0.34	0.54	0.54	0	0	0.34
97500	0.34	0.54	0.54	0	0	0.34
97600	0.34	0.55	0.55	0	0	0.34
97700	0.35	0.55	0.55	0	0	0.35
97800	0.35	0.55	0.55	0	0	0.35
97900	0.35	0.55	0.55	0	0	0.35
98000	0.35	0.55	0.55	0	0	0.35
98100	0.35	0.55	0.55	0	0	0.35
98200	0.35	0.55	0.55	0	0	0.35
98300	0.35	0.55	0.55	0	0	0.35
98400	0.35	0.55	0.55	0	0	0.35
98500	0.36	0.55	0.55	0	0	0.36
98600	0.35	0.55	0.55	0	0	0.35
98700	0.35	0.55	0.55	0	0	0.35
98800	0.34	0.54	0.54	0	0	0.34
98900	0.34	0.54	0.54	0	0	0.34
99000	0.34	0.54	0.54	0	0	0.34
99100	0.34	0.54	0.54	0	0	0.34
99200	0.34	0.54	0.54	0	0	0.34
99300	0.34	0.53	0.53	0	0	0.34
99400	0.34	0.54	0.54	0	0	0.34
99500	0.34	0.54	0.54	0	0	0.34
99600	0.34	0.54	0.54	0	0	0.34
99700	0.34	0.54	0.54	0	0	0.34
99800	0.34	0.54	0.54	0	0	0.34
99900	0.34	0.54	0.54	0	0	0.34
100000	0.34	0.54	0.54	0	0	0.34
100100	0.34	0.54	0.54	0	0	0.34
100200	0.34	0.55	0.55	0	0	0.34
100300	0.34	0.54	0.54	0	0	0.34
100400	0.34	0.54	0.54	0	0	0.34
100500	0.34	0.54	0.54	0	0	0.34
100600	0.34	0.54	0.54	0	0	0.34
100700	0.34	0.54	0.54	0	0	0.34
100800	0.34	0.54	0.54	0	0	0.34
100900	0.34	0.54	0.54	0	0	0.34
101000	0.34	0.54	0.54	0	0	0.34
101100	0.34	0.54	0.54	0	0	0.34
101200	0.33	0.54	0.54	0	0	0.33
101300	0.33	0.54	0.54	0	0	0.33
101400	0.33	0.54	0.54	0	0	0.33
101500	0.33	0.54	0.54	0	0	0.33
101600	0.33	0.55	0.55	0	0	0.33
101700	0.33	0.55	0.55	0	0	0.33
101800	0.33	0.55	0.55	0	0	0.33
101900	0.34	0.56	0.56	0	0	0.34
102000	0.34	0.56	0.56	0	0	0.34
102100	0.34	0.56	0.56	0	0	0.34
102200	0.34	0.56	0.56	0	0	0.34
102300	0.34	0.56	0.56	0	0	0.34
102400	0.33	0.55	0.55	0	0	0.33
102500	0.33	0.55	0.55	0	0	0.33
102600	0.33	0.54	0.54	0	0	0.33
102700	0.34	0.54	0.54	0	0	0.34
102800	0.34	0.54	0.54	0	0	0.34
102900	0.33	0.54	0.54	0	0	0.33
103000	0.34	0.54	0.54	0	0	0.34
103100	0.34	0.54	0.54	0	0	0.34
103200	0.34	0.54	0.54	0	0	0.34
103300	0.34	0.54	0.54	0	0	0.34
103400	0.34	0.54	0.54	0	0	0.34
103500	0.34	0.54	0.54	0	0	0.34
103600	0.34	0.55	0.55	0	0	0.34
103700	0.34	0.55	0.55	0	0	0.34
103800	0.35	0.55	0.55	0	0	0.35
103900	0.35	0.55	0.55	0	0	0.35
104000	0.34	0.55	0.55	0	0	0.34
104100	0.34	0.55	0.55	0	0	0.34
104200	0.34	0.55	0.55	0	0	0.34
104300	0.34	0.55	0.55	0	0	0.34
104400	0.34	0.55	0.55	0	0	0.34
104500	0.34	0.55	0.55	0	0	0.34
104600	0.34	0.55	0.55	0	0	0.34
104700	0.35	0.55	0.55	0	0	0.35
104800	0.35	0.55	0.55	0	0	0.35
104900	0.35	0.55	0.55	0	0	0.35
105000	0.35	0.55	0.55	0	0	0.35
105100	0.35	0.55	0.55	0	0	0.35
105200	0.35	0.54	0.54	0	0	0.35
105300	0.35	0.55	0.55	0	0	0.35
105400	0.35	0.55	0.55	0	0	0.35
105500	0.35	0.55	0.55	0	0	0.35
105600	0.36	0.55	0.55	0	0	0.36
105700	0.35	0.55	0.55	0	0	0.35
105800	0.35	0.55	0.55	0	0	0.35
105900	0.35	0.55	0.55	0	0	0.35
106000	0.35	0.54	0.54	0	0	0.35
106100	0.35	0.53	0.53	0	0	0.35
106200	0.35	0.53	0.53	0	0	0.35
106300	0.35	0.53	0.53	0	0	0.35
106400	0.35	0.53	0.53	0	0	0.35
106500	0.35	0.53	0.53	0	0	0.35
106600	0.35	0.53	0.53	0	0	0.35
106700	0.35	0.53	0.53	0	0	0.35
106800	0.35	0.53	0.53	0	0	0.35
106900	0.35	0.53	0.53	0	0	0.35
107000	0.35	0.53	0.53	0	0	0.35
107100	0.35	0.53	0.53	0	0	0.35
107200	0.35	0.53	0.53	0	0	0.35
107300	0.35	0.53	0.53	0	0	0.35
107400	0.35	0.53	0.53	0	0	0.35
107500	0.35	0.53	0.53	0	0	0.35
107600	0.36	0.53	0.53	0	0	0.36
107700	0.36	0.53	0.53	0	0	0.36
107800	0.36	0.53	0.53	0	0	0.36
107900	0.36	0.53	0.53	0	0	0.36
108000	0.36	0.53	0.53	0	0	0.36
108100	0.36	0.54	0.54	0	0	0.36
108200	0.36	0.54	0.54	0	0	0.36
108300	0.36	0.54	0.54	0	0	0.36
108400	0.36	0.54	0.54	0	0	0.36
108500	0.36	0.54	0.54	0	0	0.36
108600	0.36	0.54	0.54	0	0	0.36
108700	0.36	0.54	0.54	0	0	0.36
108800	0.36	0.54	0.54	0	0	0.36
108900	0.36	0.54	0.54	0	0	0.36
109000	0.36	0.54	0.54	0	0	0.36
109100	0.36	0.54	0.54	0	0	0.36
109200	0.36	0.54	0.54	0	0	0.36
109300	0.36	0.54	0.54	0	0	0.36
109400	0.36	0.54	0.54	0	0	0.36
109500	0.36	0.54	0.54	0	0	0.36
109600	0.36	0.54	0.54	0	0	0.36
109700	0.36	0.54	0.54	0	0	0.36
109800	0.35	0.54	0.54	0	0	0.35
109900	0.35	0.54	0.54	0	0	0.35
110000	0.35	0.54	0.54	0	0	0.35
110100	0.35	0.54	0.54	0	0	0.35
110200	0.35	0.54	0.54	0	0	0.35
110300	0.35	0.54	0.54	0	0	0.35
110400	0.35	0.54	0.54	0	0	0.35
110500	0.35	0.54	0.54	0	0	0.35
110600	0.35	0.54	0.54	0	0	0.35
110700	0.35	0.54	0.54	0	0	0.35
110800	0.35	0.54	0.54	0	0	0.35
110900	0.35	0.54	0.54	0	0	0.35
111000	0.35	0.54	0.54	0	0	0.35
111100	0.36	0.54	0.54	0	0	0.36
111200	0.35	0.54	0.54	0	0	0.35
111300	0.35	0.54	0.54	0	0	0.35
111400	0.35	0.54	0.54	0	0	0.35
111500	0.35	0.54	0.54	0	0	0.35
111600	0.35	0.54	0.54	0	0	0.35
111700	0.34	0.54	0.54	0	0	0.34
111800	0.34	0.54	0.54	0	0	0.34
111900	0.34	0.54	0.54	0	0	0.34
112000	0.34	0.54	0.54	0	0	0.34
112100	0.34	0.54	0.54	0	0	0.34
112200	0.34	0.54	0.54	0	0	0.34
112300	0.34	0.54	0.54	0	0	0.34
112400	0.34	0.54	0.54	0	0	0.34
112500	0.34	0.54	0.54	0	0	0.34
112600	0.34	0.54	0.54	0	0	0.34
112700	0.34	0.54	0.54	0	0	0.34
112800	0.34	0.54	0.54	0	0	0.34
112900	0.34	0.54	0.54	0	0	0.34
113000	0.34	0.54	0.54	0	0	0.34
113100	0.34	0.54	0.54	0	0	0.34
113200	0.34	0.54	0.54	0	0	0.34
113300	0.34	0.54	0.54	0	0	0.34
113400	0.34	0.54	0.54	0	0	0.34
113500	0.34	0.54	0.54	0	0	0.34
113600	0.35	0.54	0.54	0	0	0.35
113700	0.34	0.54	0.54	0	0	0.34
113800	0.34	0.54	0.54	0	0	0.34
113900	0.34	0.54	0.54	0	0	0.34
114000	0.34	0.54	0.54	0	0	0.34
114100	0.35	0.54	0.54	0	0	0.35
114200	0.35	0.54	0.54	0	0	0.35
114300	0.35	0.54	0.54	0	0	0.35
114400	0.35	0.54	0.54	0	0	0.35
114500	0.35	0.54	0.54	0	0	0.35
114600	0.35	0.54	0.54	0	0	0.35
114700	0.33	0.54	0.54	0	0	0.33
114800	0.33	0.54	0.54	0	0	0.33
114900	0.33	0.54	0.54	0	0	0.33
115000	0.33	0.54	0.54	0	0	0.33
115100	0.33	0.54	0.54	0	0	0.33
115200	0.33	0.54	0.54	0	0	0.33
115300	0.33	0.54	0.54	0	0	0.33
115400	0.33	0.54	0.54	0	0	0.33
115500	0.33	0.54	0.54	0	0	0.33
115600	0.33	0.54	0.54	0	0	0.33
115700	0.33	0.54	0.54	0	0	0.33
115800	0.35	0.54	0.54	0	0	0.35
115900	0.34	0.54	0.54	0	0	0.34
116000	0.34	0.54	0.54	0	0	0.34
116100	0.34	0.54	0.54	0	0	0.34
116200	0.34	0.54	0.54	0	0	0.34
116300	0.34	0.54	0.54	0	0	0.34
116400	0.34	0.54	0.54	0	0	0.34
116500	0.34	0.54	0.54	0	0	0.34
116600	0.33	0.54	0.54	0	0	0.33
116700	0.33	0.54	0.54	0	0	0.33
116800	0.33	0.54	0.54	0	0	0.33
116900	0.33	0.54	0.54	0	0	0.33
117000	0.33	0.54	0.54	0	0	0.33
117100	0.33	0.54	0.54	0	0	0.33
117200	0.33	0.54	0.54	0	0	0.33
117300	0.33	0.54	0.54	0	0	0.33
117400	0.33	0.54	0.54	0	0	0.33
117500	0.33	0.54	0.54	0	0	0.33
117600	0.33	0.54	0.54	0	0	0.33
117700	0.33	0.54	0.54	0	0	0.33
117800	0.33	0.55	0.55	0	0	0.33
117900	0.33	0.54	0.54	0	0	0.33
118000	0.33	0.54	0.54	0	0	0.33
118100	0.33	0.54	0.54	0	0	0.33
118200	0.33	0.54	0.54	0	0	0.33
118300	0.33	0.54	0.54	0	0	0.33
118400	0.33	0.54	0.54	0	0	0.33
118500	0.33	0.54	0.54	0	0	0.33
118600	0.33	0.55	0.55	0	0	0.33
118700	0.33	0.55	0.55	0	0	0.33
118800	0.33	0.55	0.55	0	0	0.33
118900	0.33	0.55	0.55	0	0	0.33
119000	0.33	0.55	0.55	0	0	0.33
119100	0.33	0.56	0.56	0	0	0.33
119200	0.33	0.56	0.56	0	0	0.33
119300	0.33	0.55	0.55	0	0	0.33
119400	0.33	0.55	0.55	0	0	0.33
119500	0.33	0.55	0.55	0	0	0.33
119600	0.33	0.55	0.55	0	0	0.33
119700	0.33	0.56	0.56	0	0	0.33
119800	0.33	0.56	0.56	0	0	0.33
119900	0.33	0.56	0.56	0	0	0.33
120000	0.33	0.56	0.56	0	0	0.33
120100	0.33	0.56	0.56	0	0	0.33
120200	0.33	0.56	0.56	0	0	0.33
120300	0.33	0.57	0.57	0	0	0.33
120400	0.33	0.56	0.56	0	0	0.33
120500	0.33	0.56	0.56	0	0	0.33
120600	0.33	0.56	0.56	0	0	0.33
120700	0.33	0.56	0.56	0	0	0.33
120800	0.33	0.57	0.57	0	0	0.33
120900	0.33	0.57	0.57	0	0	0.33
121000	0.33	0.56	0.56	0	0	0.33
121100	0.33	0.56	0.56	0	0	0.33
121200	0.33	0.56	0.56	0	0	0.33
121300	0.33	0.56	0.56	0	0	0.33
121400	0.33	0.56	0.56	0	0	0.33
121500	0.33	0.56	0.56	0	0	0.33
121600	0.33	0.56	0.56	0	0	0.33
121700	0.33	0.56	0.56	0	0	0.33
121800	0.33	0.56	0.56	0	0	0.33
121900	0.33	0.56	0.56	0	0	0.33
122000	0.33	0.55	0.55	0	0	0.33
122100	0.33	0.55	0.55	0	0	0.33
122200	0.33	0.55	0.55	0	0	0.33
122300	0.33	0.55	0.55	0	0	0.33
122400	0.33	0.55	0.55	0	0	0.33
122500	0.33	0.55	0.55	0	0	0.33
122600	0.33	0.56	0.56	0	0	0.33
122700	0.33	0.55	0.55	0	0	0.33
122800	0.33	0.55	0.55	0	0	0.33
122900	0.33	0.55	0.55	0	0	0.33
123000	0.33	0.55	0.55	0	0	0.33
123100	0.33	0.56	0.56	0	0	0.33
123200	0.33	0.55	0.55	0	0	0.33
123300	0.33	0.55	0.55	0	0	0.33
123400	0.33	0.55	0.55	0	0	0.33
123500	0.33	0.55	0.55	0	0	0.33
123600	0.33	0.55	0.55	0	0	0.33
123700	0.33	0.55	0.55	0	0	0.33
123800	0.33	0.55	0.55	0	0	0.33
123900	0.34	0.55	0.55	0	0	0.34
124000	0.34	0.55	0.55	0	0	0.34
124100	0.34	0.55	0.55	0	0	0.34
124200	0.34	0.55	0.55	0	0	0.34
124300	0.35	0.55	0.55	0	0	0.35
124400	0.34	0.55	0.55	0	0	0.34
124500	0.34	0.55	0.55	0	0	0.34
124600	0.34	0.55	0.55	0	0	0.34
124700	0.34	0.55	0.55	0	0	0.34
124800	0.35	0.55	0.55	0	0	0.35
124900	0.34	0.55	0.55	0	0	0.34
125000	0.34	0.54	0.54	0	0	0.34
125100	0.34	0.54	0.54	0	0	0.34
125200	0.34	0.54	0.54	0	0	0.34
125300	0.34	0.54	0.54	0	0	0.34
125400	0.34	0.54	0.54	0	0	0.34
125500	0.34	0.54	0.54	0	0	0.34
125600	0.34	0.54	0.54	0	0	0.34
125700	0.34	0.54	0.54	0	0	0.34
125800	0.34	0.54	0.54	0	0	0.34
125900	0.34	0.54	0.54	0	0	0.34
126000	0.34	0.54	0.54	0	0	0.34
126100	0.34	0.54	0.54	0	0	0.34
126200	0.34	0.54	0.54	0	0	0.34
126300	0.34	0.54	0.54	0	0	0.34
126400	0.34	0.54	0.54	0	0	0.34
126500	0.34	0.54	0.54	0	0	0.34
126600	0.35	0.54	0.54	0	0	0.35
126700	0.35	0.54	0.54	0	0	0.35
126800	0.35	0.54	0.54	0	0	0.35
126900	0.35	0.54	0.54	0	0	0.35
127000	0.35	0.54	0.54	0	0	0.35
127100	0.35	0.54	0.54	0	0	0.35
127200	0.35	0.55	0.55	0	0	0.35
127300	0.35	0.54	0.54	0	0	0.35
127400	0.35	0.54	0.54	0	0	0.35
127500	0.34	0.54	0.54	0	0	0.34
127600	0.34	0.54	0.54	0	0	0.34
127700	0.34	0.54	0.54	0	0	0.34
127800	0.34	0.54	0.54	0	0	0.34
127900	0.34	0.55	0.55	0	0	0.34
128000	0.34	0.55	0.55	0	0	0.34
128100	0.34	0.55	0.55	0	0	0.34
128200	0.35	0.55	0.55	0	0	0.35
128300	0.36	0.55	0.55	0	0	0.36
128400	0.36	0.55	0.55	0	0	0.36
128500	0.36	0.55	0.55	0	0	0.36
128600	0.36	0.55	0.55	0	0	0.36
128700	0.35	0.55	0.55	0	0	0.35
128800	0.35	0.55	0.55	0	0	0.35
128900	0.35	0.55	0.55	0	0	0.35
129000	0.35	0.55	0.55	0	0	0.35
129100	0.35	0.55	0.55	0	0	0.35
129200	0.35	0.55	0.55	0	0	0.35
129300	0.35	0.55	0.55	0	0	0.35
129400	0.35	0.55	0.55	0	0	0.35
129500	0.35	0.55	0.55	0	0	0.35
129600	0.35	0.55	0.55	0	0	0.35
129700	0.35	0.56	0.56	0	0	0.35
129800	0.35	0.55	0.55	0	0	0.35
129900	0.35	0.55	0.55	0	0	0.35
130000	0.36	0.55	0.55	0	0	0.36
130100	0.36	0.55	0.55	0	0	0.36
130200	0.36	0.55	0.55	0	0	0.36
130300	0.36	0.55	0.55	0	0	0.36
130400	0.36	0.55	0.55	0	0	0.36
130500	0.36	0.55	0.55	0	0	0.36
130600	0.36	0.55	0.55	0	0	0.36
130700	0.36	0.54	0.54	0	0	0.36
130800	0.36	0.54	0.54	0	0	0.36
130900	0.35	0.54	0.54	0	0	0.35
131000	0.35	0.55	0.55	0	0	0.35
131100	0.35	0.54	0.54	0	0	0.35
131200	0.35	0.54	0.54	0	0	0.35
131300	0.35	0.54	0.54	0	0	0.35
131400	0.35	0.54	0.54	0	0	0.35
131500	0.35	0.54	0.54	0	0	0.35
131600	0.35	0.54	0.54	0	0	0.35
131700	0.35	0.54	0.54	0	0	0.35
131800	0.35	0.54	0.54	0	0	0.35
131900	0.35	0.54	0.54	0	0	0.35
132000	0.35	0.54	0.54	0	0	0.35
132100	0.35	0.54	0.54	0	0	0.35
132200	0.36	0.54	0.54	0	0	0.36
132300	0.36	0.54	0.54	0	0	0.36
132400	0.36	0.54	0.54	0	0	0.36
132500	0.36	0.54	0.54	0	0	0.36
132600	0.36	0.54	0.54	0	0	0.36
132700	0.36	0.54	0.54	0	0	0.36
132800	0.36	0.54	0.54	0	0	0.36
132900	0.36	0.54	0.54	0	0	0.36
133000	0.36	0.54	0.54	0	0	0.36
133100	0.37	0.54	0.54	0	0	0.37
133200	0.36	0.54	0.54	0	0	0.36
133300	0.36	0.54	0.54	0	0	0.36
133400	0.36	0.54	0.54	0	0	0.36
133500	0.36	0.54	0.54	0	0	0.36
133600	0.36	0.54	0.54	0	0	0.36
133700	0.36	0.54	0.54	0	0	0.36
133800	0.36	0.54	0.54	0	0	0.36
133900	0.36	0.54	0.54	0	0	0.36
134000	0.36	0.54	0.54	0	0	0.36
134100	0.36	0.54	0.54	0	0	0.36
134200	0.36	0.54	0.54	0	0	0.36
134300	0.36	0.54	0.54	0	0	0.36
134400	0.36	0.54	0.54	0	0	0.36
134500	0.37	0.54	0.54	0	0	0.37
134600	0.37	0.54	0.54	0	0	0.37
134700	0.37	0.54	0.54	0	0	0.37
134800	0.36	0.55	0.55	0	0	0.36
134900	0.36	0.54	0.54	0	0	0.36
135000	0.36	0.54	0.54	0	0	0.36
135100	0.36	0.54	0.54	0	0	0.36
135200	0.36	0.54	0.54	0	0	0.36
135300	0.36	0.54	0.54	0	0	0.36
135400	0.36	0.54	0.54	0	0	0.36
135500	0.35	0.54	0.54	0	0	0.35
135600	0.36	0.54	0.54	0	0	0.36
135700	0.36	0.54	0.54	0	0	0.36
135800	0.36	0.54	0.54	0	0	0.36
135900	0.36	0.54	0.54	0	0	0.36
136000	0.36	0.54	0.54	0	0	0.36
136100	0.36	0.54	0.54	0	0	0.36
136200	0.37	0.54	0.54	0	0	0.37
136300	0.37	0.54	0.54	0	0	0.37
136400	0.37	0.54	0.54	0	0	0.37
136500	0.37	0.54	0.54	0	0	0.37
136600	0.37	0.54	0.54	0	0	0.37
136700	0.37	0.54	0.54	0	0	0.37
136800	0.37	0.54	0.54	0	0	0.37
136900	0.37	0.54	0.54	0	0	0.37
137000	0.37	0.54	0.54	0	0	0.37
137100	0.37	0.54	0.54	0	0	0.37
137200	0.37	0.54	0.54	0	0	0.37
137300	0.37	0.54	0.54	0	0	0.37
137400	0.36	0.54	0.54	0	0	0.36
137500	0.36	0.54	0.54	0	0	0.36
137600	0.36	0.54	0.54	0	0	0.36
137700	0.36	0.54	0.54	0	0	0.36
137800	0.36	0.54	0.54	0	0	0.36
137900	0.36	0.54	0.54	0	0	0.36
138000	0.36	0.54	0.54	0	0	0.36
138100	0.36	0.54	0.54	0	0	0.36
138200	0.36	0.54	0.54	0	0	0.36
138300	0.36	0.54	0.54	0	0	0.36
138400	0.36	0.54	0.54	0	0	0.36
138500	0.36	0.54	0.54	0	0	0.36
138600	0.37	0.54	0.54	0	0	0.37
138700	0.37	0.54	0.54	0	0	0.37
138800	0.37	0.54	0.54	0	0	0.37
138900	0.37	0.54	0.54	0	0	0.37
139000	0.37	0.54	0.54	0	0	0.37
139100	0.37	0.54	0.54	0	0	0.37
139200	0.38	0.54	0.54	0	0	0.38
139300	0.38	0.54	0.54	0	0	0.38
139400	0.38	0.54	0.54	0	0	0.38
139500	0.38	0.54	0.54	0	0	0.38
139600	0.38	0.54	0.54	0	0	0.38
139700	0.38	0.54	0.54	0	0	0.38
139800	0.38	0.54	0.54	0	0	0.38
139900	0.38	0.54	0.54	0	0	0.38
140000	0.38	0.54	0.54	0	0	0.38
140100	0.38	0.54	0.54	0	0	0.38
140200	0.38	0.54	0.54	0	0	0.38
140300	0.38	0.54	0.54	0	0	0.38
140400	0.38	0.54	0.54	0	0	0.38
140500	0.38	0.55	0.55	0	0	0.38
140600	0.38	0.54	0.54	0	0	0.38
140700	0.38	0.54	0.54	0	0	0.38
140800	0.38	0.54	0.54	0	0	0.38
140900	0.38	0.54	0.54	0	0	0.38
141000	0.38	0.54	0.54	0	0	0.38
141100	0.38	0.54	0.54	0	0	0.38
141200	0.38	0.54	0.54	0	0	0.38
141300	0.38	0.54	0.54	0	0	0.38
141400	0.38	0.54	0.54	0	0	0.38
141500	0.38	0.54	0.54	0	0	0.38
141600	0.38	0.54	0.54	0	0	0.38
141700	0.38	0.54	0.54	0	0	0.38
141800	0.38	0.54	0.54	0	0	0.38
141900	0.38	0.54	0.54	0	0	0.38
142000	0.38	0.54	0.54	0	0	0.38
142100	0.38	0.54	0.54	0	0	0.38
142200	0.38	0.54	0.54	0	0	0.38
142300	0.38	0.54	0.54	0	0	0.38
142400	0.38	0.54	0.54	0	0	0.38
142500	0.38	0.54	0.54	0	0	0.38
142600	0.38	0.54	0.54	0	0	0.38
142700	0.38	0.54	0.54	0	0	0.38
142800	0.38	0.54	0.54	0	0	0.38
142900	0.38	0.54	0.54	0	0	0.38
143000	0.38	0.54	0.54	0	0	0.38
143100	0.38	0.54	0.54	0	0	0.38
143200	0.38	0.54	0.54	0	0	0.38
143300	0.38	0.54	0.54	0	0	0.38
143400	0.38	0.54	0.54	0	0	0.38
143500	0.38	0.54	0.54	0	0	0.38
143600	0.38	0.54	0.54	0	0	0.38
143700	0.38	0.54	0.54	0	0	0.38
143800	0.38	0.54	0.54	0	0	0.38
143900	0.37	0.54	0.54	0	0	0.37
144000	0.37	0.55	0.55	0	0	0.37
144100	0.37	0.55	0.55	0	0	0.37
144200	0.37	0.55	0.55	0	0	0.37
144300	0.37	0.55	0.55	0	0	0.37
144400	0.37	0.55	0.55	0	0	0.37
144500	0.37	0.55	0.55	0	0	0.37
144600	0.37	0.55	0.55	0	0	0.37
144700	0.37	0.55	0.55	0	0	0.37
144800	0.37	0.55	0.55	0	0	0.37
144900	0.37	0.55	0.55	0	0	0.37
145000	0.36	0.55	0.55	0	0	0.36
145100	0.36	0.55	0.55	0	0	0.36
145200	0.36	0.55	0.55	0	0	0.36
145300	0.36	0.55	0.55	0	0	0.36
145400	0.36	0.54	0.54	0	0	0.36
145500	0.36	0.54	0.54	0	0	0.36
145600	0.37	0.54	0.54	0	0	0.37
145700	0.37	0.54	0.54	0	0	0.37
145800	0.37	0.54	0.54	0	0	0.37
145900	0.37	0.54	0.54	0	0	0.37
146000	0.37	0.54	0.54	0	0	0.37
146100	0.37	0.54	0.54	0	0	0.37
146200	0.37	0.54	0.54	0	0	0.37
146300	0.37	0.54	0.54	0	0	0.37
146400	0.37	0.54	0.54	0	0	0.37
146500	0.37	0.54	0.54	0	0	0.37
146600	0.37	0.54	0.54	0	0	0.37
146700	0.37	0.54	0.54	0	0	0.37
146800	0.37	0.54	0.54	0	0	0.37
146900	0.37	0.54	0.54	0	0	0.37
147000	0.37	0.54	0.54	0	0	0.37
147100	0.37	0.54	0.54	0	0	0.37
147200	0.37	0.54	0.54	0	0	0.37
147300	0.37	0.54	0.54	0	0	0.37
147400	0.37	0.53	0.53	0	0	0.37
147500	0.37	0.53	0.53	0	0	0.37
147600	0.37	0.53	0.53	0	0	0.37
147700	0.37	0.53	0.53	0	0	0.37
147800	0.37	0.53	0.53	0	0	0.37
147900	0.37	0.53	0.53	0	0	0.37
148000	0.36	0.53	0.53	0	0	0.36
148100	0.36	0.53	0.53	0	0	0.36
148200	0.36	0.53	0.53	0	0	0.36
148300	0.36	0.53	0.53	0	0	0.36
148400	0.36	0.53	0.53	0	0	0.36
148500	0.36	0.53	0.53	0	0	0.36
148600	0.36	0.53	0.53	0	0	0.36
148700	0.36	0.53	0.53	0	0	0.36
148800	0.36	0.53	0.53	0	0	0.36
148900	0.36	0.53	0.53	0	0	0.36
149000	0.36	0.53	0.53	0	0	0.36
149100	0.36	0.53	0.53	0	0	0.36
149200	0.36	0.53	0.53	0	0	0.36
149300	0.36	0.53	0.53	0	0	0.36
149400	0.36	0.53	0.53	0	0	0.36
149500	0.36	0.53	0.53	0	0	0.36
149600	0.36	0.53	0.53	0	0	0.36
149700	0.36	0.53	0.53	0	0	0.36
149800	0.36	0.53	0.53	0	0	0.36
149900	0.36	0.53	0.53	0	0	0.36
150000	0.36	0.53	0.53	0	0	0.36
150100	0.36	0.53	0.53	0	0	0.36
150200	0.36	0.53	0.53	0	0	0.36
150300	0.36	0.54	0.54	0	0	0.36
150400	0.36	0.54	0.54	0	0	0.36
150500	0.36	0.54	0.54	0	0	0.36
150600	0.36	0.54	0.54	0	0	0.36
150700	0.36	0.54	0.54	0	0	0.36
150800	0.36	0.54	0.54	0	0	0.36
150900	0.36	0.55	0.55	0	0	0.36
151000	0.36	0.55	0.55	0	0	0.36
151100	0.36	0.55	0.55	0	0	0.36
151200	0.36	0.55	0.55	0	0	0.36
151300	0.36	0.55	0.55	0	0	0.36
151400	0.36	0.55	0.55	0	0	0.36
151500	0.36	0.55	0.55	0	0	0.36
151600	0.36	0.55	0.55	0	0	0.36
151700	0.36	0.55	0.55	0	0	0.36
151800	0.37	0.55	0.55	0	0	0.37
151900	0.37	0.55	0.55	0	0	0.37
152000	0.37	0.55	0.55	0	0	0.37
152100	0.37	0.55	0.55	0	0	0.37
152200	0.37	0.55	0.55	0	0	0.37
152300	0.37	0.55	0.55	0	0	0.37
152400	0.37	0.55	0.55	0	0	0.37
152500	0.37	0.55	0.55	0	0	0.37
152600	0.37	0.55	0.55	0	0	0.37
152700	0.37	0.55	0.55	0	0	0.37
152800	0.37	0.55	0.55	0	0	0.37
152900	0.37	0.55	0.55	0	0	0.37
153000	0.37	0.55	0.55	0	0	0.37
153100	0.37	0.55	0.55	0	0	0.37
153200	0.37	0.55	0.55	0	0	0.37
153300	0.37	0.55	0.55	0	0	0.37
153400	0.37	0.55	0.55	0	0	0.37
153500	0.37	0.55	0.55	0	0	0.37
153600	0.37	0.55	0.55	0	0	0.37
153700	0.37	0.55	0.55	0	0	0.37
153800	0.37	0.55	0.55	0	0	0.37
153900	0.37	0.55	0.55	0	0	0.37
154000	0.37	0.55	0.55	0	0	0.37
154100	0.37	0.55	0.55	0	0	0.37
154200	0.37	0.55	0.55	0	0	0.37
154300	0.37	0.55	0.55	0	0	0.37
154400	0.37	0.55	0.55	0	0	0.37
154500	0.37	0.55	0.55	0	0	0.37
154600	0.37	0.55	0.55	0	0	0.37
154700	0.37	0.55	0.55	0	0	0.37
154800	0.37	0.55	0.55	0	0	0.37
154900	0.37	0.55	0.55	0	0	0.37
155000	0.37	0.55	0.55	0	0	0.37
155100	0.37	0.55	0.55	0	0	0.37
155200	0.37	0.54	0.54	0	0	0.37
155300	0.37	0.54	0.54	0	0	0.37
155400	0.37	0.54	0.54	0	0	0.37
155500	0.37	0.54	0.54	0	0	0.37
155600	0.37	0.54	0.54	0	0	0.37
155700	0.37	0.54	0.54	0	0	0.37
155800	0.37	0.54	0.54	0	0	0.37
155900	0.37	0.54	0.54	0	0	0.37
156000	0.37	0.54	0.54	0	0	0.37
156100	0.37	0.54	0.54	0	0	0.37
156200	0.37	0.54	0.54	0	0	0.37
156300	0.37	0.54	0.54	0	0	0.37
156400	0.37	0.54	0.54	0	0	0.37
156500	0.37	0.54	0.54	0	0	0.37
156600	0.37	0.54	0.54	0	0	0.37
156700	0.37	0.54	0.54	0	0	0.37
156800	0.37	0.54	0.54	0	0	0.37
156900	0.37	0.54	0.54	0	0	0.37
157000	0.37	0.54	0.54	0	0	0.37
157100	0.37	0.54	0.54	0	0	0.37
157200	0.37	0.54	0.54	0	0	0.37
157300	0.37	0.54	0.54	0	0	0.37
157400	0.37	0.54	0.54	0	0	0.37
157500	0.37	0.54	0.54	0	0	0.37
157600	0.37	0.54	0.54	0	0	0.37
157700	0.37	0.54	0.54	0	0	0.37
157800	0.37	0.54	0.54	0	0	0.37
157900	0.37	0.54	0.54	0	0	0.37
158000	0.37	0.54	0.54	0	0	0.37
158100	0.37	0.54	0.54	0	0	0.37
158200	0.37	0.54	0.54	0	0	0.37
158300	0.37	0.54	0.54	0	0	0.37
158400	0.37	0.54	0.54	0	0	0.37
158500	0.37	0.54	0.54	0	0	0.37
158600	0.37	0.54	0.54	0	0	0.37
158700	0.37	0.54	0.54	0	0	0.37
158800	0.38	0.54	0.54	0	0	0.38
158900	0.39	0.54	0.54	0	0	0.39
159000	0.39	0.55	0.55	0	0	0.39
159100	0.39	0.55	0.55	0	0	0.39
159200	0.39	0.55	0.55	0	0	0.39
159300	0.39	0.55	0.55	0	0	0.39
159400	0.39	0.55	0.55	0	0	0.39
159500	0.39	0.55	0.55	0	0	0.39
159600	0.39	0.55	0.55	0	0	0.39
159700	0.39	0.55	0.55	0	0	0.39
159800	0.39	0.55	0.55	0	0	0.39
159900	0.39	0.55	0.55	0	0	0.39
160000	0.39	0.55	0.55	0	0	0.39
160100	0.39	0.55	0.55	0	0	0.39
160200	0.39	0.55	0.55	0	0	0.39
160300	0.39	0.55	0.55	0	0	0.39
160400	0.39	0.55	0.55	0	0	0.39
160500	0.39	0.55	0.55	0	0	0.39
160600	0.39	0.55	0.55	0	0	0.39
160700	0.39	0.55	0.55	0	0	0.39
160800	0.38	0.55	0.55	0	0	0.38
160900	0.38	0.55	0.55	0	0	0.38
161000	0.38	0.55	0.55	0	0	0.38
161100	0.38	0.55	0.55	0	0	0.38
161200	0.38	0.55	0.55	0	0	0.38
161300	0.38	0.55	0.55	0	0	0.38
161400	0.36	0.55	0.55	0	0	0.36
161500	0.37	0.55	0.55	0	0	0.37
161600	0.36	0.55	0.55	0	0	0.36
161700	0.35	0.55	0.55	0	0	0.35
161800	0.35	0.55	0.55	0	0	0.35
161900	0.35	0.56	0.56	0	0	0.35
162000	0.35	0.55	0.55	0	0	0.35
162100	0.36	0.55	0.55	0	0	0.36
162200	0.36	0.55	0.55	0	0	0.36
162300	0.36	0.55	0.55	0	0	0.36
162400	0.36	0.55	0.55	0	0	0.36
162500	0.36	0.55	0.55	0	0	0.36
162600	0.36	0.55	0.55	0	0	0.36
162700	0.36	0.55	0.55	0	0	0.36
162800	0.36	0.55	0.55	0	0	0.36
162900	0.36	0.55	0.55	0	0	0.36
163000	0.36	0.55	0.55	0	0	0.36
163100	0.37	0.55	0.55	0	0	0.37
163200	0.36	0.55	0.55	0	0	0.36
163300	0.35	0.55	0.55	0	0	0.35
163400	0.35	0.55	0.55	0	0	0.35
163500	0.35	0.55	0.55	0	0	0.35
163600	0.35	0.55	0.55	0	0	0.35
163700	0.35	0.55	0.55	0	0	0.35
163800	0.35	0.55	0.55	0	0	0.35
163900	0.35	0.55	0.55	0	0	0.35
164000	0.35	0.55	0.55	0	0	0.35
164100	0.35	0.55	0.55	0	0	0.35
164200	0.35	0.55	0.55	0	0	0.35
164300	0.34	0.55	0.55	0	0	0.34
164400	0.34	0.55	0.55	0	0	0.34
164500	0.35	0.55	0.55	0	0	0.35
164600	0.35	0.55	0.55	0	0	0.35
164700	0.34	0.55	0.55	0	0	0.34
164800	0.34	0.55	0.55	0	0	0.34
164900	0.34	0.55	0.55	0	0	0.34
165000	0.34	0.55	0.55	0	0	0.34
165100	0.34	0.55	0.55	0	0	0.34
165200	0.35	0.56	0.56	0	0	0.35
165300	0.35	0.56	0.56	0	0	0.35
165400	0.35	0.56	0.56	0	0	0.35
165500	0.35	0.56	0.56	0	0	0.35
165600	0.35	0.56	0.56	0	0	0.35
165700	0.35	0.56	0.56	0	0	0.35
165800	0.35	0.56	0.56	0	0	0.35
165900	0.35	0.56	0.56	0	0	0.35
166000	0.35	0.56	0.56	0	0	0.35
166100	0.35	0.56	0.56	0	0	0.35
166200	0.35	0.56	0.56	0	0	0.35
166300	0.35	0.56	0.56	0	0	0.35
166400	0.35	0.56	0.56	0	0	0.35
166500	0.35	0.56	0.56	0	0	0.35
166600	0.35	0.56	0.56	0	0	0.35
166700	0.35	0.56	0.56	0	0	0.35
166800	0.35	0.56	0.56	0	0	0.35
166900	0.35	0.56	0.56	0	0	0.35
167000	0.35	0.56	0.56	0	0	0.35
167100	0.35	0.56	0.56	0	0	0.35
167200	0.35	0.57	0.57	0	0	0.35
167300	0.35	0.57	0.57	0	0	0.35
167400	0.35	0.57	0.57	0	0	0.35
167500	0.35	0.57	0.57	0	0	0.35
167600	0.35	0.57	0.57	0	0	0.35
167700	0.35	0.57	0.57	0	0	0.35
167800	0.35	0.57	0.57	0	0	0.35
167900	0.35	0.57	0.57	0	0	0.35
168000	0.35	0.57	0.57	0	0	0.35
168100	0.35	0.57	0.57	0	0	0.35
168200	0.35	0.57	0.57	0	0	0.35
168300	0.35	0.57	0.57	0	0	0.35
168400	0.35	0.57	0.57	0	0	0.35
168500	0.35	0.57	0.57	0	0	0.35
168600	0.35	0.57	0.57	0	0	0.35
168700	0.35	0.57	0.57	0	0	0.35
168800	0.35	0.57	0.57	0	0	0.35
168900	0.35	0.57	0.57	0	0	0.35
169000	0.35	0.57	0.57	0	0	0.35
169100	0.35	0.57	0.57	0	0	0.35
169200	0.35	0.57	0.57	0	0	0.35
169300	0.36	0.57	0.57	0	0	0.36
169400	0.36	0.57	0.57	0	0	0.36
169500	0.35	0.57	0.57	0	0	0.35
169600	0.35	0.57	0.57	0	0	0.35
169700	0.36	0.57	0.57	0	0	0.36
169800	0.36	0.57	0.57	0	0	0.36
169900	0.36	0.58	0.58	0	0	0.36
170000	0.36	0.58	0.58	0	0	0.36
170100	0.36	0.58	0.58	0	0	0.36
170200	0.36	0.58	0.58	0	0	0.36
170300	0.36	0.58	0.58	0	0	0.36
170400	0.36	0.58	0.58	0	0	0.36
170500	0.36	0.58	0.58	0	0	0.36
170600	0.36	0.58	0.58	0	0	0.36
170700	0.36	0.58	0.58	0	0	0.36
170800	0.36	0.58	0.58	0	0	0.36
170900	0.36	0.58	0.58	0	0	0.36
171000	0.36	0.58	0.58	0	0	0.36
171100	0.36	0.58	0.58	0	0	0.36
171200	0.36	0.58	0.58	0	0	0.36
171300	0.36	0.58	0.58	0	0	0.36
171400	0.36	0.58	0.58	0	0	0.36
171500	0.36	0.58	0.58	0	0	0.36
171600	0.36	0.58	0.58	0	0	0.36
171700	0.36	0.58	0.58	0	0	0.36
171800	0.36	0.58	0.58	0	0	0.36
171900	0.37	0.58	0.58	0	0	0.37
172000	0.37	0.58	0.58	0	0	0.37
172100	0.36	0.58	0.58	0	0	0.36
172200	0.36	0.58	0.58	0	0	0.36
172300	0.35	0.58	0.58	0	0	0.35
172400	0.35	0.58	0.58	0	0	0.35
172500	0.35	0.58	0.58	0	0	0.35
172600	0.35	0.58	0.58	0	0	0.35
172700	0.35	0.59	0.59	0	0	0.35
172800	0.35	0.59	0.59	0	0	0.35
172900	0.35	0.59	0.59	0	0	0.35
173000	0.35	0.59	0.59	0	0	0.35
173100	0.35	0.59	0.59	0	0	0.35
173200	0.35	0.59	0.59	0	0	0.35
173300	0.35	0.59	0.59	0	0	0.35
173400	0.35	0.59	0.59	0	0	0.35
173500	0.35	0.59	0.59	0	0	0.35
173600	0.35	0.59	0.59	0	0	0.35
173700	0.35	0.59	0.59	0	0	0.35
173800	0.35	0.59	0.59	0	0	0.35
173900	0.35	0.59	0.59	0	0	0.35
174000	0.36	0.59	0.59	0	0	0.36
174100	0.35	0.59	0.59	0	0	0.35
174200	0.35	0.59	0.59	0	0	0.35
174300	0.35	0.59	0.59	0	0	0.35
174400	0.35	0.59	0.59	0	0	0.35
174500	0.35	0.59	0.59	0	0	0.35
174600	0.35	0.6	0.6	0	0	0.35
174700	0.35	0.6	0.6	0	0	0.35
174800	0.35	0.6	0.6	0	0	0.35
174900	0.35	0.59	0.59	0	0	0.35
175000	0.35	0.58	0.58	0	0	0.35
175100	0.35	0.58	0.58	0	0	0.35
175200	0.35	0.58	0.58	0	0	0.35
175300	0.35	0.59	0.59	0	0	0.35
175400	0.35	0.59	0.59	0	0	0.35
175500	0.35	0.59	0.59	0	0	0.35
175600	0.35	0.59	0.59	0	0	0.35
175700	0.35	0.59	0.59	0	0	0.35
175800	0.35	0.59	0.59	0	0	0.35
175900	0.35	0.59	0.59	0	0	0.35
176000	0.35	0.59	0.59	0	0	0.35
176100	0.35	0.59	0.59	0	0	0.35
176200	0.35	0.59	0.59	0	0	0.35
176300	0.35	0.59	0.59	0	0	0.35
176400	0.34	0.59	0.59	0	0	0.34
176500	0.34	0.59	0.59	0	0	0.34
176600	0.34	0.59	0.59	0	0	0.34
176700	0.34	0.59	0.59	0	0	0.34
176800	0.34	0.59	0.59	0	0	0.34
176900	0.34	0.59	0.59	0	0	0.34
177000	0.34	0.59	0.59	0	0	0.34
177100	0.34	0.59	0.59	0	0	0.34
177200	0.34	0.59	0.59	0	0	0.34
177300	0.34	0.59	0.59	0	0	0.34
177400	0.34	0.59	0.59	0	0	0.34
177500	0.34	0.59	0.59	0	0	0.34
177600	0.34	0.59	0.59	0	0	0.34
177700	0.34	0.59	0.59	0	0	0.34
177800	0.34	0.59	0.59	0	0	0.34
177900	0.34	0.59	0.59	0	0	0.34
178000	0.34	0.59	0.59	0	0	0.34
178100	0.34	0.59	0.59	0	0	0.34
178200	0.34	0.59	0.59	0	0	0.34
178300	0.34	0.59	0.59	0	0	0.34
178400	0.34	0.59	0.59	0	0	0.34
178500	0.34	0.59	0.59	0	0	0.34
178600	0.34	0.59	0.59	0	0	0.34
178700	0.34	0.59	0.59	0	0	0.34
178800	0.34	0.59	0.59	0	0	0.34
178900	0.33	0.59	0.59	0	0	0.33
179000	0.33	0.59	0.59	0	0	0.33
179100	0.33	0.59	0.59	0	0	0.33
179200	0.33	0.59	0.59	0	0	0.33
179300	0.33	0.59	0.59	0	0	0.33
179400	0.33	0.59	0.59	0	0	0.33
179500	0.33	0.59	0.59	0	0	0.33
179600	0.33	0.59	0.59	0	0	0.33
179700	0.33	0.59	0.59	0	0	0.33
179800	0.33	0.59	0.59	0	0	0.33
179900	0.33	0.59	0.59	0	0	0.33
180000	0.33	0.59	0.59	0	0	0.33
180100	0.33	0.59	0.59	0	0	0.33
180200	0.33	0.59	0.59	0	0	0.33
180300	0.33	0.59	0.59	0	0	0.33
180400	0.33	0.59	0.59	0	0	0.33
180500	0.33	0.59	0.59	0	0	0.33
180600	0.33	0.59	0.59	0	0	0.33
180700	0.34	0.59	0.59	0	0	0.34
180800	0.33	0.59	0.59	0	0	0.33
180900	0.33	0.59	0.59	0	0	0.33
181000	0.33	0.59	0.59	0	0	0.33
181100	0.33	0.59	0.59	0	0	0.33
181200	0.33	0.59	0.59	0	0	0.33
181300	0.33	0.59	0.59	0	0	0.33
181400	0.33	0.59	0.59	0	0	0.33
181500	0.33	0.59	0.59	0	0	0.33
181600	0.33	0.59	0.59	0	0	0.33
181700	0.33	0.59	0.59	0	0	0.33
181800	0.33	0.59	0.59	0	0	0.33
181900	0.33	0.59	0.59	0	0	0.33
182000	0.33	0.59	0.59	0	0	0.33
182100	0.33	0.59	0.59	0	0	0.33
182200	0.33	0.59	0.59	0	0	0.33
182300	0.33	0.59	0.59	0	0	0.33
182400	0.33	0.59	0.59	0	0	0.33
182500	0.33	0.59	0.59	0	0	0.33
182600	0.33	0.59	0.59	0	0	0.33
182700	0.33	0.59	0.59	0	0	0.33
182800	0.33	0.59	0.59	0	0	0.33
182900	0.33	0.59	0.59	0	0	0.33
183000	0.34	0.59	0.59	0	0	0.34
183100	0.33	0.59	0.59	0	0	0.33
183200	0.34	0.59	0.59	0	0	0.34
183300	0.33	0.59	0.59	0	0	0.33
183400	0.33	0.59	0.59	0	0	0.33
183500	0.33	0.59	0.59	0	0	0.33
183600	0.33	0.59	0.59	0	0	0.33
183700	0.33	0.59	0.59	0	0	0.33
183800	0.33	0.59	0.59	0	0	0.33
183900	0.33	0.59	0.59	0	0	0.33
184000	0.33	0.59	0.59	0	0	0.33
184100	0.33	0.59	0.59	0	0	0.33
184200	0.33	0.59	0.59	0	0	0.33
184300	0.33	0.59	0.59	0	0	0.33
184400	0.33	0.59	0.59	0	0	0.33
184500	0.33	0.59	0.59	0	0	0.33
184600	0.33	0.59	0.59	0	0	0.33
184700	0.33	0.59	0.59	0	0	0.33
184800	0.33	0.59	0.59	0	0	0.33
184900	0.33	0.59	0.59	0	0	0.33
185000	0.33	0.59	0.59	0	0	0.33
185100	0.33	0.59	0.59	0	0	0.33
185200	0.33	0.59	0.59	0	0	0.33
185300	0.33	0.59	0.59	0	0	0.33
185400	0.33	0.59	0.59	0	0	0.33
185500	0.35	0.59	0.59	0	0	0.35
185600	0.35	0.59	0.59	0	0	0.35
185700	0.35	0.59	0.59	0	0	0.35
185800	0.35	0.59	0.59	0	0	0.35
185900	0.36	0.59	0.59	0	0	0.36
186000	0.35	0.59	0.59	0	0	0.35
186100	0.35	0.59	0.59	0	0	0.35
186200	0.35	0.59	0.59	0	0	0.35
186300	0.35	0.59	0.59	0	0	0.35
186400	0.35	0.59	0.59	0	0	0.35
186500	0.35	0.59	0.59	0	0	0.35
186600	0.35	0.59	0.59	0	0	0.35
186700	0.35	0.59	0.59	0	0	0.35
186800	0.35	0.59	0.59	0	0	0.35
186900	0.35	0.59	0.59	0	0	0.35
187000	0.35	0.59	0.59	0	0	0.35
187100	0.35	0.59	0.59	0	0	0.35
187200	0.35	0.59	0.59	0	0	0.35
187300	0.35	0.59	0.59	0	0	0.35
187400	0.35	0.59	0.59	0	0	0.35
187500	0.35	0.59	0.59	0	0	0.35
187600	0.36	0.59	0.59	0	0	0.36
187700	0.36	0.59	0.59	0	0	0.36
187800	0.36	0.59	0.59	0	0	0.36
187900	0.35	0.59	0.59	0	0	0.35
188000	0.35	0.59	0.59	0	0	0.35
188100	0.35	0.59	0.59	0	0	0.35
188200	0.35	0.59	0.59	0	0	0.35
188300	0.35	0.59	0.59	0	0	0.35
188400	0.34	0.59	0.59	0	0	0.34
188500	0.34	0.59	0.59	0	0	0.34
188600	0.34	0.59	0.59	0	0	0.34
188700	0.34	0.59	0.59	0	0	0.34
188800	0.34	0.59	0.59	0	0	0.34
188900	0.34	0.59	0.59	0	0	0.34
189000	0.34	0.59	0.59	0	0	0.34
189100	0.34	0.59	0.59	0	0	0.34
189200	0.34	0.59	0.59	0	0	0.34
189300	0.34	0.59	0.59	0	0	0.34
189400	0.34	0.59	0.59	0	0	0.34
189500	0.34	0.59	0.59	0	0	0.34
189600	0.34	0.59	0.59	0	0	0.34
189700	0.34	0.59	0.59	0	0	0.34
189800	0.34	0.59	0.59	0	0	0.34
189900	0.34	0.59	0.59	0	0	0.34
190000	0.34	0.59	0.59	0	0	0.34
190100	0.34	0.59	0.59	0	0	0.34
190200	0.34	0.59	0.59	0	0	0.34
190300	0.34	0.59	0.59	0	0	0.34
190400	0.34	0.59	0.59	0	0	0.34
190500	0.34	0.59	0.59	0	0	0.34
190600	0.34	0.59	0.59	0	0	0.34
190700	0.34	0.59	0.59	0	0	0.34
190800	0.34	0.59	0.59	0	0	0.34
190900	0.34	0.59	0.59	0	0	0.34
191000	0.34	0.59	0.59	0	0	0.34
191100	0.34	0.6	0.6	0	0	0.34
191200	0.34	0.6	0.6	0	0	0.34
191300	0.34	0.6	0.6	0	0	0.34
191400	0.34	0.6	0.6	0	0	0.34
191500	0.34	0.6	0.6	0	0	0.34
191600	0.34	0.6	0.6	0	0	0.34
191700	0.34	0.6	0.6	0	0	0.34
191800	0.34	0.6	0.6	0	0	0.34
191900	0.34	0.6	0.6	0	0	0.34
192000	0.34	0.61	0.61	0	0	0.34
192100	0.34	0.61	0.61	0	0	0.34
192200	0.34	0.61	0.61	0	0	0.34
192300	0.34	0.61	0.61	0	0	0.34
192400	0.34	0.61	0.61	0	0	0.34
192500	0.34	0.61	0.61	0	0	0.34
192600	0.34	0.61	0.61	0	0	0.34
192700	0.34	0.61	0.61	0	0	0.34
192800	0.34	0.61	0.61	0	0	0.34
192900	0.34	0.61	0.61	0	0	0.34
193000	0.34	0.61	0.61	0	0	0.34
193100	0.34	0.61	0.61	0	0	0.34
193200	0.34	0.61	0.61	0	0	0.34
193300	0.34	0.61	0.61	0	0	0.34
193400	0.34	0.61	0.61	0	0	0.34
193500	0.34	0.61	0.61	0	0	0.34
193600	0.34	0.61	0.61	0	0	0.34
193700	0.34	0.61	0.61	0	0	0.34
193800	0.34	0.61	0.61	0	0	0.34
193900	0.34	0.61	0.61	0	0	0.34
194000	0.34	0.61	0.61	0	0	0.34
194100	0.34	0.61	0.61	0	0	0.34
194200	0.34	0.61	0.61	0	0	0.34
194300	0.34	0.61	0.61	0	0	0.34
194400	0.34	0.61	0.61	0	0	0.34
194500	0.34	0.61	0.61	0	0	0.34
194600	0.34	0.61	0.61	0	0	0.34
194700	0.34	0.61	0.61	0	0	0.34
194800	0.34	0.61	0.61	0	0	0.34
194900	0.34	0.61	0.61	0	0	0.34
195000	0.34	0.61	0.61	0	0	0.34
195100	0.34	0.61	0.61	0	0	0.34
195200	0.34	0.61	0.61	0	0	0.34
195300	0.34	0.61	0.61	0	0	0.34
195400	0.34	0.61	0.61	0	0	0.34
195500	0.34	0.61	0.61	0	0	0.34
195600	0.34	0.61	0.61	0	0	0.34
195700	0.34	0.61	0.61	0	0	0.34
195800	0.34	0.61	0.61	0	0	0.34
195900	0.34	0.61	0.61	0	0	0.34
196000	0.34	0.61	0.61	0	0	0.34
196100	0.34	0.61	0.61	0	0	0.34
196200	0.34	0.61	0.61	0	0	0.34
196300	0.34	0.61	0.61	0	0	0.34
196400	0.34	0.61	0.61	0	0	0.34
196500	0.34	0.61	0.61	0	0	0.34
196600	0.34	0.61	0.61	0	0	0.34
196700	0.34	0.61	0.61	0	0	0.34
196800	0.34	0.61	0.61	0	0	0.34
196900	0.34	0.61	0.61	0	0	0.34
197000	0.34	0.61	0.61	0	0	0.34
197100	0.34	0.61	0.61	0	0	0.34
197200	0.34	0.61	0.61	0	0	0.34
197300	0.34	0.61	0.61	0	0	0.34
197400	0.34	0.61	0.61	0	0	0.34
197500	0.34	0.61	0.61	0	0	0.34
197600	0.34	0.61	0.61	0	0	0.34
197700	0.34	0.61	0.61	0	0	0.34
197800	0.34	0.61	0.61	0	0	0.34
197900	0.34	0.61	0.61	0	0	0.34
198000	0.34	0.61	0.61	0	0	0.34
198100	0.35	0.6	0.6	0	0	0.35
198200	0.35	0.6	0.6	0	0	0.35
198300	0.34	0.6	0.6	0	0	0.34
198400	0.34	0.6	0.6	0	0	0.34
198500	0.34	0.6	0.6	0	0	0.34
198600	0.34	0.6	0.6	0	0	0.34
198700	0.34	0.6	0.6	0	0	0.34
198800	0.34	0.6	0.6	0	0	0.34
198900	0.34	0.6	0.6	0	0	0.34
199000	0.34	0.6	0.6	0	0	0.34
199100	0.34	0.6	0.6	0	0	0.34
199200	0.34	0.6	0.6	0	0	0.34
199300	0.34	0.6	0.6	0	0	0.34
199400	0.34	0.6	0.6	0	0	0.34
199500	0.35	0.6	0.6	0	0	0.35
199600	0.35	0.6	0.6	0	0	0.35
199700	0.35	0.6	0.6	0	0	0.35
199800	0.35	0.6	0.6	0	0	0.35
199900	0.36	0.6	0.6	0	0	0.36
200000	0.36	0.6	0.6	0	0	0.36
200100	0.36	0.6	0.6	0	0	0.36
200200	0.36	0.6	0.6	0	0	0.36
200300	0.36	0.6	0.6	0	0	0.36
200400	0.36	0.6	0.6	0	0	0.36
200500	0.36	0.6	0.6	0	0	0.36
200600	0.36	0.6	0.6	0	0	0.36
200700	0.36	0.6	0.6	0	0	0.36
200800	0.36	0.6	0.6	0	0	0.36
200900	0.36	0.6	0.6	0	0	0.36
201000	0.36	0.6	0.6	0	0	0.36
201100	0.36	0.6	0.6	0	0	0.36
201200	0.36	0.6	0.6	0	0	0.36
201300	0.36	0.6	0.6	0	0	0.36
201400	0.37	0.6	0.6	0	0	0.37
201500	0.37	0.6	0.6	0	0	0.37
201600	0.37	0.6	0.6	0	0	0.37
201700	0.37	0.6	0.6	0	0	0.37
201800	0.37	0.6	0.6	0	0	0.37
201900	0.37	0.6	0.6	0	0	0.37
202000	0.37	0.6	0.6	0	0	0.37
202100	0.37	0.6	0.6	0	0	0.37
202200	0.37	0.6	0.6	0	0	0.37
202300	0.36	0.6	0.6	0	0	0.36
202400	0.36	0.6	0.6	0	0	0.36
202500	0.36	0.6	0.6	0	0	0.36
202600	0.37	0.6	0.6	0	0	0.37
202700	0.37	0.6	0.6	0	0	0.37
202800	0.37	0.6	0.6	0	0	0.37
202900	0.36	0.6	0.6	0	0	0.36
203000	0.36	0.6	0.6	0	0	0.36
203100	0.35	0.6	0.6	0	0	0.35
203200	0.35	0.6	0.6	0	0	0.35
203300	0.35	0.6	0.6	0	0	0.35
203400	0.35	0.6	0.6	0	0	0.35
203500	0.35	0.6	0.6	0	0	0.35
203600	0.35	0.6	0.6	0	0	0.35
203700	0.35	0.6	0.6	0	0	0.35
203800	0.35	0.6	0.6	0	0	0.35
203900	0.35	0.6	0.6	0	0	0.35
204000	0.35	0.6	0.6	0	0	0.35
204100	0.35	0.6	0.6	0	0	0.35
204200	0.35	0.6	0.6	0	0	0.35
204300	0.35	0.6	0.6	0	0	0.35
204400	0.35	0.6	0.6	0	0	0.35
204500	0.35	0.6	0.6	0	0	0.35
204600	0.35	0.6	0.6	0	0	0.35
204700	0.35	0.6	0.6	0	0	0.35
204800	0.35	0.6	0.6	0	0	0.35
204900	0.35	0.6	0.6	0	0	0.35
205000	0.35	0.61	0.61	0	0	0.35
205100	0.35	0.61	0.61	0	0	0.35
205200	0.35	0.61	0.61	0	0	0.35
205300	0.35	0.61	0.61	0	0	0.35
205400	0.35	0.61	0.61	0	0	0.35
205500	0.35	0.61	0.61	0	0	0.35
205600	0.35	0.61	0.61	0	0	0.35
205700	0.35	0.61	0.61	0	0	0.35
205800	0.35	0.61	0.61	0	0	0.35
205900	0.35	0.61	0.61	0	0	0.35
206000	0.35	0.61	0.61	0	0	0.35
206100	0.35	0.61	0.61	0	0	0.35
206200	0.35	0.61	0.61	0	0	0.35
206300	0.35	0.61	0.61	0	0	0.35
206400	0.35	0.61	0.61	0	0	0.35
206500	0.35	0.61	0.61	0	0	0.35
206600	0.35	0.61	0.61	0	0	0.35
206700	0.35	0.61	0.61	0	0	0.35
206800	0.34	0.61	0.61	0	0	0.34
206900	0.34	0.61	0.61	0	0	0.34
207000	0.34	0.61	0.61	0	0	0.34
207100	0.34	0.61	0.61	0	0	0.34
207200	0.34	0.61	0.61	0	0	0.34
207300	0.34	0.61	0.61	0	0	0.34
207400	0.34	0.61	0.61	0	0	0.34
207500	0.34	0.61	0.61	0	0	0.34
207600	0.34	0.61	0.61	0	0	0.34
207700	0.34	0.61	0.61	0	0	0.34
207800	0.34	0.61	0.61	0	0	0.34
207900	0.34	0.6	0.6	0	0	0.34
208000	0.34	0.6	0.6	0	0	0.34
208100	0.34	0.6	0.6	0	0	0.34
208200	0.34	0.6	0.6	0	0	0.34
208300	0.34	0.6	0.6	0	0	0.34
208400	0.34	0.6	0.6	0	0	0.34
208500	0.34	0.6	0.6	0	0	0.34
208600	0.34	0.6	0.6	0	0	0.34
208700	0.34	0.6	0.6	0	0	0.34
208800	0.34	0.6	0.6	0	0	0.34
208900	0.35	0.6	0.6	0	0	0.35
209000	0.35	0.61	0.61	0	0	0.35
209100	0.35	0.61	0.61	0	0	0.35
209200	0.35	0.6	0.6	0	0	0.35
209300	0.35	0.6	0.6	0	0	0.35
209400	0.35	0.6	0.6	0	0	0.35
209500	0.35	0.6	0.6	0	0	0.35
209600	0.35	0.6	0.6	0	0	0.35
209700	0.35	0.6	0.6	0	0	0.35
209800	0.35	0.61	0.61	0	0	0.35
209900	0.35	0.61	0.61	0	0	0.35
210000	0.35	0.61	0.61	0	0	0.35
210100	0.35	0.61	0.61	0	0	0.35
210200	0.35	0.6	0.6	0	0	0.35
210300	0.35	0.6	0.6	0	0	0.35
210400	0.35	0.6	0.6	0	0	0.35
210500	0.35	0.6	0.6	0	0	0.35
210600	0.35	0.6	0.6	0	0	0.35
210700	0.35	0.6	0.6	0	0	0.35
210800	0.35	0.6	0.6	0	0	0.35
210900	0.35	0.6	0.6	0	0	0.35
211000	0.35	0.6	0.6	0	0	0.35
211100	0.35	0.6	0.6	0	0	0.35
211200	0.35	0.6	0.6	0	0	0.35
211300	0.36	0.6	0.6	0	0	0.36
211400	0.36	0.6	0.6	0	0	0.36
211500	0.36	0.6	0.6	0	0	0.36
211600	0.35	0.6	0.6	0	0	0.35
211700	0.35	0.6	0.6	0	0	0.35
211800	0.35	0.6	0.6	0	0	0.35
211900	0.35	0.6	0.6	0	0	0.35
212000	0.34	0.6	0.6	0	0	0.34
212100	0.34	0.6	0.6	0	0	0.34
212200	0.34	0.6	0.6	0	0	0.34
212300	0.34	0.6	0.6	0	0	0.34
212400	0.34	0.6	0.6	0	0	0.34
212500	0.34	0.6	0.6	0	0	0.34
212600	0.34	0.6	0.6	0	0	0.34
212700	0.34	0.6	0.6	0	0	0.34
212800	0.34	0.6	0.6	0	0	0.34
212900	0.34	0.6	0.6	0	0	0.34
213000	0.34	0.6	0.6	0	0	0.34
213100	0.34	0.6	0.6	0	0	0.34
213200	0.34	0.6	0.6	0	0	0.34
213300	0.34	0.6	0.6	0	0	0.34
213400	0.34	0.6	0.6	0	0	0.34
213500	0.34	0.6	0.6	0	0	0.34
213600	0.34	0.6	0.6	0	0	0.34
213700	0.34	0.6	0.6	0	0	0.34
213800	0.33	0.6	0.6	0	0	0.33
213900	0.33	0.6	0.6	0	0	0.33
214000	0.33	0.6	0.6	0	0	0.33
214100	0.33	0.6	0.6	0	0	0.33
214200	0.33	0.6	0.6	0	0	0.33
214300	0.33	0.6	0.6	0	0	0.33
214400	0.33	0.6	0.6	0	0	0.33
214500	0.33	0.6	0.6	0	0	0.33
214600	0.33	0.6	0.6	0	0	0.33
214700	0.33	0.6	0.6	0	0	0.33
214800	0.33	0.6	0.6	0	0	0.33
214900	0.33	0.6	0.6	0	0	0.33
215000	0.33	0.6	0.6	0	0	0.33
215100	0.33	0.6	0.6	0	0	0.33
215200	0.33	0.6	0.6	0	0	0.33
215300	0.33	0.6	0.6	0	0	0.33
215400	0.33	0.6	0.6	0	0	0.33
215500	0.33	0.6	0.6	0	0	0.33
215600	0.33	0.6	0.6	0	0	0.33
215700	0.33	0.6	0.6	0	0	0.33
215800	0.33	0.6	0.6	0	0	0.33
215900	0.33	0.6	0.6	0	0	0.33
216000	0.34	0.6	0.6	0	0	0.34
216100	0.34	0.6	0.6	0	0	0.34
216200	0.34	0.6	0.6	0	0	0.34
216300	0.34	0.6	0.6	0	0	0.34
216400	0.34	0.6	0.6	0	0	0.34
216500	0.34	0.6	0.6	0	0	0.34
216600	0.34	0.6	0.6	0	0	0.34
216700	0.34	0.6	0.6	0	0	0.34
216800	0.34	0.6	0.6	0	0	0.34
216900	0.34	0.6	0.6	0	0	0.34
217000	0.34	0.6	0.6	0	0	0.34
217100	0.34	0.6	0.6	0	0	0.34
217200	0.34	0.6	0.6	0	0	0.34
217300	0.34	0.6	0.6	0	0	0.34
217400	0.34	0.6	0.6	0	0	0.34
217500	0.34	0.6	0.6	0	0	0.34
217600	0.34	0.6	0.6	0	0	0.34
217700	0.34	0.6	0.6	0	0	0.34
217800	0.34	0.6	0.6	0	0	0.34
217900	0.34	0.6	0.6	0	0	0.34
218000	0.34	0.6	0.6	0	0	0.34
218100	0.34	0.6	0.6	0	0	0.34
218200	0.34	0.6	0.6	0	0	0.34
218300	0.34	0.6	0.6	0	0	0.34
218400	0.34	0.6	0.6	0	0	0.34
218500	0.34	0.6	0.6	0	0	0.34
218600	0.34	0.6	0.6	0	0	0.34
218700	0.34	0.6	0.6	0	0	0.34
218800	0.34	0.6	0.6	0	0	0.34
218900	0.34	0.6	0.6	0	0	0.34
219000	0.34	0.6	0.6	0	0	0.34
219100	0.34	0.6	0.6	0	0	0.34
219200	0.34	0.6	0.6	0	0	0.34
219300	0.34	0.6	0.6	0	0	0.34
219400	0.34	0.6	0.6	0	0	0.34
219500	0.34	0.6	0.6	0	0	0.34
219600	0.34	0.6	0.6	0	0	0.34
219700	0.34	0.6	0.6	0	0	0.34
219800	0.34	0.6	0.6	0	0	0.34
219900	0.34	0.6	0.6	0	0	0.34
220000	0.34	0.6	0.6	0	0	0.34
220100	0.34	0.6	0.6	0	0	0.34
220200	0.34	0.6	0.6	0	0	0.34
220300	0.34	0.6	0.6	0	0	0.34
220400	0.34	0.6	0.6	0	0	0.34
220500	0.34	0.6	0.6	0	0	0.34
220600	0.34	0.6	0.6	0	0	0.34
220700	0.34	0.6	0.6	0	0	0.34
220800	0.34	0.6	0.6	0	0	0.34
220900	0.34	0.6	0.6	0	0	0.34
221000	0.34	0.6	0.6	0	0	0.34
221100	0.34	0.6	0.6	0	0	0.34
221200	0.34	0.6	0.6	0	0	0.34
221300	0.34	0.6	0.6	0	0	0.34
221400	0.34	0.6	0.6	0	0	0.34
221500	0.34	0.6	0.6	0	0	0.34
221600	0.34	0.6	0.6	0	0	0.34
221700	0.34	0.6	0.6	0	0	0.34
221800	0.34	0.6	0.6	0	0	0.34
221900	0.34	0.6	0.6	0	0	0.34
222000	0.34	0.6	0.6	0	0	0.34
222100	0.34	0.6	0.6	0	0	0.34
222200	0.34	0.6	0.6	0	0	0.34
222300	0.34	0.6	0.6	0	0	0.34
222400	0.34	0.6	0.6	0	0	0.34
222500	0.34	0.6	0.6	0	0	0.34
222600	0.34	0.6	0.6	0	0	0.34
222700	0.34	0.6	0.6	0	0	0.34
222800	0.34	0.6	0.6	0	0	0.34
222900	0.34	0.6	0.6	0	0	0.34
223000	0.34	0.6	0.6	0	0	0.34
223100	0.34	0.6	0.6	0	0	0.34
223200	0.34	0.6	0.6	0	0	0.34
223300	0.35	0.6	0.6	0	0	0.35
223400	0.35	0.6	0.6	0	0	0.35
223500	0.35	0.6	0.6	0	0	0.35
223600	0.35	0.6	0.6	0	0	0.35
223700	0.36	0.6	0.6	0	0	0.36
223800	0.36	0.6	0.6	0	0	0.36
223900	0.35	0.6	0.6	0	0	0.35
224000	0.35	0.6	0.6	0	0	0.35
224100	0.35	0.6	0.6	0	0	0.35
224200	0.35	0.6	0.6	0	0	0.35
224300	0.35	0.6	0.6	0	0	0.35
224400	0.35	0.6	0.6	0	0	0.35
224500	0.36	0.6	0.6	0	0	0.36
224600	0.36	0.6	0.6	0	0	0.36
224700	0.36	0.6	0.6	0	0	0.36
224800	0.35	0.6	0.6	0	0	0.35
224900	0.35	0.6	0.6	0	0	0.35
225000	0.35	0.6	0.6	0	0	0.35
225100	0.35	0.6	0.6	0	0	0.35
225200	0.35	0.6	0.6	0	0	0.35
225300	0.34	0.6	0.6	0	0	0.34
225400	0.34	0.6	0.6	0	0	0.34
225500	0.34	0.6	0.6	0	0	0.34
225600	0.34	0.6	0.6	0	0	0.34
225700	0.34	0.6	0.6	0	0	0.34
225800	0.34	0.6	0.6	0	0	0.34
225900	0.35	0.6	0.6	0	0	0.35
226000	0.35	0.6	0.6	0	0	0.35
226100	0.35	0.6	0.6	0	0	0.35
226200	0.35	0.6	0.6	0	0	0.35
226300	0.35	0.6	0.6	0	0	0.35
226400	0.35	0.6	0.6	0	0	0.35
226500	0.34	0.6	0.6	0	0	0.34
226600	0.34	0.6	0.6	0	0	0.34
226700	0.34	0.6	0.6	0	0	0.34
226800	0.34	0.6	0.6	0	0	0.34
226900	0.34	0.6	0.6	0	0	0.34
227000	0.34	0.6	0.6	0	0	0.34
227100	0.34	0.6	0.6	0	0	0.34
227200	0.35	0.6	0.6	0	0	0.35
227300	0.35	0.6	0.6	0	0	0.35
227400	0.34	0.6	0.6	0	0	0.34
227500	0.34	0.6	0.6	0	0	0.34
227600	0.35	0.6	0.6	0	0	0.35
227700	0.34	0.6	0.6	0	0	0.34
227800	0.35	0.6	0.6	0	0	0.35
227900	0.35	0.6	0.6	0	0	0.35
228000	0.35	0.6	0.6	0	0	0.35
228100	0.35	0.6	0.6	0	0	0.35
228200	0.35	0.6	0.6	0	0	0.35
228300	0.35	0.6	0.6	0	0	0.35
228400	0.35	0.6	0.6	0	0	0.35
228500	0.35	0.6	0.6	0	0	0.35
228600	0.35	0.6	0.6	0	0	0.35
228700	0.35	0.61	0.61	0	0	0.35
228800	0.35	0.6	0.6	0	0	0.35
228900	0.35	0.6	0.6	0	0	0.35
229000	0.35	0.6	0.6	0	0	0.35
229100	0.35	0.6	0.6	0	0	0.35
229200	0.35	0.6	0.6	0	0	0.35
229300	0.35	0.6	0.6	0	0	0.35
229400	0.35	0.6	0.6	0	0	0.35
229500	0.35	0.6	0.6	0	0	0.35
229600	0.35	0.6	0.6	0	0	0.35
229700	0.35	0.6	0.6	0	0	0.35
229800	0.35	0.6	0.6	0	0	0.35
229900	0.35	0.61	0.61	0	0	0.35
230000	0.36	0.61	0.61	0	0	0.36
230100	0.36	0.61	0.61	0	0	0.36
230200	0.36	0.61	0.61	0	0	0.36
230300	0.36	0.61	0.61	0	0	0.36
230400	0.36	0.61	0.61	0	0	0.36
230500	0.36	0.61	0.61	0	0	0.36
230600	0.36	0.61	0.61	0	0	0.36
230700	0.36	0.61	0.61	0	0	0.36
230800	0.36	0.61	0.61	0	0	0.36
230900	0.36	0.61	0.61	0	0	0.36
231000	0.36	0.61	0.61	0	0	0.36
231100	0.36	0.61	0.61	0	0	0.36
231200	0.36	0.61	0.61	0	0	0.36
231300	0.37	0.61	0.61	0	0	0.37
231400	0.37	0.61	0.61	0	0	0.37
231500	0.37	0.61	0.61	0	0	0.37
231600	0.37	0.61	0.61	0	0	0.37
231700	0.37	0.61	0.61	0	0	0.37
231800	0.37	0.61	0.61	0	0	0.37
231900	0.37	0.61	0.61	0	0	0.37
232000	0.37	0.6	0.6	0	0	0.37
232100	0.36	0.6	0.6	0	0	0.36
232200	0.36	0.6	0.6	0	0	0.36
232300	0.36	0.6	0.6	0	0	0.36
232400	0.36	0.6	0.6	0	0	0.36
232500	0.36	0.6	0.6	0	0	0.36
232600	0.36	0.6	0.6	0	0	0.36
232700	0.37	0.6	0.6	0	0	0.37
232800	0.37	0.6	0.6	0	0	0.37
232900	0.37	0.6	0.6	0	0	0.37
233000	0.37	0.6	0.6	0	0	0.37
233100	0.37	0.6	0.6	0	0	0.37
233200	0.36	0.6	0.6	0	0	0.36
233300	0.37	0.6	0.6	0	0	0.37
233400	0.37	0.6	0.6	0	0	0.37
233500	0.37	0.6	0.6	0	0	0.37
233600	0.37	0.6	0.6	0	0	0.37
233700	0.36	0.6	0.6	0	0	0.36
233800	0.36	0.6	0.6	0	0	0.36
233900	0.36	0.6	0.6	0	0	0.36
234000	0.36	0.6	0.6	0	0	0.36
234100	0.36	0.6	0.6	0	0	0.36
234200	0.36	0.6	0.6	0	0	0.36
234300	0.36	0.6	0.6	0	0	0.36
234400	0.36	0.6	0.6	0	0	0.36
234500	0.36	0.6	0.6	0	0	0.36
234600	0.36	0.6	0.6	0	0	0.36
234700	0.36	0.6	0.6	0	0	0.36
234800	0.36	0.6	0.6	0	0	0.36
234900	0.36	0.6	0.6	0	0	0.36
235000	0.36	0.6	0.6	0	0	0.36
235100	0.36	0.6	0.6	0	0	0.36
235200	0.36	0.6	0.6	0	0	0.36
235300	0.36	0.6	0.6	0	0	0.36
235400	0.36	0.6	0.6	0	0	0.36
235500	0.36	0.6	0.6	0	0	0.36
235600	0.36	0.6	0.6	0	0	0.36
235700	0.36	0.6	0.6	0	0	0.36
235800	0.36	0.6	0.6	0	0	0.36
235900	0.36	0.6	0.6	0	0	0.36
236000	0.36	0.6	0.6	0	0	0.36
236100	0.36	0.6	0.6	0	0	0.36
236200	0.36	0.6	0.6	0	0	0.36
236300	0.36	0.6	0.6	0	0	0.36
236400	0.36	0.6	0.6	0	0	0.36
236500	0.36	0.6	0.6	0	0	0.36
236600	0.36	0.6	0.6	0	0	0.36
236700	0.36	0.6	0.6	0	0	0.36
236800	0.36	0.6	0.6	0	0	0.36
236900	0.36	0.6	0.6	0	0	0.36
237000	0.36	0.6	0.6	0	0	0.36
237100	0.36	0.6	0.6	0	0	0.36
237200	0.37	0.6	0.6	0	0	0.37
237300	0.36	0.6	0.6	0	0	0.36
237400	0.36	0.6	0.6	0	0	0.36
237500	0.36	0.6	0.6	0	0	0.36
237600	0.36	0.6	0.6	0	0	0.36
237700	0.36	0.6	0.6	0	0	0.36
237800	0.36	0.6	0.6	0	0	0.36
237900	0.36	0.6	0.6	0	0	0.36
238000	0.36	0.6	0.6	0	0	0.36
238100	0.36	0.6	0.6	0	0	0.36
238200	0.36	0.6	0.6	0	0	0.36
238300	0.36	0.6	0.6	0	0	0.36
238400	0.36	0.6	0.6	0	0	0.36
238500	0.36	0.6	0.6	0	0	0.36
238600	0.36	0.6	0.6	0	0	0.36
238700	0.36	0.6	0.6	0	0	0.36
238800	0.36	0.6	0.6	0	0	0.36
238900	0.36	0.6	0.6	0	0	0.36
239000	0.36	0.6	0.6	0	0	0.36
239100	0.36	0.6	0.6	0	0	0.36
239200	0.36	0.6	0.6	0	0	0.36
239300	0.36	0.6	0.6	0	0	0.36
239400	0.36	0.6	0.6	0	0	0.36
239500	0.36	0.6	0.6	0	0	0.36
239600	0.36	0.6	0.6	0	0	0.36
239700	0.36	0.6	0.6	0	0	0.36
239800	0.37	0.6	0.6	0	0	0.37
239900	0.37	0.6	0.6	0	0	0.37
240000	0.37	0.61	0.61	0	0	0.37
240100	0.37	0.6	0.6	0	0	0.37
240200	0.37	0.6	0.6	0	0	0.37
240300	0.37	0.59	0.59	0	0	0.37
240400	0.37	0.59	0.59	0	0	0.37
240500	0.37	0.59	0.59	0	0	0.37
240600	0.37	0.59	0.59	0	0	0.37
240700	0.37	0.59	0.59	0	0	0.37
240800	0.37	0.59	0.59	0	0	0.37
240900	0.37	0.59	0.59	0	0	0.37
241000	0.37	0.59	0.59	0	0	0.37
241100	0.37	0.59	0.59	0	0	0.37
241200	0.37	0.59	0.59	0	0	0.37
241300	0.37	0.59	0.59	0	0	0.37
241400	0.37	0.59	0.59	0	0	0.37
241500	0.37	0.59	0.59	0	0	0.37
241600	0.37	0.59	0.59	0	0	0.37
241700	0.37	0.59	0.59	0	0	0.37
241800	0.37	0.59	0.59	0	0	0.37
241900	0.36	0.59	0.59	0	0	0.36
242000	0.36	0.59	0.59	0	0	0.36
242100	0.36	0.59	0.59	0	0	0.36
242200	0.37	0.59	0.59	0	0	0.37
242300	0.36	0.59	0.59	0	0	0.36
242400	0.36	0.59	0.59	0	0	0.36
242500	0.36	0.59	0.59	0	0	0.36
242600	0.36	0.59	0.59	0	0	0.36
242700	0.36	0.59	0.59	0	0	0.36
242800	0.36	0.59	0.59	0	0	0.36
242900	0.36	0.59	0.59	0	0	0.36
243000	0.36	0.59	0.59	0	0	0.36
243100	0.36	0.59	0.59	0	0	0.36
243200	0.36	0.59	0.59	0	0	0.36
243300	0.35	0.59	0.59	0	0	0.35
243400	0.35	0.59	0.59	0	0	0.35
243500	0.35	0.59	0.59	0	0	0.35
243600	0.35	0.59	0.59	0	0	0.35
243700	0.35	0.59	0.59	0	0	0.35
243800	0.35	0.59	0.59	0	0	0.35
243900	0.35	0.59	0.59	0	0	0.35
244000	0.35	0.6	0.6	0	0	0.35
244100	0.35	0.6	0.6	0	0	0.35
244200	0.35	0.6	0.6	0	0	0.35
244300	0.35	0.6	0.6	0	0	0.35
244400	0.35	0.6	0.6	0	0	0.35
244500	0.35	0.59	0.59	0	0	0.35
244600	0.35	0.59	0.59	0	0	0.35
244700	0.35	0.59	0.59	0	0	0.35
244800	0.35	0.59	0.59	0	0	0.35
244900	0.35	0.59	0.59	0	0	0.35
245000	0.35	0.59	0.59	0	0	0.35
245100	0.35	0.59	0.59	0	0	0.35
245200	0.35	0.59	0.59	0	0	0.35
245300	0.35	0.59	0.59	0	0	0.35
245400	0.35	0.59	0.59	0	0	0.35
245500	0.35	0.59	0.59	0	0	0.35
245600	0.35	0.59	0.59	0	0	0.35
245700	0.35	0.59	0.59	0	0	0.35
245800	0.35	0.59	0.59	0	0	0.35
245900	0.35	0.59	0.59	0	0	0.35
246000	0.35	0.59	0.59	0	0	0.35
246100	0.35	0.59	0.59	0	0	0.35
246200	0.35	0.59	0.59	0	0	0.35
246300	0.35	0.59	0.59	0	0	0.35
246400	0.35	0.59	0.59	0	0	0.35
246500	0.35	0.59	0.59	0	0	0.35
246600	0.35	0.59	0.59	0	0	0.35
246700	0.35	0.59	0.59	0	0	0.35
246800	0.35	0.59	0.59	0	0	0.35
246900	0.35	0.59	0.59	0	0	0.35
247000	0.35	0.59	0.59	0	0	0.35
247100	0.35	0.59	0.59	0	0	0.35
247200	0.35	0.59	0.59	0	0	0.35
247300	0.35	0.59	0.59	0	0	0.35
247400	0.35	0.59	0.59	0	0	0.35
247500	0.35	0.59	0.59	0	0	0.35
247600	0.35	0.59	0.59	0	0	0.35
247700	0.35	0.6	0.6	0	0	0.35
247800	0.35	0.6	0.6	0	0	0.35
247900	0.35	0.6	0.6	0	0	0.35
248000	0.35	0.6	0.6	0	0	0.35
248100	0.35	0.6	0.6	0	0	0.35
248200	0.35	0.6	0.6	0	0	0.35
248300	0.35	0.6	0.6	0	0	0.35
248400	0.35	0.61	0.61	0	0	0.35
248500	0.35	0.61	0.61	0	0	0.35
248600	0.35	0.61	0.61	0	0	0.35
248700	0.35	0.61	0.61	0	0	0.35
248800	0.35	0.61	0.61	0	0	0.35
248900	0.35	0.61	0.61	0	0	0.35
249000	0.35	0.61	0.61	0	0	0.35
249100	0.35	0.61	0.61	0	0	0.35
249200	0.35	0.61	0.61	0	0	0.35
249300	0.35	0.61	0.61	0	0	0.35
249400	0.35	0.61	0.61	0	0	0.35
249500	0.35	0.61	0.61	0	0	0.35
249600	0.36	0.61	0.61	0	0	0.36
249700	0.36	0.61	0.61	0	0	0.36
249800	0.36	0.61	0.61	0	0	0.36
249900	0.36	0.61	0.61	0	0	0.36
250000	0.36	0.61	0.61	0	0	0.36
250100	0.36	0.61	0.61	0	0	0.36
250200	0.36	0.61	0.61	0	0	0.36
250300	0.36	0.61	0.61	0	0	0.36
250400	0.36	0.61	0.61	0	0	0.36
250500	0.36	0.61	0.61	0	0	0.36
250600	0.36	0.61	0.61	0	0	0.36
250700	0.36	0.61	0.61	0	0	0.36
250800	0.36	0.61	0.61	0	0	0.36
250900	0.37	0.61	0.61	0	0	0.37
251000	0.36	0.61	0.61	0	0	0.36
251100	0.36	0.61	0.61	0	0	0.36
251200	0.36	0.61	0.61	0	0	0.36
251300	0.36	0.61	0.61	0	0	0.36
251400	0.36	0.6	0.6	0	0	0.36
251500	0.36	0.6	0.6	0	0	0.36
251600	0.36	0.6	0.6	0	0	0.36
251700	0.36	0.6	0.6	0	0	0.36
251800	0.36	0.6	0.6	0	0	0.36
251900	0.36	0.6	0.6	0	0	0.36
252000	0.36	0.6	0.6	0	0	0.36
252100	0.36	0.6	0.6	0	0	0.36
252200	0.36	0.6	0.6	0	0	0.36
252300	0.36	0.6	0.6	0	0	0.36
252400	0.36	0.6	0.6	0	0	0.36
252500	0.36	0.6	0.6	0	0	0.36
252600	0.36	0.6	0.6	0	0	0.36
252700	0.36	0.6	0.6	0	0	0.36
252800	0.36	0.6	0.6	0	0	0.36
252900	0.36	0.59	0.59	0	0	0.36
253000	0.36	0.59	0.59	0	0	0.36
253100	0.36	0.59	0.59	0	0	0.36
253200	0.36	0.59	0.59	0	0	0.36
253300	0.36	0.59	0.59	0	0	0.36
253400	0.36	0.59	0.59	0	0	0.36
253500	0.36	0.59	0.59	0	0	0.36
253600	0.36	0.59	0.59	0	0	0.36
253700	0.36	0.59	0.59	0	0	0.36
253800	0.36	0.59	0.59	0	0	0.36
253900	0.36	0.59	0.59	0	0	0.36
254000	0.37	0.59	0.59	0	0	0.37
254100	0.37	0.59	0.59	0	0	0.37
254200	0.37	0.59	0.59	0	0	0.37
254300	0.37	0.59	0.59	0	0	0.37
254400	0.37	0.59	0.59	0	0	0.37
254500	0.37	0.59	0.59	0	0	0.37
254600	0.37	0.59	0.59	0	0	0.37
254700	0.37	0.59	0.59	0	0	0.37
254800	0.37	0.59	0.59	0	0	0.37
254900	0.38	0.59	0.59	0	0	0.38
255000	0.38	0.59	0.59	0	0	0.38
255100	0.38	0.59	0.59	0	0	0.38
255200	0.38	0.59	0.59	0	0	0.38
255300	0.37	0.59	0.59	0	0	0.37
255400	0.37	0.59	0.59	0	0	0.37
255500	0.38	0.59	0.59	0	0	0.38
255600	0.37	0.59	0.59	0	0	0.37
255700	0.37	0.59	0.59	0	0	0.37
255800	0.37	0.59	0.59	0	0	0.37
255900	0.37	0.59	0.59	0	0	0.37
256000	0.37	0.59	0.59	0	0	0.37
256100	0.37	0.59	0.59	0	0	0.37
256200	0.37	0.59	0.59	0	0	0.37
256300	0.37	0.59	0.59	0	0	0.37
256400	0.37	0.59	0.59	0	0	0.37
256500	0.37	0.59	0.59	0	0	0.37
256600	0.37	0.59	0.59	0	0	0.37
256700	0.37	0.59	0.59	0	0	0.37
256800	0.37	0.59	0.59	0	0	0.37
256900	0.37	0.59	0.59	0	0	0.37
257000	0.37	0.59	0.59	0	0	0.37
257100	0.37	0.59	0.59	0	0	0.37
257200	0.37	0.59	0.59	0	0	0.37
257300	0.37	0.59	0.59	0	0	0.37
257400	0.37	0.59	0.59	0	0	0.37
257500	0.37	0.59	0.59	0	0	0.37
257600	0.37	0.59	0.59	0	0	0.37
257700	0.37	0.59	0.59	0	0	0.37
257800	0.37	0.59	0.59	0	0	0.37
257900	0.37	0.59	0.59	0	0	0.37
258000	0.37	0.59	0.59	0	0	0.37
258100	0.37	0.59	0.59	0	0	0.37
258200	0.37	0.59	0.59	0	0	0.37
258300	0.37	0.59	0.59	0	0	0.37
258400	0.37	0.59	0.59	0	0	0.37
258500	0.37	0.59	0.59	0	0	0.37
258600	0.37	0.6	0.6	0	0	0.37
258700	0.37	0.6	0.6	0	0	0.37
258800	0.37	0.6	0.6	0	0	0.37
258900	0.37	0.6	0.6	0	0	0.37
259000	0.37	0.6	0.6	0	0	0.37
259100	0.37	0.6	0.6	0	0	0.37
259200	0.37	0.6	0.6	0	0	0.37
259300	0.37	0.6	0.6	0	0	0.37
259400	0.37	0.6	0.6	0	0	0.37
259500	0.37	0.6	0.6	0	0	0.37
259600	0.37	0.6	0.6	0	0	0.37
259700	0.37	0.6	0.6	0	0	0.37
259800	0.37	0.6	0.6	0	0	0.37
259900	0.37	0.6	0.6	0	0	0.37
260000	0.37	0.6	0.6	0	0	0.37
260100	0.37	0.6	0.6	0	0	0.37
260200	0.37	0.6	0.6	0	0	0.37
260300	0.37	0.6	0.6	0	0	0.37
260400	0.37	0.6	0.6	0	0	0.37
260500	0.37	0.6	0.6	0	0	0.37
260600	0.37	0.6	0.6	0	0	0.37
260700	0.37	0.6	0.6	0	0	0.37
260800	0.37	0.6	0.6	0	0	0.37
260900	0.37	0.6	0.6	0	0	0.37
261000	0.37	0.6	0.6	0	0	0.37
261100	0.37	0.6	0.6	0	0	0.37
261200	0.37	0.6	0.6	0	0	0.37
261300	0.37	0.6	0.6	0	0	0.37
261400	0.37	0.6	0.6	0	0	0.37
261500	0.37	0.6	0.6	0	0	0.37
261600	0.37	0.6	0.6	0	0	0.37
261700	0.37	0.6	0.6	0	0	0.37
261800	0.37	0.6	0.6	0	0	0.37
261900	0.37	0.6	0.6	0	0	0.37
262000	0.37	0.6	0.6	0	0	0.37
262100	0.37	0.6	0.6	0	0	0.37
262200	0.37	0.6	0.6	0	0	0.37
262300	0.37	0.6	0.6	0	0	0.37
262400	0.37	0.6	0.6	0	0	0.37
262500	0.37	0.6	0.6	0	0	0.37
262600	0.37	0.6	0.6	0	0	0.37
262700	0.37	0.6	0.6	0	0	0.37
262800	0.37	0.6	0.6	0	0	0.37
262900	0.37	0.6	0.6	0	0	0.37
263000	0.37	0.6	0.6	0	0	0.37
263100	0.37	0.6	0.6	0	0	0.37
263200	0.37	0.6	0.6	0	0	0.37
263300	0.37	0.6	0.6	0	0	0.37
263400	0.37	0.6	0.6	0	0	0.37
263500	0.37	0.6	0.6	0	0	0.37
263600	0.37	0.6	0.6	0	0	0.37
263700	0.37	0.6	0.6	0	0	0.37
263800	0.37	0.6	0.6	0	0	0.37
263900	0.37	0.6	0.6	0	0	0.37
264000	0.37	0.6	0.6	0	0	0.37
264100	0.37	0.6	0.6	0	0	0.37
264200	0.37	0.6	0.6	0	0	0.37
264300	0.37	0.6	0.6	0	0	0.37
264400	0.37	0.6	0.6	0	0	0.37
264500	0.37	0.6	0.6	0	0	0.37
264600	0.37	0.6	0.6	0	0	0.37
264700	0.37	0.6	0.6	0	0	0.37
264800	0.37	0.6	0.6	0	0	0.37
264900	0.37	0.6	0.6	0	0	0.37
265000	0.37	0.6	0.6	0	0	0.37
265100	0.37	0.6	0.6	0	0	0.37
265200	0.37	0.6	0.6	0	0	0.37
265300	0.37	0.6	0.6	0	0	0.37
265400	0.37	0.6	0.6	0	0	0.37
265500	0.38	0.6	0.6	0	0	0.38
265600	0.38	0.6	0.6	0	0	0.38
265700	0.37	0.6	0.6	0	0	0.37
265800	0.37	0.6	0.6	0	0	0.37
265900	0.38	0.6	0.6	0	0	0.38
266000	0.38	0.6	0.6	0	0	0.38
266100	0.37	0.6	0.6	0	0	0.37
266200	0.37	0.6	0.6	0	0	0.37
266300	0.37	0.6	0.6	0	0	0.37
266400	0.37	0.6	0.6	0	0	0.37
266500	0.37	0.6	0.6	0	0	0.37
266600	0.37	0.6	0.6	0	0	0.37
266700	0.37	0.6	0.6	0	0	0.37
266800	0.37	0.6	0.6	0	0	0.37
266900	0.37	0.6	0.6	0	0	0.37
267000	0.37	0.6	0.6	0	0	0.37
267100	0.37	0.6	0.6	0	0	0.37
267200	0.37	0.6	0.6	0	0	0.37
267300	0.37	0.6	0.6	0	0	0.37
267400	0.37	0.6	0.6	0	0	0.37
267500	0.37	0.6	0.6	0	0	0.37
267600	0.37	0.6	0.6	0	0	0.37
267700	0.37	0.6	0.6	0	0	0.37
267800	0.37	0.6	0.6	0	0	0.37
267900	0.37	0.6	0.6	0	0	0.37
268000	0.37	0.6	0.6	0	0	0.37
268100	0.37	0.6	0.6	0	0	0.37
268200	0.37	0.6	0.6	0	0	0.37
268300	0.37	0.6	0.6	0	0	0.37
268400	0.37	0.6	0.6	0	0	0.37
268500	0.37	0.6	0.6	0	0	0.37
268600	0.37	0.6	0.6	0	0	0.37
268700	0.36	0.6	0.6	0	0	0.36
268800	0.36	0.6	0.6	0	0	0.36
268900	0.36	0.6	0.6	0	0	0.36
269000	0.36	0.6	0.6	0	0	0.36
269100	0.36	0.6	0.6	0	0	0.36
269200	0.36	0.6	0.6	0	0	0.36
269300	0.37	0.6	0.6	0	0	0.37
269400	0.37	0.6	0.6	0	0	0.37
269500	0.37	0.6	0.6	0	0	0.37
269600	0.37	0.6	0.6	0	0	0.37
269700	0.37	0.6	0.6	0	0	0.37
269800	0.37	0.6	0.6	0	0	0.37
269900	0.37	0.6	0.6	0	0	0.37
270000	0.37	0.6	0.6	0	0	0.37
270100	0.37	0.6	0.6	0	0	0.37
270200	0.37	0.6	0.6	0	0	0.37
270300	0.37	0.6	0.6	0	0	0.37
270400	0.37	0.6	0.6	0	0	0.37
270500	0.36	0.6	0.6	0	0	0.36
270600	0.36	0.6	0.6	0	0	0.36
270700	0.36	0.6	0.6	0	0	0.36
270800	0.36	0.6	0.6	0	0	0.36
270900	0.36	0.61	0.61	0	0	0.36
271000	0.36	0.61	0.61	0	0	0.36
271100	0.36	0.61	0.61	0	0	0.36
271200	0.35	0.61	0.61	0	0	0.35
271300	0.35	0.61	0.61	0	0	0.35
271400	0.35	0.61	0.61	0	0	0.35
271500	0.35	0.61	0.61	0	0	0.35
271600	0.35	0.61	0.61	0	0	0.35
271700	0.35	0.61	0.61	0	0	0.35
271800	0.35	0.61	0.61	0	0	0.35
271900	0.35	0.61	0.61	0	0	0.35
272000	0.35	0.61	0.61	0	0	0.35
272100	0.35	0.61	0.61	0	0	0.35
272200	0.35	0.61	0.61	0	0	0.35
272300	0.35	0.61	0.61	0	0	0.35
272400	0.35	0.61	0.61	0	0	0.35
272500	0.35	0.61	0.61	0	0	0.35
272600	0.35	0.61	0.61	0	0	0.35
272700	0.35	0.61	0.61	0	0	0.35
272800	0.35	0.61	0.61	0	0	0.35
272900	0.35	0.61	0.61	0	0	0.35
273000	0.35	0.61	0.61	0	0	0.35
273100	0.35	0.61	0.61	0	0	0.35
273200	0.35	0.61	0.61	0	0	0.35
273300	0.35	0.61	0.61	0	0	0.35
273400	0.35	0.61	0.61	0	0	0.35
273500	0.35	0.61	0.61	0	0	0.35
273600	0.35	0.61	0.61	0	0	0.35
273700	0.35	0.61	0.61	0	0	0.35
273800	0.35	0.61	0.61	0	0	0.35
273900	0.35	0.61	0.61	0	0	0.35
274000	0.35	0.61	0.61	0	0	0.35
274100	0.35	0.61	0.61	0	0	0.35
274200	0.35	0.61	0.61	0	0	0.35
274300	0.35	0.61	0.61	0	0	0.35
274400	0.35	0.61	0.61	0	0	0.35
274500	0.35	0.61	0.61	0	0	0.35
274600	0.36	0.61	0.61	0	0	0.36
274700	0.36	0.61	0.61	0	0	0.36
274800	0.36	0.61	0.61	0	0	0.36
274900	0.36	0.61	0.61	0	0	0.36
275000	0.36	0.61	0.61	0	0	0.36
275100	0.36	0.61	0.61	0	0	0.36
275200	0.37	0.61	0.61	0	0	0.37
275300	0.37	0.61	0.61	0	0	0.37
275400	0.37	0.61	0.61	0	0	0.37
275500	0.36	0.61	0.61	0	0	0.36
275600	0.35	0.61	0.61	0	0	0.35
275700	0.35	0.61	0.61	0	0	0.35
275800	0.35	0.61	0.61	0	0	0.35
275900	0.35	0.61	0.61	0	0	0.35
276000	0.35	0.61	0.61	0	0	0.35
276100	0.35	0.61	0.61	0	0	0.35
276200	0.35	0.61	0.61	0	0	0.35
276300	0.35	0.61	0.61	0	0	0.35
276400	0.35	0.61	0.61	0	0	0.35
276500	0.35	0.61	0.61	0	0	0.35
276600	0.35	0.61	0.61	0	0	0.35
276700	0.35	0.61	0.61	0	0	0.35
276800	0.35	0.61	0.61	0	0	0.35
276900	0.35	0.61	0.61	0	0	0.35
277000	0.35	0.61	0.61	0	0	0.35
277100	0.35	0.61	0.61	0	0	0.35
277200	0.35	0.61	0.61	0	0	0.35
277300	0.35	0.61	0.61	0	0	0.35
277400	0.35	0.61	0.61	0	0	0.35
277500	0.35	0.61	0.61	0	0	0.35
277600	0.35	0.61	0.61	0	0	0.35
277700	0.35	0.61	0.61	0	0	0.35
277800	0.35	0.61	0.61	0	0	0.35
277900	0.35	0.61	0.61	0	0	0.35
278000	0.35	0.61	0.61	0	0	0.35
278100	0.35	0.61	0.61	0	0	0.35
278200	0.35	0.61	0.61	0	0	0.35
278300	0.35	0.61	0.61	0	0	0.35
278400	0.35	0.61	0.61	0	0	0.35
278500	0.35	0.61	0.61	0	0	0.35
278600	0.35	0.61	0.61	0	0	0.35
278700	0.35	0.61	0.61	0	0	0.35
278800	0.36	0.61	0.61	0	0	0.36
278900	0.36	0.61	0.61	0	0	0.36
279000	0.36	0.61	0.61	0	0	0.36
279100	0.36	0.61	0.61	0	0	0.36
279200	0.36	0.61	0.61	0	0	0.36
279300	0.36	0.61	0.61	0	0	0.36
279400	0.36	0.61	0.61	0	0	0.36
279500	0.36	0.61	0.61	0	0	0.36
279600	0.36	0.61	0.61	0	0	0.36
279700	0.36	0.61	0.61	0	0	0.36
279800	0.36	0.61	0.61	0	0	0.36
279900	0.36	0.61	0.61	0	0	0.36
280000	0.36	0.61	0.61	0	0	0.36
280100	0.36	0.61	0.61	0	0	0.36
280200	0.36	0.61	0.61	0	0	0.36
280300	0.36	0.61	0.61	0	0	0.36
280400	0.36	0.61	0.61	0	0	0.36
280500	0.36	0.61	0.61	0	0	0.36
280600	0.36	0.61	0.61	0	0	0.36
280700	0.36	0.61	0.61	0	0	0.36
280800	0.36	0.61	0.61	0	0	0.36
280900	0.36	0.61	0.61	0	0	0.36
281000	0.36	0.61	0.61	0	0	0.36
281100	0.36	0.61	0.61	0	0	0.36
281200	0.36	0.61	0.61	0	0	0.36
281300	0.37	0.6	0.6	0	0	0.37
281400	0.37	0.6	0.6	0	0	0.37
281500	0.37	0.6	0.6	0	0	0.37
281600	0.37	0.6	0.6	0	0	0.37
281700	0.37	0.6	0.6	0	0	0.37
281800	0.37	0.6	0.6	0	0	0.37
281900	0.37	0.6	0.6	0	0	0.37
282000	0.37	0.6	0.6	0	0	0.37
282100	0.37	0.6	0.6	0	0	0.37
282200	0.37	0.6	0.6	0	0	0.37
282300	0.37	0.6	0.6	0	0	0.37
282400	0.37	0.6	0.6	0	0	0.37
282500	0.37	0.6	0.6	0	0	0.37
282600	0.37	0.6	0.6	0	0	0.37
282700	0.37	0.6	0.6	0	0	0.37
282800	0.37	0.6	0.6	0	0	0.37
282900	0.36	0.6	0.6	0	0	0.36
283000	0.36	0.6	0.6	0	0	0.36
283100	0.37	0.6	0.6	0	0	0.37
283200	0.37	0.6	0.6	0	0	0.37
283300	0.37	0.6	0.6	0	0	0.37
283400	0.37	0.6	0.6	0	0	0.37
283500	0.37	0.6	0.6	0	0	0.37
283600	0.37	0.6	0.6	0	0	0.37
283700	0.37	0.6	0.6	0	0	0.37
283800	0.37	0.6	0.6	0	0	0.37
283900	0.37	0.6	0.6	0	0	0.37
284000	0.37	0.6	0.6	0	0	0.37
284100	0.37	0.6	0.6	0	0	0.37
284200	0.37	0.6	0.6	0	0	0.37
284300	0.37	0.6	0.6	0	0	0.37
284400	0.37	0.6	0.6	0	0	0.37
284500	0.37	0.6	0.6	0	0	0.37
284600	0.38	0.6	0.6	0	0	0.38
284700	0.39	0.6	0.6	0	0	0.39
284800	0.39	0.6	0.6	0	0	0.39
284900	0.39	0.6	0.6	0	0	0.39
285000	0.39	0.6	0.6	0	0	0.39
285100	0.39	0.6	0.6	0	0	0.39
285200	0.39	0.6	0.6	0	0	0.39
285300	0.39	0.6	0.6	0	0	0.39
285400	0.39	0.6	0.6	0	0	0.39
285500	0.39	0.6	0.6	0	0	0.39
285600	0.39	0.6	0.6	0	0	0.39
285700	0.39	0.6	0.6	0	0	0.39
285800	0.39	0.6	0.6	0	0	0.39
285900	0.39	0.6	0.6	0	0	0.39
286000	0.39	0.6	0.6	0	0	0.39
286100	0.39	0.6	0.6	0	0	0.39
286200	0.39	0.6	0.6	0	0	0.39
286300	0.39	0.6	0.6	0	0	0.39
286400	0.39	0.6	0.6	0	0	0.39
286500	0.39	0.6	0.6	0	0	0.39
286600	0.39	0.6	0.6	0	0	0.39
286700	0.39	0.6	0.6	0	0	0.39
286800	0.39	0.6	0.6	0	0	0.39
286900	0.39	0.6	0.6	0	0	0.39
287000	0.39	0.6	0.6	0	0	0.39
287100	0.39	0.6	0.6	0	0	0.39
287200	0.39	0.6	0.6	0	0	0.39
287300	0.39	0.6	0.6	0	0	0.39
287400	0.39	0.6	0.6	0	0	0.39
287500	0.39	0.6	0.6	0	0	0.39
287600	0.39	0.6	0.6	0	0	0.39
287700	0.39	0.6	0.6	0	0	0.39
287800	0.39	0.6	0.6	0	0	0.39
287900	0.39	0.6	0.6	0	0	0.39
288000	0.39	0.6	0.6	0	0	0.39
288100	0.39	0.6	0.6	0	0	0.39
288200	0.39	0.6	0.6	0	0	0.39
288300	0.39	0.6	0.6	0	0	0.39
288400	0.39	0.6	0.6	0	0	0.39
288500	0.39	0.6	0.6	0	0	0.39
288600	0.39	0.6	0.6	0	0	0.39
288700	0.39	0.6	0.6	0	0	0.39
288800	0.39	0.6	0.6	0	0	0.39
288900	0.39	0.6	0.6	0	0	0.39
289000	0.39	0.6	0.6	0	0	0.39
289100	0.39	0.6	0.6	0	0	0.39
289200	0.39	0.6	0.6	0	0	0.39
289300	0.39	0.6	0.6	0	0	0.39
289400	0.39	0.6	0.6	0	0	0.39
289500	0.39	0.6	0.6	0	0	0.39
289600	0.39	0.6	0.6	0	0	0.39
289700	0.39	0.6	0.6	0	0	0.39
289800	0.39	0.6	0.6	0	0	0.39
289900	0.39	0.6	0.6	0	0	0.39
290000	0.39	0.6	0.6	0	0	0.39
290100	0.39	0.6	0.6	0	0	0.39
290200	0.39	0.6	0.6	0	0	0.39
290300	0.39	0.6	0.6	0	0	0.39
290400	0.39	0.6	0.6	0	0	0.39
290500	0.39	0.6	0.6	0	0	0.39
290600	0.39	0.6	0.6	0	0	0.39
290700	0.39	0.6	0.6	0	0	0.39
290800	0.39	0.6	0.6	0	0	0.39
290900	0.39	0.6	0.6	0	0	0.39
291000	0.39	0.6	0.6	0	0	0.39
291100	0.39	0.6	0.6	0	0	0.39
291200	0.39	0.6	0.6	0	0	0.39
291300	0.39	0.6	0.6	0	0	0.39
291400	0.39	0.6	0.6	0	0	0.39
291500	0.39	0.6	0.6	0	0	0.39
291600	0.39	0.6	0.6	0	0	0.39
291700	0.39	0.6	0.6	0	0	0.39
291800	0.39	0.6	0.6	0	0	0.39
291900	0.39	0.6	0.6	0	0	0.39
292000	0.39	0.6	0.6	0	0	0.39
292100	0.39	0.6	0.6	0	0	0.39
292200	0.39	0.6	0.6	0	0	0.39
292300	0.39	0.6	0.6	0	0	0.39
292400	0.39	0.6	0.6	0	0	0.39
292500	0.39	0.6	0.6	0	0	0.39
292600	0.39	0.6	0.6	0	0	0.39
292700	0.39	0.6	0.6	0	0	0.39
292800	0.39	0.6	0.6	0	0	0.39
292900	0.39	0.6	0.6	0	0	0.39
293000	0.39	0.6	0.6	0	0	0.39
293100	0.39	0.6	0.6	0	0	0.39
293200	0.38	0.6	0.6	0	0	0.38
293300	0.37	0.6	0.6	0	0	0.37
293400	0.37	0.6	0.6	0	0	0.37
293500	0.37	0.6	0.6	0	0	0.37
293600	0.37	0.6	0.6	0	0	0.37
293700	0.37	0.6	0.6	0	0	0.37
293800	0.37	0.6	0.6	0	0	0.37
293900	0.37	0.6	0.6	0	0	0.37
294000	0.37	0.61	0.61	0	0	0.37
294100	0.37	0.6	0.6	0	0	0.37
294200	0.37	0.6	0.6	0	0	0.37
294300	0.38	0.6	0.6	0	0	0.38
294400	0.38	0.6	0.6	0	0	0.38
294500	0.38	0.6	0.6	0	0	0.38
294600	0.38	0.6	0.6	0	0	0.38
294700	0.38	0.6	0.6	0	0	0.38
294800	0.38	0.6	0.6	0	0	0.38
294900	0.38	0.6	0.6	0	0	0.38
295000	0.38	0.6	0.6	0	0	0.38
295100	0.38	0.6	0.6	0	0	0.38
295200	0.38	0.6	0.6	0	0	0.38
295300	0.38	0.6	0.6	0	0	0.38
295400	0.38	0.6	0.6	0	0	0.38
295500	0.38	0.6	0.6	0	0	0.38
295600	0.38	0.6	0.6	0	0	0.38
295700	0.38	0.6	0.6	0	0	0.38
295800	0.38	0.6	0.6	0	0	0.38
295900	0.38	0.6	0.6	0	0	0.38
296000	0.38	0.6	0.6	0	0	0.38
296100	0.38	0.6	0.6	0	0	0.38
296200	0.38	0.6	0.6	0	0	0.38
296300	0.38	0.6	0.6	0	0	0.38
296400	0.38	0.6	0.6	0	0	0.38
296500	0.38	0.6	0.6	0	0	0.38
296600	0.38	0.6	0.6	0	0	0.38
296700	0.38	0.6	0.6	0	0	0.38
296800	0.38	0.6	0.6	0	0	0.38
296900	0.38	0.6	0.6	0	0	0.38
297000	0.38	0.6	0.6	0	0	0.38
297100	0.38	0.6	0.6	0	0	0.38
297200	0.38	0.6	0.6	0	0	0.38
297300	0.38	0.6	0.6	0	0	0.38
297400	0.38	0.6	0.6	0	0	0.38
297500	0.38	0.6	0.6	0	0	0.38
297600	0.38	0.6	0.6	0	0	0.38
297700	0.38	0.6	0.6	0	0	0.38
297800	0.38	0.6	0.6	0	0	0.38
297900	0.38	0.6	0.6	0	0	0.38
298000	0.38	0.6	0.6	0	0	0.38
298100	0.38	0.6	0.6	0	0	0.38
298200	0.38	0.6	0.6	0	0	0.38
298300	0.38	0.6	0.6	0	0	0.38
298400	0.38	0.6	0.6	0	0	0.38
298500	0.38	0.6	0.6	0	0	0.38
298600	0.38	0.6	0.6	0	0	0.38
298700	0.38	0.6	0.6	0	0	0.38
298800	0.38	0.6	0.6	0	0	0.38
298900	0.38	0.6	0.6	0	0	0.38
299000	0.38	0.6	0.6	0	0	0.38
299100	0.38	0.6	0.6	0	0	0.38
299200	0.38	0.6	0.6	0	0	0.38
299300	0.38	0.6	0.6	0	0	0.38
299400	0.38	0.6	0.6	0	0	0.38
299500	0.38	0.6	0.6	0	0	0.38
299600	0.38	0.6	0.6	0	0	0.38
299700	0.38	0.6	0.6	0	0	0.38
299800	0.38	0.6	0.6	0	0	0.38
299900	0.38	0.6	0.6	0	0	0.38
300000	0.38	0.6	0.6	0	0	0.38
