100	0.06	0.11	0.11	0	0	0.06
200	0.09	0.12	0.12	0	0	0.09
300	0.1	0.12	0.12	0	0	0.1
400	0.1	0.11	0.11	0	0	0.1
500	0.09	0.1	0.1	0	0	0.09
600	0.1	0.1	0.1	0	0	0.1
700	0.09	0.11	0.11	0	0	0.09
800	0.1	0.12	0.12	0	0	0.1
900	0.1	0.11	0.11	0	0	0.1
1000	0.1	0.13	0.13	0	0	0.1
1100	0.11	0.14	0.14	0	0	0.11
1200	0.12	0.16	0.16	0	0	0.12
1300	0.13	0.15	0.15	0	0	0.13
1400	0.14	0.15	0.15	0	0	0.14
1500	0.15	0.14	0.14	0	0	0.15
1600	0.15	0.15	0.15	0	0	0.15
1700	0.13	0.15	0.15	0	0	0.13
1800	0.13	0.16	0.16	0	0	0.13
1900	0.12	0.16	0.16	0	0	0.12
2000	0.12	0.16	0.16	0	0	0.12
2100	0.12	0.17	0.17	0	0	0.12
2200	0.14	0.17	0.17	0	0	0.14
2300	0.14	0.19	0.19	0	0	0.14
2400	0.16	0.19	0.19	0	0	0.16
2500	0.16	0.18	0.18	0	0	0.16
2600	0.16	0.19	0.19	0	0	0.16
2700	0.18	0.21	0.21	0	0	0.18
2800	0.19	0.23	0.23	0	0	0.19
2900	0.19	0.24	0.24	0	0	0.19
3000	0.18	0.23	0.23	0	0	0.18
3100	0.18	0.23	0.23	0	0	0.18
3200	0.19	0.23	0.23	0	0	0.19
3300	0.2	0.26	0.26	0	0	0.2
3400	0.19	0.24	0.24	0	0	0.19
3500	0.2	0.25	0.25	0	0	0.2
3600	0.2	0.25	0.25	0	0	0.2
3700	0.2	0.26	0.26	0	0	0.2
3800	0.19	0.29	0.29	0	0	0.19
3900	0.19	0.28	0.28	0	0	0.19
4000	0.19	0.28	0.28	0	0	0.19
4100	0.2	0.28	0.28	0	0	0.2
4200	0.2	0.27	0.27	0	0	0.2
4300	0.2	0.25	0.25	0	0	0.2
4400	0.2	0.26	0.26	0	0	0.2
4500	0.21	0.28	0.28	0	0	0.21
4600	0.21	0.27	0.27	0	0	0.21
4700	0.21	0.26	0.26	0	0	0.21
4800	0.21	0.26	0.26	0	0	0.21
4900	0.19	0.26	0.26	0	0	0.19
5000	0.21	0.26	0.26	0	0	0.21
5100	0.21	0.27	0.27	0	0	0.21
5200	0.21	0.29	0.29	0	0	0.21
5300	0.2	0.31	0.31	0	0	0.2
5400	0.18	0.3	0.3	0	0	0.18
5500	0.19	0.32	0.32	0	0	0.19
5600	0.19	0.32	0.32	0	0	0.19
5700	0.19	0.32	0.32	0	0	0.19
5800	0.18	0.33	0.33	0	0	0.18
5900	0.19	0.35	0.35	0	0	0.19
6000	0.19	0.34	0.34	0	0	0.19
6100	0.18	0.33	0.33	0	0	0.18
6200	0.18	0.33	0.33	0	0	0.18
6300	0.18	0.34	0.34	0	0	0.18
6400	0.18	0.34	0.34	0	0	0.18
6500	0.18	0.34	0.34	0	0	0.18
6600	0.19	0.34	0.34	0	0	0.19
6700	0.19	0.36	0.36	0	0	0.19
6800	0.2	0.35	0.35	0	0	0.2
6900	0.2	0.36	0.36	0	0	0.2
7000	0.18	0.36	0.36	0	0	0.18
7100	0.18	0.36	0.36	0	0	0.18
7200	0.18	0.37	0.37	0	0	0.18
7300	0.18	0.36	0.36	0	0	0.18
7400	0.18	0.36	0.36	0	0	0.18
7500	0.19	0.37	0.37	0	0	0.19
7600	0.19	0.37	0.37	0	0	0.19
7700	0.2	0.38	0.38	0	0	0.2
7800	0.2	0.38	0.38	0	0	0.2
7900	0.19	0.38	0.38	0	0	0.19
8000	0.18	0.39	0.39	0	0	0.18
8100	0.19	0.41	0.41	0	0	0.19
8200	0.19	0.4	0.4	0	0	0.19
8300	0.19	0.4	0.4	0	0	0.19
8400	0.18	0.39	0.39	0	0	0.18
8500	0.18	0.38	0.38	0	0	0.18
8600	0.18	0.4	0.4	0	0	0.18
8700	0.18	0.39	0.39	0	0	0.18
8800	0.18	0.39	0.39	0	0	0.18
8900	0.18	0.39	0.39	0	0	0.18
9000	0.18	0.4	0.4	0	0	0.18
9100	0.18	0.4	0.4	0	0	0.18
9200	0.18	0.4	0.4	0	0	0.18
9300	0.18	0.41	0.41	0	0	0.18
9400	0.19	0.42	0.42	0	0	0.19
9500	0.19	0.41	0.41	0	0	0.19
9600	0.19	0.41	0.41	0	0	0.19
9700	0.19	0.41	0.41	0	0	0.19
9800	0.18	0.41	0.41	0	0	0.18
9900	0.18	0.41	0.41	0	0	0.18
10000	0.19	0.41	0.41	0	0	0.19
10100	0.17	0.41	0.41	0	0	0.17
10200	0.17	0.41	0.41	0	0	0.17
10300	0.17	0.41	0.41	0	0	0.17
10400	0.17	0.41	0.41	0	0	0.17
10500	0.17	0.41	0.41	0	0	0.17
10600	0.17	0.42	0.42	0	0	0.17
10700	0.17	0.42	0.42	0	0	0.17
10800	0.18	0.42	0.42	0	0	0.18
10900	0.18	0.42	0.42	0	0	0.18
11000	0.18	0.43	0.43	0	0	0.18
11100	0.18	0.43	0.43	0	0	0.18
11200	0.18	0.43	0.43	0	0	0.18
11300	0.19	0.43	0.43	0	0	0.19
11400	0.18	0.43	0.43	0	0	0.18
11500	0.19	0.43	0.43	0	0	0.19
11600	0.18	0.43	0.43	0	0	0.18
11700	0.19	0.43	0.43	0	0	0.19
11800	0.18	0.43	0.43	0	0	0.18
11900	0.18	0.44	0.44	0	0	0.18
12000	0.18	0.44	0.44	0	0	0.18
12100	0.18	0.44	0.44	0	0	0.18
12200	0.19	0.44	0.44	0	0	0.19
12300	0.19	0.44	0.44	0	0	0.19
12400	0.18	0.45	0.45	0	0	0.18
12500	0.18	0.45	0.45	0	0	0.18
12600	0.17	0.45	0.45	0	0	0.17
12700	0.17	0.45	0.45	0	0	0.17
12800	0.17	0.45	0.45	0	0	0.17
12900	0.17	0.45	0.45	0	0	0.17
13000	0.17	0.45	0.45	0	0	0.17
13100	0.18	0.45	0.45	0	0	0.18
13200	0.18	0.45	0.45	0	0	0.18
13300	0.2	0.45	0.45	0	0	0.2
13400	0.2	0.45	0.45	0	0	0.2
13500	0.21	0.46	0.46	0	0	0.21
13600	0.21	0.45	0.45	0	0	0.21
13700	0.21	0.46	0.46	0	0	0.21
13800	0.21	0.45	0.45	0	0	0.21
13900	0.21	0.44	0.44	0	0	0.21
14000	0.21	0.44	0.44	0	0	0.21
14100	0.21	0.44	0.44	0	0	0.21
14200	0.2	0.44	0.44	0	0	0.2
14300	0.19	0.45	0.45	0	0	0.19
14400	0.19	0.44	0.44	0	0	0.19
14500	0.19	0.45	0.45	0	0	0.19
14600	0.2	0.45	0.45	0	0	0.2
14700	0.2	0.46	0.46	0	0	0.2
14800	0.21	0.45	0.45	0	0	0.21
14900	0.21	0.45	0.45	0	0	0.21
15000	0.2	0.45	0.45	0	0	0.2
15100	0.2	0.45	0.45	0	0	0.2
15200	0.2	0.46	0.46	0	0	0.2
15300	0.2	0.45	0.45	0	0	0.2
15400	0.2	0.46	0.46	0	0	0.2
15500	0.2	0.45	0.45	0	0	0.2
15600	0.2	0.45	0.45	0	0	0.2
15700	0.2	0.45	0.45	0	0	0.2
15800	0.2	0.45	0.45	0	0	0.2
15900	0.2	0.45	0.45	0	0	0.2
16000	0.2	0.45	0.45	0	0	0.2
16100	0.2	0.45	0.45	0	0	0.2
16200	0.2	0.45	0.45	0	0	0.2
16300	0.2	0.45	0.45	0	0	0.2
16400	0.2	0.45	0.45	0	0	0.2
16500	0.2	0.46	0.46	0	0	0.2
16600	0.2	0.45	0.45	0	0	0.2
16700	0.2	0.45	0.45	0	0	0.2
16800	0.2	0.45	0.45	0	0	0.2
16900	0.2	0.45	0.45	0	0	0.2
17000	0.2	0.45	0.45	0	0	0.2
17100	0.2	0.45	0.45	0	0	0.2
17200	0.2	0.46	0.46	0	0	0.2
17300	0.21	0.46	0.46	0	0	0.21
17400	0.23	0.47	0.47	0	0	0.23
17500	0.23	0.47	0.47	0	0	0.23
17600	0.21	0.47	0.47	0	0	0.21
17700	0.21	0.48	0.48	0	0	0.21
17800	0.21	0.47	0.47	0	0	0.21
17900	0.21	0.47	0.47	0	0	0.21
18000	0.21	0.47	0.47	0	0	0.21
18100	0.22	0.47	0.47	0	0	0.22
18200	0.21	0.46	0.46	0	0	0.21
18300	0.21	0.46	0.46	0	0	0.21
18400	0.21	0.46	0.46	0	0	0.21
18500	0.21	0.47	0.47	0	0	0.21
18600	0.21	0.48	0.48	0	0	0.21
18700	0.21	0.48	0.48	0	0	0.21
18800	0.22	0.48	0.48	0	0	0.22
18900	0.22	0.48	0.48	0	0	0.22
19000	0.22	0.48	0.48	0	0	0.22
19100	0.22	0.49	0.49	0	0	0.22
19200	0.22	0.49	0.49	0	0	0.22
19300	0.21	0.5	0.5	0	0	0.21
19400	0.21	0.51	0.51	0	0	0.21
19500	0.21	0.5	0.5	0	0	0.21
19600	0.21	0.5	0.5	0	0	0.21
19700	0.21	0.5	0.5	0	0	0.21
19800	0.22	0.51	0.51	0	0	0.22
19900	0.22	0.5	0.5	0	0	0.22
20000	0.23	0.48	0.48	0	0	0.23
20100	0.23	0.49	0.49	0	0	0.23
20200	0.23	0.49	0.49	0	0	0.23
20300	0.23	0.48	0.48	0	0	0.23
20400	0.23	0.49	0.49	0	0	0.23
20500	0.22	0.48	0.48	0	0	0.22
20600	0.22	0.48	0.48	0	0	0.22
20700	0.22	0.48	0.48	0	0	0.22
20800	0.22	0.48	0.48	0	0	0.22
20900	0.21	0.48	0.48	0	0	0.21
21000	0.21	0.48	0.48	0	0	0.21
21100	0.21	0.47	0.47	0	0	0.21
21200	0.21	0.48	0.48	0	0	0.21
21300	0.21	0.48	0.48	0	0	0.21
21400	0.21	0.48	0.48	0	0	0.21
21500	0.21	0.48	0.48	0	0	0.21
21600	0.21	0.48	0.48	0	0	0.21
21700	0.22	0.48	0.48	0	0	0.22
21800	0.23	0.48	0.48	0	0	0.23
21900	0.24	0.49	0.49	0	0	0.24
22000	0.24	0.49	0.49	0	0	0.24
22100	0.23	0.49	0.49	0	0	0.23
22200	0.24	0.48	0.48	0	0	0.24
22300	0.24	0.49	0.49	0	0	0.24
22400	0.24	0.48	0.48	0	0	0.24
22500	0.24	0.48	0.48	0	0	0.24
22600	0.24	0.48	0.48	0	0	0.24
22700	0.24	0.48	0.48	0	0	0.24
22800	0.24	0.47	0.47	0	0	0.24
22900	0.25	0.47	0.47	0	0	0.25
23000	0.25	0.47	0.47	0	0	0.25
23100	0.24	0.47	0.47	0	0	0.24
23200	0.24	0.47	0.47	0	0	0.24
23300	0.23	0.47	0.47	0	0	0.23
23400	0.23	0.47	0.47	0	0	0.23
23500	0.22	0.47	0.47	0	0	0.22
23600	0.22	0.47	0.47	0	0	0.22
23700	0.22	0.47	0.47	0	0	0.22
23800	0.22	0.47	0.47	0	0	0.22
23900	0.22	0.47	0.47	0	0	0.22
24000	0.22	0.47	0.47	0	0	0.22
24100	0.22	0.47	0.47	0	0	0.22
24200	0.22	0.47	0.47	0	0	0.22
24300	0.22	0.48	0.48	0	0	0.22
24400	0.23	0.48	0.48	0	0	0.23
24500	0.23	0.48	0.48	0	0	0.23
24600	0.24	0.48	0.48	0	0	0.24
24700	0.24	0.48	0.48	0	0	0.24
24800	0.24	0.49	0.49	0	0	0.24
24900	0.24	0.49	0.49	0	0	0.24
25000	0.24	0.5	0.5	0	0	0.24
25100	0.24	0.5	0.5	0	0	0.24
25200	0.24	0.5	0.5	0	0	0.24
25300	0.25	0.5	0.5	0	0	0.25
25400	0.25	0.5	0.5	0	0	0.25
25500	0.23	0.5	0.5	0	0	0.23
25600	0.23	0.5	0.5	0	0	0.23
25700	0.23	0.5	0.5	0	0	0.23
25800	0.23	0.49	0.49	0	0	0.23
25900	0.23	0.49	0.49	0	0	0.23
26000	0.23	0.49	0.49	0	0	0.23
26100	0.23	0.49	0.49	0	0	0.23
26200	0.23	0.49	0.49	0	0	0.23
26300	0.23	0.49	0.49	0	0	0.23
26400	0.23	0.49	0.49	0	0	0.23
26500	0.23	0.49	0.49	0	0	0.23
26600	0.23	0.49	0.49	0	0	0.23
26700	0.24	0.49	0.49	0	0	0.24
26800	0.24	0.49	0.49	0	0	0.24
26900	0.24	0.49	0.49	0	0	0.24
27000	0.24	0.49	0.49	0	0	0.24
27100	0.23	0.49	0.49	0	0	0.23
27200	0.23	0.49	0.49	0	0	0.23
27300	0.22	0.49	0.49	0	0	0.22
27400	0.22	0.49	0.49	0	0	0.22
27500	0.22	0.49	0.49	0	0	0.22
27600	0.22	0.49	0.49	0	0	0.22
27700	0.22	0.49	0.49	0	0	0.22
27800	0.22	0.49	0.49	0	0	0.22
27900	0.22	0.49	0.49	0	0	0.22
28000	0.23	0.49	0.49	0	0	0.23
28100	0.23	0.49	0.49	0	0	0.23
28200	0.24	0.49	0.49	0	0	0.24
28300	0.24	0.49	0.49	0	0	0.24
28400	0.24	0.5	0.5	0	0	0.24
28500	0.24	0.49	0.49	0	0	0.24
28600	0.24	0.49	0.49	0	0	0.24
28700	0.24	0.48	0.48	0	0	0.24
28800	0.24	0.48	0.48	0	0	0.24
28900	0.24	0.48	0.48	0	0	0.24
29000	0.23	0.48	0.48	0	0	0.23
29100	0.24	0.48	0.48	0	0	0.24
29200	0.24	0.48	0.48	0	0	0.24
29300	0.25	0.49	0.49	0	0	0.25
29400	0.25	0.49	0.49	0	0	0.25
29500	0.25	0.49	0.49	0	0	0.25
29600	0.25	0.5	0.5	0	0	0.25
29700	0.25	0.5	0.5	0	0	0.25
29800	0.25	0.5	0.5	0	0	0.25
29900	0.25	0.5	0.5	0	0	0.25
30000	0.25	0.5	0.5	0	0	0.25
30100	0.25	0.5	0.5	0	0	0.25
30200	0.25	0.5	0.5	0	0	0.25
30300	0.25	0.51	0.51	0	0	0.25
30400	0.25	0.5	0.5	0	0	0.25
30500	0.26	0.5	0.5	0	0	0.26
30600	0.26	0.5	0.5	0	0	0.26
30700	0.26	0.5	0.5	0	0	0.26
30800	0.26	0.51	0.51	0	0	0.26
30900	0.26	0.51	0.51	0	0	0.26
31000	0.26	0.51	0.51	0	0	0.26
31100	0.26	0.51	0.51	0	0	0.26
31200	0.26	0.51	0.51	0	0	0.26
31300	0.25	0.51	0.51	0	0	0.25
31400	0.25	0.51	0.51	0	0	0.25
31500	0.25	0.52	0.52	0	0	0.25
31600	0.25	0.52	0.52	0	0	0.25
31700	0.25	0.52	0.52	0	0	0.25
31800	0.25	0.52	0.52	0	0	0.25
31900	0.25	0.52	0.52	0	0	0.25
32000	0.26	0.52	0.52	0	0	0.26
32100	0.25	0.51	0.51	0	0	0.25
32200	0.26	0.51	0.51	0	0	0.26
32300	0.26	0.51	0.51	0	0	0.26
32400	0.26	0.51	0.51	0	0	0.26
32500	0.26	0.51	0.51	0	0	0.26
32600	0.26	0.51	0.51	0	0	0.26
32700	0.26	0.51	0.51	0	0	0.26
32800	0.26	0.51	0.51	0	0	0.26
32900	0.26	0.51	0.51	0	0	0.26
33000	0.26	0.51	0.51	0	0	0.26
33100	0.27	0.51	0.51	0	0	0.27
33200	0.27	0.53	0.53	0	0	0.27
33300	0.27	0.53	0.53	0	0	0.27
33400	0.27	0.52	0.52	0	0	0.27
33500	0.27	0.52	0.52	0	0	0.27
33600	0.28	0.52	0.52	0	0	0.28
33700	0.28	0.52	0.52	0	0	0.28
33800	0.27	0.52	0.52	0	0	0.27
33900	0.27	0.52	0.52	0	0	0.27
34000	0.28	0.52	0.52	0	0	0.28
34100	0.28	0.52	0.52	0	0	0.28
34200	0.28	0.52	0.52	0	0	0.28
34300	0.28	0.52	0.52	0	0	0.28
34400	0.28	0.52	0.52	0	0	0.28
34500	0.27	0.52	0.52	0	0	0.27
34600	0.27	0.52	0.52	0	0	0.27
34700	0.27	0.52	0.52	0	0	0.27
34800	0.27	0.52	0.52	0	0	0.27
34900	0.27	0.52	0.52	0	0	0.27
35000	0.27	0.52	0.52	0	0	0.27
35100	0.27	0.52	0.52	0	0	0.27
35200	0.28	0.53	0.53	0	0	0.28
35300	0.28	0.52	0.52	0	0	0.28
35400	0.28	0.52	0.52	0	0	0.28
35500	0.28	0.53	0.53	0	0	0.28
35600	0.28	0.52	0.52	0	0	0.28
35700	0.28	0.53	0.53	0	0	0.28
35800	0.28	0.54	0.54	0	0	0.28
35900	0.28	0.53	0.53	0	0	0.28
36000	0.29	0.53	0.53	0	0	0.29
36100	0.29	0.53	0.53	0	0	0.29
36200	0.28	0.53	0.53	0	0	0.28
36300	0.28	0.53	0.53	0	0	0.28
36400	0.28	0.54	0.54	0	0	0.28
36500	0.29	0.54	0.54	0	0	0.29
36600	0.29	0.54	0.54	0	0	0.29
36700	0.3	0.54	0.54	0	0	0.3
36800	0.31	0.54	0.54	0	0	0.31
36900	0.33	0.54	0.54	0	0	0.33
37000	0.33	0.54	0.54	0	0	0.33
37100	0.34	0.53	0.53	0	0	0.34
37200	0.34	0.53	0.53	0	0	0.34
37300	0.34	0.53	0.53	0	0	0.34
37400	0.34	0.53	0.53	0	0	0.34
37500	0.34	0.53	0.53	0	0	0.34
37600	0.34	0.53	0.53	0	0	0.34
37700	0.34	0.53	0.53	0	0	0.34
37800	0.35	0.54	0.54	0	0	0.35
37900	0.35	0.53	0.53	0	0	0.35
38000	0.35	0.53	0.53	0	0	0.35
38100	0.35	0.53	0.53	0	0	0.35
38200	0.35	0.53	0.53	0	0	0.35
38300	0.35	0.53	0.53	0	0	0.35
38400	0.35	0.53	0.53	0	0	0.35
38500	0.35	0.53	0.53	0	0	0.35
38600	0.35	0.53	0.53	0	0	0.35
38700	0.35	0.53	0.53	0	0	0.35
38800	0.35	0.53	0.53	0	0	0.35
38900	0.34	0.53	0.53	0	0	0.34
39000	0.34	0.53	0.53	0	0	0.34
39100	0.34	0.53	0.53	0	0	0.34
39200	0.34	0.54	0.54	0	0	0.34
39300	0.34	0.54	0.54	0	0	0.34
39400	0.34	0.54	0.54	0	0	0.34
39500	0.34	0.54	0.54	0	0	0.34
39600	0.34	0.54	0.54	0	0	0.34
39700	0.34	0.53	0.53	0	0	0.34
39800	0.34	0.53	0.53	0	0	0.34
39900	0.33	0.53	0.53	0	0	0.33
40000	0.33	0.53	0.53	0	0	0.33
40100	0.32	0.53	0.53	0	0	0.32
40200	0.32	0.53	0.53	0	0	0.32
40300	0.32	0.54	0.54	0	0	0.32
40400	0.32	0.54	0.54	0	0	0.32
40500	0.33	0.55	0.55	0	0	0.33
40600	0.33	0.54	0.54	0	0	0.33
40700	0.32	0.54	0.54	0	0	0.32
40800	0.32	0.54	0.54	0	0	0.32
40900	0.32	0.54	0.54	0	0	0.32
41000	0.32	0.54	0.54	0	0	0.32
41100	0.32	0.54	0.54	0	0	0.32
41200	0.32	0.54	0.54	0	0	0.32
41300	0.32	0.53	0.53	0	0	0.32
41400	0.32	0.53	0.53	0	0	0.32
41500	0.32	0.53	0.53	0	0	0.32
41600	0.32	0.53	0.53	0	0	0.32
41700	0.31	0.54	0.54	0	0	0.31
41800	0.31	0.54	0.54	0	0	0.31
41900	0.31	0.54	0.54	0	0	0.31
42000	0.31	0.53	0.53	0	0	0.31
42100	0.31	0.53	0.53	0	0	0.31
42200	0.32	0.53	0.53	0	0	0.32
42300	0.32	0.53	0.53	0	0	0.32
42400	0.32	0.53	0.53	0	0	0.32
42500	0.32	0.54	0.54	0	0	0.32
42600	0.32	0.54	0.54	0	0	0.32
42700	0.32	0.54	0.54	0	0	0.32
42800	0.32	0.54	0.54	0	0	0.32
42900	0.32	0.54	0.54	0	0	0.32
43000	0.32	0.54	0.54	0	0	0.32
43100	0.32	0.54	0.54	0	0	0.32
43200	0.32	0.53	0.53	0	0	0.32
43300	0.32	0.53	0.53	0	0	0.32
43400	0.32	0.53	0.53	0	0	0.32
43500	0.31	0.53	0.53	0	0	0.31
43600	0.31	0.53	0.53	0	0	0.31
43700	0.31	0.53	0.53	0	0	0.31
43800	0.31	0.53	0.53	0	0	0.31
43900	0.31	0.53	0.53	0	0	0.31
44000	0.31	0.53	0.53	0	0	0.31
44100	0.32	0.53	0.53	0	0	0.32
44200	0.3	0.53	0.53	0	0	0.3
44300	0.3	0.53	0.53	0	0	0.3
44400	0.3	0.53	0.53	0	0	0.3
44500	0.31	0.53	0.53	0	0	0.31
44600	0.31	0.53	0.53	0	0	0.31
44700	0.31	0.54	0.54	0	0	0.31
44800	0.31	0.54	0.54	0	0	0.31
44900	0.31	0.54	0.54	0	0	0.31
45000	0.31	0.54	0.54	0	0	0.31
45100	0.32	0.54	0.54	0	0	0.32
45200	0.32	0.54	0.54	0	0	0.32
45300	0.32	0.54	0.54	0	0	0.32
45400	0.32	0.54	0.54	0	0	0.32
45500	0.32	0.54	0.54	0	0	0.32
45600	0.32	0.54	0.54	0	0	0.32
45700	0.32	0.54	0.54	0	0	0.32
45800	0.32	0.54	0.54	0	0	0.32
45900	0.32	0.54	0.54	0	0	0.32
46000	0.33	0.54	0.54	0	0	0.33
46100	0.33	0.54	0.54	0	0	0.33
46200	0.33	0.55	0.55	0	0	0.33
46300	0.33	0.55	0.55	0	0	0.33
46400	0.33	0.55	0.55	0	0	0.33
46500	0.34	0.55	0.55	0	0	0.34
46600	0.34	0.55	0.55	0	0	0.34
46700	0.34	0.55	0.55	0	0	0.34
46800	0.34	0.55	0.55	0	0	0.34
46900	0.35	0.55	0.55	0	0	0.35
47000	0.35	0.55	0.55	0	0	0.35
47100	0.35	0.55	0.55	0	0	0.35
47200	0.34	0.55	0.55	0	0	0.34
47300	0.34	0.55	0.55	0	0	0.34
47400	0.34	0.55	0.55	0	0	0.34
47500	0.34	0.54	0.54	0	0	0.34
47600	0.34	0.54	0.54	0	0	0.34
47700	0.34	0.54	0.54	0	0	0.34
47800	0.34	0.54	0.54	0	0	0.34
47900	0.34	0.54	0.54	0	0	0.34
48000	0.34	0.54	0.54	0	0	0.34
48100	0.34	0.54	0.54	0	0	0.34
48200	0.34	0.54	0.54	0	0	0.34
48300	0.34	0.54	0.54	0	0	0.34
48400	0.34	0.54	0.54	0	0	0.34
48500	0.34	0.54	0.54	0	0	0.34
48600	0.35	0.54	0.54	0	0	0.35
48700	0.35	0.54	0.54	0	0	0.35
48800	0.35	0.54	0.54	0	0	0.35
48900	0.35	0.54	0.54	0	0	0.35
49000	0.35	0.54	0.54	0	0	0.35
49100	0.35	0.54	0.54	0	0	0.35
49200	0.35	0.54	0.54	0	0	0.35
49300	0.35	0.54	0.54	0	0	0.35
49400	0.35	0.54	0.54	0	0	0.35
49500	0.35	0.54	0.54	0	0	0.35
49600	0.35	0.55	0.55	0	0	0.35
49700	0.35	0.54	0.54	0	0	0.35
49800	0.35	0.54	0.54	0	0	0.35
49900	0.35	0.54	0.54	0	0	0.35
50000	0.35	0.54	0.54	0	0	0.35
50100	0.35	0.54	0.54	0	0	0.35
50200	0.35	0.54	0.54	0	0	0.35
50300	0.35	0.55	0.55	0	0	0.35
50400	0.35	0.55	0.55	0	0	0.35
50500	0.35	0.55	0.55	0	0	0.35
50600	0.35	0.56	0.56	0	0	0.35
50700	0.35	0.56	0.56	0	0	0.35
50800	0.35	0.56	0.56	0	0	0.35
50900	0.35	0.56	0.56	0	0	0.35
51000	0.35	0.56	0.56	0	0	0.35
51100	0.35	0.56	0.56	0	0	0.35
51200	0.35	0.56	0.56	0	0	0.35
51300	0.35	0.56	0.56	0	0	0.35
51400	0.35	0.56	0.56	0	0	0.35
51500	0.35	0.56	0.56	0	0	0.35
51600	0.35	0.56	0.56	0	0	0.35
51700	0.35	0.56	0.56	0	0	0.35
51800	0.35	0.56	0.56	0	0	0.35
51900	0.35	0.56	0.56	0	0	0.35
52000	0.35	0.56	0.56	0	0	0.35
52100	0.35	0.56	0.56	0	0	0.35
52200	0.35	0.56	0.56	0	0	0.35
52300	0.35	0.56	0.56	0	0	0.35
52400	0.35	0.57	0.57	0	0	0.35
52500	0.35	0.57	0.57	0	0	0.35
52600	0.35	0.57	0.57	0	0	0.35
52700	0.35	0.57	0.57	0	0	0.35
52800	0.35	0.57	0.57	0	0	0.35
52900	0.35	0.57	0.57	0	0	0.35
53000	0.36	0.57	0.57	0	0	0.36
53100	0.36	0.57	0.57	0	0	0.36
53200	0.36	0.57	0.57	0	0	0.36
53300	0.36	0.57	0.57	0	0	0.36
53400	0.36	0.57	0.57	0	0	0.36
53500	0.36	0.57	0.57	0	0	0.36
53600	0.36	0.57	0.57	0	0	0.36
53700	0.36	0.57	0.57	0	0	0.36
53800	0.36	0.57	0.57	0	0	0.36
53900	0.36	0.57	0.57	0	0	0.36
54000	0.36	0.57	0.57	0	0	0.36
54100	0.36	0.57	0.57	0	0	0.36
54200	0.36	0.57	0.57	0	0	0.36
54300	0.36	0.57	0.57	0	0	0.36
54400	0.35	0.57	0.57	0	0	0.35
54500	0.35	0.57	0.57	0	0	0.35
54600	0.36	0.57	0.57	0	0	0.36
54700	0.34	0.57	0.57	0	0	0.34
54800	0.33	0.57	0.57	0	0	0.33
54900	0.33	0.57	0.57	0	0	0.33
55000	0.33	0.57	0.57	0	0	0.33
55100	0.33	0.57	0.57	0	0	0.33
55200	0.33	0.57	0.57	0	0	0.33
55300	0.33	0.57	0.57	0	0	0.33
55400	0.33	0.57	0.57	0	0	0.33
55500	0.33	0.57	0.57	0	0	0.33
55600	0.33	0.57	0.57	0	0	0.33
55700	0.33	0.57	0.57	0	0	0.33
55800	0.33	0.57	0.57	0	0	0.33
55900	0.33	0.57	0.57	0	0	0.33
56000	0.34	0.57	0.57	0	0	0.34
56100	0.34	0.58	0.58	0	0	0.34
56200	0.34	0.58	0.58	0	0	0.34
56300	0.34	0.58	0.58	0	0	0.34
56400	0.34	0.58	0.58	0	0	0.34
56500	0.34	0.58	0.58	0	0	0.34
56600	0.34	0.58	0.58	0	0	0.34
56700	0.33	0.58	0.58	0	0	0.33
56800	0.33	0.58	0.58	0	0	0.33
56900	0.33	0.58	0.58	0	0	0.33
57000	0.33	0.58	0.58	0	0	0.33
57100	0.33	0.57	0.57	0	0	0.33
57200	0.33	0.57	0.57	0	0	0.33
57300	0.33	0.57	0.57	0	0	0.33
57400	0.33	0.57	0.57	0	0	0.33
57500	0.33	0.57	0.57	0	0	0.33
57600	0.34	0.57	0.57	0	0	0.34
57700	0.34	0.57	0.57	0	0	0.34
57800	0.35	0.58	0.58	0	0	0.35
57900	0.35	0.58	0.58	0	0	0.35
58000	0.35	0.58	0.58	0	0	0.35
58100	0.34	0.58	0.58	0	0	0.34
58200	0.34	0.58	0.58	0	0	0.34
58300	0.35	0.58	0.58	0	0	0.35
58400	0.35	0.58	0.58	0	0	0.35
58500	0.35	0.58	0.58	0	0	0.35
58600	0.35	0.58	0.58	0	0	0.35
58700	0.35	0.58	0.58	0	0	0.35
58800	0.35	0.58	0.58	0	0	0.35
58900	0.35	0.58	0.58	0	0	0.35
59000	0.36	0.58	0.58	0	0	0.36
59100	0.36	0.58	0.58	0	0	0.36
59200	0.36	0.58	0.58	0	0	0.36
59300	0.36	0.58	0.58	0	0	0.36
59400	0.36	0.58	0.58	0	0	0.36
59500	0.36	0.58	0.58	0	0	0.36
59600	0.36	0.57	0.57	0	0	0.36
59700	0.36	0.57	0.57	0	0	0.36
59800	0.36	0.57	0.57	0	0	0.36
59900	0.36	0.57	0.57	0	0	0.36
60000	0.36	0.57	0.57	0	0	0.36
60100	0.36	0.57	0.57	0	0	0.36
60200	0.36	0.57	0.57	0	0	0.36
60300	0.36	0.57	0.57	0	0	0.36
60400	0.36	0.57	0.57	0	0	0.36
60500	0.36	0.57	0.57	0	0	0.36
60600	0.36	0.57	0.57	0	0	0.36
60700	0.36	0.57	0.57	0	0	0.36
60800	0.36	0.57	0.57	0	0	0.36
60900	0.36	0.57	0.57	0	0	0.36
61000	0.36	0.57	0.57	0	0	0.36
61100	0.36	0.57	0.57	0	0	0.36
61200	0.36	0.57	0.57	0	0	0.36
61300	0.36	0.57	0.57	0	0	0.36
61400	0.36	0.57	0.57	0	0	0.36
61500	0.36	0.57	0.57	0	0	0.36
61600	0.36	0.57	0.57	0	0	0.36
61700	0.36	0.57	0.57	0	0	0.36
61800	0.36	0.57	0.57	0	0	0.36
61900	0.36	0.57	0.57	0	0	0.36
62000	0.36	0.57	0.57	0	0	0.36
62100	0.36	0.57	0.57	0	0	0.36
62200	0.36	0.57	0.57	0	0	0.36
62300	0.36	0.57	0.57	0	0	0.36
62400	0.36	0.57	0.57	0	0	0.36
62500	0.36	0.57	0.57	0	0	0.36
62600	0.36	0.57	0.57	0	0	0.36
62700	0.36	0.57	0.57	0	0	0.36
62800	0.36	0.57	0.57	0	0	0.36
62900	0.36	0.57	0.57	0	0	0.36
63000	0.36	0.57	0.57	0	0	0.36
63100	0.37	0.57	0.57	0	0	0.37
63200	0.37	0.57	0.57	0	0	0.37
63300	0.37	0.57	0.57	0	0	0.37
63400	0.37	0.57	0.57	0	0	0.37
63500	0.37	0.57	0.57	0	0	0.37
63600	0.37	0.57	0.57	0	0	0.37
63700	0.38	0.57	0.57	0	0	0.38
63800	0.38	0.57	0.57	0	0	0.38
63900	0.38	0.57	0.57	0	0	0.38
64000	0.38	0.57	0.57	0	0	0.38
64100	0.38	0.57	0.57	0	0	0.38
64200	0.39	0.57	0.57	0	0	0.39
64300	0.39	0.57	0.57	0	0	0.39
64400	0.39	0.57	0.57	0	0	0.39
64500	0.39	0.57	0.57	0	0	0.39
64600	0.38	0.57	0.57	0	0	0.38
64700	0.38	0.57	0.57	0	0	0.38
64800	0.38	0.57	0.57	0	0	0.38
64900	0.38	0.57	0.57	0	0	0.38
65000	0.38	0.57	0.57	0	0	0.38
65100	0.37	0.57	0.57	0	0	0.37
65200	0.37	0.57	0.57	0	0	0.37
65300	0.37	0.57	0.57	0	0	0.37
65400	0.37	0.57	0.57	0	0	0.37
65500	0.37	0.57	0.57	0	0	0.37
65600	0.37	0.57	0.57	0	0	0.37
65700	0.38	0.58	0.58	0	0	0.38
65800	0.38	0.58	0.58	0	0	0.38
65900	0.38	0.58	0.58	0	0	0.38
66000	0.38	0.59	0.59	0	0	0.38
66100	0.38	0.58	0.58	0	0	0.38
66200	0.38	0.58	0.58	0	0	0.38
66300	0.38	0.58	0.58	0	0	0.38
66400	0.38	0.58	0.58	0	0	0.38
66500	0.38	0.58	0.58	0	0	0.38
66600	0.38	0.58	0.58	0	0	0.38
66700	0.38	0.58	0.58	0	0	0.38
66800	0.39	0.58	0.58	0	0	0.39
66900	0.39	0.58	0.58	0	0	0.39
67000	0.39	0.58	0.58	0	0	0.39
67100	0.39	0.58	0.58	0	0	0.39
67200	0.39	0.58	0.58	0	0	0.39
67300	0.39	0.58	0.58	0	0	0.39
67400	0.39	0.58	0.58	0	0	0.39
67500	0.39	0.58	0.58	0	0	0.39
67600	0.39	0.58	0.58	0	0	0.39
67700	0.39	0.58	0.58	0	0	0.39
67800	0.39	0.58	0.58	0	0	0.39
67900	0.39	0.58	0.58	0	0	0.39
68000	0.39	0.58	0.58	0	0	0.39
68100	0.39	0.58	0.58	0	0	0.39
68200	0.39	0.57	0.57	0	0	0.39
68300	0.39	0.57	0.57	0	0	0.39
68400	0.39	0.57	0.57	0	0	0.39
68500	0.39	0.56	0.56	0	0	0.39
68600	0.39	0.55	0.55	0	0	0.39
68700	0.39	0.55	0.55	0	0	0.39
68800	0.39	0.54	0.54	0	0	0.39
68900	0.39	0.54	0.54	0	0	0.39
69000	0.39	0.53	0.53	0	0	0.39
69100	0.39	0.53	0.53	0	0	0.39
69200	0.39	0.53	0.53	0	0	0.39
69300	0.39	0.53	0.53	0	0	0.39
69400	0.39	0.53	0.53	0	0	0.39
69500	0.39	0.53	0.53	0	0	0.39
69600	0.39	0.53	0.53	0	0	0.39
69700	0.39	0.53	0.53	0	0	0.39
69800	0.39	0.53	0.53	0	0	0.39
69900	0.39	0.53	0.53	0	0	0.39
70000	0.39	0.53	0.53	0	0	0.39
70100	0.38	0.53	0.53	0	0	0.38
70200	0.38	0.53	0.53	0	0	0.38
70300	0.38	0.53	0.53	0	0	0.38
70400	0.38	0.53	0.53	0	0	0.38
70500	0.38	0.53	0.53	0	0	0.38
70600	0.38	0.53	0.53	0	0	0.38
70700	0.38	0.53	0.53	0	0	0.38
70800	0.38	0.53	0.53	0	0	0.38
70900	0.38	0.53	0.53	0	0	0.38
71000	0.38	0.53	0.53	0	0	0.38
71100	0.38	0.53	0.53	0	0	0.38
71200	0.38	0.53	0.53	0	0	0.38
71300	0.38	0.54	0.54	0	0	0.38
71400	0.38	0.53	0.53	0	0	0.38
71500	0.38	0.53	0.53	0	0	0.38
71600	0.39	0.53	0.53	0	0	0.39
71700	0.38	0.54	0.54	0	0	0.38
71800	0.38	0.54	0.54	0	0	0.38
71900	0.38	0.54	0.54	0	0	0.38
72000	0.38	0.54	0.54	0	0	0.38
72100	0.38	0.54	0.54	0	0	0.38
72200	0.38	0.54	0.54	0	0	0.38
72300	0.38	0.54	0.54	0	0	0.38
72400	0.38	0.54	0.54	0	0	0.38
72500	0.38	0.54	0.54	0	0	0.38
72600	0.38	0.54	0.54	0	0	0.38
72700	0.38	0.54	0.54	0	0	0.38
72800	0.38	0.54	0.54	0	0	0.38
72900	0.38	0.54	0.54	0	0	0.38
73000	0.38	0.54	0.54	0	0	0.38
73100	0.38	0.54	0.54	0	0	0.38
73200	0.38	0.54	0.54	0	0	0.38
73300	0.38	0.54	0.54	0	0	0.38
73400	0.38	0.54	0.54	0	0	0.38
73500	0.37	0.54	0.54	0	0	0.37
73600	0.37	0.54	0.54	0	0	0.37
73700	0.37	0.54	0.54	0	0	0.37
73800	0.37	0.54	0.54	0	0	0.37
73900	0.37	0.54	0.54	0	0	0.37
74000	0.37	0.54	0.54	0	0	0.37
74100	0.37	0.54	0.54	0	0	0.37
74200	0.37	0.54	0.54	0	0	0.37
74300	0.37	0.54	0.54	0	0	0.37
74400	0.37	0.54	0.54	0	0	0.37
74500	0.37	0.54	0.54	0	0	0.37
74600	0.37	0.54	0.54	0	0	0.37
74700	0.37	0.54	0.54	0	0	0.37
74800	0.36	0.54	0.54	0	0	0.36
74900	0.36	0.54	0.54	0	0	0.36
75000	0.36	0.54	0.54	0	0	0.36
75100	0.36	0.54	0.54	0	0	0.36
75200	0.36	0.55	0.55	0	0	0.36
75300	0.36	0.55	0.55	0	0	0.36
75400	0.36	0.55	0.55	0	0	0.36
75500	0.36	0.55	0.55	0	0	0.36
75600	0.36	0.55	0.55	0	0	0.36
75700	0.36	0.55	0.55	0	0	0.36
75800	0.36	0.56	0.56	0	0	0.36
75900	0.36	0.56	0.56	0	0	0.36
76000	0.36	0.56	0.56	0	0	0.36
76100	0.36	0.56	0.56	0	0	0.36
76200	0.36	0.56	0.56	0	0	0.36
76300	0.36	0.56	0.56	0	0	0.36
76400	0.36	0.56	0.56	0	0	0.36
76500	0.36	0.56	0.56	0	0	0.36
76600	0.36	0.56	0.56	0	0	0.36
76700	0.37	0.56	0.56	0	0	0.37
76800	0.37	0.56	0.56	0	0	0.37
76900	0.37	0.56	0.56	0	0	0.37
77000	0.37	0.56	0.56	0	0	0.37
77100	0.36	0.56	0.56	0	0	0.36
77200	0.36	0.56	0.56	0	0	0.36
77300	0.35	0.56	0.56	0	0	0.35
77400	0.35	0.56	0.56	0	0	0.35
77500	0.35	0.56	0.56	0	0	0.35
77600	0.35	0.57	0.57	0	0	0.35
77700	0.35	0.58	0.58	0	0	0.35
77800	0.35	0.58	0.58	0	0	0.35
77900	0.35	0.58	0.58	0	0	0.35
78000	0.35	0.58	0.58	0	0	0.35
78100	0.35	0.58	0.58	0	0	0.35
78200	0.35	0.58	0.58	0	0	0.35
78300	0.35	0.57	0.57	0	0	0.35
78400	0.35	0.57	0.57	0	0	0.35
78500	0.35	0.57	0.57	0	0	0.35
78600	0.35	0.57	0.57	0	0	0.35
78700	0.35	0.57	0.57	0	0	0.35
78800	0.35	0.57	0.57	0	0	0.35
78900	0.35	0.57	0.57	0	0	0.35
79000	0.35	0.58	0.58	0	0	0.35
79100	0.35	0.58	0.58	0	0	0.35
79200	0.35	0.58	0.58	0	0	0.35
79300	0.35	0.58	0.58	0	0	0.35
79400	0.35	0.58	0.58	0	0	0.35
79500	0.35	0.58	0.58	0	0	0.35
79600	0.36	0.57	0.57	0	0	0.36
79700	0.36	0.57	0.57	0	0	0.36
79800	0.36	0.57	0.57	0	0	0.36
79900	0.36	0.57	0.57	0	0	0.36
80000	0.36	0.57	0.57	0	0	0.36
80100	0.36	0.57	0.57	0	0	0.36
80200	0.36	0.57	0.57	0	0	0.36
80300	0.35	0.57	0.57	0	0	0.35
80400	0.36	0.57	0.57	0	0	0.36
80500	0.36	0.57	0.57	0	0	0.36
80600	0.36	0.57	0.57	0	0	0.36
80700	0.36	0.57	0.57	0	0	0.36
80800	0.36	0.57	0.57	0	0	0.36
80900	0.36	0.57	0.57	0	0	0.36
81000	0.38	0.57	0.57	0	0	0.38
81100	0.38	0.57	0.57	0	0	0.38
81200	0.38	0.57	0.57	0	0	0.38
81300	0.37	0.57	0.57	0	0	0.37
81400	0.37	0.57	0.57	0	0	0.37
81500	0.37	0.57	0.57	0	0	0.37
81600	0.37	0.57	0.57	0	0	0.37
81700	0.37	0.57	0.57	0	0	0.37
81800	0.37	0.57	0.57	0	0	0.37
81900	0.37	0.57	0.57	0	0	0.37
82000	0.37	0.57	0.57	0	0	0.37
82100	0.37	0.57	0.57	0	0	0.37
82200	0.37	0.57	0.57	0	0	0.37
82300	0.38	0.57	0.57	0	0	0.38
82400	0.37	0.57	0.57	0	0	0.37
82500	0.37	0.57	0.57	0	0	0.37
82600	0.37	0.57	0.57	0	0	0.37
82700	0.37	0.58	0.58	0	0	0.37
82800	0.37	0.59	0.59	0	0	0.37
82900	0.37	0.59	0.59	0	0	0.37
83000	0.37	0.58	0.58	0	0	0.37
83100	0.37	0.58	0.58	0	0	0.37
83200	0.37	0.58	0.58	0	0	0.37
83300	0.37	0.58	0.58	0	0	0.37
83400	0.37	0.58	0.58	0	0	0.37
83500	0.37	0.58	0.58	0	0	0.37
83600	0.37	0.58	0.58	0	0	0.37
83700	0.37	0.58	0.58	0	0	0.37
83800	0.37	0.58	0.58	0	0	0.37
83900	0.37	0.58	0.58	0	0	0.37
84000	0.37	0.57	0.57	0	0	0.37
84100	0.37	0.57	0.57	0	0	0.37
84200	0.37	0.57	0.57	0	0	0.37
84300	0.38	0.57	0.57	0	0	0.38
84400	0.38	0.57	0.57	0	0	0.38
84500	0.38	0.57	0.57	0	0	0.38
84600	0.38	0.57	0.57	0	0	0.38
84700	0.38	0.57	0.57	0	0	0.38
84800	0.38	0.57	0.57	0	0	0.38
84900	0.38	0.57	0.57	0	0	0.38
85000	0.38	0.57	0.57	0	0	0.38
85100	0.38	0.57	0.57	0	0	0.38
85200	0.38	0.57	0.57	0	0	0.38
85300	0.38	0.57	0.57	0	0	0.38
85400	0.38	0.57	0.57	0	0	0.38
85500	0.38	0.57	0.57	0	0	0.38
85600	0.38	0.57	0.57	0	0	0.38
85700	0.38	0.57	0.57	0	0	0.38
85800	0.38	0.57	0.57	0	0	0.38
85900	0.38	0.57	0.57	0	0	0.38
86000	0.38	0.57	0.57	0	0	0.38
86100	0.38	0.57	0.57	0	0	0.38
86200	0.38	0.57	0.57	0	0	0.38
86300	0.38	0.57	0.57	0	0	0.38
86400	0.38	0.57	0.57	0	0	0.38
86500	0.38	0.57	0.57	0	0	0.38
86600	0.38	0.56	0.56	0	0	0.38
86700	0.38	0.56	0.56	0	0	0.38
86800	0.38	0.55	0.55	0	0	0.38
86900	0.38	0.55	0.55	0	0	0.38
87000	0.38	0.55	0.55	0	0	0.38
87100	0.38	0.55	0.55	0	0	0.38
87200	0.38	0.55	0.55	0	0	0.38
87300	0.38	0.55	0.55	0	0	0.38
87400	0.38	0.54	0.54	0	0	0.38
87500	0.38	0.54	0.54	0	0	0.38
87600	0.38	0.53	0.53	0	0	0.38
87700	0.38	0.53	0.53	0	0	0.38
87800	0.38	0.53	0.53	0	0	0.38
87900	0.38	0.53	0.53	0	0	0.38
88000	0.38	0.53	0.53	0	0	0.38
88100	0.38	0.53	0.53	0	0	0.38
88200	0.38	0.53	0.53	0	0	0.38
88300	0.38	0.53	0.53	0	0	0.38
88400	0.38	0.53	0.53	0	0	0.38
88500	0.38	0.53	0.53	0	0	0.38
88600	0.38	0.53	0.53	0	0	0.38
88700	0.38	0.53	0.53	0	0	0.38
88800	0.38	0.53	0.53	0	0	0.38
88900	0.38	0.53	0.53	0	0	0.38
89000	0.38	0.53	0.53	0	0	0.38
89100	0.38	0.53	0.53	0	0	0.38
89200	0.38	0.53	0.53	0	0	0.38
89300	0.39	0.53	0.53	0	0	0.39
89400	0.38	0.53	0.53	0	0	0.38
89500	0.38	0.53	0.53	0	0	0.38
89600	0.38	0.54	0.54	0	0	0.38
89700	0.38	0.53	0.53	0	0	0.38
89800	0.38	0.53	0.53	0	0	0.38
89900	0.38	0.53	0.53	0	0	0.38
90000	0.38	0.53	0.53	0	0	0.38
90100	0.38	0.53	0.53	0	0	0.38
90200	0.38	0.53	0.53	0	0	0.38
90300	0.39	0.53	0.53	0	0	0.39
90400	0.38	0.53	0.53	0	0	0.38
90500	0.38	0.53	0.53	0	0	0.38
90600	0.38	0.53	0.53	0	0	0.38
90700	0.38	0.53	0.53	0	0	0.38
90800	0.38	0.53	0.53	0	0	0.38
90900	0.38	0.53	0.53	0	0	0.38
91000	0.38	0.53	0.53	0	0	0.38
91100	0.38	0.53	0.53	0	0	0.38
91200	0.38	0.53	0.53	0	0	0.38
91300	0.38	0.53	0.53	0	0	0.38
91400	0.39	0.53	0.53	0	0	0.39
91500	0.39	0.53	0.53	0	0	0.39
91600	0.39	0.53	0.53	0	0	0.39
91700	0.39	0.53	0.53	0	0	0.39
91800	0.39	0.53	0.53	0	0	0.39
91900	0.39	0.54	0.54	0	0	0.39
92000	0.39	0.54	0.54	0	0	0.39
92100	0.39	0.54	0.54	0	0	0.39
92200	0.39	0.55	0.55	0	0	0.39
92300	0.39	0.55	0.55	0	0	0.39
92400	0.39	0.55	0.55	0	0	0.39
92500	0.39	0.55	0.55	0	0	0.39
92600	0.39	0.55	0.55	0	0	0.39
92700	0.39	0.55	0.55	0	0	0.39
92800	0.39	0.55	0.55	0	0	0.39
92900	0.39	0.55	0.55	0	0	0.39
93000	0.39	0.55	0.55	0	0	0.39
93100	0.39	0.55	0.55	0	0	0.39
93200	0.39	0.55	0.55	0	0	0.39
93300	0.39	0.55	0.55	0	0	0.39
93400	0.39	0.55	0.55	0	0	0.39
93500	0.39	0.55	0.55	0	0	0.39
93600	0.4	0.55	0.55	0	0	0.4
93700	0.4	0.55	0.55	0	0	0.4
93800	0.4	0.55	0.55	0	0	0.4
93900	0.4	0.55	0.55	0	0	0.4
94000	0.39	0.55	0.55	0	0	0.39
94100	0.39	0.55	0.55	0	0	0.39
94200	0.39	0.55	0.55	0	0	0.39
94300	0.39	0.55	0.55	0	0	0.39
94400	0.38	0.55	0.55	0	0	0.38
94500	0.38	0.55	0.55	0	0	0.38
94600	0.38	0.55	0.55	0	0	0.38
94700	0.38	0.55	0.55	0	0	0.38
94800	0.38	0.55	0.55	0	0	0.38
94900	0.38	0.55	0.55	0	0	0.38
95000	0.38	0.55	0.55	0	0	0.38
95100	0.38	0.55	0.55	0	0	0.38
95200	0.38	0.55	0.55	0	0	0.38
95300	0.38	0.55	0.55	0	0	0.38
95400	0.38	0.55	0.55	0	0	0.38
95500	0.38	0.55	0.55	0	0	0.38
95600	0.38	0.55	0.55	0	0	0.38
95700	0.38	0.55	0.55	0	0	0.38
95800	0.38	0.55	0.55	0	0	0.38
95900	0.38	0.55	0.55	0	0	0.38
96000	0.38	0.55	0.55	0	0	0.38
96100	0.38	0.55	0.55	0	0	0.38
96200	0.38	0.55	0.55	0	0	0.38
96300	0.38	0.56	0.56	0	0	0.38
96400	0.38	0.55	0.55	0	0	0.38
96500	0.38	0.55	0.55	0	0	0.38
96600	0.38	0.55	0.55	0	0	0.38
96700	0.38	0.55	0.55	0	0	0.38
96800	0.38	0.55	0.55	0	0	0.38
96900	0.38	0.55	0.55	0	0	0.38
97000	0.39	0.55	0.55	0	0	0.39
97100	0.38	0.55	0.55	0	0	0.38
97200	0.38	0.55	0.55	0	0	0.38
97300	0.38	0.55	0.55	0	0	0.38
97400	0.38	0.55	0.55	0	0	0.38
97500	0.38	0.55	0.55	0	0	0.38
97600	0.38	0.55	0.55	0	0	0.38
97700	0.38	0.55	0.55	0	0	0.38
97800	0.38	0.55	0.55	0	0	0.38
97900	0.38	0.55	0.55	0	0	0.38
98000	0.38	0.55	0.55	0	0	0.38
98100	0.38	0.55	0.55	0	0	0.38
98200	0.38	0.55	0.55	0	0	0.38
98300	0.37	0.55	0.55	0	0	0.37
98400	0.37	0.55	0.55	0	0	0.37
98500	0.37	0.55	0.55	0	0	0.37
98600	0.37	0.55	0.55	0	0	0.37
98700	0.37	0.55	0.55	0	0	0.37
98800	0.37	0.55	0.55	0	0	0.37
98900	0.37	0.55	0.55	0	0	0.37
99000	0.37	0.55	0.55	0	0	0.37
99100	0.37	0.55	0.55	0	0	0.37
99200	0.37	0.55	0.55	0	0	0.37
99300	0.37	0.56	0.56	0	0	0.37
99400	0.37	0.56	0.56	0	0	0.37
99500	0.37	0.56	0.56	0	0	0.37
99600	0.37	0.56	0.56	0	0	0.37
99700	0.37	0.56	0.56	0	0	0.37
99800	0.37	0.56	0.56	0	0	0.37
99900	0.37	0.56	0.56	0	0	0.37
100000	0.37	0.56	0.56	0	0	0.37
100100	0.37	0.56	0.56	0	0	0.37
100200	0.37	0.56	0.56	0	0	0.37
100300	0.37	0.56	0.56	0	0	0.37
100400	0.37	0.56	0.56	0	0	0.37
100500	0.37	0.56	0.56	0	0	0.37
100600	0.37	0.56	0.56	0	0	0.37
100700	0.38	0.56	0.56	0	0	0.38
100800	0.38	0.56	0.56	0	0	0.38
100900	0.38	0.56	0.56	0	0	0.38
101000	0.38	0.56	0.56	0	0	0.38
101100	0.38	0.56	0.56	0	0	0.38
101200	0.37	0.56	0.56	0	0	0.37
101300	0.37	0.56	0.56	0	0	0.37
101400	0.37	0.56	0.56	0	0	0.37
101500	0.38	0.56	0.56	0	0	0.38
101600	0.38	0.57	0.57	0	0	0.38
101700	0.38	0.57	0.57	0	0	0.38
101800	0.38	0.57	0.57	0	0	0.38
101900	0.38	0.57	0.57	0	0	0.38
102000	0.38	0.57	0.57	0	0	0.38
102100	0.38	0.57	0.57	0	0	0.38
102200	0.38	0.57	0.57	0	0	0.38
102300	0.38	0.57	0.57	0	0	0.38
102400	0.38	0.57	0.57	0	0	0.38
102500	0.37	0.57	0.57	0	0	0.37
102600	0.37	0.57	0.57	0	0	0.37
102700	0.37	0.57	0.57	0	0	0.37
102800	0.37	0.57	0.57	0	0	0.37
102900	0.37	0.57	0.57	0	0	0.37
103000	0.37	0.57	0.57	0	0	0.37
103100	0.37	0.58	0.58	0	0	0.37
103200	0.37	0.58	0.58	0	0	0.37
103300	0.37	0.58	0.58	0	0	0.37
103400	0.38	0.58	0.58	0	0	0.38
103500	0.38	0.58	0.58	0	0	0.38
103600	0.38	0.58	0.58	0	0	0.38
103700	0.38	0.58	0.58	0	0	0.38
103800	0.38	0.58	0.58	0	0	0.38
103900	0.38	0.58	0.58	0	0	0.38
104000	0.38	0.58	0.58	0	0	0.38
104100	0.38	0.58	0.58	0	0	0.38
104200	0.38	0.58	0.58	0	0	0.38
104300	0.39	0.58	0.58	0	0	0.39
104400	0.39	0.58	0.58	0	0	0.39
104500	0.39	0.58	0.58	0	0	0.39
104600	0.39	0.58	0.58	0	0	0.39
104700	0.39	0.58	0.58	0	0	0.39
104800	0.39	0.58	0.58	0	0	0.39
104900	0.4	0.58	0.58	0	0	0.4
105000	0.4	0.58	0.58	0	0	0.4
105100	0.4	0.58	0.58	0	0	0.4
105200	0.4	0.58	0.58	0	0	0.4
105300	0.4	0.58	0.58	0	0	0.4
105400	0.4	0.58	0.58	0	0	0.4
105500	0.4	0.58	0.58	0	0	0.4
105600	0.4	0.58	0.58	0	0	0.4
105700	0.4	0.58	0.58	0	0	0.4
105800	0.4	0.58	0.58	0	0	0.4
105900	0.4	0.58	0.58	0	0	0.4
106000	0.4	0.58	0.58	0	0	0.4
106100	0.4	0.58	0.58	0	0	0.4
106200	0.4	0.58	0.58	0	0	0.4
106300	0.4	0.58	0.58	0	0	0.4
106400	0.4	0.58	0.58	0	0	0.4
106500	0.4	0.58	0.58	0	0	0.4
106600	0.4	0.58	0.58	0	0	0.4
106700	0.4	0.58	0.58	0	0	0.4
106800	0.4	0.58	0.58	0	0	0.4
106900	0.4	0.58	0.58	0	0	0.4
107000	0.4	0.58	0.58	0	0	0.4
107100	0.4	0.58	0.58	0	0	0.4
107200	0.4	0.58	0.58	0	0	0.4
107300	0.4	0.58	0.58	0	0	0.4
107400	0.4	0.58	0.58	0	0	0.4
107500	0.4	0.58	0.58	0	0	0.4
107600	0.4	0.58	0.58	0	0	0.4
107700	0.4	0.58	0.58	0	0	0.4
107800	0.4	0.58	0.58	0	0	0.4
107900	0.4	0.58	0.58	0	0	0.4
108000	0.4	0.58	0.58	0	0	0.4
108100	0.4	0.58	0.58	0	0	0.4
108200	0.4	0.58	0.58	0	0	0.4
108300	0.4	0.58	0.58	0	0	0.4
108400	0.4	0.58	0.58	0	0	0.4
108500	0.4	0.58	0.58	0	0	0.4
108600	0.4	0.58	0.58	0	0	0.4
108700	0.4	0.58	0.58	0	0	0.4
108800	0.4	0.59	0.59	0	0	0.4
108900	0.4	0.59	0.59	0	0	0.4
109000	0.4	0.59	0.59	0	0	0.4
109100	0.4	0.59	0.59	0	0	0.4
109200	0.4	0.59	0.59	0	0	0.4
109300	0.4	0.59	0.59	0	0	0.4
109400	0.4	0.59	0.59	0	0	0.4
109500	0.4	0.59	0.59	0	0	0.4
109600	0.4	0.59	0.59	0	0	0.4
109700	0.4	0.59	0.59	0	0	0.4
109800	0.4	0.59	0.59	0	0	0.4
109900	0.4	0.59	0.59	0	0	0.4
110000	0.4	0.59	0.59	0	0	0.4
110100	0.4	0.59	0.59	0	0	0.4
110200	0.4	0.59	0.59	0	0	0.4
110300	0.4	0.59	0.59	0	0	0.4
110400	0.4	0.59	0.59	0	0	0.4
110500	0.4	0.59	0.59	0	0	0.4
110600	0.4	0.59	0.59	0	0	0.4
110700	0.4	0.59	0.59	0	0	0.4
110800	0.4	0.59	0.59	0	0	0.4
110900	0.4	0.59	0.59	0	0	0.4
111000	0.4	0.59	0.59	0	0	0.4
111100	0.4	0.59	0.59	0	0	0.4
111200	0.4	0.59	0.59	0	0	0.4
111300	0.4	0.59	0.59	0	0	0.4
111400	0.4	0.59	0.59	0	0	0.4
111500	0.4	0.59	0.59	0	0	0.4
111600	0.4	0.59	0.59	0	0	0.4
111700	0.4	0.59	0.59	0	0	0.4
111800	0.4	0.59	0.59	0	0	0.4
111900	0.4	0.59	0.59	0	0	0.4
112000	0.4	0.59	0.59	0	0	0.4
112100	0.4	0.59	0.59	0	0	0.4
112200	0.4	0.59	0.59	0	0	0.4
112300	0.4	0.59	0.59	0	0	0.4
112400	0.4	0.59	0.59	0	0	0.4
112500	0.4	0.59	0.59	0	0	0.4
112600	0.4	0.59	0.59	0	0	0.4
112700	0.4	0.59	0.59	0	0	0.4
112800	0.4	0.59	0.59	0	0	0.4
112900	0.4	0.59	0.59	0	0	0.4
113000	0.4	0.59	0.59	0	0	0.4
113100	0.4	0.59	0.59	0	0	0.4
113200	0.4	0.59	0.59	0	0	0.4
113300	0.4	0.59	0.59	0	0	0.4
113400	0.4	0.59	0.59	0	0	0.4
113500	0.4	0.59	0.59	0	0	0.4
113600	0.4	0.59	0.59	0	0	0.4
113700	0.4	0.59	0.59	0	0	0.4
113800	0.4	0.59	0.59	0	0	0.4
113900	0.4	0.59	0.59	0	0	0.4
114000	0.4	0.59	0.59	0	0	0.4
114100	0.4	0.59	0.59	0	0	0.4
114200	0.4	0.59	0.59	0	0	0.4
114300	0.4	0.59	0.59	0	0	0.4
114400	0.4	0.59	0.59	0	0	0.4
114500	0.4	0.59	0.59	0	0	0.4
114600	0.4	0.59	0.59	0	0	0.4
114700	0.4	0.59	0.59	0	0	0.4
114800	0.4	0.59	0.59	0	0	0.4
114900	0.4	0.59	0.59	0	0	0.4
115000	0.4	0.59	0.59	0	0	0.4
115100	0.4	0.59	0.59	0	0	0.4
115200	0.4	0.59	0.59	0	0	0.4
115300	0.4	0.59	0.59	0	0	0.4
115400	0.4	0.59	0.59	0	0	0.4
115500	0.4	0.59	0.59	0	0	0.4
115600	0.4	0.59	0.59	0	0	0.4
115700	0.4	0.59	0.59	0	0	0.4
115800	0.4	0.59	0.59	0	0	0.4
115900	0.4	0.59	0.59	0	0	0.4
116000	0.4	0.59	0.59	0	0	0.4
116100	0.4	0.59	0.59	0	0	0.4
116200	0.4	0.59	0.59	0	0	0.4
116300	0.4	0.59	0.59	0	0	0.4
116400	0.4	0.59	0.59	0	0	0.4
116500	0.4	0.59	0.59	0	0	0.4
116600	0.4	0.59	0.59	0	0	0.4
116700	0.4	0.59	0.59	0	0	0.4
116800	0.4	0.59	0.59	0	0	0.4
116900	0.4	0.59	0.59	0	0	0.4
117000	0.4	0.59	0.59	0	0	0.4
117100	0.4	0.59	0.59	0	0	0.4
117200	0.4	0.59	0.59	0	0	0.4
117300	0.4	0.59	0.59	0	0	0.4
117400	0.4	0.59	0.59	0	0	0.4
117500	0.4	0.59	0.59	0	0	0.4
117600	0.4	0.59	0.59	0	0	0.4
117700	0.4	0.59	0.59	0	0	0.4
117800	0.4	0.59	0.59	0	0	0.4
117900	0.4	0.59	0.59	0	0	0.4
118000	0.4	0.59	0.59	0	0	0.4
118100	0.4	0.59	0.59	0	0	0.4
118200	0.4	0.59	0.59	0	0	0.4
118300	0.4	0.59	0.59	0	0	0.4
118400	0.4	0.59	0.59	0	0	0.4
118500	0.4	0.59	0.59	0	0	0.4
118600	0.4	0.59	0.59	0	0	0.4
118700	0.4	0.59	0.59	0	0	0.4
118800	0.4	0.59	0.59	0	0	0.4
118900	0.4	0.59	0.59	0	0	0.4
119000	0.4	0.59	0.59	0	0	0.4
119100	0.4	0.59	0.59	0	0	0.4
119200	0.4	0.59	0.59	0	0	0.4
119300	0.4	0.59	0.59	0	0	0.4
119400	0.4	0.59	0.59	0	0	0.4
119500	0.4	0.59	0.59	0	0	0.4
119600	0.4	0.59	0.59	0	0	0.4
119700	0.4	0.59	0.59	0	0	0.4
119800	0.4	0.59	0.59	0	0	0.4
119900	0.4	0.59	0.59	0	0	0.4
120000	0.4	0.59	0.59	0	0	0.4
120100	0.4	0.59	0.59	0	0	0.4
120200	0.4	0.59	0.59	0	0	0.4
120300	0.4	0.59	0.59	0	0	0.4
120400	0.4	0.59	0.59	0	0	0.4
120500	0.4	0.59	0.59	0	0	0.4
120600	0.4	0.59	0.59	0	0	0.4
120700	0.4	0.59	0.59	0	0	0.4
120800	0.4	0.59	0.59	0	0	0.4
120900	0.4	0.59	0.59	0	0	0.4
121000	0.4	0.59	0.59	0	0	0.4
121100	0.39	0.59	0.59	0	0	0.39
121200	0.39	0.59	0.59	0	0	0.39
121300	0.39	0.59	0.59	0	0	0.39
121400	0.39	0.59	0.59	0	0	0.39
121500	0.39	0.59	0.59	0	0	0.39
121600	0.39	0.59	0.59	0	0	0.39
121700	0.39	0.59	0.59	0	0	0.39
121800	0.39	0.59	0.59	0	0	0.39
121900	0.39	0.59	0.59	0	0	0.39
122000	0.39	0.59	0.59	0	0	0.39
122100	0.39	0.59	0.59	0	0	0.39
122200	0.39	0.59	0.59	0	0	0.39
122300	0.39	0.59	0.59	0	0	0.39
122400	0.39	0.59	0.59	0	0	0.39
122500	0.39	0.59	0.59	0	0	0.39
122600	0.39	0.59	0.59	0	0	0.39
122700	0.39	0.59	0.59	0	0	0.39
122800	0.39	0.59	0.59	0	0	0.39
122900	0.39	0.59	0.59	0	0	0.39
123000	0.39	0.59	0.59	0	0	0.39
123100	0.39	0.59	0.59	0	0	0.39
123200	0.39	0.59	0.59	0	0	0.39
123300	0.39	0.59	0.59	0	0	0.39
123400	0.39	0.59	0.59	0	0	0.39
123500	0.39	0.59	0.59	0	0	0.39
123600	0.39	0.59	0.59	0	0	0.39
123700	0.39	0.59	0.59	0	0	0.39
123800	0.39	0.59	0.59	0	0	0.39
123900	0.39	0.59	0.59	0	0	0.39
124000	0.39	0.59	0.59	0	0	0.39
124100	0.39	0.59	0.59	0	0	0.39
124200	0.39	0.59	0.59	0	0	0.39
124300	0.39	0.59	0.59	0	0	0.39
124400	0.39	0.59	0.59	0	0	0.39
124500	0.4	0.59	0.59	0	0	0.4
124600	0.4	0.59	0.59	0	0	0.4
124700	0.4	0.59	0.59	0	0	0.4
124800	0.4	0.59	0.59	0	0	0.4
124900	0.4	0.59	0.59	0	0	0.4
125000	0.4	0.59	0.59	0	0	0.4
125100	0.4	0.59	0.59	0	0	0.4
125200	0.4	0.59	0.59	0	0	0.4
125300	0.4	0.59	0.59	0	0	0.4
125400	0.4	0.59	0.59	0	0	0.4
125500	0.4	0.59	0.59	0	0	0.4
125600	0.4	0.59	0.59	0	0	0.4
125700	0.4	0.59	0.59	0	0	0.4
125800	0.4	0.59	0.59	0	0	0.4
125900	0.4	0.59	0.59	0	0	0.4
126000	0.4	0.59	0.59	0	0	0.4
126100	0.4	0.59	0.59	0	0	0.4
126200	0.4	0.59	0.59	0	0	0.4
126300	0.4	0.59	0.59	0	0	0.4
126400	0.4	0.59	0.59	0	0	0.4
126500	0.39	0.59	0.59	0	0	0.39
126600	0.39	0.59	0.59	0	0	0.39
126700	0.39	0.59	0.59	0	0	0.39
126800	0.39	0.59	0.59	0	0	0.39
126900	0.39	0.59	0.59	0	0	0.39
127000	0.39	0.59	0.59	0	0	0.39
127100	0.39	0.59	0.59	0	0	0.39
127200	0.39	0.59	0.59	0	0	0.39
127300	0.39	0.59	0.59	0	0	0.39
127400	0.39	0.59	0.59	0	0	0.39
127500	0.39	0.59	0.59	0	0	0.39
127600	0.39	0.59	0.59	0	0	0.39
127700	0.39	0.59	0.59	0	0	0.39
127800	0.39	0.59	0.59	0	0	0.39
127900	0.39	0.59	0.59	0	0	0.39
128000	0.39	0.59	0.59	0	0	0.39
128100	0.39	0.59	0.59	0	0	0.39
128200	0.39	0.59	0.59	0	0	0.39
128300	0.39	0.59	0.59	0	0	0.39
128400	0.39	0.59	0.59	0	0	0.39
128500	0.39	0.59	0.59	0	0	0.39
128600	0.39	0.59	0.59	0	0	0.39
128700	0.39	0.59	0.59	0	0	0.39
128800	0.39	0.59	0.59	0	0	0.39
128900	0.39	0.59	0.59	0	0	0.39
129000	0.39	0.59	0.59	0	0	0.39
129100	0.39	0.59	0.59	0	0	0.39
129200	0.39	0.59	0.59	0	0	0.39
129300	0.39	0.59	0.59	0	0	0.39
129400	0.39	0.59	0.59	0	0	0.39
129500	0.4	0.59	0.59	0	0	0.4
129600	0.4	0.59	0.59	0	0	0.4
129700	0.39	0.59	0.59	0	0	0.39
129800	0.39	0.59	0.59	0	0	0.39
129900	0.39	0.59	0.59	0	0	0.39
130000	0.39	0.59	0.59	0	0	0.39
130100	0.39	0.59	0.59	0	0	0.39
130200	0.39	0.59	0.59	0	0	0.39
130300	0.39	0.59	0.59	0	0	0.39
130400	0.39	0.59	0.59	0	0	0.39
130500	0.39	0.59	0.59	0	0	0.39
130600	0.39	0.59	0.59	0	0	0.39
130700	0.39	0.59	0.59	0	0	0.39
130800	0.39	0.59	0.59	0	0	0.39
130900	0.39	0.59	0.59	0	0	0.39
131000	0.39	0.59	0.59	0	0	0.39
131100	0.39	0.59	0.59	0	0	0.39
131200	0.39	0.59	0.59	0	0	0.39
131300	0.39	0.59	0.59	0	0	0.39
131400	0.39	0.59	0.59	0	0	0.39
131500	0.39	0.59	0.59	0	0	0.39
131600	0.39	0.59	0.59	0	0	0.39
131700	0.39	0.59	0.59	0	0	0.39
131800	0.39	0.59	0.59	0	0	0.39
131900	0.39	0.59	0.59	0	0	0.39
132000	0.39	0.59	0.59	0	0	0.39
132100	0.39	0.59	0.59	0	0	0.39
132200	0.39	0.59	0.59	0	0	0.39
132300	0.39	0.59	0.59	0	0	0.39
132400	0.39	0.59	0.59	0	0	0.39
132500	0.39	0.59	0.59	0	0	0.39
132600	0.39	0.59	0.59	0	0	0.39
132700	0.38	0.59	0.59	0	0	0.38
132800	0.38	0.59	0.59	0	0	0.38
132900	0.39	0.59	0.59	0	0	0.39
133000	0.39	0.59	0.59	0	0	0.39
133100	0.39	0.59	0.59	0	0	0.39
133200	0.39	0.59	0.59	0	0	0.39
133300	0.39	0.59	0.59	0	0	0.39
133400	0.39	0.59	0.59	0	0	0.39
133500	0.39	0.59	0.59	0	0	0.39
133600	0.39	0.59	0.59	0	0	0.39
133700	0.39	0.59	0.59	0	0	0.39
133800	0.39	0.59	0.59	0	0	0.39
133900	0.39	0.59	0.59	0	0	0.39
134000	0.39	0.59	0.59	0	0	0.39
134100	0.39	0.59	0.59	0	0	0.39
134200	0.39	0.59	0.59	0	0	0.39
134300	0.39	0.59	0.59	0	0	0.39
134400	0.38	0.59	0.59	0	0	0.38
134500	0.38	0.59	0.59	0	0	0.38
134600	0.38	0.59	0.59	0	0	0.38
134700	0.38	0.59	0.59	0	0	0.38
134800	0.38	0.59	0.59	0	0	0.38
134900	0.38	0.59	0.59	0	0	0.38
135000	0.38	0.59	0.59	0	0	0.38
135100	0.38	0.59	0.59	0	0	0.38
135200	0.38	0.59	0.59	0	0	0.38
135300	0.38	0.59	0.59	0	0	0.38
135400	0.39	0.59	0.59	0	0	0.39
135500	0.39	0.59	0.59	0	0	0.39
135600	0.39	0.59	0.59	0	0	0.39
135700	0.39	0.59	0.59	0	0	0.39
135800	0.39	0.59	0.59	0	0	0.39
135900	0.39	0.59	0.59	0	0	0.39
136000	0.39	0.59	0.59	0	0	0.39
136100	0.39	0.59	0.59	0	0	0.39
136200	0.39	0.59	0.59	0	0	0.39
136300	0.39	0.59	0.59	0	0	0.39
136400	0.39	0.59	0.59	0	0	0.39
136500	0.39	0.59	0.59	0	0	0.39
136600	0.39	0.59	0.59	0	0	0.39
136700	0.39	0.59	0.59	0	0	0.39
136800	0.39	0.59	0.59	0	0	0.39
136900	0.39	0.59	0.59	0	0	0.39
137000	0.39	0.59	0.59	0	0	0.39
137100	0.39	0.59	0.59	0	0	0.39
137200	0.39	0.59	0.59	0	0	0.39
137300	0.39	0.59	0.59	0	0	0.39
137400	0.39	0.59	0.59	0	0	0.39
137500	0.39	0.59	0.59	0	0	0.39
137600	0.39	0.59	0.59	0	0	0.39
137700	0.39	0.59	0.59	0	0	0.39
137800	0.39	0.59	0.59	0	0	0.39
137900	0.39	0.59	0.59	0	0	0.39
138000	0.39	0.59	0.59	0	0	0.39
138100	0.39	0.59	0.59	0	0	0.39
138200	0.39	0.59	0.59	0	0	0.39
138300	0.39	0.59	0.59	0	0	0.39
138400	0.39	0.59	0.59	0	0	0.39
138500	0.39	0.59	0.59	0	0	0.39
138600	0.39	0.59	0.59	0	0	0.39
138700	0.39	0.59	0.59	0	0	0.39
138800	0.39	0.59	0.59	0	0	0.39
138900	0.39	0.59	0.59	0	0	0.39
139000	0.39	0.59	0.59	0	0	0.39
139100	0.39	0.59	0.59	0	0	0.39
139200	0.39	0.59	0.59	0	0	0.39
139300	0.39	0.59	0.59	0	0	0.39
139400	0.39	0.59	0.59	0	0	0.39
139500	0.39	0.59	0.59	0	0	0.39
139600	0.39	0.59	0.59	0	0	0.39
139700	0.39	0.59	0.59	0	0	0.39
139800	0.39	0.59	0.59	0	0	0.39
139900	0.39	0.59	0.59	0	0	0.39
140000	0.39	0.59	0.59	0	0	0.39
140100	0.39	0.59	0.59	0	0	0.39
140200	0.39	0.59	0.59	0	0	0.39
140300	0.39	0.59	0.59	0	0	0.39
140400	0.39	0.59	0.59	0	0	0.39
140500	0.39	0.59	0.59	0	0	0.39
140600	0.39	0.59	0.59	0	0	0.39
140700	0.39	0.59	0.59	0	0	0.39
140800	0.39	0.59	0.59	0	0	0.39
140900	0.39	0.59	0.59	0	0	0.39
141000	0.39	0.59	0.59	0	0	0.39
141100	0.39	0.59	0.59	0	0	0.39
141200	0.39	0.59	0.59	0	0	0.39
141300	0.39	0.59	0.59	0	0	0.39
141400	0.39	0.59	0.59	0	0	0.39
141500	0.39	0.59	0.59	0	0	0.39
141600	0.39	0.59	0.59	0	0	0.39
141700	0.39	0.59	0.59	0	0	0.39
141800	0.39	0.59	0.59	0	0	0.39
141900	0.39	0.59	0.59	0	0	0.39
142000	0.39	0.59	0.59	0	0	0.39
142100	0.39	0.59	0.59	0	0	0.39
142200	0.39	0.59	0.59	0	0	0.39
142300	0.39	0.59	0.59	0	0	0.39
142400	0.39	0.59	0.59	0	0	0.39
142500	0.39	0.59	0.59	0	0	0.39
142600	0.39	0.59	0.59	0	0	0.39
142700	0.39	0.59	0.59	0	0	0.39
142800	0.39	0.59	0.59	0	0	0.39
142900	0.39	0.59	0.59	0	0	0.39
143000	0.39	0.59	0.59	0	0	0.39
143100	0.39	0.59	0.59	0	0	0.39
143200	0.39	0.59	0.59	0	0	0.39
143300	0.39	0.59	0.59	0	0	0.39
143400	0.39	0.59	0.59	0	0	0.39
143500	0.39	0.59	0.59	0	0	0.39
143600	0.39	0.59	0.59	0	0	0.39
143700	0.39	0.59	0.59	0	0	0.39
143800	0.39	0.6	0.6	0	0	0.39
143900	0.39	0.6	0.6	0	0	0.39
144000	0.39	0.6	0.6	0	0	0.39
144100	0.39	0.6	0.6	0	0	0.39
144200	0.39	0.6	0.6	0	0	0.39
144300	0.39	0.6	0.6	0	0	0.39
144400	0.39	0.6	0.6	0	0	0.39
144500	0.39	0.6	0.6	0	0	0.39
144600	0.39	0.6	0.6	0	0	0.39
144700	0.39	0.6	0.6	0	0	0.39
144800	0.39	0.6	0.6	0	0	0.39
144900	0.39	0.6	0.6	0	0	0.39
145000	0.39	0.6	0.6	0	0	0.39
145100	0.39	0.6	0.6	0	0	0.39
145200	0.39	0.6	0.6	0	0	0.39
145300	0.39	0.6	0.6	0	0	0.39
145400	0.39	0.6	0.6	0	0	0.39
145500	0.39	0.6	0.6	0	0	0.39
145600	0.39	0.6	0.6	0	0	0.39
145700	0.39	0.6	0.6	0	0	0.39
145800	0.39	0.6	0.6	0	0	0.39
145900	0.39	0.6	0.6	0	0	0.39
146000	0.39	0.6	0.6	0	0	0.39
146100	0.39	0.6	0.6	0	0	0.39
146200	0.39	0.6	0.6	0	0	0.39
146300	0.39	0.6	0.6	0	0	0.39
146400	0.39	0.6	0.6	0	0	0.39
146500	0.38	0.6	0.6	0	0	0.38
146600	0.38	0.6	0.6	0	0	0.38
146700	0.38	0.6	0.6	0	0	0.38
146800	0.38	0.6	0.6	0	0	0.38
146900	0.38	0.6	0.6	0	0	0.38
147000	0.38	0.6	0.6	0	0	0.38
147100	0.38	0.6	0.6	0	0	0.38
147200	0.38	0.6	0.6	0	0	0.38
147300	0.38	0.6	0.6	0	0	0.38
147400	0.38	0.6	0.6	0	0	0.38
147500	0.38	0.6	0.6	0	0	0.38
147600	0.38	0.6	0.6	0	0	0.38
147700	0.38	0.6	0.6	0	0	0.38
147800	0.38	0.6	0.6	0	0	0.38
147900	0.38	0.6	0.6	0	0	0.38
148000	0.38	0.6	0.6	0	0	0.38
148100	0.38	0.6	0.6	0	0	0.38
148200	0.38	0.6	0.6	0	0	0.38
148300	0.38	0.6	0.6	0	0	0.38
148400	0.38	0.6	0.6	0	0	0.38
148500	0.38	0.6	0.6	0	0	0.38
148600	0.38	0.6	0.6	0	0	0.38
148700	0.38	0.6	0.6	0	0	0.38
148800	0.38	0.6	0.6	0	0	0.38
148900	0.38	0.6	0.6	0	0	0.38
149000	0.38	0.6	0.6	0	0	0.38
149100	0.38	0.6	0.6	0	0	0.38
149200	0.38	0.6	0.6	0	0	0.38
149300	0.38	0.6	0.6	0	0	0.38
149400	0.38	0.6	0.6	0	0	0.38
149500	0.38	0.6	0.6	0	0	0.38
149600	0.38	0.6	0.6	0	0	0.38
149700	0.38	0.6	0.6	0	0	0.38
149800	0.38	0.6	0.6	0	0	0.38
149900	0.38	0.6	0.6	0	0	0.38
150000	0.38	0.6	0.6	0	0	0.38
150100	0.37	0.6	0.6	0	0	0.37
150200	0.37	0.6	0.6	0	0	0.37
150300	0.37	0.6	0.6	0	0	0.37
150400	0.37	0.6	0.6	0	0	0.37
150500	0.37	0.61	0.61	0	0	0.37
150600	0.37	0.6	0.6	0	0	0.37
150700	0.37	0.6	0.6	0	0	0.37
150800	0.37	0.6	0.6	0	0	0.37
150900	0.37	0.6	0.6	0	0	0.37
151000	0.37	0.6	0.6	0	0	0.37
151100	0.37	0.6	0.6	0	0	0.37
151200	0.37	0.6	0.6	0	0	0.37
151300	0.37	0.6	0.6	0	0	0.37
151400	0.37	0.6	0.6	0	0	0.37
151500	0.37	0.6	0.6	0	0	0.37
151600	0.37	0.6	0.6	0	0	0.37
151700	0.37	0.6	0.6	0	0	0.37
151800	0.37	0.6	0.6	0	0	0.37
151900	0.37	0.6	0.6	0	0	0.37
152000	0.37	0.6	0.6	0	0	0.37
152100	0.37	0.6	0.6	0	0	0.37
152200	0.37	0.6	0.6	0	0	0.37
152300	0.37	0.6	0.6	0	0	0.37
152400	0.37	0.6	0.6	0	0	0.37
152500	0.37	0.6	0.6	0	0	0.37
152600	0.37	0.6	0.6	0	0	0.37
152700	0.37	0.6	0.6	0	0	0.37
152800	0.37	0.6	0.6	0	0	0.37
152900	0.37	0.6	0.6	0	0	0.37
153000	0.37	0.6	0.6	0	0	0.37
153100	0.37	0.6	0.6	0	0	0.37
153200	0.37	0.6	0.6	0	0	0.37
153300	0.37	0.6	0.6	0	0	0.37
153400	0.37	0.6	0.6	0	0	0.37
153500	0.37	0.6	0.6	0	0	0.37
153600	0.37	0.6	0.6	0	0	0.37
153700	0.37	0.6	0.6	0	0	0.37
153800	0.37	0.6	0.6	0	0	0.37
153900	0.37	0.6	0.6	0	0	0.37
154000	0.37	0.6	0.6	0	0	0.37
154100	0.37	0.6	0.6	0	0	0.37
154200	0.37	0.6	0.6	0	0	0.37
154300	0.37	0.6	0.6	0	0	0.37
154400	0.37	0.6	0.6	0	0	0.37
154500	0.37	0.6	0.6	0	0	0.37
154600	0.37	0.6	0.6	0	0	0.37
154700	0.37	0.6	0.6	0	0	0.37
154800	0.37	0.6	0.6	0	0	0.37
154900	0.37	0.6	0.6	0	0	0.37
155000	0.37	0.6	0.6	0	0	0.37
155100	0.36	0.6	0.6	0	0	0.36
155200	0.36	0.6	0.6	0	0	0.36
155300	0.36	0.6	0.6	0	0	0.36
155400	0.36	0.6	0.6	0	0	0.36
155500	0.36	0.6	0.6	0	0	0.36
155600	0.36	0.6	0.6	0	0	0.36
155700	0.36	0.6	0.6	0	0	0.36
155800	0.35	0.6	0.6	0	0	0.35
155900	0.35	0.6	0.6	0	0	0.35
156000	0.35	0.6	0.6	0	0	0.35
156100	0.35	0.6	0.6	0	0	0.35
156200	0.36	0.6	0.6	0	0	0.36
156300	0.35	0.6	0.6	0	0	0.35
156400	0.35	0.6	0.6	0	0	0.35
156500	0.35	0.6	0.6	0	0	0.35
156600	0.35	0.6	0.6	0	0	0.35
156700	0.35	0.6	0.6	0	0	0.35
156800	0.35	0.6	0.6	0	0	0.35
156900	0.35	0.6	0.6	0	0	0.35
157000	0.35	0.6	0.6	0	0	0.35
157100	0.35	0.6	0.6	0	0	0.35
157200	0.34	0.6	0.6	0	0	0.34
157300	0.34	0.6	0.6	0	0	0.34
157400	0.34	0.6	0.6	0	0	0.34
157500	0.34	0.6	0.6	0	0	0.34
157600	0.34	0.6	0.6	0	0	0.34
157700	0.34	0.6	0.6	0	0	0.34
157800	0.34	0.6	0.6	0	0	0.34
157900	0.34	0.6	0.6	0	0	0.34
158000	0.34	0.6	0.6	0	0	0.34
158100	0.35	0.6	0.6	0	0	0.35
158200	0.35	0.6	0.6	0	0	0.35
158300	0.35	0.6	0.6	0	0	0.35
158400	0.35	0.6	0.6	0	0	0.35
158500	0.35	0.6	0.6	0	0	0.35
158600	0.35	0.6	0.6	0	0	0.35
158700	0.35	0.6	0.6	0	0	0.35
158800	0.35	0.6	0.6	0	0	0.35
158900	0.35	0.6	0.6	0	0	0.35
159000	0.35	0.6	0.6	0	0	0.35
159100	0.35	0.6	0.6	0	0	0.35
159200	0.35	0.6	0.6	0	0	0.35
159300	0.35	0.6	0.6	0	0	0.35
159400	0.35	0.6	0.6	0	0	0.35
159500	0.35	0.6	0.6	0	0	0.35
159600	0.35	0.6	0.6	0	0	0.35
159700	0.35	0.6	0.6	0	0	0.35
159800	0.35	0.6	0.6	0	0	0.35
159900	0.35	0.6	0.6	0	0	0.35
160000	0.35	0.6	0.6	0	0	0.35
160100	0.35	0.6	0.6	0	0	0.35
160200	0.35	0.6	0.6	0	0	0.35
160300	0.35	0.6	0.6	0	0	0.35
160400	0.35	0.6	0.6	0	0	0.35
160500	0.35	0.6	0.6	0	0	0.35
160600	0.36	0.6	0.6	0	0	0.36
160700	0.36	0.6	0.6	0	0	0.36
160800	0.36	0.6	0.6	0	0	0.36
160900	0.36	0.6	0.6	0	0	0.36
161000	0.36	0.6	0.6	0	0	0.36
161100	0.35	0.6	0.6	0	0	0.35
161200	0.35	0.6	0.6	0	0	0.35
161300	0.35	0.6	0.6	0	0	0.35
161400	0.35	0.6	0.6	0	0	0.35
161500	0.35	0.6	0.6	0	0	0.35
161600	0.35	0.6	0.6	0	0	0.35
161700	0.35	0.6	0.6	0	0	0.35
161800	0.35	0.6	0.6	0	0	0.35
161900	0.35	0.6	0.6	0	0	0.35
162000	0.35	0.6	0.6	0	0	0.35
162100	0.35	0.6	0.6	0	0	0.35
162200	0.35	0.6	0.6	0	0	0.35
162300	0.35	0.6	0.6	0	0	0.35
162400	0.35	0.6	0.6	0	0	0.35
162500	0.35	0.6	0.6	0	0	0.35
162600	0.35	0.6	0.6	0	0	0.35
162700	0.35	0.6	0.6	0	0	0.35
162800	0.35	0.6	0.6	0	0	0.35
162900	0.35	0.6	0.6	0	0	0.35
163000	0.36	0.6	0.6	0	0	0.36
163100	0.35	0.61	0.61	0	0	0.35
163200	0.35	0.61	0.61	0	0	0.35
163300	0.35	0.61	0.61	0	0	0.35
163400	0.35	0.61	0.61	0	0	0.35
163500	0.35	0.61	0.61	0	0	0.35
163600	0.35	0.61	0.61	0	0	0.35
163700	0.35	0.61	0.61	0	0	0.35
163800	0.35	0.61	0.61	0	0	0.35
163900	0.35	0.61	0.61	0	0	0.35
164000	0.35	0.61	0.61	0	0	0.35
164100	0.35	0.61	0.61	0	0	0.35
164200	0.35	0.61	0.61	0	0	0.35
164300	0.35	0.61	0.61	0	0	0.35
164400	0.35	0.61	0.61	0	0	0.35
164500	0.35	0.61	0.61	0	0	0.35
164600	0.35	0.61	0.61	0	0	0.35
164700	0.35	0.61	0.61	0	0	0.35
164800	0.35	0.61	0.61	0	0	0.35
164900	0.35	0.61	0.61	0	0	0.35
165000	0.35	0.61	0.61	0	0	0.35
165100	0.35	0.61	0.61	0	0	0.35
165200	0.35	0.61	0.61	0	0	0.35
165300	0.35	0.61	0.61	0	0	0.35
165400	0.35	0.62	0.62	0	0	0.35
165500	0.36	0.62	0.62	0	0	0.36
165600	0.36	0.62	0.62	0	0	0.36
165700	0.36	0.62	0.62	0	0	0.36
165800	0.35	0.62	0.62	0	0	0.35
165900	0.35	0.62	0.62	0	0	0.35
166000	0.35	0.62	0.62	0	0	0.35
166100	0.35	0.62	0.62	0	0	0.35
166200	0.35	0.62	0.62	0	0	0.35
166300	0.35	0.62	0.62	0	0	0.35
166400	0.35	0.62	0.62	0	0	0.35
166500	0.35	0.62	0.62	0	0	0.35
166600	0.35	0.62	0.62	0	0	0.35
166700	0.35	0.62	0.62	0	0	0.35
166800	0.35	0.62	0.62	0	0	0.35
166900	0.35	0.62	0.62	0	0	0.35
167000	0.35	0.62	0.62	0	0	0.35
167100	0.35	0.62	0.62	0	0	0.35
167200	0.36	0.62	0.62	0	0	0.36
167300	0.36	0.61	0.61	0	0	0.36
167400	0.35	0.61	0.61	0	0	0.35
167500	0.34	0.61	0.61	0	0	0.34
167600	0.34	0.61	0.61	0	0	0.34
167700	0.35	0.61	0.61	0	0	0.35
167800	0.35	0.61	0.61	0	0	0.35
167900	0.35	0.61	0.61	0	0	0.35
168000	0.35	0.61	0.61	0	0	0.35
168100	0.35	0.61	0.61	0	0	0.35
168200	0.35	0.61	0.61	0	0	0.35
168300	0.35	0.61	0.61	0	0	0.35
168400	0.35	0.62	0.62	0	0	0.35
168500	0.35	0.61	0.61	0	0	0.35
168600	0.35	0.61	0.61	0	0	0.35
168700	0.35	0.61	0.61	0	0	0.35
168800	0.35	0.61	0.61	0	0	0.35
168900	0.35	0.61	0.61	0	0	0.35
169000	0.35	0.61	0.61	0	0	0.35
169100	0.35	0.61	0.61	0	0	0.35
169200	0.35	0.61	0.61	0	0	0.35
169300	0.34	0.61	0.61	0	0	0.34
169400	0.34	0.61	0.61	0	0	0.34
169500	0.34	0.61	0.61	0	0	0.34
169600	0.34	0.61	0.61	0	0	0.34
169700	0.34	0.61	0.61	0	0	0.34
169800	0.34	0.61	0.61	0	0	0.34
169900	0.34	0.61	0.61	0	0	0.34
170000	0.34	0.61	0.61	0	0	0.34
170100	0.34	0.61	0.61	0	0	0.34
170200	0.34	0.61	0.61	0	0	0.34
170300	0.34	0.61	0.61	0	0	0.34
170400	0.34	0.61	0.61	0	0	0.34
170500	0.34	0.61	0.61	0	0	0.34
170600	0.33	0.61	0.61	0	0	0.33
170700	0.34	0.61	0.61	0	0	0.34
170800	0.34	0.61	0.61	0	0	0.34
170900	0.34	0.61	0.61	0	0	0.34
171000	0.33	0.61	0.61	0	0	0.33
171100	0.33	0.61	0.61	0	0	0.33
171200	0.33	0.61	0.61	0	0	0.33
171300	0.33	0.61	0.61	0	0	0.33
171400	0.33	0.61	0.61	0	0	0.33
171500	0.33	0.61	0.61	0	0	0.33
171600	0.33	0.61	0.61	0	0	0.33
171700	0.33	0.61	0.61	0	0	0.33
171800	0.33	0.61	0.61	0	0	0.33
171900	0.33	0.61	0.61	0	0	0.33
172000	0.33	0.61	0.61	0	0	0.33
172100	0.33	0.61	0.61	0	0	0.33
172200	0.33	0.61	0.61	0	0	0.33
172300	0.33	0.61	0.61	0	0	0.33
172400	0.33	0.61	0.61	0	0	0.33
172500	0.33	0.61	0.61	0	0	0.33
172600	0.33	0.61	0.61	0	0	0.33
172700	0.33	0.61	0.61	0	0	0.33
172800	0.33	0.61	0.61	0	0	0.33
172900	0.33	0.61	0.61	0	0	0.33
173000	0.33	0.61	0.61	0	0	0.33
173100	0.33	0.61	0.61	0	0	0.33
173200	0.33	0.61	0.61	0	0	0.33
173300	0.33	0.61	0.61	0	0	0.33
173400	0.33	0.61	0.61	0	0	0.33
173500	0.33	0.61	0.61	0	0	0.33
173600	0.33	0.61	0.61	0	0	0.33
173700	0.33	0.61	0.61	0	0	0.33
173800	0.33	0.61	0.61	0	0	0.33
173900	0.33	0.61	0.61	0	0	0.33
174000	0.33	0.61	0.61	0	0	0.33
174100	0.34	0.61	0.61	0	0	0.34
174200	0.34	0.61	0.61	0	0	0.34
174300	0.34	0.61	0.61	0	0	0.34
174400	0.34	0.61	0.61	0	0	0.34
174500	0.34	0.61	0.61	0	0	0.34
174600	0.34	0.61	0.61	0	0	0.34
174700	0.34	0.61	0.61	0	0	0.34
174800	0.34	0.6	0.6	0	0	0.34
174900	0.34	0.6	0.6	0	0	0.34
175000	0.34	0.6	0.6	0	0	0.34
175100	0.34	0.6	0.6	0	0	0.34
175200	0.34	0.6	0.6	0	0	0.34
175300	0.34	0.6	0.6	0	0	0.34
175400	0.34	0.6	0.6	0	0	0.34
175500	0.34	0.6	0.6	0	0	0.34
175600	0.34	0.6	0.6	0	0	0.34
175700	0.34	0.6	0.6	0	0	0.34
175800	0.34	0.6	0.6	0	0	0.34
175900	0.34	0.6	0.6	0	0	0.34
176000	0.34	0.6	0.6	0	0	0.34
176100	0.34	0.6	0.6	0	0	0.34
176200	0.34	0.6	0.6	0	0	0.34
176300	0.35	0.6	0.6	0	0	0.35
176400	0.35	0.6	0.6	0	0	0.35
176500	0.35	0.6	0.6	0	0	0.35
176600	0.35	0.61	0.61	0	0	0.35
176700	0.35	0.61	0.61	0	0	0.35
176800	0.35	0.61	0.61	0	0	0.35
176900	0.35	0.61	0.61	0	0	0.35
177000	0.35	0.61	0.61	0	0	0.35
177100	0.35	0.61	0.61	0	0	0.35
177200	0.35	0.61	0.61	0	0	0.35
177300	0.35	0.61	0.61	0	0	0.35
177400	0.35	0.62	0.62	0	0	0.35
177500	0.35	0.61	0.61	0	0	0.35
177600	0.35	0.61	0.61	0	0	0.35
177700	0.35	0.61	0.61	0	0	0.35
177800	0.34	0.61	0.61	0	0	0.34
177900	0.34	0.61	0.61	0	0	0.34
178000	0.34	0.61	0.61	0	0	0.34
178100	0.34	0.61	0.61	0	0	0.34
178200	0.34	0.61	0.61	0	0	0.34
178300	0.34	0.61	0.61	0	0	0.34
178400	0.34	0.61	0.61	0	0	0.34
178500	0.34	0.61	0.61	0	0	0.34
178600	0.34	0.61	0.61	0	0	0.34
178700	0.34	0.61	0.61	0	0	0.34
178800	0.34	0.61	0.61	0	0	0.34
178900	0.35	0.61	0.61	0	0	0.35
179000	0.35	0.61	0.61	0	0	0.35
179100	0.35	0.61	0.61	0	0	0.35
179200	0.35	0.61	0.61	0	0	0.35
179300	0.35	0.61	0.61	0	0	0.35
179400	0.35	0.61	0.61	0	0	0.35
179500	0.35	0.61	0.61	0	0	0.35
179600	0.35	0.61	0.61	0	0	0.35
179700	0.35	0.61	0.61	0	0	0.35
179800	0.35	0.61	0.61	0	0	0.35
179900	0.35	0.61	0.61	0	0	0.35
180000	0.35	0.61	0.61	0	0	0.35
180100	0.36	0.61	0.61	0	0	0.36
180200	0.35	0.61	0.61	0	0	0.35
180300	0.35	0.61	0.61	0	0	0.35
180400	0.35	0.61	0.61	0	0	0.35
180500	0.35	0.61	0.61	0	0	0.35
180600	0.35	0.61	0.61	0	0	0.35
180700	0.35	0.61	0.61	0	0	0.35
180800	0.35	0.61	0.61	0	0	0.35
180900	0.35	0.61	0.61	0	0	0.35
181000	0.35	0.61	0.61	0	0	0.35
181100	0.35	0.61	0.61	0	0	0.35
181200	0.35	0.61	0.61	0	0	0.35
181300	0.35	0.61	0.61	0	0	0.35
181400	0.35	0.61	0.61	0	0	0.35
181500	0.35	0.61	0.61	0	0	0.35
181600	0.35	0.61	0.61	0	0	0.35
181700	0.35	0.6	0.6	0	0	0.35
181800	0.35	0.6	0.6	0	0	0.35
181900	0.35	0.6	0.6	0	0	0.35
182000	0.35	0.6	0.6	0	0	0.35
182100	0.35	0.6	0.6	0	0	0.35
182200	0.35	0.6	0.6	0	0	0.35
182300	0.35	0.6	0.6	0	0	0.35
182400	0.35	0.6	0.6	0	0	0.35
182500	0.35	0.6	0.6	0	0	0.35
182600	0.35	0.6	0.6	0	0	0.35
182700	0.35	0.6	0.6	0	0	0.35
182800	0.35	0.6	0.6	0	0	0.35
182900	0.35	0.6	0.6	0	0	0.35
183000	0.35	0.6	0.6	0	0	0.35
183100	0.35	0.6	0.6	0	0	0.35
183200	0.35	0.6	0.6	0	0	0.35
183300	0.35	0.6	0.6	0	0	0.35
183400	0.35	0.6	0.6	0	0	0.35
183500	0.35	0.6	0.6	0	0	0.35
183600	0.35	0.6	0.6	0	0	0.35
183700	0.35	0.6	0.6	0	0	0.35
183800	0.35	0.6	0.6	0	0	0.35
183900	0.35	0.6	0.6	0	0	0.35
184000	0.35	0.6	0.6	0	0	0.35
184100	0.35	0.6	0.6	0	0	0.35
184200	0.35	0.6	0.6	0	0	0.35
184300	0.36	0.6	0.6	0	0	0.36
184400	0.36	0.6	0.6	0	0	0.36
184500	0.35	0.6	0.6	0	0	0.35
184600	0.35	0.6	0.6	0	0	0.35
184700	0.35	0.6	0.6	0	0	0.35
184800	0.35	0.61	0.61	0	0	0.35
184900	0.35	0.61	0.61	0	0	0.35
185000	0.35	0.62	0.62	0	0	0.35
185100	0.35	0.61	0.61	0	0	0.35
185200	0.35	0.61	0.61	0	0	0.35
185300	0.35	0.61	0.61	0	0	0.35
185400	0.35	0.61	0.61	0	0	0.35
185500	0.35	0.61	0.61	0	0	0.35
185600	0.35	0.61	0.61	0	0	0.35
185700	0.35	0.61	0.61	0	0	0.35
185800	0.35	0.61	0.61	0	0	0.35
185900	0.35	0.61	0.61	0	0	0.35
186000	0.35	0.61	0.61	0	0	0.35
186100	0.35	0.61	0.61	0	0	0.35
186200	0.35	0.61	0.61	0	0	0.35
186300	0.35	0.61	0.61	0	0	0.35
186400	0.35	0.61	0.61	0	0	0.35
186500	0.35	0.61	0.61	0	0	0.35
186600	0.35	0.61	0.61	0	0	0.35
186700	0.35	0.61	0.61	0	0	0.35
186800	0.35	0.61	0.61	0	0	0.35
186900	0.35	0.61	0.61	0	0	0.35
187000	0.35	0.61	0.61	0	0	0.35
187100	0.35	0.61	0.61	0	0	0.35
187200	0.35	0.61	0.61	0	0	0.35
187300	0.35	0.61	0.61	0	0	0.35
187400	0.35	0.61	0.61	0	0	0.35
187500	0.35	0.61	0.61	0	0	0.35
187600	0.35	0.61	0.61	0	0	0.35
187700	0.35	0.61	0.61	0	0	0.35
187800	0.35	0.61	0.61	0	0	0.35
187900	0.35	0.61	0.61	0	0	0.35
188000	0.35	0.61	0.61	0	0	0.35
188100	0.35	0.61	0.61	0	0	0.35
188200	0.35	0.61	0.61	0	0	0.35
188300	0.35	0.61	0.61	0	0	0.35
188400	0.35	0.61	0.61	0	0	0.35
188500	0.35	0.61	0.61	0	0	0.35
188600	0.35	0.61	0.61	0	0	0.35
188700	0.35	0.61	0.61	0	0	0.35
188800	0.35	0.61	0.61	0	0	0.35
188900	0.34	0.61	0.61	0	0	0.34
189000	0.34	0.61	0.61	0	0	0.34
189100	0.33	0.61	0.61	0	0	0.33
189200	0.33	0.61	0.61	0	0	0.33
189300	0.33	0.61	0.61	0	0	0.33
189400	0.34	0.61	0.61	0	0	0.34
189500	0.33	0.61	0.61	0	0	0.33
189600	0.33	0.61	0.61	0	0	0.33
189700	0.33	0.61	0.61	0	0	0.33
189800	0.33	0.61	0.61	0	0	0.33
189900	0.33	0.61	0.61	0	0	0.33
190000	0.33	0.61	0.61	0	0	0.33
190100	0.33	0.61	0.61	0	0	0.33
190200	0.33	0.61	0.61	0	0	0.33
190300	0.33	0.61	0.61	0	0	0.33
190400	0.34	0.61	0.61	0	0	0.34
190500	0.33	0.61	0.61	0	0	0.33
190600	0.33	0.61	0.61	0	0	0.33
190700	0.33	0.61	0.61	0	0	0.33
190800	0.33	0.61	0.61	0	0	0.33
190900	0.33	0.61	0.61	0	0	0.33
191000	0.33	0.61	0.61	0	0	0.33
191100	0.33	0.61	0.61	0	0	0.33
191200	0.33	0.61	0.61	0	0	0.33
191300	0.33	0.61	0.61	0	0	0.33
191400	0.33	0.61	0.61	0	0	0.33
191500	0.33	0.61	0.61	0	0	0.33
191600	0.33	0.61	0.61	0	0	0.33
191700	0.33	0.61	0.61	0	0	0.33
191800	0.33	0.61	0.61	0	0	0.33
191900	0.34	0.61	0.61	0	0	0.34
192000	0.34	0.61	0.61	0	0	0.34
192100	0.34	0.61	0.61	0	0	0.34
192200	0.34	0.61	0.61	0	0	0.34
192300	0.34	0.61	0.61	0	0	0.34
192400	0.34	0.61	0.61	0	0	0.34
192500	0.35	0.61	0.61	0	0	0.35
192600	0.35	0.61	0.61	0	0	0.35
192700	0.35	0.62	0.62	0	0	0.35
192800	0.35	0.62	0.62	0	0	0.35
192900	0.35	0.61	0.61	0	0	0.35
193000	0.35	0.61	0.61	0	0	0.35
193100	0.35	0.61	0.61	0	0	0.35
193200	0.35	0.62	0.62	0	0	0.35
193300	0.35	0.61	0.61	0	0	0.35
193400	0.35	0.61	0.61	0	0	0.35
193500	0.34	0.61	0.61	0	0	0.34
193600	0.34	0.61	0.61	0	0	0.34
193700	0.34	0.61	0.61	0	0	0.34
193800	0.34	0.61	0.61	0	0	0.34
193900	0.34	0.61	0.61	0	0	0.34
194000	0.34	0.61	0.61	0	0	0.34
194100	0.34	0.62	0.62	0	0	0.34
194200	0.34	0.62	0.62	0	0	0.34
194300	0.34	0.62	0.62	0	0	0.34
194400	0.34	0.62	0.62	0	0	0.34
194500	0.34	0.62	0.62	0	0	0.34
194600	0.34	0.62	0.62	0	0	0.34
194700	0.34	0.62	0.62	0	0	0.34
194800	0.34	0.62	0.62	0	0	0.34
194900	0.34	0.62	0.62	0	0	0.34
195000	0.34	0.62	0.62	0	0	0.34
195100	0.34	0.62	0.62	0	0	0.34
195200	0.34	0.62	0.62	0	0	0.34
195300	0.34	0.62	0.62	0	0	0.34
195400	0.34	0.62	0.62	0	0	0.34
195500	0.34	0.62	0.62	0	0	0.34
195600	0.34	0.62	0.62	0	0	0.34
195700	0.34	0.62	0.62	0	0	0.34
195800	0.34	0.62	0.62	0	0	0.34
195900	0.34	0.62	0.62	0	0	0.34
196000	0.34	0.62	0.62	0	0	0.34
196100	0.34	0.62	0.62	0	0	0.34
196200	0.34	0.62	0.62	0	0	0.34
196300	0.34	0.62	0.62	0	0	0.34
196400	0.34	0.62	0.62	0	0	0.34
196500	0.34	0.62	0.62	0	0	0.34
196600	0.34	0.62	0.62	0	0	0.34
196700	0.34	0.62	0.62	0	0	0.34
196800	0.34	0.62	0.62	0	0	0.34
196900	0.34	0.62	0.62	0	0	0.34
197000	0.34	0.62	0.62	0	0	0.34
197100	0.34	0.62	0.62	0	0	0.34
197200	0.34	0.62	0.62	0	0	0.34
197300	0.34	0.62	0.62	0	0	0.34
197400	0.34	0.62	0.62	0	0	0.34
197500	0.34	0.62	0.62	0	0	0.34
197600	0.34	0.62	0.62	0	0	0.34
197700	0.34	0.62	0.62	0	0	0.34
197800	0.34	0.62	0.62	0	0	0.34
197900	0.34	0.62	0.62	0	0	0.34
198000	0.34	0.62	0.62	0	0	0.34
198100	0.34	0.62	0.62	0	0	0.34
198200	0.34	0.62	0.62	0	0	0.34
198300	0.34	0.63	0.63	0	0	0.34
198400	0.34	0.62	0.62	0	0	0.34
198500	0.34	0.62	0.62	0	0	0.34
198600	0.34	0.62	0.62	0	0	0.34
198700	0.34	0.62	0.62	0	0	0.34
198800	0.34	0.62	0.62	0	0	0.34
198900	0.34	0.62	0.62	0	0	0.34
199000	0.34	0.62	0.62	0	0	0.34
199100	0.34	0.62	0.62	0	0	0.34
199200	0.34	0.62	0.62	0	0	0.34
199300	0.34	0.62	0.62	0	0	0.34
199400	0.35	0.62	0.62	0	0	0.35
199500	0.35	0.62	0.62	0	0	0.35
199600	0.35	0.62	0.62	0	0	0.35
199700	0.35	0.62	0.62	0	0	0.35
199800	0.35	0.62	0.62	0	0	0.35
199900	0.35	0.62	0.62	0	0	0.35
200000	0.35	0.62	0.62	0	0	0.35
200100	0.35	0.62	0.62	0	0	0.35
200200	0.35	0.62	0.62	0	0	0.35
200300	0.35	0.62	0.62	0	0	0.35
200400	0.35	0.62	0.62	0	0	0.35
200500	0.35	0.62	0.62	0	0	0.35
200600	0.35	0.62	0.62	0	0	0.35
200700	0.35	0.62	0.62	0	0	0.35
200800	0.35	0.62	0.62	0	0	0.35
200900	0.35	0.62	0.62	0	0	0.35
201000	0.35	0.62	0.62	0	0	0.35
201100	0.35	0.62	0.62	0	0	0.35
201200	0.35	0.62	0.62	0	0	0.35
201300	0.35	0.62	0.62	0	0	0.35
201400	0.35	0.62	0.62	0	0	0.35
201500	0.35	0.62	0.62	0	0	0.35
201600	0.35	0.62	0.62	0	0	0.35
201700	0.35	0.61	0.61	0	0	0.35
201800	0.35	0.61	0.61	0	0	0.35
201900	0.35	0.61	0.61	0	0	0.35
202000	0.35	0.61	0.61	0	0	0.35
202100	0.35	0.61	0.61	0	0	0.35
202200	0.35	0.61	0.61	0	0	0.35
202300	0.35	0.61	0.61	0	0	0.35
202400	0.35	0.61	0.61	0	0	0.35
202500	0.35	0.61	0.61	0	0	0.35
202600	0.36	0.61	0.61	0	0	0.36
202700	0.36	0.61	0.61	0	0	0.36
202800	0.36	0.61	0.61	0	0	0.36
202900	0.36	0.61	0.61	0	0	0.36
203000	0.36	0.61	0.61	0	0	0.36
203100	0.36	0.61	0.61	0	0	0.36
203200	0.36	0.61	0.61	0	0	0.36
203300	0.36	0.61	0.61	0	0	0.36
203400	0.36	0.61	0.61	0	0	0.36
203500	0.36	0.61	0.61	0	0	0.36
203600	0.36	0.61	0.61	0	0	0.36
203700	0.36	0.61	0.61	0	0	0.36
203800	0.36	0.61	0.61	0	0	0.36
203900	0.36	0.61	0.61	0	0	0.36
204000	0.35	0.61	0.61	0	0	0.35
204100	0.35	0.61	0.61	0	0	0.35
204200	0.34	0.61	0.61	0	0	0.34
204300	0.34	0.61	0.61	0	0	0.34
204400	0.34	0.61	0.61	0	0	0.34
204500	0.34	0.61	0.61	0	0	0.34
204600	0.34	0.61	0.61	0	0	0.34
204700	0.34	0.61	0.61	0	0	0.34
204800	0.34	0.61	0.61	0	0	0.34
204900	0.34	0.61	0.61	0	0	0.34
205000	0.34	0.61	0.61	0	0	0.34
205100	0.33	0.61	0.61	0	0	0.33
205200	0.34	0.61	0.61	0	0	0.34
205300	0.34	0.61	0.61	0	0	0.34
205400	0.33	0.61	0.61	0	0	0.33
205500	0.33	0.61	0.61	0	0	0.33
205600	0.33	0.61	0.61	0	0	0.33
205700	0.33	0.61	0.61	0	0	0.33
205800	0.33	0.61	0.61	0	0	0.33
205900	0.33	0.61	0.61	0	0	0.33
206000	0.33	0.61	0.61	0	0	0.33
206100	0.33	0.61	0.61	0	0	0.33
206200	0.33	0.61	0.61	0	0	0.33
206300	0.33	0.61	0.61	0	0	0.33
206400	0.33	0.61	0.61	0	0	0.33
206500	0.33	0.61	0.61	0	0	0.33
206600	0.33	0.61	0.61	0	0	0.33
206700	0.33	0.61	0.61	0	0	0.33
206800	0.33	0.61	0.61	0	0	0.33
206900	0.33	0.61	0.61	0	0	0.33
207000	0.33	0.61	0.61	0	0	0.33
207100	0.33	0.61	0.61	0	0	0.33
207200	0.33	0.61	0.61	0	0	0.33
207300	0.33	0.61	0.61	0	0	0.33
207400	0.33	0.61	0.61	0	0	0.33
207500	0.33	0.61	0.61	0	0	0.33
207600	0.33	0.61	0.61	0	0	0.33
207700	0.33	0.62	0.62	0	0	0.33
207800	0.33	0.61	0.61	0	0	0.33
207900	0.33	0.61	0.61	0	0	0.33
208000	0.33	0.61	0.61	0	0	0.33
208100	0.33	0.61	0.61	0	0	0.33
208200	0.33	0.61	0.61	0	0	0.33
208300	0.33	0.61	0.61	0	0	0.33
208400	0.33	0.61	0.61	0	0	0.33
208500	0.33	0.61	0.61	0	0	0.33
208600	0.33	0.61	0.61	0	0	0.33
208700	0.33	0.61	0.61	0	0	0.33
208800	0.33	0.61	0.61	0	0	0.33
208900	0.33	0.61	0.61	0	0	0.33
209000	0.33	0.61	0.61	0	0	0.33
209100	0.33	0.61	0.61	0	0	0.33
209200	0.33	0.61	0.61	0	0	0.33
209300	0.33	0.62	0.62	0	0	0.33
209400	0.33	0.61	0.61	0	0	0.33
209500	0.33	0.61	0.61	0	0	0.33
209600	0.33	0.61	0.61	0	0	0.33
209700	0.33	0.61	0.61	0	0	0.33
209800	0.33	0.61	0.61	0	0	0.33
209900	0.33	0.61	0.61	0	0	0.33
210000	0.33	0.61	0.61	0	0	0.33
210100	0.33	0.61	0.61	0	0	0.33
210200	0.33	0.61	0.61	0	0	0.33
210300	0.33	0.62	0.62	0	0	0.33
210400	0.33	0.61	0.61	0	0	0.33
210500	0.33	0.61	0.61	0	0	0.33
210600	0.33	0.61	0.61	0	0	0.33
210700	0.33	0.61	0.61	0	0	0.33
210800	0.33	0.61	0.61	0	0	0.33
210900	0.33	0.61	0.61	0	0	0.33
211000	0.33	0.61	0.61	0	0	0.33
211100	0.33	0.61	0.61	0	0	0.33
211200	0.33	0.61	0.61	0	0	0.33
211300	0.33	0.61	0.61	0	0	0.33
211400	0.33	0.61	0.61	0	0	0.33
211500	0.33	0.61	0.61	0	0	0.33
211600	0.33	0.61	0.61	0	0	0.33
211700	0.33	0.61	0.61	0	0	0.33
211800	0.33	0.61	0.61	0	0	0.33
211900	0.33	0.61	0.61	0	0	0.33
212000	0.33	0.61	0.61	0	0	0.33
212100	0.33	0.61	0.61	0	0	0.33
212200	0.33	0.61	0.61	0	0	0.33
212300	0.33	0.61	0.61	0	0	0.33
212400	0.33	0.61	0.61	0	0	0.33
212500	0.34	0.62	0.62	0	0	0.34
212600	0.34	0.61	0.61	0	0	0.34
212700	0.34	0.61	0.61	0	0	0.34
212800	0.34	0.61	0.61	0	0	0.34
212900	0.34	0.61	0.61	0	0	0.34
213000	0.34	0.61	0.61	0	0	0.34
213100	0.34	0.61	0.61	0	0	0.34
213200	0.34	0.61	0.61	0	0	0.34
213300	0.34	0.61	0.61	0	0	0.34
213400	0.34	0.61	0.61	0	0	0.34
213500	0.34	0.61	0.61	0	0	0.34
213600	0.34	0.61	0.61	0	0	0.34
213700	0.34	0.61	0.61	0	0	0.34
213800	0.34	0.61	0.61	0	0	0.34
213900	0.34	0.61	0.61	0	0	0.34
214000	0.34	0.61	0.61	0	0	0.34
214100	0.34	0.61	0.61	0	0	0.34
214200	0.34	0.61	0.61	0	0	0.34
214300	0.34	0.61	0.61	0	0	0.34
214400	0.34	0.61	0.61	0	0	0.34
214500	0.35	0.61	0.61	0	0	0.35
214600	0.35	0.61	0.61	0	0	0.35
214700	0.35	0.61	0.61	0	0	0.35
214800	0.34	0.61	0.61	0	0	0.34
214900	0.34	0.61	0.61	0	0	0.34
215000	0.34	0.62	0.62	0	0	0.34
215100	0.35	0.61	0.61	0	0	0.35
215200	0.35	0.61	0.61	0	0	0.35
215300	0.35	0.61	0.61	0	0	0.35
215400	0.35	0.61	0.61	0	0	0.35
215500	0.35	0.61	0.61	0	0	0.35
215600	0.35	0.61	0.61	0	0	0.35
215700	0.35	0.61	0.61	0	0	0.35
215800	0.35	0.61	0.61	0	0	0.35
215900	0.35	0.61	0.61	0	0	0.35
216000	0.35	0.61	0.61	0	0	0.35
216100	0.35	0.61	0.61	0	0	0.35
216200	0.35	0.61	0.61	0	0	0.35
216300	0.35	0.61	0.61	0	0	0.35
216400	0.35	0.61	0.61	0	0	0.35
216500	0.35	0.61	0.61	0	0	0.35
216600	0.35	0.61	0.61	0	0	0.35
216700	0.35	0.61	0.61	0	0	0.35
216800	0.35	0.61	0.61	0	0	0.35
216900	0.35	0.61	0.61	0	0	0.35
217000	0.35	0.61	0.61	0	0	0.35
217100	0.36	0.61	0.61	0	0	0.36
217200	0.36	0.61	0.61	0	0	0.36
217300	0.35	0.61	0.61	0	0	0.35
217400	0.34	0.61	0.61	0	0	0.34
217500	0.34	0.61	0.61	0	0	0.34
217600	0.34	0.61	0.61	0	0	0.34
217700	0.34	0.61	0.61	0	0	0.34
217800	0.34	0.61	0.61	0	0	0.34
217900	0.34	0.61	0.61	0	0	0.34
218000	0.33	0.61	0.61	0	0	0.33
218100	0.33	0.61	0.61	0	0	0.33
218200	0.33	0.61	0.61	0	0	0.33
218300	0.33	0.61	0.61	0	0	0.33
218400	0.33	0.61	0.61	0	0	0.33
218500	0.33	0.61	0.61	0	0	0.33
218600	0.33	0.61	0.61	0	0	0.33
218700	0.33	0.61	0.61	0	0	0.33
218800	0.33	0.61	0.61	0	0	0.33
218900	0.33	0.61	0.61	0	0	0.33
219000	0.33	0.61	0.61	0	0	0.33
219100	0.33	0.61	0.61	0	0	0.33
219200	0.34	0.61	0.61	0	0	0.34
219300	0.34	0.61	0.61	0	0	0.34
219400	0.34	0.61	0.61	0	0	0.34
219500	0.34	0.61	0.61	0	0	0.34
219600	0.33	0.61	0.61	0	0	0.33
219700	0.33	0.61	0.61	0	0	0.33
219800	0.34	0.61	0.61	0	0	0.34
219900	0.34	0.61	0.61	0	0	0.34
220000	0.34	0.61	0.61	0	0	0.34
220100	0.34	0.61	0.61	0	0	0.34
220200	0.34	0.61	0.61	0	0	0.34
220300	0.35	0.61	0.61	0	0	0.35
220400	0.35	0.61	0.61	0	0	0.35
220500	0.35	0.61	0.61	0	0	0.35
220600	0.35	0.61	0.61	0	0	0.35
220700	0.35	0.61	0.61	0	0	0.35
220800	0.35	0.61	0.61	0	0	0.35
220900	0.35	0.61	0.61	0	0	0.35
221000	0.35	0.61	0.61	0	0	0.35
221100	0.35	0.61	0.61	0	0	0.35
221200	0.35	0.61	0.61	0	0	0.35
221300	0.35	0.61	0.61	0	0	0.35
221400	0.35	0.61	0.61	0	0	0.35
221500	0.35	0.61	0.61	0	0	0.35
221600	0.35	0.61	0.61	0	0	0.35
221700	0.35	0.61	0.61	0	0	0.35
221800	0.35	0.61	0.61	0	0	0.35
221900	0.36	0.61	0.61	0	0	0.36
222000	0.35	0.61	0.61	0	0	0.35
222100	0.35	0.61	0.61	0	0	0.35
222200	0.35	0.61	0.61	0	0	0.35
222300	0.35	0.61	0.61	0	0	0.35
222400	0.35	0.61	0.61	0	0	0.35
222500	0.35	0.61	0.61	0	0	0.35
222600	0.35	0.61	0.61	0	0	0.35
222700	0.35	0.61	0.61	0	0	0.35
222800	0.35	0.61	0.61	0	0	0.35
222900	0.35	0.61	0.61	0	0	0.35
223000	0.35	0.61	0.61	0	0	0.35
223100	0.35	0.61	0.61	0	0	0.35
223200	0.35	0.61	0.61	0	0	0.35
223300	0.35	0.61	0.61	0	0	0.35
223400	0.35	0.61	0.61	0	0	0.35
223500	0.35	0.61	0.61	0	0	0.35
223600	0.35	0.61	0.61	0	0	0.35
223700	0.35	0.61	0.61	0	0	0.35
223800	0.35	0.61	0.61	0	0	0.35
223900	0.35	0.61	0.61	0	0	0.35
224000	0.35	0.61	0.61	0	0	0.35
224100	0.35	0.61	0.61	0	0	0.35
224200	0.35	0.61	0.61	0	0	0.35
224300	0.35	0.61	0.61	0	0	0.35
224400	0.35	0.61	0.61	0	0	0.35
224500	0.35	0.61	0.61	0	0	0.35
224600	0.35	0.61	0.61	0	0	0.35
224700	0.35	0.61	0.61	0	0	0.35
224800	0.36	0.61	0.61	0	0	0.36
224900	0.36	0.61	0.61	0	0	0.36
225000	0.36	0.61	0.61	0	0	0.36
225100	0.36	0.61	0.61	0	0	0.36
225200	0.36	0.61	0.61	0	0	0.36
225300	0.36	0.61	0.61	0	0	0.36
225400	0.36	0.61	0.61	0	0	0.36
225500	0.36	0.61	0.61	0	0	0.36
225600	0.36	0.61	0.61	0	0	0.36
225700	0.36	0.61	0.61	0	0	0.36
225800	0.36	0.61	0.61	0	0	0.36
225900	0.36	0.61	0.61	0	0	0.36
226000	0.36	0.61	0.61	0	0	0.36
226100	0.36	0.61	0.61	0	0	0.36
226200	0.36	0.61	0.61	0	0	0.36
226300	0.36	0.61	0.61	0	0	0.36
226400	0.36	0.61	0.61	0	0	0.36
226500	0.36	0.61	0.61	0	0	0.36
226600	0.36	0.61	0.61	0	0	0.36
226700	0.36	0.61	0.61	0	0	0.36
226800	0.36	0.61	0.61	0	0	0.36
226900	0.36	0.61	0.61	0	0	0.36
227000	0.36	0.61	0.61	0	0	0.36
227100	0.36	0.61	0.61	0	0	0.36
227200	0.36	0.61	0.61	0	0	0.36
227300	0.36	0.61	0.61	0	0	0.36
227400	0.36	0.61	0.61	0	0	0.36
227500	0.36	0.61	0.61	0	0	0.36
227600	0.36	0.62	0.62	0	0	0.36
227700	0.36	0.62	0.62	0	0	0.36
227800	0.36	0.62	0.62	0	0	0.36
227900	0.36	0.62	0.62	0	0	0.36
228000	0.36	0.62	0.62	0	0	0.36
228100	0.36	0.62	0.62	0	0	0.36
228200	0.36	0.62	0.62	0	0	0.36
228300	0.36	0.62	0.62	0	0	0.36
228400	0.36	0.62	0.62	0	0	0.36
228500	0.36	0.62	0.62	0	0	0.36
228600	0.36	0.62	0.62	0	0	0.36
228700	0.36	0.62	0.62	0	0	0.36
228800	0.36	0.62	0.62	0	0	0.36
228900	0.36	0.62	0.62	0	0	0.36
229000	0.36	0.62	0.62	0	0	0.36
229100	0.36	0.62	0.62	0	0	0.36
229200	0.35	0.62	0.62	0	0	0.35
229300	0.35	0.62	0.62	0	0	0.35
229400	0.35	0.62	0.62	0	0	0.35
229500	0.35	0.62	0.62	0	0	0.35
229600	0.35	0.62	0.62	0	0	0.35
229700	0.35	0.62	0.62	0	0	0.35
229800	0.35	0.62	0.62	0	0	0.35
229900	0.35	0.62	0.62	0	0	0.35
230000	0.35	0.62	0.62	0	0	0.35
230100	0.35	0.62	0.62	0	0	0.35
230200	0.35	0.62	0.62	0	0	0.35
230300	0.35	0.62	0.62	0	0	0.35
230400	0.35	0.62	0.62	0	0	0.35
230500	0.35	0.62	0.62	0	0	0.35
230600	0.35	0.62	0.62	0	0	0.35
230700	0.35	0.62	0.62	0	0	0.35
230800	0.35	0.63	0.63	0	0	0.35
230900	0.35	0.62	0.62	0	0	0.35
231000	0.35	0.62	0.62	0	0	0.35
231100	0.35	0.62	0.62	0	0	0.35
231200	0.35	0.62	0.62	0	0	0.35
231300	0.35	0.62	0.62	0	0	0.35
231400	0.35	0.62	0.62	0	0	0.35
231500	0.35	0.62	0.62	0	0	0.35
231600	0.35	0.62	0.62	0	0	0.35
231700	0.35	0.62	0.62	0	0	0.35
231800	0.35	0.62	0.62	0	0	0.35
231900	0.35	0.62	0.62	0	0	0.35
232000	0.35	0.62	0.62	0	0	0.35
232100	0.35	0.62	0.62	0	0	0.35
232200	0.35	0.62	0.62	0	0	0.35
232300	0.35	0.62	0.62	0	0	0.35
232400	0.35	0.62	0.62	0	0	0.35
232500	0.35	0.62	0.62	0	0	0.35
232600	0.35	0.62	0.62	0	0	0.35
232700	0.35	0.62	0.62	0	0	0.35
232800	0.35	0.62	0.62	0	0	0.35
232900	0.35	0.62	0.62	0	0	0.35
233000	0.35	0.62	0.62	0	0	0.35
233100	0.35	0.62	0.62	0	0	0.35
233200	0.35	0.62	0.62	0	0	0.35
233300	0.35	0.62	0.62	0	0	0.35
233400	0.35	0.62	0.62	0	0	0.35
233500	0.35	0.62	0.62	0	0	0.35
233600	0.35	0.62	0.62	0	0	0.35
233700	0.35	0.62	0.62	0	0	0.35
233800	0.35	0.62	0.62	0	0	0.35
233900	0.35	0.62	0.62	0	0	0.35
234000	0.35	0.62	0.62	0	0	0.35
234100	0.35	0.62	0.62	0	0	0.35
234200	0.35	0.62	0.62	0	0	0.35
234300	0.35	0.62	0.62	0	0	0.35
234400	0.35	0.62	0.62	0	0	0.35
234500	0.35	0.62	0.62	0	0	0.35
234600	0.35	0.62	0.62	0	0	0.35
234700	0.35	0.62	0.62	0	0	0.35
234800	0.35	0.62	0.62	0	0	0.35
234900	0.35	0.62	0.62	0	0	0.35
235000	0.35	0.62	0.62	0	0	0.35
235100	0.35	0.62	0.62	0	0	0.35
235200	0.35	0.62	0.62	0	0	0.35
235300	0.35	0.62	0.62	0	0	0.35
235400	0.35	0.62	0.62	0	0	0.35
235500	0.35	0.62	0.62	0	0	0.35
235600	0.35	0.62	0.62	0	0	0.35
235700	0.35	0.62	0.62	0	0	0.35
235800	0.35	0.62	0.62	0	0	0.35
235900	0.35	0.62	0.62	0	0	0.35
236000	0.35	0.62	0.62	0	0	0.35
236100	0.35	0.62	0.62	0	0	0.35
236200	0.35	0.62	0.62	0	0	0.35
236300	0.35	0.62	0.62	0	0	0.35
236400	0.35	0.62	0.62	0	0	0.35
236500	0.35	0.62	0.62	0	0	0.35
236600	0.35	0.62	0.62	0	0	0.35
236700	0.35	0.62	0.62	0	0	0.35
236800	0.35	0.62	0.62	0	0	0.35
236900	0.35	0.62	0.62	0	0	0.35
237000	0.35	0.62	0.62	0	0	0.35
237100	0.35	0.62	0.62	0	0	0.35
237200	0.35	0.62	0.62	0	0	0.35
237300	0.35	0.62	0.62	0	0	0.35
237400	0.35	0.62	0.62	0	0	0.35
237500	0.35	0.62	0.62	0	0	0.35
237600	0.35	0.62	0.62	0	0	0.35
237700	0.35	0.62	0.62	0	0	0.35
237800	0.35	0.62	0.62	0	0	0.35
237900	0.35	0.62	0.62	0	0	0.35
238000	0.36	0.62	0.62	0	0	0.36
238100	0.36	0.62	0.62	0	0	0.36
238200	0.36	0.62	0.62	0	0	0.36
238300	0.36	0.62	0.62	0	0	0.36
238400	0.36	0.62	0.62	0	0	0.36
238500	0.36	0.62	0.62	0	0	0.36
238600	0.36	0.62	0.62	0	0	0.36
238700	0.36	0.62	0.62	0	0	0.36
238800	0.36	0.62	0.62	0	0	0.36
238900	0.36	0.62	0.62	0	0	0.36
239000	0.36	0.62	0.62	0	0	0.36
239100	0.36	0.62	0.62	0	0	0.36
239200	0.36	0.62	0.62	0	0	0.36
239300	0.36	0.62	0.62	0	0	0.36
239400	0.36	0.62	0.62	0	0	0.36
239500	0.36	0.62	0.62	0	0	0.36
239600	0.36	0.62	0.62	0	0	0.36
239700	0.36	0.62	0.62	0	0	0.36
239800	0.36	0.62	0.62	0	0	0.36
239900	0.36	0.62	0.62	0	0	0.36
240000	0.36	0.62	0.62	0	0	0.36
240100	0.36	0.62	0.62	0	0	0.36
240200	0.36	0.62	0.62	0	0	0.36
240300	0.36	0.62	0.62	0	0	0.36
240400	0.36	0.62	0.62	0	0	0.36
240500	0.36	0.62	0.62	0	0	0.36
240600	0.36	0.62	0.62	0	0	0.36
240700	0.36	0.62	0.62	0	0	0.36
240800	0.36	0.62	0.62	0	0	0.36
240900	0.36	0.62	0.62	0	0	0.36
241000	0.36	0.62	0.62	0	0	0.36
241100	0.36	0.62	0.62	0	0	0.36
241200	0.36	0.62	0.62	0	0	0.36
241300	0.36	0.62	0.62	0	0	0.36
241400	0.36	0.62	0.62	0	0	0.36
241500	0.36	0.62	0.62	0	0	0.36
241600	0.36	0.62	0.62	0	0	0.36
241700	0.36	0.62	0.62	0	0	0.36
241800	0.36	0.62	0.62	0	0	0.36
241900	0.36	0.62	0.62	0	0	0.36
242000	0.36	0.62	0.62	0	0	0.36
242100	0.36	0.62	0.62	0	0	0.36
242200	0.36	0.62	0.62	0	0	0.36
242300	0.36	0.62	0.62	0	0	0.36
242400	0.36	0.62	0.62	0	0	0.36
242500	0.36	0.62	0.62	0	0	0.36
242600	0.36	0.62	0.62	0	0	0.36
242700	0.36	0.62	0.62	0	0	0.36
242800	0.36	0.62	0.62	0	0	0.36
242900	0.36	0.62	0.62	0	0	0.36
243000	0.36	0.62	0.62	0	0	0.36
243100	0.36	0.62	0.62	0	0	0.36
243200	0.36	0.62	0.62	0	0	0.36
243300	0.36	0.62	0.62	0	0	0.36
243400	0.36	0.62	0.62	0	0	0.36
243500	0.36	0.62	0.62	0	0	0.36
243600	0.36	0.62	0.62	0	0	0.36
243700	0.36	0.62	0.62	0	0	0.36
243800	0.36	0.62	0.62	0	0	0.36
243900	0.36	0.62	0.62	0	0	0.36
244000	0.36	0.62	0.62	0	0	0.36
244100	0.36	0.62	0.62	0	0	0.36
244200	0.36	0.62	0.62	0	0	0.36
244300	0.36	0.62	0.62	0	0	0.36
244400	0.36	0.62	0.62	0	0	0.36
244500	0.36	0.62	0.62	0	0	0.36
244600	0.36	0.62	0.62	0	0	0.36
244700	0.36	0.62	0.62	0	0	0.36
244800	0.36	0.62	0.62	0	0	0.36
244900	0.36	0.62	0.62	0	0	0.36
245000	0.36	0.62	0.62	0	0	0.36
245100	0.36	0.62	0.62	0	0	0.36
245200	0.36	0.62	0.62	0	0	0.36
245300	0.36	0.62	0.62	0	0	0.36
245400	0.36	0.62	0.62	0	0	0.36
245500	0.36	0.62	0.62	0	0	0.36
245600	0.36	0.62	0.62	0	0	0.36
245700	0.36	0.62	0.62	0	0	0.36
245800	0.36	0.62	0.62	0	0	0.36
245900	0.36	0.62	0.62	0	0	0.36
246000	0.36	0.62	0.62	0	0	0.36
246100	0.36	0.62	0.62	0	0	0.36
246200	0.36	0.62	0.62	0	0	0.36
246300	0.36	0.62	0.62	0	0	0.36
246400	0.36	0.62	0.62	0	0	0.36
246500	0.36	0.62	0.62	0	0	0.36
246600	0.36	0.62	0.62	0	0	0.36
246700	0.36	0.62	0.62	0	0	0.36
246800	0.36	0.62	0.62	0	0	0.36
246900	0.36	0.62	0.62	0	0	0.36
247000	0.36	0.62	0.62	0	0	0.36
247100	0.36	0.62	0.62	0	0	0.36
247200	0.36	0.62	0.62	0	0	0.36
247300	0.36	0.62	0.62	0	0	0.36
247400	0.36	0.62	0.62	0	0	0.36
247500	0.36	0.62	0.62	0	0	0.36
247600	0.36	0.62	0.62	0	0	0.36
247700	0.36	0.62	0.62	0	0	0.36
247800	0.36	0.62	0.62	0	0	0.36
247900	0.36	0.62	0.62	0	0	0.36
248000	0.36	0.62	0.62	0	0	0.36
248100	0.36	0.62	0.62	0	0	0.36
248200	0.36	0.62	0.62	0	0	0.36
248300	0.36	0.62	0.62	0	0	0.36
248400	0.36	0.62	0.62	0	0	0.36
248500	0.36	0.62	0.62	0	0	0.36
248600	0.36	0.62	0.62	0	0	0.36
248700	0.36	0.62	0.62	0	0	0.36
248800	0.36	0.62	0.62	0	0	0.36
248900	0.36	0.62	0.62	0	0	0.36
249000	0.36	0.62	0.62	0	0	0.36
249100	0.36	0.62	0.62	0	0	0.36
249200	0.36	0.62	0.62	0	0	0.36
249300	0.36	0.62	0.62	0	0	0.36
249400	0.36	0.62	0.62	0	0	0.36
249500	0.36	0.62	0.62	0	0	0.36
249600	0.36	0.62	0.62	0	0	0.36
249700	0.36	0.62	0.62	0	0	0.36
249800	0.36	0.62	0.62	0	0	0.36
249900	0.36	0.62	0.62	0	0	0.36
250000	0.36	0.62	0.62	0	0	0.36
250100	0.36	0.62	0.62	0	0	0.36
250200	0.36	0.62	0.62	0	0	0.36
250300	0.36	0.62	0.62	0	0	0.36
250400	0.36	0.62	0.62	0	0	0.36
250500	0.36	0.62	0.62	0	0	0.36
250600	0.36	0.62	0.62	0	0	0.36
250700	0.36	0.62	0.62	0	0	0.36
250800	0.36	0.62	0.62	0	0	0.36
250900	0.36	0.62	0.62	0	0	0.36
251000	0.36	0.62	0.62	0	0	0.36
251100	0.36	0.62	0.62	0	0	0.36
251200	0.36	0.62	0.62	0	0	0.36
251300	0.36	0.62	0.62	0	0	0.36
251400	0.36	0.62	0.62	0	0	0.36
251500	0.36	0.62	0.62	0	0	0.36
251600	0.36	0.62	0.62	0	0	0.36
251700	0.36	0.62	0.62	0	0	0.36
251800	0.36	0.62	0.62	0	0	0.36
251900	0.36	0.62	0.62	0	0	0.36
252000	0.36	0.62	0.62	0	0	0.36
252100	0.36	0.62	0.62	0	0	0.36
252200	0.36	0.62	0.62	0	0	0.36
252300	0.36	0.62	0.62	0	0	0.36
252400	0.36	0.62	0.62	0	0	0.36
252500	0.36	0.62	0.62	0	0	0.36
252600	0.36	0.62	0.62	0	0	0.36
252700	0.36	0.62	0.62	0	0	0.36
252800	0.36	0.62	0.62	0	0	0.36
252900	0.36	0.62	0.62	0	0	0.36
253000	0.36	0.62	0.62	0	0	0.36
253100	0.36	0.62	0.62	0	0	0.36
253200	0.36	0.62	0.62	0	0	0.36
253300	0.36	0.62	0.62	0	0	0.36
253400	0.36	0.63	0.63	0	0	0.36
253500	0.36	0.62	0.62	0	0	0.36
253600	0.36	0.62	0.62	0	0	0.36
253700	0.36	0.62	0.62	0	0	0.36
253800	0.36	0.62	0.62	0	0	0.36
253900	0.36	0.62	0.62	0	0	0.36
254000	0.36	0.62	0.62	0	0	0.36
254100	0.36	0.62	0.62	0	0	0.36
254200	0.36	0.62	0.62	0	0	0.36
254300	0.36	0.62	0.62	0	0	0.36
254400	0.36	0.62	0.62	0	0	0.36
254500	0.36	0.62	0.62	0	0	0.36
254600	0.36	0.62	0.62	0	0	0.36
254700	0.36	0.62	0.62	0	0	0.36
254800	0.36	0.62	0.62	0	0	0.36
254900	0.36	0.62	0.62	0	0	0.36
255000	0.36	0.62	0.62	0	0	0.36
255100	0.36	0.62	0.62	0	0	0.36
255200	0.36	0.62	0.62	0	0	0.36
255300	0.36	0.62	0.62	0	0	0.36
255400	0.36	0.62	0.62	0	0	0.36
255500	0.36	0.63	0.63	0	0	0.36
255600	0.36	0.63	0.63	0	0	0.36
255700	0.36	0.63	0.63	0	0	0.36
255800	0.36	0.63	0.63	0	0	0.36
255900	0.36	0.63	0.63	0	0	0.36
256000	0.36	0.63	0.63	0	0	0.36
256100	0.36	0.63	0.63	0	0	0.36
256200	0.36	0.63	0.63	0	0	0.36
256300	0.36	0.63	0.63	0	0	0.36
256400	0.36	0.63	0.63	0	0	0.36
256500	0.36	0.63	0.63	0	0	0.36
256600	0.36	0.63	0.63	0	0	0.36
256700	0.36	0.63	0.63	0	0	0.36
256800	0.36	0.63	0.63	0	0	0.36
256900	0.36	0.63	0.63	0	0	0.36
257000	0.36	0.63	0.63	0	0	0.36
257100	0.36	0.63	0.63	0	0	0.36
257200	0.36	0.63	0.63	0	0	0.36
257300	0.36	0.63	0.63	0	0	0.36
257400	0.36	0.63	0.63	0	0	0.36
257500	0.36	0.63	0.63	0	0	0.36
257600	0.36	0.63	0.63	0	0	0.36
257700	0.36	0.62	0.62	0	0	0.36
257800	0.36	0.62	0.62	0	0	0.36
257900	0.36	0.62	0.62	0	0	0.36
258000	0.36	0.62	0.62	0	0	0.36
258100	0.36	0.61	0.61	0	0	0.36
258200	0.36	0.61	0.61	0	0	0.36
258300	0.36	0.61	0.61	0	0	0.36
258400	0.36	0.61	0.61	0	0	0.36
258500	0.36	0.61	0.61	0	0	0.36
258600	0.36	0.61	0.61	0	0	0.36
258700	0.36	0.61	0.61	0	0	0.36
258800	0.36	0.61	0.61	0	0	0.36
258900	0.36	0.61	0.61	0	0	0.36
259000	0.36	0.61	0.61	0	0	0.36
259100	0.36	0.62	0.62	0	0	0.36
259200	0.36	0.62	0.62	0	0	0.36
259300	0.36	0.62	0.62	0	0	0.36
259400	0.36	0.62	0.62	0	0	0.36
259500	0.36	0.62	0.62	0	0	0.36
259600	0.36	0.62	0.62	0	0	0.36
259700	0.36	0.62	0.62	0	0	0.36
259800	0.36	0.62	0.62	0	0	0.36
259900	0.36	0.62	0.62	0	0	0.36
260000	0.36	0.62	0.62	0	0	0.36
260100	0.36	0.62	0.62	0	0	0.36
260200	0.36	0.61	0.61	0	0	0.36
260300	0.36	0.61	0.61	0	0	0.36
260400	0.36	0.61	0.61	0	0	0.36
260500	0.36	0.61	0.61	0	0	0.36
260600	0.36	0.61	0.61	0	0	0.36
260700	0.36	0.61	0.61	0	0	0.36
260800	0.36	0.61	0.61	0	0	0.36
260900	0.36	0.61	0.61	0	0	0.36
261000	0.36	0.61	0.61	0	0	0.36
261100	0.36	0.61	0.61	0	0	0.36
261200	0.36	0.61	0.61	0	0	0.36
261300	0.36	0.61	0.61	0	0	0.36
261400	0.36	0.61	0.61	0	0	0.36
261500	0.36	0.61	0.61	0	0	0.36
261600	0.36	0.61	0.61	0	0	0.36
261700	0.36	0.61	0.61	0	0	0.36
261800	0.36	0.61	0.61	0	0	0.36
261900	0.36	0.61	0.61	0	0	0.36
262000	0.36	0.61	0.61	0	0	0.36
262100	0.36	0.61	0.61	0	0	0.36
262200	0.36	0.61	0.61	0	0	0.36
262300	0.36	0.61	0.61	0	0	0.36
262400	0.36	0.61	0.61	0	0	0.36
262500	0.36	0.61	0.61	0	0	0.36
262600	0.36	0.61	0.61	0	0	0.36
262700	0.35	0.61	0.61	0	0	0.35
262800	0.35	0.61	0.61	0	0	0.35
262900	0.35	0.61	0.61	0	0	0.35
263000	0.35	0.61	0.61	0	0	0.35
263100	0.35	0.61	0.61	0	0	0.35
263200	0.35	0.61	0.61	0	0	0.35
263300	0.35	0.61	0.61	0	0	0.35
263400	0.35	0.61	0.61	0	0	0.35
263500	0.35	0.61	0.61	0	0	0.35
263600	0.35	0.61	0.61	0	0	0.35
263700	0.35	0.61	0.61	0	0	0.35
263800	0.36	0.61	0.61	0	0	0.36
263900	0.36	0.61	0.61	0	0	0.36
264000	0.36	0.61	0.61	0	0	0.36
264100	0.36	0.61	0.61	0	0	0.36
264200	0.36	0.61	0.61	0	0	0.36
264300	0.36	0.61	0.61	0	0	0.36
264400	0.36	0.61	0.61	0	0	0.36
264500	0.36	0.61	0.61	0	0	0.36
264600	0.36	0.61	0.61	0	0	0.36
264700	0.36	0.61	0.61	0	0	0.36
264800	0.36	0.61	0.61	0	0	0.36
264900	0.36	0.61	0.61	0	0	0.36
265000	0.36	0.61	0.61	0	0	0.36
265100	0.36	0.61	0.61	0	0	0.36
265200	0.36	0.61	0.61	0	0	0.36
265300	0.36	0.61	0.61	0	0	0.36
265400	0.36	0.61	0.61	0	0	0.36
265500	0.36	0.61	0.61	0	0	0.36
265600	0.35	0.61	0.61	0	0	0.35
265700	0.35	0.61	0.61	0	0	0.35
265800	0.35	0.61	0.61	0	0	0.35
265900	0.35	0.61	0.61	0	0	0.35
266000	0.35	0.61	0.61	0	0	0.35
266100	0.35	0.61	0.61	0	0	0.35
266200	0.35	0.61	0.61	0	0	0.35
266300	0.35	0.62	0.62	0	0	0.35
266400	0.35	0.61	0.61	0	0	0.35
266500	0.35	0.61	0.61	0	0	0.35
266600	0.35	0.61	0.61	0	0	0.35
266700	0.35	0.61	0.61	0	0	0.35
266800	0.35	0.61	0.61	0	0	0.35
266900	0.35	0.61	0.61	0	0	0.35
267000	0.35	0.61	0.61	0	0	0.35
267100	0.35	0.61	0.61	0	0	0.35
267200	0.36	0.61	0.61	0	0	0.36
267300	0.36	0.61	0.61	0	0	0.36
267400	0.35	0.61	0.61	0	0	0.35
267500	0.35	0.61	0.61	0	0	0.35
267600	0.35	0.61	0.61	0	0	0.35
267700	0.35	0.61	0.61	0	0	0.35
267800	0.35	0.61	0.61	0	0	0.35
267900	0.35	0.61	0.61	0	0	0.35
268000	0.35	0.61	0.61	0	0	0.35
268100	0.35	0.61	0.61	0	0	0.35
268200	0.35	0.61	0.61	0	0	0.35
268300	0.35	0.61	0.61	0	0	0.35
268400	0.35	0.61	0.61	0	0	0.35
268500	0.35	0.62	0.62	0	0	0.35
268600	0.35	0.62	0.62	0	0	0.35
268700	0.35	0.62	0.62	0	0	0.35
268800	0.35	0.62	0.62	0	0	0.35
268900	0.35	0.62	0.62	0	0	0.35
269000	0.35	0.62	0.62	0	0	0.35
269100	0.35	0.62	0.62	0	0	0.35
269200	0.35	0.62	0.62	0	0	0.35
269300	0.35	0.62	0.62	0	0	0.35
269400	0.35	0.62	0.62	0	0	0.35
269500	0.35	0.62	0.62	0	0	0.35
269600	0.35	0.62	0.62	0	0	0.35
269700	0.35	0.62	0.62	0	0	0.35
269800	0.35	0.62	0.62	0	0	0.35
269900	0.35	0.62	0.62	0	0	0.35
270000	0.35	0.62	0.62	0	0	0.35
270100	0.35	0.62	0.62	0	0	0.35
270200	0.35	0.62	0.62	0	0	0.35
270300	0.36	0.62	0.62	0	0	0.36
270400	0.36	0.62	0.62	0	0	0.36
270500	0.36	0.62	0.62	0	0	0.36
270600	0.36	0.62	0.62	0	0	0.36
270700	0.36	0.62	0.62	0	0	0.36
270800	0.36	0.62	0.62	0	0	0.36
270900	0.36	0.62	0.62	0	0	0.36
271000	0.36	0.62	0.62	0	0	0.36
271100	0.37	0.62	0.62	0	0	0.37
271200	0.37	0.62	0.62	0	0	0.37
271300	0.37	0.62	0.62	0	0	0.37
271400	0.37	0.62	0.62	0	0	0.37
271500	0.37	0.62	0.62	0	0	0.37
271600	0.37	0.62	0.62	0	0	0.37
271700	0.37	0.62	0.62	0	0	0.37
271800	0.37	0.62	0.62	0	0	0.37
271900	0.37	0.62	0.62	0	0	0.37
272000	0.37	0.62	0.62	0	0	0.37
272100	0.37	0.62	0.62	0	0	0.37
272200	0.37	0.62	0.62	0	0	0.37
272300	0.37	0.62	0.62	0	0	0.37
272400	0.37	0.62	0.62	0	0	0.37
272500	0.37	0.62	0.62	0	0	0.37
272600	0.37	0.62	0.62	0	0	0.37
272700	0.37	0.62	0.62	0	0	0.37
272800	0.37	0.62	0.62	0	0	0.37
272900	0.37	0.62	0.62	0	0	0.37
273000	0.37	0.62	0.62	0	0	0.37
273100	0.37	0.62	0.62	0	0	0.37
273200	0.37	0.62	0.62	0	0	0.37
273300	0.37	0.62	0.62	0	0	0.37
273400	0.37	0.62	0.62	0	0	0.37
273500	0.37	0.62	0.62	0	0	0.37
273600	0.37	0.62	0.62	0	0	0.37
273700	0.37	0.62	0.62	0	0	0.37
273800	0.37	0.62	0.62	0	0	0.37
273900	0.37	0.62	0.62	0	0	0.37
274000	0.37	0.62	0.62	0	0	0.37
274100	0.37	0.62	0.62	0	0	0.37
274200	0.37	0.62	0.62	0	0	0.37
274300	0.37	0.62	0.62	0	0	0.37
274400	0.37	0.62	0.62	0	0	0.37
274500	0.37	0.62	0.62	0	0	0.37
274600	0.37	0.62	0.62	0	0	0.37
274700	0.37	0.62	0.62	0	0	0.37
274800	0.36	0.62	0.62	0	0	0.36
274900	0.36	0.62	0.62	0	0	0.36
275000	0.36	0.62	0.62	0	0	0.36
275100	0.36	0.62	0.62	0	0	0.36
275200	0.36	0.62	0.62	0	0	0.36
275300	0.36	0.62	0.62	0	0	0.36
275400	0.36	0.62	0.62	0	0	0.36
275500	0.36	0.62	0.62	0	0	0.36
275600	0.36	0.62	0.62	0	0	0.36
275700	0.36	0.62	0.62	0	0	0.36
275800	0.36	0.62	0.62	0	0	0.36
275900	0.36	0.62	0.62	0	0	0.36
276000	0.36	0.62	0.62	0	0	0.36
276100	0.36	0.62	0.62	0	0	0.36
276200	0.36	0.62	0.62	0	0	0.36
276300	0.36	0.62	0.62	0	0	0.36
276400	0.36	0.62	0.62	0	0	0.36
276500	0.36	0.62	0.62	0	0	0.36
276600	0.36	0.62	0.62	0	0	0.36
276700	0.36	0.62	0.62	0	0	0.36
276800	0.36	0.62	0.62	0	0	0.36
276900	0.36	0.62	0.62	0	0	0.36
277000	0.36	0.62	0.62	0	0	0.36
277100	0.36	0.62	0.62	0	0	0.36
277200	0.36	0.62	0.62	0	0	0.36
277300	0.36	0.62	0.62	0	0	0.36
277400	0.36	0.62	0.62	0	0	0.36
277500	0.36	0.62	0.62	0	0	0.36
277600	0.36	0.62	0.62	0	0	0.36
277700	0.36	0.62	0.62	0	0	0.36
277800	0.36	0.62	0.62	0	0	0.36
277900	0.36	0.62	0.62	0	0	0.36
278000	0.36	0.62	0.62	0	0	0.36
278100	0.36	0.62	0.62	0	0	0.36
278200	0.36	0.62	0.62	0	0	0.36
278300	0.36	0.62	0.62	0	0	0.36
278400	0.36	0.62	0.62	0	0	0.36
278500	0.36	0.62	0.62	0	0	0.36
278600	0.36	0.62	0.62	0	0	0.36
278700	0.36	0.62	0.62	0	0	0.36
278800	0.36	0.62	0.62	0	0	0.36
278900	0.36	0.62	0.62	0	0	0.36
279000	0.36	0.62	0.62	0	0	0.36
279100	0.36	0.62	0.62	0	0	0.36
279200	0.36	0.62	0.62	0	0	0.36
279300	0.36	0.62	0.62	0	0	0.36
279400	0.36	0.62	0.62	0	0	0.36
279500	0.36	0.62	0.62	0	0	0.36
279600	0.36	0.62	0.62	0	0	0.36
279700	0.36	0.62	0.62	0	0	0.36
279800	0.36	0.62	0.62	0	0	0.36
279900	0.36	0.62	0.62	0	0	0.36
280000	0.36	0.62	0.62	0	0	0.36
280100	0.36	0.62	0.62	0	0	0.36
280200	0.36	0.62	0.62	0	0	0.36
280300	0.36	0.62	0.62	0	0	0.36
280400	0.36	0.62	0.62	0	0	0.36
280500	0.36	0.62	0.62	0	0	0.36
280600	0.36	0.62	0.62	0	0	0.36
280700	0.36	0.62	0.62	0	0	0.36
280800	0.36	0.62	0.62	0	0	0.36
280900	0.36	0.62	0.62	0	0	0.36
281000	0.36	0.62	0.62	0	0	0.36
281100	0.36	0.62	0.62	0	0	0.36
281200	0.36	0.62	0.62	0	0	0.36
281300	0.36	0.62	0.62	0	0	0.36
281400	0.36	0.62	0.62	0	0	0.36
281500	0.36	0.62	0.62	0	0	0.36
281600	0.36	0.62	0.62	0	0	0.36
281700	0.36	0.62	0.62	0	0	0.36
281800	0.36	0.62	0.62	0	0	0.36
281900	0.36	0.62	0.62	0	0	0.36
282000	0.36	0.62	0.62	0	0	0.36
282100	0.36	0.62	0.62	0	0	0.36
282200	0.36	0.62	0.62	0	0	0.36
282300	0.36	0.62	0.62	0	0	0.36
282400	0.36	0.62	0.62	0	0	0.36
282500	0.36	0.62	0.62	0	0	0.36
282600	0.36	0.62	0.62	0	0	0.36
282700	0.36	0.62	0.62	0	0	0.36
282800	0.36	0.62	0.62	0	0	0.36
282900	0.36	0.62	0.62	0	0	0.36
283000	0.36	0.62	0.62	0	0	0.36
283100	0.36	0.62	0.62	0	0	0.36
283200	0.36	0.62	0.62	0	0	0.36
283300	0.36	0.62	0.62	0	0	0.36
283400	0.36	0.62	0.62	0	0	0.36
283500	0.36	0.62	0.62	0	0	0.36
283600	0.36	0.62	0.62	0	0	0.36
283700	0.36	0.62	0.62	0	0	0.36
283800	0.36	0.62	0.62	0	0	0.36
283900	0.36	0.62	0.62	0	0	0.36
284000	0.36	0.62	0.62	0	0	0.36
284100	0.36	0.62	0.62	0	0	0.36
284200	0.36	0.62	0.62	0	0	0.36
284300	0.36	0.62	0.62	0	0	0.36
284400	0.36	0.62	0.62	0	0	0.36
284500	0.36	0.62	0.62	0	0	0.36
284600	0.36	0.62	0.62	0	0	0.36
284700	0.36	0.62	0.62	0	0	0.36
284800	0.36	0.61	0.61	0	0	0.36
284900	0.36	0.61	0.61	0	0	0.36
285000	0.36	0.61	0.61	0	0	0.36
285100	0.36	0.61	0.61	0	0	0.36
285200	0.36	0.61	0.61	0	0	0.36
285300	0.36	0.61	0.61	0	0	0.36
285400	0.36	0.61	0.61	0	0	0.36
285500	0.36	0.61	0.61	0	0	0.36
285600	0.36	0.61	0.61	0	0	0.36
285700	0.36	0.61	0.61	0	0	0.36
285800	0.36	0.61	0.61	0	0	0.36
285900	0.36	0.61	0.61	0	0	0.36
286000	0.36	0.61	0.61	0	0	0.36
286100	0.36	0.61	0.61	0	0	0.36
286200	0.36	0.61	0.61	0	0	0.36
286300	0.36	0.61	0.61	0	0	0.36
286400	0.36	0.61	0.61	0	0	0.36
286500	0.36	0.61	0.61	0	0	0.36
286600	0.36	0.61	0.61	0	0	0.36
286700	0.36	0.61	0.61	0	0	0.36
286800	0.36	0.61	0.61	0	0	0.36
286900	0.36	0.61	0.61	0	0	0.36
287000	0.36	0.61	0.61	0	0	0.36
287100	0.36	0.61	0.61	0	0	0.36
287200	0.36	0.61	0.61	0	0	0.36
287300	0.36	0.61	0.61	0	0	0.36
287400	0.36	0.61	0.61	0	0	0.36
287500	0.36	0.61	0.61	0	0	0.36
287600	0.36	0.61	0.61	0	0	0.36
287700	0.36	0.61	0.61	0	0	0.36
287800	0.36	0.61	0.61	0	0	0.36
287900	0.36	0.61	0.61	0	0	0.36
288000	0.36	0.61	0.61	0	0	0.36
288100	0.36	0.61	0.61	0	0	0.36
288200	0.36	0.61	0.61	0	0	0.36
288300	0.36	0.61	0.61	0	0	0.36
288400	0.36	0.61	0.61	0	0	0.36
288500	0.36	0.61	0.61	0	0	0.36
288600	0.36	0.61	0.61	0	0	0.36
288700	0.36	0.61	0.61	0	0	0.36
288800	0.36	0.61	0.61	0	0	0.36
288900	0.36	0.61	0.61	0	0	0.36
289000	0.36	0.61	0.61	0	0	0.36
289100	0.36	0.61	0.61	0	0	0.36
289200	0.36	0.61	0.61	0	0	0.36
289300	0.36	0.61	0.61	0	0	0.36
289400	0.36	0.61	0.61	0	0	0.36
289500	0.36	0.61	0.61	0	0	0.36
289600	0.36	0.61	0.61	0	0	0.36
289700	0.36	0.61	0.61	0	0	0.36
289800	0.36	0.61	0.61	0	0	0.36
289900	0.36	0.61	0.61	0	0	0.36
290000	0.36	0.61	0.61	0	0	0.36
290100	0.36	0.61	0.61	0	0	0.36
290200	0.36	0.61	0.61	0	0	0.36
290300	0.36	0.61	0.61	0	0	0.36
290400	0.36	0.61	0.61	0	0	0.36
290500	0.36	0.61	0.61	0	0	0.36
290600	0.36	0.61	0.61	0	0	0.36
290700	0.36	0.61	0.61	0	0	0.36
290800	0.36	0.61	0.61	0	0	0.36
290900	0.36	0.61	0.61	0	0	0.36
291000	0.36	0.61	0.61	0	0	0.36
291100	0.36	0.61	0.61	0	0	0.36
291200	0.36	0.61	0.61	0	0	0.36
291300	0.36	0.61	0.61	0	0	0.36
291400	0.36	0.61	0.61	0	0	0.36
291500	0.36	0.61	0.61	0	0	0.36
291600	0.37	0.61	0.61	0	0	0.37
291700	0.37	0.61	0.61	0	0	0.37
291800	0.37	0.61	0.61	0	0	0.37
291900	0.37	0.61	0.61	0	0	0.37
292000	0.37	0.61	0.61	0	0	0.37
292100	0.37	0.61	0.61	0	0	0.37
292200	0.37	0.61	0.61	0	0	0.37
292300	0.37	0.61	0.61	0	0	0.37
292400	0.37	0.61	0.61	0	0	0.37
292500	0.38	0.61	0.61	0	0	0.38
292600	0.38	0.61	0.61	0	0	0.38
292700	0.38	0.61	0.61	0	0	0.38
292800	0.38	0.61	0.61	0	0	0.38
292900	0.38	0.61	0.61	0	0	0.38
293000	0.38	0.61	0.61	0	0	0.38
293100	0.38	0.61	0.61	0	0	0.38
293200	0.38	0.61	0.61	0	0	0.38
293300	0.38	0.61	0.61	0	0	0.38
293400	0.38	0.61	0.61	0	0	0.38
293500	0.38	0.61	0.61	0	0	0.38
293600	0.38	0.61	0.61	0	0	0.38
293700	0.38	0.61	0.61	0	0	0.38
293800	0.38	0.61	0.61	0	0	0.38
293900	0.38	0.61	0.61	0	0	0.38
294000	0.38	0.61	0.61	0	0	0.38
294100	0.38	0.61	0.61	0	0	0.38
294200	0.38	0.61	0.61	0	0	0.38
294300	0.38	0.61	0.61	0	0	0.38
294400	0.38	0.61	0.61	0	0	0.38
294500	0.38	0.61	0.61	0	0	0.38
294600	0.38	0.61	0.61	0	0	0.38
294700	0.38	0.61	0.61	0	0	0.38
294800	0.38	0.61	0.61	0	0	0.38
294900	0.38	0.61	0.61	0	0	0.38
295000	0.38	0.61	0.61	0	0	0.38
295100	0.38	0.61	0.61	0	0	0.38
295200	0.38	0.61	0.61	0	0	0.38
295300	0.38	0.61	0.61	0	0	0.38
295400	0.38	0.61	0.61	0	0	0.38
295500	0.38	0.61	0.61	0	0	0.38
295600	0.38	0.61	0.61	0	0	0.38
295700	0.38	0.61	0.61	0	0	0.38
295800	0.38	0.61	0.61	0	0	0.38
295900	0.38	0.61	0.61	0	0	0.38
296000	0.38	0.61	0.61	0	0	0.38
296100	0.38	0.61	0.61	0	0	0.38
296200	0.38	0.61	0.61	0	0	0.38
296300	0.38	0.61	0.61	0	0	0.38
296400	0.38	0.61	0.61	0	0	0.38
296500	0.38	0.61	0.61	0	0	0.38
296600	0.38	0.61	0.61	0	0	0.38
296700	0.37	0.61	0.61	0	0	0.37
296800	0.37	0.61	0.61	0	0	0.37
296900	0.37	0.61	0.61	0	0	0.37
297000	0.37	0.61	0.61	0	0	0.37
297100	0.37	0.61	0.61	0	0	0.37
297200	0.37	0.61	0.61	0	0	0.37
297300	0.37	0.61	0.61	0	0	0.37
297400	0.37	0.61	0.61	0	0	0.37
297500	0.37	0.61	0.61	0	0	0.37
297600	0.37	0.61	0.61	0	0	0.37
297700	0.37	0.61	0.61	0	0	0.37
297800	0.37	0.61	0.61	0	0	0.37
297900	0.37	0.61	0.61	0	0	0.37
298000	0.37	0.61	0.61	0	0	0.37
298100	0.37	0.61	0.61	0	0	0.37
298200	0.37	0.61	0.61	0	0	0.37
298300	0.37	0.61	0.61	0	0	0.37
298400	0.37	0.61	0.61	0	0	0.37
298500	0.37	0.61	0.61	0	0	0.37
298600	0.37	0.61	0.61	0	0	0.37
298700	0.37	0.61	0.61	0	0	0.37
298800	0.37	0.61	0.61	0	0	0.37
298900	0.37	0.61	0.61	0	0	0.37
299000	0.37	0.61	0.61	0	0	0.37
299100	0.37	0.61	0.61	0	0	0.37
299200	0.37	0.61	0.61	0	0	0.37
299300	0.37	0.61	0.61	0	0	0.37
299400	0.37	0.61	0.61	0	0	0.37
299500	0.37	0.61	0.61	0	0	0.37
299600	0.37	0.61	0.61	0	0	0.37
299700	0.37	0.61	0.61	0	0	0.37
299800	0.37	0.61	0.61	0	0	0.37
299900	0.37	0.61	0.61	0	0	0.37
300000	0.37	0.61	0.61	0	0	0.37
