100	0.08	0.07	0.07	0	0	0.08
200	0.09	0.07	0.07	0	0	0.09
300	0.1	0.08	0.08	0	0	0.1
400	0.1	0.09	0.09	0	0	0.1
500	0.09	0.09	0.09	0	0	0.09
600	0.08	0.07	0.07	0	0	0.08
700	0.08	0.07	0.07	0	0	0.08
800	0.08	0.07	0.07	0	0	0.08
900	0.09	0.05	0.05	0	0	0.09
1000	0.07	0.06	0.06	0	0	0.07
1100	0.07	0.09	0.09	0	0	0.07
1200	0.07	0.11	0.11	0	0	0.07
1300	0.07	0.11	0.11	0	0	0.07
1400	0.08	0.12	0.12	0	0	0.08
1500	0.07	0.13	0.13	0	0	0.07
1600	0.07	0.12	0.12	0	0	0.07
1700	0.09	0.13	0.13	0	0	0.09
1800	0.08	0.14	0.14	0	0	0.08
1900	0.1	0.16	0.16	0	0	0.1
2000	0.11	0.18	0.18	0	0	0.11
2100	0.1	0.18	0.18	0	0	0.1
2200	0.11	0.17	0.17	0	0	0.11
2300	0.11	0.19	0.19	0	0	0.11
2400	0.1	0.17	0.17	0	0	0.1
2500	0.09	0.18	0.18	0	0	0.09
2600	0.09	0.19	0.19	0	0	0.09
2700	0.1	0.22	0.22	0	0	0.1
2800	0.1	0.21	0.21	0	0	0.1
2900	0.11	0.2	0.2	0	0	0.11
3000	0.12	0.19	0.19	0	0	0.12
3100	0.12	0.22	0.22	0	0	0.12
3200	0.11	0.21	0.21	0	0	0.11
3300	0.12	0.2	0.2	0	0	0.12
3400	0.12	0.2	0.2	0	0	0.12
3500	0.12	0.2	0.2	0	0	0.12
3600	0.14	0.21	0.21	0	0	0.14
3700	0.14	0.21	0.21	0	0	0.14
3800	0.14	0.22	0.22	0	0	0.14
3900	0.13	0.22	0.22	0	0	0.13
4000	0.13	0.22	0.22	0	0	0.13
4100	0.15	0.25	0.25	0	0	0.15
4200	0.15	0.26	0.26	0	0	0.15
4300	0.14	0.25	0.25	0	0	0.14
4400	0.14	0.24	0.24	0	0	0.14
4500	0.15	0.25	0.25	0	0	0.15
4600	0.15	0.26	0.26	0	0	0.15
4700	0.17	0.26	0.26	0	0	0.17
4800	0.17	0.26	0.26	0	0	0.17
4900	0.18	0.26	0.26	0	0	0.18
5000	0.19	0.27	0.27	0	0	0.19
5100	0.2	0.27	0.27	0	0	0.2
5200	0.17	0.27	0.27	0	0	0.17
5300	0.17	0.27	0.27	0	0	0.17
5400	0.17	0.27	0.27	0	0	0.17
5500	0.17	0.27	0.27	0	0	0.17
5600	0.17	0.28	0.28	0	0	0.17
5700	0.19	0.28	0.28	0	0	0.19
5800	0.19	0.29	0.29	0	0	0.19
5900	0.18	0.28	0.28	0	0	0.18
6000	0.18	0.29	0.29	0	0	0.18
6100	0.18	0.29	0.29	0	0	0.18
6200	0.2	0.3	0.3	0	0	0.2
6300	0.19	0.3	0.3	0	0	0.19
6400	0.19	0.31	0.31	0	0	0.19
6500	0.2	0.31	0.31	0	0	0.2
6600	0.2	0.31	0.31	0	0	0.2
6700	0.19	0.31	0.31	0	0	0.19
6800	0.19	0.34	0.34	0	0	0.19
6900	0.2	0.34	0.34	0	0	0.2
7000	0.2	0.34	0.34	0	0	0.2
7100	0.19	0.34	0.34	0	0	0.19
7200	0.19	0.35	0.35	0	0	0.19
7300	0.2	0.36	0.36	0	0	0.2
7400	0.19	0.35	0.35	0	0	0.19
7500	0.2	0.34	0.34	0	0	0.2
7600	0.19	0.33	0.33	0	0	0.19
7700	0.19	0.34	0.34	0	0	0.19
7800	0.19	0.33	0.33	0	0	0.19
7900	0.19	0.32	0.32	0	0	0.19
8000	0.2	0.33	0.33	0	0	0.2
8100	0.2	0.32	0.32	0	0	0.2
8200	0.2	0.32	0.32	0	0	0.2
8300	0.19	0.32	0.32	0	0	0.19
8400	0.2	0.32	0.32	0	0	0.2
8500	0.22	0.32	0.32	0	0	0.22
8600	0.21	0.31	0.31	0	0	0.21
8700	0.21	0.31	0.31	0	0	0.21
8800	0.21	0.31	0.31	0	0	0.21
8900	0.21	0.31	0.31	0	0	0.21
9000	0.21	0.31	0.31	0	0	0.21
9100	0.23	0.31	0.31	0	0	0.23
9200	0.23	0.32	0.32	0	0	0.23
9300	0.22	0.32	0.32	0	0	0.22
9400	0.23	0.32	0.32	0	0	0.23
9500	0.22	0.32	0.32	0	0	0.22
9600	0.22	0.33	0.33	0	0	0.22
9700	0.22	0.33	0.33	0	0	0.22
9800	0.22	0.33	0.33	0	0	0.22
9900	0.22	0.35	0.35	0	0	0.22
10000	0.22	0.36	0.36	0	0	0.22
10100	0.22	0.36	0.36	0	0	0.22
10200	0.23	0.36	0.36	0	0	0.23
10300	0.23	0.38	0.38	0	0	0.23
10400	0.22	0.37	0.37	0	0	0.22
10500	0.22	0.38	0.38	0	0	0.22
10600	0.23	0.36	0.36	0	0	0.23
10700	0.24	0.36	0.36	0	0	0.24
10800	0.23	0.36	0.36	0	0	0.23
10900	0.23	0.37	0.37	0	0	0.23
11000	0.24	0.37	0.37	0	0	0.24
11100	0.25	0.38	0.38	0	0	0.25
11200	0.25	0.37	0.37	0	0	0.25
11300	0.26	0.37	0.37	0	0	0.26
11400	0.26	0.36	0.36	0	0	0.26
11500	0.26	0.36	0.36	0	0	0.26
11600	0.26	0.36	0.36	0	0	0.26
11700	0.24	0.36	0.36	0	0	0.24
11800	0.23	0.36	0.36	0	0	0.23
11900	0.22	0.37	0.37	0	0	0.22
12000	0.22	0.37	0.37	0	0	0.22
12100	0.24	0.37	0.37	0	0	0.24
12200	0.24	0.37	0.37	0	0	0.24
12300	0.21	0.37	0.37	0	0	0.21
12400	0.21	0.38	0.38	0	0	0.21
12500	0.21	0.37	0.37	0	0	0.21
12600	0.21	0.37	0.37	0	0	0.21
12700	0.21	0.37	0.37	0	0	0.21
12800	0.22	0.37	0.37	0	0	0.22
12900	0.22	0.38	0.38	0	0	0.22
13000	0.23	0.38	0.38	0	0	0.23
13100	0.24	0.38	0.38	0	0	0.24
13200	0.24	0.38	0.38	0	0	0.24
13300	0.25	0.39	0.39	0	0	0.25
13400	0.25	0.39	0.39	0	0	0.25
13500	0.24	0.39	0.39	0	0	0.24
13600	0.24	0.39	0.39	0	0	0.24
13700	0.24	0.39	0.39	0	0	0.24
13800	0.24	0.4	0.4	0	0	0.24
13900	0.24	0.39	0.39	0	0	0.24
14000	0.24	0.4	0.4	0	0	0.24
14100	0.24	0.41	0.41	0	0	0.24
14200	0.25	0.43	0.43	0	0	0.25
14300	0.26	0.43	0.43	0	0	0.26
14400	0.27	0.43	0.43	0	0	0.27
14500	0.26	0.43	0.43	0	0	0.26
14600	0.26	0.43	0.43	0	0	0.26
14700	0.26	0.43	0.43	0	0	0.26
14800	0.26	0.43	0.43	0	0	0.26
14900	0.27	0.43	0.43	0	0	0.27
15000	0.26	0.43	0.43	0	0	0.26
15100	0.22	0.43	0.43	0	0	0.22
15200	0.23	0.43	0.43	0	0	0.23
15300	0.23	0.43	0.43	0	0	0.23
15400	0.23	0.43	0.43	0	0	0.23
15500	0.25	0.43	0.43	0	0	0.25
15600	0.26	0.43	0.43	0	0	0.26
15700	0.25	0.43	0.43	0	0	0.25
15800	0.26	0.43	0.43	0	0	0.26
15900	0.27	0.44	0.44	0	0	0.27
16000	0.27	0.44	0.44	0	0	0.27
16100	0.27	0.44	0.44	0	0	0.27
16200	0.27	0.44	0.44	0	0	0.27
16300	0.27	0.44	0.44	0	0	0.27
16400	0.27	0.44	0.44	0	0	0.27
16500	0.27	0.44	0.44	0	0	0.27
16600	0.26	0.44	0.44	0	0	0.26
16700	0.26	0.44	0.44	0	0	0.26
16800	0.27	0.44	0.44	0	0	0.27
16900	0.26	0.45	0.45	0	0	0.26
17000	0.26	0.45	0.45	0	0	0.26
17100	0.26	0.45	0.45	0	0	0.26
17200	0.26	0.45	0.45	0	0	0.26
17300	0.26	0.45	0.45	0	0	0.26
17400	0.26	0.45	0.45	0	0	0.26
17500	0.27	0.45	0.45	0	0	0.27
17600	0.27	0.45	0.45	0	0	0.27
17700	0.27	0.46	0.46	0	0	0.27
17800	0.27	0.45	0.45	0	0	0.27
17900	0.28	0.45	0.45	0	0	0.28
18000	0.28	0.45	0.45	0	0	0.28
18100	0.27	0.45	0.45	0	0	0.27
18200	0.27	0.45	0.45	0	0	0.27
18300	0.27	0.45	0.45	0	0	0.27
18400	0.27	0.46	0.46	0	0	0.27
18500	0.27	0.46	0.46	0	0	0.27
18600	0.27	0.46	0.46	0	0	0.27
18700	0.27	0.46	0.46	0	0	0.27
18800	0.27	0.46	0.46	0	0	0.27
18900	0.27	0.46	0.46	0	0	0.27
19000	0.27	0.46	0.46	0	0	0.27
19100	0.27	0.47	0.47	0	0	0.27
19200	0.28	0.46	0.46	0	0	0.28
19300	0.28	0.45	0.45	0	0	0.28
19400	0.28	0.47	0.47	0	0	0.28
19500	0.28	0.46	0.46	0	0	0.28
19600	0.29	0.46	0.46	0	0	0.29
19700	0.28	0.45	0.45	0	0	0.28
19800	0.28	0.45	0.45	0	0	0.28
19900	0.28	0.45	0.45	0	0	0.28
20000	0.28	0.45	0.45	0	0	0.28
20100	0.25	0.45	0.45	0	0	0.25
20200	0.25	0.45	0.45	0	0	0.25
20300	0.25	0.45	0.45	0	0	0.25
20400	0.25	0.45	0.45	0	0	0.25
20500	0.25	0.45	0.45	0	0	0.25
20600	0.25	0.45	0.45	0	0	0.25
20700	0.26	0.46	0.46	0	0	0.26
20800	0.26	0.46	0.46	0	0	0.26
20900	0.25	0.46	0.46	0	0	0.25
21000	0.25	0.46	0.46	0	0	0.25
21100	0.25	0.46	0.46	0	0	0.25
21200	0.25	0.47	0.47	0	0	0.25
21300	0.26	0.47	0.47	0	0	0.26
21400	0.26	0.47	0.47	0	0	0.26
21500	0.26	0.47	0.47	0	0	0.26
21600	0.25	0.47	0.47	0	0	0.25
21700	0.26	0.47	0.47	0	0	0.26
21800	0.24	0.46	0.46	0	0	0.24
21900	0.24	0.46	0.46	0	0	0.24
22000	0.24	0.46	0.46	0	0	0.24
22100	0.24	0.46	0.46	0	0	0.24
22200	0.24	0.47	0.47	0	0	0.24
22300	0.25	0.48	0.48	0	0	0.25
22400	0.25	0.49	0.49	0	0	0.25
22500	0.26	0.49	0.49	0	0	0.26
22600	0.27	0.49	0.49	0	0	0.27
22700	0.27	0.49	0.49	0	0	0.27
22800	0.27	0.49	0.49	0	0	0.27
22900	0.27	0.5	0.5	0	0	0.27
23000	0.29	0.5	0.5	0	0	0.29
23100	0.3	0.5	0.5	0	0	0.3
23200	0.3	0.5	0.5	0	0	0.3
23300	0.3	0.5	0.5	0	0	0.3
23400	0.3	0.5	0.5	0	0	0.3
23500	0.3	0.5	0.5	0	0	0.3
23600	0.31	0.5	0.5	0	0	0.31
23700	0.31	0.5	0.5	0	0	0.31
23800	0.31	0.5	0.5	0	0	0.31
23900	0.31	0.5	0.5	0	0	0.31
24000	0.31	0.5	0.5	0	0	0.31
24100	0.31	0.5	0.5	0	0	0.31
24200	0.31	0.5	0.5	0	0	0.31
24300	0.31	0.5	0.5	0	0	0.31
24400	0.31	0.5	0.5	0	0	0.31
24500	0.31	0.5	0.5	0	0	0.31
24600	0.31	0.5	0.5	0	0	0.31
24700	0.3	0.51	0.51	0	0	0.3
24800	0.29	0.51	0.51	0	0	0.29
24900	0.3	0.51	0.51	0	0	0.3
25000	0.31	0.51	0.51	0	0	0.31
25100	0.3	0.52	0.52	0	0	0.3
25200	0.3	0.52	0.52	0	0	0.3
25300	0.31	0.52	0.52	0	0	0.31
25400	0.29	0.51	0.51	0	0	0.29
25500	0.29	0.52	0.52	0	0	0.29
25600	0.29	0.51	0.51	0	0	0.29
25700	0.3	0.51	0.51	0	0	0.3
25800	0.29	0.51	0.51	0	0	0.29
25900	0.29	0.51	0.51	0	0	0.29
26000	0.29	0.52	0.52	0	0	0.29
26100	0.29	0.52	0.52	0	0	0.29
26200	0.29	0.52	0.52	0	0	0.29
26300	0.29	0.52	0.52	0	0	0.29
26400	0.29	0.52	0.52	0	0	0.29
26500	0.3	0.52	0.52	0	0	0.3
26600	0.31	0.52	0.52	0	0	0.31
26700	0.32	0.52	0.52	0	0	0.32
26800	0.33	0.52	0.52	0	0	0.33
26900	0.33	0.52	0.52	0	0	0.33
27000	0.33	0.52	0.52	0	0	0.33
27100	0.33	0.52	0.52	0	0	0.33
27200	0.31	0.51	0.51	0	0	0.31
27300	0.31	0.53	0.53	0	0	0.31
27400	0.3	0.52	0.52	0	0	0.3
27500	0.3	0.52	0.52	0	0	0.3
27600	0.31	0.52	0.52	0	0	0.31
27700	0.31	0.52	0.52	0	0	0.31
27800	0.31	0.53	0.53	0	0	0.31
27900	0.31	0.53	0.53	0	0	0.31
28000	0.31	0.52	0.52	0	0	0.31
28100	0.31	0.52	0.52	0	0	0.31
28200	0.31	0.51	0.51	0	0	0.31
28300	0.31	0.51	0.51	0	0	0.31
28400	0.31	0.51	0.51	0	0	0.31
28500	0.31	0.51	0.51	0	0	0.31
28600	0.31	0.51	0.51	0	0	0.31
28700	0.31	0.51	0.51	0	0	0.31
28800	0.31	0.51	0.51	0	0	0.31
28900	0.32	0.51	0.51	0	0	0.32
29000	0.32	0.51	0.51	0	0	0.32
29100	0.32	0.51	0.51	0	0	0.32
29200	0.33	0.51	0.51	0	0	0.33
29300	0.33	0.52	0.52	0	0	0.33
29400	0.33	0.52	0.52	0	0	0.33
29500	0.33	0.52	0.52	0	0	0.33
29600	0.33	0.52	0.52	0	0	0.33
29700	0.33	0.53	0.53	0	0	0.33
29800	0.32	0.53	0.53	0	0	0.32
29900	0.32	0.53	0.53	0	0	0.32
30000	0.33	0.53	0.53	0	0	0.33
30100	0.34	0.53	0.53	0	0	0.34
30200	0.32	0.53	0.53	0	0	0.32
30300	0.31	0.53	0.53	0	0	0.31
30400	0.31	0.53	0.53	0	0	0.31
30500	0.31	0.53	0.53	0	0	0.31
30600	0.31	0.53	0.53	0	0	0.31
30700	0.32	0.53	0.53	0	0	0.32
30800	0.31	0.53	0.53	0	0	0.31
30900	0.31	0.53	0.53	0	0	0.31
31000	0.31	0.53	0.53	0	0	0.31
31100	0.31	0.53	0.53	0	0	0.31
31200	0.32	0.54	0.54	0	0	0.32
31300	0.32	0.53	0.53	0	0	0.32
31400	0.32	0.53	0.53	0	0	0.32
31500	0.32	0.53	0.53	0	0	0.32
31600	0.32	0.53	0.53	0	0	0.32
31700	0.32	0.53	0.53	0	0	0.32
31800	0.32	0.53	0.53	0	0	0.32
31900	0.32	0.53	0.53	0	0	0.32
32000	0.33	0.53	0.53	0	0	0.33
32100	0.33	0.53	0.53	0	0	0.33
32200	0.33	0.53	0.53	0	0	0.33
32300	0.33	0.54	0.54	0	0	0.33
32400	0.33	0.54	0.54	0	0	0.33
32500	0.32	0.54	0.54	0	0	0.32
32600	0.32	0.55	0.55	0	0	0.32
32700	0.32	0.55	0.55	0	0	0.32
32800	0.32	0.54	0.54	0	0	0.32
32900	0.32	0.54	0.54	0	0	0.32
33000	0.33	0.54	0.54	0	0	0.33
33100	0.33	0.54	0.54	0	0	0.33
33200	0.32	0.55	0.55	0	0	0.32
33300	0.32	0.55	0.55	0	0	0.32
33400	0.32	0.55	0.55	0	0	0.32
33500	0.32	0.55	0.55	0	0	0.32
33600	0.32	0.55	0.55	0	0	0.32
33700	0.32	0.55	0.55	0	0	0.32
33800	0.32	0.56	0.56	0	0	0.32
33900	0.32	0.56	0.56	0	0	0.32
34000	0.32	0.56	0.56	0	0	0.32
34100	0.32	0.56	0.56	0	0	0.32
34200	0.32	0.55	0.55	0	0	0.32
34300	0.32	0.57	0.57	0	0	0.32
34400	0.32	0.57	0.57	0	0	0.32
34500	0.32	0.57	0.57	0	0	0.32
34600	0.32	0.57	0.57	0	0	0.32
34700	0.32	0.57	0.57	0	0	0.32
34800	0.33	0.57	0.57	0	0	0.33
34900	0.33	0.57	0.57	0	0	0.33
35000	0.33	0.57	0.57	0	0	0.33
35100	0.33	0.57	0.57	0	0	0.33
35200	0.33	0.57	0.57	0	0	0.33
35300	0.34	0.57	0.57	0	0	0.34
35400	0.34	0.57	0.57	0	0	0.34
35500	0.35	0.57	0.57	0	0	0.35
35600	0.34	0.57	0.57	0	0	0.34
35700	0.34	0.57	0.57	0	0	0.34
35800	0.34	0.57	0.57	0	0	0.34
35900	0.34	0.57	0.57	0	0	0.34
36000	0.34	0.57	0.57	0	0	0.34
36100	0.34	0.58	0.58	0	0	0.34
36200	0.34	0.57	0.57	0	0	0.34
36300	0.34	0.57	0.57	0	0	0.34
36400	0.34	0.57	0.57	0	0	0.34
36500	0.34	0.57	0.57	0	0	0.34
36600	0.34	0.57	0.57	0	0	0.34
36700	0.33	0.58	0.58	0	0	0.33
36800	0.33	0.58	0.58	0	0	0.33
36900	0.33	0.58	0.58	0	0	0.33
37000	0.33	0.58	0.58	0	0	0.33
37100	0.33	0.58	0.58	0	0	0.33
37200	0.33	0.58	0.58	0	0	0.33
37300	0.33	0.58	0.58	0	0	0.33
37400	0.33	0.57	0.57	0	0	0.33
37500	0.33	0.57	0.57	0	0	0.33
37600	0.33	0.57	0.57	0	0	0.33
37700	0.33	0.57	0.57	0	0	0.33
37800	0.33	0.57	0.57	0	0	0.33
37900	0.33	0.57	0.57	0	0	0.33
38000	0.33	0.57	0.57	0	0	0.33
38100	0.33	0.57	0.57	0	0	0.33
38200	0.33	0.57	0.57	0	0	0.33
38300	0.33	0.57	0.57	0	0	0.33
38400	0.33	0.57	0.57	0	0	0.33
38500	0.32	0.57	0.57	0	0	0.32
38600	0.32	0.57	0.57	0	0	0.32
38700	0.32	0.57	0.57	0	0	0.32
38800	0.32	0.57	0.57	0	0	0.32
38900	0.32	0.57	0.57	0	0	0.32
39000	0.32	0.57	0.57	0	0	0.32
39100	0.33	0.57	0.57	0	0	0.33
39200	0.34	0.58	0.58	0	0	0.34
39300	0.35	0.58	0.58	0	0	0.35
39400	0.34	0.58	0.58	0	0	0.34
39500	0.34	0.58	0.58	0	0	0.34
39600	0.34	0.58	0.58	0	0	0.34
39700	0.34	0.58	0.58	0	0	0.34
39800	0.34	0.58	0.58	0	0	0.34
39900	0.33	0.58	0.58	0	0	0.33
40000	0.33	0.58	0.58	0	0	0.33
40100	0.33	0.58	0.58	0	0	0.33
40200	0.33	0.58	0.58	0	0	0.33
40300	0.33	0.58	0.58	0	0	0.33
40400	0.33	0.58	0.58	0	0	0.33
40500	0.33	0.58	0.58	0	0	0.33
40600	0.33	0.58	0.58	0	0	0.33
40700	0.33	0.58	0.58	0	0	0.33
40800	0.33	0.58	0.58	0	0	0.33
40900	0.33	0.58	0.58	0	0	0.33
41000	0.33	0.58	0.58	0	0	0.33
41100	0.33	0.58	0.58	0	0	0.33
41200	0.33	0.58	0.58	0	0	0.33
41300	0.33	0.58	0.58	0	0	0.33
41400	0.33	0.58	0.58	0	0	0.33
41500	0.34	0.58	0.58	0	0	0.34
41600	0.33	0.58	0.58	0	0	0.33
41700	0.33	0.58	0.58	0	0	0.33
41800	0.33	0.58	0.58	0	0	0.33
41900	0.33	0.58	0.58	0	0	0.33
42000	0.33	0.58	0.58	0	0	0.33
42100	0.33	0.58	0.58	0	0	0.33
42200	0.33	0.58	0.58	0	0	0.33
42300	0.33	0.58	0.58	0	0	0.33
42400	0.33	0.58	0.58	0	0	0.33
42500	0.33	0.58	0.58	0	0	0.33
42600	0.34	0.58	0.58	0	0	0.34
42700	0.35	0.58	0.58	0	0	0.35
42800	0.34	0.58	0.58	0	0	0.34
42900	0.35	0.58	0.58	0	0	0.35
43000	0.35	0.58	0.58	0	0	0.35
43100	0.35	0.58	0.58	0	0	0.35
43200	0.35	0.58	0.58	0	0	0.35
43300	0.35	0.58	0.58	0	0	0.35
43400	0.35	0.58	0.58	0	0	0.35
43500	0.35	0.58	0.58	0	0	0.35
43600	0.35	0.58	0.58	0	0	0.35
43700	0.35	0.59	0.59	0	0	0.35
43800	0.35	0.59	0.59	0	0	0.35
43900	0.35	0.59	0.59	0	0	0.35
44000	0.35	0.59	0.59	0	0	0.35
44100	0.35	0.59	0.59	0	0	0.35
44200	0.35	0.59	0.59	0	0	0.35
44300	0.35	0.59	0.59	0	0	0.35
44400	0.35	0.59	0.59	0	0	0.35
44500	0.34	0.59	0.59	0	0	0.34
44600	0.34	0.59	0.59	0	0	0.34
44700	0.35	0.59	0.59	0	0	0.35
44800	0.35	0.59	0.59	0	0	0.35
44900	0.35	0.59	0.59	0	0	0.35
45000	0.34	0.59	0.59	0	0	0.34
45100	0.34	0.59	0.59	0	0	0.34
45200	0.34	0.59	0.59	0	0	0.34
45300	0.34	0.59	0.59	0	0	0.34
45400	0.34	0.59	0.59	0	0	0.34
45500	0.35	0.59	0.59	0	0	0.35
45600	0.35	0.59	0.59	0	0	0.35
45700	0.35	0.59	0.59	0	0	0.35
45800	0.34	0.59	0.59	0	0	0.34
45900	0.34	0.59	0.59	0	0	0.34
46000	0.34	0.59	0.59	0	0	0.34
46100	0.34	0.59	0.59	0	0	0.34
46200	0.34	0.59	0.59	0	0	0.34
46300	0.34	0.59	0.59	0	0	0.34
46400	0.34	0.59	0.59	0	0	0.34
46500	0.34	0.59	0.59	0	0	0.34
46600	0.34	0.59	0.59	0	0	0.34
46700	0.34	0.6	0.6	0	0	0.34
46800	0.34	0.59	0.59	0	0	0.34
46900	0.34	0.59	0.59	0	0	0.34
47000	0.34	0.59	0.59	0	0	0.34
47100	0.34	0.59	0.59	0	0	0.34
47200	0.34	0.59	0.59	0	0	0.34
47300	0.34	0.59	0.59	0	0	0.34
47400	0.35	0.59	0.59	0	0	0.35
47500	0.35	0.59	0.59	0	0	0.35
47600	0.35	0.59	0.59	0	0	0.35
47700	0.35	0.59	0.59	0	0	0.35
47800	0.36	0.59	0.59	0	0	0.36
47900	0.36	0.59	0.59	0	0	0.36
48000	0.36	0.59	0.59	0	0	0.36
48100	0.36	0.59	0.59	0	0	0.36
48200	0.35	0.59	0.59	0	0	0.35
48300	0.35	0.58	0.58	0	0	0.35
48400	0.35	0.59	0.59	0	0	0.35
48500	0.35	0.59	0.59	0	0	0.35
48600	0.35	0.59	0.59	0	0	0.35
48700	0.35	0.59	0.59	0	0	0.35
48800	0.35	0.59	0.59	0	0	0.35
48900	0.35	0.59	0.59	0	0	0.35
49000	0.35	0.59	0.59	0	0	0.35
49100	0.35	0.59	0.59	0	0	0.35
49200	0.35	0.59	0.59	0	0	0.35
49300	0.35	0.59	0.59	0	0	0.35
49400	0.35	0.59	0.59	0	0	0.35
49500	0.35	0.59	0.59	0	0	0.35
49600	0.35	0.59	0.59	0	0	0.35
49700	0.35	0.59	0.59	0	0	0.35
49800	0.35	0.59	0.59	0	0	0.35
49900	0.35	0.59	0.59	0	0	0.35
50000	0.35	0.59	0.59	0	0	0.35
50100	0.35	0.59	0.59	0	0	0.35
50200	0.35	0.59	0.59	0	0	0.35
50300	0.36	0.59	0.59	0	0	0.36
50400	0.36	0.59	0.59	0	0	0.36
50500	0.36	0.59	0.59	0	0	0.36
50600	0.37	0.59	0.59	0	0	0.37
50700	0.37	0.59	0.59	0	0	0.37
50800	0.37	0.59	0.59	0	0	0.37
50900	0.37	0.59	0.59	0	0	0.37
51000	0.37	0.59	0.59	0	0	0.37
51100	0.37	0.59	0.59	0	0	0.37
51200	0.37	0.59	0.59	0	0	0.37
51300	0.37	0.59	0.59	0	0	0.37
51400	0.37	0.59	0.59	0	0	0.37
51500	0.37	0.59	0.59	0	0	0.37
51600	0.37	0.59	0.59	0	0	0.37
51700	0.37	0.59	0.59	0	0	0.37
51800	0.37	0.59	0.59	0	0	0.37
51900	0.37	0.59	0.59	0	0	0.37
52000	0.37	0.59	0.59	0	0	0.37
52100	0.37	0.59	0.59	0	0	0.37
52200	0.37	0.59	0.59	0	0	0.37
52300	0.37	0.59	0.59	0	0	0.37
52400	0.37	0.59	0.59	0	0	0.37
52500	0.37	0.59	0.59	0	0	0.37
52600	0.37	0.59	0.59	0	0	0.37
52700	0.37	0.59	0.59	0	0	0.37
52800	0.37	0.59	0.59	0	0	0.37
52900	0.37	0.59	0.59	0	0	0.37
53000	0.37	0.59	0.59	0	0	0.37
53100	0.37	0.59	0.59	0	0	0.37
53200	0.37	0.59	0.59	0	0	0.37
53300	0.37	0.59	0.59	0	0	0.37
53400	0.37	0.59	0.59	0	0	0.37
53500	0.37	0.59	0.59	0	0	0.37
53600	0.37	0.59	0.59	0	0	0.37
53700	0.37	0.59	0.59	0	0	0.37
53800	0.37	0.59	0.59	0	0	0.37
53900	0.37	0.59	0.59	0	0	0.37
54000	0.37	0.59	0.59	0	0	0.37
54100	0.37	0.59	0.59	0	0	0.37
54200	0.37	0.59	0.59	0	0	0.37
54300	0.37	0.59	0.59	0	0	0.37
54400	0.37	0.59	0.59	0	0	0.37
54500	0.37	0.58	0.58	0	0	0.37
54600	0.37	0.58	0.58	0	0	0.37
54700	0.37	0.58	0.58	0	0	0.37
54800	0.37	0.58	0.58	0	0	0.37
54900	0.37	0.58	0.58	0	0	0.37
55000	0.36	0.57	0.57	0	0	0.36
55100	0.36	0.57	0.57	0	0	0.36
55200	0.36	0.57	0.57	0	0	0.36
55300	0.36	0.57	0.57	0	0	0.36
55400	0.36	0.57	0.57	0	0	0.36
55500	0.36	0.57	0.57	0	0	0.36
55600	0.36	0.57	0.57	0	0	0.36
55700	0.36	0.57	0.57	0	0	0.36
55800	0.36	0.57	0.57	0	0	0.36
55900	0.36	0.57	0.57	0	0	0.36
56000	0.36	0.57	0.57	0	0	0.36
56100	0.36	0.57	0.57	0	0	0.36
56200	0.36	0.57	0.57	0	0	0.36
56300	0.36	0.57	0.57	0	0	0.36
56400	0.36	0.57	0.57	0	0	0.36
56500	0.36	0.57	0.57	0	0	0.36
56600	0.36	0.57	0.57	0	0	0.36
56700	0.37	0.57	0.57	0	0	0.37
56800	0.37	0.57	0.57	0	0	0.37
56900	0.37	0.57	0.57	0	0	0.37
57000	0.37	0.57	0.57	0	0	0.37
57100	0.37	0.57	0.57	0	0	0.37
57200	0.37	0.57	0.57	0	0	0.37
57300	0.37	0.57	0.57	0	0	0.37
57400	0.38	0.57	0.57	0	0	0.38
57500	0.38	0.57	0.57	0	0	0.38
57600	0.38	0.57	0.57	0	0	0.38
57700	0.38	0.57	0.57	0	0	0.38
57800	0.38	0.57	0.57	0	0	0.38
57900	0.38	0.57	0.57	0	0	0.38
58000	0.38	0.57	0.57	0	0	0.38
58100	0.38	0.57	0.57	0	0	0.38
58200	0.38	0.57	0.57	0	0	0.38
58300	0.38	0.57	0.57	0	0	0.38
58400	0.38	0.57	0.57	0	0	0.38
58500	0.38	0.57	0.57	0	0	0.38
58600	0.38	0.57	0.57	0	0	0.38
58700	0.38	0.57	0.57	0	0	0.38
58800	0.38	0.57	0.57	0	0	0.38
58900	0.38	0.57	0.57	0	0	0.38
59000	0.38	0.57	0.57	0	0	0.38
59100	0.38	0.57	0.57	0	0	0.38
59200	0.38	0.57	0.57	0	0	0.38
59300	0.38	0.57	0.57	0	0	0.38
59400	0.38	0.57	0.57	0	0	0.38
59500	0.38	0.57	0.57	0	0	0.38
59600	0.38	0.57	0.57	0	0	0.38
59700	0.38	0.57	0.57	0	0	0.38
59800	0.38	0.57	0.57	0	0	0.38
59900	0.38	0.57	0.57	0	0	0.38
60000	0.38	0.57	0.57	0	0	0.38
60100	0.39	0.57	0.57	0	0	0.39
60200	0.39	0.57	0.57	0	0	0.39
60300	0.4	0.57	0.57	0	0	0.4
60400	0.4	0.57	0.57	0	0	0.4
60500	0.4	0.57	0.57	0	0	0.4
60600	0.4	0.57	0.57	0	0	0.4
60700	0.4	0.57	0.57	0	0	0.4
60800	0.4	0.57	0.57	0	0	0.4
60900	0.4	0.57	0.57	0	0	0.4
61000	0.4	0.57	0.57	0	0	0.4
61100	0.4	0.57	0.57	0	0	0.4
61200	0.4	0.57	0.57	0	0	0.4
61300	0.4	0.57	0.57	0	0	0.4
61400	0.4	0.57	0.57	0	0	0.4
61500	0.4	0.57	0.57	0	0	0.4
61600	0.4	0.56	0.56	0	0	0.4
61700	0.4	0.56	0.56	0	0	0.4
61800	0.4	0.56	0.56	0	0	0.4
61900	0.4	0.56	0.56	0	0	0.4
62000	0.4	0.56	0.56	0	0	0.4
62100	0.4	0.56	0.56	0	0	0.4
62200	0.4	0.56	0.56	0	0	0.4
62300	0.4	0.56	0.56	0	0	0.4
62400	0.4	0.56	0.56	0	0	0.4
62500	0.4	0.56	0.56	0	0	0.4
62600	0.4	0.56	0.56	0	0	0.4
62700	0.4	0.56	0.56	0	0	0.4
62800	0.4	0.56	0.56	0	0	0.4
62900	0.4	0.57	0.57	0	0	0.4
63000	0.4	0.56	0.56	0	0	0.4
63100	0.4	0.56	0.56	0	0	0.4
63200	0.4	0.56	0.56	0	0	0.4
63300	0.4	0.56	0.56	0	0	0.4
63400	0.4	0.56	0.56	0	0	0.4
63500	0.4	0.56	0.56	0	0	0.4
63600	0.4	0.56	0.56	0	0	0.4
63700	0.4	0.56	0.56	0	0	0.4
63800	0.4	0.56	0.56	0	0	0.4
63900	0.4	0.56	0.56	0	0	0.4
64000	0.4	0.56	0.56	0	0	0.4
64100	0.39	0.55	0.55	0	0	0.39
64200	0.39	0.55	0.55	0	0	0.39
64300	0.39	0.55	0.55	0	0	0.39
64400	0.39	0.55	0.55	0	0	0.39
64500	0.39	0.55	0.55	0	0	0.39
64600	0.39	0.55	0.55	0	0	0.39
64700	0.39	0.55	0.55	0	0	0.39
64800	0.39	0.55	0.55	0	0	0.39
64900	0.39	0.55	0.55	0	0	0.39
65000	0.39	0.55	0.55	0	0	0.39
65100	0.39	0.55	0.55	0	0	0.39
65200	0.39	0.55	0.55	0	0	0.39
65300	0.39	0.55	0.55	0	0	0.39
65400	0.39	0.55	0.55	0	0	0.39
65500	0.4	0.55	0.55	0	0	0.4
65600	0.4	0.55	0.55	0	0	0.4
65700	0.39	0.55	0.55	0	0	0.39
65800	0.39	0.55	0.55	0	0	0.39
65900	0.39	0.55	0.55	0	0	0.39
66000	0.39	0.55	0.55	0	0	0.39
66100	0.39	0.56	0.56	0	0	0.39
66200	0.39	0.56	0.56	0	0	0.39
66300	0.39	0.56	0.56	0	0	0.39
66400	0.39	0.56	0.56	0	0	0.39
66500	0.39	0.56	0.56	0	0	0.39
66600	0.39	0.56	0.56	0	0	0.39
66700	0.39	0.56	0.56	0	0	0.39
66800	0.39	0.56	0.56	0	0	0.39
66900	0.39	0.56	0.56	0	0	0.39
67000	0.39	0.57	0.57	0	0	0.39
67100	0.39	0.56	0.56	0	0	0.39
67200	0.39	0.56	0.56	0	0	0.39
67300	0.39	0.56	0.56	0	0	0.39
67400	0.38	0.57	0.57	0	0	0.38
67500	0.38	0.56	0.56	0	0	0.38
67600	0.38	0.56	0.56	0	0	0.38
67700	0.39	0.56	0.56	0	0	0.39
67800	0.39	0.56	0.56	0	0	0.39
67900	0.39	0.56	0.56	0	0	0.39
68000	0.39	0.56	0.56	0	0	0.39
68100	0.39	0.56	0.56	0	0	0.39
68200	0.39	0.56	0.56	0	0	0.39
68300	0.39	0.56	0.56	0	0	0.39
68400	0.39	0.56	0.56	0	0	0.39
68500	0.39	0.56	0.56	0	0	0.39
68600	0.39	0.56	0.56	0	0	0.39
68700	0.39	0.57	0.57	0	0	0.39
68800	0.39	0.57	0.57	0	0	0.39
68900	0.39	0.57	0.57	0	0	0.39
69000	0.39	0.57	0.57	0	0	0.39
69100	0.39	0.57	0.57	0	0	0.39
69200	0.39	0.57	0.57	0	0	0.39
69300	0.39	0.57	0.57	0	0	0.39
69400	0.39	0.57	0.57	0	0	0.39
69500	0.4	0.57	0.57	0	0	0.4
69600	0.4	0.57	0.57	0	0	0.4
69700	0.4	0.57	0.57	0	0	0.4
69800	0.4	0.57	0.57	0	0	0.4
69900	0.4	0.57	0.57	0	0	0.4
70000	0.4	0.57	0.57	0	0	0.4
70100	0.4	0.57	0.57	0	0	0.4
70200	0.4	0.57	0.57	0	0	0.4
70300	0.4	0.57	0.57	0	0	0.4
70400	0.4	0.57	0.57	0	0	0.4
70500	0.4	0.57	0.57	0	0	0.4
70600	0.4	0.57	0.57	0	0	0.4
70700	0.4	0.56	0.56	0	0	0.4
70800	0.4	0.56	0.56	0	0	0.4
70900	0.4	0.56	0.56	0	0	0.4
71000	0.4	0.56	0.56	0	0	0.4
71100	0.4	0.56	0.56	0	0	0.4
71200	0.4	0.56	0.56	0	0	0.4
71300	0.4	0.56	0.56	0	0	0.4
71400	0.4	0.56	0.56	0	0	0.4
71500	0.4	0.56	0.56	0	0	0.4
71600	0.4	0.56	0.56	0	0	0.4
71700	0.4	0.57	0.57	0	0	0.4
71800	0.4	0.57	0.57	0	0	0.4
71900	0.4	0.57	0.57	0	0	0.4
72000	0.4	0.57	0.57	0	0	0.4
72100	0.4	0.57	0.57	0	0	0.4
72200	0.4	0.57	0.57	0	0	0.4
72300	0.4	0.57	0.57	0	0	0.4
72400	0.4	0.57	0.57	0	0	0.4
72500	0.4	0.57	0.57	0	0	0.4
72600	0.38	0.57	0.57	0	0	0.38
72700	0.38	0.57	0.57	0	0	0.38
72800	0.38	0.57	0.57	0	0	0.38
72900	0.38	0.57	0.57	0	0	0.38
73000	0.38	0.57	0.57	0	0	0.38
73100	0.38	0.57	0.57	0	0	0.38
73200	0.38	0.57	0.57	0	0	0.38
73300	0.38	0.57	0.57	0	0	0.38
73400	0.37	0.57	0.57	0	0	0.37
73500	0.37	0.57	0.57	0	0	0.37
73600	0.37	0.57	0.57	0	0	0.37
73700	0.37	0.57	0.57	0	0	0.37
73800	0.37	0.57	0.57	0	0	0.37
73900	0.37	0.57	0.57	0	0	0.37
74000	0.37	0.57	0.57	0	0	0.37
74100	0.37	0.57	0.57	0	0	0.37
74200	0.37	0.57	0.57	0	0	0.37
74300	0.37	0.57	0.57	0	0	0.37
74400	0.37	0.57	0.57	0	0	0.37
74500	0.37	0.57	0.57	0	0	0.37
74600	0.38	0.57	0.57	0	0	0.38
74700	0.37	0.57	0.57	0	0	0.37
74800	0.37	0.57	0.57	0	0	0.37
74900	0.37	0.57	0.57	0	0	0.37
75000	0.37	0.57	0.57	0	0	0.37
75100	0.37	0.57	0.57	0	0	0.37
75200	0.37	0.57	0.57	0	0	0.37
75300	0.37	0.57	0.57	0	0	0.37
75400	0.37	0.57	0.57	0	0	0.37
75500	0.37	0.57	0.57	0	0	0.37
75600	0.37	0.57	0.57	0	0	0.37
75700	0.37	0.57	0.57	0	0	0.37
75800	0.37	0.57	0.57	0	0	0.37
75900	0.38	0.57	0.57	0	0	0.38
76000	0.38	0.57	0.57	0	0	0.38
76100	0.38	0.57	0.57	0	0	0.38
76200	0.38	0.57	0.57	0	0	0.38
76300	0.38	0.57	0.57	0	0	0.38
76400	0.38	0.57	0.57	0	0	0.38
76500	0.38	0.57	0.57	0	0	0.38
76600	0.38	0.57	0.57	0	0	0.38
76700	0.38	0.57	0.57	0	0	0.38
76800	0.38	0.57	0.57	0	0	0.38
76900	0.38	0.57	0.57	0	0	0.38
77000	0.38	0.57	0.57	0	0	0.38
77100	0.38	0.57	0.57	0	0	0.38
77200	0.39	0.57	0.57	0	0	0.39
77300	0.39	0.57	0.57	0	0	0.39
77400	0.39	0.57	0.57	0	0	0.39
77500	0.39	0.57	0.57	0	0	0.39
77600	0.39	0.57	0.57	0	0	0.39
77700	0.38	0.57	0.57	0	0	0.38
77800	0.37	0.57	0.57	0	0	0.37
77900	0.37	0.57	0.57	0	0	0.37
78000	0.37	0.57	0.57	0	0	0.37
78100	0.37	0.57	0.57	0	0	0.37
78200	0.37	0.57	0.57	0	0	0.37
78300	0.37	0.57	0.57	0	0	0.37
78400	0.37	0.57	0.57	0	0	0.37
78500	0.37	0.57	0.57	0	0	0.37
78600	0.37	0.57	0.57	0	0	0.37
78700	0.37	0.57	0.57	0	0	0.37
78800	0.37	0.57	0.57	0	0	0.37
78900	0.37	0.57	0.57	0	0	0.37
79000	0.37	0.57	0.57	0	0	0.37
79100	0.38	0.57	0.57	0	0	0.38
79200	0.38	0.57	0.57	0	0	0.38
79300	0.38	0.57	0.57	0	0	0.38
79400	0.38	0.57	0.57	0	0	0.38
79500	0.37	0.57	0.57	0	0	0.37
79600	0.37	0.57	0.57	0	0	0.37
79700	0.37	0.57	0.57	0	0	0.37
79800	0.37	0.57	0.57	0	0	0.37
79900	0.37	0.56	0.56	0	0	0.37
80000	0.37	0.55	0.55	0	0	0.37
80100	0.37	0.55	0.55	0	0	0.37
80200	0.37	0.55	0.55	0	0	0.37
80300	0.37	0.56	0.56	0	0	0.37
80400	0.37	0.56	0.56	0	0	0.37
80500	0.37	0.56	0.56	0	0	0.37
80600	0.37	0.56	0.56	0	0	0.37
80700	0.37	0.56	0.56	0	0	0.37
80800	0.37	0.56	0.56	0	0	0.37
80900	0.37	0.56	0.56	0	0	0.37
81000	0.37	0.56	0.56	0	0	0.37
81100	0.37	0.56	0.56	0	0	0.37
81200	0.37	0.56	0.56	0	0	0.37
81300	0.37	0.56	0.56	0	0	0.37
81400	0.37	0.56	0.56	0	0	0.37
81500	0.37	0.56	0.56	0	0	0.37
81600	0.37	0.56	0.56	0	0	0.37
81700	0.37	0.56	0.56	0	0	0.37
81800	0.37	0.56	0.56	0	0	0.37
81900	0.37	0.56	0.56	0	0	0.37
82000	0.37	0.56	0.56	0	0	0.37
82100	0.38	0.56	0.56	0	0	0.38
82200	0.37	0.56	0.56	0	0	0.37
82300	0.37	0.56	0.56	0	0	0.37
82400	0.37	0.56	0.56	0	0	0.37
82500	0.37	0.56	0.56	0	0	0.37
82600	0.37	0.56	0.56	0	0	0.37
82700	0.37	0.56	0.56	0	0	0.37
82800	0.37	0.56	0.56	0	0	0.37
82900	0.38	0.56	0.56	0	0	0.38
83000	0.38	0.56	0.56	0	0	0.38
83100	0.38	0.56	0.56	0	0	0.38
83200	0.38	0.56	0.56	0	0	0.38
83300	0.38	0.56	0.56	0	0	0.38
83400	0.38	0.56	0.56	0	0	0.38
83500	0.38	0.56	0.56	0	0	0.38
83600	0.38	0.56	0.56	0	0	0.38
83700	0.38	0.56	0.56	0	0	0.38
83800	0.38	0.56	0.56	0	0	0.38
83900	0.38	0.56	0.56	0	0	0.38
84000	0.38	0.56	0.56	0	0	0.38
84100	0.38	0.56	0.56	0	0	0.38
84200	0.38	0.56	0.56	0	0	0.38
84300	0.38	0.56	0.56	0	0	0.38
84400	0.38	0.56	0.56	0	0	0.38
84500	0.38	0.56	0.56	0	0	0.38
84600	0.38	0.56	0.56	0	0	0.38
84700	0.38	0.56	0.56	0	0	0.38
84800	0.39	0.56	0.56	0	0	0.39
84900	0.39	0.56	0.56	0	0	0.39
85000	0.39	0.56	0.56	0	0	0.39
85100	0.39	0.56	0.56	0	0	0.39
85200	0.39	0.56	0.56	0	0	0.39
85300	0.39	0.56	0.56	0	0	0.39
85400	0.39	0.56	0.56	0	0	0.39
85500	0.39	0.56	0.56	0	0	0.39
85600	0.39	0.56	0.56	0	0	0.39
85700	0.39	0.56	0.56	0	0	0.39
85800	0.39	0.56	0.56	0	0	0.39
85900	0.38	0.56	0.56	0	0	0.38
86000	0.38	0.56	0.56	0	0	0.38
86100	0.38	0.56	0.56	0	0	0.38
86200	0.38	0.56	0.56	0	0	0.38
86300	0.38	0.56	0.56	0	0	0.38
86400	0.38	0.56	0.56	0	0	0.38
86500	0.38	0.56	0.56	0	0	0.38
86600	0.38	0.56	0.56	0	0	0.38
86700	0.39	0.56	0.56	0	0	0.39
86800	0.37	0.56	0.56	0	0	0.37
86900	0.37	0.56	0.56	0	0	0.37
87000	0.37	0.56	0.56	0	0	0.37
87100	0.37	0.56	0.56	0	0	0.37
87200	0.36	0.56	0.56	0	0	0.36
87300	0.36	0.56	0.56	0	0	0.36
87400	0.36	0.56	0.56	0	0	0.36
87500	0.36	0.56	0.56	0	0	0.36
87600	0.36	0.56	0.56	0	0	0.36
87700	0.36	0.56	0.56	0	0	0.36
87800	0.35	0.56	0.56	0	0	0.35
87900	0.35	0.56	0.56	0	0	0.35
88000	0.35	0.56	0.56	0	0	0.35
88100	0.35	0.56	0.56	0	0	0.35
88200	0.35	0.56	0.56	0	0	0.35
88300	0.36	0.56	0.56	0	0	0.36
88400	0.36	0.56	0.56	0	0	0.36
88500	0.37	0.56	0.56	0	0	0.37
88600	0.37	0.56	0.56	0	0	0.37
88700	0.37	0.56	0.56	0	0	0.37
88800	0.37	0.56	0.56	0	0	0.37
88900	0.37	0.56	0.56	0	0	0.37
89000	0.37	0.56	0.56	0	0	0.37
89100	0.37	0.56	0.56	0	0	0.37
89200	0.36	0.56	0.56	0	0	0.36
89300	0.36	0.57	0.57	0	0	0.36
89400	0.36	0.56	0.56	0	0	0.36
89500	0.36	0.56	0.56	0	0	0.36
89600	0.36	0.56	0.56	0	0	0.36
89700	0.36	0.56	0.56	0	0	0.36
89800	0.36	0.56	0.56	0	0	0.36
89900	0.36	0.56	0.56	0	0	0.36
90000	0.36	0.56	0.56	0	0	0.36
90100	0.36	0.56	0.56	0	0	0.36
90200	0.36	0.56	0.56	0	0	0.36
90300	0.36	0.56	0.56	0	0	0.36
90400	0.36	0.56	0.56	0	0	0.36
90500	0.36	0.56	0.56	0	0	0.36
90600	0.36	0.55	0.55	0	0	0.36
90700	0.36	0.55	0.55	0	0	0.36
90800	0.36	0.55	0.55	0	0	0.36
90900	0.37	0.55	0.55	0	0	0.37
91000	0.37	0.55	0.55	0	0	0.37
91100	0.37	0.55	0.55	0	0	0.37
91200	0.37	0.55	0.55	0	0	0.37
91300	0.37	0.55	0.55	0	0	0.37
91400	0.37	0.55	0.55	0	0	0.37
91500	0.37	0.55	0.55	0	0	0.37
91600	0.37	0.55	0.55	0	0	0.37
91700	0.37	0.55	0.55	0	0	0.37
91800	0.37	0.56	0.56	0	0	0.37
91900	0.37	0.55	0.55	0	0	0.37
92000	0.37	0.55	0.55	0	0	0.37
92100	0.37	0.55	0.55	0	0	0.37
92200	0.37	0.55	0.55	0	0	0.37
92300	0.37	0.55	0.55	0	0	0.37
92400	0.37	0.55	0.55	0	0	0.37
92500	0.37	0.55	0.55	0	0	0.37
92600	0.38	0.55	0.55	0	0	0.38
92700	0.37	0.55	0.55	0	0	0.37
92800	0.37	0.55	0.55	0	0	0.37
92900	0.37	0.55	0.55	0	0	0.37
93000	0.38	0.55	0.55	0	0	0.38
93100	0.37	0.55	0.55	0	0	0.37
93200	0.37	0.55	0.55	0	0	0.37
93300	0.36	0.55	0.55	0	0	0.36
93400	0.36	0.55	0.55	0	0	0.36
93500	0.36	0.55	0.55	0	0	0.36
93600	0.36	0.55	0.55	0	0	0.36
93700	0.36	0.55	0.55	0	0	0.36
93800	0.36	0.55	0.55	0	0	0.36
93900	0.36	0.55	0.55	0	0	0.36
94000	0.36	0.55	0.55	0	0	0.36
94100	0.36	0.55	0.55	0	0	0.36
94200	0.36	0.55	0.55	0	0	0.36
94300	0.36	0.55	0.55	0	0	0.36
94400	0.36	0.55	0.55	0	0	0.36
94500	0.36	0.55	0.55	0	0	0.36
94600	0.36	0.55	0.55	0	0	0.36
94700	0.36	0.55	0.55	0	0	0.36
94800	0.36	0.55	0.55	0	0	0.36
94900	0.36	0.55	0.55	0	0	0.36
95000	0.36	0.55	0.55	0	0	0.36
95100	0.36	0.55	0.55	0	0	0.36
95200	0.36	0.55	0.55	0	0	0.36
95300	0.36	0.55	0.55	0	0	0.36
95400	0.36	0.55	0.55	0	0	0.36
95500	0.37	0.55	0.55	0	0	0.37
95600	0.37	0.55	0.55	0	0	0.37
95700	0.37	0.55	0.55	0	0	0.37
95800	0.37	0.55	0.55	0	0	0.37
95900	0.37	0.55	0.55	0	0	0.37
96000	0.37	0.55	0.55	0	0	0.37
96100	0.37	0.55	0.55	0	0	0.37
96200	0.37	0.55	0.55	0	0	0.37
96300	0.37	0.56	0.56	0	0	0.37
96400	0.37	0.56	0.56	0	0	0.37
96500	0.37	0.56	0.56	0	0	0.37
96600	0.37	0.56	0.56	0	0	0.37
96700	0.37	0.56	0.56	0	0	0.37
96800	0.37	0.56	0.56	0	0	0.37
96900	0.37	0.56	0.56	0	0	0.37
97000	0.37	0.56	0.56	0	0	0.37
97100	0.37	0.56	0.56	0	0	0.37
97200	0.37	0.56	0.56	0	0	0.37
97300	0.37	0.56	0.56	0	0	0.37
97400	0.38	0.56	0.56	0	0	0.38
97500	0.38	0.56	0.56	0	0	0.38
97600	0.38	0.57	0.57	0	0	0.38
97700	0.37	0.57	0.57	0	0	0.37
97800	0.37	0.57	0.57	0	0	0.37
97900	0.37	0.56	0.56	0	0	0.37
98000	0.37	0.56	0.56	0	0	0.37
98100	0.37	0.56	0.56	0	0	0.37
98200	0.37	0.56	0.56	0	0	0.37
98300	0.37	0.56	0.56	0	0	0.37
98400	0.37	0.56	0.56	0	0	0.37
98500	0.37	0.56	0.56	0	0	0.37
98600	0.36	0.56	0.56	0	0	0.36
98700	0.36	0.56	0.56	0	0	0.36
98800	0.36	0.56	0.56	0	0	0.36
98900	0.36	0.56	0.56	0	0	0.36
99000	0.36	0.56	0.56	0	0	0.36
99100	0.36	0.56	0.56	0	0	0.36
99200	0.36	0.56	0.56	0	0	0.36
99300	0.36	0.56	0.56	0	0	0.36
99400	0.36	0.56	0.56	0	0	0.36
99500	0.36	0.56	0.56	0	0	0.36
99600	0.36	0.56	0.56	0	0	0.36
99700	0.37	0.56	0.56	0	0	0.37
99800	0.37	0.56	0.56	0	0	0.37
99900	0.37	0.56	0.56	0	0	0.37
100000	0.37	0.56	0.56	0	0	0.37
100100	0.38	0.56	0.56	0	0	0.38
100200	0.38	0.56	0.56	0	0	0.38
100300	0.38	0.56	0.56	0	0	0.38
100400	0.38	0.56	0.56	0	0	0.38
100500	0.37	0.56	0.56	0	0	0.37
100600	0.37	0.56	0.56	0	0	0.37
100700	0.37	0.56	0.56	0	0	0.37
100800	0.37	0.56	0.56	0	0	0.37
100900	0.37	0.56	0.56	0	0	0.37
101000	0.37	0.56	0.56	0	0	0.37
101100	0.37	0.56	0.56	0	0	0.37
101200	0.37	0.56	0.56	0	0	0.37
101300	0.37	0.56	0.56	0	0	0.37
101400	0.37	0.56	0.56	0	0	0.37
101500	0.37	0.56	0.56	0	0	0.37
101600	0.37	0.56	0.56	0	0	0.37
101700	0.37	0.56	0.56	0	0	0.37
101800	0.37	0.56	0.56	0	0	0.37
101900	0.37	0.56	0.56	0	0	0.37
102000	0.37	0.56	0.56	0	0	0.37
102100	0.37	0.56	0.56	0	0	0.37
102200	0.37	0.56	0.56	0	0	0.37
102300	0.37	0.56	0.56	0	0	0.37
102400	0.37	0.56	0.56	0	0	0.37
102500	0.37	0.56	0.56	0	0	0.37
102600	0.37	0.56	0.56	0	0	0.37
102700	0.37	0.56	0.56	0	0	0.37
102800	0.38	0.56	0.56	0	0	0.38
102900	0.38	0.56	0.56	0	0	0.38
103000	0.38	0.56	0.56	0	0	0.38
103100	0.38	0.56	0.56	0	0	0.38
103200	0.37	0.56	0.56	0	0	0.37
103300	0.37	0.56	0.56	0	0	0.37
103400	0.37	0.56	0.56	0	0	0.37
103500	0.37	0.56	0.56	0	0	0.37
103600	0.37	0.56	0.56	0	0	0.37
103700	0.37	0.56	0.56	0	0	0.37
103800	0.37	0.56	0.56	0	0	0.37
103900	0.37	0.56	0.56	0	0	0.37
104000	0.37	0.56	0.56	0	0	0.37
104100	0.37	0.55	0.55	0	0	0.37
104200	0.37	0.55	0.55	0	0	0.37
104300	0.37	0.55	0.55	0	0	0.37
104400	0.37	0.55	0.55	0	0	0.37
104500	0.37	0.55	0.55	0	0	0.37
104600	0.37	0.55	0.55	0	0	0.37
104700	0.37	0.55	0.55	0	0	0.37
104800	0.37	0.55	0.55	0	0	0.37
104900	0.37	0.55	0.55	0	0	0.37
105000	0.37	0.55	0.55	0	0	0.37
105100	0.37	0.55	0.55	0	0	0.37
105200	0.37	0.55	0.55	0	0	0.37
105300	0.37	0.55	0.55	0	0	0.37
105400	0.37	0.55	0.55	0	0	0.37
105500	0.37	0.55	0.55	0	0	0.37
105600	0.37	0.55	0.55	0	0	0.37
105700	0.37	0.55	0.55	0	0	0.37
105800	0.37	0.55	0.55	0	0	0.37
105900	0.37	0.55	0.55	0	0	0.37
106000	0.37	0.55	0.55	0	0	0.37
106100	0.37	0.55	0.55	0	0	0.37
106200	0.37	0.55	0.55	0	0	0.37
106300	0.37	0.56	0.56	0	0	0.37
106400	0.37	0.56	0.56	0	0	0.37
106500	0.37	0.56	0.56	0	0	0.37
106600	0.38	0.56	0.56	0	0	0.38
106700	0.38	0.56	0.56	0	0	0.38
106800	0.38	0.56	0.56	0	0	0.38
106900	0.38	0.56	0.56	0	0	0.38
107000	0.38	0.56	0.56	0	0	0.38
107100	0.38	0.56	0.56	0	0	0.38
107200	0.38	0.56	0.56	0	0	0.38
107300	0.38	0.56	0.56	0	0	0.38
107400	0.38	0.55	0.55	0	0	0.38
107500	0.38	0.55	0.55	0	0	0.38
107600	0.38	0.55	0.55	0	0	0.38
107700	0.39	0.55	0.55	0	0	0.39
107800	0.38	0.55	0.55	0	0	0.38
107900	0.38	0.55	0.55	0	0	0.38
108000	0.38	0.55	0.55	0	0	0.38
108100	0.38	0.55	0.55	0	0	0.38
108200	0.38	0.55	0.55	0	0	0.38
108300	0.38	0.55	0.55	0	0	0.38
108400	0.38	0.55	0.55	0	0	0.38
108500	0.38	0.55	0.55	0	0	0.38
108600	0.38	0.55	0.55	0	0	0.38
108700	0.38	0.55	0.55	0	0	0.38
108800	0.37	0.55	0.55	0	0	0.37
108900	0.37	0.55	0.55	0	0	0.37
109000	0.37	0.55	0.55	0	0	0.37
109100	0.37	0.55	0.55	0	0	0.37
109200	0.37	0.55	0.55	0	0	0.37
109300	0.37	0.55	0.55	0	0	0.37
109400	0.37	0.55	0.55	0	0	0.37
109500	0.37	0.55	0.55	0	0	0.37
109600	0.37	0.55	0.55	0	0	0.37
109700	0.37	0.55	0.55	0	0	0.37
109800	0.37	0.55	0.55	0	0	0.37
109900	0.37	0.55	0.55	0	0	0.37
110000	0.37	0.55	0.55	0	0	0.37
110100	0.37	0.55	0.55	0	0	0.37
110200	0.37	0.55	0.55	0	0	0.37
110300	0.37	0.54	0.54	0	0	0.37
110400	0.37	0.54	0.54	0	0	0.37
110500	0.37	0.54	0.54	0	0	0.37
110600	0.37	0.55	0.55	0	0	0.37
110700	0.37	0.55	0.55	0	0	0.37
110800	0.37	0.55	0.55	0	0	0.37
110900	0.37	0.55	0.55	0	0	0.37
111000	0.37	0.55	0.55	0	0	0.37
111100	0.37	0.55	0.55	0	0	0.37
111200	0.37	0.55	0.55	0	0	0.37
111300	0.37	0.55	0.55	0	0	0.37
111400	0.37	0.55	0.55	0	0	0.37
111500	0.37	0.56	0.56	0	0	0.37
111600	0.37	0.55	0.55	0	0	0.37
111700	0.37	0.55	0.55	0	0	0.37
111800	0.37	0.55	0.55	0	0	0.37
111900	0.37	0.55	0.55	0	0	0.37
112000	0.37	0.55	0.55	0	0	0.37
112100	0.37	0.55	0.55	0	0	0.37
112200	0.37	0.55	0.55	0	0	0.37
112300	0.37	0.55	0.55	0	0	0.37
112400	0.37	0.55	0.55	0	0	0.37
112500	0.37	0.55	0.55	0	0	0.37
112600	0.37	0.55	0.55	0	0	0.37
112700	0.37	0.55	0.55	0	0	0.37
112800	0.37	0.55	0.55	0	0	0.37
112900	0.37	0.55	0.55	0	0	0.37
113000	0.37	0.55	0.55	0	0	0.37
113100	0.37	0.55	0.55	0	0	0.37
113200	0.37	0.55	0.55	0	0	0.37
113300	0.37	0.55	0.55	0	0	0.37
113400	0.37	0.55	0.55	0	0	0.37
113500	0.37	0.55	0.55	0	0	0.37
113600	0.37	0.55	0.55	0	0	0.37
113700	0.37	0.55	0.55	0	0	0.37
113800	0.37	0.55	0.55	0	0	0.37
113900	0.37	0.54	0.54	0	0	0.37
114000	0.37	0.54	0.54	0	0	0.37
114100	0.37	0.54	0.54	0	0	0.37
114200	0.37	0.54	0.54	0	0	0.37
114300	0.37	0.54	0.54	0	0	0.37
114400	0.37	0.54	0.54	0	0	0.37
114500	0.37	0.54	0.54	0	0	0.37
114600	0.37	0.54	0.54	0	0	0.37
114700	0.37	0.54	0.54	0	0	0.37
114800	0.37	0.54	0.54	0	0	0.37
114900	0.37	0.54	0.54	0	0	0.37
115000	0.37	0.54	0.54	0	0	0.37
115100	0.37	0.54	0.54	0	0	0.37
115200	0.37	0.54	0.54	0	0	0.37
115300	0.37	0.54	0.54	0	0	0.37
115400	0.37	0.54	0.54	0	0	0.37
115500	0.37	0.54	0.54	0	0	0.37
115600	0.37	0.54	0.54	0	0	0.37
115700	0.37	0.54	0.54	0	0	0.37
115800	0.37	0.54	0.54	0	0	0.37
115900	0.37	0.54	0.54	0	0	0.37
116000	0.37	0.54	0.54	0	0	0.37
116100	0.37	0.55	0.55	0	0	0.37
116200	0.37	0.55	0.55	0	0	0.37
116300	0.37	0.55	0.55	0	0	0.37
116400	0.37	0.55	0.55	0	0	0.37
116500	0.37	0.55	0.55	0	0	0.37
116600	0.37	0.55	0.55	0	0	0.37
116700	0.37	0.55	0.55	0	0	0.37
116800	0.37	0.55	0.55	0	0	0.37
116900	0.37	0.55	0.55	0	0	0.37
117000	0.37	0.55	0.55	0	0	0.37
117100	0.37	0.55	0.55	0	0	0.37
117200	0.37	0.55	0.55	0	0	0.37
117300	0.37	0.55	0.55	0	0	0.37
117400	0.37	0.55	0.55	0	0	0.37
117500	0.37	0.55	0.55	0	0	0.37
117600	0.37	0.55	0.55	0	0	0.37
117700	0.37	0.55	0.55	0	0	0.37
117800	0.37	0.55	0.55	0	0	0.37
117900	0.37	0.55	0.55	0	0	0.37
118000	0.37	0.55	0.55	0	0	0.37
118100	0.37	0.55	0.55	0	0	0.37
118200	0.37	0.56	0.56	0	0	0.37
118300	0.37	0.56	0.56	0	0	0.37
118400	0.37	0.56	0.56	0	0	0.37
118500	0.37	0.56	0.56	0	0	0.37
118600	0.37	0.56	0.56	0	0	0.37
118700	0.37	0.56	0.56	0	0	0.37
118800	0.38	0.56	0.56	0	0	0.38
118900	0.38	0.56	0.56	0	0	0.38
119000	0.38	0.56	0.56	0	0	0.38
119100	0.38	0.56	0.56	0	0	0.38
119200	0.38	0.56	0.56	0	0	0.38
119300	0.38	0.56	0.56	0	0	0.38
119400	0.38	0.56	0.56	0	0	0.38
119500	0.38	0.55	0.55	0	0	0.38
119600	0.38	0.55	0.55	0	0	0.38
119700	0.38	0.55	0.55	0	0	0.38
119800	0.39	0.55	0.55	0	0	0.39
119900	0.39	0.55	0.55	0	0	0.39
120000	0.39	0.55	0.55	0	0	0.39
120100	0.39	0.55	0.55	0	0	0.39
120200	0.39	0.55	0.55	0	0	0.39
120300	0.39	0.55	0.55	0	0	0.39
120400	0.39	0.55	0.55	0	0	0.39
120500	0.39	0.55	0.55	0	0	0.39
120600	0.39	0.55	0.55	0	0	0.39
120700	0.39	0.55	0.55	0	0	0.39
120800	0.39	0.55	0.55	0	0	0.39
120900	0.39	0.55	0.55	0	0	0.39
121000	0.39	0.55	0.55	0	0	0.39
121100	0.39	0.55	0.55	0	0	0.39
121200	0.39	0.55	0.55	0	0	0.39
121300	0.39	0.55	0.55	0	0	0.39
121400	0.39	0.55	0.55	0	0	0.39
121500	0.39	0.55	0.55	0	0	0.39
121600	0.39	0.55	0.55	0	0	0.39
121700	0.39	0.55	0.55	0	0	0.39
121800	0.39	0.55	0.55	0	0	0.39
121900	0.39	0.55	0.55	0	0	0.39
122000	0.39	0.55	0.55	0	0	0.39
122100	0.39	0.55	0.55	0	0	0.39
122200	0.39	0.55	0.55	0	0	0.39
122300	0.39	0.55	0.55	0	0	0.39
122400	0.39	0.55	0.55	0	0	0.39
122500	0.39	0.56	0.56	0	0	0.39
122600	0.39	0.56	0.56	0	0	0.39
122700	0.39	0.55	0.55	0	0	0.39
122800	0.39	0.55	0.55	0	0	0.39
122900	0.39	0.55	0.55	0	0	0.39
123000	0.39	0.55	0.55	0	0	0.39
123100	0.39	0.55	0.55	0	0	0.39
123200	0.39	0.55	0.55	0	0	0.39
123300	0.39	0.55	0.55	0	0	0.39
123400	0.39	0.55	0.55	0	0	0.39
123500	0.39	0.55	0.55	0	0	0.39
123600	0.39	0.55	0.55	0	0	0.39
123700	0.39	0.55	0.55	0	0	0.39
123800	0.39	0.55	0.55	0	0	0.39
123900	0.39	0.55	0.55	0	0	0.39
124000	0.39	0.55	0.55	0	0	0.39
124100	0.39	0.55	0.55	0	0	0.39
124200	0.39	0.55	0.55	0	0	0.39
124300	0.39	0.55	0.55	0	0	0.39
124400	0.39	0.55	0.55	0	0	0.39
124500	0.39	0.55	0.55	0	0	0.39
124600	0.39	0.55	0.55	0	0	0.39
124700	0.39	0.55	0.55	0	0	0.39
124800	0.39	0.55	0.55	0	0	0.39
124900	0.39	0.55	0.55	0	0	0.39
125000	0.39	0.55	0.55	0	0	0.39
125100	0.39	0.55	0.55	0	0	0.39
125200	0.39	0.55	0.55	0	0	0.39
125300	0.39	0.55	0.55	0	0	0.39
125400	0.39	0.55	0.55	0	0	0.39
125500	0.39	0.55	0.55	0	0	0.39
125600	0.39	0.55	0.55	0	0	0.39
125700	0.39	0.55	0.55	0	0	0.39
125800	0.39	0.55	0.55	0	0	0.39
125900	0.39	0.55	0.55	0	0	0.39
126000	0.39	0.55	0.55	0	0	0.39
126100	0.39	0.55	0.55	0	0	0.39
126200	0.39	0.55	0.55	0	0	0.39
126300	0.39	0.55	0.55	0	0	0.39
126400	0.39	0.55	0.55	0	0	0.39
126500	0.39	0.55	0.55	0	0	0.39
126600	0.39	0.55	0.55	0	0	0.39
126700	0.39	0.55	0.55	0	0	0.39
126800	0.39	0.55	0.55	0	0	0.39
126900	0.39	0.55	0.55	0	0	0.39
127000	0.39	0.55	0.55	0	0	0.39
127100	0.39	0.55	0.55	0	0	0.39
127200	0.38	0.55	0.55	0	0	0.38
127300	0.38	0.55	0.55	0	0	0.38
127400	0.38	0.55	0.55	0	0	0.38
127500	0.38	0.55	0.55	0	0	0.38
127600	0.38	0.55	0.55	0	0	0.38
127700	0.39	0.55	0.55	0	0	0.39
127800	0.39	0.55	0.55	0	0	0.39
127900	0.39	0.55	0.55	0	0	0.39
128000	0.39	0.55	0.55	0	0	0.39
128100	0.39	0.55	0.55	0	0	0.39
128200	0.39	0.55	0.55	0	0	0.39
128300	0.39	0.55	0.55	0	0	0.39
128400	0.39	0.55	0.55	0	0	0.39
128500	0.39	0.55	0.55	0	0	0.39
128600	0.39	0.55	0.55	0	0	0.39
128700	0.39	0.55	0.55	0	0	0.39
128800	0.39	0.55	0.55	0	0	0.39
128900	0.39	0.55	0.55	0	0	0.39
129000	0.39	0.55	0.55	0	0	0.39
129100	0.39	0.55	0.55	0	0	0.39
129200	0.39	0.55	0.55	0	0	0.39
129300	0.39	0.55	0.55	0	0	0.39
129400	0.39	0.55	0.55	0	0	0.39
129500	0.39	0.55	0.55	0	0	0.39
129600	0.39	0.55	0.55	0	0	0.39
129700	0.39	0.55	0.55	0	0	0.39
129800	0.39	0.55	0.55	0	0	0.39
129900	0.39	0.55	0.55	0	0	0.39
130000	0.39	0.55	0.55	0	0	0.39
130100	0.39	0.55	0.55	0	0	0.39
130200	0.39	0.55	0.55	0	0	0.39
130300	0.39	0.55	0.55	0	0	0.39
130400	0.39	0.55	0.55	0	0	0.39
130500	0.39	0.55	0.55	0	0	0.39
130600	0.39	0.55	0.55	0	0	0.39
130700	0.39	0.55	0.55	0	0	0.39
130800	0.39	0.55	0.55	0	0	0.39
130900	0.39	0.55	0.55	0	0	0.39
131000	0.38	0.55	0.55	0	0	0.38
131100	0.38	0.56	0.56	0	0	0.38
131200	0.38	0.56	0.56	0	0	0.38
131300	0.38	0.56	0.56	0	0	0.38
131400	0.38	0.56	0.56	0	0	0.38
131500	0.38	0.56	0.56	0	0	0.38
131600	0.38	0.56	0.56	0	0	0.38
131700	0.38	0.56	0.56	0	0	0.38
131800	0.38	0.56	0.56	0	0	0.38
131900	0.38	0.56	0.56	0	0	0.38
132000	0.38	0.56	0.56	0	0	0.38
132100	0.38	0.56	0.56	0	0	0.38
132200	0.38	0.56	0.56	0	0	0.38
132300	0.38	0.56	0.56	0	0	0.38
132400	0.38	0.56	0.56	0	0	0.38
132500	0.38	0.56	0.56	0	0	0.38
132600	0.38	0.56	0.56	0	0	0.38
132700	0.38	0.56	0.56	0	0	0.38
132800	0.38	0.56	0.56	0	0	0.38
132900	0.38	0.56	0.56	0	0	0.38
133000	0.38	0.56	0.56	0	0	0.38
133100	0.38	0.56	0.56	0	0	0.38
133200	0.38	0.56	0.56	0	0	0.38
133300	0.38	0.56	0.56	0	0	0.38
133400	0.39	0.56	0.56	0	0	0.39
133500	0.39	0.56	0.56	0	0	0.39
133600	0.39	0.56	0.56	0	0	0.39
133700	0.39	0.56	0.56	0	0	0.39
133800	0.39	0.56	0.56	0	0	0.39
133900	0.39	0.56	0.56	0	0	0.39
134000	0.39	0.56	0.56	0	0	0.39
134100	0.39	0.56	0.56	0	0	0.39
134200	0.39	0.56	0.56	0	0	0.39
134300	0.39	0.56	0.56	0	0	0.39
134400	0.39	0.56	0.56	0	0	0.39
134500	0.39	0.56	0.56	0	0	0.39
134600	0.39	0.56	0.56	0	0	0.39
134700	0.39	0.56	0.56	0	0	0.39
134800	0.39	0.56	0.56	0	0	0.39
134900	0.39	0.56	0.56	0	0	0.39
135000	0.39	0.56	0.56	0	0	0.39
135100	0.39	0.56	0.56	0	0	0.39
135200	0.39	0.56	0.56	0	0	0.39
135300	0.39	0.56	0.56	0	0	0.39
135400	0.39	0.56	0.56	0	0	0.39
135500	0.39	0.56	0.56	0	0	0.39
135600	0.39	0.56	0.56	0	0	0.39
135700	0.39	0.56	0.56	0	0	0.39
135800	0.39	0.56	0.56	0	0	0.39
135900	0.39	0.56	0.56	0	0	0.39
136000	0.39	0.56	0.56	0	0	0.39
136100	0.39	0.56	0.56	0	0	0.39
136200	0.39	0.56	0.56	0	0	0.39
136300	0.39	0.56	0.56	0	0	0.39
136400	0.39	0.56	0.56	0	0	0.39
136500	0.39	0.56	0.56	0	0	0.39
136600	0.39	0.56	0.56	0	0	0.39
136700	0.39	0.56	0.56	0	0	0.39
136800	0.39	0.56	0.56	0	0	0.39
136900	0.39	0.56	0.56	0	0	0.39
137000	0.39	0.56	0.56	0	0	0.39
137100	0.39	0.56	0.56	0	0	0.39
137200	0.39	0.56	0.56	0	0	0.39
137300	0.39	0.56	0.56	0	0	0.39
137400	0.39	0.56	0.56	0	0	0.39
137500	0.39	0.56	0.56	0	0	0.39
137600	0.39	0.56	0.56	0	0	0.39
137700	0.39	0.56	0.56	0	0	0.39
137800	0.39	0.56	0.56	0	0	0.39
137900	0.39	0.56	0.56	0	0	0.39
138000	0.39	0.56	0.56	0	0	0.39
138100	0.39	0.56	0.56	0	0	0.39
138200	0.39	0.56	0.56	0	0	0.39
138300	0.39	0.56	0.56	0	0	0.39
138400	0.39	0.56	0.56	0	0	0.39
138500	0.39	0.56	0.56	0	0	0.39
138600	0.39	0.56	0.56	0	0	0.39
138700	0.39	0.56	0.56	0	0	0.39
138800	0.39	0.56	0.56	0	0	0.39
138900	0.39	0.56	0.56	0	0	0.39
139000	0.39	0.56	0.56	0	0	0.39
139100	0.39	0.56	0.56	0	0	0.39
139200	0.39	0.56	0.56	0	0	0.39
139300	0.39	0.56	0.56	0	0	0.39
139400	0.39	0.56	0.56	0	0	0.39
139500	0.39	0.56	0.56	0	0	0.39
139600	0.39	0.55	0.55	0	0	0.39
139700	0.39	0.55	0.55	0	0	0.39
139800	0.39	0.55	0.55	0	0	0.39
139900	0.39	0.55	0.55	0	0	0.39
140000	0.4	0.55	0.55	0	0	0.4
140100	0.4	0.55	0.55	0	0	0.4
140200	0.4	0.55	0.55	0	0	0.4
140300	0.4	0.55	0.55	0	0	0.4
140400	0.4	0.55	0.55	0	0	0.4
140500	0.4	0.55	0.55	0	0	0.4
140600	0.4	0.55	0.55	0	0	0.4
140700	0.41	0.55	0.55	0	0	0.41
140800	0.41	0.55	0.55	0	0	0.41
140900	0.41	0.55	0.55	0	0	0.41
141000	0.41	0.55	0.55	0	0	0.41
141100	0.41	0.55	0.55	0	0	0.41
141200	0.41	0.55	0.55	0	0	0.41
141300	0.41	0.55	0.55	0	0	0.41
141400	0.41	0.55	0.55	0	0	0.41
141500	0.41	0.55	0.55	0	0	0.41
141600	0.41	0.55	0.55	0	0	0.41
141700	0.41	0.55	0.55	0	0	0.41
141800	0.41	0.55	0.55	0	0	0.41
141900	0.41	0.55	0.55	0	0	0.41
142000	0.41	0.55	0.55	0	0	0.41
142100	0.41	0.55	0.55	0	0	0.41
142200	0.41	0.55	0.55	0	0	0.41
142300	0.41	0.55	0.55	0	0	0.41
142400	0.41	0.55	0.55	0	0	0.41
142500	0.41	0.55	0.55	0	0	0.41
142600	0.41	0.55	0.55	0	0	0.41
142700	0.41	0.55	0.55	0	0	0.41
142800	0.41	0.55	0.55	0	0	0.41
142900	0.41	0.55	0.55	0	0	0.41
143000	0.41	0.55	0.55	0	0	0.41
143100	0.41	0.55	0.55	0	0	0.41
143200	0.41	0.55	0.55	0	0	0.41
143300	0.41	0.55	0.55	0	0	0.41
143400	0.42	0.55	0.55	0	0	0.42
143500	0.42	0.55	0.55	0	0	0.42
143600	0.42	0.55	0.55	0	0	0.42
143700	0.42	0.55	0.55	0	0	0.42
143800	0.42	0.55	0.55	0	0	0.42
143900	0.42	0.55	0.55	0	0	0.42
144000	0.42	0.55	0.55	0	0	0.42
144100	0.42	0.55	0.55	0	0	0.42
144200	0.42	0.55	0.55	0	0	0.42
144300	0.42	0.55	0.55	0	0	0.42
144400	0.42	0.55	0.55	0	0	0.42
144500	0.42	0.55	0.55	0	0	0.42
144600	0.42	0.55	0.55	0	0	0.42
144700	0.42	0.55	0.55	0	0	0.42
144800	0.42	0.55	0.55	0	0	0.42
144900	0.42	0.55	0.55	0	0	0.42
145000	0.42	0.55	0.55	0	0	0.42
145100	0.42	0.55	0.55	0	0	0.42
145200	0.42	0.55	0.55	0	0	0.42
145300	0.42	0.55	0.55	0	0	0.42
145400	0.42	0.55	0.55	0	0	0.42
145500	0.42	0.55	0.55	0	0	0.42
145600	0.42	0.55	0.55	0	0	0.42
145700	0.42	0.55	0.55	0	0	0.42
145800	0.42	0.55	0.55	0	0	0.42
145900	0.42	0.55	0.55	0	0	0.42
146000	0.42	0.55	0.55	0	0	0.42
146100	0.42	0.55	0.55	0	0	0.42
146200	0.42	0.55	0.55	0	0	0.42
146300	0.42	0.55	0.55	0	0	0.42
146400	0.42	0.55	0.55	0	0	0.42
146500	0.42	0.55	0.55	0	0	0.42
146600	0.42	0.55	0.55	0	0	0.42
146700	0.41	0.55	0.55	0	0	0.41
146800	0.41	0.55	0.55	0	0	0.41
146900	0.4	0.55	0.55	0	0	0.4
147000	0.4	0.55	0.55	0	0	0.4
147100	0.4	0.55	0.55	0	0	0.4
147200	0.4	0.55	0.55	0	0	0.4
147300	0.4	0.55	0.55	0	0	0.4
147400	0.4	0.55	0.55	0	0	0.4
147500	0.4	0.55	0.55	0	0	0.4
147600	0.4	0.55	0.55	0	0	0.4
147700	0.4	0.55	0.55	0	0	0.4
147800	0.4	0.55	0.55	0	0	0.4
147900	0.4	0.55	0.55	0	0	0.4
148000	0.4	0.55	0.55	0	0	0.4
148100	0.4	0.55	0.55	0	0	0.4
148200	0.4	0.55	0.55	0	0	0.4
148300	0.4	0.55	0.55	0	0	0.4
148400	0.4	0.55	0.55	0	0	0.4
148500	0.4	0.55	0.55	0	0	0.4
148600	0.4	0.55	0.55	0	0	0.4
148700	0.4	0.56	0.56	0	0	0.4
148800	0.4	0.56	0.56	0	0	0.4
148900	0.4	0.56	0.56	0	0	0.4
149000	0.4	0.56	0.56	0	0	0.4
149100	0.4	0.56	0.56	0	0	0.4
149200	0.4	0.56	0.56	0	0	0.4
149300	0.4	0.56	0.56	0	0	0.4
149400	0.4	0.56	0.56	0	0	0.4
149500	0.4	0.57	0.57	0	0	0.4
149600	0.4	0.57	0.57	0	0	0.4
149700	0.4	0.57	0.57	0	0	0.4
149800	0.4	0.57	0.57	0	0	0.4
149900	0.4	0.57	0.57	0	0	0.4
150000	0.4	0.57	0.57	0	0	0.4
150100	0.4	0.57	0.57	0	0	0.4
150200	0.4	0.57	0.57	0	0	0.4
150300	0.4	0.57	0.57	0	0	0.4
150400	0.4	0.57	0.57	0	0	0.4
150500	0.4	0.57	0.57	0	0	0.4
150600	0.4	0.57	0.57	0	0	0.4
150700	0.4	0.57	0.57	0	0	0.4
150800	0.4	0.57	0.57	0	0	0.4
150900	0.4	0.57	0.57	0	0	0.4
151000	0.4	0.57	0.57	0	0	0.4
151100	0.4	0.57	0.57	0	0	0.4
151200	0.4	0.57	0.57	0	0	0.4
151300	0.4	0.57	0.57	0	0	0.4
151400	0.4	0.57	0.57	0	0	0.4
151500	0.4	0.57	0.57	0	0	0.4
151600	0.4	0.57	0.57	0	0	0.4
151700	0.4	0.57	0.57	0	0	0.4
151800	0.4	0.57	0.57	0	0	0.4
151900	0.4	0.57	0.57	0	0	0.4
152000	0.4	0.57	0.57	0	0	0.4
152100	0.4	0.57	0.57	0	0	0.4
152200	0.4	0.57	0.57	0	0	0.4
152300	0.4	0.57	0.57	0	0	0.4
152400	0.4	0.57	0.57	0	0	0.4
152500	0.4	0.57	0.57	0	0	0.4
152600	0.4	0.57	0.57	0	0	0.4
152700	0.39	0.57	0.57	0	0	0.39
152800	0.39	0.57	0.57	0	0	0.39
152900	0.39	0.57	0.57	0	0	0.39
153000	0.39	0.57	0.57	0	0	0.39
153100	0.39	0.57	0.57	0	0	0.39
153200	0.39	0.57	0.57	0	0	0.39
153300	0.39	0.57	0.57	0	0	0.39
153400	0.39	0.57	0.57	0	0	0.39
153500	0.39	0.57	0.57	0	0	0.39
153600	0.39	0.57	0.57	0	0	0.39
153700	0.39	0.57	0.57	0	0	0.39
153800	0.39	0.57	0.57	0	0	0.39
153900	0.39	0.57	0.57	0	0	0.39
154000	0.39	0.57	0.57	0	0	0.39
154100	0.39	0.57	0.57	0	0	0.39
154200	0.39	0.57	0.57	0	0	0.39
154300	0.39	0.57	0.57	0	0	0.39
154400	0.39	0.57	0.57	0	0	0.39
154500	0.39	0.57	0.57	0	0	0.39
154600	0.39	0.57	0.57	0	0	0.39
154700	0.39	0.57	0.57	0	0	0.39
154800	0.39	0.57	0.57	0	0	0.39
154900	0.39	0.57	0.57	0	0	0.39
155000	0.39	0.57	0.57	0	0	0.39
155100	0.39	0.57	0.57	0	0	0.39
155200	0.39	0.57	0.57	0	0	0.39
155300	0.39	0.57	0.57	0	0	0.39
155400	0.39	0.57	0.57	0	0	0.39
155500	0.39	0.57	0.57	0	0	0.39
155600	0.39	0.57	0.57	0	0	0.39
155700	0.39	0.57	0.57	0	0	0.39
155800	0.39	0.57	0.57	0	0	0.39
155900	0.39	0.57	0.57	0	0	0.39
156000	0.39	0.57	0.57	0	0	0.39
156100	0.39	0.57	0.57	0	0	0.39
156200	0.39	0.57	0.57	0	0	0.39
156300	0.39	0.57	0.57	0	0	0.39
156400	0.39	0.57	0.57	0	0	0.39
156500	0.39	0.57	0.57	0	0	0.39
156600	0.39	0.57	0.57	0	0	0.39
156700	0.39	0.57	0.57	0	0	0.39
156800	0.39	0.57	0.57	0	0	0.39
156900	0.39	0.57	0.57	0	0	0.39
157000	0.39	0.57	0.57	0	0	0.39
157100	0.39	0.57	0.57	0	0	0.39
157200	0.39	0.57	0.57	0	0	0.39
157300	0.39	0.57	0.57	0	0	0.39
157400	0.39	0.57	0.57	0	0	0.39
157500	0.39	0.57	0.57	0	0	0.39
157600	0.39	0.57	0.57	0	0	0.39
157700	0.39	0.57	0.57	0	0	0.39
157800	0.39	0.57	0.57	0	0	0.39
157900	0.39	0.57	0.57	0	0	0.39
158000	0.39	0.57	0.57	0	0	0.39
158100	0.39	0.57	0.57	0	0	0.39
158200	0.39	0.57	0.57	0	0	0.39
158300	0.39	0.57	0.57	0	0	0.39
158400	0.39	0.57	0.57	0	0	0.39
158500	0.39	0.57	0.57	0	0	0.39
158600	0.39	0.57	0.57	0	0	0.39
158700	0.39	0.57	0.57	0	0	0.39
158800	0.39	0.57	0.57	0	0	0.39
158900	0.39	0.57	0.57	0	0	0.39
159000	0.39	0.57	0.57	0	0	0.39
159100	0.39	0.57	0.57	0	0	0.39
159200	0.39	0.57	0.57	0	0	0.39
159300	0.39	0.57	0.57	0	0	0.39
159400	0.39	0.57	0.57	0	0	0.39
159500	0.39	0.57	0.57	0	0	0.39
159600	0.39	0.57	0.57	0	0	0.39
159700	0.39	0.57	0.57	0	0	0.39
159800	0.39	0.57	0.57	0	0	0.39
159900	0.39	0.57	0.57	0	0	0.39
160000	0.39	0.57	0.57	0	0	0.39
160100	0.39	0.57	0.57	0	0	0.39
160200	0.39	0.57	0.57	0	0	0.39
160300	0.39	0.57	0.57	0	0	0.39
160400	0.39	0.57	0.57	0	0	0.39
160500	0.39	0.57	0.57	0	0	0.39
160600	0.39	0.57	0.57	0	0	0.39
160700	0.39	0.57	0.57	0	0	0.39
160800	0.39	0.57	0.57	0	0	0.39
160900	0.39	0.57	0.57	0	0	0.39
161000	0.39	0.57	0.57	0	0	0.39
161100	0.39	0.57	0.57	0	0	0.39
161200	0.39	0.57	0.57	0	0	0.39
161300	0.39	0.57	0.57	0	0	0.39
161400	0.39	0.57	0.57	0	0	0.39
161500	0.39	0.57	0.57	0	0	0.39
161600	0.39	0.57	0.57	0	0	0.39
161700	0.39	0.57	0.57	0	0	0.39
161800	0.39	0.57	0.57	0	0	0.39
161900	0.39	0.57	0.57	0	0	0.39
162000	0.39	0.57	0.57	0	0	0.39
162100	0.39	0.57	0.57	0	0	0.39
162200	0.39	0.57	0.57	0	0	0.39
162300	0.39	0.57	0.57	0	0	0.39
162400	0.39	0.57	0.57	0	0	0.39
162500	0.39	0.57	0.57	0	0	0.39
162600	0.39	0.57	0.57	0	0	0.39
162700	0.39	0.57	0.57	0	0	0.39
162800	0.39	0.57	0.57	0	0	0.39
162900	0.39	0.57	0.57	0	0	0.39
163000	0.39	0.57	0.57	0	0	0.39
163100	0.39	0.57	0.57	0	0	0.39
163200	0.39	0.57	0.57	0	0	0.39
163300	0.39	0.57	0.57	0	0	0.39
163400	0.39	0.57	0.57	0	0	0.39
163500	0.39	0.57	0.57	0	0	0.39
163600	0.39	0.57	0.57	0	0	0.39
163700	0.39	0.57	0.57	0	0	0.39
163800	0.39	0.57	0.57	0	0	0.39
163900	0.39	0.57	0.57	0	0	0.39
164000	0.39	0.57	0.57	0	0	0.39
164100	0.39	0.57	0.57	0	0	0.39
164200	0.39	0.57	0.57	0	0	0.39
164300	0.39	0.57	0.57	0	0	0.39
164400	0.39	0.57	0.57	0	0	0.39
164500	0.39	0.57	0.57	0	0	0.39
164600	0.39	0.57	0.57	0	0	0.39
164700	0.39	0.57	0.57	0	0	0.39
164800	0.39	0.57	0.57	0	0	0.39
164900	0.39	0.57	0.57	0	0	0.39
165000	0.39	0.57	0.57	0	0	0.39
165100	0.39	0.57	0.57	0	0	0.39
165200	0.39	0.56	0.56	0	0	0.39
165300	0.39	0.56	0.56	0	0	0.39
165400	0.39	0.56	0.56	0	0	0.39
165500	0.39	0.56	0.56	0	0	0.39
165600	0.39	0.56	0.56	0	0	0.39
165700	0.39	0.56	0.56	0	0	0.39
165800	0.39	0.56	0.56	0	0	0.39
165900	0.39	0.56	0.56	0	0	0.39
166000	0.39	0.56	0.56	0	0	0.39
166100	0.39	0.56	0.56	0	0	0.39
166200	0.39	0.56	0.56	0	0	0.39
166300	0.39	0.56	0.56	0	0	0.39
166400	0.39	0.56	0.56	0	0	0.39
166500	0.39	0.56	0.56	0	0	0.39
166600	0.39	0.56	0.56	0	0	0.39
166700	0.39	0.56	0.56	0	0	0.39
166800	0.39	0.56	0.56	0	0	0.39
166900	0.39	0.56	0.56	0	0	0.39
167000	0.39	0.56	0.56	0	0	0.39
167100	0.39	0.56	0.56	0	0	0.39
167200	0.39	0.56	0.56	0	0	0.39
167300	0.39	0.56	0.56	0	0	0.39
167400	0.39	0.56	0.56	0	0	0.39
167500	0.39	0.56	0.56	0	0	0.39
167600	0.39	0.56	0.56	0	0	0.39
167700	0.39	0.56	0.56	0	0	0.39
167800	0.4	0.56	0.56	0	0	0.4
167900	0.4	0.56	0.56	0	0	0.4
168000	0.39	0.56	0.56	0	0	0.39
168100	0.39	0.56	0.56	0	0	0.39
168200	0.39	0.56	0.56	0	0	0.39
168300	0.39	0.56	0.56	0	0	0.39
168400	0.39	0.56	0.56	0	0	0.39
168500	0.39	0.56	0.56	0	0	0.39
168600	0.39	0.56	0.56	0	0	0.39
168700	0.39	0.56	0.56	0	0	0.39
168800	0.39	0.56	0.56	0	0	0.39
168900	0.39	0.56	0.56	0	0	0.39
169000	0.39	0.56	0.56	0	0	0.39
169100	0.39	0.56	0.56	0	0	0.39
169200	0.39	0.56	0.56	0	0	0.39
169300	0.39	0.56	0.56	0	0	0.39
169400	0.39	0.56	0.56	0	0	0.39
169500	0.39	0.56	0.56	0	0	0.39
169600	0.39	0.56	0.56	0	0	0.39
169700	0.39	0.56	0.56	0	0	0.39
169800	0.39	0.56	0.56	0	0	0.39
169900	0.39	0.56	0.56	0	0	0.39
170000	0.39	0.56	0.56	0	0	0.39
170100	0.39	0.56	0.56	0	0	0.39
170200	0.39	0.56	0.56	0	0	0.39
170300	0.39	0.56	0.56	0	0	0.39
170400	0.39	0.56	0.56	0	0	0.39
170500	0.39	0.56	0.56	0	0	0.39
170600	0.39	0.56	0.56	0	0	0.39
170700	0.39	0.56	0.56	0	0	0.39
170800	0.39	0.56	0.56	0	0	0.39
170900	0.39	0.56	0.56	0	0	0.39
171000	0.39	0.56	0.56	0	0	0.39
171100	0.39	0.56	0.56	0	0	0.39
171200	0.39	0.56	0.56	0	0	0.39
171300	0.39	0.56	0.56	0	0	0.39
171400	0.39	0.56	0.56	0	0	0.39
171500	0.39	0.56	0.56	0	0	0.39
171600	0.39	0.56	0.56	0	0	0.39
171700	0.39	0.56	0.56	0	0	0.39
171800	0.39	0.56	0.56	0	0	0.39
171900	0.39	0.56	0.56	0	0	0.39
172000	0.4	0.56	0.56	0	0	0.4
172100	0.4	0.56	0.56	0	0	0.4
172200	0.39	0.56	0.56	0	0	0.39
172300	0.39	0.56	0.56	0	0	0.39
172400	0.39	0.56	0.56	0	0	0.39
172500	0.39	0.56	0.56	0	0	0.39
172600	0.39	0.56	0.56	0	0	0.39
172700	0.39	0.56	0.56	0	0	0.39
172800	0.39	0.56	0.56	0	0	0.39
172900	0.39	0.56	0.56	0	0	0.39
173000	0.39	0.56	0.56	0	0	0.39
173100	0.39	0.56	0.56	0	0	0.39
173200	0.39	0.56	0.56	0	0	0.39
173300	0.39	0.56	0.56	0	0	0.39
173400	0.39	0.56	0.56	0	0	0.39
173500	0.39	0.56	0.56	0	0	0.39
173600	0.39	0.56	0.56	0	0	0.39
173700	0.39	0.56	0.56	0	0	0.39
173800	0.39	0.56	0.56	0	0	0.39
173900	0.39	0.56	0.56	0	0	0.39
174000	0.39	0.56	0.56	0	0	0.39
174100	0.39	0.56	0.56	0	0	0.39
174200	0.39	0.56	0.56	0	0	0.39
174300	0.39	0.56	0.56	0	0	0.39
174400	0.39	0.56	0.56	0	0	0.39
174500	0.39	0.56	0.56	0	0	0.39
174600	0.39	0.56	0.56	0	0	0.39
174700	0.39	0.56	0.56	0	0	0.39
174800	0.39	0.56	0.56	0	0	0.39
174900	0.39	0.56	0.56	0	0	0.39
175000	0.39	0.56	0.56	0	0	0.39
175100	0.39	0.56	0.56	0	0	0.39
175200	0.39	0.56	0.56	0	0	0.39
175300	0.39	0.56	0.56	0	0	0.39
175400	0.39	0.56	0.56	0	0	0.39
175500	0.39	0.56	0.56	0	0	0.39
175600	0.39	0.56	0.56	0	0	0.39
175700	0.39	0.56	0.56	0	0	0.39
175800	0.39	0.56	0.56	0	0	0.39
175900	0.39	0.56	0.56	0	0	0.39
176000	0.4	0.56	0.56	0	0	0.4
176100	0.4	0.56	0.56	0	0	0.4
176200	0.4	0.56	0.56	0	0	0.4
176300	0.4	0.56	0.56	0	0	0.4
176400	0.4	0.56	0.56	0	0	0.4
176500	0.4	0.56	0.56	0	0	0.4
176600	0.4	0.56	0.56	0	0	0.4
176700	0.4	0.56	0.56	0	0	0.4
176800	0.4	0.56	0.56	0	0	0.4
176900	0.4	0.56	0.56	0	0	0.4
177000	0.4	0.56	0.56	0	0	0.4
177100	0.4	0.56	0.56	0	0	0.4
177200	0.4	0.56	0.56	0	0	0.4
177300	0.4	0.56	0.56	0	0	0.4
177400	0.4	0.56	0.56	0	0	0.4
177500	0.4	0.56	0.56	0	0	0.4
177600	0.4	0.56	0.56	0	0	0.4
177700	0.4	0.56	0.56	0	0	0.4
177800	0.4	0.56	0.56	0	0	0.4
177900	0.39	0.56	0.56	0	0	0.39
178000	0.39	0.56	0.56	0	0	0.39
178100	0.39	0.56	0.56	0	0	0.39
178200	0.39	0.56	0.56	0	0	0.39
178300	0.39	0.56	0.56	0	0	0.39
178400	0.39	0.56	0.56	0	0	0.39
178500	0.39	0.56	0.56	0	0	0.39
178600	0.39	0.56	0.56	0	0	0.39
178700	0.39	0.56	0.56	0	0	0.39
178800	0.39	0.56	0.56	0	0	0.39
178900	0.39	0.56	0.56	0	0	0.39
179000	0.39	0.56	0.56	0	0	0.39
179100	0.39	0.56	0.56	0	0	0.39
179200	0.39	0.56	0.56	0	0	0.39
179300	0.39	0.56	0.56	0	0	0.39
179400	0.39	0.56	0.56	0	0	0.39
179500	0.4	0.56	0.56	0	0	0.4
179600	0.39	0.56	0.56	0	0	0.39
179700	0.39	0.56	0.56	0	0	0.39
179800	0.39	0.56	0.56	0	0	0.39
179900	0.39	0.56	0.56	0	0	0.39
180000	0.39	0.56	0.56	0	0	0.39
180100	0.39	0.56	0.56	0	0	0.39
180200	0.39	0.56	0.56	0	0	0.39
180300	0.39	0.56	0.56	0	0	0.39
180400	0.38	0.56	0.56	0	0	0.38
180500	0.38	0.56	0.56	0	0	0.38
180600	0.38	0.56	0.56	0	0	0.38
180700	0.38	0.57	0.57	0	0	0.38
180800	0.38	0.56	0.56	0	0	0.38
180900	0.38	0.56	0.56	0	0	0.38
181000	0.38	0.56	0.56	0	0	0.38
181100	0.38	0.56	0.56	0	0	0.38
181200	0.38	0.56	0.56	0	0	0.38
181300	0.37	0.56	0.56	0	0	0.37
181400	0.36	0.56	0.56	0	0	0.36
181500	0.36	0.56	0.56	0	0	0.36
181600	0.35	0.56	0.56	0	0	0.35
181700	0.35	0.56	0.56	0	0	0.35
181800	0.35	0.56	0.56	0	0	0.35
181900	0.35	0.56	0.56	0	0	0.35
182000	0.35	0.57	0.57	0	0	0.35
182100	0.35	0.57	0.57	0	0	0.35
182200	0.35	0.57	0.57	0	0	0.35
182300	0.35	0.57	0.57	0	0	0.35
182400	0.35	0.57	0.57	0	0	0.35
182500	0.37	0.57	0.57	0	0	0.37
182600	0.37	0.57	0.57	0	0	0.37
182700	0.37	0.57	0.57	0	0	0.37
182800	0.37	0.57	0.57	0	0	0.37
182900	0.37	0.57	0.57	0	0	0.37
183000	0.37	0.57	0.57	0	0	0.37
183100	0.37	0.57	0.57	0	0	0.37
183200	0.37	0.57	0.57	0	0	0.37
183300	0.37	0.57	0.57	0	0	0.37
183400	0.35	0.57	0.57	0	0	0.35
183500	0.35	0.57	0.57	0	0	0.35
183600	0.35	0.57	0.57	0	0	0.35
183700	0.35	0.57	0.57	0	0	0.35
183800	0.35	0.57	0.57	0	0	0.35
183900	0.35	0.57	0.57	0	0	0.35
184000	0.35	0.57	0.57	0	0	0.35
184100	0.35	0.57	0.57	0	0	0.35
184200	0.35	0.57	0.57	0	0	0.35
184300	0.35	0.57	0.57	0	0	0.35
184400	0.35	0.57	0.57	0	0	0.35
184500	0.35	0.57	0.57	0	0	0.35
184600	0.35	0.57	0.57	0	0	0.35
184700	0.35	0.58	0.58	0	0	0.35
184800	0.35	0.57	0.57	0	0	0.35
184900	0.35	0.57	0.57	0	0	0.35
185000	0.35	0.57	0.57	0	0	0.35
185100	0.35	0.57	0.57	0	0	0.35
185200	0.35	0.57	0.57	0	0	0.35
185300	0.36	0.57	0.57	0	0	0.36
185400	0.35	0.57	0.57	0	0	0.35
185500	0.35	0.57	0.57	0	0	0.35
185600	0.35	0.57	0.57	0	0	0.35
185700	0.35	0.57	0.57	0	0	0.35
185800	0.35	0.57	0.57	0	0	0.35
185900	0.35	0.57	0.57	0	0	0.35
186000	0.35	0.57	0.57	0	0	0.35
186100	0.35	0.57	0.57	0	0	0.35
186200	0.35	0.57	0.57	0	0	0.35
186300	0.35	0.57	0.57	0	0	0.35
186400	0.35	0.57	0.57	0	0	0.35
186500	0.35	0.57	0.57	0	0	0.35
186600	0.35	0.57	0.57	0	0	0.35
186700	0.35	0.57	0.57	0	0	0.35
186800	0.35	0.57	0.57	0	0	0.35
186900	0.35	0.57	0.57	0	0	0.35
187000	0.35	0.57	0.57	0	0	0.35
187100	0.35	0.57	0.57	0	0	0.35
187200	0.35	0.58	0.58	0	0	0.35
187300	0.34	0.58	0.58	0	0	0.34
187400	0.34	0.58	0.58	0	0	0.34
187500	0.34	0.58	0.58	0	0	0.34
187600	0.34	0.58	0.58	0	0	0.34
187700	0.34	0.58	0.58	0	0	0.34
187800	0.34	0.58	0.58	0	0	0.34
187900	0.34	0.58	0.58	0	0	0.34
188000	0.34	0.58	0.58	0	0	0.34
188100	0.34	0.58	0.58	0	0	0.34
188200	0.34	0.59	0.59	0	0	0.34
188300	0.34	0.59	0.59	0	0	0.34
188400	0.34	0.6	0.6	0	0	0.34
188500	0.34	0.6	0.6	0	0	0.34
188600	0.34	0.6	0.6	0	0	0.34
188700	0.34	0.6	0.6	0	0	0.34
188800	0.34	0.6	0.6	0	0	0.34
188900	0.34	0.6	0.6	0	0	0.34
189000	0.34	0.6	0.6	0	0	0.34
189100	0.34	0.6	0.6	0	0	0.34
189200	0.34	0.6	0.6	0	0	0.34
189300	0.34	0.6	0.6	0	0	0.34
189400	0.34	0.6	0.6	0	0	0.34
189500	0.34	0.6	0.6	0	0	0.34
189600	0.34	0.6	0.6	0	0	0.34
189700	0.34	0.6	0.6	0	0	0.34
189800	0.34	0.6	0.6	0	0	0.34
189900	0.34	0.6	0.6	0	0	0.34
190000	0.34	0.6	0.6	0	0	0.34
190100	0.34	0.6	0.6	0	0	0.34
190200	0.34	0.6	0.6	0	0	0.34
190300	0.34	0.6	0.6	0	0	0.34
190400	0.34	0.6	0.6	0	0	0.34
190500	0.34	0.6	0.6	0	0	0.34
190600	0.34	0.6	0.6	0	0	0.34
190700	0.34	0.6	0.6	0	0	0.34
190800	0.34	0.6	0.6	0	0	0.34
190900	0.34	0.6	0.6	0	0	0.34
191000	0.34	0.6	0.6	0	0	0.34
191100	0.34	0.6	0.6	0	0	0.34
191200	0.34	0.6	0.6	0	0	0.34
191300	0.34	0.6	0.6	0	0	0.34
191400	0.34	0.6	0.6	0	0	0.34
191500	0.34	0.6	0.6	0	0	0.34
191600	0.34	0.6	0.6	0	0	0.34
191700	0.34	0.6	0.6	0	0	0.34
191800	0.35	0.6	0.6	0	0	0.35
191900	0.35	0.6	0.6	0	0	0.35
192000	0.35	0.6	0.6	0	0	0.35
192100	0.35	0.6	0.6	0	0	0.35
192200	0.35	0.6	0.6	0	0	0.35
192300	0.35	0.6	0.6	0	0	0.35
192400	0.35	0.6	0.6	0	0	0.35
192500	0.35	0.6	0.6	0	0	0.35
192600	0.35	0.6	0.6	0	0	0.35
192700	0.35	0.6	0.6	0	0	0.35
192800	0.35	0.61	0.61	0	0	0.35
192900	0.35	0.6	0.6	0	0	0.35
193000	0.35	0.6	0.6	0	0	0.35
193100	0.35	0.6	0.6	0	0	0.35
193200	0.35	0.6	0.6	0	0	0.35
193300	0.35	0.6	0.6	0	0	0.35
193400	0.35	0.6	0.6	0	0	0.35
193500	0.35	0.6	0.6	0	0	0.35
193600	0.35	0.6	0.6	0	0	0.35
193700	0.35	0.6	0.6	0	0	0.35
193800	0.35	0.6	0.6	0	0	0.35
193900	0.35	0.6	0.6	0	0	0.35
194000	0.35	0.6	0.6	0	0	0.35
194100	0.35	0.6	0.6	0	0	0.35
194200	0.35	0.6	0.6	0	0	0.35
194300	0.35	0.6	0.6	0	0	0.35
194400	0.35	0.6	0.6	0	0	0.35
194500	0.35	0.6	0.6	0	0	0.35
194600	0.35	0.6	0.6	0	0	0.35
194700	0.35	0.6	0.6	0	0	0.35
194800	0.35	0.6	0.6	0	0	0.35
194900	0.35	0.6	0.6	0	0	0.35
195000	0.35	0.6	0.6	0	0	0.35
195100	0.35	0.6	0.6	0	0	0.35
195200	0.35	0.6	0.6	0	0	0.35
195300	0.35	0.6	0.6	0	0	0.35
195400	0.35	0.6	0.6	0	0	0.35
195500	0.35	0.6	0.6	0	0	0.35
195600	0.35	0.6	0.6	0	0	0.35
195700	0.35	0.6	0.6	0	0	0.35
195800	0.35	0.6	0.6	0	0	0.35
195900	0.35	0.6	0.6	0	0	0.35
196000	0.35	0.6	0.6	0	0	0.35
196100	0.35	0.6	0.6	0	0	0.35
196200	0.35	0.6	0.6	0	0	0.35
196300	0.35	0.6	0.6	0	0	0.35
196400	0.35	0.6	0.6	0	0	0.35
196500	0.35	0.6	0.6	0	0	0.35
196600	0.35	0.6	0.6	0	0	0.35
196700	0.35	0.6	0.6	0	0	0.35
196800	0.35	0.61	0.61	0	0	0.35
196900	0.35	0.6	0.6	0	0	0.35
197000	0.35	0.6	0.6	0	0	0.35
197100	0.35	0.6	0.6	0	0	0.35
197200	0.35	0.6	0.6	0	0	0.35
197300	0.35	0.6	0.6	0	0	0.35
197400	0.35	0.6	0.6	0	0	0.35
197500	0.35	0.61	0.61	0	0	0.35
197600	0.35	0.61	0.61	0	0	0.35
197700	0.35	0.61	0.61	0	0	0.35
197800	0.35	0.61	0.61	0	0	0.35
197900	0.35	0.61	0.61	0	0	0.35
198000	0.35	0.61	0.61	0	0	0.35
198100	0.35	0.61	0.61	0	0	0.35
198200	0.35	0.61	0.61	0	0	0.35
198300	0.35	0.61	0.61	0	0	0.35
198400	0.35	0.61	0.61	0	0	0.35
198500	0.35	0.61	0.61	0	0	0.35
198600	0.35	0.61	0.61	0	0	0.35
198700	0.35	0.61	0.61	0	0	0.35
198800	0.35	0.61	0.61	0	0	0.35
198900	0.35	0.61	0.61	0	0	0.35
199000	0.35	0.61	0.61	0	0	0.35
199100	0.35	0.61	0.61	0	0	0.35
199200	0.35	0.61	0.61	0	0	0.35
199300	0.35	0.61	0.61	0	0	0.35
199400	0.35	0.61	0.61	0	0	0.35
199500	0.35	0.61	0.61	0	0	0.35
199600	0.35	0.61	0.61	0	0	0.35
199700	0.35	0.61	0.61	0	0	0.35
199800	0.35	0.61	0.61	0	0	0.35
199900	0.35	0.61	0.61	0	0	0.35
200000	0.35	0.61	0.61	0	0	0.35
200100	0.35	0.61	0.61	0	0	0.35
200200	0.35	0.61	0.61	0	0	0.35
200300	0.35	0.61	0.61	0	0	0.35
200400	0.35	0.61	0.61	0	0	0.35
200500	0.35	0.61	0.61	0	0	0.35
200600	0.35	0.61	0.61	0	0	0.35
200700	0.35	0.61	0.61	0	0	0.35
200800	0.35	0.61	0.61	0	0	0.35
200900	0.35	0.61	0.61	0	0	0.35
201000	0.35	0.61	0.61	0	0	0.35
201100	0.35	0.61	0.61	0	0	0.35
201200	0.35	0.61	0.61	0	0	0.35
201300	0.35	0.61	0.61	0	0	0.35
201400	0.35	0.61	0.61	0	0	0.35
201500	0.35	0.61	0.61	0	0	0.35
201600	0.35	0.61	0.61	0	0	0.35
201700	0.35	0.61	0.61	0	0	0.35
201800	0.35	0.61	0.61	0	0	0.35
201900	0.35	0.61	0.61	0	0	0.35
202000	0.35	0.61	0.61	0	0	0.35
202100	0.35	0.61	0.61	0	0	0.35
202200	0.35	0.61	0.61	0	0	0.35
202300	0.35	0.61	0.61	0	0	0.35
202400	0.35	0.61	0.61	0	0	0.35
202500	0.35	0.61	0.61	0	0	0.35
202600	0.35	0.61	0.61	0	0	0.35
202700	0.35	0.61	0.61	0	0	0.35
202800	0.35	0.61	0.61	0	0	0.35
202900	0.35	0.61	0.61	0	0	0.35
203000	0.35	0.61	0.61	0	0	0.35
203100	0.35	0.61	0.61	0	0	0.35
203200	0.35	0.61	0.61	0	0	0.35
203300	0.35	0.61	0.61	0	0	0.35
203400	0.35	0.61	0.61	0	0	0.35
203500	0.35	0.61	0.61	0	0	0.35
203600	0.35	0.61	0.61	0	0	0.35
203700	0.35	0.61	0.61	0	0	0.35
203800	0.35	0.61	0.61	0	0	0.35
203900	0.35	0.61	0.61	0	0	0.35
204000	0.35	0.61	0.61	0	0	0.35
204100	0.35	0.61	0.61	0	0	0.35
204200	0.35	0.61	0.61	0	0	0.35
204300	0.35	0.61	0.61	0	0	0.35
204400	0.35	0.61	0.61	0	0	0.35
204500	0.35	0.61	0.61	0	0	0.35
204600	0.35	0.61	0.61	0	0	0.35
204700	0.35	0.61	0.61	0	0	0.35
204800	0.35	0.61	0.61	0	0	0.35
204900	0.35	0.61	0.61	0	0	0.35
205000	0.35	0.61	0.61	0	0	0.35
205100	0.35	0.61	0.61	0	0	0.35
205200	0.35	0.61	0.61	0	0	0.35
205300	0.35	0.61	0.61	0	0	0.35
205400	0.35	0.61	0.61	0	0	0.35
205500	0.35	0.61	0.61	0	0	0.35
205600	0.35	0.61	0.61	0	0	0.35
205700	0.35	0.61	0.61	0	0	0.35
205800	0.35	0.61	0.61	0	0	0.35
205900	0.35	0.61	0.61	0	0	0.35
206000	0.35	0.61	0.61	0	0	0.35
206100	0.35	0.61	0.61	0	0	0.35
206200	0.35	0.61	0.61	0	0	0.35
206300	0.35	0.61	0.61	0	0	0.35
206400	0.35	0.61	0.61	0	0	0.35
206500	0.35	0.61	0.61	0	0	0.35
206600	0.35	0.61	0.61	0	0	0.35
206700	0.35	0.61	0.61	0	0	0.35
206800	0.35	0.61	0.61	0	0	0.35
206900	0.35	0.61	0.61	0	0	0.35
207000	0.35	0.61	0.61	0	0	0.35
207100	0.35	0.61	0.61	0	0	0.35
207200	0.35	0.61	0.61	0	0	0.35
207300	0.35	0.61	0.61	0	0	0.35
207400	0.35	0.61	0.61	0	0	0.35
207500	0.35	0.61	0.61	0	0	0.35
207600	0.35	0.61	0.61	0	0	0.35
207700	0.35	0.61	0.61	0	0	0.35
207800	0.35	0.61	0.61	0	0	0.35
207900	0.35	0.61	0.61	0	0	0.35
208000	0.35	0.61	0.61	0	0	0.35
208100	0.35	0.61	0.61	0	0	0.35
208200	0.35	0.61	0.61	0	0	0.35
208300	0.35	0.61	0.61	0	0	0.35
208400	0.35	0.61	0.61	0	0	0.35
208500	0.35	0.61	0.61	0	0	0.35
208600	0.35	0.61	0.61	0	0	0.35
208700	0.35	0.61	0.61	0	0	0.35
208800	0.35	0.61	0.61	0	0	0.35
208900	0.35	0.61	0.61	0	0	0.35
209000	0.35	0.61	0.61	0	0	0.35
209100	0.35	0.61	0.61	0	0	0.35
209200	0.35	0.61	0.61	0	0	0.35
209300	0.35	0.61	0.61	0	0	0.35
209400	0.35	0.61	0.61	0	0	0.35
209500	0.35	0.61	0.61	0	0	0.35
209600	0.35	0.61	0.61	0	0	0.35
209700	0.35	0.61	0.61	0	0	0.35
209800	0.35	0.61	0.61	0	0	0.35
209900	0.35	0.61	0.61	0	0	0.35
210000	0.35	0.61	0.61	0	0	0.35
210100	0.35	0.61	0.61	0	0	0.35
210200	0.36	0.61	0.61	0	0	0.36
210300	0.36	0.61	0.61	0	0	0.36
210400	0.36	0.61	0.61	0	0	0.36
210500	0.36	0.61	0.61	0	0	0.36
210600	0.36	0.61	0.61	0	0	0.36
210700	0.36	0.61	0.61	0	0	0.36
210800	0.36	0.61	0.61	0	0	0.36
210900	0.36	0.61	0.61	0	0	0.36
211000	0.36	0.61	0.61	0	0	0.36
211100	0.36	0.61	0.61	0	0	0.36
211200	0.36	0.61	0.61	0	0	0.36
211300	0.36	0.61	0.61	0	0	0.36
211400	0.36	0.61	0.61	0	0	0.36
211500	0.36	0.61	0.61	0	0	0.36
211600	0.36	0.61	0.61	0	0	0.36
211700	0.36	0.61	0.61	0	0	0.36
211800	0.36	0.61	0.61	0	0	0.36
211900	0.36	0.61	0.61	0	0	0.36
212000	0.36	0.61	0.61	0	0	0.36
212100	0.36	0.61	0.61	0	0	0.36
212200	0.36	0.61	0.61	0	0	0.36
212300	0.36	0.61	0.61	0	0	0.36
212400	0.36	0.61	0.61	0	0	0.36
212500	0.36	0.61	0.61	0	0	0.36
212600	0.36	0.61	0.61	0	0	0.36
212700	0.36	0.61	0.61	0	0	0.36
212800	0.36	0.61	0.61	0	0	0.36
212900	0.36	0.61	0.61	0	0	0.36
213000	0.36	0.61	0.61	0	0	0.36
213100	0.36	0.61	0.61	0	0	0.36
213200	0.36	0.61	0.61	0	0	0.36
213300	0.36	0.61	0.61	0	0	0.36
213400	0.36	0.61	0.61	0	0	0.36
213500	0.36	0.61	0.61	0	0	0.36
213600	0.36	0.61	0.61	0	0	0.36
213700	0.36	0.61	0.61	0	0	0.36
213800	0.36	0.61	0.61	0	0	0.36
213900	0.36	0.61	0.61	0	0	0.36
214000	0.36	0.61	0.61	0	0	0.36
214100	0.36	0.61	0.61	0	0	0.36
214200	0.36	0.61	0.61	0	0	0.36
214300	0.36	0.61	0.61	0	0	0.36
214400	0.36	0.61	0.61	0	0	0.36
214500	0.36	0.61	0.61	0	0	0.36
214600	0.36	0.61	0.61	0	0	0.36
214700	0.36	0.61	0.61	0	0	0.36
214800	0.36	0.61	0.61	0	0	0.36
214900	0.36	0.61	0.61	0	0	0.36
215000	0.36	0.61	0.61	0	0	0.36
215100	0.36	0.61	0.61	0	0	0.36
215200	0.35	0.61	0.61	0	0	0.35
215300	0.35	0.61	0.61	0	0	0.35
215400	0.35	0.61	0.61	0	0	0.35
215500	0.35	0.61	0.61	0	0	0.35
215600	0.35	0.61	0.61	0	0	0.35
215700	0.35	0.61	0.61	0	0	0.35
215800	0.35	0.61	0.61	0	0	0.35
215900	0.35	0.61	0.61	0	0	0.35
216000	0.35	0.61	0.61	0	0	0.35
216100	0.35	0.61	0.61	0	0	0.35
216200	0.35	0.61	0.61	0	0	0.35
216300	0.35	0.61	0.61	0	0	0.35
216400	0.35	0.61	0.61	0	0	0.35
216500	0.35	0.61	0.61	0	0	0.35
216600	0.35	0.61	0.61	0	0	0.35
216700	0.35	0.61	0.61	0	0	0.35
216800	0.35	0.61	0.61	0	0	0.35
216900	0.35	0.61	0.61	0	0	0.35
217000	0.35	0.61	0.61	0	0	0.35
217100	0.35	0.61	0.61	0	0	0.35
217200	0.35	0.61	0.61	0	0	0.35
217300	0.35	0.61	0.61	0	0	0.35
217400	0.35	0.61	0.61	0	0	0.35
217500	0.35	0.61	0.61	0	0	0.35
217600	0.35	0.61	0.61	0	0	0.35
217700	0.35	0.61	0.61	0	0	0.35
217800	0.35	0.61	0.61	0	0	0.35
217900	0.35	0.61	0.61	0	0	0.35
218000	0.35	0.61	0.61	0	0	0.35
218100	0.35	0.61	0.61	0	0	0.35
218200	0.35	0.61	0.61	0	0	0.35
218300	0.35	0.61	0.61	0	0	0.35
218400	0.35	0.61	0.61	0	0	0.35
218500	0.35	0.61	0.61	0	0	0.35
218600	0.35	0.61	0.61	0	0	0.35
218700	0.35	0.61	0.61	0	0	0.35
218800	0.35	0.61	0.61	0	0	0.35
218900	0.35	0.61	0.61	0	0	0.35
219000	0.35	0.61	0.61	0	0	0.35
219100	0.35	0.61	0.61	0	0	0.35
219200	0.35	0.61	0.61	0	0	0.35
219300	0.35	0.6	0.6	0	0	0.35
219400	0.35	0.6	0.6	0	0	0.35
219500	0.35	0.6	0.6	0	0	0.35
219600	0.35	0.6	0.6	0	0	0.35
219700	0.35	0.6	0.6	0	0	0.35
219800	0.35	0.6	0.6	0	0	0.35
219900	0.35	0.6	0.6	0	0	0.35
220000	0.35	0.6	0.6	0	0	0.35
220100	0.35	0.6	0.6	0	0	0.35
220200	0.35	0.6	0.6	0	0	0.35
220300	0.35	0.6	0.6	0	0	0.35
220400	0.35	0.6	0.6	0	0	0.35
220500	0.35	0.6	0.6	0	0	0.35
220600	0.35	0.6	0.6	0	0	0.35
220700	0.35	0.6	0.6	0	0	0.35
220800	0.35	0.6	0.6	0	0	0.35
220900	0.35	0.6	0.6	0	0	0.35
221000	0.35	0.6	0.6	0	0	0.35
221100	0.35	0.6	0.6	0	0	0.35
221200	0.35	0.6	0.6	0	0	0.35
221300	0.35	0.6	0.6	0	0	0.35
221400	0.35	0.6	0.6	0	0	0.35
221500	0.35	0.6	0.6	0	0	0.35
221600	0.35	0.6	0.6	0	0	0.35
221700	0.35	0.6	0.6	0	0	0.35
221800	0.35	0.6	0.6	0	0	0.35
221900	0.35	0.6	0.6	0	0	0.35
222000	0.35	0.59	0.59	0	0	0.35
222100	0.35	0.59	0.59	0	0	0.35
222200	0.35	0.59	0.59	0	0	0.35
222300	0.35	0.59	0.59	0	0	0.35
222400	0.35	0.59	0.59	0	0	0.35
222500	0.35	0.59	0.59	0	0	0.35
222600	0.35	0.59	0.59	0	0	0.35
222700	0.35	0.59	0.59	0	0	0.35
222800	0.35	0.59	0.59	0	0	0.35
222900	0.35	0.59	0.59	0	0	0.35
223000	0.35	0.59	0.59	0	0	0.35
223100	0.35	0.59	0.59	0	0	0.35
223200	0.35	0.59	0.59	0	0	0.35
223300	0.35	0.59	0.59	0	0	0.35
223400	0.35	0.59	0.59	0	0	0.35
223500	0.35	0.59	0.59	0	0	0.35
223600	0.35	0.59	0.59	0	0	0.35
223700	0.35	0.59	0.59	0	0	0.35
223800	0.35	0.59	0.59	0	0	0.35
223900	0.35	0.59	0.59	0	0	0.35
224000	0.35	0.59	0.59	0	0	0.35
224100	0.35	0.59	0.59	0	0	0.35
224200	0.35	0.59	0.59	0	0	0.35
224300	0.35	0.59	0.59	0	0	0.35
224400	0.35	0.59	0.59	0	0	0.35
224500	0.36	0.59	0.59	0	0	0.36
224600	0.36	0.59	0.59	0	0	0.36
224700	0.36	0.59	0.59	0	0	0.36
224800	0.36	0.59	0.59	0	0	0.36
224900	0.36	0.59	0.59	0	0	0.36
225000	0.36	0.59	0.59	0	0	0.36
225100	0.36	0.59	0.59	0	0	0.36
225200	0.36	0.59	0.59	0	0	0.36
225300	0.36	0.59	0.59	0	0	0.36
225400	0.36	0.59	0.59	0	0	0.36
225500	0.36	0.59	0.59	0	0	0.36
225600	0.36	0.59	0.59	0	0	0.36
225700	0.36	0.59	0.59	0	0	0.36
225800	0.37	0.59	0.59	0	0	0.37
225900	0.37	0.59	0.59	0	0	0.37
226000	0.37	0.59	0.59	0	0	0.37
226100	0.37	0.59	0.59	0	0	0.37
226200	0.37	0.59	0.59	0	0	0.37
226300	0.37	0.59	0.59	0	0	0.37
226400	0.37	0.59	0.59	0	0	0.37
226500	0.37	0.59	0.59	0	0	0.37
226600	0.37	0.59	0.59	0	0	0.37
226700	0.37	0.59	0.59	0	0	0.37
226800	0.37	0.59	0.59	0	0	0.37
226900	0.37	0.59	0.59	0	0	0.37
227000	0.37	0.59	0.59	0	0	0.37
227100	0.37	0.59	0.59	0	0	0.37
227200	0.37	0.59	0.59	0	0	0.37
227300	0.37	0.59	0.59	0	0	0.37
227400	0.37	0.59	0.59	0	0	0.37
227500	0.37	0.59	0.59	0	0	0.37
227600	0.37	0.59	0.59	0	0	0.37
227700	0.37	0.59	0.59	0	0	0.37
227800	0.37	0.59	0.59	0	0	0.37
227900	0.37	0.59	0.59	0	0	0.37
228000	0.37	0.59	0.59	0	0	0.37
228100	0.37	0.59	0.59	0	0	0.37
228200	0.37	0.59	0.59	0	0	0.37
228300	0.37	0.59	0.59	0	0	0.37
228400	0.37	0.59	0.59	0	0	0.37
228500	0.37	0.59	0.59	0	0	0.37
228600	0.37	0.59	0.59	0	0	0.37
228700	0.38	0.59	0.59	0	0	0.38
228800	0.38	0.59	0.59	0	0	0.38
228900	0.38	0.59	0.59	0	0	0.38
229000	0.37	0.59	0.59	0	0	0.37
229100	0.37	0.59	0.59	0	0	0.37
229200	0.37	0.59	0.59	0	0	0.37
229300	0.37	0.59	0.59	0	0	0.37
229400	0.37	0.59	0.59	0	0	0.37
229500	0.37	0.59	0.59	0	0	0.37
229600	0.37	0.59	0.59	0	0	0.37
229700	0.37	0.59	0.59	0	0	0.37
229800	0.37	0.59	0.59	0	0	0.37
229900	0.37	0.59	0.59	0	0	0.37
230000	0.37	0.59	0.59	0	0	0.37
230100	0.37	0.59	0.59	0	0	0.37
230200	0.37	0.59	0.59	0	0	0.37
230300	0.37	0.59	0.59	0	0	0.37
230400	0.37	0.59	0.59	0	0	0.37
230500	0.37	0.59	0.59	0	0	0.37
230600	0.37	0.59	0.59	0	0	0.37
230700	0.37	0.59	0.59	0	0	0.37
230800	0.37	0.59	0.59	0	0	0.37
230900	0.37	0.59	0.59	0	0	0.37
231000	0.37	0.59	0.59	0	0	0.37
231100	0.37	0.59	0.59	0	0	0.37
231200	0.37	0.59	0.59	0	0	0.37
231300	0.37	0.59	0.59	0	0	0.37
231400	0.37	0.59	0.59	0	0	0.37
231500	0.37	0.59	0.59	0	0	0.37
231600	0.37	0.59	0.59	0	0	0.37
231700	0.37	0.59	0.59	0	0	0.37
231800	0.37	0.59	0.59	0	0	0.37
231900	0.37	0.59	0.59	0	0	0.37
232000	0.37	0.59	0.59	0	0	0.37
232100	0.37	0.59	0.59	0	0	0.37
232200	0.37	0.59	0.59	0	0	0.37
232300	0.37	0.59	0.59	0	0	0.37
232400	0.37	0.59	0.59	0	0	0.37
232500	0.37	0.59	0.59	0	0	0.37
232600	0.37	0.59	0.59	0	0	0.37
232700	0.37	0.59	0.59	0	0	0.37
232800	0.37	0.59	0.59	0	0	0.37
232900	0.37	0.59	0.59	0	0	0.37
233000	0.37	0.59	0.59	0	0	0.37
233100	0.37	0.59	0.59	0	0	0.37
233200	0.37	0.59	0.59	0	0	0.37
233300	0.37	0.59	0.59	0	0	0.37
233400	0.37	0.59	0.59	0	0	0.37
233500	0.37	0.59	0.59	0	0	0.37
233600	0.37	0.59	0.59	0	0	0.37
233700	0.37	0.59	0.59	0	0	0.37
233800	0.37	0.59	0.59	0	0	0.37
233900	0.37	0.59	0.59	0	0	0.37
234000	0.37	0.59	0.59	0	0	0.37
234100	0.37	0.59	0.59	0	0	0.37
234200	0.37	0.59	0.59	0	0	0.37
234300	0.37	0.59	0.59	0	0	0.37
234400	0.37	0.59	0.59	0	0	0.37
234500	0.37	0.59	0.59	0	0	0.37
234600	0.37	0.59	0.59	0	0	0.37
234700	0.37	0.59	0.59	0	0	0.37
234800	0.37	0.59	0.59	0	0	0.37
234900	0.37	0.59	0.59	0	0	0.37
235000	0.37	0.59	0.59	0	0	0.37
235100	0.37	0.59	0.59	0	0	0.37
235200	0.37	0.59	0.59	0	0	0.37
235300	0.37	0.59	0.59	0	0	0.37
235400	0.37	0.59	0.59	0	0	0.37
235500	0.37	0.59	0.59	0	0	0.37
235600	0.37	0.59	0.59	0	0	0.37
235700	0.37	0.6	0.6	0	0	0.37
235800	0.37	0.59	0.59	0	0	0.37
235900	0.37	0.59	0.59	0	0	0.37
236000	0.37	0.59	0.59	0	0	0.37
236100	0.37	0.59	0.59	0	0	0.37
236200	0.37	0.59	0.59	0	0	0.37
236300	0.37	0.59	0.59	0	0	0.37
236400	0.37	0.59	0.59	0	0	0.37
236500	0.37	0.59	0.59	0	0	0.37
236600	0.37	0.59	0.59	0	0	0.37
236700	0.37	0.59	0.59	0	0	0.37
236800	0.37	0.59	0.59	0	0	0.37
236900	0.37	0.59	0.59	0	0	0.37
237000	0.37	0.59	0.59	0	0	0.37
237100	0.37	0.59	0.59	0	0	0.37
237200	0.37	0.59	0.59	0	0	0.37
237300	0.37	0.59	0.59	0	0	0.37
237400	0.37	0.59	0.59	0	0	0.37
237500	0.37	0.59	0.59	0	0	0.37
237600	0.37	0.59	0.59	0	0	0.37
237700	0.37	0.59	0.59	0	0	0.37
237800	0.37	0.59	0.59	0	0	0.37
237900	0.37	0.59	0.59	0	0	0.37
238000	0.37	0.59	0.59	0	0	0.37
238100	0.37	0.59	0.59	0	0	0.37
238200	0.37	0.59	0.59	0	0	0.37
238300	0.37	0.59	0.59	0	0	0.37
238400	0.37	0.59	0.59	0	0	0.37
238500	0.37	0.59	0.59	0	0	0.37
238600	0.37	0.59	0.59	0	0	0.37
238700	0.37	0.59	0.59	0	0	0.37
238800	0.37	0.59	0.59	0	0	0.37
238900	0.37	0.59	0.59	0	0	0.37
239000	0.37	0.59	0.59	0	0	0.37
239100	0.37	0.59	0.59	0	0	0.37
239200	0.37	0.59	0.59	0	0	0.37
239300	0.37	0.59	0.59	0	0	0.37
239400	0.37	0.59	0.59	0	0	0.37
239500	0.37	0.59	0.59	0	0	0.37
239600	0.37	0.59	0.59	0	0	0.37
239700	0.37	0.59	0.59	0	0	0.37
239800	0.37	0.59	0.59	0	0	0.37
239900	0.37	0.59	0.59	0	0	0.37
240000	0.37	0.59	0.59	0	0	0.37
240100	0.37	0.59	0.59	0	0	0.37
240200	0.37	0.59	0.59	0	0	0.37
240300	0.37	0.59	0.59	0	0	0.37
240400	0.37	0.59	0.59	0	0	0.37
240500	0.37	0.59	0.59	0	0	0.37
240600	0.37	0.59	0.59	0	0	0.37
240700	0.37	0.59	0.59	0	0	0.37
240800	0.37	0.59	0.59	0	0	0.37
240900	0.36	0.59	0.59	0	0	0.36
241000	0.36	0.59	0.59	0	0	0.36
241100	0.36	0.59	0.59	0	0	0.36
241200	0.36	0.59	0.59	0	0	0.36
241300	0.36	0.59	0.59	0	0	0.36
241400	0.36	0.59	0.59	0	0	0.36
241500	0.36	0.59	0.59	0	0	0.36
241600	0.36	0.59	0.59	0	0	0.36
241700	0.36	0.59	0.59	0	0	0.36
241800	0.36	0.59	0.59	0	0	0.36
241900	0.36	0.59	0.59	0	0	0.36
242000	0.36	0.59	0.59	0	0	0.36
242100	0.36	0.59	0.59	0	0	0.36
242200	0.36	0.59	0.59	0	0	0.36
242300	0.36	0.59	0.59	0	0	0.36
242400	0.36	0.59	0.59	0	0	0.36
242500	0.36	0.59	0.59	0	0	0.36
242600	0.36	0.59	0.59	0	0	0.36
242700	0.36	0.59	0.59	0	0	0.36
242800	0.36	0.59	0.59	0	0	0.36
242900	0.36	0.59	0.59	0	0	0.36
243000	0.36	0.59	0.59	0	0	0.36
243100	0.36	0.59	0.59	0	0	0.36
243200	0.36	0.59	0.59	0	0	0.36
243300	0.36	0.59	0.59	0	0	0.36
243400	0.36	0.59	0.59	0	0	0.36
243500	0.36	0.59	0.59	0	0	0.36
243600	0.36	0.59	0.59	0	0	0.36
243700	0.36	0.59	0.59	0	0	0.36
243800	0.36	0.59	0.59	0	0	0.36
243900	0.36	0.59	0.59	0	0	0.36
244000	0.37	0.59	0.59	0	0	0.37
244100	0.37	0.59	0.59	0	0	0.37
244200	0.37	0.59	0.59	0	0	0.37
244300	0.37	0.59	0.59	0	0	0.37
244400	0.37	0.59	0.59	0	0	0.37
244500	0.37	0.59	0.59	0	0	0.37
244600	0.37	0.59	0.59	0	0	0.37
244700	0.37	0.59	0.59	0	0	0.37
244800	0.37	0.59	0.59	0	0	0.37
244900	0.37	0.59	0.59	0	0	0.37
245000	0.37	0.59	0.59	0	0	0.37
245100	0.37	0.59	0.59	0	0	0.37
245200	0.36	0.59	0.59	0	0	0.36
245300	0.36	0.59	0.59	0	0	0.36
245400	0.36	0.59	0.59	0	0	0.36
245500	0.36	0.59	0.59	0	0	0.36
245600	0.36	0.59	0.59	0	0	0.36
245700	0.36	0.59	0.59	0	0	0.36
245800	0.36	0.59	0.59	0	0	0.36
245900	0.36	0.59	0.59	0	0	0.36
246000	0.36	0.59	0.59	0	0	0.36
246100	0.36	0.59	0.59	0	0	0.36
246200	0.36	0.59	0.59	0	0	0.36
246300	0.36	0.59	0.59	0	0	0.36
246400	0.36	0.59	0.59	0	0	0.36
246500	0.36	0.59	0.59	0	0	0.36
246600	0.36	0.59	0.59	0	0	0.36
246700	0.36	0.59	0.59	0	0	0.36
246800	0.36	0.59	0.59	0	0	0.36
246900	0.36	0.59	0.59	0	0	0.36
247000	0.36	0.59	0.59	0	0	0.36
247100	0.36	0.59	0.59	0	0	0.36
247200	0.36	0.59	0.59	0	0	0.36
247300	0.36	0.59	0.59	0	0	0.36
247400	0.36	0.59	0.59	0	0	0.36
247500	0.36	0.59	0.59	0	0	0.36
247600	0.36	0.59	0.59	0	0	0.36
247700	0.36	0.59	0.59	0	0	0.36
247800	0.36	0.59	0.59	0	0	0.36
247900	0.36	0.59	0.59	0	0	0.36
248000	0.36	0.59	0.59	0	0	0.36
248100	0.36	0.59	0.59	0	0	0.36
248200	0.36	0.59	0.59	0	0	0.36
248300	0.36	0.59	0.59	0	0	0.36
248400	0.36	0.59	0.59	0	0	0.36
248500	0.36	0.59	0.59	0	0	0.36
248600	0.36	0.59	0.59	0	0	0.36
248700	0.35	0.59	0.59	0	0	0.35
248800	0.35	0.59	0.59	0	0	0.35
248900	0.35	0.59	0.59	0	0	0.35
249000	0.35	0.59	0.59	0	0	0.35
249100	0.35	0.59	0.59	0	0	0.35
249200	0.34	0.59	0.59	0	0	0.34
249300	0.34	0.59	0.59	0	0	0.34
249400	0.34	0.59	0.59	0	0	0.34
249500	0.34	0.59	0.59	0	0	0.34
249600	0.34	0.59	0.59	0	0	0.34
249700	0.34	0.59	0.59	0	0	0.34
249800	0.34	0.59	0.59	0	0	0.34
249900	0.34	0.59	0.59	0	0	0.34
250000	0.34	0.59	0.59	0	0	0.34
250100	0.34	0.6	0.6	0	0	0.34
250200	0.34	0.6	0.6	0	0	0.34
250300	0.34	0.59	0.59	0	0	0.34
250400	0.34	0.59	0.59	0	0	0.34
250500	0.34	0.59	0.59	0	0	0.34
250600	0.34	0.59	0.59	0	0	0.34
250700	0.34	0.59	0.59	0	0	0.34
250800	0.34	0.59	0.59	0	0	0.34
250900	0.34	0.59	0.59	0	0	0.34
251000	0.34	0.59	0.59	0	0	0.34
251100	0.34	0.59	0.59	0	0	0.34
251200	0.34	0.59	0.59	0	0	0.34
251300	0.34	0.59	0.59	0	0	0.34
251400	0.34	0.59	0.59	0	0	0.34
251500	0.34	0.59	0.59	0	0	0.34
251600	0.34	0.59	0.59	0	0	0.34
251700	0.34	0.59	0.59	0	0	0.34
251800	0.34	0.59	0.59	0	0	0.34
251900	0.34	0.59	0.59	0	0	0.34
252000	0.34	0.59	0.59	0	0	0.34
252100	0.34	0.59	0.59	0	0	0.34
252200	0.34	0.59	0.59	0	0	0.34
252300	0.35	0.59	0.59	0	0	0.35
252400	0.35	0.59	0.59	0	0	0.35
252500	0.35	0.59	0.59	0	0	0.35
252600	0.35	0.59	0.59	0	0	0.35
252700	0.35	0.59	0.59	0	0	0.35
252800	0.35	0.59	0.59	0	0	0.35
252900	0.35	0.59	0.59	0	0	0.35
253000	0.35	0.59	0.59	0	0	0.35
253100	0.35	0.59	0.59	0	0	0.35
253200	0.35	0.59	0.59	0	0	0.35
253300	0.35	0.59	0.59	0	0	0.35
253400	0.35	0.59	0.59	0	0	0.35
253500	0.35	0.59	0.59	0	0	0.35
253600	0.35	0.59	0.59	0	0	0.35
253700	0.35	0.59	0.59	0	0	0.35
253800	0.35	0.59	0.59	0	0	0.35
253900	0.35	0.59	0.59	0	0	0.35
254000	0.35	0.6	0.6	0	0	0.35
254100	0.35	0.6	0.6	0	0	0.35
254200	0.35	0.59	0.59	0	0	0.35
254300	0.35	0.59	0.59	0	0	0.35
254400	0.35	0.59	0.59	0	0	0.35
254500	0.35	0.59	0.59	0	0	0.35
254600	0.35	0.59	0.59	0	0	0.35
254700	0.35	0.59	0.59	0	0	0.35
254800	0.35	0.59	0.59	0	0	0.35
254900	0.35	0.59	0.59	0	0	0.35
255000	0.35	0.59	0.59	0	0	0.35
255100	0.35	0.59	0.59	0	0	0.35
255200	0.35	0.59	0.59	0	0	0.35
255300	0.35	0.59	0.59	0	0	0.35
255400	0.35	0.59	0.59	0	0	0.35
255500	0.35	0.59	0.59	0	0	0.35
255600	0.35	0.59	0.59	0	0	0.35
255700	0.35	0.59	0.59	0	0	0.35
255800	0.35	0.59	0.59	0	0	0.35
255900	0.35	0.59	0.59	0	0	0.35
256000	0.35	0.59	0.59	0	0	0.35
256100	0.35	0.59	0.59	0	0	0.35
256200	0.35	0.59	0.59	0	0	0.35
256300	0.35	0.59	0.59	0	0	0.35
256400	0.35	0.59	0.59	0	0	0.35
256500	0.35	0.59	0.59	0	0	0.35
256600	0.35	0.59	0.59	0	0	0.35
256700	0.35	0.59	0.59	0	0	0.35
256800	0.35	0.59	0.59	0	0	0.35
256900	0.35	0.59	0.59	0	0	0.35
257000	0.35	0.59	0.59	0	0	0.35
257100	0.35	0.59	0.59	0	0	0.35
257200	0.35	0.59	0.59	0	0	0.35
257300	0.35	0.59	0.59	0	0	0.35
257400	0.35	0.59	0.59	0	0	0.35
257500	0.35	0.59	0.59	0	0	0.35
257600	0.35	0.59	0.59	0	0	0.35
257700	0.35	0.59	0.59	0	0	0.35
257800	0.35	0.59	0.59	0	0	0.35
257900	0.35	0.59	0.59	0	0	0.35
258000	0.35	0.59	0.59	0	0	0.35
258100	0.35	0.59	0.59	0	0	0.35
258200	0.35	0.59	0.59	0	0	0.35
258300	0.35	0.59	0.59	0	0	0.35
258400	0.35	0.59	0.59	0	0	0.35
258500	0.35	0.59	0.59	0	0	0.35
258600	0.35	0.59	0.59	0	0	0.35
258700	0.35	0.59	0.59	0	0	0.35
258800	0.35	0.59	0.59	0	0	0.35
258900	0.35	0.59	0.59	0	0	0.35
259000	0.35	0.59	0.59	0	0	0.35
259100	0.35	0.59	0.59	0	0	0.35
259200	0.35	0.59	0.59	0	0	0.35
259300	0.35	0.59	0.59	0	0	0.35
259400	0.35	0.59	0.59	0	0	0.35
259500	0.35	0.59	0.59	0	0	0.35
259600	0.35	0.59	0.59	0	0	0.35
259700	0.35	0.59	0.59	0	0	0.35
259800	0.35	0.59	0.59	0	0	0.35
259900	0.35	0.59	0.59	0	0	0.35
260000	0.35	0.59	0.59	0	0	0.35
260100	0.35	0.59	0.59	0	0	0.35
260200	0.35	0.59	0.59	0	0	0.35
260300	0.35	0.59	0.59	0	0	0.35
260400	0.35	0.59	0.59	0	0	0.35
260500	0.35	0.59	0.59	0	0	0.35
260600	0.35	0.59	0.59	0	0	0.35
260700	0.35	0.59	0.59	0	0	0.35
260800	0.35	0.59	0.59	0	0	0.35
260900	0.35	0.59	0.59	0	0	0.35
261000	0.35	0.59	0.59	0	0	0.35
261100	0.35	0.59	0.59	0	0	0.35
261200	0.35	0.6	0.6	0	0	0.35
261300	0.35	0.59	0.59	0	0	0.35
261400	0.35	0.59	0.59	0	0	0.35
261500	0.35	0.59	0.59	0	0	0.35
261600	0.35	0.59	0.59	0	0	0.35
261700	0.35	0.59	0.59	0	0	0.35
261800	0.35	0.59	0.59	0	0	0.35
261900	0.35	0.59	0.59	0	0	0.35
262000	0.35	0.59	0.59	0	0	0.35
262100	0.35	0.59	0.59	0	0	0.35
262200	0.35	0.59	0.59	0	0	0.35
262300	0.35	0.59	0.59	0	0	0.35
262400	0.35	0.59	0.59	0	0	0.35
262500	0.35	0.59	0.59	0	0	0.35
262600	0.35	0.59	0.59	0	0	0.35
262700	0.35	0.59	0.59	0	0	0.35
262800	0.35	0.59	0.59	0	0	0.35
262900	0.35	0.59	0.59	0	0	0.35
263000	0.35	0.59	0.59	0	0	0.35
263100	0.35	0.59	0.59	0	0	0.35
263200	0.35	0.59	0.59	0	0	0.35
263300	0.35	0.59	0.59	0	0	0.35
263400	0.35	0.59	0.59	0	0	0.35
263500	0.35	0.59	0.59	0	0	0.35
263600	0.35	0.59	0.59	0	0	0.35
263700	0.35	0.59	0.59	0	0	0.35
263800	0.35	0.59	0.59	0	0	0.35
263900	0.35	0.59	0.59	0	0	0.35
264000	0.35	0.59	0.59	0	0	0.35
264100	0.35	0.59	0.59	0	0	0.35
264200	0.35	0.59	0.59	0	0	0.35
264300	0.35	0.59	0.59	0	0	0.35
264400	0.35	0.59	0.59	0	0	0.35
264500	0.35	0.59	0.59	0	0	0.35
264600	0.35	0.59	0.59	0	0	0.35
264700	0.35	0.59	0.59	0	0	0.35
264800	0.35	0.59	0.59	0	0	0.35
264900	0.35	0.59	0.59	0	0	0.35
265000	0.36	0.59	0.59	0	0	0.36
265100	0.36	0.59	0.59	0	0	0.36
265200	0.35	0.59	0.59	0	0	0.35
265300	0.35	0.59	0.59	0	0	0.35
265400	0.35	0.59	0.59	0	0	0.35
265500	0.35	0.59	0.59	0	0	0.35
265600	0.35	0.59	0.59	0	0	0.35
265700	0.35	0.59	0.59	0	0	0.35
265800	0.35	0.59	0.59	0	0	0.35
265900	0.35	0.59	0.59	0	0	0.35
266000	0.34	0.59	0.59	0	0	0.34
266100	0.34	0.59	0.59	0	0	0.34
266200	0.34	0.59	0.59	0	0	0.34
266300	0.34	0.59	0.59	0	0	0.34
266400	0.34	0.59	0.59	0	0	0.34
266500	0.34	0.59	0.59	0	0	0.34
266600	0.34	0.59	0.59	0	0	0.34
266700	0.34	0.59	0.59	0	0	0.34
266800	0.34	0.59	0.59	0	0	0.34
266900	0.34	0.59	0.59	0	0	0.34
267000	0.34	0.59	0.59	0	0	0.34
267100	0.34	0.59	0.59	0	0	0.34
267200	0.34	0.59	0.59	0	0	0.34
267300	0.34	0.59	0.59	0	0	0.34
267400	0.34	0.59	0.59	0	0	0.34
267500	0.34	0.59	0.59	0	0	0.34
267600	0.34	0.59	0.59	0	0	0.34
267700	0.34	0.59	0.59	0	0	0.34
267800	0.34	0.59	0.59	0	0	0.34
267900	0.34	0.59	0.59	0	0	0.34
268000	0.34	0.59	0.59	0	0	0.34
268100	0.34	0.59	0.59	0	0	0.34
268200	0.34	0.59	0.59	0	0	0.34
268300	0.34	0.59	0.59	0	0	0.34
268400	0.34	0.59	0.59	0	0	0.34
268500	0.34	0.59	0.59	0	0	0.34
268600	0.34	0.59	0.59	0	0	0.34
268700	0.34	0.59	0.59	0	0	0.34
268800	0.34	0.59	0.59	0	0	0.34
268900	0.34	0.59	0.59	0	0	0.34
269000	0.34	0.59	0.59	0	0	0.34
269100	0.34	0.59	0.59	0	0	0.34
269200	0.34	0.59	0.59	0	0	0.34
269300	0.34	0.59	0.59	0	0	0.34
269400	0.34	0.59	0.59	0	0	0.34
269500	0.34	0.59	0.59	0	0	0.34
269600	0.34	0.59	0.59	0	0	0.34
269700	0.34	0.59	0.59	0	0	0.34
269800	0.34	0.59	0.59	0	0	0.34
269900	0.34	0.59	0.59	0	0	0.34
270000	0.34	0.59	0.59	0	0	0.34
270100	0.34	0.6	0.6	0	0	0.34
270200	0.34	0.6	0.6	0	0	0.34
270300	0.34	0.6	0.6	0	0	0.34
270400	0.34	0.6	0.6	0	0	0.34
270500	0.34	0.6	0.6	0	0	0.34
270600	0.34	0.6	0.6	0	0	0.34
270700	0.34	0.6	0.6	0	0	0.34
270800	0.34	0.6	0.6	0	0	0.34
270900	0.34	0.6	0.6	0	0	0.34
271000	0.34	0.6	0.6	0	0	0.34
271100	0.34	0.6	0.6	0	0	0.34
271200	0.34	0.6	0.6	0	0	0.34
271300	0.34	0.6	0.6	0	0	0.34
271400	0.34	0.6	0.6	0	0	0.34
271500	0.34	0.6	0.6	0	0	0.34
271600	0.34	0.6	0.6	0	0	0.34
271700	0.34	0.6	0.6	0	0	0.34
271800	0.34	0.6	0.6	0	0	0.34
271900	0.34	0.6	0.6	0	0	0.34
272000	0.34	0.6	0.6	0	0	0.34
272100	0.34	0.6	0.6	0	0	0.34
272200	0.34	0.6	0.6	0	0	0.34
272300	0.34	0.6	0.6	0	0	0.34
272400	0.34	0.6	0.6	0	0	0.34
272500	0.34	0.6	0.6	0	0	0.34
272600	0.34	0.6	0.6	0	0	0.34
272700	0.34	0.6	0.6	0	0	0.34
272800	0.34	0.6	0.6	0	0	0.34
272900	0.34	0.6	0.6	0	0	0.34
273000	0.35	0.6	0.6	0	0	0.35
273100	0.35	0.6	0.6	0	0	0.35
273200	0.35	0.6	0.6	0	0	0.35
273300	0.35	0.6	0.6	0	0	0.35
273400	0.35	0.6	0.6	0	0	0.35
273500	0.35	0.6	0.6	0	0	0.35
273600	0.35	0.6	0.6	0	0	0.35
273700	0.35	0.6	0.6	0	0	0.35
273800	0.35	0.6	0.6	0	0	0.35
273900	0.35	0.6	0.6	0	0	0.35
274000	0.35	0.6	0.6	0	0	0.35
274100	0.35	0.6	0.6	0	0	0.35
274200	0.35	0.6	0.6	0	0	0.35
274300	0.35	0.6	0.6	0	0	0.35
274400	0.35	0.6	0.6	0	0	0.35
274500	0.35	0.6	0.6	0	0	0.35
274600	0.35	0.6	0.6	0	0	0.35
274700	0.35	0.6	0.6	0	0	0.35
274800	0.34	0.6	0.6	0	0	0.34
274900	0.34	0.6	0.6	0	0	0.34
275000	0.34	0.6	0.6	0	0	0.34
275100	0.34	0.6	0.6	0	0	0.34
275200	0.34	0.6	0.6	0	0	0.34
275300	0.34	0.6	0.6	0	0	0.34
275400	0.34	0.6	0.6	0	0	0.34
275500	0.34	0.6	0.6	0	0	0.34
275600	0.34	0.6	0.6	0	0	0.34
275700	0.34	0.6	0.6	0	0	0.34
275800	0.34	0.6	0.6	0	0	0.34
275900	0.34	0.6	0.6	0	0	0.34
276000	0.34	0.6	0.6	0	0	0.34
276100	0.34	0.6	0.6	0	0	0.34
276200	0.34	0.6	0.6	0	0	0.34
276300	0.34	0.6	0.6	0	0	0.34
276400	0.34	0.6	0.6	0	0	0.34
276500	0.34	0.6	0.6	0	0	0.34
276600	0.34	0.6	0.6	0	0	0.34
276700	0.34	0.6	0.6	0	0	0.34
276800	0.34	0.6	0.6	0	0	0.34
276900	0.34	0.6	0.6	0	0	0.34
277000	0.34	0.6	0.6	0	0	0.34
277100	0.34	0.6	0.6	0	0	0.34
277200	0.34	0.6	0.6	0	0	0.34
277300	0.34	0.6	0.6	0	0	0.34
277400	0.35	0.6	0.6	0	0	0.35
277500	0.34	0.6	0.6	0	0	0.34
277600	0.34	0.6	0.6	0	0	0.34
277700	0.34	0.6	0.6	0	0	0.34
277800	0.34	0.6	0.6	0	0	0.34
277900	0.34	0.6	0.6	0	0	0.34
278000	0.34	0.6	0.6	0	0	0.34
278100	0.34	0.6	0.6	0	0	0.34
278200	0.35	0.6	0.6	0	0	0.35
278300	0.35	0.6	0.6	0	0	0.35
278400	0.35	0.6	0.6	0	0	0.35
278500	0.35	0.6	0.6	0	0	0.35
278600	0.35	0.6	0.6	0	0	0.35
278700	0.35	0.6	0.6	0	0	0.35
278800	0.34	0.6	0.6	0	0	0.34
278900	0.34	0.6	0.6	0	0	0.34
279000	0.34	0.6	0.6	0	0	0.34
279100	0.34	0.6	0.6	0	0	0.34
279200	0.34	0.6	0.6	0	0	0.34
279300	0.34	0.6	0.6	0	0	0.34
279400	0.34	0.6	0.6	0	0	0.34
279500	0.34	0.6	0.6	0	0	0.34
279600	0.34	0.6	0.6	0	0	0.34
279700	0.34	0.6	0.6	0	0	0.34
279800	0.34	0.6	0.6	0	0	0.34
279900	0.34	0.6	0.6	0	0	0.34
280000	0.34	0.6	0.6	0	0	0.34
280100	0.34	0.6	0.6	0	0	0.34
280200	0.34	0.6	0.6	0	0	0.34
280300	0.34	0.6	0.6	0	0	0.34
280400	0.34	0.6	0.6	0	0	0.34
280500	0.34	0.6	0.6	0	0	0.34
280600	0.34	0.6	0.6	0	0	0.34
280700	0.34	0.6	0.6	0	0	0.34
280800	0.34	0.6	0.6	0	0	0.34
280900	0.34	0.6	0.6	0	0	0.34
281000	0.34	0.6	0.6	0	0	0.34
281100	0.34	0.6	0.6	0	0	0.34
281200	0.34	0.6	0.6	0	0	0.34
281300	0.34	0.6	0.6	0	0	0.34
281400	0.34	0.6	0.6	0	0	0.34
281500	0.34	0.6	0.6	0	0	0.34
281600	0.33	0.6	0.6	0	0	0.33
281700	0.33	0.6	0.6	0	0	0.33
281800	0.33	0.6	0.6	0	0	0.33
281900	0.33	0.6	0.6	0	0	0.33
282000	0.33	0.6	0.6	0	0	0.33
282100	0.33	0.6	0.6	0	0	0.33
282200	0.33	0.6	0.6	0	0	0.33
282300	0.33	0.6	0.6	0	0	0.33
282400	0.32	0.6	0.6	0	0	0.32
282500	0.32	0.6	0.6	0	0	0.32
282600	0.32	0.6	0.6	0	0	0.32
282700	0.32	0.6	0.6	0	0	0.32
282800	0.32	0.6	0.6	0	0	0.32
282900	0.32	0.6	0.6	0	0	0.32
283000	0.32	0.6	0.6	0	0	0.32
283100	0.32	0.6	0.6	0	0	0.32
283200	0.32	0.6	0.6	0	0	0.32
283300	0.32	0.6	0.6	0	0	0.32
283400	0.32	0.6	0.6	0	0	0.32
283500	0.32	0.6	0.6	0	0	0.32
283600	0.32	0.6	0.6	0	0	0.32
283700	0.32	0.6	0.6	0	0	0.32
283800	0.32	0.6	0.6	0	0	0.32
283900	0.32	0.6	0.6	0	0	0.32
284000	0.32	0.6	0.6	0	0	0.32
284100	0.32	0.6	0.6	0	0	0.32
284200	0.32	0.6	0.6	0	0	0.32
284300	0.32	0.6	0.6	0	0	0.32
284400	0.32	0.6	0.6	0	0	0.32
284500	0.32	0.6	0.6	0	0	0.32
284600	0.32	0.6	0.6	0	0	0.32
284700	0.32	0.6	0.6	0	0	0.32
284800	0.32	0.6	0.6	0	0	0.32
284900	0.32	0.6	0.6	0	0	0.32
285000	0.32	0.61	0.61	0	0	0.32
285100	0.32	0.6	0.6	0	0	0.32
285200	0.32	0.6	0.6	0	0	0.32
285300	0.32	0.6	0.6	0	0	0.32
285400	0.32	0.6	0.6	0	0	0.32
285500	0.32	0.6	0.6	0	0	0.32
285600	0.32	0.6	0.6	0	0	0.32
285700	0.32	0.6	0.6	0	0	0.32
285800	0.32	0.6	0.6	0	0	0.32
285900	0.32	0.6	0.6	0	0	0.32
286000	0.32	0.59	0.59	0	0	0.32
286100	0.32	0.59	0.59	0	0	0.32
286200	0.32	0.59	0.59	0	0	0.32
286300	0.32	0.59	0.59	0	0	0.32
286400	0.32	0.59	0.59	0	0	0.32
286500	0.32	0.59	0.59	0	0	0.32
286600	0.32	0.59	0.59	0	0	0.32
286700	0.32	0.59	0.59	0	0	0.32
286800	0.32	0.59	0.59	0	0	0.32
286900	0.32	0.59	0.59	0	0	0.32
287000	0.32	0.59	0.59	0	0	0.32
287100	0.32	0.59	0.59	0	0	0.32
287200	0.32	0.59	0.59	0	0	0.32
287300	0.32	0.59	0.59	0	0	0.32
287400	0.32	0.59	0.59	0	0	0.32
287500	0.32	0.59	0.59	0	0	0.32
287600	0.32	0.59	0.59	0	0	0.32
287700	0.34	0.59	0.59	0	0	0.34
287800	0.34	0.59	0.59	0	0	0.34
287900	0.34	0.59	0.59	0	0	0.34
288000	0.34	0.6	0.6	0	0	0.34
288100	0.34	0.59	0.59	0	0	0.34
288200	0.34	0.59	0.59	0	0	0.34
288300	0.34	0.59	0.59	0	0	0.34
288400	0.34	0.59	0.59	0	0	0.34
288500	0.34	0.59	0.59	0	0	0.34
288600	0.34	0.59	0.59	0	0	0.34
288700	0.34	0.59	0.59	0	0	0.34
288800	0.34	0.59	0.59	0	0	0.34
288900	0.34	0.59	0.59	0	0	0.34
289000	0.34	0.6	0.6	0	0	0.34
289100	0.34	0.6	0.6	0	0	0.34
289200	0.34	0.6	0.6	0	0	0.34
289300	0.34	0.6	0.6	0	0	0.34
289400	0.34	0.6	0.6	0	0	0.34
289500	0.34	0.59	0.59	0	0	0.34
289600	0.34	0.59	0.59	0	0	0.34
289700	0.34	0.59	0.59	0	0	0.34
289800	0.34	0.59	0.59	0	0	0.34
289900	0.34	0.59	0.59	0	0	0.34
290000	0.34	0.59	0.59	0	0	0.34
290100	0.34	0.59	0.59	0	0	0.34
290200	0.34	0.59	0.59	0	0	0.34
290300	0.34	0.59	0.59	0	0	0.34
290400	0.34	0.59	0.59	0	0	0.34
290500	0.34	0.59	0.59	0	0	0.34
290600	0.34	0.59	0.59	0	0	0.34
290700	0.34	0.59	0.59	0	0	0.34
290800	0.34	0.59	0.59	0	0	0.34
290900	0.34	0.59	0.59	0	0	0.34
291000	0.34	0.59	0.59	0	0	0.34
291100	0.34	0.59	0.59	0	0	0.34
291200	0.34	0.59	0.59	0	0	0.34
291300	0.34	0.59	0.59	0	0	0.34
291400	0.34	0.59	0.59	0	0	0.34
291500	0.34	0.59	0.59	0	0	0.34
291600	0.34	0.59	0.59	0	0	0.34
291700	0.34	0.59	0.59	0	0	0.34
291800	0.34	0.59	0.59	0	0	0.34
291900	0.34	0.59	0.59	0	0	0.34
292000	0.34	0.59	0.59	0	0	0.34
292100	0.34	0.59	0.59	0	0	0.34
292200	0.34	0.59	0.59	0	0	0.34
292300	0.34	0.59	0.59	0	0	0.34
292400	0.34	0.59	0.59	0	0	0.34
292500	0.34	0.59	0.59	0	0	0.34
292600	0.34	0.59	0.59	0	0	0.34
292700	0.34	0.59	0.59	0	0	0.34
292800	0.34	0.59	0.59	0	0	0.34
292900	0.34	0.59	0.59	0	0	0.34
293000	0.34	0.59	0.59	0	0	0.34
293100	0.34	0.59	0.59	0	0	0.34
293200	0.36	0.59	0.59	0	0	0.36
293300	0.35	0.59	0.59	0	0	0.35
293400	0.35	0.59	0.59	0	0	0.35
293500	0.35	0.59	0.59	0	0	0.35
293600	0.35	0.59	0.59	0	0	0.35
293700	0.35	0.59	0.59	0	0	0.35
293800	0.35	0.59	0.59	0	0	0.35
293900	0.35	0.59	0.59	0	0	0.35
294000	0.35	0.59	0.59	0	0	0.35
294100	0.35	0.59	0.59	0	0	0.35
294200	0.35	0.59	0.59	0	0	0.35
294300	0.35	0.59	0.59	0	0	0.35
294400	0.35	0.59	0.59	0	0	0.35
294500	0.35	0.59	0.59	0	0	0.35
294600	0.35	0.59	0.59	0	0	0.35
294700	0.35	0.59	0.59	0	0	0.35
294800	0.35	0.59	0.59	0	0	0.35
294900	0.35	0.59	0.59	0	0	0.35
295000	0.35	0.59	0.59	0	0	0.35
295100	0.35	0.59	0.59	0	0	0.35
295200	0.35	0.59	0.59	0	0	0.35
295300	0.35	0.59	0.59	0	0	0.35
295400	0.35	0.59	0.59	0	0	0.35
295500	0.35	0.59	0.59	0	0	0.35
295600	0.35	0.59	0.59	0	0	0.35
295700	0.35	0.59	0.59	0	0	0.35
295800	0.35	0.59	0.59	0	0	0.35
295900	0.35	0.59	0.59	0	0	0.35
296000	0.35	0.59	0.59	0	0	0.35
296100	0.35	0.59	0.59	0	0	0.35
296200	0.35	0.59	0.59	0	0	0.35
296300	0.35	0.59	0.59	0	0	0.35
296400	0.35	0.59	0.59	0	0	0.35
296500	0.35	0.59	0.59	0	0	0.35
296600	0.35	0.59	0.59	0	0	0.35
296700	0.34	0.59	0.59	0	0	0.34
296800	0.34	0.59	0.59	0	0	0.34
296900	0.35	0.59	0.59	0	0	0.35
297000	0.34	0.59	0.59	0	0	0.34
297100	0.34	0.59	0.59	0	0	0.34
297200	0.34	0.59	0.59	0	0	0.34
297300	0.34	0.59	0.59	0	0	0.34
297400	0.34	0.59	0.59	0	0	0.34
297500	0.34	0.59	0.59	0	0	0.34
297600	0.35	0.59	0.59	0	0	0.35
297700	0.34	0.59	0.59	0	0	0.34
297800	0.34	0.59	0.59	0	0	0.34
297900	0.34	0.59	0.59	0	0	0.34
298000	0.34	0.59	0.59	0	0	0.34
298100	0.34	0.59	0.59	0	0	0.34
298200	0.34	0.59	0.59	0	0	0.34
298300	0.34	0.59	0.59	0	0	0.34
298400	0.34	0.59	0.59	0	0	0.34
298500	0.34	0.59	0.59	0	0	0.34
298600	0.34	0.59	0.59	0	0	0.34
298700	0.34	0.59	0.59	0	0	0.34
298800	0.34	0.59	0.59	0	0	0.34
298900	0.34	0.59	0.59	0	0	0.34
299000	0.34	0.59	0.59	0	0	0.34
299100	0.34	0.59	0.59	0	0	0.34
299200	0.34	0.59	0.59	0	0	0.34
299300	0.34	0.59	0.59	0	0	0.34
299400	0.34	0.59	0.59	0	0	0.34
299500	0.34	0.59	0.59	0	0	0.34
299600	0.34	0.6	0.6	0	0	0.34
299700	0.34	0.6	0.6	0	0	0.34
299800	0.34	0.6	0.6	0	0	0.34
299900	0.34	0.6	0.6	0	0	0.34
300000	0.34	0.6	0.6	0	0	0.34
