100	0.06	0.07	0.07	0	0	0.06
200	0.06	0.08	0.08	0	0	0.06
300	0.06	0.1	0.1	0	0	0.06
400	0.06	0.1	0.1	0	0	0.06
500	0.04	0.09	0.09	0	0	0.04
600	0.04	0.11	0.11	0	0	0.04
700	0.05	0.13	0.13	0	0	0.05
800	0.05	0.13	0.13	0	0	0.05
900	0.06	0.12	0.12	0	0	0.06
1000	0.07	0.14	0.14	0	0	0.07
1100	0.07	0.15	0.15	0	0	0.07
1200	0.09	0.17	0.17	0	0	0.09
1300	0.09	0.18	0.18	0	0	0.09
1400	0.08	0.18	0.18	0	0	0.08
1500	0.1	0.2	0.2	0	0	0.1
1600	0.1	0.2	0.2	0	0	0.1
1700	0.1	0.19	0.19	0	0	0.1
1800	0.1	0.2	0.2	0	0	0.1
1900	0.09	0.2	0.2	0	0	0.09
2000	0.09	0.21	0.21	0	0	0.09
2100	0.11	0.21	0.21	0	0	0.11
2200	0.11	0.22	0.22	0	0	0.11
2300	0.12	0.23	0.23	0	0	0.12
2400	0.12	0.24	0.24	0	0	0.12
2500	0.12	0.25	0.25	0	0	0.12
2600	0.12	0.24	0.24	0	0	0.12
2700	0.12	0.25	0.25	0	0	0.12
2800	0.13	0.25	0.25	0	0	0.13
2900	0.14	0.26	0.26	0	0	0.14
3000	0.14	0.25	0.25	0	0	0.14
3100	0.15	0.23	0.23	0	0	0.15
3200	0.14	0.23	0.23	0	0	0.14
3300	0.15	0.23	0.23	0	0	0.15
3400	0.15	0.23	0.23	0	0	0.15
3500	0.13	0.23	0.23	0	0	0.13
3600	0.13	0.21	0.21	0	0	0.13
3700	0.13	0.21	0.21	0	0	0.13
3800	0.13	0.2	0.2	0	0	0.13
3900	0.14	0.21	0.21	0	0	0.14
4000	0.14	0.22	0.22	0	0	0.14
4100	0.14	0.23	0.23	0	0	0.14
4200	0.15	0.23	0.23	0	0	0.15
4300	0.17	0.25	0.25	0	0	0.17
4400	0.16	0.25	0.25	0	0	0.16
4500	0.16	0.26	0.26	0	0	0.16
4600	0.17	0.24	0.24	0	0	0.17
4700	0.18	0.27	0.27	0	0	0.18
4800	0.18	0.27	0.27	0	0	0.18
4900	0.17	0.27	0.27	0	0	0.17
5000	0.18	0.27	0.27	0	0	0.18
5100	0.18	0.27	0.27	0	0	0.18
5200	0.2	0.27	0.27	0	0	0.2
5300	0.2	0.27	0.27	0	0	0.2
5400	0.19	0.27	0.27	0	0	0.19
5500	0.19	0.28	0.28	0	0	0.19
5600	0.2	0.28	0.28	0	0	0.2
5700	0.2	0.27	0.27	0	0	0.2
5800	0.2	0.29	0.29	0	0	0.2
5900	0.2	0.29	0.29	0	0	0.2
6000	0.2	0.29	0.29	0	0	0.2
6100	0.21	0.29	0.29	0	0	0.21
6200	0.19	0.3	0.3	0	0	0.19
6300	0.19	0.31	0.31	0	0	0.19
6400	0.19	0.32	0.32	0	0	0.19
6500	0.2	0.32	0.32	0	0	0.2
6600	0.2	0.33	0.33	0	0	0.2
6700	0.18	0.32	0.32	0	0	0.18
6800	0.18	0.33	0.33	0	0	0.18
6900	0.21	0.33	0.33	0	0	0.21
7000	0.2	0.35	0.35	0	0	0.2
7100	0.19	0.34	0.34	0	0	0.19
7200	0.2	0.34	0.34	0	0	0.2
7300	0.2	0.34	0.34	0	0	0.2
7400	0.2	0.34	0.34	0	0	0.2
7500	0.21	0.35	0.35	0	0	0.21
7600	0.21	0.35	0.35	0	0	0.21
7700	0.21	0.35	0.35	0	0	0.21
7800	0.2	0.35	0.35	0	0	0.2
7900	0.2	0.35	0.35	0	0	0.2
8000	0.2	0.34	0.34	0	0	0.2
8100	0.19	0.34	0.34	0	0	0.19
8200	0.2	0.35	0.35	0	0	0.2
8300	0.19	0.37	0.37	0	0	0.19
8400	0.19	0.37	0.37	0	0	0.19
8500	0.19	0.39	0.39	0	0	0.19
8600	0.19	0.37	0.37	0	0	0.19
8700	0.18	0.37	0.37	0	0	0.18
8800	0.18	0.37	0.37	0	0	0.18
8900	0.19	0.36	0.36	0	0	0.19
9000	0.19	0.37	0.37	0	0	0.19
9100	0.19	0.36	0.36	0	0	0.19
9200	0.19	0.36	0.36	0	0	0.19
9300	0.19	0.36	0.36	0	0	0.19
9400	0.19	0.37	0.37	0	0	0.19
9500	0.19	0.39	0.39	0	0	0.19
9600	0.19	0.39	0.39	0	0	0.19
9700	0.2	0.39	0.39	0	0	0.2
9800	0.2	0.39	0.39	0	0	0.2
9900	0.2	0.39	0.39	0	0	0.2
10000	0.22	0.39	0.39	0	0	0.22
10100	0.21	0.4	0.4	0	0	0.21
10200	0.22	0.4	0.4	0	0	0.22
10300	0.22	0.4	0.4	0	0	0.22
10400	0.23	0.4	0.4	0	0	0.23
10500	0.24	0.41	0.41	0	0	0.24
10600	0.24	0.4	0.4	0	0	0.24
10700	0.24	0.4	0.4	0	0	0.24
10800	0.24	0.41	0.41	0	0	0.24
10900	0.25	0.4	0.4	0	0	0.25
11000	0.25	0.38	0.38	0	0	0.25
11100	0.25	0.4	0.4	0	0	0.25
11200	0.23	0.38	0.38	0	0	0.23
11300	0.18	0.38	0.38	0	0	0.18
11400	0.18	0.38	0.38	0	0	0.18
11500	0.18	0.4	0.4	0	0	0.18
11600	0.18	0.39	0.39	0	0	0.18
11700	0.18	0.38	0.38	0	0	0.18
11800	0.18	0.38	0.38	0	0	0.18
11900	0.18	0.39	0.39	0	0	0.18
12000	0.18	0.39	0.39	0	0	0.18
12100	0.19	0.4	0.4	0	0	0.19
12200	0.2	0.39	0.39	0	0	0.2
12300	0.2	0.4	0.4	0	0	0.2
12400	0.2	0.39	0.39	0	0	0.2
12500	0.21	0.4	0.4	0	0	0.21
12600	0.22	0.39	0.39	0	0	0.22
12700	0.22	0.39	0.39	0	0	0.22
12800	0.22	0.39	0.39	0	0	0.22
12900	0.23	0.39	0.39	0	0	0.23
13000	0.23	0.39	0.39	0	0	0.23
13100	0.23	0.39	0.39	0	0	0.23
13200	0.23	0.39	0.39	0	0	0.23
13300	0.23	0.4	0.4	0	0	0.23
13400	0.23	0.4	0.4	0	0	0.23
13500	0.22	0.41	0.41	0	0	0.22
13600	0.23	0.41	0.41	0	0	0.23
13700	0.24	0.43	0.43	0	0	0.24
13800	0.24	0.42	0.42	0	0	0.24
13900	0.24	0.42	0.42	0	0	0.24
14000	0.23	0.42	0.42	0	0	0.23
14100	0.23	0.42	0.42	0	0	0.23
14200	0.25	0.42	0.42	0	0	0.25
14300	0.26	0.43	0.43	0	0	0.26
14400	0.25	0.42	0.42	0	0	0.25
14500	0.24	0.43	0.43	0	0	0.24
14600	0.25	0.44	0.44	0	0	0.25
14700	0.27	0.43	0.43	0	0	0.27
14800	0.27	0.44	0.44	0	0	0.27
14900	0.28	0.45	0.45	0	0	0.28
15000	0.27	0.45	0.45	0	0	0.27
15100	0.28	0.45	0.45	0	0	0.28
15200	0.28	0.45	0.45	0	0	0.28
15300	0.29	0.44	0.44	0	0	0.29
15400	0.29	0.44	0.44	0	0	0.29
15500	0.29	0.44	0.44	0	0	0.29
15600	0.29	0.44	0.44	0	0	0.29
15700	0.29	0.44	0.44	0	0	0.29
15800	0.29	0.44	0.44	0	0	0.29
15900	0.29	0.45	0.45	0	0	0.29
16000	0.29	0.45	0.45	0	0	0.29
16100	0.29	0.45	0.45	0	0	0.29
16200	0.3	0.45	0.45	0	0	0.3
16300	0.3	0.45	0.45	0	0	0.3
16400	0.3	0.45	0.45	0	0	0.3
16500	0.31	0.45	0.45	0	0	0.31
16600	0.31	0.46	0.46	0	0	0.31
16700	0.32	0.46	0.46	0	0	0.32
16800	0.31	0.46	0.46	0	0	0.31
16900	0.3	0.46	0.46	0	0	0.3
17000	0.3	0.46	0.46	0	0	0.3
17100	0.31	0.46	0.46	0	0	0.31
17200	0.31	0.46	0.46	0	0	0.31
17300	0.31	0.47	0.47	0	0	0.31
17400	0.31	0.47	0.47	0	0	0.31
17500	0.31	0.47	0.47	0	0	0.31
17600	0.3	0.47	0.47	0	0	0.3
17700	0.29	0.47	0.47	0	0	0.29
17800	0.29	0.47	0.47	0	0	0.29
17900	0.29	0.47	0.47	0	0	0.29
18000	0.28	0.47	0.47	0	0	0.28
18100	0.28	0.48	0.48	0	0	0.28
18200	0.28	0.48	0.48	0	0	0.28
18300	0.28	0.48	0.48	0	0	0.28
18400	0.28	0.48	0.48	0	0	0.28
18500	0.28	0.48	0.48	0	0	0.28
18600	0.28	0.48	0.48	0	0	0.28
18700	0.28	0.5	0.5	0	0	0.28
18800	0.29	0.49	0.49	0	0	0.29
18900	0.28	0.48	0.48	0	0	0.28
19000	0.28	0.48	0.48	0	0	0.28
19100	0.28	0.5	0.5	0	0	0.28
19200	0.28	0.49	0.49	0	0	0.28
19300	0.28	0.49	0.49	0	0	0.28
19400	0.27	0.49	0.49	0	0	0.27
19500	0.27	0.49	0.49	0	0	0.27
19600	0.27	0.49	0.49	0	0	0.27
19700	0.27	0.49	0.49	0	0	0.27
19800	0.28	0.49	0.49	0	0	0.28
19900	0.27	0.49	0.49	0	0	0.27
20000	0.28	0.49	0.49	0	0	0.28
20100	0.28	0.49	0.49	0	0	0.28
20200	0.28	0.48	0.48	0	0	0.28
20300	0.28	0.48	0.48	0	0	0.28
20400	0.28	0.49	0.49	0	0	0.28
20500	0.29	0.5	0.5	0	0	0.29
20600	0.29	0.51	0.51	0	0	0.29
20700	0.29	0.5	0.5	0	0	0.29
20800	0.29	0.49	0.49	0	0	0.29
20900	0.29	0.49	0.49	0	0	0.29
21000	0.29	0.5	0.5	0	0	0.29
21100	0.28	0.5	0.5	0	0	0.28
21200	0.28	0.5	0.5	0	0	0.28
21300	0.29	0.5	0.5	0	0	0.29
21400	0.3	0.5	0.5	0	0	0.3
21500	0.3	0.5	0.5	0	0	0.3
21600	0.3	0.5	0.5	0	0	0.3
21700	0.3	0.51	0.51	0	0	0.3
21800	0.3	0.51	0.51	0	0	0.3
21900	0.3	0.51	0.51	0	0	0.3
22000	0.3	0.51	0.51	0	0	0.3
22100	0.29	0.51	0.51	0	0	0.29
22200	0.29	0.52	0.52	0	0	0.29
22300	0.29	0.52	0.52	0	0	0.29
22400	0.29	0.52	0.52	0	0	0.29
22500	0.29	0.52	0.52	0	0	0.29
22600	0.29	0.52	0.52	0	0	0.29
22700	0.29	0.52	0.52	0	0	0.29
22800	0.29	0.52	0.52	0	0	0.29
22900	0.29	0.5	0.5	0	0	0.29
23000	0.29	0.5	0.5	0	0	0.29
23100	0.29	0.5	0.5	0	0	0.29
23200	0.29	0.5	0.5	0	0	0.29
23300	0.29	0.5	0.5	0	0	0.29
23400	0.31	0.5	0.5	0	0	0.31
23500	0.3	0.5	0.5	0	0	0.3
23600	0.29	0.51	0.51	0	0	0.29
23700	0.29	0.5	0.5	0	0	0.29
23800	0.31	0.5	0.5	0	0	0.31
23900	0.3	0.5	0.5	0	0	0.3
24000	0.31	0.5	0.5	0	0	0.31
24100	0.32	0.5	0.5	0	0	0.32
24200	0.32	0.5	0.5	0	0	0.32
24300	0.33	0.5	0.5	0	0	0.33
24400	0.33	0.5	0.5	0	0	0.33
24500	0.33	0.5	0.5	0	0	0.33
24600	0.33	0.5	0.5	0	0	0.33
24700	0.33	0.5	0.5	0	0	0.33
24800	0.34	0.5	0.5	0	0	0.34
24900	0.34	0.5	0.5	0	0	0.34
25000	0.35	0.5	0.5	0	0	0.35
25100	0.33	0.5	0.5	0	0	0.33
25200	0.33	0.51	0.51	0	0	0.33
25300	0.33	0.51	0.51	0	0	0.33
25400	0.34	0.51	0.51	0	0	0.34
25500	0.32	0.51	0.51	0	0	0.32
25600	0.32	0.51	0.51	0	0	0.32
25700	0.33	0.51	0.51	0	0	0.33
25800	0.33	0.51	0.51	0	0	0.33
25900	0.33	0.51	0.51	0	0	0.33
26000	0.33	0.51	0.51	0	0	0.33
26100	0.33	0.51	0.51	0	0	0.33
26200	0.33	0.51	0.51	0	0	0.33
26300	0.33	0.51	0.51	0	0	0.33
26400	0.33	0.51	0.51	0	0	0.33
26500	0.33	0.51	0.51	0	0	0.33
26600	0.33	0.53	0.53	0	0	0.33
26700	0.33	0.53	0.53	0	0	0.33
26800	0.33	0.52	0.52	0	0	0.33
26900	0.33	0.52	0.52	0	0	0.33
27000	0.33	0.52	0.52	0	0	0.33
27100	0.33	0.54	0.54	0	0	0.33
27200	0.33	0.53	0.53	0	0	0.33
27300	0.34	0.53	0.53	0	0	0.34
27400	0.34	0.53	0.53	0	0	0.34
27500	0.34	0.53	0.53	0	0	0.34
27600	0.34	0.53	0.53	0	0	0.34
27700	0.34	0.54	0.54	0	0	0.34
27800	0.34	0.54	0.54	0	0	0.34
27900	0.34	0.53	0.53	0	0	0.34
28000	0.34	0.53	0.53	0	0	0.34
28100	0.34	0.53	0.53	0	0	0.34
28200	0.35	0.53	0.53	0	0	0.35
28300	0.36	0.53	0.53	0	0	0.36
28400	0.36	0.53	0.53	0	0	0.36
28500	0.36	0.53	0.53	0	0	0.36
28600	0.36	0.53	0.53	0	0	0.36
28700	0.36	0.53	0.53	0	0	0.36
28800	0.36	0.53	0.53	0	0	0.36
28900	0.36	0.53	0.53	0	0	0.36
29000	0.36	0.53	0.53	0	0	0.36
29100	0.36	0.53	0.53	0	0	0.36
29200	0.36	0.53	0.53	0	0	0.36
29300	0.36	0.53	0.53	0	0	0.36
29400	0.36	0.53	0.53	0	0	0.36
29500	0.36	0.53	0.53	0	0	0.36
29600	0.36	0.53	0.53	0	0	0.36
29700	0.36	0.53	0.53	0	0	0.36
29800	0.35	0.53	0.53	0	0	0.35
29900	0.36	0.53	0.53	0	0	0.36
30000	0.36	0.53	0.53	0	0	0.36
30100	0.36	0.54	0.54	0	0	0.36
30200	0.36	0.53	0.53	0	0	0.36
30300	0.36	0.53	0.53	0	0	0.36
30400	0.36	0.53	0.53	0	0	0.36
30500	0.36	0.53	0.53	0	0	0.36
30600	0.36	0.53	0.53	0	0	0.36
30700	0.37	0.53	0.53	0	0	0.37
30800	0.37	0.53	0.53	0	0	0.37
30900	0.37	0.53	0.53	0	0	0.37
31000	0.37	0.53	0.53	0	0	0.37
31100	0.37	0.53	0.53	0	0	0.37
31200	0.37	0.53	0.53	0	0	0.37
31300	0.38	0.53	0.53	0	0	0.38
31400	0.37	0.53	0.53	0	0	0.37
31500	0.37	0.53	0.53	0	0	0.37
31600	0.38	0.53	0.53	0	0	0.38
31700	0.38	0.53	0.53	0	0	0.38
31800	0.38	0.53	0.53	0	0	0.38
31900	0.38	0.53	0.53	0	0	0.38
32000	0.38	0.53	0.53	0	0	0.38
32100	0.38	0.53	0.53	0	0	0.38
32200	0.38	0.53	0.53	0	0	0.38
32300	0.38	0.53	0.53	0	0	0.38
32400	0.38	0.53	0.53	0	0	0.38
32500	0.38	0.53	0.53	0	0	0.38
32600	0.38	0.53	0.53	0	0	0.38
32700	0.38	0.53	0.53	0	0	0.38
32800	0.38	0.53	0.53	0	0	0.38
32900	0.38	0.54	0.54	0	0	0.38
33000	0.37	0.54	0.54	0	0	0.37
33100	0.37	0.54	0.54	0	0	0.37
33200	0.37	0.54	0.54	0	0	0.37
33300	0.37	0.54	0.54	0	0	0.37
33400	0.37	0.54	0.54	0	0	0.37
33500	0.37	0.54	0.54	0	0	0.37
33600	0.37	0.54	0.54	0	0	0.37
33700	0.37	0.54	0.54	0	0	0.37
33800	0.37	0.54	0.54	0	0	0.37
33900	0.37	0.54	0.54	0	0	0.37
34000	0.37	0.54	0.54	0	0	0.37
34100	0.37	0.54	0.54	0	0	0.37
34200	0.37	0.54	0.54	0	0	0.37
34300	0.37	0.54	0.54	0	0	0.37
34400	0.37	0.54	0.54	0	0	0.37
34500	0.37	0.54	0.54	0	0	0.37
34600	0.37	0.54	0.54	0	0	0.37
34700	0.38	0.54	0.54	0	0	0.38
34800	0.38	0.54	0.54	0	0	0.38
34900	0.38	0.54	0.54	0	0	0.38
35000	0.38	0.54	0.54	0	0	0.38
35100	0.37	0.54	0.54	0	0	0.37
35200	0.37	0.54	0.54	0	0	0.37
35300	0.37	0.54	0.54	0	0	0.37
35400	0.37	0.54	0.54	0	0	0.37
35500	0.37	0.54	0.54	0	0	0.37
35600	0.37	0.54	0.54	0	0	0.37
35700	0.37	0.54	0.54	0	0	0.37
35800	0.37	0.54	0.54	0	0	0.37
35900	0.37	0.54	0.54	0	0	0.37
36000	0.37	0.54	0.54	0	0	0.37
36100	0.37	0.54	0.54	0	0	0.37
36200	0.37	0.54	0.54	0	0	0.37
36300	0.37	0.54	0.54	0	0	0.37
36400	0.36	0.54	0.54	0	0	0.36
36500	0.36	0.54	0.54	0	0	0.36
36600	0.36	0.54	0.54	0	0	0.36
36700	0.35	0.54	0.54	0	0	0.35
36800	0.35	0.54	0.54	0	0	0.35
36900	0.35	0.54	0.54	0	0	0.35
37000	0.35	0.54	0.54	0	0	0.35
37100	0.35	0.54	0.54	0	0	0.35
37200	0.35	0.54	0.54	0	0	0.35
37300	0.35	0.54	0.54	0	0	0.35
37400	0.35	0.54	0.54	0	0	0.35
37500	0.35	0.54	0.54	0	0	0.35
37600	0.35	0.54	0.54	0	0	0.35
37700	0.35	0.54	0.54	0	0	0.35
37800	0.35	0.54	0.54	0	0	0.35
37900	0.35	0.54	0.54	0	0	0.35
38000	0.36	0.54	0.54	0	0	0.36
38100	0.36	0.54	0.54	0	0	0.36
38200	0.35	0.55	0.55	0	0	0.35
38300	0.35	0.54	0.54	0	0	0.35
38400	0.35	0.53	0.53	0	0	0.35
38500	0.35	0.53	0.53	0	0	0.35
38600	0.35	0.53	0.53	0	0	0.35
38700	0.35	0.53	0.53	0	0	0.35
38800	0.35	0.53	0.53	0	0	0.35
38900	0.35	0.53	0.53	0	0	0.35
39000	0.35	0.53	0.53	0	0	0.35
39100	0.35	0.53	0.53	0	0	0.35
39200	0.35	0.53	0.53	0	0	0.35
39300	0.36	0.53	0.53	0	0	0.36
39400	0.36	0.53	0.53	0	0	0.36
39500	0.36	0.53	0.53	0	0	0.36
39600	0.36	0.53	0.53	0	0	0.36
39700	0.36	0.53	0.53	0	0	0.36
39800	0.36	0.53	0.53	0	0	0.36
39900	0.36	0.53	0.53	0	0	0.36
40000	0.36	0.53	0.53	0	0	0.36
40100	0.36	0.53	0.53	0	0	0.36
40200	0.36	0.53	0.53	0	0	0.36
40300	0.36	0.53	0.53	0	0	0.36
40400	0.36	0.53	0.53	0	0	0.36
40500	0.36	0.53	0.53	0	0	0.36
40600	0.36	0.53	0.53	0	0	0.36
40700	0.36	0.53	0.53	0	0	0.36
40800	0.36	0.53	0.53	0	0	0.36
40900	0.36	0.53	0.53	0	0	0.36
41000	0.36	0.53	0.53	0	0	0.36
41100	0.36	0.53	0.53	0	0	0.36
41200	0.36	0.53	0.53	0	0	0.36
41300	0.36	0.53	0.53	0	0	0.36
41400	0.37	0.53	0.53	0	0	0.37
41500	0.37	0.53	0.53	0	0	0.37
41600	0.36	0.53	0.53	0	0	0.36
41700	0.36	0.54	0.54	0	0	0.36
41800	0.37	0.55	0.55	0	0	0.37
41900	0.36	0.54	0.54	0	0	0.36
42000	0.35	0.54	0.54	0	0	0.35
42100	0.36	0.54	0.54	0	0	0.36
42200	0.36	0.54	0.54	0	0	0.36
42300	0.36	0.54	0.54	0	0	0.36
42400	0.36	0.54	0.54	0	0	0.36
42500	0.36	0.54	0.54	0	0	0.36
42600	0.36	0.54	0.54	0	0	0.36
42700	0.35	0.54	0.54	0	0	0.35
42800	0.35	0.54	0.54	0	0	0.35
42900	0.35	0.54	0.54	0	0	0.35
43000	0.35	0.54	0.54	0	0	0.35
43100	0.35	0.54	0.54	0	0	0.35
43200	0.34	0.54	0.54	0	0	0.34
43300	0.34	0.54	0.54	0	0	0.34
43400	0.34	0.54	0.54	0	0	0.34
43500	0.35	0.54	0.54	0	0	0.35
43600	0.34	0.54	0.54	0	0	0.34
43700	0.34	0.55	0.55	0	0	0.34
43800	0.34	0.55	0.55	0	0	0.34
43900	0.35	0.55	0.55	0	0	0.35
44000	0.35	0.55	0.55	0	0	0.35
44100	0.35	0.55	0.55	0	0	0.35
44200	0.35	0.55	0.55	0	0	0.35
44300	0.35	0.55	0.55	0	0	0.35
44400	0.35	0.55	0.55	0	0	0.35
44500	0.35	0.56	0.56	0	0	0.35
44600	0.34	0.55	0.55	0	0	0.34
44700	0.34	0.55	0.55	0	0	0.34
44800	0.34	0.56	0.56	0	0	0.34
44900	0.34	0.56	0.56	0	0	0.34
45000	0.34	0.56	0.56	0	0	0.34
45100	0.34	0.56	0.56	0	0	0.34
45200	0.34	0.56	0.56	0	0	0.34
45300	0.34	0.56	0.56	0	0	0.34
45400	0.34	0.56	0.56	0	0	0.34
45500	0.34	0.56	0.56	0	0	0.34
45600	0.34	0.57	0.57	0	0	0.34
45700	0.34	0.57	0.57	0	0	0.34
45800	0.34	0.57	0.57	0	0	0.34
45900	0.33	0.57	0.57	0	0	0.33
46000	0.32	0.56	0.56	0	0	0.32
46100	0.32	0.56	0.56	0	0	0.32
46200	0.32	0.56	0.56	0	0	0.32
46300	0.32	0.57	0.57	0	0	0.32
46400	0.32	0.57	0.57	0	0	0.32
46500	0.33	0.57	0.57	0	0	0.33
46600	0.33	0.57	0.57	0	0	0.33
46700	0.33	0.57	0.57	0	0	0.33
46800	0.33	0.57	0.57	0	0	0.33
46900	0.33	0.57	0.57	0	0	0.33
47000	0.33	0.57	0.57	0	0	0.33
47100	0.33	0.57	0.57	0	0	0.33
47200	0.33	0.57	0.57	0	0	0.33
47300	0.33	0.57	0.57	0	0	0.33
47400	0.33	0.57	0.57	0	0	0.33
47500	0.33	0.57	0.57	0	0	0.33
47600	0.33	0.58	0.58	0	0	0.33
47700	0.33	0.58	0.58	0	0	0.33
47800	0.33	0.58	0.58	0	0	0.33
47900	0.33	0.57	0.57	0	0	0.33
48000	0.33	0.57	0.57	0	0	0.33
48100	0.33	0.57	0.57	0	0	0.33
48200	0.33	0.57	0.57	0	0	0.33
48300	0.33	0.57	0.57	0	0	0.33
48400	0.33	0.57	0.57	0	0	0.33
48500	0.33	0.57	0.57	0	0	0.33
48600	0.33	0.57	0.57	0	0	0.33
48700	0.34	0.57	0.57	0	0	0.34
48800	0.34	0.57	0.57	0	0	0.34
48900	0.34	0.57	0.57	0	0	0.34
49000	0.36	0.57	0.57	0	0	0.36
49100	0.36	0.57	0.57	0	0	0.36
49200	0.36	0.57	0.57	0	0	0.36
49300	0.36	0.58	0.58	0	0	0.36
49400	0.36	0.58	0.58	0	0	0.36
49500	0.36	0.58	0.58	0	0	0.36
49600	0.35	0.58	0.58	0	0	0.35
49700	0.35	0.58	0.58	0	0	0.35
49800	0.35	0.58	0.58	0	0	0.35
49900	0.35	0.58	0.58	0	0	0.35
50000	0.35	0.58	0.58	0	0	0.35
50100	0.35	0.58	0.58	0	0	0.35
50200	0.35	0.58	0.58	0	0	0.35
50300	0.35	0.58	0.58	0	0	0.35
50400	0.35	0.58	0.58	0	0	0.35
50500	0.35	0.58	0.58	0	0	0.35
50600	0.35	0.58	0.58	0	0	0.35
50700	0.35	0.58	0.58	0	0	0.35
50800	0.35	0.58	0.58	0	0	0.35
50900	0.35	0.59	0.59	0	0	0.35
51000	0.35	0.59	0.59	0	0	0.35
51100	0.36	0.59	0.59	0	0	0.36
51200	0.36	0.59	0.59	0	0	0.36
51300	0.36	0.59	0.59	0	0	0.36
51400	0.36	0.59	0.59	0	0	0.36
51500	0.36	0.59	0.59	0	0	0.36
51600	0.36	0.59	0.59	0	0	0.36
51700	0.36	0.59	0.59	0	0	0.36
51800	0.36	0.59	0.59	0	0	0.36
51900	0.36	0.6	0.6	0	0	0.36
52000	0.36	0.6	0.6	0	0	0.36
52100	0.37	0.6	0.6	0	0	0.37
52200	0.37	0.6	0.6	0	0	0.37
52300	0.36	0.6	0.6	0	0	0.36
52400	0.36	0.6	0.6	0	0	0.36
52500	0.36	0.6	0.6	0	0	0.36
52600	0.36	0.6	0.6	0	0	0.36
52700	0.36	0.6	0.6	0	0	0.36
52800	0.36	0.6	0.6	0	0	0.36
52900	0.36	0.6	0.6	0	0	0.36
53000	0.36	0.6	0.6	0	0	0.36
53100	0.36	0.6	0.6	0	0	0.36
53200	0.36	0.6	0.6	0	0	0.36
53300	0.36	0.6	0.6	0	0	0.36
53400	0.36	0.6	0.6	0	0	0.36
53500	0.36	0.6	0.6	0	0	0.36
53600	0.37	0.6	0.6	0	0	0.37
53700	0.36	0.6	0.6	0	0	0.36
53800	0.36	0.6	0.6	0	0	0.36
53900	0.36	0.6	0.6	0	0	0.36
54000	0.36	0.6	0.6	0	0	0.36
54100	0.36	0.6	0.6	0	0	0.36
54200	0.36	0.6	0.6	0	0	0.36
54300	0.36	0.6	0.6	0	0	0.36
54400	0.36	0.6	0.6	0	0	0.36
54500	0.36	0.61	0.61	0	0	0.36
54600	0.36	0.6	0.6	0	0	0.36
54700	0.36	0.6	0.6	0	0	0.36
54800	0.36	0.6	0.6	0	0	0.36
54900	0.36	0.6	0.6	0	0	0.36
55000	0.36	0.6	0.6	0	0	0.36
55100	0.36	0.6	0.6	0	0	0.36
55200	0.36	0.6	0.6	0	0	0.36
55300	0.36	0.6	0.6	0	0	0.36
55400	0.36	0.6	0.6	0	0	0.36
55500	0.36	0.6	0.6	0	0	0.36
55600	0.36	0.6	0.6	0	0	0.36
55700	0.36	0.6	0.6	0	0	0.36
55800	0.36	0.6	0.6	0	0	0.36
55900	0.37	0.6	0.6	0	0	0.37
56000	0.37	0.6	0.6	0	0	0.37
56100	0.37	0.6	0.6	0	0	0.37
56200	0.37	0.6	0.6	0	0	0.37
56300	0.37	0.6	0.6	0	0	0.37
56400	0.37	0.6	0.6	0	0	0.37
56500	0.37	0.6	0.6	0	0	0.37
56600	0.37	0.6	0.6	0	0	0.37
56700	0.38	0.6	0.6	0	0	0.38
56800	0.38	0.6	0.6	0	0	0.38
56900	0.38	0.6	0.6	0	0	0.38
57000	0.38	0.6	0.6	0	0	0.38
57100	0.38	0.6	0.6	0	0	0.38
57200	0.38	0.6	0.6	0	0	0.38
57300	0.38	0.6	0.6	0	0	0.38
57400	0.38	0.6	0.6	0	0	0.38
57500	0.38	0.6	0.6	0	0	0.38
57600	0.38	0.6	0.6	0	0	0.38
57700	0.38	0.6	0.6	0	0	0.38
57800	0.38	0.6	0.6	0	0	0.38
57900	0.38	0.6	0.6	0	0	0.38
58000	0.38	0.6	0.6	0	0	0.38
58100	0.38	0.6	0.6	0	0	0.38
58200	0.38	0.61	0.61	0	0	0.38
58300	0.38	0.61	0.61	0	0	0.38
58400	0.38	0.61	0.61	0	0	0.38
58500	0.38	0.61	0.61	0	0	0.38
58600	0.38	0.61	0.61	0	0	0.38
58700	0.38	0.61	0.61	0	0	0.38
58800	0.38	0.61	0.61	0	0	0.38
58900	0.38	0.61	0.61	0	0	0.38
59000	0.38	0.61	0.61	0	0	0.38
59100	0.38	0.61	0.61	0	0	0.38
59200	0.38	0.61	0.61	0	0	0.38
59300	0.38	0.61	0.61	0	0	0.38
59400	0.38	0.61	0.61	0	0	0.38
59500	0.38	0.61	0.61	0	0	0.38
59600	0.38	0.61	0.61	0	0	0.38
59700	0.38	0.61	0.61	0	0	0.38
59800	0.38	0.61	0.61	0	0	0.38
59900	0.38	0.61	0.61	0	0	0.38
60000	0.38	0.61	0.61	0	0	0.38
60100	0.38	0.61	0.61	0	0	0.38
60200	0.38	0.61	0.61	0	0	0.38
60300	0.38	0.61	0.61	0	0	0.38
60400	0.38	0.61	0.61	0	0	0.38
60500	0.38	0.61	0.61	0	0	0.38
60600	0.38	0.61	0.61	0	0	0.38
60700	0.38	0.61	0.61	0	0	0.38
60800	0.38	0.61	0.61	0	0	0.38
60900	0.38	0.61	0.61	0	0	0.38
61000	0.38	0.61	0.61	0	0	0.38
61100	0.38	0.61	0.61	0	0	0.38
61200	0.38	0.61	0.61	0	0	0.38
61300	0.38	0.61	0.61	0	0	0.38
61400	0.38	0.61	0.61	0	0	0.38
61500	0.38	0.61	0.61	0	0	0.38
61600	0.37	0.61	0.61	0	0	0.37
61700	0.37	0.61	0.61	0	0	0.37
61800	0.37	0.6	0.6	0	0	0.37
61900	0.37	0.6	0.6	0	0	0.37
62000	0.37	0.6	0.6	0	0	0.37
62100	0.37	0.6	0.6	0	0	0.37
62200	0.37	0.6	0.6	0	0	0.37
62300	0.37	0.6	0.6	0	0	0.37
62400	0.37	0.6	0.6	0	0	0.37
62500	0.37	0.6	0.6	0	0	0.37
62600	0.37	0.6	0.6	0	0	0.37
62700	0.37	0.6	0.6	0	0	0.37
62800	0.37	0.6	0.6	0	0	0.37
62900	0.37	0.6	0.6	0	0	0.37
63000	0.37	0.6	0.6	0	0	0.37
63100	0.37	0.6	0.6	0	0	0.37
63200	0.37	0.6	0.6	0	0	0.37
63300	0.34	0.61	0.61	0	0	0.34
63400	0.34	0.61	0.61	0	0	0.34
63500	0.34	0.6	0.6	0	0	0.34
63600	0.34	0.6	0.6	0	0	0.34
63700	0.34	0.6	0.6	0	0	0.34
63800	0.34	0.61	0.61	0	0	0.34
63900	0.34	0.61	0.61	0	0	0.34
64000	0.34	0.61	0.61	0	0	0.34
64100	0.34	0.61	0.61	0	0	0.34
64200	0.34	0.61	0.61	0	0	0.34
64300	0.34	0.61	0.61	0	0	0.34
64400	0.34	0.61	0.61	0	0	0.34
64500	0.34	0.61	0.61	0	0	0.34
64600	0.34	0.61	0.61	0	0	0.34
64700	0.34	0.6	0.6	0	0	0.34
64800	0.34	0.6	0.6	0	0	0.34
64900	0.34	0.6	0.6	0	0	0.34
65000	0.34	0.6	0.6	0	0	0.34
65100	0.34	0.6	0.6	0	0	0.34
65200	0.34	0.6	0.6	0	0	0.34
65300	0.34	0.6	0.6	0	0	0.34
65400	0.34	0.6	0.6	0	0	0.34
65500	0.34	0.6	0.6	0	0	0.34
65600	0.34	0.6	0.6	0	0	0.34
65700	0.34	0.6	0.6	0	0	0.34
65800	0.34	0.6	0.6	0	0	0.34
65900	0.34	0.6	0.6	0	0	0.34
66000	0.34	0.6	0.6	0	0	0.34
66100	0.34	0.6	0.6	0	0	0.34
66200	0.34	0.61	0.61	0	0	0.34
66300	0.34	0.61	0.61	0	0	0.34
66400	0.34	0.61	0.61	0	0	0.34
66500	0.34	0.61	0.61	0	0	0.34
66600	0.34	0.61	0.61	0	0	0.34
66700	0.34	0.61	0.61	0	0	0.34
66800	0.34	0.61	0.61	0	0	0.34
66900	0.34	0.61	0.61	0	0	0.34
67000	0.34	0.61	0.61	0	0	0.34
67100	0.34	0.61	0.61	0	0	0.34
67200	0.34	0.61	0.61	0	0	0.34
67300	0.34	0.61	0.61	0	0	0.34
67400	0.34	0.61	0.61	0	0	0.34
67500	0.34	0.61	0.61	0	0	0.34
67600	0.34	0.6	0.6	0	0	0.34
67700	0.34	0.6	0.6	0	0	0.34
67800	0.34	0.6	0.6	0	0	0.34
67900	0.34	0.6	0.6	0	0	0.34
68000	0.34	0.6	0.6	0	0	0.34
68100	0.34	0.6	0.6	0	0	0.34
68200	0.34	0.6	0.6	0	0	0.34
68300	0.34	0.6	0.6	0	0	0.34
68400	0.34	0.6	0.6	0	0	0.34
68500	0.34	0.6	0.6	0	0	0.34
68600	0.34	0.6	0.6	0	0	0.34
68700	0.34	0.6	0.6	0	0	0.34
68800	0.34	0.6	0.6	0	0	0.34
68900	0.34	0.61	0.61	0	0	0.34
69000	0.34	0.59	0.59	0	0	0.34
69100	0.35	0.58	0.58	0	0	0.35
69200	0.34	0.58	0.58	0	0	0.34
69300	0.34	0.58	0.58	0	0	0.34
69400	0.34	0.58	0.58	0	0	0.34
69500	0.34	0.58	0.58	0	0	0.34
69600	0.34	0.58	0.58	0	0	0.34
69700	0.34	0.58	0.58	0	0	0.34
69800	0.34	0.58	0.58	0	0	0.34
69900	0.34	0.58	0.58	0	0	0.34
70000	0.34	0.58	0.58	0	0	0.34
70100	0.34	0.58	0.58	0	0	0.34
70200	0.34	0.58	0.58	0	0	0.34
70300	0.34	0.58	0.58	0	0	0.34
70400	0.34	0.59	0.59	0	0	0.34
70500	0.34	0.59	0.59	0	0	0.34
70600	0.34	0.58	0.58	0	0	0.34
70700	0.34	0.58	0.58	0	0	0.34
70800	0.34	0.58	0.58	0	0	0.34
70900	0.34	0.58	0.58	0	0	0.34
71000	0.34	0.58	0.58	0	0	0.34
71100	0.34	0.58	0.58	0	0	0.34
71200	0.34	0.58	0.58	0	0	0.34
71300	0.34	0.58	0.58	0	0	0.34
71400	0.35	0.58	0.58	0	0	0.35
71500	0.35	0.58	0.58	0	0	0.35
71600	0.35	0.58	0.58	0	0	0.35
71700	0.34	0.58	0.58	0	0	0.34
71800	0.34	0.58	0.58	0	0	0.34
71900	0.34	0.58	0.58	0	0	0.34
72000	0.34	0.58	0.58	0	0	0.34
72100	0.34	0.58	0.58	0	0	0.34
72200	0.34	0.58	0.58	0	0	0.34
72300	0.34	0.58	0.58	0	0	0.34
72400	0.34	0.59	0.59	0	0	0.34
72500	0.34	0.59	0.59	0	0	0.34
72600	0.34	0.59	0.59	0	0	0.34
72700	0.34	0.58	0.58	0	0	0.34
72800	0.34	0.58	0.58	0	0	0.34
72900	0.34	0.58	0.58	0	0	0.34
73000	0.34	0.58	0.58	0	0	0.34
73100	0.34	0.58	0.58	0	0	0.34
73200	0.34	0.58	0.58	0	0	0.34
73300	0.34	0.58	0.58	0	0	0.34
73400	0.34	0.58	0.58	0	0	0.34
73500	0.34	0.58	0.58	0	0	0.34
73600	0.34	0.58	0.58	0	0	0.34
73700	0.34	0.58	0.58	0	0	0.34
73800	0.34	0.58	0.58	0	0	0.34
73900	0.34	0.58	0.58	0	0	0.34
74000	0.34	0.58	0.58	0	0	0.34
74100	0.34	0.58	0.58	0	0	0.34
74200	0.34	0.59	0.59	0	0	0.34
74300	0.34	0.57	0.57	0	0	0.34
74400	0.34	0.57	0.57	0	0	0.34
74500	0.34	0.57	0.57	0	0	0.34
74600	0.34	0.57	0.57	0	0	0.34
74700	0.34	0.57	0.57	0	0	0.34
74800	0.35	0.57	0.57	0	0	0.35
74900	0.35	0.57	0.57	0	0	0.35
75000	0.35	0.57	0.57	0	0	0.35
75100	0.35	0.57	0.57	0	0	0.35
75200	0.36	0.58	0.58	0	0	0.36
75300	0.36	0.57	0.57	0	0	0.36
75400	0.36	0.57	0.57	0	0	0.36
75500	0.36	0.57	0.57	0	0	0.36
75600	0.36	0.57	0.57	0	0	0.36
75700	0.36	0.57	0.57	0	0	0.36
75800	0.36	0.57	0.57	0	0	0.36
75900	0.36	0.57	0.57	0	0	0.36
76000	0.36	0.57	0.57	0	0	0.36
76100	0.36	0.57	0.57	0	0	0.36
76200	0.36	0.57	0.57	0	0	0.36
76300	0.36	0.57	0.57	0	0	0.36
76400	0.36	0.57	0.57	0	0	0.36
76500	0.36	0.57	0.57	0	0	0.36
76600	0.36	0.57	0.57	0	0	0.36
76700	0.36	0.57	0.57	0	0	0.36
76800	0.36	0.57	0.57	0	0	0.36
76900	0.36	0.57	0.57	0	0	0.36
77000	0.36	0.57	0.57	0	0	0.36
77100	0.36	0.57	0.57	0	0	0.36
77200	0.36	0.57	0.57	0	0	0.36
77300	0.36	0.57	0.57	0	0	0.36
77400	0.36	0.57	0.57	0	0	0.36
77500	0.37	0.57	0.57	0	0	0.37
77600	0.37	0.57	0.57	0	0	0.37
77700	0.37	0.57	0.57	0	0	0.37
77800	0.37	0.57	0.57	0	0	0.37
77900	0.37	0.57	0.57	0	0	0.37
78000	0.37	0.57	0.57	0	0	0.37
78100	0.37	0.57	0.57	0	0	0.37
78200	0.37	0.57	0.57	0	0	0.37
78300	0.37	0.58	0.58	0	0	0.37
78400	0.37	0.57	0.57	0	0	0.37
78500	0.37	0.57	0.57	0	0	0.37
78600	0.37	0.56	0.56	0	0	0.37
78700	0.37	0.56	0.56	0	0	0.37
78800	0.37	0.56	0.56	0	0	0.37
78900	0.37	0.56	0.56	0	0	0.37
79000	0.37	0.56	0.56	0	0	0.37
79100	0.37	0.56	0.56	0	0	0.37
79200	0.37	0.56	0.56	0	0	0.37
79300	0.37	0.56	0.56	0	0	0.37
79400	0.37	0.56	0.56	0	0	0.37
79500	0.37	0.56	0.56	0	0	0.37
79600	0.37	0.57	0.57	0	0	0.37
79700	0.37	0.57	0.57	0	0	0.37
79800	0.37	0.57	0.57	0	0	0.37
79900	0.37	0.57	0.57	0	0	0.37
80000	0.37	0.57	0.57	0	0	0.37
80100	0.37	0.57	0.57	0	0	0.37
80200	0.37	0.57	0.57	0	0	0.37
80300	0.37	0.57	0.57	0	0	0.37
80400	0.37	0.57	0.57	0	0	0.37
80500	0.37	0.57	0.57	0	0	0.37
80600	0.37	0.57	0.57	0	0	0.37
80700	0.37	0.58	0.58	0	0	0.37
80800	0.37	0.58	0.58	0	0	0.37
80900	0.37	0.57	0.57	0	0	0.37
81000	0.37	0.57	0.57	0	0	0.37
81100	0.37	0.57	0.57	0	0	0.37
81200	0.37	0.57	0.57	0	0	0.37
81300	0.37	0.57	0.57	0	0	0.37
81400	0.37	0.57	0.57	0	0	0.37
81500	0.37	0.57	0.57	0	0	0.37
81600	0.37	0.58	0.58	0	0	0.37
81700	0.37	0.57	0.57	0	0	0.37
81800	0.38	0.57	0.57	0	0	0.38
81900	0.38	0.57	0.57	0	0	0.38
82000	0.38	0.57	0.57	0	0	0.38
82100	0.38	0.57	0.57	0	0	0.38
82200	0.38	0.57	0.57	0	0	0.38
82300	0.38	0.57	0.57	0	0	0.38
82400	0.38	0.57	0.57	0	0	0.38
82500	0.38	0.57	0.57	0	0	0.38
82600	0.38	0.57	0.57	0	0	0.38
82700	0.38	0.57	0.57	0	0	0.38
82800	0.38	0.57	0.57	0	0	0.38
82900	0.38	0.57	0.57	0	0	0.38
83000	0.38	0.57	0.57	0	0	0.38
83100	0.38	0.57	0.57	0	0	0.38
83200	0.38	0.57	0.57	0	0	0.38
83300	0.38	0.57	0.57	0	0	0.38
83400	0.38	0.57	0.57	0	0	0.38
83500	0.38	0.57	0.57	0	0	0.38
83600	0.38	0.57	0.57	0	0	0.38
83700	0.38	0.57	0.57	0	0	0.38
83800	0.38	0.57	0.57	0	0	0.38
83900	0.38	0.57	0.57	0	0	0.38
84000	0.38	0.57	0.57	0	0	0.38
84100	0.38	0.57	0.57	0	0	0.38
84200	0.38	0.57	0.57	0	0	0.38
84300	0.38	0.57	0.57	0	0	0.38
84400	0.38	0.57	0.57	0	0	0.38
84500	0.38	0.57	0.57	0	0	0.38
84600	0.38	0.57	0.57	0	0	0.38
84700	0.38	0.57	0.57	0	0	0.38
84800	0.38	0.57	0.57	0	0	0.38
84900	0.38	0.57	0.57	0	0	0.38
85000	0.38	0.57	0.57	0	0	0.38
85100	0.38	0.57	0.57	0	0	0.38
85200	0.38	0.57	0.57	0	0	0.38
85300	0.38	0.57	0.57	0	0	0.38
85400	0.38	0.57	0.57	0	0	0.38
85500	0.38	0.57	0.57	0	0	0.38
85600	0.38	0.57	0.57	0	0	0.38
85700	0.38	0.57	0.57	0	0	0.38
85800	0.38	0.57	0.57	0	0	0.38
85900	0.38	0.57	0.57	0	0	0.38
86000	0.38	0.57	0.57	0	0	0.38
86100	0.38	0.57	0.57	0	0	0.38
86200	0.38	0.57	0.57	0	0	0.38
86300	0.38	0.57	0.57	0	0	0.38
86400	0.38	0.57	0.57	0	0	0.38
86500	0.38	0.57	0.57	0	0	0.38
86600	0.38	0.57	0.57	0	0	0.38
86700	0.38	0.57	0.57	0	0	0.38
86800	0.38	0.57	0.57	0	0	0.38
86900	0.38	0.57	0.57	0	0	0.38
87000	0.38	0.57	0.57	0	0	0.38
87100	0.38	0.57	0.57	0	0	0.38
87200	0.38	0.57	0.57	0	0	0.38
87300	0.38	0.57	0.57	0	0	0.38
87400	0.38	0.57	0.57	0	0	0.38
87500	0.38	0.57	0.57	0	0	0.38
87600	0.37	0.57	0.57	0	0	0.37
87700	0.37	0.57	0.57	0	0	0.37
87800	0.37	0.57	0.57	0	0	0.37
87900	0.37	0.57	0.57	0	0	0.37
88000	0.37	0.57	0.57	0	0	0.37
88100	0.37	0.57	0.57	0	0	0.37
88200	0.37	0.57	0.57	0	0	0.37
88300	0.37	0.57	0.57	0	0	0.37
88400	0.37	0.57	0.57	0	0	0.37
88500	0.37	0.57	0.57	0	0	0.37
88600	0.37	0.57	0.57	0	0	0.37
88700	0.37	0.57	0.57	0	0	0.37
88800	0.37	0.58	0.58	0	0	0.37
88900	0.37	0.58	0.58	0	0	0.37
89000	0.37	0.58	0.58	0	0	0.37
89100	0.37	0.58	0.58	0	0	0.37
89200	0.37	0.58	0.58	0	0	0.37
89300	0.37	0.58	0.58	0	0	0.37
89400	0.37	0.58	0.58	0	0	0.37
89500	0.37	0.58	0.58	0	0	0.37
89600	0.37	0.58	0.58	0	0	0.37
89700	0.37	0.58	0.58	0	0	0.37
89800	0.37	0.58	0.58	0	0	0.37
89900	0.37	0.59	0.59	0	0	0.37
90000	0.37	0.58	0.58	0	0	0.37
90100	0.37	0.58	0.58	0	0	0.37
90200	0.37	0.58	0.58	0	0	0.37
90300	0.37	0.58	0.58	0	0	0.37
90400	0.37	0.58	0.58	0	0	0.37
90500	0.37	0.58	0.58	0	0	0.37
90600	0.37	0.58	0.58	0	0	0.37
90700	0.37	0.58	0.58	0	0	0.37
90800	0.37	0.58	0.58	0	0	0.37
90900	0.37	0.58	0.58	0	0	0.37
91000	0.37	0.58	0.58	0	0	0.37
91100	0.37	0.58	0.58	0	0	0.37
91200	0.37	0.58	0.58	0	0	0.37
91300	0.37	0.58	0.58	0	0	0.37
91400	0.37	0.58	0.58	0	0	0.37
91500	0.37	0.58	0.58	0	0	0.37
91600	0.36	0.58	0.58	0	0	0.36
91700	0.36	0.58	0.58	0	0	0.36
91800	0.36	0.58	0.58	0	0	0.36
91900	0.36	0.58	0.58	0	0	0.36
92000	0.36	0.58	0.58	0	0	0.36
92100	0.36	0.58	0.58	0	0	0.36
92200	0.36	0.58	0.58	0	0	0.36
92300	0.36	0.58	0.58	0	0	0.36
92400	0.36	0.58	0.58	0	0	0.36
92500	0.36	0.58	0.58	0	0	0.36
92600	0.36	0.58	0.58	0	0	0.36
92700	0.36	0.59	0.59	0	0	0.36
92800	0.36	0.59	0.59	0	0	0.36
92900	0.36	0.59	0.59	0	0	0.36
93000	0.36	0.59	0.59	0	0	0.36
93100	0.36	0.59	0.59	0	0	0.36
93200	0.36	0.59	0.59	0	0	0.36
93300	0.36	0.59	0.59	0	0	0.36
93400	0.36	0.59	0.59	0	0	0.36
93500	0.36	0.59	0.59	0	0	0.36
93600	0.36	0.59	0.59	0	0	0.36
93700	0.36	0.59	0.59	0	0	0.36
93800	0.36	0.59	0.59	0	0	0.36
93900	0.36	0.59	0.59	0	0	0.36
94000	0.36	0.59	0.59	0	0	0.36
94100	0.36	0.59	0.59	0	0	0.36
94200	0.36	0.59	0.59	0	0	0.36
94300	0.36	0.59	0.59	0	0	0.36
94400	0.36	0.59	0.59	0	0	0.36
94500	0.36	0.59	0.59	0	0	0.36
94600	0.36	0.59	0.59	0	0	0.36
94700	0.36	0.59	0.59	0	0	0.36
94800	0.36	0.59	0.59	0	0	0.36
94900	0.36	0.59	0.59	0	0	0.36
95000	0.36	0.59	0.59	0	0	0.36
95100	0.36	0.59	0.59	0	0	0.36
95200	0.36	0.59	0.59	0	0	0.36
95300	0.36	0.59	0.59	0	0	0.36
95400	0.36	0.59	0.59	0	0	0.36
95500	0.36	0.59	0.59	0	0	0.36
95600	0.36	0.59	0.59	0	0	0.36
95700	0.36	0.59	0.59	0	0	0.36
95800	0.36	0.59	0.59	0	0	0.36
95900	0.36	0.59	0.59	0	0	0.36
96000	0.36	0.59	0.59	0	0	0.36
96100	0.36	0.59	0.59	0	0	0.36
96200	0.36	0.59	0.59	0	0	0.36
96300	0.36	0.59	0.59	0	0	0.36
96400	0.36	0.59	0.59	0	0	0.36
96500	0.36	0.59	0.59	0	0	0.36
96600	0.36	0.59	0.59	0	0	0.36
96700	0.36	0.59	0.59	0	0	0.36
96800	0.36	0.59	0.59	0	0	0.36
96900	0.36	0.59	0.59	0	0	0.36
97000	0.37	0.59	0.59	0	0	0.37
97100	0.36	0.59	0.59	0	0	0.36
97200	0.36	0.59	0.59	0	0	0.36
97300	0.36	0.59	0.59	0	0	0.36
97400	0.36	0.59	0.59	0	0	0.36
97500	0.36	0.59	0.59	0	0	0.36
97600	0.36	0.59	0.59	0	0	0.36
97700	0.36	0.59	0.59	0	0	0.36
97800	0.36	0.59	0.59	0	0	0.36
97900	0.36	0.59	0.59	0	0	0.36
98000	0.36	0.59	0.59	0	0	0.36
98100	0.36	0.59	0.59	0	0	0.36
98200	0.36	0.59	0.59	0	0	0.36
98300	0.36	0.59	0.59	0	0	0.36
98400	0.36	0.59	0.59	0	0	0.36
98500	0.36	0.59	0.59	0	0	0.36
98600	0.36	0.59	0.59	0	0	0.36
98700	0.36	0.59	0.59	0	0	0.36
98800	0.36	0.59	0.59	0	0	0.36
98900	0.36	0.59	0.59	0	0	0.36
99000	0.36	0.59	0.59	0	0	0.36
99100	0.36	0.59	0.59	0	0	0.36
99200	0.36	0.59	0.59	0	0	0.36
99300	0.36	0.59	0.59	0	0	0.36
99400	0.36	0.59	0.59	0	0	0.36
99500	0.36	0.59	0.59	0	0	0.36
99600	0.36	0.59	0.59	0	0	0.36
99700	0.36	0.59	0.59	0	0	0.36
99800	0.36	0.59	0.59	0	0	0.36
99900	0.36	0.59	0.59	0	0	0.36
100000	0.36	0.59	0.59	0	0	0.36
100100	0.36	0.59	0.59	0	0	0.36
100200	0.36	0.59	0.59	0	0	0.36
100300	0.36	0.59	0.59	0	0	0.36
100400	0.36	0.59	0.59	0	0	0.36
100500	0.36	0.59	0.59	0	0	0.36
100600	0.36	0.59	0.59	0	0	0.36
100700	0.36	0.59	0.59	0	0	0.36
100800	0.36	0.59	0.59	0	0	0.36
100900	0.36	0.59	0.59	0	0	0.36
101000	0.36	0.59	0.59	0	0	0.36
101100	0.36	0.59	0.59	0	0	0.36
101200	0.36	0.59	0.59	0	0	0.36
101300	0.36	0.59	0.59	0	0	0.36
101400	0.36	0.59	0.59	0	0	0.36
101500	0.36	0.59	0.59	0	0	0.36
101600	0.36	0.59	0.59	0	0	0.36
101700	0.36	0.59	0.59	0	0	0.36
101800	0.36	0.59	0.59	0	0	0.36
101900	0.36	0.59	0.59	0	0	0.36
102000	0.36	0.59	0.59	0	0	0.36
102100	0.36	0.59	0.59	0	0	0.36
102200	0.36	0.6	0.6	0	0	0.36
102300	0.36	0.59	0.59	0	0	0.36
102400	0.36	0.59	0.59	0	0	0.36
102500	0.36	0.59	0.59	0	0	0.36
102600	0.36	0.59	0.59	0	0	0.36
102700	0.36	0.59	0.59	0	0	0.36
102800	0.36	0.59	0.59	0	0	0.36
102900	0.36	0.59	0.59	0	0	0.36
103000	0.36	0.59	0.59	0	0	0.36
103100	0.36	0.59	0.59	0	0	0.36
103200	0.36	0.59	0.59	0	0	0.36
103300	0.36	0.59	0.59	0	0	0.36
103400	0.36	0.59	0.59	0	0	0.36
103500	0.36	0.59	0.59	0	0	0.36
103600	0.36	0.59	0.59	0	0	0.36
103700	0.36	0.59	0.59	0	0	0.36
103800	0.36	0.59	0.59	0	0	0.36
103900	0.36	0.59	0.59	0	0	0.36
104000	0.36	0.59	0.59	0	0	0.36
104100	0.36	0.59	0.59	0	0	0.36
104200	0.36	0.59	0.59	0	0	0.36
104300	0.36	0.59	0.59	0	0	0.36
104400	0.36	0.59	0.59	0	0	0.36
104500	0.36	0.6	0.6	0	0	0.36
104600	0.36	0.6	0.6	0	0	0.36
104700	0.36	0.6	0.6	0	0	0.36
104800	0.35	0.59	0.59	0	0	0.35
104900	0.35	0.59	0.59	0	0	0.35
105000	0.35	0.59	0.59	0	0	0.35
105100	0.35	0.6	0.6	0	0	0.35
105200	0.35	0.6	0.6	0	0	0.35
105300	0.35	0.6	0.6	0	0	0.35
105400	0.35	0.6	0.6	0	0	0.35
105500	0.35	0.6	0.6	0	0	0.35
105600	0.35	0.6	0.6	0	0	0.35
105700	0.35	0.6	0.6	0	0	0.35
105800	0.35	0.6	0.6	0	0	0.35
105900	0.34	0.6	0.6	0	0	0.34
106000	0.34	0.6	0.6	0	0	0.34
106100	0.34	0.6	0.6	0	0	0.34
106200	0.34	0.6	0.6	0	0	0.34
106300	0.34	0.6	0.6	0	0	0.34
106400	0.34	0.6	0.6	0	0	0.34
106500	0.34	0.6	0.6	0	0	0.34
106600	0.34	0.6	0.6	0	0	0.34
106700	0.34	0.6	0.6	0	0	0.34
106800	0.34	0.6	0.6	0	0	0.34
106900	0.34	0.6	0.6	0	0	0.34
107000	0.34	0.6	0.6	0	0	0.34
107100	0.34	0.6	0.6	0	0	0.34
107200	0.34	0.6	0.6	0	0	0.34
107300	0.34	0.6	0.6	0	0	0.34
107400	0.34	0.6	0.6	0	0	0.34
107500	0.34	0.59	0.59	0	0	0.34
107600	0.34	0.59	0.59	0	0	0.34
107700	0.34	0.59	0.59	0	0	0.34
107800	0.34	0.59	0.59	0	0	0.34
107900	0.34	0.6	0.6	0	0	0.34
108000	0.34	0.59	0.59	0	0	0.34
108100	0.34	0.59	0.59	0	0	0.34
108200	0.34	0.59	0.59	0	0	0.34
108300	0.34	0.59	0.59	0	0	0.34
108400	0.34	0.59	0.59	0	0	0.34
108500	0.34	0.59	0.59	0	0	0.34
108600	0.34	0.59	0.59	0	0	0.34
108700	0.34	0.59	0.59	0	0	0.34
108800	0.34	0.59	0.59	0	0	0.34
108900	0.34	0.59	0.59	0	0	0.34
109000	0.34	0.59	0.59	0	0	0.34
109100	0.34	0.59	0.59	0	0	0.34
109200	0.34	0.59	0.59	0	0	0.34
109300	0.34	0.59	0.59	0	0	0.34
109400	0.34	0.6	0.6	0	0	0.34
109500	0.34	0.6	0.6	0	0	0.34
109600	0.34	0.6	0.6	0	0	0.34
109700	0.34	0.6	0.6	0	0	0.34
109800	0.34	0.6	0.6	0	0	0.34
109900	0.34	0.6	0.6	0	0	0.34
110000	0.34	0.61	0.61	0	0	0.34
110100	0.34	0.61	0.61	0	0	0.34
110200	0.34	0.6	0.6	0	0	0.34
110300	0.34	0.6	0.6	0	0	0.34
110400	0.34	0.6	0.6	0	0	0.34
110500	0.34	0.6	0.6	0	0	0.34
110600	0.34	0.6	0.6	0	0	0.34
110700	0.34	0.6	0.6	0	0	0.34
110800	0.34	0.6	0.6	0	0	0.34
110900	0.34	0.6	0.6	0	0	0.34
111000	0.34	0.6	0.6	0	0	0.34
111100	0.34	0.6	0.6	0	0	0.34
111200	0.34	0.6	0.6	0	0	0.34
111300	0.34	0.61	0.61	0	0	0.34
111400	0.34	0.61	0.61	0	0	0.34
111500	0.34	0.61	0.61	0	0	0.34
111600	0.34	0.61	0.61	0	0	0.34
111700	0.35	0.61	0.61	0	0	0.35
111800	0.34	0.61	0.61	0	0	0.34
111900	0.34	0.61	0.61	0	0	0.34
112000	0.34	0.61	0.61	0	0	0.34
112100	0.34	0.61	0.61	0	0	0.34
112200	0.34	0.61	0.61	0	0	0.34
112300	0.34	0.61	0.61	0	0	0.34
112400	0.34	0.61	0.61	0	0	0.34
112500	0.34	0.61	0.61	0	0	0.34
112600	0.34	0.61	0.61	0	0	0.34
112700	0.34	0.61	0.61	0	0	0.34
112800	0.34	0.62	0.62	0	0	0.34
112900	0.34	0.62	0.62	0	0	0.34
113000	0.34	0.61	0.61	0	0	0.34
113100	0.34	0.61	0.61	0	0	0.34
113200	0.34	0.61	0.61	0	0	0.34
113300	0.34	0.62	0.62	0	0	0.34
113400	0.34	0.62	0.62	0	0	0.34
113500	0.34	0.63	0.63	0	0	0.34
113600	0.34	0.62	0.62	0	0	0.34
113700	0.34	0.62	0.62	0	0	0.34
113800	0.34	0.62	0.62	0	0	0.34
113900	0.34	0.62	0.62	0	0	0.34
114000	0.34	0.62	0.62	0	0	0.34
114100	0.34	0.62	0.62	0	0	0.34
114200	0.34	0.62	0.62	0	0	0.34
114300	0.34	0.61	0.61	0	0	0.34
114400	0.34	0.61	0.61	0	0	0.34
114500	0.34	0.61	0.61	0	0	0.34
114600	0.34	0.61	0.61	0	0	0.34
114700	0.34	0.61	0.61	0	0	0.34
114800	0.34	0.61	0.61	0	0	0.34
114900	0.34	0.61	0.61	0	0	0.34
115000	0.34	0.61	0.61	0	0	0.34
115100	0.34	0.61	0.61	0	0	0.34
115200	0.34	0.61	0.61	0	0	0.34
115300	0.34	0.61	0.61	0	0	0.34
115400	0.34	0.61	0.61	0	0	0.34
115500	0.35	0.61	0.61	0	0	0.35
115600	0.35	0.61	0.61	0	0	0.35
115700	0.35	0.61	0.61	0	0	0.35
115800	0.35	0.61	0.61	0	0	0.35
115900	0.35	0.61	0.61	0	0	0.35
116000	0.35	0.61	0.61	0	0	0.35
116100	0.35	0.61	0.61	0	0	0.35
116200	0.35	0.61	0.61	0	0	0.35
116300	0.35	0.61	0.61	0	0	0.35
116400	0.35	0.61	0.61	0	0	0.35
116500	0.35	0.61	0.61	0	0	0.35
116600	0.35	0.61	0.61	0	0	0.35
116700	0.35	0.61	0.61	0	0	0.35
116800	0.35	0.61	0.61	0	0	0.35
116900	0.35	0.61	0.61	0	0	0.35
117000	0.35	0.61	0.61	0	0	0.35
117100	0.35	0.61	0.61	0	0	0.35
117200	0.35	0.61	0.61	0	0	0.35
117300	0.35	0.61	0.61	0	0	0.35
117400	0.35	0.61	0.61	0	0	0.35
117500	0.35	0.61	0.61	0	0	0.35
117600	0.35	0.61	0.61	0	0	0.35
117700	0.35	0.61	0.61	0	0	0.35
117800	0.35	0.6	0.6	0	0	0.35
117900	0.35	0.6	0.6	0	0	0.35
118000	0.35	0.6	0.6	0	0	0.35
118100	0.35	0.6	0.6	0	0	0.35
118200	0.35	0.6	0.6	0	0	0.35
118300	0.35	0.6	0.6	0	0	0.35
118400	0.35	0.6	0.6	0	0	0.35
118500	0.35	0.6	0.6	0	0	0.35
118600	0.35	0.59	0.59	0	0	0.35
118700	0.35	0.59	0.59	0	0	0.35
118800	0.35	0.59	0.59	0	0	0.35
118900	0.35	0.59	0.59	0	0	0.35
119000	0.35	0.59	0.59	0	0	0.35
119100	0.34	0.59	0.59	0	0	0.34
119200	0.34	0.59	0.59	0	0	0.34
119300	0.34	0.59	0.59	0	0	0.34
119400	0.34	0.59	0.59	0	0	0.34
119500	0.34	0.59	0.59	0	0	0.34
119600	0.34	0.59	0.59	0	0	0.34
119700	0.34	0.59	0.59	0	0	0.34
119800	0.34	0.59	0.59	0	0	0.34
119900	0.35	0.59	0.59	0	0	0.35
120000	0.35	0.61	0.61	0	0	0.35
120100	0.35	0.61	0.61	0	0	0.35
120200	0.35	0.61	0.61	0	0	0.35
120300	0.35	0.61	0.61	0	0	0.35
120400	0.35	0.61	0.61	0	0	0.35
120500	0.35	0.6	0.6	0	0	0.35
120600	0.35	0.6	0.6	0	0	0.35
120700	0.35	0.6	0.6	0	0	0.35
120800	0.35	0.6	0.6	0	0	0.35
120900	0.35	0.6	0.6	0	0	0.35
121000	0.35	0.6	0.6	0	0	0.35
121100	0.35	0.6	0.6	0	0	0.35
121200	0.35	0.6	0.6	0	0	0.35
121300	0.35	0.6	0.6	0	0	0.35
121400	0.35	0.6	0.6	0	0	0.35
121500	0.35	0.6	0.6	0	0	0.35
121600	0.35	0.6	0.6	0	0	0.35
121700	0.35	0.6	0.6	0	0	0.35
121800	0.35	0.6	0.6	0	0	0.35
121900	0.35	0.6	0.6	0	0	0.35
122000	0.35	0.6	0.6	0	0	0.35
122100	0.35	0.6	0.6	0	0	0.35
122200	0.35	0.6	0.6	0	0	0.35
122300	0.35	0.6	0.6	0	0	0.35
122400	0.35	0.6	0.6	0	0	0.35
122500	0.35	0.6	0.6	0	0	0.35
122600	0.35	0.6	0.6	0	0	0.35
122700	0.35	0.6	0.6	0	0	0.35
122800	0.35	0.6	0.6	0	0	0.35
122900	0.35	0.6	0.6	0	0	0.35
123000	0.35	0.6	0.6	0	0	0.35
123100	0.35	0.6	0.6	0	0	0.35
123200	0.35	0.6	0.6	0	0	0.35
123300	0.35	0.6	0.6	0	0	0.35
123400	0.35	0.6	0.6	0	0	0.35
123500	0.35	0.6	0.6	0	0	0.35
123600	0.35	0.6	0.6	0	0	0.35
123700	0.35	0.6	0.6	0	0	0.35
123800	0.36	0.6	0.6	0	0	0.36
123900	0.36	0.6	0.6	0	0	0.36
124000	0.36	0.6	0.6	0	0	0.36
124100	0.36	0.6	0.6	0	0	0.36
124200	0.36	0.6	0.6	0	0	0.36
124300	0.36	0.6	0.6	0	0	0.36
124400	0.36	0.6	0.6	0	0	0.36
124500	0.36	0.6	0.6	0	0	0.36
124600	0.36	0.59	0.59	0	0	0.36
124700	0.36	0.59	0.59	0	0	0.36
124800	0.36	0.59	0.59	0	0	0.36
124900	0.37	0.59	0.59	0	0	0.37
125000	0.37	0.59	0.59	0	0	0.37
125100	0.37	0.59	0.59	0	0	0.37
125200	0.37	0.59	0.59	0	0	0.37
125300	0.38	0.59	0.59	0	0	0.38
125400	0.38	0.59	0.59	0	0	0.38
125500	0.38	0.59	0.59	0	0	0.38
125600	0.37	0.59	0.59	0	0	0.37
125700	0.38	0.59	0.59	0	0	0.38
125800	0.37	0.59	0.59	0	0	0.37
125900	0.37	0.59	0.59	0	0	0.37
126000	0.37	0.59	0.59	0	0	0.37
126100	0.37	0.59	0.59	0	0	0.37
126200	0.37	0.59	0.59	0	0	0.37
126300	0.36	0.59	0.59	0	0	0.36
126400	0.36	0.59	0.59	0	0	0.36
126500	0.36	0.59	0.59	0	0	0.36
126600	0.36	0.59	0.59	0	0	0.36
126700	0.36	0.59	0.59	0	0	0.36
126800	0.36	0.59	0.59	0	0	0.36
126900	0.36	0.59	0.59	0	0	0.36
127000	0.36	0.59	0.59	0	0	0.36
127100	0.36	0.59	0.59	0	0	0.36
127200	0.36	0.59	0.59	0	0	0.36
127300	0.36	0.59	0.59	0	0	0.36
127400	0.36	0.59	0.59	0	0	0.36
127500	0.36	0.59	0.59	0	0	0.36
127600	0.36	0.59	0.59	0	0	0.36
127700	0.36	0.59	0.59	0	0	0.36
127800	0.36	0.59	0.59	0	0	0.36
127900	0.36	0.59	0.59	0	0	0.36
128000	0.36	0.59	0.59	0	0	0.36
128100	0.36	0.59	0.59	0	0	0.36
128200	0.36	0.59	0.59	0	0	0.36
128300	0.36	0.59	0.59	0	0	0.36
128400	0.36	0.59	0.59	0	0	0.36
128500	0.36	0.59	0.59	0	0	0.36
128600	0.36	0.59	0.59	0	0	0.36
128700	0.36	0.59	0.59	0	0	0.36
128800	0.36	0.59	0.59	0	0	0.36
128900	0.36	0.59	0.59	0	0	0.36
129000	0.36	0.59	0.59	0	0	0.36
129100	0.36	0.59	0.59	0	0	0.36
129200	0.36	0.59	0.59	0	0	0.36
129300	0.36	0.59	0.59	0	0	0.36
129400	0.36	0.59	0.59	0	0	0.36
129500	0.36	0.59	0.59	0	0	0.36
129600	0.36	0.59	0.59	0	0	0.36
129700	0.36	0.59	0.59	0	0	0.36
129800	0.36	0.59	0.59	0	0	0.36
129900	0.36	0.59	0.59	0	0	0.36
130000	0.36	0.59	0.59	0	0	0.36
130100	0.37	0.59	0.59	0	0	0.37
130200	0.37	0.59	0.59	0	0	0.37
130300	0.37	0.59	0.59	0	0	0.37
130400	0.37	0.59	0.59	0	0	0.37
130500	0.36	0.59	0.59	0	0	0.36
130600	0.36	0.59	0.59	0	0	0.36
130700	0.36	0.59	0.59	0	0	0.36
130800	0.36	0.59	0.59	0	0	0.36
130900	0.36	0.59	0.59	0	0	0.36
131000	0.36	0.59	0.59	0	0	0.36
131100	0.36	0.59	0.59	0	0	0.36
131200	0.36	0.59	0.59	0	0	0.36
131300	0.36	0.59	0.59	0	0	0.36
131400	0.36	0.59	0.59	0	0	0.36
131500	0.36	0.59	0.59	0	0	0.36
131600	0.34	0.59	0.59	0	0	0.34
131700	0.33	0.59	0.59	0	0	0.33
131800	0.33	0.59	0.59	0	0	0.33
131900	0.33	0.59	0.59	0	0	0.33
132000	0.33	0.59	0.59	0	0	0.33
132100	0.33	0.59	0.59	0	0	0.33
132200	0.33	0.59	0.59	0	0	0.33
132300	0.33	0.59	0.59	0	0	0.33
132400	0.33	0.59	0.59	0	0	0.33
132500	0.33	0.59	0.59	0	0	0.33
132600	0.33	0.59	0.59	0	0	0.33
132700	0.34	0.59	0.59	0	0	0.34
132800	0.34	0.59	0.59	0	0	0.34
132900	0.34	0.59	0.59	0	0	0.34
133000	0.34	0.59	0.59	0	0	0.34
133100	0.34	0.59	0.59	0	0	0.34
133200	0.34	0.59	0.59	0	0	0.34
133300	0.34	0.59	0.59	0	0	0.34
133400	0.34	0.59	0.59	0	0	0.34
133500	0.34	0.59	0.59	0	0	0.34
133600	0.34	0.59	0.59	0	0	0.34
133700	0.34	0.59	0.59	0	0	0.34
133800	0.34	0.58	0.58	0	0	0.34
133900	0.34	0.58	0.58	0	0	0.34
134000	0.34	0.58	0.58	0	0	0.34
134100	0.34	0.58	0.58	0	0	0.34
134200	0.34	0.58	0.58	0	0	0.34
134300	0.34	0.58	0.58	0	0	0.34
134400	0.35	0.58	0.58	0	0	0.35
134500	0.35	0.58	0.58	0	0	0.35
134600	0.35	0.58	0.58	0	0	0.35
134700	0.35	0.58	0.58	0	0	0.35
134800	0.35	0.58	0.58	0	0	0.35
134900	0.35	0.58	0.58	0	0	0.35
135000	0.35	0.59	0.59	0	0	0.35
135100	0.35	0.58	0.58	0	0	0.35
135200	0.35	0.58	0.58	0	0	0.35
135300	0.35	0.58	0.58	0	0	0.35
135400	0.35	0.58	0.58	0	0	0.35
135500	0.35	0.58	0.58	0	0	0.35
135600	0.35	0.58	0.58	0	0	0.35
135700	0.35	0.58	0.58	0	0	0.35
135800	0.35	0.58	0.58	0	0	0.35
135900	0.35	0.58	0.58	0	0	0.35
136000	0.35	0.58	0.58	0	0	0.35
136100	0.35	0.58	0.58	0	0	0.35
136200	0.35	0.58	0.58	0	0	0.35
136300	0.35	0.58	0.58	0	0	0.35
136400	0.35	0.58	0.58	0	0	0.35
136500	0.36	0.58	0.58	0	0	0.36
136600	0.36	0.58	0.58	0	0	0.36
136700	0.36	0.58	0.58	0	0	0.36
136800	0.36	0.58	0.58	0	0	0.36
136900	0.36	0.58	0.58	0	0	0.36
137000	0.36	0.58	0.58	0	0	0.36
137100	0.36	0.58	0.58	0	0	0.36
137200	0.36	0.58	0.58	0	0	0.36
137300	0.36	0.58	0.58	0	0	0.36
137400	0.36	0.59	0.59	0	0	0.36
137500	0.36	0.59	0.59	0	0	0.36
137600	0.36	0.59	0.59	0	0	0.36
137700	0.36	0.59	0.59	0	0	0.36
137800	0.36	0.59	0.59	0	0	0.36
137900	0.35	0.59	0.59	0	0	0.35
138000	0.35	0.59	0.59	0	0	0.35
138100	0.35	0.59	0.59	0	0	0.35
138200	0.35	0.59	0.59	0	0	0.35
138300	0.35	0.59	0.59	0	0	0.35
138400	0.35	0.59	0.59	0	0	0.35
138500	0.35	0.59	0.59	0	0	0.35
138600	0.35	0.59	0.59	0	0	0.35
138700	0.35	0.59	0.59	0	0	0.35
138800	0.35	0.59	0.59	0	0	0.35
138900	0.35	0.59	0.59	0	0	0.35
139000	0.35	0.59	0.59	0	0	0.35
139100	0.35	0.6	0.6	0	0	0.35
139200	0.35	0.59	0.59	0	0	0.35
139300	0.35	0.59	0.59	0	0	0.35
139400	0.35	0.59	0.59	0	0	0.35
139500	0.35	0.59	0.59	0	0	0.35
139600	0.36	0.59	0.59	0	0	0.36
139700	0.36	0.59	0.59	0	0	0.36
139800	0.36	0.59	0.59	0	0	0.36
139900	0.35	0.6	0.6	0	0	0.35
140000	0.35	0.6	0.6	0	0	0.35
140100	0.35	0.6	0.6	0	0	0.35
140200	0.35	0.6	0.6	0	0	0.35
140300	0.35	0.6	0.6	0	0	0.35
140400	0.35	0.6	0.6	0	0	0.35
140500	0.35	0.6	0.6	0	0	0.35
140600	0.35	0.6	0.6	0	0	0.35
140700	0.36	0.6	0.6	0	0	0.36
140800	0.36	0.6	0.6	0	0	0.36
140900	0.36	0.6	0.6	0	0	0.36
141000	0.36	0.6	0.6	0	0	0.36
141100	0.36	0.6	0.6	0	0	0.36
141200	0.36	0.6	0.6	0	0	0.36
141300	0.36	0.6	0.6	0	0	0.36
141400	0.36	0.6	0.6	0	0	0.36
141500	0.36	0.6	0.6	0	0	0.36
141600	0.36	0.6	0.6	0	0	0.36
141700	0.36	0.6	0.6	0	0	0.36
141800	0.36	0.6	0.6	0	0	0.36
141900	0.36	0.6	0.6	0	0	0.36
142000	0.36	0.6	0.6	0	0	0.36
142100	0.36	0.6	0.6	0	0	0.36
142200	0.36	0.6	0.6	0	0	0.36
142300	0.36	0.6	0.6	0	0	0.36
142400	0.36	0.6	0.6	0	0	0.36
142500	0.36	0.6	0.6	0	0	0.36
142600	0.36	0.6	0.6	0	0	0.36
142700	0.36	0.6	0.6	0	0	0.36
142800	0.36	0.6	0.6	0	0	0.36
142900	0.36	0.6	0.6	0	0	0.36
143000	0.36	0.6	0.6	0	0	0.36
143100	0.36	0.6	0.6	0	0	0.36
143200	0.36	0.6	0.6	0	0	0.36
143300	0.36	0.6	0.6	0	0	0.36
143400	0.36	0.6	0.6	0	0	0.36
143500	0.36	0.6	0.6	0	0	0.36
143600	0.36	0.6	0.6	0	0	0.36
143700	0.36	0.6	0.6	0	0	0.36
143800	0.36	0.6	0.6	0	0	0.36
143900	0.36	0.6	0.6	0	0	0.36
144000	0.36	0.6	0.6	0	0	0.36
144100	0.36	0.6	0.6	0	0	0.36
144200	0.36	0.6	0.6	0	0	0.36
144300	0.36	0.6	0.6	0	0	0.36
144400	0.36	0.6	0.6	0	0	0.36
144500	0.36	0.6	0.6	0	0	0.36
144600	0.36	0.6	0.6	0	0	0.36
144700	0.36	0.6	0.6	0	0	0.36
144800	0.36	0.6	0.6	0	0	0.36
144900	0.37	0.6	0.6	0	0	0.37
145000	0.37	0.6	0.6	0	0	0.37
145100	0.37	0.6	0.6	0	0	0.37
145200	0.37	0.6	0.6	0	0	0.37
145300	0.37	0.6	0.6	0	0	0.37
145400	0.37	0.6	0.6	0	0	0.37
145500	0.37	0.6	0.6	0	0	0.37
145600	0.37	0.6	0.6	0	0	0.37
145700	0.37	0.6	0.6	0	0	0.37
145800	0.37	0.6	0.6	0	0	0.37
145900	0.37	0.6	0.6	0	0	0.37
146000	0.37	0.6	0.6	0	0	0.37
146100	0.37	0.6	0.6	0	0	0.37
146200	0.37	0.6	0.6	0	0	0.37
146300	0.37	0.6	0.6	0	0	0.37
146400	0.37	0.6	0.6	0	0	0.37
146500	0.37	0.6	0.6	0	0	0.37
146600	0.37	0.6	0.6	0	0	0.37
146700	0.37	0.6	0.6	0	0	0.37
146800	0.37	0.6	0.6	0	0	0.37
146900	0.37	0.6	0.6	0	0	0.37
147000	0.37	0.6	0.6	0	0	0.37
147100	0.37	0.6	0.6	0	0	0.37
147200	0.37	0.6	0.6	0	0	0.37
147300	0.37	0.6	0.6	0	0	0.37
147400	0.37	0.6	0.6	0	0	0.37
147500	0.37	0.6	0.6	0	0	0.37
147600	0.37	0.6	0.6	0	0	0.37
147700	0.37	0.6	0.6	0	0	0.37
147800	0.37	0.6	0.6	0	0	0.37
147900	0.37	0.6	0.6	0	0	0.37
148000	0.37	0.6	0.6	0	0	0.37
148100	0.37	0.6	0.6	0	0	0.37
148200	0.37	0.6	0.6	0	0	0.37
148300	0.37	0.6	0.6	0	0	0.37
148400	0.37	0.6	0.6	0	0	0.37
148500	0.37	0.6	0.6	0	0	0.37
148600	0.37	0.6	0.6	0	0	0.37
148700	0.37	0.6	0.6	0	0	0.37
148800	0.37	0.6	0.6	0	0	0.37
148900	0.37	0.6	0.6	0	0	0.37
149000	0.37	0.6	0.6	0	0	0.37
149100	0.37	0.6	0.6	0	0	0.37
149200	0.36	0.6	0.6	0	0	0.36
149300	0.36	0.6	0.6	0	0	0.36
149400	0.36	0.6	0.6	0	0	0.36
149500	0.36	0.6	0.6	0	0	0.36
149600	0.36	0.6	0.6	0	0	0.36
149700	0.36	0.6	0.6	0	0	0.36
149800	0.36	0.6	0.6	0	0	0.36
149900	0.36	0.6	0.6	0	0	0.36
150000	0.36	0.61	0.61	0	0	0.36
150100	0.36	0.61	0.61	0	0	0.36
150200	0.36	0.61	0.61	0	0	0.36
150300	0.36	0.61	0.61	0	0	0.36
150400	0.36	0.61	0.61	0	0	0.36
150500	0.36	0.61	0.61	0	0	0.36
150600	0.36	0.62	0.62	0	0	0.36
150700	0.36	0.61	0.61	0	0	0.36
150800	0.36	0.61	0.61	0	0	0.36
150900	0.36	0.61	0.61	0	0	0.36
151000	0.36	0.61	0.61	0	0	0.36
151100	0.36	0.61	0.61	0	0	0.36
151200	0.36	0.61	0.61	0	0	0.36
151300	0.36	0.61	0.61	0	0	0.36
151400	0.36	0.61	0.61	0	0	0.36
151500	0.36	0.61	0.61	0	0	0.36
151600	0.36	0.61	0.61	0	0	0.36
151700	0.36	0.61	0.61	0	0	0.36
151800	0.36	0.61	0.61	0	0	0.36
151900	0.36	0.61	0.61	0	0	0.36
152000	0.36	0.61	0.61	0	0	0.36
152100	0.36	0.61	0.61	0	0	0.36
152200	0.36	0.61	0.61	0	0	0.36
152300	0.36	0.61	0.61	0	0	0.36
152400	0.36	0.61	0.61	0	0	0.36
152500	0.36	0.61	0.61	0	0	0.36
152600	0.36	0.6	0.6	0	0	0.36
152700	0.36	0.6	0.6	0	0	0.36
152800	0.36	0.6	0.6	0	0	0.36
152900	0.36	0.6	0.6	0	0	0.36
153000	0.36	0.6	0.6	0	0	0.36
153100	0.36	0.6	0.6	0	0	0.36
153200	0.36	0.6	0.6	0	0	0.36
153300	0.36	0.6	0.6	0	0	0.36
153400	0.36	0.6	0.6	0	0	0.36
153500	0.36	0.59	0.59	0	0	0.36
153600	0.36	0.59	0.59	0	0	0.36
153700	0.36	0.59	0.59	0	0	0.36
153800	0.36	0.59	0.59	0	0	0.36
153900	0.36	0.59	0.59	0	0	0.36
154000	0.36	0.59	0.59	0	0	0.36
154100	0.36	0.59	0.59	0	0	0.36
154200	0.36	0.59	0.59	0	0	0.36
154300	0.36	0.59	0.59	0	0	0.36
154400	0.36	0.59	0.59	0	0	0.36
154500	0.36	0.6	0.6	0	0	0.36
154600	0.36	0.6	0.6	0	0	0.36
154700	0.36	0.6	0.6	0	0	0.36
154800	0.36	0.6	0.6	0	0	0.36
154900	0.36	0.6	0.6	0	0	0.36
155000	0.36	0.6	0.6	0	0	0.36
155100	0.36	0.6	0.6	0	0	0.36
155200	0.36	0.6	0.6	0	0	0.36
155300	0.36	0.6	0.6	0	0	0.36
155400	0.36	0.6	0.6	0	0	0.36
155500	0.36	0.6	0.6	0	0	0.36
155600	0.36	0.6	0.6	0	0	0.36
155700	0.36	0.6	0.6	0	0	0.36
155800	0.36	0.6	0.6	0	0	0.36
155900	0.36	0.6	0.6	0	0	0.36
156000	0.36	0.6	0.6	0	0	0.36
156100	0.36	0.6	0.6	0	0	0.36
156200	0.36	0.6	0.6	0	0	0.36
156300	0.36	0.6	0.6	0	0	0.36
156400	0.36	0.6	0.6	0	0	0.36
156500	0.36	0.6	0.6	0	0	0.36
156600	0.36	0.6	0.6	0	0	0.36
156700	0.36	0.6	0.6	0	0	0.36
156800	0.36	0.6	0.6	0	0	0.36
156900	0.36	0.6	0.6	0	0	0.36
157000	0.36	0.6	0.6	0	0	0.36
157100	0.36	0.6	0.6	0	0	0.36
157200	0.36	0.6	0.6	0	0	0.36
157300	0.36	0.6	0.6	0	0	0.36
157400	0.36	0.6	0.6	0	0	0.36
157500	0.36	0.6	0.6	0	0	0.36
157600	0.36	0.6	0.6	0	0	0.36
157700	0.36	0.6	0.6	0	0	0.36
157800	0.36	0.6	0.6	0	0	0.36
157900	0.36	0.6	0.6	0	0	0.36
158000	0.36	0.6	0.6	0	0	0.36
158100	0.36	0.6	0.6	0	0	0.36
158200	0.36	0.6	0.6	0	0	0.36
158300	0.36	0.6	0.6	0	0	0.36
158400	0.36	0.6	0.6	0	0	0.36
158500	0.36	0.6	0.6	0	0	0.36
158600	0.36	0.6	0.6	0	0	0.36
158700	0.36	0.6	0.6	0	0	0.36
158800	0.37	0.6	0.6	0	0	0.37
158900	0.37	0.6	0.6	0	0	0.37
159000	0.37	0.6	0.6	0	0	0.37
159100	0.37	0.6	0.6	0	0	0.37
159200	0.37	0.6	0.6	0	0	0.37
159300	0.37	0.6	0.6	0	0	0.37
159400	0.37	0.6	0.6	0	0	0.37
159500	0.37	0.6	0.6	0	0	0.37
159600	0.37	0.6	0.6	0	0	0.37
159700	0.37	0.6	0.6	0	0	0.37
159800	0.37	0.6	0.6	0	0	0.37
159900	0.37	0.6	0.6	0	0	0.37
160000	0.37	0.6	0.6	0	0	0.37
160100	0.37	0.6	0.6	0	0	0.37
160200	0.37	0.6	0.6	0	0	0.37
160300	0.37	0.6	0.6	0	0	0.37
160400	0.37	0.6	0.6	0	0	0.37
160500	0.37	0.6	0.6	0	0	0.37
160600	0.37	0.6	0.6	0	0	0.37
160700	0.37	0.6	0.6	0	0	0.37
160800	0.37	0.6	0.6	0	0	0.37
160900	0.37	0.6	0.6	0	0	0.37
161000	0.37	0.6	0.6	0	0	0.37
161100	0.37	0.6	0.6	0	0	0.37
161200	0.37	0.6	0.6	0	0	0.37
161300	0.38	0.6	0.6	0	0	0.38
161400	0.38	0.6	0.6	0	0	0.38
161500	0.38	0.6	0.6	0	0	0.38
161600	0.38	0.6	0.6	0	0	0.38
161700	0.38	0.6	0.6	0	0	0.38
161800	0.38	0.6	0.6	0	0	0.38
161900	0.38	0.6	0.6	0	0	0.38
162000	0.38	0.6	0.6	0	0	0.38
162100	0.38	0.6	0.6	0	0	0.38
162200	0.38	0.6	0.6	0	0	0.38
162300	0.38	0.6	0.6	0	0	0.38
162400	0.38	0.6	0.6	0	0	0.38
162500	0.38	0.6	0.6	0	0	0.38
162600	0.38	0.6	0.6	0	0	0.38
162700	0.38	0.6	0.6	0	0	0.38
162800	0.38	0.6	0.6	0	0	0.38
162900	0.38	0.6	0.6	0	0	0.38
163000	0.38	0.6	0.6	0	0	0.38
163100	0.38	0.6	0.6	0	0	0.38
163200	0.38	0.6	0.6	0	0	0.38
163300	0.38	0.59	0.59	0	0	0.38
163400	0.38	0.59	0.59	0	0	0.38
163500	0.38	0.59	0.59	0	0	0.38
163600	0.38	0.59	0.59	0	0	0.38
163700	0.38	0.59	0.59	0	0	0.38
163800	0.38	0.59	0.59	0	0	0.38
163900	0.38	0.59	0.59	0	0	0.38
164000	0.38	0.59	0.59	0	0	0.38
164100	0.38	0.59	0.59	0	0	0.38
164200	0.38	0.59	0.59	0	0	0.38
164300	0.38	0.59	0.59	0	0	0.38
164400	0.38	0.59	0.59	0	0	0.38
164500	0.38	0.59	0.59	0	0	0.38
164600	0.38	0.59	0.59	0	0	0.38
164700	0.38	0.59	0.59	0	0	0.38
164800	0.37	0.59	0.59	0	0	0.37
164900	0.37	0.59	0.59	0	0	0.37
165000	0.37	0.59	0.59	0	0	0.37
165100	0.37	0.59	0.59	0	0	0.37
165200	0.37	0.59	0.59	0	0	0.37
165300	0.37	0.59	0.59	0	0	0.37
165400	0.37	0.59	0.59	0	0	0.37
165500	0.37	0.59	0.59	0	0	0.37
165600	0.37	0.59	0.59	0	0	0.37
165700	0.37	0.59	0.59	0	0	0.37
165800	0.37	0.59	0.59	0	0	0.37
165900	0.37	0.6	0.6	0	0	0.37
166000	0.37	0.59	0.59	0	0	0.37
166100	0.37	0.59	0.59	0	0	0.37
166200	0.37	0.59	0.59	0	0	0.37
166300	0.37	0.59	0.59	0	0	0.37
166400	0.37	0.59	0.59	0	0	0.37
166500	0.37	0.59	0.59	0	0	0.37
166600	0.37	0.59	0.59	0	0	0.37
166700	0.37	0.59	0.59	0	0	0.37
166800	0.37	0.59	0.59	0	0	0.37
166900	0.37	0.59	0.59	0	0	0.37
167000	0.37	0.59	0.59	0	0	0.37
167100	0.37	0.59	0.59	0	0	0.37
167200	0.37	0.59	0.59	0	0	0.37
167300	0.36	0.59	0.59	0	0	0.36
167400	0.36	0.59	0.59	0	0	0.36
167500	0.36	0.59	0.59	0	0	0.36
167600	0.36	0.59	0.59	0	0	0.36
167700	0.36	0.59	0.59	0	0	0.36
167800	0.36	0.59	0.59	0	0	0.36
167900	0.36	0.59	0.59	0	0	0.36
168000	0.36	0.59	0.59	0	0	0.36
168100	0.36	0.59	0.59	0	0	0.36
168200	0.36	0.59	0.59	0	0	0.36
168300	0.36	0.59	0.59	0	0	0.36
168400	0.36	0.59	0.59	0	0	0.36
168500	0.36	0.59	0.59	0	0	0.36
168600	0.36	0.59	0.59	0	0	0.36
168700	0.36	0.59	0.59	0	0	0.36
168800	0.36	0.59	0.59	0	0	0.36
168900	0.36	0.59	0.59	0	0	0.36
169000	0.36	0.59	0.59	0	0	0.36
169100	0.36	0.59	0.59	0	0	0.36
169200	0.36	0.59	0.59	0	0	0.36
169300	0.36	0.59	0.59	0	0	0.36
169400	0.36	0.59	0.59	0	0	0.36
169500	0.36	0.59	0.59	0	0	0.36
169600	0.36	0.59	0.59	0	0	0.36
169700	0.36	0.6	0.6	0	0	0.36
169800	0.36	0.6	0.6	0	0	0.36
169900	0.36	0.6	0.6	0	0	0.36
170000	0.36	0.6	0.6	0	0	0.36
170100	0.36	0.6	0.6	0	0	0.36
170200	0.36	0.6	0.6	0	0	0.36
170300	0.36	0.6	0.6	0	0	0.36
170400	0.36	0.6	0.6	0	0	0.36
170500	0.36	0.6	0.6	0	0	0.36
170600	0.36	0.6	0.6	0	0	0.36
170700	0.36	0.61	0.61	0	0	0.36
170800	0.36	0.61	0.61	0	0	0.36
170900	0.36	0.61	0.61	0	0	0.36
171000	0.36	0.61	0.61	0	0	0.36
171100	0.36	0.61	0.61	0	0	0.36
171200	0.36	0.61	0.61	0	0	0.36
171300	0.36	0.61	0.61	0	0	0.36
171400	0.36	0.61	0.61	0	0	0.36
171500	0.36	0.61	0.61	0	0	0.36
171600	0.36	0.61	0.61	0	0	0.36
171700	0.36	0.61	0.61	0	0	0.36
171800	0.35	0.61	0.61	0	0	0.35
171900	0.35	0.61	0.61	0	0	0.35
172000	0.35	0.61	0.61	0	0	0.35
172100	0.35	0.61	0.61	0	0	0.35
172200	0.35	0.61	0.61	0	0	0.35
172300	0.35	0.61	0.61	0	0	0.35
172400	0.35	0.61	0.61	0	0	0.35
172500	0.35	0.61	0.61	0	0	0.35
172600	0.35	0.61	0.61	0	0	0.35
172700	0.35	0.61	0.61	0	0	0.35
172800	0.36	0.61	0.61	0	0	0.36
172900	0.36	0.61	0.61	0	0	0.36
173000	0.35	0.61	0.61	0	0	0.35
173100	0.35	0.61	0.61	0	0	0.35
173200	0.35	0.61	0.61	0	0	0.35
173300	0.35	0.61	0.61	0	0	0.35
173400	0.35	0.61	0.61	0	0	0.35
173500	0.35	0.61	0.61	0	0	0.35
173600	0.35	0.61	0.61	0	0	0.35
173700	0.35	0.61	0.61	0	0	0.35
173800	0.35	0.61	0.61	0	0	0.35
173900	0.35	0.61	0.61	0	0	0.35
174000	0.35	0.61	0.61	0	0	0.35
174100	0.35	0.61	0.61	0	0	0.35
174200	0.35	0.61	0.61	0	0	0.35
174300	0.35	0.61	0.61	0	0	0.35
174400	0.35	0.61	0.61	0	0	0.35
174500	0.35	0.61	0.61	0	0	0.35
174600	0.35	0.61	0.61	0	0	0.35
174700	0.35	0.61	0.61	0	0	0.35
174800	0.35	0.61	0.61	0	0	0.35
174900	0.35	0.61	0.61	0	0	0.35
175000	0.35	0.61	0.61	0	0	0.35
175100	0.35	0.61	0.61	0	0	0.35
175200	0.35	0.61	0.61	0	0	0.35
175300	0.35	0.61	0.61	0	0	0.35
175400	0.35	0.61	0.61	0	0	0.35
175500	0.35	0.61	0.61	0	0	0.35
175600	0.35	0.61	0.61	0	0	0.35
175700	0.35	0.61	0.61	0	0	0.35
175800	0.35	0.61	0.61	0	0	0.35
175900	0.35	0.61	0.61	0	0	0.35
176000	0.35	0.61	0.61	0	0	0.35
176100	0.35	0.61	0.61	0	0	0.35
176200	0.35	0.61	0.61	0	0	0.35
176300	0.35	0.61	0.61	0	0	0.35
176400	0.35	0.61	0.61	0	0	0.35
176500	0.35	0.61	0.61	0	0	0.35
176600	0.35	0.61	0.61	0	0	0.35
176700	0.35	0.61	0.61	0	0	0.35
176800	0.35	0.61	0.61	0	0	0.35
176900	0.35	0.61	0.61	0	0	0.35
177000	0.35	0.61	0.61	0	0	0.35
177100	0.35	0.61	0.61	0	0	0.35
177200	0.35	0.61	0.61	0	0	0.35
177300	0.35	0.61	0.61	0	0	0.35
177400	0.35	0.61	0.61	0	0	0.35
177500	0.35	0.61	0.61	0	0	0.35
177600	0.35	0.61	0.61	0	0	0.35
177700	0.35	0.61	0.61	0	0	0.35
177800	0.35	0.61	0.61	0	0	0.35
177900	0.35	0.61	0.61	0	0	0.35
178000	0.35	0.61	0.61	0	0	0.35
178100	0.35	0.61	0.61	0	0	0.35
178200	0.35	0.61	0.61	0	0	0.35
178300	0.35	0.61	0.61	0	0	0.35
178400	0.35	0.61	0.61	0	0	0.35
178500	0.35	0.61	0.61	0	0	0.35
178600	0.35	0.61	0.61	0	0	0.35
178700	0.35	0.61	0.61	0	0	0.35
178800	0.35	0.61	0.61	0	0	0.35
178900	0.35	0.61	0.61	0	0	0.35
179000	0.35	0.61	0.61	0	0	0.35
179100	0.35	0.61	0.61	0	0	0.35
179200	0.35	0.61	0.61	0	0	0.35
179300	0.35	0.61	0.61	0	0	0.35
179400	0.35	0.61	0.61	0	0	0.35
179500	0.35	0.61	0.61	0	0	0.35
179600	0.35	0.61	0.61	0	0	0.35
179700	0.35	0.61	0.61	0	0	0.35
179800	0.35	0.61	0.61	0	0	0.35
179900	0.35	0.61	0.61	0	0	0.35
180000	0.35	0.61	0.61	0	0	0.35
180100	0.35	0.61	0.61	0	0	0.35
180200	0.35	0.61	0.61	0	0	0.35
180300	0.35	0.61	0.61	0	0	0.35
180400	0.35	0.61	0.61	0	0	0.35
180500	0.35	0.61	0.61	0	0	0.35
180600	0.35	0.61	0.61	0	0	0.35
180700	0.35	0.61	0.61	0	0	0.35
180800	0.35	0.61	0.61	0	0	0.35
180900	0.35	0.61	0.61	0	0	0.35
181000	0.35	0.61	0.61	0	0	0.35
181100	0.35	0.62	0.62	0	0	0.35
181200	0.35	0.62	0.62	0	0	0.35
181300	0.35	0.62	0.62	0	0	0.35
181400	0.35	0.62	0.62	0	0	0.35
181500	0.35	0.62	0.62	0	0	0.35
181600	0.35	0.62	0.62	0	0	0.35
181700	0.35	0.62	0.62	0	0	0.35
181800	0.35	0.61	0.61	0	0	0.35
181900	0.35	0.61	0.61	0	0	0.35
182000	0.35	0.61	0.61	0	0	0.35
182100	0.35	0.61	0.61	0	0	0.35
182200	0.35	0.61	0.61	0	0	0.35
182300	0.35	0.61	0.61	0	0	0.35
182400	0.35	0.61	0.61	0	0	0.35
182500	0.35	0.61	0.61	0	0	0.35
182600	0.35	0.61	0.61	0	0	0.35
182700	0.35	0.61	0.61	0	0	0.35
182800	0.35	0.61	0.61	0	0	0.35
182900	0.35	0.61	0.61	0	0	0.35
183000	0.35	0.61	0.61	0	0	0.35
183100	0.35	0.61	0.61	0	0	0.35
183200	0.35	0.61	0.61	0	0	0.35
183300	0.35	0.61	0.61	0	0	0.35
183400	0.35	0.61	0.61	0	0	0.35
183500	0.35	0.61	0.61	0	0	0.35
183600	0.35	0.61	0.61	0	0	0.35
183700	0.35	0.61	0.61	0	0	0.35
183800	0.35	0.61	0.61	0	0	0.35
183900	0.35	0.61	0.61	0	0	0.35
184000	0.35	0.61	0.61	0	0	0.35
184100	0.35	0.61	0.61	0	0	0.35
184200	0.35	0.6	0.6	0	0	0.35
184300	0.35	0.6	0.6	0	0	0.35
184400	0.35	0.6	0.6	0	0	0.35
184500	0.35	0.6	0.6	0	0	0.35
184600	0.35	0.6	0.6	0	0	0.35
184700	0.35	0.6	0.6	0	0	0.35
184800	0.35	0.6	0.6	0	0	0.35
184900	0.35	0.6	0.6	0	0	0.35
185000	0.35	0.6	0.6	0	0	0.35
185100	0.35	0.6	0.6	0	0	0.35
185200	0.35	0.6	0.6	0	0	0.35
185300	0.35	0.6	0.6	0	0	0.35
185400	0.35	0.6	0.6	0	0	0.35
185500	0.35	0.6	0.6	0	0	0.35
185600	0.35	0.6	0.6	0	0	0.35
185700	0.35	0.6	0.6	0	0	0.35
185800	0.35	0.6	0.6	0	0	0.35
185900	0.35	0.6	0.6	0	0	0.35
186000	0.35	0.6	0.6	0	0	0.35
186100	0.35	0.6	0.6	0	0	0.35
186200	0.35	0.6	0.6	0	0	0.35
186300	0.35	0.6	0.6	0	0	0.35
186400	0.35	0.6	0.6	0	0	0.35
186500	0.35	0.6	0.6	0	0	0.35
186600	0.35	0.6	0.6	0	0	0.35
186700	0.35	0.6	0.6	0	0	0.35
186800	0.35	0.6	0.6	0	0	0.35
186900	0.35	0.6	0.6	0	0	0.35
187000	0.35	0.6	0.6	0	0	0.35
187100	0.35	0.6	0.6	0	0	0.35
187200	0.35	0.6	0.6	0	0	0.35
187300	0.35	0.6	0.6	0	0	0.35
187400	0.35	0.6	0.6	0	0	0.35
187500	0.35	0.6	0.6	0	0	0.35
187600	0.35	0.6	0.6	0	0	0.35
187700	0.35	0.6	0.6	0	0	0.35
187800	0.35	0.6	0.6	0	0	0.35
187900	0.35	0.6	0.6	0	0	0.35
188000	0.35	0.6	0.6	0	0	0.35
188100	0.35	0.6	0.6	0	0	0.35
188200	0.35	0.6	0.6	0	0	0.35
188300	0.35	0.6	0.6	0	0	0.35
188400	0.35	0.61	0.61	0	0	0.35
188500	0.35	0.61	0.61	0	0	0.35
188600	0.35	0.61	0.61	0	0	0.35
188700	0.35	0.61	0.61	0	0	0.35
188800	0.35	0.61	0.61	0	0	0.35
188900	0.35	0.61	0.61	0	0	0.35
189000	0.35	0.61	0.61	0	0	0.35
189100	0.35	0.61	0.61	0	0	0.35
189200	0.35	0.61	0.61	0	0	0.35
189300	0.35	0.61	0.61	0	0	0.35
189400	0.35	0.61	0.61	0	0	0.35
189500	0.35	0.61	0.61	0	0	0.35
189600	0.35	0.61	0.61	0	0	0.35
189700	0.35	0.61	0.61	0	0	0.35
189800	0.35	0.61	0.61	0	0	0.35
189900	0.35	0.61	0.61	0	0	0.35
190000	0.35	0.61	0.61	0	0	0.35
190100	0.35	0.61	0.61	0	0	0.35
190200	0.35	0.61	0.61	0	0	0.35
190300	0.35	0.61	0.61	0	0	0.35
190400	0.35	0.61	0.61	0	0	0.35
190500	0.36	0.61	0.61	0	0	0.36
190600	0.36	0.61	0.61	0	0	0.36
190700	0.36	0.61	0.61	0	0	0.36
190800	0.36	0.61	0.61	0	0	0.36
190900	0.36	0.61	0.61	0	0	0.36
191000	0.36	0.61	0.61	0	0	0.36
191100	0.36	0.61	0.61	0	0	0.36
191200	0.36	0.61	0.61	0	0	0.36
191300	0.36	0.61	0.61	0	0	0.36
191400	0.36	0.61	0.61	0	0	0.36
191500	0.36	0.61	0.61	0	0	0.36
191600	0.36	0.61	0.61	0	0	0.36
191700	0.36	0.61	0.61	0	0	0.36
191800	0.36	0.61	0.61	0	0	0.36
191900	0.36	0.61	0.61	0	0	0.36
192000	0.36	0.62	0.62	0	0	0.36
192100	0.36	0.62	0.62	0	0	0.36
192200	0.36	0.62	0.62	0	0	0.36
192300	0.36	0.62	0.62	0	0	0.36
192400	0.36	0.62	0.62	0	0	0.36
192500	0.36	0.62	0.62	0	0	0.36
192600	0.36	0.62	0.62	0	0	0.36
192700	0.36	0.62	0.62	0	0	0.36
192800	0.36	0.62	0.62	0	0	0.36
192900	0.36	0.62	0.62	0	0	0.36
193000	0.36	0.62	0.62	0	0	0.36
193100	0.36	0.62	0.62	0	0	0.36
193200	0.36	0.62	0.62	0	0	0.36
193300	0.36	0.62	0.62	0	0	0.36
193400	0.36	0.62	0.62	0	0	0.36
193500	0.36	0.62	0.62	0	0	0.36
193600	0.36	0.62	0.62	0	0	0.36
193700	0.36	0.62	0.62	0	0	0.36
193800	0.36	0.62	0.62	0	0	0.36
193900	0.36	0.62	0.62	0	0	0.36
194000	0.36	0.62	0.62	0	0	0.36
194100	0.36	0.62	0.62	0	0	0.36
194200	0.36	0.62	0.62	0	0	0.36
194300	0.36	0.62	0.62	0	0	0.36
194400	0.36	0.62	0.62	0	0	0.36
194500	0.36	0.62	0.62	0	0	0.36
194600	0.36	0.62	0.62	0	0	0.36
194700	0.36	0.62	0.62	0	0	0.36
194800	0.36	0.62	0.62	0	0	0.36
194900	0.36	0.62	0.62	0	0	0.36
195000	0.36	0.62	0.62	0	0	0.36
195100	0.36	0.62	0.62	0	0	0.36
195200	0.36	0.62	0.62	0	0	0.36
195300	0.36	0.62	0.62	0	0	0.36
195400	0.36	0.62	0.62	0	0	0.36
195500	0.36	0.62	0.62	0	0	0.36
195600	0.36	0.62	0.62	0	0	0.36
195700	0.36	0.62	0.62	0	0	0.36
195800	0.36	0.62	0.62	0	0	0.36
195900	0.36	0.62	0.62	0	0	0.36
196000	0.36	0.62	0.62	0	0	0.36
196100	0.36	0.62	0.62	0	0	0.36
196200	0.36	0.62	0.62	0	0	0.36
196300	0.36	0.62	0.62	0	0	0.36
196400	0.36	0.62	0.62	0	0	0.36
196500	0.36	0.62	0.62	0	0	0.36
196600	0.36	0.62	0.62	0	0	0.36
196700	0.36	0.62	0.62	0	0	0.36
196800	0.36	0.62	0.62	0	0	0.36
196900	0.36	0.62	0.62	0	0	0.36
197000	0.36	0.62	0.62	0	0	0.36
197100	0.36	0.62	0.62	0	0	0.36
197200	0.36	0.62	0.62	0	0	0.36
197300	0.36	0.62	0.62	0	0	0.36
197400	0.36	0.62	0.62	0	0	0.36
197500	0.36	0.62	0.62	0	0	0.36
197600	0.36	0.62	0.62	0	0	0.36
197700	0.36	0.62	0.62	0	0	0.36
197800	0.36	0.62	0.62	0	0	0.36
197900	0.36	0.62	0.62	0	0	0.36
198000	0.36	0.62	0.62	0	0	0.36
198100	0.36	0.62	0.62	0	0	0.36
198200	0.36	0.62	0.62	0	0	0.36
198300	0.36	0.62	0.62	0	0	0.36
198400	0.36	0.62	0.62	0	0	0.36
198500	0.36	0.62	0.62	0	0	0.36
198600	0.36	0.62	0.62	0	0	0.36
198700	0.36	0.62	0.62	0	0	0.36
198800	0.36	0.62	0.62	0	0	0.36
198900	0.36	0.62	0.62	0	0	0.36
199000	0.36	0.62	0.62	0	0	0.36
199100	0.36	0.62	0.62	0	0	0.36
199200	0.36	0.62	0.62	0	0	0.36
199300	0.36	0.62	0.62	0	0	0.36
199400	0.36	0.62	0.62	0	0	0.36
199500	0.36	0.62	0.62	0	0	0.36
199600	0.36	0.62	0.62	0	0	0.36
199700	0.36	0.62	0.62	0	0	0.36
199800	0.36	0.62	0.62	0	0	0.36
199900	0.36	0.62	0.62	0	0	0.36
200000	0.36	0.62	0.62	0	0	0.36
200100	0.36	0.62	0.62	0	0	0.36
200200	0.36	0.62	0.62	0	0	0.36
200300	0.36	0.62	0.62	0	0	0.36
200400	0.36	0.62	0.62	0	0	0.36
200500	0.36	0.62	0.62	0	0	0.36
200600	0.36	0.62	0.62	0	0	0.36
200700	0.36	0.62	0.62	0	0	0.36
200800	0.36	0.62	0.62	0	0	0.36
200900	0.36	0.62	0.62	0	0	0.36
201000	0.36	0.62	0.62	0	0	0.36
201100	0.36	0.62	0.62	0	0	0.36
201200	0.36	0.62	0.62	0	0	0.36
201300	0.36	0.62	0.62	0	0	0.36
201400	0.36	0.62	0.62	0	0	0.36
201500	0.36	0.62	0.62	0	0	0.36
201600	0.36	0.62	0.62	0	0	0.36
201700	0.36	0.62	0.62	0	0	0.36
201800	0.36	0.62	0.62	0	0	0.36
201900	0.36	0.62	0.62	0	0	0.36
202000	0.36	0.62	0.62	0	0	0.36
202100	0.36	0.62	0.62	0	0	0.36
202200	0.36	0.62	0.62	0	0	0.36
202300	0.36	0.62	0.62	0	0	0.36
202400	0.36	0.62	0.62	0	0	0.36
202500	0.36	0.62	0.62	0	0	0.36
202600	0.36	0.62	0.62	0	0	0.36
202700	0.36	0.62	0.62	0	0	0.36
202800	0.36	0.62	0.62	0	0	0.36
202900	0.36	0.62	0.62	0	0	0.36
203000	0.36	0.62	0.62	0	0	0.36
203100	0.36	0.62	0.62	0	0	0.36
203200	0.36	0.62	0.62	0	0	0.36
203300	0.36	0.62	0.62	0	0	0.36
203400	0.36	0.62	0.62	0	0	0.36
203500	0.36	0.62	0.62	0	0	0.36
203600	0.36	0.62	0.62	0	0	0.36
203700	0.36	0.62	0.62	0	0	0.36
203800	0.36	0.62	0.62	0	0	0.36
203900	0.36	0.62	0.62	0	0	0.36
204000	0.36	0.62	0.62	0	0	0.36
204100	0.36	0.62	0.62	0	0	0.36
204200	0.36	0.62	0.62	0	0	0.36
204300	0.36	0.62	0.62	0	0	0.36
204400	0.36	0.62	0.62	0	0	0.36
204500	0.36	0.62	0.62	0	0	0.36
204600	0.36	0.62	0.62	0	0	0.36
204700	0.36	0.62	0.62	0	0	0.36
204800	0.36	0.62	0.62	0	0	0.36
204900	0.36	0.62	0.62	0	0	0.36
205000	0.36	0.62	0.62	0	0	0.36
205100	0.36	0.62	0.62	0	0	0.36
205200	0.36	0.62	0.62	0	0	0.36
205300	0.36	0.62	0.62	0	0	0.36
205400	0.36	0.62	0.62	0	0	0.36
205500	0.36	0.62	0.62	0	0	0.36
205600	0.36	0.62	0.62	0	0	0.36
205700	0.36	0.62	0.62	0	0	0.36
205800	0.36	0.62	0.62	0	0	0.36
205900	0.36	0.62	0.62	0	0	0.36
206000	0.36	0.62	0.62	0	0	0.36
206100	0.36	0.62	0.62	0	0	0.36
206200	0.36	0.62	0.62	0	0	0.36
206300	0.36	0.62	0.62	0	0	0.36
206400	0.36	0.62	0.62	0	0	0.36
206500	0.36	0.62	0.62	0	0	0.36
206600	0.36	0.62	0.62	0	0	0.36
206700	0.36	0.62	0.62	0	0	0.36
206800	0.36	0.62	0.62	0	0	0.36
206900	0.36	0.62	0.62	0	0	0.36
207000	0.36	0.62	0.62	0	0	0.36
207100	0.36	0.62	0.62	0	0	0.36
207200	0.36	0.62	0.62	0	0	0.36
207300	0.36	0.62	0.62	0	0	0.36
207400	0.36	0.62	0.62	0	0	0.36
207500	0.36	0.62	0.62	0	0	0.36
207600	0.36	0.62	0.62	0	0	0.36
207700	0.36	0.62	0.62	0	0	0.36
207800	0.36	0.62	0.62	0	0	0.36
207900	0.36	0.62	0.62	0	0	0.36
208000	0.36	0.62	0.62	0	0	0.36
208100	0.36	0.62	0.62	0	0	0.36
208200	0.36	0.62	0.62	0	0	0.36
208300	0.36	0.62	0.62	0	0	0.36
208400	0.36	0.62	0.62	0	0	0.36
208500	0.36	0.62	0.62	0	0	0.36
208600	0.36	0.61	0.61	0	0	0.36
208700	0.36	0.61	0.61	0	0	0.36
208800	0.36	0.61	0.61	0	0	0.36
208900	0.36	0.61	0.61	0	0	0.36
209000	0.36	0.61	0.61	0	0	0.36
209100	0.36	0.61	0.61	0	0	0.36
209200	0.36	0.61	0.61	0	0	0.36
209300	0.36	0.61	0.61	0	0	0.36
209400	0.36	0.61	0.61	0	0	0.36
209500	0.36	0.61	0.61	0	0	0.36
209600	0.36	0.61	0.61	0	0	0.36
209700	0.36	0.61	0.61	0	0	0.36
209800	0.36	0.61	0.61	0	0	0.36
209900	0.36	0.61	0.61	0	0	0.36
210000	0.36	0.61	0.61	0	0	0.36
210100	0.36	0.61	0.61	0	0	0.36
210200	0.36	0.61	0.61	0	0	0.36
210300	0.36	0.61	0.61	0	0	0.36
210400	0.36	0.61	0.61	0	0	0.36
210500	0.36	0.61	0.61	0	0	0.36
210600	0.36	0.61	0.61	0	0	0.36
210700	0.36	0.61	0.61	0	0	0.36
210800	0.36	0.62	0.62	0	0	0.36
210900	0.36	0.62	0.62	0	0	0.36
211000	0.36	0.62	0.62	0	0	0.36
211100	0.36	0.62	0.62	0	0	0.36
211200	0.36	0.62	0.62	0	0	0.36
211300	0.36	0.62	0.62	0	0	0.36
211400	0.36	0.62	0.62	0	0	0.36
211500	0.36	0.62	0.62	0	0	0.36
211600	0.36	0.62	0.62	0	0	0.36
211700	0.36	0.62	0.62	0	0	0.36
211800	0.36	0.62	0.62	0	0	0.36
211900	0.36	0.62	0.62	0	0	0.36
212000	0.36	0.62	0.62	0	0	0.36
212100	0.36	0.62	0.62	0	0	0.36
212200	0.36	0.62	0.62	0	0	0.36
212300	0.36	0.62	0.62	0	0	0.36
212400	0.36	0.62	0.62	0	0	0.36
212500	0.36	0.62	0.62	0	0	0.36
212600	0.36	0.62	0.62	0	0	0.36
212700	0.36	0.62	0.62	0	0	0.36
212800	0.36	0.62	0.62	0	0	0.36
212900	0.36	0.62	0.62	0	0	0.36
213000	0.36	0.62	0.62	0	0	0.36
213100	0.36	0.62	0.62	0	0	0.36
213200	0.36	0.62	0.62	0	0	0.36
213300	0.36	0.62	0.62	0	0	0.36
213400	0.36	0.62	0.62	0	0	0.36
213500	0.36	0.62	0.62	0	0	0.36
213600	0.36	0.62	0.62	0	0	0.36
213700	0.36	0.62	0.62	0	0	0.36
213800	0.36	0.62	0.62	0	0	0.36
213900	0.36	0.62	0.62	0	0	0.36
214000	0.36	0.62	0.62	0	0	0.36
214100	0.36	0.62	0.62	0	0	0.36
214200	0.36	0.62	0.62	0	0	0.36
214300	0.36	0.62	0.62	0	0	0.36
214400	0.36	0.62	0.62	0	0	0.36
214500	0.36	0.62	0.62	0	0	0.36
214600	0.36	0.62	0.62	0	0	0.36
214700	0.36	0.62	0.62	0	0	0.36
214800	0.36	0.62	0.62	0	0	0.36
214900	0.36	0.62	0.62	0	0	0.36
215000	0.36	0.62	0.62	0	0	0.36
215100	0.36	0.62	0.62	0	0	0.36
215200	0.36	0.62	0.62	0	0	0.36
215300	0.36	0.62	0.62	0	0	0.36
215400	0.36	0.62	0.62	0	0	0.36
215500	0.36	0.62	0.62	0	0	0.36
215600	0.36	0.62	0.62	0	0	0.36
215700	0.36	0.62	0.62	0	0	0.36
215800	0.36	0.62	0.62	0	0	0.36
215900	0.36	0.62	0.62	0	0	0.36
216000	0.36	0.62	0.62	0	0	0.36
216100	0.36	0.62	0.62	0	0	0.36
216200	0.36	0.62	0.62	0	0	0.36
216300	0.36	0.62	0.62	0	0	0.36
216400	0.36	0.62	0.62	0	0	0.36
216500	0.36	0.62	0.62	0	0	0.36
216600	0.36	0.62	0.62	0	0	0.36
216700	0.36	0.62	0.62	0	0	0.36
216800	0.36	0.62	0.62	0	0	0.36
216900	0.36	0.62	0.62	0	0	0.36
217000	0.36	0.62	0.62	0	0	0.36
217100	0.36	0.62	0.62	0	0	0.36
217200	0.36	0.62	0.62	0	0	0.36
217300	0.36	0.62	0.62	0	0	0.36
217400	0.36	0.62	0.62	0	0	0.36
217500	0.36	0.62	0.62	0	0	0.36
217600	0.36	0.62	0.62	0	0	0.36
217700	0.36	0.62	0.62	0	0	0.36
217800	0.36	0.62	0.62	0	0	0.36
217900	0.36	0.62	0.62	0	0	0.36
218000	0.36	0.62	0.62	0	0	0.36
218100	0.36	0.62	0.62	0	0	0.36
218200	0.36	0.62	0.62	0	0	0.36
218300	0.36	0.62	0.62	0	0	0.36
218400	0.36	0.62	0.62	0	0	0.36
218500	0.36	0.62	0.62	0	0	0.36
218600	0.36	0.62	0.62	0	0	0.36
218700	0.36	0.62	0.62	0	0	0.36
218800	0.36	0.62	0.62	0	0	0.36
218900	0.36	0.62	0.62	0	0	0.36
219000	0.36	0.62	0.62	0	0	0.36
219100	0.36	0.62	0.62	0	0	0.36
219200	0.36	0.62	0.62	0	0	0.36
219300	0.36	0.62	0.62	0	0	0.36
219400	0.36	0.62	0.62	0	0	0.36
219500	0.36	0.62	0.62	0	0	0.36
219600	0.36	0.62	0.62	0	0	0.36
219700	0.36	0.62	0.62	0	0	0.36
219800	0.36	0.62	0.62	0	0	0.36
219900	0.36	0.62	0.62	0	0	0.36
220000	0.36	0.62	0.62	0	0	0.36
220100	0.36	0.62	0.62	0	0	0.36
220200	0.36	0.62	0.62	0	0	0.36
220300	0.36	0.62	0.62	0	0	0.36
220400	0.36	0.62	0.62	0	0	0.36
220500	0.36	0.62	0.62	0	0	0.36
220600	0.36	0.62	0.62	0	0	0.36
220700	0.36	0.62	0.62	0	0	0.36
220800	0.36	0.62	0.62	0	0	0.36
220900	0.36	0.62	0.62	0	0	0.36
221000	0.36	0.62	0.62	0	0	0.36
221100	0.36	0.62	0.62	0	0	0.36
221200	0.36	0.62	0.62	0	0	0.36
221300	0.36	0.62	0.62	0	0	0.36
221400	0.36	0.62	0.62	0	0	0.36
221500	0.36	0.62	0.62	0	0	0.36
221600	0.36	0.62	0.62	0	0	0.36
221700	0.36	0.62	0.62	0	0	0.36
221800	0.36	0.62	0.62	0	0	0.36
221900	0.36	0.62	0.62	0	0	0.36
222000	0.36	0.62	0.62	0	0	0.36
222100	0.36	0.62	0.62	0	0	0.36
222200	0.36	0.62	0.62	0	0	0.36
222300	0.36	0.62	0.62	0	0	0.36
222400	0.36	0.62	0.62	0	0	0.36
222500	0.36	0.62	0.62	0	0	0.36
222600	0.36	0.62	0.62	0	0	0.36
222700	0.36	0.62	0.62	0	0	0.36
222800	0.36	0.62	0.62	0	0	0.36
222900	0.36	0.62	0.62	0	0	0.36
223000	0.36	0.62	0.62	0	0	0.36
223100	0.36	0.62	0.62	0	0	0.36
223200	0.36	0.62	0.62	0	0	0.36
223300	0.36	0.62	0.62	0	0	0.36
223400	0.36	0.62	0.62	0	0	0.36
223500	0.36	0.62	0.62	0	0	0.36
223600	0.36	0.62	0.62	0	0	0.36
223700	0.36	0.62	0.62	0	0	0.36
223800	0.36	0.62	0.62	0	0	0.36
223900	0.36	0.62	0.62	0	0	0.36
224000	0.36	0.62	0.62	0	0	0.36
224100	0.36	0.62	0.62	0	0	0.36
224200	0.36	0.62	0.62	0	0	0.36
224300	0.36	0.62	0.62	0	0	0.36
224400	0.36	0.62	0.62	0	0	0.36
224500	0.36	0.62	0.62	0	0	0.36
224600	0.36	0.62	0.62	0	0	0.36
224700	0.36	0.62	0.62	0	0	0.36
224800	0.36	0.62	0.62	0	0	0.36
224900	0.36	0.62	0.62	0	0	0.36
225000	0.36	0.62	0.62	0	0	0.36
225100	0.36	0.62	0.62	0	0	0.36
225200	0.36	0.62	0.62	0	0	0.36
225300	0.36	0.62	0.62	0	0	0.36
225400	0.36	0.62	0.62	0	0	0.36
225500	0.36	0.62	0.62	0	0	0.36
225600	0.36	0.62	0.62	0	0	0.36
225700	0.36	0.62	0.62	0	0	0.36
225800	0.36	0.62	0.62	0	0	0.36
225900	0.36	0.62	0.62	0	0	0.36
226000	0.36	0.62	0.62	0	0	0.36
226100	0.36	0.62	0.62	0	0	0.36
226200	0.36	0.62	0.62	0	0	0.36
226300	0.36	0.62	0.62	0	0	0.36
226400	0.36	0.62	0.62	0	0	0.36
226500	0.36	0.62	0.62	0	0	0.36
226600	0.36	0.62	0.62	0	0	0.36
226700	0.36	0.62	0.62	0	0	0.36
226800	0.36	0.62	0.62	0	0	0.36
226900	0.36	0.62	0.62	0	0	0.36
227000	0.36	0.62	0.62	0	0	0.36
227100	0.36	0.62	0.62	0	0	0.36
227200	0.36	0.62	0.62	0	0	0.36
227300	0.36	0.62	0.62	0	0	0.36
227400	0.36	0.62	0.62	0	0	0.36
227500	0.36	0.62	0.62	0	0	0.36
227600	0.36	0.62	0.62	0	0	0.36
227700	0.36	0.62	0.62	0	0	0.36
227800	0.36	0.62	0.62	0	0	0.36
227900	0.36	0.62	0.62	0	0	0.36
228000	0.36	0.62	0.62	0	0	0.36
228100	0.36	0.62	0.62	0	0	0.36
228200	0.36	0.62	0.62	0	0	0.36
228300	0.36	0.62	0.62	0	0	0.36
228400	0.36	0.62	0.62	0	0	0.36
228500	0.36	0.62	0.62	0	0	0.36
228600	0.36	0.62	0.62	0	0	0.36
228700	0.36	0.62	0.62	0	0	0.36
228800	0.36	0.62	0.62	0	0	0.36
228900	0.36	0.62	0.62	0	0	0.36
229000	0.36	0.62	0.62	0	0	0.36
229100	0.36	0.62	0.62	0	0	0.36
229200	0.36	0.62	0.62	0	0	0.36
229300	0.36	0.62	0.62	0	0	0.36
229400	0.36	0.62	0.62	0	0	0.36
229500	0.36	0.62	0.62	0	0	0.36
229600	0.36	0.62	0.62	0	0	0.36
229700	0.36	0.62	0.62	0	0	0.36
229800	0.36	0.62	0.62	0	0	0.36
229900	0.36	0.62	0.62	0	0	0.36
230000	0.36	0.62	0.62	0	0	0.36
230100	0.36	0.62	0.62	0	0	0.36
230200	0.36	0.62	0.62	0	0	0.36
230300	0.36	0.62	0.62	0	0	0.36
230400	0.36	0.62	0.62	0	0	0.36
230500	0.36	0.62	0.62	0	0	0.36
230600	0.35	0.62	0.62	0	0	0.35
230700	0.35	0.62	0.62	0	0	0.35
230800	0.35	0.62	0.62	0	0	0.35
230900	0.35	0.62	0.62	0	0	0.35
231000	0.35	0.62	0.62	0	0	0.35
231100	0.35	0.62	0.62	0	0	0.35
231200	0.35	0.62	0.62	0	0	0.35
231300	0.35	0.62	0.62	0	0	0.35
231400	0.35	0.62	0.62	0	0	0.35
231500	0.35	0.62	0.62	0	0	0.35
231600	0.35	0.62	0.62	0	0	0.35
231700	0.35	0.62	0.62	0	0	0.35
231800	0.35	0.62	0.62	0	0	0.35
231900	0.35	0.62	0.62	0	0	0.35
232000	0.35	0.62	0.62	0	0	0.35
232100	0.35	0.62	0.62	0	0	0.35
232200	0.35	0.62	0.62	0	0	0.35
232300	0.35	0.62	0.62	0	0	0.35
232400	0.35	0.62	0.62	0	0	0.35
232500	0.35	0.62	0.62	0	0	0.35
232600	0.35	0.62	0.62	0	0	0.35
232700	0.35	0.63	0.63	0	0	0.35
232800	0.35	0.63	0.63	0	0	0.35
232900	0.35	0.63	0.63	0	0	0.35
233000	0.35	0.63	0.63	0	0	0.35
233100	0.35	0.63	0.63	0	0	0.35
233200	0.35	0.63	0.63	0	0	0.35
233300	0.35	0.63	0.63	0	0	0.35
233400	0.35	0.63	0.63	0	0	0.35
233500	0.35	0.63	0.63	0	0	0.35
233600	0.35	0.63	0.63	0	0	0.35
233700	0.35	0.63	0.63	0	0	0.35
233800	0.35	0.63	0.63	0	0	0.35
233900	0.35	0.63	0.63	0	0	0.35
234000	0.35	0.63	0.63	0	0	0.35
234100	0.35	0.63	0.63	0	0	0.35
234200	0.35	0.63	0.63	0	0	0.35
234300	0.35	0.63	0.63	0	0	0.35
234400	0.35	0.63	0.63	0	0	0.35
234500	0.35	0.63	0.63	0	0	0.35
234600	0.35	0.63	0.63	0	0	0.35
234700	0.35	0.63	0.63	0	0	0.35
234800	0.35	0.63	0.63	0	0	0.35
234900	0.35	0.63	0.63	0	0	0.35
235000	0.35	0.63	0.63	0	0	0.35
235100	0.35	0.63	0.63	0	0	0.35
235200	0.35	0.63	0.63	0	0	0.35
235300	0.35	0.63	0.63	0	0	0.35
235400	0.35	0.63	0.63	0	0	0.35
235500	0.35	0.63	0.63	0	0	0.35
235600	0.35	0.63	0.63	0	0	0.35
235700	0.35	0.63	0.63	0	0	0.35
235800	0.35	0.63	0.63	0	0	0.35
235900	0.35	0.63	0.63	0	0	0.35
236000	0.35	0.63	0.63	0	0	0.35
236100	0.35	0.63	0.63	0	0	0.35
236200	0.35	0.63	0.63	0	0	0.35
236300	0.35	0.63	0.63	0	0	0.35
236400	0.35	0.63	0.63	0	0	0.35
236500	0.35	0.63	0.63	0	0	0.35
236600	0.35	0.63	0.63	0	0	0.35
236700	0.35	0.63	0.63	0	0	0.35
236800	0.35	0.63	0.63	0	0	0.35
236900	0.35	0.63	0.63	0	0	0.35
237000	0.35	0.63	0.63	0	0	0.35
237100	0.35	0.63	0.63	0	0	0.35
237200	0.35	0.63	0.63	0	0	0.35
237300	0.35	0.63	0.63	0	0	0.35
237400	0.35	0.63	0.63	0	0	0.35
237500	0.35	0.63	0.63	0	0	0.35
237600	0.35	0.63	0.63	0	0	0.35
237700	0.35	0.63	0.63	0	0	0.35
237800	0.35	0.63	0.63	0	0	0.35
237900	0.35	0.63	0.63	0	0	0.35
238000	0.35	0.63	0.63	0	0	0.35
238100	0.35	0.63	0.63	0	0	0.35
238200	0.35	0.63	0.63	0	0	0.35
238300	0.35	0.63	0.63	0	0	0.35
238400	0.35	0.63	0.63	0	0	0.35
238500	0.35	0.63	0.63	0	0	0.35
238600	0.35	0.63	0.63	0	0	0.35
238700	0.35	0.63	0.63	0	0	0.35
238800	0.35	0.63	0.63	0	0	0.35
238900	0.35	0.63	0.63	0	0	0.35
239000	0.35	0.63	0.63	0	0	0.35
239100	0.35	0.63	0.63	0	0	0.35
239200	0.35	0.63	0.63	0	0	0.35
239300	0.35	0.63	0.63	0	0	0.35
239400	0.35	0.63	0.63	0	0	0.35
239500	0.35	0.63	0.63	0	0	0.35
239600	0.35	0.63	0.63	0	0	0.35
239700	0.35	0.63	0.63	0	0	0.35
239800	0.35	0.63	0.63	0	0	0.35
239900	0.35	0.63	0.63	0	0	0.35
240000	0.35	0.63	0.63	0	0	0.35
240100	0.35	0.63	0.63	0	0	0.35
240200	0.35	0.63	0.63	0	0	0.35
240300	0.35	0.63	0.63	0	0	0.35
240400	0.35	0.63	0.63	0	0	0.35
240500	0.35	0.63	0.63	0	0	0.35
240600	0.35	0.63	0.63	0	0	0.35
240700	0.35	0.63	0.63	0	0	0.35
240800	0.35	0.63	0.63	0	0	0.35
240900	0.35	0.63	0.63	0	0	0.35
241000	0.35	0.63	0.63	0	0	0.35
241100	0.35	0.63	0.63	0	0	0.35
241200	0.35	0.63	0.63	0	0	0.35
241300	0.35	0.63	0.63	0	0	0.35
241400	0.35	0.63	0.63	0	0	0.35
241500	0.35	0.63	0.63	0	0	0.35
241600	0.35	0.63	0.63	0	0	0.35
241700	0.35	0.63	0.63	0	0	0.35
241800	0.35	0.63	0.63	0	0	0.35
241900	0.35	0.63	0.63	0	0	0.35
242000	0.35	0.63	0.63	0	0	0.35
242100	0.35	0.63	0.63	0	0	0.35
242200	0.35	0.62	0.62	0	0	0.35
242300	0.35	0.62	0.62	0	0	0.35
242400	0.35	0.62	0.62	0	0	0.35
242500	0.35	0.62	0.62	0	0	0.35
242600	0.35	0.62	0.62	0	0	0.35
242700	0.35	0.62	0.62	0	0	0.35
242800	0.35	0.62	0.62	0	0	0.35
242900	0.35	0.62	0.62	0	0	0.35
243000	0.35	0.62	0.62	0	0	0.35
243100	0.35	0.62	0.62	0	0	0.35
243200	0.35	0.62	0.62	0	0	0.35
243300	0.35	0.62	0.62	0	0	0.35
243400	0.35	0.62	0.62	0	0	0.35
243500	0.35	0.62	0.62	0	0	0.35
243600	0.35	0.62	0.62	0	0	0.35
243700	0.35	0.62	0.62	0	0	0.35
243800	0.35	0.62	0.62	0	0	0.35
243900	0.35	0.62	0.62	0	0	0.35
244000	0.35	0.62	0.62	0	0	0.35
244100	0.35	0.62	0.62	0	0	0.35
244200	0.35	0.62	0.62	0	0	0.35
244300	0.35	0.62	0.62	0	0	0.35
244400	0.35	0.62	0.62	0	0	0.35
244500	0.35	0.62	0.62	0	0	0.35
244600	0.35	0.62	0.62	0	0	0.35
244700	0.35	0.62	0.62	0	0	0.35
244800	0.35	0.62	0.62	0	0	0.35
244900	0.35	0.62	0.62	0	0	0.35
245000	0.35	0.62	0.62	0	0	0.35
245100	0.35	0.62	0.62	0	0	0.35
245200	0.35	0.62	0.62	0	0	0.35
245300	0.35	0.62	0.62	0	0	0.35
245400	0.35	0.62	0.62	0	0	0.35
245500	0.35	0.62	0.62	0	0	0.35
245600	0.35	0.62	0.62	0	0	0.35
245700	0.35	0.62	0.62	0	0	0.35
245800	0.35	0.62	0.62	0	0	0.35
245900	0.35	0.62	0.62	0	0	0.35
246000	0.35	0.62	0.62	0	0	0.35
246100	0.35	0.62	0.62	0	0	0.35
246200	0.35	0.62	0.62	0	0	0.35
246300	0.35	0.62	0.62	0	0	0.35
246400	0.35	0.62	0.62	0	0	0.35
246500	0.35	0.62	0.62	0	0	0.35
246600	0.35	0.62	0.62	0	0	0.35
246700	0.35	0.62	0.62	0	0	0.35
246800	0.35	0.62	0.62	0	0	0.35
246900	0.35	0.62	0.62	0	0	0.35
247000	0.35	0.62	0.62	0	0	0.35
247100	0.35	0.62	0.62	0	0	0.35
247200	0.35	0.62	0.62	0	0	0.35
247300	0.35	0.62	0.62	0	0	0.35
247400	0.35	0.62	0.62	0	0	0.35
247500	0.35	0.62	0.62	0	0	0.35
247600	0.35	0.62	0.62	0	0	0.35
247700	0.35	0.62	0.62	0	0	0.35
247800	0.35	0.62	0.62	0	0	0.35
247900	0.35	0.62	0.62	0	0	0.35
248000	0.35	0.62	0.62	0	0	0.35
248100	0.35	0.62	0.62	0	0	0.35
248200	0.35	0.62	0.62	0	0	0.35
248300	0.35	0.62	0.62	0	0	0.35
248400	0.35	0.62	0.62	0	0	0.35
248500	0.35	0.62	0.62	0	0	0.35
248600	0.35	0.62	0.62	0	0	0.35
248700	0.35	0.62	0.62	0	0	0.35
248800	0.35	0.62	0.62	0	0	0.35
248900	0.35	0.62	0.62	0	0	0.35
249000	0.35	0.62	0.62	0	0	0.35
249100	0.35	0.62	0.62	0	0	0.35
249200	0.35	0.62	0.62	0	0	0.35
249300	0.35	0.62	0.62	0	0	0.35
249400	0.35	0.62	0.62	0	0	0.35
249500	0.35	0.62	0.62	0	0	0.35
249600	0.35	0.62	0.62	0	0	0.35
249700	0.35	0.62	0.62	0	0	0.35
249800	0.35	0.62	0.62	0	0	0.35
249900	0.35	0.62	0.62	0	0	0.35
250000	0.35	0.62	0.62	0	0	0.35
250100	0.35	0.62	0.62	0	0	0.35
250200	0.35	0.62	0.62	0	0	0.35
250300	0.35	0.62	0.62	0	0	0.35
250400	0.35	0.62	0.62	0	0	0.35
250500	0.35	0.62	0.62	0	0	0.35
250600	0.35	0.62	0.62	0	0	0.35
250700	0.35	0.62	0.62	0	0	0.35
250800	0.35	0.62	0.62	0	0	0.35
250900	0.35	0.62	0.62	0	0	0.35
251000	0.35	0.62	0.62	0	0	0.35
251100	0.35	0.62	0.62	0	0	0.35
251200	0.35	0.63	0.63	0	0	0.35
251300	0.35	0.62	0.62	0	0	0.35
251400	0.35	0.62	0.62	0	0	0.35
251500	0.35	0.62	0.62	0	0	0.35
251600	0.36	0.62	0.62	0	0	0.36
251700	0.35	0.62	0.62	0	0	0.35
251800	0.35	0.62	0.62	0	0	0.35
251900	0.35	0.62	0.62	0	0	0.35
252000	0.35	0.62	0.62	0	0	0.35
252100	0.35	0.62	0.62	0	0	0.35
252200	0.35	0.62	0.62	0	0	0.35
252300	0.35	0.62	0.62	0	0	0.35
252400	0.35	0.62	0.62	0	0	0.35
252500	0.35	0.62	0.62	0	0	0.35
252600	0.35	0.62	0.62	0	0	0.35
252700	0.35	0.62	0.62	0	0	0.35
252800	0.35	0.62	0.62	0	0	0.35
252900	0.35	0.62	0.62	0	0	0.35
253000	0.35	0.62	0.62	0	0	0.35
253100	0.35	0.62	0.62	0	0	0.35
253200	0.35	0.62	0.62	0	0	0.35
253300	0.35	0.62	0.62	0	0	0.35
253400	0.35	0.62	0.62	0	0	0.35
253500	0.35	0.62	0.62	0	0	0.35
253600	0.35	0.62	0.62	0	0	0.35
253700	0.35	0.62	0.62	0	0	0.35
253800	0.35	0.62	0.62	0	0	0.35
253900	0.35	0.62	0.62	0	0	0.35
254000	0.35	0.62	0.62	0	0	0.35
254100	0.35	0.62	0.62	0	0	0.35
254200	0.35	0.62	0.62	0	0	0.35
254300	0.35	0.62	0.62	0	0	0.35
254400	0.35	0.62	0.62	0	0	0.35
254500	0.35	0.62	0.62	0	0	0.35
254600	0.35	0.62	0.62	0	0	0.35
254700	0.35	0.62	0.62	0	0	0.35
254800	0.35	0.62	0.62	0	0	0.35
254900	0.35	0.62	0.62	0	0	0.35
255000	0.35	0.62	0.62	0	0	0.35
255100	0.35	0.62	0.62	0	0	0.35
255200	0.35	0.62	0.62	0	0	0.35
255300	0.35	0.62	0.62	0	0	0.35
255400	0.35	0.62	0.62	0	0	0.35
255500	0.35	0.62	0.62	0	0	0.35
255600	0.35	0.62	0.62	0	0	0.35
255700	0.35	0.62	0.62	0	0	0.35
255800	0.35	0.62	0.62	0	0	0.35
255900	0.35	0.62	0.62	0	0	0.35
256000	0.35	0.62	0.62	0	0	0.35
256100	0.35	0.62	0.62	0	0	0.35
256200	0.35	0.62	0.62	0	0	0.35
256300	0.35	0.62	0.62	0	0	0.35
256400	0.35	0.62	0.62	0	0	0.35
256500	0.35	0.62	0.62	0	0	0.35
256600	0.35	0.62	0.62	0	0	0.35
256700	0.35	0.62	0.62	0	0	0.35
256800	0.35	0.62	0.62	0	0	0.35
256900	0.35	0.62	0.62	0	0	0.35
257000	0.35	0.62	0.62	0	0	0.35
257100	0.35	0.62	0.62	0	0	0.35
257200	0.35	0.62	0.62	0	0	0.35
257300	0.35	0.62	0.62	0	0	0.35
257400	0.35	0.62	0.62	0	0	0.35
257500	0.35	0.62	0.62	0	0	0.35
257600	0.35	0.62	0.62	0	0	0.35
257700	0.35	0.62	0.62	0	0	0.35
257800	0.35	0.62	0.62	0	0	0.35
257900	0.35	0.62	0.62	0	0	0.35
258000	0.35	0.62	0.62	0	0	0.35
258100	0.35	0.62	0.62	0	0	0.35
258200	0.35	0.62	0.62	0	0	0.35
258300	0.35	0.62	0.62	0	0	0.35
258400	0.34	0.62	0.62	0	0	0.34
258500	0.34	0.62	0.62	0	0	0.34
258600	0.34	0.62	0.62	0	0	0.34
258700	0.34	0.62	0.62	0	0	0.34
258800	0.34	0.62	0.62	0	0	0.34
258900	0.34	0.62	0.62	0	0	0.34
259000	0.34	0.62	0.62	0	0	0.34
259100	0.34	0.62	0.62	0	0	0.34
259200	0.34	0.62	0.62	0	0	0.34
259300	0.34	0.62	0.62	0	0	0.34
259400	0.34	0.62	0.62	0	0	0.34
259500	0.34	0.62	0.62	0	0	0.34
259600	0.34	0.62	0.62	0	0	0.34
259700	0.34	0.62	0.62	0	0	0.34
259800	0.34	0.62	0.62	0	0	0.34
259900	0.34	0.62	0.62	0	0	0.34
260000	0.34	0.62	0.62	0	0	0.34
260100	0.34	0.62	0.62	0	0	0.34
260200	0.34	0.62	0.62	0	0	0.34
260300	0.34	0.62	0.62	0	0	0.34
260400	0.34	0.62	0.62	0	0	0.34
260500	0.34	0.62	0.62	0	0	0.34
260600	0.34	0.62	0.62	0	0	0.34
260700	0.34	0.62	0.62	0	0	0.34
260800	0.34	0.63	0.63	0	0	0.34
260900	0.34	0.63	0.63	0	0	0.34
261000	0.34	0.63	0.63	0	0	0.34
261100	0.34	0.63	0.63	0	0	0.34
261200	0.34	0.63	0.63	0	0	0.34
261300	0.34	0.63	0.63	0	0	0.34
261400	0.34	0.63	0.63	0	0	0.34
261500	0.34	0.63	0.63	0	0	0.34
261600	0.34	0.63	0.63	0	0	0.34
261700	0.34	0.63	0.63	0	0	0.34
261800	0.34	0.63	0.63	0	0	0.34
261900	0.34	0.63	0.63	0	0	0.34
262000	0.34	0.63	0.63	0	0	0.34
262100	0.34	0.63	0.63	0	0	0.34
262200	0.34	0.63	0.63	0	0	0.34
262300	0.34	0.63	0.63	0	0	0.34
262400	0.34	0.63	0.63	0	0	0.34
262500	0.34	0.63	0.63	0	0	0.34
262600	0.34	0.63	0.63	0	0	0.34
262700	0.34	0.63	0.63	0	0	0.34
262800	0.34	0.63	0.63	0	0	0.34
262900	0.34	0.63	0.63	0	0	0.34
263000	0.34	0.63	0.63	0	0	0.34
263100	0.34	0.63	0.63	0	0	0.34
263200	0.34	0.63	0.63	0	0	0.34
263300	0.34	0.63	0.63	0	0	0.34
263400	0.34	0.63	0.63	0	0	0.34
263500	0.34	0.63	0.63	0	0	0.34
263600	0.34	0.63	0.63	0	0	0.34
263700	0.34	0.63	0.63	0	0	0.34
263800	0.34	0.63	0.63	0	0	0.34
263900	0.34	0.63	0.63	0	0	0.34
264000	0.34	0.63	0.63	0	0	0.34
264100	0.34	0.63	0.63	0	0	0.34
264200	0.34	0.63	0.63	0	0	0.34
264300	0.34	0.63	0.63	0	0	0.34
264400	0.34	0.63	0.63	0	0	0.34
264500	0.34	0.63	0.63	0	0	0.34
264600	0.34	0.63	0.63	0	0	0.34
264700	0.34	0.63	0.63	0	0	0.34
264800	0.34	0.63	0.63	0	0	0.34
264900	0.34	0.64	0.64	0	0	0.34
265000	0.34	0.64	0.64	0	0	0.34
265100	0.34	0.64	0.64	0	0	0.34
265200	0.34	0.64	0.64	0	0	0.34
265300	0.34	0.64	0.64	0	0	0.34
265400	0.34	0.64	0.64	0	0	0.34
265500	0.34	0.64	0.64	0	0	0.34
265600	0.34	0.64	0.64	0	0	0.34
265700	0.34	0.64	0.64	0	0	0.34
265800	0.34	0.64	0.64	0	0	0.34
265900	0.34	0.64	0.64	0	0	0.34
266000	0.34	0.64	0.64	0	0	0.34
266100	0.34	0.64	0.64	0	0	0.34
266200	0.34	0.64	0.64	0	0	0.34
266300	0.34	0.64	0.64	0	0	0.34
266400	0.34	0.63	0.63	0	0	0.34
266500	0.34	0.63	0.63	0	0	0.34
266600	0.34	0.62	0.62	0	0	0.34
266700	0.34	0.62	0.62	0	0	0.34
266800	0.34	0.62	0.62	0	0	0.34
266900	0.34	0.62	0.62	0	0	0.34
267000	0.34	0.62	0.62	0	0	0.34
267100	0.34	0.62	0.62	0	0	0.34
267200	0.34	0.62	0.62	0	0	0.34
267300	0.34	0.62	0.62	0	0	0.34
267400	0.34	0.62	0.62	0	0	0.34
267500	0.34	0.62	0.62	0	0	0.34
267600	0.34	0.62	0.62	0	0	0.34
267700	0.34	0.62	0.62	0	0	0.34
267800	0.34	0.62	0.62	0	0	0.34
267900	0.34	0.62	0.62	0	0	0.34
268000	0.34	0.62	0.62	0	0	0.34
268100	0.34	0.62	0.62	0	0	0.34
268200	0.34	0.62	0.62	0	0	0.34
268300	0.34	0.62	0.62	0	0	0.34
268400	0.34	0.62	0.62	0	0	0.34
268500	0.34	0.62	0.62	0	0	0.34
268600	0.34	0.62	0.62	0	0	0.34
268700	0.34	0.62	0.62	0	0	0.34
268800	0.34	0.62	0.62	0	0	0.34
268900	0.34	0.62	0.62	0	0	0.34
269000	0.34	0.62	0.62	0	0	0.34
269100	0.34	0.62	0.62	0	0	0.34
269200	0.34	0.62	0.62	0	0	0.34
269300	0.34	0.62	0.62	0	0	0.34
269400	0.34	0.62	0.62	0	0	0.34
269500	0.34	0.62	0.62	0	0	0.34
269600	0.34	0.62	0.62	0	0	0.34
269700	0.34	0.62	0.62	0	0	0.34
269800	0.33	0.62	0.62	0	0	0.33
269900	0.33	0.62	0.62	0	0	0.33
270000	0.33	0.62	0.62	0	0	0.33
270100	0.33	0.62	0.62	0	0	0.33
270200	0.33	0.62	0.62	0	0	0.33
270300	0.33	0.62	0.62	0	0	0.33
270400	0.33	0.62	0.62	0	0	0.33
270500	0.33	0.62	0.62	0	0	0.33
270600	0.33	0.62	0.62	0	0	0.33
270700	0.33	0.62	0.62	0	0	0.33
270800	0.33	0.62	0.62	0	0	0.33
270900	0.33	0.62	0.62	0	0	0.33
271000	0.33	0.62	0.62	0	0	0.33
271100	0.33	0.62	0.62	0	0	0.33
271200	0.33	0.62	0.62	0	0	0.33
271300	0.33	0.62	0.62	0	0	0.33
271400	0.33	0.62	0.62	0	0	0.33
271500	0.33	0.62	0.62	0	0	0.33
271600	0.33	0.62	0.62	0	0	0.33
271700	0.33	0.62	0.62	0	0	0.33
271800	0.33	0.62	0.62	0	0	0.33
271900	0.33	0.62	0.62	0	0	0.33
272000	0.33	0.62	0.62	0	0	0.33
272100	0.33	0.62	0.62	0	0	0.33
272200	0.33	0.62	0.62	0	0	0.33
272300	0.33	0.62	0.62	0	0	0.33
272400	0.33	0.62	0.62	0	0	0.33
272500	0.33	0.62	0.62	0	0	0.33
272600	0.33	0.62	0.62	0	0	0.33
272700	0.33	0.62	0.62	0	0	0.33
272800	0.33	0.62	0.62	0	0	0.33
272900	0.33	0.62	0.62	0	0	0.33
273000	0.34	0.62	0.62	0	0	0.34
273100	0.34	0.62	0.62	0	0	0.34
273200	0.34	0.62	0.62	0	0	0.34
273300	0.34	0.62	0.62	0	0	0.34
273400	0.34	0.62	0.62	0	0	0.34
273500	0.34	0.62	0.62	0	0	0.34
273600	0.34	0.62	0.62	0	0	0.34
273700	0.34	0.62	0.62	0	0	0.34
273800	0.34	0.62	0.62	0	0	0.34
273900	0.34	0.62	0.62	0	0	0.34
274000	0.35	0.62	0.62	0	0	0.35
274100	0.34	0.62	0.62	0	0	0.34
274200	0.34	0.62	0.62	0	0	0.34
274300	0.34	0.62	0.62	0	0	0.34
274400	0.34	0.62	0.62	0	0	0.34
274500	0.34	0.62	0.62	0	0	0.34
274600	0.34	0.62	0.62	0	0	0.34
274700	0.34	0.62	0.62	0	0	0.34
274800	0.34	0.62	0.62	0	0	0.34
274900	0.34	0.62	0.62	0	0	0.34
275000	0.34	0.62	0.62	0	0	0.34
275100	0.34	0.62	0.62	0	0	0.34
275200	0.33	0.62	0.62	0	0	0.33
275300	0.33	0.62	0.62	0	0	0.33
275400	0.33	0.62	0.62	0	0	0.33
275500	0.33	0.62	0.62	0	0	0.33
275600	0.33	0.62	0.62	0	0	0.33
275700	0.33	0.62	0.62	0	0	0.33
275800	0.33	0.62	0.62	0	0	0.33
275900	0.33	0.62	0.62	0	0	0.33
276000	0.33	0.62	0.62	0	0	0.33
276100	0.33	0.62	0.62	0	0	0.33
276200	0.33	0.62	0.62	0	0	0.33
276300	0.33	0.62	0.62	0	0	0.33
276400	0.33	0.62	0.62	0	0	0.33
276500	0.33	0.62	0.62	0	0	0.33
276600	0.33	0.62	0.62	0	0	0.33
276700	0.33	0.62	0.62	0	0	0.33
276800	0.33	0.62	0.62	0	0	0.33
276900	0.33	0.62	0.62	0	0	0.33
277000	0.33	0.62	0.62	0	0	0.33
277100	0.33	0.62	0.62	0	0	0.33
277200	0.33	0.62	0.62	0	0	0.33
277300	0.33	0.62	0.62	0	0	0.33
277400	0.33	0.62	0.62	0	0	0.33
277500	0.33	0.62	0.62	0	0	0.33
277600	0.33	0.62	0.62	0	0	0.33
277700	0.33	0.62	0.62	0	0	0.33
277800	0.33	0.62	0.62	0	0	0.33
277900	0.33	0.62	0.62	0	0	0.33
278000	0.33	0.62	0.62	0	0	0.33
278100	0.33	0.62	0.62	0	0	0.33
278200	0.35	0.62	0.62	0	0	0.35
278300	0.35	0.62	0.62	0	0	0.35
278400	0.35	0.62	0.62	0	0	0.35
278500	0.35	0.62	0.62	0	0	0.35
278600	0.35	0.62	0.62	0	0	0.35
278700	0.35	0.62	0.62	0	0	0.35
278800	0.35	0.62	0.62	0	0	0.35
278900	0.35	0.62	0.62	0	0	0.35
279000	0.35	0.62	0.62	0	0	0.35
279100	0.35	0.62	0.62	0	0	0.35
279200	0.35	0.62	0.62	0	0	0.35
279300	0.35	0.62	0.62	0	0	0.35
279400	0.35	0.62	0.62	0	0	0.35
279500	0.35	0.62	0.62	0	0	0.35
279600	0.35	0.62	0.62	0	0	0.35
279700	0.34	0.62	0.62	0	0	0.34
279800	0.34	0.62	0.62	0	0	0.34
279900	0.34	0.62	0.62	0	0	0.34
280000	0.34	0.62	0.62	0	0	0.34
280100	0.34	0.62	0.62	0	0	0.34
280200	0.34	0.62	0.62	0	0	0.34
280300	0.34	0.62	0.62	0	0	0.34
280400	0.34	0.62	0.62	0	0	0.34
280500	0.34	0.62	0.62	0	0	0.34
280600	0.34	0.62	0.62	0	0	0.34
280700	0.34	0.62	0.62	0	0	0.34
280800	0.34	0.62	0.62	0	0	0.34
280900	0.34	0.62	0.62	0	0	0.34
281000	0.34	0.62	0.62	0	0	0.34
281100	0.34	0.63	0.63	0	0	0.34
281200	0.34	0.62	0.62	0	0	0.34
281300	0.34	0.62	0.62	0	0	0.34
281400	0.34	0.62	0.62	0	0	0.34
281500	0.34	0.62	0.62	0	0	0.34
281600	0.34	0.62	0.62	0	0	0.34
281700	0.34	0.62	0.62	0	0	0.34
281800	0.35	0.62	0.62	0	0	0.35
281900	0.35	0.62	0.62	0	0	0.35
282000	0.35	0.62	0.62	0	0	0.35
282100	0.35	0.62	0.62	0	0	0.35
282200	0.35	0.62	0.62	0	0	0.35
282300	0.35	0.62	0.62	0	0	0.35
282400	0.35	0.62	0.62	0	0	0.35
282500	0.35	0.62	0.62	0	0	0.35
282600	0.35	0.62	0.62	0	0	0.35
282700	0.35	0.62	0.62	0	0	0.35
282800	0.35	0.62	0.62	0	0	0.35
282900	0.35	0.62	0.62	0	0	0.35
283000	0.35	0.62	0.62	0	0	0.35
283100	0.35	0.62	0.62	0	0	0.35
283200	0.35	0.62	0.62	0	0	0.35
283300	0.35	0.62	0.62	0	0	0.35
283400	0.35	0.62	0.62	0	0	0.35
283500	0.35	0.62	0.62	0	0	0.35
283600	0.35	0.62	0.62	0	0	0.35
283700	0.35	0.62	0.62	0	0	0.35
283800	0.35	0.62	0.62	0	0	0.35
283900	0.35	0.62	0.62	0	0	0.35
284000	0.35	0.62	0.62	0	0	0.35
284100	0.35	0.62	0.62	0	0	0.35
284200	0.35	0.62	0.62	0	0	0.35
284300	0.35	0.62	0.62	0	0	0.35
284400	0.35	0.62	0.62	0	0	0.35
284500	0.35	0.62	0.62	0	0	0.35
284600	0.35	0.62	0.62	0	0	0.35
284700	0.35	0.62	0.62	0	0	0.35
284800	0.35	0.62	0.62	0	0	0.35
284900	0.35	0.62	0.62	0	0	0.35
285000	0.35	0.62	0.62	0	0	0.35
285100	0.35	0.62	0.62	0	0	0.35
285200	0.35	0.62	0.62	0	0	0.35
285300	0.35	0.62	0.62	0	0	0.35
285400	0.35	0.62	0.62	0	0	0.35
285500	0.35	0.62	0.62	0	0	0.35
285600	0.35	0.62	0.62	0	0	0.35
285700	0.35	0.62	0.62	0	0	0.35
285800	0.35	0.62	0.62	0	0	0.35
285900	0.35	0.62	0.62	0	0	0.35
286000	0.35	0.62	0.62	0	0	0.35
286100	0.35	0.62	0.62	0	0	0.35
286200	0.35	0.62	0.62	0	0	0.35
286300	0.35	0.62	0.62	0	0	0.35
286400	0.35	0.62	0.62	0	0	0.35
286500	0.35	0.62	0.62	0	0	0.35
286600	0.35	0.62	0.62	0	0	0.35
286700	0.35	0.62	0.62	0	0	0.35
286800	0.35	0.62	0.62	0	0	0.35
286900	0.35	0.62	0.62	0	0	0.35
287000	0.35	0.62	0.62	0	0	0.35
287100	0.35	0.62	0.62	0	0	0.35
287200	0.35	0.62	0.62	0	0	0.35
287300	0.35	0.62	0.62	0	0	0.35
287400	0.35	0.62	0.62	0	0	0.35
287500	0.35	0.62	0.62	0	0	0.35
287600	0.35	0.62	0.62	0	0	0.35
287700	0.35	0.62	0.62	0	0	0.35
287800	0.35	0.62	0.62	0	0	0.35
287900	0.35	0.62	0.62	0	0	0.35
288000	0.35	0.62	0.62	0	0	0.35
288100	0.35	0.62	0.62	0	0	0.35
288200	0.35	0.62	0.62	0	0	0.35
288300	0.35	0.62	0.62	0	0	0.35
288400	0.35	0.62	0.62	0	0	0.35
288500	0.35	0.62	0.62	0	0	0.35
288600	0.35	0.62	0.62	0	0	0.35
288700	0.35	0.62	0.62	0	0	0.35
288800	0.35	0.62	0.62	0	0	0.35
288900	0.35	0.62	0.62	0	0	0.35
289000	0.35	0.62	0.62	0	0	0.35
289100	0.35	0.62	0.62	0	0	0.35
289200	0.35	0.62	0.62	0	0	0.35
289300	0.35	0.62	0.62	0	0	0.35
289400	0.35	0.62	0.62	0	0	0.35
289500	0.35	0.62	0.62	0	0	0.35
289600	0.35	0.62	0.62	0	0	0.35
289700	0.35	0.62	0.62	0	0	0.35
289800	0.35	0.62	0.62	0	0	0.35
289900	0.35	0.62	0.62	0	0	0.35
290000	0.35	0.62	0.62	0	0	0.35
290100	0.35	0.62	0.62	0	0	0.35
290200	0.35	0.62	0.62	0	0	0.35
290300	0.35	0.62	0.62	0	0	0.35
290400	0.35	0.62	0.62	0	0	0.35
290500	0.35	0.62	0.62	0	0	0.35
290600	0.35	0.62	0.62	0	0	0.35
290700	0.35	0.62	0.62	0	0	0.35
290800	0.35	0.62	0.62	0	0	0.35
290900	0.35	0.62	0.62	0	0	0.35
291000	0.35	0.62	0.62	0	0	0.35
291100	0.35	0.62	0.62	0	0	0.35
291200	0.35	0.62	0.62	0	0	0.35
291300	0.35	0.62	0.62	0	0	0.35
291400	0.35	0.62	0.62	0	0	0.35
291500	0.35	0.62	0.62	0	0	0.35
291600	0.35	0.62	0.62	0	0	0.35
291700	0.35	0.62	0.62	0	0	0.35
291800	0.35	0.62	0.62	0	0	0.35
291900	0.35	0.62	0.62	0	0	0.35
292000	0.35	0.61	0.61	0	0	0.35
292100	0.35	0.61	0.61	0	0	0.35
292200	0.35	0.61	0.61	0	0	0.35
292300	0.35	0.61	0.61	0	0	0.35
292400	0.35	0.61	0.61	0	0	0.35
292500	0.35	0.61	0.61	0	0	0.35
292600	0.35	0.61	0.61	0	0	0.35
292700	0.35	0.61	0.61	0	0	0.35
292800	0.34	0.61	0.61	0	0	0.34
292900	0.34	0.61	0.61	0	0	0.34
293000	0.34	0.61	0.61	0	0	0.34
293100	0.34	0.61	0.61	0	0	0.34
293200	0.34	0.61	0.61	0	0	0.34
293300	0.34	0.61	0.61	0	0	0.34
293400	0.34	0.61	0.61	0	0	0.34
293500	0.34	0.61	0.61	0	0	0.34
293600	0.34	0.61	0.61	0	0	0.34
293700	0.34	0.61	0.61	0	0	0.34
293800	0.34	0.62	0.62	0	0	0.34
293900	0.34	0.61	0.61	0	0	0.34
294000	0.34	0.61	0.61	0	0	0.34
294100	0.34	0.61	0.61	0	0	0.34
294200	0.34	0.61	0.61	0	0	0.34
294300	0.34	0.61	0.61	0	0	0.34
294400	0.34	0.61	0.61	0	0	0.34
294500	0.34	0.61	0.61	0	0	0.34
294600	0.34	0.61	0.61	0	0	0.34
294700	0.34	0.61	0.61	0	0	0.34
294800	0.34	0.61	0.61	0	0	0.34
294900	0.34	0.61	0.61	0	0	0.34
295000	0.34	0.61	0.61	0	0	0.34
295100	0.34	0.61	0.61	0	0	0.34
295200	0.34	0.61	0.61	0	0	0.34
295300	0.34	0.61	0.61	0	0	0.34
295400	0.34	0.61	0.61	0	0	0.34
295500	0.34	0.61	0.61	0	0	0.34
295600	0.34	0.61	0.61	0	0	0.34
295700	0.34	0.61	0.61	0	0	0.34
295800	0.34	0.61	0.61	0	0	0.34
295900	0.34	0.61	0.61	0	0	0.34
296000	0.34	0.61	0.61	0	0	0.34
296100	0.34	0.61	0.61	0	0	0.34
296200	0.34	0.61	0.61	0	0	0.34
296300	0.34	0.61	0.61	0	0	0.34
296400	0.34	0.61	0.61	0	0	0.34
296500	0.33	0.61	0.61	0	0	0.33
296600	0.33	0.61	0.61	0	0	0.33
296700	0.33	0.6	0.6	0	0	0.33
296800	0.33	0.6	0.6	0	0	0.33
296900	0.33	0.6	0.6	0	0	0.33
297000	0.33	0.6	0.6	0	0	0.33
297100	0.33	0.6	0.6	0	0	0.33
297200	0.33	0.6	0.6	0	0	0.33
297300	0.33	0.6	0.6	0	0	0.33
297400	0.33	0.6	0.6	0	0	0.33
297500	0.33	0.61	0.61	0	0	0.33
297600	0.33	0.61	0.61	0	0	0.33
297700	0.33	0.61	0.61	0	0	0.33
297800	0.33	0.61	0.61	0	0	0.33
297900	0.33	0.61	0.61	0	0	0.33
298000	0.33	0.61	0.61	0	0	0.33
298100	0.33	0.62	0.62	0	0	0.33
298200	0.33	0.61	0.61	0	0	0.33
298300	0.33	0.61	0.61	0	0	0.33
298400	0.33	0.61	0.61	0	0	0.33
298500	0.33	0.61	0.61	0	0	0.33
298600	0.33	0.61	0.61	0	0	0.33
298700	0.33	0.61	0.61	0	0	0.33
298800	0.33	0.61	0.61	0	0	0.33
298900	0.33	0.61	0.61	0	0	0.33
299000	0.33	0.61	0.61	0	0	0.33
299100	0.33	0.61	0.61	0	0	0.33
299200	0.33	0.61	0.61	0	0	0.33
299300	0.33	0.61	0.61	0	0	0.33
299400	0.33	0.61	0.61	0	0	0.33
299500	0.33	0.61	0.61	0	0	0.33
299600	0.33	0.61	0.61	0	0	0.33
299700	0.33	0.61	0.61	0	0	0.33
299800	0.33	0.61	0.61	0	0	0.33
299900	0.33	0.61	0.61	0	0	0.33
300000	0.33	0.61	0.61	0	0	0.33
