100	0.07	0.14	0.14	0	0	0.07
200	0.09	0.14	0.14	0	0	0.09
300	0.08	0.14	0.14	0	0	0.08
400	0.09	0.13	0.13	0	0	0.09
500	0.09	0.13	0.13	0	0	0.09
600	0.1	0.13	0.13	0	0	0.1
700	0.1	0.16	0.16	0	0	0.1
800	0.1	0.17	0.17	0	0	0.1
900	0.12	0.17	0.17	0	0	0.12
1000	0.12	0.16	0.16	0	0	0.12
1100	0.12	0.16	0.16	0	0	0.12
1200	0.12	0.15	0.15	0	0	0.12
1300	0.13	0.15	0.15	0	0	0.13
1400	0.14	0.16	0.16	0	0	0.14
1500	0.15	0.17	0.17	0	0	0.15
1600	0.14	0.16	0.16	0	0	0.14
1700	0.15	0.16	0.16	0	0	0.15
1800	0.16	0.17	0.17	0	0	0.16
1900	0.16	0.18	0.18	0	0	0.16
2000	0.15	0.18	0.18	0	0	0.15
2100	0.15	0.19	0.19	0	0	0.15
2200	0.16	0.19	0.19	0	0	0.16
2300	0.16	0.18	0.18	0	0	0.16
2400	0.17	0.18	0.18	0	0	0.17
2500	0.17	0.18	0.18	0	0	0.17
2600	0.16	0.18	0.18	0	0	0.16
2700	0.15	0.17	0.17	0	0	0.15
2800	0.14	0.17	0.17	0	0	0.14
2900	0.14	0.17	0.17	0	0	0.14
3000	0.14	0.16	0.16	0	0	0.14
3100	0.14	0.18	0.18	0	0	0.14
3200	0.14	0.19	0.19	0	0	0.14
3300	0.14	0.2	0.2	0	0	0.14
3400	0.15	0.19	0.19	0	0	0.15
3500	0.13	0.19	0.19	0	0	0.13
3600	0.13	0.19	0.19	0	0	0.13
3700	0.15	0.2	0.2	0	0	0.15
3800	0.15	0.2	0.2	0	0	0.15
3900	0.14	0.23	0.23	0	0	0.14
4000	0.14	0.22	0.22	0	0	0.14
4100	0.16	0.22	0.22	0	0	0.16
4200	0.15	0.21	0.21	0	0	0.15
4300	0.15	0.21	0.21	0	0	0.15
4400	0.17	0.21	0.21	0	0	0.17
4500	0.16	0.22	0.22	0	0	0.16
4600	0.18	0.21	0.21	0	0	0.18
4700	0.18	0.22	0.22	0	0	0.18
4800	0.18	0.23	0.23	0	0	0.18
4900	0.16	0.24	0.24	0	0	0.16
5000	0.17	0.24	0.24	0	0	0.17
5100	0.16	0.24	0.24	0	0	0.16
5200	0.17	0.24	0.24	0	0	0.17
5300	0.17	0.25	0.25	0	0	0.17
5400	0.17	0.26	0.26	0	0	0.17
5500	0.18	0.26	0.26	0	0	0.18
5600	0.19	0.27	0.27	0	0	0.19
5700	0.19	0.28	0.28	0	0	0.19
5800	0.19	0.28	0.28	0	0	0.19
5900	0.2	0.28	0.28	0	0	0.2
6000	0.22	0.28	0.28	0	0	0.22
6100	0.21	0.3	0.3	0	0	0.21
6200	0.21	0.3	0.3	0	0	0.21
6300	0.22	0.3	0.3	0	0	0.22
6400	0.21	0.3	0.3	0	0	0.21
6500	0.2	0.31	0.31	0	0	0.2
6600	0.2	0.31	0.31	0	0	0.2
6700	0.21	0.32	0.32	0	0	0.21
6800	0.22	0.32	0.32	0	0	0.22
6900	0.22	0.32	0.32	0	0	0.22
7000	0.22	0.32	0.32	0	0	0.22
7100	0.22	0.32	0.32	0	0	0.22
7200	0.23	0.33	0.33	0	0	0.23
7300	0.24	0.32	0.32	0	0	0.24
7400	0.23	0.31	0.31	0	0	0.23
7500	0.23	0.32	0.32	0	0	0.23
7600	0.23	0.32	0.32	0	0	0.23
7700	0.23	0.31	0.31	0	0	0.23
7800	0.23	0.32	0.32	0	0	0.23
7900	0.23	0.32	0.32	0	0	0.23
8000	0.23	0.33	0.33	0	0	0.23
8100	0.23	0.32	0.32	0	0	0.23
8200	0.23	0.32	0.32	0	0	0.23
8300	0.23	0.32	0.32	0	0	0.23
8400	0.23	0.32	0.32	0	0	0.23
8500	0.24	0.32	0.32	0	0	0.24
8600	0.24	0.32	0.32	0	0	0.24
8700	0.23	0.32	0.32	0	0	0.23
8800	0.23	0.32	0.32	0	0	0.23
8900	0.24	0.33	0.33	0	0	0.24
9000	0.23	0.33	0.33	0	0	0.23
9100	0.24	0.33	0.33	0	0	0.24
9200	0.24	0.33	0.33	0	0	0.24
9300	0.24	0.33	0.33	0	0	0.24
9400	0.24	0.33	0.33	0	0	0.24
9500	0.24	0.34	0.34	0	0	0.24
9600	0.24	0.34	0.34	0	0	0.24
9700	0.24	0.34	0.34	0	0	0.24
9800	0.24	0.34	0.34	0	0	0.24
9900	0.24	0.34	0.34	0	0	0.24
10000	0.24	0.34	0.34	0	0	0.24
10100	0.24	0.35	0.35	0	0	0.24
10200	0.25	0.35	0.35	0	0	0.25
10300	0.26	0.37	0.37	0	0	0.26
10400	0.25	0.38	0.38	0	0	0.25
10500	0.23	0.38	0.38	0	0	0.23
10600	0.23	0.38	0.38	0	0	0.23
10700	0.23	0.38	0.38	0	0	0.23
10800	0.23	0.38	0.38	0	0	0.23
10900	0.24	0.38	0.38	0	0	0.24
11000	0.23	0.38	0.38	0	0	0.23
11100	0.24	0.36	0.36	0	0	0.24
11200	0.24	0.36	0.36	0	0	0.24
11300	0.24	0.36	0.36	0	0	0.24
11400	0.24	0.36	0.36	0	0	0.24
11500	0.24	0.37	0.37	0	0	0.24
11600	0.24	0.36	0.36	0	0	0.24
11700	0.23	0.36	0.36	0	0	0.23
11800	0.23	0.36	0.36	0	0	0.23
11900	0.23	0.36	0.36	0	0	0.23
12000	0.23	0.34	0.34	0	0	0.23
12100	0.23	0.35	0.35	0	0	0.23
12200	0.23	0.35	0.35	0	0	0.23
12300	0.22	0.35	0.35	0	0	0.22
12400	0.22	0.36	0.36	0	0	0.22
12500	0.22	0.35	0.35	0	0	0.22
12600	0.23	0.35	0.35	0	0	0.23
12700	0.22	0.34	0.34	0	0	0.22
12800	0.22	0.34	0.34	0	0	0.22
12900	0.22	0.35	0.35	0	0	0.22
13000	0.23	0.36	0.36	0	0	0.23
13100	0.24	0.35	0.35	0	0	0.24
13200	0.23	0.34	0.34	0	0	0.23
13300	0.23	0.34	0.34	0	0	0.23
13400	0.22	0.34	0.34	0	0	0.22
13500	0.22	0.32	0.32	0	0	0.22
13600	0.22	0.31	0.31	0	0	0.22
13700	0.23	0.31	0.31	0	0	0.23
13800	0.25	0.32	0.32	0	0	0.25
13900	0.24	0.32	0.32	0	0	0.24
14000	0.21	0.32	0.32	0	0	0.21
14100	0.22	0.31	0.31	0	0	0.22
14200	0.21	0.31	0.31	0	0	0.21
14300	0.22	0.3	0.3	0	0	0.22
14400	0.22	0.3	0.3	0	0	0.22
14500	0.22	0.29	0.29	0	0	0.22
14600	0.22	0.29	0.29	0	0	0.22
14700	0.21	0.29	0.29	0	0	0.21
14800	0.21	0.29	0.29	0	0	0.21
14900	0.22	0.29	0.29	0	0	0.22
15000	0.22	0.29	0.29	0	0	0.22
15100	0.22	0.29	0.29	0	0	0.22
15200	0.21	0.29	0.29	0	0	0.21
15300	0.23	0.3	0.3	0	0	0.23
15400	0.23	0.31	0.31	0	0	0.23
15500	0.23	0.31	0.31	0	0	0.23
15600	0.23	0.3	0.3	0	0	0.23
15700	0.23	0.3	0.3	0	0	0.23
15800	0.23	0.31	0.31	0	0	0.23
15900	0.23	0.32	0.32	0	0	0.23
16000	0.23	0.32	0.32	0	0	0.23
16100	0.23	0.33	0.33	0	0	0.23
16200	0.23	0.32	0.32	0	0	0.23
16300	0.22	0.32	0.32	0	0	0.22
16400	0.22	0.32	0.32	0	0	0.22
16500	0.22	0.32	0.32	0	0	0.22
16600	0.22	0.32	0.32	0	0	0.22
16700	0.22	0.34	0.34	0	0	0.22
16800	0.22	0.33	0.33	0	0	0.22
16900	0.22	0.34	0.34	0	0	0.22
17000	0.22	0.36	0.36	0	0	0.22
17100	0.22	0.36	0.36	0	0	0.22
17200	0.21	0.36	0.36	0	0	0.21
17300	0.21	0.35	0.35	0	0	0.21
17400	0.21	0.35	0.35	0	0	0.21
17500	0.21	0.34	0.34	0	0	0.21
17600	0.2	0.33	0.33	0	0	0.2
17700	0.2	0.33	0.33	0	0	0.2
17800	0.21	0.34	0.34	0	0	0.21
17900	0.2	0.34	0.34	0	0	0.2
18000	0.2	0.34	0.34	0	0	0.2
18100	0.2	0.34	0.34	0	0	0.2
18200	0.2	0.34	0.34	0	0	0.2
18300	0.21	0.37	0.37	0	0	0.21
18400	0.21	0.37	0.37	0	0	0.21
18500	0.21	0.38	0.38	0	0	0.21
18600	0.22	0.38	0.38	0	0	0.22
18700	0.21	0.38	0.38	0	0	0.21
18800	0.22	0.38	0.38	0	0	0.22
18900	0.25	0.38	0.38	0	0	0.25
19000	0.25	0.38	0.38	0	0	0.25
19100	0.25	0.37	0.37	0	0	0.25
19200	0.25	0.36	0.36	0	0	0.25
19300	0.25	0.36	0.36	0	0	0.25
19400	0.25	0.36	0.36	0	0	0.25
19500	0.25	0.36	0.36	0	0	0.25
19600	0.26	0.36	0.36	0	0	0.26
19700	0.26	0.36	0.36	0	0	0.26
19800	0.26	0.37	0.37	0	0	0.26
19900	0.25	0.37	0.37	0	0	0.25
20000	0.25	0.37	0.37	0	0	0.25
20100	0.25	0.39	0.39	0	0	0.25
20200	0.24	0.39	0.39	0	0	0.24
20300	0.24	0.39	0.39	0	0	0.24
20400	0.24	0.39	0.39	0	0	0.24
20500	0.24	0.38	0.38	0	0	0.24
20600	0.24	0.38	0.38	0	0	0.24
20700	0.24	0.38	0.38	0	0	0.24
20800	0.24	0.39	0.39	0	0	0.24
20900	0.25	0.38	0.38	0	0	0.25
21000	0.25	0.37	0.37	0	0	0.25
21100	0.25	0.38	0.38	0	0	0.25
21200	0.25	0.39	0.39	0	0	0.25
21300	0.25	0.4	0.4	0	0	0.25
21400	0.25	0.4	0.4	0	0	0.25
21500	0.25	0.4	0.4	0	0	0.25
21600	0.25	0.4	0.4	0	0	0.25
21700	0.25	0.42	0.42	0	0	0.25
21800	0.26	0.42	0.42	0	0	0.26
21900	0.26	0.41	0.41	0	0	0.26
22000	0.27	0.4	0.4	0	0	0.27
22100	0.27	0.42	0.42	0	0	0.27
22200	0.26	0.42	0.42	0	0	0.26
22300	0.27	0.4	0.4	0	0	0.27
22400	0.27	0.4	0.4	0	0	0.27
22500	0.27	0.39	0.39	0	0	0.27
22600	0.27	0.39	0.39	0	0	0.27
22700	0.27	0.4	0.4	0	0	0.27
22800	0.27	0.4	0.4	0	0	0.27
22900	0.27	0.41	0.41	0	0	0.27
23000	0.28	0.41	0.41	0	0	0.28
23100	0.28	0.41	0.41	0	0	0.28
23200	0.28	0.41	0.41	0	0	0.28
23300	0.28	0.41	0.41	0	0	0.28
23400	0.28	0.41	0.41	0	0	0.28
23500	0.29	0.41	0.41	0	0	0.29
23600	0.29	0.41	0.41	0	0	0.29
23700	0.29	0.41	0.41	0	0	0.29
23800	0.28	0.41	0.41	0	0	0.28
23900	0.28	0.41	0.41	0	0	0.28
24000	0.26	0.4	0.4	0	0	0.26
24100	0.25	0.4	0.4	0	0	0.25
24200	0.25	0.4	0.4	0	0	0.25
24300	0.26	0.41	0.41	0	0	0.26
24400	0.26	0.41	0.41	0	0	0.26
24500	0.26	0.41	0.41	0	0	0.26
24600	0.27	0.41	0.41	0	0	0.27
24700	0.27	0.4	0.4	0	0	0.27
24800	0.27	0.4	0.4	0	0	0.27
24900	0.27	0.4	0.4	0	0	0.27
25000	0.27	0.4	0.4	0	0	0.27
25100	0.27	0.4	0.4	0	0	0.27
25200	0.27	0.4	0.4	0	0	0.27
25300	0.28	0.4	0.4	0	0	0.28
25400	0.29	0.4	0.4	0	0	0.29
25500	0.28	0.4	0.4	0	0	0.28
25600	0.28	0.4	0.4	0	0	0.28
25700	0.28	0.4	0.4	0	0	0.28
25800	0.28	0.4	0.4	0	0	0.28
25900	0.28	0.4	0.4	0	0	0.28
26000	0.28	0.4	0.4	0	0	0.28
26100	0.28	0.4	0.4	0	0	0.28
26200	0.28	0.4	0.4	0	0	0.28
26300	0.28	0.39	0.39	0	0	0.28
26400	0.29	0.39	0.39	0	0	0.29
26500	0.29	0.39	0.39	0	0	0.29
26600	0.29	0.39	0.39	0	0	0.29
26700	0.3	0.39	0.39	0	0	0.3
26800	0.31	0.4	0.4	0	0	0.31
26900	0.32	0.4	0.4	0	0	0.32
27000	0.32	0.4	0.4	0	0	0.32
27100	0.32	0.4	0.4	0	0	0.32
27200	0.32	0.41	0.41	0	0	0.32
27300	0.32	0.41	0.41	0	0	0.32
27400	0.31	0.4	0.4	0	0	0.31
27500	0.31	0.4	0.4	0	0	0.31
27600	0.31	0.4	0.4	0	0	0.31
27700	0.31	0.4	0.4	0	0	0.31
27800	0.31	0.39	0.39	0	0	0.31
27900	0.31	0.39	0.39	0	0	0.31
28000	0.31	0.39	0.39	0	0	0.31
28100	0.31	0.39	0.39	0	0	0.31
28200	0.31	0.41	0.41	0	0	0.31
28300	0.31	0.42	0.42	0	0	0.31
28400	0.32	0.41	0.41	0	0	0.32
28500	0.32	0.4	0.4	0	0	0.32
28600	0.32	0.39	0.39	0	0	0.32
28700	0.32	0.39	0.39	0	0	0.32
28800	0.32	0.39	0.39	0	0	0.32
28900	0.32	0.39	0.39	0	0	0.32
29000	0.32	0.39	0.39	0	0	0.32
29100	0.33	0.39	0.39	0	0	0.33
29200	0.32	0.39	0.39	0	0	0.32
29300	0.32	0.4	0.4	0	0	0.32
29400	0.32	0.4	0.4	0	0	0.32
29500	0.32	0.4	0.4	0	0	0.32
29600	0.34	0.4	0.4	0	0	0.34
29700	0.33	0.4	0.4	0	0	0.33
29800	0.34	0.4	0.4	0	0	0.34
29900	0.34	0.39	0.39	0	0	0.34
30000	0.34	0.4	0.4	0	0	0.34
30100	0.33	0.4	0.4	0	0	0.33
30200	0.33	0.4	0.4	0	0	0.33
30300	0.33	0.4	0.4	0	0	0.33
30400	0.33	0.43	0.43	0	0	0.33
30500	0.34	0.43	0.43	0	0	0.34
30600	0.34	0.43	0.43	0	0	0.34
30700	0.33	0.43	0.43	0	0	0.33
30800	0.33	0.42	0.42	0	0	0.33
30900	0.34	0.42	0.42	0	0	0.34
31000	0.34	0.42	0.42	0	0	0.34
31100	0.34	0.42	0.42	0	0	0.34
31200	0.34	0.42	0.42	0	0	0.34
31300	0.34	0.43	0.43	0	0	0.34
31400	0.35	0.45	0.45	0	0	0.35
31500	0.36	0.44	0.44	0	0	0.36
31600	0.35	0.44	0.44	0	0	0.35
31700	0.35	0.44	0.44	0	0	0.35
31800	0.33	0.44	0.44	0	0	0.33
31900	0.33	0.44	0.44	0	0	0.33
32000	0.32	0.44	0.44	0	0	0.32
32100	0.32	0.44	0.44	0	0	0.32
32200	0.31	0.44	0.44	0	0	0.31
32300	0.31	0.44	0.44	0	0	0.31
32400	0.3	0.44	0.44	0	0	0.3
32500	0.3	0.44	0.44	0	0	0.3
32600	0.29	0.44	0.44	0	0	0.29
32700	0.28	0.44	0.44	0	0	0.28
32800	0.27	0.44	0.44	0	0	0.27
32900	0.27	0.44	0.44	0	0	0.27
33000	0.27	0.44	0.44	0	0	0.27
33100	0.27	0.44	0.44	0	0	0.27
33200	0.27	0.44	0.44	0	0	0.27
33300	0.27	0.44	0.44	0	0	0.27
33400	0.27	0.44	0.44	0	0	0.27
33500	0.27	0.44	0.44	0	0	0.27
33600	0.28	0.44	0.44	0	0	0.28
33700	0.28	0.44	0.44	0	0	0.28
33800	0.27	0.44	0.44	0	0	0.27
33900	0.27	0.44	0.44	0	0	0.27
34000	0.27	0.44	0.44	0	0	0.27
34100	0.26	0.44	0.44	0	0	0.26
34200	0.26	0.44	0.44	0	0	0.26
34300	0.26	0.44	0.44	0	0	0.26
34400	0.26	0.44	0.44	0	0	0.26
34500	0.26	0.44	0.44	0	0	0.26
34600	0.27	0.45	0.45	0	0	0.27
34700	0.27	0.45	0.45	0	0	0.27
34800	0.28	0.45	0.45	0	0	0.28
34900	0.29	0.46	0.46	0	0	0.29
35000	0.3	0.46	0.46	0	0	0.3
35100	0.3	0.46	0.46	0	0	0.3
35200	0.3	0.46	0.46	0	0	0.3
35300	0.3	0.46	0.46	0	0	0.3
35400	0.3	0.46	0.46	0	0	0.3
35500	0.3	0.46	0.46	0	0	0.3
35600	0.3	0.46	0.46	0	0	0.3
35700	0.3	0.46	0.46	0	0	0.3
35800	0.3	0.46	0.46	0	0	0.3
35900	0.3	0.46	0.46	0	0	0.3
36000	0.3	0.47	0.47	0	0	0.3
36100	0.3	0.47	0.47	0	0	0.3
36200	0.31	0.47	0.47	0	0	0.31
36300	0.31	0.46	0.46	0	0	0.31
36400	0.31	0.47	0.47	0	0	0.31
36500	0.31	0.47	0.47	0	0	0.31
36600	0.31	0.47	0.47	0	0	0.31
36700	0.31	0.48	0.48	0	0	0.31
36800	0.31	0.47	0.47	0	0	0.31
36900	0.31	0.45	0.45	0	0	0.31
37000	0.31	0.45	0.45	0	0	0.31
37100	0.31	0.45	0.45	0	0	0.31
37200	0.33	0.46	0.46	0	0	0.33
37300	0.33	0.46	0.46	0	0	0.33
37400	0.34	0.46	0.46	0	0	0.34
37500	0.32	0.46	0.46	0	0	0.32
37600	0.32	0.47	0.47	0	0	0.32
37700	0.32	0.48	0.48	0	0	0.32
37800	0.33	0.48	0.48	0	0	0.33
37900	0.33	0.48	0.48	0	0	0.33
38000	0.32	0.47	0.47	0	0	0.32
38100	0.31	0.47	0.47	0	0	0.31
38200	0.31	0.47	0.47	0	0	0.31
38300	0.31	0.47	0.47	0	0	0.31
38400	0.31	0.47	0.47	0	0	0.31
38500	0.31	0.47	0.47	0	0	0.31
38600	0.31	0.47	0.47	0	0	0.31
38700	0.31	0.48	0.48	0	0	0.31
38800	0.31	0.48	0.48	0	0	0.31
38900	0.31	0.48	0.48	0	0	0.31
39000	0.31	0.48	0.48	0	0	0.31
39100	0.31	0.46	0.46	0	0	0.31
39200	0.31	0.46	0.46	0	0	0.31
39300	0.32	0.46	0.46	0	0	0.32
39400	0.32	0.46	0.46	0	0	0.32
39500	0.32	0.46	0.46	0	0	0.32
39600	0.32	0.45	0.45	0	0	0.32
39700	0.32	0.45	0.45	0	0	0.32
39800	0.32	0.45	0.45	0	0	0.32
39900	0.32	0.45	0.45	0	0	0.32
40000	0.32	0.44	0.44	0	0	0.32
40100	0.32	0.44	0.44	0	0	0.32
40200	0.33	0.44	0.44	0	0	0.33
40300	0.33	0.44	0.44	0	0	0.33
40400	0.33	0.44	0.44	0	0	0.33
40500	0.33	0.44	0.44	0	0	0.33
40600	0.33	0.45	0.45	0	0	0.33
40700	0.33	0.45	0.45	0	0	0.33
40800	0.33	0.44	0.44	0	0	0.33
40900	0.34	0.44	0.44	0	0	0.34
41000	0.34	0.44	0.44	0	0	0.34
41100	0.34	0.44	0.44	0	0	0.34
41200	0.34	0.44	0.44	0	0	0.34
41300	0.34	0.44	0.44	0	0	0.34
41400	0.34	0.44	0.44	0	0	0.34
41500	0.35	0.44	0.44	0	0	0.35
41600	0.33	0.44	0.44	0	0	0.33
41700	0.33	0.44	0.44	0	0	0.33
41800	0.33	0.44	0.44	0	0	0.33
41900	0.34	0.45	0.45	0	0	0.34
42000	0.35	0.45	0.45	0	0	0.35
42100	0.35	0.45	0.45	0	0	0.35
42200	0.35	0.45	0.45	0	0	0.35
42300	0.35	0.45	0.45	0	0	0.35
42400	0.35	0.45	0.45	0	0	0.35
42500	0.35	0.45	0.45	0	0	0.35
42600	0.35	0.45	0.45	0	0	0.35
42700	0.35	0.44	0.44	0	0	0.35
42800	0.34	0.43	0.43	0	0	0.34
42900	0.34	0.43	0.43	0	0	0.34
43000	0.34	0.43	0.43	0	0	0.34
43100	0.34	0.44	0.44	0	0	0.34
43200	0.34	0.43	0.43	0	0	0.34
43300	0.34	0.43	0.43	0	0	0.34
43400	0.34	0.43	0.43	0	0	0.34
43500	0.33	0.43	0.43	0	0	0.33
43600	0.33	0.43	0.43	0	0	0.33
43700	0.33	0.43	0.43	0	0	0.33
43800	0.33	0.43	0.43	0	0	0.33
43900	0.33	0.43	0.43	0	0	0.33
44000	0.33	0.43	0.43	0	0	0.33
44100	0.33	0.43	0.43	0	0	0.33
44200	0.33	0.43	0.43	0	0	0.33
44300	0.33	0.43	0.43	0	0	0.33
44400	0.33	0.43	0.43	0	0	0.33
44500	0.33	0.43	0.43	0	0	0.33
44600	0.33	0.43	0.43	0	0	0.33
44700	0.33	0.43	0.43	0	0	0.33
44800	0.33	0.43	0.43	0	0	0.33
44900	0.34	0.43	0.43	0	0	0.34
45000	0.34	0.43	0.43	0	0	0.34
45100	0.34	0.43	0.43	0	0	0.34
45200	0.34	0.44	0.44	0	0	0.34
45300	0.34	0.44	0.44	0	0	0.34
45400	0.34	0.43	0.43	0	0	0.34
45500	0.34	0.43	0.43	0	0	0.34
45600	0.34	0.43	0.43	0	0	0.34
45700	0.34	0.43	0.43	0	0	0.34
45800	0.34	0.44	0.44	0	0	0.34
45900	0.34	0.44	0.44	0	0	0.34
46000	0.35	0.44	0.44	0	0	0.35
46100	0.35	0.45	0.45	0	0	0.35
46200	0.35	0.44	0.44	0	0	0.35
46300	0.35	0.44	0.44	0	0	0.35
46400	0.36	0.44	0.44	0	0	0.36
46500	0.36	0.44	0.44	0	0	0.36
46600	0.35	0.44	0.44	0	0	0.35
46700	0.36	0.43	0.43	0	0	0.36
46800	0.36	0.43	0.43	0	0	0.36
46900	0.36	0.43	0.43	0	0	0.36
47000	0.36	0.44	0.44	0	0	0.36
47100	0.36	0.46	0.46	0	0	0.36
47200	0.36	0.46	0.46	0	0	0.36
47300	0.37	0.45	0.45	0	0	0.37
47400	0.39	0.45	0.45	0	0	0.39
47500	0.39	0.45	0.45	0	0	0.39
47600	0.39	0.45	0.45	0	0	0.39
47700	0.39	0.45	0.45	0	0	0.39
47800	0.39	0.45	0.45	0	0	0.39
47900	0.39	0.45	0.45	0	0	0.39
48000	0.39	0.45	0.45	0	0	0.39
48100	0.39	0.46	0.46	0	0	0.39
48200	0.39	0.46	0.46	0	0	0.39
48300	0.39	0.46	0.46	0	0	0.39
48400	0.38	0.46	0.46	0	0	0.38
48500	0.38	0.46	0.46	0	0	0.38
48600	0.38	0.46	0.46	0	0	0.38
48700	0.38	0.46	0.46	0	0	0.38
48800	0.38	0.46	0.46	0	0	0.38
48900	0.38	0.46	0.46	0	0	0.38
49000	0.38	0.46	0.46	0	0	0.38
49100	0.38	0.46	0.46	0	0	0.38
49200	0.38	0.46	0.46	0	0	0.38
49300	0.38	0.46	0.46	0	0	0.38
49400	0.38	0.46	0.46	0	0	0.38
49500	0.38	0.46	0.46	0	0	0.38
49600	0.38	0.46	0.46	0	0	0.38
49700	0.37	0.46	0.46	0	0	0.37
49800	0.37	0.47	0.47	0	0	0.37
49900	0.37	0.46	0.46	0	0	0.37
50000	0.37	0.46	0.46	0	0	0.37
50100	0.37	0.46	0.46	0	0	0.37
50200	0.38	0.46	0.46	0	0	0.38
50300	0.37	0.46	0.46	0	0	0.37
50400	0.38	0.46	0.46	0	0	0.38
50500	0.38	0.46	0.46	0	0	0.38
50600	0.38	0.46	0.46	0	0	0.38
50700	0.38	0.46	0.46	0	0	0.38
50800	0.38	0.47	0.47	0	0	0.38
50900	0.38	0.47	0.47	0	0	0.38
51000	0.38	0.47	0.47	0	0	0.38
51100	0.38	0.47	0.47	0	0	0.38
51200	0.38	0.47	0.47	0	0	0.38
51300	0.38	0.47	0.47	0	0	0.38
51400	0.38	0.47	0.47	0	0	0.38
51500	0.38	0.47	0.47	0	0	0.38
51600	0.39	0.47	0.47	0	0	0.39
51700	0.4	0.47	0.47	0	0	0.4
51800	0.4	0.47	0.47	0	0	0.4
51900	0.4	0.47	0.47	0	0	0.4
52000	0.4	0.47	0.47	0	0	0.4
52100	0.4	0.47	0.47	0	0	0.4
52200	0.4	0.47	0.47	0	0	0.4
52300	0.4	0.47	0.47	0	0	0.4
52400	0.4	0.47	0.47	0	0	0.4
52500	0.41	0.47	0.47	0	0	0.41
52600	0.41	0.48	0.48	0	0	0.41
52700	0.41	0.47	0.47	0	0	0.41
52800	0.41	0.47	0.47	0	0	0.41
52900	0.41	0.47	0.47	0	0	0.41
53000	0.4	0.47	0.47	0	0	0.4
53100	0.4	0.47	0.47	0	0	0.4
53200	0.4	0.47	0.47	0	0	0.4
53300	0.4	0.47	0.47	0	0	0.4
53400	0.4	0.46	0.46	0	0	0.4
53500	0.4	0.47	0.47	0	0	0.4
53600	0.4	0.47	0.47	0	0	0.4
53700	0.4	0.47	0.47	0	0	0.4
53800	0.4	0.47	0.47	0	0	0.4
53900	0.4	0.47	0.47	0	0	0.4
54000	0.42	0.47	0.47	0	0	0.42
54100	0.42	0.47	0.47	0	0	0.42
54200	0.42	0.47	0.47	0	0	0.42
54300	0.41	0.47	0.47	0	0	0.41
54400	0.41	0.47	0.47	0	0	0.41
54500	0.41	0.47	0.47	0	0	0.41
54600	0.41	0.47	0.47	0	0	0.41
54700	0.4	0.47	0.47	0	0	0.4
54800	0.4	0.47	0.47	0	0	0.4
54900	0.4	0.47	0.47	0	0	0.4
55000	0.4	0.47	0.47	0	0	0.4
55100	0.4	0.46	0.46	0	0	0.4
55200	0.4	0.46	0.46	0	0	0.4
55300	0.4	0.46	0.46	0	0	0.4
55400	0.4	0.46	0.46	0	0	0.4
55500	0.4	0.46	0.46	0	0	0.4
55600	0.4	0.46	0.46	0	0	0.4
55700	0.4	0.46	0.46	0	0	0.4
55800	0.4	0.46	0.46	0	0	0.4
55900	0.4	0.47	0.47	0	0	0.4
56000	0.4	0.46	0.46	0	0	0.4
56100	0.4	0.46	0.46	0	0	0.4
56200	0.4	0.46	0.46	0	0	0.4
56300	0.4	0.46	0.46	0	0	0.4
56400	0.4	0.46	0.46	0	0	0.4
56500	0.4	0.46	0.46	0	0	0.4
56600	0.4	0.46	0.46	0	0	0.4
56700	0.41	0.46	0.46	0	0	0.41
56800	0.41	0.46	0.46	0	0	0.41
56900	0.4	0.46	0.46	0	0	0.4
57000	0.4	0.46	0.46	0	0	0.4
57100	0.4	0.46	0.46	0	0	0.4
57200	0.4	0.46	0.46	0	0	0.4
57300	0.4	0.46	0.46	0	0	0.4
57400	0.4	0.46	0.46	0	0	0.4
57500	0.4	0.46	0.46	0	0	0.4
57600	0.4	0.46	0.46	0	0	0.4
57700	0.4	0.46	0.46	0	0	0.4
57800	0.4	0.46	0.46	0	0	0.4
57900	0.4	0.46	0.46	0	0	0.4
58000	0.4	0.47	0.47	0	0	0.4
58100	0.4	0.47	0.47	0	0	0.4
58200	0.4	0.47	0.47	0	0	0.4
58300	0.4	0.47	0.47	0	0	0.4
58400	0.4	0.47	0.47	0	0	0.4
58500	0.4	0.47	0.47	0	0	0.4
58600	0.4	0.47	0.47	0	0	0.4
58700	0.4	0.47	0.47	0	0	0.4
58800	0.4	0.47	0.47	0	0	0.4
58900	0.4	0.47	0.47	0	0	0.4
59000	0.4	0.47	0.47	0	0	0.4
59100	0.4	0.47	0.47	0	0	0.4
59200	0.4	0.47	0.47	0	0	0.4
59300	0.41	0.47	0.47	0	0	0.41
59400	0.4	0.46	0.46	0	0	0.4
59500	0.4	0.46	0.46	0	0	0.4
59600	0.4	0.47	0.47	0	0	0.4
59700	0.4	0.47	0.47	0	0	0.4
59800	0.4	0.47	0.47	0	0	0.4
59900	0.4	0.47	0.47	0	0	0.4
60000	0.4	0.47	0.47	0	0	0.4
60100	0.4	0.47	0.47	0	0	0.4
60200	0.4	0.47	0.47	0	0	0.4
60300	0.4	0.47	0.47	0	0	0.4
60400	0.4	0.48	0.48	0	0	0.4
60500	0.4	0.48	0.48	0	0	0.4
60600	0.4	0.48	0.48	0	0	0.4
60700	0.4	0.48	0.48	0	0	0.4
60800	0.4	0.48	0.48	0	0	0.4
60900	0.4	0.48	0.48	0	0	0.4
61000	0.4	0.48	0.48	0	0	0.4
61100	0.4	0.48	0.48	0	0	0.4
61200	0.41	0.48	0.48	0	0	0.41
61300	0.4	0.48	0.48	0	0	0.4
61400	0.4	0.48	0.48	0	0	0.4
61500	0.39	0.48	0.48	0	0	0.39
61600	0.4	0.48	0.48	0	0	0.4
61700	0.4	0.48	0.48	0	0	0.4
61800	0.4	0.48	0.48	0	0	0.4
61900	0.4	0.48	0.48	0	0	0.4
62000	0.4	0.48	0.48	0	0	0.4
62100	0.4	0.48	0.48	0	0	0.4
62200	0.4	0.48	0.48	0	0	0.4
62300	0.4	0.48	0.48	0	0	0.4
62400	0.4	0.48	0.48	0	0	0.4
62500	0.4	0.48	0.48	0	0	0.4
62600	0.39	0.48	0.48	0	0	0.39
62700	0.39	0.48	0.48	0	0	0.39
62800	0.39	0.48	0.48	0	0	0.39
62900	0.4	0.48	0.48	0	0	0.4
63000	0.4	0.48	0.48	0	0	0.4
63100	0.39	0.48	0.48	0	0	0.39
63200	0.39	0.48	0.48	0	0	0.39
63300	0.39	0.48	0.48	0	0	0.39
63400	0.39	0.48	0.48	0	0	0.39
63500	0.39	0.47	0.47	0	0	0.39
63600	0.39	0.47	0.47	0	0	0.39
63700	0.39	0.47	0.47	0	0	0.39
63800	0.39	0.47	0.47	0	0	0.39
63900	0.39	0.47	0.47	0	0	0.39
64000	0.39	0.47	0.47	0	0	0.39
64100	0.39	0.47	0.47	0	0	0.39
64200	0.39	0.47	0.47	0	0	0.39
64300	0.4	0.47	0.47	0	0	0.4
64400	0.39	0.47	0.47	0	0	0.39
64500	0.39	0.47	0.47	0	0	0.39
64600	0.39	0.47	0.47	0	0	0.39
64700	0.39	0.47	0.47	0	0	0.39
64800	0.39	0.47	0.47	0	0	0.39
64900	0.39	0.47	0.47	0	0	0.39
65000	0.4	0.47	0.47	0	0	0.4
65100	0.39	0.47	0.47	0	0	0.39
65200	0.39	0.47	0.47	0	0	0.39
65300	0.39	0.47	0.47	0	0	0.39
65400	0.39	0.47	0.47	0	0	0.39
65500	0.39	0.47	0.47	0	0	0.39
65600	0.39	0.47	0.47	0	0	0.39
65700	0.39	0.47	0.47	0	0	0.39
65800	0.39	0.48	0.48	0	0	0.39
65900	0.39	0.48	0.48	0	0	0.39
66000	0.39	0.48	0.48	0	0	0.39
66100	0.39	0.48	0.48	0	0	0.39
66200	0.39	0.49	0.49	0	0	0.39
66300	0.39	0.49	0.49	0	0	0.39
66400	0.39	0.49	0.49	0	0	0.39
66500	0.39	0.49	0.49	0	0	0.39
66600	0.39	0.49	0.49	0	0	0.39
66700	0.39	0.49	0.49	0	0	0.39
66800	0.39	0.49	0.49	0	0	0.39
66900	0.39	0.49	0.49	0	0	0.39
67000	0.39	0.49	0.49	0	0	0.39
67100	0.39	0.49	0.49	0	0	0.39
67200	0.4	0.5	0.5	0	0	0.4
67300	0.4	0.5	0.5	0	0	0.4
67400	0.4	0.5	0.5	0	0	0.4
67500	0.4	0.5	0.5	0	0	0.4
67600	0.4	0.5	0.5	0	0	0.4
67700	0.4	0.5	0.5	0	0	0.4
67800	0.4	0.5	0.5	0	0	0.4
67900	0.4	0.5	0.5	0	0	0.4
68000	0.4	0.5	0.5	0	0	0.4
68100	0.4	0.5	0.5	0	0	0.4
68200	0.4	0.5	0.5	0	0	0.4
68300	0.4	0.5	0.5	0	0	0.4
68400	0.41	0.5	0.5	0	0	0.41
68500	0.41	0.5	0.5	0	0	0.41
68600	0.41	0.5	0.5	0	0	0.41
68700	0.41	0.51	0.51	0	0	0.41
68800	0.41	0.5	0.5	0	0	0.41
68900	0.41	0.5	0.5	0	0	0.41
69000	0.41	0.5	0.5	0	0	0.41
69100	0.42	0.5	0.5	0	0	0.42
69200	0.42	0.5	0.5	0	0	0.42
69300	0.42	0.5	0.5	0	0	0.42
69400	0.41	0.5	0.5	0	0	0.41
69500	0.42	0.5	0.5	0	0	0.42
69600	0.42	0.5	0.5	0	0	0.42
69700	0.42	0.5	0.5	0	0	0.42
69800	0.42	0.5	0.5	0	0	0.42
69900	0.42	0.5	0.5	0	0	0.42
70000	0.42	0.5	0.5	0	0	0.42
70100	0.42	0.5	0.5	0	0	0.42
70200	0.42	0.5	0.5	0	0	0.42
70300	0.42	0.5	0.5	0	0	0.42
70400	0.42	0.5	0.5	0	0	0.42
70500	0.42	0.5	0.5	0	0	0.42
70600	0.42	0.5	0.5	0	0	0.42
70700	0.42	0.5	0.5	0	0	0.42
70800	0.42	0.5	0.5	0	0	0.42
70900	0.42	0.5	0.5	0	0	0.42
71000	0.42	0.5	0.5	0	0	0.42
71100	0.42	0.5	0.5	0	0	0.42
71200	0.42	0.5	0.5	0	0	0.42
71300	0.42	0.5	0.5	0	0	0.42
71400	0.42	0.5	0.5	0	0	0.42
71500	0.42	0.5	0.5	0	0	0.42
71600	0.43	0.5	0.5	0	0	0.43
71700	0.43	0.5	0.5	0	0	0.43
71800	0.43	0.5	0.5	0	0	0.43
71900	0.42	0.5	0.5	0	0	0.42
72000	0.42	0.5	0.5	0	0	0.42
72100	0.42	0.5	0.5	0	0	0.42
72200	0.41	0.5	0.5	0	0	0.41
72300	0.41	0.5	0.5	0	0	0.41
72400	0.41	0.5	0.5	0	0	0.41
72500	0.41	0.5	0.5	0	0	0.41
72600	0.41	0.5	0.5	0	0	0.41
72700	0.41	0.5	0.5	0	0	0.41
72800	0.41	0.5	0.5	0	0	0.41
72900	0.41	0.5	0.5	0	0	0.41
73000	0.41	0.5	0.5	0	0	0.41
73100	0.41	0.5	0.5	0	0	0.41
73200	0.41	0.5	0.5	0	0	0.41
73300	0.41	0.5	0.5	0	0	0.41
73400	0.41	0.49	0.49	0	0	0.41
73500	0.41	0.49	0.49	0	0	0.41
73600	0.41	0.49	0.49	0	0	0.41
73700	0.41	0.49	0.49	0	0	0.41
73800	0.41	0.49	0.49	0	0	0.41
73900	0.41	0.48	0.48	0	0	0.41
74000	0.41	0.48	0.48	0	0	0.41
74100	0.42	0.48	0.48	0	0	0.42
74200	0.42	0.48	0.48	0	0	0.42
74300	0.42	0.48	0.48	0	0	0.42
74400	0.42	0.48	0.48	0	0	0.42
74500	0.42	0.48	0.48	0	0	0.42
74600	0.42	0.48	0.48	0	0	0.42
74700	0.42	0.48	0.48	0	0	0.42
74800	0.42	0.48	0.48	0	0	0.42
74900	0.42	0.49	0.49	0	0	0.42
75000	0.42	0.49	0.49	0	0	0.42
75100	0.42	0.49	0.49	0	0	0.42
75200	0.42	0.49	0.49	0	0	0.42
75300	0.42	0.49	0.49	0	0	0.42
75400	0.42	0.48	0.48	0	0	0.42
75500	0.42	0.48	0.48	0	0	0.42
75600	0.42	0.48	0.48	0	0	0.42
75700	0.42	0.48	0.48	0	0	0.42
75800	0.42	0.48	0.48	0	0	0.42
75900	0.42	0.48	0.48	0	0	0.42
76000	0.42	0.48	0.48	0	0	0.42
76100	0.42	0.48	0.48	0	0	0.42
76200	0.42	0.47	0.47	0	0	0.42
76300	0.42	0.47	0.47	0	0	0.42
76400	0.42	0.47	0.47	0	0	0.42
76500	0.42	0.47	0.47	0	0	0.42
76600	0.42	0.47	0.47	0	0	0.42
76700	0.42	0.48	0.48	0	0	0.42
76800	0.42	0.47	0.47	0	0	0.42
76900	0.42	0.47	0.47	0	0	0.42
77000	0.43	0.47	0.47	0	0	0.43
77100	0.43	0.47	0.47	0	0	0.43
77200	0.43	0.47	0.47	0	0	0.43
77300	0.43	0.46	0.46	0	0	0.43
77400	0.43	0.47	0.47	0	0	0.43
77500	0.43	0.47	0.47	0	0	0.43
77600	0.43	0.47	0.47	0	0	0.43
77700	0.43	0.47	0.47	0	0	0.43
77800	0.43	0.47	0.47	0	0	0.43
77900	0.43	0.47	0.47	0	0	0.43
78000	0.43	0.46	0.46	0	0	0.43
78100	0.43	0.46	0.46	0	0	0.43
78200	0.43	0.46	0.46	0	0	0.43
78300	0.43	0.46	0.46	0	0	0.43
78400	0.43	0.47	0.47	0	0	0.43
78500	0.43	0.47	0.47	0	0	0.43
78600	0.43	0.47	0.47	0	0	0.43
78700	0.43	0.47	0.47	0	0	0.43
78800	0.43	0.47	0.47	0	0	0.43
78900	0.43	0.47	0.47	0	0	0.43
79000	0.43	0.46	0.46	0	0	0.43
79100	0.43	0.46	0.46	0	0	0.43
79200	0.43	0.46	0.46	0	0	0.43
79300	0.43	0.46	0.46	0	0	0.43
79400	0.43	0.46	0.46	0	0	0.43
79500	0.43	0.46	0.46	0	0	0.43
79600	0.43	0.46	0.46	0	0	0.43
79700	0.43	0.46	0.46	0	0	0.43
79800	0.43	0.46	0.46	0	0	0.43
79900	0.43	0.46	0.46	0	0	0.43
80000	0.43	0.46	0.46	0	0	0.43
80100	0.43	0.46	0.46	0	0	0.43
80200	0.42	0.47	0.47	0	0	0.42
80300	0.42	0.47	0.47	0	0	0.42
80400	0.42	0.47	0.47	0	0	0.42
80500	0.42	0.47	0.47	0	0	0.42
80600	0.42	0.47	0.47	0	0	0.42
80700	0.42	0.47	0.47	0	0	0.42
80800	0.42	0.47	0.47	0	0	0.42
80900	0.42	0.47	0.47	0	0	0.42
81000	0.42	0.47	0.47	0	0	0.42
81100	0.42	0.48	0.48	0	0	0.42
81200	0.42	0.48	0.48	0	0	0.42
81300	0.42	0.48	0.48	0	0	0.42
81400	0.41	0.48	0.48	0	0	0.41
81500	0.41	0.48	0.48	0	0	0.41
81600	0.41	0.48	0.48	0	0	0.41
81700	0.41	0.48	0.48	0	0	0.41
81800	0.41	0.48	0.48	0	0	0.41
81900	0.41	0.48	0.48	0	0	0.41
82000	0.41	0.48	0.48	0	0	0.41
82100	0.41	0.48	0.48	0	0	0.41
82200	0.41	0.48	0.48	0	0	0.41
82300	0.41	0.48	0.48	0	0	0.41
82400	0.41	0.48	0.48	0	0	0.41
82500	0.41	0.48	0.48	0	0	0.41
82600	0.41	0.48	0.48	0	0	0.41
82700	0.41	0.48	0.48	0	0	0.41
82800	0.41	0.48	0.48	0	0	0.41
82900	0.41	0.48	0.48	0	0	0.41
83000	0.41	0.48	0.48	0	0	0.41
83100	0.41	0.48	0.48	0	0	0.41
83200	0.41	0.48	0.48	0	0	0.41
83300	0.41	0.48	0.48	0	0	0.41
83400	0.41	0.48	0.48	0	0	0.41
83500	0.41	0.48	0.48	0	0	0.41
83600	0.41	0.48	0.48	0	0	0.41
83700	0.41	0.48	0.48	0	0	0.41
83800	0.41	0.48	0.48	0	0	0.41
83900	0.41	0.48	0.48	0	0	0.41
84000	0.41	0.48	0.48	0	0	0.41
84100	0.41	0.48	0.48	0	0	0.41
84200	0.41	0.48	0.48	0	0	0.41
84300	0.41	0.48	0.48	0	0	0.41
84400	0.41	0.48	0.48	0	0	0.41
84500	0.41	0.48	0.48	0	0	0.41
84600	0.41	0.48	0.48	0	0	0.41
84700	0.41	0.48	0.48	0	0	0.41
84800	0.41	0.49	0.49	0	0	0.41
84900	0.42	0.49	0.49	0	0	0.42
85000	0.42	0.49	0.49	0	0	0.42
85100	0.43	0.49	0.49	0	0	0.43
85200	0.42	0.48	0.48	0	0	0.42
85300	0.42	0.48	0.48	0	0	0.42
85400	0.42	0.48	0.48	0	0	0.42
85500	0.42	0.48	0.48	0	0	0.42
85600	0.42	0.48	0.48	0	0	0.42
85700	0.42	0.49	0.49	0	0	0.42
85800	0.42	0.49	0.49	0	0	0.42
85900	0.42	0.49	0.49	0	0	0.42
86000	0.42	0.49	0.49	0	0	0.42
86100	0.42	0.49	0.49	0	0	0.42
86200	0.42	0.49	0.49	0	0	0.42
86300	0.42	0.5	0.5	0	0	0.42
86400	0.42	0.5	0.5	0	0	0.42
86500	0.42	0.5	0.5	0	0	0.42
86600	0.42	0.5	0.5	0	0	0.42
86700	0.42	0.5	0.5	0	0	0.42
86800	0.42	0.5	0.5	0	0	0.42
86900	0.42	0.5	0.5	0	0	0.42
87000	0.42	0.5	0.5	0	0	0.42
87100	0.42	0.5	0.5	0	0	0.42
87200	0.42	0.5	0.5	0	0	0.42
87300	0.42	0.5	0.5	0	0	0.42
87400	0.42	0.5	0.5	0	0	0.42
87500	0.42	0.5	0.5	0	0	0.42
87600	0.42	0.5	0.5	0	0	0.42
87700	0.42	0.5	0.5	0	0	0.42
87800	0.42	0.5	0.5	0	0	0.42
87900	0.42	0.5	0.5	0	0	0.42
88000	0.42	0.5	0.5	0	0	0.42
88100	0.42	0.5	0.5	0	0	0.42
88200	0.42	0.5	0.5	0	0	0.42
88300	0.42	0.5	0.5	0	0	0.42
88400	0.43	0.5	0.5	0	0	0.43
88500	0.42	0.5	0.5	0	0	0.42
88600	0.42	0.5	0.5	0	0	0.42
88700	0.42	0.5	0.5	0	0	0.42
88800	0.42	0.5	0.5	0	0	0.42
88900	0.42	0.5	0.5	0	0	0.42
89000	0.43	0.5	0.5	0	0	0.43
89100	0.43	0.5	0.5	0	0	0.43
89200	0.43	0.5	0.5	0	0	0.43
89300	0.43	0.5	0.5	0	0	0.43
89400	0.43	0.5	0.5	0	0	0.43
89500	0.43	0.5	0.5	0	0	0.43
89600	0.42	0.5	0.5	0	0	0.42
89700	0.42	0.5	0.5	0	0	0.42
89800	0.42	0.5	0.5	0	0	0.42
89900	0.42	0.5	0.5	0	0	0.42
90000	0.42	0.5	0.5	0	0	0.42
90100	0.42	0.5	0.5	0	0	0.42
90200	0.42	0.5	0.5	0	0	0.42
90300	0.41	0.5	0.5	0	0	0.41
90400	0.41	0.5	0.5	0	0	0.41
90500	0.41	0.5	0.5	0	0	0.41
90600	0.41	0.5	0.5	0	0	0.41
90700	0.41	0.5	0.5	0	0	0.41
90800	0.41	0.5	0.5	0	0	0.41
90900	0.41	0.5	0.5	0	0	0.41
91000	0.41	0.5	0.5	0	0	0.41
91100	0.41	0.5	0.5	0	0	0.41
91200	0.41	0.5	0.5	0	0	0.41
91300	0.41	0.5	0.5	0	0	0.41
91400	0.41	0.5	0.5	0	0	0.41
91500	0.41	0.5	0.5	0	0	0.41
91600	0.41	0.5	0.5	0	0	0.41
91700	0.41	0.5	0.5	0	0	0.41
91800	0.41	0.5	0.5	0	0	0.41
91900	0.41	0.5	0.5	0	0	0.41
92000	0.41	0.5	0.5	0	0	0.41
92100	0.41	0.5	0.5	0	0	0.41
92200	0.41	0.5	0.5	0	0	0.41
92300	0.41	0.5	0.5	0	0	0.41
92400	0.41	0.5	0.5	0	0	0.41
92500	0.42	0.5	0.5	0	0	0.42
92600	0.41	0.5	0.5	0	0	0.41
92700	0.41	0.5	0.5	0	0	0.41
92800	0.41	0.5	0.5	0	0	0.41
92900	0.41	0.5	0.5	0	0	0.41
93000	0.4	0.5	0.5	0	0	0.4
93100	0.4	0.5	0.5	0	0	0.4
93200	0.4	0.5	0.5	0	0	0.4
93300	0.4	0.5	0.5	0	0	0.4
93400	0.4	0.5	0.5	0	0	0.4
93500	0.4	0.5	0.5	0	0	0.4
93600	0.4	0.5	0.5	0	0	0.4
93700	0.4	0.5	0.5	0	0	0.4
93800	0.4	0.5	0.5	0	0	0.4
93900	0.4	0.5	0.5	0	0	0.4
94000	0.4	0.5	0.5	0	0	0.4
94100	0.4	0.5	0.5	0	0	0.4
94200	0.4	0.5	0.5	0	0	0.4
94300	0.4	0.5	0.5	0	0	0.4
94400	0.4	0.5	0.5	0	0	0.4
94500	0.4	0.5	0.5	0	0	0.4
94600	0.4	0.5	0.5	0	0	0.4
94700	0.4	0.5	0.5	0	0	0.4
94800	0.41	0.5	0.5	0	0	0.41
94900	0.41	0.5	0.5	0	0	0.41
95000	0.41	0.5	0.5	0	0	0.41
95100	0.41	0.5	0.5	0	0	0.41
95200	0.41	0.5	0.5	0	0	0.41
95300	0.41	0.5	0.5	0	0	0.41
95400	0.41	0.5	0.5	0	0	0.41
95500	0.41	0.5	0.5	0	0	0.41
95600	0.41	0.5	0.5	0	0	0.41
95700	0.41	0.5	0.5	0	0	0.41
95800	0.41	0.5	0.5	0	0	0.41
95900	0.41	0.5	0.5	0	0	0.41
96000	0.41	0.5	0.5	0	0	0.41
96100	0.41	0.5	0.5	0	0	0.41
96200	0.41	0.5	0.5	0	0	0.41
96300	0.41	0.5	0.5	0	0	0.41
96400	0.41	0.5	0.5	0	0	0.41
96500	0.41	0.5	0.5	0	0	0.41
96600	0.41	0.5	0.5	0	0	0.41
96700	0.41	0.5	0.5	0	0	0.41
96800	0.41	0.5	0.5	0	0	0.41
96900	0.41	0.5	0.5	0	0	0.41
97000	0.41	0.5	0.5	0	0	0.41
97100	0.41	0.5	0.5	0	0	0.41
97200	0.41	0.5	0.5	0	0	0.41
97300	0.41	0.5	0.5	0	0	0.41
97400	0.41	0.5	0.5	0	0	0.41
97500	0.41	0.5	0.5	0	0	0.41
97600	0.41	0.5	0.5	0	0	0.41
97700	0.41	0.5	0.5	0	0	0.41
97800	0.41	0.5	0.5	0	0	0.41
97900	0.41	0.5	0.5	0	0	0.41
98000	0.41	0.5	0.5	0	0	0.41
98100	0.41	0.5	0.5	0	0	0.41
98200	0.41	0.5	0.5	0	0	0.41
98300	0.41	0.5	0.5	0	0	0.41
98400	0.41	0.5	0.5	0	0	0.41
98500	0.4	0.5	0.5	0	0	0.4
98600	0.4	0.5	0.5	0	0	0.4
98700	0.4	0.5	0.5	0	0	0.4
98800	0.4	0.5	0.5	0	0	0.4
98900	0.4	0.5	0.5	0	0	0.4
99000	0.4	0.5	0.5	0	0	0.4
99100	0.4	0.5	0.5	0	0	0.4
99200	0.4	0.5	0.5	0	0	0.4
99300	0.41	0.5	0.5	0	0	0.41
99400	0.4	0.5	0.5	0	0	0.4
99500	0.4	0.5	0.5	0	0	0.4
99600	0.4	0.5	0.5	0	0	0.4
99700	0.4	0.5	0.5	0	0	0.4
99800	0.4	0.5	0.5	0	0	0.4
99900	0.41	0.5	0.5	0	0	0.41
100000	0.41	0.49	0.49	0	0	0.41
100100	0.41	0.49	0.49	0	0	0.41
100200	0.41	0.49	0.49	0	0	0.41
100300	0.41	0.49	0.49	0	0	0.41
100400	0.41	0.49	0.49	0	0	0.41
100500	0.41	0.49	0.49	0	0	0.41
100600	0.42	0.49	0.49	0	0	0.42
100700	0.42	0.5	0.5	0	0	0.42
100800	0.42	0.49	0.49	0	0	0.42
100900	0.42	0.5	0.5	0	0	0.42
101000	0.42	0.5	0.5	0	0	0.42
101100	0.42	0.5	0.5	0	0	0.42
101200	0.41	0.5	0.5	0	0	0.41
101300	0.41	0.5	0.5	0	0	0.41
101400	0.41	0.5	0.5	0	0	0.41
101500	0.41	0.5	0.5	0	0	0.41
101600	0.41	0.5	0.5	0	0	0.41
101700	0.41	0.5	0.5	0	0	0.41
101800	0.4	0.49	0.49	0	0	0.4
101900	0.4	0.5	0.5	0	0	0.4
102000	0.4	0.5	0.5	0	0	0.4
102100	0.4	0.5	0.5	0	0	0.4
102200	0.4	0.5	0.5	0	0	0.4
102300	0.4	0.5	0.5	0	0	0.4
102400	0.4	0.5	0.5	0	0	0.4
102500	0.4	0.5	0.5	0	0	0.4
102600	0.4	0.5	0.5	0	0	0.4
102700	0.4	0.5	0.5	0	0	0.4
102800	0.4	0.5	0.5	0	0	0.4
102900	0.4	0.5	0.5	0	0	0.4
103000	0.4	0.5	0.5	0	0	0.4
103100	0.4	0.5	0.5	0	0	0.4
103200	0.4	0.5	0.5	0	0	0.4
103300	0.4	0.5	0.5	0	0	0.4
103400	0.4	0.5	0.5	0	0	0.4
103500	0.4	0.5	0.5	0	0	0.4
103600	0.39	0.5	0.5	0	0	0.39
103700	0.39	0.51	0.51	0	0	0.39
103800	0.39	0.5	0.5	0	0	0.39
103900	0.39	0.5	0.5	0	0	0.39
104000	0.39	0.5	0.5	0	0	0.39
104100	0.39	0.5	0.5	0	0	0.39
104200	0.39	0.5	0.5	0	0	0.39
104300	0.39	0.5	0.5	0	0	0.39
104400	0.4	0.5	0.5	0	0	0.4
104500	0.4	0.5	0.5	0	0	0.4
104600	0.39	0.5	0.5	0	0	0.39
104700	0.39	0.49	0.49	0	0	0.39
104800	0.39	0.48	0.48	0	0	0.39
104900	0.39	0.48	0.48	0	0	0.39
105000	0.38	0.48	0.48	0	0	0.38
105100	0.38	0.48	0.48	0	0	0.38
105200	0.38	0.48	0.48	0	0	0.38
105300	0.38	0.48	0.48	0	0	0.38
105400	0.38	0.48	0.48	0	0	0.38
105500	0.38	0.48	0.48	0	0	0.38
105600	0.38	0.48	0.48	0	0	0.38
105700	0.38	0.48	0.48	0	0	0.38
105800	0.38	0.48	0.48	0	0	0.38
105900	0.38	0.48	0.48	0	0	0.38
106000	0.38	0.48	0.48	0	0	0.38
106100	0.38	0.48	0.48	0	0	0.38
106200	0.38	0.48	0.48	0	0	0.38
106300	0.38	0.48	0.48	0	0	0.38
106400	0.38	0.48	0.48	0	0	0.38
106500	0.38	0.49	0.49	0	0	0.38
106600	0.38	0.48	0.48	0	0	0.38
106700	0.38	0.48	0.48	0	0	0.38
106800	0.38	0.48	0.48	0	0	0.38
106900	0.38	0.48	0.48	0	0	0.38
107000	0.38	0.48	0.48	0	0	0.38
107100	0.38	0.48	0.48	0	0	0.38
107200	0.38	0.48	0.48	0	0	0.38
107300	0.38	0.48	0.48	0	0	0.38
107400	0.38	0.48	0.48	0	0	0.38
107500	0.38	0.48	0.48	0	0	0.38
107600	0.39	0.48	0.48	0	0	0.39
107700	0.39	0.48	0.48	0	0	0.39
107800	0.39	0.48	0.48	0	0	0.39
107900	0.39	0.48	0.48	0	0	0.39
108000	0.39	0.48	0.48	0	0	0.39
108100	0.39	0.48	0.48	0	0	0.39
108200	0.39	0.48	0.48	0	0	0.39
108300	0.39	0.48	0.48	0	0	0.39
108400	0.39	0.48	0.48	0	0	0.39
108500	0.39	0.48	0.48	0	0	0.39
108600	0.39	0.48	0.48	0	0	0.39
108700	0.4	0.48	0.48	0	0	0.4
108800	0.39	0.48	0.48	0	0	0.39
108900	0.4	0.48	0.48	0	0	0.4
109000	0.4	0.48	0.48	0	0	0.4
109100	0.4	0.49	0.49	0	0	0.4
109200	0.4	0.49	0.49	0	0	0.4
109300	0.4	0.49	0.49	0	0	0.4
109400	0.4	0.49	0.49	0	0	0.4
109500	0.4	0.49	0.49	0	0	0.4
109600	0.4	0.49	0.49	0	0	0.4
109700	0.4	0.49	0.49	0	0	0.4
109800	0.4	0.49	0.49	0	0	0.4
109900	0.4	0.49	0.49	0	0	0.4
110000	0.4	0.49	0.49	0	0	0.4
110100	0.4	0.49	0.49	0	0	0.4
110200	0.4	0.49	0.49	0	0	0.4
110300	0.4	0.49	0.49	0	0	0.4
110400	0.4	0.49	0.49	0	0	0.4
110500	0.4	0.49	0.49	0	0	0.4
110600	0.4	0.49	0.49	0	0	0.4
110700	0.4	0.49	0.49	0	0	0.4
110800	0.4	0.49	0.49	0	0	0.4
110900	0.39	0.5	0.5	0	0	0.39
111000	0.39	0.49	0.49	0	0	0.39
111100	0.39	0.49	0.49	0	0	0.39
111200	0.39	0.49	0.49	0	0	0.39
111300	0.39	0.49	0.49	0	0	0.39
111400	0.39	0.49	0.49	0	0	0.39
111500	0.39	0.49	0.49	0	0	0.39
111600	0.39	0.49	0.49	0	0	0.39
111700	0.39	0.49	0.49	0	0	0.39
111800	0.39	0.49	0.49	0	0	0.39
111900	0.39	0.49	0.49	0	0	0.39
112000	0.39	0.49	0.49	0	0	0.39
112100	0.39	0.49	0.49	0	0	0.39
112200	0.38	0.49	0.49	0	0	0.38
112300	0.38	0.49	0.49	0	0	0.38
112400	0.38	0.49	0.49	0	0	0.38
112500	0.38	0.5	0.5	0	0	0.38
112600	0.38	0.5	0.5	0	0	0.38
112700	0.38	0.5	0.5	0	0	0.38
112800	0.38	0.5	0.5	0	0	0.38
112900	0.38	0.5	0.5	0	0	0.38
113000	0.38	0.5	0.5	0	0	0.38
113100	0.38	0.5	0.5	0	0	0.38
113200	0.38	0.5	0.5	0	0	0.38
113300	0.38	0.5	0.5	0	0	0.38
113400	0.38	0.5	0.5	0	0	0.38
113500	0.38	0.5	0.5	0	0	0.38
113600	0.37	0.5	0.5	0	0	0.37
113700	0.37	0.5	0.5	0	0	0.37
113800	0.37	0.5	0.5	0	0	0.37
113900	0.37	0.5	0.5	0	0	0.37
114000	0.37	0.5	0.5	0	0	0.37
114100	0.37	0.5	0.5	0	0	0.37
114200	0.38	0.5	0.5	0	0	0.38
114300	0.37	0.5	0.5	0	0	0.37
114400	0.37	0.5	0.5	0	0	0.37
114500	0.37	0.5	0.5	0	0	0.37
114600	0.37	0.5	0.5	0	0	0.37
114700	0.37	0.5	0.5	0	0	0.37
114800	0.37	0.5	0.5	0	0	0.37
114900	0.37	0.5	0.5	0	0	0.37
115000	0.37	0.5	0.5	0	0	0.37
115100	0.38	0.5	0.5	0	0	0.38
115200	0.37	0.5	0.5	0	0	0.37
115300	0.37	0.5	0.5	0	0	0.37
115400	0.37	0.5	0.5	0	0	0.37
115500	0.37	0.5	0.5	0	0	0.37
115600	0.37	0.5	0.5	0	0	0.37
115700	0.37	0.5	0.5	0	0	0.37
115800	0.37	0.5	0.5	0	0	0.37
115900	0.37	0.5	0.5	0	0	0.37
116000	0.37	0.5	0.5	0	0	0.37
116100	0.37	0.5	0.5	0	0	0.37
116200	0.37	0.5	0.5	0	0	0.37
116300	0.37	0.5	0.5	0	0	0.37
116400	0.37	0.5	0.5	0	0	0.37
116500	0.37	0.5	0.5	0	0	0.37
116600	0.37	0.5	0.5	0	0	0.37
116700	0.37	0.5	0.5	0	0	0.37
116800	0.37	0.5	0.5	0	0	0.37
116900	0.37	0.5	0.5	0	0	0.37
117000	0.37	0.5	0.5	0	0	0.37
117100	0.37	0.49	0.49	0	0	0.37
117200	0.37	0.49	0.49	0	0	0.37
117300	0.37	0.49	0.49	0	0	0.37
117400	0.38	0.49	0.49	0	0	0.38
117500	0.37	0.49	0.49	0	0	0.37
117600	0.37	0.49	0.49	0	0	0.37
117700	0.37	0.49	0.49	0	0	0.37
117800	0.37	0.49	0.49	0	0	0.37
117900	0.37	0.49	0.49	0	0	0.37
118000	0.37	0.49	0.49	0	0	0.37
118100	0.37	0.49	0.49	0	0	0.37
118200	0.37	0.49	0.49	0	0	0.37
118300	0.37	0.49	0.49	0	0	0.37
118400	0.38	0.49	0.49	0	0	0.38
118500	0.37	0.49	0.49	0	0	0.37
118600	0.37	0.49	0.49	0	0	0.37
118700	0.38	0.49	0.49	0	0	0.38
118800	0.37	0.49	0.49	0	0	0.37
118900	0.37	0.49	0.49	0	0	0.37
119000	0.37	0.49	0.49	0	0	0.37
119100	0.37	0.49	0.49	0	0	0.37
119200	0.37	0.49	0.49	0	0	0.37
119300	0.37	0.49	0.49	0	0	0.37
119400	0.37	0.49	0.49	0	0	0.37
119500	0.37	0.49	0.49	0	0	0.37
119600	0.37	0.49	0.49	0	0	0.37
119700	0.37	0.49	0.49	0	0	0.37
119800	0.37	0.49	0.49	0	0	0.37
119900	0.37	0.49	0.49	0	0	0.37
120000	0.37	0.49	0.49	0	0	0.37
120100	0.37	0.49	0.49	0	0	0.37
120200	0.37	0.49	0.49	0	0	0.37
120300	0.37	0.49	0.49	0	0	0.37
120400	0.37	0.49	0.49	0	0	0.37
120500	0.37	0.49	0.49	0	0	0.37
120600	0.37	0.49	0.49	0	0	0.37
120700	0.37	0.49	0.49	0	0	0.37
120800	0.37	0.49	0.49	0	0	0.37
120900	0.37	0.49	0.49	0	0	0.37
121000	0.37	0.49	0.49	0	0	0.37
121100	0.37	0.49	0.49	0	0	0.37
121200	0.37	0.49	0.49	0	0	0.37
121300	0.38	0.5	0.5	0	0	0.38
121400	0.38	0.49	0.49	0	0	0.38
121500	0.38	0.49	0.49	0	0	0.38
121600	0.38	0.49	0.49	0	0	0.38
121700	0.38	0.49	0.49	0	0	0.38
121800	0.38	0.49	0.49	0	0	0.38
121900	0.38	0.49	0.49	0	0	0.38
122000	0.38	0.49	0.49	0	0	0.38
122100	0.38	0.49	0.49	0	0	0.38
122200	0.38	0.49	0.49	0	0	0.38
122300	0.38	0.49	0.49	0	0	0.38
122400	0.38	0.49	0.49	0	0	0.38
122500	0.38	0.49	0.49	0	0	0.38
122600	0.38	0.49	0.49	0	0	0.38
122700	0.38	0.49	0.49	0	0	0.38
122800	0.37	0.49	0.49	0	0	0.37
122900	0.37	0.49	0.49	0	0	0.37
123000	0.37	0.5	0.5	0	0	0.37
123100	0.37	0.5	0.5	0	0	0.37
123200	0.37	0.5	0.5	0	0	0.37
123300	0.38	0.5	0.5	0	0	0.38
123400	0.37	0.5	0.5	0	0	0.37
123500	0.37	0.5	0.5	0	0	0.37
123600	0.37	0.51	0.51	0	0	0.37
123700	0.37	0.5	0.5	0	0	0.37
123800	0.37	0.5	0.5	0	0	0.37
123900	0.37	0.5	0.5	0	0	0.37
124000	0.37	0.5	0.5	0	0	0.37
124100	0.38	0.5	0.5	0	0	0.38
124200	0.38	0.5	0.5	0	0	0.38
124300	0.38	0.5	0.5	0	0	0.38
124400	0.38	0.5	0.5	0	0	0.38
124500	0.38	0.5	0.5	0	0	0.38
124600	0.39	0.5	0.5	0	0	0.39
124700	0.38	0.5	0.5	0	0	0.38
124800	0.38	0.5	0.5	0	0	0.38
124900	0.38	0.5	0.5	0	0	0.38
125000	0.38	0.51	0.51	0	0	0.38
125100	0.38	0.51	0.51	0	0	0.38
125200	0.38	0.51	0.51	0	0	0.38
125300	0.38	0.51	0.51	0	0	0.38
125400	0.38	0.51	0.51	0	0	0.38
125500	0.38	0.51	0.51	0	0	0.38
125600	0.38	0.51	0.51	0	0	0.38
125700	0.38	0.51	0.51	0	0	0.38
125800	0.39	0.51	0.51	0	0	0.39
125900	0.4	0.51	0.51	0	0	0.4
126000	0.4	0.51	0.51	0	0	0.4
126100	0.4	0.51	0.51	0	0	0.4
126200	0.4	0.51	0.51	0	0	0.4
126300	0.39	0.51	0.51	0	0	0.39
126400	0.39	0.51	0.51	0	0	0.39
126500	0.39	0.51	0.51	0	0	0.39
126600	0.39	0.51	0.51	0	0	0.39
126700	0.39	0.51	0.51	0	0	0.39
126800	0.39	0.51	0.51	0	0	0.39
126900	0.39	0.51	0.51	0	0	0.39
127000	0.39	0.51	0.51	0	0	0.39
127100	0.39	0.51	0.51	0	0	0.39
127200	0.39	0.51	0.51	0	0	0.39
127300	0.39	0.51	0.51	0	0	0.39
127400	0.4	0.51	0.51	0	0	0.4
127500	0.4	0.51	0.51	0	0	0.4
127600	0.38	0.51	0.51	0	0	0.38
127700	0.38	0.51	0.51	0	0	0.38
127800	0.38	0.51	0.51	0	0	0.38
127900	0.38	0.51	0.51	0	0	0.38
128000	0.38	0.5	0.5	0	0	0.38
128100	0.38	0.5	0.5	0	0	0.38
128200	0.38	0.5	0.5	0	0	0.38
128300	0.38	0.5	0.5	0	0	0.38
128400	0.38	0.5	0.5	0	0	0.38
128500	0.38	0.5	0.5	0	0	0.38
128600	0.38	0.5	0.5	0	0	0.38
128700	0.38	0.5	0.5	0	0	0.38
128800	0.38	0.5	0.5	0	0	0.38
128900	0.37	0.5	0.5	0	0	0.37
129000	0.37	0.5	0.5	0	0	0.37
129100	0.37	0.5	0.5	0	0	0.37
129200	0.37	0.5	0.5	0	0	0.37
129300	0.36	0.49	0.49	0	0	0.36
129400	0.36	0.49	0.49	0	0	0.36
129500	0.36	0.49	0.49	0	0	0.36
129600	0.36	0.49	0.49	0	0	0.36
129700	0.36	0.49	0.49	0	0	0.36
129800	0.36	0.49	0.49	0	0	0.36
129900	0.37	0.49	0.49	0	0	0.37
130000	0.37	0.49	0.49	0	0	0.37
130100	0.37	0.49	0.49	0	0	0.37
130200	0.37	0.49	0.49	0	0	0.37
130300	0.37	0.49	0.49	0	0	0.37
130400	0.37	0.49	0.49	0	0	0.37
130500	0.37	0.49	0.49	0	0	0.37
130600	0.37	0.49	0.49	0	0	0.37
130700	0.37	0.49	0.49	0	0	0.37
130800	0.37	0.49	0.49	0	0	0.37
130900	0.37	0.49	0.49	0	0	0.37
131000	0.36	0.49	0.49	0	0	0.36
131100	0.36	0.49	0.49	0	0	0.36
131200	0.36	0.49	0.49	0	0	0.36
131300	0.36	0.49	0.49	0	0	0.36
131400	0.36	0.49	0.49	0	0	0.36
131500	0.37	0.49	0.49	0	0	0.37
131600	0.36	0.49	0.49	0	0	0.36
131700	0.36	0.49	0.49	0	0	0.36
131800	0.36	0.49	0.49	0	0	0.36
131900	0.36	0.49	0.49	0	0	0.36
132000	0.36	0.49	0.49	0	0	0.36
132100	0.36	0.49	0.49	0	0	0.36
132200	0.36	0.49	0.49	0	0	0.36
132300	0.36	0.49	0.49	0	0	0.36
132400	0.36	0.49	0.49	0	0	0.36
132500	0.36	0.49	0.49	0	0	0.36
132600	0.37	0.49	0.49	0	0	0.37
132700	0.36	0.49	0.49	0	0	0.36
132800	0.36	0.5	0.5	0	0	0.36
132900	0.36	0.5	0.5	0	0	0.36
133000	0.36	0.5	0.5	0	0	0.36
133100	0.37	0.5	0.5	0	0	0.37
133200	0.37	0.5	0.5	0	0	0.37
133300	0.37	0.5	0.5	0	0	0.37
133400	0.37	0.5	0.5	0	0	0.37
133500	0.37	0.5	0.5	0	0	0.37
133600	0.37	0.5	0.5	0	0	0.37
133700	0.37	0.5	0.5	0	0	0.37
133800	0.37	0.5	0.5	0	0	0.37
133900	0.37	0.5	0.5	0	0	0.37
134000	0.37	0.5	0.5	0	0	0.37
134100	0.37	0.5	0.5	0	0	0.37
134200	0.37	0.5	0.5	0	0	0.37
134300	0.37	0.5	0.5	0	0	0.37
134400	0.37	0.5	0.5	0	0	0.37
134500	0.37	0.5	0.5	0	0	0.37
134600	0.36	0.5	0.5	0	0	0.36
134700	0.36	0.5	0.5	0	0	0.36
134800	0.36	0.51	0.51	0	0	0.36
134900	0.36	0.51	0.51	0	0	0.36
135000	0.36	0.51	0.51	0	0	0.36
135100	0.36	0.51	0.51	0	0	0.36
135200	0.36	0.51	0.51	0	0	0.36
135300	0.36	0.51	0.51	0	0	0.36
135400	0.36	0.51	0.51	0	0	0.36
135500	0.36	0.51	0.51	0	0	0.36
135600	0.36	0.51	0.51	0	0	0.36
135700	0.36	0.51	0.51	0	0	0.36
135800	0.36	0.51	0.51	0	0	0.36
135900	0.36	0.51	0.51	0	0	0.36
136000	0.36	0.51	0.51	0	0	0.36
136100	0.36	0.51	0.51	0	0	0.36
136200	0.36	0.51	0.51	0	0	0.36
136300	0.36	0.51	0.51	0	0	0.36
136400	0.36	0.51	0.51	0	0	0.36
136500	0.36	0.51	0.51	0	0	0.36
136600	0.37	0.51	0.51	0	0	0.37
136700	0.37	0.51	0.51	0	0	0.37
136800	0.37	0.51	0.51	0	0	0.37
136900	0.37	0.51	0.51	0	0	0.37
137000	0.37	0.51	0.51	0	0	0.37
137100	0.37	0.51	0.51	0	0	0.37
137200	0.37	0.5	0.5	0	0	0.37
137300	0.37	0.5	0.5	0	0	0.37
137400	0.37	0.5	0.5	0	0	0.37
137500	0.37	0.5	0.5	0	0	0.37
137600	0.37	0.5	0.5	0	0	0.37
137700	0.37	0.5	0.5	0	0	0.37
137800	0.37	0.5	0.5	0	0	0.37
137900	0.37	0.5	0.5	0	0	0.37
138000	0.38	0.5	0.5	0	0	0.38
138100	0.38	0.5	0.5	0	0	0.38
138200	0.38	0.5	0.5	0	0	0.38
138300	0.38	0.5	0.5	0	0	0.38
138400	0.38	0.5	0.5	0	0	0.38
138500	0.38	0.5	0.5	0	0	0.38
138600	0.37	0.5	0.5	0	0	0.37
138700	0.37	0.5	0.5	0	0	0.37
138800	0.37	0.5	0.5	0	0	0.37
138900	0.37	0.5	0.5	0	0	0.37
139000	0.38	0.5	0.5	0	0	0.38
139100	0.38	0.5	0.5	0	0	0.38
139200	0.37	0.5	0.5	0	0	0.37
139300	0.37	0.5	0.5	0	0	0.37
139400	0.37	0.5	0.5	0	0	0.37
139500	0.37	0.5	0.5	0	0	0.37
139600	0.37	0.5	0.5	0	0	0.37
139700	0.37	0.5	0.5	0	0	0.37
139800	0.37	0.5	0.5	0	0	0.37
139900	0.37	0.5	0.5	0	0	0.37
140000	0.37	0.5	0.5	0	0	0.37
140100	0.37	0.51	0.51	0	0	0.37
140200	0.37	0.5	0.5	0	0	0.37
140300	0.37	0.5	0.5	0	0	0.37
140400	0.37	0.5	0.5	0	0	0.37
140500	0.37	0.5	0.5	0	0	0.37
140600	0.38	0.5	0.5	0	0	0.38
140700	0.38	0.5	0.5	0	0	0.38
140800	0.38	0.5	0.5	0	0	0.38
140900	0.38	0.5	0.5	0	0	0.38
141000	0.38	0.5	0.5	0	0	0.38
141100	0.38	0.5	0.5	0	0	0.38
141200	0.38	0.5	0.5	0	0	0.38
141300	0.38	0.5	0.5	0	0	0.38
141400	0.38	0.5	0.5	0	0	0.38
141500	0.38	0.5	0.5	0	0	0.38
141600	0.38	0.5	0.5	0	0	0.38
141700	0.37	0.5	0.5	0	0	0.37
141800	0.37	0.5	0.5	0	0	0.37
141900	0.37	0.5	0.5	0	0	0.37
142000	0.37	0.5	0.5	0	0	0.37
142100	0.37	0.5	0.5	0	0	0.37
142200	0.37	0.5	0.5	0	0	0.37
142300	0.37	0.5	0.5	0	0	0.37
142400	0.37	0.49	0.49	0	0	0.37
142500	0.37	0.49	0.49	0	0	0.37
142600	0.37	0.49	0.49	0	0	0.37
142700	0.37	0.5	0.5	0	0	0.37
142800	0.37	0.49	0.49	0	0	0.37
142900	0.37	0.49	0.49	0	0	0.37
143000	0.37	0.49	0.49	0	0	0.37
143100	0.37	0.49	0.49	0	0	0.37
143200	0.37	0.49	0.49	0	0	0.37
143300	0.37	0.49	0.49	0	0	0.37
143400	0.37	0.49	0.49	0	0	0.37
143500	0.37	0.49	0.49	0	0	0.37
143600	0.37	0.49	0.49	0	0	0.37
143700	0.37	0.49	0.49	0	0	0.37
143800	0.37	0.49	0.49	0	0	0.37
143900	0.37	0.49	0.49	0	0	0.37
144000	0.38	0.49	0.49	0	0	0.38
144100	0.38	0.49	0.49	0	0	0.38
144200	0.38	0.49	0.49	0	0	0.38
144300	0.38	0.49	0.49	0	0	0.38
144400	0.38	0.49	0.49	0	0	0.38
144500	0.38	0.49	0.49	0	0	0.38
144600	0.38	0.49	0.49	0	0	0.38
144700	0.38	0.49	0.49	0	0	0.38
144800	0.38	0.49	0.49	0	0	0.38
144900	0.38	0.49	0.49	0	0	0.38
145000	0.38	0.49	0.49	0	0	0.38
145100	0.38	0.49	0.49	0	0	0.38
145200	0.39	0.49	0.49	0	0	0.39
145300	0.39	0.49	0.49	0	0	0.39
145400	0.38	0.49	0.49	0	0	0.38
145500	0.38	0.49	0.49	0	0	0.38
145600	0.38	0.49	0.49	0	0	0.38
145700	0.38	0.49	0.49	0	0	0.38
145800	0.38	0.5	0.5	0	0	0.38
145900	0.38	0.5	0.5	0	0	0.38
146000	0.38	0.5	0.5	0	0	0.38
146100	0.38	0.5	0.5	0	0	0.38
146200	0.39	0.5	0.5	0	0	0.39
146300	0.39	0.5	0.5	0	0	0.39
146400	0.39	0.5	0.5	0	0	0.39
146500	0.4	0.5	0.5	0	0	0.4
146600	0.4	0.5	0.5	0	0	0.4
146700	0.4	0.5	0.5	0	0	0.4
146800	0.4	0.5	0.5	0	0	0.4
146900	0.4	0.5	0.5	0	0	0.4
147000	0.39	0.5	0.5	0	0	0.39
147100	0.39	0.5	0.5	0	0	0.39
147200	0.39	0.5	0.5	0	0	0.39
147300	0.39	0.5	0.5	0	0	0.39
147400	0.39	0.5	0.5	0	0	0.39
147500	0.39	0.5	0.5	0	0	0.39
147600	0.39	0.5	0.5	0	0	0.39
147700	0.39	0.5	0.5	0	0	0.39
147800	0.39	0.5	0.5	0	0	0.39
147900	0.39	0.5	0.5	0	0	0.39
148000	0.4	0.5	0.5	0	0	0.4
148100	0.4	0.5	0.5	0	0	0.4
148200	0.39	0.5	0.5	0	0	0.39
148300	0.39	0.5	0.5	0	0	0.39
148400	0.39	0.5	0.5	0	0	0.39
148500	0.39	0.5	0.5	0	0	0.39
148600	0.39	0.5	0.5	0	0	0.39
148700	0.39	0.51	0.51	0	0	0.39
148800	0.39	0.51	0.51	0	0	0.39
148900	0.39	0.51	0.51	0	0	0.39
149000	0.39	0.51	0.51	0	0	0.39
149100	0.4	0.51	0.51	0	0	0.4
149200	0.39	0.51	0.51	0	0	0.39
149300	0.39	0.51	0.51	0	0	0.39
149400	0.39	0.51	0.51	0	0	0.39
149500	0.4	0.51	0.51	0	0	0.4
149600	0.4	0.51	0.51	0	0	0.4
149700	0.4	0.51	0.51	0	0	0.4
149800	0.4	0.51	0.51	0	0	0.4
149900	0.39	0.51	0.51	0	0	0.39
150000	0.39	0.51	0.51	0	0	0.39
150100	0.39	0.51	0.51	0	0	0.39
150200	0.39	0.51	0.51	0	0	0.39
150300	0.39	0.51	0.51	0	0	0.39
150400	0.39	0.51	0.51	0	0	0.39
150500	0.39	0.51	0.51	0	0	0.39
150600	0.4	0.51	0.51	0	0	0.4
150700	0.39	0.51	0.51	0	0	0.39
150800	0.39	0.51	0.51	0	0	0.39
150900	0.39	0.51	0.51	0	0	0.39
151000	0.39	0.51	0.51	0	0	0.39
151100	0.39	0.51	0.51	0	0	0.39
151200	0.4	0.51	0.51	0	0	0.4
151300	0.4	0.52	0.52	0	0	0.4
151400	0.39	0.51	0.51	0	0	0.39
151500	0.39	0.51	0.51	0	0	0.39
151600	0.39	0.51	0.51	0	0	0.39
151700	0.39	0.51	0.51	0	0	0.39
151800	0.39	0.51	0.51	0	0	0.39
151900	0.39	0.51	0.51	0	0	0.39
152000	0.39	0.51	0.51	0	0	0.39
152100	0.39	0.51	0.51	0	0	0.39
152200	0.39	0.51	0.51	0	0	0.39
152300	0.39	0.51	0.51	0	0	0.39
152400	0.39	0.51	0.51	0	0	0.39
152500	0.39	0.51	0.51	0	0	0.39
152600	0.39	0.51	0.51	0	0	0.39
152700	0.39	0.51	0.51	0	0	0.39
152800	0.39	0.51	0.51	0	0	0.39
152900	0.39	0.51	0.51	0	0	0.39
153000	0.39	0.51	0.51	0	0	0.39
153100	0.39	0.51	0.51	0	0	0.39
153200	0.39	0.51	0.51	0	0	0.39
153300	0.39	0.51	0.51	0	0	0.39
153400	0.39	0.51	0.51	0	0	0.39
153500	0.39	0.51	0.51	0	0	0.39
153600	0.39	0.51	0.51	0	0	0.39
153700	0.39	0.51	0.51	0	0	0.39
153800	0.39	0.51	0.51	0	0	0.39
153900	0.39	0.51	0.51	0	0	0.39
154000	0.39	0.51	0.51	0	0	0.39
154100	0.39	0.52	0.52	0	0	0.39
154200	0.39	0.51	0.51	0	0	0.39
154300	0.39	0.51	0.51	0	0	0.39
154400	0.39	0.51	0.51	0	0	0.39
154500	0.4	0.51	0.51	0	0	0.4
154600	0.4	0.51	0.51	0	0	0.4
154700	0.4	0.51	0.51	0	0	0.4
154800	0.4	0.51	0.51	0	0	0.4
154900	0.4	0.51	0.51	0	0	0.4
155000	0.4	0.51	0.51	0	0	0.4
155100	0.39	0.51	0.51	0	0	0.39
155200	0.39	0.51	0.51	0	0	0.39
155300	0.39	0.51	0.51	0	0	0.39
155400	0.39	0.51	0.51	0	0	0.39
155500	0.39	0.51	0.51	0	0	0.39
155600	0.39	0.51	0.51	0	0	0.39
155700	0.39	0.52	0.52	0	0	0.39
155800	0.39	0.51	0.51	0	0	0.39
155900	0.39	0.51	0.51	0	0	0.39
156000	0.39	0.51	0.51	0	0	0.39
156100	0.39	0.51	0.51	0	0	0.39
156200	0.39	0.51	0.51	0	0	0.39
156300	0.39	0.51	0.51	0	0	0.39
156400	0.39	0.51	0.51	0	0	0.39
156500	0.39	0.51	0.51	0	0	0.39
156600	0.39	0.51	0.51	0	0	0.39
156700	0.39	0.51	0.51	0	0	0.39
156800	0.39	0.51	0.51	0	0	0.39
156900	0.39	0.51	0.51	0	0	0.39
157000	0.39	0.51	0.51	0	0	0.39
157100	0.39	0.51	0.51	0	0	0.39
157200	0.39	0.51	0.51	0	0	0.39
157300	0.39	0.51	0.51	0	0	0.39
157400	0.39	0.51	0.51	0	0	0.39
157500	0.39	0.51	0.51	0	0	0.39
157600	0.39	0.51	0.51	0	0	0.39
157700	0.39	0.51	0.51	0	0	0.39
157800	0.38	0.51	0.51	0	0	0.38
157900	0.38	0.51	0.51	0	0	0.38
158000	0.38	0.5	0.5	0	0	0.38
158100	0.38	0.5	0.5	0	0	0.38
158200	0.38	0.5	0.5	0	0	0.38
158300	0.38	0.5	0.5	0	0	0.38
158400	0.38	0.5	0.5	0	0	0.38
158500	0.39	0.5	0.5	0	0	0.39
158600	0.39	0.5	0.5	0	0	0.39
158700	0.39	0.5	0.5	0	0	0.39
158800	0.39	0.5	0.5	0	0	0.39
158900	0.39	0.5	0.5	0	0	0.39
159000	0.39	0.5	0.5	0	0	0.39
159100	0.39	0.5	0.5	0	0	0.39
159200	0.39	0.5	0.5	0	0	0.39
159300	0.39	0.5	0.5	0	0	0.39
159400	0.39	0.5	0.5	0	0	0.39
159500	0.39	0.5	0.5	0	0	0.39
159600	0.39	0.5	0.5	0	0	0.39
159700	0.39	0.5	0.5	0	0	0.39
159800	0.39	0.5	0.5	0	0	0.39
159900	0.39	0.5	0.5	0	0	0.39
160000	0.39	0.5	0.5	0	0	0.39
160100	0.39	0.5	0.5	0	0	0.39
160200	0.39	0.5	0.5	0	0	0.39
160300	0.39	0.5	0.5	0	0	0.39
160400	0.39	0.5	0.5	0	0	0.39
160500	0.39	0.5	0.5	0	0	0.39
160600	0.4	0.5	0.5	0	0	0.4
160700	0.4	0.5	0.5	0	0	0.4
160800	0.4	0.5	0.5	0	0	0.4
160900	0.39	0.5	0.5	0	0	0.39
161000	0.39	0.5	0.5	0	0	0.39
161100	0.38	0.5	0.5	0	0	0.38
161200	0.37	0.5	0.5	0	0	0.37
161300	0.37	0.5	0.5	0	0	0.37
161400	0.37	0.5	0.5	0	0	0.37
161500	0.37	0.5	0.5	0	0	0.37
161600	0.38	0.5	0.5	0	0	0.38
161700	0.38	0.5	0.5	0	0	0.38
161800	0.38	0.5	0.5	0	0	0.38
161900	0.38	0.5	0.5	0	0	0.38
162000	0.38	0.5	0.5	0	0	0.38
162100	0.38	0.5	0.5	0	0	0.38
162200	0.38	0.5	0.5	0	0	0.38
162300	0.38	0.5	0.5	0	0	0.38
162400	0.38	0.5	0.5	0	0	0.38
162500	0.38	0.5	0.5	0	0	0.38
162600	0.38	0.5	0.5	0	0	0.38
162700	0.38	0.5	0.5	0	0	0.38
162800	0.38	0.5	0.5	0	0	0.38
162900	0.38	0.5	0.5	0	0	0.38
163000	0.38	0.5	0.5	0	0	0.38
163100	0.38	0.5	0.5	0	0	0.38
163200	0.38	0.5	0.5	0	0	0.38
163300	0.38	0.5	0.5	0	0	0.38
163400	0.38	0.5	0.5	0	0	0.38
163500	0.38	0.5	0.5	0	0	0.38
163600	0.38	0.5	0.5	0	0	0.38
163700	0.38	0.5	0.5	0	0	0.38
163800	0.39	0.51	0.51	0	0	0.39
163900	0.39	0.51	0.51	0	0	0.39
164000	0.39	0.51	0.51	0	0	0.39
164100	0.4	0.51	0.51	0	0	0.4
164200	0.4	0.51	0.51	0	0	0.4
164300	0.4	0.51	0.51	0	0	0.4
164400	0.39	0.51	0.51	0	0	0.39
164500	0.39	0.51	0.51	0	0	0.39
164600	0.38	0.52	0.52	0	0	0.38
164700	0.38	0.52	0.52	0	0	0.38
164800	0.38	0.52	0.52	0	0	0.38
164900	0.39	0.52	0.52	0	0	0.39
165000	0.39	0.52	0.52	0	0	0.39
165100	0.4	0.52	0.52	0	0	0.4
165200	0.38	0.52	0.52	0	0	0.38
165300	0.38	0.52	0.52	0	0	0.38
165400	0.38	0.52	0.52	0	0	0.38
165500	0.38	0.52	0.52	0	0	0.38
165600	0.38	0.52	0.52	0	0	0.38
165700	0.38	0.52	0.52	0	0	0.38
165800	0.38	0.52	0.52	0	0	0.38
165900	0.38	0.52	0.52	0	0	0.38
166000	0.38	0.52	0.52	0	0	0.38
166100	0.38	0.52	0.52	0	0	0.38
166200	0.38	0.52	0.52	0	0	0.38
166300	0.38	0.52	0.52	0	0	0.38
166400	0.38	0.52	0.52	0	0	0.38
166500	0.38	0.52	0.52	0	0	0.38
166600	0.38	0.52	0.52	0	0	0.38
166700	0.38	0.52	0.52	0	0	0.38
166800	0.38	0.52	0.52	0	0	0.38
166900	0.38	0.52	0.52	0	0	0.38
167000	0.39	0.52	0.52	0	0	0.39
167100	0.39	0.52	0.52	0	0	0.39
167200	0.38	0.52	0.52	0	0	0.38
167300	0.38	0.52	0.52	0	0	0.38
167400	0.38	0.52	0.52	0	0	0.38
167500	0.38	0.52	0.52	0	0	0.38
167600	0.38	0.52	0.52	0	0	0.38
167700	0.38	0.52	0.52	0	0	0.38
167800	0.38	0.52	0.52	0	0	0.38
167900	0.38	0.53	0.53	0	0	0.38
168000	0.38	0.52	0.52	0	0	0.38
168100	0.38	0.52	0.52	0	0	0.38
168200	0.38	0.52	0.52	0	0	0.38
168300	0.38	0.52	0.52	0	0	0.38
168400	0.38	0.52	0.52	0	0	0.38
168500	0.38	0.52	0.52	0	0	0.38
168600	0.38	0.52	0.52	0	0	0.38
168700	0.38	0.52	0.52	0	0	0.38
168800	0.38	0.52	0.52	0	0	0.38
168900	0.38	0.53	0.53	0	0	0.38
169000	0.38	0.52	0.52	0	0	0.38
169100	0.38	0.52	0.52	0	0	0.38
169200	0.39	0.52	0.52	0	0	0.39
169300	0.39	0.52	0.52	0	0	0.39
169400	0.39	0.52	0.52	0	0	0.39
169500	0.39	0.52	0.52	0	0	0.39
169600	0.39	0.52	0.52	0	0	0.39
169700	0.39	0.52	0.52	0	0	0.39
169800	0.39	0.52	0.52	0	0	0.39
169900	0.39	0.52	0.52	0	0	0.39
170000	0.39	0.52	0.52	0	0	0.39
170100	0.39	0.52	0.52	0	0	0.39
170200	0.38	0.52	0.52	0	0	0.38
170300	0.38	0.52	0.52	0	0	0.38
170400	0.38	0.52	0.52	0	0	0.38
170500	0.38	0.52	0.52	0	0	0.38
170600	0.38	0.53	0.53	0	0	0.38
170700	0.38	0.52	0.52	0	0	0.38
170800	0.39	0.52	0.52	0	0	0.39
170900	0.39	0.52	0.52	0	0	0.39
171000	0.39	0.52	0.52	0	0	0.39
171100	0.39	0.52	0.52	0	0	0.39
171200	0.39	0.52	0.52	0	0	0.39
171300	0.39	0.52	0.52	0	0	0.39
171400	0.39	0.52	0.52	0	0	0.39
171500	0.39	0.52	0.52	0	0	0.39
171600	0.39	0.52	0.52	0	0	0.39
171700	0.39	0.52	0.52	0	0	0.39
171800	0.39	0.52	0.52	0	0	0.39
171900	0.4	0.52	0.52	0	0	0.4
172000	0.4	0.52	0.52	0	0	0.4
172100	0.4	0.52	0.52	0	0	0.4
172200	0.4	0.52	0.52	0	0	0.4
172300	0.4	0.52	0.52	0	0	0.4
172400	0.4	0.52	0.52	0	0	0.4
172500	0.4	0.52	0.52	0	0	0.4
172600	0.4	0.52	0.52	0	0	0.4
172700	0.4	0.52	0.52	0	0	0.4
172800	0.4	0.52	0.52	0	0	0.4
172900	0.4	0.52	0.52	0	0	0.4
173000	0.4	0.52	0.52	0	0	0.4
173100	0.4	0.52	0.52	0	0	0.4
173200	0.4	0.52	0.52	0	0	0.4
173300	0.4	0.52	0.52	0	0	0.4
173400	0.4	0.52	0.52	0	0	0.4
173500	0.4	0.52	0.52	0	0	0.4
173600	0.41	0.52	0.52	0	0	0.41
173700	0.41	0.52	0.52	0	0	0.41
173800	0.41	0.52	0.52	0	0	0.41
173900	0.41	0.52	0.52	0	0	0.41
174000	0.41	0.52	0.52	0	0	0.41
174100	0.41	0.52	0.52	0	0	0.41
174200	0.41	0.52	0.52	0	0	0.41
174300	0.41	0.52	0.52	0	0	0.41
174400	0.41	0.52	0.52	0	0	0.41
174500	0.41	0.52	0.52	0	0	0.41
174600	0.41	0.52	0.52	0	0	0.41
174700	0.41	0.52	0.52	0	0	0.41
174800	0.4	0.52	0.52	0	0	0.4
174900	0.4	0.52	0.52	0	0	0.4
175000	0.4	0.52	0.52	0	0	0.4
175100	0.4	0.52	0.52	0	0	0.4
175200	0.4	0.52	0.52	0	0	0.4
175300	0.4	0.52	0.52	0	0	0.4
175400	0.4	0.52	0.52	0	0	0.4
175500	0.4	0.52	0.52	0	0	0.4
175600	0.4	0.52	0.52	0	0	0.4
175700	0.4	0.52	0.52	0	0	0.4
175800	0.4	0.52	0.52	0	0	0.4
175900	0.4	0.52	0.52	0	0	0.4
176000	0.4	0.52	0.52	0	0	0.4
176100	0.4	0.52	0.52	0	0	0.4
176200	0.4	0.52	0.52	0	0	0.4
176300	0.4	0.52	0.52	0	0	0.4
176400	0.4	0.52	0.52	0	0	0.4
176500	0.4	0.52	0.52	0	0	0.4
176600	0.4	0.52	0.52	0	0	0.4
176700	0.4	0.52	0.52	0	0	0.4
176800	0.4	0.52	0.52	0	0	0.4
176900	0.4	0.52	0.52	0	0	0.4
177000	0.4	0.52	0.52	0	0	0.4
177100	0.4	0.52	0.52	0	0	0.4
177200	0.4	0.52	0.52	0	0	0.4
177300	0.4	0.52	0.52	0	0	0.4
177400	0.4	0.52	0.52	0	0	0.4
177500	0.4	0.52	0.52	0	0	0.4
177600	0.4	0.52	0.52	0	0	0.4
177700	0.4	0.52	0.52	0	0	0.4
177800	0.4	0.52	0.52	0	0	0.4
177900	0.4	0.52	0.52	0	0	0.4
178000	0.4	0.52	0.52	0	0	0.4
178100	0.4	0.52	0.52	0	0	0.4
178200	0.4	0.52	0.52	0	0	0.4
178300	0.4	0.52	0.52	0	0	0.4
178400	0.4	0.52	0.52	0	0	0.4
178500	0.4	0.52	0.52	0	0	0.4
178600	0.4	0.52	0.52	0	0	0.4
178700	0.4	0.52	0.52	0	0	0.4
178800	0.39	0.53	0.53	0	0	0.39
178900	0.39	0.53	0.53	0	0	0.39
179000	0.39	0.53	0.53	0	0	0.39
179100	0.39	0.53	0.53	0	0	0.39
179200	0.39	0.53	0.53	0	0	0.39
179300	0.39	0.53	0.53	0	0	0.39
179400	0.39	0.53	0.53	0	0	0.39
179500	0.39	0.53	0.53	0	0	0.39
179600	0.39	0.53	0.53	0	0	0.39
179700	0.39	0.53	0.53	0	0	0.39
179800	0.39	0.53	0.53	0	0	0.39
179900	0.39	0.53	0.53	0	0	0.39
180000	0.39	0.53	0.53	0	0	0.39
180100	0.39	0.53	0.53	0	0	0.39
180200	0.39	0.53	0.53	0	0	0.39
180300	0.38	0.53	0.53	0	0	0.38
180400	0.38	0.53	0.53	0	0	0.38
180500	0.38	0.53	0.53	0	0	0.38
180600	0.38	0.53	0.53	0	0	0.38
180700	0.38	0.53	0.53	0	0	0.38
180800	0.38	0.53	0.53	0	0	0.38
180900	0.38	0.53	0.53	0	0	0.38
181000	0.38	0.53	0.53	0	0	0.38
181100	0.38	0.54	0.54	0	0	0.38
181200	0.38	0.53	0.53	0	0	0.38
181300	0.38	0.53	0.53	0	0	0.38
181400	0.38	0.53	0.53	0	0	0.38
181500	0.38	0.53	0.53	0	0	0.38
181600	0.38	0.53	0.53	0	0	0.38
181700	0.38	0.53	0.53	0	0	0.38
181800	0.38	0.53	0.53	0	0	0.38
181900	0.38	0.53	0.53	0	0	0.38
182000	0.39	0.53	0.53	0	0	0.39
182100	0.39	0.53	0.53	0	0	0.39
182200	0.39	0.53	0.53	0	0	0.39
182300	0.39	0.53	0.53	0	0	0.39
182400	0.39	0.53	0.53	0	0	0.39
182500	0.39	0.53	0.53	0	0	0.39
182600	0.39	0.53	0.53	0	0	0.39
182700	0.39	0.53	0.53	0	0	0.39
182800	0.39	0.53	0.53	0	0	0.39
182900	0.39	0.53	0.53	0	0	0.39
183000	0.39	0.53	0.53	0	0	0.39
183100	0.39	0.53	0.53	0	0	0.39
183200	0.39	0.53	0.53	0	0	0.39
183300	0.39	0.53	0.53	0	0	0.39
183400	0.39	0.53	0.53	0	0	0.39
183500	0.39	0.53	0.53	0	0	0.39
183600	0.39	0.53	0.53	0	0	0.39
183700	0.39	0.53	0.53	0	0	0.39
183800	0.39	0.53	0.53	0	0	0.39
183900	0.39	0.53	0.53	0	0	0.39
184000	0.39	0.53	0.53	0	0	0.39
184100	0.39	0.53	0.53	0	0	0.39
184200	0.39	0.53	0.53	0	0	0.39
184300	0.39	0.53	0.53	0	0	0.39
184400	0.39	0.53	0.53	0	0	0.39
184500	0.39	0.53	0.53	0	0	0.39
184600	0.39	0.53	0.53	0	0	0.39
184700	0.39	0.53	0.53	0	0	0.39
184800	0.39	0.53	0.53	0	0	0.39
184900	0.39	0.53	0.53	0	0	0.39
185000	0.39	0.53	0.53	0	0	0.39
185100	0.4	0.53	0.53	0	0	0.4
185200	0.4	0.53	0.53	0	0	0.4
185300	0.39	0.53	0.53	0	0	0.39
185400	0.39	0.53	0.53	0	0	0.39
185500	0.39	0.53	0.53	0	0	0.39
185600	0.39	0.53	0.53	0	0	0.39
185700	0.39	0.53	0.53	0	0	0.39
185800	0.39	0.53	0.53	0	0	0.39
185900	0.39	0.53	0.53	0	0	0.39
186000	0.39	0.53	0.53	0	0	0.39
186100	0.39	0.53	0.53	0	0	0.39
186200	0.39	0.53	0.53	0	0	0.39
186300	0.39	0.53	0.53	0	0	0.39
186400	0.39	0.53	0.53	0	0	0.39
186500	0.39	0.53	0.53	0	0	0.39
186600	0.39	0.53	0.53	0	0	0.39
186700	0.39	0.53	0.53	0	0	0.39
186800	0.39	0.53	0.53	0	0	0.39
186900	0.39	0.54	0.54	0	0	0.39
187000	0.39	0.53	0.53	0	0	0.39
187100	0.39	0.53	0.53	0	0	0.39
187200	0.39	0.53	0.53	0	0	0.39
187300	0.39	0.53	0.53	0	0	0.39
187400	0.39	0.53	0.53	0	0	0.39
187500	0.39	0.53	0.53	0	0	0.39
187600	0.39	0.53	0.53	0	0	0.39
187700	0.39	0.53	0.53	0	0	0.39
187800	0.39	0.53	0.53	0	0	0.39
187900	0.39	0.53	0.53	0	0	0.39
188000	0.4	0.53	0.53	0	0	0.4
188100	0.39	0.53	0.53	0	0	0.39
188200	0.39	0.53	0.53	0	0	0.39
188300	0.39	0.53	0.53	0	0	0.39
188400	0.39	0.53	0.53	0	0	0.39
188500	0.39	0.53	0.53	0	0	0.39
188600	0.39	0.53	0.53	0	0	0.39
188700	0.39	0.53	0.53	0	0	0.39
188800	0.39	0.53	0.53	0	0	0.39
188900	0.39	0.53	0.53	0	0	0.39
189000	0.39	0.53	0.53	0	0	0.39
189100	0.39	0.53	0.53	0	0	0.39
189200	0.39	0.53	0.53	0	0	0.39
189300	0.39	0.53	0.53	0	0	0.39
189400	0.39	0.53	0.53	0	0	0.39
189500	0.39	0.53	0.53	0	0	0.39
189600	0.39	0.53	0.53	0	0	0.39
189700	0.39	0.53	0.53	0	0	0.39
189800	0.39	0.53	0.53	0	0	0.39
189900	0.39	0.53	0.53	0	0	0.39
190000	0.39	0.53	0.53	0	0	0.39
190100	0.39	0.53	0.53	0	0	0.39
190200	0.39	0.53	0.53	0	0	0.39
190300	0.4	0.54	0.54	0	0	0.4
190400	0.4	0.53	0.53	0	0	0.4
190500	0.4	0.53	0.53	0	0	0.4
190600	0.4	0.53	0.53	0	0	0.4
190700	0.4	0.53	0.53	0	0	0.4
190800	0.4	0.53	0.53	0	0	0.4
190900	0.4	0.53	0.53	0	0	0.4
191000	0.4	0.53	0.53	0	0	0.4
191100	0.4	0.53	0.53	0	0	0.4
191200	0.4	0.53	0.53	0	0	0.4
191300	0.4	0.53	0.53	0	0	0.4
191400	0.4	0.53	0.53	0	0	0.4
191500	0.4	0.53	0.53	0	0	0.4
191600	0.4	0.53	0.53	0	0	0.4
191700	0.4	0.53	0.53	0	0	0.4
191800	0.4	0.53	0.53	0	0	0.4
191900	0.4	0.53	0.53	0	0	0.4
192000	0.4	0.53	0.53	0	0	0.4
192100	0.4	0.53	0.53	0	0	0.4
192200	0.4	0.53	0.53	0	0	0.4
192300	0.4	0.53	0.53	0	0	0.4
192400	0.4	0.53	0.53	0	0	0.4
192500	0.4	0.53	0.53	0	0	0.4
192600	0.4	0.53	0.53	0	0	0.4
192700	0.4	0.53	0.53	0	0	0.4
192800	0.4	0.53	0.53	0	0	0.4
192900	0.4	0.53	0.53	0	0	0.4
193000	0.4	0.53	0.53	0	0	0.4
193100	0.4	0.53	0.53	0	0	0.4
193200	0.4	0.53	0.53	0	0	0.4
193300	0.4	0.53	0.53	0	0	0.4
193400	0.4	0.53	0.53	0	0	0.4
193500	0.4	0.53	0.53	0	0	0.4
193600	0.4	0.53	0.53	0	0	0.4
193700	0.4	0.53	0.53	0	0	0.4
193800	0.4	0.54	0.54	0	0	0.4
193900	0.4	0.53	0.53	0	0	0.4
194000	0.4	0.53	0.53	0	0	0.4
194100	0.41	0.53	0.53	0	0	0.41
194200	0.41	0.53	0.53	0	0	0.41
194300	0.4	0.53	0.53	0	0	0.4
194400	0.4	0.53	0.53	0	0	0.4
194500	0.4	0.53	0.53	0	0	0.4
194600	0.4	0.53	0.53	0	0	0.4
194700	0.4	0.52	0.52	0	0	0.4
194800	0.4	0.52	0.52	0	0	0.4
194900	0.39	0.52	0.52	0	0	0.39
195000	0.39	0.52	0.52	0	0	0.39
195100	0.39	0.52	0.52	0	0	0.39
195200	0.39	0.52	0.52	0	0	0.39
195300	0.39	0.52	0.52	0	0	0.39
195400	0.39	0.51	0.51	0	0	0.39
195500	0.39	0.51	0.51	0	0	0.39
195600	0.39	0.51	0.51	0	0	0.39
195700	0.4	0.51	0.51	0	0	0.4
195800	0.4	0.51	0.51	0	0	0.4
195900	0.4	0.51	0.51	0	0	0.4
196000	0.4	0.51	0.51	0	0	0.4
196100	0.4	0.51	0.51	0	0	0.4
196200	0.4	0.51	0.51	0	0	0.4
196300	0.4	0.51	0.51	0	0	0.4
196400	0.4	0.51	0.51	0	0	0.4
196500	0.4	0.51	0.51	0	0	0.4
196600	0.4	0.51	0.51	0	0	0.4
196700	0.4	0.51	0.51	0	0	0.4
196800	0.4	0.51	0.51	0	0	0.4
196900	0.4	0.51	0.51	0	0	0.4
197000	0.4	0.51	0.51	0	0	0.4
197100	0.4	0.51	0.51	0	0	0.4
197200	0.4	0.51	0.51	0	0	0.4
197300	0.4	0.51	0.51	0	0	0.4
197400	0.39	0.51	0.51	0	0	0.39
197500	0.39	0.51	0.51	0	0	0.39
197600	0.39	0.51	0.51	0	0	0.39
197700	0.39	0.51	0.51	0	0	0.39
197800	0.39	0.51	0.51	0	0	0.39
197900	0.39	0.51	0.51	0	0	0.39
198000	0.39	0.51	0.51	0	0	0.39
198100	0.39	0.51	0.51	0	0	0.39
198200	0.39	0.51	0.51	0	0	0.39
198300	0.39	0.51	0.51	0	0	0.39
198400	0.39	0.51	0.51	0	0	0.39
198500	0.39	0.51	0.51	0	0	0.39
198600	0.39	0.51	0.51	0	0	0.39
198700	0.39	0.51	0.51	0	0	0.39
198800	0.39	0.51	0.51	0	0	0.39
198900	0.39	0.51	0.51	0	0	0.39
199000	0.39	0.51	0.51	0	0	0.39
199100	0.39	0.51	0.51	0	0	0.39
199200	0.39	0.51	0.51	0	0	0.39
199300	0.39	0.51	0.51	0	0	0.39
199400	0.39	0.51	0.51	0	0	0.39
199500	0.39	0.51	0.51	0	0	0.39
199600	0.39	0.52	0.52	0	0	0.39
199700	0.39	0.51	0.51	0	0	0.39
199800	0.39	0.51	0.51	0	0	0.39
199900	0.38	0.51	0.51	0	0	0.38
200000	0.38	0.51	0.51	0	0	0.38
200100	0.38	0.51	0.51	0	0	0.38
200200	0.38	0.51	0.51	0	0	0.38
200300	0.38	0.51	0.51	0	0	0.38
200400	0.38	0.51	0.51	0	0	0.38
200500	0.38	0.51	0.51	0	0	0.38
200600	0.38	0.51	0.51	0	0	0.38
200700	0.39	0.51	0.51	0	0	0.39
200800	0.39	0.51	0.51	0	0	0.39
200900	0.39	0.51	0.51	0	0	0.39
201000	0.39	0.51	0.51	0	0	0.39
201100	0.39	0.51	0.51	0	0	0.39
201200	0.39	0.51	0.51	0	0	0.39
201300	0.39	0.51	0.51	0	0	0.39
201400	0.39	0.51	0.51	0	0	0.39
201500	0.39	0.51	0.51	0	0	0.39
201600	0.39	0.51	0.51	0	0	0.39
201700	0.39	0.51	0.51	0	0	0.39
201800	0.39	0.51	0.51	0	0	0.39
201900	0.39	0.51	0.51	0	0	0.39
202000	0.39	0.51	0.51	0	0	0.39
202100	0.39	0.51	0.51	0	0	0.39
202200	0.39	0.51	0.51	0	0	0.39
202300	0.39	0.51	0.51	0	0	0.39
202400	0.39	0.51	0.51	0	0	0.39
202500	0.39	0.51	0.51	0	0	0.39
202600	0.39	0.51	0.51	0	0	0.39
202700	0.39	0.51	0.51	0	0	0.39
202800	0.4	0.51	0.51	0	0	0.4
202900	0.4	0.51	0.51	0	0	0.4
203000	0.38	0.51	0.51	0	0	0.38
203100	0.38	0.51	0.51	0	0	0.38
203200	0.38	0.51	0.51	0	0	0.38
203300	0.38	0.51	0.51	0	0	0.38
203400	0.38	0.51	0.51	0	0	0.38
203500	0.38	0.51	0.51	0	0	0.38
203600	0.38	0.51	0.51	0	0	0.38
203700	0.38	0.51	0.51	0	0	0.38
203800	0.38	0.51	0.51	0	0	0.38
203900	0.38	0.51	0.51	0	0	0.38
204000	0.38	0.51	0.51	0	0	0.38
204100	0.38	0.51	0.51	0	0	0.38
204200	0.38	0.51	0.51	0	0	0.38
204300	0.38	0.51	0.51	0	0	0.38
204400	0.38	0.51	0.51	0	0	0.38
204500	0.38	0.51	0.51	0	0	0.38
204600	0.38	0.51	0.51	0	0	0.38
204700	0.39	0.51	0.51	0	0	0.39
204800	0.39	0.51	0.51	0	0	0.39
204900	0.39	0.51	0.51	0	0	0.39
205000	0.39	0.51	0.51	0	0	0.39
205100	0.39	0.51	0.51	0	0	0.39
205200	0.39	0.51	0.51	0	0	0.39
205300	0.4	0.51	0.51	0	0	0.4
205400	0.4	0.51	0.51	0	0	0.4
205500	0.4	0.5	0.5	0	0	0.4
205600	0.4	0.49	0.49	0	0	0.4
205700	0.4	0.49	0.49	0	0	0.4
205800	0.4	0.49	0.49	0	0	0.4
205900	0.4	0.49	0.49	0	0	0.4
206000	0.4	0.49	0.49	0	0	0.4
206100	0.4	0.49	0.49	0	0	0.4
206200	0.4	0.49	0.49	0	0	0.4
206300	0.4	0.49	0.49	0	0	0.4
206400	0.4	0.49	0.49	0	0	0.4
206500	0.4	0.49	0.49	0	0	0.4
206600	0.4	0.49	0.49	0	0	0.4
206700	0.41	0.49	0.49	0	0	0.41
206800	0.4	0.49	0.49	0	0	0.4
206900	0.39	0.49	0.49	0	0	0.39
207000	0.39	0.49	0.49	0	0	0.39
207100	0.39	0.49	0.49	0	0	0.39
207200	0.39	0.49	0.49	0	0	0.39
207300	0.39	0.49	0.49	0	0	0.39
207400	0.39	0.49	0.49	0	0	0.39
207500	0.39	0.49	0.49	0	0	0.39
207600	0.39	0.49	0.49	0	0	0.39
207700	0.39	0.49	0.49	0	0	0.39
207800	0.39	0.49	0.49	0	0	0.39
207900	0.39	0.49	0.49	0	0	0.39
208000	0.39	0.49	0.49	0	0	0.39
208100	0.39	0.49	0.49	0	0	0.39
208200	0.39	0.49	0.49	0	0	0.39
208300	0.39	0.5	0.5	0	0	0.39
208400	0.37	0.5	0.5	0	0	0.37
208500	0.37	0.5	0.5	0	0	0.37
208600	0.37	0.5	0.5	0	0	0.37
208700	0.38	0.5	0.5	0	0	0.38
208800	0.38	0.5	0.5	0	0	0.38
208900	0.38	0.5	0.5	0	0	0.38
209000	0.37	0.5	0.5	0	0	0.37
209100	0.37	0.5	0.5	0	0	0.37
209200	0.37	0.5	0.5	0	0	0.37
209300	0.37	0.5	0.5	0	0	0.37
209400	0.38	0.5	0.5	0	0	0.38
209500	0.38	0.5	0.5	0	0	0.38
209600	0.38	0.5	0.5	0	0	0.38
209700	0.38	0.5	0.5	0	0	0.38
209800	0.38	0.5	0.5	0	0	0.38
209900	0.38	0.5	0.5	0	0	0.38
210000	0.38	0.5	0.5	0	0	0.38
210100	0.38	0.5	0.5	0	0	0.38
210200	0.38	0.5	0.5	0	0	0.38
210300	0.38	0.5	0.5	0	0	0.38
210400	0.38	0.5	0.5	0	0	0.38
210500	0.37	0.5	0.5	0	0	0.37
210600	0.36	0.5	0.5	0	0	0.36
210700	0.36	0.5	0.5	0	0	0.36
210800	0.36	0.5	0.5	0	0	0.36
210900	0.36	0.5	0.5	0	0	0.36
211000	0.36	0.5	0.5	0	0	0.36
211100	0.36	0.5	0.5	0	0	0.36
211200	0.36	0.5	0.5	0	0	0.36
211300	0.37	0.5	0.5	0	0	0.37
211400	0.37	0.5	0.5	0	0	0.37
211500	0.36	0.5	0.5	0	0	0.36
211600	0.36	0.5	0.5	0	0	0.36
211700	0.36	0.5	0.5	0	0	0.36
211800	0.36	0.5	0.5	0	0	0.36
211900	0.36	0.5	0.5	0	0	0.36
212000	0.36	0.5	0.5	0	0	0.36
212100	0.36	0.5	0.5	0	0	0.36
212200	0.36	0.5	0.5	0	0	0.36
212300	0.36	0.5	0.5	0	0	0.36
212400	0.36	0.5	0.5	0	0	0.36
212500	0.36	0.5	0.5	0	0	0.36
212600	0.36	0.5	0.5	0	0	0.36
212700	0.36	0.5	0.5	0	0	0.36
212800	0.36	0.5	0.5	0	0	0.36
212900	0.36	0.5	0.5	0	0	0.36
213000	0.36	0.5	0.5	0	0	0.36
213100	0.36	0.5	0.5	0	0	0.36
213200	0.36	0.5	0.5	0	0	0.36
213300	0.36	0.5	0.5	0	0	0.36
213400	0.36	0.5	0.5	0	0	0.36
213500	0.36	0.5	0.5	0	0	0.36
213600	0.36	0.49	0.49	0	0	0.36
213700	0.36	0.49	0.49	0	0	0.36
213800	0.36	0.49	0.49	0	0	0.36
213900	0.36	0.49	0.49	0	0	0.36
214000	0.36	0.49	0.49	0	0	0.36
214100	0.36	0.49	0.49	0	0	0.36
214200	0.36	0.49	0.49	0	0	0.36
214300	0.36	0.49	0.49	0	0	0.36
214400	0.36	0.49	0.49	0	0	0.36
214500	0.36	0.49	0.49	0	0	0.36
214600	0.36	0.49	0.49	0	0	0.36
214700	0.36	0.49	0.49	0	0	0.36
214800	0.36	0.49	0.49	0	0	0.36
214900	0.36	0.49	0.49	0	0	0.36
215000	0.36	0.49	0.49	0	0	0.36
215100	0.37	0.49	0.49	0	0	0.37
215200	0.37	0.49	0.49	0	0	0.37
215300	0.38	0.49	0.49	0	0	0.38
215400	0.37	0.5	0.5	0	0	0.37
215500	0.37	0.5	0.5	0	0	0.37
215600	0.37	0.5	0.5	0	0	0.37
215700	0.37	0.5	0.5	0	0	0.37
215800	0.37	0.5	0.5	0	0	0.37
215900	0.37	0.5	0.5	0	0	0.37
216000	0.37	0.51	0.51	0	0	0.37
216100	0.37	0.5	0.5	0	0	0.37
216200	0.37	0.5	0.5	0	0	0.37
216300	0.37	0.5	0.5	0	0	0.37
216400	0.37	0.5	0.5	0	0	0.37
216500	0.38	0.5	0.5	0	0	0.38
216600	0.37	0.5	0.5	0	0	0.37
216700	0.37	0.5	0.5	0	0	0.37
216800	0.37	0.5	0.5	0	0	0.37
216900	0.37	0.5	0.5	0	0	0.37
217000	0.37	0.5	0.5	0	0	0.37
217100	0.37	0.51	0.51	0	0	0.37
217200	0.37	0.51	0.51	0	0	0.37
217300	0.37	0.51	0.51	0	0	0.37
217400	0.37	0.51	0.51	0	0	0.37
217500	0.37	0.52	0.52	0	0	0.37
217600	0.37	0.52	0.52	0	0	0.37
217700	0.37	0.52	0.52	0	0	0.37
217800	0.37	0.52	0.52	0	0	0.37
217900	0.37	0.52	0.52	0	0	0.37
218000	0.37	0.52	0.52	0	0	0.37
218100	0.37	0.52	0.52	0	0	0.37
218200	0.37	0.52	0.52	0	0	0.37
218300	0.38	0.52	0.52	0	0	0.38
218400	0.38	0.52	0.52	0	0	0.38
218500	0.38	0.52	0.52	0	0	0.38
218600	0.38	0.52	0.52	0	0	0.38
218700	0.38	0.52	0.52	0	0	0.38
218800	0.38	0.52	0.52	0	0	0.38
218900	0.38	0.52	0.52	0	0	0.38
219000	0.38	0.52	0.52	0	0	0.38
219100	0.38	0.52	0.52	0	0	0.38
219200	0.38	0.52	0.52	0	0	0.38
219300	0.38	0.52	0.52	0	0	0.38
219400	0.38	0.51	0.51	0	0	0.38
219500	0.38	0.51	0.51	0	0	0.38
219600	0.38	0.51	0.51	0	0	0.38
219700	0.38	0.51	0.51	0	0	0.38
219800	0.39	0.51	0.51	0	0	0.39
219900	0.39	0.51	0.51	0	0	0.39
220000	0.39	0.51	0.51	0	0	0.39
220100	0.38	0.51	0.51	0	0	0.38
220200	0.38	0.51	0.51	0	0	0.38
220300	0.37	0.51	0.51	0	0	0.37
220400	0.38	0.52	0.52	0	0	0.38
220500	0.38	0.51	0.51	0	0	0.38
220600	0.38	0.51	0.51	0	0	0.38
220700	0.38	0.51	0.51	0	0	0.38
220800	0.38	0.51	0.51	0	0	0.38
220900	0.38	0.51	0.51	0	0	0.38
221000	0.38	0.51	0.51	0	0	0.38
221100	0.38	0.52	0.52	0	0	0.38
221200	0.38	0.51	0.51	0	0	0.38
221300	0.38	0.52	0.52	0	0	0.38
221400	0.38	0.52	0.52	0	0	0.38
221500	0.38	0.52	0.52	0	0	0.38
221600	0.39	0.52	0.52	0	0	0.39
221700	0.38	0.52	0.52	0	0	0.38
221800	0.38	0.52	0.52	0	0	0.38
221900	0.38	0.52	0.52	0	0	0.38
222000	0.38	0.52	0.52	0	0	0.38
222100	0.38	0.52	0.52	0	0	0.38
222200	0.38	0.52	0.52	0	0	0.38
222300	0.38	0.52	0.52	0	0	0.38
222400	0.38	0.52	0.52	0	0	0.38
222500	0.38	0.52	0.52	0	0	0.38
222600	0.38	0.52	0.52	0	0	0.38
222700	0.38	0.52	0.52	0	0	0.38
222800	0.38	0.52	0.52	0	0	0.38
222900	0.38	0.52	0.52	0	0	0.38
223000	0.38	0.52	0.52	0	0	0.38
223100	0.38	0.52	0.52	0	0	0.38
223200	0.38	0.52	0.52	0	0	0.38
223300	0.38	0.52	0.52	0	0	0.38
223400	0.38	0.52	0.52	0	0	0.38
223500	0.38	0.52	0.52	0	0	0.38
223600	0.38	0.52	0.52	0	0	0.38
223700	0.38	0.52	0.52	0	0	0.38
223800	0.38	0.52	0.52	0	0	0.38
223900	0.38	0.52	0.52	0	0	0.38
224000	0.38	0.52	0.52	0	0	0.38
224100	0.38	0.52	0.52	0	0	0.38
224200	0.38	0.52	0.52	0	0	0.38
224300	0.38	0.52	0.52	0	0	0.38
224400	0.38	0.52	0.52	0	0	0.38
224500	0.38	0.52	0.52	0	0	0.38
224600	0.38	0.52	0.52	0	0	0.38
224700	0.38	0.52	0.52	0	0	0.38
224800	0.38	0.52	0.52	0	0	0.38
224900	0.38	0.52	0.52	0	0	0.38
225000	0.38	0.52	0.52	0	0	0.38
225100	0.38	0.52	0.52	0	0	0.38
225200	0.38	0.52	0.52	0	0	0.38
225300	0.38	0.52	0.52	0	0	0.38
225400	0.38	0.52	0.52	0	0	0.38
225500	0.38	0.52	0.52	0	0	0.38
225600	0.38	0.52	0.52	0	0	0.38
225700	0.38	0.52	0.52	0	0	0.38
225800	0.38	0.52	0.52	0	0	0.38
225900	0.38	0.52	0.52	0	0	0.38
226000	0.38	0.52	0.52	0	0	0.38
226100	0.38	0.51	0.51	0	0	0.38
226200	0.38	0.51	0.51	0	0	0.38
226300	0.38	0.51	0.51	0	0	0.38
226400	0.38	0.51	0.51	0	0	0.38
226500	0.38	0.51	0.51	0	0	0.38
226600	0.38	0.51	0.51	0	0	0.38
226700	0.38	0.51	0.51	0	0	0.38
226800	0.37	0.51	0.51	0	0	0.37
226900	0.37	0.51	0.51	0	0	0.37
227000	0.37	0.51	0.51	0	0	0.37
227100	0.37	0.51	0.51	0	0	0.37
227200	0.37	0.51	0.51	0	0	0.37
227300	0.37	0.51	0.51	0	0	0.37
227400	0.37	0.51	0.51	0	0	0.37
227500	0.37	0.51	0.51	0	0	0.37
227600	0.37	0.51	0.51	0	0	0.37
227700	0.37	0.51	0.51	0	0	0.37
227800	0.37	0.51	0.51	0	0	0.37
227900	0.37	0.51	0.51	0	0	0.37
228000	0.37	0.51	0.51	0	0	0.37
228100	0.37	0.51	0.51	0	0	0.37
228200	0.37	0.51	0.51	0	0	0.37
228300	0.37	0.51	0.51	0	0	0.37
228400	0.37	0.51	0.51	0	0	0.37
228500	0.37	0.51	0.51	0	0	0.37
228600	0.37	0.51	0.51	0	0	0.37
228700	0.37	0.51	0.51	0	0	0.37
228800	0.37	0.51	0.51	0	0	0.37
228900	0.37	0.51	0.51	0	0	0.37
229000	0.37	0.51	0.51	0	0	0.37
229100	0.37	0.51	0.51	0	0	0.37
229200	0.37	0.51	0.51	0	0	0.37
229300	0.38	0.51	0.51	0	0	0.38
229400	0.38	0.51	0.51	0	0	0.38
229500	0.38	0.51	0.51	0	0	0.38
229600	0.38	0.51	0.51	0	0	0.38
229700	0.38	0.51	0.51	0	0	0.38
229800	0.38	0.51	0.51	0	0	0.38
229900	0.38	0.51	0.51	0	0	0.38
230000	0.38	0.51	0.51	0	0	0.38
230100	0.38	0.51	0.51	0	0	0.38
230200	0.38	0.51	0.51	0	0	0.38
230300	0.38	0.51	0.51	0	0	0.38
230400	0.38	0.51	0.51	0	0	0.38
230500	0.38	0.51	0.51	0	0	0.38
230600	0.38	0.51	0.51	0	0	0.38
230700	0.38	0.51	0.51	0	0	0.38
230800	0.38	0.51	0.51	0	0	0.38
230900	0.38	0.51	0.51	0	0	0.38
231000	0.38	0.51	0.51	0	0	0.38
231100	0.38	0.51	0.51	0	0	0.38
231200	0.38	0.51	0.51	0	0	0.38
231300	0.38	0.51	0.51	0	0	0.38
231400	0.38	0.51	0.51	0	0	0.38
231500	0.38	0.51	0.51	0	0	0.38
231600	0.38	0.51	0.51	0	0	0.38
231700	0.38	0.51	0.51	0	0	0.38
231800	0.38	0.51	0.51	0	0	0.38
231900	0.38	0.51	0.51	0	0	0.38
232000	0.38	0.51	0.51	0	0	0.38
232100	0.38	0.51	0.51	0	0	0.38
232200	0.38	0.51	0.51	0	0	0.38
232300	0.38	0.51	0.51	0	0	0.38
232400	0.38	0.51	0.51	0	0	0.38
232500	0.38	0.52	0.52	0	0	0.38
232600	0.37	0.52	0.52	0	0	0.37
232700	0.37	0.52	0.52	0	0	0.37
232800	0.37	0.52	0.52	0	0	0.37
232900	0.37	0.52	0.52	0	0	0.37
233000	0.37	0.52	0.52	0	0	0.37
233100	0.37	0.52	0.52	0	0	0.37
233200	0.37	0.52	0.52	0	0	0.37
233300	0.37	0.52	0.52	0	0	0.37
233400	0.37	0.52	0.52	0	0	0.37
233500	0.37	0.52	0.52	0	0	0.37
233600	0.37	0.52	0.52	0	0	0.37
233700	0.37	0.52	0.52	0	0	0.37
233800	0.37	0.52	0.52	0	0	0.37
233900	0.37	0.52	0.52	0	0	0.37
234000	0.37	0.52	0.52	0	0	0.37
234100	0.37	0.52	0.52	0	0	0.37
234200	0.37	0.52	0.52	0	0	0.37
234300	0.37	0.52	0.52	0	0	0.37
234400	0.37	0.51	0.51	0	0	0.37
234500	0.37	0.51	0.51	0	0	0.37
234600	0.37	0.51	0.51	0	0	0.37
234700	0.37	0.51	0.51	0	0	0.37
234800	0.37	0.51	0.51	0	0	0.37
234900	0.37	0.51	0.51	0	0	0.37
235000	0.37	0.52	0.52	0	0	0.37
235100	0.37	0.52	0.52	0	0	0.37
235200	0.37	0.52	0.52	0	0	0.37
235300	0.37	0.52	0.52	0	0	0.37
235400	0.37	0.52	0.52	0	0	0.37
235500	0.37	0.52	0.52	0	0	0.37
235600	0.37	0.52	0.52	0	0	0.37
235700	0.37	0.52	0.52	0	0	0.37
235800	0.37	0.52	0.52	0	0	0.37
235900	0.37	0.52	0.52	0	0	0.37
236000	0.37	0.52	0.52	0	0	0.37
236100	0.37	0.52	0.52	0	0	0.37
236200	0.37	0.51	0.51	0	0	0.37
236300	0.37	0.51	0.51	0	0	0.37
236400	0.37	0.51	0.51	0	0	0.37
236500	0.38	0.51	0.51	0	0	0.38
236600	0.38	0.51	0.51	0	0	0.38
236700	0.38	0.51	0.51	0	0	0.38
236800	0.38	0.51	0.51	0	0	0.38
236900	0.38	0.51	0.51	0	0	0.38
237000	0.38	0.51	0.51	0	0	0.38
237100	0.38	0.51	0.51	0	0	0.38
237200	0.38	0.51	0.51	0	0	0.38
237300	0.38	0.51	0.51	0	0	0.38
237400	0.38	0.51	0.51	0	0	0.38
237500	0.38	0.51	0.51	0	0	0.38
237600	0.38	0.51	0.51	0	0	0.38
237700	0.38	0.51	0.51	0	0	0.38
237800	0.38	0.51	0.51	0	0	0.38
237900	0.38	0.51	0.51	0	0	0.38
238000	0.38	0.51	0.51	0	0	0.38
238100	0.38	0.51	0.51	0	0	0.38
238200	0.38	0.51	0.51	0	0	0.38
238300	0.38	0.51	0.51	0	0	0.38
238400	0.38	0.51	0.51	0	0	0.38
238500	0.38	0.51	0.51	0	0	0.38
238600	0.38	0.51	0.51	0	0	0.38
238700	0.38	0.51	0.51	0	0	0.38
238800	0.38	0.51	0.51	0	0	0.38
238900	0.38	0.51	0.51	0	0	0.38
239000	0.38	0.51	0.51	0	0	0.38
239100	0.38	0.51	0.51	0	0	0.38
239200	0.38	0.51	0.51	0	0	0.38
239300	0.38	0.51	0.51	0	0	0.38
239400	0.38	0.51	0.51	0	0	0.38
239500	0.38	0.51	0.51	0	0	0.38
239600	0.39	0.51	0.51	0	0	0.39
239700	0.39	0.51	0.51	0	0	0.39
239800	0.39	0.51	0.51	0	0	0.39
239900	0.39	0.51	0.51	0	0	0.39
240000	0.39	0.51	0.51	0	0	0.39
240100	0.39	0.51	0.51	0	0	0.39
240200	0.39	0.51	0.51	0	0	0.39
240300	0.39	0.51	0.51	0	0	0.39
240400	0.39	0.51	0.51	0	0	0.39
240500	0.39	0.51	0.51	0	0	0.39
240600	0.39	0.51	0.51	0	0	0.39
240700	0.39	0.51	0.51	0	0	0.39
240800	0.39	0.51	0.51	0	0	0.39
240900	0.39	0.51	0.51	0	0	0.39
241000	0.39	0.51	0.51	0	0	0.39
241100	0.39	0.51	0.51	0	0	0.39
241200	0.39	0.51	0.51	0	0	0.39
241300	0.39	0.51	0.51	0	0	0.39
241400	0.39	0.51	0.51	0	0	0.39
241500	0.39	0.51	0.51	0	0	0.39
241600	0.39	0.51	0.51	0	0	0.39
241700	0.39	0.51	0.51	0	0	0.39
241800	0.39	0.51	0.51	0	0	0.39
241900	0.39	0.51	0.51	0	0	0.39
242000	0.39	0.51	0.51	0	0	0.39
242100	0.39	0.51	0.51	0	0	0.39
242200	0.39	0.51	0.51	0	0	0.39
242300	0.39	0.51	0.51	0	0	0.39
242400	0.39	0.51	0.51	0	0	0.39
242500	0.39	0.51	0.51	0	0	0.39
242600	0.39	0.51	0.51	0	0	0.39
242700	0.39	0.51	0.51	0	0	0.39
242800	0.39	0.51	0.51	0	0	0.39
242900	0.39	0.51	0.51	0	0	0.39
243000	0.39	0.51	0.51	0	0	0.39
243100	0.39	0.51	0.51	0	0	0.39
243200	0.39	0.51	0.51	0	0	0.39
243300	0.39	0.51	0.51	0	0	0.39
243400	0.39	0.51	0.51	0	0	0.39
243500	0.39	0.51	0.51	0	0	0.39
243600	0.39	0.51	0.51	0	0	0.39
243700	0.39	0.51	0.51	0	0	0.39
243800	0.39	0.51	0.51	0	0	0.39
243900	0.39	0.51	0.51	0	0	0.39
244000	0.39	0.52	0.52	0	0	0.39
244100	0.39	0.52	0.52	0	0	0.39
244200	0.39	0.51	0.51	0	0	0.39
244300	0.39	0.51	0.51	0	0	0.39
244400	0.39	0.51	0.51	0	0	0.39
244500	0.39	0.51	0.51	0	0	0.39
244600	0.39	0.51	0.51	0	0	0.39
244700	0.39	0.51	0.51	0	0	0.39
244800	0.38	0.51	0.51	0	0	0.38
244900	0.38	0.5	0.5	0	0	0.38
245000	0.38	0.5	0.5	0	0	0.38
245100	0.38	0.5	0.5	0	0	0.38
245200	0.38	0.5	0.5	0	0	0.38
245300	0.38	0.51	0.51	0	0	0.38
245400	0.38	0.51	0.51	0	0	0.38
245500	0.38	0.51	0.51	0	0	0.38
245600	0.38	0.51	0.51	0	0	0.38
245700	0.38	0.51	0.51	0	0	0.38
245800	0.38	0.51	0.51	0	0	0.38
245900	0.38	0.52	0.52	0	0	0.38
246000	0.38	0.51	0.51	0	0	0.38
246100	0.38	0.51	0.51	0	0	0.38
246200	0.38	0.51	0.51	0	0	0.38
246300	0.38	0.51	0.51	0	0	0.38
246400	0.39	0.51	0.51	0	0	0.39
246500	0.39	0.51	0.51	0	0	0.39
246600	0.39	0.51	0.51	0	0	0.39
246700	0.38	0.51	0.51	0	0	0.38
246800	0.38	0.51	0.51	0	0	0.38
246900	0.37	0.51	0.51	0	0	0.37
247000	0.37	0.51	0.51	0	0	0.37
247100	0.37	0.51	0.51	0	0	0.37
247200	0.37	0.51	0.51	0	0	0.37
247300	0.38	0.51	0.51	0	0	0.38
247400	0.38	0.51	0.51	0	0	0.38
247500	0.38	0.51	0.51	0	0	0.38
247600	0.38	0.51	0.51	0	0	0.38
247700	0.38	0.51	0.51	0	0	0.38
247800	0.38	0.51	0.51	0	0	0.38
247900	0.38	0.51	0.51	0	0	0.38
248000	0.38	0.51	0.51	0	0	0.38
248100	0.38	0.51	0.51	0	0	0.38
248200	0.38	0.51	0.51	0	0	0.38
248300	0.38	0.51	0.51	0	0	0.38
248400	0.38	0.51	0.51	0	0	0.38
248500	0.38	0.51	0.51	0	0	0.38
248600	0.36	0.51	0.51	0	0	0.36
248700	0.37	0.51	0.51	0	0	0.37
248800	0.36	0.51	0.51	0	0	0.36
248900	0.36	0.51	0.51	0	0	0.36
249000	0.36	0.51	0.51	0	0	0.36
249100	0.36	0.51	0.51	0	0	0.36
249200	0.36	0.51	0.51	0	0	0.36
249300	0.37	0.51	0.51	0	0	0.37
249400	0.37	0.51	0.51	0	0	0.37
249500	0.36	0.5	0.5	0	0	0.36
249600	0.36	0.5	0.5	0	0	0.36
249700	0.36	0.5	0.5	0	0	0.36
249800	0.36	0.5	0.5	0	0	0.36
249900	0.36	0.5	0.5	0	0	0.36
250000	0.36	0.5	0.5	0	0	0.36
250100	0.36	0.5	0.5	0	0	0.36
250200	0.36	0.5	0.5	0	0	0.36
250300	0.36	0.5	0.5	0	0	0.36
250400	0.36	0.5	0.5	0	0	0.36
250500	0.36	0.49	0.49	0	0	0.36
250600	0.37	0.49	0.49	0	0	0.37
250700	0.37	0.49	0.49	0	0	0.37
250800	0.37	0.49	0.49	0	0	0.37
250900	0.37	0.5	0.5	0	0	0.37
251000	0.37	0.5	0.5	0	0	0.37
251100	0.37	0.5	0.5	0	0	0.37
251200	0.37	0.5	0.5	0	0	0.37
251300	0.37	0.5	0.5	0	0	0.37
251400	0.37	0.5	0.5	0	0	0.37
251500	0.37	0.5	0.5	0	0	0.37
251600	0.36	0.5	0.5	0	0	0.36
251700	0.36	0.5	0.5	0	0	0.36
251800	0.36	0.5	0.5	0	0	0.36
251900	0.36	0.5	0.5	0	0	0.36
252000	0.36	0.5	0.5	0	0	0.36
252100	0.36	0.5	0.5	0	0	0.36
252200	0.36	0.5	0.5	0	0	0.36
252300	0.36	0.5	0.5	0	0	0.36
252400	0.36	0.49	0.49	0	0	0.36
252500	0.36	0.49	0.49	0	0	0.36
252600	0.37	0.49	0.49	0	0	0.37
252700	0.38	0.49	0.49	0	0	0.38
252800	0.37	0.49	0.49	0	0	0.37
252900	0.38	0.49	0.49	0	0	0.38
253000	0.37	0.49	0.49	0	0	0.37
253100	0.37	0.49	0.49	0	0	0.37
253200	0.37	0.49	0.49	0	0	0.37
253300	0.36	0.49	0.49	0	0	0.36
253400	0.36	0.49	0.49	0	0	0.36
253500	0.36	0.49	0.49	0	0	0.36
253600	0.36	0.49	0.49	0	0	0.36
253700	0.36	0.5	0.5	0	0	0.36
253800	0.36	0.5	0.5	0	0	0.36
253900	0.36	0.5	0.5	0	0	0.36
254000	0.36	0.5	0.5	0	0	0.36
254100	0.36	0.5	0.5	0	0	0.36
254200	0.36	0.5	0.5	0	0	0.36
254300	0.36	0.49	0.49	0	0	0.36
254400	0.36	0.49	0.49	0	0	0.36
254500	0.36	0.49	0.49	0	0	0.36
254600	0.36	0.49	0.49	0	0	0.36
254700	0.36	0.49	0.49	0	0	0.36
254800	0.36	0.49	0.49	0	0	0.36
254900	0.36	0.49	0.49	0	0	0.36
255000	0.36	0.49	0.49	0	0	0.36
255100	0.36	0.49	0.49	0	0	0.36
255200	0.36	0.5	0.5	0	0	0.36
255300	0.36	0.5	0.5	0	0	0.36
255400	0.36	0.5	0.5	0	0	0.36
255500	0.36	0.5	0.5	0	0	0.36
255600	0.36	0.51	0.51	0	0	0.36
255700	0.36	0.5	0.5	0	0	0.36
255800	0.36	0.5	0.5	0	0	0.36
255900	0.36	0.51	0.51	0	0	0.36
256000	0.36	0.51	0.51	0	0	0.36
256100	0.36	0.51	0.51	0	0	0.36
256200	0.36	0.5	0.5	0	0	0.36
256300	0.36	0.5	0.5	0	0	0.36
256400	0.36	0.5	0.5	0	0	0.36
256500	0.36	0.5	0.5	0	0	0.36
256600	0.36	0.5	0.5	0	0	0.36
256700	0.36	0.5	0.5	0	0	0.36
256800	0.36	0.5	0.5	0	0	0.36
256900	0.36	0.5	0.5	0	0	0.36
257000	0.36	0.5	0.5	0	0	0.36
257100	0.36	0.5	0.5	0	0	0.36
257200	0.36	0.5	0.5	0	0	0.36
257300	0.36	0.5	0.5	0	0	0.36
257400	0.37	0.5	0.5	0	0	0.37
257500	0.37	0.5	0.5	0	0	0.37
257600	0.37	0.5	0.5	0	0	0.37
257700	0.37	0.5	0.5	0	0	0.37
257800	0.37	0.5	0.5	0	0	0.37
257900	0.38	0.5	0.5	0	0	0.38
258000	0.38	0.5	0.5	0	0	0.38
258100	0.38	0.5	0.5	0	0	0.38
258200	0.38	0.5	0.5	0	0	0.38
258300	0.38	0.5	0.5	0	0	0.38
258400	0.38	0.5	0.5	0	0	0.38
258500	0.38	0.5	0.5	0	0	0.38
258600	0.38	0.5	0.5	0	0	0.38
258700	0.38	0.5	0.5	0	0	0.38
258800	0.38	0.51	0.51	0	0	0.38
258900	0.38	0.5	0.5	0	0	0.38
259000	0.38	0.5	0.5	0	0	0.38
259100	0.38	0.5	0.5	0	0	0.38
259200	0.38	0.5	0.5	0	0	0.38
259300	0.38	0.5	0.5	0	0	0.38
259400	0.38	0.5	0.5	0	0	0.38
259500	0.38	0.5	0.5	0	0	0.38
259600	0.38	0.5	0.5	0	0	0.38
259700	0.38	0.5	0.5	0	0	0.38
259800	0.38	0.5	0.5	0	0	0.38
259900	0.38	0.5	0.5	0	0	0.38
260000	0.38	0.5	0.5	0	0	0.38
260100	0.38	0.5	0.5	0	0	0.38
260200	0.38	0.5	0.5	0	0	0.38
260300	0.38	0.5	0.5	0	0	0.38
260400	0.38	0.5	0.5	0	0	0.38
260500	0.38	0.5	0.5	0	0	0.38
260600	0.38	0.5	0.5	0	0	0.38
260700	0.38	0.5	0.5	0	0	0.38
260800	0.38	0.5	0.5	0	0	0.38
260900	0.38	0.5	0.5	0	0	0.38
261000	0.38	0.5	0.5	0	0	0.38
261100	0.38	0.5	0.5	0	0	0.38
261200	0.38	0.51	0.51	0	0	0.38
261300	0.38	0.5	0.5	0	0	0.38
261400	0.38	0.5	0.5	0	0	0.38
261500	0.38	0.5	0.5	0	0	0.38
261600	0.38	0.5	0.5	0	0	0.38
261700	0.39	0.5	0.5	0	0	0.39
261800	0.39	0.5	0.5	0	0	0.39
261900	0.39	0.5	0.5	0	0	0.39
262000	0.39	0.5	0.5	0	0	0.39
262100	0.39	0.5	0.5	0	0	0.39
262200	0.39	0.5	0.5	0	0	0.39
262300	0.39	0.5	0.5	0	0	0.39
262400	0.39	0.5	0.5	0	0	0.39
262500	0.39	0.5	0.5	0	0	0.39
262600	0.39	0.5	0.5	0	0	0.39
262700	0.39	0.5	0.5	0	0	0.39
262800	0.39	0.5	0.5	0	0	0.39
262900	0.39	0.5	0.5	0	0	0.39
263000	0.39	0.5	0.5	0	0	0.39
263100	0.39	0.5	0.5	0	0	0.39
263200	0.39	0.5	0.5	0	0	0.39
263300	0.39	0.5	0.5	0	0	0.39
263400	0.39	0.5	0.5	0	0	0.39
263500	0.39	0.5	0.5	0	0	0.39
263600	0.39	0.5	0.5	0	0	0.39
263700	0.39	0.5	0.5	0	0	0.39
263800	0.39	0.5	0.5	0	0	0.39
263900	0.39	0.5	0.5	0	0	0.39
264000	0.39	0.49	0.49	0	0	0.39
264100	0.39	0.5	0.5	0	0	0.39
264200	0.39	0.5	0.5	0	0	0.39
264300	0.39	0.5	0.5	0	0	0.39
264400	0.39	0.5	0.5	0	0	0.39
264500	0.39	0.51	0.51	0	0	0.39
264600	0.39	0.5	0.5	0	0	0.39
264700	0.4	0.51	0.51	0	0	0.4
264800	0.39	0.51	0.51	0	0	0.39
264900	0.38	0.5	0.5	0	0	0.38
265000	0.38	0.51	0.51	0	0	0.38
265100	0.38	0.5	0.5	0	0	0.38
265200	0.38	0.5	0.5	0	0	0.38
265300	0.38	0.5	0.5	0	0	0.38
265400	0.38	0.5	0.5	0	0	0.38
265500	0.38	0.5	0.5	0	0	0.38
265600	0.38	0.5	0.5	0	0	0.38
265700	0.38	0.51	0.51	0	0	0.38
265800	0.38	0.5	0.5	0	0	0.38
265900	0.38	0.5	0.5	0	0	0.38
266000	0.38	0.5	0.5	0	0	0.38
266100	0.39	0.5	0.5	0	0	0.39
266200	0.39	0.5	0.5	0	0	0.39
266300	0.39	0.5	0.5	0	0	0.39
266400	0.39	0.5	0.5	0	0	0.39
266500	0.4	0.5	0.5	0	0	0.4
266600	0.4	0.5	0.5	0	0	0.4
266700	0.4	0.5	0.5	0	0	0.4
266800	0.4	0.5	0.5	0	0	0.4
266900	0.4	0.5	0.5	0	0	0.4
267000	0.4	0.5	0.5	0	0	0.4
267100	0.4	0.5	0.5	0	0	0.4
267200	0.4	0.5	0.5	0	0	0.4
267300	0.4	0.5	0.5	0	0	0.4
267400	0.4	0.5	0.5	0	0	0.4
267500	0.4	0.5	0.5	0	0	0.4
267600	0.4	0.5	0.5	0	0	0.4
267700	0.4	0.5	0.5	0	0	0.4
267800	0.4	0.5	0.5	0	0	0.4
267900	0.4	0.5	0.5	0	0	0.4
268000	0.4	0.5	0.5	0	0	0.4
268100	0.41	0.5	0.5	0	0	0.41
268200	0.41	0.5	0.5	0	0	0.41
268300	0.41	0.5	0.5	0	0	0.41
268400	0.41	0.5	0.5	0	0	0.41
268500	0.41	0.5	0.5	0	0	0.41
268600	0.41	0.5	0.5	0	0	0.41
268700	0.41	0.5	0.5	0	0	0.41
268800	0.4	0.5	0.5	0	0	0.4
268900	0.4	0.5	0.5	0	0	0.4
269000	0.4	0.5	0.5	0	0	0.4
269100	0.4	0.5	0.5	0	0	0.4
269200	0.4	0.5	0.5	0	0	0.4
269300	0.4	0.5	0.5	0	0	0.4
269400	0.4	0.5	0.5	0	0	0.4
269500	0.4	0.5	0.5	0	0	0.4
269600	0.4	0.5	0.5	0	0	0.4
269700	0.4	0.5	0.5	0	0	0.4
269800	0.4	0.5	0.5	0	0	0.4
269900	0.4	0.5	0.5	0	0	0.4
270000	0.4	0.5	0.5	0	0	0.4
270100	0.4	0.5	0.5	0	0	0.4
270200	0.4	0.5	0.5	0	0	0.4
270300	0.4	0.5	0.5	0	0	0.4
270400	0.4	0.5	0.5	0	0	0.4
270500	0.4	0.5	0.5	0	0	0.4
270600	0.4	0.5	0.5	0	0	0.4
270700	0.4	0.5	0.5	0	0	0.4
270800	0.4	0.5	0.5	0	0	0.4
270900	0.4	0.5	0.5	0	0	0.4
271000	0.4	0.5	0.5	0	0	0.4
271100	0.4	0.5	0.5	0	0	0.4
271200	0.4	0.5	0.5	0	0	0.4
271300	0.4	0.5	0.5	0	0	0.4
271400	0.4	0.5	0.5	0	0	0.4
271500	0.4	0.51	0.51	0	0	0.4
271600	0.4	0.5	0.5	0	0	0.4
271700	0.4	0.5	0.5	0	0	0.4
271800	0.4	0.5	0.5	0	0	0.4
271900	0.4	0.5	0.5	0	0	0.4
272000	0.41	0.5	0.5	0	0	0.41
272100	0.41	0.5	0.5	0	0	0.41
272200	0.41	0.5	0.5	0	0	0.41
272300	0.41	0.5	0.5	0	0	0.41
272400	0.41	0.5	0.5	0	0	0.41
272500	0.41	0.5	0.5	0	0	0.41
272600	0.41	0.5	0.5	0	0	0.41
272700	0.41	0.5	0.5	0	0	0.41
272800	0.41	0.5	0.5	0	0	0.41
272900	0.41	0.5	0.5	0	0	0.41
273000	0.41	0.5	0.5	0	0	0.41
273100	0.41	0.5	0.5	0	0	0.41
273200	0.41	0.5	0.5	0	0	0.41
273300	0.41	0.5	0.5	0	0	0.41
273400	0.41	0.5	0.5	0	0	0.41
273500	0.41	0.5	0.5	0	0	0.41
273600	0.41	0.5	0.5	0	0	0.41
273700	0.41	0.5	0.5	0	0	0.41
273800	0.41	0.5	0.5	0	0	0.41
273900	0.41	0.5	0.5	0	0	0.41
274000	0.41	0.5	0.5	0	0	0.41
274100	0.41	0.5	0.5	0	0	0.41
274200	0.41	0.5	0.5	0	0	0.41
274300	0.41	0.5	0.5	0	0	0.41
274400	0.41	0.5	0.5	0	0	0.41
274500	0.41	0.5	0.5	0	0	0.41
274600	0.41	0.5	0.5	0	0	0.41
274700	0.41	0.5	0.5	0	0	0.41
274800	0.41	0.5	0.5	0	0	0.41
274900	0.41	0.5	0.5	0	0	0.41
275000	0.41	0.5	0.5	0	0	0.41
275100	0.41	0.5	0.5	0	0	0.41
275200	0.41	0.5	0.5	0	0	0.41
275300	0.41	0.5	0.5	0	0	0.41
275400	0.41	0.5	0.5	0	0	0.41
275500	0.41	0.5	0.5	0	0	0.41
275600	0.41	0.5	0.5	0	0	0.41
275700	0.41	0.5	0.5	0	0	0.41
275800	0.41	0.5	0.5	0	0	0.41
275900	0.41	0.5	0.5	0	0	0.41
276000	0.41	0.5	0.5	0	0	0.41
276100	0.41	0.5	0.5	0	0	0.41
276200	0.41	0.5	0.5	0	0	0.41
276300	0.41	0.5	0.5	0	0	0.41
276400	0.41	0.5	0.5	0	0	0.41
276500	0.41	0.5	0.5	0	0	0.41
276600	0.41	0.5	0.5	0	0	0.41
276700	0.41	0.5	0.5	0	0	0.41
276800	0.41	0.5	0.5	0	0	0.41
276900	0.41	0.5	0.5	0	0	0.41
277000	0.41	0.5	0.5	0	0	0.41
277100	0.42	0.5	0.5	0	0	0.42
277200	0.41	0.5	0.5	0	0	0.41
277300	0.41	0.5	0.5	0	0	0.41
277400	0.41	0.5	0.5	0	0	0.41
277500	0.41	0.5	0.5	0	0	0.41
277600	0.41	0.5	0.5	0	0	0.41
277700	0.41	0.5	0.5	0	0	0.41
277800	0.41	0.5	0.5	0	0	0.41
277900	0.41	0.5	0.5	0	0	0.41
278000	0.41	0.5	0.5	0	0	0.41
278100	0.41	0.5	0.5	0	0	0.41
278200	0.41	0.51	0.51	0	0	0.41
278300	0.41	0.51	0.51	0	0	0.41
278400	0.41	0.51	0.51	0	0	0.41
278500	0.41	0.51	0.51	0	0	0.41
278600	0.41	0.51	0.51	0	0	0.41
278700	0.41	0.51	0.51	0	0	0.41
278800	0.41	0.51	0.51	0	0	0.41
278900	0.41	0.51	0.51	0	0	0.41
279000	0.41	0.51	0.51	0	0	0.41
279100	0.41	0.51	0.51	0	0	0.41
279200	0.41	0.51	0.51	0	0	0.41
279300	0.41	0.51	0.51	0	0	0.41
279400	0.41	0.51	0.51	0	0	0.41
279500	0.41	0.51	0.51	0	0	0.41
279600	0.41	0.51	0.51	0	0	0.41
279700	0.41	0.51	0.51	0	0	0.41
279800	0.41	0.51	0.51	0	0	0.41
279900	0.41	0.51	0.51	0	0	0.41
280000	0.41	0.51	0.51	0	0	0.41
280100	0.41	0.51	0.51	0	0	0.41
280200	0.42	0.51	0.51	0	0	0.42
280300	0.42	0.51	0.51	0	0	0.42
280400	0.42	0.51	0.51	0	0	0.42
280500	0.42	0.51	0.51	0	0	0.42
280600	0.42	0.51	0.51	0	0	0.42
280700	0.42	0.51	0.51	0	0	0.42
280800	0.42	0.51	0.51	0	0	0.42
280900	0.42	0.51	0.51	0	0	0.42
281000	0.43	0.51	0.51	0	0	0.43
281100	0.42	0.51	0.51	0	0	0.42
281200	0.42	0.51	0.51	0	0	0.42
281300	0.42	0.51	0.51	0	0	0.42
281400	0.42	0.51	0.51	0	0	0.42
281500	0.42	0.51	0.51	0	0	0.42
281600	0.42	0.51	0.51	0	0	0.42
281700	0.42	0.51	0.51	0	0	0.42
281800	0.42	0.51	0.51	0	0	0.42
281900	0.41	0.51	0.51	0	0	0.41
282000	0.41	0.51	0.51	0	0	0.41
282100	0.41	0.51	0.51	0	0	0.41
282200	0.41	0.51	0.51	0	0	0.41
282300	0.41	0.51	0.51	0	0	0.41
282400	0.42	0.51	0.51	0	0	0.42
282500	0.41	0.51	0.51	0	0	0.41
282600	0.41	0.51	0.51	0	0	0.41
282700	0.41	0.51	0.51	0	0	0.41
282800	0.42	0.51	0.51	0	0	0.42
282900	0.42	0.51	0.51	0	0	0.42
283000	0.42	0.51	0.51	0	0	0.42
283100	0.41	0.51	0.51	0	0	0.41
283200	0.41	0.51	0.51	0	0	0.41
283300	0.41	0.51	0.51	0	0	0.41
283400	0.42	0.51	0.51	0	0	0.42
283500	0.42	0.51	0.51	0	0	0.42
283600	0.4	0.51	0.51	0	0	0.4
283700	0.4	0.51	0.51	0	0	0.4
283800	0.4	0.51	0.51	0	0	0.4
283900	0.4	0.51	0.51	0	0	0.4
284000	0.4	0.51	0.51	0	0	0.4
284100	0.4	0.51	0.51	0	0	0.4
284200	0.4	0.51	0.51	0	0	0.4
284300	0.4	0.51	0.51	0	0	0.4
284400	0.4	0.51	0.51	0	0	0.4
284500	0.4	0.51	0.51	0	0	0.4
284600	0.4	0.51	0.51	0	0	0.4
284700	0.41	0.51	0.51	0	0	0.41
284800	0.41	0.51	0.51	0	0	0.41
284900	0.41	0.51	0.51	0	0	0.41
285000	0.4	0.52	0.52	0	0	0.4
285100	0.41	0.52	0.52	0	0	0.41
285200	0.41	0.52	0.52	0	0	0.41
285300	0.4	0.52	0.52	0	0	0.4
285400	0.4	0.52	0.52	0	0	0.4
285500	0.4	0.52	0.52	0	0	0.4
285600	0.4	0.52	0.52	0	0	0.4
285700	0.4	0.52	0.52	0	0	0.4
285800	0.4	0.52	0.52	0	0	0.4
285900	0.4	0.52	0.52	0	0	0.4
286000	0.4	0.52	0.52	0	0	0.4
286100	0.4	0.52	0.52	0	0	0.4
286200	0.4	0.52	0.52	0	0	0.4
286300	0.4	0.52	0.52	0	0	0.4
286400	0.4	0.52	0.52	0	0	0.4
286500	0.4	0.52	0.52	0	0	0.4
286600	0.4	0.52	0.52	0	0	0.4
286700	0.4	0.52	0.52	0	0	0.4
286800	0.4	0.52	0.52	0	0	0.4
286900	0.4	0.52	0.52	0	0	0.4
287000	0.4	0.52	0.52	0	0	0.4
287100	0.4	0.52	0.52	0	0	0.4
287200	0.4	0.52	0.52	0	0	0.4
287300	0.4	0.52	0.52	0	0	0.4
287400	0.4	0.52	0.52	0	0	0.4
287500	0.4	0.52	0.52	0	0	0.4
287600	0.4	0.52	0.52	0	0	0.4
287700	0.4	0.52	0.52	0	0	0.4
287800	0.4	0.52	0.52	0	0	0.4
287900	0.4	0.52	0.52	0	0	0.4
288000	0.4	0.52	0.52	0	0	0.4
288100	0.4	0.52	0.52	0	0	0.4
288200	0.4	0.52	0.52	0	0	0.4
288300	0.4	0.52	0.52	0	0	0.4
288400	0.4	0.52	0.52	0	0	0.4
288500	0.4	0.52	0.52	0	0	0.4
288600	0.4	0.52	0.52	0	0	0.4
288700	0.4	0.52	0.52	0	0	0.4
288800	0.4	0.52	0.52	0	0	0.4
288900	0.4	0.52	0.52	0	0	0.4
289000	0.4	0.52	0.52	0	0	0.4
289100	0.39	0.52	0.52	0	0	0.39
289200	0.4	0.52	0.52	0	0	0.4
289300	0.4	0.52	0.52	0	0	0.4
289400	0.4	0.52	0.52	0	0	0.4
289500	0.4	0.52	0.52	0	0	0.4
289600	0.4	0.52	0.52	0	0	0.4
289700	0.4	0.52	0.52	0	0	0.4
289800	0.4	0.52	0.52	0	0	0.4
289900	0.4	0.52	0.52	0	0	0.4
290000	0.4	0.52	0.52	0	0	0.4
290100	0.4	0.52	0.52	0	0	0.4
290200	0.4	0.52	0.52	0	0	0.4
290300	0.4	0.52	0.52	0	0	0.4
290400	0.4	0.52	0.52	0	0	0.4
290500	0.4	0.52	0.52	0	0	0.4
290600	0.4	0.52	0.52	0	0	0.4
290700	0.4	0.52	0.52	0	0	0.4
290800	0.4	0.52	0.52	0	0	0.4
290900	0.41	0.52	0.52	0	0	0.41
291000	0.41	0.52	0.52	0	0	0.41
291100	0.41	0.52	0.52	0	0	0.41
291200	0.41	0.52	0.52	0	0	0.41
291300	0.41	0.52	0.52	0	0	0.41
291400	0.41	0.52	0.52	0	0	0.41
291500	0.41	0.52	0.52	0	0	0.41
291600	0.41	0.52	0.52	0	0	0.41
291700	0.41	0.52	0.52	0	0	0.41
291800	0.41	0.52	0.52	0	0	0.41
291900	0.41	0.52	0.52	0	0	0.41
292000	0.41	0.52	0.52	0	0	0.41
292100	0.41	0.52	0.52	0	0	0.41
292200	0.41	0.52	0.52	0	0	0.41
292300	0.41	0.52	0.52	0	0	0.41
292400	0.41	0.52	0.52	0	0	0.41
292500	0.41	0.52	0.52	0	0	0.41
292600	0.41	0.52	0.52	0	0	0.41
292700	0.41	0.52	0.52	0	0	0.41
292800	0.41	0.52	0.52	0	0	0.41
292900	0.41	0.52	0.52	0	0	0.41
293000	0.41	0.52	0.52	0	0	0.41
293100	0.41	0.52	0.52	0	0	0.41
293200	0.41	0.52	0.52	0	0	0.41
293300	0.41	0.52	0.52	0	0	0.41
293400	0.41	0.52	0.52	0	0	0.41
293500	0.41	0.52	0.52	0	0	0.41
293600	0.41	0.52	0.52	0	0	0.41
293700	0.41	0.52	0.52	0	0	0.41
293800	0.41	0.52	0.52	0	0	0.41
293900	0.41	0.52	0.52	0	0	0.41
294000	0.41	0.52	0.52	0	0	0.41
294100	0.41	0.52	0.52	0	0	0.41
294200	0.41	0.52	0.52	0	0	0.41
294300	0.41	0.52	0.52	0	0	0.41
294400	0.41	0.52	0.52	0	0	0.41
294500	0.41	0.52	0.52	0	0	0.41
294600	0.41	0.52	0.52	0	0	0.41
294700	0.41	0.52	0.52	0	0	0.41
294800	0.41	0.52	0.52	0	0	0.41
294900	0.41	0.52	0.52	0	0	0.41
295000	0.41	0.52	0.52	0	0	0.41
295100	0.41	0.52	0.52	0	0	0.41
295200	0.41	0.52	0.52	0	0	0.41
295300	0.41	0.52	0.52	0	0	0.41
295400	0.41	0.52	0.52	0	0	0.41
295500	0.41	0.52	0.52	0	0	0.41
295600	0.41	0.52	0.52	0	0	0.41
295700	0.41	0.52	0.52	0	0	0.41
295800	0.4	0.52	0.52	0	0	0.4
295900	0.4	0.52	0.52	0	0	0.4
296000	0.4	0.52	0.52	0	0	0.4
296100	0.4	0.52	0.52	0	0	0.4
296200	0.4	0.52	0.52	0	0	0.4
296300	0.4	0.52	0.52	0	0	0.4
296400	0.4	0.52	0.52	0	0	0.4
296500	0.4	0.52	0.52	0	0	0.4
296600	0.4	0.52	0.52	0	0	0.4
296700	0.4	0.52	0.52	0	0	0.4
296800	0.4	0.52	0.52	0	0	0.4
296900	0.4	0.52	0.52	0	0	0.4
297000	0.4	0.52	0.52	0	0	0.4
297100	0.4	0.52	0.52	0	0	0.4
297200	0.4	0.52	0.52	0	0	0.4
297300	0.4	0.52	0.52	0	0	0.4
297400	0.4	0.52	0.52	0	0	0.4
297500	0.4	0.52	0.52	0	0	0.4
297600	0.4	0.52	0.52	0	0	0.4
297700	0.4	0.52	0.52	0	0	0.4
297800	0.4	0.52	0.52	0	0	0.4
297900	0.4	0.52	0.52	0	0	0.4
298000	0.4	0.52	0.52	0	0	0.4
298100	0.4	0.52	0.52	0	0	0.4
298200	0.4	0.52	0.52	0	0	0.4
298300	0.4	0.52	0.52	0	0	0.4
298400	0.4	0.52	0.52	0	0	0.4
298500	0.4	0.52	0.52	0	0	0.4
298600	0.4	0.52	0.52	0	0	0.4
298700	0.4	0.52	0.52	0	0	0.4
298800	0.41	0.52	0.52	0	0	0.41
298900	0.41	0.52	0.52	0	0	0.41
299000	0.41	0.52	0.52	0	0	0.41
299100	0.41	0.52	0.52	0	0	0.41
299200	0.41	0.52	0.52	0	0	0.41
299300	0.4	0.52	0.52	0	0	0.4
299400	0.4	0.52	0.52	0	0	0.4
299500	0.4	0.52	0.52	0	0	0.4
299600	0.4	0.52	0.52	0	0	0.4
299700	0.4	0.52	0.52	0	0	0.4
299800	0.4	0.52	0.52	0	0	0.4
299900	0.4	0.52	0.52	0	0	0.4
300000	0.4	0.52	0.52	0	0	0.4
