100	0.05	0.12	0.12	0	0	0.05
200	0.04	0.15	0.15	0	0	0.04
300	0.06	0.16	0.16	0	0	0.06
400	0.08	0.14	0.14	0	0	0.08
500	0.07	0.14	0.14	0	0	0.07
600	0.07	0.14	0.14	0	0	0.07
700	0.07	0.14	0.14	0	0	0.07
800	0.07	0.16	0.16	0	0	0.07
900	0.08	0.16	0.16	0	0	0.08
1000	0.08	0.19	0.19	0	0	0.08
1100	0.08	0.19	0.19	0	0	0.08
1200	0.07	0.17	0.17	0	0	0.07
1300	0.08	0.16	0.16	0	0	0.08
1400	0.08	0.16	0.16	0	0	0.08
1500	0.11	0.17	0.17	0	0	0.11
1600	0.11	0.19	0.19	0	0	0.11
1700	0.11	0.2	0.2	0	0	0.11
1800	0.1	0.2	0.2	0	0	0.1
1900	0.08	0.22	0.22	0	0	0.08
2000	0.08	0.21	0.21	0	0	0.08
2100	0.08	0.21	0.21	0	0	0.08
2200	0.08	0.24	0.24	0	0	0.08
2300	0.08	0.25	0.25	0	0	0.08
2400	0.09	0.22	0.22	0	0	0.09
2500	0.11	0.22	0.22	0	0	0.11
2600	0.13	0.23	0.23	0	0	0.13
2700	0.15	0.24	0.24	0	0	0.15
2800	0.16	0.25	0.25	0	0	0.16
2900	0.16	0.26	0.26	0	0	0.16
3000	0.17	0.28	0.28	0	0	0.17
3100	0.15	0.28	0.28	0	0	0.15
3200	0.16	0.28	0.28	0	0	0.16
3300	0.15	0.28	0.28	0	0	0.15
3400	0.14	0.27	0.27	0	0	0.14
3500	0.15	0.29	0.29	0	0	0.15
3600	0.14	0.29	0.29	0	0	0.14
3700	0.14	0.29	0.29	0	0	0.14
3800	0.15	0.3	0.3	0	0	0.15
3900	0.11	0.3	0.3	0	0	0.11
4000	0.11	0.31	0.31	0	0	0.11
4100	0.11	0.32	0.32	0	0	0.11
4200	0.11	0.32	0.32	0	0	0.11
4300	0.12	0.32	0.32	0	0	0.12
4400	0.14	0.33	0.33	0	0	0.14
4500	0.14	0.33	0.33	0	0	0.14
4600	0.13	0.34	0.34	0	0	0.13
4700	0.13	0.34	0.34	0	0	0.13
4800	0.14	0.34	0.34	0	0	0.14
4900	0.14	0.37	0.37	0	0	0.14
5000	0.14	0.35	0.35	0	0	0.14
5100	0.14	0.36	0.36	0	0	0.14
5200	0.15	0.38	0.38	0	0	0.15
5300	0.16	0.37	0.37	0	0	0.16
5400	0.16	0.37	0.37	0	0	0.16
5500	0.16	0.38	0.38	0	0	0.16
5600	0.19	0.37	0.37	0	0	0.19
5700	0.18	0.37	0.37	0	0	0.18
5800	0.17	0.37	0.37	0	0	0.17
5900	0.15	0.38	0.38	0	0	0.15
6000	0.15	0.38	0.38	0	0	0.15
6100	0.17	0.39	0.39	0	0	0.17
6200	0.17	0.39	0.39	0	0	0.17
6300	0.19	0.39	0.39	0	0	0.19
6400	0.18	0.39	0.39	0	0	0.18
6500	0.16	0.39	0.39	0	0	0.16
6600	0.16	0.39	0.39	0	0	0.16
6700	0.16	0.38	0.38	0	0	0.16
6800	0.16	0.38	0.38	0	0	0.16
6900	0.17	0.39	0.39	0	0	0.17
7000	0.16	0.39	0.39	0	0	0.16
7100	0.15	0.39	0.39	0	0	0.15
7200	0.15	0.4	0.4	0	0	0.15
7300	0.15	0.39	0.39	0	0	0.15
7400	0.14	0.39	0.39	0	0	0.14
7500	0.14	0.4	0.4	0	0	0.14
7600	0.13	0.4	0.4	0	0	0.13
7700	0.13	0.4	0.4	0	0	0.13
7800	0.14	0.41	0.41	0	0	0.14
7900	0.12	0.4	0.4	0	0	0.12
8000	0.12	0.4	0.4	0	0	0.12
8100	0.12	0.39	0.39	0	0	0.12
8200	0.12	0.36	0.36	0	0	0.12
8300	0.13	0.37	0.37	0	0	0.13
8400	0.13	0.37	0.37	0	0	0.13
8500	0.15	0.37	0.37	0	0	0.15
8600	0.16	0.37	0.37	0	0	0.16
8700	0.17	0.38	0.38	0	0	0.17
8800	0.17	0.38	0.38	0	0	0.17
8900	0.18	0.38	0.38	0	0	0.18
9000	0.19	0.38	0.38	0	0	0.19
9100	0.2	0.38	0.38	0	0	0.2
9200	0.21	0.38	0.38	0	0	0.21
9300	0.21	0.38	0.38	0	0	0.21
9400	0.21	0.38	0.38	0	0	0.21
9500	0.21	0.38	0.38	0	0	0.21
9600	0.23	0.4	0.4	0	0	0.23
9700	0.23	0.39	0.39	0	0	0.23
9800	0.22	0.39	0.39	0	0	0.22
9900	0.24	0.38	0.38	0	0	0.24
10000	0.22	0.38	0.38	0	0	0.22
10100	0.23	0.38	0.38	0	0	0.23
10200	0.23	0.38	0.38	0	0	0.23
10300	0.23	0.38	0.38	0	0	0.23
10400	0.23	0.38	0.38	0	0	0.23
10500	0.24	0.39	0.39	0	0	0.24
10600	0.25	0.39	0.39	0	0	0.25
10700	0.25	0.39	0.39	0	0	0.25
10800	0.25	0.39	0.39	0	0	0.25
10900	0.25	0.39	0.39	0	0	0.25
11000	0.25	0.39	0.39	0	0	0.25
11100	0.25	0.41	0.41	0	0	0.25
11200	0.26	0.39	0.39	0	0	0.26
11300	0.27	0.39	0.39	0	0	0.27
11400	0.27	0.39	0.39	0	0	0.27
11500	0.27	0.38	0.38	0	0	0.27
11600	0.26	0.37	0.37	0	0	0.26
11700	0.26	0.38	0.38	0	0	0.26
11800	0.26	0.39	0.39	0	0	0.26
11900	0.26	0.39	0.39	0	0	0.26
12000	0.26	0.39	0.39	0	0	0.26
12100	0.26	0.39	0.39	0	0	0.26
12200	0.27	0.38	0.38	0	0	0.27
12300	0.26	0.38	0.38	0	0	0.26
12400	0.25	0.39	0.39	0	0	0.25
12500	0.24	0.38	0.38	0	0	0.24
12600	0.24	0.37	0.37	0	0	0.24
12700	0.23	0.38	0.38	0	0	0.23
12800	0.24	0.38	0.38	0	0	0.24
12900	0.21	0.38	0.38	0	0	0.21
13000	0.2	0.39	0.39	0	0	0.2
13100	0.2	0.39	0.39	0	0	0.2
13200	0.21	0.39	0.39	0	0	0.21
13300	0.21	0.39	0.39	0	0	0.21
13400	0.21	0.38	0.38	0	0	0.21
13500	0.22	0.39	0.39	0	0	0.22
13600	0.22	0.39	0.39	0	0	0.22
13700	0.21	0.39	0.39	0	0	0.21
13800	0.21	0.39	0.39	0	0	0.21
13900	0.21	0.4	0.4	0	0	0.21
14000	0.21	0.39	0.39	0	0	0.21
14100	0.22	0.39	0.39	0	0	0.22
14200	0.22	0.4	0.4	0	0	0.22
14300	0.22	0.38	0.38	0	0	0.22
14400	0.22	0.38	0.38	0	0	0.22
14500	0.21	0.39	0.39	0	0	0.21
14600	0.21	0.39	0.39	0	0	0.21
14700	0.21	0.4	0.4	0	0	0.21
14800	0.22	0.41	0.41	0	0	0.22
14900	0.22	0.4	0.4	0	0	0.22
15000	0.23	0.39	0.39	0	0	0.23
15100	0.23	0.39	0.39	0	0	0.23
15200	0.23	0.39	0.39	0	0	0.23
15300	0.23	0.39	0.39	0	0	0.23
15400	0.24	0.39	0.39	0	0	0.24
15500	0.23	0.39	0.39	0	0	0.23
15600	0.24	0.39	0.39	0	0	0.24
15700	0.23	0.4	0.4	0	0	0.23
15800	0.23	0.4	0.4	0	0	0.23
15900	0.23	0.4	0.4	0	0	0.23
16000	0.23	0.4	0.4	0	0	0.23
16100	0.21	0.4	0.4	0	0	0.21
16200	0.22	0.4	0.4	0	0	0.22
16300	0.23	0.42	0.42	0	0	0.23
16400	0.26	0.42	0.42	0	0	0.26
16500	0.26	0.41	0.41	0	0	0.26
16600	0.27	0.41	0.41	0	0	0.27
16700	0.27	0.41	0.41	0	0	0.27
16800	0.28	0.41	0.41	0	0	0.28
16900	0.29	0.41	0.41	0	0	0.29
17000	0.28	0.41	0.41	0	0	0.28
17100	0.28	0.41	0.41	0	0	0.28
17200	0.28	0.41	0.41	0	0	0.28
17300	0.28	0.42	0.42	0	0	0.28
17400	0.28	0.42	0.42	0	0	0.28
17500	0.27	0.42	0.42	0	0	0.27
17600	0.27	0.41	0.41	0	0	0.27
17700	0.27	0.41	0.41	0	0	0.27
17800	0.27	0.41	0.41	0	0	0.27
17900	0.27	0.41	0.41	0	0	0.27
18000	0.27	0.41	0.41	0	0	0.27
18100	0.27	0.41	0.41	0	0	0.27
18200	0.27	0.4	0.4	0	0	0.27
18300	0.27	0.4	0.4	0	0	0.27
18400	0.27	0.4	0.4	0	0	0.27
18500	0.27	0.4	0.4	0	0	0.27
18600	0.28	0.4	0.4	0	0	0.28
18700	0.28	0.4	0.4	0	0	0.28
18800	0.29	0.41	0.41	0	0	0.29
18900	0.3	0.4	0.4	0	0	0.3
19000	0.3	0.41	0.41	0	0	0.3
19100	0.3	0.41	0.41	0	0	0.3
19200	0.3	0.41	0.41	0	0	0.3
19300	0.3	0.41	0.41	0	0	0.3
19400	0.31	0.42	0.42	0	0	0.31
19500	0.31	0.41	0.41	0	0	0.31
19600	0.3	0.41	0.41	0	0	0.3
19700	0.3	0.41	0.41	0	0	0.3
19800	0.3	0.41	0.41	0	0	0.3
19900	0.3	0.41	0.41	0	0	0.3
20000	0.3	0.41	0.41	0	0	0.3
20100	0.3	0.41	0.41	0	0	0.3
20200	0.3	0.41	0.41	0	0	0.3
20300	0.3	0.43	0.43	0	0	0.3
20400	0.31	0.42	0.42	0	0	0.31
20500	0.3	0.42	0.42	0	0	0.3
20600	0.3	0.42	0.42	0	0	0.3
20700	0.3	0.42	0.42	0	0	0.3
20800	0.3	0.41	0.41	0	0	0.3
20900	0.3	0.42	0.42	0	0	0.3
21000	0.3	0.44	0.44	0	0	0.3
21100	0.3	0.46	0.46	0	0	0.3
21200	0.31	0.45	0.45	0	0	0.31
21300	0.3	0.45	0.45	0	0	0.3
21400	0.31	0.46	0.46	0	0	0.31
21500	0.32	0.45	0.45	0	0	0.32
21600	0.31	0.45	0.45	0	0	0.31
21700	0.31	0.44	0.44	0	0	0.31
21800	0.3	0.44	0.44	0	0	0.3
21900	0.29	0.43	0.43	0	0	0.29
22000	0.29	0.43	0.43	0	0	0.29
22100	0.29	0.43	0.43	0	0	0.29
22200	0.3	0.43	0.43	0	0	0.3
22300	0.3	0.42	0.42	0	0	0.3
22400	0.3	0.42	0.42	0	0	0.3
22500	0.3	0.44	0.44	0	0	0.3
22600	0.3	0.42	0.42	0	0	0.3
22700	0.3	0.42	0.42	0	0	0.3
22800	0.3	0.42	0.42	0	0	0.3
22900	0.3	0.42	0.42	0	0	0.3
23000	0.3	0.42	0.42	0	0	0.3
23100	0.31	0.43	0.43	0	0	0.31
23200	0.3	0.43	0.43	0	0	0.3
23300	0.3	0.43	0.43	0	0	0.3
23400	0.3	0.43	0.43	0	0	0.3
23500	0.31	0.43	0.43	0	0	0.31
23600	0.31	0.43	0.43	0	0	0.31
23700	0.31	0.43	0.43	0	0	0.31
23800	0.32	0.44	0.44	0	0	0.32
23900	0.32	0.44	0.44	0	0	0.32
24000	0.32	0.44	0.44	0	0	0.32
24100	0.32	0.44	0.44	0	0	0.32
24200	0.32	0.44	0.44	0	0	0.32
24300	0.33	0.44	0.44	0	0	0.33
24400	0.34	0.44	0.44	0	0	0.34
24500	0.33	0.44	0.44	0	0	0.33
24600	0.33	0.44	0.44	0	0	0.33
24700	0.33	0.44	0.44	0	0	0.33
24800	0.33	0.44	0.44	0	0	0.33
24900	0.33	0.44	0.44	0	0	0.33
25000	0.35	0.44	0.44	0	0	0.35
25100	0.32	0.46	0.46	0	0	0.32
25200	0.32	0.45	0.45	0	0	0.32
25300	0.32	0.44	0.44	0	0	0.32
25400	0.32	0.44	0.44	0	0	0.32
25500	0.32	0.44	0.44	0	0	0.32
25600	0.32	0.44	0.44	0	0	0.32
25700	0.31	0.44	0.44	0	0	0.31
25800	0.31	0.44	0.44	0	0	0.31
25900	0.31	0.44	0.44	0	0	0.31
26000	0.32	0.44	0.44	0	0	0.32
26100	0.31	0.44	0.44	0	0	0.31
26200	0.31	0.44	0.44	0	0	0.31
26300	0.31	0.44	0.44	0	0	0.31
26400	0.31	0.44	0.44	0	0	0.31
26500	0.31	0.43	0.43	0	0	0.31
26600	0.31	0.43	0.43	0	0	0.31
26700	0.31	0.43	0.43	0	0	0.31
26800	0.31	0.43	0.43	0	0	0.31
26900	0.31	0.43	0.43	0	0	0.31
27000	0.31	0.42	0.42	0	0	0.31
27100	0.31	0.42	0.42	0	0	0.31
27200	0.31	0.43	0.43	0	0	0.31
27300	0.31	0.42	0.42	0	0	0.31
27400	0.31	0.42	0.42	0	0	0.31
27500	0.31	0.42	0.42	0	0	0.31
27600	0.31	0.42	0.42	0	0	0.31
27700	0.32	0.43	0.43	0	0	0.32
27800	0.33	0.43	0.43	0	0	0.33
27900	0.31	0.43	0.43	0	0	0.31
28000	0.31	0.43	0.43	0	0	0.31
28100	0.32	0.44	0.44	0	0	0.32
28200	0.32	0.44	0.44	0	0	0.32
28300	0.31	0.44	0.44	0	0	0.31
28400	0.31	0.44	0.44	0	0	0.31
28500	0.31	0.44	0.44	0	0	0.31
28600	0.31	0.44	0.44	0	0	0.31
28700	0.31	0.44	0.44	0	0	0.31
28800	0.32	0.44	0.44	0	0	0.32
28900	0.31	0.45	0.45	0	0	0.31
29000	0.32	0.45	0.45	0	0	0.32
29100	0.32	0.45	0.45	0	0	0.32
29200	0.32	0.45	0.45	0	0	0.32
29300	0.32	0.45	0.45	0	0	0.32
29400	0.32	0.45	0.45	0	0	0.32
29500	0.32	0.46	0.46	0	0	0.32
29600	0.33	0.46	0.46	0	0	0.33
29700	0.33	0.47	0.47	0	0	0.33
29800	0.34	0.47	0.47	0	0	0.34
29900	0.34	0.48	0.48	0	0	0.34
30000	0.34	0.48	0.48	0	0	0.34
30100	0.34	0.48	0.48	0	0	0.34
30200	0.34	0.47	0.47	0	0	0.34
30300	0.34	0.46	0.46	0	0	0.34
30400	0.34	0.46	0.46	0	0	0.34
30500	0.34	0.46	0.46	0	0	0.34
30600	0.34	0.46	0.46	0	0	0.34
30700	0.34	0.46	0.46	0	0	0.34
30800	0.34	0.46	0.46	0	0	0.34
30900	0.33	0.47	0.47	0	0	0.33
31000	0.33	0.47	0.47	0	0	0.33
31100	0.34	0.47	0.47	0	0	0.34
31200	0.33	0.47	0.47	0	0	0.33
31300	0.33	0.47	0.47	0	0	0.33
31400	0.33	0.48	0.48	0	0	0.33
31500	0.33	0.48	0.48	0	0	0.33
31600	0.34	0.48	0.48	0	0	0.34
31700	0.34	0.48	0.48	0	0	0.34
31800	0.34	0.48	0.48	0	0	0.34
31900	0.34	0.48	0.48	0	0	0.34
32000	0.34	0.48	0.48	0	0	0.34
32100	0.34	0.48	0.48	0	0	0.34
32200	0.34	0.48	0.48	0	0	0.34
32300	0.34	0.48	0.48	0	0	0.34
32400	0.34	0.48	0.48	0	0	0.34
32500	0.34	0.48	0.48	0	0	0.34
32600	0.34	0.48	0.48	0	0	0.34
32700	0.34	0.49	0.49	0	0	0.34
32800	0.34	0.48	0.48	0	0	0.34
32900	0.34	0.48	0.48	0	0	0.34
33000	0.34	0.48	0.48	0	0	0.34
33100	0.34	0.48	0.48	0	0	0.34
33200	0.34	0.48	0.48	0	0	0.34
33300	0.34	0.48	0.48	0	0	0.34
33400	0.34	0.48	0.48	0	0	0.34
33500	0.34	0.48	0.48	0	0	0.34
33600	0.34	0.48	0.48	0	0	0.34
33700	0.36	0.48	0.48	0	0	0.36
33800	0.35	0.48	0.48	0	0	0.35
33900	0.35	0.48	0.48	0	0	0.35
34000	0.33	0.48	0.48	0	0	0.33
34100	0.33	0.48	0.48	0	0	0.33
34200	0.33	0.48	0.48	0	0	0.33
34300	0.33	0.48	0.48	0	0	0.33
34400	0.33	0.48	0.48	0	0	0.33
34500	0.33	0.48	0.48	0	0	0.33
34600	0.33	0.48	0.48	0	0	0.33
34700	0.34	0.48	0.48	0	0	0.34
34800	0.34	0.48	0.48	0	0	0.34
34900	0.33	0.48	0.48	0	0	0.33
35000	0.33	0.48	0.48	0	0	0.33
35100	0.33	0.48	0.48	0	0	0.33
35200	0.33	0.49	0.49	0	0	0.33
35300	0.33	0.49	0.49	0	0	0.33
35400	0.33	0.49	0.49	0	0	0.33
35500	0.33	0.49	0.49	0	0	0.33
35600	0.33	0.49	0.49	0	0	0.33
35700	0.33	0.49	0.49	0	0	0.33
35800	0.33	0.49	0.49	0	0	0.33
35900	0.34	0.49	0.49	0	0	0.34
36000	0.34	0.5	0.5	0	0	0.34
36100	0.34	0.51	0.51	0	0	0.34
36200	0.34	0.51	0.51	0	0	0.34
36300	0.34	0.5	0.5	0	0	0.34
36400	0.34	0.51	0.51	0	0	0.34
36500	0.34	0.5	0.5	0	0	0.34
36600	0.34	0.5	0.5	0	0	0.34
36700	0.34	0.51	0.51	0	0	0.34
36800	0.34	0.5	0.5	0	0	0.34
36900	0.34	0.5	0.5	0	0	0.34
37000	0.33	0.5	0.5	0	0	0.33
37100	0.33	0.5	0.5	0	0	0.33
37200	0.33	0.5	0.5	0	0	0.33
37300	0.34	0.5	0.5	0	0	0.34
37400	0.34	0.5	0.5	0	0	0.34
37500	0.34	0.5	0.5	0	0	0.34
37600	0.35	0.5	0.5	0	0	0.35
37700	0.35	0.51	0.51	0	0	0.35
37800	0.34	0.51	0.51	0	0	0.34
37900	0.33	0.51	0.51	0	0	0.33
38000	0.33	0.51	0.51	0	0	0.33
38100	0.33	0.51	0.51	0	0	0.33
38200	0.33	0.51	0.51	0	0	0.33
38300	0.33	0.51	0.51	0	0	0.33
38400	0.33	0.51	0.51	0	0	0.33
38500	0.32	0.51	0.51	0	0	0.32
38600	0.32	0.52	0.52	0	0	0.32
38700	0.32	0.52	0.52	0	0	0.32
38800	0.32	0.51	0.51	0	0	0.32
38900	0.32	0.51	0.51	0	0	0.32
39000	0.32	0.51	0.51	0	0	0.32
39100	0.33	0.51	0.51	0	0	0.33
39200	0.33	0.51	0.51	0	0	0.33
39300	0.33	0.51	0.51	0	0	0.33
39400	0.33	0.51	0.51	0	0	0.33
39500	0.33	0.52	0.52	0	0	0.33
39600	0.34	0.51	0.51	0	0	0.34
39700	0.34	0.51	0.51	0	0	0.34
39800	0.33	0.51	0.51	0	0	0.33
39900	0.35	0.51	0.51	0	0	0.35
40000	0.35	0.51	0.51	0	0	0.35
40100	0.34	0.51	0.51	0	0	0.34
40200	0.34	0.52	0.52	0	0	0.34
40300	0.34	0.51	0.51	0	0	0.34
40400	0.34	0.51	0.51	0	0	0.34
40500	0.34	0.51	0.51	0	0	0.34
40600	0.34	0.51	0.51	0	0	0.34
40700	0.34	0.5	0.5	0	0	0.34
40800	0.34	0.5	0.5	0	0	0.34
40900	0.34	0.5	0.5	0	0	0.34
41000	0.34	0.5	0.5	0	0	0.34
41100	0.34	0.51	0.51	0	0	0.34
41200	0.34	0.51	0.51	0	0	0.34
41300	0.34	0.51	0.51	0	0	0.34
41400	0.35	0.51	0.51	0	0	0.35
41500	0.34	0.52	0.52	0	0	0.34
41600	0.34	0.51	0.51	0	0	0.34
41700	0.34	0.51	0.51	0	0	0.34
41800	0.34	0.51	0.51	0	0	0.34
41900	0.33	0.51	0.51	0	0	0.33
42000	0.33	0.51	0.51	0	0	0.33
42100	0.33	0.51	0.51	0	0	0.33
42200	0.33	0.51	0.51	0	0	0.33
42300	0.33	0.51	0.51	0	0	0.33
42400	0.33	0.51	0.51	0	0	0.33
42500	0.33	0.51	0.51	0	0	0.33
42600	0.33	0.51	0.51	0	0	0.33
42700	0.33	0.52	0.52	0	0	0.33
42800	0.33	0.53	0.53	0	0	0.33
42900	0.33	0.52	0.52	0	0	0.33
43000	0.33	0.52	0.52	0	0	0.33
43100	0.33	0.52	0.52	0	0	0.33
43200	0.33	0.52	0.52	0	0	0.33
43300	0.33	0.52	0.52	0	0	0.33
43400	0.33	0.52	0.52	0	0	0.33
43500	0.33	0.52	0.52	0	0	0.33
43600	0.33	0.52	0.52	0	0	0.33
43700	0.33	0.53	0.53	0	0	0.33
43800	0.33	0.52	0.52	0	0	0.33
43900	0.33	0.52	0.52	0	0	0.33
44000	0.33	0.52	0.52	0	0	0.33
44100	0.33	0.52	0.52	0	0	0.33
44200	0.33	0.52	0.52	0	0	0.33
44300	0.33	0.52	0.52	0	0	0.33
44400	0.33	0.52	0.52	0	0	0.33
44500	0.33	0.52	0.52	0	0	0.33
44600	0.33	0.52	0.52	0	0	0.33
44700	0.33	0.52	0.52	0	0	0.33
44800	0.33	0.52	0.52	0	0	0.33
44900	0.33	0.52	0.52	0	0	0.33
45000	0.33	0.52	0.52	0	0	0.33
45100	0.33	0.52	0.52	0	0	0.33
45200	0.33	0.52	0.52	0	0	0.33
45300	0.33	0.52	0.52	0	0	0.33
45400	0.33	0.52	0.52	0	0	0.33
45500	0.33	0.52	0.52	0	0	0.33
45600	0.33	0.52	0.52	0	0	0.33
45700	0.33	0.52	0.52	0	0	0.33
45800	0.33	0.52	0.52	0	0	0.33
45900	0.33	0.52	0.52	0	0	0.33
46000	0.33	0.52	0.52	0	0	0.33
46100	0.33	0.52	0.52	0	0	0.33
46200	0.34	0.52	0.52	0	0	0.34
46300	0.34	0.52	0.52	0	0	0.34
46400	0.34	0.52	0.52	0	0	0.34
46500	0.35	0.52	0.52	0	0	0.35
46600	0.35	0.52	0.52	0	0	0.35
46700	0.35	0.52	0.52	0	0	0.35
46800	0.35	0.52	0.52	0	0	0.35
46900	0.35	0.52	0.52	0	0	0.35
47000	0.35	0.52	0.52	0	0	0.35
47100	0.35	0.52	0.52	0	0	0.35
47200	0.35	0.52	0.52	0	0	0.35
47300	0.35	0.52	0.52	0	0	0.35
47400	0.35	0.51	0.51	0	0	0.35
47500	0.36	0.51	0.51	0	0	0.36
47600	0.35	0.51	0.51	0	0	0.35
47700	0.35	0.51	0.51	0	0	0.35
47800	0.35	0.51	0.51	0	0	0.35
47900	0.35	0.51	0.51	0	0	0.35
48000	0.35	0.51	0.51	0	0	0.35
48100	0.35	0.51	0.51	0	0	0.35
48200	0.35	0.51	0.51	0	0	0.35
48300	0.35	0.51	0.51	0	0	0.35
48400	0.35	0.51	0.51	0	0	0.35
48500	0.34	0.51	0.51	0	0	0.34
48600	0.34	0.51	0.51	0	0	0.34
48700	0.34	0.51	0.51	0	0	0.34
48800	0.34	0.51	0.51	0	0	0.34
48900	0.34	0.51	0.51	0	0	0.34
49000	0.34	0.51	0.51	0	0	0.34
49100	0.34	0.51	0.51	0	0	0.34
49200	0.34	0.51	0.51	0	0	0.34
49300	0.34	0.52	0.52	0	0	0.34
49400	0.34	0.52	0.52	0	0	0.34
49500	0.34	0.52	0.52	0	0	0.34
49600	0.34	0.54	0.54	0	0	0.34
49700	0.34	0.53	0.53	0	0	0.34
49800	0.35	0.53	0.53	0	0	0.35
49900	0.35	0.54	0.54	0	0	0.35
50000	0.35	0.54	0.54	0	0	0.35
50100	0.35	0.53	0.53	0	0	0.35
50200	0.35	0.53	0.53	0	0	0.35
50300	0.35	0.54	0.54	0	0	0.35
50400	0.35	0.54	0.54	0	0	0.35
50500	0.35	0.54	0.54	0	0	0.35
50600	0.35	0.54	0.54	0	0	0.35
50700	0.35	0.54	0.54	0	0	0.35
50800	0.35	0.54	0.54	0	0	0.35
50900	0.35	0.54	0.54	0	0	0.35
51000	0.35	0.54	0.54	0	0	0.35
51100	0.35	0.54	0.54	0	0	0.35
51200	0.35	0.54	0.54	0	0	0.35
51300	0.35	0.54	0.54	0	0	0.35
51400	0.35	0.54	0.54	0	0	0.35
51500	0.35	0.54	0.54	0	0	0.35
51600	0.35	0.54	0.54	0	0	0.35
51700	0.35	0.54	0.54	0	0	0.35
51800	0.35	0.54	0.54	0	0	0.35
51900	0.35	0.54	0.54	0	0	0.35
52000	0.35	0.54	0.54	0	0	0.35
52100	0.35	0.54	0.54	0	0	0.35
52200	0.35	0.54	0.54	0	0	0.35
52300	0.35	0.54	0.54	0	0	0.35
52400	0.35	0.55	0.55	0	0	0.35
52500	0.35	0.55	0.55	0	0	0.35
52600	0.35	0.55	0.55	0	0	0.35
52700	0.35	0.56	0.56	0	0	0.35
52800	0.35	0.55	0.55	0	0	0.35
52900	0.35	0.55	0.55	0	0	0.35
53000	0.35	0.55	0.55	0	0	0.35
53100	0.35	0.55	0.55	0	0	0.35
53200	0.35	0.55	0.55	0	0	0.35
53300	0.35	0.55	0.55	0	0	0.35
53400	0.35	0.55	0.55	0	0	0.35
53500	0.35	0.55	0.55	0	0	0.35
53600	0.36	0.55	0.55	0	0	0.36
53700	0.36	0.55	0.55	0	0	0.36
53800	0.36	0.55	0.55	0	0	0.36
53900	0.36	0.55	0.55	0	0	0.36
54000	0.36	0.55	0.55	0	0	0.36
54100	0.36	0.55	0.55	0	0	0.36
54200	0.36	0.55	0.55	0	0	0.36
54300	0.36	0.55	0.55	0	0	0.36
54400	0.37	0.55	0.55	0	0	0.37
54500	0.37	0.55	0.55	0	0	0.37
54600	0.37	0.55	0.55	0	0	0.37
54700	0.37	0.55	0.55	0	0	0.37
54800	0.37	0.55	0.55	0	0	0.37
54900	0.37	0.55	0.55	0	0	0.37
55000	0.37	0.55	0.55	0	0	0.37
55100	0.37	0.55	0.55	0	0	0.37
55200	0.37	0.55	0.55	0	0	0.37
55300	0.37	0.55	0.55	0	0	0.37
55400	0.37	0.55	0.55	0	0	0.37
55500	0.37	0.55	0.55	0	0	0.37
55600	0.37	0.55	0.55	0	0	0.37
55700	0.37	0.55	0.55	0	0	0.37
55800	0.38	0.55	0.55	0	0	0.38
55900	0.38	0.55	0.55	0	0	0.38
56000	0.38	0.55	0.55	0	0	0.38
56100	0.38	0.55	0.55	0	0	0.38
56200	0.37	0.55	0.55	0	0	0.37
56300	0.37	0.55	0.55	0	0	0.37
56400	0.37	0.55	0.55	0	0	0.37
56500	0.37	0.55	0.55	0	0	0.37
56600	0.37	0.55	0.55	0	0	0.37
56700	0.37	0.55	0.55	0	0	0.37
56800	0.37	0.55	0.55	0	0	0.37
56900	0.38	0.55	0.55	0	0	0.38
57000	0.38	0.55	0.55	0	0	0.38
57100	0.38	0.55	0.55	0	0	0.38
57200	0.37	0.55	0.55	0	0	0.37
57300	0.37	0.55	0.55	0	0	0.37
57400	0.37	0.55	0.55	0	0	0.37
57500	0.37	0.55	0.55	0	0	0.37
57600	0.37	0.55	0.55	0	0	0.37
57700	0.36	0.55	0.55	0	0	0.36
57800	0.36	0.55	0.55	0	0	0.36
57900	0.36	0.55	0.55	0	0	0.36
58000	0.36	0.54	0.54	0	0	0.36
58100	0.36	0.54	0.54	0	0	0.36
58200	0.36	0.54	0.54	0	0	0.36
58300	0.36	0.54	0.54	0	0	0.36
58400	0.36	0.54	0.54	0	0	0.36
58500	0.36	0.54	0.54	0	0	0.36
58600	0.36	0.54	0.54	0	0	0.36
58700	0.37	0.54	0.54	0	0	0.37
58800	0.37	0.54	0.54	0	0	0.37
58900	0.37	0.54	0.54	0	0	0.37
59000	0.37	0.54	0.54	0	0	0.37
59100	0.37	0.54	0.54	0	0	0.37
59200	0.38	0.54	0.54	0	0	0.38
59300	0.38	0.54	0.54	0	0	0.38
59400	0.37	0.54	0.54	0	0	0.37
59500	0.37	0.55	0.55	0	0	0.37
59600	0.37	0.54	0.54	0	0	0.37
59700	0.37	0.54	0.54	0	0	0.37
59800	0.37	0.54	0.54	0	0	0.37
59900	0.37	0.54	0.54	0	0	0.37
60000	0.37	0.54	0.54	0	0	0.37
60100	0.37	0.54	0.54	0	0	0.37
60200	0.36	0.54	0.54	0	0	0.36
60300	0.36	0.54	0.54	0	0	0.36
60400	0.36	0.54	0.54	0	0	0.36
60500	0.36	0.54	0.54	0	0	0.36
60600	0.36	0.54	0.54	0	0	0.36
60700	0.36	0.54	0.54	0	0	0.36
60800	0.36	0.54	0.54	0	0	0.36
60900	0.36	0.54	0.54	0	0	0.36
61000	0.36	0.54	0.54	0	0	0.36
61100	0.36	0.54	0.54	0	0	0.36
61200	0.36	0.54	0.54	0	0	0.36
61300	0.36	0.54	0.54	0	0	0.36
61400	0.36	0.54	0.54	0	0	0.36
61500	0.36	0.54	0.54	0	0	0.36
61600	0.36	0.54	0.54	0	0	0.36
61700	0.36	0.54	0.54	0	0	0.36
61800	0.36	0.54	0.54	0	0	0.36
61900	0.36	0.54	0.54	0	0	0.36
62000	0.36	0.54	0.54	0	0	0.36
62100	0.36	0.54	0.54	0	0	0.36
62200	0.35	0.54	0.54	0	0	0.35
62300	0.35	0.55	0.55	0	0	0.35
62400	0.35	0.55	0.55	0	0	0.35
62500	0.35	0.54	0.54	0	0	0.35
62600	0.35	0.54	0.54	0	0	0.35
62700	0.35	0.54	0.54	0	0	0.35
62800	0.35	0.54	0.54	0	0	0.35
62900	0.35	0.54	0.54	0	0	0.35
63000	0.35	0.54	0.54	0	0	0.35
63100	0.35	0.55	0.55	0	0	0.35
63200	0.35	0.55	0.55	0	0	0.35
63300	0.35	0.55	0.55	0	0	0.35
63400	0.35	0.55	0.55	0	0	0.35
63500	0.35	0.55	0.55	0	0	0.35
63600	0.35	0.55	0.55	0	0	0.35
63700	0.36	0.55	0.55	0	0	0.36
63800	0.36	0.55	0.55	0	0	0.36
63900	0.36	0.55	0.55	0	0	0.36
64000	0.35	0.55	0.55	0	0	0.35
64100	0.35	0.55	0.55	0	0	0.35
64200	0.35	0.55	0.55	0	0	0.35
64300	0.35	0.55	0.55	0	0	0.35
64400	0.35	0.55	0.55	0	0	0.35
64500	0.35	0.54	0.54	0	0	0.35
64600	0.35	0.54	0.54	0	0	0.35
64700	0.35	0.54	0.54	0	0	0.35
64800	0.35	0.54	0.54	0	0	0.35
64900	0.35	0.54	0.54	0	0	0.35
65000	0.35	0.54	0.54	0	0	0.35
65100	0.35	0.54	0.54	0	0	0.35
65200	0.35	0.54	0.54	0	0	0.35
65300	0.35	0.54	0.54	0	0	0.35
65400	0.35	0.54	0.54	0	0	0.35
65500	0.35	0.54	0.54	0	0	0.35
65600	0.35	0.55	0.55	0	0	0.35
65700	0.36	0.54	0.54	0	0	0.36
65800	0.37	0.54	0.54	0	0	0.37
65900	0.37	0.54	0.54	0	0	0.37
66000	0.37	0.54	0.54	0	0	0.37
66100	0.37	0.54	0.54	0	0	0.37
66200	0.37	0.54	0.54	0	0	0.37
66300	0.37	0.54	0.54	0	0	0.37
66400	0.37	0.54	0.54	0	0	0.37
66500	0.37	0.54	0.54	0	0	0.37
66600	0.37	0.54	0.54	0	0	0.37
66700	0.37	0.54	0.54	0	0	0.37
66800	0.37	0.54	0.54	0	0	0.37
66900	0.37	0.54	0.54	0	0	0.37
67000	0.38	0.54	0.54	0	0	0.38
67100	0.38	0.54	0.54	0	0	0.38
67200	0.38	0.54	0.54	0	0	0.38
67300	0.38	0.54	0.54	0	0	0.38
67400	0.38	0.54	0.54	0	0	0.38
67500	0.38	0.54	0.54	0	0	0.38
67600	0.39	0.54	0.54	0	0	0.39
67700	0.39	0.54	0.54	0	0	0.39
67800	0.39	0.54	0.54	0	0	0.39
67900	0.39	0.54	0.54	0	0	0.39
68000	0.39	0.54	0.54	0	0	0.39
68100	0.39	0.54	0.54	0	0	0.39
68200	0.39	0.54	0.54	0	0	0.39
68300	0.39	0.54	0.54	0	0	0.39
68400	0.39	0.54	0.54	0	0	0.39
68500	0.39	0.54	0.54	0	0	0.39
68600	0.39	0.54	0.54	0	0	0.39
68700	0.39	0.54	0.54	0	0	0.39
68800	0.39	0.54	0.54	0	0	0.39
68900	0.39	0.54	0.54	0	0	0.39
69000	0.39	0.54	0.54	0	0	0.39
69100	0.39	0.54	0.54	0	0	0.39
69200	0.39	0.54	0.54	0	0	0.39
69300	0.39	0.54	0.54	0	0	0.39
69400	0.39	0.54	0.54	0	0	0.39
69500	0.39	0.54	0.54	0	0	0.39
69600	0.38	0.54	0.54	0	0	0.38
69700	0.37	0.54	0.54	0	0	0.37
69800	0.37	0.54	0.54	0	0	0.37
69900	0.37	0.54	0.54	0	0	0.37
70000	0.37	0.54	0.54	0	0	0.37
70100	0.37	0.54	0.54	0	0	0.37
70200	0.37	0.54	0.54	0	0	0.37
70300	0.37	0.54	0.54	0	0	0.37
70400	0.37	0.54	0.54	0	0	0.37
70500	0.37	0.54	0.54	0	0	0.37
70600	0.37	0.54	0.54	0	0	0.37
70700	0.37	0.54	0.54	0	0	0.37
70800	0.37	0.54	0.54	0	0	0.37
70900	0.37	0.54	0.54	0	0	0.37
71000	0.37	0.54	0.54	0	0	0.37
71100	0.38	0.54	0.54	0	0	0.38
71200	0.38	0.54	0.54	0	0	0.38
71300	0.38	0.54	0.54	0	0	0.38
71400	0.38	0.54	0.54	0	0	0.38
71500	0.38	0.54	0.54	0	0	0.38
71600	0.38	0.54	0.54	0	0	0.38
71700	0.38	0.54	0.54	0	0	0.38
71800	0.38	0.54	0.54	0	0	0.38
71900	0.38	0.54	0.54	0	0	0.38
72000	0.38	0.55	0.55	0	0	0.38
72100	0.38	0.55	0.55	0	0	0.38
72200	0.38	0.55	0.55	0	0	0.38
72300	0.38	0.55	0.55	0	0	0.38
72400	0.38	0.55	0.55	0	0	0.38
72500	0.38	0.55	0.55	0	0	0.38
72600	0.38	0.55	0.55	0	0	0.38
72700	0.39	0.55	0.55	0	0	0.39
72800	0.38	0.55	0.55	0	0	0.38
72900	0.38	0.55	0.55	0	0	0.38
73000	0.38	0.55	0.55	0	0	0.38
73100	0.38	0.55	0.55	0	0	0.38
73200	0.38	0.55	0.55	0	0	0.38
73300	0.38	0.55	0.55	0	0	0.38
73400	0.38	0.55	0.55	0	0	0.38
73500	0.38	0.55	0.55	0	0	0.38
73600	0.38	0.55	0.55	0	0	0.38
73700	0.38	0.55	0.55	0	0	0.38
73800	0.38	0.55	0.55	0	0	0.38
73900	0.39	0.55	0.55	0	0	0.39
74000	0.39	0.56	0.56	0	0	0.39
74100	0.39	0.56	0.56	0	0	0.39
74200	0.39	0.56	0.56	0	0	0.39
74300	0.39	0.56	0.56	0	0	0.39
74400	0.39	0.56	0.56	0	0	0.39
74500	0.39	0.56	0.56	0	0	0.39
74600	0.39	0.56	0.56	0	0	0.39
74700	0.39	0.56	0.56	0	0	0.39
74800	0.38	0.56	0.56	0	0	0.38
74900	0.38	0.56	0.56	0	0	0.38
75000	0.37	0.56	0.56	0	0	0.37
75100	0.37	0.56	0.56	0	0	0.37
75200	0.37	0.56	0.56	0	0	0.37
75300	0.37	0.56	0.56	0	0	0.37
75400	0.37	0.56	0.56	0	0	0.37
75500	0.37	0.56	0.56	0	0	0.37
75600	0.37	0.56	0.56	0	0	0.37
75700	0.37	0.56	0.56	0	0	0.37
75800	0.37	0.55	0.55	0	0	0.37
75900	0.37	0.55	0.55	0	0	0.37
76000	0.38	0.55	0.55	0	0	0.38
76100	0.38	0.55	0.55	0	0	0.38
76200	0.38	0.55	0.55	0	0	0.38
76300	0.38	0.55	0.55	0	0	0.38
76400	0.38	0.55	0.55	0	0	0.38
76500	0.38	0.55	0.55	0	0	0.38
76600	0.38	0.55	0.55	0	0	0.38
76700	0.38	0.55	0.55	0	0	0.38
76800	0.38	0.55	0.55	0	0	0.38
76900	0.38	0.55	0.55	0	0	0.38
77000	0.38	0.55	0.55	0	0	0.38
77100	0.38	0.55	0.55	0	0	0.38
77200	0.38	0.55	0.55	0	0	0.38
77300	0.38	0.55	0.55	0	0	0.38
77400	0.38	0.55	0.55	0	0	0.38
77500	0.38	0.55	0.55	0	0	0.38
77600	0.38	0.55	0.55	0	0	0.38
77700	0.38	0.55	0.55	0	0	0.38
77800	0.38	0.55	0.55	0	0	0.38
77900	0.38	0.55	0.55	0	0	0.38
78000	0.38	0.55	0.55	0	0	0.38
78100	0.38	0.55	0.55	0	0	0.38
78200	0.38	0.55	0.55	0	0	0.38
78300	0.38	0.55	0.55	0	0	0.38
78400	0.38	0.55	0.55	0	0	0.38
78500	0.38	0.55	0.55	0	0	0.38
78600	0.37	0.55	0.55	0	0	0.37
78700	0.37	0.55	0.55	0	0	0.37
78800	0.37	0.55	0.55	0	0	0.37
78900	0.37	0.55	0.55	0	0	0.37
79000	0.37	0.55	0.55	0	0	0.37
79100	0.37	0.55	0.55	0	0	0.37
79200	0.37	0.55	0.55	0	0	0.37
79300	0.37	0.55	0.55	0	0	0.37
79400	0.37	0.55	0.55	0	0	0.37
79500	0.37	0.55	0.55	0	0	0.37
79600	0.37	0.55	0.55	0	0	0.37
79700	0.37	0.55	0.55	0	0	0.37
79800	0.36	0.55	0.55	0	0	0.36
79900	0.36	0.55	0.55	0	0	0.36
80000	0.35	0.55	0.55	0	0	0.35
80100	0.35	0.56	0.56	0	0	0.35
80200	0.35	0.56	0.56	0	0	0.35
80300	0.35	0.56	0.56	0	0	0.35
80400	0.35	0.56	0.56	0	0	0.35
80500	0.35	0.56	0.56	0	0	0.35
80600	0.35	0.56	0.56	0	0	0.35
80700	0.35	0.56	0.56	0	0	0.35
80800	0.35	0.56	0.56	0	0	0.35
80900	0.35	0.56	0.56	0	0	0.35
81000	0.35	0.56	0.56	0	0	0.35
81100	0.35	0.56	0.56	0	0	0.35
81200	0.35	0.56	0.56	0	0	0.35
81300	0.35	0.56	0.56	0	0	0.35
81400	0.35	0.56	0.56	0	0	0.35
81500	0.36	0.56	0.56	0	0	0.36
81600	0.36	0.55	0.55	0	0	0.36
81700	0.36	0.55	0.55	0	0	0.36
81800	0.36	0.55	0.55	0	0	0.36
81900	0.36	0.55	0.55	0	0	0.36
82000	0.35	0.55	0.55	0	0	0.35
82100	0.35	0.55	0.55	0	0	0.35
82200	0.36	0.55	0.55	0	0	0.36
82300	0.36	0.55	0.55	0	0	0.36
82400	0.37	0.54	0.54	0	0	0.37
82500	0.37	0.54	0.54	0	0	0.37
82600	0.37	0.54	0.54	0	0	0.37
82700	0.37	0.54	0.54	0	0	0.37
82800	0.37	0.54	0.54	0	0	0.37
82900	0.37	0.54	0.54	0	0	0.37
83000	0.37	0.54	0.54	0	0	0.37
83100	0.37	0.54	0.54	0	0	0.37
83200	0.37	0.54	0.54	0	0	0.37
83300	0.37	0.54	0.54	0	0	0.37
83400	0.37	0.54	0.54	0	0	0.37
83500	0.37	0.54	0.54	0	0	0.37
83600	0.37	0.54	0.54	0	0	0.37
83700	0.37	0.54	0.54	0	0	0.37
83800	0.37	0.54	0.54	0	0	0.37
83900	0.37	0.54	0.54	0	0	0.37
84000	0.37	0.54	0.54	0	0	0.37
84100	0.37	0.54	0.54	0	0	0.37
84200	0.37	0.54	0.54	0	0	0.37
84300	0.37	0.54	0.54	0	0	0.37
84400	0.37	0.54	0.54	0	0	0.37
84500	0.37	0.54	0.54	0	0	0.37
84600	0.37	0.54	0.54	0	0	0.37
84700	0.37	0.54	0.54	0	0	0.37
84800	0.37	0.54	0.54	0	0	0.37
84900	0.37	0.55	0.55	0	0	0.37
85000	0.38	0.55	0.55	0	0	0.38
85100	0.38	0.55	0.55	0	0	0.38
85200	0.38	0.55	0.55	0	0	0.38
85300	0.38	0.55	0.55	0	0	0.38
85400	0.38	0.55	0.55	0	0	0.38
85500	0.38	0.55	0.55	0	0	0.38
85600	0.38	0.55	0.55	0	0	0.38
85700	0.38	0.55	0.55	0	0	0.38
85800	0.38	0.55	0.55	0	0	0.38
85900	0.38	0.55	0.55	0	0	0.38
86000	0.38	0.55	0.55	0	0	0.38
86100	0.38	0.55	0.55	0	0	0.38
86200	0.38	0.55	0.55	0	0	0.38
86300	0.38	0.55	0.55	0	0	0.38
86400	0.38	0.55	0.55	0	0	0.38
86500	0.38	0.55	0.55	0	0	0.38
86600	0.38	0.55	0.55	0	0	0.38
86700	0.38	0.55	0.55	0	0	0.38
86800	0.38	0.55	0.55	0	0	0.38
86900	0.38	0.55	0.55	0	0	0.38
87000	0.38	0.55	0.55	0	0	0.38
87100	0.38	0.55	0.55	0	0	0.38
87200	0.38	0.55	0.55	0	0	0.38
87300	0.38	0.55	0.55	0	0	0.38
87400	0.38	0.55	0.55	0	0	0.38
87500	0.38	0.55	0.55	0	0	0.38
87600	0.38	0.55	0.55	0	0	0.38
87700	0.38	0.55	0.55	0	0	0.38
87800	0.38	0.55	0.55	0	0	0.38
87900	0.38	0.55	0.55	0	0	0.38
88000	0.38	0.55	0.55	0	0	0.38
88100	0.38	0.55	0.55	0	0	0.38
88200	0.38	0.55	0.55	0	0	0.38
88300	0.38	0.55	0.55	0	0	0.38
88400	0.39	0.55	0.55	0	0	0.39
88500	0.39	0.55	0.55	0	0	0.39
88600	0.39	0.55	0.55	0	0	0.39
88700	0.39	0.55	0.55	0	0	0.39
88800	0.39	0.55	0.55	0	0	0.39
88900	0.39	0.55	0.55	0	0	0.39
89000	0.39	0.55	0.55	0	0	0.39
89100	0.39	0.55	0.55	0	0	0.39
89200	0.39	0.55	0.55	0	0	0.39
89300	0.39	0.55	0.55	0	0	0.39
89400	0.39	0.55	0.55	0	0	0.39
89500	0.39	0.55	0.55	0	0	0.39
89600	0.39	0.55	0.55	0	0	0.39
89700	0.39	0.55	0.55	0	0	0.39
89800	0.39	0.55	0.55	0	0	0.39
89900	0.39	0.55	0.55	0	0	0.39
90000	0.38	0.55	0.55	0	0	0.38
90100	0.37	0.55	0.55	0	0	0.37
90200	0.37	0.55	0.55	0	0	0.37
90300	0.37	0.55	0.55	0	0	0.37
90400	0.37	0.55	0.55	0	0	0.37
90500	0.37	0.55	0.55	0	0	0.37
90600	0.37	0.56	0.56	0	0	0.37
90700	0.37	0.55	0.55	0	0	0.37
90800	0.36	0.55	0.55	0	0	0.36
90900	0.36	0.55	0.55	0	0	0.36
91000	0.36	0.55	0.55	0	0	0.36
91100	0.36	0.55	0.55	0	0	0.36
91200	0.36	0.55	0.55	0	0	0.36
91300	0.36	0.55	0.55	0	0	0.36
91400	0.36	0.55	0.55	0	0	0.36
91500	0.36	0.55	0.55	0	0	0.36
91600	0.36	0.55	0.55	0	0	0.36
91700	0.36	0.55	0.55	0	0	0.36
91800	0.36	0.55	0.55	0	0	0.36
91900	0.37	0.56	0.56	0	0	0.37
92000	0.38	0.55	0.55	0	0	0.38
92100	0.38	0.55	0.55	0	0	0.38
92200	0.38	0.55	0.55	0	0	0.38
92300	0.38	0.55	0.55	0	0	0.38
92400	0.38	0.55	0.55	0	0	0.38
92500	0.38	0.55	0.55	0	0	0.38
92600	0.38	0.55	0.55	0	0	0.38
92700	0.38	0.55	0.55	0	0	0.38
92800	0.38	0.55	0.55	0	0	0.38
92900	0.38	0.55	0.55	0	0	0.38
93000	0.38	0.55	0.55	0	0	0.38
93100	0.38	0.55	0.55	0	0	0.38
93200	0.38	0.55	0.55	0	0	0.38
93300	0.38	0.55	0.55	0	0	0.38
93400	0.38	0.55	0.55	0	0	0.38
93500	0.38	0.55	0.55	0	0	0.38
93600	0.38	0.55	0.55	0	0	0.38
93700	0.38	0.55	0.55	0	0	0.38
93800	0.38	0.55	0.55	0	0	0.38
93900	0.38	0.55	0.55	0	0	0.38
94000	0.38	0.55	0.55	0	0	0.38
94100	0.38	0.55	0.55	0	0	0.38
94200	0.38	0.55	0.55	0	0	0.38
94300	0.38	0.55	0.55	0	0	0.38
94400	0.38	0.55	0.55	0	0	0.38
94500	0.38	0.55	0.55	0	0	0.38
94600	0.38	0.55	0.55	0	0	0.38
94700	0.38	0.55	0.55	0	0	0.38
94800	0.38	0.55	0.55	0	0	0.38
94900	0.38	0.55	0.55	0	0	0.38
95000	0.38	0.55	0.55	0	0	0.38
95100	0.38	0.55	0.55	0	0	0.38
95200	0.38	0.55	0.55	0	0	0.38
95300	0.38	0.55	0.55	0	0	0.38
95400	0.38	0.55	0.55	0	0	0.38
95500	0.38	0.55	0.55	0	0	0.38
95600	0.38	0.55	0.55	0	0	0.38
95700	0.38	0.55	0.55	0	0	0.38
95800	0.38	0.55	0.55	0	0	0.38
95900	0.38	0.55	0.55	0	0	0.38
96000	0.38	0.55	0.55	0	0	0.38
96100	0.38	0.55	0.55	0	0	0.38
96200	0.38	0.55	0.55	0	0	0.38
96300	0.38	0.55	0.55	0	0	0.38
96400	0.38	0.55	0.55	0	0	0.38
96500	0.38	0.55	0.55	0	0	0.38
96600	0.38	0.55	0.55	0	0	0.38
96700	0.38	0.55	0.55	0	0	0.38
96800	0.38	0.55	0.55	0	0	0.38
96900	0.38	0.55	0.55	0	0	0.38
97000	0.38	0.55	0.55	0	0	0.38
97100	0.38	0.55	0.55	0	0	0.38
97200	0.38	0.55	0.55	0	0	0.38
97300	0.38	0.55	0.55	0	0	0.38
97400	0.38	0.55	0.55	0	0	0.38
97500	0.38	0.55	0.55	0	0	0.38
97600	0.38	0.55	0.55	0	0	0.38
97700	0.38	0.55	0.55	0	0	0.38
97800	0.38	0.55	0.55	0	0	0.38
97900	0.38	0.55	0.55	0	0	0.38
98000	0.38	0.54	0.54	0	0	0.38
98100	0.38	0.54	0.54	0	0	0.38
98200	0.38	0.54	0.54	0	0	0.38
98300	0.38	0.54	0.54	0	0	0.38
98400	0.38	0.54	0.54	0	0	0.38
98500	0.38	0.54	0.54	0	0	0.38
98600	0.38	0.54	0.54	0	0	0.38
98700	0.38	0.54	0.54	0	0	0.38
98800	0.38	0.54	0.54	0	0	0.38
98900	0.38	0.54	0.54	0	0	0.38
99000	0.38	0.54	0.54	0	0	0.38
99100	0.38	0.54	0.54	0	0	0.38
99200	0.38	0.54	0.54	0	0	0.38
99300	0.38	0.54	0.54	0	0	0.38
99400	0.38	0.55	0.55	0	0	0.38
99500	0.39	0.54	0.54	0	0	0.39
99600	0.39	0.54	0.54	0	0	0.39
99700	0.39	0.54	0.54	0	0	0.39
99800	0.4	0.54	0.54	0	0	0.4
99900	0.39	0.54	0.54	0	0	0.39
100000	0.39	0.54	0.54	0	0	0.39
100100	0.39	0.54	0.54	0	0	0.39
100200	0.39	0.54	0.54	0	0	0.39
100300	0.39	0.54	0.54	0	0	0.39
100400	0.39	0.54	0.54	0	0	0.39
100500	0.39	0.54	0.54	0	0	0.39
100600	0.39	0.54	0.54	0	0	0.39
100700	0.39	0.54	0.54	0	0	0.39
100800	0.39	0.54	0.54	0	0	0.39
100900	0.39	0.54	0.54	0	0	0.39
101000	0.39	0.54	0.54	0	0	0.39
101100	0.39	0.54	0.54	0	0	0.39
101200	0.39	0.54	0.54	0	0	0.39
101300	0.39	0.54	0.54	0	0	0.39
101400	0.39	0.54	0.54	0	0	0.39
101500	0.39	0.54	0.54	0	0	0.39
101600	0.39	0.54	0.54	0	0	0.39
101700	0.39	0.54	0.54	0	0	0.39
101800	0.39	0.54	0.54	0	0	0.39
101900	0.39	0.54	0.54	0	0	0.39
102000	0.39	0.54	0.54	0	0	0.39
102100	0.39	0.54	0.54	0	0	0.39
102200	0.39	0.54	0.54	0	0	0.39
102300	0.39	0.54	0.54	0	0	0.39
102400	0.39	0.54	0.54	0	0	0.39
102500	0.39	0.54	0.54	0	0	0.39
102600	0.39	0.54	0.54	0	0	0.39
102700	0.39	0.54	0.54	0	0	0.39
102800	0.39	0.54	0.54	0	0	0.39
102900	0.39	0.54	0.54	0	0	0.39
103000	0.39	0.54	0.54	0	0	0.39
103100	0.39	0.54	0.54	0	0	0.39
103200	0.39	0.54	0.54	0	0	0.39
103300	0.39	0.54	0.54	0	0	0.39
103400	0.39	0.54	0.54	0	0	0.39
103500	0.39	0.54	0.54	0	0	0.39
103600	0.39	0.54	0.54	0	0	0.39
103700	0.39	0.54	0.54	0	0	0.39
103800	0.39	0.54	0.54	0	0	0.39
103900	0.39	0.54	0.54	0	0	0.39
104000	0.39	0.54	0.54	0	0	0.39
104100	0.39	0.54	0.54	0	0	0.39
104200	0.39	0.54	0.54	0	0	0.39
104300	0.39	0.54	0.54	0	0	0.39
104400	0.39	0.54	0.54	0	0	0.39
104500	0.39	0.54	0.54	0	0	0.39
104600	0.39	0.54	0.54	0	0	0.39
104700	0.39	0.54	0.54	0	0	0.39
104800	0.39	0.54	0.54	0	0	0.39
104900	0.39	0.54	0.54	0	0	0.39
105000	0.39	0.54	0.54	0	0	0.39
105100	0.39	0.54	0.54	0	0	0.39
105200	0.39	0.54	0.54	0	0	0.39
105300	0.39	0.54	0.54	0	0	0.39
105400	0.39	0.54	0.54	0	0	0.39
105500	0.39	0.54	0.54	0	0	0.39
105600	0.39	0.54	0.54	0	0	0.39
105700	0.39	0.54	0.54	0	0	0.39
105800	0.39	0.54	0.54	0	0	0.39
105900	0.39	0.54	0.54	0	0	0.39
106000	0.39	0.54	0.54	0	0	0.39
106100	0.39	0.54	0.54	0	0	0.39
106200	0.4	0.54	0.54	0	0	0.4
106300	0.4	0.54	0.54	0	0	0.4
106400	0.4	0.54	0.54	0	0	0.4
106500	0.4	0.54	0.54	0	0	0.4
106600	0.4	0.54	0.54	0	0	0.4
106700	0.4	0.54	0.54	0	0	0.4
106800	0.4	0.54	0.54	0	0	0.4
106900	0.4	0.54	0.54	0	0	0.4
107000	0.4	0.54	0.54	0	0	0.4
107100	0.4	0.54	0.54	0	0	0.4
107200	0.4	0.54	0.54	0	0	0.4
107300	0.4	0.54	0.54	0	0	0.4
107400	0.4	0.54	0.54	0	0	0.4
107500	0.4	0.54	0.54	0	0	0.4
107600	0.4	0.53	0.53	0	0	0.4
107700	0.4	0.53	0.53	0	0	0.4
107800	0.4	0.53	0.53	0	0	0.4
107900	0.4	0.53	0.53	0	0	0.4
108000	0.4	0.53	0.53	0	0	0.4
108100	0.4	0.53	0.53	0	0	0.4
108200	0.4	0.53	0.53	0	0	0.4
108300	0.4	0.53	0.53	0	0	0.4
108400	0.4	0.53	0.53	0	0	0.4
108500	0.4	0.53	0.53	0	0	0.4
108600	0.4	0.53	0.53	0	0	0.4
108700	0.4	0.53	0.53	0	0	0.4
108800	0.4	0.53	0.53	0	0	0.4
108900	0.4	0.53	0.53	0	0	0.4
109000	0.4	0.53	0.53	0	0	0.4
109100	0.39	0.53	0.53	0	0	0.39
109200	0.39	0.53	0.53	0	0	0.39
109300	0.39	0.53	0.53	0	0	0.39
109400	0.39	0.53	0.53	0	0	0.39
109500	0.39	0.52	0.52	0	0	0.39
109600	0.39	0.52	0.52	0	0	0.39
109700	0.39	0.52	0.52	0	0	0.39
109800	0.39	0.52	0.52	0	0	0.39
109900	0.39	0.52	0.52	0	0	0.39
110000	0.39	0.52	0.52	0	0	0.39
110100	0.39	0.52	0.52	0	0	0.39
110200	0.39	0.52	0.52	0	0	0.39
110300	0.39	0.52	0.52	0	0	0.39
110400	0.39	0.52	0.52	0	0	0.39
110500	0.39	0.52	0.52	0	0	0.39
110600	0.39	0.52	0.52	0	0	0.39
110700	0.39	0.52	0.52	0	0	0.39
110800	0.39	0.52	0.52	0	0	0.39
110900	0.39	0.52	0.52	0	0	0.39
111000	0.39	0.52	0.52	0	0	0.39
111100	0.39	0.52	0.52	0	0	0.39
111200	0.39	0.52	0.52	0	0	0.39
111300	0.39	0.52	0.52	0	0	0.39
111400	0.39	0.52	0.52	0	0	0.39
111500	0.39	0.52	0.52	0	0	0.39
111600	0.39	0.51	0.51	0	0	0.39
111700	0.39	0.51	0.51	0	0	0.39
111800	0.39	0.51	0.51	0	0	0.39
111900	0.39	0.51	0.51	0	0	0.39
112000	0.39	0.51	0.51	0	0	0.39
112100	0.39	0.51	0.51	0	0	0.39
112200	0.39	0.51	0.51	0	0	0.39
112300	0.4	0.51	0.51	0	0	0.4
112400	0.39	0.51	0.51	0	0	0.39
112500	0.39	0.51	0.51	0	0	0.39
112600	0.39	0.51	0.51	0	0	0.39
112700	0.39	0.51	0.51	0	0	0.39
112800	0.39	0.51	0.51	0	0	0.39
112900	0.39	0.51	0.51	0	0	0.39
113000	0.39	0.51	0.51	0	0	0.39
113100	0.39	0.51	0.51	0	0	0.39
113200	0.39	0.51	0.51	0	0	0.39
113300	0.39	0.51	0.51	0	0	0.39
113400	0.39	0.51	0.51	0	0	0.39
113500	0.39	0.51	0.51	0	0	0.39
113600	0.39	0.51	0.51	0	0	0.39
113700	0.39	0.51	0.51	0	0	0.39
113800	0.39	0.51	0.51	0	0	0.39
113900	0.39	0.51	0.51	0	0	0.39
114000	0.39	0.51	0.51	0	0	0.39
114100	0.39	0.51	0.51	0	0	0.39
114200	0.39	0.51	0.51	0	0	0.39
114300	0.39	0.51	0.51	0	0	0.39
114400	0.39	0.51	0.51	0	0	0.39
114500	0.39	0.51	0.51	0	0	0.39
114600	0.4	0.51	0.51	0	0	0.4
114700	0.4	0.51	0.51	0	0	0.4
114800	0.39	0.51	0.51	0	0	0.39
114900	0.39	0.51	0.51	0	0	0.39
115000	0.39	0.51	0.51	0	0	0.39
115100	0.39	0.51	0.51	0	0	0.39
115200	0.39	0.52	0.52	0	0	0.39
115300	0.39	0.52	0.52	0	0	0.39
115400	0.39	0.52	0.52	0	0	0.39
115500	0.39	0.52	0.52	0	0	0.39
115600	0.39	0.52	0.52	0	0	0.39
115700	0.39	0.52	0.52	0	0	0.39
115800	0.39	0.52	0.52	0	0	0.39
115900	0.39	0.52	0.52	0	0	0.39
116000	0.4	0.52	0.52	0	0	0.4
116100	0.4	0.52	0.52	0	0	0.4
116200	0.4	0.52	0.52	0	0	0.4
116300	0.4	0.52	0.52	0	0	0.4
116400	0.4	0.52	0.52	0	0	0.4
116500	0.4	0.52	0.52	0	0	0.4
116600	0.4	0.52	0.52	0	0	0.4
116700	0.4	0.52	0.52	0	0	0.4
116800	0.4	0.52	0.52	0	0	0.4
116900	0.4	0.52	0.52	0	0	0.4
117000	0.4	0.51	0.51	0	0	0.4
117100	0.4	0.51	0.51	0	0	0.4
117200	0.41	0.51	0.51	0	0	0.41
117300	0.41	0.51	0.51	0	0	0.41
117400	0.41	0.51	0.51	0	0	0.41
117500	0.41	0.51	0.51	0	0	0.41
117600	0.41	0.51	0.51	0	0	0.41
117700	0.41	0.51	0.51	0	0	0.41
117800	0.41	0.51	0.51	0	0	0.41
117900	0.41	0.51	0.51	0	0	0.41
118000	0.41	0.51	0.51	0	0	0.41
118100	0.41	0.51	0.51	0	0	0.41
118200	0.41	0.51	0.51	0	0	0.41
118300	0.41	0.51	0.51	0	0	0.41
118400	0.41	0.51	0.51	0	0	0.41
118500	0.41	0.51	0.51	0	0	0.41
118600	0.41	0.51	0.51	0	0	0.41
118700	0.41	0.51	0.51	0	0	0.41
118800	0.41	0.51	0.51	0	0	0.41
118900	0.41	0.51	0.51	0	0	0.41
119000	0.41	0.51	0.51	0	0	0.41
119100	0.41	0.51	0.51	0	0	0.41
119200	0.41	0.51	0.51	0	0	0.41
119300	0.41	0.51	0.51	0	0	0.41
119400	0.41	0.51	0.51	0	0	0.41
119500	0.41	0.51	0.51	0	0	0.41
119600	0.41	0.51	0.51	0	0	0.41
119700	0.41	0.51	0.51	0	0	0.41
119800	0.41	0.51	0.51	0	0	0.41
119900	0.42	0.51	0.51	0	0	0.42
120000	0.42	0.51	0.51	0	0	0.42
120100	0.42	0.51	0.51	0	0	0.42
120200	0.42	0.51	0.51	0	0	0.42
120300	0.42	0.51	0.51	0	0	0.42
120400	0.42	0.51	0.51	0	0	0.42
120500	0.43	0.51	0.51	0	0	0.43
120600	0.43	0.51	0.51	0	0	0.43
120700	0.43	0.51	0.51	0	0	0.43
120800	0.43	0.51	0.51	0	0	0.43
120900	0.43	0.51	0.51	0	0	0.43
121000	0.43	0.51	0.51	0	0	0.43
121100	0.43	0.51	0.51	0	0	0.43
121200	0.44	0.51	0.51	0	0	0.44
121300	0.44	0.51	0.51	0	0	0.44
121400	0.44	0.51	0.51	0	0	0.44
121500	0.44	0.51	0.51	0	0	0.44
121600	0.44	0.51	0.51	0	0	0.44
121700	0.44	0.51	0.51	0	0	0.44
121800	0.44	0.51	0.51	0	0	0.44
121900	0.44	0.51	0.51	0	0	0.44
122000	0.44	0.51	0.51	0	0	0.44
122100	0.44	0.51	0.51	0	0	0.44
122200	0.44	0.51	0.51	0	0	0.44
122300	0.44	0.51	0.51	0	0	0.44
122400	0.44	0.51	0.51	0	0	0.44
122500	0.44	0.51	0.51	0	0	0.44
122600	0.44	0.51	0.51	0	0	0.44
122700	0.44	0.51	0.51	0	0	0.44
122800	0.44	0.51	0.51	0	0	0.44
122900	0.44	0.51	0.51	0	0	0.44
123000	0.44	0.51	0.51	0	0	0.44
123100	0.44	0.51	0.51	0	0	0.44
123200	0.43	0.51	0.51	0	0	0.43
123300	0.43	0.51	0.51	0	0	0.43
123400	0.43	0.51	0.51	0	0	0.43
123500	0.43	0.51	0.51	0	0	0.43
123600	0.43	0.51	0.51	0	0	0.43
123700	0.43	0.51	0.51	0	0	0.43
123800	0.43	0.51	0.51	0	0	0.43
123900	0.43	0.51	0.51	0	0	0.43
124000	0.43	0.51	0.51	0	0	0.43
124100	0.43	0.51	0.51	0	0	0.43
124200	0.43	0.51	0.51	0	0	0.43
124300	0.43	0.51	0.51	0	0	0.43
124400	0.43	0.51	0.51	0	0	0.43
124500	0.43	0.51	0.51	0	0	0.43
124600	0.43	0.51	0.51	0	0	0.43
124700	0.43	0.51	0.51	0	0	0.43
124800	0.43	0.51	0.51	0	0	0.43
124900	0.43	0.51	0.51	0	0	0.43
125000	0.43	0.51	0.51	0	0	0.43
125100	0.43	0.51	0.51	0	0	0.43
125200	0.43	0.51	0.51	0	0	0.43
125300	0.43	0.51	0.51	0	0	0.43
125400	0.43	0.51	0.51	0	0	0.43
125500	0.43	0.51	0.51	0	0	0.43
125600	0.43	0.51	0.51	0	0	0.43
125700	0.43	0.51	0.51	0	0	0.43
125800	0.43	0.51	0.51	0	0	0.43
125900	0.43	0.51	0.51	0	0	0.43
126000	0.43	0.51	0.51	0	0	0.43
126100	0.43	0.51	0.51	0	0	0.43
126200	0.43	0.51	0.51	0	0	0.43
126300	0.43	0.51	0.51	0	0	0.43
126400	0.43	0.51	0.51	0	0	0.43
126500	0.43	0.51	0.51	0	0	0.43
126600	0.43	0.51	0.51	0	0	0.43
126700	0.43	0.51	0.51	0	0	0.43
126800	0.43	0.51	0.51	0	0	0.43
126900	0.43	0.51	0.51	0	0	0.43
127000	0.43	0.51	0.51	0	0	0.43
127100	0.43	0.51	0.51	0	0	0.43
127200	0.43	0.51	0.51	0	0	0.43
127300	0.43	0.51	0.51	0	0	0.43
127400	0.43	0.51	0.51	0	0	0.43
127500	0.44	0.51	0.51	0	0	0.44
127600	0.44	0.51	0.51	0	0	0.44
127700	0.44	0.51	0.51	0	0	0.44
127800	0.45	0.51	0.51	0	0	0.45
127900	0.45	0.51	0.51	0	0	0.45
128000	0.45	0.51	0.51	0	0	0.45
128100	0.45	0.51	0.51	0	0	0.45
128200	0.45	0.51	0.51	0	0	0.45
128300	0.45	0.51	0.51	0	0	0.45
128400	0.45	0.51	0.51	0	0	0.45
128500	0.45	0.51	0.51	0	0	0.45
128600	0.45	0.51	0.51	0	0	0.45
128700	0.45	0.51	0.51	0	0	0.45
128800	0.45	0.51	0.51	0	0	0.45
128900	0.45	0.51	0.51	0	0	0.45
129000	0.45	0.51	0.51	0	0	0.45
129100	0.45	0.51	0.51	0	0	0.45
129200	0.45	0.51	0.51	0	0	0.45
129300	0.45	0.51	0.51	0	0	0.45
129400	0.45	0.51	0.51	0	0	0.45
129500	0.45	0.51	0.51	0	0	0.45
129600	0.45	0.51	0.51	0	0	0.45
129700	0.45	0.51	0.51	0	0	0.45
129800	0.45	0.51	0.51	0	0	0.45
129900	0.45	0.51	0.51	0	0	0.45
130000	0.45	0.51	0.51	0	0	0.45
130100	0.45	0.51	0.51	0	0	0.45
130200	0.45	0.51	0.51	0	0	0.45
130300	0.45	0.51	0.51	0	0	0.45
130400	0.45	0.51	0.51	0	0	0.45
130500	0.45	0.51	0.51	0	0	0.45
130600	0.45	0.51	0.51	0	0	0.45
130700	0.45	0.51	0.51	0	0	0.45
130800	0.45	0.51	0.51	0	0	0.45
130900	0.45	0.51	0.51	0	0	0.45
131000	0.45	0.51	0.51	0	0	0.45
131100	0.45	0.51	0.51	0	0	0.45
131200	0.45	0.51	0.51	0	0	0.45
131300	0.45	0.51	0.51	0	0	0.45
131400	0.45	0.51	0.51	0	0	0.45
131500	0.45	0.51	0.51	0	0	0.45
131600	0.45	0.51	0.51	0	0	0.45
131700	0.45	0.51	0.51	0	0	0.45
131800	0.45	0.51	0.51	0	0	0.45
131900	0.45	0.51	0.51	0	0	0.45
132000	0.45	0.51	0.51	0	0	0.45
132100	0.45	0.52	0.52	0	0	0.45
132200	0.45	0.52	0.52	0	0	0.45
132300	0.45	0.52	0.52	0	0	0.45
132400	0.45	0.52	0.52	0	0	0.45
132500	0.45	0.52	0.52	0	0	0.45
132600	0.45	0.52	0.52	0	0	0.45
132700	0.45	0.52	0.52	0	0	0.45
132800	0.45	0.52	0.52	0	0	0.45
132900	0.45	0.52	0.52	0	0	0.45
133000	0.45	0.52	0.52	0	0	0.45
133100	0.45	0.52	0.52	0	0	0.45
133200	0.45	0.52	0.52	0	0	0.45
133300	0.45	0.52	0.52	0	0	0.45
133400	0.45	0.52	0.52	0	0	0.45
133500	0.45	0.52	0.52	0	0	0.45
133600	0.45	0.52	0.52	0	0	0.45
133700	0.45	0.52	0.52	0	0	0.45
133800	0.45	0.52	0.52	0	0	0.45
133900	0.45	0.52	0.52	0	0	0.45
134000	0.45	0.52	0.52	0	0	0.45
134100	0.45	0.52	0.52	0	0	0.45
134200	0.45	0.52	0.52	0	0	0.45
134300	0.45	0.52	0.52	0	0	0.45
134400	0.45	0.52	0.52	0	0	0.45
134500	0.45	0.52	0.52	0	0	0.45
134600	0.44	0.52	0.52	0	0	0.44
134700	0.44	0.52	0.52	0	0	0.44
134800	0.44	0.52	0.52	0	0	0.44
134900	0.44	0.52	0.52	0	0	0.44
135000	0.44	0.52	0.52	0	0	0.44
135100	0.44	0.52	0.52	0	0	0.44
135200	0.44	0.52	0.52	0	0	0.44
135300	0.44	0.52	0.52	0	0	0.44
135400	0.44	0.52	0.52	0	0	0.44
135500	0.44	0.52	0.52	0	0	0.44
135600	0.44	0.52	0.52	0	0	0.44
135700	0.44	0.52	0.52	0	0	0.44
135800	0.44	0.52	0.52	0	0	0.44
135900	0.44	0.52	0.52	0	0	0.44
136000	0.44	0.52	0.52	0	0	0.44
136100	0.44	0.52	0.52	0	0	0.44
136200	0.44	0.52	0.52	0	0	0.44
136300	0.44	0.52	0.52	0	0	0.44
136400	0.44	0.52	0.52	0	0	0.44
136500	0.44	0.52	0.52	0	0	0.44
136600	0.44	0.52	0.52	0	0	0.44
136700	0.44	0.52	0.52	0	0	0.44
136800	0.44	0.52	0.52	0	0	0.44
136900	0.44	0.52	0.52	0	0	0.44
137000	0.44	0.52	0.52	0	0	0.44
137100	0.44	0.52	0.52	0	0	0.44
137200	0.44	0.52	0.52	0	0	0.44
137300	0.44	0.52	0.52	0	0	0.44
137400	0.44	0.52	0.52	0	0	0.44
137500	0.44	0.52	0.52	0	0	0.44
137600	0.44	0.52	0.52	0	0	0.44
137700	0.44	0.52	0.52	0	0	0.44
137800	0.44	0.52	0.52	0	0	0.44
137900	0.44	0.52	0.52	0	0	0.44
138000	0.44	0.52	0.52	0	0	0.44
138100	0.44	0.52	0.52	0	0	0.44
138200	0.44	0.52	0.52	0	0	0.44
138300	0.44	0.52	0.52	0	0	0.44
138400	0.44	0.52	0.52	0	0	0.44
138500	0.44	0.52	0.52	0	0	0.44
138600	0.44	0.52	0.52	0	0	0.44
138700	0.44	0.52	0.52	0	0	0.44
138800	0.44	0.52	0.52	0	0	0.44
138900	0.44	0.52	0.52	0	0	0.44
139000	0.44	0.52	0.52	0	0	0.44
139100	0.44	0.52	0.52	0	0	0.44
139200	0.44	0.52	0.52	0	0	0.44
139300	0.44	0.52	0.52	0	0	0.44
139400	0.44	0.52	0.52	0	0	0.44
139500	0.44	0.52	0.52	0	0	0.44
139600	0.44	0.52	0.52	0	0	0.44
139700	0.44	0.52	0.52	0	0	0.44
139800	0.44	0.52	0.52	0	0	0.44
139900	0.44	0.52	0.52	0	0	0.44
140000	0.44	0.52	0.52	0	0	0.44
140100	0.44	0.52	0.52	0	0	0.44
140200	0.44	0.52	0.52	0	0	0.44
140300	0.44	0.52	0.52	0	0	0.44
140400	0.44	0.52	0.52	0	0	0.44
140500	0.44	0.52	0.52	0	0	0.44
140600	0.44	0.52	0.52	0	0	0.44
140700	0.44	0.52	0.52	0	0	0.44
140800	0.44	0.52	0.52	0	0	0.44
140900	0.44	0.52	0.52	0	0	0.44
141000	0.44	0.52	0.52	0	0	0.44
141100	0.44	0.52	0.52	0	0	0.44
141200	0.44	0.52	0.52	0	0	0.44
141300	0.44	0.52	0.52	0	0	0.44
141400	0.44	0.52	0.52	0	0	0.44
141500	0.44	0.52	0.52	0	0	0.44
141600	0.44	0.52	0.52	0	0	0.44
141700	0.44	0.52	0.52	0	0	0.44
141800	0.44	0.52	0.52	0	0	0.44
141900	0.44	0.52	0.52	0	0	0.44
142000	0.44	0.52	0.52	0	0	0.44
142100	0.44	0.52	0.52	0	0	0.44
142200	0.44	0.52	0.52	0	0	0.44
142300	0.44	0.52	0.52	0	0	0.44
142400	0.44	0.52	0.52	0	0	0.44
142500	0.44	0.52	0.52	0	0	0.44
142600	0.44	0.52	0.52	0	0	0.44
142700	0.44	0.52	0.52	0	0	0.44
142800	0.44	0.52	0.52	0	0	0.44
142900	0.44	0.52	0.52	0	0	0.44
143000	0.44	0.52	0.52	0	0	0.44
143100	0.44	0.52	0.52	0	0	0.44
143200	0.44	0.52	0.52	0	0	0.44
143300	0.44	0.52	0.52	0	0	0.44
143400	0.44	0.52	0.52	0	0	0.44
143500	0.44	0.52	0.52	0	0	0.44
143600	0.44	0.52	0.52	0	0	0.44
143700	0.44	0.52	0.52	0	0	0.44
143800	0.44	0.52	0.52	0	0	0.44
143900	0.44	0.52	0.52	0	0	0.44
144000	0.44	0.52	0.52	0	0	0.44
144100	0.44	0.52	0.52	0	0	0.44
144200	0.44	0.52	0.52	0	0	0.44
144300	0.44	0.52	0.52	0	0	0.44
144400	0.44	0.52	0.52	0	0	0.44
144500	0.44	0.52	0.52	0	0	0.44
144600	0.44	0.52	0.52	0	0	0.44
144700	0.44	0.52	0.52	0	0	0.44
144800	0.44	0.52	0.52	0	0	0.44
144900	0.44	0.52	0.52	0	0	0.44
145000	0.44	0.52	0.52	0	0	0.44
145100	0.44	0.52	0.52	0	0	0.44
145200	0.44	0.52	0.52	0	0	0.44
145300	0.44	0.52	0.52	0	0	0.44
145400	0.44	0.52	0.52	0	0	0.44
145500	0.44	0.52	0.52	0	0	0.44
145600	0.44	0.52	0.52	0	0	0.44
145700	0.44	0.52	0.52	0	0	0.44
145800	0.44	0.52	0.52	0	0	0.44
145900	0.44	0.52	0.52	0	0	0.44
146000	0.44	0.52	0.52	0	0	0.44
146100	0.44	0.52	0.52	0	0	0.44
146200	0.44	0.52	0.52	0	0	0.44
146300	0.44	0.52	0.52	0	0	0.44
146400	0.44	0.52	0.52	0	0	0.44
146500	0.44	0.52	0.52	0	0	0.44
146600	0.44	0.52	0.52	0	0	0.44
146700	0.44	0.52	0.52	0	0	0.44
146800	0.44	0.52	0.52	0	0	0.44
146900	0.44	0.52	0.52	0	0	0.44
147000	0.44	0.52	0.52	0	0	0.44
147100	0.44	0.52	0.52	0	0	0.44
147200	0.44	0.52	0.52	0	0	0.44
147300	0.44	0.52	0.52	0	0	0.44
147400	0.44	0.52	0.52	0	0	0.44
147500	0.44	0.52	0.52	0	0	0.44
147600	0.44	0.52	0.52	0	0	0.44
147700	0.44	0.52	0.52	0	0	0.44
147800	0.44	0.52	0.52	0	0	0.44
147900	0.44	0.52	0.52	0	0	0.44
148000	0.44	0.52	0.52	0	0	0.44
148100	0.44	0.52	0.52	0	0	0.44
148200	0.44	0.52	0.52	0	0	0.44
148300	0.44	0.52	0.52	0	0	0.44
148400	0.44	0.52	0.52	0	0	0.44
148500	0.44	0.52	0.52	0	0	0.44
148600	0.44	0.52	0.52	0	0	0.44
148700	0.44	0.53	0.53	0	0	0.44
148800	0.44	0.52	0.52	0	0	0.44
148900	0.44	0.52	0.52	0	0	0.44
149000	0.44	0.52	0.52	0	0	0.44
149100	0.44	0.52	0.52	0	0	0.44
149200	0.44	0.52	0.52	0	0	0.44
149300	0.44	0.52	0.52	0	0	0.44
149400	0.44	0.52	0.52	0	0	0.44
149500	0.44	0.52	0.52	0	0	0.44
149600	0.44	0.52	0.52	0	0	0.44
149700	0.44	0.52	0.52	0	0	0.44
149800	0.44	0.52	0.52	0	0	0.44
149900	0.44	0.52	0.52	0	0	0.44
150000	0.44	0.52	0.52	0	0	0.44
150100	0.44	0.52	0.52	0	0	0.44
150200	0.44	0.52	0.52	0	0	0.44
150300	0.44	0.52	0.52	0	0	0.44
150400	0.44	0.52	0.52	0	0	0.44
150500	0.44	0.52	0.52	0	0	0.44
150600	0.44	0.52	0.52	0	0	0.44
150700	0.44	0.52	0.52	0	0	0.44
150800	0.44	0.52	0.52	0	0	0.44
150900	0.44	0.52	0.52	0	0	0.44
151000	0.44	0.52	0.52	0	0	0.44
151100	0.44	0.52	0.52	0	0	0.44
151200	0.44	0.52	0.52	0	0	0.44
151300	0.44	0.52	0.52	0	0	0.44
151400	0.44	0.52	0.52	0	0	0.44
151500	0.44	0.52	0.52	0	0	0.44
151600	0.44	0.52	0.52	0	0	0.44
151700	0.44	0.52	0.52	0	0	0.44
151800	0.44	0.52	0.52	0	0	0.44
151900	0.44	0.52	0.52	0	0	0.44
152000	0.44	0.52	0.52	0	0	0.44
152100	0.44	0.52	0.52	0	0	0.44
152200	0.44	0.52	0.52	0	0	0.44
152300	0.44	0.52	0.52	0	0	0.44
152400	0.44	0.51	0.51	0	0	0.44
152500	0.44	0.51	0.51	0	0	0.44
152600	0.44	0.51	0.51	0	0	0.44
152700	0.44	0.51	0.51	0	0	0.44
152800	0.44	0.51	0.51	0	0	0.44
152900	0.44	0.51	0.51	0	0	0.44
153000	0.44	0.51	0.51	0	0	0.44
153100	0.44	0.51	0.51	0	0	0.44
153200	0.44	0.51	0.51	0	0	0.44
153300	0.44	0.51	0.51	0	0	0.44
153400	0.44	0.51	0.51	0	0	0.44
153500	0.44	0.51	0.51	0	0	0.44
153600	0.44	0.51	0.51	0	0	0.44
153700	0.44	0.51	0.51	0	0	0.44
153800	0.44	0.51	0.51	0	0	0.44
153900	0.44	0.51	0.51	0	0	0.44
154000	0.44	0.51	0.51	0	0	0.44
154100	0.44	0.51	0.51	0	0	0.44
154200	0.44	0.51	0.51	0	0	0.44
154300	0.44	0.51	0.51	0	0	0.44
154400	0.44	0.51	0.51	0	0	0.44
154500	0.44	0.51	0.51	0	0	0.44
154600	0.44	0.51	0.51	0	0	0.44
154700	0.44	0.51	0.51	0	0	0.44
154800	0.44	0.51	0.51	0	0	0.44
154900	0.44	0.51	0.51	0	0	0.44
155000	0.44	0.51	0.51	0	0	0.44
155100	0.44	0.51	0.51	0	0	0.44
155200	0.44	0.51	0.51	0	0	0.44
155300	0.44	0.51	0.51	0	0	0.44
155400	0.44	0.51	0.51	0	0	0.44
155500	0.44	0.51	0.51	0	0	0.44
155600	0.44	0.51	0.51	0	0	0.44
155700	0.44	0.51	0.51	0	0	0.44
155800	0.44	0.51	0.51	0	0	0.44
155900	0.44	0.51	0.51	0	0	0.44
156000	0.44	0.51	0.51	0	0	0.44
156100	0.44	0.51	0.51	0	0	0.44
156200	0.44	0.51	0.51	0	0	0.44
156300	0.44	0.51	0.51	0	0	0.44
156400	0.44	0.51	0.51	0	0	0.44
156500	0.44	0.51	0.51	0	0	0.44
156600	0.44	0.51	0.51	0	0	0.44
156700	0.44	0.51	0.51	0	0	0.44
156800	0.44	0.51	0.51	0	0	0.44
156900	0.44	0.51	0.51	0	0	0.44
157000	0.44	0.51	0.51	0	0	0.44
157100	0.44	0.51	0.51	0	0	0.44
157200	0.44	0.51	0.51	0	0	0.44
157300	0.44	0.51	0.51	0	0	0.44
157400	0.44	0.51	0.51	0	0	0.44
157500	0.44	0.51	0.51	0	0	0.44
157600	0.44	0.51	0.51	0	0	0.44
157700	0.44	0.51	0.51	0	0	0.44
157800	0.44	0.51	0.51	0	0	0.44
157900	0.44	0.51	0.51	0	0	0.44
158000	0.44	0.51	0.51	0	0	0.44
158100	0.44	0.51	0.51	0	0	0.44
158200	0.44	0.51	0.51	0	0	0.44
158300	0.44	0.51	0.51	0	0	0.44
158400	0.44	0.51	0.51	0	0	0.44
158500	0.44	0.51	0.51	0	0	0.44
158600	0.44	0.51	0.51	0	0	0.44
158700	0.44	0.51	0.51	0	0	0.44
158800	0.44	0.51	0.51	0	0	0.44
158900	0.44	0.51	0.51	0	0	0.44
159000	0.44	0.51	0.51	0	0	0.44
159100	0.44	0.51	0.51	0	0	0.44
159200	0.44	0.51	0.51	0	0	0.44
159300	0.44	0.51	0.51	0	0	0.44
159400	0.44	0.51	0.51	0	0	0.44
159500	0.44	0.51	0.51	0	0	0.44
159600	0.44	0.51	0.51	0	0	0.44
159700	0.44	0.51	0.51	0	0	0.44
159800	0.44	0.51	0.51	0	0	0.44
159900	0.44	0.51	0.51	0	0	0.44
160000	0.44	0.51	0.51	0	0	0.44
160100	0.44	0.51	0.51	0	0	0.44
160200	0.44	0.51	0.51	0	0	0.44
160300	0.44	0.51	0.51	0	0	0.44
160400	0.44	0.51	0.51	0	0	0.44
160500	0.44	0.51	0.51	0	0	0.44
160600	0.44	0.51	0.51	0	0	0.44
160700	0.44	0.51	0.51	0	0	0.44
160800	0.44	0.51	0.51	0	0	0.44
160900	0.44	0.51	0.51	0	0	0.44
161000	0.44	0.51	0.51	0	0	0.44
161100	0.44	0.51	0.51	0	0	0.44
161200	0.44	0.51	0.51	0	0	0.44
161300	0.44	0.51	0.51	0	0	0.44
161400	0.44	0.51	0.51	0	0	0.44
161500	0.44	0.51	0.51	0	0	0.44
161600	0.44	0.51	0.51	0	0	0.44
161700	0.44	0.51	0.51	0	0	0.44
161800	0.44	0.51	0.51	0	0	0.44
161900	0.44	0.51	0.51	0	0	0.44
162000	0.44	0.51	0.51	0	0	0.44
162100	0.44	0.51	0.51	0	0	0.44
162200	0.44	0.51	0.51	0	0	0.44
162300	0.44	0.51	0.51	0	0	0.44
162400	0.44	0.51	0.51	0	0	0.44
162500	0.44	0.51	0.51	0	0	0.44
162600	0.44	0.51	0.51	0	0	0.44
162700	0.44	0.51	0.51	0	0	0.44
162800	0.44	0.51	0.51	0	0	0.44
162900	0.44	0.51	0.51	0	0	0.44
163000	0.44	0.51	0.51	0	0	0.44
163100	0.44	0.51	0.51	0	0	0.44
163200	0.44	0.51	0.51	0	0	0.44
163300	0.44	0.51	0.51	0	0	0.44
163400	0.44	0.51	0.51	0	0	0.44
163500	0.44	0.5	0.5	0	0	0.44
163600	0.44	0.5	0.5	0	0	0.44
163700	0.43	0.5	0.5	0	0	0.43
163800	0.43	0.5	0.5	0	0	0.43
163900	0.43	0.5	0.5	0	0	0.43
164000	0.43	0.5	0.5	0	0	0.43
164100	0.43	0.5	0.5	0	0	0.43
164200	0.43	0.5	0.5	0	0	0.43
164300	0.43	0.49	0.49	0	0	0.43
164400	0.43	0.49	0.49	0	0	0.43
164500	0.43	0.5	0.5	0	0	0.43
164600	0.43	0.49	0.49	0	0	0.43
164700	0.43	0.49	0.49	0	0	0.43
164800	0.43	0.49	0.49	0	0	0.43
164900	0.43	0.49	0.49	0	0	0.43
165000	0.43	0.49	0.49	0	0	0.43
165100	0.43	0.49	0.49	0	0	0.43
165200	0.43	0.49	0.49	0	0	0.43
165300	0.43	0.49	0.49	0	0	0.43
165400	0.43	0.49	0.49	0	0	0.43
165500	0.43	0.49	0.49	0	0	0.43
165600	0.43	0.5	0.5	0	0	0.43
165700	0.43	0.49	0.49	0	0	0.43
165800	0.43	0.49	0.49	0	0	0.43
165900	0.43	0.49	0.49	0	0	0.43
166000	0.43	0.49	0.49	0	0	0.43
166100	0.43	0.49	0.49	0	0	0.43
166200	0.43	0.49	0.49	0	0	0.43
166300	0.43	0.49	0.49	0	0	0.43
166400	0.43	0.49	0.49	0	0	0.43
166500	0.43	0.49	0.49	0	0	0.43
166600	0.43	0.49	0.49	0	0	0.43
166700	0.43	0.49	0.49	0	0	0.43
166800	0.43	0.49	0.49	0	0	0.43
166900	0.43	0.49	0.49	0	0	0.43
167000	0.43	0.49	0.49	0	0	0.43
167100	0.43	0.49	0.49	0	0	0.43
167200	0.43	0.49	0.49	0	0	0.43
167300	0.43	0.49	0.49	0	0	0.43
167400	0.43	0.49	0.49	0	0	0.43
167500	0.43	0.49	0.49	0	0	0.43
167600	0.43	0.49	0.49	0	0	0.43
167700	0.43	0.49	0.49	0	0	0.43
167800	0.43	0.49	0.49	0	0	0.43
167900	0.43	0.49	0.49	0	0	0.43
168000	0.43	0.49	0.49	0	0	0.43
168100	0.43	0.49	0.49	0	0	0.43
168200	0.43	0.49	0.49	0	0	0.43
168300	0.43	0.49	0.49	0	0	0.43
168400	0.43	0.49	0.49	0	0	0.43
168500	0.43	0.49	0.49	0	0	0.43
168600	0.42	0.49	0.49	0	0	0.42
168700	0.42	0.49	0.49	0	0	0.42
168800	0.42	0.49	0.49	0	0	0.42
168900	0.42	0.49	0.49	0	0	0.42
169000	0.42	0.5	0.5	0	0	0.42
169100	0.42	0.5	0.5	0	0	0.42
169200	0.42	0.5	0.5	0	0	0.42
169300	0.42	0.5	0.5	0	0	0.42
169400	0.42	0.5	0.5	0	0	0.42
169500	0.43	0.5	0.5	0	0	0.43
169600	0.43	0.5	0.5	0	0	0.43
169700	0.43	0.5	0.5	0	0	0.43
169800	0.43	0.5	0.5	0	0	0.43
169900	0.43	0.51	0.51	0	0	0.43
170000	0.43	0.51	0.51	0	0	0.43
170100	0.43	0.51	0.51	0	0	0.43
170200	0.43	0.52	0.52	0	0	0.43
170300	0.43	0.51	0.51	0	0	0.43
170400	0.43	0.51	0.51	0	0	0.43
170500	0.43	0.51	0.51	0	0	0.43
170600	0.43	0.51	0.51	0	0	0.43
170700	0.43	0.51	0.51	0	0	0.43
170800	0.43	0.51	0.51	0	0	0.43
170900	0.43	0.51	0.51	0	0	0.43
171000	0.43	0.51	0.51	0	0	0.43
171100	0.43	0.51	0.51	0	0	0.43
171200	0.43	0.51	0.51	0	0	0.43
171300	0.43	0.51	0.51	0	0	0.43
171400	0.43	0.51	0.51	0	0	0.43
171500	0.43	0.51	0.51	0	0	0.43
171600	0.43	0.51	0.51	0	0	0.43
171700	0.43	0.51	0.51	0	0	0.43
171800	0.43	0.51	0.51	0	0	0.43
171900	0.43	0.51	0.51	0	0	0.43
172000	0.43	0.51	0.51	0	0	0.43
172100	0.43	0.51	0.51	0	0	0.43
172200	0.43	0.51	0.51	0	0	0.43
172300	0.43	0.51	0.51	0	0	0.43
172400	0.43	0.51	0.51	0	0	0.43
172500	0.43	0.51	0.51	0	0	0.43
172600	0.43	0.51	0.51	0	0	0.43
172700	0.43	0.51	0.51	0	0	0.43
172800	0.43	0.51	0.51	0	0	0.43
172900	0.43	0.51	0.51	0	0	0.43
173000	0.43	0.51	0.51	0	0	0.43
173100	0.43	0.51	0.51	0	0	0.43
173200	0.43	0.52	0.52	0	0	0.43
173300	0.43	0.52	0.52	0	0	0.43
173400	0.43	0.52	0.52	0	0	0.43
173500	0.43	0.52	0.52	0	0	0.43
173600	0.43	0.52	0.52	0	0	0.43
173700	0.43	0.52	0.52	0	0	0.43
173800	0.43	0.52	0.52	0	0	0.43
173900	0.43	0.52	0.52	0	0	0.43
174000	0.43	0.52	0.52	0	0	0.43
174100	0.43	0.52	0.52	0	0	0.43
174200	0.43	0.52	0.52	0	0	0.43
174300	0.43	0.52	0.52	0	0	0.43
174400	0.43	0.52	0.52	0	0	0.43
174500	0.43	0.51	0.51	0	0	0.43
174600	0.43	0.51	0.51	0	0	0.43
174700	0.43	0.52	0.52	0	0	0.43
174800	0.43	0.52	0.52	0	0	0.43
174900	0.43	0.51	0.51	0	0	0.43
175000	0.43	0.51	0.51	0	0	0.43
175100	0.43	0.49	0.49	0	0	0.43
175200	0.43	0.49	0.49	0	0	0.43
175300	0.43	0.49	0.49	0	0	0.43
175400	0.43	0.49	0.49	0	0	0.43
175500	0.43	0.49	0.49	0	0	0.43
175600	0.43	0.49	0.49	0	0	0.43
175700	0.43	0.49	0.49	0	0	0.43
175800	0.43	0.49	0.49	0	0	0.43
175900	0.43	0.49	0.49	0	0	0.43
176000	0.43	0.49	0.49	0	0	0.43
176100	0.43	0.49	0.49	0	0	0.43
176200	0.43	0.49	0.49	0	0	0.43
176300	0.43	0.49	0.49	0	0	0.43
176400	0.43	0.49	0.49	0	0	0.43
176500	0.43	0.49	0.49	0	0	0.43
176600	0.43	0.49	0.49	0	0	0.43
176700	0.43	0.49	0.49	0	0	0.43
176800	0.43	0.49	0.49	0	0	0.43
176900	0.43	0.49	0.49	0	0	0.43
177000	0.43	0.49	0.49	0	0	0.43
177100	0.43	0.49	0.49	0	0	0.43
177200	0.43	0.49	0.49	0	0	0.43
177300	0.43	0.49	0.49	0	0	0.43
177400	0.43	0.49	0.49	0	0	0.43
177500	0.43	0.49	0.49	0	0	0.43
177600	0.43	0.49	0.49	0	0	0.43
177700	0.43	0.49	0.49	0	0	0.43
177800	0.43	0.49	0.49	0	0	0.43
177900	0.43	0.49	0.49	0	0	0.43
178000	0.43	0.49	0.49	0	0	0.43
178100	0.43	0.49	0.49	0	0	0.43
178200	0.42	0.49	0.49	0	0	0.42
178300	0.42	0.49	0.49	0	0	0.42
178400	0.42	0.49	0.49	0	0	0.42
178500	0.42	0.49	0.49	0	0	0.42
178600	0.42	0.49	0.49	0	0	0.42
178700	0.42	0.49	0.49	0	0	0.42
178800	0.42	0.49	0.49	0	0	0.42
178900	0.42	0.49	0.49	0	0	0.42
179000	0.42	0.49	0.49	0	0	0.42
179100	0.42	0.49	0.49	0	0	0.42
179200	0.42	0.49	0.49	0	0	0.42
179300	0.42	0.49	0.49	0	0	0.42
179400	0.42	0.49	0.49	0	0	0.42
179500	0.42	0.49	0.49	0	0	0.42
179600	0.42	0.49	0.49	0	0	0.42
179700	0.42	0.49	0.49	0	0	0.42
179800	0.42	0.49	0.49	0	0	0.42
179900	0.42	0.49	0.49	0	0	0.42
180000	0.42	0.49	0.49	0	0	0.42
180100	0.43	0.49	0.49	0	0	0.43
180200	0.43	0.49	0.49	0	0	0.43
180300	0.43	0.49	0.49	0	0	0.43
180400	0.43	0.49	0.49	0	0	0.43
180500	0.43	0.5	0.5	0	0	0.43
180600	0.43	0.5	0.5	0	0	0.43
180700	0.43	0.5	0.5	0	0	0.43
180800	0.43	0.5	0.5	0	0	0.43
180900	0.43	0.5	0.5	0	0	0.43
181000	0.43	0.5	0.5	0	0	0.43
181100	0.43	0.5	0.5	0	0	0.43
181200	0.43	0.5	0.5	0	0	0.43
181300	0.43	0.5	0.5	0	0	0.43
181400	0.43	0.5	0.5	0	0	0.43
181500	0.43	0.5	0.5	0	0	0.43
181600	0.43	0.5	0.5	0	0	0.43
181700	0.43	0.5	0.5	0	0	0.43
181800	0.43	0.5	0.5	0	0	0.43
181900	0.43	0.5	0.5	0	0	0.43
182000	0.43	0.5	0.5	0	0	0.43
182100	0.43	0.5	0.5	0	0	0.43
182200	0.43	0.5	0.5	0	0	0.43
182300	0.43	0.5	0.5	0	0	0.43
182400	0.43	0.5	0.5	0	0	0.43
182500	0.43	0.5	0.5	0	0	0.43
182600	0.43	0.5	0.5	0	0	0.43
182700	0.43	0.5	0.5	0	0	0.43
182800	0.43	0.5	0.5	0	0	0.43
182900	0.43	0.5	0.5	0	0	0.43
183000	0.43	0.5	0.5	0	0	0.43
183100	0.43	0.5	0.5	0	0	0.43
183200	0.43	0.5	0.5	0	0	0.43
183300	0.43	0.5	0.5	0	0	0.43
183400	0.43	0.5	0.5	0	0	0.43
183500	0.43	0.5	0.5	0	0	0.43
183600	0.43	0.5	0.5	0	0	0.43
183700	0.43	0.5	0.5	0	0	0.43
183800	0.43	0.5	0.5	0	0	0.43
183900	0.43	0.5	0.5	0	0	0.43
184000	0.43	0.5	0.5	0	0	0.43
184100	0.43	0.5	0.5	0	0	0.43
184200	0.43	0.5	0.5	0	0	0.43
184300	0.43	0.5	0.5	0	0	0.43
184400	0.43	0.5	0.5	0	0	0.43
184500	0.43	0.5	0.5	0	0	0.43
184600	0.43	0.5	0.5	0	0	0.43
184700	0.43	0.5	0.5	0	0	0.43
184800	0.43	0.5	0.5	0	0	0.43
184900	0.43	0.5	0.5	0	0	0.43
185000	0.43	0.5	0.5	0	0	0.43
185100	0.43	0.5	0.5	0	0	0.43
185200	0.43	0.5	0.5	0	0	0.43
185300	0.43	0.5	0.5	0	0	0.43
185400	0.43	0.5	0.5	0	0	0.43
185500	0.43	0.5	0.5	0	0	0.43
185600	0.43	0.5	0.5	0	0	0.43
185700	0.43	0.51	0.51	0	0	0.43
185800	0.43	0.51	0.51	0	0	0.43
185900	0.43	0.51	0.51	0	0	0.43
186000	0.43	0.51	0.51	0	0	0.43
186100	0.43	0.5	0.5	0	0	0.43
186200	0.43	0.5	0.5	0	0	0.43
186300	0.43	0.5	0.5	0	0	0.43
186400	0.43	0.5	0.5	0	0	0.43
186500	0.43	0.5	0.5	0	0	0.43
186600	0.42	0.5	0.5	0	0	0.42
186700	0.43	0.5	0.5	0	0	0.43
186800	0.42	0.5	0.5	0	0	0.42
186900	0.42	0.5	0.5	0	0	0.42
187000	0.42	0.5	0.5	0	0	0.42
187100	0.42	0.5	0.5	0	0	0.42
187200	0.42	0.5	0.5	0	0	0.42
187300	0.42	0.5	0.5	0	0	0.42
187400	0.42	0.5	0.5	0	0	0.42
187500	0.42	0.5	0.5	0	0	0.42
187600	0.42	0.5	0.5	0	0	0.42
187700	0.42	0.5	0.5	0	0	0.42
187800	0.42	0.5	0.5	0	0	0.42
187900	0.42	0.5	0.5	0	0	0.42
188000	0.42	0.5	0.5	0	0	0.42
188100	0.42	0.5	0.5	0	0	0.42
188200	0.42	0.5	0.5	0	0	0.42
188300	0.42	0.5	0.5	0	0	0.42
188400	0.42	0.5	0.5	0	0	0.42
188500	0.42	0.5	0.5	0	0	0.42
188600	0.42	0.5	0.5	0	0	0.42
188700	0.42	0.5	0.5	0	0	0.42
188800	0.42	0.5	0.5	0	0	0.42
188900	0.42	0.5	0.5	0	0	0.42
189000	0.42	0.5	0.5	0	0	0.42
189100	0.42	0.5	0.5	0	0	0.42
189200	0.42	0.5	0.5	0	0	0.42
189300	0.42	0.5	0.5	0	0	0.42
189400	0.42	0.5	0.5	0	0	0.42
189500	0.42	0.5	0.5	0	0	0.42
189600	0.42	0.5	0.5	0	0	0.42
189700	0.42	0.5	0.5	0	0	0.42
189800	0.42	0.5	0.5	0	0	0.42
189900	0.42	0.5	0.5	0	0	0.42
190000	0.42	0.5	0.5	0	0	0.42
190100	0.42	0.5	0.5	0	0	0.42
190200	0.42	0.5	0.5	0	0	0.42
190300	0.43	0.5	0.5	0	0	0.43
190400	0.43	0.5	0.5	0	0	0.43
190500	0.43	0.5	0.5	0	0	0.43
190600	0.43	0.5	0.5	0	0	0.43
190700	0.43	0.5	0.5	0	0	0.43
190800	0.43	0.5	0.5	0	0	0.43
190900	0.43	0.5	0.5	0	0	0.43
191000	0.43	0.5	0.5	0	0	0.43
191100	0.43	0.5	0.5	0	0	0.43
191200	0.43	0.5	0.5	0	0	0.43
191300	0.43	0.5	0.5	0	0	0.43
191400	0.43	0.5	0.5	0	0	0.43
191500	0.43	0.5	0.5	0	0	0.43
191600	0.43	0.5	0.5	0	0	0.43
191700	0.43	0.5	0.5	0	0	0.43
191800	0.43	0.5	0.5	0	0	0.43
191900	0.43	0.5	0.5	0	0	0.43
192000	0.43	0.5	0.5	0	0	0.43
192100	0.43	0.51	0.51	0	0	0.43
192200	0.43	0.51	0.51	0	0	0.43
192300	0.43	0.51	0.51	0	0	0.43
192400	0.43	0.51	0.51	0	0	0.43
192500	0.43	0.51	0.51	0	0	0.43
192600	0.43	0.51	0.51	0	0	0.43
192700	0.43	0.51	0.51	0	0	0.43
192800	0.43	0.51	0.51	0	0	0.43
192900	0.43	0.5	0.5	0	0	0.43
193000	0.43	0.5	0.5	0	0	0.43
193100	0.43	0.5	0.5	0	0	0.43
193200	0.43	0.5	0.5	0	0	0.43
193300	0.43	0.5	0.5	0	0	0.43
193400	0.43	0.5	0.5	0	0	0.43
193500	0.43	0.5	0.5	0	0	0.43
193600	0.43	0.5	0.5	0	0	0.43
193700	0.43	0.5	0.5	0	0	0.43
193800	0.43	0.5	0.5	0	0	0.43
193900	0.43	0.5	0.5	0	0	0.43
194000	0.43	0.5	0.5	0	0	0.43
194100	0.43	0.5	0.5	0	0	0.43
194200	0.43	0.5	0.5	0	0	0.43
194300	0.43	0.5	0.5	0	0	0.43
194400	0.43	0.51	0.51	0	0	0.43
194500	0.43	0.51	0.51	0	0	0.43
194600	0.44	0.51	0.51	0	0	0.44
194700	0.44	0.51	0.51	0	0	0.44
194800	0.44	0.5	0.5	0	0	0.44
194900	0.44	0.5	0.5	0	0	0.44
195000	0.44	0.5	0.5	0	0	0.44
195100	0.44	0.5	0.5	0	0	0.44
195200	0.44	0.5	0.5	0	0	0.44
195300	0.44	0.5	0.5	0	0	0.44
195400	0.44	0.5	0.5	0	0	0.44
195500	0.44	0.5	0.5	0	0	0.44
195600	0.44	0.5	0.5	0	0	0.44
195700	0.44	0.5	0.5	0	0	0.44
195800	0.44	0.5	0.5	0	0	0.44
195900	0.44	0.5	0.5	0	0	0.44
196000	0.44	0.5	0.5	0	0	0.44
196100	0.44	0.5	0.5	0	0	0.44
196200	0.44	0.5	0.5	0	0	0.44
196300	0.44	0.5	0.5	0	0	0.44
196400	0.44	0.5	0.5	0	0	0.44
196500	0.44	0.5	0.5	0	0	0.44
196600	0.44	0.5	0.5	0	0	0.44
196700	0.44	0.5	0.5	0	0	0.44
196800	0.44	0.5	0.5	0	0	0.44
196900	0.44	0.5	0.5	0	0	0.44
197000	0.44	0.5	0.5	0	0	0.44
197100	0.44	0.5	0.5	0	0	0.44
197200	0.44	0.5	0.5	0	0	0.44
197300	0.44	0.5	0.5	0	0	0.44
197400	0.44	0.5	0.5	0	0	0.44
197500	0.44	0.5	0.5	0	0	0.44
197600	0.44	0.5	0.5	0	0	0.44
197700	0.44	0.5	0.5	0	0	0.44
197800	0.44	0.5	0.5	0	0	0.44
197900	0.44	0.5	0.5	0	0	0.44
198000	0.44	0.5	0.5	0	0	0.44
198100	0.44	0.5	0.5	0	0	0.44
198200	0.44	0.5	0.5	0	0	0.44
198300	0.44	0.5	0.5	0	0	0.44
198400	0.44	0.5	0.5	0	0	0.44
198500	0.44	0.5	0.5	0	0	0.44
198600	0.45	0.5	0.5	0	0	0.45
198700	0.45	0.5	0.5	0	0	0.45
198800	0.44	0.5	0.5	0	0	0.44
198900	0.44	0.5	0.5	0	0	0.44
199000	0.44	0.5	0.5	0	0	0.44
199100	0.44	0.5	0.5	0	0	0.44
199200	0.44	0.5	0.5	0	0	0.44
199300	0.44	0.5	0.5	0	0	0.44
199400	0.44	0.5	0.5	0	0	0.44
199500	0.44	0.5	0.5	0	0	0.44
199600	0.44	0.5	0.5	0	0	0.44
199700	0.44	0.5	0.5	0	0	0.44
199800	0.44	0.5	0.5	0	0	0.44
199900	0.44	0.49	0.49	0	0	0.44
200000	0.44	0.49	0.49	0	0	0.44
200100	0.44	0.49	0.49	0	0	0.44
200200	0.44	0.49	0.49	0	0	0.44
200300	0.44	0.49	0.49	0	0	0.44
200400	0.44	0.49	0.49	0	0	0.44
200500	0.44	0.49	0.49	0	0	0.44
200600	0.44	0.49	0.49	0	0	0.44
200700	0.44	0.49	0.49	0	0	0.44
200800	0.44	0.49	0.49	0	0	0.44
200900	0.45	0.49	0.49	0	0	0.45
201000	0.45	0.49	0.49	0	0	0.45
201100	0.45	0.49	0.49	0	0	0.45
201200	0.45	0.49	0.49	0	0	0.45
201300	0.45	0.49	0.49	0	0	0.45
201400	0.45	0.49	0.49	0	0	0.45
201500	0.45	0.49	0.49	0	0	0.45
201600	0.45	0.49	0.49	0	0	0.45
201700	0.45	0.49	0.49	0	0	0.45
201800	0.45	0.49	0.49	0	0	0.45
201900	0.45	0.49	0.49	0	0	0.45
202000	0.45	0.49	0.49	0	0	0.45
202100	0.45	0.49	0.49	0	0	0.45
202200	0.44	0.49	0.49	0	0	0.44
202300	0.44	0.49	0.49	0	0	0.44
202400	0.44	0.49	0.49	0	0	0.44
202500	0.44	0.49	0.49	0	0	0.44
202600	0.44	0.49	0.49	0	0	0.44
202700	0.43	0.49	0.49	0	0	0.43
202800	0.43	0.49	0.49	0	0	0.43
202900	0.43	0.49	0.49	0	0	0.43
203000	0.43	0.49	0.49	0	0	0.43
203100	0.44	0.49	0.49	0	0	0.44
203200	0.43	0.49	0.49	0	0	0.43
203300	0.43	0.49	0.49	0	0	0.43
203400	0.43	0.49	0.49	0	0	0.43
203500	0.43	0.49	0.49	0	0	0.43
203600	0.44	0.49	0.49	0	0	0.44
203700	0.44	0.49	0.49	0	0	0.44
203800	0.44	0.49	0.49	0	0	0.44
203900	0.44	0.49	0.49	0	0	0.44
204000	0.45	0.49	0.49	0	0	0.45
204100	0.45	0.49	0.49	0	0	0.45
204200	0.45	0.49	0.49	0	0	0.45
204300	0.45	0.49	0.49	0	0	0.45
204400	0.45	0.49	0.49	0	0	0.45
204500	0.45	0.49	0.49	0	0	0.45
204600	0.45	0.49	0.49	0	0	0.45
204700	0.45	0.49	0.49	0	0	0.45
204800	0.45	0.49	0.49	0	0	0.45
204900	0.45	0.49	0.49	0	0	0.45
205000	0.45	0.49	0.49	0	0	0.45
205100	0.45	0.49	0.49	0	0	0.45
205200	0.45	0.49	0.49	0	0	0.45
205300	0.45	0.49	0.49	0	0	0.45
205400	0.45	0.49	0.49	0	0	0.45
205500	0.45	0.49	0.49	0	0	0.45
205600	0.45	0.49	0.49	0	0	0.45
205700	0.45	0.49	0.49	0	0	0.45
205800	0.45	0.49	0.49	0	0	0.45
205900	0.45	0.49	0.49	0	0	0.45
206000	0.45	0.49	0.49	0	0	0.45
206100	0.45	0.49	0.49	0	0	0.45
206200	0.45	0.49	0.49	0	0	0.45
206300	0.45	0.49	0.49	0	0	0.45
206400	0.45	0.49	0.49	0	0	0.45
206500	0.45	0.49	0.49	0	0	0.45
206600	0.45	0.49	0.49	0	0	0.45
206700	0.45	0.49	0.49	0	0	0.45
206800	0.45	0.49	0.49	0	0	0.45
206900	0.45	0.49	0.49	0	0	0.45
207000	0.45	0.49	0.49	0	0	0.45
207100	0.45	0.49	0.49	0	0	0.45
207200	0.45	0.49	0.49	0	0	0.45
207300	0.45	0.49	0.49	0	0	0.45
207400	0.45	0.49	0.49	0	0	0.45
207500	0.45	0.49	0.49	0	0	0.45
207600	0.45	0.49	0.49	0	0	0.45
207700	0.45	0.49	0.49	0	0	0.45
207800	0.46	0.49	0.49	0	0	0.46
207900	0.46	0.49	0.49	0	0	0.46
208000	0.46	0.49	0.49	0	0	0.46
208100	0.46	0.49	0.49	0	0	0.46
208200	0.46	0.49	0.49	0	0	0.46
208300	0.46	0.49	0.49	0	0	0.46
208400	0.46	0.49	0.49	0	0	0.46
208500	0.46	0.49	0.49	0	0	0.46
208600	0.46	0.49	0.49	0	0	0.46
208700	0.46	0.49	0.49	0	0	0.46
208800	0.46	0.49	0.49	0	0	0.46
208900	0.46	0.49	0.49	0	0	0.46
209000	0.46	0.49	0.49	0	0	0.46
209100	0.46	0.49	0.49	0	0	0.46
209200	0.46	0.49	0.49	0	0	0.46
209300	0.46	0.49	0.49	0	0	0.46
209400	0.46	0.49	0.49	0	0	0.46
209500	0.46	0.49	0.49	0	0	0.46
209600	0.46	0.49	0.49	0	0	0.46
209700	0.46	0.49	0.49	0	0	0.46
209800	0.46	0.49	0.49	0	0	0.46
209900	0.46	0.49	0.49	0	0	0.46
210000	0.46	0.49	0.49	0	0	0.46
210100	0.46	0.49	0.49	0	0	0.46
210200	0.46	0.49	0.49	0	0	0.46
210300	0.46	0.48	0.48	0	0	0.46
210400	0.47	0.48	0.48	0	0	0.47
210500	0.46	0.48	0.48	0	0	0.46
210600	0.46	0.48	0.48	0	0	0.46
210700	0.46	0.48	0.48	0	0	0.46
210800	0.46	0.48	0.48	0	0	0.46
210900	0.46	0.48	0.48	0	0	0.46
211000	0.46	0.48	0.48	0	0	0.46
211100	0.46	0.48	0.48	0	0	0.46
211200	0.46	0.48	0.48	0	0	0.46
211300	0.46	0.48	0.48	0	0	0.46
211400	0.46	0.48	0.48	0	0	0.46
211500	0.46	0.48	0.48	0	0	0.46
211600	0.46	0.48	0.48	0	0	0.46
211700	0.46	0.48	0.48	0	0	0.46
211800	0.46	0.48	0.48	0	0	0.46
211900	0.46	0.48	0.48	0	0	0.46
212000	0.46	0.48	0.48	0	0	0.46
212100	0.46	0.48	0.48	0	0	0.46
212200	0.45	0.48	0.48	0	0	0.45
212300	0.45	0.48	0.48	0	0	0.45
212400	0.45	0.48	0.48	0	0	0.45
212500	0.45	0.48	0.48	0	0	0.45
212600	0.45	0.48	0.48	0	0	0.45
212700	0.45	0.48	0.48	0	0	0.45
212800	0.45	0.48	0.48	0	0	0.45
212900	0.45	0.48	0.48	0	0	0.45
213000	0.45	0.48	0.48	0	0	0.45
213100	0.45	0.48	0.48	0	0	0.45
213200	0.45	0.48	0.48	0	0	0.45
213300	0.45	0.48	0.48	0	0	0.45
213400	0.45	0.48	0.48	0	0	0.45
213500	0.45	0.48	0.48	0	0	0.45
213600	0.45	0.48	0.48	0	0	0.45
213700	0.45	0.48	0.48	0	0	0.45
213800	0.45	0.48	0.48	0	0	0.45
213900	0.45	0.48	0.48	0	0	0.45
214000	0.45	0.48	0.48	0	0	0.45
214100	0.45	0.48	0.48	0	0	0.45
214200	0.45	0.47	0.47	0	0	0.45
214300	0.45	0.47	0.47	0	0	0.45
214400	0.45	0.47	0.47	0	0	0.45
214500	0.45	0.47	0.47	0	0	0.45
214600	0.45	0.47	0.47	0	0	0.45
214700	0.45	0.47	0.47	0	0	0.45
214800	0.45	0.47	0.47	0	0	0.45
214900	0.45	0.47	0.47	0	0	0.45
215000	0.45	0.47	0.47	0	0	0.45
215100	0.45	0.47	0.47	0	0	0.45
215200	0.45	0.47	0.47	0	0	0.45
215300	0.45	0.47	0.47	0	0	0.45
215400	0.45	0.47	0.47	0	0	0.45
215500	0.45	0.48	0.48	0	0	0.45
215600	0.45	0.48	0.48	0	0	0.45
215700	0.46	0.48	0.48	0	0	0.46
215800	0.46	0.48	0.48	0	0	0.46
215900	0.45	0.48	0.48	0	0	0.45
216000	0.45	0.48	0.48	0	0	0.45
216100	0.45	0.49	0.49	0	0	0.45
216200	0.45	0.49	0.49	0	0	0.45
216300	0.45	0.49	0.49	0	0	0.45
216400	0.45	0.49	0.49	0	0	0.45
216500	0.45	0.49	0.49	0	0	0.45
216600	0.45	0.49	0.49	0	0	0.45
216700	0.45	0.49	0.49	0	0	0.45
216800	0.45	0.49	0.49	0	0	0.45
216900	0.45	0.49	0.49	0	0	0.45
217000	0.45	0.49	0.49	0	0	0.45
217100	0.45	0.49	0.49	0	0	0.45
217200	0.45	0.49	0.49	0	0	0.45
217300	0.45	0.49	0.49	0	0	0.45
217400	0.45	0.49	0.49	0	0	0.45
217500	0.45	0.49	0.49	0	0	0.45
217600	0.45	0.49	0.49	0	0	0.45
217700	0.45	0.49	0.49	0	0	0.45
217800	0.45	0.49	0.49	0	0	0.45
217900	0.45	0.49	0.49	0	0	0.45
218000	0.45	0.49	0.49	0	0	0.45
218100	0.45	0.49	0.49	0	0	0.45
218200	0.45	0.49	0.49	0	0	0.45
218300	0.45	0.49	0.49	0	0	0.45
218400	0.45	0.49	0.49	0	0	0.45
218500	0.45	0.49	0.49	0	0	0.45
218600	0.44	0.49	0.49	0	0	0.44
218700	0.44	0.48	0.48	0	0	0.44
218800	0.44	0.48	0.48	0	0	0.44
218900	0.44	0.49	0.49	0	0	0.44
219000	0.44	0.49	0.49	0	0	0.44
219100	0.44	0.49	0.49	0	0	0.44
219200	0.44	0.49	0.49	0	0	0.44
219300	0.44	0.49	0.49	0	0	0.44
219400	0.44	0.49	0.49	0	0	0.44
219500	0.44	0.49	0.49	0	0	0.44
219600	0.44	0.49	0.49	0	0	0.44
219700	0.44	0.49	0.49	0	0	0.44
219800	0.44	0.49	0.49	0	0	0.44
219900	0.44	0.49	0.49	0	0	0.44
220000	0.44	0.49	0.49	0	0	0.44
220100	0.44	0.49	0.49	0	0	0.44
220200	0.44	0.49	0.49	0	0	0.44
220300	0.44	0.49	0.49	0	0	0.44
220400	0.44	0.49	0.49	0	0	0.44
220500	0.44	0.49	0.49	0	0	0.44
220600	0.44	0.49	0.49	0	0	0.44
220700	0.44	0.49	0.49	0	0	0.44
220800	0.44	0.49	0.49	0	0	0.44
220900	0.44	0.49	0.49	0	0	0.44
221000	0.44	0.49	0.49	0	0	0.44
221100	0.44	0.49	0.49	0	0	0.44
221200	0.44	0.49	0.49	0	0	0.44
221300	0.44	0.49	0.49	0	0	0.44
221400	0.44	0.49	0.49	0	0	0.44
221500	0.44	0.49	0.49	0	0	0.44
221600	0.44	0.49	0.49	0	0	0.44
221700	0.44	0.49	0.49	0	0	0.44
221800	0.44	0.49	0.49	0	0	0.44
221900	0.44	0.49	0.49	0	0	0.44
222000	0.44	0.49	0.49	0	0	0.44
222100	0.44	0.49	0.49	0	0	0.44
222200	0.44	0.49	0.49	0	0	0.44
222300	0.44	0.49	0.49	0	0	0.44
222400	0.44	0.49	0.49	0	0	0.44
222500	0.44	0.49	0.49	0	0	0.44
222600	0.44	0.49	0.49	0	0	0.44
222700	0.44	0.49	0.49	0	0	0.44
222800	0.44	0.49	0.49	0	0	0.44
222900	0.44	0.49	0.49	0	0	0.44
223000	0.44	0.49	0.49	0	0	0.44
223100	0.44	0.49	0.49	0	0	0.44
223200	0.44	0.49	0.49	0	0	0.44
223300	0.44	0.49	0.49	0	0	0.44
223400	0.44	0.49	0.49	0	0	0.44
223500	0.44	0.49	0.49	0	0	0.44
223600	0.45	0.49	0.49	0	0	0.45
223700	0.45	0.49	0.49	0	0	0.45
223800	0.45	0.49	0.49	0	0	0.45
223900	0.45	0.49	0.49	0	0	0.45
224000	0.44	0.49	0.49	0	0	0.44
224100	0.44	0.49	0.49	0	0	0.44
224200	0.44	0.49	0.49	0	0	0.44
224300	0.43	0.49	0.49	0	0	0.43
224400	0.43	0.49	0.49	0	0	0.43
224500	0.43	0.49	0.49	0	0	0.43
224600	0.43	0.49	0.49	0	0	0.43
224700	0.42	0.49	0.49	0	0	0.42
224800	0.42	0.49	0.49	0	0	0.42
224900	0.42	0.49	0.49	0	0	0.42
225000	0.42	0.49	0.49	0	0	0.42
225100	0.42	0.49	0.49	0	0	0.42
225200	0.41	0.49	0.49	0	0	0.41
225300	0.4	0.49	0.49	0	0	0.4
225400	0.4	0.49	0.49	0	0	0.4
225500	0.4	0.49	0.49	0	0	0.4
225600	0.4	0.49	0.49	0	0	0.4
225700	0.4	0.49	0.49	0	0	0.4
225800	0.4	0.49	0.49	0	0	0.4
225900	0.4	0.49	0.49	0	0	0.4
226000	0.4	0.49	0.49	0	0	0.4
226100	0.4	0.49	0.49	0	0	0.4
226200	0.4	0.49	0.49	0	0	0.4
226300	0.4	0.49	0.49	0	0	0.4
226400	0.4	0.49	0.49	0	0	0.4
226500	0.4	0.49	0.49	0	0	0.4
226600	0.4	0.49	0.49	0	0	0.4
226700	0.4	0.49	0.49	0	0	0.4
226800	0.4	0.5	0.5	0	0	0.4
226900	0.4	0.49	0.49	0	0	0.4
227000	0.4	0.49	0.49	0	0	0.4
227100	0.41	0.5	0.5	0	0	0.41
227200	0.41	0.49	0.49	0	0	0.41
227300	0.4	0.48	0.48	0	0	0.4
227400	0.4	0.48	0.48	0	0	0.4
227500	0.4	0.48	0.48	0	0	0.4
227600	0.4	0.48	0.48	0	0	0.4
227700	0.4	0.48	0.48	0	0	0.4
227800	0.4	0.48	0.48	0	0	0.4
227900	0.4	0.48	0.48	0	0	0.4
228000	0.4	0.48	0.48	0	0	0.4
228100	0.4	0.48	0.48	0	0	0.4
228200	0.4	0.48	0.48	0	0	0.4
228300	0.4	0.48	0.48	0	0	0.4
228400	0.4	0.48	0.48	0	0	0.4
228500	0.4	0.48	0.48	0	0	0.4
228600	0.4	0.48	0.48	0	0	0.4
228700	0.4	0.48	0.48	0	0	0.4
228800	0.4	0.48	0.48	0	0	0.4
228900	0.4	0.48	0.48	0	0	0.4
229000	0.4	0.48	0.48	0	0	0.4
229100	0.4	0.48	0.48	0	0	0.4
229200	0.4	0.48	0.48	0	0	0.4
229300	0.4	0.48	0.48	0	0	0.4
229400	0.4	0.48	0.48	0	0	0.4
229500	0.4	0.48	0.48	0	0	0.4
229600	0.4	0.48	0.48	0	0	0.4
229700	0.4	0.48	0.48	0	0	0.4
229800	0.4	0.48	0.48	0	0	0.4
229900	0.41	0.48	0.48	0	0	0.41
230000	0.42	0.49	0.49	0	0	0.42
230100	0.41	0.49	0.49	0	0	0.41
230200	0.42	0.49	0.49	0	0	0.42
230300	0.41	0.49	0.49	0	0	0.41
230400	0.41	0.49	0.49	0	0	0.41
230500	0.41	0.49	0.49	0	0	0.41
230600	0.41	0.49	0.49	0	0	0.41
230700	0.41	0.49	0.49	0	0	0.41
230800	0.41	0.49	0.49	0	0	0.41
230900	0.42	0.49	0.49	0	0	0.42
231000	0.42	0.49	0.49	0	0	0.42
231100	0.42	0.49	0.49	0	0	0.42
231200	0.42	0.49	0.49	0	0	0.42
231300	0.42	0.49	0.49	0	0	0.42
231400	0.42	0.49	0.49	0	0	0.42
231500	0.42	0.49	0.49	0	0	0.42
231600	0.42	0.49	0.49	0	0	0.42
231700	0.43	0.5	0.5	0	0	0.43
231800	0.44	0.49	0.49	0	0	0.44
231900	0.43	0.49	0.49	0	0	0.43
232000	0.44	0.49	0.49	0	0	0.44
232100	0.44	0.49	0.49	0	0	0.44
232200	0.44	0.49	0.49	0	0	0.44
232300	0.44	0.49	0.49	0	0	0.44
232400	0.44	0.49	0.49	0	0	0.44
232500	0.44	0.49	0.49	0	0	0.44
232600	0.44	0.49	0.49	0	0	0.44
232700	0.44	0.49	0.49	0	0	0.44
232800	0.44	0.49	0.49	0	0	0.44
232900	0.44	0.49	0.49	0	0	0.44
233000	0.44	0.49	0.49	0	0	0.44
233100	0.44	0.49	0.49	0	0	0.44
233200	0.44	0.49	0.49	0	0	0.44
233300	0.44	0.49	0.49	0	0	0.44
233400	0.44	0.49	0.49	0	0	0.44
233500	0.44	0.49	0.49	0	0	0.44
233600	0.44	0.49	0.49	0	0	0.44
233700	0.44	0.49	0.49	0	0	0.44
233800	0.44	0.49	0.49	0	0	0.44
233900	0.44	0.49	0.49	0	0	0.44
234000	0.44	0.49	0.49	0	0	0.44
234100	0.44	0.49	0.49	0	0	0.44
234200	0.44	0.49	0.49	0	0	0.44
234300	0.44	0.49	0.49	0	0	0.44
234400	0.44	0.49	0.49	0	0	0.44
234500	0.44	0.49	0.49	0	0	0.44
234600	0.44	0.49	0.49	0	0	0.44
234700	0.44	0.49	0.49	0	0	0.44
234800	0.44	0.49	0.49	0	0	0.44
234900	0.44	0.49	0.49	0	0	0.44
235000	0.44	0.49	0.49	0	0	0.44
235100	0.44	0.49	0.49	0	0	0.44
235200	0.45	0.49	0.49	0	0	0.45
235300	0.44	0.49	0.49	0	0	0.44
235400	0.44	0.49	0.49	0	0	0.44
235500	0.44	0.49	0.49	0	0	0.44
235600	0.44	0.49	0.49	0	0	0.44
235700	0.44	0.49	0.49	0	0	0.44
235800	0.44	0.49	0.49	0	0	0.44
235900	0.44	0.49	0.49	0	0	0.44
236000	0.44	0.49	0.49	0	0	0.44
236100	0.44	0.49	0.49	0	0	0.44
236200	0.45	0.49	0.49	0	0	0.45
236300	0.45	0.49	0.49	0	0	0.45
236400	0.45	0.49	0.49	0	0	0.45
236500	0.45	0.49	0.49	0	0	0.45
236600	0.45	0.49	0.49	0	0	0.45
236700	0.45	0.49	0.49	0	0	0.45
236800	0.45	0.49	0.49	0	0	0.45
236900	0.45	0.49	0.49	0	0	0.45
237000	0.46	0.49	0.49	0	0	0.46
237100	0.46	0.49	0.49	0	0	0.46
237200	0.46	0.49	0.49	0	0	0.46
237300	0.46	0.49	0.49	0	0	0.46
237400	0.46	0.49	0.49	0	0	0.46
237500	0.46	0.49	0.49	0	0	0.46
237600	0.46	0.49	0.49	0	0	0.46
237700	0.46	0.49	0.49	0	0	0.46
237800	0.46	0.49	0.49	0	0	0.46
237900	0.46	0.49	0.49	0	0	0.46
238000	0.46	0.49	0.49	0	0	0.46
238100	0.46	0.49	0.49	0	0	0.46
238200	0.46	0.49	0.49	0	0	0.46
238300	0.46	0.49	0.49	0	0	0.46
238400	0.46	0.49	0.49	0	0	0.46
238500	0.46	0.49	0.49	0	0	0.46
238600	0.46	0.49	0.49	0	0	0.46
238700	0.46	0.49	0.49	0	0	0.46
238800	0.46	0.49	0.49	0	0	0.46
238900	0.46	0.49	0.49	0	0	0.46
239000	0.46	0.49	0.49	0	0	0.46
239100	0.45	0.49	0.49	0	0	0.45
239200	0.45	0.49	0.49	0	0	0.45
239300	0.45	0.49	0.49	0	0	0.45
239400	0.45	0.49	0.49	0	0	0.45
239500	0.45	0.49	0.49	0	0	0.45
239600	0.45	0.49	0.49	0	0	0.45
239700	0.45	0.49	0.49	0	0	0.45
239800	0.45	0.5	0.5	0	0	0.45
239900	0.45	0.5	0.5	0	0	0.45
240000	0.45	0.5	0.5	0	0	0.45
240100	0.45	0.5	0.5	0	0	0.45
240200	0.45	0.5	0.5	0	0	0.45
240300	0.45	0.5	0.5	0	0	0.45
240400	0.45	0.49	0.49	0	0	0.45
240500	0.45	0.49	0.49	0	0	0.45
240600	0.45	0.49	0.49	0	0	0.45
240700	0.45	0.49	0.49	0	0	0.45
240800	0.45	0.49	0.49	0	0	0.45
240900	0.45	0.49	0.49	0	0	0.45
241000	0.45	0.49	0.49	0	0	0.45
241100	0.45	0.49	0.49	0	0	0.45
241200	0.45	0.49	0.49	0	0	0.45
241300	0.45	0.49	0.49	0	0	0.45
241400	0.45	0.49	0.49	0	0	0.45
241500	0.45	0.49	0.49	0	0	0.45
241600	0.45	0.49	0.49	0	0	0.45
241700	0.45	0.49	0.49	0	0	0.45
241800	0.45	0.49	0.49	0	0	0.45
241900	0.45	0.49	0.49	0	0	0.45
242000	0.45	0.49	0.49	0	0	0.45
242100	0.45	0.49	0.49	0	0	0.45
242200	0.45	0.49	0.49	0	0	0.45
242300	0.44	0.49	0.49	0	0	0.44
242400	0.44	0.49	0.49	0	0	0.44
242500	0.44	0.49	0.49	0	0	0.44
242600	0.43	0.49	0.49	0	0	0.43
242700	0.43	0.49	0.49	0	0	0.43
242800	0.43	0.49	0.49	0	0	0.43
242900	0.43	0.49	0.49	0	0	0.43
243000	0.43	0.49	0.49	0	0	0.43
243100	0.43	0.49	0.49	0	0	0.43
243200	0.43	0.49	0.49	0	0	0.43
243300	0.43	0.49	0.49	0	0	0.43
243400	0.42	0.49	0.49	0	0	0.42
243500	0.43	0.49	0.49	0	0	0.43
243600	0.42	0.49	0.49	0	0	0.42
243700	0.42	0.49	0.49	0	0	0.42
243800	0.42	0.49	0.49	0	0	0.42
243900	0.42	0.49	0.49	0	0	0.42
244000	0.42	0.49	0.49	0	0	0.42
244100	0.42	0.49	0.49	0	0	0.42
244200	0.42	0.49	0.49	0	0	0.42
244300	0.42	0.49	0.49	0	0	0.42
244400	0.42	0.49	0.49	0	0	0.42
244500	0.42	0.49	0.49	0	0	0.42
244600	0.42	0.49	0.49	0	0	0.42
244700	0.42	0.49	0.49	0	0	0.42
244800	0.42	0.49	0.49	0	0	0.42
244900	0.42	0.49	0.49	0	0	0.42
245000	0.42	0.49	0.49	0	0	0.42
245100	0.42	0.49	0.49	0	0	0.42
245200	0.42	0.49	0.49	0	0	0.42
245300	0.42	0.49	0.49	0	0	0.42
245400	0.42	0.49	0.49	0	0	0.42
245500	0.42	0.49	0.49	0	0	0.42
245600	0.42	0.49	0.49	0	0	0.42
245700	0.42	0.49	0.49	0	0	0.42
245800	0.42	0.49	0.49	0	0	0.42
245900	0.42	0.49	0.49	0	0	0.42
246000	0.42	0.49	0.49	0	0	0.42
246100	0.42	0.49	0.49	0	0	0.42
246200	0.42	0.49	0.49	0	0	0.42
246300	0.42	0.49	0.49	0	0	0.42
246400	0.42	0.49	0.49	0	0	0.42
246500	0.42	0.49	0.49	0	0	0.42
246600	0.42	0.49	0.49	0	0	0.42
246700	0.42	0.49	0.49	0	0	0.42
246800	0.42	0.49	0.49	0	0	0.42
246900	0.42	0.49	0.49	0	0	0.42
247000	0.42	0.49	0.49	0	0	0.42
247100	0.42	0.49	0.49	0	0	0.42
247200	0.42	0.49	0.49	0	0	0.42
247300	0.42	0.49	0.49	0	0	0.42
247400	0.42	0.49	0.49	0	0	0.42
247500	0.42	0.49	0.49	0	0	0.42
247600	0.42	0.49	0.49	0	0	0.42
247700	0.42	0.49	0.49	0	0	0.42
247800	0.42	0.49	0.49	0	0	0.42
247900	0.43	0.49	0.49	0	0	0.43
248000	0.43	0.49	0.49	0	0	0.43
248100	0.43	0.49	0.49	0	0	0.43
248200	0.43	0.49	0.49	0	0	0.43
248300	0.43	0.49	0.49	0	0	0.43
248400	0.43	0.49	0.49	0	0	0.43
248500	0.43	0.49	0.49	0	0	0.43
248600	0.43	0.49	0.49	0	0	0.43
248700	0.43	0.49	0.49	0	0	0.43
248800	0.43	0.49	0.49	0	0	0.43
248900	0.43	0.49	0.49	0	0	0.43
249000	0.43	0.49	0.49	0	0	0.43
249100	0.43	0.49	0.49	0	0	0.43
249200	0.43	0.49	0.49	0	0	0.43
249300	0.43	0.49	0.49	0	0	0.43
249400	0.43	0.49	0.49	0	0	0.43
249500	0.43	0.49	0.49	0	0	0.43
249600	0.43	0.49	0.49	0	0	0.43
249700	0.43	0.49	0.49	0	0	0.43
249800	0.43	0.49	0.49	0	0	0.43
249900	0.43	0.49	0.49	0	0	0.43
250000	0.44	0.49	0.49	0	0	0.44
250100	0.44	0.49	0.49	0	0	0.44
250200	0.44	0.49	0.49	0	0	0.44
250300	0.44	0.49	0.49	0	0	0.44
250400	0.43	0.49	0.49	0	0	0.43
250500	0.43	0.49	0.49	0	0	0.43
250600	0.43	0.49	0.49	0	0	0.43
250700	0.43	0.49	0.49	0	0	0.43
250800	0.42	0.49	0.49	0	0	0.42
250900	0.42	0.49	0.49	0	0	0.42
251000	0.42	0.49	0.49	0	0	0.42
251100	0.42	0.49	0.49	0	0	0.42
251200	0.42	0.49	0.49	0	0	0.42
251300	0.42	0.49	0.49	0	0	0.42
251400	0.42	0.49	0.49	0	0	0.42
251500	0.42	0.49	0.49	0	0	0.42
251600	0.42	0.49	0.49	0	0	0.42
251700	0.42	0.49	0.49	0	0	0.42
251800	0.42	0.5	0.5	0	0	0.42
251900	0.42	0.49	0.49	0	0	0.42
252000	0.42	0.49	0.49	0	0	0.42
252100	0.42	0.49	0.49	0	0	0.42
252200	0.42	0.49	0.49	0	0	0.42
252300	0.42	0.49	0.49	0	0	0.42
252400	0.42	0.49	0.49	0	0	0.42
252500	0.42	0.49	0.49	0	0	0.42
252600	0.42	0.49	0.49	0	0	0.42
252700	0.42	0.49	0.49	0	0	0.42
252800	0.42	0.49	0.49	0	0	0.42
252900	0.42	0.49	0.49	0	0	0.42
253000	0.42	0.5	0.5	0	0	0.42
253100	0.42	0.5	0.5	0	0	0.42
253200	0.42	0.5	0.5	0	0	0.42
253300	0.42	0.5	0.5	0	0	0.42
253400	0.42	0.5	0.5	0	0	0.42
253500	0.42	0.5	0.5	0	0	0.42
253600	0.42	0.5	0.5	0	0	0.42
253700	0.43	0.5	0.5	0	0	0.43
253800	0.43	0.5	0.5	0	0	0.43
253900	0.43	0.5	0.5	0	0	0.43
254000	0.43	0.5	0.5	0	0	0.43
254100	0.43	0.5	0.5	0	0	0.43
254200	0.44	0.5	0.5	0	0	0.44
254300	0.43	0.5	0.5	0	0	0.43
254400	0.44	0.5	0.5	0	0	0.44
254500	0.44	0.5	0.5	0	0	0.44
254600	0.43	0.5	0.5	0	0	0.43
254700	0.43	0.5	0.5	0	0	0.43
254800	0.43	0.5	0.5	0	0	0.43
254900	0.43	0.51	0.51	0	0	0.43
255000	0.43	0.51	0.51	0	0	0.43
255100	0.43	0.51	0.51	0	0	0.43
255200	0.43	0.52	0.52	0	0	0.43
255300	0.44	0.51	0.51	0	0	0.44
255400	0.43	0.51	0.51	0	0	0.43
255500	0.43	0.51	0.51	0	0	0.43
255600	0.42	0.51	0.51	0	0	0.42
255700	0.42	0.51	0.51	0	0	0.42
255800	0.42	0.51	0.51	0	0	0.42
255900	0.42	0.51	0.51	0	0	0.42
256000	0.42	0.51	0.51	0	0	0.42
256100	0.42	0.51	0.51	0	0	0.42
256200	0.42	0.51	0.51	0	0	0.42
256300	0.42	0.51	0.51	0	0	0.42
256400	0.42	0.51	0.51	0	0	0.42
256500	0.42	0.5	0.5	0	0	0.42
256600	0.42	0.5	0.5	0	0	0.42
256700	0.42	0.5	0.5	0	0	0.42
256800	0.42	0.5	0.5	0	0	0.42
256900	0.42	0.5	0.5	0	0	0.42
257000	0.42	0.5	0.5	0	0	0.42
257100	0.42	0.49	0.49	0	0	0.42
257200	0.42	0.49	0.49	0	0	0.42
257300	0.42	0.49	0.49	0	0	0.42
257400	0.42	0.49	0.49	0	0	0.42
257500	0.42	0.48	0.48	0	0	0.42
257600	0.42	0.48	0.48	0	0	0.42
257700	0.42	0.48	0.48	0	0	0.42
257800	0.42	0.48	0.48	0	0	0.42
257900	0.42	0.48	0.48	0	0	0.42
258000	0.42	0.48	0.48	0	0	0.42
258100	0.42	0.48	0.48	0	0	0.42
258200	0.42	0.48	0.48	0	0	0.42
258300	0.42	0.48	0.48	0	0	0.42
258400	0.42	0.47	0.47	0	0	0.42
258500	0.42	0.47	0.47	0	0	0.42
258600	0.42	0.47	0.47	0	0	0.42
258700	0.42	0.47	0.47	0	0	0.42
258800	0.42	0.46	0.46	0	0	0.42
258900	0.43	0.46	0.46	0	0	0.43
259000	0.42	0.46	0.46	0	0	0.42
259100	0.42	0.46	0.46	0	0	0.42
259200	0.42	0.46	0.46	0	0	0.42
259300	0.42	0.46	0.46	0	0	0.42
259400	0.42	0.46	0.46	0	0	0.42
259500	0.42	0.46	0.46	0	0	0.42
259600	0.42	0.46	0.46	0	0	0.42
259700	0.42	0.46	0.46	0	0	0.42
259800	0.42	0.45	0.45	0	0	0.42
259900	0.42	0.45	0.45	0	0	0.42
260000	0.42	0.45	0.45	0	0	0.42
260100	0.42	0.45	0.45	0	0	0.42
260200	0.42	0.45	0.45	0	0	0.42
260300	0.43	0.45	0.45	0	0	0.43
260400	0.43	0.45	0.45	0	0	0.43
260500	0.43	0.45	0.45	0	0	0.43
260600	0.43	0.45	0.45	0	0	0.43
260700	0.43	0.45	0.45	0	0	0.43
260800	0.43	0.45	0.45	0	0	0.43
260900	0.43	0.45	0.45	0	0	0.43
261000	0.43	0.44	0.44	0	0	0.43
261100	0.43	0.46	0.46	0	0	0.43
261200	0.43	0.46	0.46	0	0	0.43
261300	0.43	0.45	0.45	0	0	0.43
261400	0.43	0.46	0.46	0	0	0.43
261500	0.44	0.46	0.46	0	0	0.44
261600	0.44	0.46	0.46	0	0	0.44
261700	0.44	0.46	0.46	0	0	0.44
261800	0.44	0.46	0.46	0	0	0.44
261900	0.44	0.46	0.46	0	0	0.44
262000	0.44	0.46	0.46	0	0	0.44
262100	0.44	0.46	0.46	0	0	0.44
262200	0.44	0.46	0.46	0	0	0.44
262300	0.44	0.46	0.46	0	0	0.44
262400	0.44	0.46	0.46	0	0	0.44
262500	0.44	0.46	0.46	0	0	0.44
262600	0.44	0.46	0.46	0	0	0.44
262700	0.44	0.46	0.46	0	0	0.44
262800	0.44	0.46	0.46	0	0	0.44
262900	0.44	0.45	0.45	0	0	0.44
263000	0.44	0.45	0.45	0	0	0.44
263100	0.44	0.45	0.45	0	0	0.44
263200	0.44	0.45	0.45	0	0	0.44
263300	0.44	0.45	0.45	0	0	0.44
263400	0.44	0.45	0.45	0	0	0.44
263500	0.44	0.45	0.45	0	0	0.44
263600	0.44	0.45	0.45	0	0	0.44
263700	0.44	0.46	0.46	0	0	0.44
263800	0.44	0.46	0.46	0	0	0.44
263900	0.44	0.46	0.46	0	0	0.44
264000	0.44	0.46	0.46	0	0	0.44
264100	0.44	0.47	0.47	0	0	0.44
264200	0.44	0.47	0.47	0	0	0.44
264300	0.44	0.47	0.47	0	0	0.44
264400	0.44	0.47	0.47	0	0	0.44
264500	0.44	0.47	0.47	0	0	0.44
264600	0.44	0.47	0.47	0	0	0.44
264700	0.44	0.47	0.47	0	0	0.44
264800	0.44	0.47	0.47	0	0	0.44
264900	0.44	0.47	0.47	0	0	0.44
265000	0.44	0.47	0.47	0	0	0.44
265100	0.44	0.47	0.47	0	0	0.44
265200	0.44	0.47	0.47	0	0	0.44
265300	0.44	0.46	0.46	0	0	0.44
265400	0.44	0.46	0.46	0	0	0.44
265500	0.44	0.45	0.45	0	0	0.44
265600	0.44	0.45	0.45	0	0	0.44
265700	0.44	0.44	0.44	0	0	0.44
265800	0.44	0.43	0.43	0	0	0.44
265900	0.44	0.44	0.44	0	0	0.44
266000	0.44	0.44	0.44	0	0	0.44
266100	0.44	0.44	0.44	0	0	0.44
266200	0.44	0.45	0.45	0	0	0.44
266300	0.44	0.45	0.45	0	0	0.44
266400	0.44	0.45	0.45	0	0	0.44
266500	0.44	0.45	0.45	0	0	0.44
266600	0.44	0.45	0.45	0	0	0.44
266700	0.44	0.45	0.45	0	0	0.44
266800	0.44	0.45	0.45	0	0	0.44
266900	0.45	0.45	0.45	0	0	0.45
267000	0.44	0.45	0.45	0	0	0.44
267100	0.44	0.47	0.47	0	0	0.44
267200	0.44	0.45	0.45	0	0	0.44
267300	0.44	0.45	0.45	0	0	0.44
267400	0.44	0.45	0.45	0	0	0.44
267500	0.44	0.45	0.45	0	0	0.44
267600	0.44	0.45	0.45	0	0	0.44
267700	0.44	0.45	0.45	0	0	0.44
267800	0.44	0.45	0.45	0	0	0.44
267900	0.44	0.45	0.45	0	0	0.44
268000	0.44	0.45	0.45	0	0	0.44
268100	0.44	0.45	0.45	0	0	0.44
268200	0.44	0.45	0.45	0	0	0.44
268300	0.44	0.45	0.45	0	0	0.44
268400	0.44	0.45	0.45	0	0	0.44
268500	0.44	0.45	0.45	0	0	0.44
268600	0.44	0.45	0.45	0	0	0.44
268700	0.44	0.45	0.45	0	0	0.44
268800	0.44	0.45	0.45	0	0	0.44
268900	0.44	0.45	0.45	0	0	0.44
269000	0.44	0.45	0.45	0	0	0.44
269100	0.44	0.45	0.45	0	0	0.44
269200	0.44	0.45	0.45	0	0	0.44
269300	0.44	0.45	0.45	0	0	0.44
269400	0.44	0.45	0.45	0	0	0.44
269500	0.44	0.45	0.45	0	0	0.44
269600	0.44	0.44	0.44	0	0	0.44
269700	0.44	0.45	0.45	0	0	0.44
269800	0.44	0.45	0.45	0	0	0.44
269900	0.45	0.45	0.45	0	0	0.45
270000	0.45	0.45	0.45	0	0	0.45
270100	0.45	0.45	0.45	0	0	0.45
270200	0.45	0.45	0.45	0	0	0.45
270300	0.45	0.45	0.45	0	0	0.45
270400	0.45	0.45	0.45	0	0	0.45
270500	0.45	0.45	0.45	0	0	0.45
270600	0.45	0.46	0.46	0	0	0.45
270700	0.45	0.45	0.45	0	0	0.45
270800	0.44	0.45	0.45	0	0	0.44
270900	0.44	0.45	0.45	0	0	0.44
271000	0.44	0.45	0.45	0	0	0.44
271100	0.44	0.45	0.45	0	0	0.44
271200	0.44	0.45	0.45	0	0	0.44
271300	0.44	0.45	0.45	0	0	0.44
271400	0.44	0.45	0.45	0	0	0.44
271500	0.44	0.45	0.45	0	0	0.44
271600	0.44	0.45	0.45	0	0	0.44
271700	0.44	0.45	0.45	0	0	0.44
271800	0.44	0.45	0.45	0	0	0.44
271900	0.44	0.45	0.45	0	0	0.44
272000	0.44	0.45	0.45	0	0	0.44
272100	0.44	0.45	0.45	0	0	0.44
272200	0.44	0.45	0.45	0	0	0.44
272300	0.44	0.46	0.46	0	0	0.44
272400	0.44	0.47	0.47	0	0	0.44
272500	0.44	0.47	0.47	0	0	0.44
272600	0.44	0.47	0.47	0	0	0.44
272700	0.44	0.47	0.47	0	0	0.44
272800	0.44	0.47	0.47	0	0	0.44
272900	0.44	0.47	0.47	0	0	0.44
273000	0.44	0.47	0.47	0	0	0.44
273100	0.44	0.48	0.48	0	0	0.44
273200	0.44	0.48	0.48	0	0	0.44
273300	0.44	0.48	0.48	0	0	0.44
273400	0.44	0.48	0.48	0	0	0.44
273500	0.44	0.48	0.48	0	0	0.44
273600	0.45	0.48	0.48	0	0	0.45
273700	0.44	0.48	0.48	0	0	0.44
273800	0.44	0.48	0.48	0	0	0.44
273900	0.44	0.48	0.48	0	0	0.44
274000	0.44	0.48	0.48	0	0	0.44
274100	0.44	0.48	0.48	0	0	0.44
274200	0.44	0.48	0.48	0	0	0.44
274300	0.44	0.48	0.48	0	0	0.44
274400	0.44	0.48	0.48	0	0	0.44
274500	0.44	0.48	0.48	0	0	0.44
274600	0.44	0.48	0.48	0	0	0.44
274700	0.44	0.47	0.47	0	0	0.44
274800	0.44	0.47	0.47	0	0	0.44
274900	0.44	0.47	0.47	0	0	0.44
275000	0.44	0.47	0.47	0	0	0.44
275100	0.44	0.47	0.47	0	0	0.44
275200	0.44	0.47	0.47	0	0	0.44
275300	0.44	0.46	0.46	0	0	0.44
275400	0.44	0.46	0.46	0	0	0.44
275500	0.44	0.46	0.46	0	0	0.44
275600	0.44	0.46	0.46	0	0	0.44
275700	0.44	0.46	0.46	0	0	0.44
275800	0.44	0.46	0.46	0	0	0.44
275900	0.44	0.46	0.46	0	0	0.44
276000	0.44	0.46	0.46	0	0	0.44
276100	0.44	0.46	0.46	0	0	0.44
276200	0.44	0.46	0.46	0	0	0.44
276300	0.44	0.46	0.46	0	0	0.44
276400	0.44	0.46	0.46	0	0	0.44
276500	0.44	0.46	0.46	0	0	0.44
276600	0.44	0.46	0.46	0	0	0.44
276700	0.44	0.46	0.46	0	0	0.44
276800	0.44	0.46	0.46	0	0	0.44
276900	0.44	0.46	0.46	0	0	0.44
277000	0.44	0.46	0.46	0	0	0.44
277100	0.44	0.47	0.47	0	0	0.44
277200	0.44	0.47	0.47	0	0	0.44
277300	0.44	0.48	0.48	0	0	0.44
277400	0.44	0.48	0.48	0	0	0.44
277500	0.44	0.48	0.48	0	0	0.44
277600	0.45	0.48	0.48	0	0	0.45
277700	0.45	0.48	0.48	0	0	0.45
277800	0.46	0.48	0.48	0	0	0.46
277900	0.46	0.48	0.48	0	0	0.46
278000	0.45	0.48	0.48	0	0	0.45
278100	0.45	0.48	0.48	0	0	0.45
278200	0.45	0.48	0.48	0	0	0.45
278300	0.45	0.48	0.48	0	0	0.45
278400	0.45	0.48	0.48	0	0	0.45
278500	0.45	0.48	0.48	0	0	0.45
278600	0.45	0.48	0.48	0	0	0.45
278700	0.45	0.48	0.48	0	0	0.45
278800	0.45	0.48	0.48	0	0	0.45
278900	0.45	0.48	0.48	0	0	0.45
279000	0.45	0.48	0.48	0	0	0.45
279100	0.45	0.48	0.48	0	0	0.45
279200	0.45	0.48	0.48	0	0	0.45
279300	0.45	0.48	0.48	0	0	0.45
279400	0.45	0.48	0.48	0	0	0.45
279500	0.45	0.48	0.48	0	0	0.45
279600	0.45	0.48	0.48	0	0	0.45
279700	0.45	0.48	0.48	0	0	0.45
279800	0.45	0.48	0.48	0	0	0.45
279900	0.45	0.48	0.48	0	0	0.45
280000	0.45	0.48	0.48	0	0	0.45
280100	0.45	0.48	0.48	0	0	0.45
280200	0.45	0.48	0.48	0	0	0.45
280300	0.45	0.48	0.48	0	0	0.45
280400	0.45	0.48	0.48	0	0	0.45
280500	0.45	0.48	0.48	0	0	0.45
280600	0.45	0.48	0.48	0	0	0.45
280700	0.45	0.49	0.49	0	0	0.45
280800	0.45	0.48	0.48	0	0	0.45
280900	0.45	0.48	0.48	0	0	0.45
281000	0.45	0.48	0.48	0	0	0.45
281100	0.45	0.48	0.48	0	0	0.45
281200	0.45	0.48	0.48	0	0	0.45
281300	0.45	0.48	0.48	0	0	0.45
281400	0.45	0.49	0.49	0	0	0.45
281500	0.45	0.49	0.49	0	0	0.45
281600	0.45	0.49	0.49	0	0	0.45
281700	0.45	0.49	0.49	0	0	0.45
281800	0.45	0.49	0.49	0	0	0.45
281900	0.45	0.49	0.49	0	0	0.45
282000	0.45	0.49	0.49	0	0	0.45
282100	0.45	0.49	0.49	0	0	0.45
282200	0.45	0.49	0.49	0	0	0.45
282300	0.45	0.49	0.49	0	0	0.45
282400	0.45	0.49	0.49	0	0	0.45
282500	0.45	0.49	0.49	0	0	0.45
282600	0.45	0.49	0.49	0	0	0.45
282700	0.45	0.49	0.49	0	0	0.45
282800	0.45	0.49	0.49	0	0	0.45
282900	0.45	0.49	0.49	0	0	0.45
283000	0.45	0.49	0.49	0	0	0.45
283100	0.45	0.49	0.49	0	0	0.45
283200	0.45	0.49	0.49	0	0	0.45
283300	0.45	0.49	0.49	0	0	0.45
283400	0.45	0.49	0.49	0	0	0.45
283500	0.45	0.49	0.49	0	0	0.45
283600	0.45	0.49	0.49	0	0	0.45
283700	0.45	0.49	0.49	0	0	0.45
283800	0.45	0.49	0.49	0	0	0.45
283900	0.45	0.49	0.49	0	0	0.45
284000	0.45	0.49	0.49	0	0	0.45
284100	0.45	0.49	0.49	0	0	0.45
284200	0.45	0.49	0.49	0	0	0.45
284300	0.45	0.49	0.49	0	0	0.45
284400	0.45	0.49	0.49	0	0	0.45
284500	0.45	0.49	0.49	0	0	0.45
284600	0.45	0.49	0.49	0	0	0.45
284700	0.45	0.49	0.49	0	0	0.45
284800	0.45	0.49	0.49	0	0	0.45
284900	0.45	0.49	0.49	0	0	0.45
285000	0.45	0.49	0.49	0	0	0.45
285100	0.45	0.49	0.49	0	0	0.45
285200	0.45	0.49	0.49	0	0	0.45
285300	0.45	0.49	0.49	0	0	0.45
285400	0.45	0.49	0.49	0	0	0.45
285500	0.45	0.49	0.49	0	0	0.45
285600	0.45	0.49	0.49	0	0	0.45
285700	0.45	0.49	0.49	0	0	0.45
285800	0.45	0.49	0.49	0	0	0.45
285900	0.45	0.49	0.49	0	0	0.45
286000	0.45	0.49	0.49	0	0	0.45
286100	0.45	0.49	0.49	0	0	0.45
286200	0.45	0.49	0.49	0	0	0.45
286300	0.45	0.49	0.49	0	0	0.45
286400	0.45	0.49	0.49	0	0	0.45
286500	0.45	0.49	0.49	0	0	0.45
286600	0.45	0.49	0.49	0	0	0.45
286700	0.45	0.49	0.49	0	0	0.45
286800	0.45	0.49	0.49	0	0	0.45
286900	0.45	0.49	0.49	0	0	0.45
287000	0.45	0.49	0.49	0	0	0.45
287100	0.45	0.49	0.49	0	0	0.45
287200	0.45	0.49	0.49	0	0	0.45
287300	0.45	0.49	0.49	0	0	0.45
287400	0.45	0.49	0.49	0	0	0.45
287500	0.45	0.49	0.49	0	0	0.45
287600	0.45	0.49	0.49	0	0	0.45
287700	0.45	0.49	0.49	0	0	0.45
287800	0.45	0.49	0.49	0	0	0.45
287900	0.45	0.49	0.49	0	0	0.45
288000	0.45	0.49	0.49	0	0	0.45
288100	0.45	0.49	0.49	0	0	0.45
288200	0.45	0.49	0.49	0	0	0.45
288300	0.45	0.49	0.49	0	0	0.45
288400	0.45	0.49	0.49	0	0	0.45
288500	0.45	0.49	0.49	0	0	0.45
288600	0.45	0.5	0.5	0	0	0.45
288700	0.45	0.5	0.5	0	0	0.45
288800	0.45	0.5	0.5	0	0	0.45
288900	0.45	0.5	0.5	0	0	0.45
289000	0.45	0.5	0.5	0	0	0.45
289100	0.45	0.5	0.5	0	0	0.45
289200	0.45	0.5	0.5	0	0	0.45
289300	0.45	0.5	0.5	0	0	0.45
289400	0.45	0.5	0.5	0	0	0.45
289500	0.45	0.5	0.5	0	0	0.45
289600	0.45	0.5	0.5	0	0	0.45
289700	0.45	0.5	0.5	0	0	0.45
289800	0.45	0.5	0.5	0	0	0.45
289900	0.45	0.5	0.5	0	0	0.45
290000	0.45	0.5	0.5	0	0	0.45
290100	0.45	0.5	0.5	0	0	0.45
290200	0.45	0.5	0.5	0	0	0.45
290300	0.46	0.5	0.5	0	0	0.46
290400	0.46	0.5	0.5	0	0	0.46
290500	0.45	0.5	0.5	0	0	0.45
290600	0.45	0.5	0.5	0	0	0.45
290700	0.45	0.5	0.5	0	0	0.45
290800	0.45	0.5	0.5	0	0	0.45
290900	0.45	0.5	0.5	0	0	0.45
291000	0.45	0.5	0.5	0	0	0.45
291100	0.45	0.5	0.5	0	0	0.45
291200	0.45	0.5	0.5	0	0	0.45
291300	0.45	0.5	0.5	0	0	0.45
291400	0.45	0.5	0.5	0	0	0.45
291500	0.45	0.5	0.5	0	0	0.45
291600	0.45	0.5	0.5	0	0	0.45
291700	0.45	0.5	0.5	0	0	0.45
291800	0.45	0.5	0.5	0	0	0.45
291900	0.45	0.5	0.5	0	0	0.45
292000	0.45	0.5	0.5	0	0	0.45
292100	0.45	0.5	0.5	0	0	0.45
292200	0.45	0.5	0.5	0	0	0.45
292300	0.45	0.5	0.5	0	0	0.45
292400	0.45	0.5	0.5	0	0	0.45
292500	0.45	0.5	0.5	0	0	0.45
292600	0.45	0.5	0.5	0	0	0.45
292700	0.44	0.5	0.5	0	0	0.44
292800	0.44	0.5	0.5	0	0	0.44
292900	0.44	0.5	0.5	0	0	0.44
293000	0.44	0.5	0.5	0	0	0.44
293100	0.44	0.5	0.5	0	0	0.44
293200	0.44	0.5	0.5	0	0	0.44
293300	0.44	0.5	0.5	0	0	0.44
293400	0.44	0.5	0.5	0	0	0.44
293500	0.44	0.5	0.5	0	0	0.44
293600	0.44	0.5	0.5	0	0	0.44
293700	0.44	0.5	0.5	0	0	0.44
293800	0.44	0.5	0.5	0	0	0.44
293900	0.44	0.5	0.5	0	0	0.44
294000	0.44	0.5	0.5	0	0	0.44
294100	0.44	0.5	0.5	0	0	0.44
294200	0.44	0.5	0.5	0	0	0.44
294300	0.44	0.5	0.5	0	0	0.44
294400	0.44	0.5	0.5	0	0	0.44
294500	0.44	0.5	0.5	0	0	0.44
294600	0.44	0.5	0.5	0	0	0.44
294700	0.44	0.5	0.5	0	0	0.44
294800	0.44	0.5	0.5	0	0	0.44
294900	0.44	0.5	0.5	0	0	0.44
295000	0.44	0.5	0.5	0	0	0.44
295100	0.43	0.5	0.5	0	0	0.43
295200	0.43	0.5	0.5	0	0	0.43
295300	0.43	0.5	0.5	0	0	0.43
295400	0.43	0.5	0.5	0	0	0.43
295500	0.43	0.5	0.5	0	0	0.43
295600	0.43	0.5	0.5	0	0	0.43
295700	0.43	0.5	0.5	0	0	0.43
295800	0.43	0.5	0.5	0	0	0.43
295900	0.43	0.5	0.5	0	0	0.43
296000	0.43	0.5	0.5	0	0	0.43
296100	0.43	0.49	0.49	0	0	0.43
296200	0.43	0.48	0.48	0	0	0.43
296300	0.43	0.48	0.48	0	0	0.43
296400	0.43	0.48	0.48	0	0	0.43
296500	0.43	0.48	0.48	0	0	0.43
296600	0.43	0.48	0.48	0	0	0.43
296700	0.43	0.48	0.48	0	0	0.43
296800	0.43	0.48	0.48	0	0	0.43
296900	0.43	0.48	0.48	0	0	0.43
297000	0.43	0.48	0.48	0	0	0.43
297100	0.43	0.48	0.48	0	0	0.43
297200	0.43	0.48	0.48	0	0	0.43
297300	0.43	0.48	0.48	0	0	0.43
297400	0.43	0.48	0.48	0	0	0.43
297500	0.43	0.49	0.49	0	0	0.43
297600	0.43	0.48	0.48	0	0	0.43
297700	0.43	0.48	0.48	0	0	0.43
297800	0.43	0.48	0.48	0	0	0.43
297900	0.43	0.48	0.48	0	0	0.43
298000	0.43	0.48	0.48	0	0	0.43
298100	0.43	0.48	0.48	0	0	0.43
298200	0.43	0.48	0.48	0	0	0.43
298300	0.43	0.48	0.48	0	0	0.43
298400	0.43	0.48	0.48	0	0	0.43
298500	0.43	0.48	0.48	0	0	0.43
298600	0.43	0.48	0.48	0	0	0.43
298700	0.43	0.48	0.48	0	0	0.43
298800	0.43	0.48	0.48	0	0	0.43
298900	0.43	0.48	0.48	0	0	0.43
299000	0.43	0.48	0.48	0	0	0.43
299100	0.43	0.48	0.48	0	0	0.43
299200	0.43	0.48	0.48	0	0	0.43
299300	0.43	0.48	0.48	0	0	0.43
299400	0.43	0.48	0.48	0	0	0.43
299500	0.43	0.48	0.48	0	0	0.43
299600	0.43	0.48	0.48	0	0	0.43
299700	0.43	0.48	0.48	0	0	0.43
299800	0.43	0.48	0.48	0	0	0.43
299900	0.43	0.48	0.48	0	0	0.43
300000	0.43	0.48	0.48	0	0	0.43
