100	0.07	0.06	0.06	0	0	0.07
200	0.07	0.07	0.07	0	0	0.07
300	0.1	0.06	0.06	0	0	0.1
400	0.1	0.09	0.09	0	0	0.1
500	0.1	0.11	0.11	0	0	0.1
600	0.1	0.12	0.12	0	0	0.1
700	0.11	0.13	0.13	0	0	0.11
800	0.11	0.14	0.14	0	0	0.11
900	0.11	0.15	0.15	0	0	0.11
1000	0.12	0.14	0.14	0	0	0.12
1100	0.11	0.17	0.17	0	0	0.11
1200	0.13	0.16	0.16	0	0	0.13
1300	0.13	0.15	0.15	0	0	0.13
1400	0.14	0.15	0.15	0	0	0.14
1500	0.13	0.15	0.15	0	0	0.13
1600	0.13	0.16	0.16	0	0	0.13
1700	0.14	0.15	0.15	0	0	0.14
1800	0.13	0.16	0.16	0	0	0.13
1900	0.13	0.15	0.15	0	0	0.13
2000	0.16	0.15	0.15	0	0	0.16
2100	0.17	0.15	0.15	0	0	0.17
2200	0.16	0.14	0.14	0	0	0.16
2300	0.17	0.14	0.14	0	0	0.17
2400	0.17	0.15	0.15	0	0	0.17
2500	0.16	0.16	0.16	0	0	0.16
2600	0.15	0.17	0.17	0	0	0.15
2700	0.16	0.18	0.18	0	0	0.16
2800	0.16	0.19	0.19	0	0	0.16
2900	0.19	0.19	0.19	0	0	0.19
3000	0.16	0.2	0.2	0	0	0.16
3100	0.14	0.2	0.2	0	0	0.14
3200	0.13	0.21	0.21	0	0	0.13
3300	0.16	0.22	0.22	0	0	0.16
3400	0.14	0.21	0.21	0	0	0.14
3500	0.15	0.21	0.21	0	0	0.15
3600	0.15	0.2	0.2	0	0	0.15
3700	0.13	0.21	0.21	0	0	0.13
3800	0.13	0.21	0.21	0	0	0.13
3900	0.15	0.22	0.22	0	0	0.15
4000	0.16	0.22	0.22	0	0	0.16
4100	0.17	0.22	0.22	0	0	0.17
4200	0.17	0.21	0.21	0	0	0.17
4300	0.17	0.2	0.2	0	0	0.17
4400	0.18	0.21	0.21	0	0	0.18
4500	0.19	0.21	0.21	0	0	0.19
4600	0.21	0.23	0.23	0	0	0.21
4700	0.21	0.2	0.2	0	0	0.21
4800	0.2	0.2	0.2	0	0	0.2
4900	0.21	0.18	0.18	0	0	0.21
5000	0.21	0.2	0.2	0	0	0.21
5100	0.21	0.2	0.2	0	0	0.21
5200	0.21	0.2	0.2	0	0	0.21
5300	0.23	0.22	0.22	0	0	0.23
5400	0.22	0.2	0.2	0	0	0.22
5500	0.21	0.21	0.21	0	0	0.21
5600	0.21	0.22	0.22	0	0	0.21
5700	0.22	0.22	0.22	0	0	0.22
5800	0.22	0.23	0.23	0	0	0.22
5900	0.23	0.23	0.23	0	0	0.23
6000	0.23	0.24	0.24	0	0	0.23
6100	0.23	0.24	0.24	0	0	0.23
6200	0.23	0.25	0.25	0	0	0.23
6300	0.23	0.25	0.25	0	0	0.23
6400	0.21	0.26	0.26	0	0	0.21
6500	0.22	0.24	0.24	0	0	0.22
6600	0.21	0.24	0.24	0	0	0.21
6700	0.21	0.26	0.26	0	0	0.21
6800	0.21	0.28	0.28	0	0	0.21
6900	0.21	0.27	0.27	0	0	0.21
7000	0.21	0.28	0.28	0	0	0.21
7100	0.21	0.29	0.29	0	0	0.21
7200	0.22	0.28	0.28	0	0	0.22
7300	0.23	0.29	0.29	0	0	0.23
7400	0.23	0.3	0.3	0	0	0.23
7500	0.23	0.32	0.32	0	0	0.23
7600	0.23	0.31	0.31	0	0	0.23
7700	0.24	0.3	0.3	0	0	0.24
7800	0.25	0.31	0.31	0	0	0.25
7900	0.25	0.31	0.31	0	0	0.25
8000	0.25	0.31	0.31	0	0	0.25
8100	0.24	0.32	0.32	0	0	0.24
8200	0.25	0.33	0.33	0	0	0.25
8300	0.24	0.33	0.33	0	0	0.24
8400	0.24	0.33	0.33	0	0	0.24
8500	0.24	0.33	0.33	0	0	0.24
8600	0.24	0.33	0.33	0	0	0.24
8700	0.24	0.34	0.34	0	0	0.24
8800	0.24	0.35	0.35	0	0	0.24
8900	0.24	0.35	0.35	0	0	0.24
9000	0.24	0.34	0.34	0	0	0.24
9100	0.25	0.34	0.34	0	0	0.25
9200	0.25	0.35	0.35	0	0	0.25
9300	0.25	0.35	0.35	0	0	0.25
9400	0.25	0.35	0.35	0	0	0.25
9500	0.25	0.35	0.35	0	0	0.25
9600	0.25	0.35	0.35	0	0	0.25
9700	0.26	0.35	0.35	0	0	0.26
9800	0.27	0.35	0.35	0	0	0.27
9900	0.23	0.37	0.37	0	0	0.23
10000	0.2	0.36	0.36	0	0	0.2
10100	0.19	0.35	0.35	0	0	0.19
10200	0.21	0.35	0.35	0	0	0.21
10300	0.21	0.35	0.35	0	0	0.21
10400	0.22	0.34	0.34	0	0	0.22
10500	0.22	0.3	0.3	0	0	0.22
10600	0.21	0.3	0.3	0	0	0.21
10700	0.21	0.31	0.31	0	0	0.21
10800	0.21	0.3	0.3	0	0	0.21
10900	0.22	0.31	0.31	0	0	0.22
11000	0.22	0.3	0.3	0	0	0.22
11100	0.23	0.29	0.29	0	0	0.23
11200	0.23	0.3	0.3	0	0	0.23
11300	0.23	0.31	0.31	0	0	0.23
11400	0.23	0.31	0.31	0	0	0.23
11500	0.23	0.32	0.32	0	0	0.23
11600	0.22	0.32	0.32	0	0	0.22
11700	0.23	0.32	0.32	0	0	0.23
11800	0.22	0.32	0.32	0	0	0.22
11900	0.22	0.34	0.34	0	0	0.22
12000	0.22	0.33	0.33	0	0	0.22
12100	0.22	0.33	0.33	0	0	0.22
12200	0.23	0.33	0.33	0	0	0.23
12300	0.24	0.32	0.32	0	0	0.24
12400	0.25	0.34	0.34	0	0	0.25
12500	0.23	0.33	0.33	0	0	0.23
12600	0.24	0.33	0.33	0	0	0.24
12700	0.24	0.34	0.34	0	0	0.24
12800	0.23	0.33	0.33	0	0	0.23
12900	0.23	0.34	0.34	0	0	0.23
13000	0.23	0.34	0.34	0	0	0.23
13100	0.23	0.34	0.34	0	0	0.23
13200	0.24	0.35	0.35	0	0	0.24
13300	0.24	0.35	0.35	0	0	0.24
13400	0.24	0.36	0.36	0	0	0.24
13500	0.25	0.38	0.38	0	0	0.25
13600	0.25	0.38	0.38	0	0	0.25
13700	0.25	0.38	0.38	0	0	0.25
13800	0.25	0.36	0.36	0	0	0.25
13900	0.25	0.34	0.34	0	0	0.25
14000	0.26	0.35	0.35	0	0	0.26
14100	0.27	0.35	0.35	0	0	0.27
14200	0.26	0.35	0.35	0	0	0.26
14300	0.27	0.34	0.34	0	0	0.27
14400	0.27	0.34	0.34	0	0	0.27
14500	0.27	0.35	0.35	0	0	0.27
14600	0.27	0.35	0.35	0	0	0.27
14700	0.26	0.35	0.35	0	0	0.26
14800	0.26	0.35	0.35	0	0	0.26
14900	0.25	0.35	0.35	0	0	0.25
15000	0.25	0.36	0.36	0	0	0.25
15100	0.26	0.36	0.36	0	0	0.26
15200	0.26	0.36	0.36	0	0	0.26
15300	0.26	0.36	0.36	0	0	0.26
15400	0.26	0.36	0.36	0	0	0.26
15500	0.27	0.37	0.37	0	0	0.27
15600	0.27	0.37	0.37	0	0	0.27
15700	0.27	0.37	0.37	0	0	0.27
15800	0.27	0.37	0.37	0	0	0.27
15900	0.27	0.37	0.37	0	0	0.27
16000	0.28	0.37	0.37	0	0	0.28
16100	0.28	0.37	0.37	0	0	0.28
16200	0.27	0.38	0.38	0	0	0.27
16300	0.27	0.37	0.37	0	0	0.27
16400	0.27	0.37	0.37	0	0	0.27
16500	0.27	0.37	0.37	0	0	0.27
16600	0.27	0.37	0.37	0	0	0.27
16700	0.28	0.37	0.37	0	0	0.28
16800	0.27	0.38	0.38	0	0	0.27
16900	0.28	0.37	0.37	0	0	0.28
17000	0.28	0.37	0.37	0	0	0.28
17100	0.28	0.37	0.37	0	0	0.28
17200	0.28	0.37	0.37	0	0	0.28
17300	0.29	0.37	0.37	0	0	0.29
17400	0.27	0.37	0.37	0	0	0.27
17500	0.27	0.38	0.38	0	0	0.27
17600	0.27	0.38	0.38	0	0	0.27
17700	0.27	0.38	0.38	0	0	0.27
17800	0.26	0.39	0.39	0	0	0.26
17900	0.26	0.39	0.39	0	0	0.26
18000	0.26	0.39	0.39	0	0	0.26
18100	0.26	0.39	0.39	0	0	0.26
18200	0.26	0.38	0.38	0	0	0.26
18300	0.26	0.39	0.39	0	0	0.26
18400	0.26	0.39	0.39	0	0	0.26
18500	0.26	0.39	0.39	0	0	0.26
18600	0.26	0.39	0.39	0	0	0.26
18700	0.26	0.4	0.4	0	0	0.26
18800	0.26	0.41	0.41	0	0	0.26
18900	0.26	0.41	0.41	0	0	0.26
19000	0.26	0.42	0.42	0	0	0.26
19100	0.26	0.41	0.41	0	0	0.26
19200	0.26	0.42	0.42	0	0	0.26
19300	0.26	0.42	0.42	0	0	0.26
19400	0.26	0.42	0.42	0	0	0.26
19500	0.26	0.42	0.42	0	0	0.26
19600	0.26	0.42	0.42	0	0	0.26
19700	0.27	0.42	0.42	0	0	0.27
19800	0.27	0.42	0.42	0	0	0.27
19900	0.27	0.43	0.43	0	0	0.27
20000	0.27	0.43	0.43	0	0	0.27
20100	0.27	0.43	0.43	0	0	0.27
20200	0.27	0.44	0.44	0	0	0.27
20300	0.27	0.44	0.44	0	0	0.27
20400	0.27	0.44	0.44	0	0	0.27
20500	0.27	0.44	0.44	0	0	0.27
20600	0.27	0.45	0.45	0	0	0.27
20700	0.27	0.45	0.45	0	0	0.27
20800	0.27	0.45	0.45	0	0	0.27
20900	0.27	0.46	0.46	0	0	0.27
21000	0.26	0.45	0.45	0	0	0.26
21100	0.27	0.42	0.42	0	0	0.27
21200	0.27	0.42	0.42	0	0	0.27
21300	0.27	0.42	0.42	0	0	0.27
21400	0.28	0.42	0.42	0	0	0.28
21500	0.28	0.42	0.42	0	0	0.28
21600	0.28	0.42	0.42	0	0	0.28
21700	0.28	0.43	0.43	0	0	0.28
21800	0.28	0.44	0.44	0	0	0.28
21900	0.28	0.44	0.44	0	0	0.28
22000	0.28	0.43	0.43	0	0	0.28
22100	0.27	0.43	0.43	0	0	0.27
22200	0.27	0.43	0.43	0	0	0.27
22300	0.27	0.43	0.43	0	0	0.27
22400	0.29	0.42	0.42	0	0	0.29
22500	0.29	0.42	0.42	0	0	0.29
22600	0.29	0.42	0.42	0	0	0.29
22700	0.28	0.42	0.42	0	0	0.28
22800	0.28	0.43	0.43	0	0	0.28
22900	0.28	0.42	0.42	0	0	0.28
23000	0.28	0.42	0.42	0	0	0.28
23100	0.3	0.43	0.43	0	0	0.3
23200	0.3	0.43	0.43	0	0	0.3
23300	0.3	0.42	0.42	0	0	0.3
23400	0.3	0.43	0.43	0	0	0.3
23500	0.3	0.43	0.43	0	0	0.3
23600	0.31	0.43	0.43	0	0	0.31
23700	0.31	0.43	0.43	0	0	0.31
23800	0.31	0.42	0.42	0	0	0.31
23900	0.31	0.42	0.42	0	0	0.31
24000	0.31	0.42	0.42	0	0	0.31
24100	0.31	0.42	0.42	0	0	0.31
24200	0.31	0.42	0.42	0	0	0.31
24300	0.31	0.42	0.42	0	0	0.31
24400	0.31	0.41	0.41	0	0	0.31
24500	0.31	0.41	0.41	0	0	0.31
24600	0.31	0.42	0.42	0	0	0.31
24700	0.31	0.42	0.42	0	0	0.31
24800	0.31	0.42	0.42	0	0	0.31
24900	0.32	0.43	0.43	0	0	0.32
25000	0.32	0.42	0.42	0	0	0.32
25100	0.33	0.42	0.42	0	0	0.33
25200	0.33	0.42	0.42	0	0	0.33
25300	0.31	0.43	0.43	0	0	0.31
25400	0.32	0.44	0.44	0	0	0.32
25500	0.31	0.43	0.43	0	0	0.31
25600	0.31	0.43	0.43	0	0	0.31
25700	0.31	0.43	0.43	0	0	0.31
25800	0.31	0.44	0.44	0	0	0.31
25900	0.31	0.43	0.43	0	0	0.31
26000	0.31	0.43	0.43	0	0	0.31
26100	0.31	0.43	0.43	0	0	0.31
26200	0.31	0.43	0.43	0	0	0.31
26300	0.32	0.42	0.42	0	0	0.32
26400	0.32	0.42	0.42	0	0	0.32
26500	0.33	0.42	0.42	0	0	0.33
26600	0.33	0.42	0.42	0	0	0.33
26700	0.33	0.42	0.42	0	0	0.33
26800	0.33	0.42	0.42	0	0	0.33
26900	0.33	0.41	0.41	0	0	0.33
27000	0.33	0.41	0.41	0	0	0.33
27100	0.33	0.43	0.43	0	0	0.33
27200	0.33	0.43	0.43	0	0	0.33
27300	0.33	0.43	0.43	0	0	0.33
27400	0.33	0.41	0.41	0	0	0.33
27500	0.33	0.4	0.4	0	0	0.33
27600	0.34	0.41	0.41	0	0	0.34
27700	0.36	0.42	0.42	0	0	0.36
27800	0.36	0.42	0.42	0	0	0.36
27900	0.36	0.42	0.42	0	0	0.36
28000	0.36	0.42	0.42	0	0	0.36
28100	0.36	0.42	0.42	0	0	0.36
28200	0.36	0.42	0.42	0	0	0.36
28300	0.37	0.42	0.42	0	0	0.37
28400	0.37	0.42	0.42	0	0	0.37
28500	0.36	0.43	0.43	0	0	0.36
28600	0.36	0.42	0.42	0	0	0.36
28700	0.36	0.42	0.42	0	0	0.36
28800	0.37	0.42	0.42	0	0	0.37
28900	0.37	0.42	0.42	0	0	0.37
29000	0.37	0.42	0.42	0	0	0.37
29100	0.37	0.44	0.44	0	0	0.37
29200	0.37	0.44	0.44	0	0	0.37
29300	0.37	0.44	0.44	0	0	0.37
29400	0.37	0.44	0.44	0	0	0.37
29500	0.37	0.45	0.45	0	0	0.37
29600	0.37	0.45	0.45	0	0	0.37
29700	0.37	0.45	0.45	0	0	0.37
29800	0.37	0.45	0.45	0	0	0.37
29900	0.38	0.45	0.45	0	0	0.38
30000	0.37	0.46	0.46	0	0	0.37
30100	0.37	0.46	0.46	0	0	0.37
30200	0.37	0.45	0.45	0	0	0.37
30300	0.37	0.45	0.45	0	0	0.37
30400	0.38	0.46	0.46	0	0	0.38
30500	0.38	0.47	0.47	0	0	0.38
30600	0.38	0.47	0.47	0	0	0.38
30700	0.38	0.47	0.47	0	0	0.38
30800	0.38	0.48	0.48	0	0	0.38
30900	0.37	0.46	0.46	0	0	0.37
31000	0.37	0.46	0.46	0	0	0.37
31100	0.38	0.46	0.46	0	0	0.38
31200	0.37	0.46	0.46	0	0	0.37
31300	0.37	0.46	0.46	0	0	0.37
31400	0.37	0.46	0.46	0	0	0.37
31500	0.38	0.47	0.47	0	0	0.38
31600	0.38	0.46	0.46	0	0	0.38
31700	0.38	0.47	0.47	0	0	0.38
31800	0.38	0.47	0.47	0	0	0.38
31900	0.38	0.47	0.47	0	0	0.38
32000	0.38	0.47	0.47	0	0	0.38
32100	0.38	0.48	0.48	0	0	0.38
32200	0.38	0.47	0.47	0	0	0.38
32300	0.39	0.47	0.47	0	0	0.39
32400	0.39	0.47	0.47	0	0	0.39
32500	0.39	0.47	0.47	0	0	0.39
32600	0.39	0.47	0.47	0	0	0.39
32700	0.39	0.47	0.47	0	0	0.39
32800	0.39	0.46	0.46	0	0	0.39
32900	0.39	0.46	0.46	0	0	0.39
33000	0.39	0.46	0.46	0	0	0.39
33100	0.4	0.45	0.45	0	0	0.4
33200	0.4	0.46	0.46	0	0	0.4
33300	0.39	0.47	0.47	0	0	0.39
33400	0.39	0.46	0.46	0	0	0.39
33500	0.39	0.46	0.46	0	0	0.39
33600	0.39	0.46	0.46	0	0	0.39
33700	0.39	0.46	0.46	0	0	0.39
33800	0.39	0.46	0.46	0	0	0.39
33900	0.39	0.46	0.46	0	0	0.39
34000	0.39	0.46	0.46	0	0	0.39
34100	0.39	0.46	0.46	0	0	0.39
34200	0.39	0.46	0.46	0	0	0.39
34300	0.39	0.46	0.46	0	0	0.39
34400	0.39	0.46	0.46	0	0	0.39
34500	0.39	0.46	0.46	0	0	0.39
34600	0.39	0.46	0.46	0	0	0.39
34700	0.39	0.46	0.46	0	0	0.39
34800	0.39	0.46	0.46	0	0	0.39
34900	0.39	0.46	0.46	0	0	0.39
35000	0.39	0.46	0.46	0	0	0.39
35100	0.4	0.46	0.46	0	0	0.4
35200	0.4	0.46	0.46	0	0	0.4
35300	0.4	0.46	0.46	0	0	0.4
35400	0.4	0.47	0.47	0	0	0.4
35500	0.4	0.47	0.47	0	0	0.4
35600	0.4	0.47	0.47	0	0	0.4
35700	0.41	0.48	0.48	0	0	0.41
35800	0.41	0.48	0.48	0	0	0.41
35900	0.41	0.48	0.48	0	0	0.41
36000	0.41	0.48	0.48	0	0	0.41
36100	0.41	0.49	0.49	0	0	0.41
36200	0.41	0.48	0.48	0	0	0.41
36300	0.4	0.48	0.48	0	0	0.4
36400	0.4	0.48	0.48	0	0	0.4
36500	0.4	0.48	0.48	0	0	0.4
36600	0.4	0.48	0.48	0	0	0.4
36700	0.4	0.48	0.48	0	0	0.4
36800	0.4	0.48	0.48	0	0	0.4
36900	0.4	0.48	0.48	0	0	0.4
37000	0.4	0.48	0.48	0	0	0.4
37100	0.4	0.48	0.48	0	0	0.4
37200	0.4	0.48	0.48	0	0	0.4
37300	0.4	0.48	0.48	0	0	0.4
37400	0.4	0.48	0.48	0	0	0.4
37500	0.4	0.48	0.48	0	0	0.4
37600	0.4	0.48	0.48	0	0	0.4
37700	0.4	0.49	0.49	0	0	0.4
37800	0.41	0.49	0.49	0	0	0.41
37900	0.38	0.49	0.49	0	0	0.38
38000	0.38	0.49	0.49	0	0	0.38
38100	0.38	0.49	0.49	0	0	0.38
38200	0.38	0.49	0.49	0	0	0.38
38300	0.38	0.49	0.49	0	0	0.38
38400	0.39	0.49	0.49	0	0	0.39
38500	0.39	0.49	0.49	0	0	0.39
38600	0.39	0.49	0.49	0	0	0.39
38700	0.39	0.49	0.49	0	0	0.39
38800	0.39	0.5	0.5	0	0	0.39
38900	0.4	0.5	0.5	0	0	0.4
39000	0.39	0.5	0.5	0	0	0.39
39100	0.39	0.5	0.5	0	0	0.39
39200	0.39	0.5	0.5	0	0	0.39
39300	0.39	0.5	0.5	0	0	0.39
39400	0.39	0.5	0.5	0	0	0.39
39500	0.4	0.51	0.51	0	0	0.4
39600	0.39	0.51	0.51	0	0	0.39
39700	0.39	0.51	0.51	0	0	0.39
39800	0.39	0.51	0.51	0	0	0.39
39900	0.4	0.51	0.51	0	0	0.4
40000	0.39	0.51	0.51	0	0	0.39
40100	0.39	0.51	0.51	0	0	0.39
40200	0.39	0.51	0.51	0	0	0.39
40300	0.39	0.51	0.51	0	0	0.39
40400	0.39	0.51	0.51	0	0	0.39
40500	0.39	0.51	0.51	0	0	0.39
40600	0.39	0.51	0.51	0	0	0.39
40700	0.39	0.51	0.51	0	0	0.39
40800	0.39	0.51	0.51	0	0	0.39
40900	0.39	0.51	0.51	0	0	0.39
41000	0.39	0.51	0.51	0	0	0.39
41100	0.39	0.5	0.5	0	0	0.39
41200	0.39	0.5	0.5	0	0	0.39
41300	0.39	0.5	0.5	0	0	0.39
41400	0.39	0.5	0.5	0	0	0.39
41500	0.39	0.5	0.5	0	0	0.39
41600	0.39	0.5	0.5	0	0	0.39
41700	0.39	0.5	0.5	0	0	0.39
41800	0.39	0.5	0.5	0	0	0.39
41900	0.39	0.5	0.5	0	0	0.39
42000	0.39	0.5	0.5	0	0	0.39
42100	0.39	0.5	0.5	0	0	0.39
42200	0.39	0.5	0.5	0	0	0.39
42300	0.39	0.5	0.5	0	0	0.39
42400	0.39	0.5	0.5	0	0	0.39
42500	0.39	0.5	0.5	0	0	0.39
42600	0.39	0.5	0.5	0	0	0.39
42700	0.39	0.5	0.5	0	0	0.39
42800	0.39	0.5	0.5	0	0	0.39
42900	0.39	0.5	0.5	0	0	0.39
43000	0.39	0.49	0.49	0	0	0.39
43100	0.39	0.48	0.48	0	0	0.39
43200	0.39	0.48	0.48	0	0	0.39
43300	0.39	0.49	0.49	0	0	0.39
43400	0.39	0.5	0.5	0	0	0.39
43500	0.39	0.5	0.5	0	0	0.39
43600	0.39	0.5	0.5	0	0	0.39
43700	0.38	0.5	0.5	0	0	0.38
43800	0.38	0.5	0.5	0	0	0.38
43900	0.38	0.5	0.5	0	0	0.38
44000	0.38	0.5	0.5	0	0	0.38
44100	0.38	0.5	0.5	0	0	0.38
44200	0.38	0.5	0.5	0	0	0.38
44300	0.38	0.49	0.49	0	0	0.38
44400	0.38	0.49	0.49	0	0	0.38
44500	0.39	0.49	0.49	0	0	0.39
44600	0.38	0.5	0.5	0	0	0.38
44700	0.38	0.5	0.5	0	0	0.38
44800	0.38	0.5	0.5	0	0	0.38
44900	0.38	0.5	0.5	0	0	0.38
45000	0.38	0.5	0.5	0	0	0.38
45100	0.38	0.5	0.5	0	0	0.38
45200	0.38	0.5	0.5	0	0	0.38
45300	0.38	0.5	0.5	0	0	0.38
45400	0.38	0.5	0.5	0	0	0.38
45500	0.38	0.5	0.5	0	0	0.38
45600	0.38	0.51	0.51	0	0	0.38
45700	0.38	0.51	0.51	0	0	0.38
45800	0.38	0.51	0.51	0	0	0.38
45900	0.37	0.51	0.51	0	0	0.37
46000	0.37	0.51	0.51	0	0	0.37
46100	0.37	0.51	0.51	0	0	0.37
46200	0.37	0.51	0.51	0	0	0.37
46300	0.37	0.52	0.52	0	0	0.37
46400	0.37	0.52	0.52	0	0	0.37
46500	0.37	0.52	0.52	0	0	0.37
46600	0.37	0.52	0.52	0	0	0.37
46700	0.37	0.52	0.52	0	0	0.37
46800	0.37	0.52	0.52	0	0	0.37
46900	0.37	0.52	0.52	0	0	0.37
47000	0.37	0.52	0.52	0	0	0.37
47100	0.37	0.52	0.52	0	0	0.37
47200	0.37	0.52	0.52	0	0	0.37
47300	0.37	0.52	0.52	0	0	0.37
47400	0.37	0.52	0.52	0	0	0.37
47500	0.37	0.52	0.52	0	0	0.37
47600	0.37	0.52	0.52	0	0	0.37
47700	0.37	0.52	0.52	0	0	0.37
47800	0.37	0.52	0.52	0	0	0.37
47900	0.37	0.52	0.52	0	0	0.37
48000	0.36	0.52	0.52	0	0	0.36
48100	0.36	0.52	0.52	0	0	0.36
48200	0.36	0.53	0.53	0	0	0.36
48300	0.36	0.53	0.53	0	0	0.36
48400	0.36	0.53	0.53	0	0	0.36
48500	0.36	0.53	0.53	0	0	0.36
48600	0.36	0.53	0.53	0	0	0.36
48700	0.36	0.53	0.53	0	0	0.36
48800	0.36	0.53	0.53	0	0	0.36
48900	0.36	0.53	0.53	0	0	0.36
49000	0.36	0.53	0.53	0	0	0.36
49100	0.36	0.53	0.53	0	0	0.36
49200	0.36	0.53	0.53	0	0	0.36
49300	0.35	0.53	0.53	0	0	0.35
49400	0.35	0.53	0.53	0	0	0.35
49500	0.35	0.53	0.53	0	0	0.35
49600	0.35	0.53	0.53	0	0	0.35
49700	0.35	0.53	0.53	0	0	0.35
49800	0.35	0.53	0.53	0	0	0.35
49900	0.35	0.53	0.53	0	0	0.35
50000	0.35	0.53	0.53	0	0	0.35
50100	0.35	0.53	0.53	0	0	0.35
50200	0.35	0.53	0.53	0	0	0.35
50300	0.35	0.53	0.53	0	0	0.35
50400	0.35	0.53	0.53	0	0	0.35
50500	0.35	0.53	0.53	0	0	0.35
50600	0.35	0.53	0.53	0	0	0.35
50700	0.35	0.52	0.52	0	0	0.35
50800	0.35	0.52	0.52	0	0	0.35
50900	0.35	0.52	0.52	0	0	0.35
51000	0.35	0.52	0.52	0	0	0.35
51100	0.35	0.52	0.52	0	0	0.35
51200	0.35	0.52	0.52	0	0	0.35
51300	0.35	0.52	0.52	0	0	0.35
51400	0.35	0.52	0.52	0	0	0.35
51500	0.35	0.52	0.52	0	0	0.35
51600	0.35	0.52	0.52	0	0	0.35
51700	0.35	0.52	0.52	0	0	0.35
51800	0.35	0.52	0.52	0	0	0.35
51900	0.35	0.52	0.52	0	0	0.35
52000	0.35	0.52	0.52	0	0	0.35
52100	0.35	0.52	0.52	0	0	0.35
52200	0.36	0.52	0.52	0	0	0.36
52300	0.36	0.52	0.52	0	0	0.36
52400	0.36	0.52	0.52	0	0	0.36
52500	0.36	0.52	0.52	0	0	0.36
52600	0.36	0.52	0.52	0	0	0.36
52700	0.36	0.52	0.52	0	0	0.36
52800	0.36	0.52	0.52	0	0	0.36
52900	0.36	0.52	0.52	0	0	0.36
53000	0.35	0.52	0.52	0	0	0.35
53100	0.35	0.52	0.52	0	0	0.35
53200	0.35	0.52	0.52	0	0	0.35
53300	0.36	0.52	0.52	0	0	0.36
53400	0.36	0.52	0.52	0	0	0.36
53500	0.36	0.52	0.52	0	0	0.36
53600	0.36	0.52	0.52	0	0	0.36
53700	0.36	0.52	0.52	0	0	0.36
53800	0.36	0.51	0.51	0	0	0.36
53900	0.36	0.51	0.51	0	0	0.36
54000	0.36	0.5	0.5	0	0	0.36
54100	0.37	0.5	0.5	0	0	0.37
54200	0.37	0.49	0.49	0	0	0.37
54300	0.37	0.48	0.48	0	0	0.37
54400	0.37	0.48	0.48	0	0	0.37
54500	0.37	0.47	0.47	0	0	0.37
54600	0.37	0.47	0.47	0	0	0.37
54700	0.37	0.47	0.47	0	0	0.37
54800	0.37	0.47	0.47	0	0	0.37
54900	0.37	0.47	0.47	0	0	0.37
55000	0.37	0.47	0.47	0	0	0.37
55100	0.37	0.47	0.47	0	0	0.37
55200	0.36	0.47	0.47	0	0	0.36
55300	0.35	0.47	0.47	0	0	0.35
55400	0.36	0.47	0.47	0	0	0.36
55500	0.36	0.47	0.47	0	0	0.36
55600	0.36	0.48	0.48	0	0	0.36
55700	0.35	0.47	0.47	0	0	0.35
55800	0.34	0.47	0.47	0	0	0.34
55900	0.34	0.47	0.47	0	0	0.34
56000	0.34	0.47	0.47	0	0	0.34
56100	0.34	0.47	0.47	0	0	0.34
56200	0.34	0.47	0.47	0	0	0.34
56300	0.34	0.47	0.47	0	0	0.34
56400	0.34	0.47	0.47	0	0	0.34
56500	0.34	0.47	0.47	0	0	0.34
56600	0.34	0.47	0.47	0	0	0.34
56700	0.34	0.47	0.47	0	0	0.34
56800	0.34	0.48	0.48	0	0	0.34
56900	0.34	0.48	0.48	0	0	0.34
57000	0.34	0.48	0.48	0	0	0.34
57100	0.34	0.48	0.48	0	0	0.34
57200	0.35	0.48	0.48	0	0	0.35
57300	0.35	0.48	0.48	0	0	0.35
57400	0.35	0.48	0.48	0	0	0.35
57500	0.35	0.48	0.48	0	0	0.35
57600	0.35	0.48	0.48	0	0	0.35
57700	0.35	0.5	0.5	0	0	0.35
57800	0.35	0.49	0.49	0	0	0.35
57900	0.35	0.49	0.49	0	0	0.35
58000	0.35	0.49	0.49	0	0	0.35
58100	0.35	0.49	0.49	0	0	0.35
58200	0.35	0.49	0.49	0	0	0.35
58300	0.36	0.49	0.49	0	0	0.36
58400	0.37	0.49	0.49	0	0	0.37
58500	0.34	0.49	0.49	0	0	0.34
58600	0.34	0.49	0.49	0	0	0.34
58700	0.34	0.49	0.49	0	0	0.34
58800	0.33	0.49	0.49	0	0	0.33
58900	0.33	0.49	0.49	0	0	0.33
59000	0.33	0.49	0.49	0	0	0.33
59100	0.33	0.49	0.49	0	0	0.33
59200	0.32	0.49	0.49	0	0	0.32
59300	0.32	0.49	0.49	0	0	0.32
59400	0.32	0.49	0.49	0	0	0.32
59500	0.32	0.49	0.49	0	0	0.32
59600	0.32	0.49	0.49	0	0	0.32
59700	0.32	0.49	0.49	0	0	0.32
59800	0.32	0.49	0.49	0	0	0.32
59900	0.32	0.49	0.49	0	0	0.32
60000	0.33	0.5	0.5	0	0	0.33
60100	0.33	0.5	0.5	0	0	0.33
60200	0.33	0.5	0.5	0	0	0.33
60300	0.32	0.5	0.5	0	0	0.32
60400	0.33	0.5	0.5	0	0	0.33
60500	0.34	0.5	0.5	0	0	0.34
60600	0.33	0.49	0.49	0	0	0.33
60700	0.33	0.49	0.49	0	0	0.33
60800	0.33	0.5	0.5	0	0	0.33
60900	0.33	0.5	0.5	0	0	0.33
61000	0.34	0.49	0.49	0	0	0.34
61100	0.34	0.48	0.48	0	0	0.34
61200	0.34	0.48	0.48	0	0	0.34
61300	0.34	0.48	0.48	0	0	0.34
61400	0.34	0.48	0.48	0	0	0.34
61500	0.34	0.48	0.48	0	0	0.34
61600	0.34	0.48	0.48	0	0	0.34
61700	0.34	0.48	0.48	0	0	0.34
61800	0.34	0.48	0.48	0	0	0.34
61900	0.34	0.48	0.48	0	0	0.34
62000	0.34	0.48	0.48	0	0	0.34
62100	0.34	0.48	0.48	0	0	0.34
62200	0.34	0.48	0.48	0	0	0.34
62300	0.34	0.48	0.48	0	0	0.34
62400	0.34	0.48	0.48	0	0	0.34
62500	0.34	0.48	0.48	0	0	0.34
62600	0.34	0.49	0.49	0	0	0.34
62700	0.34	0.5	0.5	0	0	0.34
62800	0.34	0.49	0.49	0	0	0.34
62900	0.34	0.5	0.5	0	0	0.34
63000	0.34	0.5	0.5	0	0	0.34
63100	0.34	0.5	0.5	0	0	0.34
63200	0.34	0.51	0.51	0	0	0.34
63300	0.34	0.51	0.51	0	0	0.34
63400	0.34	0.51	0.51	0	0	0.34
63500	0.34	0.51	0.51	0	0	0.34
63600	0.34	0.51	0.51	0	0	0.34
63700	0.34	0.51	0.51	0	0	0.34
63800	0.34	0.51	0.51	0	0	0.34
63900	0.35	0.51	0.51	0	0	0.35
64000	0.34	0.51	0.51	0	0	0.34
64100	0.34	0.51	0.51	0	0	0.34
64200	0.34	0.51	0.51	0	0	0.34
64300	0.34	0.51	0.51	0	0	0.34
64400	0.34	0.51	0.51	0	0	0.34
64500	0.35	0.51	0.51	0	0	0.35
64600	0.35	0.51	0.51	0	0	0.35
64700	0.35	0.51	0.51	0	0	0.35
64800	0.35	0.51	0.51	0	0	0.35
64900	0.36	0.51	0.51	0	0	0.36
65000	0.35	0.51	0.51	0	0	0.35
65100	0.35	0.51	0.51	0	0	0.35
65200	0.35	0.51	0.51	0	0	0.35
65300	0.36	0.5	0.5	0	0	0.36
65400	0.36	0.5	0.5	0	0	0.36
65500	0.36	0.5	0.5	0	0	0.36
65600	0.36	0.5	0.5	0	0	0.36
65700	0.36	0.5	0.5	0	0	0.36
65800	0.36	0.5	0.5	0	0	0.36
65900	0.36	0.5	0.5	0	0	0.36
66000	0.36	0.5	0.5	0	0	0.36
66100	0.36	0.51	0.51	0	0	0.36
66200	0.36	0.51	0.51	0	0	0.36
66300	0.36	0.51	0.51	0	0	0.36
66400	0.36	0.51	0.51	0	0	0.36
66500	0.36	0.51	0.51	0	0	0.36
66600	0.36	0.51	0.51	0	0	0.36
66700	0.36	0.51	0.51	0	0	0.36
66800	0.36	0.51	0.51	0	0	0.36
66900	0.36	0.51	0.51	0	0	0.36
67000	0.36	0.51	0.51	0	0	0.36
67100	0.36	0.51	0.51	0	0	0.36
67200	0.36	0.51	0.51	0	0	0.36
67300	0.36	0.51	0.51	0	0	0.36
67400	0.36	0.51	0.51	0	0	0.36
67500	0.36	0.51	0.51	0	0	0.36
67600	0.36	0.51	0.51	0	0	0.36
67700	0.36	0.51	0.51	0	0	0.36
67800	0.36	0.51	0.51	0	0	0.36
67900	0.36	0.51	0.51	0	0	0.36
68000	0.36	0.51	0.51	0	0	0.36
68100	0.36	0.51	0.51	0	0	0.36
68200	0.36	0.52	0.52	0	0	0.36
68300	0.36	0.52	0.52	0	0	0.36
68400	0.36	0.52	0.52	0	0	0.36
68500	0.36	0.52	0.52	0	0	0.36
68600	0.36	0.52	0.52	0	0	0.36
68700	0.36	0.53	0.53	0	0	0.36
68800	0.36	0.53	0.53	0	0	0.36
68900	0.36	0.53	0.53	0	0	0.36
69000	0.36	0.52	0.52	0	0	0.36
69100	0.36	0.52	0.52	0	0	0.36
69200	0.37	0.52	0.52	0	0	0.37
69300	0.36	0.52	0.52	0	0	0.36
69400	0.36	0.52	0.52	0	0	0.36
69500	0.36	0.52	0.52	0	0	0.36
69600	0.36	0.51	0.51	0	0	0.36
69700	0.36	0.51	0.51	0	0	0.36
69800	0.36	0.51	0.51	0	0	0.36
69900	0.36	0.51	0.51	0	0	0.36
70000	0.36	0.51	0.51	0	0	0.36
70100	0.36	0.51	0.51	0	0	0.36
70200	0.36	0.51	0.51	0	0	0.36
70300	0.36	0.51	0.51	0	0	0.36
70400	0.36	0.51	0.51	0	0	0.36
70500	0.36	0.51	0.51	0	0	0.36
70600	0.36	0.51	0.51	0	0	0.36
70700	0.36	0.51	0.51	0	0	0.36
70800	0.36	0.51	0.51	0	0	0.36
70900	0.36	0.51	0.51	0	0	0.36
71000	0.36	0.51	0.51	0	0	0.36
71100	0.36	0.51	0.51	0	0	0.36
71200	0.36	0.51	0.51	0	0	0.36
71300	0.36	0.51	0.51	0	0	0.36
71400	0.36	0.51	0.51	0	0	0.36
71500	0.36	0.51	0.51	0	0	0.36
71600	0.36	0.51	0.51	0	0	0.36
71700	0.36	0.51	0.51	0	0	0.36
71800	0.35	0.51	0.51	0	0	0.35
71900	0.35	0.51	0.51	0	0	0.35
72000	0.35	0.51	0.51	0	0	0.35
72100	0.35	0.51	0.51	0	0	0.35
72200	0.35	0.51	0.51	0	0	0.35
72300	0.35	0.51	0.51	0	0	0.35
72400	0.36	0.51	0.51	0	0	0.36
72500	0.36	0.51	0.51	0	0	0.36
72600	0.36	0.51	0.51	0	0	0.36
72700	0.37	0.5	0.5	0	0	0.37
72800	0.37	0.5	0.5	0	0	0.37
72900	0.37	0.5	0.5	0	0	0.37
73000	0.38	0.5	0.5	0	0	0.38
73100	0.38	0.5	0.5	0	0	0.38
73200	0.38	0.5	0.5	0	0	0.38
73300	0.38	0.5	0.5	0	0	0.38
73400	0.38	0.5	0.5	0	0	0.38
73500	0.38	0.5	0.5	0	0	0.38
73600	0.38	0.5	0.5	0	0	0.38
73700	0.38	0.5	0.5	0	0	0.38
73800	0.38	0.5	0.5	0	0	0.38
73900	0.38	0.5	0.5	0	0	0.38
74000	0.38	0.5	0.5	0	0	0.38
74100	0.38	0.5	0.5	0	0	0.38
74200	0.38	0.5	0.5	0	0	0.38
74300	0.38	0.5	0.5	0	0	0.38
74400	0.38	0.5	0.5	0	0	0.38
74500	0.38	0.5	0.5	0	0	0.38
74600	0.38	0.5	0.5	0	0	0.38
74700	0.38	0.5	0.5	0	0	0.38
74800	0.38	0.5	0.5	0	0	0.38
74900	0.38	0.5	0.5	0	0	0.38
75000	0.38	0.5	0.5	0	0	0.38
75100	0.39	0.5	0.5	0	0	0.39
75200	0.39	0.5	0.5	0	0	0.39
75300	0.4	0.5	0.5	0	0	0.4
75400	0.39	0.5	0.5	0	0	0.39
75500	0.39	0.5	0.5	0	0	0.39
75600	0.39	0.5	0.5	0	0	0.39
75700	0.39	0.5	0.5	0	0	0.39
75800	0.39	0.5	0.5	0	0	0.39
75900	0.39	0.5	0.5	0	0	0.39
76000	0.39	0.5	0.5	0	0	0.39
76100	0.39	0.5	0.5	0	0	0.39
76200	0.39	0.5	0.5	0	0	0.39
76300	0.39	0.5	0.5	0	0	0.39
76400	0.39	0.5	0.5	0	0	0.39
76500	0.39	0.5	0.5	0	0	0.39
76600	0.39	0.5	0.5	0	0	0.39
76700	0.39	0.5	0.5	0	0	0.39
76800	0.39	0.5	0.5	0	0	0.39
76900	0.39	0.49	0.49	0	0	0.39
77000	0.39	0.49	0.49	0	0	0.39
77100	0.39	0.49	0.49	0	0	0.39
77200	0.39	0.49	0.49	0	0	0.39
77300	0.39	0.49	0.49	0	0	0.39
77400	0.39	0.49	0.49	0	0	0.39
77500	0.39	0.49	0.49	0	0	0.39
77600	0.39	0.49	0.49	0	0	0.39
77700	0.39	0.49	0.49	0	0	0.39
77800	0.39	0.49	0.49	0	0	0.39
77900	0.39	0.49	0.49	0	0	0.39
78000	0.4	0.49	0.49	0	0	0.4
78100	0.4	0.49	0.49	0	0	0.4
78200	0.4	0.49	0.49	0	0	0.4
78300	0.4	0.5	0.5	0	0	0.4
78400	0.4	0.49	0.49	0	0	0.4
78500	0.4	0.49	0.49	0	0	0.4
78600	0.39	0.49	0.49	0	0	0.39
78700	0.39	0.49	0.49	0	0	0.39
78800	0.39	0.49	0.49	0	0	0.39
78900	0.39	0.49	0.49	0	0	0.39
79000	0.39	0.49	0.49	0	0	0.39
79100	0.39	0.49	0.49	0	0	0.39
79200	0.4	0.49	0.49	0	0	0.4
79300	0.4	0.49	0.49	0	0	0.4
79400	0.4	0.49	0.49	0	0	0.4
79500	0.4	0.49	0.49	0	0	0.4
79600	0.4	0.49	0.49	0	0	0.4
79700	0.4	0.49	0.49	0	0	0.4
79800	0.4	0.49	0.49	0	0	0.4
79900	0.4	0.48	0.48	0	0	0.4
80000	0.4	0.48	0.48	0	0	0.4
80100	0.4	0.48	0.48	0	0	0.4
80200	0.4	0.48	0.48	0	0	0.4
80300	0.4	0.48	0.48	0	0	0.4
80400	0.4	0.48	0.48	0	0	0.4
80500	0.4	0.48	0.48	0	0	0.4
80600	0.4	0.48	0.48	0	0	0.4
80700	0.4	0.48	0.48	0	0	0.4
80800	0.4	0.48	0.48	0	0	0.4
80900	0.4	0.48	0.48	0	0	0.4
81000	0.4	0.48	0.48	0	0	0.4
81100	0.4	0.48	0.48	0	0	0.4
81200	0.4	0.48	0.48	0	0	0.4
81300	0.4	0.48	0.48	0	0	0.4
81400	0.4	0.48	0.48	0	0	0.4
81500	0.4	0.48	0.48	0	0	0.4
81600	0.4	0.48	0.48	0	0	0.4
81700	0.4	0.48	0.48	0	0	0.4
81800	0.4	0.48	0.48	0	0	0.4
81900	0.4	0.48	0.48	0	0	0.4
82000	0.4	0.48	0.48	0	0	0.4
82100	0.4	0.48	0.48	0	0	0.4
82200	0.4	0.48	0.48	0	0	0.4
82300	0.4	0.48	0.48	0	0	0.4
82400	0.4	0.48	0.48	0	0	0.4
82500	0.4	0.48	0.48	0	0	0.4
82600	0.4	0.48	0.48	0	0	0.4
82700	0.4	0.48	0.48	0	0	0.4
82800	0.4	0.48	0.48	0	0	0.4
82900	0.4	0.48	0.48	0	0	0.4
83000	0.4	0.48	0.48	0	0	0.4
83100	0.41	0.48	0.48	0	0	0.41
83200	0.41	0.48	0.48	0	0	0.41
83300	0.41	0.48	0.48	0	0	0.41
83400	0.41	0.48	0.48	0	0	0.41
83500	0.41	0.48	0.48	0	0	0.41
83600	0.41	0.48	0.48	0	0	0.41
83700	0.41	0.48	0.48	0	0	0.41
83800	0.41	0.48	0.48	0	0	0.41
83900	0.41	0.48	0.48	0	0	0.41
84000	0.41	0.48	0.48	0	0	0.41
84100	0.41	0.48	0.48	0	0	0.41
84200	0.41	0.48	0.48	0	0	0.41
84300	0.41	0.48	0.48	0	0	0.41
84400	0.41	0.48	0.48	0	0	0.41
84500	0.41	0.48	0.48	0	0	0.41
84600	0.41	0.48	0.48	0	0	0.41
84700	0.41	0.48	0.48	0	0	0.41
84800	0.41	0.48	0.48	0	0	0.41
84900	0.41	0.48	0.48	0	0	0.41
85000	0.41	0.48	0.48	0	0	0.41
85100	0.41	0.48	0.48	0	0	0.41
85200	0.41	0.48	0.48	0	0	0.41
85300	0.41	0.48	0.48	0	0	0.41
85400	0.41	0.48	0.48	0	0	0.41
85500	0.41	0.48	0.48	0	0	0.41
85600	0.41	0.48	0.48	0	0	0.41
85700	0.41	0.48	0.48	0	0	0.41
85800	0.41	0.48	0.48	0	0	0.41
85900	0.41	0.48	0.48	0	0	0.41
86000	0.41	0.48	0.48	0	0	0.41
86100	0.41	0.48	0.48	0	0	0.41
86200	0.41	0.48	0.48	0	0	0.41
86300	0.41	0.49	0.49	0	0	0.41
86400	0.41	0.49	0.49	0	0	0.41
86500	0.41	0.49	0.49	0	0	0.41
86600	0.41	0.49	0.49	0	0	0.41
86700	0.41	0.49	0.49	0	0	0.41
86800	0.41	0.49	0.49	0	0	0.41
86900	0.41	0.49	0.49	0	0	0.41
87000	0.41	0.49	0.49	0	0	0.41
87100	0.41	0.49	0.49	0	0	0.41
87200	0.41	0.49	0.49	0	0	0.41
87300	0.41	0.49	0.49	0	0	0.41
87400	0.41	0.49	0.49	0	0	0.41
87500	0.41	0.49	0.49	0	0	0.41
87600	0.41	0.49	0.49	0	0	0.41
87700	0.41	0.49	0.49	0	0	0.41
87800	0.41	0.49	0.49	0	0	0.41
87900	0.41	0.49	0.49	0	0	0.41
88000	0.41	0.49	0.49	0	0	0.41
88100	0.41	0.49	0.49	0	0	0.41
88200	0.41	0.49	0.49	0	0	0.41
88300	0.41	0.5	0.5	0	0	0.41
88400	0.41	0.5	0.5	0	0	0.41
88500	0.4	0.49	0.49	0	0	0.4
88600	0.4	0.49	0.49	0	0	0.4
88700	0.4	0.49	0.49	0	0	0.4
88800	0.4	0.49	0.49	0	0	0.4
88900	0.4	0.49	0.49	0	0	0.4
89000	0.4	0.49	0.49	0	0	0.4
89100	0.4	0.49	0.49	0	0	0.4
89200	0.4	0.49	0.49	0	0	0.4
89300	0.39	0.49	0.49	0	0	0.39
89400	0.39	0.49	0.49	0	0	0.39
89500	0.39	0.49	0.49	0	0	0.39
89600	0.39	0.49	0.49	0	0	0.39
89700	0.39	0.5	0.5	0	0	0.39
89800	0.39	0.5	0.5	0	0	0.39
89900	0.39	0.49	0.49	0	0	0.39
90000	0.39	0.49	0.49	0	0	0.39
90100	0.39	0.49	0.49	0	0	0.39
90200	0.4	0.48	0.48	0	0	0.4
90300	0.4	0.48	0.48	0	0	0.4
90400	0.4	0.48	0.48	0	0	0.4
90500	0.39	0.48	0.48	0	0	0.39
90600	0.39	0.48	0.48	0	0	0.39
90700	0.39	0.48	0.48	0	0	0.39
90800	0.39	0.48	0.48	0	0	0.39
90900	0.39	0.48	0.48	0	0	0.39
91000	0.39	0.48	0.48	0	0	0.39
91100	0.39	0.48	0.48	0	0	0.39
91200	0.39	0.48	0.48	0	0	0.39
91300	0.39	0.48	0.48	0	0	0.39
91400	0.39	0.48	0.48	0	0	0.39
91500	0.39	0.48	0.48	0	0	0.39
91600	0.39	0.48	0.48	0	0	0.39
91700	0.39	0.48	0.48	0	0	0.39
91800	0.39	0.48	0.48	0	0	0.39
91900	0.39	0.48	0.48	0	0	0.39
92000	0.39	0.48	0.48	0	0	0.39
92100	0.39	0.48	0.48	0	0	0.39
92200	0.39	0.48	0.48	0	0	0.39
92300	0.39	0.48	0.48	0	0	0.39
92400	0.39	0.48	0.48	0	0	0.39
92500	0.39	0.48	0.48	0	0	0.39
92600	0.4	0.48	0.48	0	0	0.4
92700	0.39	0.48	0.48	0	0	0.39
92800	0.39	0.48	0.48	0	0	0.39
92900	0.39	0.48	0.48	0	0	0.39
93000	0.39	0.48	0.48	0	0	0.39
93100	0.39	0.48	0.48	0	0	0.39
93200	0.39	0.48	0.48	0	0	0.39
93300	0.4	0.48	0.48	0	0	0.4
93400	0.4	0.48	0.48	0	0	0.4
93500	0.4	0.48	0.48	0	0	0.4
93600	0.4	0.48	0.48	0	0	0.4
93700	0.39	0.48	0.48	0	0	0.39
93800	0.39	0.48	0.48	0	0	0.39
93900	0.39	0.48	0.48	0	0	0.39
94000	0.39	0.48	0.48	0	0	0.39
94100	0.39	0.48	0.48	0	0	0.39
94200	0.39	0.48	0.48	0	0	0.39
94300	0.39	0.48	0.48	0	0	0.39
94400	0.39	0.48	0.48	0	0	0.39
94500	0.39	0.48	0.48	0	0	0.39
94600	0.39	0.48	0.48	0	0	0.39
94700	0.39	0.48	0.48	0	0	0.39
94800	0.39	0.48	0.48	0	0	0.39
94900	0.39	0.48	0.48	0	0	0.39
95000	0.39	0.48	0.48	0	0	0.39
95100	0.39	0.48	0.48	0	0	0.39
95200	0.39	0.48	0.48	0	0	0.39
95300	0.39	0.48	0.48	0	0	0.39
95400	0.39	0.48	0.48	0	0	0.39
95500	0.39	0.48	0.48	0	0	0.39
95600	0.39	0.48	0.48	0	0	0.39
95700	0.39	0.48	0.48	0	0	0.39
95800	0.39	0.47	0.47	0	0	0.39
95900	0.39	0.47	0.47	0	0	0.39
96000	0.39	0.48	0.48	0	0	0.39
96100	0.39	0.48	0.48	0	0	0.39
96200	0.39	0.48	0.48	0	0	0.39
96300	0.39	0.48	0.48	0	0	0.39
96400	0.39	0.47	0.47	0	0	0.39
96500	0.39	0.47	0.47	0	0	0.39
96600	0.39	0.47	0.47	0	0	0.39
96700	0.4	0.47	0.47	0	0	0.4
96800	0.4	0.47	0.47	0	0	0.4
96900	0.4	0.47	0.47	0	0	0.4
97000	0.4	0.47	0.47	0	0	0.4
97100	0.4	0.47	0.47	0	0	0.4
97200	0.41	0.47	0.47	0	0	0.41
97300	0.41	0.47	0.47	0	0	0.41
97400	0.4	0.47	0.47	0	0	0.4
97500	0.4	0.47	0.47	0	0	0.4
97600	0.4	0.47	0.47	0	0	0.4
97700	0.39	0.47	0.47	0	0	0.39
97800	0.39	0.47	0.47	0	0	0.39
97900	0.39	0.46	0.46	0	0	0.39
98000	0.39	0.46	0.46	0	0	0.39
98100	0.39	0.46	0.46	0	0	0.39
98200	0.39	0.46	0.46	0	0	0.39
98300	0.38	0.46	0.46	0	0	0.38
98400	0.38	0.46	0.46	0	0	0.38
98500	0.38	0.46	0.46	0	0	0.38
98600	0.38	0.46	0.46	0	0	0.38
98700	0.39	0.46	0.46	0	0	0.39
98800	0.38	0.46	0.46	0	0	0.38
98900	0.38	0.46	0.46	0	0	0.38
99000	0.38	0.46	0.46	0	0	0.38
99100	0.4	0.46	0.46	0	0	0.4
99200	0.4	0.46	0.46	0	0	0.4
99300	0.39	0.46	0.46	0	0	0.39
99400	0.39	0.46	0.46	0	0	0.39
99500	0.39	0.46	0.46	0	0	0.39
99600	0.39	0.46	0.46	0	0	0.39
99700	0.39	0.46	0.46	0	0	0.39
99800	0.39	0.46	0.46	0	0	0.39
99900	0.39	0.46	0.46	0	0	0.39
100000	0.39	0.46	0.46	0	0	0.39
100100	0.39	0.46	0.46	0	0	0.39
100200	0.39	0.46	0.46	0	0	0.39
100300	0.39	0.46	0.46	0	0	0.39
100400	0.39	0.46	0.46	0	0	0.39
100500	0.39	0.47	0.47	0	0	0.39
100600	0.39	0.47	0.47	0	0	0.39
100700	0.39	0.47	0.47	0	0	0.39
100800	0.39	0.47	0.47	0	0	0.39
100900	0.38	0.47	0.47	0	0	0.38
101000	0.39	0.47	0.47	0	0	0.39
101100	0.38	0.47	0.47	0	0	0.38
101200	0.38	0.47	0.47	0	0	0.38
101300	0.38	0.47	0.47	0	0	0.38
101400	0.38	0.47	0.47	0	0	0.38
101500	0.38	0.47	0.47	0	0	0.38
101600	0.39	0.47	0.47	0	0	0.39
101700	0.39	0.47	0.47	0	0	0.39
101800	0.39	0.47	0.47	0	0	0.39
101900	0.39	0.47	0.47	0	0	0.39
102000	0.39	0.47	0.47	0	0	0.39
102100	0.39	0.47	0.47	0	0	0.39
102200	0.39	0.47	0.47	0	0	0.39
102300	0.39	0.47	0.47	0	0	0.39
102400	0.39	0.48	0.48	0	0	0.39
102500	0.39	0.48	0.48	0	0	0.39
102600	0.39	0.48	0.48	0	0	0.39
102700	0.39	0.48	0.48	0	0	0.39
102800	0.39	0.48	0.48	0	0	0.39
102900	0.39	0.48	0.48	0	0	0.39
103000	0.39	0.48	0.48	0	0	0.39
103100	0.39	0.48	0.48	0	0	0.39
103200	0.4	0.48	0.48	0	0	0.4
103300	0.4	0.48	0.48	0	0	0.4
103400	0.4	0.48	0.48	0	0	0.4
103500	0.4	0.48	0.48	0	0	0.4
103600	0.4	0.48	0.48	0	0	0.4
103700	0.4	0.48	0.48	0	0	0.4
103800	0.41	0.48	0.48	0	0	0.41
103900	0.41	0.48	0.48	0	0	0.41
104000	0.4	0.48	0.48	0	0	0.4
104100	0.4	0.48	0.48	0	0	0.4
104200	0.39	0.48	0.48	0	0	0.39
104300	0.39	0.48	0.48	0	0	0.39
104400	0.39	0.48	0.48	0	0	0.39
104500	0.39	0.49	0.49	0	0	0.39
104600	0.39	0.48	0.48	0	0	0.39
104700	0.39	0.48	0.48	0	0	0.39
104800	0.39	0.48	0.48	0	0	0.39
104900	0.39	0.48	0.48	0	0	0.39
105000	0.39	0.48	0.48	0	0	0.39
105100	0.39	0.48	0.48	0	0	0.39
105200	0.39	0.48	0.48	0	0	0.39
105300	0.39	0.48	0.48	0	0	0.39
105400	0.39	0.48	0.48	0	0	0.39
105500	0.38	0.48	0.48	0	0	0.38
105600	0.38	0.48	0.48	0	0	0.38
105700	0.38	0.48	0.48	0	0	0.38
105800	0.38	0.48	0.48	0	0	0.38
105900	0.38	0.49	0.49	0	0	0.38
106000	0.38	0.49	0.49	0	0	0.38
106100	0.38	0.49	0.49	0	0	0.38
106200	0.38	0.49	0.49	0	0	0.38
106300	0.38	0.49	0.49	0	0	0.38
106400	0.39	0.49	0.49	0	0	0.39
106500	0.39	0.49	0.49	0	0	0.39
106600	0.39	0.49	0.49	0	0	0.39
106700	0.39	0.49	0.49	0	0	0.39
106800	0.39	0.49	0.49	0	0	0.39
106900	0.39	0.49	0.49	0	0	0.39
107000	0.39	0.49	0.49	0	0	0.39
107100	0.39	0.49	0.49	0	0	0.39
107200	0.39	0.49	0.49	0	0	0.39
107300	0.39	0.49	0.49	0	0	0.39
107400	0.39	0.49	0.49	0	0	0.39
107500	0.39	0.49	0.49	0	0	0.39
107600	0.39	0.49	0.49	0	0	0.39
107700	0.39	0.49	0.49	0	0	0.39
107800	0.39	0.49	0.49	0	0	0.39
107900	0.39	0.49	0.49	0	0	0.39
108000	0.39	0.49	0.49	0	0	0.39
108100	0.39	0.49	0.49	0	0	0.39
108200	0.39	0.49	0.49	0	0	0.39
108300	0.39	0.49	0.49	0	0	0.39
108400	0.38	0.49	0.49	0	0	0.38
108500	0.37	0.49	0.49	0	0	0.37
108600	0.37	0.49	0.49	0	0	0.37
108700	0.37	0.49	0.49	0	0	0.37
108800	0.37	0.49	0.49	0	0	0.37
108900	0.37	0.49	0.49	0	0	0.37
109000	0.37	0.49	0.49	0	0	0.37
109100	0.36	0.49	0.49	0	0	0.36
109200	0.36	0.49	0.49	0	0	0.36
109300	0.36	0.49	0.49	0	0	0.36
109400	0.36	0.49	0.49	0	0	0.36
109500	0.36	0.49	0.49	0	0	0.36
109600	0.36	0.49	0.49	0	0	0.36
109700	0.36	0.49	0.49	0	0	0.36
109800	0.36	0.49	0.49	0	0	0.36
109900	0.36	0.49	0.49	0	0	0.36
110000	0.36	0.49	0.49	0	0	0.36
110100	0.36	0.49	0.49	0	0	0.36
110200	0.36	0.49	0.49	0	0	0.36
110300	0.36	0.49	0.49	0	0	0.36
110400	0.36	0.49	0.49	0	0	0.36
110500	0.36	0.49	0.49	0	0	0.36
110600	0.36	0.5	0.5	0	0	0.36
110700	0.36	0.5	0.5	0	0	0.36
110800	0.36	0.49	0.49	0	0	0.36
110900	0.36	0.49	0.49	0	0	0.36
111000	0.36	0.49	0.49	0	0	0.36
111100	0.36	0.49	0.49	0	0	0.36
111200	0.36	0.49	0.49	0	0	0.36
111300	0.36	0.49	0.49	0	0	0.36
111400	0.36	0.49	0.49	0	0	0.36
111500	0.36	0.49	0.49	0	0	0.36
111600	0.36	0.49	0.49	0	0	0.36
111700	0.36	0.49	0.49	0	0	0.36
111800	0.36	0.49	0.49	0	0	0.36
111900	0.36	0.49	0.49	0	0	0.36
112000	0.36	0.49	0.49	0	0	0.36
112100	0.36	0.49	0.49	0	0	0.36
112200	0.36	0.49	0.49	0	0	0.36
112300	0.36	0.49	0.49	0	0	0.36
112400	0.36	0.49	0.49	0	0	0.36
112500	0.36	0.49	0.49	0	0	0.36
112600	0.36	0.49	0.49	0	0	0.36
112700	0.36	0.49	0.49	0	0	0.36
112800	0.36	0.49	0.49	0	0	0.36
112900	0.36	0.48	0.48	0	0	0.36
113000	0.36	0.48	0.48	0	0	0.36
113100	0.36	0.48	0.48	0	0	0.36
113200	0.36	0.48	0.48	0	0	0.36
113300	0.36	0.49	0.49	0	0	0.36
113400	0.36	0.49	0.49	0	0	0.36
113500	0.36	0.49	0.49	0	0	0.36
113600	0.36	0.49	0.49	0	0	0.36
113700	0.36	0.49	0.49	0	0	0.36
113800	0.36	0.49	0.49	0	0	0.36
113900	0.37	0.5	0.5	0	0	0.37
114000	0.38	0.5	0.5	0	0	0.38
114100	0.37	0.49	0.49	0	0	0.37
114200	0.37	0.49	0.49	0	0	0.37
114300	0.37	0.47	0.47	0	0	0.37
114400	0.37	0.47	0.47	0	0	0.37
114500	0.37	0.47	0.47	0	0	0.37
114600	0.37	0.47	0.47	0	0	0.37
114700	0.37	0.47	0.47	0	0	0.37
114800	0.37	0.47	0.47	0	0	0.37
114900	0.37	0.47	0.47	0	0	0.37
115000	0.37	0.47	0.47	0	0	0.37
115100	0.37	0.47	0.47	0	0	0.37
115200	0.37	0.47	0.47	0	0	0.37
115300	0.37	0.47	0.47	0	0	0.37
115400	0.37	0.47	0.47	0	0	0.37
115500	0.37	0.47	0.47	0	0	0.37
115600	0.37	0.47	0.47	0	0	0.37
115700	0.38	0.47	0.47	0	0	0.38
115800	0.37	0.47	0.47	0	0	0.37
115900	0.37	0.47	0.47	0	0	0.37
116000	0.37	0.47	0.47	0	0	0.37
116100	0.37	0.47	0.47	0	0	0.37
116200	0.37	0.47	0.47	0	0	0.37
116300	0.37	0.48	0.48	0	0	0.37
116400	0.37	0.48	0.48	0	0	0.37
116500	0.37	0.48	0.48	0	0	0.37
116600	0.37	0.48	0.48	0	0	0.37
116700	0.37	0.48	0.48	0	0	0.37
116800	0.37	0.48	0.48	0	0	0.37
116900	0.37	0.48	0.48	0	0	0.37
117000	0.37	0.48	0.48	0	0	0.37
117100	0.37	0.48	0.48	0	0	0.37
117200	0.37	0.48	0.48	0	0	0.37
117300	0.37	0.48	0.48	0	0	0.37
117400	0.37	0.48	0.48	0	0	0.37
117500	0.37	0.48	0.48	0	0	0.37
117600	0.37	0.48	0.48	0	0	0.37
117700	0.37	0.48	0.48	0	0	0.37
117800	0.37	0.48	0.48	0	0	0.37
117900	0.37	0.48	0.48	0	0	0.37
118000	0.37	0.48	0.48	0	0	0.37
118100	0.37	0.48	0.48	0	0	0.37
118200	0.37	0.48	0.48	0	0	0.37
118300	0.37	0.48	0.48	0	0	0.37
118400	0.37	0.48	0.48	0	0	0.37
118500	0.37	0.48	0.48	0	0	0.37
118600	0.37	0.48	0.48	0	0	0.37
118700	0.37	0.48	0.48	0	0	0.37
118800	0.37	0.48	0.48	0	0	0.37
118900	0.37	0.48	0.48	0	0	0.37
119000	0.37	0.48	0.48	0	0	0.37
119100	0.37	0.48	0.48	0	0	0.37
119200	0.37	0.48	0.48	0	0	0.37
119300	0.37	0.48	0.48	0	0	0.37
119400	0.37	0.47	0.47	0	0	0.37
119500	0.37	0.47	0.47	0	0	0.37
119600	0.37	0.47	0.47	0	0	0.37
119700	0.37	0.47	0.47	0	0	0.37
119800	0.37	0.47	0.47	0	0	0.37
119900	0.37	0.47	0.47	0	0	0.37
120000	0.37	0.47	0.47	0	0	0.37
120100	0.37	0.47	0.47	0	0	0.37
120200	0.37	0.47	0.47	0	0	0.37
120300	0.37	0.47	0.47	0	0	0.37
120400	0.37	0.47	0.47	0	0	0.37
120500	0.37	0.47	0.47	0	0	0.37
120600	0.38	0.47	0.47	0	0	0.38
120700	0.37	0.47	0.47	0	0	0.37
120800	0.37	0.47	0.47	0	0	0.37
120900	0.37	0.47	0.47	0	0	0.37
121000	0.37	0.47	0.47	0	0	0.37
121100	0.37	0.47	0.47	0	0	0.37
121200	0.37	0.47	0.47	0	0	0.37
121300	0.37	0.47	0.47	0	0	0.37
121400	0.37	0.47	0.47	0	0	0.37
121500	0.37	0.47	0.47	0	0	0.37
121600	0.37	0.47	0.47	0	0	0.37
121700	0.37	0.47	0.47	0	0	0.37
121800	0.37	0.47	0.47	0	0	0.37
121900	0.37	0.47	0.47	0	0	0.37
122000	0.37	0.48	0.48	0	0	0.37
122100	0.38	0.48	0.48	0	0	0.38
122200	0.38	0.48	0.48	0	0	0.38
122300	0.37	0.47	0.47	0	0	0.37
122400	0.37	0.47	0.47	0	0	0.37
122500	0.37	0.47	0.47	0	0	0.37
122600	0.38	0.47	0.47	0	0	0.38
122700	0.38	0.47	0.47	0	0	0.38
122800	0.4	0.47	0.47	0	0	0.4
122900	0.39	0.47	0.47	0	0	0.39
123000	0.38	0.47	0.47	0	0	0.38
123100	0.38	0.47	0.47	0	0	0.38
123200	0.37	0.47	0.47	0	0	0.37
123300	0.37	0.47	0.47	0	0	0.37
123400	0.37	0.47	0.47	0	0	0.37
123500	0.37	0.47	0.47	0	0	0.37
123600	0.37	0.47	0.47	0	0	0.37
123700	0.37	0.47	0.47	0	0	0.37
123800	0.37	0.47	0.47	0	0	0.37
123900	0.37	0.47	0.47	0	0	0.37
124000	0.37	0.47	0.47	0	0	0.37
124100	0.37	0.47	0.47	0	0	0.37
124200	0.38	0.47	0.47	0	0	0.38
124300	0.38	0.47	0.47	0	0	0.38
124400	0.38	0.47	0.47	0	0	0.38
124500	0.38	0.47	0.47	0	0	0.38
124600	0.39	0.47	0.47	0	0	0.39
124700	0.38	0.47	0.47	0	0	0.38
124800	0.38	0.47	0.47	0	0	0.38
124900	0.38	0.47	0.47	0	0	0.38
125000	0.38	0.47	0.47	0	0	0.38
125100	0.38	0.47	0.47	0	0	0.38
125200	0.38	0.47	0.47	0	0	0.38
125300	0.38	0.47	0.47	0	0	0.38
125400	0.38	0.47	0.47	0	0	0.38
125500	0.38	0.47	0.47	0	0	0.38
125600	0.37	0.47	0.47	0	0	0.37
125700	0.37	0.47	0.47	0	0	0.37
125800	0.37	0.47	0.47	0	0	0.37
125900	0.37	0.47	0.47	0	0	0.37
126000	0.37	0.47	0.47	0	0	0.37
126100	0.37	0.47	0.47	0	0	0.37
126200	0.37	0.47	0.47	0	0	0.37
126300	0.37	0.47	0.47	0	0	0.37
126400	0.37	0.47	0.47	0	0	0.37
126500	0.36	0.47	0.47	0	0	0.36
126600	0.36	0.47	0.47	0	0	0.36
126700	0.36	0.47	0.47	0	0	0.36
126800	0.36	0.47	0.47	0	0	0.36
126900	0.36	0.47	0.47	0	0	0.36
127000	0.36	0.47	0.47	0	0	0.36
127100	0.36	0.47	0.47	0	0	0.36
127200	0.36	0.47	0.47	0	0	0.36
127300	0.36	0.47	0.47	0	0	0.36
127400	0.36	0.47	0.47	0	0	0.36
127500	0.36	0.47	0.47	0	0	0.36
127600	0.36	0.47	0.47	0	0	0.36
127700	0.36	0.47	0.47	0	0	0.36
127800	0.36	0.48	0.48	0	0	0.36
127900	0.37	0.48	0.48	0	0	0.37
128000	0.36	0.48	0.48	0	0	0.36
128100	0.36	0.49	0.49	0	0	0.36
128200	0.36	0.48	0.48	0	0	0.36
128300	0.36	0.48	0.48	0	0	0.36
128400	0.36	0.48	0.48	0	0	0.36
128500	0.36	0.48	0.48	0	0	0.36
128600	0.36	0.48	0.48	0	0	0.36
128700	0.37	0.48	0.48	0	0	0.37
128800	0.35	0.49	0.49	0	0	0.35
128900	0.35	0.49	0.49	0	0	0.35
129000	0.35	0.49	0.49	0	0	0.35
129100	0.35	0.49	0.49	0	0	0.35
129200	0.36	0.49	0.49	0	0	0.36
129300	0.36	0.49	0.49	0	0	0.36
129400	0.36	0.49	0.49	0	0	0.36
129500	0.36	0.49	0.49	0	0	0.36
129600	0.35	0.5	0.5	0	0	0.35
129700	0.36	0.5	0.5	0	0	0.36
129800	0.35	0.5	0.5	0	0	0.35
129900	0.35	0.5	0.5	0	0	0.35
130000	0.35	0.5	0.5	0	0	0.35
130100	0.35	0.5	0.5	0	0	0.35
130200	0.36	0.5	0.5	0	0	0.36
130300	0.36	0.5	0.5	0	0	0.36
130400	0.36	0.5	0.5	0	0	0.36
130500	0.35	0.5	0.5	0	0	0.35
130600	0.35	0.5	0.5	0	0	0.35
130700	0.34	0.5	0.5	0	0	0.34
130800	0.34	0.5	0.5	0	0	0.34
130900	0.34	0.51	0.51	0	0	0.34
131000	0.34	0.51	0.51	0	0	0.34
131100	0.34	0.5	0.5	0	0	0.34
131200	0.34	0.5	0.5	0	0	0.34
131300	0.35	0.5	0.5	0	0	0.35
131400	0.35	0.5	0.5	0	0	0.35
131500	0.35	0.5	0.5	0	0	0.35
131600	0.35	0.5	0.5	0	0	0.35
131700	0.35	0.5	0.5	0	0	0.35
131800	0.35	0.5	0.5	0	0	0.35
131900	0.35	0.5	0.5	0	0	0.35
132000	0.35	0.5	0.5	0	0	0.35
132100	0.35	0.5	0.5	0	0	0.35
132200	0.36	0.5	0.5	0	0	0.36
132300	0.36	0.5	0.5	0	0	0.36
132400	0.36	0.5	0.5	0	0	0.36
132500	0.36	0.5	0.5	0	0	0.36
132600	0.36	0.5	0.5	0	0	0.36
132700	0.36	0.5	0.5	0	0	0.36
132800	0.36	0.5	0.5	0	0	0.36
132900	0.36	0.5	0.5	0	0	0.36
133000	0.36	0.51	0.51	0	0	0.36
133100	0.37	0.51	0.51	0	0	0.37
133200	0.37	0.51	0.51	0	0	0.37
133300	0.37	0.51	0.51	0	0	0.37
133400	0.37	0.51	0.51	0	0	0.37
133500	0.37	0.51	0.51	0	0	0.37
133600	0.37	0.51	0.51	0	0	0.37
133700	0.37	0.51	0.51	0	0	0.37
133800	0.37	0.51	0.51	0	0	0.37
133900	0.37	0.5	0.5	0	0	0.37
134000	0.37	0.5	0.5	0	0	0.37
134100	0.37	0.5	0.5	0	0	0.37
134200	0.37	0.5	0.5	0	0	0.37
134300	0.37	0.5	0.5	0	0	0.37
134400	0.37	0.5	0.5	0	0	0.37
134500	0.37	0.5	0.5	0	0	0.37
134600	0.37	0.5	0.5	0	0	0.37
134700	0.37	0.5	0.5	0	0	0.37
134800	0.37	0.5	0.5	0	0	0.37
134900	0.37	0.5	0.5	0	0	0.37
135000	0.37	0.5	0.5	0	0	0.37
135100	0.37	0.5	0.5	0	0	0.37
135200	0.37	0.5	0.5	0	0	0.37
135300	0.37	0.5	0.5	0	0	0.37
135400	0.37	0.5	0.5	0	0	0.37
135500	0.37	0.5	0.5	0	0	0.37
135600	0.37	0.49	0.49	0	0	0.37
135700	0.37	0.49	0.49	0	0	0.37
135800	0.37	0.49	0.49	0	0	0.37
135900	0.37	0.49	0.49	0	0	0.37
136000	0.37	0.5	0.5	0	0	0.37
136100	0.37	0.49	0.49	0	0	0.37
136200	0.36	0.49	0.49	0	0	0.36
136300	0.37	0.47	0.47	0	0	0.37
136400	0.37	0.47	0.47	0	0	0.37
136500	0.37	0.47	0.47	0	0	0.37
136600	0.37	0.47	0.47	0	0	0.37
136700	0.37	0.47	0.47	0	0	0.37
136800	0.37	0.47	0.47	0	0	0.37
136900	0.37	0.47	0.47	0	0	0.37
137000	0.37	0.47	0.47	0	0	0.37
137100	0.37	0.47	0.47	0	0	0.37
137200	0.37	0.47	0.47	0	0	0.37
137300	0.37	0.47	0.47	0	0	0.37
137400	0.37	0.47	0.47	0	0	0.37
137500	0.37	0.47	0.47	0	0	0.37
137600	0.37	0.47	0.47	0	0	0.37
137700	0.37	0.48	0.48	0	0	0.37
137800	0.37	0.48	0.48	0	0	0.37
137900	0.37	0.48	0.48	0	0	0.37
138000	0.37	0.48	0.48	0	0	0.37
138100	0.37	0.48	0.48	0	0	0.37
138200	0.37	0.48	0.48	0	0	0.37
138300	0.37	0.48	0.48	0	0	0.37
138400	0.37	0.48	0.48	0	0	0.37
138500	0.37	0.48	0.48	0	0	0.37
138600	0.37	0.49	0.49	0	0	0.37
138700	0.37	0.48	0.48	0	0	0.37
138800	0.38	0.47	0.47	0	0	0.38
138900	0.38	0.46	0.46	0	0	0.38
139000	0.38	0.46	0.46	0	0	0.38
139100	0.38	0.46	0.46	0	0	0.38
139200	0.38	0.46	0.46	0	0	0.38
139300	0.38	0.46	0.46	0	0	0.38
139400	0.38	0.46	0.46	0	0	0.38
139500	0.38	0.46	0.46	0	0	0.38
139600	0.38	0.46	0.46	0	0	0.38
139700	0.38	0.46	0.46	0	0	0.38
139800	0.38	0.46	0.46	0	0	0.38
139900	0.38	0.47	0.47	0	0	0.38
140000	0.38	0.47	0.47	0	0	0.38
140100	0.38	0.47	0.47	0	0	0.38
140200	0.38	0.47	0.47	0	0	0.38
140300	0.38	0.47	0.47	0	0	0.38
140400	0.38	0.47	0.47	0	0	0.38
140500	0.38	0.47	0.47	0	0	0.38
140600	0.38	0.47	0.47	0	0	0.38
140700	0.38	0.47	0.47	0	0	0.38
140800	0.38	0.48	0.48	0	0	0.38
140900	0.38	0.48	0.48	0	0	0.38
141000	0.38	0.48	0.48	0	0	0.38
141100	0.38	0.48	0.48	0	0	0.38
141200	0.38	0.48	0.48	0	0	0.38
141300	0.38	0.48	0.48	0	0	0.38
141400	0.38	0.48	0.48	0	0	0.38
141500	0.38	0.48	0.48	0	0	0.38
141600	0.38	0.48	0.48	0	0	0.38
141700	0.38	0.48	0.48	0	0	0.38
141800	0.38	0.48	0.48	0	0	0.38
141900	0.38	0.48	0.48	0	0	0.38
142000	0.38	0.48	0.48	0	0	0.38
142100	0.38	0.48	0.48	0	0	0.38
142200	0.38	0.49	0.49	0	0	0.38
142300	0.38	0.48	0.48	0	0	0.38
142400	0.38	0.48	0.48	0	0	0.38
142500	0.38	0.48	0.48	0	0	0.38
142600	0.38	0.48	0.48	0	0	0.38
142700	0.38	0.48	0.48	0	0	0.38
142800	0.38	0.48	0.48	0	0	0.38
142900	0.38	0.48	0.48	0	0	0.38
143000	0.38	0.49	0.49	0	0	0.38
143100	0.38	0.48	0.48	0	0	0.38
143200	0.38	0.48	0.48	0	0	0.38
143300	0.38	0.48	0.48	0	0	0.38
143400	0.38	0.48	0.48	0	0	0.38
143500	0.38	0.48	0.48	0	0	0.38
143600	0.38	0.48	0.48	0	0	0.38
143700	0.38	0.48	0.48	0	0	0.38
143800	0.39	0.48	0.48	0	0	0.39
143900	0.38	0.47	0.47	0	0	0.38
144000	0.38	0.47	0.47	0	0	0.38
144100	0.38	0.47	0.47	0	0	0.38
144200	0.38	0.47	0.47	0	0	0.38
144300	0.38	0.47	0.47	0	0	0.38
144400	0.38	0.47	0.47	0	0	0.38
144500	0.38	0.47	0.47	0	0	0.38
144600	0.38	0.47	0.47	0	0	0.38
144700	0.38	0.47	0.47	0	0	0.38
144800	0.38	0.47	0.47	0	0	0.38
144900	0.39	0.47	0.47	0	0	0.39
145000	0.38	0.47	0.47	0	0	0.38
145100	0.38	0.47	0.47	0	0	0.38
145200	0.38	0.47	0.47	0	0	0.38
145300	0.38	0.47	0.47	0	0	0.38
145400	0.38	0.47	0.47	0	0	0.38
145500	0.38	0.48	0.48	0	0	0.38
145600	0.38	0.47	0.47	0	0	0.38
145700	0.38	0.47	0.47	0	0	0.38
145800	0.38	0.47	0.47	0	0	0.38
145900	0.38	0.47	0.47	0	0	0.38
146000	0.38	0.47	0.47	0	0	0.38
146100	0.38	0.47	0.47	0	0	0.38
146200	0.38	0.47	0.47	0	0	0.38
146300	0.39	0.47	0.47	0	0	0.39
146400	0.39	0.47	0.47	0	0	0.39
146500	0.39	0.47	0.47	0	0	0.39
146600	0.39	0.47	0.47	0	0	0.39
146700	0.39	0.47	0.47	0	0	0.39
146800	0.39	0.48	0.48	0	0	0.39
146900	0.39	0.48	0.48	0	0	0.39
147000	0.39	0.48	0.48	0	0	0.39
147100	0.39	0.48	0.48	0	0	0.39
147200	0.39	0.49	0.49	0	0	0.39
147300	0.39	0.5	0.5	0	0	0.39
147400	0.39	0.5	0.5	0	0	0.39
147500	0.39	0.5	0.5	0	0	0.39
147600	0.39	0.5	0.5	0	0	0.39
147700	0.38	0.5	0.5	0	0	0.38
147800	0.38	0.5	0.5	0	0	0.38
147900	0.38	0.5	0.5	0	0	0.38
148000	0.38	0.5	0.5	0	0	0.38
148100	0.38	0.5	0.5	0	0	0.38
148200	0.37	0.5	0.5	0	0	0.37
148300	0.37	0.5	0.5	0	0	0.37
148400	0.36	0.5	0.5	0	0	0.36
148500	0.36	0.5	0.5	0	0	0.36
148600	0.36	0.5	0.5	0	0	0.36
148700	0.36	0.5	0.5	0	0	0.36
148800	0.36	0.5	0.5	0	0	0.36
148900	0.36	0.5	0.5	0	0	0.36
149000	0.36	0.5	0.5	0	0	0.36
149100	0.36	0.5	0.5	0	0	0.36
149200	0.36	0.5	0.5	0	0	0.36
149300	0.36	0.5	0.5	0	0	0.36
149400	0.36	0.5	0.5	0	0	0.36
149500	0.36	0.5	0.5	0	0	0.36
149600	0.35	0.5	0.5	0	0	0.35
149700	0.35	0.5	0.5	0	0	0.35
149800	0.35	0.5	0.5	0	0	0.35
149900	0.35	0.5	0.5	0	0	0.35
150000	0.35	0.5	0.5	0	0	0.35
150100	0.35	0.5	0.5	0	0	0.35
150200	0.37	0.5	0.5	0	0	0.37
150300	0.37	0.5	0.5	0	0	0.37
150400	0.37	0.5	0.5	0	0	0.37
150500	0.37	0.5	0.5	0	0	0.37
150600	0.36	0.5	0.5	0	0	0.36
150700	0.36	0.5	0.5	0	0	0.36
150800	0.35	0.5	0.5	0	0	0.35
150900	0.35	0.5	0.5	0	0	0.35
151000	0.34	0.5	0.5	0	0	0.34
151100	0.33	0.5	0.5	0	0	0.33
151200	0.33	0.5	0.5	0	0	0.33
151300	0.33	0.5	0.5	0	0	0.33
151400	0.33	0.5	0.5	0	0	0.33
151500	0.33	0.5	0.5	0	0	0.33
151600	0.33	0.5	0.5	0	0	0.33
151700	0.33	0.51	0.51	0	0	0.33
151800	0.33	0.51	0.51	0	0	0.33
151900	0.33	0.52	0.52	0	0	0.33
152000	0.33	0.52	0.52	0	0	0.33
152100	0.33	0.52	0.52	0	0	0.33
152200	0.33	0.52	0.52	0	0	0.33
152300	0.33	0.52	0.52	0	0	0.33
152400	0.33	0.52	0.52	0	0	0.33
152500	0.33	0.52	0.52	0	0	0.33
152600	0.33	0.52	0.52	0	0	0.33
152700	0.33	0.52	0.52	0	0	0.33
152800	0.33	0.52	0.52	0	0	0.33
152900	0.33	0.52	0.52	0	0	0.33
153000	0.33	0.52	0.52	0	0	0.33
153100	0.33	0.53	0.53	0	0	0.33
153200	0.33	0.53	0.53	0	0	0.33
153300	0.32	0.52	0.52	0	0	0.32
153400	0.32	0.52	0.52	0	0	0.32
153500	0.32	0.52	0.52	0	0	0.32
153600	0.32	0.52	0.52	0	0	0.32
153700	0.32	0.52	0.52	0	0	0.32
153800	0.32	0.51	0.51	0	0	0.32
153900	0.32	0.51	0.51	0	0	0.32
154000	0.32	0.51	0.51	0	0	0.32
154100	0.32	0.51	0.51	0	0	0.32
154200	0.32	0.51	0.51	0	0	0.32
154300	0.32	0.51	0.51	0	0	0.32
154400	0.32	0.51	0.51	0	0	0.32
154500	0.32	0.51	0.51	0	0	0.32
154600	0.32	0.51	0.51	0	0	0.32
154700	0.32	0.51	0.51	0	0	0.32
154800	0.32	0.51	0.51	0	0	0.32
154900	0.32	0.51	0.51	0	0	0.32
155000	0.32	0.51	0.51	0	0	0.32
155100	0.32	0.51	0.51	0	0	0.32
155200	0.32	0.51	0.51	0	0	0.32
155300	0.32	0.52	0.52	0	0	0.32
155400	0.32	0.52	0.52	0	0	0.32
155500	0.32	0.52	0.52	0	0	0.32
155600	0.32	0.52	0.52	0	0	0.32
155700	0.32	0.52	0.52	0	0	0.32
155800	0.32	0.52	0.52	0	0	0.32
155900	0.32	0.52	0.52	0	0	0.32
156000	0.33	0.52	0.52	0	0	0.33
156100	0.32	0.52	0.52	0	0	0.32
156200	0.32	0.52	0.52	0	0	0.32
156300	0.32	0.52	0.52	0	0	0.32
156400	0.32	0.52	0.52	0	0	0.32
156500	0.32	0.52	0.52	0	0	0.32
156600	0.32	0.52	0.52	0	0	0.32
156700	0.32	0.52	0.52	0	0	0.32
156800	0.32	0.52	0.52	0	0	0.32
156900	0.31	0.53	0.53	0	0	0.31
157000	0.31	0.53	0.53	0	0	0.31
157100	0.31	0.53	0.53	0	0	0.31
157200	0.31	0.53	0.53	0	0	0.31
157300	0.31	0.53	0.53	0	0	0.31
157400	0.32	0.53	0.53	0	0	0.32
157500	0.31	0.53	0.53	0	0	0.31
157600	0.32	0.53	0.53	0	0	0.32
157700	0.31	0.53	0.53	0	0	0.31
157800	0.31	0.53	0.53	0	0	0.31
157900	0.32	0.53	0.53	0	0	0.32
158000	0.32	0.53	0.53	0	0	0.32
158100	0.32	0.53	0.53	0	0	0.32
158200	0.32	0.53	0.53	0	0	0.32
158300	0.32	0.53	0.53	0	0	0.32
158400	0.32	0.53	0.53	0	0	0.32
158500	0.32	0.53	0.53	0	0	0.32
158600	0.32	0.53	0.53	0	0	0.32
158700	0.31	0.53	0.53	0	0	0.31
158800	0.31	0.54	0.54	0	0	0.31
158900	0.31	0.54	0.54	0	0	0.31
159000	0.31	0.54	0.54	0	0	0.31
159100	0.31	0.54	0.54	0	0	0.31
159200	0.31	0.54	0.54	0	0	0.31
159300	0.31	0.53	0.53	0	0	0.31
159400	0.31	0.53	0.53	0	0	0.31
159500	0.31	0.53	0.53	0	0	0.31
159600	0.31	0.54	0.54	0	0	0.31
159700	0.31	0.54	0.54	0	0	0.31
159800	0.31	0.54	0.54	0	0	0.31
159900	0.32	0.54	0.54	0	0	0.32
160000	0.32	0.54	0.54	0	0	0.32
160100	0.31	0.54	0.54	0	0	0.31
160200	0.31	0.54	0.54	0	0	0.31
160300	0.31	0.54	0.54	0	0	0.31
160400	0.31	0.54	0.54	0	0	0.31
160500	0.31	0.54	0.54	0	0	0.31
160600	0.31	0.55	0.55	0	0	0.31
160700	0.31	0.55	0.55	0	0	0.31
160800	0.31	0.56	0.56	0	0	0.31
160900	0.32	0.56	0.56	0	0	0.32
161000	0.32	0.57	0.57	0	0	0.32
161100	0.32	0.57	0.57	0	0	0.32
161200	0.32	0.57	0.57	0	0	0.32
161300	0.32	0.57	0.57	0	0	0.32
161400	0.32	0.56	0.56	0	0	0.32
161500	0.32	0.56	0.56	0	0	0.32
161600	0.32	0.56	0.56	0	0	0.32
161700	0.32	0.56	0.56	0	0	0.32
161800	0.32	0.55	0.55	0	0	0.32
161900	0.32	0.55	0.55	0	0	0.32
162000	0.32	0.56	0.56	0	0	0.32
162100	0.32	0.56	0.56	0	0	0.32
162200	0.32	0.56	0.56	0	0	0.32
162300	0.32	0.56	0.56	0	0	0.32
162400	0.32	0.55	0.55	0	0	0.32
162500	0.32	0.55	0.55	0	0	0.32
162600	0.32	0.55	0.55	0	0	0.32
162700	0.32	0.55	0.55	0	0	0.32
162800	0.32	0.55	0.55	0	0	0.32
162900	0.32	0.55	0.55	0	0	0.32
163000	0.32	0.55	0.55	0	0	0.32
163100	0.32	0.55	0.55	0	0	0.32
163200	0.32	0.55	0.55	0	0	0.32
163300	0.32	0.55	0.55	0	0	0.32
163400	0.32	0.55	0.55	0	0	0.32
163500	0.32	0.55	0.55	0	0	0.32
163600	0.32	0.55	0.55	0	0	0.32
163700	0.32	0.55	0.55	0	0	0.32
163800	0.32	0.55	0.55	0	0	0.32
163900	0.32	0.55	0.55	0	0	0.32
164000	0.32	0.56	0.56	0	0	0.32
164100	0.32	0.55	0.55	0	0	0.32
164200	0.32	0.55	0.55	0	0	0.32
164300	0.32	0.55	0.55	0	0	0.32
164400	0.32	0.55	0.55	0	0	0.32
164500	0.32	0.55	0.55	0	0	0.32
164600	0.32	0.55	0.55	0	0	0.32
164700	0.32	0.55	0.55	0	0	0.32
164800	0.32	0.55	0.55	0	0	0.32
164900	0.32	0.55	0.55	0	0	0.32
165000	0.32	0.55	0.55	0	0	0.32
165100	0.32	0.55	0.55	0	0	0.32
165200	0.32	0.55	0.55	0	0	0.32
165300	0.33	0.56	0.56	0	0	0.33
165400	0.32	0.56	0.56	0	0	0.32
165500	0.32	0.56	0.56	0	0	0.32
165600	0.32	0.56	0.56	0	0	0.32
165700	0.32	0.57	0.57	0	0	0.32
165800	0.32	0.57	0.57	0	0	0.32
165900	0.32	0.58	0.58	0	0	0.32
166000	0.32	0.58	0.58	0	0	0.32
166100	0.32	0.58	0.58	0	0	0.32
166200	0.32	0.58	0.58	0	0	0.32
166300	0.32	0.59	0.59	0	0	0.32
166400	0.32	0.59	0.59	0	0	0.32
166500	0.32	0.59	0.59	0	0	0.32
166600	0.32	0.59	0.59	0	0	0.32
166700	0.32	0.58	0.58	0	0	0.32
166800	0.32	0.58	0.58	0	0	0.32
166900	0.32	0.58	0.58	0	0	0.32
167000	0.32	0.58	0.58	0	0	0.32
167100	0.32	0.58	0.58	0	0	0.32
167200	0.32	0.57	0.57	0	0	0.32
167300	0.32	0.57	0.57	0	0	0.32
167400	0.32	0.57	0.57	0	0	0.32
167500	0.33	0.57	0.57	0	0	0.33
167600	0.33	0.57	0.57	0	0	0.33
167700	0.33	0.57	0.57	0	0	0.33
167800	0.33	0.57	0.57	0	0	0.33
167900	0.33	0.57	0.57	0	0	0.33
168000	0.33	0.57	0.57	0	0	0.33
168100	0.33	0.57	0.57	0	0	0.33
168200	0.33	0.57	0.57	0	0	0.33
168300	0.33	0.58	0.58	0	0	0.33
168400	0.33	0.58	0.58	0	0	0.33
168500	0.33	0.58	0.58	0	0	0.33
168600	0.33	0.58	0.58	0	0	0.33
168700	0.33	0.58	0.58	0	0	0.33
168800	0.33	0.58	0.58	0	0	0.33
168900	0.33	0.58	0.58	0	0	0.33
169000	0.33	0.58	0.58	0	0	0.33
169100	0.33	0.58	0.58	0	0	0.33
169200	0.33	0.58	0.58	0	0	0.33
169300	0.33	0.58	0.58	0	0	0.33
169400	0.33	0.58	0.58	0	0	0.33
169500	0.33	0.58	0.58	0	0	0.33
169600	0.33	0.58	0.58	0	0	0.33
169700	0.33	0.58	0.58	0	0	0.33
169800	0.33	0.58	0.58	0	0	0.33
169900	0.33	0.58	0.58	0	0	0.33
170000	0.33	0.58	0.58	0	0	0.33
170100	0.33	0.58	0.58	0	0	0.33
170200	0.33	0.58	0.58	0	0	0.33
170300	0.33	0.58	0.58	0	0	0.33
170400	0.34	0.58	0.58	0	0	0.34
170500	0.34	0.58	0.58	0	0	0.34
170600	0.34	0.58	0.58	0	0	0.34
170700	0.33	0.58	0.58	0	0	0.33
170800	0.33	0.58	0.58	0	0	0.33
170900	0.33	0.58	0.58	0	0	0.33
171000	0.34	0.58	0.58	0	0	0.34
171100	0.34	0.58	0.58	0	0	0.34
171200	0.34	0.58	0.58	0	0	0.34
171300	0.34	0.58	0.58	0	0	0.34
171400	0.34	0.58	0.58	0	0	0.34
171500	0.34	0.58	0.58	0	0	0.34
171600	0.34	0.58	0.58	0	0	0.34
171700	0.34	0.58	0.58	0	0	0.34
171800	0.34	0.58	0.58	0	0	0.34
171900	0.34	0.58	0.58	0	0	0.34
172000	0.34	0.59	0.59	0	0	0.34
172100	0.34	0.59	0.59	0	0	0.34
172200	0.34	0.59	0.59	0	0	0.34
172300	0.34	0.59	0.59	0	0	0.34
172400	0.34	0.59	0.59	0	0	0.34
172500	0.34	0.59	0.59	0	0	0.34
172600	0.34	0.59	0.59	0	0	0.34
172700	0.34	0.59	0.59	0	0	0.34
172800	0.34	0.59	0.59	0	0	0.34
172900	0.34	0.59	0.59	0	0	0.34
173000	0.34	0.59	0.59	0	0	0.34
173100	0.34	0.59	0.59	0	0	0.34
173200	0.34	0.59	0.59	0	0	0.34
173300	0.34	0.59	0.59	0	0	0.34
173400	0.34	0.59	0.59	0	0	0.34
173500	0.34	0.58	0.58	0	0	0.34
173600	0.34	0.58	0.58	0	0	0.34
173700	0.34	0.58	0.58	0	0	0.34
173800	0.34	0.58	0.58	0	0	0.34
173900	0.35	0.58	0.58	0	0	0.35
174000	0.35	0.58	0.58	0	0	0.35
174100	0.35	0.58	0.58	0	0	0.35
174200	0.34	0.58	0.58	0	0	0.34
174300	0.35	0.58	0.58	0	0	0.35
174400	0.35	0.58	0.58	0	0	0.35
174500	0.35	0.58	0.58	0	0	0.35
174600	0.35	0.58	0.58	0	0	0.35
174700	0.35	0.58	0.58	0	0	0.35
174800	0.35	0.58	0.58	0	0	0.35
174900	0.35	0.58	0.58	0	0	0.35
175000	0.35	0.58	0.58	0	0	0.35
175100	0.35	0.58	0.58	0	0	0.35
175200	0.35	0.58	0.58	0	0	0.35
175300	0.35	0.58	0.58	0	0	0.35
175400	0.35	0.58	0.58	0	0	0.35
175500	0.35	0.58	0.58	0	0	0.35
175600	0.35	0.58	0.58	0	0	0.35
175700	0.35	0.58	0.58	0	0	0.35
175800	0.35	0.58	0.58	0	0	0.35
175900	0.35	0.58	0.58	0	0	0.35
176000	0.35	0.58	0.58	0	0	0.35
176100	0.35	0.58	0.58	0	0	0.35
176200	0.35	0.58	0.58	0	0	0.35
176300	0.35	0.58	0.58	0	0	0.35
176400	0.35	0.58	0.58	0	0	0.35
176500	0.35	0.58	0.58	0	0	0.35
176600	0.35	0.58	0.58	0	0	0.35
176700	0.35	0.58	0.58	0	0	0.35
176800	0.35	0.58	0.58	0	0	0.35
176900	0.35	0.58	0.58	0	0	0.35
177000	0.35	0.58	0.58	0	0	0.35
177100	0.35	0.58	0.58	0	0	0.35
177200	0.35	0.58	0.58	0	0	0.35
177300	0.35	0.58	0.58	0	0	0.35
177400	0.35	0.58	0.58	0	0	0.35
177500	0.35	0.58	0.58	0	0	0.35
177600	0.35	0.58	0.58	0	0	0.35
177700	0.35	0.58	0.58	0	0	0.35
177800	0.35	0.58	0.58	0	0	0.35
177900	0.35	0.58	0.58	0	0	0.35
178000	0.35	0.58	0.58	0	0	0.35
178100	0.35	0.58	0.58	0	0	0.35
178200	0.35	0.58	0.58	0	0	0.35
178300	0.35	0.58	0.58	0	0	0.35
178400	0.35	0.58	0.58	0	0	0.35
178500	0.35	0.58	0.58	0	0	0.35
178600	0.35	0.57	0.57	0	0	0.35
178700	0.36	0.57	0.57	0	0	0.36
178800	0.36	0.57	0.57	0	0	0.36
178900	0.36	0.56	0.56	0	0	0.36
179000	0.37	0.56	0.56	0	0	0.37
179100	0.37	0.56	0.56	0	0	0.37
179200	0.37	0.56	0.56	0	0	0.37
179300	0.37	0.56	0.56	0	0	0.37
179400	0.37	0.56	0.56	0	0	0.37
179500	0.37	0.56	0.56	0	0	0.37
179600	0.37	0.56	0.56	0	0	0.37
179700	0.37	0.56	0.56	0	0	0.37
179800	0.37	0.56	0.56	0	0	0.37
179900	0.37	0.56	0.56	0	0	0.37
180000	0.37	0.56	0.56	0	0	0.37
180100	0.37	0.56	0.56	0	0	0.37
180200	0.37	0.56	0.56	0	0	0.37
180300	0.37	0.56	0.56	0	0	0.37
180400	0.37	0.56	0.56	0	0	0.37
180500	0.37	0.56	0.56	0	0	0.37
180600	0.37	0.56	0.56	0	0	0.37
180700	0.38	0.56	0.56	0	0	0.38
180800	0.38	0.56	0.56	0	0	0.38
180900	0.38	0.56	0.56	0	0	0.38
181000	0.38	0.56	0.56	0	0	0.38
181100	0.38	0.56	0.56	0	0	0.38
181200	0.38	0.56	0.56	0	0	0.38
181300	0.38	0.56	0.56	0	0	0.38
181400	0.38	0.56	0.56	0	0	0.38
181500	0.38	0.56	0.56	0	0	0.38
181600	0.38	0.56	0.56	0	0	0.38
181700	0.38	0.56	0.56	0	0	0.38
181800	0.38	0.56	0.56	0	0	0.38
181900	0.38	0.56	0.56	0	0	0.38
182000	0.38	0.56	0.56	0	0	0.38
182100	0.38	0.56	0.56	0	0	0.38
182200	0.38	0.56	0.56	0	0	0.38
182300	0.38	0.56	0.56	0	0	0.38
182400	0.38	0.56	0.56	0	0	0.38
182500	0.38	0.56	0.56	0	0	0.38
182600	0.39	0.56	0.56	0	0	0.39
182700	0.39	0.56	0.56	0	0	0.39
182800	0.38	0.56	0.56	0	0	0.38
182900	0.38	0.56	0.56	0	0	0.38
183000	0.38	0.56	0.56	0	0	0.38
183100	0.38	0.56	0.56	0	0	0.38
183200	0.38	0.56	0.56	0	0	0.38
183300	0.38	0.56	0.56	0	0	0.38
183400	0.38	0.56	0.56	0	0	0.38
183500	0.38	0.56	0.56	0	0	0.38
183600	0.38	0.56	0.56	0	0	0.38
183700	0.38	0.56	0.56	0	0	0.38
183800	0.38	0.56	0.56	0	0	0.38
183900	0.38	0.56	0.56	0	0	0.38
184000	0.38	0.56	0.56	0	0	0.38
184100	0.38	0.56	0.56	0	0	0.38
184200	0.38	0.56	0.56	0	0	0.38
184300	0.38	0.56	0.56	0	0	0.38
184400	0.38	0.56	0.56	0	0	0.38
184500	0.38	0.56	0.56	0	0	0.38
184600	0.39	0.56	0.56	0	0	0.39
184700	0.39	0.56	0.56	0	0	0.39
184800	0.39	0.56	0.56	0	0	0.39
184900	0.39	0.56	0.56	0	0	0.39
185000	0.39	0.56	0.56	0	0	0.39
185100	0.39	0.56	0.56	0	0	0.39
185200	0.39	0.56	0.56	0	0	0.39
185300	0.39	0.56	0.56	0	0	0.39
185400	0.4	0.56	0.56	0	0	0.4
185500	0.4	0.56	0.56	0	0	0.4
185600	0.4	0.56	0.56	0	0	0.4
185700	0.4	0.56	0.56	0	0	0.4
185800	0.4	0.56	0.56	0	0	0.4
185900	0.4	0.56	0.56	0	0	0.4
186000	0.4	0.56	0.56	0	0	0.4
186100	0.4	0.56	0.56	0	0	0.4
186200	0.4	0.56	0.56	0	0	0.4
186300	0.4	0.56	0.56	0	0	0.4
186400	0.4	0.56	0.56	0	0	0.4
186500	0.4	0.56	0.56	0	0	0.4
186600	0.4	0.56	0.56	0	0	0.4
186700	0.4	0.56	0.56	0	0	0.4
186800	0.4	0.56	0.56	0	0	0.4
186900	0.4	0.56	0.56	0	0	0.4
187000	0.4	0.56	0.56	0	0	0.4
187100	0.4	0.56	0.56	0	0	0.4
187200	0.4	0.56	0.56	0	0	0.4
187300	0.4	0.56	0.56	0	0	0.4
187400	0.4	0.56	0.56	0	0	0.4
187500	0.4	0.56	0.56	0	0	0.4
187600	0.4	0.56	0.56	0	0	0.4
187700	0.4	0.56	0.56	0	0	0.4
187800	0.4	0.56	0.56	0	0	0.4
187900	0.4	0.56	0.56	0	0	0.4
188000	0.4	0.56	0.56	0	0	0.4
188100	0.4	0.56	0.56	0	0	0.4
188200	0.4	0.56	0.56	0	0	0.4
188300	0.4	0.56	0.56	0	0	0.4
188400	0.4	0.55	0.55	0	0	0.4
188500	0.4	0.55	0.55	0	0	0.4
188600	0.4	0.55	0.55	0	0	0.4
188700	0.4	0.55	0.55	0	0	0.4
188800	0.4	0.55	0.55	0	0	0.4
188900	0.4	0.55	0.55	0	0	0.4
189000	0.4	0.55	0.55	0	0	0.4
189100	0.4	0.55	0.55	0	0	0.4
189200	0.4	0.55	0.55	0	0	0.4
189300	0.4	0.55	0.55	0	0	0.4
189400	0.4	0.55	0.55	0	0	0.4
189500	0.4	0.55	0.55	0	0	0.4
189600	0.4	0.55	0.55	0	0	0.4
189700	0.4	0.55	0.55	0	0	0.4
189800	0.4	0.55	0.55	0	0	0.4
189900	0.4	0.55	0.55	0	0	0.4
190000	0.4	0.55	0.55	0	0	0.4
190100	0.4	0.55	0.55	0	0	0.4
190200	0.41	0.55	0.55	0	0	0.41
190300	0.41	0.55	0.55	0	0	0.41
190400	0.4	0.55	0.55	0	0	0.4
190500	0.4	0.55	0.55	0	0	0.4
190600	0.4	0.55	0.55	0	0	0.4
190700	0.4	0.55	0.55	0	0	0.4
190800	0.4	0.55	0.55	0	0	0.4
190900	0.4	0.55	0.55	0	0	0.4
191000	0.4	0.55	0.55	0	0	0.4
191100	0.4	0.55	0.55	0	0	0.4
191200	0.4	0.55	0.55	0	0	0.4
191300	0.41	0.55	0.55	0	0	0.41
191400	0.4	0.55	0.55	0	0	0.4
191500	0.4	0.55	0.55	0	0	0.4
191600	0.39	0.55	0.55	0	0	0.39
191700	0.39	0.55	0.55	0	0	0.39
191800	0.39	0.55	0.55	0	0	0.39
191900	0.39	0.55	0.55	0	0	0.39
192000	0.39	0.55	0.55	0	0	0.39
192100	0.39	0.55	0.55	0	0	0.39
192200	0.39	0.55	0.55	0	0	0.39
192300	0.39	0.55	0.55	0	0	0.39
192400	0.39	0.55	0.55	0	0	0.39
192500	0.39	0.54	0.54	0	0	0.39
192600	0.39	0.54	0.54	0	0	0.39
192700	0.39	0.54	0.54	0	0	0.39
192800	0.39	0.54	0.54	0	0	0.39
192900	0.39	0.54	0.54	0	0	0.39
193000	0.39	0.54	0.54	0	0	0.39
193100	0.39	0.54	0.54	0	0	0.39
193200	0.39	0.54	0.54	0	0	0.39
193300	0.39	0.54	0.54	0	0	0.39
193400	0.39	0.54	0.54	0	0	0.39
193500	0.39	0.54	0.54	0	0	0.39
193600	0.39	0.54	0.54	0	0	0.39
193700	0.39	0.54	0.54	0	0	0.39
193800	0.39	0.54	0.54	0	0	0.39
193900	0.39	0.54	0.54	0	0	0.39
194000	0.39	0.55	0.55	0	0	0.39
194100	0.39	0.55	0.55	0	0	0.39
194200	0.39	0.55	0.55	0	0	0.39
194300	0.39	0.55	0.55	0	0	0.39
194400	0.39	0.55	0.55	0	0	0.39
194500	0.39	0.55	0.55	0	0	0.39
194600	0.39	0.55	0.55	0	0	0.39
194700	0.39	0.55	0.55	0	0	0.39
194800	0.39	0.55	0.55	0	0	0.39
194900	0.39	0.55	0.55	0	0	0.39
195000	0.39	0.55	0.55	0	0	0.39
195100	0.39	0.55	0.55	0	0	0.39
195200	0.39	0.55	0.55	0	0	0.39
195300	0.39	0.55	0.55	0	0	0.39
195400	0.39	0.55	0.55	0	0	0.39
195500	0.39	0.55	0.55	0	0	0.39
195600	0.39	0.55	0.55	0	0	0.39
195700	0.39	0.55	0.55	0	0	0.39
195800	0.39	0.55	0.55	0	0	0.39
195900	0.38	0.55	0.55	0	0	0.38
196000	0.38	0.55	0.55	0	0	0.38
196100	0.38	0.55	0.55	0	0	0.38
196200	0.38	0.55	0.55	0	0	0.38
196300	0.38	0.55	0.55	0	0	0.38
196400	0.38	0.55	0.55	0	0	0.38
196500	0.38	0.55	0.55	0	0	0.38
196600	0.38	0.55	0.55	0	0	0.38
196700	0.38	0.55	0.55	0	0	0.38
196800	0.38	0.55	0.55	0	0	0.38
196900	0.38	0.55	0.55	0	0	0.38
197000	0.38	0.55	0.55	0	0	0.38
197100	0.38	0.55	0.55	0	0	0.38
197200	0.38	0.55	0.55	0	0	0.38
197300	0.38	0.55	0.55	0	0	0.38
197400	0.38	0.55	0.55	0	0	0.38
197500	0.38	0.55	0.55	0	0	0.38
197600	0.38	0.55	0.55	0	0	0.38
197700	0.38	0.55	0.55	0	0	0.38
197800	0.38	0.55	0.55	0	0	0.38
197900	0.38	0.55	0.55	0	0	0.38
198000	0.38	0.55	0.55	0	0	0.38
198100	0.38	0.55	0.55	0	0	0.38
198200	0.38	0.55	0.55	0	0	0.38
198300	0.38	0.55	0.55	0	0	0.38
198400	0.38	0.55	0.55	0	0	0.38
198500	0.38	0.55	0.55	0	0	0.38
198600	0.38	0.55	0.55	0	0	0.38
198700	0.39	0.55	0.55	0	0	0.39
198800	0.39	0.55	0.55	0	0	0.39
198900	0.39	0.55	0.55	0	0	0.39
199000	0.39	0.55	0.55	0	0	0.39
199100	0.39	0.55	0.55	0	0	0.39
199200	0.39	0.55	0.55	0	0	0.39
199300	0.39	0.55	0.55	0	0	0.39
199400	0.39	0.55	0.55	0	0	0.39
199500	0.39	0.55	0.55	0	0	0.39
199600	0.39	0.55	0.55	0	0	0.39
199700	0.39	0.55	0.55	0	0	0.39
199800	0.39	0.55	0.55	0	0	0.39
199900	0.4	0.55	0.55	0	0	0.4
200000	0.4	0.55	0.55	0	0	0.4
200100	0.4	0.55	0.55	0	0	0.4
200200	0.4	0.55	0.55	0	0	0.4
200300	0.4	0.56	0.56	0	0	0.4
200400	0.39	0.56	0.56	0	0	0.39
200500	0.39	0.56	0.56	0	0	0.39
200600	0.39	0.54	0.54	0	0	0.39
200700	0.38	0.54	0.54	0	0	0.38
200800	0.38	0.54	0.54	0	0	0.38
200900	0.38	0.54	0.54	0	0	0.38
201000	0.38	0.54	0.54	0	0	0.38
201100	0.38	0.54	0.54	0	0	0.38
201200	0.38	0.54	0.54	0	0	0.38
201300	0.38	0.54	0.54	0	0	0.38
201400	0.37	0.54	0.54	0	0	0.37
201500	0.37	0.54	0.54	0	0	0.37
201600	0.37	0.54	0.54	0	0	0.37
201700	0.37	0.54	0.54	0	0	0.37
201800	0.37	0.54	0.54	0	0	0.37
201900	0.37	0.54	0.54	0	0	0.37
202000	0.37	0.54	0.54	0	0	0.37
202100	0.37	0.54	0.54	0	0	0.37
202200	0.37	0.55	0.55	0	0	0.37
202300	0.37	0.55	0.55	0	0	0.37
202400	0.37	0.55	0.55	0	0	0.37
202500	0.37	0.55	0.55	0	0	0.37
202600	0.37	0.55	0.55	0	0	0.37
202700	0.37	0.55	0.55	0	0	0.37
202800	0.37	0.55	0.55	0	0	0.37
202900	0.37	0.55	0.55	0	0	0.37
203000	0.37	0.55	0.55	0	0	0.37
203100	0.37	0.55	0.55	0	0	0.37
203200	0.37	0.55	0.55	0	0	0.37
203300	0.37	0.55	0.55	0	0	0.37
203400	0.37	0.55	0.55	0	0	0.37
203500	0.37	0.55	0.55	0	0	0.37
203600	0.37	0.55	0.55	0	0	0.37
203700	0.37	0.55	0.55	0	0	0.37
203800	0.38	0.55	0.55	0	0	0.38
203900	0.38	0.55	0.55	0	0	0.38
204000	0.38	0.55	0.55	0	0	0.38
204100	0.38	0.55	0.55	0	0	0.38
204200	0.38	0.55	0.55	0	0	0.38
204300	0.38	0.55	0.55	0	0	0.38
204400	0.38	0.55	0.55	0	0	0.38
204500	0.38	0.55	0.55	0	0	0.38
204600	0.38	0.55	0.55	0	0	0.38
204700	0.38	0.55	0.55	0	0	0.38
204800	0.38	0.55	0.55	0	0	0.38
204900	0.38	0.55	0.55	0	0	0.38
205000	0.38	0.55	0.55	0	0	0.38
205100	0.38	0.55	0.55	0	0	0.38
205200	0.38	0.55	0.55	0	0	0.38
205300	0.38	0.55	0.55	0	0	0.38
205400	0.38	0.55	0.55	0	0	0.38
205500	0.38	0.55	0.55	0	0	0.38
205600	0.38	0.55	0.55	0	0	0.38
205700	0.38	0.55	0.55	0	0	0.38
205800	0.38	0.55	0.55	0	0	0.38
205900	0.38	0.55	0.55	0	0	0.38
206000	0.38	0.55	0.55	0	0	0.38
206100	0.38	0.55	0.55	0	0	0.38
206200	0.38	0.55	0.55	0	0	0.38
206300	0.38	0.55	0.55	0	0	0.38
206400	0.38	0.55	0.55	0	0	0.38
206500	0.38	0.55	0.55	0	0	0.38
206600	0.38	0.55	0.55	0	0	0.38
206700	0.38	0.55	0.55	0	0	0.38
206800	0.38	0.55	0.55	0	0	0.38
206900	0.38	0.55	0.55	0	0	0.38
207000	0.38	0.55	0.55	0	0	0.38
207100	0.38	0.55	0.55	0	0	0.38
207200	0.38	0.55	0.55	0	0	0.38
207300	0.37	0.55	0.55	0	0	0.37
207400	0.38	0.55	0.55	0	0	0.38
207500	0.38	0.55	0.55	0	0	0.38
207600	0.38	0.55	0.55	0	0	0.38
207700	0.38	0.55	0.55	0	0	0.38
207800	0.38	0.55	0.55	0	0	0.38
207900	0.38	0.55	0.55	0	0	0.38
208000	0.37	0.55	0.55	0	0	0.37
208100	0.37	0.55	0.55	0	0	0.37
208200	0.37	0.55	0.55	0	0	0.37
208300	0.37	0.55	0.55	0	0	0.37
208400	0.37	0.55	0.55	0	0	0.37
208500	0.37	0.55	0.55	0	0	0.37
208600	0.37	0.55	0.55	0	0	0.37
208700	0.37	0.56	0.56	0	0	0.37
208800	0.37	0.56	0.56	0	0	0.37
208900	0.37	0.56	0.56	0	0	0.37
209000	0.37	0.56	0.56	0	0	0.37
209100	0.37	0.56	0.56	0	0	0.37
209200	0.37	0.56	0.56	0	0	0.37
209300	0.37	0.56	0.56	0	0	0.37
209400	0.37	0.56	0.56	0	0	0.37
209500	0.37	0.56	0.56	0	0	0.37
209600	0.37	0.56	0.56	0	0	0.37
209700	0.37	0.56	0.56	0	0	0.37
209800	0.37	0.56	0.56	0	0	0.37
209900	0.37	0.56	0.56	0	0	0.37
210000	0.38	0.56	0.56	0	0	0.38
210100	0.38	0.56	0.56	0	0	0.38
210200	0.38	0.56	0.56	0	0	0.38
210300	0.38	0.56	0.56	0	0	0.38
210400	0.37	0.56	0.56	0	0	0.37
210500	0.37	0.56	0.56	0	0	0.37
210600	0.37	0.56	0.56	0	0	0.37
210700	0.37	0.56	0.56	0	0	0.37
210800	0.37	0.56	0.56	0	0	0.37
210900	0.37	0.56	0.56	0	0	0.37
211000	0.37	0.56	0.56	0	0	0.37
211100	0.37	0.56	0.56	0	0	0.37
211200	0.37	0.56	0.56	0	0	0.37
211300	0.37	0.57	0.57	0	0	0.37
211400	0.37	0.57	0.57	0	0	0.37
211500	0.37	0.57	0.57	0	0	0.37
211600	0.37	0.57	0.57	0	0	0.37
211700	0.37	0.57	0.57	0	0	0.37
211800	0.37	0.57	0.57	0	0	0.37
211900	0.37	0.57	0.57	0	0	0.37
212000	0.37	0.57	0.57	0	0	0.37
212100	0.37	0.57	0.57	0	0	0.37
212200	0.37	0.57	0.57	0	0	0.37
212300	0.37	0.57	0.57	0	0	0.37
212400	0.37	0.57	0.57	0	0	0.37
212500	0.37	0.57	0.57	0	0	0.37
212600	0.37	0.57	0.57	0	0	0.37
212700	0.37	0.57	0.57	0	0	0.37
212800	0.37	0.57	0.57	0	0	0.37
212900	0.37	0.57	0.57	0	0	0.37
213000	0.37	0.57	0.57	0	0	0.37
213100	0.37	0.57	0.57	0	0	0.37
213200	0.37	0.57	0.57	0	0	0.37
213300	0.37	0.57	0.57	0	0	0.37
213400	0.37	0.57	0.57	0	0	0.37
213500	0.37	0.57	0.57	0	0	0.37
213600	0.37	0.57	0.57	0	0	0.37
213700	0.37	0.57	0.57	0	0	0.37
213800	0.37	0.57	0.57	0	0	0.37
213900	0.37	0.57	0.57	0	0	0.37
214000	0.37	0.56	0.56	0	0	0.37
214100	0.37	0.56	0.56	0	0	0.37
214200	0.37	0.56	0.56	0	0	0.37
214300	0.37	0.56	0.56	0	0	0.37
214400	0.37	0.56	0.56	0	0	0.37
214500	0.37	0.56	0.56	0	0	0.37
214600	0.37	0.56	0.56	0	0	0.37
214700	0.37	0.56	0.56	0	0	0.37
214800	0.37	0.56	0.56	0	0	0.37
214900	0.37	0.56	0.56	0	0	0.37
215000	0.38	0.56	0.56	0	0	0.38
215100	0.38	0.56	0.56	0	0	0.38
215200	0.37	0.56	0.56	0	0	0.37
215300	0.37	0.56	0.56	0	0	0.37
215400	0.37	0.56	0.56	0	0	0.37
215500	0.37	0.56	0.56	0	0	0.37
215600	0.37	0.56	0.56	0	0	0.37
215700	0.37	0.56	0.56	0	0	0.37
215800	0.37	0.56	0.56	0	0	0.37
215900	0.37	0.56	0.56	0	0	0.37
216000	0.37	0.56	0.56	0	0	0.37
216100	0.37	0.56	0.56	0	0	0.37
216200	0.37	0.56	0.56	0	0	0.37
216300	0.37	0.56	0.56	0	0	0.37
216400	0.36	0.56	0.56	0	0	0.36
216500	0.36	0.56	0.56	0	0	0.36
216600	0.36	0.57	0.57	0	0	0.36
216700	0.36	0.56	0.56	0	0	0.36
216800	0.36	0.56	0.56	0	0	0.36
216900	0.36	0.56	0.56	0	0	0.36
217000	0.36	0.56	0.56	0	0	0.36
217100	0.36	0.55	0.55	0	0	0.36
217200	0.36	0.55	0.55	0	0	0.36
217300	0.36	0.55	0.55	0	0	0.36
217400	0.36	0.55	0.55	0	0	0.36
217500	0.36	0.55	0.55	0	0	0.36
217600	0.36	0.55	0.55	0	0	0.36
217700	0.36	0.55	0.55	0	0	0.36
217800	0.36	0.55	0.55	0	0	0.36
217900	0.36	0.55	0.55	0	0	0.36
218000	0.37	0.55	0.55	0	0	0.37
218100	0.36	0.55	0.55	0	0	0.36
218200	0.36	0.55	0.55	0	0	0.36
218300	0.37	0.55	0.55	0	0	0.37
218400	0.37	0.55	0.55	0	0	0.37
218500	0.37	0.55	0.55	0	0	0.37
218600	0.37	0.55	0.55	0	0	0.37
218700	0.37	0.55	0.55	0	0	0.37
218800	0.37	0.55	0.55	0	0	0.37
218900	0.37	0.55	0.55	0	0	0.37
219000	0.37	0.55	0.55	0	0	0.37
219100	0.37	0.55	0.55	0	0	0.37
219200	0.37	0.56	0.56	0	0	0.37
219300	0.37	0.56	0.56	0	0	0.37
219400	0.36	0.56	0.56	0	0	0.36
219500	0.36	0.56	0.56	0	0	0.36
219600	0.36	0.56	0.56	0	0	0.36
219700	0.36	0.56	0.56	0	0	0.36
219800	0.36	0.56	0.56	0	0	0.36
219900	0.36	0.56	0.56	0	0	0.36
220000	0.36	0.56	0.56	0	0	0.36
220100	0.36	0.56	0.56	0	0	0.36
220200	0.36	0.56	0.56	0	0	0.36
220300	0.36	0.56	0.56	0	0	0.36
220400	0.36	0.56	0.56	0	0	0.36
220500	0.36	0.56	0.56	0	0	0.36
220600	0.36	0.56	0.56	0	0	0.36
220700	0.36	0.56	0.56	0	0	0.36
220800	0.36	0.56	0.56	0	0	0.36
220900	0.35	0.56	0.56	0	0	0.35
221000	0.35	0.56	0.56	0	0	0.35
221100	0.34	0.56	0.56	0	0	0.34
221200	0.34	0.56	0.56	0	0	0.34
221300	0.34	0.56	0.56	0	0	0.34
221400	0.34	0.56	0.56	0	0	0.34
221500	0.34	0.56	0.56	0	0	0.34
221600	0.34	0.56	0.56	0	0	0.34
221700	0.34	0.56	0.56	0	0	0.34
221800	0.34	0.56	0.56	0	0	0.34
221900	0.34	0.56	0.56	0	0	0.34
222000	0.34	0.56	0.56	0	0	0.34
222100	0.34	0.56	0.56	0	0	0.34
222200	0.34	0.56	0.56	0	0	0.34
222300	0.34	0.56	0.56	0	0	0.34
222400	0.34	0.56	0.56	0	0	0.34
222500	0.34	0.56	0.56	0	0	0.34
222600	0.34	0.56	0.56	0	0	0.34
222700	0.34	0.56	0.56	0	0	0.34
222800	0.34	0.56	0.56	0	0	0.34
222900	0.34	0.56	0.56	0	0	0.34
223000	0.34	0.56	0.56	0	0	0.34
223100	0.34	0.56	0.56	0	0	0.34
223200	0.34	0.56	0.56	0	0	0.34
223300	0.34	0.56	0.56	0	0	0.34
223400	0.34	0.56	0.56	0	0	0.34
223500	0.34	0.56	0.56	0	0	0.34
223600	0.34	0.56	0.56	0	0	0.34
223700	0.34	0.56	0.56	0	0	0.34
223800	0.34	0.56	0.56	0	0	0.34
223900	0.34	0.56	0.56	0	0	0.34
224000	0.34	0.56	0.56	0	0	0.34
224100	0.34	0.56	0.56	0	0	0.34
224200	0.34	0.56	0.56	0	0	0.34
224300	0.34	0.56	0.56	0	0	0.34
224400	0.34	0.56	0.56	0	0	0.34
224500	0.34	0.56	0.56	0	0	0.34
224600	0.34	0.56	0.56	0	0	0.34
224700	0.34	0.56	0.56	0	0	0.34
224800	0.34	0.56	0.56	0	0	0.34
224900	0.34	0.56	0.56	0	0	0.34
225000	0.33	0.56	0.56	0	0	0.33
225100	0.33	0.56	0.56	0	0	0.33
225200	0.33	0.56	0.56	0	0	0.33
225300	0.33	0.56	0.56	0	0	0.33
225400	0.33	0.56	0.56	0	0	0.33
225500	0.33	0.55	0.55	0	0	0.33
225600	0.33	0.55	0.55	0	0	0.33
225700	0.33	0.55	0.55	0	0	0.33
225800	0.33	0.55	0.55	0	0	0.33
225900	0.33	0.55	0.55	0	0	0.33
226000	0.33	0.55	0.55	0	0	0.33
226100	0.33	0.55	0.55	0	0	0.33
226200	0.33	0.55	0.55	0	0	0.33
226300	0.33	0.55	0.55	0	0	0.33
226400	0.33	0.55	0.55	0	0	0.33
226500	0.33	0.55	0.55	0	0	0.33
226600	0.33	0.55	0.55	0	0	0.33
226700	0.33	0.55	0.55	0	0	0.33
226800	0.34	0.55	0.55	0	0	0.34
226900	0.34	0.55	0.55	0	0	0.34
227000	0.34	0.55	0.55	0	0	0.34
227100	0.34	0.55	0.55	0	0	0.34
227200	0.34	0.55	0.55	0	0	0.34
227300	0.34	0.55	0.55	0	0	0.34
227400	0.34	0.55	0.55	0	0	0.34
227500	0.34	0.55	0.55	0	0	0.34
227600	0.34	0.55	0.55	0	0	0.34
227700	0.34	0.55	0.55	0	0	0.34
227800	0.34	0.55	0.55	0	0	0.34
227900	0.34	0.55	0.55	0	0	0.34
228000	0.34	0.55	0.55	0	0	0.34
228100	0.34	0.55	0.55	0	0	0.34
228200	0.34	0.55	0.55	0	0	0.34
228300	0.33	0.55	0.55	0	0	0.33
228400	0.33	0.55	0.55	0	0	0.33
228500	0.33	0.55	0.55	0	0	0.33
228600	0.33	0.55	0.55	0	0	0.33
228700	0.33	0.55	0.55	0	0	0.33
228800	0.33	0.55	0.55	0	0	0.33
228900	0.33	0.55	0.55	0	0	0.33
229000	0.33	0.55	0.55	0	0	0.33
229100	0.33	0.55	0.55	0	0	0.33
229200	0.33	0.55	0.55	0	0	0.33
229300	0.33	0.55	0.55	0	0	0.33
229400	0.33	0.55	0.55	0	0	0.33
229500	0.33	0.55	0.55	0	0	0.33
229600	0.33	0.55	0.55	0	0	0.33
229700	0.33	0.55	0.55	0	0	0.33
229800	0.33	0.55	0.55	0	0	0.33
229900	0.33	0.56	0.56	0	0	0.33
230000	0.33	0.56	0.56	0	0	0.33
230100	0.33	0.55	0.55	0	0	0.33
230200	0.33	0.56	0.56	0	0	0.33
230300	0.33	0.56	0.56	0	0	0.33
230400	0.33	0.55	0.55	0	0	0.33
230500	0.33	0.55	0.55	0	0	0.33
230600	0.33	0.55	0.55	0	0	0.33
230700	0.33	0.55	0.55	0	0	0.33
230800	0.34	0.55	0.55	0	0	0.34
230900	0.34	0.55	0.55	0	0	0.34
231000	0.35	0.55	0.55	0	0	0.35
231100	0.34	0.55	0.55	0	0	0.34
231200	0.34	0.55	0.55	0	0	0.34
231300	0.34	0.55	0.55	0	0	0.34
231400	0.34	0.55	0.55	0	0	0.34
231500	0.34	0.55	0.55	0	0	0.34
231600	0.34	0.55	0.55	0	0	0.34
231700	0.34	0.55	0.55	0	0	0.34
231800	0.34	0.55	0.55	0	0	0.34
231900	0.34	0.55	0.55	0	0	0.34
232000	0.34	0.55	0.55	0	0	0.34
232100	0.34	0.55	0.55	0	0	0.34
232200	0.34	0.55	0.55	0	0	0.34
232300	0.34	0.55	0.55	0	0	0.34
232400	0.34	0.55	0.55	0	0	0.34
232500	0.35	0.55	0.55	0	0	0.35
232600	0.35	0.55	0.55	0	0	0.35
232700	0.35	0.55	0.55	0	0	0.35
232800	0.35	0.55	0.55	0	0	0.35
232900	0.35	0.55	0.55	0	0	0.35
233000	0.35	0.55	0.55	0	0	0.35
233100	0.34	0.55	0.55	0	0	0.34
233200	0.34	0.55	0.55	0	0	0.34
233300	0.34	0.55	0.55	0	0	0.34
233400	0.34	0.55	0.55	0	0	0.34
233500	0.34	0.55	0.55	0	0	0.34
233600	0.34	0.55	0.55	0	0	0.34
233700	0.34	0.55	0.55	0	0	0.34
233800	0.34	0.55	0.55	0	0	0.34
233900	0.34	0.55	0.55	0	0	0.34
234000	0.34	0.55	0.55	0	0	0.34
234100	0.35	0.55	0.55	0	0	0.35
234200	0.35	0.55	0.55	0	0	0.35
234300	0.35	0.55	0.55	0	0	0.35
234400	0.35	0.55	0.55	0	0	0.35
234500	0.35	0.55	0.55	0	0	0.35
234600	0.35	0.55	0.55	0	0	0.35
234700	0.35	0.55	0.55	0	0	0.35
234800	0.35	0.55	0.55	0	0	0.35
234900	0.35	0.55	0.55	0	0	0.35
235000	0.35	0.55	0.55	0	0	0.35
235100	0.35	0.55	0.55	0	0	0.35
235200	0.35	0.55	0.55	0	0	0.35
235300	0.35	0.55	0.55	0	0	0.35
235400	0.35	0.55	0.55	0	0	0.35
235500	0.35	0.55	0.55	0	0	0.35
235600	0.35	0.55	0.55	0	0	0.35
235700	0.35	0.55	0.55	0	0	0.35
235800	0.35	0.55	0.55	0	0	0.35
235900	0.35	0.55	0.55	0	0	0.35
236000	0.35	0.55	0.55	0	0	0.35
236100	0.35	0.55	0.55	0	0	0.35
236200	0.35	0.55	0.55	0	0	0.35
236300	0.35	0.55	0.55	0	0	0.35
236400	0.35	0.55	0.55	0	0	0.35
236500	0.35	0.55	0.55	0	0	0.35
236600	0.35	0.55	0.55	0	0	0.35
236700	0.35	0.55	0.55	0	0	0.35
236800	0.35	0.55	0.55	0	0	0.35
236900	0.35	0.55	0.55	0	0	0.35
237000	0.35	0.55	0.55	0	0	0.35
237100	0.35	0.55	0.55	0	0	0.35
237200	0.35	0.55	0.55	0	0	0.35
237300	0.35	0.55	0.55	0	0	0.35
237400	0.35	0.55	0.55	0	0	0.35
237500	0.35	0.55	0.55	0	0	0.35
237600	0.35	0.55	0.55	0	0	0.35
237700	0.36	0.55	0.55	0	0	0.36
237800	0.36	0.55	0.55	0	0	0.36
237900	0.36	0.55	0.55	0	0	0.36
238000	0.36	0.55	0.55	0	0	0.36
238100	0.36	0.55	0.55	0	0	0.36
238200	0.36	0.55	0.55	0	0	0.36
238300	0.36	0.55	0.55	0	0	0.36
238400	0.36	0.55	0.55	0	0	0.36
238500	0.36	0.55	0.55	0	0	0.36
238600	0.36	0.55	0.55	0	0	0.36
238700	0.36	0.55	0.55	0	0	0.36
238800	0.36	0.55	0.55	0	0	0.36
238900	0.36	0.55	0.55	0	0	0.36
239000	0.36	0.55	0.55	0	0	0.36
239100	0.36	0.55	0.55	0	0	0.36
239200	0.36	0.55	0.55	0	0	0.36
239300	0.36	0.55	0.55	0	0	0.36
239400	0.36	0.55	0.55	0	0	0.36
239500	0.36	0.55	0.55	0	0	0.36
239600	0.36	0.55	0.55	0	0	0.36
239700	0.36	0.55	0.55	0	0	0.36
239800	0.36	0.55	0.55	0	0	0.36
239900	0.36	0.55	0.55	0	0	0.36
240000	0.36	0.55	0.55	0	0	0.36
240100	0.36	0.55	0.55	0	0	0.36
240200	0.36	0.54	0.54	0	0	0.36
240300	0.36	0.54	0.54	0	0	0.36
240400	0.36	0.54	0.54	0	0	0.36
240500	0.36	0.54	0.54	0	0	0.36
240600	0.36	0.53	0.53	0	0	0.36
240700	0.36	0.53	0.53	0	0	0.36
240800	0.36	0.53	0.53	0	0	0.36
240900	0.36	0.53	0.53	0	0	0.36
241000	0.36	0.53	0.53	0	0	0.36
241100	0.36	0.53	0.53	0	0	0.36
241200	0.36	0.53	0.53	0	0	0.36
241300	0.36	0.53	0.53	0	0	0.36
241400	0.36	0.53	0.53	0	0	0.36
241500	0.36	0.53	0.53	0	0	0.36
241600	0.36	0.53	0.53	0	0	0.36
241700	0.36	0.53	0.53	0	0	0.36
241800	0.36	0.53	0.53	0	0	0.36
241900	0.36	0.53	0.53	0	0	0.36
242000	0.36	0.53	0.53	0	0	0.36
242100	0.36	0.53	0.53	0	0	0.36
242200	0.36	0.53	0.53	0	0	0.36
242300	0.36	0.54	0.54	0	0	0.36
242400	0.36	0.55	0.55	0	0	0.36
242500	0.36	0.55	0.55	0	0	0.36
242600	0.36	0.55	0.55	0	0	0.36
242700	0.36	0.56	0.56	0	0	0.36
242800	0.36	0.55	0.55	0	0	0.36
242900	0.36	0.55	0.55	0	0	0.36
243000	0.36	0.55	0.55	0	0	0.36
243100	0.36	0.55	0.55	0	0	0.36
243200	0.36	0.55	0.55	0	0	0.36
243300	0.36	0.55	0.55	0	0	0.36
243400	0.36	0.55	0.55	0	0	0.36
243500	0.36	0.55	0.55	0	0	0.36
243600	0.37	0.55	0.55	0	0	0.37
243700	0.37	0.55	0.55	0	0	0.37
243800	0.37	0.55	0.55	0	0	0.37
243900	0.38	0.55	0.55	0	0	0.38
244000	0.38	0.55	0.55	0	0	0.38
244100	0.38	0.55	0.55	0	0	0.38
244200	0.38	0.55	0.55	0	0	0.38
244300	0.37	0.55	0.55	0	0	0.37
244400	0.36	0.55	0.55	0	0	0.36
244500	0.36	0.55	0.55	0	0	0.36
244600	0.36	0.55	0.55	0	0	0.36
244700	0.36	0.55	0.55	0	0	0.36
244800	0.36	0.55	0.55	0	0	0.36
244900	0.36	0.55	0.55	0	0	0.36
245000	0.36	0.55	0.55	0	0	0.36
245100	0.36	0.55	0.55	0	0	0.36
245200	0.36	0.55	0.55	0	0	0.36
245300	0.36	0.55	0.55	0	0	0.36
245400	0.36	0.55	0.55	0	0	0.36
245500	0.36	0.55	0.55	0	0	0.36
245600	0.36	0.55	0.55	0	0	0.36
245700	0.36	0.55	0.55	0	0	0.36
245800	0.36	0.55	0.55	0	0	0.36
245900	0.36	0.55	0.55	0	0	0.36
246000	0.36	0.55	0.55	0	0	0.36
246100	0.36	0.55	0.55	0	0	0.36
246200	0.36	0.55	0.55	0	0	0.36
246300	0.36	0.55	0.55	0	0	0.36
246400	0.36	0.55	0.55	0	0	0.36
246500	0.36	0.55	0.55	0	0	0.36
246600	0.36	0.55	0.55	0	0	0.36
246700	0.36	0.55	0.55	0	0	0.36
246800	0.36	0.55	0.55	0	0	0.36
246900	0.36	0.55	0.55	0	0	0.36
247000	0.36	0.55	0.55	0	0	0.36
247100	0.37	0.55	0.55	0	0	0.37
247200	0.37	0.55	0.55	0	0	0.37
247300	0.37	0.55	0.55	0	0	0.37
247400	0.36	0.55	0.55	0	0	0.36
247500	0.36	0.55	0.55	0	0	0.36
247600	0.36	0.55	0.55	0	0	0.36
247700	0.36	0.55	0.55	0	0	0.36
247800	0.36	0.55	0.55	0	0	0.36
247900	0.36	0.55	0.55	0	0	0.36
248000	0.36	0.55	0.55	0	0	0.36
248100	0.36	0.55	0.55	0	0	0.36
248200	0.36	0.55	0.55	0	0	0.36
248300	0.36	0.55	0.55	0	0	0.36
248400	0.36	0.55	0.55	0	0	0.36
248500	0.36	0.55	0.55	0	0	0.36
248600	0.36	0.55	0.55	0	0	0.36
248700	0.36	0.55	0.55	0	0	0.36
248800	0.36	0.55	0.55	0	0	0.36
248900	0.36	0.55	0.55	0	0	0.36
249000	0.36	0.56	0.56	0	0	0.36
249100	0.36	0.56	0.56	0	0	0.36
249200	0.36	0.55	0.55	0	0	0.36
249300	0.36	0.55	0.55	0	0	0.36
249400	0.36	0.55	0.55	0	0	0.36
249500	0.36	0.55	0.55	0	0	0.36
249600	0.36	0.55	0.55	0	0	0.36
249700	0.36	0.55	0.55	0	0	0.36
249800	0.36	0.55	0.55	0	0	0.36
249900	0.36	0.55	0.55	0	0	0.36
250000	0.36	0.55	0.55	0	0	0.36
250100	0.36	0.55	0.55	0	0	0.36
250200	0.36	0.55	0.55	0	0	0.36
250300	0.36	0.55	0.55	0	0	0.36
250400	0.36	0.55	0.55	0	0	0.36
250500	0.36	0.55	0.55	0	0	0.36
250600	0.36	0.55	0.55	0	0	0.36
250700	0.36	0.55	0.55	0	0	0.36
250800	0.36	0.55	0.55	0	0	0.36
250900	0.36	0.55	0.55	0	0	0.36
251000	0.36	0.55	0.55	0	0	0.36
251100	0.36	0.55	0.55	0	0	0.36
251200	0.36	0.55	0.55	0	0	0.36
251300	0.36	0.55	0.55	0	0	0.36
251400	0.36	0.55	0.55	0	0	0.36
251500	0.36	0.55	0.55	0	0	0.36
251600	0.36	0.55	0.55	0	0	0.36
251700	0.37	0.55	0.55	0	0	0.37
251800	0.37	0.55	0.55	0	0	0.37
251900	0.36	0.55	0.55	0	0	0.36
252000	0.36	0.55	0.55	0	0	0.36
252100	0.36	0.55	0.55	0	0	0.36
252200	0.36	0.55	0.55	0	0	0.36
252300	0.37	0.55	0.55	0	0	0.37
252400	0.37	0.55	0.55	0	0	0.37
252500	0.37	0.55	0.55	0	0	0.37
252600	0.37	0.55	0.55	0	0	0.37
252700	0.36	0.55	0.55	0	0	0.36
252800	0.36	0.55	0.55	0	0	0.36
252900	0.36	0.55	0.55	0	0	0.36
253000	0.36	0.55	0.55	0	0	0.36
253100	0.36	0.55	0.55	0	0	0.36
253200	0.36	0.55	0.55	0	0	0.36
253300	0.36	0.56	0.56	0	0	0.36
253400	0.36	0.56	0.56	0	0	0.36
253500	0.36	0.56	0.56	0	0	0.36
253600	0.36	0.56	0.56	0	0	0.36
253700	0.36	0.56	0.56	0	0	0.36
253800	0.36	0.56	0.56	0	0	0.36
253900	0.36	0.56	0.56	0	0	0.36
254000	0.36	0.56	0.56	0	0	0.36
254100	0.36	0.56	0.56	0	0	0.36
254200	0.36	0.56	0.56	0	0	0.36
254300	0.36	0.56	0.56	0	0	0.36
254400	0.36	0.56	0.56	0	0	0.36
254500	0.36	0.56	0.56	0	0	0.36
254600	0.36	0.57	0.57	0	0	0.36
254700	0.36	0.57	0.57	0	0	0.36
254800	0.36	0.56	0.56	0	0	0.36
254900	0.36	0.56	0.56	0	0	0.36
255000	0.36	0.55	0.55	0	0	0.36
255100	0.36	0.55	0.55	0	0	0.36
255200	0.36	0.55	0.55	0	0	0.36
255300	0.36	0.55	0.55	0	0	0.36
255400	0.35	0.55	0.55	0	0	0.35
255500	0.35	0.55	0.55	0	0	0.35
255600	0.35	0.55	0.55	0	0	0.35
255700	0.35	0.55	0.55	0	0	0.35
255800	0.35	0.55	0.55	0	0	0.35
255900	0.35	0.55	0.55	0	0	0.35
256000	0.35	0.55	0.55	0	0	0.35
256100	0.35	0.55	0.55	0	0	0.35
256200	0.35	0.55	0.55	0	0	0.35
256300	0.35	0.55	0.55	0	0	0.35
256400	0.35	0.55	0.55	0	0	0.35
256500	0.35	0.55	0.55	0	0	0.35
256600	0.35	0.55	0.55	0	0	0.35
256700	0.35	0.55	0.55	0	0	0.35
256800	0.35	0.55	0.55	0	0	0.35
256900	0.35	0.55	0.55	0	0	0.35
257000	0.35	0.55	0.55	0	0	0.35
257100	0.35	0.55	0.55	0	0	0.35
257200	0.35	0.55	0.55	0	0	0.35
257300	0.36	0.55	0.55	0	0	0.36
257400	0.35	0.55	0.55	0	0	0.35
257500	0.35	0.55	0.55	0	0	0.35
257600	0.35	0.55	0.55	0	0	0.35
257700	0.35	0.55	0.55	0	0	0.35
257800	0.35	0.55	0.55	0	0	0.35
257900	0.35	0.55	0.55	0	0	0.35
258000	0.35	0.55	0.55	0	0	0.35
258100	0.35	0.55	0.55	0	0	0.35
258200	0.35	0.55	0.55	0	0	0.35
258300	0.35	0.55	0.55	0	0	0.35
258400	0.36	0.55	0.55	0	0	0.36
258500	0.36	0.55	0.55	0	0	0.36
258600	0.36	0.55	0.55	0	0	0.36
258700	0.36	0.55	0.55	0	0	0.36
258800	0.36	0.55	0.55	0	0	0.36
258900	0.36	0.55	0.55	0	0	0.36
259000	0.36	0.55	0.55	0	0	0.36
259100	0.36	0.55	0.55	0	0	0.36
259200	0.35	0.55	0.55	0	0	0.35
259300	0.35	0.55	0.55	0	0	0.35
259400	0.35	0.55	0.55	0	0	0.35
259500	0.35	0.55	0.55	0	0	0.35
259600	0.35	0.55	0.55	0	0	0.35
259700	0.35	0.55	0.55	0	0	0.35
259800	0.35	0.55	0.55	0	0	0.35
259900	0.35	0.55	0.55	0	0	0.35
260000	0.35	0.55	0.55	0	0	0.35
260100	0.35	0.55	0.55	0	0	0.35
260200	0.35	0.55	0.55	0	0	0.35
260300	0.35	0.54	0.54	0	0	0.35
260400	0.35	0.54	0.54	0	0	0.35
260500	0.35	0.54	0.54	0	0	0.35
260600	0.35	0.54	0.54	0	0	0.35
260700	0.36	0.54	0.54	0	0	0.36
260800	0.36	0.54	0.54	0	0	0.36
260900	0.36	0.54	0.54	0	0	0.36
261000	0.36	0.54	0.54	0	0	0.36
261100	0.36	0.54	0.54	0	0	0.36
261200	0.36	0.54	0.54	0	0	0.36
261300	0.36	0.54	0.54	0	0	0.36
261400	0.36	0.54	0.54	0	0	0.36
261500	0.36	0.54	0.54	0	0	0.36
261600	0.36	0.54	0.54	0	0	0.36
261700	0.36	0.54	0.54	0	0	0.36
261800	0.36	0.54	0.54	0	0	0.36
261900	0.36	0.54	0.54	0	0	0.36
262000	0.36	0.54	0.54	0	0	0.36
262100	0.36	0.54	0.54	0	0	0.36
262200	0.36	0.54	0.54	0	0	0.36
262300	0.36	0.54	0.54	0	0	0.36
262400	0.36	0.54	0.54	0	0	0.36
262500	0.36	0.54	0.54	0	0	0.36
262600	0.36	0.54	0.54	0	0	0.36
262700	0.36	0.54	0.54	0	0	0.36
262800	0.36	0.54	0.54	0	0	0.36
262900	0.36	0.54	0.54	0	0	0.36
263000	0.36	0.54	0.54	0	0	0.36
263100	0.36	0.54	0.54	0	0	0.36
263200	0.36	0.54	0.54	0	0	0.36
263300	0.36	0.54	0.54	0	0	0.36
263400	0.36	0.54	0.54	0	0	0.36
263500	0.36	0.54	0.54	0	0	0.36
263600	0.36	0.54	0.54	0	0	0.36
263700	0.36	0.54	0.54	0	0	0.36
263800	0.36	0.54	0.54	0	0	0.36
263900	0.36	0.54	0.54	0	0	0.36
264000	0.36	0.54	0.54	0	0	0.36
264100	0.36	0.54	0.54	0	0	0.36
264200	0.36	0.55	0.55	0	0	0.36
264300	0.36	0.54	0.54	0	0	0.36
264400	0.36	0.54	0.54	0	0	0.36
264500	0.36	0.54	0.54	0	0	0.36
264600	0.36	0.54	0.54	0	0	0.36
264700	0.36	0.54	0.54	0	0	0.36
264800	0.36	0.54	0.54	0	0	0.36
264900	0.36	0.55	0.55	0	0	0.36
265000	0.36	0.55	0.55	0	0	0.36
265100	0.36	0.55	0.55	0	0	0.36
265200	0.36	0.55	0.55	0	0	0.36
265300	0.36	0.56	0.56	0	0	0.36
265400	0.36	0.56	0.56	0	0	0.36
265500	0.36	0.56	0.56	0	0	0.36
265600	0.36	0.56	0.56	0	0	0.36
265700	0.36	0.56	0.56	0	0	0.36
265800	0.36	0.56	0.56	0	0	0.36
265900	0.36	0.56	0.56	0	0	0.36
266000	0.36	0.56	0.56	0	0	0.36
266100	0.36	0.56	0.56	0	0	0.36
266200	0.36	0.56	0.56	0	0	0.36
266300	0.36	0.56	0.56	0	0	0.36
266400	0.36	0.56	0.56	0	0	0.36
266500	0.36	0.56	0.56	0	0	0.36
266600	0.36	0.56	0.56	0	0	0.36
266700	0.36	0.56	0.56	0	0	0.36
266800	0.36	0.56	0.56	0	0	0.36
266900	0.36	0.56	0.56	0	0	0.36
267000	0.36	0.56	0.56	0	0	0.36
267100	0.36	0.56	0.56	0	0	0.36
267200	0.36	0.56	0.56	0	0	0.36
267300	0.36	0.56	0.56	0	0	0.36
267400	0.36	0.56	0.56	0	0	0.36
267500	0.36	0.56	0.56	0	0	0.36
267600	0.36	0.56	0.56	0	0	0.36
267700	0.36	0.56	0.56	0	0	0.36
267800	0.36	0.56	0.56	0	0	0.36
267900	0.36	0.56	0.56	0	0	0.36
268000	0.36	0.56	0.56	0	0	0.36
268100	0.36	0.56	0.56	0	0	0.36
268200	0.36	0.56	0.56	0	0	0.36
268300	0.36	0.56	0.56	0	0	0.36
268400	0.36	0.56	0.56	0	0	0.36
268500	0.36	0.56	0.56	0	0	0.36
268600	0.36	0.56	0.56	0	0	0.36
268700	0.36	0.56	0.56	0	0	0.36
268800	0.36	0.56	0.56	0	0	0.36
268900	0.36	0.56	0.56	0	0	0.36
269000	0.36	0.56	0.56	0	0	0.36
269100	0.36	0.56	0.56	0	0	0.36
269200	0.36	0.56	0.56	0	0	0.36
269300	0.36	0.56	0.56	0	0	0.36
269400	0.36	0.56	0.56	0	0	0.36
269500	0.36	0.56	0.56	0	0	0.36
269600	0.36	0.56	0.56	0	0	0.36
269700	0.37	0.56	0.56	0	0	0.37
269800	0.37	0.56	0.56	0	0	0.37
269900	0.35	0.56	0.56	0	0	0.35
270000	0.35	0.56	0.56	0	0	0.35
270100	0.35	0.56	0.56	0	0	0.35
270200	0.35	0.56	0.56	0	0	0.35
270300	0.35	0.56	0.56	0	0	0.35
270400	0.36	0.56	0.56	0	0	0.36
270500	0.36	0.56	0.56	0	0	0.36
270600	0.36	0.56	0.56	0	0	0.36
270700	0.36	0.56	0.56	0	0	0.36
270800	0.36	0.56	0.56	0	0	0.36
270900	0.36	0.56	0.56	0	0	0.36
271000	0.36	0.56	0.56	0	0	0.36
271100	0.36	0.56	0.56	0	0	0.36
271200	0.36	0.56	0.56	0	0	0.36
271300	0.36	0.57	0.57	0	0	0.36
271400	0.36	0.57	0.57	0	0	0.36
271500	0.36	0.57	0.57	0	0	0.36
271600	0.36	0.57	0.57	0	0	0.36
271700	0.36	0.57	0.57	0	0	0.36
271800	0.36	0.57	0.57	0	0	0.36
271900	0.35	0.57	0.57	0	0	0.35
272000	0.34	0.57	0.57	0	0	0.34
272100	0.34	0.57	0.57	0	0	0.34
272200	0.34	0.57	0.57	0	0	0.34
272300	0.34	0.57	0.57	0	0	0.34
272400	0.34	0.57	0.57	0	0	0.34
272500	0.34	0.57	0.57	0	0	0.34
272600	0.34	0.57	0.57	0	0	0.34
272700	0.34	0.56	0.56	0	0	0.34
272800	0.34	0.56	0.56	0	0	0.34
272900	0.34	0.56	0.56	0	0	0.34
273000	0.34	0.56	0.56	0	0	0.34
273100	0.34	0.56	0.56	0	0	0.34
273200	0.34	0.56	0.56	0	0	0.34
273300	0.34	0.56	0.56	0	0	0.34
273400	0.34	0.56	0.56	0	0	0.34
273500	0.34	0.56	0.56	0	0	0.34
273600	0.34	0.56	0.56	0	0	0.34
273700	0.34	0.56	0.56	0	0	0.34
273800	0.34	0.56	0.56	0	0	0.34
273900	0.34	0.57	0.57	0	0	0.34
274000	0.34	0.56	0.56	0	0	0.34
274100	0.34	0.56	0.56	0	0	0.34
274200	0.34	0.56	0.56	0	0	0.34
274300	0.34	0.56	0.56	0	0	0.34
274400	0.34	0.56	0.56	0	0	0.34
274500	0.34	0.56	0.56	0	0	0.34
274600	0.34	0.56	0.56	0	0	0.34
274700	0.34	0.56	0.56	0	0	0.34
274800	0.34	0.56	0.56	0	0	0.34
274900	0.34	0.56	0.56	0	0	0.34
275000	0.34	0.56	0.56	0	0	0.34
275100	0.34	0.56	0.56	0	0	0.34
275200	0.34	0.56	0.56	0	0	0.34
275300	0.34	0.57	0.57	0	0	0.34
275400	0.34	0.57	0.57	0	0	0.34
275500	0.34	0.57	0.57	0	0	0.34
275600	0.34	0.57	0.57	0	0	0.34
275700	0.34	0.57	0.57	0	0	0.34
275800	0.34	0.57	0.57	0	0	0.34
275900	0.34	0.57	0.57	0	0	0.34
276000	0.34	0.58	0.58	0	0	0.34
276100	0.34	0.58	0.58	0	0	0.34
276200	0.34	0.58	0.58	0	0	0.34
276300	0.34	0.58	0.58	0	0	0.34
276400	0.34	0.58	0.58	0	0	0.34
276500	0.34	0.59	0.59	0	0	0.34
276600	0.34	0.58	0.58	0	0	0.34
276700	0.34	0.58	0.58	0	0	0.34
276800	0.34	0.58	0.58	0	0	0.34
276900	0.34	0.58	0.58	0	0	0.34
277000	0.34	0.58	0.58	0	0	0.34
277100	0.34	0.58	0.58	0	0	0.34
277200	0.34	0.58	0.58	0	0	0.34
277300	0.34	0.57	0.57	0	0	0.34
277400	0.34	0.57	0.57	0	0	0.34
277500	0.34	0.57	0.57	0	0	0.34
277600	0.34	0.57	0.57	0	0	0.34
277700	0.35	0.57	0.57	0	0	0.35
277800	0.35	0.57	0.57	0	0	0.35
277900	0.35	0.57	0.57	0	0	0.35
278000	0.35	0.57	0.57	0	0	0.35
278100	0.35	0.57	0.57	0	0	0.35
278200	0.35	0.57	0.57	0	0	0.35
278300	0.35	0.57	0.57	0	0	0.35
278400	0.35	0.57	0.57	0	0	0.35
278500	0.35	0.57	0.57	0	0	0.35
278600	0.35	0.57	0.57	0	0	0.35
278700	0.35	0.57	0.57	0	0	0.35
278800	0.35	0.57	0.57	0	0	0.35
278900	0.35	0.57	0.57	0	0	0.35
279000	0.35	0.57	0.57	0	0	0.35
279100	0.35	0.56	0.56	0	0	0.35
279200	0.35	0.56	0.56	0	0	0.35
279300	0.35	0.56	0.56	0	0	0.35
279400	0.35	0.54	0.54	0	0	0.35
279500	0.35	0.54	0.54	0	0	0.35
279600	0.35	0.54	0.54	0	0	0.35
279700	0.35	0.54	0.54	0	0	0.35
279800	0.35	0.54	0.54	0	0	0.35
279900	0.35	0.54	0.54	0	0	0.35
280000	0.35	0.54	0.54	0	0	0.35
280100	0.35	0.54	0.54	0	0	0.35
280200	0.35	0.54	0.54	0	0	0.35
280300	0.35	0.54	0.54	0	0	0.35
280400	0.35	0.54	0.54	0	0	0.35
280500	0.35	0.54	0.54	0	0	0.35
280600	0.35	0.54	0.54	0	0	0.35
280700	0.35	0.54	0.54	0	0	0.35
280800	0.35	0.53	0.53	0	0	0.35
280900	0.35	0.53	0.53	0	0	0.35
281000	0.35	0.53	0.53	0	0	0.35
281100	0.36	0.53	0.53	0	0	0.36
281200	0.36	0.53	0.53	0	0	0.36
281300	0.37	0.53	0.53	0	0	0.37
281400	0.36	0.54	0.54	0	0	0.36
281500	0.36	0.54	0.54	0	0	0.36
281600	0.36	0.54	0.54	0	0	0.36
281700	0.35	0.54	0.54	0	0	0.35
281800	0.35	0.54	0.54	0	0	0.35
281900	0.35	0.54	0.54	0	0	0.35
282000	0.35	0.54	0.54	0	0	0.35
282100	0.35	0.54	0.54	0	0	0.35
282200	0.36	0.54	0.54	0	0	0.36
282300	0.36	0.54	0.54	0	0	0.36
282400	0.35	0.54	0.54	0	0	0.35
282500	0.35	0.54	0.54	0	0	0.35
282600	0.35	0.54	0.54	0	0	0.35
282700	0.35	0.54	0.54	0	0	0.35
282800	0.35	0.54	0.54	0	0	0.35
282900	0.35	0.54	0.54	0	0	0.35
283000	0.35	0.54	0.54	0	0	0.35
283100	0.35	0.54	0.54	0	0	0.35
283200	0.35	0.54	0.54	0	0	0.35
283300	0.35	0.54	0.54	0	0	0.35
283400	0.35	0.54	0.54	0	0	0.35
283500	0.35	0.54	0.54	0	0	0.35
283600	0.35	0.54	0.54	0	0	0.35
283700	0.35	0.54	0.54	0	0	0.35
283800	0.35	0.54	0.54	0	0	0.35
283900	0.35	0.54	0.54	0	0	0.35
284000	0.35	0.54	0.54	0	0	0.35
284100	0.35	0.54	0.54	0	0	0.35
284200	0.35	0.54	0.54	0	0	0.35
284300	0.35	0.54	0.54	0	0	0.35
284400	0.35	0.54	0.54	0	0	0.35
284500	0.35	0.54	0.54	0	0	0.35
284600	0.35	0.54	0.54	0	0	0.35
284700	0.35	0.54	0.54	0	0	0.35
284800	0.35	0.54	0.54	0	0	0.35
284900	0.35	0.54	0.54	0	0	0.35
285000	0.35	0.54	0.54	0	0	0.35
285100	0.35	0.54	0.54	0	0	0.35
285200	0.35	0.54	0.54	0	0	0.35
285300	0.35	0.54	0.54	0	0	0.35
285400	0.36	0.54	0.54	0	0	0.36
285500	0.36	0.54	0.54	0	0	0.36
285600	0.36	0.54	0.54	0	0	0.36
285700	0.36	0.54	0.54	0	0	0.36
285800	0.37	0.54	0.54	0	0	0.37
285900	0.36	0.54	0.54	0	0	0.36
286000	0.35	0.54	0.54	0	0	0.35
286100	0.35	0.54	0.54	0	0	0.35
286200	0.35	0.54	0.54	0	0	0.35
286300	0.35	0.54	0.54	0	0	0.35
286400	0.35	0.55	0.55	0	0	0.35
286500	0.35	0.54	0.54	0	0	0.35
286600	0.35	0.54	0.54	0	0	0.35
286700	0.35	0.54	0.54	0	0	0.35
286800	0.35	0.53	0.53	0	0	0.35
286900	0.35	0.54	0.54	0	0	0.35
287000	0.35	0.54	0.54	0	0	0.35
287100	0.35	0.53	0.53	0	0	0.35
287200	0.35	0.53	0.53	0	0	0.35
287300	0.35	0.53	0.53	0	0	0.35
287400	0.36	0.53	0.53	0	0	0.36
287500	0.35	0.53	0.53	0	0	0.35
287600	0.35	0.53	0.53	0	0	0.35
287700	0.35	0.54	0.54	0	0	0.35
287800	0.34	0.54	0.54	0	0	0.34
287900	0.35	0.53	0.53	0	0	0.35
288000	0.35	0.53	0.53	0	0	0.35
288100	0.35	0.53	0.53	0	0	0.35
288200	0.35	0.53	0.53	0	0	0.35
288300	0.35	0.53	0.53	0	0	0.35
288400	0.36	0.53	0.53	0	0	0.36
288500	0.35	0.53	0.53	0	0	0.35
288600	0.35	0.53	0.53	0	0	0.35
288700	0.35	0.53	0.53	0	0	0.35
288800	0.35	0.53	0.53	0	0	0.35
288900	0.35	0.53	0.53	0	0	0.35
289000	0.35	0.53	0.53	0	0	0.35
289100	0.35	0.53	0.53	0	0	0.35
289200	0.35	0.53	0.53	0	0	0.35
289300	0.35	0.53	0.53	0	0	0.35
289400	0.35	0.53	0.53	0	0	0.35
289500	0.35	0.53	0.53	0	0	0.35
289600	0.35	0.53	0.53	0	0	0.35
289700	0.35	0.53	0.53	0	0	0.35
289800	0.35	0.53	0.53	0	0	0.35
289900	0.35	0.54	0.54	0	0	0.35
290000	0.35	0.53	0.53	0	0	0.35
290100	0.35	0.54	0.54	0	0	0.35
290200	0.35	0.54	0.54	0	0	0.35
290300	0.35	0.54	0.54	0	0	0.35
290400	0.35	0.54	0.54	0	0	0.35
290500	0.35	0.54	0.54	0	0	0.35
290600	0.35	0.54	0.54	0	0	0.35
290700	0.35	0.54	0.54	0	0	0.35
290800	0.35	0.54	0.54	0	0	0.35
290900	0.35	0.54	0.54	0	0	0.35
291000	0.35	0.54	0.54	0	0	0.35
291100	0.35	0.54	0.54	0	0	0.35
291200	0.35	0.54	0.54	0	0	0.35
291300	0.35	0.54	0.54	0	0	0.35
291400	0.35	0.54	0.54	0	0	0.35
291500	0.35	0.54	0.54	0	0	0.35
291600	0.35	0.54	0.54	0	0	0.35
291700	0.35	0.54	0.54	0	0	0.35
291800	0.35	0.54	0.54	0	0	0.35
291900	0.35	0.54	0.54	0	0	0.35
292000	0.35	0.55	0.55	0	0	0.35
292100	0.35	0.55	0.55	0	0	0.35
292200	0.35	0.55	0.55	0	0	0.35
292300	0.35	0.55	0.55	0	0	0.35
292400	0.35	0.55	0.55	0	0	0.35
292500	0.35	0.55	0.55	0	0	0.35
292600	0.35	0.55	0.55	0	0	0.35
292700	0.35	0.55	0.55	0	0	0.35
292800	0.35	0.55	0.55	0	0	0.35
292900	0.35	0.55	0.55	0	0	0.35
293000	0.35	0.55	0.55	0	0	0.35
293100	0.35	0.55	0.55	0	0	0.35
293200	0.35	0.55	0.55	0	0	0.35
293300	0.35	0.55	0.55	0	0	0.35
293400	0.35	0.55	0.55	0	0	0.35
293500	0.35	0.56	0.56	0	0	0.35
293600	0.35	0.56	0.56	0	0	0.35
293700	0.35	0.56	0.56	0	0	0.35
293800	0.35	0.56	0.56	0	0	0.35
293900	0.35	0.56	0.56	0	0	0.35
294000	0.35	0.56	0.56	0	0	0.35
294100	0.35	0.56	0.56	0	0	0.35
294200	0.35	0.56	0.56	0	0	0.35
294300	0.35	0.56	0.56	0	0	0.35
294400	0.35	0.56	0.56	0	0	0.35
294500	0.35	0.56	0.56	0	0	0.35
294600	0.35	0.56	0.56	0	0	0.35
294700	0.35	0.56	0.56	0	0	0.35
294800	0.35	0.56	0.56	0	0	0.35
294900	0.35	0.56	0.56	0	0	0.35
295000	0.35	0.57	0.57	0	0	0.35
295100	0.35	0.56	0.56	0	0	0.35
295200	0.36	0.56	0.56	0	0	0.36
295300	0.36	0.56	0.56	0	0	0.36
295400	0.36	0.56	0.56	0	0	0.36
295500	0.36	0.54	0.54	0	0	0.36
295600	0.36	0.55	0.55	0	0	0.36
295700	0.36	0.55	0.55	0	0	0.36
295800	0.37	0.54	0.54	0	0	0.37
295900	0.37	0.52	0.52	0	0	0.37
296000	0.37	0.52	0.52	0	0	0.37
296100	0.38	0.52	0.52	0	0	0.38
296200	0.37	0.52	0.52	0	0	0.37
296300	0.38	0.52	0.52	0	0	0.38
296400	0.38	0.52	0.52	0	0	0.38
296500	0.38	0.52	0.52	0	0	0.38
296600	0.38	0.52	0.52	0	0	0.38
296700	0.38	0.52	0.52	0	0	0.38
296800	0.38	0.52	0.52	0	0	0.38
296900	0.37	0.52	0.52	0	0	0.37
297000	0.37	0.52	0.52	0	0	0.37
297100	0.37	0.52	0.52	0	0	0.37
297200	0.38	0.52	0.52	0	0	0.38
297300	0.38	0.52	0.52	0	0	0.38
297400	0.37	0.52	0.52	0	0	0.37
297500	0.37	0.52	0.52	0	0	0.37
297600	0.37	0.52	0.52	0	0	0.37
297700	0.37	0.52	0.52	0	0	0.37
297800	0.37	0.52	0.52	0	0	0.37
297900	0.37	0.53	0.53	0	0	0.37
298000	0.37	0.53	0.53	0	0	0.37
298100	0.37	0.53	0.53	0	0	0.37
298200	0.37	0.53	0.53	0	0	0.37
298300	0.37	0.53	0.53	0	0	0.37
298400	0.37	0.53	0.53	0	0	0.37
298500	0.37	0.53	0.53	0	0	0.37
298600	0.37	0.53	0.53	0	0	0.37
298700	0.37	0.53	0.53	0	0	0.37
298800	0.37	0.53	0.53	0	0	0.37
298900	0.37	0.53	0.53	0	0	0.37
299000	0.37	0.53	0.53	0	0	0.37
299100	0.37	0.53	0.53	0	0	0.37
299200	0.37	0.52	0.52	0	0	0.37
299300	0.37	0.52	0.52	0	0	0.37
299400	0.37	0.52	0.52	0	0	0.37
299500	0.38	0.52	0.52	0	0	0.38
299600	0.38	0.52	0.52	0	0	0.38
299700	0.38	0.52	0.52	0	0	0.38
299800	0.38	0.52	0.52	0	0	0.38
299900	0.38	0.52	0.52	0	0	0.38
300000	0.38	0.52	0.52	0	0	0.38
