100	0.1	0.06	0.06	0	0	0.1
200	0.1	0.07	0.07	0	0	0.1
300	0.1	0.07	0.07	0	0	0.1
400	0.1	0.08	0.08	0	0	0.1
500	0.1	0.09	0.09	0	0	0.1
600	0.11	0.1	0.1	0	0	0.11
700	0.11	0.14	0.14	0	0	0.11
800	0.14	0.14	0.14	0	0	0.14
900	0.14	0.13	0.13	0	0	0.14
1000	0.14	0.15	0.15	0	0	0.14
1100	0.14	0.17	0.17	0	0	0.14
1200	0.16	0.17	0.17	0	0	0.16
1300	0.16	0.16	0.16	0	0	0.16
1400	0.16	0.16	0.16	0	0	0.16
1500	0.16	0.15	0.15	0	0	0.16
1600	0.16	0.16	0.16	0	0	0.16
1700	0.19	0.16	0.16	0	0	0.19
1800	0.21	0.16	0.16	0	0	0.21
1900	0.19	0.16	0.16	0	0	0.19
2000	0.16	0.16	0.16	0	0	0.16
2100	0.16	0.16	0.16	0	0	0.16
2200	0.16	0.17	0.17	0	0	0.16
2300	0.17	0.16	0.16	0	0	0.17
2400	0.18	0.16	0.16	0	0	0.18
2500	0.18	0.15	0.15	0	0	0.18
2600	0.18	0.16	0.16	0	0	0.18
2700	0.19	0.16	0.16	0	0	0.19
2800	0.21	0.16	0.16	0	0	0.21
2900	0.21	0.17	0.17	0	0	0.21
3000	0.22	0.17	0.17	0	0	0.22
3100	0.22	0.17	0.17	0	0	0.22
3200	0.23	0.2	0.2	0	0	0.23
3300	0.21	0.21	0.21	0	0	0.21
3400	0.2	0.21	0.21	0	0	0.2
3500	0.21	0.2	0.2	0	0	0.21
3600	0.21	0.22	0.22	0	0	0.21
3700	0.22	0.22	0.22	0	0	0.22
3800	0.22	0.23	0.23	0	0	0.22
3900	0.22	0.23	0.23	0	0	0.22
4000	0.22	0.24	0.24	0	0	0.22
4100	0.21	0.24	0.24	0	0	0.21
4200	0.22	0.24	0.24	0	0	0.22
4300	0.21	0.26	0.26	0	0	0.21
4400	0.21	0.27	0.27	0	0	0.21
4500	0.21	0.28	0.28	0	0	0.21
4600	0.21	0.29	0.29	0	0	0.21
4700	0.21	0.31	0.31	0	0	0.21
4800	0.22	0.3	0.3	0	0	0.22
4900	0.23	0.3	0.3	0	0	0.23
5000	0.24	0.29	0.29	0	0	0.24
5100	0.23	0.3	0.3	0	0	0.23
5200	0.23	0.3	0.3	0	0	0.23
5300	0.22	0.3	0.3	0	0	0.22
5400	0.22	0.29	0.29	0	0	0.22
5500	0.22	0.31	0.31	0	0	0.22
5600	0.24	0.32	0.32	0	0	0.24
5700	0.25	0.31	0.31	0	0	0.25
5800	0.24	0.3	0.3	0	0	0.24
5900	0.24	0.29	0.29	0	0	0.24
6000	0.24	0.29	0.29	0	0	0.24
6100	0.25	0.29	0.29	0	0	0.25
6200	0.26	0.29	0.29	0	0	0.26
6300	0.26	0.3	0.3	0	0	0.26
6400	0.27	0.3	0.3	0	0	0.27
6500	0.27	0.32	0.32	0	0	0.27
6600	0.27	0.32	0.32	0	0	0.27
6700	0.27	0.33	0.33	0	0	0.27
6800	0.27	0.33	0.33	0	0	0.27
6900	0.27	0.32	0.32	0	0	0.27
7000	0.27	0.31	0.31	0	0	0.27
7100	0.27	0.3	0.3	0	0	0.27
7200	0.27	0.3	0.3	0	0	0.27
7300	0.27	0.3	0.3	0	0	0.27
7400	0.26	0.3	0.3	0	0	0.26
7500	0.26	0.29	0.29	0	0	0.26
7600	0.27	0.29	0.29	0	0	0.27
7700	0.28	0.29	0.29	0	0	0.28
7800	0.28	0.28	0.28	0	0	0.28
7900	0.28	0.29	0.29	0	0	0.28
8000	0.27	0.29	0.29	0	0	0.27
8100	0.27	0.29	0.29	0	0	0.27
8200	0.27	0.3	0.3	0	0	0.27
8300	0.27	0.3	0.3	0	0	0.27
8400	0.26	0.3	0.3	0	0	0.26
8500	0.26	0.32	0.32	0	0	0.26
8600	0.27	0.32	0.32	0	0	0.27
8700	0.27	0.32	0.32	0	0	0.27
8800	0.27	0.33	0.33	0	0	0.27
8900	0.27	0.33	0.33	0	0	0.27
9000	0.27	0.32	0.32	0	0	0.27
9100	0.28	0.32	0.32	0	0	0.28
9200	0.29	0.32	0.32	0	0	0.29
9300	0.3	0.31	0.31	0	0	0.3
9400	0.29	0.31	0.31	0	0	0.29
9500	0.31	0.31	0.31	0	0	0.31
9600	0.31	0.3	0.3	0	0	0.31
9700	0.32	0.32	0.32	0	0	0.32
9800	0.31	0.33	0.33	0	0	0.31
9900	0.3	0.33	0.33	0	0	0.3
10000	0.3	0.32	0.32	0	0	0.3
10100	0.29	0.32	0.32	0	0	0.29
10200	0.3	0.32	0.32	0	0	0.3
10300	0.3	0.32	0.32	0	0	0.3
10400	0.31	0.32	0.32	0	0	0.31
10500	0.29	0.32	0.32	0	0	0.29
10600	0.27	0.32	0.32	0	0	0.27
10700	0.25	0.32	0.32	0	0	0.25
10800	0.26	0.32	0.32	0	0	0.26
10900	0.26	0.32	0.32	0	0	0.26
11000	0.23	0.32	0.32	0	0	0.23
11100	0.23	0.32	0.32	0	0	0.23
11200	0.23	0.32	0.32	0	0	0.23
11300	0.23	0.32	0.32	0	0	0.23
11400	0.24	0.33	0.33	0	0	0.24
11500	0.24	0.33	0.33	0	0	0.24
11600	0.23	0.33	0.33	0	0	0.23
11700	0.23	0.33	0.33	0	0	0.23
11800	0.23	0.33	0.33	0	0	0.23
11900	0.23	0.34	0.34	0	0	0.23
12000	0.23	0.35	0.35	0	0	0.23
12100	0.23	0.37	0.37	0	0	0.23
12200	0.23	0.38	0.38	0	0	0.23
12300	0.23	0.36	0.36	0	0	0.23
12400	0.23	0.36	0.36	0	0	0.23
12500	0.23	0.36	0.36	0	0	0.23
12600	0.25	0.36	0.36	0	0	0.25
12700	0.25	0.37	0.37	0	0	0.25
12800	0.24	0.38	0.38	0	0	0.24
12900	0.24	0.38	0.38	0	0	0.24
13000	0.25	0.38	0.38	0	0	0.25
13100	0.26	0.38	0.38	0	0	0.26
13200	0.26	0.39	0.39	0	0	0.26
13300	0.24	0.39	0.39	0	0	0.24
13400	0.24	0.39	0.39	0	0	0.24
13500	0.24	0.39	0.39	0	0	0.24
13600	0.24	0.39	0.39	0	0	0.24
13700	0.24	0.39	0.39	0	0	0.24
13800	0.24	0.39	0.39	0	0	0.24
13900	0.25	0.39	0.39	0	0	0.25
14000	0.25	0.4	0.4	0	0	0.25
14100	0.26	0.4	0.4	0	0	0.26
14200	0.26	0.41	0.41	0	0	0.26
14300	0.26	0.41	0.41	0	0	0.26
14400	0.26	0.41	0.41	0	0	0.26
14500	0.26	0.42	0.42	0	0	0.26
14600	0.25	0.42	0.42	0	0	0.25
14700	0.26	0.42	0.42	0	0	0.26
14800	0.25	0.42	0.42	0	0	0.25
14900	0.25	0.42	0.42	0	0	0.25
15000	0.25	0.41	0.41	0	0	0.25
15100	0.25	0.41	0.41	0	0	0.25
15200	0.24	0.41	0.41	0	0	0.24
15300	0.24	0.41	0.41	0	0	0.24
15400	0.24	0.41	0.41	0	0	0.24
15500	0.24	0.41	0.41	0	0	0.24
15600	0.24	0.41	0.41	0	0	0.24
15700	0.24	0.41	0.41	0	0	0.24
15800	0.25	0.41	0.41	0	0	0.25
15900	0.26	0.41	0.41	0	0	0.26
16000	0.25	0.41	0.41	0	0	0.25
16100	0.25	0.41	0.41	0	0	0.25
16200	0.24	0.41	0.41	0	0	0.24
16300	0.24	0.41	0.41	0	0	0.24
16400	0.24	0.41	0.41	0	0	0.24
16500	0.24	0.41	0.41	0	0	0.24
16600	0.23	0.41	0.41	0	0	0.23
16700	0.22	0.41	0.41	0	0	0.22
16800	0.22	0.41	0.41	0	0	0.22
16900	0.22	0.41	0.41	0	0	0.22
17000	0.21	0.41	0.41	0	0	0.21
17100	0.21	0.41	0.41	0	0	0.21
17200	0.21	0.41	0.41	0	0	0.21
17300	0.21	0.41	0.41	0	0	0.21
17400	0.21	0.41	0.41	0	0	0.21
17500	0.21	0.41	0.41	0	0	0.21
17600	0.21	0.4	0.4	0	0	0.21
17700	0.21	0.4	0.4	0	0	0.21
17800	0.22	0.39	0.39	0	0	0.22
17900	0.21	0.41	0.41	0	0	0.21
18000	0.22	0.41	0.41	0	0	0.22
18100	0.21	0.4	0.4	0	0	0.21
18200	0.22	0.4	0.4	0	0	0.22
18300	0.22	0.4	0.4	0	0	0.22
18400	0.22	0.4	0.4	0	0	0.22
18500	0.23	0.41	0.41	0	0	0.23
18600	0.23	0.41	0.41	0	0	0.23
18700	0.23	0.41	0.41	0	0	0.23
18800	0.23	0.41	0.41	0	0	0.23
18900	0.23	0.41	0.41	0	0	0.23
19000	0.23	0.42	0.42	0	0	0.23
19100	0.23	0.4	0.4	0	0	0.23
19200	0.24	0.41	0.41	0	0	0.24
19300	0.23	0.41	0.41	0	0	0.23
19400	0.25	0.41	0.41	0	0	0.25
19500	0.25	0.41	0.41	0	0	0.25
19600	0.25	0.41	0.41	0	0	0.25
19700	0.25	0.41	0.41	0	0	0.25
19800	0.25	0.41	0.41	0	0	0.25
19900	0.25	0.41	0.41	0	0	0.25
20000	0.25	0.41	0.41	0	0	0.25
20100	0.25	0.4	0.4	0	0	0.25
20200	0.25	0.4	0.4	0	0	0.25
20300	0.25	0.42	0.42	0	0	0.25
20400	0.24	0.42	0.42	0	0	0.24
20500	0.24	0.42	0.42	0	0	0.24
20600	0.25	0.42	0.42	0	0	0.25
20700	0.23	0.42	0.42	0	0	0.23
20800	0.23	0.42	0.42	0	0	0.23
20900	0.23	0.42	0.42	0	0	0.23
21000	0.24	0.41	0.41	0	0	0.24
21100	0.23	0.43	0.43	0	0	0.23
21200	0.24	0.43	0.43	0	0	0.24
21300	0.24	0.43	0.43	0	0	0.24
21400	0.24	0.43	0.43	0	0	0.24
21500	0.24	0.44	0.44	0	0	0.24
21600	0.25	0.43	0.43	0	0	0.25
21700	0.25	0.43	0.43	0	0	0.25
21800	0.26	0.43	0.43	0	0	0.26
21900	0.25	0.44	0.44	0	0	0.25
22000	0.25	0.44	0.44	0	0	0.25
22100	0.25	0.44	0.44	0	0	0.25
22200	0.24	0.43	0.43	0	0	0.24
22300	0.25	0.43	0.43	0	0	0.25
22400	0.26	0.43	0.43	0	0	0.26
22500	0.25	0.43	0.43	0	0	0.25
22600	0.26	0.43	0.43	0	0	0.26
22700	0.26	0.44	0.44	0	0	0.26
22800	0.26	0.44	0.44	0	0	0.26
22900	0.27	0.44	0.44	0	0	0.27
23000	0.27	0.44	0.44	0	0	0.27
23100	0.27	0.44	0.44	0	0	0.27
23200	0.27	0.44	0.44	0	0	0.27
23300	0.27	0.44	0.44	0	0	0.27
23400	0.27	0.44	0.44	0	0	0.27
23500	0.27	0.44	0.44	0	0	0.27
23600	0.27	0.44	0.44	0	0	0.27
23700	0.27	0.45	0.45	0	0	0.27
23800	0.27	0.45	0.45	0	0	0.27
23900	0.29	0.45	0.45	0	0	0.29
24000	0.29	0.45	0.45	0	0	0.29
24100	0.28	0.45	0.45	0	0	0.28
24200	0.29	0.46	0.46	0	0	0.29
24300	0.28	0.46	0.46	0	0	0.28
24400	0.28	0.46	0.46	0	0	0.28
24500	0.28	0.46	0.46	0	0	0.28
24600	0.29	0.46	0.46	0	0	0.29
24700	0.29	0.46	0.46	0	0	0.29
24800	0.29	0.46	0.46	0	0	0.29
24900	0.28	0.46	0.46	0	0	0.28
25000	0.28	0.46	0.46	0	0	0.28
25100	0.27	0.49	0.49	0	0	0.27
25200	0.27	0.48	0.48	0	0	0.27
25300	0.28	0.48	0.48	0	0	0.28
25400	0.27	0.48	0.48	0	0	0.27
25500	0.27	0.48	0.48	0	0	0.27
25600	0.27	0.48	0.48	0	0	0.27
25700	0.27	0.47	0.47	0	0	0.27
25800	0.27	0.48	0.48	0	0	0.27
25900	0.26	0.48	0.48	0	0	0.26
26000	0.26	0.48	0.48	0	0	0.26
26100	0.26	0.48	0.48	0	0	0.26
26200	0.26	0.48	0.48	0	0	0.26
26300	0.26	0.49	0.49	0	0	0.26
26400	0.26	0.47	0.47	0	0	0.26
26500	0.26	0.47	0.47	0	0	0.26
26600	0.26	0.47	0.47	0	0	0.26
26700	0.27	0.47	0.47	0	0	0.27
26800	0.28	0.49	0.49	0	0	0.28
26900	0.28	0.49	0.49	0	0	0.28
27000	0.29	0.48	0.48	0	0	0.29
27100	0.29	0.48	0.48	0	0	0.29
27200	0.29	0.48	0.48	0	0	0.29
27300	0.29	0.49	0.49	0	0	0.29
27400	0.29	0.5	0.5	0	0	0.29
27500	0.29	0.5	0.5	0	0	0.29
27600	0.3	0.5	0.5	0	0	0.3
27700	0.3	0.5	0.5	0	0	0.3
27800	0.3	0.5	0.5	0	0	0.3
27900	0.3	0.49	0.49	0	0	0.3
28000	0.3	0.49	0.49	0	0	0.3
28100	0.31	0.5	0.5	0	0	0.31
28200	0.31	0.5	0.5	0	0	0.31
28300	0.3	0.51	0.51	0	0	0.3
28400	0.3	0.5	0.5	0	0	0.3
28500	0.3	0.5	0.5	0	0	0.3
28600	0.29	0.5	0.5	0	0	0.29
28700	0.29	0.5	0.5	0	0	0.29
28800	0.3	0.5	0.5	0	0	0.3
28900	0.3	0.5	0.5	0	0	0.3
29000	0.32	0.49	0.49	0	0	0.32
29100	0.31	0.49	0.49	0	0	0.31
29200	0.31	0.49	0.49	0	0	0.31
29300	0.31	0.49	0.49	0	0	0.31
29400	0.29	0.49	0.49	0	0	0.29
29500	0.28	0.49	0.49	0	0	0.28
29600	0.28	0.48	0.48	0	0	0.28
29700	0.28	0.48	0.48	0	0	0.28
29800	0.28	0.48	0.48	0	0	0.28
29900	0.28	0.48	0.48	0	0	0.28
30000	0.28	0.49	0.49	0	0	0.28
30100	0.28	0.48	0.48	0	0	0.28
30200	0.3	0.48	0.48	0	0	0.3
30300	0.31	0.48	0.48	0	0	0.31
30400	0.31	0.48	0.48	0	0	0.31
30500	0.31	0.48	0.48	0	0	0.31
30600	0.31	0.48	0.48	0	0	0.31
30700	0.33	0.48	0.48	0	0	0.33
30800	0.34	0.48	0.48	0	0	0.34
30900	0.34	0.47	0.47	0	0	0.34
31000	0.34	0.47	0.47	0	0	0.34
31100	0.34	0.48	0.48	0	0	0.34
31200	0.34	0.48	0.48	0	0	0.34
31300	0.34	0.48	0.48	0	0	0.34
31400	0.34	0.48	0.48	0	0	0.34
31500	0.34	0.48	0.48	0	0	0.34
31600	0.34	0.48	0.48	0	0	0.34
31700	0.34	0.48	0.48	0	0	0.34
31800	0.34	0.48	0.48	0	0	0.34
31900	0.33	0.48	0.48	0	0	0.33
32000	0.33	0.48	0.48	0	0	0.33
32100	0.33	0.48	0.48	0	0	0.33
32200	0.33	0.48	0.48	0	0	0.33
32300	0.34	0.47	0.47	0	0	0.34
32400	0.34	0.47	0.47	0	0	0.34
32500	0.34	0.47	0.47	0	0	0.34
32600	0.34	0.47	0.47	0	0	0.34
32700	0.34	0.47	0.47	0	0	0.34
32800	0.34	0.47	0.47	0	0	0.34
32900	0.34	0.47	0.47	0	0	0.34
33000	0.34	0.47	0.47	0	0	0.34
33100	0.34	0.47	0.47	0	0	0.34
33200	0.35	0.47	0.47	0	0	0.35
33300	0.35	0.47	0.47	0	0	0.35
33400	0.35	0.48	0.48	0	0	0.35
33500	0.36	0.48	0.48	0	0	0.36
33600	0.35	0.47	0.47	0	0	0.35
33700	0.35	0.47	0.47	0	0	0.35
33800	0.35	0.46	0.46	0	0	0.35
33900	0.35	0.46	0.46	0	0	0.35
34000	0.35	0.46	0.46	0	0	0.35
34100	0.35	0.46	0.46	0	0	0.35
34200	0.36	0.46	0.46	0	0	0.36
34300	0.36	0.46	0.46	0	0	0.36
34400	0.36	0.46	0.46	0	0	0.36
34500	0.36	0.46	0.46	0	0	0.36
34600	0.36	0.46	0.46	0	0	0.36
34700	0.36	0.46	0.46	0	0	0.36
34800	0.36	0.45	0.45	0	0	0.36
34900	0.36	0.45	0.45	0	0	0.36
35000	0.36	0.45	0.45	0	0	0.36
35100	0.36	0.45	0.45	0	0	0.36
35200	0.36	0.44	0.44	0	0	0.36
35300	0.36	0.43	0.43	0	0	0.36
35400	0.36	0.43	0.43	0	0	0.36
35500	0.36	0.43	0.43	0	0	0.36
35600	0.37	0.43	0.43	0	0	0.37
35700	0.37	0.43	0.43	0	0	0.37
35800	0.37	0.43	0.43	0	0	0.37
35900	0.37	0.43	0.43	0	0	0.37
36000	0.36	0.44	0.44	0	0	0.36
36100	0.37	0.44	0.44	0	0	0.37
36200	0.36	0.44	0.44	0	0	0.36
36300	0.36	0.44	0.44	0	0	0.36
36400	0.36	0.44	0.44	0	0	0.36
36500	0.36	0.44	0.44	0	0	0.36
36600	0.36	0.44	0.44	0	0	0.36
36700	0.37	0.44	0.44	0	0	0.37
36800	0.36	0.44	0.44	0	0	0.36
36900	0.36	0.43	0.43	0	0	0.36
37000	0.36	0.44	0.44	0	0	0.36
37100	0.36	0.44	0.44	0	0	0.36
37200	0.36	0.45	0.45	0	0	0.36
37300	0.36	0.46	0.46	0	0	0.36
37400	0.36	0.46	0.46	0	0	0.36
37500	0.36	0.46	0.46	0	0	0.36
37600	0.36	0.46	0.46	0	0	0.36
37700	0.36	0.46	0.46	0	0	0.36
37800	0.36	0.46	0.46	0	0	0.36
37900	0.36	0.46	0.46	0	0	0.36
38000	0.36	0.46	0.46	0	0	0.36
38100	0.36	0.46	0.46	0	0	0.36
38200	0.36	0.45	0.45	0	0	0.36
38300	0.36	0.46	0.46	0	0	0.36
38400	0.36	0.46	0.46	0	0	0.36
38500	0.36	0.46	0.46	0	0	0.36
38600	0.37	0.47	0.47	0	0	0.37
38700	0.37	0.47	0.47	0	0	0.37
38800	0.37	0.47	0.47	0	0	0.37
38900	0.37	0.47	0.47	0	0	0.37
39000	0.37	0.46	0.46	0	0	0.37
39100	0.37	0.46	0.46	0	0	0.37
39200	0.37	0.45	0.45	0	0	0.37
39300	0.37	0.45	0.45	0	0	0.37
39400	0.37	0.45	0.45	0	0	0.37
39500	0.37	0.45	0.45	0	0	0.37
39600	0.38	0.45	0.45	0	0	0.38
39700	0.37	0.45	0.45	0	0	0.37
39800	0.37	0.45	0.45	0	0	0.37
39900	0.37	0.45	0.45	0	0	0.37
40000	0.38	0.45	0.45	0	0	0.38
40100	0.38	0.45	0.45	0	0	0.38
40200	0.38	0.45	0.45	0	0	0.38
40300	0.38	0.45	0.45	0	0	0.38
40400	0.38	0.45	0.45	0	0	0.38
40500	0.38	0.45	0.45	0	0	0.38
40600	0.38	0.45	0.45	0	0	0.38
40700	0.38	0.45	0.45	0	0	0.38
40800	0.38	0.45	0.45	0	0	0.38
40900	0.38	0.45	0.45	0	0	0.38
41000	0.38	0.45	0.45	0	0	0.38
41100	0.38	0.45	0.45	0	0	0.38
41200	0.39	0.45	0.45	0	0	0.39
41300	0.39	0.45	0.45	0	0	0.39
41400	0.39	0.45	0.45	0	0	0.39
41500	0.39	0.45	0.45	0	0	0.39
41600	0.39	0.45	0.45	0	0	0.39
41700	0.4	0.45	0.45	0	0	0.4
41800	0.4	0.45	0.45	0	0	0.4
41900	0.4	0.45	0.45	0	0	0.4
42000	0.4	0.45	0.45	0	0	0.4
42100	0.4	0.45	0.45	0	0	0.4
42200	0.39	0.46	0.46	0	0	0.39
42300	0.39	0.46	0.46	0	0	0.39
42400	0.39	0.46	0.46	0	0	0.39
42500	0.39	0.46	0.46	0	0	0.39
42600	0.39	0.46	0.46	0	0	0.39
42700	0.39	0.46	0.46	0	0	0.39
42800	0.39	0.46	0.46	0	0	0.39
42900	0.38	0.46	0.46	0	0	0.38
43000	0.38	0.46	0.46	0	0	0.38
43100	0.38	0.46	0.46	0	0	0.38
43200	0.38	0.46	0.46	0	0	0.38
43300	0.38	0.46	0.46	0	0	0.38
43400	0.38	0.46	0.46	0	0	0.38
43500	0.38	0.46	0.46	0	0	0.38
43600	0.39	0.46	0.46	0	0	0.39
43700	0.39	0.47	0.47	0	0	0.39
43800	0.39	0.46	0.46	0	0	0.39
43900	0.39	0.47	0.47	0	0	0.39
44000	0.39	0.46	0.46	0	0	0.39
44100	0.39	0.46	0.46	0	0	0.39
44200	0.39	0.46	0.46	0	0	0.39
44300	0.39	0.46	0.46	0	0	0.39
44400	0.39	0.46	0.46	0	0	0.39
44500	0.39	0.45	0.45	0	0	0.39
44600	0.39	0.45	0.45	0	0	0.39
44700	0.39	0.45	0.45	0	0	0.39
44800	0.39	0.45	0.45	0	0	0.39
44900	0.39	0.45	0.45	0	0	0.39
45000	0.38	0.45	0.45	0	0	0.38
45100	0.38	0.45	0.45	0	0	0.38
45200	0.38	0.45	0.45	0	0	0.38
45300	0.38	0.45	0.45	0	0	0.38
45400	0.38	0.45	0.45	0	0	0.38
45500	0.38	0.45	0.45	0	0	0.38
45600	0.38	0.45	0.45	0	0	0.38
45700	0.38	0.45	0.45	0	0	0.38
45800	0.38	0.45	0.45	0	0	0.38
45900	0.38	0.45	0.45	0	0	0.38
46000	0.38	0.46	0.46	0	0	0.38
46100	0.38	0.46	0.46	0	0	0.38
46200	0.38	0.46	0.46	0	0	0.38
46300	0.38	0.46	0.46	0	0	0.38
46400	0.38	0.45	0.45	0	0	0.38
46500	0.39	0.44	0.44	0	0	0.39
46600	0.4	0.44	0.44	0	0	0.4
46700	0.4	0.44	0.44	0	0	0.4
46800	0.39	0.44	0.44	0	0	0.39
46900	0.39	0.44	0.44	0	0	0.39
47000	0.39	0.44	0.44	0	0	0.39
47100	0.38	0.44	0.44	0	0	0.38
47200	0.38	0.44	0.44	0	0	0.38
47300	0.38	0.44	0.44	0	0	0.38
47400	0.38	0.44	0.44	0	0	0.38
47500	0.38	0.44	0.44	0	0	0.38
47600	0.37	0.44	0.44	0	0	0.37
47700	0.37	0.44	0.44	0	0	0.37
47800	0.37	0.44	0.44	0	0	0.37
47900	0.37	0.45	0.45	0	0	0.37
48000	0.37	0.45	0.45	0	0	0.37
48100	0.37	0.45	0.45	0	0	0.37
48200	0.38	0.45	0.45	0	0	0.38
48300	0.39	0.45	0.45	0	0	0.39
48400	0.38	0.45	0.45	0	0	0.38
48500	0.38	0.46	0.46	0	0	0.38
48600	0.38	0.46	0.46	0	0	0.38
48700	0.38	0.45	0.45	0	0	0.38
48800	0.38	0.45	0.45	0	0	0.38
48900	0.38	0.45	0.45	0	0	0.38
49000	0.38	0.45	0.45	0	0	0.38
49100	0.38	0.45	0.45	0	0	0.38
49200	0.38	0.45	0.45	0	0	0.38
49300	0.38	0.45	0.45	0	0	0.38
49400	0.38	0.45	0.45	0	0	0.38
49500	0.38	0.45	0.45	0	0	0.38
49600	0.38	0.44	0.44	0	0	0.38
49700	0.37	0.44	0.44	0	0	0.37
49800	0.38	0.44	0.44	0	0	0.38
49900	0.37	0.44	0.44	0	0	0.37
50000	0.37	0.44	0.44	0	0	0.37
50100	0.37	0.44	0.44	0	0	0.37
50200	0.36	0.44	0.44	0	0	0.36
50300	0.36	0.44	0.44	0	0	0.36
50400	0.35	0.44	0.44	0	0	0.35
50500	0.35	0.44	0.44	0	0	0.35
50600	0.35	0.44	0.44	0	0	0.35
50700	0.35	0.44	0.44	0	0	0.35
50800	0.35	0.44	0.44	0	0	0.35
50900	0.35	0.44	0.44	0	0	0.35
51000	0.35	0.44	0.44	0	0	0.35
51100	0.35	0.44	0.44	0	0	0.35
51200	0.35	0.44	0.44	0	0	0.35
51300	0.35	0.45	0.45	0	0	0.35
51400	0.35	0.44	0.44	0	0	0.35
51500	0.34	0.44	0.44	0	0	0.34
51600	0.34	0.44	0.44	0	0	0.34
51700	0.34	0.44	0.44	0	0	0.34
51800	0.34	0.44	0.44	0	0	0.34
51900	0.36	0.44	0.44	0	0	0.36
52000	0.36	0.44	0.44	0	0	0.36
52100	0.35	0.44	0.44	0	0	0.35
52200	0.36	0.44	0.44	0	0	0.36
52300	0.35	0.44	0.44	0	0	0.35
52400	0.35	0.44	0.44	0	0	0.35
52500	0.35	0.44	0.44	0	0	0.35
52600	0.35	0.44	0.44	0	0	0.35
52700	0.35	0.44	0.44	0	0	0.35
52800	0.35	0.45	0.45	0	0	0.35
52900	0.36	0.47	0.47	0	0	0.36
53000	0.36	0.47	0.47	0	0	0.36
53100	0.36	0.47	0.47	0	0	0.36
53200	0.37	0.47	0.47	0	0	0.37
53300	0.37	0.47	0.47	0	0	0.37
53400	0.37	0.46	0.46	0	0	0.37
53500	0.37	0.47	0.47	0	0	0.37
53600	0.37	0.47	0.47	0	0	0.37
53700	0.37	0.47	0.47	0	0	0.37
53800	0.37	0.48	0.48	0	0	0.37
53900	0.37	0.47	0.47	0	0	0.37
54000	0.38	0.47	0.47	0	0	0.38
54100	0.37	0.47	0.47	0	0	0.37
54200	0.37	0.48	0.48	0	0	0.37
54300	0.37	0.48	0.48	0	0	0.37
54400	0.37	0.47	0.47	0	0	0.37
54500	0.38	0.47	0.47	0	0	0.38
54600	0.38	0.48	0.48	0	0	0.38
54700	0.39	0.48	0.48	0	0	0.39
54800	0.38	0.48	0.48	0	0	0.38
54900	0.38	0.48	0.48	0	0	0.38
55000	0.36	0.48	0.48	0	0	0.36
55100	0.36	0.48	0.48	0	0	0.36
55200	0.36	0.48	0.48	0	0	0.36
55300	0.36	0.48	0.48	0	0	0.36
55400	0.37	0.48	0.48	0	0	0.37
55500	0.36	0.48	0.48	0	0	0.36
55600	0.37	0.48	0.48	0	0	0.37
55700	0.37	0.48	0.48	0	0	0.37
55800	0.37	0.49	0.49	0	0	0.37
55900	0.37	0.49	0.49	0	0	0.37
56000	0.37	0.49	0.49	0	0	0.37
56100	0.37	0.49	0.49	0	0	0.37
56200	0.37	0.49	0.49	0	0	0.37
56300	0.37	0.49	0.49	0	0	0.37
56400	0.37	0.49	0.49	0	0	0.37
56500	0.37	0.49	0.49	0	0	0.37
56600	0.38	0.49	0.49	0	0	0.38
56700	0.38	0.49	0.49	0	0	0.38
56800	0.38	0.49	0.49	0	0	0.38
56900	0.38	0.49	0.49	0	0	0.38
57000	0.38	0.49	0.49	0	0	0.38
57100	0.38	0.49	0.49	0	0	0.38
57200	0.39	0.49	0.49	0	0	0.39
57300	0.39	0.49	0.49	0	0	0.39
57400	0.39	0.49	0.49	0	0	0.39
57500	0.39	0.49	0.49	0	0	0.39
57600	0.39	0.49	0.49	0	0	0.39
57700	0.4	0.49	0.49	0	0	0.4
57800	0.4	0.49	0.49	0	0	0.4
57900	0.4	0.49	0.49	0	0	0.4
58000	0.41	0.49	0.49	0	0	0.41
58100	0.4	0.5	0.5	0	0	0.4
58200	0.4	0.5	0.5	0	0	0.4
58300	0.4	0.51	0.51	0	0	0.4
58400	0.4	0.51	0.51	0	0	0.4
58500	0.4	0.51	0.51	0	0	0.4
58600	0.4	0.51	0.51	0	0	0.4
58700	0.4	0.52	0.52	0	0	0.4
58800	0.4	0.51	0.51	0	0	0.4
58900	0.41	0.51	0.51	0	0	0.41
59000	0.42	0.51	0.51	0	0	0.42
59100	0.42	0.51	0.51	0	0	0.42
59200	0.42	0.51	0.51	0	0	0.42
59300	0.42	0.51	0.51	0	0	0.42
59400	0.42	0.51	0.51	0	0	0.42
59500	0.41	0.51	0.51	0	0	0.41
59600	0.4	0.51	0.51	0	0	0.4
59700	0.4	0.51	0.51	0	0	0.4
59800	0.4	0.51	0.51	0	0	0.4
59900	0.38	0.51	0.51	0	0	0.38
60000	0.38	0.51	0.51	0	0	0.38
60100	0.38	0.51	0.51	0	0	0.38
60200	0.37	0.51	0.51	0	0	0.37
60300	0.37	0.51	0.51	0	0	0.37
60400	0.37	0.51	0.51	0	0	0.37
60500	0.37	0.51	0.51	0	0	0.37
60600	0.37	0.51	0.51	0	0	0.37
60700	0.37	0.51	0.51	0	0	0.37
60800	0.38	0.51	0.51	0	0	0.38
60900	0.38	0.51	0.51	0	0	0.38
61000	0.38	0.51	0.51	0	0	0.38
61100	0.38	0.52	0.52	0	0	0.38
61200	0.38	0.52	0.52	0	0	0.38
61300	0.38	0.52	0.52	0	0	0.38
61400	0.38	0.51	0.51	0	0	0.38
61500	0.37	0.51	0.51	0	0	0.37
61600	0.37	0.51	0.51	0	0	0.37
61700	0.37	0.51	0.51	0	0	0.37
61800	0.37	0.51	0.51	0	0	0.37
61900	0.37	0.51	0.51	0	0	0.37
62000	0.37	0.51	0.51	0	0	0.37
62100	0.37	0.51	0.51	0	0	0.37
62200	0.37	0.51	0.51	0	0	0.37
62300	0.37	0.51	0.51	0	0	0.37
62400	0.37	0.51	0.51	0	0	0.37
62500	0.37	0.51	0.51	0	0	0.37
62600	0.37	0.51	0.51	0	0	0.37
62700	0.37	0.5	0.5	0	0	0.37
62800	0.37	0.49	0.49	0	0	0.37
62900	0.37	0.5	0.5	0	0	0.37
63000	0.37	0.5	0.5	0	0	0.37
63100	0.37	0.51	0.51	0	0	0.37
63200	0.37	0.51	0.51	0	0	0.37
63300	0.37	0.51	0.51	0	0	0.37
63400	0.37	0.51	0.51	0	0	0.37
63500	0.37	0.51	0.51	0	0	0.37
63600	0.37	0.51	0.51	0	0	0.37
63700	0.37	0.51	0.51	0	0	0.37
63800	0.38	0.51	0.51	0	0	0.38
63900	0.38	0.51	0.51	0	0	0.38
64000	0.38	0.51	0.51	0	0	0.38
64100	0.37	0.51	0.51	0	0	0.37
64200	0.37	0.51	0.51	0	0	0.37
64300	0.38	0.51	0.51	0	0	0.38
64400	0.38	0.51	0.51	0	0	0.38
64500	0.38	0.52	0.52	0	0	0.38
64600	0.38	0.52	0.52	0	0	0.38
64700	0.38	0.52	0.52	0	0	0.38
64800	0.38	0.53	0.53	0	0	0.38
64900	0.38	0.53	0.53	0	0	0.38
65000	0.38	0.53	0.53	0	0	0.38
65100	0.37	0.53	0.53	0	0	0.37
65200	0.37	0.53	0.53	0	0	0.37
65300	0.37	0.53	0.53	0	0	0.37
65400	0.37	0.52	0.52	0	0	0.37
65500	0.37	0.52	0.52	0	0	0.37
65600	0.37	0.52	0.52	0	0	0.37
65700	0.37	0.52	0.52	0	0	0.37
65800	0.37	0.52	0.52	0	0	0.37
65900	0.37	0.52	0.52	0	0	0.37
66000	0.37	0.52	0.52	0	0	0.37
66100	0.37	0.52	0.52	0	0	0.37
66200	0.37	0.52	0.52	0	0	0.37
66300	0.37	0.52	0.52	0	0	0.37
66400	0.37	0.52	0.52	0	0	0.37
66500	0.37	0.52	0.52	0	0	0.37
66600	0.37	0.52	0.52	0	0	0.37
66700	0.37	0.52	0.52	0	0	0.37
66800	0.37	0.52	0.52	0	0	0.37
66900	0.37	0.52	0.52	0	0	0.37
67000	0.37	0.52	0.52	0	0	0.37
67100	0.37	0.54	0.54	0	0	0.37
67200	0.37	0.53	0.53	0	0	0.37
67300	0.37	0.53	0.53	0	0	0.37
67400	0.37	0.53	0.53	0	0	0.37
67500	0.38	0.53	0.53	0	0	0.38
67600	0.38	0.53	0.53	0	0	0.38
67700	0.38	0.53	0.53	0	0	0.38
67800	0.38	0.53	0.53	0	0	0.38
67900	0.38	0.53	0.53	0	0	0.38
68000	0.38	0.53	0.53	0	0	0.38
68100	0.38	0.53	0.53	0	0	0.38
68200	0.38	0.53	0.53	0	0	0.38
68300	0.38	0.54	0.54	0	0	0.38
68400	0.38	0.53	0.53	0	0	0.38
68500	0.38	0.53	0.53	0	0	0.38
68600	0.38	0.53	0.53	0	0	0.38
68700	0.38	0.53	0.53	0	0	0.38
68800	0.38	0.53	0.53	0	0	0.38
68900	0.38	0.53	0.53	0	0	0.38
69000	0.38	0.53	0.53	0	0	0.38
69100	0.38	0.53	0.53	0	0	0.38
69200	0.38	0.53	0.53	0	0	0.38
69300	0.38	0.53	0.53	0	0	0.38
69400	0.38	0.53	0.53	0	0	0.38
69500	0.38	0.53	0.53	0	0	0.38
69600	0.38	0.53	0.53	0	0	0.38
69700	0.38	0.53	0.53	0	0	0.38
69800	0.38	0.53	0.53	0	0	0.38
69900	0.38	0.53	0.53	0	0	0.38
70000	0.38	0.54	0.54	0	0	0.38
70100	0.38	0.52	0.52	0	0	0.38
70200	0.38	0.52	0.52	0	0	0.38
70300	0.39	0.51	0.51	0	0	0.39
70400	0.39	0.51	0.51	0	0	0.39
70500	0.39	0.51	0.51	0	0	0.39
70600	0.39	0.51	0.51	0	0	0.39
70700	0.39	0.52	0.52	0	0	0.39
70800	0.39	0.52	0.52	0	0	0.39
70900	0.39	0.52	0.52	0	0	0.39
71000	0.39	0.52	0.52	0	0	0.39
71100	0.39	0.52	0.52	0	0	0.39
71200	0.39	0.52	0.52	0	0	0.39
71300	0.39	0.52	0.52	0	0	0.39
71400	0.39	0.52	0.52	0	0	0.39
71500	0.39	0.52	0.52	0	0	0.39
71600	0.39	0.52	0.52	0	0	0.39
71700	0.39	0.52	0.52	0	0	0.39
71800	0.39	0.52	0.52	0	0	0.39
71900	0.39	0.52	0.52	0	0	0.39
72000	0.39	0.52	0.52	0	0	0.39
72100	0.39	0.52	0.52	0	0	0.39
72200	0.39	0.52	0.52	0	0	0.39
72300	0.39	0.52	0.52	0	0	0.39
72400	0.39	0.51	0.51	0	0	0.39
72500	0.39	0.51	0.51	0	0	0.39
72600	0.39	0.51	0.51	0	0	0.39
72700	0.4	0.51	0.51	0	0	0.4
72800	0.4	0.51	0.51	0	0	0.4
72900	0.4	0.51	0.51	0	0	0.4
73000	0.4	0.51	0.51	0	0	0.4
73100	0.4	0.51	0.51	0	0	0.4
73200	0.4	0.51	0.51	0	0	0.4
73300	0.4	0.51	0.51	0	0	0.4
73400	0.39	0.51	0.51	0	0	0.39
73500	0.39	0.51	0.51	0	0	0.39
73600	0.39	0.51	0.51	0	0	0.39
73700	0.39	0.51	0.51	0	0	0.39
73800	0.39	0.51	0.51	0	0	0.39
73900	0.39	0.51	0.51	0	0	0.39
74000	0.39	0.51	0.51	0	0	0.39
74100	0.39	0.51	0.51	0	0	0.39
74200	0.39	0.51	0.51	0	0	0.39
74300	0.39	0.51	0.51	0	0	0.39
74400	0.39	0.51	0.51	0	0	0.39
74500	0.39	0.51	0.51	0	0	0.39
74600	0.39	0.51	0.51	0	0	0.39
74700	0.39	0.51	0.51	0	0	0.39
74800	0.39	0.51	0.51	0	0	0.39
74900	0.39	0.51	0.51	0	0	0.39
75000	0.39	0.51	0.51	0	0	0.39
75100	0.39	0.51	0.51	0	0	0.39
75200	0.4	0.52	0.52	0	0	0.4
75300	0.4	0.52	0.52	0	0	0.4
75400	0.4	0.52	0.52	0	0	0.4
75500	0.4	0.52	0.52	0	0	0.4
75600	0.4	0.52	0.52	0	0	0.4
75700	0.4	0.52	0.52	0	0	0.4
75800	0.4	0.52	0.52	0	0	0.4
75900	0.4	0.51	0.51	0	0	0.4
76000	0.4	0.51	0.51	0	0	0.4
76100	0.4	0.51	0.51	0	0	0.4
76200	0.4	0.51	0.51	0	0	0.4
76300	0.4	0.51	0.51	0	0	0.4
76400	0.4	0.51	0.51	0	0	0.4
76500	0.4	0.51	0.51	0	0	0.4
76600	0.4	0.51	0.51	0	0	0.4
76700	0.4	0.51	0.51	0	0	0.4
76800	0.4	0.51	0.51	0	0	0.4
76900	0.4	0.51	0.51	0	0	0.4
77000	0.4	0.51	0.51	0	0	0.4
77100	0.4	0.51	0.51	0	0	0.4
77200	0.4	0.51	0.51	0	0	0.4
77300	0.4	0.51	0.51	0	0	0.4
77400	0.4	0.51	0.51	0	0	0.4
77500	0.4	0.51	0.51	0	0	0.4
77600	0.39	0.51	0.51	0	0	0.39
77700	0.39	0.51	0.51	0	0	0.39
77800	0.39	0.51	0.51	0	0	0.39
77900	0.39	0.51	0.51	0	0	0.39
78000	0.39	0.52	0.52	0	0	0.39
78100	0.4	0.51	0.51	0	0	0.4
78200	0.39	0.5	0.5	0	0	0.39
78300	0.39	0.51	0.51	0	0	0.39
78400	0.39	0.5	0.5	0	0	0.39
78500	0.39	0.5	0.5	0	0	0.39
78600	0.39	0.5	0.5	0	0	0.39
78700	0.4	0.5	0.5	0	0	0.4
78800	0.4	0.51	0.51	0	0	0.4
78900	0.4	0.51	0.51	0	0	0.4
79000	0.4	0.51	0.51	0	0	0.4
79100	0.4	0.51	0.51	0	0	0.4
79200	0.41	0.5	0.5	0	0	0.41
79300	0.4	0.5	0.5	0	0	0.4
79400	0.4	0.51	0.51	0	0	0.4
79500	0.4	0.52	0.52	0	0	0.4
79600	0.4	0.52	0.52	0	0	0.4
79700	0.4	0.54	0.54	0	0	0.4
79800	0.4	0.54	0.54	0	0	0.4
79900	0.4	0.53	0.53	0	0	0.4
80000	0.4	0.53	0.53	0	0	0.4
80100	0.4	0.53	0.53	0	0	0.4
80200	0.4	0.53	0.53	0	0	0.4
80300	0.4	0.53	0.53	0	0	0.4
80400	0.4	0.53	0.53	0	0	0.4
80500	0.4	0.53	0.53	0	0	0.4
80600	0.4	0.53	0.53	0	0	0.4
80700	0.4	0.53	0.53	0	0	0.4
80800	0.41	0.53	0.53	0	0	0.41
80900	0.41	0.53	0.53	0	0	0.41
81000	0.41	0.53	0.53	0	0	0.41
81100	0.41	0.53	0.53	0	0	0.41
81200	0.4	0.53	0.53	0	0	0.4
81300	0.4	0.53	0.53	0	0	0.4
81400	0.39	0.54	0.54	0	0	0.39
81500	0.39	0.53	0.53	0	0	0.39
81600	0.39	0.53	0.53	0	0	0.39
81700	0.39	0.54	0.54	0	0	0.39
81800	0.39	0.54	0.54	0	0	0.39
81900	0.39	0.54	0.54	0	0	0.39
82000	0.39	0.54	0.54	0	0	0.39
82100	0.39	0.54	0.54	0	0	0.39
82200	0.39	0.54	0.54	0	0	0.39
82300	0.4	0.54	0.54	0	0	0.4
82400	0.4	0.54	0.54	0	0	0.4
82500	0.39	0.54	0.54	0	0	0.39
82600	0.39	0.54	0.54	0	0	0.39
82700	0.39	0.54	0.54	0	0	0.39
82800	0.39	0.54	0.54	0	0	0.39
82900	0.39	0.54	0.54	0	0	0.39
83000	0.39	0.55	0.55	0	0	0.39
83100	0.39	0.55	0.55	0	0	0.39
83200	0.39	0.55	0.55	0	0	0.39
83300	0.39	0.55	0.55	0	0	0.39
83400	0.39	0.54	0.54	0	0	0.39
83500	0.39	0.54	0.54	0	0	0.39
83600	0.39	0.54	0.54	0	0	0.39
83700	0.39	0.55	0.55	0	0	0.39
83800	0.39	0.55	0.55	0	0	0.39
83900	0.39	0.55	0.55	0	0	0.39
84000	0.39	0.54	0.54	0	0	0.39
84100	0.39	0.54	0.54	0	0	0.39
84200	0.39	0.54	0.54	0	0	0.39
84300	0.39	0.54	0.54	0	0	0.39
84400	0.39	0.54	0.54	0	0	0.39
84500	0.39	0.54	0.54	0	0	0.39
84600	0.39	0.54	0.54	0	0	0.39
84700	0.39	0.54	0.54	0	0	0.39
84800	0.39	0.54	0.54	0	0	0.39
84900	0.39	0.54	0.54	0	0	0.39
85000	0.39	0.54	0.54	0	0	0.39
85100	0.39	0.54	0.54	0	0	0.39
85200	0.39	0.54	0.54	0	0	0.39
85300	0.4	0.54	0.54	0	0	0.4
85400	0.4	0.54	0.54	0	0	0.4
85500	0.4	0.54	0.54	0	0	0.4
85600	0.4	0.54	0.54	0	0	0.4
85700	0.4	0.54	0.54	0	0	0.4
85800	0.4	0.54	0.54	0	0	0.4
85900	0.4	0.54	0.54	0	0	0.4
86000	0.4	0.54	0.54	0	0	0.4
86100	0.4	0.54	0.54	0	0	0.4
86200	0.4	0.54	0.54	0	0	0.4
86300	0.4	0.54	0.54	0	0	0.4
86400	0.4	0.54	0.54	0	0	0.4
86500	0.4	0.54	0.54	0	0	0.4
86600	0.4	0.54	0.54	0	0	0.4
86700	0.4	0.54	0.54	0	0	0.4
86800	0.4	0.54	0.54	0	0	0.4
86900	0.41	0.54	0.54	0	0	0.41
87000	0.41	0.54	0.54	0	0	0.41
87100	0.4	0.54	0.54	0	0	0.4
87200	0.41	0.54	0.54	0	0	0.41
87300	0.41	0.54	0.54	0	0	0.41
87400	0.41	0.54	0.54	0	0	0.41
87500	0.41	0.54	0.54	0	0	0.41
87600	0.41	0.54	0.54	0	0	0.41
87700	0.41	0.54	0.54	0	0	0.41
87800	0.41	0.54	0.54	0	0	0.41
87900	0.41	0.54	0.54	0	0	0.41
88000	0.41	0.54	0.54	0	0	0.41
88100	0.41	0.54	0.54	0	0	0.41
88200	0.41	0.54	0.54	0	0	0.41
88300	0.41	0.54	0.54	0	0	0.41
88400	0.41	0.54	0.54	0	0	0.41
88500	0.41	0.54	0.54	0	0	0.41
88600	0.41	0.54	0.54	0	0	0.41
88700	0.41	0.54	0.54	0	0	0.41
88800	0.41	0.54	0.54	0	0	0.41
88900	0.41	0.55	0.55	0	0	0.41
89000	0.4	0.55	0.55	0	0	0.4
89100	0.39	0.54	0.54	0	0	0.39
89200	0.39	0.53	0.53	0	0	0.39
89300	0.38	0.53	0.53	0	0	0.38
89400	0.37	0.53	0.53	0	0	0.37
89500	0.35	0.53	0.53	0	0	0.35
89600	0.35	0.53	0.53	0	0	0.35
89700	0.35	0.53	0.53	0	0	0.35
89800	0.35	0.53	0.53	0	0	0.35
89900	0.35	0.53	0.53	0	0	0.35
90000	0.35	0.53	0.53	0	0	0.35
90100	0.35	0.53	0.53	0	0	0.35
90200	0.35	0.54	0.54	0	0	0.35
90300	0.36	0.54	0.54	0	0	0.36
90400	0.36	0.54	0.54	0	0	0.36
90500	0.36	0.54	0.54	0	0	0.36
90600	0.36	0.54	0.54	0	0	0.36
90700	0.36	0.54	0.54	0	0	0.36
90800	0.36	0.54	0.54	0	0	0.36
90900	0.36	0.54	0.54	0	0	0.36
91000	0.36	0.54	0.54	0	0	0.36
91100	0.36	0.54	0.54	0	0	0.36
91200	0.36	0.54	0.54	0	0	0.36
91300	0.36	0.54	0.54	0	0	0.36
91400	0.36	0.54	0.54	0	0	0.36
91500	0.36	0.54	0.54	0	0	0.36
91600	0.36	0.54	0.54	0	0	0.36
91700	0.36	0.54	0.54	0	0	0.36
91800	0.36	0.54	0.54	0	0	0.36
91900	0.36	0.54	0.54	0	0	0.36
92000	0.36	0.54	0.54	0	0	0.36
92100	0.36	0.54	0.54	0	0	0.36
92200	0.37	0.54	0.54	0	0	0.37
92300	0.37	0.55	0.55	0	0	0.37
92400	0.37	0.55	0.55	0	0	0.37
92500	0.37	0.55	0.55	0	0	0.37
92600	0.37	0.55	0.55	0	0	0.37
92700	0.37	0.55	0.55	0	0	0.37
92800	0.37	0.55	0.55	0	0	0.37
92900	0.37	0.56	0.56	0	0	0.37
93000	0.37	0.56	0.56	0	0	0.37
93100	0.37	0.56	0.56	0	0	0.37
93200	0.37	0.56	0.56	0	0	0.37
93300	0.37	0.56	0.56	0	0	0.37
93400	0.37	0.56	0.56	0	0	0.37
93500	0.37	0.56	0.56	0	0	0.37
93600	0.37	0.56	0.56	0	0	0.37
93700	0.37	0.56	0.56	0	0	0.37
93800	0.37	0.56	0.56	0	0	0.37
93900	0.37	0.56	0.56	0	0	0.37
94000	0.37	0.56	0.56	0	0	0.37
94100	0.37	0.56	0.56	0	0	0.37
94200	0.37	0.56	0.56	0	0	0.37
94300	0.37	0.56	0.56	0	0	0.37
94400	0.37	0.56	0.56	0	0	0.37
94500	0.37	0.56	0.56	0	0	0.37
94600	0.37	0.56	0.56	0	0	0.37
94700	0.37	0.56	0.56	0	0	0.37
94800	0.37	0.56	0.56	0	0	0.37
94900	0.37	0.56	0.56	0	0	0.37
95000	0.37	0.56	0.56	0	0	0.37
95100	0.37	0.56	0.56	0	0	0.37
95200	0.37	0.56	0.56	0	0	0.37
95300	0.37	0.56	0.56	0	0	0.37
95400	0.37	0.56	0.56	0	0	0.37
95500	0.37	0.56	0.56	0	0	0.37
95600	0.37	0.56	0.56	0	0	0.37
95700	0.37	0.56	0.56	0	0	0.37
95800	0.37	0.56	0.56	0	0	0.37
95900	0.37	0.55	0.55	0	0	0.37
96000	0.37	0.55	0.55	0	0	0.37
96100	0.37	0.55	0.55	0	0	0.37
96200	0.37	0.55	0.55	0	0	0.37
96300	0.37	0.55	0.55	0	0	0.37
96400	0.37	0.54	0.54	0	0	0.37
96500	0.37	0.54	0.54	0	0	0.37
96600	0.37	0.55	0.55	0	0	0.37
96700	0.37	0.54	0.54	0	0	0.37
96800	0.37	0.54	0.54	0	0	0.37
96900	0.37	0.54	0.54	0	0	0.37
97000	0.38	0.54	0.54	0	0	0.38
97100	0.38	0.54	0.54	0	0	0.38
97200	0.38	0.54	0.54	0	0	0.38
97300	0.37	0.54	0.54	0	0	0.37
97400	0.37	0.54	0.54	0	0	0.37
97500	0.37	0.54	0.54	0	0	0.37
97600	0.37	0.54	0.54	0	0	0.37
97700	0.37	0.54	0.54	0	0	0.37
97800	0.37	0.54	0.54	0	0	0.37
97900	0.37	0.54	0.54	0	0	0.37
98000	0.37	0.54	0.54	0	0	0.37
98100	0.37	0.54	0.54	0	0	0.37
98200	0.37	0.54	0.54	0	0	0.37
98300	0.37	0.54	0.54	0	0	0.37
98400	0.37	0.54	0.54	0	0	0.37
98500	0.37	0.54	0.54	0	0	0.37
98600	0.37	0.54	0.54	0	0	0.37
98700	0.37	0.54	0.54	0	0	0.37
98800	0.37	0.54	0.54	0	0	0.37
98900	0.37	0.54	0.54	0	0	0.37
99000	0.36	0.53	0.53	0	0	0.36
99100	0.36	0.53	0.53	0	0	0.36
99200	0.36	0.53	0.53	0	0	0.36
99300	0.36	0.53	0.53	0	0	0.36
99400	0.36	0.53	0.53	0	0	0.36
99500	0.36	0.53	0.53	0	0	0.36
99600	0.36	0.53	0.53	0	0	0.36
99700	0.36	0.53	0.53	0	0	0.36
99800	0.36	0.53	0.53	0	0	0.36
99900	0.36	0.53	0.53	0	0	0.36
100000	0.36	0.53	0.53	0	0	0.36
100100	0.36	0.53	0.53	0	0	0.36
100200	0.36	0.54	0.54	0	0	0.36
100300	0.36	0.54	0.54	0	0	0.36
100400	0.36	0.53	0.53	0	0	0.36
100500	0.36	0.53	0.53	0	0	0.36
100600	0.36	0.53	0.53	0	0	0.36
100700	0.36	0.53	0.53	0	0	0.36
100800	0.36	0.53	0.53	0	0	0.36
100900	0.36	0.53	0.53	0	0	0.36
101000	0.37	0.53	0.53	0	0	0.37
101100	0.37	0.53	0.53	0	0	0.37
101200	0.37	0.53	0.53	0	0	0.37
101300	0.37	0.53	0.53	0	0	0.37
101400	0.37	0.53	0.53	0	0	0.37
101500	0.37	0.53	0.53	0	0	0.37
101600	0.37	0.53	0.53	0	0	0.37
101700	0.37	0.53	0.53	0	0	0.37
101800	0.37	0.54	0.54	0	0	0.37
101900	0.37	0.54	0.54	0	0	0.37
102000	0.37	0.54	0.54	0	0	0.37
102100	0.37	0.54	0.54	0	0	0.37
102200	0.37	0.54	0.54	0	0	0.37
102300	0.38	0.54	0.54	0	0	0.38
102400	0.38	0.54	0.54	0	0	0.38
102500	0.38	0.54	0.54	0	0	0.38
102600	0.38	0.54	0.54	0	0	0.38
102700	0.38	0.54	0.54	0	0	0.38
102800	0.38	0.54	0.54	0	0	0.38
102900	0.38	0.54	0.54	0	0	0.38
103000	0.38	0.54	0.54	0	0	0.38
103100	0.38	0.54	0.54	0	0	0.38
103200	0.38	0.54	0.54	0	0	0.38
103300	0.38	0.54	0.54	0	0	0.38
103400	0.38	0.54	0.54	0	0	0.38
103500	0.38	0.54	0.54	0	0	0.38
103600	0.38	0.54	0.54	0	0	0.38
103700	0.38	0.54	0.54	0	0	0.38
103800	0.38	0.54	0.54	0	0	0.38
103900	0.38	0.54	0.54	0	0	0.38
104000	0.38	0.54	0.54	0	0	0.38
104100	0.38	0.54	0.54	0	0	0.38
104200	0.38	0.54	0.54	0	0	0.38
104300	0.38	0.54	0.54	0	0	0.38
104400	0.38	0.54	0.54	0	0	0.38
104500	0.38	0.54	0.54	0	0	0.38
104600	0.38	0.54	0.54	0	0	0.38
104700	0.38	0.55	0.55	0	0	0.38
104800	0.38	0.54	0.54	0	0	0.38
104900	0.38	0.54	0.54	0	0	0.38
105000	0.38	0.56	0.56	0	0	0.38
105100	0.38	0.55	0.55	0	0	0.38
105200	0.38	0.54	0.54	0	0	0.38
105300	0.38	0.54	0.54	0	0	0.38
105400	0.38	0.54	0.54	0	0	0.38
105500	0.38	0.54	0.54	0	0	0.38
105600	0.38	0.54	0.54	0	0	0.38
105700	0.38	0.54	0.54	0	0	0.38
105800	0.38	0.54	0.54	0	0	0.38
105900	0.38	0.54	0.54	0	0	0.38
106000	0.38	0.54	0.54	0	0	0.38
106100	0.38	0.54	0.54	0	0	0.38
106200	0.38	0.54	0.54	0	0	0.38
106300	0.38	0.54	0.54	0	0	0.38
106400	0.38	0.54	0.54	0	0	0.38
106500	0.38	0.54	0.54	0	0	0.38
106600	0.38	0.54	0.54	0	0	0.38
106700	0.38	0.54	0.54	0	0	0.38
106800	0.38	0.54	0.54	0	0	0.38
106900	0.38	0.54	0.54	0	0	0.38
107000	0.38	0.54	0.54	0	0	0.38
107100	0.38	0.54	0.54	0	0	0.38
107200	0.38	0.54	0.54	0	0	0.38
107300	0.38	0.54	0.54	0	0	0.38
107400	0.38	0.54	0.54	0	0	0.38
107500	0.38	0.54	0.54	0	0	0.38
107600	0.38	0.54	0.54	0	0	0.38
107700	0.38	0.54	0.54	0	0	0.38
107800	0.38	0.54	0.54	0	0	0.38
107900	0.38	0.54	0.54	0	0	0.38
108000	0.38	0.54	0.54	0	0	0.38
108100	0.38	0.54	0.54	0	0	0.38
108200	0.39	0.54	0.54	0	0	0.39
108300	0.39	0.54	0.54	0	0	0.39
108400	0.39	0.54	0.54	0	0	0.39
108500	0.39	0.54	0.54	0	0	0.39
108600	0.39	0.54	0.54	0	0	0.39
108700	0.39	0.54	0.54	0	0	0.39
108800	0.39	0.54	0.54	0	0	0.39
108900	0.39	0.54	0.54	0	0	0.39
109000	0.39	0.54	0.54	0	0	0.39
109100	0.39	0.54	0.54	0	0	0.39
109200	0.39	0.54	0.54	0	0	0.39
109300	0.4	0.54	0.54	0	0	0.4
109400	0.39	0.54	0.54	0	0	0.39
109500	0.39	0.54	0.54	0	0	0.39
109600	0.38	0.54	0.54	0	0	0.38
109700	0.38	0.54	0.54	0	0	0.38
109800	0.39	0.54	0.54	0	0	0.39
109900	0.39	0.55	0.55	0	0	0.39
110000	0.38	0.55	0.55	0	0	0.38
110100	0.38	0.55	0.55	0	0	0.38
110200	0.38	0.55	0.55	0	0	0.38
110300	0.38	0.55	0.55	0	0	0.38
110400	0.39	0.55	0.55	0	0	0.39
110500	0.38	0.55	0.55	0	0	0.38
110600	0.38	0.55	0.55	0	0	0.38
110700	0.37	0.55	0.55	0	0	0.37
110800	0.37	0.55	0.55	0	0	0.37
110900	0.37	0.55	0.55	0	0	0.37
111000	0.37	0.55	0.55	0	0	0.37
111100	0.37	0.55	0.55	0	0	0.37
111200	0.37	0.55	0.55	0	0	0.37
111300	0.37	0.55	0.55	0	0	0.37
111400	0.37	0.55	0.55	0	0	0.37
111500	0.37	0.55	0.55	0	0	0.37
111600	0.37	0.55	0.55	0	0	0.37
111700	0.37	0.55	0.55	0	0	0.37
111800	0.37	0.55	0.55	0	0	0.37
111900	0.37	0.55	0.55	0	0	0.37
112000	0.37	0.55	0.55	0	0	0.37
112100	0.37	0.55	0.55	0	0	0.37
112200	0.37	0.55	0.55	0	0	0.37
112300	0.37	0.55	0.55	0	0	0.37
112400	0.37	0.55	0.55	0	0	0.37
112500	0.38	0.55	0.55	0	0	0.38
112600	0.37	0.55	0.55	0	0	0.37
112700	0.37	0.55	0.55	0	0	0.37
112800	0.37	0.55	0.55	0	0	0.37
112900	0.37	0.55	0.55	0	0	0.37
113000	0.36	0.55	0.55	0	0	0.36
113100	0.36	0.56	0.56	0	0	0.36
113200	0.36	0.55	0.55	0	0	0.36
113300	0.36	0.55	0.55	0	0	0.36
113400	0.36	0.55	0.55	0	0	0.36
113500	0.36	0.55	0.55	0	0	0.36
113600	0.36	0.55	0.55	0	0	0.36
113700	0.37	0.55	0.55	0	0	0.37
113800	0.37	0.55	0.55	0	0	0.37
113900	0.37	0.55	0.55	0	0	0.37
114000	0.37	0.55	0.55	0	0	0.37
114100	0.38	0.56	0.56	0	0	0.38
114200	0.37	0.55	0.55	0	0	0.37
114300	0.37	0.55	0.55	0	0	0.37
114400	0.37	0.55	0.55	0	0	0.37
114500	0.37	0.55	0.55	0	0	0.37
114600	0.37	0.55	0.55	0	0	0.37
114700	0.37	0.55	0.55	0	0	0.37
114800	0.37	0.55	0.55	0	0	0.37
114900	0.37	0.55	0.55	0	0	0.37
115000	0.37	0.55	0.55	0	0	0.37
115100	0.37	0.55	0.55	0	0	0.37
115200	0.37	0.55	0.55	0	0	0.37
115300	0.37	0.55	0.55	0	0	0.37
115400	0.37	0.55	0.55	0	0	0.37
115500	0.37	0.55	0.55	0	0	0.37
115600	0.37	0.55	0.55	0	0	0.37
115700	0.37	0.55	0.55	0	0	0.37
115800	0.37	0.55	0.55	0	0	0.37
115900	0.37	0.55	0.55	0	0	0.37
116000	0.37	0.55	0.55	0	0	0.37
116100	0.37	0.55	0.55	0	0	0.37
116200	0.37	0.55	0.55	0	0	0.37
116300	0.37	0.55	0.55	0	0	0.37
116400	0.36	0.55	0.55	0	0	0.36
116500	0.36	0.56	0.56	0	0	0.36
116600	0.36	0.55	0.55	0	0	0.36
116700	0.36	0.55	0.55	0	0	0.36
116800	0.36	0.55	0.55	0	0	0.36
116900	0.36	0.55	0.55	0	0	0.36
117000	0.36	0.55	0.55	0	0	0.36
117100	0.36	0.55	0.55	0	0	0.36
117200	0.36	0.55	0.55	0	0	0.36
117300	0.36	0.55	0.55	0	0	0.36
117400	0.36	0.55	0.55	0	0	0.36
117500	0.36	0.55	0.55	0	0	0.36
117600	0.36	0.55	0.55	0	0	0.36
117700	0.36	0.55	0.55	0	0	0.36
117800	0.36	0.55	0.55	0	0	0.36
117900	0.36	0.55	0.55	0	0	0.36
118000	0.36	0.55	0.55	0	0	0.36
118100	0.36	0.55	0.55	0	0	0.36
118200	0.36	0.55	0.55	0	0	0.36
118300	0.36	0.55	0.55	0	0	0.36
118400	0.36	0.55	0.55	0	0	0.36
118500	0.36	0.55	0.55	0	0	0.36
118600	0.36	0.55	0.55	0	0	0.36
118700	0.36	0.55	0.55	0	0	0.36
118800	0.36	0.55	0.55	0	0	0.36
118900	0.36	0.55	0.55	0	0	0.36
119000	0.36	0.55	0.55	0	0	0.36
119100	0.36	0.55	0.55	0	0	0.36
119200	0.36	0.55	0.55	0	0	0.36
119300	0.36	0.55	0.55	0	0	0.36
119400	0.36	0.55	0.55	0	0	0.36
119500	0.36	0.55	0.55	0	0	0.36
119600	0.36	0.55	0.55	0	0	0.36
119700	0.36	0.55	0.55	0	0	0.36
119800	0.36	0.55	0.55	0	0	0.36
119900	0.36	0.55	0.55	0	0	0.36
120000	0.37	0.54	0.54	0	0	0.37
120100	0.36	0.54	0.54	0	0	0.36
120200	0.36	0.54	0.54	0	0	0.36
120300	0.36	0.54	0.54	0	0	0.36
120400	0.36	0.54	0.54	0	0	0.36
120500	0.37	0.54	0.54	0	0	0.37
120600	0.37	0.54	0.54	0	0	0.37
120700	0.37	0.54	0.54	0	0	0.37
120800	0.37	0.54	0.54	0	0	0.37
120900	0.37	0.54	0.54	0	0	0.37
121000	0.37	0.54	0.54	0	0	0.37
121100	0.37	0.54	0.54	0	0	0.37
121200	0.37	0.54	0.54	0	0	0.37
121300	0.37	0.54	0.54	0	0	0.37
121400	0.36	0.54	0.54	0	0	0.36
121500	0.36	0.54	0.54	0	0	0.36
121600	0.36	0.54	0.54	0	0	0.36
121700	0.36	0.54	0.54	0	0	0.36
121800	0.36	0.54	0.54	0	0	0.36
121900	0.36	0.54	0.54	0	0	0.36
122000	0.36	0.54	0.54	0	0	0.36
122100	0.36	0.54	0.54	0	0	0.36
122200	0.36	0.54	0.54	0	0	0.36
122300	0.36	0.54	0.54	0	0	0.36
122400	0.36	0.54	0.54	0	0	0.36
122500	0.37	0.54	0.54	0	0	0.37
122600	0.37	0.54	0.54	0	0	0.37
122700	0.38	0.54	0.54	0	0	0.38
122800	0.38	0.54	0.54	0	0	0.38
122900	0.38	0.54	0.54	0	0	0.38
123000	0.38	0.55	0.55	0	0	0.38
123100	0.38	0.54	0.54	0	0	0.38
123200	0.38	0.54	0.54	0	0	0.38
123300	0.38	0.54	0.54	0	0	0.38
123400	0.38	0.54	0.54	0	0	0.38
123500	0.38	0.54	0.54	0	0	0.38
123600	0.38	0.54	0.54	0	0	0.38
123700	0.38	0.54	0.54	0	0	0.38
123800	0.38	0.54	0.54	0	0	0.38
123900	0.38	0.54	0.54	0	0	0.38
124000	0.38	0.54	0.54	0	0	0.38
124100	0.38	0.54	0.54	0	0	0.38
124200	0.38	0.54	0.54	0	0	0.38
124300	0.38	0.54	0.54	0	0	0.38
124400	0.38	0.54	0.54	0	0	0.38
124500	0.38	0.54	0.54	0	0	0.38
124600	0.38	0.54	0.54	0	0	0.38
124700	0.38	0.54	0.54	0	0	0.38
124800	0.38	0.54	0.54	0	0	0.38
124900	0.38	0.54	0.54	0	0	0.38
125000	0.38	0.54	0.54	0	0	0.38
125100	0.38	0.54	0.54	0	0	0.38
125200	0.38	0.54	0.54	0	0	0.38
125300	0.38	0.54	0.54	0	0	0.38
125400	0.38	0.54	0.54	0	0	0.38
125500	0.38	0.55	0.55	0	0	0.38
125600	0.38	0.55	0.55	0	0	0.38
125700	0.38	0.55	0.55	0	0	0.38
125800	0.38	0.55	0.55	0	0	0.38
125900	0.38	0.55	0.55	0	0	0.38
126000	0.38	0.55	0.55	0	0	0.38
126100	0.38	0.55	0.55	0	0	0.38
126200	0.38	0.55	0.55	0	0	0.38
126300	0.38	0.55	0.55	0	0	0.38
126400	0.38	0.55	0.55	0	0	0.38
126500	0.38	0.55	0.55	0	0	0.38
126600	0.39	0.55	0.55	0	0	0.39
126700	0.38	0.55	0.55	0	0	0.38
126800	0.38	0.55	0.55	0	0	0.38
126900	0.38	0.55	0.55	0	0	0.38
127000	0.38	0.55	0.55	0	0	0.38
127100	0.38	0.54	0.54	0	0	0.38
127200	0.38	0.53	0.53	0	0	0.38
127300	0.38	0.53	0.53	0	0	0.38
127400	0.38	0.53	0.53	0	0	0.38
127500	0.38	0.53	0.53	0	0	0.38
127600	0.38	0.53	0.53	0	0	0.38
127700	0.38	0.54	0.54	0	0	0.38
127800	0.38	0.53	0.53	0	0	0.38
127900	0.38	0.53	0.53	0	0	0.38
128000	0.38	0.53	0.53	0	0	0.38
128100	0.38	0.53	0.53	0	0	0.38
128200	0.38	0.53	0.53	0	0	0.38
128300	0.38	0.53	0.53	0	0	0.38
128400	0.38	0.53	0.53	0	0	0.38
128500	0.39	0.53	0.53	0	0	0.39
128600	0.39	0.53	0.53	0	0	0.39
128700	0.39	0.53	0.53	0	0	0.39
128800	0.39	0.54	0.54	0	0	0.39
128900	0.39	0.54	0.54	0	0	0.39
129000	0.39	0.54	0.54	0	0	0.39
129100	0.39	0.54	0.54	0	0	0.39
129200	0.39	0.54	0.54	0	0	0.39
129300	0.39	0.54	0.54	0	0	0.39
129400	0.39	0.54	0.54	0	0	0.39
129500	0.39	0.54	0.54	0	0	0.39
129600	0.39	0.54	0.54	0	0	0.39
129700	0.39	0.54	0.54	0	0	0.39
129800	0.39	0.54	0.54	0	0	0.39
129900	0.39	0.54	0.54	0	0	0.39
130000	0.39	0.54	0.54	0	0	0.39
130100	0.39	0.54	0.54	0	0	0.39
130200	0.39	0.54	0.54	0	0	0.39
130300	0.39	0.54	0.54	0	0	0.39
130400	0.39	0.54	0.54	0	0	0.39
130500	0.39	0.55	0.55	0	0	0.39
130600	0.39	0.54	0.54	0	0	0.39
130700	0.39	0.54	0.54	0	0	0.39
130800	0.39	0.54	0.54	0	0	0.39
130900	0.39	0.54	0.54	0	0	0.39
131000	0.39	0.54	0.54	0	0	0.39
131100	0.39	0.54	0.54	0	0	0.39
131200	0.39	0.54	0.54	0	0	0.39
131300	0.39	0.54	0.54	0	0	0.39
131400	0.39	0.55	0.55	0	0	0.39
131500	0.39	0.54	0.54	0	0	0.39
131600	0.39	0.54	0.54	0	0	0.39
131700	0.39	0.54	0.54	0	0	0.39
131800	0.39	0.54	0.54	0	0	0.39
131900	0.39	0.54	0.54	0	0	0.39
132000	0.39	0.54	0.54	0	0	0.39
132100	0.39	0.54	0.54	0	0	0.39
132200	0.39	0.54	0.54	0	0	0.39
132300	0.39	0.54	0.54	0	0	0.39
132400	0.39	0.54	0.54	0	0	0.39
132500	0.39	0.54	0.54	0	0	0.39
132600	0.39	0.54	0.54	0	0	0.39
132700	0.39	0.54	0.54	0	0	0.39
132800	0.39	0.54	0.54	0	0	0.39
132900	0.39	0.54	0.54	0	0	0.39
133000	0.39	0.54	0.54	0	0	0.39
133100	0.39	0.54	0.54	0	0	0.39
133200	0.39	0.54	0.54	0	0	0.39
133300	0.39	0.54	0.54	0	0	0.39
133400	0.39	0.54	0.54	0	0	0.39
133500	0.39	0.54	0.54	0	0	0.39
133600	0.4	0.54	0.54	0	0	0.4
133700	0.4	0.54	0.54	0	0	0.4
133800	0.4	0.54	0.54	0	0	0.4
133900	0.4	0.54	0.54	0	0	0.4
134000	0.4	0.54	0.54	0	0	0.4
134100	0.4	0.54	0.54	0	0	0.4
134200	0.4	0.54	0.54	0	0	0.4
134300	0.4	0.54	0.54	0	0	0.4
134400	0.4	0.54	0.54	0	0	0.4
134500	0.4	0.54	0.54	0	0	0.4
134600	0.39	0.54	0.54	0	0	0.39
134700	0.39	0.54	0.54	0	0	0.39
134800	0.39	0.54	0.54	0	0	0.39
134900	0.39	0.54	0.54	0	0	0.39
135000	0.39	0.54	0.54	0	0	0.39
135100	0.39	0.54	0.54	0	0	0.39
135200	0.39	0.54	0.54	0	0	0.39
135300	0.39	0.54	0.54	0	0	0.39
135400	0.39	0.54	0.54	0	0	0.39
135500	0.39	0.54	0.54	0	0	0.39
135600	0.39	0.54	0.54	0	0	0.39
135700	0.39	0.54	0.54	0	0	0.39
135800	0.39	0.54	0.54	0	0	0.39
135900	0.39	0.54	0.54	0	0	0.39
136000	0.39	0.54	0.54	0	0	0.39
136100	0.39	0.54	0.54	0	0	0.39
136200	0.39	0.54	0.54	0	0	0.39
136300	0.39	0.54	0.54	0	0	0.39
136400	0.39	0.54	0.54	0	0	0.39
136500	0.39	0.54	0.54	0	0	0.39
136600	0.39	0.54	0.54	0	0	0.39
136700	0.39	0.54	0.54	0	0	0.39
136800	0.39	0.54	0.54	0	0	0.39
136900	0.39	0.54	0.54	0	0	0.39
137000	0.39	0.54	0.54	0	0	0.39
137100	0.39	0.54	0.54	0	0	0.39
137200	0.39	0.54	0.54	0	0	0.39
137300	0.39	0.54	0.54	0	0	0.39
137400	0.39	0.55	0.55	0	0	0.39
137500	0.39	0.54	0.54	0	0	0.39
137600	0.39	0.54	0.54	0	0	0.39
137700	0.39	0.54	0.54	0	0	0.39
137800	0.39	0.54	0.54	0	0	0.39
137900	0.39	0.54	0.54	0	0	0.39
138000	0.39	0.54	0.54	0	0	0.39
138100	0.39	0.54	0.54	0	0	0.39
138200	0.39	0.54	0.54	0	0	0.39
138300	0.39	0.54	0.54	0	0	0.39
138400	0.39	0.54	0.54	0	0	0.39
138500	0.39	0.54	0.54	0	0	0.39
138600	0.39	0.54	0.54	0	0	0.39
138700	0.39	0.54	0.54	0	0	0.39
138800	0.39	0.54	0.54	0	0	0.39
138900	0.39	0.54	0.54	0	0	0.39
139000	0.39	0.54	0.54	0	0	0.39
139100	0.39	0.54	0.54	0	0	0.39
139200	0.39	0.54	0.54	0	0	0.39
139300	0.39	0.54	0.54	0	0	0.39
139400	0.39	0.54	0.54	0	0	0.39
139500	0.39	0.54	0.54	0	0	0.39
139600	0.39	0.54	0.54	0	0	0.39
139700	0.39	0.54	0.54	0	0	0.39
139800	0.39	0.55	0.55	0	0	0.39
139900	0.39	0.55	0.55	0	0	0.39
140000	0.39	0.55	0.55	0	0	0.39
140100	0.39	0.55	0.55	0	0	0.39
140200	0.39	0.55	0.55	0	0	0.39
140300	0.39	0.55	0.55	0	0	0.39
140400	0.39	0.55	0.55	0	0	0.39
140500	0.39	0.55	0.55	0	0	0.39
140600	0.39	0.55	0.55	0	0	0.39
140700	0.39	0.55	0.55	0	0	0.39
140800	0.39	0.55	0.55	0	0	0.39
140900	0.39	0.55	0.55	0	0	0.39
141000	0.39	0.55	0.55	0	0	0.39
141100	0.39	0.55	0.55	0	0	0.39
141200	0.39	0.55	0.55	0	0	0.39
141300	0.39	0.55	0.55	0	0	0.39
141400	0.39	0.55	0.55	0	0	0.39
141500	0.39	0.55	0.55	0	0	0.39
141600	0.39	0.55	0.55	0	0	0.39
141700	0.39	0.55	0.55	0	0	0.39
141800	0.39	0.55	0.55	0	0	0.39
141900	0.39	0.55	0.55	0	0	0.39
142000	0.39	0.55	0.55	0	0	0.39
142100	0.39	0.55	0.55	0	0	0.39
142200	0.39	0.55	0.55	0	0	0.39
142300	0.39	0.55	0.55	0	0	0.39
142400	0.39	0.55	0.55	0	0	0.39
142500	0.39	0.55	0.55	0	0	0.39
142600	0.39	0.55	0.55	0	0	0.39
142700	0.39	0.55	0.55	0	0	0.39
142800	0.39	0.55	0.55	0	0	0.39
142900	0.39	0.55	0.55	0	0	0.39
143000	0.39	0.55	0.55	0	0	0.39
143100	0.39	0.54	0.54	0	0	0.39
143200	0.39	0.54	0.54	0	0	0.39
143300	0.39	0.54	0.54	0	0	0.39
143400	0.39	0.54	0.54	0	0	0.39
143500	0.39	0.54	0.54	0	0	0.39
143600	0.39	0.54	0.54	0	0	0.39
143700	0.39	0.54	0.54	0	0	0.39
143800	0.39	0.54	0.54	0	0	0.39
143900	0.39	0.54	0.54	0	0	0.39
144000	0.39	0.54	0.54	0	0	0.39
144100	0.39	0.54	0.54	0	0	0.39
144200	0.39	0.54	0.54	0	0	0.39
144300	0.39	0.54	0.54	0	0	0.39
144400	0.39	0.54	0.54	0	0	0.39
144500	0.39	0.54	0.54	0	0	0.39
144600	0.39	0.54	0.54	0	0	0.39
144700	0.39	0.54	0.54	0	0	0.39
144800	0.39	0.54	0.54	0	0	0.39
144900	0.39	0.53	0.53	0	0	0.39
145000	0.39	0.53	0.53	0	0	0.39
145100	0.39	0.53	0.53	0	0	0.39
145200	0.39	0.53	0.53	0	0	0.39
145300	0.39	0.53	0.53	0	0	0.39
145400	0.39	0.53	0.53	0	0	0.39
145500	0.39	0.53	0.53	0	0	0.39
145600	0.39	0.53	0.53	0	0	0.39
145700	0.39	0.53	0.53	0	0	0.39
145800	0.39	0.53	0.53	0	0	0.39
145900	0.39	0.53	0.53	0	0	0.39
146000	0.39	0.53	0.53	0	0	0.39
146100	0.39	0.53	0.53	0	0	0.39
146200	0.39	0.53	0.53	0	0	0.39
146300	0.39	0.53	0.53	0	0	0.39
146400	0.39	0.53	0.53	0	0	0.39
146500	0.39	0.53	0.53	0	0	0.39
146600	0.4	0.53	0.53	0	0	0.4
146700	0.4	0.53	0.53	0	0	0.4
146800	0.4	0.53	0.53	0	0	0.4
146900	0.4	0.53	0.53	0	0	0.4
147000	0.4	0.53	0.53	0	0	0.4
147100	0.4	0.53	0.53	0	0	0.4
147200	0.4	0.53	0.53	0	0	0.4
147300	0.39	0.53	0.53	0	0	0.39
147400	0.39	0.53	0.53	0	0	0.39
147500	0.39	0.53	0.53	0	0	0.39
147600	0.39	0.53	0.53	0	0	0.39
147700	0.39	0.53	0.53	0	0	0.39
147800	0.39	0.53	0.53	0	0	0.39
147900	0.39	0.53	0.53	0	0	0.39
148000	0.39	0.53	0.53	0	0	0.39
148100	0.39	0.53	0.53	0	0	0.39
148200	0.4	0.53	0.53	0	0	0.4
148300	0.4	0.53	0.53	0	0	0.4
148400	0.4	0.53	0.53	0	0	0.4
148500	0.4	0.53	0.53	0	0	0.4
148600	0.4	0.53	0.53	0	0	0.4
148700	0.4	0.53	0.53	0	0	0.4
148800	0.4	0.53	0.53	0	0	0.4
148900	0.4	0.53	0.53	0	0	0.4
149000	0.4	0.53	0.53	0	0	0.4
149100	0.4	0.53	0.53	0	0	0.4
149200	0.4	0.53	0.53	0	0	0.4
149300	0.39	0.53	0.53	0	0	0.39
149400	0.39	0.53	0.53	0	0	0.39
149500	0.39	0.53	0.53	0	0	0.39
149600	0.39	0.53	0.53	0	0	0.39
149700	0.39	0.53	0.53	0	0	0.39
149800	0.39	0.53	0.53	0	0	0.39
149900	0.39	0.53	0.53	0	0	0.39
150000	0.39	0.53	0.53	0	0	0.39
150100	0.39	0.53	0.53	0	0	0.39
150200	0.39	0.53	0.53	0	0	0.39
150300	0.39	0.53	0.53	0	0	0.39
150400	0.39	0.53	0.53	0	0	0.39
150500	0.39	0.53	0.53	0	0	0.39
150600	0.4	0.53	0.53	0	0	0.4
150700	0.4	0.53	0.53	0	0	0.4
150800	0.4	0.53	0.53	0	0	0.4
150900	0.4	0.53	0.53	0	0	0.4
151000	0.4	0.53	0.53	0	0	0.4
151100	0.4	0.53	0.53	0	0	0.4
151200	0.4	0.53	0.53	0	0	0.4
151300	0.4	0.53	0.53	0	0	0.4
151400	0.4	0.53	0.53	0	0	0.4
151500	0.4	0.53	0.53	0	0	0.4
151600	0.4	0.53	0.53	0	0	0.4
151700	0.4	0.53	0.53	0	0	0.4
151800	0.4	0.53	0.53	0	0	0.4
151900	0.4	0.53	0.53	0	0	0.4
152000	0.4	0.53	0.53	0	0	0.4
152100	0.4	0.53	0.53	0	0	0.4
152200	0.4	0.53	0.53	0	0	0.4
152300	0.4	0.53	0.53	0	0	0.4
152400	0.4	0.53	0.53	0	0	0.4
152500	0.4	0.53	0.53	0	0	0.4
152600	0.4	0.53	0.53	0	0	0.4
152700	0.39	0.53	0.53	0	0	0.39
152800	0.39	0.53	0.53	0	0	0.39
152900	0.39	0.53	0.53	0	0	0.39
153000	0.39	0.53	0.53	0	0	0.39
153100	0.39	0.53	0.53	0	0	0.39
153200	0.39	0.53	0.53	0	0	0.39
153300	0.39	0.53	0.53	0	0	0.39
153400	0.39	0.53	0.53	0	0	0.39
153500	0.39	0.52	0.52	0	0	0.39
153600	0.39	0.52	0.52	0	0	0.39
153700	0.39	0.52	0.52	0	0	0.39
153800	0.39	0.52	0.52	0	0	0.39
153900	0.39	0.51	0.51	0	0	0.39
154000	0.39	0.51	0.51	0	0	0.39
154100	0.39	0.51	0.51	0	0	0.39
154200	0.39	0.51	0.51	0	0	0.39
154300	0.39	0.51	0.51	0	0	0.39
154400	0.4	0.51	0.51	0	0	0.4
154500	0.4	0.51	0.51	0	0	0.4
154600	0.4	0.51	0.51	0	0	0.4
154700	0.39	0.51	0.51	0	0	0.39
154800	0.39	0.51	0.51	0	0	0.39
154900	0.39	0.51	0.51	0	0	0.39
155000	0.39	0.51	0.51	0	0	0.39
155100	0.39	0.51	0.51	0	0	0.39
155200	0.4	0.51	0.51	0	0	0.4
155300	0.4	0.51	0.51	0	0	0.4
155400	0.4	0.51	0.51	0	0	0.4
155500	0.4	0.51	0.51	0	0	0.4
155600	0.4	0.51	0.51	0	0	0.4
155700	0.4	0.51	0.51	0	0	0.4
155800	0.4	0.51	0.51	0	0	0.4
155900	0.4	0.51	0.51	0	0	0.4
156000	0.4	0.51	0.51	0	0	0.4
156100	0.4	0.51	0.51	0	0	0.4
156200	0.4	0.51	0.51	0	0	0.4
156300	0.39	0.51	0.51	0	0	0.39
156400	0.39	0.51	0.51	0	0	0.39
156500	0.39	0.51	0.51	0	0	0.39
156600	0.39	0.51	0.51	0	0	0.39
156700	0.39	0.51	0.51	0	0	0.39
156800	0.39	0.52	0.52	0	0	0.39
156900	0.39	0.52	0.52	0	0	0.39
157000	0.39	0.52	0.52	0	0	0.39
157100	0.39	0.52	0.52	0	0	0.39
157200	0.39	0.52	0.52	0	0	0.39
157300	0.39	0.52	0.52	0	0	0.39
157400	0.39	0.52	0.52	0	0	0.39
157500	0.39	0.52	0.52	0	0	0.39
157600	0.39	0.52	0.52	0	0	0.39
157700	0.39	0.52	0.52	0	0	0.39
157800	0.39	0.52	0.52	0	0	0.39
157900	0.39	0.52	0.52	0	0	0.39
158000	0.39	0.52	0.52	0	0	0.39
158100	0.39	0.52	0.52	0	0	0.39
158200	0.39	0.52	0.52	0	0	0.39
158300	0.39	0.52	0.52	0	0	0.39
158400	0.39	0.52	0.52	0	0	0.39
158500	0.39	0.52	0.52	0	0	0.39
158600	0.39	0.52	0.52	0	0	0.39
158700	0.39	0.52	0.52	0	0	0.39
158800	0.39	0.52	0.52	0	0	0.39
158900	0.39	0.52	0.52	0	0	0.39
159000	0.39	0.52	0.52	0	0	0.39
159100	0.39	0.52	0.52	0	0	0.39
159200	0.39	0.52	0.52	0	0	0.39
159300	0.39	0.52	0.52	0	0	0.39
159400	0.4	0.53	0.53	0	0	0.4
159500	0.4	0.53	0.53	0	0	0.4
159600	0.4	0.53	0.53	0	0	0.4
159700	0.4	0.53	0.53	0	0	0.4
159800	0.4	0.53	0.53	0	0	0.4
159900	0.4	0.53	0.53	0	0	0.4
160000	0.4	0.53	0.53	0	0	0.4
160100	0.4	0.53	0.53	0	0	0.4
160200	0.4	0.53	0.53	0	0	0.4
160300	0.4	0.53	0.53	0	0	0.4
160400	0.4	0.53	0.53	0	0	0.4
160500	0.4	0.53	0.53	0	0	0.4
160600	0.4	0.53	0.53	0	0	0.4
160700	0.4	0.53	0.53	0	0	0.4
160800	0.4	0.53	0.53	0	0	0.4
160900	0.4	0.53	0.53	0	0	0.4
161000	0.4	0.53	0.53	0	0	0.4
161100	0.4	0.53	0.53	0	0	0.4
161200	0.4	0.53	0.53	0	0	0.4
161300	0.4	0.53	0.53	0	0	0.4
161400	0.41	0.53	0.53	0	0	0.41
161500	0.41	0.53	0.53	0	0	0.41
161600	0.41	0.53	0.53	0	0	0.41
161700	0.41	0.53	0.53	0	0	0.41
161800	0.4	0.53	0.53	0	0	0.4
161900	0.4	0.53	0.53	0	0	0.4
162000	0.4	0.53	0.53	0	0	0.4
162100	0.4	0.53	0.53	0	0	0.4
162200	0.4	0.53	0.53	0	0	0.4
162300	0.39	0.53	0.53	0	0	0.39
162400	0.39	0.53	0.53	0	0	0.39
162500	0.39	0.53	0.53	0	0	0.39
162600	0.38	0.53	0.53	0	0	0.38
162700	0.38	0.53	0.53	0	0	0.38
162800	0.38	0.53	0.53	0	0	0.38
162900	0.38	0.53	0.53	0	0	0.38
163000	0.38	0.53	0.53	0	0	0.38
163100	0.38	0.53	0.53	0	0	0.38
163200	0.38	0.53	0.53	0	0	0.38
163300	0.38	0.53	0.53	0	0	0.38
163400	0.38	0.53	0.53	0	0	0.38
163500	0.38	0.53	0.53	0	0	0.38
163600	0.38	0.53	0.53	0	0	0.38
163700	0.38	0.52	0.52	0	0	0.38
163800	0.38	0.52	0.52	0	0	0.38
163900	0.38	0.52	0.52	0	0	0.38
164000	0.38	0.52	0.52	0	0	0.38
164100	0.38	0.52	0.52	0	0	0.38
164200	0.38	0.52	0.52	0	0	0.38
164300	0.38	0.52	0.52	0	0	0.38
164400	0.38	0.5	0.5	0	0	0.38
164500	0.38	0.5	0.5	0	0	0.38
164600	0.38	0.5	0.5	0	0	0.38
164700	0.38	0.5	0.5	0	0	0.38
164800	0.38	0.5	0.5	0	0	0.38
164900	0.38	0.5	0.5	0	0	0.38
165000	0.38	0.5	0.5	0	0	0.38
165100	0.38	0.5	0.5	0	0	0.38
165200	0.39	0.5	0.5	0	0	0.39
165300	0.39	0.5	0.5	0	0	0.39
165400	0.39	0.5	0.5	0	0	0.39
165500	0.38	0.5	0.5	0	0	0.38
165600	0.38	0.5	0.5	0	0	0.38
165700	0.38	0.49	0.49	0	0	0.38
165800	0.38	0.49	0.49	0	0	0.38
165900	0.38	0.49	0.49	0	0	0.38
166000	0.38	0.49	0.49	0	0	0.38
166100	0.38	0.49	0.49	0	0	0.38
166200	0.38	0.49	0.49	0	0	0.38
166300	0.38	0.49	0.49	0	0	0.38
166400	0.38	0.49	0.49	0	0	0.38
166500	0.38	0.49	0.49	0	0	0.38
166600	0.38	0.5	0.5	0	0	0.38
166700	0.38	0.5	0.5	0	0	0.38
166800	0.38	0.5	0.5	0	0	0.38
166900	0.38	0.5	0.5	0	0	0.38
167000	0.38	0.51	0.51	0	0	0.38
167100	0.38	0.5	0.5	0	0	0.38
167200	0.38	0.5	0.5	0	0	0.38
167300	0.38	0.5	0.5	0	0	0.38
167400	0.38	0.5	0.5	0	0	0.38
167500	0.38	0.5	0.5	0	0	0.38
167600	0.38	0.5	0.5	0	0	0.38
167700	0.39	0.5	0.5	0	0	0.39
167800	0.38	0.5	0.5	0	0	0.38
167900	0.39	0.5	0.5	0	0	0.39
168000	0.38	0.5	0.5	0	0	0.38
168100	0.38	0.5	0.5	0	0	0.38
168200	0.38	0.5	0.5	0	0	0.38
168300	0.38	0.5	0.5	0	0	0.38
168400	0.38	0.5	0.5	0	0	0.38
168500	0.38	0.51	0.51	0	0	0.38
168600	0.38	0.51	0.51	0	0	0.38
168700	0.38	0.5	0.5	0	0	0.38
168800	0.38	0.5	0.5	0	0	0.38
168900	0.38	0.5	0.5	0	0	0.38
169000	0.38	0.5	0.5	0	0	0.38
169100	0.38	0.5	0.5	0	0	0.38
169200	0.38	0.5	0.5	0	0	0.38
169300	0.38	0.5	0.5	0	0	0.38
169400	0.38	0.5	0.5	0	0	0.38
169500	0.38	0.5	0.5	0	0	0.38
169600	0.38	0.5	0.5	0	0	0.38
169700	0.38	0.5	0.5	0	0	0.38
169800	0.38	0.5	0.5	0	0	0.38
169900	0.38	0.5	0.5	0	0	0.38
170000	0.38	0.5	0.5	0	0	0.38
170100	0.38	0.5	0.5	0	0	0.38
170200	0.38	0.5	0.5	0	0	0.38
170300	0.38	0.5	0.5	0	0	0.38
170400	0.38	0.5	0.5	0	0	0.38
170500	0.39	0.5	0.5	0	0	0.39
170600	0.39	0.5	0.5	0	0	0.39
170700	0.39	0.51	0.51	0	0	0.39
170800	0.39	0.51	0.51	0	0	0.39
170900	0.39	0.52	0.52	0	0	0.39
171000	0.39	0.51	0.51	0	0	0.39
171100	0.39	0.51	0.51	0	0	0.39
171200	0.39	0.51	0.51	0	0	0.39
171300	0.39	0.51	0.51	0	0	0.39
171400	0.39	0.51	0.51	0	0	0.39
171500	0.39	0.51	0.51	0	0	0.39
171600	0.39	0.51	0.51	0	0	0.39
171700	0.39	0.51	0.51	0	0	0.39
171800	0.39	0.51	0.51	0	0	0.39
171900	0.39	0.51	0.51	0	0	0.39
172000	0.39	0.51	0.51	0	0	0.39
172100	0.39	0.51	0.51	0	0	0.39
172200	0.39	0.51	0.51	0	0	0.39
172300	0.39	0.51	0.51	0	0	0.39
172400	0.39	0.51	0.51	0	0	0.39
172500	0.39	0.51	0.51	0	0	0.39
172600	0.39	0.51	0.51	0	0	0.39
172700	0.39	0.51	0.51	0	0	0.39
172800	0.39	0.51	0.51	0	0	0.39
172900	0.39	0.51	0.51	0	0	0.39
173000	0.39	0.51	0.51	0	0	0.39
173100	0.39	0.51	0.51	0	0	0.39
173200	0.39	0.51	0.51	0	0	0.39
173300	0.39	0.51	0.51	0	0	0.39
173400	0.39	0.51	0.51	0	0	0.39
173500	0.39	0.51	0.51	0	0	0.39
173600	0.39	0.51	0.51	0	0	0.39
173700	0.39	0.51	0.51	0	0	0.39
173800	0.38	0.51	0.51	0	0	0.38
173900	0.38	0.51	0.51	0	0	0.38
174000	0.38	0.51	0.51	0	0	0.38
174100	0.38	0.51	0.51	0	0	0.38
174200	0.38	0.51	0.51	0	0	0.38
174300	0.38	0.51	0.51	0	0	0.38
174400	0.38	0.51	0.51	0	0	0.38
174500	0.38	0.51	0.51	0	0	0.38
174600	0.38	0.51	0.51	0	0	0.38
174700	0.38	0.51	0.51	0	0	0.38
174800	0.39	0.51	0.51	0	0	0.39
174900	0.39	0.51	0.51	0	0	0.39
175000	0.39	0.51	0.51	0	0	0.39
175100	0.39	0.51	0.51	0	0	0.39
175200	0.39	0.51	0.51	0	0	0.39
175300	0.39	0.51	0.51	0	0	0.39
175400	0.39	0.51	0.51	0	0	0.39
175500	0.39	0.52	0.52	0	0	0.39
175600	0.39	0.52	0.52	0	0	0.39
175700	0.39	0.52	0.52	0	0	0.39
175800	0.39	0.52	0.52	0	0	0.39
175900	0.39	0.52	0.52	0	0	0.39
176000	0.38	0.52	0.52	0	0	0.38
176100	0.38	0.52	0.52	0	0	0.38
176200	0.38	0.52	0.52	0	0	0.38
176300	0.38	0.52	0.52	0	0	0.38
176400	0.38	0.52	0.52	0	0	0.38
176500	0.38	0.52	0.52	0	0	0.38
176600	0.38	0.52	0.52	0	0	0.38
176700	0.38	0.51	0.51	0	0	0.38
176800	0.38	0.51	0.51	0	0	0.38
176900	0.38	0.51	0.51	0	0	0.38
177000	0.38	0.51	0.51	0	0	0.38
177100	0.38	0.51	0.51	0	0	0.38
177200	0.38	0.51	0.51	0	0	0.38
177300	0.38	0.51	0.51	0	0	0.38
177400	0.38	0.51	0.51	0	0	0.38
177500	0.38	0.51	0.51	0	0	0.38
177600	0.38	0.51	0.51	0	0	0.38
177700	0.38	0.51	0.51	0	0	0.38
177800	0.38	0.51	0.51	0	0	0.38
177900	0.38	0.51	0.51	0	0	0.38
178000	0.38	0.51	0.51	0	0	0.38
178100	0.38	0.51	0.51	0	0	0.38
178200	0.38	0.51	0.51	0	0	0.38
178300	0.38	0.51	0.51	0	0	0.38
178400	0.38	0.51	0.51	0	0	0.38
178500	0.39	0.51	0.51	0	0	0.39
178600	0.39	0.51	0.51	0	0	0.39
178700	0.38	0.51	0.51	0	0	0.38
178800	0.38	0.51	0.51	0	0	0.38
178900	0.38	0.51	0.51	0	0	0.38
179000	0.38	0.51	0.51	0	0	0.38
179100	0.38	0.51	0.51	0	0	0.38
179200	0.38	0.51	0.51	0	0	0.38
179300	0.38	0.51	0.51	0	0	0.38
179400	0.38	0.51	0.51	0	0	0.38
179500	0.38	0.51	0.51	0	0	0.38
179600	0.38	0.51	0.51	0	0	0.38
179700	0.37	0.51	0.51	0	0	0.37
179800	0.37	0.51	0.51	0	0	0.37
179900	0.37	0.51	0.51	0	0	0.37
180000	0.37	0.51	0.51	0	0	0.37
180100	0.37	0.51	0.51	0	0	0.37
180200	0.37	0.51	0.51	0	0	0.37
180300	0.37	0.51	0.51	0	0	0.37
180400	0.37	0.51	0.51	0	0	0.37
180500	0.37	0.51	0.51	0	0	0.37
180600	0.37	0.51	0.51	0	0	0.37
180700	0.38	0.51	0.51	0	0	0.38
180800	0.38	0.51	0.51	0	0	0.38
180900	0.38	0.51	0.51	0	0	0.38
181000	0.38	0.51	0.51	0	0	0.38
181100	0.37	0.51	0.51	0	0	0.37
181200	0.38	0.51	0.51	0	0	0.38
181300	0.38	0.51	0.51	0	0	0.38
181400	0.38	0.51	0.51	0	0	0.38
181500	0.38	0.51	0.51	0	0	0.38
181600	0.38	0.51	0.51	0	0	0.38
181700	0.38	0.51	0.51	0	0	0.38
181800	0.38	0.51	0.51	0	0	0.38
181900	0.38	0.51	0.51	0	0	0.38
182000	0.38	0.51	0.51	0	0	0.38
182100	0.38	0.51	0.51	0	0	0.38
182200	0.38	0.51	0.51	0	0	0.38
182300	0.38	0.51	0.51	0	0	0.38
182400	0.38	0.51	0.51	0	0	0.38
182500	0.38	0.51	0.51	0	0	0.38
182600	0.38	0.51	0.51	0	0	0.38
182700	0.38	0.51	0.51	0	0	0.38
182800	0.38	0.51	0.51	0	0	0.38
182900	0.38	0.51	0.51	0	0	0.38
183000	0.38	0.51	0.51	0	0	0.38
183100	0.38	0.51	0.51	0	0	0.38
183200	0.38	0.51	0.51	0	0	0.38
183300	0.38	0.51	0.51	0	0	0.38
183400	0.38	0.51	0.51	0	0	0.38
183500	0.38	0.51	0.51	0	0	0.38
183600	0.38	0.51	0.51	0	0	0.38
183700	0.38	0.51	0.51	0	0	0.38
183800	0.38	0.51	0.51	0	0	0.38
183900	0.38	0.51	0.51	0	0	0.38
184000	0.38	0.51	0.51	0	0	0.38
184100	0.39	0.51	0.51	0	0	0.39
184200	0.39	0.51	0.51	0	0	0.39
184300	0.39	0.51	0.51	0	0	0.39
184400	0.39	0.51	0.51	0	0	0.39
184500	0.39	0.51	0.51	0	0	0.39
184600	0.39	0.51	0.51	0	0	0.39
184700	0.39	0.51	0.51	0	0	0.39
184800	0.39	0.51	0.51	0	0	0.39
184900	0.39	0.51	0.51	0	0	0.39
185000	0.39	0.51	0.51	0	0	0.39
185100	0.39	0.51	0.51	0	0	0.39
185200	0.39	0.51	0.51	0	0	0.39
185300	0.39	0.51	0.51	0	0	0.39
185400	0.39	0.51	0.51	0	0	0.39
185500	0.39	0.51	0.51	0	0	0.39
185600	0.39	0.51	0.51	0	0	0.39
185700	0.39	0.51	0.51	0	0	0.39
185800	0.39	0.52	0.52	0	0	0.39
185900	0.39	0.52	0.52	0	0	0.39
186000	0.39	0.52	0.52	0	0	0.39
186100	0.39	0.52	0.52	0	0	0.39
186200	0.39	0.52	0.52	0	0	0.39
186300	0.38	0.52	0.52	0	0	0.38
186400	0.38	0.52	0.52	0	0	0.38
186500	0.39	0.52	0.52	0	0	0.39
186600	0.39	0.52	0.52	0	0	0.39
186700	0.39	0.52	0.52	0	0	0.39
186800	0.38	0.52	0.52	0	0	0.38
186900	0.38	0.52	0.52	0	0	0.38
187000	0.38	0.52	0.52	0	0	0.38
187100	0.38	0.52	0.52	0	0	0.38
187200	0.38	0.52	0.52	0	0	0.38
187300	0.38	0.52	0.52	0	0	0.38
187400	0.38	0.52	0.52	0	0	0.38
187500	0.38	0.52	0.52	0	0	0.38
187600	0.39	0.52	0.52	0	0	0.39
187700	0.39	0.51	0.51	0	0	0.39
187800	0.39	0.51	0.51	0	0	0.39
187900	0.39	0.51	0.51	0	0	0.39
188000	0.39	0.51	0.51	0	0	0.39
188100	0.39	0.51	0.51	0	0	0.39
188200	0.39	0.51	0.51	0	0	0.39
188300	0.39	0.51	0.51	0	0	0.39
188400	0.39	0.51	0.51	0	0	0.39
188500	0.39	0.5	0.5	0	0	0.39
188600	0.39	0.5	0.5	0	0	0.39
188700	0.39	0.5	0.5	0	0	0.39
188800	0.39	0.5	0.5	0	0	0.39
188900	0.39	0.5	0.5	0	0	0.39
189000	0.39	0.5	0.5	0	0	0.39
189100	0.4	0.5	0.5	0	0	0.4
189200	0.39	0.5	0.5	0	0	0.39
189300	0.39	0.5	0.5	0	0	0.39
189400	0.39	0.5	0.5	0	0	0.39
189500	0.39	0.5	0.5	0	0	0.39
189600	0.39	0.5	0.5	0	0	0.39
189700	0.39	0.5	0.5	0	0	0.39
189800	0.39	0.5	0.5	0	0	0.39
189900	0.39	0.5	0.5	0	0	0.39
190000	0.39	0.5	0.5	0	0	0.39
190100	0.39	0.5	0.5	0	0	0.39
190200	0.39	0.5	0.5	0	0	0.39
190300	0.39	0.5	0.5	0	0	0.39
190400	0.39	0.5	0.5	0	0	0.39
190500	0.39	0.5	0.5	0	0	0.39
190600	0.39	0.5	0.5	0	0	0.39
190700	0.39	0.5	0.5	0	0	0.39
190800	0.39	0.5	0.5	0	0	0.39
190900	0.39	0.5	0.5	0	0	0.39
191000	0.39	0.5	0.5	0	0	0.39
191100	0.39	0.5	0.5	0	0	0.39
191200	0.39	0.5	0.5	0	0	0.39
191300	0.4	0.5	0.5	0	0	0.4
191400	0.4	0.5	0.5	0	0	0.4
191500	0.4	0.5	0.5	0	0	0.4
191600	0.4	0.5	0.5	0	0	0.4
191700	0.4	0.5	0.5	0	0	0.4
191800	0.4	0.5	0.5	0	0	0.4
191900	0.4	0.51	0.51	0	0	0.4
192000	0.4	0.5	0.5	0	0	0.4
192100	0.4	0.5	0.5	0	0	0.4
192200	0.4	0.5	0.5	0	0	0.4
192300	0.4	0.5	0.5	0	0	0.4
192400	0.4	0.5	0.5	0	0	0.4
192500	0.4	0.5	0.5	0	0	0.4
192600	0.4	0.5	0.5	0	0	0.4
192700	0.4	0.5	0.5	0	0	0.4
192800	0.4	0.5	0.5	0	0	0.4
192900	0.4	0.5	0.5	0	0	0.4
193000	0.4	0.5	0.5	0	0	0.4
193100	0.4	0.49	0.49	0	0	0.4
193200	0.4	0.49	0.49	0	0	0.4
193300	0.4	0.49	0.49	0	0	0.4
193400	0.4	0.49	0.49	0	0	0.4
193500	0.4	0.49	0.49	0	0	0.4
193600	0.4	0.49	0.49	0	0	0.4
193700	0.4	0.49	0.49	0	0	0.4
193800	0.4	0.49	0.49	0	0	0.4
193900	0.4	0.49	0.49	0	0	0.4
194000	0.4	0.49	0.49	0	0	0.4
194100	0.4	0.49	0.49	0	0	0.4
194200	0.4	0.49	0.49	0	0	0.4
194300	0.4	0.49	0.49	0	0	0.4
194400	0.4	0.49	0.49	0	0	0.4
194500	0.4	0.49	0.49	0	0	0.4
194600	0.4	0.49	0.49	0	0	0.4
194700	0.4	0.49	0.49	0	0	0.4
194800	0.4	0.5	0.5	0	0	0.4
194900	0.4	0.51	0.51	0	0	0.4
195000	0.4	0.51	0.51	0	0	0.4
195100	0.4	0.51	0.51	0	0	0.4
195200	0.4	0.51	0.51	0	0	0.4
195300	0.4	0.51	0.51	0	0	0.4
195400	0.4	0.51	0.51	0	0	0.4
195500	0.4	0.51	0.51	0	0	0.4
195600	0.4	0.51	0.51	0	0	0.4
195700	0.4	0.51	0.51	0	0	0.4
195800	0.4	0.5	0.5	0	0	0.4
195900	0.4	0.5	0.5	0	0	0.4
196000	0.4	0.51	0.51	0	0	0.4
196100	0.4	0.51	0.51	0	0	0.4
196200	0.4	0.51	0.51	0	0	0.4
196300	0.4	0.51	0.51	0	0	0.4
196400	0.4	0.51	0.51	0	0	0.4
196500	0.4	0.51	0.51	0	0	0.4
196600	0.4	0.51	0.51	0	0	0.4
196700	0.4	0.51	0.51	0	0	0.4
196800	0.4	0.51	0.51	0	0	0.4
196900	0.4	0.51	0.51	0	0	0.4
197000	0.4	0.51	0.51	0	0	0.4
197100	0.4	0.51	0.51	0	0	0.4
197200	0.41	0.51	0.51	0	0	0.41
197300	0.41	0.51	0.51	0	0	0.41
197400	0.41	0.51	0.51	0	0	0.41
197500	0.41	0.51	0.51	0	0	0.41
197600	0.41	0.51	0.51	0	0	0.41
197700	0.41	0.51	0.51	0	0	0.41
197800	0.41	0.51	0.51	0	0	0.41
197900	0.41	0.51	0.51	0	0	0.41
198000	0.41	0.51	0.51	0	0	0.41
198100	0.41	0.51	0.51	0	0	0.41
198200	0.41	0.52	0.52	0	0	0.41
198300	0.41	0.51	0.51	0	0	0.41
198400	0.41	0.51	0.51	0	0	0.41
198500	0.41	0.51	0.51	0	0	0.41
198600	0.41	0.51	0.51	0	0	0.41
198700	0.41	0.51	0.51	0	0	0.41
198800	0.41	0.51	0.51	0	0	0.41
198900	0.41	0.51	0.51	0	0	0.41
199000	0.41	0.51	0.51	0	0	0.41
199100	0.41	0.51	0.51	0	0	0.41
199200	0.41	0.51	0.51	0	0	0.41
199300	0.41	0.5	0.5	0	0	0.41
199400	0.41	0.5	0.5	0	0	0.41
199500	0.41	0.5	0.5	0	0	0.41
199600	0.41	0.5	0.5	0	0	0.41
199700	0.41	0.5	0.5	0	0	0.41
199800	0.41	0.5	0.5	0	0	0.41
199900	0.41	0.5	0.5	0	0	0.41
200000	0.42	0.5	0.5	0	0	0.42
200100	0.42	0.5	0.5	0	0	0.42
200200	0.42	0.5	0.5	0	0	0.42
200300	0.42	0.5	0.5	0	0	0.42
200400	0.42	0.5	0.5	0	0	0.42
200500	0.42	0.5	0.5	0	0	0.42
200600	0.42	0.5	0.5	0	0	0.42
200700	0.42	0.5	0.5	0	0	0.42
200800	0.42	0.5	0.5	0	0	0.42
200900	0.42	0.5	0.5	0	0	0.42
201000	0.42	0.5	0.5	0	0	0.42
201100	0.42	0.5	0.5	0	0	0.42
201200	0.42	0.5	0.5	0	0	0.42
201300	0.42	0.5	0.5	0	0	0.42
201400	0.42	0.5	0.5	0	0	0.42
201500	0.42	0.5	0.5	0	0	0.42
201600	0.42	0.5	0.5	0	0	0.42
201700	0.42	0.5	0.5	0	0	0.42
201800	0.42	0.5	0.5	0	0	0.42
201900	0.42	0.5	0.5	0	0	0.42
202000	0.42	0.5	0.5	0	0	0.42
202100	0.42	0.5	0.5	0	0	0.42
202200	0.42	0.5	0.5	0	0	0.42
202300	0.42	0.5	0.5	0	0	0.42
202400	0.42	0.5	0.5	0	0	0.42
202500	0.42	0.5	0.5	0	0	0.42
202600	0.42	0.5	0.5	0	0	0.42
202700	0.42	0.5	0.5	0	0	0.42
202800	0.42	0.5	0.5	0	0	0.42
202900	0.42	0.5	0.5	0	0	0.42
203000	0.42	0.5	0.5	0	0	0.42
203100	0.42	0.5	0.5	0	0	0.42
203200	0.42	0.5	0.5	0	0	0.42
203300	0.42	0.5	0.5	0	0	0.42
203400	0.42	0.5	0.5	0	0	0.42
203500	0.42	0.5	0.5	0	0	0.42
203600	0.42	0.5	0.5	0	0	0.42
203700	0.42	0.5	0.5	0	0	0.42
203800	0.42	0.5	0.5	0	0	0.42
203900	0.42	0.5	0.5	0	0	0.42
204000	0.42	0.51	0.51	0	0	0.42
204100	0.42	0.51	0.51	0	0	0.42
204200	0.42	0.51	0.51	0	0	0.42
204300	0.42	0.51	0.51	0	0	0.42
204400	0.42	0.51	0.51	0	0	0.42
204500	0.42	0.5	0.5	0	0	0.42
204600	0.42	0.5	0.5	0	0	0.42
204700	0.42	0.5	0.5	0	0	0.42
204800	0.42	0.5	0.5	0	0	0.42
204900	0.42	0.5	0.5	0	0	0.42
205000	0.42	0.51	0.51	0	0	0.42
205100	0.42	0.5	0.5	0	0	0.42
205200	0.42	0.5	0.5	0	0	0.42
205300	0.42	0.5	0.5	0	0	0.42
205400	0.42	0.5	0.5	0	0	0.42
205500	0.42	0.5	0.5	0	0	0.42
205600	0.42	0.5	0.5	0	0	0.42
205700	0.42	0.49	0.49	0	0	0.42
205800	0.42	0.49	0.49	0	0	0.42
205900	0.42	0.49	0.49	0	0	0.42
206000	0.42	0.49	0.49	0	0	0.42
206100	0.42	0.49	0.49	0	0	0.42
206200	0.42	0.49	0.49	0	0	0.42
206300	0.42	0.49	0.49	0	0	0.42
206400	0.42	0.49	0.49	0	0	0.42
206500	0.42	0.49	0.49	0	0	0.42
206600	0.42	0.49	0.49	0	0	0.42
206700	0.42	0.49	0.49	0	0	0.42
206800	0.42	0.49	0.49	0	0	0.42
206900	0.42	0.49	0.49	0	0	0.42
207000	0.42	0.49	0.49	0	0	0.42
207100	0.42	0.49	0.49	0	0	0.42
207200	0.42	0.49	0.49	0	0	0.42
207300	0.42	0.49	0.49	0	0	0.42
207400	0.42	0.49	0.49	0	0	0.42
207500	0.42	0.49	0.49	0	0	0.42
207600	0.42	0.49	0.49	0	0	0.42
207700	0.42	0.49	0.49	0	0	0.42
207800	0.42	0.49	0.49	0	0	0.42
207900	0.42	0.49	0.49	0	0	0.42
208000	0.42	0.49	0.49	0	0	0.42
208100	0.42	0.49	0.49	0	0	0.42
208200	0.42	0.49	0.49	0	0	0.42
208300	0.42	0.49	0.49	0	0	0.42
208400	0.42	0.49	0.49	0	0	0.42
208500	0.42	0.49	0.49	0	0	0.42
208600	0.42	0.49	0.49	0	0	0.42
208700	0.42	0.49	0.49	0	0	0.42
208800	0.42	0.49	0.49	0	0	0.42
208900	0.42	0.49	0.49	0	0	0.42
209000	0.43	0.49	0.49	0	0	0.43
209100	0.42	0.49	0.49	0	0	0.42
209200	0.42	0.49	0.49	0	0	0.42
209300	0.42	0.49	0.49	0	0	0.42
209400	0.42	0.49	0.49	0	0	0.42
209500	0.42	0.49	0.49	0	0	0.42
209600	0.42	0.49	0.49	0	0	0.42
209700	0.42	0.49	0.49	0	0	0.42
209800	0.42	0.49	0.49	0	0	0.42
209900	0.42	0.49	0.49	0	0	0.42
210000	0.42	0.49	0.49	0	0	0.42
210100	0.42	0.49	0.49	0	0	0.42
210200	0.42	0.49	0.49	0	0	0.42
210300	0.42	0.49	0.49	0	0	0.42
210400	0.42	0.49	0.49	0	0	0.42
210500	0.42	0.49	0.49	0	0	0.42
210600	0.42	0.49	0.49	0	0	0.42
210700	0.42	0.49	0.49	0	0	0.42
210800	0.42	0.49	0.49	0	0	0.42
210900	0.42	0.49	0.49	0	0	0.42
211000	0.43	0.49	0.49	0	0	0.43
211100	0.43	0.49	0.49	0	0	0.43
211200	0.43	0.49	0.49	0	0	0.43
211300	0.43	0.49	0.49	0	0	0.43
211400	0.43	0.49	0.49	0	0	0.43
211500	0.43	0.49	0.49	0	0	0.43
211600	0.43	0.49	0.49	0	0	0.43
211700	0.43	0.49	0.49	0	0	0.43
211800	0.43	0.49	0.49	0	0	0.43
211900	0.43	0.49	0.49	0	0	0.43
212000	0.43	0.49	0.49	0	0	0.43
212100	0.43	0.49	0.49	0	0	0.43
212200	0.43	0.49	0.49	0	0	0.43
212300	0.43	0.49	0.49	0	0	0.43
212400	0.42	0.49	0.49	0	0	0.42
212500	0.42	0.49	0.49	0	0	0.42
212600	0.42	0.49	0.49	0	0	0.42
212700	0.42	0.49	0.49	0	0	0.42
212800	0.42	0.49	0.49	0	0	0.42
212900	0.42	0.49	0.49	0	0	0.42
213000	0.42	0.49	0.49	0	0	0.42
213100	0.42	0.49	0.49	0	0	0.42
213200	0.42	0.49	0.49	0	0	0.42
213300	0.42	0.49	0.49	0	0	0.42
213400	0.42	0.49	0.49	0	0	0.42
213500	0.42	0.49	0.49	0	0	0.42
213600	0.42	0.49	0.49	0	0	0.42
213700	0.42	0.49	0.49	0	0	0.42
213800	0.42	0.49	0.49	0	0	0.42
213900	0.42	0.49	0.49	0	0	0.42
214000	0.42	0.49	0.49	0	0	0.42
214100	0.42	0.49	0.49	0	0	0.42
214200	0.42	0.49	0.49	0	0	0.42
214300	0.42	0.49	0.49	0	0	0.42
214400	0.42	0.49	0.49	0	0	0.42
214500	0.42	0.49	0.49	0	0	0.42
214600	0.42	0.49	0.49	0	0	0.42
214700	0.42	0.49	0.49	0	0	0.42
214800	0.42	0.49	0.49	0	0	0.42
214900	0.42	0.49	0.49	0	0	0.42
215000	0.42	0.49	0.49	0	0	0.42
215100	0.42	0.49	0.49	0	0	0.42
215200	0.42	0.49	0.49	0	0	0.42
215300	0.42	0.49	0.49	0	0	0.42
215400	0.42	0.49	0.49	0	0	0.42
215500	0.42	0.49	0.49	0	0	0.42
215600	0.42	0.5	0.5	0	0	0.42
215700	0.42	0.49	0.49	0	0	0.42
215800	0.42	0.5	0.5	0	0	0.42
215900	0.42	0.5	0.5	0	0	0.42
216000	0.42	0.5	0.5	0	0	0.42
216100	0.42	0.5	0.5	0	0	0.42
216200	0.42	0.5	0.5	0	0	0.42
216300	0.42	0.5	0.5	0	0	0.42
216400	0.42	0.5	0.5	0	0	0.42
216500	0.41	0.5	0.5	0	0	0.41
216600	0.41	0.5	0.5	0	0	0.41
216700	0.41	0.5	0.5	0	0	0.41
216800	0.41	0.5	0.5	0	0	0.41
216900	0.41	0.5	0.5	0	0	0.41
217000	0.4	0.5	0.5	0	0	0.4
217100	0.4	0.5	0.5	0	0	0.4
217200	0.4	0.5	0.5	0	0	0.4
217300	0.4	0.5	0.5	0	0	0.4
217400	0.4	0.5	0.5	0	0	0.4
217500	0.4	0.5	0.5	0	0	0.4
217600	0.4	0.5	0.5	0	0	0.4
217700	0.4	0.5	0.5	0	0	0.4
217800	0.4	0.5	0.5	0	0	0.4
217900	0.4	0.5	0.5	0	0	0.4
218000	0.4	0.5	0.5	0	0	0.4
218100	0.4	0.51	0.51	0	0	0.4
218200	0.4	0.5	0.5	0	0	0.4
218300	0.4	0.5	0.5	0	0	0.4
218400	0.4	0.5	0.5	0	0	0.4
218500	0.41	0.5	0.5	0	0	0.41
218600	0.41	0.5	0.5	0	0	0.41
218700	0.41	0.5	0.5	0	0	0.41
218800	0.41	0.5	0.5	0	0	0.41
218900	0.41	0.5	0.5	0	0	0.41
219000	0.41	0.5	0.5	0	0	0.41
219100	0.41	0.5	0.5	0	0	0.41
219200	0.41	0.5	0.5	0	0	0.41
219300	0.4	0.5	0.5	0	0	0.4
219400	0.4	0.5	0.5	0	0	0.4
219500	0.4	0.5	0.5	0	0	0.4
219600	0.41	0.5	0.5	0	0	0.41
219700	0.42	0.5	0.5	0	0	0.42
219800	0.42	0.5	0.5	0	0	0.42
219900	0.42	0.5	0.5	0	0	0.42
220000	0.42	0.5	0.5	0	0	0.42
220100	0.42	0.5	0.5	0	0	0.42
220200	0.42	0.5	0.5	0	0	0.42
220300	0.42	0.5	0.5	0	0	0.42
220400	0.43	0.5	0.5	0	0	0.43
220500	0.43	0.5	0.5	0	0	0.43
220600	0.43	0.5	0.5	0	0	0.43
220700	0.43	0.5	0.5	0	0	0.43
220800	0.43	0.5	0.5	0	0	0.43
220900	0.43	0.5	0.5	0	0	0.43
221000	0.43	0.5	0.5	0	0	0.43
221100	0.43	0.5	0.5	0	0	0.43
221200	0.43	0.5	0.5	0	0	0.43
221300	0.43	0.5	0.5	0	0	0.43
221400	0.43	0.5	0.5	0	0	0.43
221500	0.43	0.5	0.5	0	0	0.43
221600	0.43	0.5	0.5	0	0	0.43
221700	0.43	0.5	0.5	0	0	0.43
221800	0.43	0.5	0.5	0	0	0.43
221900	0.43	0.5	0.5	0	0	0.43
222000	0.43	0.5	0.5	0	0	0.43
222100	0.43	0.5	0.5	0	0	0.43
222200	0.43	0.5	0.5	0	0	0.43
222300	0.43	0.5	0.5	0	0	0.43
222400	0.43	0.5	0.5	0	0	0.43
222500	0.43	0.5	0.5	0	0	0.43
222600	0.43	0.5	0.5	0	0	0.43
222700	0.43	0.5	0.5	0	0	0.43
222800	0.43	0.5	0.5	0	0	0.43
222900	0.43	0.5	0.5	0	0	0.43
223000	0.43	0.5	0.5	0	0	0.43
223100	0.43	0.5	0.5	0	0	0.43
223200	0.42	0.5	0.5	0	0	0.42
223300	0.42	0.51	0.51	0	0	0.42
223400	0.41	0.5	0.5	0	0	0.41
223500	0.41	0.5	0.5	0	0	0.41
223600	0.41	0.51	0.51	0	0	0.41
223700	0.41	0.5	0.5	0	0	0.41
223800	0.41	0.5	0.5	0	0	0.41
223900	0.41	0.5	0.5	0	0	0.41
224000	0.41	0.5	0.5	0	0	0.41
224100	0.41	0.5	0.5	0	0	0.41
224200	0.4	0.5	0.5	0	0	0.4
224300	0.4	0.5	0.5	0	0	0.4
224400	0.4	0.5	0.5	0	0	0.4
224500	0.4	0.5	0.5	0	0	0.4
224600	0.4	0.5	0.5	0	0	0.4
224700	0.4	0.5	0.5	0	0	0.4
224800	0.4	0.5	0.5	0	0	0.4
224900	0.4	0.5	0.5	0	0	0.4
225000	0.4	0.5	0.5	0	0	0.4
225100	0.4	0.5	0.5	0	0	0.4
225200	0.4	0.5	0.5	0	0	0.4
225300	0.4	0.5	0.5	0	0	0.4
225400	0.4	0.5	0.5	0	0	0.4
225500	0.4	0.5	0.5	0	0	0.4
225600	0.4	0.5	0.5	0	0	0.4
225700	0.4	0.5	0.5	0	0	0.4
225800	0.4	0.5	0.5	0	0	0.4
225900	0.4	0.5	0.5	0	0	0.4
226000	0.4	0.5	0.5	0	0	0.4
226100	0.4	0.5	0.5	0	0	0.4
226200	0.4	0.5	0.5	0	0	0.4
226300	0.4	0.5	0.5	0	0	0.4
226400	0.4	0.5	0.5	0	0	0.4
226500	0.4	0.5	0.5	0	0	0.4
226600	0.4	0.5	0.5	0	0	0.4
226700	0.4	0.5	0.5	0	0	0.4
226800	0.4	0.5	0.5	0	0	0.4
226900	0.4	0.5	0.5	0	0	0.4
227000	0.4	0.5	0.5	0	0	0.4
227100	0.4	0.5	0.5	0	0	0.4
227200	0.4	0.5	0.5	0	0	0.4
227300	0.4	0.5	0.5	0	0	0.4
227400	0.4	0.5	0.5	0	0	0.4
227500	0.4	0.5	0.5	0	0	0.4
227600	0.4	0.5	0.5	0	0	0.4
227700	0.4	0.51	0.51	0	0	0.4
227800	0.4	0.5	0.5	0	0	0.4
227900	0.4	0.5	0.5	0	0	0.4
228000	0.4	0.5	0.5	0	0	0.4
228100	0.4	0.5	0.5	0	0	0.4
228200	0.4	0.5	0.5	0	0	0.4
228300	0.4	0.5	0.5	0	0	0.4
228400	0.4	0.5	0.5	0	0	0.4
228500	0.4	0.5	0.5	0	0	0.4
228600	0.4	0.5	0.5	0	0	0.4
228700	0.4	0.5	0.5	0	0	0.4
228800	0.4	0.5	0.5	0	0	0.4
228900	0.4	0.5	0.5	0	0	0.4
229000	0.4	0.5	0.5	0	0	0.4
229100	0.4	0.5	0.5	0	0	0.4
229200	0.4	0.49	0.49	0	0	0.4
229300	0.4	0.48	0.48	0	0	0.4
229400	0.4	0.48	0.48	0	0	0.4
229500	0.4	0.47	0.47	0	0	0.4
229600	0.4	0.47	0.47	0	0	0.4
229700	0.4	0.47	0.47	0	0	0.4
229800	0.4	0.47	0.47	0	0	0.4
229900	0.4	0.47	0.47	0	0	0.4
230000	0.4	0.47	0.47	0	0	0.4
230100	0.4	0.47	0.47	0	0	0.4
230200	0.4	0.47	0.47	0	0	0.4
230300	0.4	0.47	0.47	0	0	0.4
230400	0.4	0.47	0.47	0	0	0.4
230500	0.4	0.47	0.47	0	0	0.4
230600	0.4	0.47	0.47	0	0	0.4
230700	0.4	0.47	0.47	0	0	0.4
230800	0.4	0.47	0.47	0	0	0.4
230900	0.4	0.47	0.47	0	0	0.4
231000	0.4	0.47	0.47	0	0	0.4
231100	0.4	0.47	0.47	0	0	0.4
231200	0.4	0.47	0.47	0	0	0.4
231300	0.4	0.47	0.47	0	0	0.4
231400	0.4	0.47	0.47	0	0	0.4
231500	0.4	0.47	0.47	0	0	0.4
231600	0.4	0.47	0.47	0	0	0.4
231700	0.4	0.47	0.47	0	0	0.4
231800	0.4	0.47	0.47	0	0	0.4
231900	0.4	0.47	0.47	0	0	0.4
232000	0.4	0.47	0.47	0	0	0.4
232100	0.4	0.47	0.47	0	0	0.4
232200	0.4	0.47	0.47	0	0	0.4
232300	0.4	0.47	0.47	0	0	0.4
232400	0.4	0.47	0.47	0	0	0.4
232500	0.4	0.47	0.47	0	0	0.4
232600	0.4	0.47	0.47	0	0	0.4
232700	0.4	0.47	0.47	0	0	0.4
232800	0.4	0.47	0.47	0	0	0.4
232900	0.4	0.47	0.47	0	0	0.4
233000	0.4	0.47	0.47	0	0	0.4
233100	0.4	0.47	0.47	0	0	0.4
233200	0.4	0.47	0.47	0	0	0.4
233300	0.4	0.47	0.47	0	0	0.4
233400	0.4	0.47	0.47	0	0	0.4
233500	0.4	0.47	0.47	0	0	0.4
233600	0.4	0.47	0.47	0	0	0.4
233700	0.4	0.47	0.47	0	0	0.4
233800	0.4	0.47	0.47	0	0	0.4
233900	0.4	0.47	0.47	0	0	0.4
234000	0.4	0.47	0.47	0	0	0.4
234100	0.4	0.47	0.47	0	0	0.4
234200	0.4	0.47	0.47	0	0	0.4
234300	0.4	0.47	0.47	0	0	0.4
234400	0.4	0.47	0.47	0	0	0.4
234500	0.4	0.47	0.47	0	0	0.4
234600	0.4	0.47	0.47	0	0	0.4
234700	0.41	0.47	0.47	0	0	0.41
234800	0.41	0.47	0.47	0	0	0.41
234900	0.41	0.47	0.47	0	0	0.41
235000	0.41	0.47	0.47	0	0	0.41
235100	0.41	0.47	0.47	0	0	0.41
235200	0.41	0.47	0.47	0	0	0.41
235300	0.42	0.47	0.47	0	0	0.42
235400	0.41	0.47	0.47	0	0	0.41
235500	0.41	0.47	0.47	0	0	0.41
235600	0.41	0.47	0.47	0	0	0.41
235700	0.41	0.47	0.47	0	0	0.41
235800	0.41	0.47	0.47	0	0	0.41
235900	0.41	0.47	0.47	0	0	0.41
236000	0.41	0.47	0.47	0	0	0.41
236100	0.41	0.48	0.48	0	0	0.41
236200	0.41	0.48	0.48	0	0	0.41
236300	0.41	0.48	0.48	0	0	0.41
236400	0.41	0.49	0.49	0	0	0.41
236500	0.41	0.48	0.48	0	0	0.41
236600	0.41	0.48	0.48	0	0	0.41
236700	0.41	0.48	0.48	0	0	0.41
236800	0.41	0.47	0.47	0	0	0.41
236900	0.41	0.47	0.47	0	0	0.41
237000	0.41	0.47	0.47	0	0	0.41
237100	0.41	0.47	0.47	0	0	0.41
237200	0.41	0.47	0.47	0	0	0.41
237300	0.41	0.47	0.47	0	0	0.41
237400	0.41	0.47	0.47	0	0	0.41
237500	0.41	0.47	0.47	0	0	0.41
237600	0.41	0.47	0.47	0	0	0.41
237700	0.41	0.47	0.47	0	0	0.41
237800	0.41	0.47	0.47	0	0	0.41
237900	0.41	0.47	0.47	0	0	0.41
238000	0.41	0.47	0.47	0	0	0.41
238100	0.41	0.47	0.47	0	0	0.41
238200	0.41	0.47	0.47	0	0	0.41
238300	0.41	0.47	0.47	0	0	0.41
238400	0.41	0.47	0.47	0	0	0.41
238500	0.41	0.47	0.47	0	0	0.41
238600	0.41	0.47	0.47	0	0	0.41
238700	0.41	0.48	0.48	0	0	0.41
238800	0.41	0.47	0.47	0	0	0.41
238900	0.41	0.47	0.47	0	0	0.41
239000	0.41	0.47	0.47	0	0	0.41
239100	0.41	0.47	0.47	0	0	0.41
239200	0.41	0.47	0.47	0	0	0.41
239300	0.41	0.47	0.47	0	0	0.41
239400	0.41	0.47	0.47	0	0	0.41
239500	0.41	0.47	0.47	0	0	0.41
239600	0.41	0.47	0.47	0	0	0.41
239700	0.41	0.47	0.47	0	0	0.41
239800	0.41	0.47	0.47	0	0	0.41
239900	0.41	0.47	0.47	0	0	0.41
240000	0.41	0.47	0.47	0	0	0.41
240100	0.41	0.47	0.47	0	0	0.41
240200	0.42	0.47	0.47	0	0	0.42
240300	0.42	0.47	0.47	0	0	0.42
240400	0.42	0.47	0.47	0	0	0.42
240500	0.42	0.47	0.47	0	0	0.42
240600	0.42	0.47	0.47	0	0	0.42
240700	0.42	0.47	0.47	0	0	0.42
240800	0.42	0.47	0.47	0	0	0.42
240900	0.42	0.47	0.47	0	0	0.42
241000	0.42	0.47	0.47	0	0	0.42
241100	0.42	0.47	0.47	0	0	0.42
241200	0.42	0.47	0.47	0	0	0.42
241300	0.42	0.47	0.47	0	0	0.42
241400	0.42	0.47	0.47	0	0	0.42
241500	0.42	0.47	0.47	0	0	0.42
241600	0.42	0.47	0.47	0	0	0.42
241700	0.41	0.47	0.47	0	0	0.41
241800	0.41	0.47	0.47	0	0	0.41
241900	0.41	0.47	0.47	0	0	0.41
242000	0.41	0.48	0.48	0	0	0.41
242100	0.41	0.48	0.48	0	0	0.41
242200	0.41	0.48	0.48	0	0	0.41
242300	0.41	0.48	0.48	0	0	0.41
242400	0.41	0.48	0.48	0	0	0.41
242500	0.41	0.48	0.48	0	0	0.41
242600	0.42	0.48	0.48	0	0	0.42
242700	0.42	0.48	0.48	0	0	0.42
242800	0.4	0.48	0.48	0	0	0.4
242900	0.4	0.48	0.48	0	0	0.4
243000	0.4	0.48	0.48	0	0	0.4
243100	0.4	0.48	0.48	0	0	0.4
243200	0.4	0.48	0.48	0	0	0.4
243300	0.4	0.48	0.48	0	0	0.4
243400	0.4	0.48	0.48	0	0	0.4
243500	0.4	0.48	0.48	0	0	0.4
243600	0.4	0.48	0.48	0	0	0.4
243700	0.4	0.48	0.48	0	0	0.4
243800	0.4	0.48	0.48	0	0	0.4
243900	0.4	0.48	0.48	0	0	0.4
244000	0.4	0.48	0.48	0	0	0.4
244100	0.4	0.49	0.49	0	0	0.4
244200	0.4	0.49	0.49	0	0	0.4
244300	0.4	0.48	0.48	0	0	0.4
244400	0.4	0.48	0.48	0	0	0.4
244500	0.4	0.48	0.48	0	0	0.4
244600	0.4	0.48	0.48	0	0	0.4
244700	0.4	0.48	0.48	0	0	0.4
244800	0.4	0.48	0.48	0	0	0.4
244900	0.4	0.48	0.48	0	0	0.4
245000	0.4	0.48	0.48	0	0	0.4
245100	0.4	0.48	0.48	0	0	0.4
245200	0.4	0.48	0.48	0	0	0.4
245300	0.4	0.48	0.48	0	0	0.4
245400	0.4	0.48	0.48	0	0	0.4
245500	0.4	0.48	0.48	0	0	0.4
245600	0.4	0.48	0.48	0	0	0.4
245700	0.4	0.48	0.48	0	0	0.4
245800	0.41	0.48	0.48	0	0	0.41
245900	0.41	0.48	0.48	0	0	0.41
246000	0.41	0.48	0.48	0	0	0.41
246100	0.41	0.48	0.48	0	0	0.41
246200	0.41	0.48	0.48	0	0	0.41
246300	0.41	0.48	0.48	0	0	0.41
246400	0.41	0.48	0.48	0	0	0.41
246500	0.41	0.48	0.48	0	0	0.41
246600	0.41	0.48	0.48	0	0	0.41
246700	0.41	0.48	0.48	0	0	0.41
246800	0.41	0.48	0.48	0	0	0.41
246900	0.42	0.48	0.48	0	0	0.42
247000	0.42	0.48	0.48	0	0	0.42
247100	0.42	0.48	0.48	0	0	0.42
247200	0.42	0.48	0.48	0	0	0.42
247300	0.42	0.48	0.48	0	0	0.42
247400	0.42	0.48	0.48	0	0	0.42
247500	0.43	0.48	0.48	0	0	0.43
247600	0.43	0.48	0.48	0	0	0.43
247700	0.43	0.48	0.48	0	0	0.43
247800	0.43	0.48	0.48	0	0	0.43
247900	0.43	0.49	0.49	0	0	0.43
248000	0.43	0.48	0.48	0	0	0.43
248100	0.43	0.48	0.48	0	0	0.43
248200	0.43	0.48	0.48	0	0	0.43
248300	0.43	0.48	0.48	0	0	0.43
248400	0.43	0.48	0.48	0	0	0.43
248500	0.43	0.48	0.48	0	0	0.43
248600	0.43	0.49	0.49	0	0	0.43
248700	0.43	0.49	0.49	0	0	0.43
248800	0.43	0.49	0.49	0	0	0.43
248900	0.43	0.49	0.49	0	0	0.43
249000	0.43	0.49	0.49	0	0	0.43
249100	0.43	0.49	0.49	0	0	0.43
249200	0.43	0.49	0.49	0	0	0.43
249300	0.42	0.49	0.49	0	0	0.42
249400	0.43	0.49	0.49	0	0	0.43
249500	0.43	0.49	0.49	0	0	0.43
249600	0.44	0.49	0.49	0	0	0.44
249700	0.43	0.49	0.49	0	0	0.43
249800	0.43	0.49	0.49	0	0	0.43
249900	0.43	0.49	0.49	0	0	0.43
250000	0.43	0.49	0.49	0	0	0.43
250100	0.43	0.49	0.49	0	0	0.43
250200	0.42	0.49	0.49	0	0	0.42
250300	0.42	0.49	0.49	0	0	0.42
250400	0.42	0.49	0.49	0	0	0.42
250500	0.42	0.49	0.49	0	0	0.42
250600	0.42	0.49	0.49	0	0	0.42
250700	0.42	0.49	0.49	0	0	0.42
250800	0.42	0.49	0.49	0	0	0.42
250900	0.42	0.5	0.5	0	0	0.42
251000	0.42	0.5	0.5	0	0	0.42
251100	0.42	0.49	0.49	0	0	0.42
251200	0.42	0.49	0.49	0	0	0.42
251300	0.42	0.5	0.5	0	0	0.42
251400	0.42	0.5	0.5	0	0	0.42
251500	0.42	0.5	0.5	0	0	0.42
251600	0.42	0.5	0.5	0	0	0.42
251700	0.42	0.5	0.5	0	0	0.42
251800	0.42	0.5	0.5	0	0	0.42
251900	0.42	0.5	0.5	0	0	0.42
252000	0.42	0.5	0.5	0	0	0.42
252100	0.42	0.5	0.5	0	0	0.42
252200	0.42	0.5	0.5	0	0	0.42
252300	0.42	0.5	0.5	0	0	0.42
252400	0.41	0.5	0.5	0	0	0.41
252500	0.41	0.5	0.5	0	0	0.41
252600	0.41	0.5	0.5	0	0	0.41
252700	0.41	0.5	0.5	0	0	0.41
252800	0.41	0.5	0.5	0	0	0.41
252900	0.41	0.5	0.5	0	0	0.41
253000	0.41	0.5	0.5	0	0	0.41
253100	0.41	0.5	0.5	0	0	0.41
253200	0.42	0.5	0.5	0	0	0.42
253300	0.42	0.5	0.5	0	0	0.42
253400	0.42	0.5	0.5	0	0	0.42
253500	0.42	0.5	0.5	0	0	0.42
253600	0.42	0.5	0.5	0	0	0.42
253700	0.42	0.5	0.5	0	0	0.42
253800	0.42	0.5	0.5	0	0	0.42
253900	0.42	0.5	0.5	0	0	0.42
254000	0.42	0.5	0.5	0	0	0.42
254100	0.42	0.5	0.5	0	0	0.42
254200	0.42	0.5	0.5	0	0	0.42
254300	0.42	0.51	0.51	0	0	0.42
254400	0.42	0.5	0.5	0	0	0.42
254500	0.42	0.5	0.5	0	0	0.42
254600	0.42	0.5	0.5	0	0	0.42
254700	0.42	0.5	0.5	0	0	0.42
254800	0.42	0.5	0.5	0	0	0.42
254900	0.42	0.5	0.5	0	0	0.42
255000	0.42	0.5	0.5	0	0	0.42
255100	0.42	0.5	0.5	0	0	0.42
255200	0.42	0.5	0.5	0	0	0.42
255300	0.42	0.5	0.5	0	0	0.42
255400	0.42	0.5	0.5	0	0	0.42
255500	0.42	0.5	0.5	0	0	0.42
255600	0.42	0.5	0.5	0	0	0.42
255700	0.42	0.5	0.5	0	0	0.42
255800	0.42	0.5	0.5	0	0	0.42
255900	0.42	0.5	0.5	0	0	0.42
256000	0.42	0.5	0.5	0	0	0.42
256100	0.42	0.5	0.5	0	0	0.42
256200	0.42	0.5	0.5	0	0	0.42
256300	0.42	0.5	0.5	0	0	0.42
256400	0.42	0.5	0.5	0	0	0.42
256500	0.42	0.5	0.5	0	0	0.42
256600	0.42	0.5	0.5	0	0	0.42
256700	0.42	0.5	0.5	0	0	0.42
256800	0.42	0.49	0.49	0	0	0.42
256900	0.42	0.49	0.49	0	0	0.42
257000	0.42	0.49	0.49	0	0	0.42
257100	0.43	0.49	0.49	0	0	0.43
257200	0.43	0.5	0.5	0	0	0.43
257300	0.43	0.49	0.49	0	0	0.43
257400	0.43	0.49	0.49	0	0	0.43
257500	0.43	0.49	0.49	0	0	0.43
257600	0.43	0.49	0.49	0	0	0.43
257700	0.43	0.5	0.5	0	0	0.43
257800	0.43	0.49	0.49	0	0	0.43
257900	0.43	0.49	0.49	0	0	0.43
258000	0.43	0.49	0.49	0	0	0.43
258100	0.42	0.49	0.49	0	0	0.42
258200	0.42	0.49	0.49	0	0	0.42
258300	0.42	0.49	0.49	0	0	0.42
258400	0.42	0.49	0.49	0	0	0.42
258500	0.41	0.49	0.49	0	0	0.41
258600	0.41	0.49	0.49	0	0	0.41
258700	0.41	0.49	0.49	0	0	0.41
258800	0.41	0.49	0.49	0	0	0.41
258900	0.41	0.49	0.49	0	0	0.41
259000	0.41	0.49	0.49	0	0	0.41
259100	0.41	0.49	0.49	0	0	0.41
259200	0.41	0.49	0.49	0	0	0.41
259300	0.41	0.49	0.49	0	0	0.41
259400	0.41	0.49	0.49	0	0	0.41
259500	0.41	0.49	0.49	0	0	0.41
259600	0.41	0.49	0.49	0	0	0.41
259700	0.41	0.49	0.49	0	0	0.41
259800	0.41	0.49	0.49	0	0	0.41
259900	0.41	0.49	0.49	0	0	0.41
260000	0.41	0.49	0.49	0	0	0.41
260100	0.41	0.49	0.49	0	0	0.41
260200	0.41	0.49	0.49	0	0	0.41
260300	0.41	0.49	0.49	0	0	0.41
260400	0.41	0.49	0.49	0	0	0.41
260500	0.41	0.49	0.49	0	0	0.41
260600	0.41	0.49	0.49	0	0	0.41
260700	0.41	0.49	0.49	0	0	0.41
260800	0.41	0.5	0.5	0	0	0.41
260900	0.41	0.5	0.5	0	0	0.41
261000	0.41	0.5	0.5	0	0	0.41
261100	0.41	0.5	0.5	0	0	0.41
261200	0.41	0.5	0.5	0	0	0.41
261300	0.42	0.5	0.5	0	0	0.42
261400	0.42	0.49	0.49	0	0	0.42
261500	0.42	0.49	0.49	0	0	0.42
261600	0.42	0.49	0.49	0	0	0.42
261700	0.42	0.5	0.5	0	0	0.42
261800	0.42	0.49	0.49	0	0	0.42
261900	0.42	0.49	0.49	0	0	0.42
262000	0.42	0.49	0.49	0	0	0.42
262100	0.42	0.5	0.5	0	0	0.42
262200	0.42	0.5	0.5	0	0	0.42
262300	0.42	0.5	0.5	0	0	0.42
262400	0.42	0.5	0.5	0	0	0.42
262500	0.42	0.5	0.5	0	0	0.42
262600	0.42	0.5	0.5	0	0	0.42
262700	0.42	0.5	0.5	0	0	0.42
262800	0.42	0.5	0.5	0	0	0.42
262900	0.42	0.5	0.5	0	0	0.42
263000	0.42	0.51	0.51	0	0	0.42
263100	0.42	0.5	0.5	0	0	0.42
263200	0.42	0.5	0.5	0	0	0.42
263300	0.42	0.49	0.49	0	0	0.42
263400	0.42	0.49	0.49	0	0	0.42
263500	0.42	0.49	0.49	0	0	0.42
263600	0.42	0.49	0.49	0	0	0.42
263700	0.42	0.49	0.49	0	0	0.42
263800	0.42	0.49	0.49	0	0	0.42
263900	0.42	0.49	0.49	0	0	0.42
264000	0.42	0.49	0.49	0	0	0.42
264100	0.42	0.49	0.49	0	0	0.42
264200	0.42	0.49	0.49	0	0	0.42
264300	0.42	0.49	0.49	0	0	0.42
264400	0.42	0.49	0.49	0	0	0.42
264500	0.42	0.5	0.5	0	0	0.42
264600	0.42	0.49	0.49	0	0	0.42
264700	0.42	0.49	0.49	0	0	0.42
264800	0.42	0.49	0.49	0	0	0.42
264900	0.42	0.49	0.49	0	0	0.42
265000	0.42	0.49	0.49	0	0	0.42
265100	0.42	0.49	0.49	0	0	0.42
265200	0.42	0.49	0.49	0	0	0.42
265300	0.42	0.49	0.49	0	0	0.42
265400	0.42	0.49	0.49	0	0	0.42
265500	0.42	0.49	0.49	0	0	0.42
265600	0.42	0.49	0.49	0	0	0.42
265700	0.42	0.49	0.49	0	0	0.42
265800	0.42	0.49	0.49	0	0	0.42
265900	0.42	0.49	0.49	0	0	0.42
266000	0.42	0.49	0.49	0	0	0.42
266100	0.42	0.49	0.49	0	0	0.42
266200	0.42	0.49	0.49	0	0	0.42
266300	0.42	0.49	0.49	0	0	0.42
266400	0.42	0.49	0.49	0	0	0.42
266500	0.42	0.49	0.49	0	0	0.42
266600	0.42	0.49	0.49	0	0	0.42
266700	0.42	0.49	0.49	0	0	0.42
266800	0.42	0.49	0.49	0	0	0.42
266900	0.42	0.49	0.49	0	0	0.42
267000	0.42	0.49	0.49	0	0	0.42
267100	0.42	0.5	0.5	0	0	0.42
267200	0.42	0.49	0.49	0	0	0.42
267300	0.42	0.49	0.49	0	0	0.42
267400	0.42	0.49	0.49	0	0	0.42
267500	0.42	0.49	0.49	0	0	0.42
267600	0.42	0.49	0.49	0	0	0.42
267700	0.42	0.49	0.49	0	0	0.42
267800	0.42	0.5	0.5	0	0	0.42
267900	0.42	0.5	0.5	0	0	0.42
268000	0.42	0.5	0.5	0	0	0.42
268100	0.42	0.5	0.5	0	0	0.42
268200	0.42	0.5	0.5	0	0	0.42
268300	0.42	0.5	0.5	0	0	0.42
268400	0.42	0.5	0.5	0	0	0.42
268500	0.42	0.5	0.5	0	0	0.42
268600	0.42	0.5	0.5	0	0	0.42
268700	0.42	0.5	0.5	0	0	0.42
268800	0.42	0.5	0.5	0	0	0.42
268900	0.42	0.5	0.5	0	0	0.42
269000	0.42	0.5	0.5	0	0	0.42
269100	0.42	0.5	0.5	0	0	0.42
269200	0.42	0.5	0.5	0	0	0.42
269300	0.42	0.5	0.5	0	0	0.42
269400	0.42	0.5	0.5	0	0	0.42
269500	0.42	0.5	0.5	0	0	0.42
269600	0.42	0.49	0.49	0	0	0.42
269700	0.42	0.49	0.49	0	0	0.42
269800	0.42	0.49	0.49	0	0	0.42
269900	0.42	0.49	0.49	0	0	0.42
270000	0.42	0.49	0.49	0	0	0.42
270100	0.42	0.49	0.49	0	0	0.42
270200	0.42	0.49	0.49	0	0	0.42
270300	0.42	0.49	0.49	0	0	0.42
270400	0.42	0.49	0.49	0	0	0.42
270500	0.42	0.49	0.49	0	0	0.42
270600	0.42	0.49	0.49	0	0	0.42
270700	0.43	0.49	0.49	0	0	0.43
270800	0.42	0.49	0.49	0	0	0.42
270900	0.42	0.49	0.49	0	0	0.42
271000	0.42	0.49	0.49	0	0	0.42
271100	0.42	0.49	0.49	0	0	0.42
271200	0.42	0.49	0.49	0	0	0.42
271300	0.42	0.49	0.49	0	0	0.42
271400	0.42	0.49	0.49	0	0	0.42
271500	0.42	0.49	0.49	0	0	0.42
271600	0.42	0.49	0.49	0	0	0.42
271700	0.42	0.49	0.49	0	0	0.42
271800	0.42	0.49	0.49	0	0	0.42
271900	0.42	0.49	0.49	0	0	0.42
272000	0.42	0.49	0.49	0	0	0.42
272100	0.42	0.49	0.49	0	0	0.42
272200	0.42	0.48	0.48	0	0	0.42
272300	0.43	0.48	0.48	0	0	0.43
272400	0.43	0.48	0.48	0	0	0.43
272500	0.42	0.48	0.48	0	0	0.42
272600	0.42	0.48	0.48	0	0	0.42
272700	0.42	0.48	0.48	0	0	0.42
272800	0.42	0.48	0.48	0	0	0.42
272900	0.42	0.48	0.48	0	0	0.42
273000	0.42	0.48	0.48	0	0	0.42
273100	0.42	0.48	0.48	0	0	0.42
273200	0.42	0.48	0.48	0	0	0.42
273300	0.42	0.48	0.48	0	0	0.42
273400	0.42	0.48	0.48	0	0	0.42
273500	0.42	0.48	0.48	0	0	0.42
273600	0.42	0.48	0.48	0	0	0.42
273700	0.42	0.48	0.48	0	0	0.42
273800	0.42	0.48	0.48	0	0	0.42
273900	0.42	0.48	0.48	0	0	0.42
274000	0.42	0.48	0.48	0	0	0.42
274100	0.42	0.48	0.48	0	0	0.42
274200	0.42	0.48	0.48	0	0	0.42
274300	0.42	0.48	0.48	0	0	0.42
274400	0.42	0.48	0.48	0	0	0.42
274500	0.42	0.48	0.48	0	0	0.42
274600	0.42	0.48	0.48	0	0	0.42
274700	0.42	0.48	0.48	0	0	0.42
274800	0.42	0.48	0.48	0	0	0.42
274900	0.42	0.49	0.49	0	0	0.42
275000	0.42	0.48	0.48	0	0	0.42
275100	0.42	0.48	0.48	0	0	0.42
275200	0.42	0.49	0.49	0	0	0.42
275300	0.42	0.49	0.49	0	0	0.42
275400	0.42	0.49	0.49	0	0	0.42
275500	0.42	0.49	0.49	0	0	0.42
275600	0.42	0.49	0.49	0	0	0.42
275700	0.42	0.5	0.5	0	0	0.42
275800	0.42	0.5	0.5	0	0	0.42
275900	0.42	0.49	0.49	0	0	0.42
276000	0.42	0.49	0.49	0	0	0.42
276100	0.42	0.49	0.49	0	0	0.42
276200	0.42	0.49	0.49	0	0	0.42
276300	0.42	0.49	0.49	0	0	0.42
276400	0.42	0.49	0.49	0	0	0.42
276500	0.42	0.49	0.49	0	0	0.42
276600	0.42	0.49	0.49	0	0	0.42
276700	0.42	0.49	0.49	0	0	0.42
276800	0.42	0.49	0.49	0	0	0.42
276900	0.42	0.49	0.49	0	0	0.42
277000	0.42	0.49	0.49	0	0	0.42
277100	0.42	0.49	0.49	0	0	0.42
277200	0.42	0.49	0.49	0	0	0.42
277300	0.42	0.49	0.49	0	0	0.42
277400	0.42	0.49	0.49	0	0	0.42
277500	0.42	0.49	0.49	0	0	0.42
277600	0.42	0.49	0.49	0	0	0.42
277700	0.42	0.49	0.49	0	0	0.42
277800	0.42	0.49	0.49	0	0	0.42
277900	0.42	0.49	0.49	0	0	0.42
278000	0.42	0.49	0.49	0	0	0.42
278100	0.42	0.49	0.49	0	0	0.42
278200	0.42	0.49	0.49	0	0	0.42
278300	0.42	0.49	0.49	0	0	0.42
278400	0.42	0.49	0.49	0	0	0.42
278500	0.42	0.49	0.49	0	0	0.42
278600	0.42	0.49	0.49	0	0	0.42
278700	0.42	0.49	0.49	0	0	0.42
278800	0.42	0.49	0.49	0	0	0.42
278900	0.42	0.49	0.49	0	0	0.42
279000	0.43	0.49	0.49	0	0	0.43
279100	0.42	0.49	0.49	0	0	0.42
279200	0.42	0.49	0.49	0	0	0.42
279300	0.42	0.49	0.49	0	0	0.42
279400	0.42	0.49	0.49	0	0	0.42
279500	0.42	0.49	0.49	0	0	0.42
279600	0.43	0.49	0.49	0	0	0.43
279700	0.43	0.49	0.49	0	0	0.43
279800	0.43	0.49	0.49	0	0	0.43
279900	0.43	0.49	0.49	0	0	0.43
280000	0.43	0.49	0.49	0	0	0.43
280100	0.43	0.49	0.49	0	0	0.43
280200	0.43	0.49	0.49	0	0	0.43
280300	0.43	0.49	0.49	0	0	0.43
280400	0.43	0.49	0.49	0	0	0.43
280500	0.43	0.49	0.49	0	0	0.43
280600	0.43	0.49	0.49	0	0	0.43
280700	0.43	0.5	0.5	0	0	0.43
280800	0.43	0.49	0.49	0	0	0.43
280900	0.43	0.49	0.49	0	0	0.43
281000	0.43	0.49	0.49	0	0	0.43
281100	0.43	0.49	0.49	0	0	0.43
281200	0.43	0.49	0.49	0	0	0.43
281300	0.43	0.49	0.49	0	0	0.43
281400	0.43	0.49	0.49	0	0	0.43
281500	0.43	0.49	0.49	0	0	0.43
281600	0.43	0.49	0.49	0	0	0.43
281700	0.43	0.49	0.49	0	0	0.43
281800	0.43	0.49	0.49	0	0	0.43
281900	0.43	0.49	0.49	0	0	0.43
282000	0.43	0.49	0.49	0	0	0.43
282100	0.43	0.49	0.49	0	0	0.43
282200	0.43	0.49	0.49	0	0	0.43
282300	0.43	0.49	0.49	0	0	0.43
282400	0.43	0.49	0.49	0	0	0.43
282500	0.43	0.49	0.49	0	0	0.43
282600	0.43	0.49	0.49	0	0	0.43
282700	0.43	0.49	0.49	0	0	0.43
282800	0.43	0.49	0.49	0	0	0.43
282900	0.43	0.49	0.49	0	0	0.43
283000	0.43	0.49	0.49	0	0	0.43
283100	0.43	0.49	0.49	0	0	0.43
283200	0.43	0.49	0.49	0	0	0.43
283300	0.43	0.49	0.49	0	0	0.43
283400	0.43	0.49	0.49	0	0	0.43
283500	0.43	0.49	0.49	0	0	0.43
283600	0.43	0.49	0.49	0	0	0.43
283700	0.43	0.49	0.49	0	0	0.43
283800	0.43	0.49	0.49	0	0	0.43
283900	0.43	0.49	0.49	0	0	0.43
284000	0.43	0.49	0.49	0	0	0.43
284100	0.43	0.49	0.49	0	0	0.43
284200	0.43	0.49	0.49	0	0	0.43
284300	0.43	0.49	0.49	0	0	0.43
284400	0.43	0.49	0.49	0	0	0.43
284500	0.43	0.49	0.49	0	0	0.43
284600	0.43	0.49	0.49	0	0	0.43
284700	0.43	0.49	0.49	0	0	0.43
284800	0.43	0.49	0.49	0	0	0.43
284900	0.43	0.49	0.49	0	0	0.43
285000	0.43	0.49	0.49	0	0	0.43
285100	0.43	0.49	0.49	0	0	0.43
285200	0.43	0.49	0.49	0	0	0.43
285300	0.43	0.49	0.49	0	0	0.43
285400	0.43	0.49	0.49	0	0	0.43
285500	0.43	0.49	0.49	0	0	0.43
285600	0.43	0.49	0.49	0	0	0.43
285700	0.43	0.49	0.49	0	0	0.43
285800	0.43	0.49	0.49	0	0	0.43
285900	0.43	0.49	0.49	0	0	0.43
286000	0.43	0.49	0.49	0	0	0.43
286100	0.43	0.49	0.49	0	0	0.43
286200	0.43	0.49	0.49	0	0	0.43
286300	0.43	0.49	0.49	0	0	0.43
286400	0.43	0.49	0.49	0	0	0.43
286500	0.43	0.49	0.49	0	0	0.43
286600	0.43	0.49	0.49	0	0	0.43
286700	0.44	0.49	0.49	0	0	0.44
286800	0.43	0.49	0.49	0	0	0.43
286900	0.43	0.49	0.49	0	0	0.43
287000	0.43	0.49	0.49	0	0	0.43
287100	0.43	0.49	0.49	0	0	0.43
287200	0.42	0.49	0.49	0	0	0.42
287300	0.42	0.49	0.49	0	0	0.42
287400	0.42	0.49	0.49	0	0	0.42
287500	0.42	0.49	0.49	0	0	0.42
287600	0.42	0.49	0.49	0	0	0.42
287700	0.42	0.49	0.49	0	0	0.42
287800	0.42	0.49	0.49	0	0	0.42
287900	0.42	0.49	0.49	0	0	0.42
288000	0.42	0.49	0.49	0	0	0.42
288100	0.42	0.49	0.49	0	0	0.42
288200	0.43	0.49	0.49	0	0	0.43
288300	0.42	0.49	0.49	0	0	0.42
288400	0.42	0.49	0.49	0	0	0.42
288500	0.42	0.49	0.49	0	0	0.42
288600	0.42	0.49	0.49	0	0	0.42
288700	0.42	0.49	0.49	0	0	0.42
288800	0.42	0.49	0.49	0	0	0.42
288900	0.42	0.49	0.49	0	0	0.42
289000	0.42	0.49	0.49	0	0	0.42
289100	0.42	0.49	0.49	0	0	0.42
289200	0.42	0.49	0.49	0	0	0.42
289300	0.42	0.49	0.49	0	0	0.42
289400	0.42	0.49	0.49	0	0	0.42
289500	0.42	0.49	0.49	0	0	0.42
289600	0.42	0.49	0.49	0	0	0.42
289700	0.42	0.49	0.49	0	0	0.42
289800	0.42	0.49	0.49	0	0	0.42
289900	0.42	0.49	0.49	0	0	0.42
290000	0.42	0.49	0.49	0	0	0.42
290100	0.42	0.49	0.49	0	0	0.42
290200	0.42	0.49	0.49	0	0	0.42
290300	0.42	0.49	0.49	0	0	0.42
290400	0.42	0.49	0.49	0	0	0.42
290500	0.42	0.49	0.49	0	0	0.42
290600	0.42	0.49	0.49	0	0	0.42
290700	0.42	0.49	0.49	0	0	0.42
290800	0.42	0.49	0.49	0	0	0.42
290900	0.42	0.49	0.49	0	0	0.42
291000	0.42	0.49	0.49	0	0	0.42
291100	0.42	0.49	0.49	0	0	0.42
291200	0.42	0.49	0.49	0	0	0.42
291300	0.42	0.49	0.49	0	0	0.42
291400	0.42	0.49	0.49	0	0	0.42
291500	0.42	0.49	0.49	0	0	0.42
291600	0.42	0.49	0.49	0	0	0.42
291700	0.42	0.49	0.49	0	0	0.42
291800	0.42	0.49	0.49	0	0	0.42
291900	0.42	0.49	0.49	0	0	0.42
292000	0.42	0.49	0.49	0	0	0.42
292100	0.42	0.49	0.49	0	0	0.42
292200	0.42	0.49	0.49	0	0	0.42
292300	0.42	0.49	0.49	0	0	0.42
292400	0.42	0.49	0.49	0	0	0.42
292500	0.42	0.49	0.49	0	0	0.42
292600	0.42	0.49	0.49	0	0	0.42
292700	0.42	0.49	0.49	0	0	0.42
292800	0.42	0.49	0.49	0	0	0.42
292900	0.42	0.49	0.49	0	0	0.42
293000	0.42	0.49	0.49	0	0	0.42
293100	0.42	0.49	0.49	0	0	0.42
293200	0.42	0.49	0.49	0	0	0.42
293300	0.42	0.49	0.49	0	0	0.42
293400	0.42	0.49	0.49	0	0	0.42
293500	0.42	0.49	0.49	0	0	0.42
293600	0.42	0.49	0.49	0	0	0.42
293700	0.42	0.49	0.49	0	0	0.42
293800	0.42	0.49	0.49	0	0	0.42
293900	0.42	0.49	0.49	0	0	0.42
294000	0.42	0.49	0.49	0	0	0.42
294100	0.42	0.49	0.49	0	0	0.42
294200	0.42	0.49	0.49	0	0	0.42
294300	0.42	0.49	0.49	0	0	0.42
294400	0.42	0.49	0.49	0	0	0.42
294500	0.42	0.49	0.49	0	0	0.42
294600	0.42	0.49	0.49	0	0	0.42
294700	0.42	0.49	0.49	0	0	0.42
294800	0.42	0.49	0.49	0	0	0.42
294900	0.42	0.49	0.49	0	0	0.42
295000	0.42	0.49	0.49	0	0	0.42
295100	0.43	0.49	0.49	0	0	0.43
295200	0.43	0.49	0.49	0	0	0.43
295300	0.43	0.49	0.49	0	0	0.43
295400	0.42	0.49	0.49	0	0	0.42
295500	0.42	0.49	0.49	0	0	0.42
295600	0.42	0.49	0.49	0	0	0.42
295700	0.42	0.49	0.49	0	0	0.42
295800	0.42	0.49	0.49	0	0	0.42
295900	0.42	0.49	0.49	0	0	0.42
296000	0.42	0.49	0.49	0	0	0.42
296100	0.41	0.49	0.49	0	0	0.41
296200	0.41	0.49	0.49	0	0	0.41
296300	0.41	0.49	0.49	0	0	0.41
296400	0.4	0.49	0.49	0	0	0.4
296500	0.4	0.49	0.49	0	0	0.4
296600	0.4	0.5	0.5	0	0	0.4
296700	0.4	0.5	0.5	0	0	0.4
296800	0.4	0.5	0.5	0	0	0.4
296900	0.4	0.5	0.5	0	0	0.4
297000	0.4	0.5	0.5	0	0	0.4
297100	0.4	0.5	0.5	0	0	0.4
297200	0.4	0.5	0.5	0	0	0.4
297300	0.4	0.5	0.5	0	0	0.4
297400	0.4	0.49	0.49	0	0	0.4
297500	0.4	0.49	0.49	0	0	0.4
297600	0.4	0.49	0.49	0	0	0.4
297700	0.4	0.49	0.49	0	0	0.4
297800	0.4	0.49	0.49	0	0	0.4
297900	0.4	0.49	0.49	0	0	0.4
298000	0.4	0.49	0.49	0	0	0.4
298100	0.4	0.49	0.49	0	0	0.4
298200	0.4	0.49	0.49	0	0	0.4
298300	0.4	0.5	0.5	0	0	0.4
298400	0.4	0.49	0.49	0	0	0.4
298500	0.4	0.49	0.49	0	0	0.4
298600	0.4	0.49	0.49	0	0	0.4
298700	0.4	0.49	0.49	0	0	0.4
298800	0.4	0.49	0.49	0	0	0.4
298900	0.4	0.49	0.49	0	0	0.4
299000	0.4	0.49	0.49	0	0	0.4
299100	0.4	0.49	0.49	0	0	0.4
299200	0.4	0.49	0.49	0	0	0.4
299300	0.4	0.49	0.49	0	0	0.4
299400	0.4	0.49	0.49	0	0	0.4
299500	0.4	0.49	0.49	0	0	0.4
299600	0.4	0.49	0.49	0	0	0.4
299700	0.4	0.49	0.49	0	0	0.4
299800	0.4	0.49	0.49	0	0	0.4
299900	0.4	0.49	0.49	0	0	0.4
300000	0.4	0.49	0.49	0	0	0.4
