100	0.08	0.08	0.08	0	0	0.08
200	0.08	0.09	0.09	0	0	0.08
300	0.09	0.09	0.09	0	0	0.09
400	0.09	0.1	0.1	0	0	0.09
500	0.09	0.11	0.11	0	0	0.09
600	0.1	0.12	0.12	0	0	0.1
700	0.13	0.12	0.12	0	0	0.13
800	0.13	0.13	0.13	0	0	0.13
900	0.15	0.14	0.14	0	0	0.15
1000	0.15	0.14	0.14	0	0	0.15
1100	0.16	0.14	0.14	0	0	0.16
1200	0.17	0.15	0.15	0	0	0.17
1300	0.17	0.14	0.14	0	0	0.17
1400	0.19	0.15	0.15	0	0	0.19
1500	0.18	0.16	0.16	0	0	0.18
1600	0.17	0.16	0.16	0	0	0.17
1700	0.16	0.17	0.17	0	0	0.16
1800	0.17	0.17	0.17	0	0	0.17
1900	0.17	0.17	0.17	0	0	0.17
2000	0.17	0.17	0.17	0	0	0.17
2100	0.18	0.17	0.17	0	0	0.18
2200	0.19	0.16	0.16	0	0	0.19
2300	0.21	0.18	0.18	0	0	0.21
2400	0.2	0.17	0.17	0	0	0.2
2500	0.2	0.19	0.19	0	0	0.2
2600	0.21	0.19	0.19	0	0	0.21
2700	0.21	0.2	0.2	0	0	0.21
2800	0.21	0.21	0.21	0	0	0.21
2900	0.21	0.2	0.2	0	0	0.21
3000	0.23	0.21	0.21	0	0	0.23
3100	0.23	0.23	0.23	0	0	0.23
3200	0.24	0.23	0.23	0	0	0.24
3300	0.24	0.22	0.22	0	0	0.24
3400	0.24	0.23	0.23	0	0	0.24
3500	0.23	0.24	0.24	0	0	0.23
3600	0.24	0.24	0.24	0	0	0.24
3700	0.24	0.24	0.24	0	0	0.24
3800	0.23	0.25	0.25	0	0	0.23
3900	0.23	0.29	0.29	0	0	0.23
4000	0.23	0.28	0.28	0	0	0.23
4100	0.22	0.26	0.26	0	0	0.22
4200	0.2	0.25	0.25	0	0	0.2
4300	0.2	0.25	0.25	0	0	0.2
4400	0.21	0.26	0.26	0	0	0.21
4500	0.19	0.28	0.28	0	0	0.19
4600	0.19	0.27	0.27	0	0	0.19
4700	0.19	0.26	0.26	0	0	0.19
4800	0.2	0.26	0.26	0	0	0.2
4900	0.2	0.26	0.26	0	0	0.2
5000	0.2	0.26	0.26	0	0	0.2
5100	0.2	0.26	0.26	0	0	0.2
5200	0.2	0.26	0.26	0	0	0.2
5300	0.21	0.26	0.26	0	0	0.21
5400	0.2	0.26	0.26	0	0	0.2
5500	0.2	0.26	0.26	0	0	0.2
5600	0.2	0.27	0.27	0	0	0.2
5700	0.2	0.28	0.28	0	0	0.2
5800	0.21	0.27	0.27	0	0	0.21
5900	0.22	0.28	0.28	0	0	0.22
6000	0.24	0.29	0.29	0	0	0.24
6100	0.24	0.29	0.29	0	0	0.24
6200	0.24	0.29	0.29	0	0	0.24
6300	0.24	0.3	0.3	0	0	0.24
6400	0.23	0.3	0.3	0	0	0.23
6500	0.2	0.3	0.3	0	0	0.2
6600	0.24	0.3	0.3	0	0	0.24
6700	0.24	0.3	0.3	0	0	0.24
6800	0.25	0.3	0.3	0	0	0.25
6900	0.25	0.31	0.31	0	0	0.25
7000	0.25	0.32	0.32	0	0	0.25
7100	0.25	0.31	0.31	0	0	0.25
7200	0.25	0.32	0.32	0	0	0.25
7300	0.24	0.32	0.32	0	0	0.24
7400	0.24	0.33	0.33	0	0	0.24
7500	0.24	0.33	0.33	0	0	0.24
7600	0.26	0.33	0.33	0	0	0.26
7700	0.26	0.31	0.31	0	0	0.26
7800	0.27	0.32	0.32	0	0	0.27
7900	0.27	0.32	0.32	0	0	0.27
8000	0.28	0.32	0.32	0	0	0.28
8100	0.27	0.32	0.32	0	0	0.27
8200	0.28	0.32	0.32	0	0	0.28
8300	0.27	0.31	0.31	0	0	0.27
8400	0.28	0.3	0.3	0	0	0.28
8500	0.29	0.3	0.3	0	0	0.29
8600	0.28	0.3	0.3	0	0	0.28
8700	0.25	0.3	0.3	0	0	0.25
8800	0.26	0.3	0.3	0	0	0.26
8900	0.25	0.3	0.3	0	0	0.25
9000	0.26	0.3	0.3	0	0	0.26
9100	0.26	0.3	0.3	0	0	0.26
9200	0.27	0.3	0.3	0	0	0.27
9300	0.26	0.3	0.3	0	0	0.26
9400	0.26	0.3	0.3	0	0	0.26
9500	0.26	0.31	0.31	0	0	0.26
9600	0.26	0.33	0.33	0	0	0.26
9700	0.26	0.32	0.32	0	0	0.26
9800	0.26	0.32	0.32	0	0	0.26
9900	0.26	0.32	0.32	0	0	0.26
10000	0.26	0.33	0.33	0	0	0.26
10100	0.28	0.33	0.33	0	0	0.28
10200	0.29	0.33	0.33	0	0	0.29
10300	0.29	0.34	0.34	0	0	0.29
10400	0.29	0.34	0.34	0	0	0.29
10500	0.29	0.34	0.34	0	0	0.29
10600	0.3	0.34	0.34	0	0	0.3
10700	0.3	0.35	0.35	0	0	0.3
10800	0.31	0.34	0.34	0	0	0.31
10900	0.31	0.33	0.33	0	0	0.31
11000	0.31	0.34	0.34	0	0	0.31
11100	0.31	0.34	0.34	0	0	0.31
11200	0.31	0.34	0.34	0	0	0.31
11300	0.31	0.34	0.34	0	0	0.31
11400	0.32	0.34	0.34	0	0	0.32
11500	0.32	0.35	0.35	0	0	0.32
11600	0.33	0.35	0.35	0	0	0.33
11700	0.33	0.36	0.36	0	0	0.33
11800	0.33	0.37	0.37	0	0	0.33
11900	0.33	0.36	0.36	0	0	0.33
12000	0.33	0.37	0.37	0	0	0.33
12100	0.33	0.37	0.37	0	0	0.33
12200	0.32	0.37	0.37	0	0	0.32
12300	0.31	0.38	0.38	0	0	0.31
12400	0.3	0.38	0.38	0	0	0.3
12500	0.28	0.39	0.39	0	0	0.28
12600	0.28	0.39	0.39	0	0	0.28
12700	0.28	0.38	0.38	0	0	0.28
12800	0.28	0.38	0.38	0	0	0.28
12900	0.28	0.38	0.38	0	0	0.28
13000	0.29	0.38	0.38	0	0	0.29
13100	0.29	0.37	0.37	0	0	0.29
13200	0.29	0.37	0.37	0	0	0.29
13300	0.29	0.38	0.38	0	0	0.29
13400	0.29	0.39	0.39	0	0	0.29
13500	0.29	0.39	0.39	0	0	0.29
13600	0.29	0.39	0.39	0	0	0.29
13700	0.28	0.4	0.4	0	0	0.28
13800	0.29	0.39	0.39	0	0	0.29
13900	0.25	0.39	0.39	0	0	0.25
14000	0.26	0.39	0.39	0	0	0.26
14100	0.27	0.39	0.39	0	0	0.27
14200	0.27	0.38	0.38	0	0	0.27
14300	0.28	0.38	0.38	0	0	0.28
14400	0.28	0.39	0.39	0	0	0.28
14500	0.28	0.38	0.38	0	0	0.28
14600	0.28	0.38	0.38	0	0	0.28
14700	0.28	0.38	0.38	0	0	0.28
14800	0.29	0.38	0.38	0	0	0.29
14900	0.3	0.38	0.38	0	0	0.3
15000	0.31	0.39	0.39	0	0	0.31
15100	0.31	0.38	0.38	0	0	0.31
15200	0.31	0.38	0.38	0	0	0.31
15300	0.3	0.38	0.38	0	0	0.3
15400	0.28	0.38	0.38	0	0	0.28
15500	0.28	0.38	0.38	0	0	0.28
15600	0.28	0.38	0.38	0	0	0.28
15700	0.28	0.39	0.39	0	0	0.28
15800	0.28	0.4	0.4	0	0	0.28
15900	0.29	0.39	0.39	0	0	0.29
16000	0.29	0.39	0.39	0	0	0.29
16100	0.29	0.39	0.39	0	0	0.29
16200	0.28	0.39	0.39	0	0	0.28
16300	0.28	0.39	0.39	0	0	0.28
16400	0.28	0.39	0.39	0	0	0.28
16500	0.28	0.39	0.39	0	0	0.28
16600	0.28	0.39	0.39	0	0	0.28
16700	0.29	0.4	0.4	0	0	0.29
16800	0.29	0.41	0.41	0	0	0.29
16900	0.29	0.41	0.41	0	0	0.29
17000	0.29	0.41	0.41	0	0	0.29
17100	0.29	0.42	0.42	0	0	0.29
17200	0.3	0.41	0.41	0	0	0.3
17300	0.29	0.42	0.42	0	0	0.29
17400	0.29	0.42	0.42	0	0	0.29
17500	0.28	0.42	0.42	0	0	0.28
17600	0.28	0.42	0.42	0	0	0.28
17700	0.29	0.42	0.42	0	0	0.29
17800	0.29	0.43	0.43	0	0	0.29
17900	0.29	0.43	0.43	0	0	0.29
18000	0.29	0.44	0.44	0	0	0.29
18100	0.29	0.43	0.43	0	0	0.29
18200	0.29	0.42	0.42	0	0	0.29
18300	0.29	0.42	0.42	0	0	0.29
18400	0.29	0.44	0.44	0	0	0.29
18500	0.29	0.43	0.43	0	0	0.29
18600	0.28	0.43	0.43	0	0	0.28
18700	0.29	0.43	0.43	0	0	0.29
18800	0.29	0.43	0.43	0	0	0.29
18900	0.29	0.43	0.43	0	0	0.29
19000	0.29	0.43	0.43	0	0	0.29
19100	0.29	0.43	0.43	0	0	0.29
19200	0.29	0.44	0.44	0	0	0.29
19300	0.3	0.44	0.44	0	0	0.3
19400	0.29	0.44	0.44	0	0	0.29
19500	0.29	0.44	0.44	0	0	0.29
19600	0.29	0.44	0.44	0	0	0.29
19700	0.28	0.44	0.44	0	0	0.28
19800	0.28	0.44	0.44	0	0	0.28
19900	0.28	0.44	0.44	0	0	0.28
20000	0.28	0.44	0.44	0	0	0.28
20100	0.28	0.44	0.44	0	0	0.28
20200	0.28	0.43	0.43	0	0	0.28
20300	0.28	0.43	0.43	0	0	0.28
20400	0.28	0.43	0.43	0	0	0.28
20500	0.29	0.42	0.42	0	0	0.29
20600	0.29	0.42	0.42	0	0	0.29
20700	0.29	0.42	0.42	0	0	0.29
20800	0.29	0.42	0.42	0	0	0.29
20900	0.29	0.42	0.42	0	0	0.29
21000	0.29	0.42	0.42	0	0	0.29
21100	0.29	0.43	0.43	0	0	0.29
21200	0.28	0.42	0.42	0	0	0.28
21300	0.3	0.42	0.42	0	0	0.3
21400	0.3	0.42	0.42	0	0	0.3
21500	0.32	0.42	0.42	0	0	0.32
21600	0.3	0.42	0.42	0	0	0.3
21700	0.3	0.42	0.42	0	0	0.3
21800	0.3	0.42	0.42	0	0	0.3
21900	0.3	0.41	0.41	0	0	0.3
22000	0.3	0.41	0.41	0	0	0.3
22100	0.3	0.41	0.41	0	0	0.3
22200	0.3	0.41	0.41	0	0	0.3
22300	0.3	0.41	0.41	0	0	0.3
22400	0.3	0.41	0.41	0	0	0.3
22500	0.3	0.41	0.41	0	0	0.3
22600	0.29	0.41	0.41	0	0	0.29
22700	0.28	0.41	0.41	0	0	0.28
22800	0.28	0.41	0.41	0	0	0.28
22900	0.28	0.41	0.41	0	0	0.28
23000	0.28	0.41	0.41	0	0	0.28
23100	0.28	0.41	0.41	0	0	0.28
23200	0.28	0.41	0.41	0	0	0.28
23300	0.29	0.41	0.41	0	0	0.29
23400	0.29	0.41	0.41	0	0	0.29
23500	0.29	0.4	0.4	0	0	0.29
23600	0.29	0.41	0.41	0	0	0.29
23700	0.29	0.4	0.4	0	0	0.29
23800	0.3	0.4	0.4	0	0	0.3
23900	0.3	0.4	0.4	0	0	0.3
24000	0.3	0.4	0.4	0	0	0.3
24100	0.31	0.4	0.4	0	0	0.31
24200	0.31	0.4	0.4	0	0	0.31
24300	0.31	0.4	0.4	0	0	0.31
24400	0.31	0.4	0.4	0	0	0.31
24500	0.31	0.4	0.4	0	0	0.31
24600	0.31	0.4	0.4	0	0	0.31
24700	0.31	0.41	0.41	0	0	0.31
24800	0.31	0.4	0.4	0	0	0.31
24900	0.3	0.4	0.4	0	0	0.3
25000	0.3	0.4	0.4	0	0	0.3
25100	0.3	0.4	0.4	0	0	0.3
25200	0.3	0.4	0.4	0	0	0.3
25300	0.31	0.4	0.4	0	0	0.31
25400	0.31	0.41	0.41	0	0	0.31
25500	0.31	0.42	0.42	0	0	0.31
25600	0.3	0.42	0.42	0	0	0.3
25700	0.29	0.42	0.42	0	0	0.29
25800	0.29	0.41	0.41	0	0	0.29
25900	0.29	0.42	0.42	0	0	0.29
26000	0.29	0.41	0.41	0	0	0.29
26100	0.3	0.42	0.42	0	0	0.3
26200	0.3	0.42	0.42	0	0	0.3
26300	0.3	0.42	0.42	0	0	0.3
26400	0.3	0.43	0.43	0	0	0.3
26500	0.31	0.45	0.45	0	0	0.31
26600	0.32	0.46	0.46	0	0	0.32
26700	0.3	0.46	0.46	0	0	0.3
26800	0.29	0.46	0.46	0	0	0.29
26900	0.29	0.46	0.46	0	0	0.29
27000	0.29	0.46	0.46	0	0	0.29
27100	0.29	0.46	0.46	0	0	0.29
27200	0.3	0.46	0.46	0	0	0.3
27300	0.3	0.47	0.47	0	0	0.3
27400	0.3	0.45	0.45	0	0	0.3
27500	0.3	0.45	0.45	0	0	0.3
27600	0.3	0.45	0.45	0	0	0.3
27700	0.31	0.45	0.45	0	0	0.31
27800	0.3	0.45	0.45	0	0	0.3
27900	0.3	0.45	0.45	0	0	0.3
28000	0.3	0.46	0.46	0	0	0.3
28100	0.3	0.46	0.46	0	0	0.3
28200	0.3	0.46	0.46	0	0	0.3
28300	0.3	0.46	0.46	0	0	0.3
28400	0.3	0.46	0.46	0	0	0.3
28500	0.3	0.45	0.45	0	0	0.3
28600	0.3	0.46	0.46	0	0	0.3
28700	0.3	0.46	0.46	0	0	0.3
28800	0.3	0.46	0.46	0	0	0.3
28900	0.3	0.46	0.46	0	0	0.3
29000	0.31	0.46	0.46	0	0	0.31
29100	0.32	0.46	0.46	0	0	0.32
29200	0.32	0.46	0.46	0	0	0.32
29300	0.31	0.46	0.46	0	0	0.31
29400	0.3	0.46	0.46	0	0	0.3
29500	0.29	0.45	0.45	0	0	0.29
29600	0.3	0.45	0.45	0	0	0.3
29700	0.3	0.45	0.45	0	0	0.3
29800	0.3	0.45	0.45	0	0	0.3
29900	0.3	0.45	0.45	0	0	0.3
30000	0.3	0.45	0.45	0	0	0.3
30100	0.3	0.46	0.46	0	0	0.3
30200	0.3	0.46	0.46	0	0	0.3
30300	0.3	0.46	0.46	0	0	0.3
30400	0.3	0.46	0.46	0	0	0.3
30500	0.3	0.46	0.46	0	0	0.3
30600	0.3	0.46	0.46	0	0	0.3
30700	0.3	0.46	0.46	0	0	0.3
30800	0.3	0.46	0.46	0	0	0.3
30900	0.3	0.46	0.46	0	0	0.3
31000	0.3	0.45	0.45	0	0	0.3
31100	0.3	0.45	0.45	0	0	0.3
31200	0.31	0.46	0.46	0	0	0.31
31300	0.31	0.46	0.46	0	0	0.31
31400	0.3	0.46	0.46	0	0	0.3
31500	0.3	0.46	0.46	0	0	0.3
31600	0.3	0.46	0.46	0	0	0.3
31700	0.3	0.46	0.46	0	0	0.3
31800	0.3	0.46	0.46	0	0	0.3
31900	0.31	0.46	0.46	0	0	0.31
32000	0.31	0.46	0.46	0	0	0.31
32100	0.31	0.45	0.45	0	0	0.31
32200	0.31	0.44	0.44	0	0	0.31
32300	0.31	0.45	0.45	0	0	0.31
32400	0.31	0.44	0.44	0	0	0.31
32500	0.31	0.44	0.44	0	0	0.31
32600	0.31	0.44	0.44	0	0	0.31
32700	0.31	0.44	0.44	0	0	0.31
32800	0.33	0.44	0.44	0	0	0.33
32900	0.33	0.44	0.44	0	0	0.33
33000	0.33	0.44	0.44	0	0	0.33
33100	0.33	0.44	0.44	0	0	0.33
33200	0.32	0.45	0.45	0	0	0.32
33300	0.32	0.44	0.44	0	0	0.32
33400	0.32	0.44	0.44	0	0	0.32
33500	0.32	0.44	0.44	0	0	0.32
33600	0.32	0.44	0.44	0	0	0.32
33700	0.32	0.44	0.44	0	0	0.32
33800	0.32	0.44	0.44	0	0	0.32
33900	0.33	0.44	0.44	0	0	0.33
34000	0.33	0.44	0.44	0	0	0.33
34100	0.33	0.44	0.44	0	0	0.33
34200	0.33	0.44	0.44	0	0	0.33
34300	0.34	0.44	0.44	0	0	0.34
34400	0.32	0.44	0.44	0	0	0.32
34500	0.32	0.45	0.45	0	0	0.32
34600	0.33	0.44	0.44	0	0	0.33
34700	0.33	0.45	0.45	0	0	0.33
34800	0.33	0.45	0.45	0	0	0.33
34900	0.33	0.45	0.45	0	0	0.33
35000	0.33	0.45	0.45	0	0	0.33
35100	0.33	0.45	0.45	0	0	0.33
35200	0.33	0.46	0.46	0	0	0.33
35300	0.34	0.46	0.46	0	0	0.34
35400	0.34	0.47	0.47	0	0	0.34
35500	0.34	0.47	0.47	0	0	0.34
35600	0.34	0.47	0.47	0	0	0.34
35700	0.35	0.46	0.46	0	0	0.35
35800	0.35	0.45	0.45	0	0	0.35
35900	0.35	0.45	0.45	0	0	0.35
36000	0.34	0.45	0.45	0	0	0.34
36100	0.33	0.45	0.45	0	0	0.33
36200	0.33	0.45	0.45	0	0	0.33
36300	0.33	0.42	0.42	0	0	0.33
36400	0.33	0.42	0.42	0	0	0.33
36500	0.33	0.42	0.42	0	0	0.33
36600	0.33	0.42	0.42	0	0	0.33
36700	0.33	0.42	0.42	0	0	0.33
36800	0.33	0.42	0.42	0	0	0.33
36900	0.33	0.42	0.42	0	0	0.33
37000	0.33	0.42	0.42	0	0	0.33
37100	0.33	0.42	0.42	0	0	0.33
37200	0.33	0.42	0.42	0	0	0.33
37300	0.33	0.42	0.42	0	0	0.33
37400	0.33	0.44	0.44	0	0	0.33
37500	0.34	0.43	0.43	0	0	0.34
37600	0.34	0.42	0.42	0	0	0.34
37700	0.34	0.42	0.42	0	0	0.34
37800	0.34	0.42	0.42	0	0	0.34
37900	0.34	0.42	0.42	0	0	0.34
38000	0.35	0.42	0.42	0	0	0.35
38100	0.35	0.42	0.42	0	0	0.35
38200	0.32	0.42	0.42	0	0	0.32
38300	0.32	0.42	0.42	0	0	0.32
38400	0.32	0.42	0.42	0	0	0.32
38500	0.32	0.42	0.42	0	0	0.32
38600	0.32	0.42	0.42	0	0	0.32
38700	0.32	0.42	0.42	0	0	0.32
38800	0.32	0.43	0.43	0	0	0.32
38900	0.32	0.42	0.42	0	0	0.32
39000	0.33	0.42	0.42	0	0	0.33
39100	0.32	0.43	0.43	0	0	0.32
39200	0.32	0.42	0.42	0	0	0.32
39300	0.33	0.42	0.42	0	0	0.33
39400	0.33	0.42	0.42	0	0	0.33
39500	0.32	0.42	0.42	0	0	0.32
39600	0.33	0.42	0.42	0	0	0.33
39700	0.33	0.43	0.43	0	0	0.33
39800	0.33	0.44	0.44	0	0	0.33
39900	0.33	0.44	0.44	0	0	0.33
40000	0.33	0.44	0.44	0	0	0.33
40100	0.33	0.44	0.44	0	0	0.33
40200	0.33	0.45	0.45	0	0	0.33
40300	0.33	0.45	0.45	0	0	0.33
40400	0.33	0.45	0.45	0	0	0.33
40500	0.33	0.46	0.46	0	0	0.33
40600	0.34	0.45	0.45	0	0	0.34
40700	0.34	0.45	0.45	0	0	0.34
40800	0.34	0.45	0.45	0	0	0.34
40900	0.34	0.45	0.45	0	0	0.34
41000	0.34	0.45	0.45	0	0	0.34
41100	0.34	0.45	0.45	0	0	0.34
41200	0.34	0.45	0.45	0	0	0.34
41300	0.34	0.45	0.45	0	0	0.34
41400	0.34	0.45	0.45	0	0	0.34
41500	0.34	0.45	0.45	0	0	0.34
41600	0.34	0.45	0.45	0	0	0.34
41700	0.34	0.45	0.45	0	0	0.34
41800	0.34	0.46	0.46	0	0	0.34
41900	0.34	0.46	0.46	0	0	0.34
42000	0.34	0.46	0.46	0	0	0.34
42100	0.34	0.46	0.46	0	0	0.34
42200	0.35	0.46	0.46	0	0	0.35
42300	0.35	0.46	0.46	0	0	0.35
42400	0.35	0.46	0.46	0	0	0.35
42500	0.35	0.46	0.46	0	0	0.35
42600	0.35	0.46	0.46	0	0	0.35
42700	0.35	0.46	0.46	0	0	0.35
42800	0.35	0.46	0.46	0	0	0.35
42900	0.35	0.46	0.46	0	0	0.35
43000	0.35	0.46	0.46	0	0	0.35
43100	0.35	0.46	0.46	0	0	0.35
43200	0.35	0.46	0.46	0	0	0.35
43300	0.35	0.46	0.46	0	0	0.35
43400	0.35	0.46	0.46	0	0	0.35
43500	0.35	0.46	0.46	0	0	0.35
43600	0.35	0.46	0.46	0	0	0.35
43700	0.35	0.46	0.46	0	0	0.35
43800	0.34	0.46	0.46	0	0	0.34
43900	0.34	0.46	0.46	0	0	0.34
44000	0.34	0.46	0.46	0	0	0.34
44100	0.34	0.46	0.46	0	0	0.34
44200	0.34	0.46	0.46	0	0	0.34
44300	0.34	0.46	0.46	0	0	0.34
44400	0.35	0.46	0.46	0	0	0.35
44500	0.35	0.46	0.46	0	0	0.35
44600	0.35	0.46	0.46	0	0	0.35
44700	0.35	0.46	0.46	0	0	0.35
44800	0.35	0.46	0.46	0	0	0.35
44900	0.35	0.46	0.46	0	0	0.35
45000	0.35	0.46	0.46	0	0	0.35
45100	0.35	0.46	0.46	0	0	0.35
45200	0.35	0.46	0.46	0	0	0.35
45300	0.35	0.46	0.46	0	0	0.35
45400	0.35	0.46	0.46	0	0	0.35
45500	0.36	0.47	0.47	0	0	0.36
45600	0.34	0.47	0.47	0	0	0.34
45700	0.34	0.47	0.47	0	0	0.34
45800	0.35	0.47	0.47	0	0	0.35
45900	0.35	0.47	0.47	0	0	0.35
46000	0.35	0.47	0.47	0	0	0.35
46100	0.35	0.47	0.47	0	0	0.35
46200	0.35	0.47	0.47	0	0	0.35
46300	0.35	0.47	0.47	0	0	0.35
46400	0.35	0.47	0.47	0	0	0.35
46500	0.35	0.48	0.48	0	0	0.35
46600	0.35	0.47	0.47	0	0	0.35
46700	0.35	0.47	0.47	0	0	0.35
46800	0.35	0.47	0.47	0	0	0.35
46900	0.35	0.47	0.47	0	0	0.35
47000	0.35	0.47	0.47	0	0	0.35
47100	0.35	0.48	0.48	0	0	0.35
47200	0.35	0.47	0.47	0	0	0.35
47300	0.35	0.47	0.47	0	0	0.35
47400	0.36	0.47	0.47	0	0	0.36
47500	0.35	0.47	0.47	0	0	0.35
47600	0.35	0.47	0.47	0	0	0.35
47700	0.36	0.47	0.47	0	0	0.36
47800	0.35	0.47	0.47	0	0	0.35
47900	0.34	0.47	0.47	0	0	0.34
48000	0.34	0.48	0.48	0	0	0.34
48100	0.34	0.48	0.48	0	0	0.34
48200	0.34	0.48	0.48	0	0	0.34
48300	0.34	0.48	0.48	0	0	0.34
48400	0.33	0.48	0.48	0	0	0.33
48500	0.33	0.48	0.48	0	0	0.33
48600	0.33	0.48	0.48	0	0	0.33
48700	0.33	0.49	0.49	0	0	0.33
48800	0.33	0.49	0.49	0	0	0.33
48900	0.33	0.49	0.49	0	0	0.33
49000	0.33	0.48	0.48	0	0	0.33
49100	0.33	0.48	0.48	0	0	0.33
49200	0.33	0.48	0.48	0	0	0.33
49300	0.33	0.48	0.48	0	0	0.33
49400	0.33	0.48	0.48	0	0	0.33
49500	0.33	0.48	0.48	0	0	0.33
49600	0.32	0.48	0.48	0	0	0.32
49700	0.32	0.49	0.49	0	0	0.32
49800	0.32	0.49	0.49	0	0	0.32
49900	0.32	0.49	0.49	0	0	0.32
50000	0.33	0.5	0.5	0	0	0.33
50100	0.33	0.49	0.49	0	0	0.33
50200	0.33	0.49	0.49	0	0	0.33
50300	0.33	0.49	0.49	0	0	0.33
50400	0.33	0.49	0.49	0	0	0.33
50500	0.33	0.48	0.48	0	0	0.33
50600	0.33	0.48	0.48	0	0	0.33
50700	0.34	0.48	0.48	0	0	0.34
50800	0.35	0.48	0.48	0	0	0.35
50900	0.35	0.48	0.48	0	0	0.35
51000	0.34	0.48	0.48	0	0	0.34
51100	0.34	0.48	0.48	0	0	0.34
51200	0.34	0.48	0.48	0	0	0.34
51300	0.35	0.48	0.48	0	0	0.35
51400	0.34	0.48	0.48	0	0	0.34
51500	0.34	0.47	0.47	0	0	0.34
51600	0.34	0.47	0.47	0	0	0.34
51700	0.34	0.48	0.48	0	0	0.34
51800	0.35	0.47	0.47	0	0	0.35
51900	0.35	0.47	0.47	0	0	0.35
52000	0.34	0.47	0.47	0	0	0.34
52100	0.34	0.48	0.48	0	0	0.34
52200	0.34	0.47	0.47	0	0	0.34
52300	0.34	0.47	0.47	0	0	0.34
52400	0.34	0.47	0.47	0	0	0.34
52500	0.34	0.47	0.47	0	0	0.34
52600	0.34	0.47	0.47	0	0	0.34
52700	0.34	0.47	0.47	0	0	0.34
52800	0.34	0.47	0.47	0	0	0.34
52900	0.34	0.47	0.47	0	0	0.34
53000	0.34	0.47	0.47	0	0	0.34
53100	0.34	0.47	0.47	0	0	0.34
53200	0.34	0.47	0.47	0	0	0.34
53300	0.34	0.47	0.47	0	0	0.34
53400	0.34	0.47	0.47	0	0	0.34
53500	0.34	0.47	0.47	0	0	0.34
53600	0.34	0.47	0.47	0	0	0.34
53700	0.34	0.47	0.47	0	0	0.34
53800	0.34	0.47	0.47	0	0	0.34
53900	0.34	0.47	0.47	0	0	0.34
54000	0.34	0.47	0.47	0	0	0.34
54100	0.34	0.47	0.47	0	0	0.34
54200	0.34	0.47	0.47	0	0	0.34
54300	0.34	0.47	0.47	0	0	0.34
54400	0.32	0.47	0.47	0	0	0.32
54500	0.32	0.47	0.47	0	0	0.32
54600	0.32	0.47	0.47	0	0	0.32
54700	0.32	0.48	0.48	0	0	0.32
54800	0.32	0.48	0.48	0	0	0.32
54900	0.32	0.48	0.48	0	0	0.32
55000	0.32	0.48	0.48	0	0	0.32
55100	0.32	0.48	0.48	0	0	0.32
55200	0.32	0.48	0.48	0	0	0.32
55300	0.33	0.48	0.48	0	0	0.33
55400	0.33	0.48	0.48	0	0	0.33
55500	0.33	0.48	0.48	0	0	0.33
55600	0.33	0.48	0.48	0	0	0.33
55700	0.33	0.48	0.48	0	0	0.33
55800	0.33	0.48	0.48	0	0	0.33
55900	0.33	0.49	0.49	0	0	0.33
56000	0.33	0.48	0.48	0	0	0.33
56100	0.34	0.48	0.48	0	0	0.34
56200	0.34	0.48	0.48	0	0	0.34
56300	0.34	0.48	0.48	0	0	0.34
56400	0.34	0.48	0.48	0	0	0.34
56500	0.34	0.48	0.48	0	0	0.34
56600	0.34	0.48	0.48	0	0	0.34
56700	0.34	0.48	0.48	0	0	0.34
56800	0.34	0.48	0.48	0	0	0.34
56900	0.34	0.48	0.48	0	0	0.34
57000	0.34	0.48	0.48	0	0	0.34
57100	0.35	0.48	0.48	0	0	0.35
57200	0.34	0.48	0.48	0	0	0.34
57300	0.34	0.48	0.48	0	0	0.34
57400	0.34	0.48	0.48	0	0	0.34
57500	0.34	0.48	0.48	0	0	0.34
57600	0.34	0.47	0.47	0	0	0.34
57700	0.34	0.47	0.47	0	0	0.34
57800	0.34	0.47	0.47	0	0	0.34
57900	0.34	0.47	0.47	0	0	0.34
58000	0.34	0.47	0.47	0	0	0.34
58100	0.34	0.47	0.47	0	0	0.34
58200	0.34	0.47	0.47	0	0	0.34
58300	0.34	0.47	0.47	0	0	0.34
58400	0.34	0.47	0.47	0	0	0.34
58500	0.34	0.47	0.47	0	0	0.34
58600	0.34	0.47	0.47	0	0	0.34
58700	0.34	0.48	0.48	0	0	0.34
58800	0.33	0.46	0.46	0	0	0.33
58900	0.33	0.46	0.46	0	0	0.33
59000	0.33	0.46	0.46	0	0	0.33
59100	0.33	0.47	0.47	0	0	0.33
59200	0.33	0.46	0.46	0	0	0.33
59300	0.33	0.46	0.46	0	0	0.33
59400	0.33	0.46	0.46	0	0	0.33
59500	0.33	0.46	0.46	0	0	0.33
59600	0.33	0.46	0.46	0	0	0.33
59700	0.33	0.46	0.46	0	0	0.33
59800	0.33	0.46	0.46	0	0	0.33
59900	0.33	0.46	0.46	0	0	0.33
60000	0.33	0.46	0.46	0	0	0.33
60100	0.33	0.46	0.46	0	0	0.33
60200	0.33	0.46	0.46	0	0	0.33
60300	0.33	0.46	0.46	0	0	0.33
60400	0.33	0.46	0.46	0	0	0.33
60500	0.33	0.46	0.46	0	0	0.33
60600	0.33	0.46	0.46	0	0	0.33
60700	0.33	0.46	0.46	0	0	0.33
60800	0.33	0.46	0.46	0	0	0.33
60900	0.33	0.47	0.47	0	0	0.33
61000	0.33	0.47	0.47	0	0	0.33
61100	0.33	0.46	0.46	0	0	0.33
61200	0.33	0.46	0.46	0	0	0.33
61300	0.33	0.46	0.46	0	0	0.33
61400	0.33	0.46	0.46	0	0	0.33
61500	0.33	0.46	0.46	0	0	0.33
61600	0.33	0.46	0.46	0	0	0.33
61700	0.33	0.47	0.47	0	0	0.33
61800	0.33	0.46	0.46	0	0	0.33
61900	0.33	0.45	0.45	0	0	0.33
62000	0.33	0.46	0.46	0	0	0.33
62100	0.33	0.46	0.46	0	0	0.33
62200	0.34	0.46	0.46	0	0	0.34
62300	0.33	0.46	0.46	0	0	0.33
62400	0.33	0.45	0.45	0	0	0.33
62500	0.33	0.45	0.45	0	0	0.33
62600	0.34	0.45	0.45	0	0	0.34
62700	0.34	0.45	0.45	0	0	0.34
62800	0.34	0.45	0.45	0	0	0.34
62900	0.34	0.45	0.45	0	0	0.34
63000	0.34	0.45	0.45	0	0	0.34
63100	0.34	0.45	0.45	0	0	0.34
63200	0.34	0.45	0.45	0	0	0.34
63300	0.34	0.45	0.45	0	0	0.34
63400	0.34	0.45	0.45	0	0	0.34
63500	0.34	0.45	0.45	0	0	0.34
63600	0.32	0.45	0.45	0	0	0.32
63700	0.32	0.45	0.45	0	0	0.32
63800	0.32	0.45	0.45	0	0	0.32
63900	0.32	0.45	0.45	0	0	0.32
64000	0.32	0.45	0.45	0	0	0.32
64100	0.32	0.45	0.45	0	0	0.32
64200	0.32	0.45	0.45	0	0	0.32
64300	0.32	0.45	0.45	0	0	0.32
64400	0.32	0.45	0.45	0	0	0.32
64500	0.32	0.45	0.45	0	0	0.32
64600	0.32	0.45	0.45	0	0	0.32
64700	0.32	0.45	0.45	0	0	0.32
64800	0.32	0.45	0.45	0	0	0.32
64900	0.32	0.45	0.45	0	0	0.32
65000	0.32	0.45	0.45	0	0	0.32
65100	0.32	0.45	0.45	0	0	0.32
65200	0.32	0.46	0.46	0	0	0.32
65300	0.33	0.46	0.46	0	0	0.33
65400	0.33	0.46	0.46	0	0	0.33
65500	0.33	0.46	0.46	0	0	0.33
65600	0.33	0.46	0.46	0	0	0.33
65700	0.33	0.46	0.46	0	0	0.33
65800	0.34	0.47	0.47	0	0	0.34
65900	0.33	0.46	0.46	0	0	0.33
66000	0.34	0.46	0.46	0	0	0.34
66100	0.33	0.46	0.46	0	0	0.33
66200	0.34	0.46	0.46	0	0	0.34
66300	0.34	0.46	0.46	0	0	0.34
66400	0.34	0.46	0.46	0	0	0.34
66500	0.34	0.46	0.46	0	0	0.34
66600	0.35	0.46	0.46	0	0	0.35
66700	0.34	0.46	0.46	0	0	0.34
66800	0.34	0.46	0.46	0	0	0.34
66900	0.34	0.46	0.46	0	0	0.34
67000	0.34	0.46	0.46	0	0	0.34
67100	0.34	0.46	0.46	0	0	0.34
67200	0.34	0.46	0.46	0	0	0.34
67300	0.34	0.46	0.46	0	0	0.34
67400	0.34	0.46	0.46	0	0	0.34
67500	0.34	0.46	0.46	0	0	0.34
67600	0.34	0.46	0.46	0	0	0.34
67700	0.34	0.46	0.46	0	0	0.34
67800	0.34	0.46	0.46	0	0	0.34
67900	0.34	0.46	0.46	0	0	0.34
68000	0.34	0.46	0.46	0	0	0.34
68100	0.34	0.46	0.46	0	0	0.34
68200	0.34	0.46	0.46	0	0	0.34
68300	0.35	0.46	0.46	0	0	0.35
68400	0.35	0.46	0.46	0	0	0.35
68500	0.35	0.46	0.46	0	0	0.35
68600	0.35	0.46	0.46	0	0	0.35
68700	0.35	0.46	0.46	0	0	0.35
68800	0.35	0.46	0.46	0	0	0.35
68900	0.36	0.46	0.46	0	0	0.36
69000	0.36	0.46	0.46	0	0	0.36
69100	0.35	0.46	0.46	0	0	0.35
69200	0.35	0.46	0.46	0	0	0.35
69300	0.36	0.46	0.46	0	0	0.36
69400	0.35	0.46	0.46	0	0	0.35
69500	0.35	0.46	0.46	0	0	0.35
69600	0.35	0.46	0.46	0	0	0.35
69700	0.35	0.46	0.46	0	0	0.35
69800	0.35	0.46	0.46	0	0	0.35
69900	0.35	0.46	0.46	0	0	0.35
70000	0.36	0.46	0.46	0	0	0.36
70100	0.36	0.46	0.46	0	0	0.36
70200	0.36	0.46	0.46	0	0	0.36
70300	0.35	0.46	0.46	0	0	0.35
70400	0.35	0.46	0.46	0	0	0.35
70500	0.36	0.46	0.46	0	0	0.36
70600	0.36	0.46	0.46	0	0	0.36
70700	0.36	0.46	0.46	0	0	0.36
70800	0.36	0.46	0.46	0	0	0.36
70900	0.36	0.46	0.46	0	0	0.36
71000	0.36	0.46	0.46	0	0	0.36
71100	0.36	0.46	0.46	0	0	0.36
71200	0.37	0.46	0.46	0	0	0.37
71300	0.37	0.46	0.46	0	0	0.37
71400	0.37	0.47	0.47	0	0	0.37
71500	0.37	0.46	0.46	0	0	0.37
71600	0.37	0.46	0.46	0	0	0.37
71700	0.37	0.46	0.46	0	0	0.37
71800	0.36	0.46	0.46	0	0	0.36
71900	0.36	0.46	0.46	0	0	0.36
72000	0.37	0.46	0.46	0	0	0.37
72100	0.37	0.46	0.46	0	0	0.37
72200	0.37	0.46	0.46	0	0	0.37
72300	0.37	0.46	0.46	0	0	0.37
72400	0.37	0.46	0.46	0	0	0.37
72500	0.38	0.46	0.46	0	0	0.38
72600	0.37	0.46	0.46	0	0	0.37
72700	0.37	0.46	0.46	0	0	0.37
72800	0.36	0.46	0.46	0	0	0.36
72900	0.35	0.46	0.46	0	0	0.35
73000	0.34	0.46	0.46	0	0	0.34
73100	0.33	0.46	0.46	0	0	0.33
73200	0.33	0.46	0.46	0	0	0.33
73300	0.33	0.46	0.46	0	0	0.33
73400	0.33	0.46	0.46	0	0	0.33
73500	0.33	0.47	0.47	0	0	0.33
73600	0.33	0.47	0.47	0	0	0.33
73700	0.35	0.47	0.47	0	0	0.35
73800	0.35	0.47	0.47	0	0	0.35
73900	0.36	0.48	0.48	0	0	0.36
74000	0.35	0.48	0.48	0	0	0.35
74100	0.35	0.47	0.47	0	0	0.35
74200	0.35	0.47	0.47	0	0	0.35
74300	0.35	0.47	0.47	0	0	0.35
74400	0.34	0.47	0.47	0	0	0.34
74500	0.34	0.47	0.47	0	0	0.34
74600	0.34	0.48	0.48	0	0	0.34
74700	0.34	0.48	0.48	0	0	0.34
74800	0.34	0.48	0.48	0	0	0.34
74900	0.34	0.48	0.48	0	0	0.34
75000	0.34	0.48	0.48	0	0	0.34
75100	0.34	0.48	0.48	0	0	0.34
75200	0.34	0.48	0.48	0	0	0.34
75300	0.34	0.48	0.48	0	0	0.34
75400	0.34	0.48	0.48	0	0	0.34
75500	0.34	0.47	0.47	0	0	0.34
75600	0.35	0.47	0.47	0	0	0.35
75700	0.34	0.47	0.47	0	0	0.34
75800	0.34	0.47	0.47	0	0	0.34
75900	0.34	0.47	0.47	0	0	0.34
76000	0.34	0.47	0.47	0	0	0.34
76100	0.34	0.47	0.47	0	0	0.34
76200	0.34	0.47	0.47	0	0	0.34
76300	0.34	0.47	0.47	0	0	0.34
76400	0.34	0.47	0.47	0	0	0.34
76500	0.34	0.47	0.47	0	0	0.34
76600	0.34	0.47	0.47	0	0	0.34
76700	0.34	0.47	0.47	0	0	0.34
76800	0.34	0.47	0.47	0	0	0.34
76900	0.34	0.47	0.47	0	0	0.34
77000	0.34	0.47	0.47	0	0	0.34
77100	0.36	0.47	0.47	0	0	0.36
77200	0.36	0.47	0.47	0	0	0.36
77300	0.36	0.47	0.47	0	0	0.36
77400	0.36	0.47	0.47	0	0	0.36
77500	0.36	0.47	0.47	0	0	0.36
77600	0.36	0.47	0.47	0	0	0.36
77700	0.36	0.48	0.48	0	0	0.36
77800	0.36	0.47	0.47	0	0	0.36
77900	0.36	0.47	0.47	0	0	0.36
78000	0.36	0.47	0.47	0	0	0.36
78100	0.36	0.48	0.48	0	0	0.36
78200	0.36	0.47	0.47	0	0	0.36
78300	0.36	0.47	0.47	0	0	0.36
78400	0.36	0.47	0.47	0	0	0.36
78500	0.36	0.47	0.47	0	0	0.36
78600	0.36	0.47	0.47	0	0	0.36
78700	0.36	0.47	0.47	0	0	0.36
78800	0.36	0.47	0.47	0	0	0.36
78900	0.36	0.48	0.48	0	0	0.36
79000	0.36	0.47	0.47	0	0	0.36
79100	0.36	0.47	0.47	0	0	0.36
79200	0.36	0.47	0.47	0	0	0.36
79300	0.36	0.47	0.47	0	0	0.36
79400	0.36	0.47	0.47	0	0	0.36
79500	0.37	0.47	0.47	0	0	0.37
79600	0.36	0.47	0.47	0	0	0.36
79700	0.36	0.47	0.47	0	0	0.36
79800	0.35	0.47	0.47	0	0	0.35
79900	0.35	0.47	0.47	0	0	0.35
80000	0.35	0.47	0.47	0	0	0.35
80100	0.35	0.47	0.47	0	0	0.35
80200	0.35	0.47	0.47	0	0	0.35
80300	0.35	0.47	0.47	0	0	0.35
80400	0.35	0.48	0.48	0	0	0.35
80500	0.35	0.47	0.47	0	0	0.35
80600	0.35	0.47	0.47	0	0	0.35
80700	0.35	0.47	0.47	0	0	0.35
80800	0.35	0.47	0.47	0	0	0.35
80900	0.35	0.47	0.47	0	0	0.35
81000	0.35	0.47	0.47	0	0	0.35
81100	0.35	0.47	0.47	0	0	0.35
81200	0.35	0.47	0.47	0	0	0.35
81300	0.35	0.47	0.47	0	0	0.35
81400	0.35	0.47	0.47	0	0	0.35
81500	0.35	0.47	0.47	0	0	0.35
81600	0.35	0.47	0.47	0	0	0.35
81700	0.35	0.47	0.47	0	0	0.35
81800	0.35	0.47	0.47	0	0	0.35
81900	0.35	0.47	0.47	0	0	0.35
82000	0.35	0.47	0.47	0	0	0.35
82100	0.35	0.47	0.47	0	0	0.35
82200	0.35	0.47	0.47	0	0	0.35
82300	0.35	0.47	0.47	0	0	0.35
82400	0.36	0.47	0.47	0	0	0.36
82500	0.36	0.46	0.46	0	0	0.36
82600	0.36	0.46	0.46	0	0	0.36
82700	0.36	0.46	0.46	0	0	0.36
82800	0.36	0.46	0.46	0	0	0.36
82900	0.36	0.46	0.46	0	0	0.36
83000	0.36	0.46	0.46	0	0	0.36
83100	0.36	0.46	0.46	0	0	0.36
83200	0.36	0.46	0.46	0	0	0.36
83300	0.36	0.46	0.46	0	0	0.36
83400	0.36	0.46	0.46	0	0	0.36
83500	0.36	0.46	0.46	0	0	0.36
83600	0.36	0.46	0.46	0	0	0.36
83700	0.36	0.46	0.46	0	0	0.36
83800	0.36	0.46	0.46	0	0	0.36
83900	0.36	0.46	0.46	0	0	0.36
84000	0.36	0.46	0.46	0	0	0.36
84100	0.36	0.46	0.46	0	0	0.36
84200	0.36	0.46	0.46	0	0	0.36
84300	0.36	0.46	0.46	0	0	0.36
84400	0.36	0.46	0.46	0	0	0.36
84500	0.36	0.46	0.46	0	0	0.36
84600	0.36	0.46	0.46	0	0	0.36
84700	0.36	0.46	0.46	0	0	0.36
84800	0.37	0.46	0.46	0	0	0.37
84900	0.37	0.46	0.46	0	0	0.37
85000	0.37	0.46	0.46	0	0	0.37
85100	0.37	0.47	0.47	0	0	0.37
85200	0.37	0.46	0.46	0	0	0.37
85300	0.37	0.46	0.46	0	0	0.37
85400	0.37	0.46	0.46	0	0	0.37
85500	0.37	0.46	0.46	0	0	0.37
85600	0.37	0.46	0.46	0	0	0.37
85700	0.37	0.46	0.46	0	0	0.37
85800	0.37	0.46	0.46	0	0	0.37
85900	0.37	0.46	0.46	0	0	0.37
86000	0.37	0.46	0.46	0	0	0.37
86100	0.37	0.46	0.46	0	0	0.37
86200	0.37	0.46	0.46	0	0	0.37
86300	0.38	0.46	0.46	0	0	0.38
86400	0.38	0.46	0.46	0	0	0.38
86500	0.38	0.46	0.46	0	0	0.38
86600	0.38	0.46	0.46	0	0	0.38
86700	0.36	0.46	0.46	0	0	0.36
86800	0.36	0.47	0.47	0	0	0.36
86900	0.36	0.46	0.46	0	0	0.36
87000	0.36	0.46	0.46	0	0	0.36
87100	0.36	0.46	0.46	0	0	0.36
87200	0.36	0.46	0.46	0	0	0.36
87300	0.36	0.46	0.46	0	0	0.36
87400	0.36	0.46	0.46	0	0	0.36
87500	0.36	0.46	0.46	0	0	0.36
87600	0.36	0.46	0.46	0	0	0.36
87700	0.36	0.46	0.46	0	0	0.36
87800	0.36	0.46	0.46	0	0	0.36
87900	0.36	0.46	0.46	0	0	0.36
88000	0.36	0.46	0.46	0	0	0.36
88100	0.36	0.46	0.46	0	0	0.36
88200	0.36	0.46	0.46	0	0	0.36
88300	0.36	0.46	0.46	0	0	0.36
88400	0.36	0.46	0.46	0	0	0.36
88500	0.36	0.46	0.46	0	0	0.36
88600	0.36	0.46	0.46	0	0	0.36
88700	0.36	0.46	0.46	0	0	0.36
88800	0.36	0.46	0.46	0	0	0.36
88900	0.36	0.46	0.46	0	0	0.36
89000	0.36	0.46	0.46	0	0	0.36
89100	0.36	0.47	0.47	0	0	0.36
89200	0.36	0.47	0.47	0	0	0.36
89300	0.36	0.47	0.47	0	0	0.36
89400	0.36	0.47	0.47	0	0	0.36
89500	0.36	0.47	0.47	0	0	0.36
89600	0.36	0.47	0.47	0	0	0.36
89700	0.36	0.47	0.47	0	0	0.36
89800	0.36	0.47	0.47	0	0	0.36
89900	0.36	0.47	0.47	0	0	0.36
90000	0.36	0.47	0.47	0	0	0.36
90100	0.36	0.48	0.48	0	0	0.36
90200	0.36	0.48	0.48	0	0	0.36
90300	0.36	0.48	0.48	0	0	0.36
90400	0.36	0.48	0.48	0	0	0.36
90500	0.36	0.48	0.48	0	0	0.36
90600	0.36	0.48	0.48	0	0	0.36
90700	0.36	0.48	0.48	0	0	0.36
90800	0.36	0.48	0.48	0	0	0.36
90900	0.36	0.48	0.48	0	0	0.36
91000	0.36	0.48	0.48	0	0	0.36
91100	0.36	0.48	0.48	0	0	0.36
91200	0.36	0.48	0.48	0	0	0.36
91300	0.36	0.48	0.48	0	0	0.36
91400	0.36	0.48	0.48	0	0	0.36
91500	0.36	0.48	0.48	0	0	0.36
91600	0.36	0.48	0.48	0	0	0.36
91700	0.36	0.48	0.48	0	0	0.36
91800	0.36	0.48	0.48	0	0	0.36
91900	0.36	0.48	0.48	0	0	0.36
92000	0.36	0.48	0.48	0	0	0.36
92100	0.36	0.48	0.48	0	0	0.36
92200	0.36	0.48	0.48	0	0	0.36
92300	0.37	0.48	0.48	0	0	0.37
92400	0.37	0.48	0.48	0	0	0.37
92500	0.37	0.48	0.48	0	0	0.37
92600	0.36	0.48	0.48	0	0	0.36
92700	0.36	0.49	0.49	0	0	0.36
92800	0.36	0.48	0.48	0	0	0.36
92900	0.36	0.48	0.48	0	0	0.36
93000	0.36	0.48	0.48	0	0	0.36
93100	0.36	0.48	0.48	0	0	0.36
93200	0.36	0.48	0.48	0	0	0.36
93300	0.36	0.48	0.48	0	0	0.36
93400	0.36	0.48	0.48	0	0	0.36
93500	0.36	0.48	0.48	0	0	0.36
93600	0.36	0.48	0.48	0	0	0.36
93700	0.36	0.48	0.48	0	0	0.36
93800	0.36	0.48	0.48	0	0	0.36
93900	0.36	0.48	0.48	0	0	0.36
94000	0.36	0.48	0.48	0	0	0.36
94100	0.36	0.48	0.48	0	0	0.36
94200	0.36	0.48	0.48	0	0	0.36
94300	0.36	0.48	0.48	0	0	0.36
94400	0.36	0.48	0.48	0	0	0.36
94500	0.36	0.48	0.48	0	0	0.36
94600	0.36	0.48	0.48	0	0	0.36
94700	0.36	0.48	0.48	0	0	0.36
94800	0.38	0.48	0.48	0	0	0.38
94900	0.36	0.48	0.48	0	0	0.36
95000	0.36	0.48	0.48	0	0	0.36
95100	0.36	0.48	0.48	0	0	0.36
95200	0.36	0.48	0.48	0	0	0.36
95300	0.36	0.48	0.48	0	0	0.36
95400	0.36	0.48	0.48	0	0	0.36
95500	0.36	0.48	0.48	0	0	0.36
95600	0.36	0.48	0.48	0	0	0.36
95700	0.36	0.48	0.48	0	0	0.36
95800	0.36	0.48	0.48	0	0	0.36
95900	0.36	0.48	0.48	0	0	0.36
96000	0.36	0.48	0.48	0	0	0.36
96100	0.36	0.48	0.48	0	0	0.36
96200	0.36	0.48	0.48	0	0	0.36
96300	0.36	0.48	0.48	0	0	0.36
96400	0.36	0.48	0.48	0	0	0.36
96500	0.36	0.48	0.48	0	0	0.36
96600	0.36	0.48	0.48	0	0	0.36
96700	0.36	0.48	0.48	0	0	0.36
96800	0.36	0.48	0.48	0	0	0.36
96900	0.36	0.48	0.48	0	0	0.36
97000	0.36	0.48	0.48	0	0	0.36
97100	0.36	0.48	0.48	0	0	0.36
97200	0.36	0.48	0.48	0	0	0.36
97300	0.36	0.48	0.48	0	0	0.36
97400	0.36	0.48	0.48	0	0	0.36
97500	0.36	0.48	0.48	0	0	0.36
97600	0.36	0.48	0.48	0	0	0.36
97700	0.36	0.48	0.48	0	0	0.36
97800	0.36	0.48	0.48	0	0	0.36
97900	0.37	0.48	0.48	0	0	0.37
98000	0.37	0.48	0.48	0	0	0.37
98100	0.36	0.48	0.48	0	0	0.36
98200	0.36	0.49	0.49	0	0	0.36
98300	0.36	0.49	0.49	0	0	0.36
98400	0.36	0.49	0.49	0	0	0.36
98500	0.36	0.49	0.49	0	0	0.36
98600	0.36	0.49	0.49	0	0	0.36
98700	0.36	0.49	0.49	0	0	0.36
98800	0.36	0.49	0.49	0	0	0.36
98900	0.36	0.49	0.49	0	0	0.36
99000	0.36	0.49	0.49	0	0	0.36
99100	0.36	0.49	0.49	0	0	0.36
99200	0.36	0.49	0.49	0	0	0.36
99300	0.36	0.49	0.49	0	0	0.36
99400	0.36	0.49	0.49	0	0	0.36
99500	0.36	0.49	0.49	0	0	0.36
99600	0.36	0.49	0.49	0	0	0.36
99700	0.36	0.49	0.49	0	0	0.36
99800	0.36	0.49	0.49	0	0	0.36
99900	0.36	0.49	0.49	0	0	0.36
100000	0.36	0.49	0.49	0	0	0.36
100100	0.36	0.49	0.49	0	0	0.36
100200	0.36	0.49	0.49	0	0	0.36
100300	0.36	0.49	0.49	0	0	0.36
100400	0.36	0.49	0.49	0	0	0.36
100500	0.36	0.49	0.49	0	0	0.36
100600	0.37	0.49	0.49	0	0	0.37
100700	0.37	0.49	0.49	0	0	0.37
100800	0.37	0.49	0.49	0	0	0.37
100900	0.37	0.49	0.49	0	0	0.37
101000	0.37	0.49	0.49	0	0	0.37
101100	0.37	0.49	0.49	0	0	0.37
101200	0.37	0.49	0.49	0	0	0.37
101300	0.37	0.49	0.49	0	0	0.37
101400	0.37	0.49	0.49	0	0	0.37
101500	0.38	0.5	0.5	0	0	0.38
101600	0.38	0.49	0.49	0	0	0.38
101700	0.38	0.49	0.49	0	0	0.38
101800	0.38	0.49	0.49	0	0	0.38
101900	0.38	0.49	0.49	0	0	0.38
102000	0.38	0.49	0.49	0	0	0.38
102100	0.38	0.49	0.49	0	0	0.38
102200	0.38	0.49	0.49	0	0	0.38
102300	0.38	0.49	0.49	0	0	0.38
102400	0.38	0.49	0.49	0	0	0.38
102500	0.38	0.49	0.49	0	0	0.38
102600	0.38	0.49	0.49	0	0	0.38
102700	0.38	0.49	0.49	0	0	0.38
102800	0.38	0.49	0.49	0	0	0.38
102900	0.39	0.49	0.49	0	0	0.39
103000	0.38	0.49	0.49	0	0	0.38
103100	0.38	0.49	0.49	0	0	0.38
103200	0.38	0.49	0.49	0	0	0.38
103300	0.38	0.49	0.49	0	0	0.38
103400	0.39	0.49	0.49	0	0	0.39
103500	0.38	0.49	0.49	0	0	0.38
103600	0.38	0.49	0.49	0	0	0.38
103700	0.38	0.49	0.49	0	0	0.38
103800	0.38	0.49	0.49	0	0	0.38
103900	0.38	0.49	0.49	0	0	0.38
104000	0.38	0.5	0.5	0	0	0.38
104100	0.38	0.49	0.49	0	0	0.38
104200	0.38	0.49	0.49	0	0	0.38
104300	0.38	0.49	0.49	0	0	0.38
104400	0.38	0.49	0.49	0	0	0.38
104500	0.38	0.49	0.49	0	0	0.38
104600	0.38	0.49	0.49	0	0	0.38
104700	0.38	0.49	0.49	0	0	0.38
104800	0.38	0.49	0.49	0	0	0.38
104900	0.38	0.49	0.49	0	0	0.38
105000	0.38	0.48	0.48	0	0	0.38
105100	0.38	0.48	0.48	0	0	0.38
105200	0.38	0.48	0.48	0	0	0.38
105300	0.38	0.48	0.48	0	0	0.38
105400	0.38	0.48	0.48	0	0	0.38
105500	0.38	0.48	0.48	0	0	0.38
105600	0.38	0.48	0.48	0	0	0.38
105700	0.38	0.49	0.49	0	0	0.38
105800	0.38	0.49	0.49	0	0	0.38
105900	0.38	0.49	0.49	0	0	0.38
106000	0.38	0.49	0.49	0	0	0.38
106100	0.38	0.49	0.49	0	0	0.38
106200	0.38	0.49	0.49	0	0	0.38
106300	0.38	0.49	0.49	0	0	0.38
106400	0.39	0.49	0.49	0	0	0.39
106500	0.39	0.49	0.49	0	0	0.39
106600	0.39	0.49	0.49	0	0	0.39
106700	0.39	0.49	0.49	0	0	0.39
106800	0.39	0.49	0.49	0	0	0.39
106900	0.39	0.49	0.49	0	0	0.39
107000	0.39	0.49	0.49	0	0	0.39
107100	0.39	0.49	0.49	0	0	0.39
107200	0.39	0.49	0.49	0	0	0.39
107300	0.38	0.49	0.49	0	0	0.38
107400	0.38	0.49	0.49	0	0	0.38
107500	0.38	0.49	0.49	0	0	0.38
107600	0.37	0.49	0.49	0	0	0.37
107700	0.37	0.49	0.49	0	0	0.37
107800	0.37	0.49	0.49	0	0	0.37
107900	0.37	0.49	0.49	0	0	0.37
108000	0.37	0.49	0.49	0	0	0.37
108100	0.37	0.49	0.49	0	0	0.37
108200	0.37	0.49	0.49	0	0	0.37
108300	0.37	0.49	0.49	0	0	0.37
108400	0.37	0.49	0.49	0	0	0.37
108500	0.37	0.49	0.49	0	0	0.37
108600	0.37	0.49	0.49	0	0	0.37
108700	0.37	0.49	0.49	0	0	0.37
108800	0.37	0.49	0.49	0	0	0.37
108900	0.37	0.49	0.49	0	0	0.37
109000	0.38	0.49	0.49	0	0	0.38
109100	0.37	0.49	0.49	0	0	0.37
109200	0.36	0.49	0.49	0	0	0.36
109300	0.36	0.49	0.49	0	0	0.36
109400	0.36	0.49	0.49	0	0	0.36
109500	0.36	0.49	0.49	0	0	0.36
109600	0.36	0.49	0.49	0	0	0.36
109700	0.36	0.49	0.49	0	0	0.36
109800	0.36	0.49	0.49	0	0	0.36
109900	0.36	0.49	0.49	0	0	0.36
110000	0.36	0.49	0.49	0	0	0.36
110100	0.38	0.49	0.49	0	0	0.38
110200	0.38	0.49	0.49	0	0	0.38
110300	0.38	0.49	0.49	0	0	0.38
110400	0.38	0.49	0.49	0	0	0.38
110500	0.38	0.49	0.49	0	0	0.38
110600	0.38	0.49	0.49	0	0	0.38
110700	0.38	0.49	0.49	0	0	0.38
110800	0.38	0.49	0.49	0	0	0.38
110900	0.39	0.49	0.49	0	0	0.39
111000	0.39	0.49	0.49	0	0	0.39
111100	0.39	0.49	0.49	0	0	0.39
111200	0.38	0.49	0.49	0	0	0.38
111300	0.38	0.49	0.49	0	0	0.38
111400	0.38	0.48	0.48	0	0	0.38
111500	0.38	0.48	0.48	0	0	0.38
111600	0.38	0.48	0.48	0	0	0.38
111700	0.38	0.48	0.48	0	0	0.38
111800	0.38	0.48	0.48	0	0	0.38
111900	0.38	0.48	0.48	0	0	0.38
112000	0.38	0.48	0.48	0	0	0.38
112100	0.38	0.48	0.48	0	0	0.38
112200	0.38	0.48	0.48	0	0	0.38
112300	0.38	0.48	0.48	0	0	0.38
112400	0.38	0.48	0.48	0	0	0.38
112500	0.38	0.48	0.48	0	0	0.38
112600	0.38	0.48	0.48	0	0	0.38
112700	0.38	0.48	0.48	0	0	0.38
112800	0.39	0.48	0.48	0	0	0.39
112900	0.39	0.48	0.48	0	0	0.39
113000	0.38	0.48	0.48	0	0	0.38
113100	0.38	0.48	0.48	0	0	0.38
113200	0.38	0.48	0.48	0	0	0.38
113300	0.38	0.47	0.47	0	0	0.38
113400	0.38	0.47	0.47	0	0	0.38
113500	0.38	0.47	0.47	0	0	0.38
113600	0.38	0.47	0.47	0	0	0.38
113700	0.38	0.47	0.47	0	0	0.38
113800	0.38	0.48	0.48	0	0	0.38
113900	0.38	0.48	0.48	0	0	0.38
114000	0.38	0.48	0.48	0	0	0.38
114100	0.38	0.48	0.48	0	0	0.38
114200	0.39	0.48	0.48	0	0	0.39
114300	0.39	0.48	0.48	0	0	0.39
114400	0.39	0.48	0.48	0	0	0.39
114500	0.39	0.48	0.48	0	0	0.39
114600	0.39	0.48	0.48	0	0	0.39
114700	0.39	0.48	0.48	0	0	0.39
114800	0.39	0.48	0.48	0	0	0.39
114900	0.38	0.48	0.48	0	0	0.38
115000	0.38	0.48	0.48	0	0	0.38
115100	0.38	0.48	0.48	0	0	0.38
115200	0.38	0.48	0.48	0	0	0.38
115300	0.38	0.48	0.48	0	0	0.38
115400	0.39	0.48	0.48	0	0	0.39
115500	0.39	0.48	0.48	0	0	0.39
115600	0.38	0.48	0.48	0	0	0.38
115700	0.38	0.48	0.48	0	0	0.38
115800	0.38	0.48	0.48	0	0	0.38
115900	0.38	0.49	0.49	0	0	0.38
116000	0.38	0.48	0.48	0	0	0.38
116100	0.38	0.48	0.48	0	0	0.38
116200	0.38	0.48	0.48	0	0	0.38
116300	0.38	0.48	0.48	0	0	0.38
116400	0.38	0.48	0.48	0	0	0.38
116500	0.38	0.48	0.48	0	0	0.38
116600	0.38	0.48	0.48	0	0	0.38
116700	0.38	0.48	0.48	0	0	0.38
116800	0.38	0.48	0.48	0	0	0.38
116900	0.38	0.48	0.48	0	0	0.38
117000	0.38	0.48	0.48	0	0	0.38
117100	0.38	0.48	0.48	0	0	0.38
117200	0.38	0.48	0.48	0	0	0.38
117300	0.38	0.48	0.48	0	0	0.38
117400	0.38	0.48	0.48	0	0	0.38
117500	0.38	0.48	0.48	0	0	0.38
117600	0.38	0.48	0.48	0	0	0.38
117700	0.38	0.48	0.48	0	0	0.38
117800	0.38	0.48	0.48	0	0	0.38
117900	0.38	0.48	0.48	0	0	0.38
118000	0.38	0.48	0.48	0	0	0.38
118100	0.38	0.48	0.48	0	0	0.38
118200	0.38	0.48	0.48	0	0	0.38
118300	0.38	0.48	0.48	0	0	0.38
118400	0.38	0.48	0.48	0	0	0.38
118500	0.38	0.48	0.48	0	0	0.38
118600	0.38	0.48	0.48	0	0	0.38
118700	0.38	0.48	0.48	0	0	0.38
118800	0.38	0.48	0.48	0	0	0.38
118900	0.38	0.48	0.48	0	0	0.38
119000	0.38	0.48	0.48	0	0	0.38
119100	0.38	0.48	0.48	0	0	0.38
119200	0.38	0.48	0.48	0	0	0.38
119300	0.38	0.48	0.48	0	0	0.38
119400	0.38	0.48	0.48	0	0	0.38
119500	0.38	0.48	0.48	0	0	0.38
119600	0.38	0.48	0.48	0	0	0.38
119700	0.38	0.48	0.48	0	0	0.38
119800	0.38	0.48	0.48	0	0	0.38
119900	0.38	0.48	0.48	0	0	0.38
120000	0.38	0.48	0.48	0	0	0.38
120100	0.38	0.48	0.48	0	0	0.38
120200	0.37	0.48	0.48	0	0	0.37
120300	0.37	0.48	0.48	0	0	0.37
120400	0.37	0.48	0.48	0	0	0.37
120500	0.37	0.48	0.48	0	0	0.37
120600	0.37	0.48	0.48	0	0	0.37
120700	0.37	0.48	0.48	0	0	0.37
120800	0.37	0.48	0.48	0	0	0.37
120900	0.37	0.48	0.48	0	0	0.37
121000	0.37	0.48	0.48	0	0	0.37
121100	0.37	0.48	0.48	0	0	0.37
121200	0.37	0.48	0.48	0	0	0.37
121300	0.37	0.48	0.48	0	0	0.37
121400	0.37	0.48	0.48	0	0	0.37
121500	0.37	0.48	0.48	0	0	0.37
121600	0.37	0.48	0.48	0	0	0.37
121700	0.37	0.48	0.48	0	0	0.37
121800	0.37	0.48	0.48	0	0	0.37
121900	0.37	0.48	0.48	0	0	0.37
122000	0.37	0.48	0.48	0	0	0.37
122100	0.37	0.48	0.48	0	0	0.37
122200	0.37	0.48	0.48	0	0	0.37
122300	0.37	0.48	0.48	0	0	0.37
122400	0.37	0.48	0.48	0	0	0.37
122500	0.37	0.48	0.48	0	0	0.37
122600	0.37	0.48	0.48	0	0	0.37
122700	0.38	0.48	0.48	0	0	0.38
122800	0.38	0.48	0.48	0	0	0.38
122900	0.38	0.48	0.48	0	0	0.38
123000	0.38	0.48	0.48	0	0	0.38
123100	0.38	0.48	0.48	0	0	0.38
123200	0.38	0.48	0.48	0	0	0.38
123300	0.38	0.48	0.48	0	0	0.38
123400	0.38	0.48	0.48	0	0	0.38
123500	0.38	0.47	0.47	0	0	0.38
123600	0.38	0.47	0.47	0	0	0.38
123700	0.37	0.47	0.47	0	0	0.37
123800	0.37	0.47	0.47	0	0	0.37
123900	0.37	0.47	0.47	0	0	0.37
124000	0.37	0.47	0.47	0	0	0.37
124100	0.37	0.47	0.47	0	0	0.37
124200	0.37	0.47	0.47	0	0	0.37
124300	0.37	0.47	0.47	0	0	0.37
124400	0.37	0.47	0.47	0	0	0.37
124500	0.37	0.47	0.47	0	0	0.37
124600	0.37	0.47	0.47	0	0	0.37
124700	0.37	0.47	0.47	0	0	0.37
124800	0.37	0.47	0.47	0	0	0.37
124900	0.37	0.47	0.47	0	0	0.37
125000	0.37	0.47	0.47	0	0	0.37
125100	0.37	0.47	0.47	0	0	0.37
125200	0.38	0.47	0.47	0	0	0.38
125300	0.38	0.47	0.47	0	0	0.38
125400	0.38	0.47	0.47	0	0	0.38
125500	0.38	0.47	0.47	0	0	0.38
125600	0.38	0.47	0.47	0	0	0.38
125700	0.38	0.47	0.47	0	0	0.38
125800	0.38	0.47	0.47	0	0	0.38
125900	0.38	0.47	0.47	0	0	0.38
126000	0.38	0.47	0.47	0	0	0.38
126100	0.38	0.47	0.47	0	0	0.38
126200	0.38	0.47	0.47	0	0	0.38
126300	0.38	0.47	0.47	0	0	0.38
126400	0.38	0.47	0.47	0	0	0.38
126500	0.38	0.47	0.47	0	0	0.38
126600	0.38	0.47	0.47	0	0	0.38
126700	0.38	0.47	0.47	0	0	0.38
126800	0.38	0.47	0.47	0	0	0.38
126900	0.36	0.47	0.47	0	0	0.36
127000	0.36	0.47	0.47	0	0	0.36
127100	0.36	0.47	0.47	0	0	0.36
127200	0.36	0.48	0.48	0	0	0.36
127300	0.36	0.48	0.48	0	0	0.36
127400	0.36	0.47	0.47	0	0	0.36
127500	0.36	0.47	0.47	0	0	0.36
127600	0.35	0.47	0.47	0	0	0.35
127700	0.35	0.47	0.47	0	0	0.35
127800	0.35	0.47	0.47	0	0	0.35
127900	0.35	0.47	0.47	0	0	0.35
128000	0.35	0.47	0.47	0	0	0.35
128100	0.35	0.47	0.47	0	0	0.35
128200	0.35	0.47	0.47	0	0	0.35
128300	0.35	0.47	0.47	0	0	0.35
128400	0.35	0.47	0.47	0	0	0.35
128500	0.35	0.47	0.47	0	0	0.35
128600	0.35	0.47	0.47	0	0	0.35
128700	0.35	0.48	0.48	0	0	0.35
128800	0.36	0.47	0.47	0	0	0.36
128900	0.36	0.47	0.47	0	0	0.36
129000	0.35	0.47	0.47	0	0	0.35
129100	0.35	0.47	0.47	0	0	0.35
129200	0.35	0.47	0.47	0	0	0.35
129300	0.35	0.47	0.47	0	0	0.35
129400	0.35	0.47	0.47	0	0	0.35
129500	0.35	0.47	0.47	0	0	0.35
129600	0.35	0.47	0.47	0	0	0.35
129700	0.35	0.47	0.47	0	0	0.35
129800	0.35	0.47	0.47	0	0	0.35
129900	0.35	0.47	0.47	0	0	0.35
130000	0.35	0.47	0.47	0	0	0.35
130100	0.35	0.47	0.47	0	0	0.35
130200	0.35	0.47	0.47	0	0	0.35
130300	0.35	0.46	0.46	0	0	0.35
130400	0.35	0.46	0.46	0	0	0.35
130500	0.35	0.46	0.46	0	0	0.35
130600	0.35	0.47	0.47	0	0	0.35
130700	0.35	0.48	0.48	0	0	0.35
130800	0.35	0.47	0.47	0	0	0.35
130900	0.35	0.47	0.47	0	0	0.35
131000	0.35	0.47	0.47	0	0	0.35
131100	0.35	0.47	0.47	0	0	0.35
131200	0.35	0.47	0.47	0	0	0.35
131300	0.35	0.47	0.47	0	0	0.35
131400	0.36	0.47	0.47	0	0	0.36
131500	0.36	0.47	0.47	0	0	0.36
131600	0.36	0.47	0.47	0	0	0.36
131700	0.35	0.47	0.47	0	0	0.35
131800	0.35	0.47	0.47	0	0	0.35
131900	0.35	0.47	0.47	0	0	0.35
132000	0.35	0.47	0.47	0	0	0.35
132100	0.35	0.47	0.47	0	0	0.35
132200	0.35	0.47	0.47	0	0	0.35
132300	0.35	0.47	0.47	0	0	0.35
132400	0.35	0.47	0.47	0	0	0.35
132500	0.35	0.47	0.47	0	0	0.35
132600	0.35	0.47	0.47	0	0	0.35
132700	0.35	0.47	0.47	0	0	0.35
132800	0.35	0.47	0.47	0	0	0.35
132900	0.35	0.47	0.47	0	0	0.35
133000	0.35	0.47	0.47	0	0	0.35
133100	0.35	0.47	0.47	0	0	0.35
133200	0.35	0.47	0.47	0	0	0.35
133300	0.35	0.47	0.47	0	0	0.35
133400	0.35	0.47	0.47	0	0	0.35
133500	0.35	0.47	0.47	0	0	0.35
133600	0.35	0.47	0.47	0	0	0.35
133700	0.35	0.47	0.47	0	0	0.35
133800	0.35	0.47	0.47	0	0	0.35
133900	0.36	0.47	0.47	0	0	0.36
134000	0.36	0.48	0.48	0	0	0.36
134100	0.36	0.48	0.48	0	0	0.36
134200	0.36	0.48	0.48	0	0	0.36
134300	0.36	0.48	0.48	0	0	0.36
134400	0.36	0.48	0.48	0	0	0.36
134500	0.36	0.48	0.48	0	0	0.36
134600	0.36	0.48	0.48	0	0	0.36
134700	0.36	0.48	0.48	0	0	0.36
134800	0.36	0.47	0.47	0	0	0.36
134900	0.36	0.47	0.47	0	0	0.36
135000	0.35	0.47	0.47	0	0	0.35
135100	0.35	0.47	0.47	0	0	0.35
135200	0.35	0.47	0.47	0	0	0.35
135300	0.35	0.47	0.47	0	0	0.35
135400	0.35	0.47	0.47	0	0	0.35
135500	0.35	0.47	0.47	0	0	0.35
135600	0.35	0.47	0.47	0	0	0.35
135700	0.35	0.47	0.47	0	0	0.35
135800	0.35	0.47	0.47	0	0	0.35
135900	0.35	0.47	0.47	0	0	0.35
136000	0.35	0.47	0.47	0	0	0.35
136100	0.35	0.47	0.47	0	0	0.35
136200	0.35	0.47	0.47	0	0	0.35
136300	0.35	0.47	0.47	0	0	0.35
136400	0.35	0.47	0.47	0	0	0.35
136500	0.35	0.47	0.47	0	0	0.35
136600	0.35	0.47	0.47	0	0	0.35
136700	0.35	0.47	0.47	0	0	0.35
136800	0.35	0.47	0.47	0	0	0.35
136900	0.35	0.47	0.47	0	0	0.35
137000	0.35	0.47	0.47	0	0	0.35
137100	0.35	0.47	0.47	0	0	0.35
137200	0.35	0.47	0.47	0	0	0.35
137300	0.35	0.47	0.47	0	0	0.35
137400	0.35	0.47	0.47	0	0	0.35
137500	0.35	0.47	0.47	0	0	0.35
137600	0.35	0.47	0.47	0	0	0.35
137700	0.35	0.47	0.47	0	0	0.35
137800	0.35	0.47	0.47	0	0	0.35
137900	0.35	0.47	0.47	0	0	0.35
138000	0.35	0.47	0.47	0	0	0.35
138100	0.35	0.47	0.47	0	0	0.35
138200	0.35	0.47	0.47	0	0	0.35
138300	0.35	0.47	0.47	0	0	0.35
138400	0.35	0.47	0.47	0	0	0.35
138500	0.35	0.47	0.47	0	0	0.35
138600	0.35	0.47	0.47	0	0	0.35
138700	0.35	0.47	0.47	0	0	0.35
138800	0.35	0.47	0.47	0	0	0.35
138900	0.35	0.47	0.47	0	0	0.35
139000	0.35	0.47	0.47	0	0	0.35
139100	0.35	0.48	0.48	0	0	0.35
139200	0.35	0.48	0.48	0	0	0.35
139300	0.35	0.47	0.47	0	0	0.35
139400	0.35	0.47	0.47	0	0	0.35
139500	0.35	0.47	0.47	0	0	0.35
139600	0.35	0.47	0.47	0	0	0.35
139700	0.35	0.47	0.47	0	0	0.35
139800	0.35	0.47	0.47	0	0	0.35
139900	0.35	0.47	0.47	0	0	0.35
140000	0.35	0.47	0.47	0	0	0.35
140100	0.35	0.47	0.47	0	0	0.35
140200	0.35	0.47	0.47	0	0	0.35
140300	0.35	0.47	0.47	0	0	0.35
140400	0.35	0.47	0.47	0	0	0.35
140500	0.35	0.47	0.47	0	0	0.35
140600	0.35	0.47	0.47	0	0	0.35
140700	0.35	0.47	0.47	0	0	0.35
140800	0.35	0.47	0.47	0	0	0.35
140900	0.35	0.47	0.47	0	0	0.35
141000	0.35	0.47	0.47	0	0	0.35
141100	0.35	0.48	0.48	0	0	0.35
141200	0.35	0.48	0.48	0	0	0.35
141300	0.35	0.48	0.48	0	0	0.35
141400	0.35	0.48	0.48	0	0	0.35
141500	0.35	0.48	0.48	0	0	0.35
141600	0.35	0.48	0.48	0	0	0.35
141700	0.35	0.48	0.48	0	0	0.35
141800	0.35	0.48	0.48	0	0	0.35
141900	0.35	0.48	0.48	0	0	0.35
142000	0.35	0.48	0.48	0	0	0.35
142100	0.35	0.48	0.48	0	0	0.35
142200	0.35	0.48	0.48	0	0	0.35
142300	0.35	0.48	0.48	0	0	0.35
142400	0.35	0.48	0.48	0	0	0.35
142500	0.35	0.49	0.49	0	0	0.35
142600	0.35	0.48	0.48	0	0	0.35
142700	0.35	0.48	0.48	0	0	0.35
142800	0.35	0.49	0.49	0	0	0.35
142900	0.35	0.48	0.48	0	0	0.35
143000	0.35	0.48	0.48	0	0	0.35
143100	0.35	0.48	0.48	0	0	0.35
143200	0.35	0.48	0.48	0	0	0.35
143300	0.35	0.48	0.48	0	0	0.35
143400	0.35	0.48	0.48	0	0	0.35
143500	0.35	0.48	0.48	0	0	0.35
143600	0.35	0.48	0.48	0	0	0.35
143700	0.36	0.48	0.48	0	0	0.36
143800	0.36	0.48	0.48	0	0	0.36
143900	0.36	0.48	0.48	0	0	0.36
144000	0.36	0.48	0.48	0	0	0.36
144100	0.36	0.48	0.48	0	0	0.36
144200	0.36	0.48	0.48	0	0	0.36
144300	0.36	0.48	0.48	0	0	0.36
144400	0.36	0.49	0.49	0	0	0.36
144500	0.36	0.48	0.48	0	0	0.36
144600	0.36	0.48	0.48	0	0	0.36
144700	0.36	0.48	0.48	0	0	0.36
144800	0.36	0.48	0.48	0	0	0.36
144900	0.36	0.48	0.48	0	0	0.36
145000	0.36	0.48	0.48	0	0	0.36
145100	0.36	0.48	0.48	0	0	0.36
145200	0.36	0.48	0.48	0	0	0.36
145300	0.36	0.48	0.48	0	0	0.36
145400	0.36	0.48	0.48	0	0	0.36
145500	0.36	0.48	0.48	0	0	0.36
145600	0.36	0.48	0.48	0	0	0.36
145700	0.36	0.49	0.49	0	0	0.36
145800	0.36	0.48	0.48	0	0	0.36
145900	0.36	0.48	0.48	0	0	0.36
146000	0.36	0.48	0.48	0	0	0.36
146100	0.36	0.48	0.48	0	0	0.36
146200	0.36	0.49	0.49	0	0	0.36
146300	0.36	0.48	0.48	0	0	0.36
146400	0.36	0.48	0.48	0	0	0.36
146500	0.36	0.48	0.48	0	0	0.36
146600	0.36	0.48	0.48	0	0	0.36
146700	0.36	0.48	0.48	0	0	0.36
146800	0.36	0.48	0.48	0	0	0.36
146900	0.36	0.48	0.48	0	0	0.36
147000	0.36	0.48	0.48	0	0	0.36
147100	0.36	0.49	0.49	0	0	0.36
147200	0.36	0.49	0.49	0	0	0.36
147300	0.36	0.49	0.49	0	0	0.36
147400	0.36	0.49	0.49	0	0	0.36
147500	0.36	0.49	0.49	0	0	0.36
147600	0.36	0.49	0.49	0	0	0.36
147700	0.36	0.48	0.48	0	0	0.36
147800	0.36	0.48	0.48	0	0	0.36
147900	0.36	0.48	0.48	0	0	0.36
148000	0.36	0.48	0.48	0	0	0.36
148100	0.36	0.48	0.48	0	0	0.36
148200	0.36	0.48	0.48	0	0	0.36
148300	0.36	0.48	0.48	0	0	0.36
148400	0.36	0.48	0.48	0	0	0.36
148500	0.36	0.48	0.48	0	0	0.36
148600	0.36	0.48	0.48	0	0	0.36
148700	0.36	0.48	0.48	0	0	0.36
148800	0.36	0.48	0.48	0	0	0.36
148900	0.36	0.48	0.48	0	0	0.36
149000	0.36	0.48	0.48	0	0	0.36
149100	0.36	0.48	0.48	0	0	0.36
149200	0.36	0.48	0.48	0	0	0.36
149300	0.36	0.48	0.48	0	0	0.36
149400	0.36	0.48	0.48	0	0	0.36
149500	0.36	0.48	0.48	0	0	0.36
149600	0.36	0.48	0.48	0	0	0.36
149700	0.36	0.49	0.49	0	0	0.36
149800	0.36	0.48	0.48	0	0	0.36
149900	0.36	0.48	0.48	0	0	0.36
150000	0.36	0.48	0.48	0	0	0.36
150100	0.36	0.48	0.48	0	0	0.36
150200	0.36	0.48	0.48	0	0	0.36
150300	0.36	0.48	0.48	0	0	0.36
150400	0.36	0.48	0.48	0	0	0.36
150500	0.36	0.48	0.48	0	0	0.36
150600	0.36	0.48	0.48	0	0	0.36
150700	0.36	0.48	0.48	0	0	0.36
150800	0.36	0.48	0.48	0	0	0.36
150900	0.36	0.48	0.48	0	0	0.36
151000	0.36	0.48	0.48	0	0	0.36
151100	0.36	0.48	0.48	0	0	0.36
151200	0.36	0.49	0.49	0	0	0.36
151300	0.36	0.48	0.48	0	0	0.36
151400	0.36	0.48	0.48	0	0	0.36
151500	0.36	0.48	0.48	0	0	0.36
151600	0.36	0.48	0.48	0	0	0.36
151700	0.36	0.48	0.48	0	0	0.36
151800	0.36	0.48	0.48	0	0	0.36
151900	0.36	0.48	0.48	0	0	0.36
152000	0.36	0.48	0.48	0	0	0.36
152100	0.36	0.48	0.48	0	0	0.36
152200	0.36	0.48	0.48	0	0	0.36
152300	0.36	0.48	0.48	0	0	0.36
152400	0.36	0.48	0.48	0	0	0.36
152500	0.36	0.48	0.48	0	0	0.36
152600	0.36	0.48	0.48	0	0	0.36
152700	0.36	0.48	0.48	0	0	0.36
152800	0.37	0.48	0.48	0	0	0.37
152900	0.37	0.48	0.48	0	0	0.37
153000	0.36	0.48	0.48	0	0	0.36
153100	0.36	0.48	0.48	0	0	0.36
153200	0.36	0.48	0.48	0	0	0.36
153300	0.36	0.48	0.48	0	0	0.36
153400	0.36	0.48	0.48	0	0	0.36
153500	0.36	0.48	0.48	0	0	0.36
153600	0.36	0.48	0.48	0	0	0.36
153700	0.36	0.48	0.48	0	0	0.36
153800	0.36	0.48	0.48	0	0	0.36
153900	0.36	0.48	0.48	0	0	0.36
154000	0.36	0.48	0.48	0	0	0.36
154100	0.36	0.48	0.48	0	0	0.36
154200	0.37	0.48	0.48	0	0	0.37
154300	0.36	0.48	0.48	0	0	0.36
154400	0.37	0.48	0.48	0	0	0.37
154500	0.37	0.48	0.48	0	0	0.37
154600	0.37	0.48	0.48	0	0	0.37
154700	0.37	0.48	0.48	0	0	0.37
154800	0.37	0.48	0.48	0	0	0.37
154900	0.37	0.49	0.49	0	0	0.37
155000	0.37	0.48	0.48	0	0	0.37
155100	0.37	0.48	0.48	0	0	0.37
155200	0.37	0.48	0.48	0	0	0.37
155300	0.37	0.48	0.48	0	0	0.37
155400	0.37	0.48	0.48	0	0	0.37
155500	0.37	0.48	0.48	0	0	0.37
155600	0.37	0.48	0.48	0	0	0.37
155700	0.37	0.48	0.48	0	0	0.37
155800	0.37	0.48	0.48	0	0	0.37
155900	0.37	0.48	0.48	0	0	0.37
156000	0.37	0.48	0.48	0	0	0.37
156100	0.37	0.48	0.48	0	0	0.37
156200	0.37	0.48	0.48	0	0	0.37
156300	0.37	0.48	0.48	0	0	0.37
156400	0.37	0.48	0.48	0	0	0.37
156500	0.37	0.48	0.48	0	0	0.37
156600	0.37	0.48	0.48	0	0	0.37
156700	0.37	0.49	0.49	0	0	0.37
156800	0.38	0.49	0.49	0	0	0.38
156900	0.37	0.49	0.49	0	0	0.37
157000	0.37	0.49	0.49	0	0	0.37
157100	0.37	0.49	0.49	0	0	0.37
157200	0.37	0.49	0.49	0	0	0.37
157300	0.37	0.49	0.49	0	0	0.37
157400	0.37	0.49	0.49	0	0	0.37
157500	0.37	0.49	0.49	0	0	0.37
157600	0.37	0.49	0.49	0	0	0.37
157700	0.37	0.49	0.49	0	0	0.37
157800	0.37	0.49	0.49	0	0	0.37
157900	0.37	0.49	0.49	0	0	0.37
158000	0.37	0.49	0.49	0	0	0.37
158100	0.37	0.49	0.49	0	0	0.37
158200	0.37	0.49	0.49	0	0	0.37
158300	0.37	0.49	0.49	0	0	0.37
158400	0.37	0.49	0.49	0	0	0.37
158500	0.37	0.49	0.49	0	0	0.37
158600	0.37	0.49	0.49	0	0	0.37
158700	0.37	0.49	0.49	0	0	0.37
158800	0.37	0.49	0.49	0	0	0.37
158900	0.37	0.49	0.49	0	0	0.37
159000	0.37	0.49	0.49	0	0	0.37
159100	0.37	0.49	0.49	0	0	0.37
159200	0.37	0.49	0.49	0	0	0.37
159300	0.37	0.49	0.49	0	0	0.37
159400	0.37	0.49	0.49	0	0	0.37
159500	0.37	0.49	0.49	0	0	0.37
159600	0.37	0.5	0.5	0	0	0.37
159700	0.37	0.49	0.49	0	0	0.37
159800	0.37	0.49	0.49	0	0	0.37
159900	0.37	0.49	0.49	0	0	0.37
160000	0.37	0.49	0.49	0	0	0.37
160100	0.37	0.49	0.49	0	0	0.37
160200	0.37	0.49	0.49	0	0	0.37
160300	0.37	0.49	0.49	0	0	0.37
160400	0.37	0.49	0.49	0	0	0.37
160500	0.37	0.49	0.49	0	0	0.37
160600	0.37	0.5	0.5	0	0	0.37
160700	0.37	0.49	0.49	0	0	0.37
160800	0.37	0.49	0.49	0	0	0.37
160900	0.37	0.49	0.49	0	0	0.37
161000	0.37	0.49	0.49	0	0	0.37
161100	0.37	0.49	0.49	0	0	0.37
161200	0.37	0.49	0.49	0	0	0.37
161300	0.37	0.49	0.49	0	0	0.37
161400	0.37	0.49	0.49	0	0	0.37
161500	0.37	0.49	0.49	0	0	0.37
161600	0.37	0.49	0.49	0	0	0.37
161700	0.37	0.49	0.49	0	0	0.37
161800	0.37	0.49	0.49	0	0	0.37
161900	0.37	0.49	0.49	0	0	0.37
162000	0.37	0.49	0.49	0	0	0.37
162100	0.37	0.49	0.49	0	0	0.37
162200	0.38	0.49	0.49	0	0	0.38
162300	0.38	0.49	0.49	0	0	0.38
162400	0.38	0.49	0.49	0	0	0.38
162500	0.38	0.49	0.49	0	0	0.38
162600	0.38	0.49	0.49	0	0	0.38
162700	0.38	0.5	0.5	0	0	0.38
162800	0.38	0.5	0.5	0	0	0.38
162900	0.38	0.5	0.5	0	0	0.38
163000	0.38	0.5	0.5	0	0	0.38
163100	0.38	0.5	0.5	0	0	0.38
163200	0.38	0.5	0.5	0	0	0.38
163300	0.38	0.5	0.5	0	0	0.38
163400	0.38	0.5	0.5	0	0	0.38
163500	0.38	0.5	0.5	0	0	0.38
163600	0.38	0.5	0.5	0	0	0.38
163700	0.38	0.5	0.5	0	0	0.38
163800	0.38	0.5	0.5	0	0	0.38
163900	0.38	0.5	0.5	0	0	0.38
164000	0.38	0.5	0.5	0	0	0.38
164100	0.38	0.5	0.5	0	0	0.38
164200	0.38	0.5	0.5	0	0	0.38
164300	0.38	0.5	0.5	0	0	0.38
164400	0.38	0.5	0.5	0	0	0.38
164500	0.38	0.5	0.5	0	0	0.38
164600	0.38	0.5	0.5	0	0	0.38
164700	0.38	0.5	0.5	0	0	0.38
164800	0.38	0.5	0.5	0	0	0.38
164900	0.38	0.5	0.5	0	0	0.38
165000	0.38	0.5	0.5	0	0	0.38
165100	0.38	0.5	0.5	0	0	0.38
165200	0.36	0.5	0.5	0	0	0.36
165300	0.36	0.5	0.5	0	0	0.36
165400	0.36	0.5	0.5	0	0	0.36
165500	0.36	0.5	0.5	0	0	0.36
165600	0.36	0.5	0.5	0	0	0.36
165700	0.36	0.5	0.5	0	0	0.36
165800	0.36	0.5	0.5	0	0	0.36
165900	0.36	0.5	0.5	0	0	0.36
166000	0.36	0.5	0.5	0	0	0.36
166100	0.36	0.5	0.5	0	0	0.36
166200	0.36	0.5	0.5	0	0	0.36
166300	0.36	0.5	0.5	0	0	0.36
166400	0.36	0.5	0.5	0	0	0.36
166500	0.36	0.5	0.5	0	0	0.36
166600	0.36	0.5	0.5	0	0	0.36
166700	0.36	0.5	0.5	0	0	0.36
166800	0.36	0.5	0.5	0	0	0.36
166900	0.36	0.5	0.5	0	0	0.36
167000	0.36	0.5	0.5	0	0	0.36
167100	0.36	0.5	0.5	0	0	0.36
167200	0.36	0.5	0.5	0	0	0.36
167300	0.36	0.5	0.5	0	0	0.36
167400	0.36	0.5	0.5	0	0	0.36
167500	0.36	0.5	0.5	0	0	0.36
167600	0.37	0.5	0.5	0	0	0.37
167700	0.37	0.5	0.5	0	0	0.37
167800	0.37	0.5	0.5	0	0	0.37
167900	0.36	0.5	0.5	0	0	0.36
168000	0.36	0.5	0.5	0	0	0.36
168100	0.36	0.5	0.5	0	0	0.36
168200	0.36	0.5	0.5	0	0	0.36
168300	0.36	0.5	0.5	0	0	0.36
168400	0.36	0.5	0.5	0	0	0.36
168500	0.36	0.5	0.5	0	0	0.36
168600	0.36	0.5	0.5	0	0	0.36
168700	0.36	0.5	0.5	0	0	0.36
168800	0.36	0.5	0.5	0	0	0.36
168900	0.36	0.5	0.5	0	0	0.36
169000	0.36	0.5	0.5	0	0	0.36
169100	0.36	0.5	0.5	0	0	0.36
169200	0.36	0.5	0.5	0	0	0.36
169300	0.37	0.5	0.5	0	0	0.37
169400	0.37	0.5	0.5	0	0	0.37
169500	0.37	0.5	0.5	0	0	0.37
169600	0.37	0.5	0.5	0	0	0.37
169700	0.37	0.5	0.5	0	0	0.37
169800	0.37	0.5	0.5	0	0	0.37
169900	0.37	0.5	0.5	0	0	0.37
170000	0.37	0.5	0.5	0	0	0.37
170100	0.37	0.5	0.5	0	0	0.37
170200	0.37	0.5	0.5	0	0	0.37
170300	0.37	0.5	0.5	0	0	0.37
170400	0.37	0.5	0.5	0	0	0.37
170500	0.37	0.5	0.5	0	0	0.37
170600	0.37	0.5	0.5	0	0	0.37
170700	0.37	0.5	0.5	0	0	0.37
170800	0.37	0.5	0.5	0	0	0.37
170900	0.37	0.5	0.5	0	0	0.37
171000	0.37	0.5	0.5	0	0	0.37
171100	0.37	0.5	0.5	0	0	0.37
171200	0.37	0.5	0.5	0	0	0.37
171300	0.37	0.5	0.5	0	0	0.37
171400	0.37	0.5	0.5	0	0	0.37
171500	0.37	0.5	0.5	0	0	0.37
171600	0.37	0.5	0.5	0	0	0.37
171700	0.37	0.5	0.5	0	0	0.37
171800	0.37	0.5	0.5	0	0	0.37
171900	0.37	0.5	0.5	0	0	0.37
172000	0.37	0.5	0.5	0	0	0.37
172100	0.37	0.5	0.5	0	0	0.37
172200	0.37	0.5	0.5	0	0	0.37
172300	0.37	0.5	0.5	0	0	0.37
172400	0.37	0.5	0.5	0	0	0.37
172500	0.37	0.5	0.5	0	0	0.37
172600	0.37	0.5	0.5	0	0	0.37
172700	0.37	0.5	0.5	0	0	0.37
172800	0.37	0.5	0.5	0	0	0.37
172900	0.37	0.5	0.5	0	0	0.37
173000	0.37	0.5	0.5	0	0	0.37
173100	0.38	0.5	0.5	0	0	0.38
173200	0.38	0.5	0.5	0	0	0.38
173300	0.38	0.5	0.5	0	0	0.38
173400	0.38	0.5	0.5	0	0	0.38
173500	0.38	0.5	0.5	0	0	0.38
173600	0.38	0.5	0.5	0	0	0.38
173700	0.38	0.5	0.5	0	0	0.38
173800	0.38	0.5	0.5	0	0	0.38
173900	0.38	0.5	0.5	0	0	0.38
174000	0.38	0.5	0.5	0	0	0.38
174100	0.39	0.5	0.5	0	0	0.39
174200	0.38	0.5	0.5	0	0	0.38
174300	0.38	0.5	0.5	0	0	0.38
174400	0.38	0.5	0.5	0	0	0.38
174500	0.38	0.5	0.5	0	0	0.38
174600	0.38	0.5	0.5	0	0	0.38
174700	0.39	0.5	0.5	0	0	0.39
174800	0.39	0.5	0.5	0	0	0.39
174900	0.39	0.5	0.5	0	0	0.39
175000	0.39	0.5	0.5	0	0	0.39
175100	0.39	0.5	0.5	0	0	0.39
175200	0.39	0.5	0.5	0	0	0.39
175300	0.39	0.5	0.5	0	0	0.39
175400	0.39	0.5	0.5	0	0	0.39
175500	0.39	0.5	0.5	0	0	0.39
175600	0.39	0.5	0.5	0	0	0.39
175700	0.39	0.5	0.5	0	0	0.39
175800	0.39	0.5	0.5	0	0	0.39
175900	0.4	0.5	0.5	0	0	0.4
176000	0.4	0.5	0.5	0	0	0.4
176100	0.39	0.5	0.5	0	0	0.39
176200	0.39	0.5	0.5	0	0	0.39
176300	0.39	0.5	0.5	0	0	0.39
176400	0.39	0.5	0.5	0	0	0.39
176500	0.39	0.5	0.5	0	0	0.39
176600	0.39	0.5	0.5	0	0	0.39
176700	0.39	0.5	0.5	0	0	0.39
176800	0.39	0.5	0.5	0	0	0.39
176900	0.39	0.5	0.5	0	0	0.39
177000	0.39	0.5	0.5	0	0	0.39
177100	0.39	0.5	0.5	0	0	0.39
177200	0.39	0.5	0.5	0	0	0.39
177300	0.39	0.5	0.5	0	0	0.39
177400	0.39	0.5	0.5	0	0	0.39
177500	0.39	0.5	0.5	0	0	0.39
177600	0.39	0.5	0.5	0	0	0.39
177700	0.39	0.5	0.5	0	0	0.39
177800	0.39	0.5	0.5	0	0	0.39
177900	0.39	0.5	0.5	0	0	0.39
178000	0.39	0.5	0.5	0	0	0.39
178100	0.39	0.5	0.5	0	0	0.39
178200	0.39	0.5	0.5	0	0	0.39
178300	0.39	0.5	0.5	0	0	0.39
178400	0.39	0.5	0.5	0	0	0.39
178500	0.39	0.5	0.5	0	0	0.39
178600	0.39	0.5	0.5	0	0	0.39
178700	0.39	0.5	0.5	0	0	0.39
178800	0.39	0.5	0.5	0	0	0.39
178900	0.39	0.5	0.5	0	0	0.39
179000	0.39	0.5	0.5	0	0	0.39
179100	0.39	0.5	0.5	0	0	0.39
179200	0.39	0.5	0.5	0	0	0.39
179300	0.39	0.5	0.5	0	0	0.39
179400	0.39	0.5	0.5	0	0	0.39
179500	0.39	0.5	0.5	0	0	0.39
179600	0.39	0.5	0.5	0	0	0.39
179700	0.39	0.5	0.5	0	0	0.39
179800	0.39	0.5	0.5	0	0	0.39
179900	0.39	0.5	0.5	0	0	0.39
180000	0.39	0.5	0.5	0	0	0.39
180100	0.39	0.5	0.5	0	0	0.39
180200	0.39	0.5	0.5	0	0	0.39
180300	0.39	0.5	0.5	0	0	0.39
180400	0.39	0.5	0.5	0	0	0.39
180500	0.39	0.5	0.5	0	0	0.39
180600	0.39	0.49	0.49	0	0	0.39
180700	0.39	0.49	0.49	0	0	0.39
180800	0.39	0.49	0.49	0	0	0.39
180900	0.39	0.49	0.49	0	0	0.39
181000	0.39	0.49	0.49	0	0	0.39
181100	0.39	0.49	0.49	0	0	0.39
181200	0.39	0.49	0.49	0	0	0.39
181300	0.39	0.49	0.49	0	0	0.39
181400	0.39	0.49	0.49	0	0	0.39
181500	0.39	0.5	0.5	0	0	0.39
181600	0.39	0.5	0.5	0	0	0.39
181700	0.39	0.5	0.5	0	0	0.39
181800	0.39	0.5	0.5	0	0	0.39
181900	0.4	0.5	0.5	0	0	0.4
182000	0.4	0.5	0.5	0	0	0.4
182100	0.4	0.5	0.5	0	0	0.4
182200	0.4	0.5	0.5	0	0	0.4
182300	0.4	0.5	0.5	0	0	0.4
182400	0.4	0.5	0.5	0	0	0.4
182500	0.39	0.5	0.5	0	0	0.39
182600	0.39	0.5	0.5	0	0	0.39
182700	0.39	0.5	0.5	0	0	0.39
182800	0.39	0.5	0.5	0	0	0.39
182900	0.4	0.5	0.5	0	0	0.4
183000	0.39	0.5	0.5	0	0	0.39
183100	0.39	0.5	0.5	0	0	0.39
183200	0.39	0.5	0.5	0	0	0.39
183300	0.39	0.5	0.5	0	0	0.39
183400	0.39	0.5	0.5	0	0	0.39
183500	0.39	0.5	0.5	0	0	0.39
183600	0.39	0.5	0.5	0	0	0.39
183700	0.39	0.5	0.5	0	0	0.39
183800	0.37	0.5	0.5	0	0	0.37
183900	0.37	0.5	0.5	0	0	0.37
184000	0.37	0.5	0.5	0	0	0.37
184100	0.37	0.5	0.5	0	0	0.37
184200	0.37	0.5	0.5	0	0	0.37
184300	0.37	0.5	0.5	0	0	0.37
184400	0.37	0.5	0.5	0	0	0.37
184500	0.37	0.5	0.5	0	0	0.37
184600	0.37	0.5	0.5	0	0	0.37
184700	0.37	0.5	0.5	0	0	0.37
184800	0.37	0.5	0.5	0	0	0.37
184900	0.37	0.5	0.5	0	0	0.37
185000	0.38	0.5	0.5	0	0	0.38
185100	0.38	0.5	0.5	0	0	0.38
185200	0.38	0.5	0.5	0	0	0.38
185300	0.38	0.5	0.5	0	0	0.38
185400	0.38	0.5	0.5	0	0	0.38
185500	0.38	0.5	0.5	0	0	0.38
185600	0.38	0.5	0.5	0	0	0.38
185700	0.38	0.5	0.5	0	0	0.38
185800	0.38	0.5	0.5	0	0	0.38
185900	0.38	0.5	0.5	0	0	0.38
186000	0.38	0.5	0.5	0	0	0.38
186100	0.38	0.5	0.5	0	0	0.38
186200	0.38	0.5	0.5	0	0	0.38
186300	0.38	0.5	0.5	0	0	0.38
186400	0.38	0.5	0.5	0	0	0.38
186500	0.38	0.5	0.5	0	0	0.38
186600	0.38	0.5	0.5	0	0	0.38
186700	0.38	0.5	0.5	0	0	0.38
186800	0.38	0.5	0.5	0	0	0.38
186900	0.38	0.5	0.5	0	0	0.38
187000	0.38	0.5	0.5	0	0	0.38
187100	0.38	0.5	0.5	0	0	0.38
187200	0.38	0.5	0.5	0	0	0.38
187300	0.38	0.5	0.5	0	0	0.38
187400	0.38	0.5	0.5	0	0	0.38
187500	0.38	0.5	0.5	0	0	0.38
187600	0.38	0.5	0.5	0	0	0.38
187700	0.38	0.5	0.5	0	0	0.38
187800	0.38	0.5	0.5	0	0	0.38
187900	0.38	0.5	0.5	0	0	0.38
188000	0.39	0.5	0.5	0	0	0.39
188100	0.38	0.5	0.5	0	0	0.38
188200	0.38	0.5	0.5	0	0	0.38
188300	0.38	0.5	0.5	0	0	0.38
188400	0.38	0.5	0.5	0	0	0.38
188500	0.38	0.49	0.49	0	0	0.38
188600	0.38	0.49	0.49	0	0	0.38
188700	0.38	0.49	0.49	0	0	0.38
188800	0.38	0.49	0.49	0	0	0.38
188900	0.38	0.49	0.49	0	0	0.38
189000	0.38	0.49	0.49	0	0	0.38
189100	0.38	0.49	0.49	0	0	0.38
189200	0.39	0.49	0.49	0	0	0.39
189300	0.39	0.49	0.49	0	0	0.39
189400	0.39	0.49	0.49	0	0	0.39
189500	0.4	0.49	0.49	0	0	0.4
189600	0.4	0.49	0.49	0	0	0.4
189700	0.4	0.49	0.49	0	0	0.4
189800	0.4	0.49	0.49	0	0	0.4
189900	0.4	0.49	0.49	0	0	0.4
190000	0.4	0.49	0.49	0	0	0.4
190100	0.4	0.49	0.49	0	0	0.4
190200	0.4	0.49	0.49	0	0	0.4
190300	0.4	0.49	0.49	0	0	0.4
190400	0.4	0.49	0.49	0	0	0.4
190500	0.4	0.49	0.49	0	0	0.4
190600	0.4	0.49	0.49	0	0	0.4
190700	0.4	0.49	0.49	0	0	0.4
190800	0.4	0.49	0.49	0	0	0.4
190900	0.37	0.49	0.49	0	0	0.37
191000	0.35	0.49	0.49	0	0	0.35
191100	0.34	0.49	0.49	0	0	0.34
191200	0.34	0.49	0.49	0	0	0.34
191300	0.33	0.49	0.49	0	0	0.33
191400	0.33	0.49	0.49	0	0	0.33
191500	0.33	0.49	0.49	0	0	0.33
191600	0.34	0.49	0.49	0	0	0.34
191700	0.33	0.49	0.49	0	0	0.33
191800	0.33	0.49	0.49	0	0	0.33
191900	0.33	0.49	0.49	0	0	0.33
192000	0.32	0.49	0.49	0	0	0.32
192100	0.32	0.49	0.49	0	0	0.32
192200	0.32	0.49	0.49	0	0	0.32
192300	0.33	0.49	0.49	0	0	0.33
192400	0.34	0.49	0.49	0	0	0.34
192500	0.33	0.49	0.49	0	0	0.33
192600	0.33	0.49	0.49	0	0	0.33
192700	0.33	0.49	0.49	0	0	0.33
192800	0.33	0.49	0.49	0	0	0.33
192900	0.33	0.49	0.49	0	0	0.33
193000	0.33	0.49	0.49	0	0	0.33
193100	0.33	0.49	0.49	0	0	0.33
193200	0.33	0.49	0.49	0	0	0.33
193300	0.33	0.49	0.49	0	0	0.33
193400	0.33	0.49	0.49	0	0	0.33
193500	0.33	0.49	0.49	0	0	0.33
193600	0.33	0.49	0.49	0	0	0.33
193700	0.33	0.49	0.49	0	0	0.33
193800	0.33	0.49	0.49	0	0	0.33
193900	0.33	0.49	0.49	0	0	0.33
194000	0.33	0.49	0.49	0	0	0.33
194100	0.33	0.49	0.49	0	0	0.33
194200	0.33	0.49	0.49	0	0	0.33
194300	0.31	0.49	0.49	0	0	0.31
194400	0.31	0.49	0.49	0	0	0.31
194500	0.31	0.49	0.49	0	0	0.31
194600	0.31	0.49	0.49	0	0	0.31
194700	0.31	0.49	0.49	0	0	0.31
194800	0.31	0.49	0.49	0	0	0.31
194900	0.31	0.49	0.49	0	0	0.31
195000	0.31	0.5	0.5	0	0	0.31
195100	0.31	0.5	0.5	0	0	0.31
195200	0.31	0.5	0.5	0	0	0.31
195300	0.31	0.5	0.5	0	0	0.31
195400	0.31	0.5	0.5	0	0	0.31
195500	0.31	0.5	0.5	0	0	0.31
195600	0.32	0.5	0.5	0	0	0.32
195700	0.31	0.5	0.5	0	0	0.31
195800	0.32	0.5	0.5	0	0	0.32
195900	0.31	0.5	0.5	0	0	0.31
196000	0.32	0.5	0.5	0	0	0.32
196100	0.32	0.5	0.5	0	0	0.32
196200	0.31	0.5	0.5	0	0	0.31
196300	0.31	0.5	0.5	0	0	0.31
196400	0.31	0.5	0.5	0	0	0.31
196500	0.31	0.5	0.5	0	0	0.31
196600	0.31	0.5	0.5	0	0	0.31
196700	0.31	0.5	0.5	0	0	0.31
196800	0.31	0.5	0.5	0	0	0.31
196900	0.31	0.5	0.5	0	0	0.31
197000	0.31	0.5	0.5	0	0	0.31
197100	0.31	0.5	0.5	0	0	0.31
197200	0.31	0.5	0.5	0	0	0.31
197300	0.32	0.5	0.5	0	0	0.32
197400	0.32	0.5	0.5	0	0	0.32
197500	0.32	0.5	0.5	0	0	0.32
197600	0.31	0.5	0.5	0	0	0.31
197700	0.31	0.5	0.5	0	0	0.31
197800	0.31	0.5	0.5	0	0	0.31
197900	0.32	0.5	0.5	0	0	0.32
198000	0.31	0.49	0.49	0	0	0.31
198100	0.31	0.49	0.49	0	0	0.31
198200	0.31	0.49	0.49	0	0	0.31
198300	0.31	0.49	0.49	0	0	0.31
198400	0.31	0.49	0.49	0	0	0.31
198500	0.31	0.5	0.5	0	0	0.31
198600	0.31	0.5	0.5	0	0	0.31
198700	0.31	0.5	0.5	0	0	0.31
198800	0.31	0.5	0.5	0	0	0.31
198900	0.31	0.5	0.5	0	0	0.31
199000	0.31	0.5	0.5	0	0	0.31
199100	0.32	0.5	0.5	0	0	0.32
199200	0.32	0.5	0.5	0	0	0.32
199300	0.32	0.49	0.49	0	0	0.32
199400	0.32	0.5	0.5	0	0	0.32
199500	0.32	0.5	0.5	0	0	0.32
199600	0.32	0.5	0.5	0	0	0.32
199700	0.31	0.5	0.5	0	0	0.31
199800	0.31	0.5	0.5	0	0	0.31
199900	0.3	0.5	0.5	0	0	0.3
200000	0.3	0.5	0.5	0	0	0.3
200100	0.3	0.5	0.5	0	0	0.3
200200	0.3	0.5	0.5	0	0	0.3
200300	0.3	0.5	0.5	0	0	0.3
200400	0.3	0.5	0.5	0	0	0.3
200500	0.29	0.5	0.5	0	0	0.29
200600	0.29	0.5	0.5	0	0	0.29
200700	0.29	0.5	0.5	0	0	0.29
200800	0.29	0.5	0.5	0	0	0.29
200900	0.3	0.5	0.5	0	0	0.3
201000	0.3	0.5	0.5	0	0	0.3
201100	0.3	0.5	0.5	0	0	0.3
201200	0.3	0.5	0.5	0	0	0.3
201300	0.3	0.5	0.5	0	0	0.3
201400	0.3	0.5	0.5	0	0	0.3
201500	0.3	0.5	0.5	0	0	0.3
201600	0.3	0.5	0.5	0	0	0.3
201700	0.31	0.5	0.5	0	0	0.31
201800	0.3	0.5	0.5	0	0	0.3
201900	0.3	0.5	0.5	0	0	0.3
202000	0.3	0.5	0.5	0	0	0.3
202100	0.3	0.48	0.48	0	0	0.3
202200	0.3	0.48	0.48	0	0	0.3
202300	0.3	0.48	0.48	0	0	0.3
202400	0.3	0.48	0.48	0	0	0.3
202500	0.3	0.48	0.48	0	0	0.3
202600	0.3	0.48	0.48	0	0	0.3
202700	0.3	0.48	0.48	0	0	0.3
202800	0.3	0.48	0.48	0	0	0.3
202900	0.3	0.48	0.48	0	0	0.3
203000	0.3	0.48	0.48	0	0	0.3
203100	0.3	0.48	0.48	0	0	0.3
203200	0.3	0.48	0.48	0	0	0.3
203300	0.3	0.48	0.48	0	0	0.3
203400	0.3	0.48	0.48	0	0	0.3
203500	0.31	0.48	0.48	0	0	0.31
203600	0.31	0.48	0.48	0	0	0.31
203700	0.31	0.48	0.48	0	0	0.31
203800	0.3	0.48	0.48	0	0	0.3
203900	0.3	0.48	0.48	0	0	0.3
204000	0.3	0.48	0.48	0	0	0.3
204100	0.3	0.48	0.48	0	0	0.3
204200	0.3	0.48	0.48	0	0	0.3
204300	0.3	0.48	0.48	0	0	0.3
204400	0.3	0.48	0.48	0	0	0.3
204500	0.3	0.48	0.48	0	0	0.3
204600	0.3	0.48	0.48	0	0	0.3
204700	0.3	0.48	0.48	0	0	0.3
204800	0.3	0.48	0.48	0	0	0.3
204900	0.31	0.48	0.48	0	0	0.31
205000	0.31	0.48	0.48	0	0	0.31
205100	0.32	0.48	0.48	0	0	0.32
205200	0.31	0.48	0.48	0	0	0.31
205300	0.32	0.48	0.48	0	0	0.32
205400	0.32	0.48	0.48	0	0	0.32
205500	0.33	0.48	0.48	0	0	0.33
205600	0.32	0.48	0.48	0	0	0.32
205700	0.32	0.48	0.48	0	0	0.32
205800	0.31	0.48	0.48	0	0	0.31
205900	0.31	0.48	0.48	0	0	0.31
206000	0.31	0.48	0.48	0	0	0.31
206100	0.31	0.48	0.48	0	0	0.31
206200	0.31	0.48	0.48	0	0	0.31
206300	0.31	0.48	0.48	0	0	0.31
206400	0.31	0.48	0.48	0	0	0.31
206500	0.31	0.48	0.48	0	0	0.31
206600	0.32	0.48	0.48	0	0	0.32
206700	0.31	0.48	0.48	0	0	0.31
206800	0.31	0.48	0.48	0	0	0.31
206900	0.31	0.48	0.48	0	0	0.31
207000	0.31	0.48	0.48	0	0	0.31
207100	0.31	0.48	0.48	0	0	0.31
207200	0.31	0.47	0.47	0	0	0.31
207300	0.32	0.47	0.47	0	0	0.32
207400	0.32	0.47	0.47	0	0	0.32
207500	0.31	0.46	0.46	0	0	0.31
207600	0.31	0.46	0.46	0	0	0.31
207700	0.31	0.46	0.46	0	0	0.31
207800	0.31	0.46	0.46	0	0	0.31
207900	0.31	0.46	0.46	0	0	0.31
208000	0.31	0.46	0.46	0	0	0.31
208100	0.31	0.46	0.46	0	0	0.31
208200	0.31	0.46	0.46	0	0	0.31
208300	0.31	0.46	0.46	0	0	0.31
208400	0.32	0.46	0.46	0	0	0.32
208500	0.32	0.46	0.46	0	0	0.32
208600	0.32	0.46	0.46	0	0	0.32
208700	0.32	0.46	0.46	0	0	0.32
208800	0.32	0.46	0.46	0	0	0.32
208900	0.32	0.46	0.46	0	0	0.32
209000	0.32	0.47	0.47	0	0	0.32
209100	0.32	0.47	0.47	0	0	0.32
209200	0.32	0.47	0.47	0	0	0.32
209300	0.32	0.47	0.47	0	0	0.32
209400	0.32	0.47	0.47	0	0	0.32
209500	0.32	0.47	0.47	0	0	0.32
209600	0.32	0.47	0.47	0	0	0.32
209700	0.32	0.47	0.47	0	0	0.32
209800	0.32	0.47	0.47	0	0	0.32
209900	0.32	0.47	0.47	0	0	0.32
210000	0.32	0.47	0.47	0	0	0.32
210100	0.32	0.47	0.47	0	0	0.32
210200	0.33	0.47	0.47	0	0	0.33
210300	0.32	0.47	0.47	0	0	0.32
210400	0.32	0.47	0.47	0	0	0.32
210500	0.32	0.47	0.47	0	0	0.32
210600	0.32	0.47	0.47	0	0	0.32
210700	0.32	0.47	0.47	0	0	0.32
210800	0.32	0.47	0.47	0	0	0.32
210900	0.32	0.47	0.47	0	0	0.32
211000	0.32	0.47	0.47	0	0	0.32
211100	0.32	0.47	0.47	0	0	0.32
211200	0.32	0.48	0.48	0	0	0.32
211300	0.32	0.48	0.48	0	0	0.32
211400	0.32	0.48	0.48	0	0	0.32
211500	0.32	0.49	0.49	0	0	0.32
211600	0.32	0.49	0.49	0	0	0.32
211700	0.32	0.49	0.49	0	0	0.32
211800	0.32	0.49	0.49	0	0	0.32
211900	0.33	0.49	0.49	0	0	0.33
212000	0.33	0.49	0.49	0	0	0.33
212100	0.33	0.49	0.49	0	0	0.33
212200	0.33	0.49	0.49	0	0	0.33
212300	0.33	0.49	0.49	0	0	0.33
212400	0.33	0.49	0.49	0	0	0.33
212500	0.33	0.49	0.49	0	0	0.33
212600	0.33	0.49	0.49	0	0	0.33
212700	0.33	0.49	0.49	0	0	0.33
212800	0.33	0.49	0.49	0	0	0.33
212900	0.33	0.49	0.49	0	0	0.33
213000	0.33	0.49	0.49	0	0	0.33
213100	0.33	0.49	0.49	0	0	0.33
213200	0.33	0.49	0.49	0	0	0.33
213300	0.33	0.49	0.49	0	0	0.33
213400	0.33	0.49	0.49	0	0	0.33
213500	0.33	0.49	0.49	0	0	0.33
213600	0.33	0.49	0.49	0	0	0.33
213700	0.32	0.49	0.49	0	0	0.32
213800	0.32	0.49	0.49	0	0	0.32
213900	0.32	0.49	0.49	0	0	0.32
214000	0.31	0.49	0.49	0	0	0.31
214100	0.31	0.49	0.49	0	0	0.31
214200	0.31	0.49	0.49	0	0	0.31
214300	0.31	0.49	0.49	0	0	0.31
214400	0.32	0.49	0.49	0	0	0.32
214500	0.31	0.49	0.49	0	0	0.31
214600	0.31	0.49	0.49	0	0	0.31
214700	0.31	0.49	0.49	0	0	0.31
214800	0.31	0.49	0.49	0	0	0.31
214900	0.31	0.49	0.49	0	0	0.31
215000	0.31	0.49	0.49	0	0	0.31
215100	0.32	0.49	0.49	0	0	0.32
215200	0.32	0.49	0.49	0	0	0.32
215300	0.32	0.49	0.49	0	0	0.32
215400	0.32	0.5	0.5	0	0	0.32
215500	0.32	0.49	0.49	0	0	0.32
215600	0.32	0.49	0.49	0	0	0.32
215700	0.32	0.49	0.49	0	0	0.32
215800	0.32	0.49	0.49	0	0	0.32
215900	0.32	0.49	0.49	0	0	0.32
216000	0.32	0.49	0.49	0	0	0.32
216100	0.32	0.49	0.49	0	0	0.32
216200	0.33	0.49	0.49	0	0	0.33
216300	0.33	0.49	0.49	0	0	0.33
216400	0.33	0.49	0.49	0	0	0.33
216500	0.33	0.49	0.49	0	0	0.33
216600	0.33	0.49	0.49	0	0	0.33
216700	0.33	0.49	0.49	0	0	0.33
216800	0.33	0.49	0.49	0	0	0.33
216900	0.33	0.49	0.49	0	0	0.33
217000	0.33	0.49	0.49	0	0	0.33
217100	0.33	0.49	0.49	0	0	0.33
217200	0.33	0.49	0.49	0	0	0.33
217300	0.33	0.5	0.5	0	0	0.33
217400	0.34	0.5	0.5	0	0	0.34
217500	0.33	0.5	0.5	0	0	0.33
217600	0.33	0.5	0.5	0	0	0.33
217700	0.33	0.5	0.5	0	0	0.33
217800	0.33	0.5	0.5	0	0	0.33
217900	0.33	0.5	0.5	0	0	0.33
218000	0.33	0.5	0.5	0	0	0.33
218100	0.33	0.5	0.5	0	0	0.33
218200	0.33	0.5	0.5	0	0	0.33
218300	0.33	0.5	0.5	0	0	0.33
218400	0.33	0.5	0.5	0	0	0.33
218500	0.33	0.5	0.5	0	0	0.33
218600	0.33	0.5	0.5	0	0	0.33
218700	0.34	0.5	0.5	0	0	0.34
218800	0.34	0.5	0.5	0	0	0.34
218900	0.34	0.5	0.5	0	0	0.34
219000	0.34	0.5	0.5	0	0	0.34
219100	0.34	0.5	0.5	0	0	0.34
219200	0.34	0.5	0.5	0	0	0.34
219300	0.34	0.5	0.5	0	0	0.34
219400	0.34	0.5	0.5	0	0	0.34
219500	0.34	0.5	0.5	0	0	0.34
219600	0.34	0.5	0.5	0	0	0.34
219700	0.34	0.5	0.5	0	0	0.34
219800	0.34	0.5	0.5	0	0	0.34
219900	0.34	0.5	0.5	0	0	0.34
220000	0.34	0.5	0.5	0	0	0.34
220100	0.34	0.5	0.5	0	0	0.34
220200	0.33	0.5	0.5	0	0	0.33
220300	0.33	0.5	0.5	0	0	0.33
220400	0.33	0.5	0.5	0	0	0.33
220500	0.33	0.5	0.5	0	0	0.33
220600	0.33	0.5	0.5	0	0	0.33
220700	0.33	0.5	0.5	0	0	0.33
220800	0.33	0.5	0.5	0	0	0.33
220900	0.33	0.5	0.5	0	0	0.33
221000	0.33	0.5	0.5	0	0	0.33
221100	0.34	0.5	0.5	0	0	0.34
221200	0.33	0.5	0.5	0	0	0.33
221300	0.33	0.5	0.5	0	0	0.33
221400	0.33	0.5	0.5	0	0	0.33
221500	0.33	0.5	0.5	0	0	0.33
221600	0.33	0.5	0.5	0	0	0.33
221700	0.33	0.5	0.5	0	0	0.33
221800	0.33	0.5	0.5	0	0	0.33
221900	0.33	0.5	0.5	0	0	0.33
222000	0.33	0.5	0.5	0	0	0.33
222100	0.33	0.5	0.5	0	0	0.33
222200	0.33	0.5	0.5	0	0	0.33
222300	0.33	0.5	0.5	0	0	0.33
222400	0.33	0.5	0.5	0	0	0.33
222500	0.33	0.5	0.5	0	0	0.33
222600	0.33	0.5	0.5	0	0	0.33
222700	0.33	0.5	0.5	0	0	0.33
222800	0.33	0.5	0.5	0	0	0.33
222900	0.33	0.5	0.5	0	0	0.33
223000	0.33	0.5	0.5	0	0	0.33
223100	0.33	0.5	0.5	0	0	0.33
223200	0.33	0.5	0.5	0	0	0.33
223300	0.34	0.5	0.5	0	0	0.34
223400	0.34	0.5	0.5	0	0	0.34
223500	0.34	0.5	0.5	0	0	0.34
223600	0.34	0.5	0.5	0	0	0.34
223700	0.34	0.5	0.5	0	0	0.34
223800	0.34	0.5	0.5	0	0	0.34
223900	0.34	0.5	0.5	0	0	0.34
224000	0.34	0.5	0.5	0	0	0.34
224100	0.34	0.5	0.5	0	0	0.34
224200	0.34	0.5	0.5	0	0	0.34
224300	0.34	0.5	0.5	0	0	0.34
224400	0.34	0.5	0.5	0	0	0.34
224500	0.34	0.5	0.5	0	0	0.34
224600	0.34	0.5	0.5	0	0	0.34
224700	0.34	0.5	0.5	0	0	0.34
224800	0.34	0.51	0.51	0	0	0.34
224900	0.34	0.5	0.5	0	0	0.34
225000	0.34	0.5	0.5	0	0	0.34
225100	0.34	0.5	0.5	0	0	0.34
225200	0.34	0.5	0.5	0	0	0.34
225300	0.34	0.5	0.5	0	0	0.34
225400	0.33	0.5	0.5	0	0	0.33
225500	0.33	0.5	0.5	0	0	0.33
225600	0.33	0.5	0.5	0	0	0.33
225700	0.33	0.5	0.5	0	0	0.33
225800	0.33	0.5	0.5	0	0	0.33
225900	0.34	0.5	0.5	0	0	0.34
226000	0.33	0.5	0.5	0	0	0.33
226100	0.33	0.5	0.5	0	0	0.33
226200	0.33	0.51	0.51	0	0	0.33
226300	0.33	0.51	0.51	0	0	0.33
226400	0.34	0.51	0.51	0	0	0.34
226500	0.34	0.51	0.51	0	0	0.34
226600	0.34	0.51	0.51	0	0	0.34
226700	0.34	0.51	0.51	0	0	0.34
226800	0.34	0.51	0.51	0	0	0.34
226900	0.34	0.51	0.51	0	0	0.34
227000	0.34	0.51	0.51	0	0	0.34
227100	0.34	0.51	0.51	0	0	0.34
227200	0.34	0.51	0.51	0	0	0.34
227300	0.34	0.51	0.51	0	0	0.34
227400	0.35	0.51	0.51	0	0	0.35
227500	0.35	0.51	0.51	0	0	0.35
227600	0.35	0.51	0.51	0	0	0.35
227700	0.35	0.51	0.51	0	0	0.35
227800	0.35	0.51	0.51	0	0	0.35
227900	0.35	0.51	0.51	0	0	0.35
228000	0.35	0.51	0.51	0	0	0.35
228100	0.35	0.51	0.51	0	0	0.35
228200	0.35	0.51	0.51	0	0	0.35
228300	0.35	0.51	0.51	0	0	0.35
228400	0.35	0.51	0.51	0	0	0.35
228500	0.35	0.51	0.51	0	0	0.35
228600	0.35	0.52	0.52	0	0	0.35
228700	0.35	0.51	0.51	0	0	0.35
228800	0.35	0.51	0.51	0	0	0.35
228900	0.35	0.51	0.51	0	0	0.35
229000	0.35	0.51	0.51	0	0	0.35
229100	0.35	0.51	0.51	0	0	0.35
229200	0.35	0.51	0.51	0	0	0.35
229300	0.35	0.51	0.51	0	0	0.35
229400	0.35	0.51	0.51	0	0	0.35
229500	0.35	0.51	0.51	0	0	0.35
229600	0.35	0.51	0.51	0	0	0.35
229700	0.35	0.51	0.51	0	0	0.35
229800	0.35	0.51	0.51	0	0	0.35
229900	0.35	0.52	0.52	0	0	0.35
230000	0.35	0.52	0.52	0	0	0.35
230100	0.35	0.51	0.51	0	0	0.35
230200	0.35	0.51	0.51	0	0	0.35
230300	0.35	0.51	0.51	0	0	0.35
230400	0.35	0.51	0.51	0	0	0.35
230500	0.35	0.51	0.51	0	0	0.35
230600	0.35	0.51	0.51	0	0	0.35
230700	0.35	0.51	0.51	0	0	0.35
230800	0.35	0.51	0.51	0	0	0.35
230900	0.35	0.51	0.51	0	0	0.35
231000	0.35	0.51	0.51	0	0	0.35
231100	0.35	0.51	0.51	0	0	0.35
231200	0.35	0.51	0.51	0	0	0.35
231300	0.35	0.51	0.51	0	0	0.35
231400	0.35	0.51	0.51	0	0	0.35
231500	0.35	0.51	0.51	0	0	0.35
231600	0.35	0.51	0.51	0	0	0.35
231700	0.35	0.51	0.51	0	0	0.35
231800	0.35	0.51	0.51	0	0	0.35
231900	0.35	0.51	0.51	0	0	0.35
232000	0.35	0.51	0.51	0	0	0.35
232100	0.35	0.51	0.51	0	0	0.35
232200	0.36	0.51	0.51	0	0	0.36
232300	0.36	0.51	0.51	0	0	0.36
232400	0.35	0.51	0.51	0	0	0.35
232500	0.35	0.51	0.51	0	0	0.35
232600	0.35	0.51	0.51	0	0	0.35
232700	0.35	0.51	0.51	0	0	0.35
232800	0.35	0.51	0.51	0	0	0.35
232900	0.35	0.51	0.51	0	0	0.35
233000	0.35	0.51	0.51	0	0	0.35
233100	0.35	0.51	0.51	0	0	0.35
233200	0.35	0.51	0.51	0	0	0.35
233300	0.35	0.51	0.51	0	0	0.35
233400	0.34	0.51	0.51	0	0	0.34
233500	0.34	0.51	0.51	0	0	0.34
233600	0.34	0.51	0.51	0	0	0.34
233700	0.34	0.51	0.51	0	0	0.34
233800	0.34	0.51	0.51	0	0	0.34
233900	0.34	0.51	0.51	0	0	0.34
234000	0.34	0.51	0.51	0	0	0.34
234100	0.34	0.51	0.51	0	0	0.34
234200	0.34	0.51	0.51	0	0	0.34
234300	0.34	0.51	0.51	0	0	0.34
234400	0.34	0.51	0.51	0	0	0.34
234500	0.34	0.51	0.51	0	0	0.34
234600	0.34	0.51	0.51	0	0	0.34
234700	0.34	0.5	0.5	0	0	0.34
234800	0.34	0.5	0.5	0	0	0.34
234900	0.34	0.5	0.5	0	0	0.34
235000	0.34	0.5	0.5	0	0	0.34
235100	0.34	0.5	0.5	0	0	0.34
235200	0.34	0.5	0.5	0	0	0.34
235300	0.34	0.5	0.5	0	0	0.34
235400	0.34	0.5	0.5	0	0	0.34
235500	0.34	0.5	0.5	0	0	0.34
235600	0.34	0.5	0.5	0	0	0.34
235700	0.34	0.5	0.5	0	0	0.34
235800	0.34	0.5	0.5	0	0	0.34
235900	0.34	0.5	0.5	0	0	0.34
236000	0.34	0.5	0.5	0	0	0.34
236100	0.35	0.5	0.5	0	0	0.35
236200	0.35	0.5	0.5	0	0	0.35
236300	0.35	0.5	0.5	0	0	0.35
236400	0.36	0.5	0.5	0	0	0.36
236500	0.36	0.5	0.5	0	0	0.36
236600	0.36	0.5	0.5	0	0	0.36
236700	0.36	0.5	0.5	0	0	0.36
236800	0.36	0.5	0.5	0	0	0.36
236900	0.36	0.5	0.5	0	0	0.36
237000	0.36	0.5	0.5	0	0	0.36
237100	0.36	0.5	0.5	0	0	0.36
237200	0.36	0.5	0.5	0	0	0.36
237300	0.35	0.5	0.5	0	0	0.35
237400	0.35	0.5	0.5	0	0	0.35
237500	0.35	0.5	0.5	0	0	0.35
237600	0.35	0.5	0.5	0	0	0.35
237700	0.36	0.5	0.5	0	0	0.36
237800	0.35	0.5	0.5	0	0	0.35
237900	0.36	0.5	0.5	0	0	0.36
238000	0.35	0.5	0.5	0	0	0.35
238100	0.35	0.5	0.5	0	0	0.35
238200	0.35	0.5	0.5	0	0	0.35
238300	0.35	0.5	0.5	0	0	0.35
238400	0.35	0.5	0.5	0	0	0.35
238500	0.35	0.5	0.5	0	0	0.35
238600	0.35	0.5	0.5	0	0	0.35
238700	0.35	0.5	0.5	0	0	0.35
238800	0.35	0.5	0.5	0	0	0.35
238900	0.35	0.5	0.5	0	0	0.35
239000	0.34	0.5	0.5	0	0	0.34
239100	0.34	0.5	0.5	0	0	0.34
239200	0.34	0.5	0.5	0	0	0.34
239300	0.34	0.51	0.51	0	0	0.34
239400	0.34	0.51	0.51	0	0	0.34
239500	0.34	0.51	0.51	0	0	0.34
239600	0.34	0.51	0.51	0	0	0.34
239700	0.34	0.51	0.51	0	0	0.34
239800	0.34	0.51	0.51	0	0	0.34
239900	0.34	0.51	0.51	0	0	0.34
240000	0.34	0.51	0.51	0	0	0.34
240100	0.34	0.51	0.51	0	0	0.34
240200	0.34	0.51	0.51	0	0	0.34
240300	0.35	0.51	0.51	0	0	0.35
240400	0.33	0.51	0.51	0	0	0.33
240500	0.32	0.51	0.51	0	0	0.32
240600	0.32	0.51	0.51	0	0	0.32
240700	0.32	0.51	0.51	0	0	0.32
240800	0.32	0.51	0.51	0	0	0.32
240900	0.32	0.51	0.51	0	0	0.32
241000	0.32	0.51	0.51	0	0	0.32
241100	0.32	0.51	0.51	0	0	0.32
241200	0.32	0.51	0.51	0	0	0.32
241300	0.32	0.51	0.51	0	0	0.32
241400	0.31	0.51	0.51	0	0	0.31
241500	0.31	0.51	0.51	0	0	0.31
241600	0.31	0.51	0.51	0	0	0.31
241700	0.31	0.51	0.51	0	0	0.31
241800	0.31	0.51	0.51	0	0	0.31
241900	0.31	0.51	0.51	0	0	0.31
242000	0.31	0.51	0.51	0	0	0.31
242100	0.31	0.51	0.51	0	0	0.31
242200	0.31	0.51	0.51	0	0	0.31
242300	0.31	0.51	0.51	0	0	0.31
242400	0.31	0.51	0.51	0	0	0.31
242500	0.31	0.51	0.51	0	0	0.31
242600	0.31	0.51	0.51	0	0	0.31
242700	0.32	0.51	0.51	0	0	0.32
242800	0.32	0.51	0.51	0	0	0.32
242900	0.32	0.51	0.51	0	0	0.32
243000	0.33	0.51	0.51	0	0	0.33
243100	0.33	0.52	0.52	0	0	0.33
243200	0.33	0.51	0.51	0	0	0.33
243300	0.33	0.51	0.51	0	0	0.33
243400	0.33	0.51	0.51	0	0	0.33
243500	0.33	0.51	0.51	0	0	0.33
243600	0.33	0.51	0.51	0	0	0.33
243700	0.33	0.51	0.51	0	0	0.33
243800	0.33	0.51	0.51	0	0	0.33
243900	0.33	0.51	0.51	0	0	0.33
244000	0.33	0.51	0.51	0	0	0.33
244100	0.33	0.51	0.51	0	0	0.33
244200	0.33	0.51	0.51	0	0	0.33
244300	0.33	0.51	0.51	0	0	0.33
244400	0.33	0.51	0.51	0	0	0.33
244500	0.33	0.51	0.51	0	0	0.33
244600	0.33	0.51	0.51	0	0	0.33
244700	0.33	0.51	0.51	0	0	0.33
244800	0.33	0.51	0.51	0	0	0.33
244900	0.33	0.51	0.51	0	0	0.33
245000	0.33	0.51	0.51	0	0	0.33
245100	0.33	0.52	0.52	0	0	0.33
245200	0.33	0.51	0.51	0	0	0.33
245300	0.33	0.51	0.51	0	0	0.33
245400	0.33	0.51	0.51	0	0	0.33
245500	0.33	0.51	0.51	0	0	0.33
245600	0.33	0.51	0.51	0	0	0.33
245700	0.33	0.51	0.51	0	0	0.33
245800	0.33	0.51	0.51	0	0	0.33
245900	0.33	0.51	0.51	0	0	0.33
246000	0.33	0.51	0.51	0	0	0.33
246100	0.33	0.51	0.51	0	0	0.33
246200	0.33	0.51	0.51	0	0	0.33
246300	0.33	0.52	0.52	0	0	0.33
246400	0.33	0.51	0.51	0	0	0.33
246500	0.33	0.51	0.51	0	0	0.33
246600	0.33	0.51	0.51	0	0	0.33
246700	0.33	0.51	0.51	0	0	0.33
246800	0.33	0.51	0.51	0	0	0.33
246900	0.33	0.51	0.51	0	0	0.33
247000	0.33	0.51	0.51	0	0	0.33
247100	0.33	0.51	0.51	0	0	0.33
247200	0.33	0.51	0.51	0	0	0.33
247300	0.33	0.51	0.51	0	0	0.33
247400	0.33	0.51	0.51	0	0	0.33
247500	0.33	0.51	0.51	0	0	0.33
247600	0.33	0.51	0.51	0	0	0.33
247700	0.33	0.51	0.51	0	0	0.33
247800	0.33	0.51	0.51	0	0	0.33
247900	0.33	0.51	0.51	0	0	0.33
248000	0.33	0.51	0.51	0	0	0.33
248100	0.33	0.51	0.51	0	0	0.33
248200	0.33	0.51	0.51	0	0	0.33
248300	0.33	0.51	0.51	0	0	0.33
248400	0.33	0.51	0.51	0	0	0.33
248500	0.33	0.51	0.51	0	0	0.33
248600	0.33	0.51	0.51	0	0	0.33
248700	0.33	0.51	0.51	0	0	0.33
248800	0.33	0.52	0.52	0	0	0.33
248900	0.34	0.52	0.52	0	0	0.34
249000	0.34	0.52	0.52	0	0	0.34
249100	0.34	0.52	0.52	0	0	0.34
249200	0.34	0.52	0.52	0	0	0.34
249300	0.35	0.52	0.52	0	0	0.35
249400	0.35	0.52	0.52	0	0	0.35
249500	0.35	0.52	0.52	0	0	0.35
249600	0.35	0.52	0.52	0	0	0.35
249700	0.35	0.52	0.52	0	0	0.35
249800	0.35	0.52	0.52	0	0	0.35
249900	0.35	0.52	0.52	0	0	0.35
250000	0.35	0.52	0.52	0	0	0.35
250100	0.35	0.52	0.52	0	0	0.35
250200	0.35	0.52	0.52	0	0	0.35
250300	0.35	0.52	0.52	0	0	0.35
250400	0.35	0.53	0.53	0	0	0.35
250500	0.35	0.53	0.53	0	0	0.35
250600	0.35	0.53	0.53	0	0	0.35
250700	0.35	0.53	0.53	0	0	0.35
250800	0.34	0.53	0.53	0	0	0.34
250900	0.34	0.53	0.53	0	0	0.34
251000	0.34	0.53	0.53	0	0	0.34
251100	0.34	0.53	0.53	0	0	0.34
251200	0.34	0.53	0.53	0	0	0.34
251300	0.34	0.53	0.53	0	0	0.34
251400	0.34	0.53	0.53	0	0	0.34
251500	0.34	0.53	0.53	0	0	0.34
251600	0.34	0.53	0.53	0	0	0.34
251700	0.33	0.53	0.53	0	0	0.33
251800	0.33	0.53	0.53	0	0	0.33
251900	0.33	0.53	0.53	0	0	0.33
252000	0.33	0.53	0.53	0	0	0.33
252100	0.33	0.53	0.53	0	0	0.33
252200	0.34	0.53	0.53	0	0	0.34
252300	0.34	0.53	0.53	0	0	0.34
252400	0.34	0.53	0.53	0	0	0.34
252500	0.34	0.53	0.53	0	0	0.34
252600	0.33	0.53	0.53	0	0	0.33
252700	0.33	0.53	0.53	0	0	0.33
252800	0.33	0.53	0.53	0	0	0.33
252900	0.32	0.53	0.53	0	0	0.32
253000	0.32	0.53	0.53	0	0	0.32
253100	0.32	0.53	0.53	0	0	0.32
253200	0.32	0.53	0.53	0	0	0.32
253300	0.32	0.53	0.53	0	0	0.32
253400	0.32	0.53	0.53	0	0	0.32
253500	0.32	0.53	0.53	0	0	0.32
253600	0.32	0.53	0.53	0	0	0.32
253700	0.32	0.53	0.53	0	0	0.32
253800	0.32	0.53	0.53	0	0	0.32
253900	0.32	0.53	0.53	0	0	0.32
254000	0.32	0.53	0.53	0	0	0.32
254100	0.32	0.53	0.53	0	0	0.32
254200	0.32	0.53	0.53	0	0	0.32
254300	0.32	0.53	0.53	0	0	0.32
254400	0.32	0.53	0.53	0	0	0.32
254500	0.32	0.53	0.53	0	0	0.32
254600	0.33	0.53	0.53	0	0	0.33
254700	0.33	0.53	0.53	0	0	0.33
254800	0.33	0.53	0.53	0	0	0.33
254900	0.33	0.53	0.53	0	0	0.33
255000	0.33	0.53	0.53	0	0	0.33
255100	0.33	0.53	0.53	0	0	0.33
255200	0.33	0.53	0.53	0	0	0.33
255300	0.33	0.54	0.54	0	0	0.33
255400	0.33	0.54	0.54	0	0	0.33
255500	0.33	0.55	0.55	0	0	0.33
255600	0.33	0.55	0.55	0	0	0.33
255700	0.33	0.55	0.55	0	0	0.33
255800	0.33	0.55	0.55	0	0	0.33
255900	0.34	0.55	0.55	0	0	0.34
256000	0.34	0.55	0.55	0	0	0.34
256100	0.33	0.55	0.55	0	0	0.33
256200	0.33	0.55	0.55	0	0	0.33
256300	0.33	0.55	0.55	0	0	0.33
256400	0.33	0.55	0.55	0	0	0.33
256500	0.33	0.55	0.55	0	0	0.33
256600	0.33	0.55	0.55	0	0	0.33
256700	0.33	0.55	0.55	0	0	0.33
256800	0.33	0.55	0.55	0	0	0.33
256900	0.33	0.55	0.55	0	0	0.33
257000	0.33	0.55	0.55	0	0	0.33
257100	0.32	0.55	0.55	0	0	0.32
257200	0.32	0.55	0.55	0	0	0.32
257300	0.32	0.55	0.55	0	0	0.32
257400	0.32	0.54	0.54	0	0	0.32
257500	0.32	0.54	0.54	0	0	0.32
257600	0.32	0.54	0.54	0	0	0.32
257700	0.32	0.54	0.54	0	0	0.32
257800	0.32	0.54	0.54	0	0	0.32
257900	0.32	0.54	0.54	0	0	0.32
258000	0.32	0.53	0.53	0	0	0.32
258100	0.32	0.53	0.53	0	0	0.32
258200	0.32	0.53	0.53	0	0	0.32
258300	0.32	0.53	0.53	0	0	0.32
258400	0.32	0.53	0.53	0	0	0.32
258500	0.32	0.53	0.53	0	0	0.32
258600	0.32	0.53	0.53	0	0	0.32
258700	0.32	0.53	0.53	0	0	0.32
258800	0.32	0.53	0.53	0	0	0.32
258900	0.32	0.53	0.53	0	0	0.32
259000	0.32	0.53	0.53	0	0	0.32
259100	0.32	0.53	0.53	0	0	0.32
259200	0.32	0.53	0.53	0	0	0.32
259300	0.32	0.54	0.54	0	0	0.32
259400	0.32	0.54	0.54	0	0	0.32
259500	0.32	0.54	0.54	0	0	0.32
259600	0.32	0.54	0.54	0	0	0.32
259700	0.32	0.54	0.54	0	0	0.32
259800	0.32	0.54	0.54	0	0	0.32
259900	0.32	0.54	0.54	0	0	0.32
260000	0.32	0.54	0.54	0	0	0.32
260100	0.32	0.54	0.54	0	0	0.32
260200	0.32	0.54	0.54	0	0	0.32
260300	0.32	0.54	0.54	0	0	0.32
260400	0.32	0.54	0.54	0	0	0.32
260500	0.32	0.54	0.54	0	0	0.32
260600	0.32	0.54	0.54	0	0	0.32
260700	0.32	0.54	0.54	0	0	0.32
260800	0.32	0.54	0.54	0	0	0.32
260900	0.32	0.54	0.54	0	0	0.32
261000	0.32	0.54	0.54	0	0	0.32
261100	0.32	0.54	0.54	0	0	0.32
261200	0.32	0.54	0.54	0	0	0.32
261300	0.32	0.53	0.53	0	0	0.32
261400	0.32	0.53	0.53	0	0	0.32
261500	0.32	0.52	0.52	0	0	0.32
261600	0.32	0.52	0.52	0	0	0.32
261700	0.33	0.52	0.52	0	0	0.33
261800	0.33	0.52	0.52	0	0	0.33
261900	0.33	0.52	0.52	0	0	0.33
262000	0.33	0.52	0.52	0	0	0.33
262100	0.33	0.52	0.52	0	0	0.33
262200	0.33	0.52	0.52	0	0	0.33
262300	0.33	0.52	0.52	0	0	0.33
262400	0.33	0.52	0.52	0	0	0.33
262500	0.33	0.52	0.52	0	0	0.33
262600	0.33	0.52	0.52	0	0	0.33
262700	0.33	0.52	0.52	0	0	0.33
262800	0.33	0.52	0.52	0	0	0.33
262900	0.33	0.52	0.52	0	0	0.33
263000	0.33	0.52	0.52	0	0	0.33
263100	0.33	0.52	0.52	0	0	0.33
263200	0.33	0.52	0.52	0	0	0.33
263300	0.33	0.52	0.52	0	0	0.33
263400	0.33	0.52	0.52	0	0	0.33
263500	0.33	0.52	0.52	0	0	0.33
263600	0.33	0.52	0.52	0	0	0.33
263700	0.33	0.52	0.52	0	0	0.33
263800	0.33	0.52	0.52	0	0	0.33
263900	0.33	0.52	0.52	0	0	0.33
264000	0.33	0.52	0.52	0	0	0.33
264100	0.33	0.52	0.52	0	0	0.33
264200	0.33	0.52	0.52	0	0	0.33
264300	0.33	0.52	0.52	0	0	0.33
264400	0.33	0.52	0.52	0	0	0.33
264500	0.33	0.52	0.52	0	0	0.33
264600	0.34	0.52	0.52	0	0	0.34
264700	0.34	0.52	0.52	0	0	0.34
264800	0.34	0.52	0.52	0	0	0.34
264900	0.34	0.52	0.52	0	0	0.34
265000	0.34	0.52	0.52	0	0	0.34
265100	0.34	0.52	0.52	0	0	0.34
265200	0.34	0.52	0.52	0	0	0.34
265300	0.34	0.52	0.52	0	0	0.34
265400	0.34	0.52	0.52	0	0	0.34
265500	0.34	0.52	0.52	0	0	0.34
265600	0.34	0.52	0.52	0	0	0.34
265700	0.34	0.52	0.52	0	0	0.34
265800	0.34	0.52	0.52	0	0	0.34
265900	0.34	0.52	0.52	0	0	0.34
266000	0.34	0.52	0.52	0	0	0.34
266100	0.34	0.52	0.52	0	0	0.34
266200	0.34	0.52	0.52	0	0	0.34
266300	0.34	0.52	0.52	0	0	0.34
266400	0.34	0.52	0.52	0	0	0.34
266500	0.34	0.52	0.52	0	0	0.34
266600	0.34	0.52	0.52	0	0	0.34
266700	0.33	0.52	0.52	0	0	0.33
266800	0.33	0.52	0.52	0	0	0.33
266900	0.33	0.52	0.52	0	0	0.33
267000	0.33	0.52	0.52	0	0	0.33
267100	0.33	0.52	0.52	0	0	0.33
267200	0.33	0.52	0.52	0	0	0.33
267300	0.33	0.52	0.52	0	0	0.33
267400	0.33	0.52	0.52	0	0	0.33
267500	0.33	0.52	0.52	0	0	0.33
267600	0.33	0.52	0.52	0	0	0.33
267700	0.33	0.52	0.52	0	0	0.33
267800	0.33	0.52	0.52	0	0	0.33
267900	0.33	0.52	0.52	0	0	0.33
268000	0.33	0.53	0.53	0	0	0.33
268100	0.33	0.53	0.53	0	0	0.33
268200	0.33	0.53	0.53	0	0	0.33
268300	0.33	0.53	0.53	0	0	0.33
268400	0.33	0.53	0.53	0	0	0.33
268500	0.33	0.53	0.53	0	0	0.33
268600	0.33	0.53	0.53	0	0	0.33
268700	0.33	0.53	0.53	0	0	0.33
268800	0.33	0.53	0.53	0	0	0.33
268900	0.33	0.53	0.53	0	0	0.33
269000	0.33	0.53	0.53	0	0	0.33
269100	0.33	0.53	0.53	0	0	0.33
269200	0.33	0.53	0.53	0	0	0.33
269300	0.33	0.53	0.53	0	0	0.33
269400	0.33	0.53	0.53	0	0	0.33
269500	0.33	0.53	0.53	0	0	0.33
269600	0.33	0.53	0.53	0	0	0.33
269700	0.33	0.53	0.53	0	0	0.33
269800	0.33	0.53	0.53	0	0	0.33
269900	0.33	0.53	0.53	0	0	0.33
270000	0.33	0.53	0.53	0	0	0.33
270100	0.33	0.53	0.53	0	0	0.33
270200	0.33	0.53	0.53	0	0	0.33
270300	0.33	0.53	0.53	0	0	0.33
270400	0.34	0.53	0.53	0	0	0.34
270500	0.34	0.53	0.53	0	0	0.34
270600	0.33	0.53	0.53	0	0	0.33
270700	0.33	0.53	0.53	0	0	0.33
270800	0.33	0.53	0.53	0	0	0.33
270900	0.33	0.53	0.53	0	0	0.33
271000	0.33	0.53	0.53	0	0	0.33
271100	0.33	0.53	0.53	0	0	0.33
271200	0.33	0.53	0.53	0	0	0.33
271300	0.33	0.53	0.53	0	0	0.33
271400	0.33	0.53	0.53	0	0	0.33
271500	0.33	0.53	0.53	0	0	0.33
271600	0.33	0.53	0.53	0	0	0.33
271700	0.34	0.53	0.53	0	0	0.34
271800	0.33	0.53	0.53	0	0	0.33
271900	0.33	0.53	0.53	0	0	0.33
272000	0.33	0.53	0.53	0	0	0.33
272100	0.33	0.53	0.53	0	0	0.33
272200	0.33	0.53	0.53	0	0	0.33
272300	0.33	0.53	0.53	0	0	0.33
272400	0.33	0.53	0.53	0	0	0.33
272500	0.33	0.53	0.53	0	0	0.33
272600	0.33	0.53	0.53	0	0	0.33
272700	0.33	0.53	0.53	0	0	0.33
272800	0.33	0.53	0.53	0	0	0.33
272900	0.33	0.53	0.53	0	0	0.33
273000	0.33	0.53	0.53	0	0	0.33
273100	0.33	0.53	0.53	0	0	0.33
273200	0.33	0.53	0.53	0	0	0.33
273300	0.33	0.53	0.53	0	0	0.33
273400	0.33	0.53	0.53	0	0	0.33
273500	0.33	0.53	0.53	0	0	0.33
273600	0.33	0.53	0.53	0	0	0.33
273700	0.34	0.53	0.53	0	0	0.34
273800	0.34	0.53	0.53	0	0	0.34
273900	0.34	0.53	0.53	0	0	0.34
274000	0.34	0.53	0.53	0	0	0.34
274100	0.34	0.53	0.53	0	0	0.34
274200	0.34	0.53	0.53	0	0	0.34
274300	0.34	0.53	0.53	0	0	0.34
274400	0.34	0.53	0.53	0	0	0.34
274500	0.34	0.53	0.53	0	0	0.34
274600	0.34	0.53	0.53	0	0	0.34
274700	0.34	0.53	0.53	0	0	0.34
274800	0.34	0.53	0.53	0	0	0.34
274900	0.34	0.53	0.53	0	0	0.34
275000	0.34	0.53	0.53	0	0	0.34
275100	0.34	0.53	0.53	0	0	0.34
275200	0.34	0.53	0.53	0	0	0.34
275300	0.34	0.53	0.53	0	0	0.34
275400	0.34	0.53	0.53	0	0	0.34
275500	0.34	0.53	0.53	0	0	0.34
275600	0.34	0.53	0.53	0	0	0.34
275700	0.34	0.53	0.53	0	0	0.34
275800	0.34	0.53	0.53	0	0	0.34
275900	0.34	0.53	0.53	0	0	0.34
276000	0.34	0.53	0.53	0	0	0.34
276100	0.34	0.53	0.53	0	0	0.34
276200	0.34	0.53	0.53	0	0	0.34
276300	0.34	0.53	0.53	0	0	0.34
276400	0.34	0.53	0.53	0	0	0.34
276500	0.34	0.53	0.53	0	0	0.34
276600	0.34	0.53	0.53	0	0	0.34
276700	0.34	0.53	0.53	0	0	0.34
276800	0.34	0.53	0.53	0	0	0.34
276900	0.34	0.53	0.53	0	0	0.34
277000	0.34	0.53	0.53	0	0	0.34
277100	0.34	0.53	0.53	0	0	0.34
277200	0.34	0.53	0.53	0	0	0.34
277300	0.34	0.53	0.53	0	0	0.34
277400	0.34	0.53	0.53	0	0	0.34
277500	0.34	0.53	0.53	0	0	0.34
277600	0.34	0.53	0.53	0	0	0.34
277700	0.34	0.53	0.53	0	0	0.34
277800	0.34	0.53	0.53	0	0	0.34
277900	0.34	0.53	0.53	0	0	0.34
278000	0.34	0.53	0.53	0	0	0.34
278100	0.34	0.53	0.53	0	0	0.34
278200	0.34	0.53	0.53	0	0	0.34
278300	0.34	0.53	0.53	0	0	0.34
278400	0.34	0.53	0.53	0	0	0.34
278500	0.34	0.53	0.53	0	0	0.34
278600	0.34	0.53	0.53	0	0	0.34
278700	0.34	0.53	0.53	0	0	0.34
278800	0.34	0.53	0.53	0	0	0.34
278900	0.34	0.53	0.53	0	0	0.34
279000	0.34	0.53	0.53	0	0	0.34
279100	0.34	0.53	0.53	0	0	0.34
279200	0.34	0.53	0.53	0	0	0.34
279300	0.34	0.53	0.53	0	0	0.34
279400	0.34	0.53	0.53	0	0	0.34
279500	0.34	0.53	0.53	0	0	0.34
279600	0.34	0.53	0.53	0	0	0.34
279700	0.34	0.53	0.53	0	0	0.34
279800	0.34	0.53	0.53	0	0	0.34
279900	0.34	0.53	0.53	0	0	0.34
280000	0.34	0.53	0.53	0	0	0.34
280100	0.34	0.53	0.53	0	0	0.34
280200	0.34	0.53	0.53	0	0	0.34
280300	0.34	0.53	0.53	0	0	0.34
280400	0.34	0.53	0.53	0	0	0.34
280500	0.34	0.53	0.53	0	0	0.34
280600	0.34	0.53	0.53	0	0	0.34
280700	0.34	0.53	0.53	0	0	0.34
280800	0.34	0.53	0.53	0	0	0.34
280900	0.35	0.53	0.53	0	0	0.35
281000	0.35	0.53	0.53	0	0	0.35
281100	0.35	0.52	0.52	0	0	0.35
281200	0.35	0.52	0.52	0	0	0.35
281300	0.35	0.52	0.52	0	0	0.35
281400	0.35	0.52	0.52	0	0	0.35
281500	0.35	0.52	0.52	0	0	0.35
281600	0.35	0.52	0.52	0	0	0.35
281700	0.35	0.52	0.52	0	0	0.35
281800	0.35	0.52	0.52	0	0	0.35
281900	0.35	0.52	0.52	0	0	0.35
282000	0.35	0.52	0.52	0	0	0.35
282100	0.35	0.52	0.52	0	0	0.35
282200	0.35	0.52	0.52	0	0	0.35
282300	0.35	0.52	0.52	0	0	0.35
282400	0.35	0.52	0.52	0	0	0.35
282500	0.35	0.52	0.52	0	0	0.35
282600	0.35	0.52	0.52	0	0	0.35
282700	0.35	0.52	0.52	0	0	0.35
282800	0.36	0.52	0.52	0	0	0.36
282900	0.35	0.52	0.52	0	0	0.35
283000	0.36	0.52	0.52	0	0	0.36
283100	0.36	0.52	0.52	0	0	0.36
283200	0.36	0.52	0.52	0	0	0.36
283300	0.36	0.52	0.52	0	0	0.36
283400	0.36	0.52	0.52	0	0	0.36
283500	0.36	0.52	0.52	0	0	0.36
283600	0.36	0.52	0.52	0	0	0.36
283700	0.36	0.52	0.52	0	0	0.36
283800	0.36	0.52	0.52	0	0	0.36
283900	0.36	0.52	0.52	0	0	0.36
284000	0.36	0.52	0.52	0	0	0.36
284100	0.36	0.52	0.52	0	0	0.36
284200	0.36	0.52	0.52	0	0	0.36
284300	0.36	0.52	0.52	0	0	0.36
284400	0.36	0.52	0.52	0	0	0.36
284500	0.36	0.52	0.52	0	0	0.36
284600	0.37	0.52	0.52	0	0	0.37
284700	0.37	0.52	0.52	0	0	0.37
284800	0.37	0.52	0.52	0	0	0.37
284900	0.37	0.52	0.52	0	0	0.37
285000	0.37	0.52	0.52	0	0	0.37
285100	0.37	0.52	0.52	0	0	0.37
285200	0.37	0.52	0.52	0	0	0.37
285300	0.36	0.52	0.52	0	0	0.36
285400	0.36	0.52	0.52	0	0	0.36
285500	0.36	0.52	0.52	0	0	0.36
285600	0.36	0.52	0.52	0	0	0.36
285700	0.36	0.52	0.52	0	0	0.36
285800	0.36	0.52	0.52	0	0	0.36
285900	0.36	0.52	0.52	0	0	0.36
286000	0.36	0.52	0.52	0	0	0.36
286100	0.36	0.52	0.52	0	0	0.36
286200	0.36	0.52	0.52	0	0	0.36
286300	0.36	0.52	0.52	0	0	0.36
286400	0.36	0.52	0.52	0	0	0.36
286500	0.36	0.52	0.52	0	0	0.36
286600	0.36	0.52	0.52	0	0	0.36
286700	0.36	0.52	0.52	0	0	0.36
286800	0.36	0.52	0.52	0	0	0.36
286900	0.36	0.52	0.52	0	0	0.36
287000	0.36	0.52	0.52	0	0	0.36
287100	0.36	0.52	0.52	0	0	0.36
287200	0.36	0.52	0.52	0	0	0.36
287300	0.36	0.52	0.52	0	0	0.36
287400	0.36	0.52	0.52	0	0	0.36
287500	0.36	0.52	0.52	0	0	0.36
287600	0.36	0.52	0.52	0	0	0.36
287700	0.36	0.52	0.52	0	0	0.36
287800	0.35	0.52	0.52	0	0	0.35
287900	0.35	0.52	0.52	0	0	0.35
288000	0.35	0.52	0.52	0	0	0.35
288100	0.35	0.52	0.52	0	0	0.35
288200	0.35	0.52	0.52	0	0	0.35
288300	0.35	0.52	0.52	0	0	0.35
288400	0.35	0.52	0.52	0	0	0.35
288500	0.35	0.52	0.52	0	0	0.35
288600	0.35	0.52	0.52	0	0	0.35
288700	0.35	0.52	0.52	0	0	0.35
288800	0.35	0.52	0.52	0	0	0.35
288900	0.35	0.52	0.52	0	0	0.35
289000	0.34	0.52	0.52	0	0	0.34
289100	0.34	0.52	0.52	0	0	0.34
289200	0.34	0.52	0.52	0	0	0.34
289300	0.34	0.52	0.52	0	0	0.34
289400	0.34	0.52	0.52	0	0	0.34
289500	0.34	0.52	0.52	0	0	0.34
289600	0.34	0.52	0.52	0	0	0.34
289700	0.34	0.52	0.52	0	0	0.34
289800	0.34	0.52	0.52	0	0	0.34
289900	0.34	0.52	0.52	0	0	0.34
290000	0.34	0.52	0.52	0	0	0.34
290100	0.34	0.52	0.52	0	0	0.34
290200	0.34	0.52	0.52	0	0	0.34
290300	0.34	0.52	0.52	0	0	0.34
290400	0.34	0.52	0.52	0	0	0.34
290500	0.34	0.52	0.52	0	0	0.34
290600	0.34	0.52	0.52	0	0	0.34
290700	0.34	0.52	0.52	0	0	0.34
290800	0.34	0.52	0.52	0	0	0.34
290900	0.34	0.52	0.52	0	0	0.34
291000	0.34	0.52	0.52	0	0	0.34
291100	0.34	0.52	0.52	0	0	0.34
291200	0.34	0.52	0.52	0	0	0.34
291300	0.34	0.52	0.52	0	0	0.34
291400	0.34	0.52	0.52	0	0	0.34
291500	0.34	0.52	0.52	0	0	0.34
291600	0.34	0.52	0.52	0	0	0.34
291700	0.34	0.52	0.52	0	0	0.34
291800	0.34	0.52	0.52	0	0	0.34
291900	0.34	0.52	0.52	0	0	0.34
292000	0.34	0.52	0.52	0	0	0.34
292100	0.34	0.52	0.52	0	0	0.34
292200	0.34	0.52	0.52	0	0	0.34
292300	0.34	0.52	0.52	0	0	0.34
292400	0.34	0.52	0.52	0	0	0.34
292500	0.34	0.52	0.52	0	0	0.34
292600	0.34	0.52	0.52	0	0	0.34
292700	0.34	0.52	0.52	0	0	0.34
292800	0.34	0.52	0.52	0	0	0.34
292900	0.35	0.52	0.52	0	0	0.35
293000	0.34	0.52	0.52	0	0	0.34
293100	0.34	0.52	0.52	0	0	0.34
293200	0.34	0.52	0.52	0	0	0.34
293300	0.34	0.52	0.52	0	0	0.34
293400	0.34	0.52	0.52	0	0	0.34
293500	0.34	0.52	0.52	0	0	0.34
293600	0.34	0.52	0.52	0	0	0.34
293700	0.34	0.52	0.52	0	0	0.34
293800	0.34	0.52	0.52	0	0	0.34
293900	0.35	0.52	0.52	0	0	0.35
294000	0.35	0.52	0.52	0	0	0.35
294100	0.35	0.52	0.52	0	0	0.35
294200	0.35	0.52	0.52	0	0	0.35
294300	0.35	0.52	0.52	0	0	0.35
294400	0.36	0.52	0.52	0	0	0.36
294500	0.36	0.52	0.52	0	0	0.36
294600	0.36	0.52	0.52	0	0	0.36
294700	0.36	0.52	0.52	0	0	0.36
294800	0.36	0.52	0.52	0	0	0.36
294900	0.36	0.52	0.52	0	0	0.36
295000	0.35	0.52	0.52	0	0	0.35
295100	0.34	0.52	0.52	0	0	0.34
295200	0.34	0.52	0.52	0	0	0.34
295300	0.34	0.52	0.52	0	0	0.34
295400	0.34	0.52	0.52	0	0	0.34
295500	0.34	0.52	0.52	0	0	0.34
295600	0.34	0.52	0.52	0	0	0.34
295700	0.34	0.52	0.52	0	0	0.34
295800	0.34	0.52	0.52	0	0	0.34
295900	0.34	0.52	0.52	0	0	0.34
296000	0.34	0.52	0.52	0	0	0.34
296100	0.34	0.52	0.52	0	0	0.34
296200	0.34	0.52	0.52	0	0	0.34
296300	0.34	0.52	0.52	0	0	0.34
296400	0.34	0.53	0.53	0	0	0.34
296500	0.34	0.52	0.52	0	0	0.34
296600	0.34	0.52	0.52	0	0	0.34
296700	0.34	0.52	0.52	0	0	0.34
296800	0.35	0.52	0.52	0	0	0.35
296900	0.35	0.52	0.52	0	0	0.35
297000	0.35	0.52	0.52	0	0	0.35
297100	0.35	0.52	0.52	0	0	0.35
297200	0.35	0.52	0.52	0	0	0.35
297300	0.35	0.52	0.52	0	0	0.35
297400	0.35	0.52	0.52	0	0	0.35
297500	0.35	0.52	0.52	0	0	0.35
297600	0.35	0.52	0.52	0	0	0.35
297700	0.35	0.52	0.52	0	0	0.35
297800	0.33	0.52	0.52	0	0	0.33
297900	0.33	0.52	0.52	0	0	0.33
298000	0.33	0.52	0.52	0	0	0.33
298100	0.33	0.52	0.52	0	0	0.33
298200	0.33	0.52	0.52	0	0	0.33
298300	0.33	0.52	0.52	0	0	0.33
298400	0.33	0.52	0.52	0	0	0.33
298500	0.33	0.52	0.52	0	0	0.33
298600	0.33	0.52	0.52	0	0	0.33
298700	0.32	0.52	0.52	0	0	0.32
298800	0.32	0.52	0.52	0	0	0.32
298900	0.32	0.52	0.52	0	0	0.32
299000	0.32	0.53	0.53	0	0	0.32
299100	0.32	0.52	0.52	0	0	0.32
299200	0.32	0.52	0.52	0	0	0.32
299300	0.33	0.52	0.52	0	0	0.33
299400	0.32	0.52	0.52	0	0	0.32
299500	0.32	0.52	0.52	0	0	0.32
299600	0.32	0.52	0.52	0	0	0.32
299700	0.32	0.52	0.52	0	0	0.32
299800	0.32	0.52	0.52	0	0	0.32
299900	0.32	0.52	0.52	0	0	0.32
300000	0.32	0.51	0.51	0	0	0.32
