100	0.05	0.11	0.11	0	0	0.05
200	0.04	0.11	0.11	0	0	0.04
300	0.06	0.12	0.12	0	0	0.06
400	0.06	0.12	0.12	0	0	0.06
500	0.07	0.12	0.12	0	0	0.07
600	0.07	0.13	0.13	0	0	0.07
700	0.08	0.12	0.12	0	0	0.08
800	0.09	0.12	0.12	0	0	0.09
900	0.09	0.12	0.12	0	0	0.09
1000	0.07	0.14	0.14	0	0	0.07
1100	0.07	0.14	0.14	0	0	0.07
1200	0.08	0.16	0.16	0	0	0.08
1300	0.09	0.18	0.18	0	0	0.09
1400	0.08	0.18	0.18	0	0	0.08
1500	0.09	0.18	0.18	0	0	0.09
1600	0.09	0.18	0.18	0	0	0.09
1700	0.09	0.17	0.17	0	0	0.09
1800	0.11	0.16	0.16	0	0	0.11
1900	0.11	0.15	0.15	0	0	0.11
2000	0.11	0.15	0.15	0	0	0.11
2100	0.11	0.16	0.16	0	0	0.11
2200	0.13	0.16	0.16	0	0	0.13
2300	0.13	0.17	0.17	0	0	0.13
2400	0.15	0.16	0.16	0	0	0.15
2500	0.15	0.16	0.16	0	0	0.15
2600	0.16	0.18	0.18	0	0	0.16
2700	0.15	0.21	0.21	0	0	0.15
2800	0.15	0.23	0.23	0	0	0.15
2900	0.14	0.23	0.23	0	0	0.14
3000	0.13	0.24	0.24	0	0	0.13
3100	0.14	0.23	0.23	0	0	0.14
3200	0.14	0.23	0.23	0	0	0.14
3300	0.14	0.22	0.22	0	0	0.14
3400	0.14	0.21	0.21	0	0	0.14
3500	0.14	0.23	0.23	0	0	0.14
3600	0.15	0.2	0.2	0	0	0.15
3700	0.15	0.21	0.21	0	0	0.15
3800	0.16	0.2	0.2	0	0	0.16
3900	0.17	0.2	0.2	0	0	0.17
4000	0.16	0.23	0.23	0	0	0.16
4100	0.17	0.22	0.22	0	0	0.17
4200	0.18	0.23	0.23	0	0	0.18
4300	0.16	0.25	0.25	0	0	0.16
4400	0.16	0.26	0.26	0	0	0.16
4500	0.14	0.26	0.26	0	0	0.14
4600	0.14	0.26	0.26	0	0	0.14
4700	0.13	0.27	0.27	0	0	0.13
4800	0.13	0.27	0.27	0	0	0.13
4900	0.11	0.24	0.24	0	0	0.11
5000	0.11	0.25	0.25	0	0	0.11
5100	0.12	0.25	0.25	0	0	0.12
5200	0.13	0.27	0.27	0	0	0.13
5300	0.12	0.28	0.28	0	0	0.12
5400	0.12	0.28	0.28	0	0	0.12
5500	0.13	0.29	0.29	0	0	0.13
5600	0.15	0.3	0.3	0	0	0.15
5700	0.15	0.3	0.3	0	0	0.15
5800	0.12	0.3	0.3	0	0	0.12
5900	0.1	0.31	0.31	0	0	0.1
6000	0.11	0.29	0.29	0	0	0.11
6100	0.12	0.28	0.28	0	0	0.12
6200	0.12	0.28	0.28	0	0	0.12
6300	0.12	0.28	0.28	0	0	0.12
6400	0.12	0.28	0.28	0	0	0.12
6500	0.13	0.28	0.28	0	0	0.13
6600	0.13	0.29	0.29	0	0	0.13
6700	0.13	0.29	0.29	0	0	0.13
6800	0.14	0.28	0.28	0	0	0.14
6900	0.12	0.28	0.28	0	0	0.12
7000	0.13	0.31	0.31	0	0	0.13
7100	0.14	0.3	0.3	0	0	0.14
7200	0.14	0.29	0.29	0	0	0.14
7300	0.14	0.29	0.29	0	0	0.14
7400	0.14	0.29	0.29	0	0	0.14
7500	0.16	0.29	0.29	0	0	0.16
7600	0.15	0.3	0.3	0	0	0.15
7700	0.15	0.31	0.31	0	0	0.15
7800	0.15	0.32	0.32	0	0	0.15
7900	0.16	0.32	0.32	0	0	0.16
8000	0.19	0.32	0.32	0	0	0.19
8100	0.17	0.33	0.33	0	0	0.17
8200	0.17	0.33	0.33	0	0	0.17
8300	0.19	0.33	0.33	0	0	0.19
8400	0.19	0.33	0.33	0	0	0.19
8500	0.19	0.34	0.34	0	0	0.19
8600	0.19	0.36	0.36	0	0	0.19
8700	0.2	0.36	0.36	0	0	0.2
8800	0.19	0.36	0.36	0	0	0.19
8900	0.19	0.37	0.37	0	0	0.19
9000	0.19	0.38	0.38	0	0	0.19
9100	0.19	0.38	0.38	0	0	0.19
9200	0.19	0.37	0.37	0	0	0.19
9300	0.19	0.37	0.37	0	0	0.19
9400	0.19	0.37	0.37	0	0	0.19
9500	0.19	0.37	0.37	0	0	0.19
9600	0.19	0.37	0.37	0	0	0.19
9700	0.23	0.38	0.38	0	0	0.23
9800	0.21	0.38	0.38	0	0	0.21
9900	0.2	0.41	0.41	0	0	0.2
10000	0.21	0.41	0.41	0	0	0.21
10100	0.2	0.4	0.4	0	0	0.2
10200	0.2	0.39	0.39	0	0	0.2
10300	0.19	0.4	0.4	0	0	0.19
10400	0.19	0.4	0.4	0	0	0.19
10500	0.2	0.4	0.4	0	0	0.2
10600	0.2	0.4	0.4	0	0	0.2
10700	0.2	0.4	0.4	0	0	0.2
10800	0.19	0.4	0.4	0	0	0.19
10900	0.19	0.4	0.4	0	0	0.19
11000	0.2	0.4	0.4	0	0	0.2
11100	0.21	0.41	0.41	0	0	0.21
11200	0.21	0.42	0.42	0	0	0.21
11300	0.2	0.43	0.43	0	0	0.2
11400	0.2	0.43	0.43	0	0	0.2
11500	0.2	0.42	0.42	0	0	0.2
11600	0.2	0.42	0.42	0	0	0.2
11700	0.22	0.4	0.4	0	0	0.22
11800	0.22	0.4	0.4	0	0	0.22
11900	0.22	0.4	0.4	0	0	0.22
12000	0.22	0.41	0.41	0	0	0.22
12100	0.22	0.41	0.41	0	0	0.22
12200	0.22	0.41	0.41	0	0	0.22
12300	0.22	0.41	0.41	0	0	0.22
12400	0.23	0.42	0.42	0	0	0.23
12500	0.23	0.42	0.42	0	0	0.23
12600	0.23	0.42	0.42	0	0	0.23
12700	0.23	0.42	0.42	0	0	0.23
12800	0.22	0.42	0.42	0	0	0.22
12900	0.23	0.42	0.42	0	0	0.23
13000	0.24	0.43	0.43	0	0	0.24
13100	0.24	0.43	0.43	0	0	0.24
13200	0.22	0.43	0.43	0	0	0.22
13300	0.22	0.42	0.42	0	0	0.22
13400	0.22	0.43	0.43	0	0	0.22
13500	0.22	0.43	0.43	0	0	0.22
13600	0.22	0.43	0.43	0	0	0.22
13700	0.22	0.42	0.42	0	0	0.22
13800	0.23	0.43	0.43	0	0	0.23
13900	0.23	0.43	0.43	0	0	0.23
14000	0.24	0.43	0.43	0	0	0.24
14100	0.25	0.43	0.43	0	0	0.25
14200	0.25	0.43	0.43	0	0	0.25
14300	0.26	0.44	0.44	0	0	0.26
14400	0.26	0.44	0.44	0	0	0.26
14500	0.25	0.43	0.43	0	0	0.25
14600	0.25	0.44	0.44	0	0	0.25
14700	0.25	0.45	0.45	0	0	0.25
14800	0.24	0.45	0.45	0	0	0.24
14900	0.24	0.45	0.45	0	0	0.24
15000	0.23	0.45	0.45	0	0	0.23
15100	0.23	0.45	0.45	0	0	0.23
15200	0.23	0.45	0.45	0	0	0.23
15300	0.22	0.45	0.45	0	0	0.22
15400	0.22	0.45	0.45	0	0	0.22
15500	0.24	0.45	0.45	0	0	0.24
15600	0.24	0.45	0.45	0	0	0.24
15700	0.25	0.45	0.45	0	0	0.25
15800	0.25	0.45	0.45	0	0	0.25
15900	0.25	0.45	0.45	0	0	0.25
16000	0.26	0.46	0.46	0	0	0.26
16100	0.26	0.45	0.45	0	0	0.26
16200	0.25	0.45	0.45	0	0	0.25
16300	0.25	0.45	0.45	0	0	0.25
16400	0.25	0.45	0.45	0	0	0.25
16500	0.25	0.45	0.45	0	0	0.25
16600	0.25	0.45	0.45	0	0	0.25
16700	0.25	0.45	0.45	0	0	0.25
16800	0.25	0.45	0.45	0	0	0.25
16900	0.25	0.45	0.45	0	0	0.25
17000	0.25	0.45	0.45	0	0	0.25
17100	0.26	0.45	0.45	0	0	0.26
17200	0.26	0.45	0.45	0	0	0.26
17300	0.26	0.44	0.44	0	0	0.26
17400	0.25	0.46	0.46	0	0	0.25
17500	0.25	0.45	0.45	0	0	0.25
17600	0.25	0.45	0.45	0	0	0.25
17700	0.26	0.44	0.44	0	0	0.26
17800	0.25	0.44	0.44	0	0	0.25
17900	0.25	0.43	0.43	0	0	0.25
18000	0.25	0.43	0.43	0	0	0.25
18100	0.25	0.44	0.44	0	0	0.25
18200	0.26	0.44	0.44	0	0	0.26
18300	0.26	0.44	0.44	0	0	0.26
18400	0.27	0.44	0.44	0	0	0.27
18500	0.27	0.44	0.44	0	0	0.27
18600	0.27	0.44	0.44	0	0	0.27
18700	0.27	0.44	0.44	0	0	0.27
18800	0.28	0.44	0.44	0	0	0.28
18900	0.27	0.45	0.45	0	0	0.27
19000	0.27	0.45	0.45	0	0	0.27
19100	0.27	0.45	0.45	0	0	0.27
19200	0.27	0.44	0.44	0	0	0.27
19300	0.27	0.44	0.44	0	0	0.27
19400	0.27	0.44	0.44	0	0	0.27
19500	0.27	0.45	0.45	0	0	0.27
19600	0.27	0.45	0.45	0	0	0.27
19700	0.26	0.45	0.45	0	0	0.26
19800	0.26	0.45	0.45	0	0	0.26
19900	0.26	0.45	0.45	0	0	0.26
20000	0.26	0.46	0.46	0	0	0.26
20100	0.27	0.46	0.46	0	0	0.27
20200	0.27	0.46	0.46	0	0	0.27
20300	0.27	0.46	0.46	0	0	0.27
20400	0.26	0.46	0.46	0	0	0.26
20500	0.26	0.47	0.47	0	0	0.26
20600	0.27	0.47	0.47	0	0	0.27
20700	0.27	0.47	0.47	0	0	0.27
20800	0.27	0.47	0.47	0	0	0.27
20900	0.27	0.47	0.47	0	0	0.27
21000	0.27	0.47	0.47	0	0	0.27
21100	0.27	0.48	0.48	0	0	0.27
21200	0.28	0.48	0.48	0	0	0.28
21300	0.27	0.48	0.48	0	0	0.27
21400	0.27	0.48	0.48	0	0	0.27
21500	0.27	0.48	0.48	0	0	0.27
21600	0.27	0.48	0.48	0	0	0.27
21700	0.27	0.48	0.48	0	0	0.27
21800	0.27	0.48	0.48	0	0	0.27
21900	0.27	0.48	0.48	0	0	0.27
22000	0.26	0.48	0.48	0	0	0.26
22100	0.26	0.48	0.48	0	0	0.26
22200	0.26	0.48	0.48	0	0	0.26
22300	0.26	0.48	0.48	0	0	0.26
22400	0.26	0.48	0.48	0	0	0.26
22500	0.27	0.48	0.48	0	0	0.27
22600	0.27	0.48	0.48	0	0	0.27
22700	0.27	0.48	0.48	0	0	0.27
22800	0.29	0.48	0.48	0	0	0.29
22900	0.31	0.48	0.48	0	0	0.31
23000	0.31	0.48	0.48	0	0	0.31
23100	0.32	0.48	0.48	0	0	0.32
23200	0.32	0.48	0.48	0	0	0.32
23300	0.32	0.48	0.48	0	0	0.32
23400	0.32	0.49	0.49	0	0	0.32
23500	0.32	0.48	0.48	0	0	0.32
23600	0.32	0.48	0.48	0	0	0.32
23700	0.32	0.48	0.48	0	0	0.32
23800	0.32	0.48	0.48	0	0	0.32
23900	0.32	0.48	0.48	0	0	0.32
24000	0.32	0.49	0.49	0	0	0.32
24100	0.32	0.48	0.48	0	0	0.32
24200	0.32	0.48	0.48	0	0	0.32
24300	0.32	0.48	0.48	0	0	0.32
24400	0.32	0.48	0.48	0	0	0.32
24500	0.32	0.47	0.47	0	0	0.32
24600	0.33	0.47	0.47	0	0	0.33
24700	0.32	0.47	0.47	0	0	0.32
24800	0.32	0.47	0.47	0	0	0.32
24900	0.32	0.47	0.47	0	0	0.32
25000	0.32	0.47	0.47	0	0	0.32
25100	0.32	0.47	0.47	0	0	0.32
25200	0.32	0.47	0.47	0	0	0.32
25300	0.32	0.47	0.47	0	0	0.32
25400	0.31	0.47	0.47	0	0	0.31
25500	0.31	0.47	0.47	0	0	0.31
25600	0.31	0.47	0.47	0	0	0.31
25700	0.3	0.47	0.47	0	0	0.3
25800	0.3	0.47	0.47	0	0	0.3
25900	0.3	0.47	0.47	0	0	0.3
26000	0.3	0.48	0.48	0	0	0.3
26100	0.3	0.48	0.48	0	0	0.3
26200	0.3	0.47	0.47	0	0	0.3
26300	0.3	0.47	0.47	0	0	0.3
26400	0.3	0.47	0.47	0	0	0.3
26500	0.3	0.47	0.47	0	0	0.3
26600	0.3	0.47	0.47	0	0	0.3
26700	0.29	0.47	0.47	0	0	0.29
26800	0.29	0.47	0.47	0	0	0.29
26900	0.29	0.47	0.47	0	0	0.29
27000	0.3	0.47	0.47	0	0	0.3
27100	0.3	0.47	0.47	0	0	0.3
27200	0.31	0.47	0.47	0	0	0.31
27300	0.31	0.47	0.47	0	0	0.31
27400	0.31	0.47	0.47	0	0	0.31
27500	0.31	0.47	0.47	0	0	0.31
27600	0.31	0.47	0.47	0	0	0.31
27700	0.32	0.47	0.47	0	0	0.32
27800	0.33	0.47	0.47	0	0	0.33
27900	0.33	0.47	0.47	0	0	0.33
28000	0.33	0.47	0.47	0	0	0.33
28100	0.33	0.47	0.47	0	0	0.33
28200	0.33	0.47	0.47	0	0	0.33
28300	0.33	0.48	0.48	0	0	0.33
28400	0.33	0.47	0.47	0	0	0.33
28500	0.33	0.47	0.47	0	0	0.33
28600	0.34	0.47	0.47	0	0	0.34
28700	0.34	0.48	0.48	0	0	0.34
28800	0.34	0.48	0.48	0	0	0.34
28900	0.34	0.48	0.48	0	0	0.34
29000	0.34	0.48	0.48	0	0	0.34
29100	0.34	0.48	0.48	0	0	0.34
29200	0.34	0.48	0.48	0	0	0.34
29300	0.34	0.48	0.48	0	0	0.34
29400	0.34	0.48	0.48	0	0	0.34
29500	0.34	0.48	0.48	0	0	0.34
29600	0.33	0.48	0.48	0	0	0.33
29700	0.34	0.48	0.48	0	0	0.34
29800	0.34	0.48	0.48	0	0	0.34
29900	0.35	0.48	0.48	0	0	0.35
30000	0.33	0.48	0.48	0	0	0.33
30100	0.33	0.48	0.48	0	0	0.33
30200	0.33	0.49	0.49	0	0	0.33
30300	0.34	0.49	0.49	0	0	0.34
30400	0.34	0.49	0.49	0	0	0.34
30500	0.3	0.49	0.49	0	0	0.3
30600	0.3	0.49	0.49	0	0	0.3
30700	0.31	0.49	0.49	0	0	0.31
30800	0.31	0.49	0.49	0	0	0.31
30900	0.31	0.49	0.49	0	0	0.31
31000	0.31	0.49	0.49	0	0	0.31
31100	0.32	0.49	0.49	0	0	0.32
31200	0.3	0.49	0.49	0	0	0.3
31300	0.3	0.5	0.5	0	0	0.3
31400	0.3	0.5	0.5	0	0	0.3
31500	0.3	0.5	0.5	0	0	0.3
31600	0.3	0.5	0.5	0	0	0.3
31700	0.31	0.5	0.5	0	0	0.31
31800	0.3	0.5	0.5	0	0	0.3
31900	0.3	0.5	0.5	0	0	0.3
32000	0.3	0.5	0.5	0	0	0.3
32100	0.3	0.5	0.5	0	0	0.3
32200	0.3	0.5	0.5	0	0	0.3
32300	0.3	0.5	0.5	0	0	0.3
32400	0.29	0.5	0.5	0	0	0.29
32500	0.29	0.5	0.5	0	0	0.29
32600	0.29	0.51	0.51	0	0	0.29
32700	0.29	0.5	0.5	0	0	0.29
32800	0.29	0.5	0.5	0	0	0.29
32900	0.29	0.5	0.5	0	0	0.29
33000	0.29	0.5	0.5	0	0	0.29
33100	0.29	0.51	0.51	0	0	0.29
33200	0.29	0.51	0.51	0	0	0.29
33300	0.29	0.52	0.52	0	0	0.29
33400	0.29	0.51	0.51	0	0	0.29
33500	0.3	0.51	0.51	0	0	0.3
33600	0.3	0.51	0.51	0	0	0.3
33700	0.3	0.51	0.51	0	0	0.3
33800	0.32	0.52	0.52	0	0	0.32
33900	0.32	0.52	0.52	0	0	0.32
34000	0.33	0.51	0.51	0	0	0.33
34100	0.33	0.52	0.52	0	0	0.33
34200	0.33	0.51	0.51	0	0	0.33
34300	0.33	0.51	0.51	0	0	0.33
34400	0.32	0.51	0.51	0	0	0.32
34500	0.32	0.51	0.51	0	0	0.32
34600	0.32	0.5	0.5	0	0	0.32
34700	0.32	0.5	0.5	0	0	0.32
34800	0.32	0.5	0.5	0	0	0.32
34900	0.31	0.5	0.5	0	0	0.31
35000	0.31	0.5	0.5	0	0	0.31
35100	0.31	0.5	0.5	0	0	0.31
35200	0.31	0.5	0.5	0	0	0.31
35300	0.31	0.5	0.5	0	0	0.31
35400	0.31	0.5	0.5	0	0	0.31
35500	0.31	0.5	0.5	0	0	0.31
35600	0.31	0.5	0.5	0	0	0.31
35700	0.31	0.5	0.5	0	0	0.31
35800	0.32	0.5	0.5	0	0	0.32
35900	0.33	0.5	0.5	0	0	0.33
36000	0.33	0.5	0.5	0	0	0.33
36100	0.33	0.5	0.5	0	0	0.33
36200	0.33	0.5	0.5	0	0	0.33
36300	0.33	0.51	0.51	0	0	0.33
36400	0.33	0.51	0.51	0	0	0.33
36500	0.32	0.51	0.51	0	0	0.32
36600	0.32	0.51	0.51	0	0	0.32
36700	0.32	0.51	0.51	0	0	0.32
36800	0.32	0.51	0.51	0	0	0.32
36900	0.3	0.51	0.51	0	0	0.3
37000	0.3	0.51	0.51	0	0	0.3
37100	0.3	0.5	0.5	0	0	0.3
37200	0.3	0.5	0.5	0	0	0.3
37300	0.3	0.5	0.5	0	0	0.3
37400	0.3	0.5	0.5	0	0	0.3
37500	0.3	0.51	0.51	0	0	0.3
37600	0.3	0.5	0.5	0	0	0.3
37700	0.3	0.5	0.5	0	0	0.3
37800	0.3	0.5	0.5	0	0	0.3
37900	0.3	0.5	0.5	0	0	0.3
38000	0.3	0.51	0.51	0	0	0.3
38100	0.3	0.5	0.5	0	0	0.3
38200	0.3	0.5	0.5	0	0	0.3
38300	0.31	0.5	0.5	0	0	0.31
38400	0.31	0.5	0.5	0	0	0.31
38500	0.31	0.5	0.5	0	0	0.31
38600	0.31	0.5	0.5	0	0	0.31
38700	0.32	0.5	0.5	0	0	0.32
38800	0.31	0.5	0.5	0	0	0.31
38900	0.31	0.5	0.5	0	0	0.31
39000	0.31	0.51	0.51	0	0	0.31
39100	0.31	0.5	0.5	0	0	0.31
39200	0.32	0.5	0.5	0	0	0.32
39300	0.31	0.5	0.5	0	0	0.31
39400	0.31	0.5	0.5	0	0	0.31
39500	0.31	0.5	0.5	0	0	0.31
39600	0.31	0.5	0.5	0	0	0.31
39700	0.31	0.5	0.5	0	0	0.31
39800	0.32	0.5	0.5	0	0	0.32
39900	0.32	0.5	0.5	0	0	0.32
40000	0.32	0.51	0.51	0	0	0.32
40100	0.32	0.5	0.5	0	0	0.32
40200	0.32	0.5	0.5	0	0	0.32
40300	0.31	0.5	0.5	0	0	0.31
40400	0.32	0.5	0.5	0	0	0.32
40500	0.32	0.5	0.5	0	0	0.32
40600	0.32	0.5	0.5	0	0	0.32
40700	0.31	0.5	0.5	0	0	0.31
40800	0.31	0.5	0.5	0	0	0.31
40900	0.31	0.5	0.5	0	0	0.31
41000	0.32	0.5	0.5	0	0	0.32
41100	0.32	0.5	0.5	0	0	0.32
41200	0.32	0.5	0.5	0	0	0.32
41300	0.32	0.5	0.5	0	0	0.32
41400	0.32	0.5	0.5	0	0	0.32
41500	0.32	0.51	0.51	0	0	0.32
41600	0.32	0.51	0.51	0	0	0.32
41700	0.33	0.51	0.51	0	0	0.33
41800	0.34	0.5	0.5	0	0	0.34
41900	0.34	0.5	0.5	0	0	0.34
42000	0.34	0.5	0.5	0	0	0.34
42100	0.34	0.5	0.5	0	0	0.34
42200	0.34	0.5	0.5	0	0	0.34
42300	0.34	0.5	0.5	0	0	0.34
42400	0.34	0.5	0.5	0	0	0.34
42500	0.34	0.5	0.5	0	0	0.34
42600	0.34	0.5	0.5	0	0	0.34
42700	0.33	0.5	0.5	0	0	0.33
42800	0.33	0.5	0.5	0	0	0.33
42900	0.34	0.5	0.5	0	0	0.34
43000	0.32	0.5	0.5	0	0	0.32
43100	0.32	0.5	0.5	0	0	0.32
43200	0.32	0.5	0.5	0	0	0.32
43300	0.32	0.5	0.5	0	0	0.32
43400	0.32	0.5	0.5	0	0	0.32
43500	0.32	0.5	0.5	0	0	0.32
43600	0.33	0.5	0.5	0	0	0.33
43700	0.32	0.51	0.51	0	0	0.32
43800	0.32	0.5	0.5	0	0	0.32
43900	0.31	0.5	0.5	0	0	0.31
44000	0.31	0.5	0.5	0	0	0.31
44100	0.31	0.5	0.5	0	0	0.31
44200	0.31	0.51	0.51	0	0	0.31
44300	0.31	0.51	0.51	0	0	0.31
44400	0.31	0.51	0.51	0	0	0.31
44500	0.3	0.51	0.51	0	0	0.3
44600	0.3	0.51	0.51	0	0	0.3
44700	0.3	0.52	0.52	0	0	0.3
44800	0.31	0.52	0.52	0	0	0.31
44900	0.31	0.52	0.52	0	0	0.31
45000	0.31	0.53	0.53	0	0	0.31
45100	0.31	0.52	0.52	0	0	0.31
45200	0.31	0.51	0.51	0	0	0.31
45300	0.31	0.51	0.51	0	0	0.31
45400	0.31	0.51	0.51	0	0	0.31
45500	0.31	0.51	0.51	0	0	0.31
45600	0.31	0.51	0.51	0	0	0.31
45700	0.31	0.51	0.51	0	0	0.31
45800	0.3	0.51	0.51	0	0	0.3
45900	0.3	0.51	0.51	0	0	0.3
46000	0.3	0.51	0.51	0	0	0.3
46100	0.3	0.51	0.51	0	0	0.3
46200	0.3	0.51	0.51	0	0	0.3
46300	0.3	0.51	0.51	0	0	0.3
46400	0.3	0.51	0.51	0	0	0.3
46500	0.3	0.51	0.51	0	0	0.3
46600	0.32	0.52	0.52	0	0	0.32
46700	0.32	0.52	0.52	0	0	0.32
46800	0.32	0.52	0.52	0	0	0.32
46900	0.33	0.52	0.52	0	0	0.33
47000	0.33	0.52	0.52	0	0	0.33
47100	0.33	0.52	0.52	0	0	0.33
47200	0.32	0.52	0.52	0	0	0.32
47300	0.31	0.52	0.52	0	0	0.31
47400	0.31	0.52	0.52	0	0	0.31
47500	0.31	0.52	0.52	0	0	0.31
47600	0.31	0.52	0.52	0	0	0.31
47700	0.31	0.52	0.52	0	0	0.31
47800	0.31	0.52	0.52	0	0	0.31
47900	0.31	0.52	0.52	0	0	0.31
48000	0.31	0.52	0.52	0	0	0.31
48100	0.31	0.52	0.52	0	0	0.31
48200	0.32	0.52	0.52	0	0	0.32
48300	0.32	0.52	0.52	0	0	0.32
48400	0.32	0.52	0.52	0	0	0.32
48500	0.32	0.52	0.52	0	0	0.32
48600	0.32	0.52	0.52	0	0	0.32
48700	0.31	0.52	0.52	0	0	0.31
48800	0.31	0.52	0.52	0	0	0.31
48900	0.32	0.52	0.52	0	0	0.32
49000	0.32	0.52	0.52	0	0	0.32
49100	0.32	0.52	0.52	0	0	0.32
49200	0.32	0.52	0.52	0	0	0.32
49300	0.32	0.53	0.53	0	0	0.32
49400	0.32	0.53	0.53	0	0	0.32
49500	0.32	0.53	0.53	0	0	0.32
49600	0.32	0.53	0.53	0	0	0.32
49700	0.32	0.53	0.53	0	0	0.32
49800	0.32	0.53	0.53	0	0	0.32
49900	0.32	0.53	0.53	0	0	0.32
50000	0.32	0.53	0.53	0	0	0.32
50100	0.32	0.53	0.53	0	0	0.32
50200	0.32	0.53	0.53	0	0	0.32
50300	0.32	0.53	0.53	0	0	0.32
50400	0.32	0.53	0.53	0	0	0.32
50500	0.32	0.53	0.53	0	0	0.32
50600	0.32	0.53	0.53	0	0	0.32
50700	0.32	0.53	0.53	0	0	0.32
50800	0.32	0.53	0.53	0	0	0.32
50900	0.32	0.53	0.53	0	0	0.32
51000	0.32	0.53	0.53	0	0	0.32
51100	0.32	0.53	0.53	0	0	0.32
51200	0.32	0.53	0.53	0	0	0.32
51300	0.32	0.53	0.53	0	0	0.32
51400	0.33	0.53	0.53	0	0	0.33
51500	0.33	0.53	0.53	0	0	0.33
51600	0.33	0.53	0.53	0	0	0.33
51700	0.33	0.53	0.53	0	0	0.33
51800	0.33	0.53	0.53	0	0	0.33
51900	0.33	0.54	0.54	0	0	0.33
52000	0.33	0.54	0.54	0	0	0.33
52100	0.33	0.54	0.54	0	0	0.33
52200	0.33	0.54	0.54	0	0	0.33
52300	0.33	0.54	0.54	0	0	0.33
52400	0.34	0.54	0.54	0	0	0.34
52500	0.34	0.54	0.54	0	0	0.34
52600	0.34	0.54	0.54	0	0	0.34
52700	0.34	0.54	0.54	0	0	0.34
52800	0.35	0.54	0.54	0	0	0.35
52900	0.35	0.54	0.54	0	0	0.35
53000	0.35	0.54	0.54	0	0	0.35
53100	0.35	0.54	0.54	0	0	0.35
53200	0.35	0.54	0.54	0	0	0.35
53300	0.35	0.54	0.54	0	0	0.35
53400	0.36	0.54	0.54	0	0	0.36
53500	0.36	0.54	0.54	0	0	0.36
53600	0.36	0.54	0.54	0	0	0.36
53700	0.36	0.54	0.54	0	0	0.36
53800	0.35	0.54	0.54	0	0	0.35
53900	0.35	0.54	0.54	0	0	0.35
54000	0.35	0.54	0.54	0	0	0.35
54100	0.35	0.54	0.54	0	0	0.35
54200	0.35	0.54	0.54	0	0	0.35
54300	0.35	0.54	0.54	0	0	0.35
54400	0.35	0.54	0.54	0	0	0.35
54500	0.36	0.54	0.54	0	0	0.36
54600	0.37	0.54	0.54	0	0	0.37
54700	0.37	0.54	0.54	0	0	0.37
54800	0.37	0.54	0.54	0	0	0.37
54900	0.37	0.54	0.54	0	0	0.37
55000	0.37	0.54	0.54	0	0	0.37
55100	0.37	0.54	0.54	0	0	0.37
55200	0.37	0.54	0.54	0	0	0.37
55300	0.37	0.54	0.54	0	0	0.37
55400	0.37	0.54	0.54	0	0	0.37
55500	0.37	0.54	0.54	0	0	0.37
55600	0.37	0.54	0.54	0	0	0.37
55700	0.37	0.54	0.54	0	0	0.37
55800	0.37	0.54	0.54	0	0	0.37
55900	0.37	0.54	0.54	0	0	0.37
56000	0.37	0.54	0.54	0	0	0.37
56100	0.37	0.54	0.54	0	0	0.37
56200	0.37	0.54	0.54	0	0	0.37
56300	0.37	0.54	0.54	0	0	0.37
56400	0.37	0.54	0.54	0	0	0.37
56500	0.37	0.54	0.54	0	0	0.37
56600	0.37	0.54	0.54	0	0	0.37
56700	0.37	0.54	0.54	0	0	0.37
56800	0.37	0.54	0.54	0	0	0.37
56900	0.37	0.54	0.54	0	0	0.37
57000	0.37	0.54	0.54	0	0	0.37
57100	0.37	0.54	0.54	0	0	0.37
57200	0.37	0.54	0.54	0	0	0.37
57300	0.37	0.54	0.54	0	0	0.37
57400	0.37	0.54	0.54	0	0	0.37
57500	0.37	0.54	0.54	0	0	0.37
57600	0.37	0.54	0.54	0	0	0.37
57700	0.37	0.53	0.53	0	0	0.37
57800	0.37	0.53	0.53	0	0	0.37
57900	0.37	0.53	0.53	0	0	0.37
58000	0.37	0.53	0.53	0	0	0.37
58100	0.36	0.54	0.54	0	0	0.36
58200	0.36	0.53	0.53	0	0	0.36
58300	0.36	0.52	0.52	0	0	0.36
58400	0.36	0.52	0.52	0	0	0.36
58500	0.36	0.52	0.52	0	0	0.36
58600	0.36	0.52	0.52	0	0	0.36
58700	0.36	0.53	0.53	0	0	0.36
58800	0.36	0.53	0.53	0	0	0.36
58900	0.36	0.53	0.53	0	0	0.36
59000	0.36	0.53	0.53	0	0	0.36
59100	0.37	0.53	0.53	0	0	0.37
59200	0.37	0.53	0.53	0	0	0.37
59300	0.37	0.53	0.53	0	0	0.37
59400	0.37	0.53	0.53	0	0	0.37
59500	0.37	0.53	0.53	0	0	0.37
59600	0.37	0.53	0.53	0	0	0.37
59700	0.37	0.53	0.53	0	0	0.37
59800	0.37	0.53	0.53	0	0	0.37
59900	0.38	0.53	0.53	0	0	0.38
60000	0.38	0.53	0.53	0	0	0.38
60100	0.38	0.53	0.53	0	0	0.38
60200	0.38	0.52	0.52	0	0	0.38
60300	0.38	0.52	0.52	0	0	0.38
60400	0.38	0.52	0.52	0	0	0.38
60500	0.38	0.52	0.52	0	0	0.38
60600	0.38	0.52	0.52	0	0	0.38
60700	0.38	0.53	0.53	0	0	0.38
60800	0.38	0.53	0.53	0	0	0.38
60900	0.37	0.53	0.53	0	0	0.37
61000	0.37	0.53	0.53	0	0	0.37
61100	0.37	0.53	0.53	0	0	0.37
61200	0.37	0.52	0.52	0	0	0.37
61300	0.37	0.52	0.52	0	0	0.37
61400	0.37	0.53	0.53	0	0	0.37
61500	0.37	0.52	0.52	0	0	0.37
61600	0.37	0.53	0.53	0	0	0.37
61700	0.37	0.53	0.53	0	0	0.37
61800	0.37	0.53	0.53	0	0	0.37
61900	0.38	0.53	0.53	0	0	0.38
62000	0.38	0.53	0.53	0	0	0.38
62100	0.38	0.53	0.53	0	0	0.38
62200	0.38	0.53	0.53	0	0	0.38
62300	0.38	0.53	0.53	0	0	0.38
62400	0.38	0.53	0.53	0	0	0.38
62500	0.38	0.53	0.53	0	0	0.38
62600	0.38	0.53	0.53	0	0	0.38
62700	0.38	0.53	0.53	0	0	0.38
62800	0.38	0.53	0.53	0	0	0.38
62900	0.38	0.53	0.53	0	0	0.38
63000	0.38	0.53	0.53	0	0	0.38
63100	0.38	0.53	0.53	0	0	0.38
63200	0.37	0.53	0.53	0	0	0.37
63300	0.37	0.53	0.53	0	0	0.37
63400	0.37	0.53	0.53	0	0	0.37
63500	0.37	0.53	0.53	0	0	0.37
63600	0.37	0.53	0.53	0	0	0.37
63700	0.37	0.53	0.53	0	0	0.37
63800	0.37	0.53	0.53	0	0	0.37
63900	0.37	0.54	0.54	0	0	0.37
64000	0.37	0.54	0.54	0	0	0.37
64100	0.37	0.54	0.54	0	0	0.37
64200	0.37	0.52	0.52	0	0	0.37
64300	0.37	0.52	0.52	0	0	0.37
64400	0.37	0.52	0.52	0	0	0.37
64500	0.37	0.52	0.52	0	0	0.37
64600	0.37	0.52	0.52	0	0	0.37
64700	0.37	0.52	0.52	0	0	0.37
64800	0.37	0.52	0.52	0	0	0.37
64900	0.37	0.52	0.52	0	0	0.37
65000	0.37	0.52	0.52	0	0	0.37
65100	0.37	0.53	0.53	0	0	0.37
65200	0.37	0.53	0.53	0	0	0.37
65300	0.37	0.53	0.53	0	0	0.37
65400	0.37	0.53	0.53	0	0	0.37
65500	0.37	0.53	0.53	0	0	0.37
65600	0.37	0.53	0.53	0	0	0.37
65700	0.37	0.53	0.53	0	0	0.37
65800	0.37	0.53	0.53	0	0	0.37
65900	0.37	0.53	0.53	0	0	0.37
66000	0.37	0.53	0.53	0	0	0.37
66100	0.37	0.53	0.53	0	0	0.37
66200	0.37	0.53	0.53	0	0	0.37
66300	0.37	0.53	0.53	0	0	0.37
66400	0.37	0.53	0.53	0	0	0.37
66500	0.37	0.53	0.53	0	0	0.37
66600	0.37	0.53	0.53	0	0	0.37
66700	0.37	0.53	0.53	0	0	0.37
66800	0.37	0.53	0.53	0	0	0.37
66900	0.37	0.53	0.53	0	0	0.37
67000	0.37	0.53	0.53	0	0	0.37
67100	0.37	0.54	0.54	0	0	0.37
67200	0.37	0.54	0.54	0	0	0.37
67300	0.37	0.54	0.54	0	0	0.37
67400	0.37	0.54	0.54	0	0	0.37
67500	0.37	0.54	0.54	0	0	0.37
67600	0.37	0.54	0.54	0	0	0.37
67700	0.37	0.54	0.54	0	0	0.37
67800	0.37	0.55	0.55	0	0	0.37
67900	0.37	0.54	0.54	0	0	0.37
68000	0.38	0.54	0.54	0	0	0.38
68100	0.37	0.54	0.54	0	0	0.37
68200	0.37	0.54	0.54	0	0	0.37
68300	0.37	0.54	0.54	0	0	0.37
68400	0.37	0.53	0.53	0	0	0.37
68500	0.37	0.53	0.53	0	0	0.37
68600	0.37	0.53	0.53	0	0	0.37
68700	0.37	0.53	0.53	0	0	0.37
68800	0.37	0.53	0.53	0	0	0.37
68900	0.37	0.53	0.53	0	0	0.37
69000	0.37	0.53	0.53	0	0	0.37
69100	0.37	0.53	0.53	0	0	0.37
69200	0.37	0.53	0.53	0	0	0.37
69300	0.36	0.54	0.54	0	0	0.36
69400	0.36	0.53	0.53	0	0	0.36
69500	0.36	0.53	0.53	0	0	0.36
69600	0.36	0.53	0.53	0	0	0.36
69700	0.36	0.53	0.53	0	0	0.36
69800	0.36	0.53	0.53	0	0	0.36
69900	0.36	0.53	0.53	0	0	0.36
70000	0.36	0.53	0.53	0	0	0.36
70100	0.36	0.53	0.53	0	0	0.36
70200	0.36	0.53	0.53	0	0	0.36
70300	0.36	0.53	0.53	0	0	0.36
70400	0.36	0.53	0.53	0	0	0.36
70500	0.36	0.53	0.53	0	0	0.36
70600	0.36	0.53	0.53	0	0	0.36
70700	0.36	0.52	0.52	0	0	0.36
70800	0.36	0.52	0.52	0	0	0.36
70900	0.36	0.52	0.52	0	0	0.36
71000	0.36	0.52	0.52	0	0	0.36
71100	0.37	0.52	0.52	0	0	0.37
71200	0.37	0.52	0.52	0	0	0.37
71300	0.36	0.52	0.52	0	0	0.36
71400	0.35	0.52	0.52	0	0	0.35
71500	0.35	0.52	0.52	0	0	0.35
71600	0.35	0.52	0.52	0	0	0.35
71700	0.35	0.52	0.52	0	0	0.35
71800	0.35	0.52	0.52	0	0	0.35
71900	0.35	0.52	0.52	0	0	0.35
72000	0.36	0.52	0.52	0	0	0.36
72100	0.36	0.52	0.52	0	0	0.36
72200	0.36	0.52	0.52	0	0	0.36
72300	0.35	0.52	0.52	0	0	0.35
72400	0.35	0.52	0.52	0	0	0.35
72500	0.35	0.52	0.52	0	0	0.35
72600	0.35	0.52	0.52	0	0	0.35
72700	0.36	0.52	0.52	0	0	0.36
72800	0.35	0.52	0.52	0	0	0.35
72900	0.35	0.52	0.52	0	0	0.35
73000	0.35	0.52	0.52	0	0	0.35
73100	0.35	0.52	0.52	0	0	0.35
73200	0.35	0.52	0.52	0	0	0.35
73300	0.34	0.52	0.52	0	0	0.34
73400	0.34	0.52	0.52	0	0	0.34
73500	0.34	0.52	0.52	0	0	0.34
73600	0.34	0.52	0.52	0	0	0.34
73700	0.34	0.52	0.52	0	0	0.34
73800	0.34	0.52	0.52	0	0	0.34
73900	0.34	0.52	0.52	0	0	0.34
74000	0.34	0.52	0.52	0	0	0.34
74100	0.34	0.52	0.52	0	0	0.34
74200	0.34	0.52	0.52	0	0	0.34
74300	0.34	0.52	0.52	0	0	0.34
74400	0.34	0.52	0.52	0	0	0.34
74500	0.34	0.52	0.52	0	0	0.34
74600	0.34	0.52	0.52	0	0	0.34
74700	0.34	0.52	0.52	0	0	0.34
74800	0.34	0.52	0.52	0	0	0.34
74900	0.34	0.52	0.52	0	0	0.34
75000	0.34	0.52	0.52	0	0	0.34
75100	0.34	0.52	0.52	0	0	0.34
75200	0.34	0.52	0.52	0	0	0.34
75300	0.33	0.52	0.52	0	0	0.33
75400	0.33	0.52	0.52	0	0	0.33
75500	0.33	0.52	0.52	0	0	0.33
75600	0.33	0.52	0.52	0	0	0.33
75700	0.33	0.52	0.52	0	0	0.33
75800	0.33	0.52	0.52	0	0	0.33
75900	0.34	0.52	0.52	0	0	0.34
76000	0.34	0.53	0.53	0	0	0.34
76100	0.34	0.52	0.52	0	0	0.34
76200	0.33	0.51	0.51	0	0	0.33
76300	0.33	0.52	0.52	0	0	0.33
76400	0.33	0.5	0.5	0	0	0.33
76500	0.33	0.5	0.5	0	0	0.33
76600	0.33	0.5	0.5	0	0	0.33
76700	0.33	0.5	0.5	0	0	0.33
76800	0.33	0.5	0.5	0	0	0.33
76900	0.33	0.51	0.51	0	0	0.33
77000	0.33	0.51	0.51	0	0	0.33
77100	0.33	0.51	0.51	0	0	0.33
77200	0.33	0.51	0.51	0	0	0.33
77300	0.33	0.51	0.51	0	0	0.33
77400	0.33	0.51	0.51	0	0	0.33
77500	0.33	0.51	0.51	0	0	0.33
77600	0.33	0.5	0.5	0	0	0.33
77700	0.33	0.5	0.5	0	0	0.33
77800	0.33	0.5	0.5	0	0	0.33
77900	0.33	0.49	0.49	0	0	0.33
78000	0.33	0.49	0.49	0	0	0.33
78100	0.33	0.49	0.49	0	0	0.33
78200	0.33	0.48	0.48	0	0	0.33
78300	0.33	0.48	0.48	0	0	0.33
78400	0.33	0.48	0.48	0	0	0.33
78500	0.34	0.48	0.48	0	0	0.34
78600	0.34	0.48	0.48	0	0	0.34
78700	0.34	0.48	0.48	0	0	0.34
78800	0.34	0.48	0.48	0	0	0.34
78900	0.34	0.48	0.48	0	0	0.34
79000	0.34	0.48	0.48	0	0	0.34
79100	0.34	0.48	0.48	0	0	0.34
79200	0.34	0.49	0.49	0	0	0.34
79300	0.34	0.49	0.49	0	0	0.34
79400	0.34	0.49	0.49	0	0	0.34
79500	0.34	0.49	0.49	0	0	0.34
79600	0.34	0.49	0.49	0	0	0.34
79700	0.34	0.49	0.49	0	0	0.34
79800	0.34	0.49	0.49	0	0	0.34
79900	0.34	0.49	0.49	0	0	0.34
80000	0.34	0.49	0.49	0	0	0.34
80100	0.35	0.49	0.49	0	0	0.35
80200	0.35	0.5	0.5	0	0	0.35
80300	0.35	0.49	0.49	0	0	0.35
80400	0.35	0.49	0.49	0	0	0.35
80500	0.35	0.5	0.5	0	0	0.35
80600	0.35	0.5	0.5	0	0	0.35
80700	0.35	0.5	0.5	0	0	0.35
80800	0.35	0.5	0.5	0	0	0.35
80900	0.35	0.5	0.5	0	0	0.35
81000	0.35	0.5	0.5	0	0	0.35
81100	0.35	0.5	0.5	0	0	0.35
81200	0.35	0.5	0.5	0	0	0.35
81300	0.36	0.5	0.5	0	0	0.36
81400	0.36	0.49	0.49	0	0	0.36
81500	0.36	0.49	0.49	0	0	0.36
81600	0.36	0.49	0.49	0	0	0.36
81700	0.36	0.49	0.49	0	0	0.36
81800	0.37	0.49	0.49	0	0	0.37
81900	0.37	0.49	0.49	0	0	0.37
82000	0.37	0.49	0.49	0	0	0.37
82100	0.36	0.49	0.49	0	0	0.36
82200	0.35	0.49	0.49	0	0	0.35
82300	0.34	0.49	0.49	0	0	0.34
82400	0.34	0.49	0.49	0	0	0.34
82500	0.34	0.49	0.49	0	0	0.34
82600	0.35	0.49	0.49	0	0	0.35
82700	0.35	0.49	0.49	0	0	0.35
82800	0.35	0.49	0.49	0	0	0.35
82900	0.35	0.49	0.49	0	0	0.35
83000	0.35	0.49	0.49	0	0	0.35
83100	0.35	0.49	0.49	0	0	0.35
83200	0.35	0.49	0.49	0	0	0.35
83300	0.35	0.49	0.49	0	0	0.35
83400	0.35	0.49	0.49	0	0	0.35
83500	0.35	0.49	0.49	0	0	0.35
83600	0.35	0.49	0.49	0	0	0.35
83700	0.36	0.49	0.49	0	0	0.36
83800	0.36	0.5	0.5	0	0	0.36
83900	0.36	0.5	0.5	0	0	0.36
84000	0.35	0.5	0.5	0	0	0.35
84100	0.35	0.5	0.5	0	0	0.35
84200	0.35	0.5	0.5	0	0	0.35
84300	0.35	0.5	0.5	0	0	0.35
84400	0.34	0.5	0.5	0	0	0.34
84500	0.34	0.5	0.5	0	0	0.34
84600	0.35	0.5	0.5	0	0	0.35
84700	0.35	0.5	0.5	0	0	0.35
84800	0.35	0.5	0.5	0	0	0.35
84900	0.35	0.51	0.51	0	0	0.35
85000	0.35	0.5	0.5	0	0	0.35
85100	0.35	0.5	0.5	0	0	0.35
85200	0.35	0.5	0.5	0	0	0.35
85300	0.35	0.5	0.5	0	0	0.35
85400	0.35	0.5	0.5	0	0	0.35
85500	0.35	0.5	0.5	0	0	0.35
85600	0.35	0.5	0.5	0	0	0.35
85700	0.35	0.5	0.5	0	0	0.35
85800	0.35	0.5	0.5	0	0	0.35
85900	0.35	0.5	0.5	0	0	0.35
86000	0.36	0.51	0.51	0	0	0.36
86100	0.36	0.51	0.51	0	0	0.36
86200	0.36	0.51	0.51	0	0	0.36
86300	0.36	0.51	0.51	0	0	0.36
86400	0.36	0.51	0.51	0	0	0.36
86500	0.36	0.51	0.51	0	0	0.36
86600	0.37	0.51	0.51	0	0	0.37
86700	0.36	0.51	0.51	0	0	0.36
86800	0.36	0.51	0.51	0	0	0.36
86900	0.36	0.51	0.51	0	0	0.36
87000	0.36	0.51	0.51	0	0	0.36
87100	0.36	0.52	0.52	0	0	0.36
87200	0.36	0.52	0.52	0	0	0.36
87300	0.36	0.52	0.52	0	0	0.36
87400	0.36	0.52	0.52	0	0	0.36
87500	0.37	0.52	0.52	0	0	0.37
87600	0.36	0.52	0.52	0	0	0.36
87700	0.36	0.52	0.52	0	0	0.36
87800	0.35	0.53	0.53	0	0	0.35
87900	0.35	0.53	0.53	0	0	0.35
88000	0.35	0.53	0.53	0	0	0.35
88100	0.35	0.53	0.53	0	0	0.35
88200	0.35	0.53	0.53	0	0	0.35
88300	0.35	0.53	0.53	0	0	0.35
88400	0.35	0.53	0.53	0	0	0.35
88500	0.35	0.52	0.52	0	0	0.35
88600	0.35	0.52	0.52	0	0	0.35
88700	0.35	0.52	0.52	0	0	0.35
88800	0.35	0.52	0.52	0	0	0.35
88900	0.35	0.52	0.52	0	0	0.35
89000	0.35	0.52	0.52	0	0	0.35
89100	0.35	0.52	0.52	0	0	0.35
89200	0.35	0.52	0.52	0	0	0.35
89300	0.35	0.52	0.52	0	0	0.35
89400	0.35	0.52	0.52	0	0	0.35
89500	0.35	0.52	0.52	0	0	0.35
89600	0.35	0.52	0.52	0	0	0.35
89700	0.36	0.52	0.52	0	0	0.36
89800	0.36	0.52	0.52	0	0	0.36
89900	0.36	0.52	0.52	0	0	0.36
90000	0.36	0.52	0.52	0	0	0.36
90100	0.36	0.52	0.52	0	0	0.36
90200	0.36	0.52	0.52	0	0	0.36
90300	0.36	0.52	0.52	0	0	0.36
90400	0.36	0.52	0.52	0	0	0.36
90500	0.36	0.52	0.52	0	0	0.36
90600	0.36	0.52	0.52	0	0	0.36
90700	0.36	0.52	0.52	0	0	0.36
90800	0.36	0.52	0.52	0	0	0.36
90900	0.36	0.52	0.52	0	0	0.36
91000	0.36	0.52	0.52	0	0	0.36
91100	0.36	0.52	0.52	0	0	0.36
91200	0.36	0.52	0.52	0	0	0.36
91300	0.36	0.52	0.52	0	0	0.36
91400	0.36	0.52	0.52	0	0	0.36
91500	0.37	0.52	0.52	0	0	0.37
91600	0.36	0.52	0.52	0	0	0.36
91700	0.36	0.52	0.52	0	0	0.36
91800	0.36	0.52	0.52	0	0	0.36
91900	0.36	0.52	0.52	0	0	0.36
92000	0.36	0.52	0.52	0	0	0.36
92100	0.36	0.52	0.52	0	0	0.36
92200	0.36	0.52	0.52	0	0	0.36
92300	0.36	0.52	0.52	0	0	0.36
92400	0.36	0.52	0.52	0	0	0.36
92500	0.36	0.52	0.52	0	0	0.36
92600	0.37	0.52	0.52	0	0	0.37
92700	0.37	0.52	0.52	0	0	0.37
92800	0.37	0.52	0.52	0	0	0.37
92900	0.37	0.52	0.52	0	0	0.37
93000	0.37	0.52	0.52	0	0	0.37
93100	0.37	0.52	0.52	0	0	0.37
93200	0.37	0.52	0.52	0	0	0.37
93300	0.37	0.52	0.52	0	0	0.37
93400	0.38	0.52	0.52	0	0	0.38
93500	0.38	0.52	0.52	0	0	0.38
93600	0.38	0.52	0.52	0	0	0.38
93700	0.38	0.52	0.52	0	0	0.38
93800	0.38	0.52	0.52	0	0	0.38
93900	0.38	0.52	0.52	0	0	0.38
94000	0.38	0.52	0.52	0	0	0.38
94100	0.38	0.52	0.52	0	0	0.38
94200	0.38	0.52	0.52	0	0	0.38
94300	0.38	0.51	0.51	0	0	0.38
94400	0.38	0.51	0.51	0	0	0.38
94500	0.38	0.51	0.51	0	0	0.38
94600	0.38	0.51	0.51	0	0	0.38
94700	0.38	0.51	0.51	0	0	0.38
94800	0.38	0.51	0.51	0	0	0.38
94900	0.38	0.51	0.51	0	0	0.38
95000	0.38	0.51	0.51	0	0	0.38
95100	0.38	0.51	0.51	0	0	0.38
95200	0.38	0.51	0.51	0	0	0.38
95300	0.38	0.51	0.51	0	0	0.38
95400	0.38	0.51	0.51	0	0	0.38
95500	0.38	0.51	0.51	0	0	0.38
95600	0.38	0.51	0.51	0	0	0.38
95700	0.38	0.51	0.51	0	0	0.38
95800	0.38	0.51	0.51	0	0	0.38
95900	0.38	0.51	0.51	0	0	0.38
96000	0.38	0.51	0.51	0	0	0.38
96100	0.38	0.51	0.51	0	0	0.38
96200	0.38	0.51	0.51	0	0	0.38
96300	0.38	0.51	0.51	0	0	0.38
96400	0.38	0.51	0.51	0	0	0.38
96500	0.38	0.51	0.51	0	0	0.38
96600	0.38	0.51	0.51	0	0	0.38
96700	0.38	0.51	0.51	0	0	0.38
96800	0.38	0.51	0.51	0	0	0.38
96900	0.38	0.51	0.51	0	0	0.38
97000	0.38	0.51	0.51	0	0	0.38
97100	0.38	0.51	0.51	0	0	0.38
97200	0.38	0.51	0.51	0	0	0.38
97300	0.38	0.51	0.51	0	0	0.38
97400	0.38	0.51	0.51	0	0	0.38
97500	0.38	0.51	0.51	0	0	0.38
97600	0.38	0.51	0.51	0	0	0.38
97700	0.38	0.5	0.5	0	0	0.38
97800	0.38	0.5	0.5	0	0	0.38
97900	0.38	0.5	0.5	0	0	0.38
98000	0.38	0.5	0.5	0	0	0.38
98100	0.38	0.5	0.5	0	0	0.38
98200	0.38	0.51	0.51	0	0	0.38
98300	0.38	0.51	0.51	0	0	0.38
98400	0.38	0.51	0.51	0	0	0.38
98500	0.38	0.51	0.51	0	0	0.38
98600	0.38	0.51	0.51	0	0	0.38
98700	0.38	0.51	0.51	0	0	0.38
98800	0.38	0.51	0.51	0	0	0.38
98900	0.38	0.51	0.51	0	0	0.38
99000	0.38	0.51	0.51	0	0	0.38
99100	0.38	0.51	0.51	0	0	0.38
99200	0.38	0.51	0.51	0	0	0.38
99300	0.38	0.51	0.51	0	0	0.38
99400	0.38	0.51	0.51	0	0	0.38
99500	0.38	0.51	0.51	0	0	0.38
99600	0.38	0.51	0.51	0	0	0.38
99700	0.38	0.51	0.51	0	0	0.38
99800	0.38	0.51	0.51	0	0	0.38
99900	0.38	0.51	0.51	0	0	0.38
100000	0.38	0.51	0.51	0	0	0.38
100100	0.38	0.51	0.51	0	0	0.38
100200	0.38	0.51	0.51	0	0	0.38
100300	0.38	0.51	0.51	0	0	0.38
100400	0.38	0.51	0.51	0	0	0.38
100500	0.38	0.51	0.51	0	0	0.38
100600	0.38	0.51	0.51	0	0	0.38
100700	0.38	0.51	0.51	0	0	0.38
100800	0.38	0.51	0.51	0	0	0.38
100900	0.38	0.51	0.51	0	0	0.38
101000	0.38	0.51	0.51	0	0	0.38
101100	0.38	0.51	0.51	0	0	0.38
101200	0.38	0.51	0.51	0	0	0.38
101300	0.38	0.51	0.51	0	0	0.38
101400	0.38	0.51	0.51	0	0	0.38
101500	0.38	0.51	0.51	0	0	0.38
101600	0.38	0.51	0.51	0	0	0.38
101700	0.38	0.51	0.51	0	0	0.38
101800	0.38	0.51	0.51	0	0	0.38
101900	0.38	0.51	0.51	0	0	0.38
102000	0.38	0.51	0.51	0	0	0.38
102100	0.38	0.51	0.51	0	0	0.38
102200	0.38	0.51	0.51	0	0	0.38
102300	0.38	0.51	0.51	0	0	0.38
102400	0.38	0.51	0.51	0	0	0.38
102500	0.39	0.51	0.51	0	0	0.39
102600	0.38	0.51	0.51	0	0	0.38
102700	0.38	0.51	0.51	0	0	0.38
102800	0.38	0.51	0.51	0	0	0.38
102900	0.38	0.51	0.51	0	0	0.38
103000	0.38	0.51	0.51	0	0	0.38
103100	0.38	0.51	0.51	0	0	0.38
103200	0.38	0.51	0.51	0	0	0.38
103300	0.38	0.51	0.51	0	0	0.38
103400	0.38	0.51	0.51	0	0	0.38
103500	0.38	0.51	0.51	0	0	0.38
103600	0.38	0.51	0.51	0	0	0.38
103700	0.38	0.51	0.51	0	0	0.38
103800	0.38	0.51	0.51	0	0	0.38
103900	0.37	0.52	0.52	0	0	0.37
104000	0.37	0.51	0.51	0	0	0.37
104100	0.37	0.51	0.51	0	0	0.37
104200	0.37	0.51	0.51	0	0	0.37
104300	0.37	0.52	0.52	0	0	0.37
104400	0.37	0.51	0.51	0	0	0.37
104500	0.37	0.51	0.51	0	0	0.37
104600	0.37	0.51	0.51	0	0	0.37
104700	0.37	0.51	0.51	0	0	0.37
104800	0.37	0.51	0.51	0	0	0.37
104900	0.37	0.51	0.51	0	0	0.37
105000	0.37	0.51	0.51	0	0	0.37
105100	0.37	0.51	0.51	0	0	0.37
105200	0.38	0.51	0.51	0	0	0.38
105300	0.38	0.51	0.51	0	0	0.38
105400	0.37	0.51	0.51	0	0	0.37
105500	0.37	0.51	0.51	0	0	0.37
105600	0.37	0.51	0.51	0	0	0.37
105700	0.37	0.51	0.51	0	0	0.37
105800	0.37	0.51	0.51	0	0	0.37
105900	0.37	0.51	0.51	0	0	0.37
106000	0.37	0.51	0.51	0	0	0.37
106100	0.37	0.51	0.51	0	0	0.37
106200	0.37	0.51	0.51	0	0	0.37
106300	0.37	0.51	0.51	0	0	0.37
106400	0.37	0.51	0.51	0	0	0.37
106500	0.37	0.51	0.51	0	0	0.37
106600	0.37	0.51	0.51	0	0	0.37
106700	0.37	0.51	0.51	0	0	0.37
106800	0.37	0.51	0.51	0	0	0.37
106900	0.37	0.51	0.51	0	0	0.37
107000	0.38	0.51	0.51	0	0	0.38
107100	0.38	0.51	0.51	0	0	0.38
107200	0.38	0.51	0.51	0	0	0.38
107300	0.38	0.51	0.51	0	0	0.38
107400	0.38	0.51	0.51	0	0	0.38
107500	0.38	0.51	0.51	0	0	0.38
107600	0.37	0.51	0.51	0	0	0.37
107700	0.37	0.51	0.51	0	0	0.37
107800	0.37	0.51	0.51	0	0	0.37
107900	0.37	0.51	0.51	0	0	0.37
108000	0.37	0.51	0.51	0	0	0.37
108100	0.37	0.51	0.51	0	0	0.37
108200	0.37	0.51	0.51	0	0	0.37
108300	0.37	0.51	0.51	0	0	0.37
108400	0.37	0.51	0.51	0	0	0.37
108500	0.37	0.51	0.51	0	0	0.37
108600	0.37	0.51	0.51	0	0	0.37
108700	0.37	0.51	0.51	0	0	0.37
108800	0.38	0.51	0.51	0	0	0.38
108900	0.38	0.51	0.51	0	0	0.38
109000	0.38	0.52	0.52	0	0	0.38
109100	0.38	0.51	0.51	0	0	0.38
109200	0.38	0.51	0.51	0	0	0.38
109300	0.38	0.51	0.51	0	0	0.38
109400	0.38	0.51	0.51	0	0	0.38
109500	0.38	0.52	0.52	0	0	0.38
109600	0.38	0.52	0.52	0	0	0.38
109700	0.38	0.52	0.52	0	0	0.38
109800	0.38	0.52	0.52	0	0	0.38
109900	0.38	0.52	0.52	0	0	0.38
110000	0.39	0.52	0.52	0	0	0.39
110100	0.38	0.52	0.52	0	0	0.38
110200	0.38	0.52	0.52	0	0	0.38
110300	0.38	0.52	0.52	0	0	0.38
110400	0.38	0.52	0.52	0	0	0.38
110500	0.38	0.52	0.52	0	0	0.38
110600	0.38	0.52	0.52	0	0	0.38
110700	0.38	0.52	0.52	0	0	0.38
110800	0.38	0.52	0.52	0	0	0.38
110900	0.38	0.52	0.52	0	0	0.38
111000	0.38	0.52	0.52	0	0	0.38
111100	0.38	0.52	0.52	0	0	0.38
111200	0.38	0.52	0.52	0	0	0.38
111300	0.38	0.52	0.52	0	0	0.38
111400	0.38	0.52	0.52	0	0	0.38
111500	0.38	0.52	0.52	0	0	0.38
111600	0.38	0.52	0.52	0	0	0.38
111700	0.38	0.52	0.52	0	0	0.38
111800	0.38	0.52	0.52	0	0	0.38
111900	0.38	0.52	0.52	0	0	0.38
112000	0.38	0.52	0.52	0	0	0.38
112100	0.38	0.52	0.52	0	0	0.38
112200	0.38	0.52	0.52	0	0	0.38
112300	0.38	0.52	0.52	0	0	0.38
112400	0.38	0.52	0.52	0	0	0.38
112500	0.38	0.52	0.52	0	0	0.38
112600	0.38	0.52	0.52	0	0	0.38
112700	0.38	0.52	0.52	0	0	0.38
112800	0.38	0.52	0.52	0	0	0.38
112900	0.38	0.52	0.52	0	0	0.38
113000	0.38	0.52	0.52	0	0	0.38
113100	0.38	0.52	0.52	0	0	0.38
113200	0.38	0.52	0.52	0	0	0.38
113300	0.38	0.52	0.52	0	0	0.38
113400	0.38	0.52	0.52	0	0	0.38
113500	0.38	0.52	0.52	0	0	0.38
113600	0.38	0.52	0.52	0	0	0.38
113700	0.38	0.52	0.52	0	0	0.38
113800	0.38	0.52	0.52	0	0	0.38
113900	0.38	0.52	0.52	0	0	0.38
114000	0.38	0.52	0.52	0	0	0.38
114100	0.38	0.52	0.52	0	0	0.38
114200	0.38	0.52	0.52	0	0	0.38
114300	0.38	0.52	0.52	0	0	0.38
114400	0.38	0.52	0.52	0	0	0.38
114500	0.38	0.52	0.52	0	0	0.38
114600	0.38	0.52	0.52	0	0	0.38
114700	0.38	0.52	0.52	0	0	0.38
114800	0.38	0.52	0.52	0	0	0.38
114900	0.38	0.52	0.52	0	0	0.38
115000	0.38	0.52	0.52	0	0	0.38
115100	0.38	0.52	0.52	0	0	0.38
115200	0.38	0.52	0.52	0	0	0.38
115300	0.38	0.52	0.52	0	0	0.38
115400	0.38	0.52	0.52	0	0	0.38
115500	0.38	0.52	0.52	0	0	0.38
115600	0.38	0.52	0.52	0	0	0.38
115700	0.38	0.52	0.52	0	0	0.38
115800	0.38	0.52	0.52	0	0	0.38
115900	0.39	0.52	0.52	0	0	0.39
116000	0.39	0.52	0.52	0	0	0.39
116100	0.39	0.52	0.52	0	0	0.39
116200	0.39	0.52	0.52	0	0	0.39
116300	0.39	0.52	0.52	0	0	0.39
116400	0.39	0.52	0.52	0	0	0.39
116500	0.39	0.52	0.52	0	0	0.39
116600	0.39	0.52	0.52	0	0	0.39
116700	0.39	0.52	0.52	0	0	0.39
116800	0.39	0.52	0.52	0	0	0.39
116900	0.39	0.52	0.52	0	0	0.39
117000	0.39	0.52	0.52	0	0	0.39
117100	0.39	0.52	0.52	0	0	0.39
117200	0.39	0.52	0.52	0	0	0.39
117300	0.39	0.52	0.52	0	0	0.39
117400	0.39	0.52	0.52	0	0	0.39
117500	0.39	0.52	0.52	0	0	0.39
117600	0.39	0.52	0.52	0	0	0.39
117700	0.39	0.52	0.52	0	0	0.39
117800	0.39	0.52	0.52	0	0	0.39
117900	0.39	0.52	0.52	0	0	0.39
118000	0.39	0.52	0.52	0	0	0.39
118100	0.39	0.52	0.52	0	0	0.39
118200	0.39	0.52	0.52	0	0	0.39
118300	0.39	0.52	0.52	0	0	0.39
118400	0.39	0.52	0.52	0	0	0.39
118500	0.39	0.52	0.52	0	0	0.39
118600	0.39	0.52	0.52	0	0	0.39
118700	0.39	0.52	0.52	0	0	0.39
118800	0.39	0.52	0.52	0	0	0.39
118900	0.39	0.52	0.52	0	0	0.39
119000	0.39	0.52	0.52	0	0	0.39
119100	0.39	0.52	0.52	0	0	0.39
119200	0.39	0.52	0.52	0	0	0.39
119300	0.39	0.52	0.52	0	0	0.39
119400	0.39	0.52	0.52	0	0	0.39
119500	0.39	0.52	0.52	0	0	0.39
119600	0.39	0.52	0.52	0	0	0.39
119700	0.39	0.52	0.52	0	0	0.39
119800	0.39	0.52	0.52	0	0	0.39
119900	0.39	0.52	0.52	0	0	0.39
120000	0.39	0.52	0.52	0	0	0.39
120100	0.39	0.52	0.52	0	0	0.39
120200	0.39	0.52	0.52	0	0	0.39
120300	0.39	0.52	0.52	0	0	0.39
120400	0.39	0.52	0.52	0	0	0.39
120500	0.39	0.52	0.52	0	0	0.39
120600	0.39	0.52	0.52	0	0	0.39
120700	0.39	0.52	0.52	0	0	0.39
120800	0.39	0.52	0.52	0	0	0.39
120900	0.39	0.52	0.52	0	0	0.39
121000	0.39	0.52	0.52	0	0	0.39
121100	0.39	0.52	0.52	0	0	0.39
121200	0.39	0.52	0.52	0	0	0.39
121300	0.39	0.52	0.52	0	0	0.39
121400	0.39	0.52	0.52	0	0	0.39
121500	0.39	0.52	0.52	0	0	0.39
121600	0.39	0.52	0.52	0	0	0.39
121700	0.39	0.52	0.52	0	0	0.39
121800	0.39	0.52	0.52	0	0	0.39
121900	0.39	0.52	0.52	0	0	0.39
122000	0.39	0.52	0.52	0	0	0.39
122100	0.4	0.52	0.52	0	0	0.4
122200	0.39	0.52	0.52	0	0	0.39
122300	0.39	0.52	0.52	0	0	0.39
122400	0.39	0.52	0.52	0	0	0.39
122500	0.39	0.52	0.52	0	0	0.39
122600	0.39	0.52	0.52	0	0	0.39
122700	0.39	0.52	0.52	0	0	0.39
122800	0.39	0.52	0.52	0	0	0.39
122900	0.39	0.52	0.52	0	0	0.39
123000	0.39	0.52	0.52	0	0	0.39
123100	0.39	0.52	0.52	0	0	0.39
123200	0.39	0.52	0.52	0	0	0.39
123300	0.39	0.52	0.52	0	0	0.39
123400	0.39	0.52	0.52	0	0	0.39
123500	0.39	0.52	0.52	0	0	0.39
123600	0.39	0.52	0.52	0	0	0.39
123700	0.39	0.52	0.52	0	0	0.39
123800	0.39	0.52	0.52	0	0	0.39
123900	0.39	0.52	0.52	0	0	0.39
124000	0.39	0.52	0.52	0	0	0.39
124100	0.39	0.52	0.52	0	0	0.39
124200	0.39	0.52	0.52	0	0	0.39
124300	0.39	0.52	0.52	0	0	0.39
124400	0.39	0.52	0.52	0	0	0.39
124500	0.39	0.52	0.52	0	0	0.39
124600	0.39	0.52	0.52	0	0	0.39
124700	0.39	0.52	0.52	0	0	0.39
124800	0.39	0.52	0.52	0	0	0.39
124900	0.39	0.52	0.52	0	0	0.39
125000	0.39	0.52	0.52	0	0	0.39
125100	0.39	0.52	0.52	0	0	0.39
125200	0.39	0.52	0.52	0	0	0.39
125300	0.39	0.53	0.53	0	0	0.39
125400	0.39	0.53	0.53	0	0	0.39
125500	0.39	0.53	0.53	0	0	0.39
125600	0.39	0.53	0.53	0	0	0.39
125700	0.39	0.53	0.53	0	0	0.39
125800	0.39	0.53	0.53	0	0	0.39
125900	0.39	0.53	0.53	0	0	0.39
126000	0.39	0.53	0.53	0	0	0.39
126100	0.39	0.53	0.53	0	0	0.39
126200	0.39	0.53	0.53	0	0	0.39
126300	0.39	0.53	0.53	0	0	0.39
126400	0.39	0.53	0.53	0	0	0.39
126500	0.39	0.53	0.53	0	0	0.39
126600	0.39	0.53	0.53	0	0	0.39
126700	0.39	0.53	0.53	0	0	0.39
126800	0.39	0.53	0.53	0	0	0.39
126900	0.39	0.53	0.53	0	0	0.39
127000	0.39	0.53	0.53	0	0	0.39
127100	0.39	0.53	0.53	0	0	0.39
127200	0.39	0.53	0.53	0	0	0.39
127300	0.39	0.52	0.52	0	0	0.39
127400	0.39	0.52	0.52	0	0	0.39
127500	0.39	0.52	0.52	0	0	0.39
127600	0.39	0.52	0.52	0	0	0.39
127700	0.39	0.52	0.52	0	0	0.39
127800	0.39	0.52	0.52	0	0	0.39
127900	0.39	0.52	0.52	0	0	0.39
128000	0.39	0.52	0.52	0	0	0.39
128100	0.39	0.52	0.52	0	0	0.39
128200	0.39	0.52	0.52	0	0	0.39
128300	0.39	0.52	0.52	0	0	0.39
128400	0.39	0.52	0.52	0	0	0.39
128500	0.39	0.52	0.52	0	0	0.39
128600	0.39	0.52	0.52	0	0	0.39
128700	0.39	0.52	0.52	0	0	0.39
128800	0.39	0.52	0.52	0	0	0.39
128900	0.39	0.52	0.52	0	0	0.39
129000	0.39	0.52	0.52	0	0	0.39
129100	0.39	0.52	0.52	0	0	0.39
129200	0.39	0.52	0.52	0	0	0.39
129300	0.39	0.52	0.52	0	0	0.39
129400	0.39	0.52	0.52	0	0	0.39
129500	0.39	0.52	0.52	0	0	0.39
129600	0.39	0.52	0.52	0	0	0.39
129700	0.39	0.52	0.52	0	0	0.39
129800	0.4	0.52	0.52	0	0	0.4
129900	0.4	0.52	0.52	0	0	0.4
130000	0.4	0.52	0.52	0	0	0.4
130100	0.4	0.52	0.52	0	0	0.4
130200	0.4	0.52	0.52	0	0	0.4
130300	0.4	0.52	0.52	0	0	0.4
130400	0.4	0.52	0.52	0	0	0.4
130500	0.4	0.52	0.52	0	0	0.4
130600	0.4	0.52	0.52	0	0	0.4
130700	0.4	0.52	0.52	0	0	0.4
130800	0.4	0.52	0.52	0	0	0.4
130900	0.4	0.52	0.52	0	0	0.4
131000	0.4	0.52	0.52	0	0	0.4
131100	0.4	0.52	0.52	0	0	0.4
131200	0.4	0.52	0.52	0	0	0.4
131300	0.4	0.52	0.52	0	0	0.4
131400	0.4	0.52	0.52	0	0	0.4
131500	0.4	0.52	0.52	0	0	0.4
131600	0.4	0.52	0.52	0	0	0.4
131700	0.4	0.52	0.52	0	0	0.4
131800	0.4	0.52	0.52	0	0	0.4
131900	0.4	0.52	0.52	0	0	0.4
132000	0.4	0.52	0.52	0	0	0.4
132100	0.4	0.52	0.52	0	0	0.4
132200	0.4	0.52	0.52	0	0	0.4
132300	0.4	0.52	0.52	0	0	0.4
132400	0.4	0.52	0.52	0	0	0.4
132500	0.4	0.52	0.52	0	0	0.4
132600	0.4	0.52	0.52	0	0	0.4
132700	0.4	0.52	0.52	0	0	0.4
132800	0.4	0.52	0.52	0	0	0.4
132900	0.4	0.52	0.52	0	0	0.4
133000	0.4	0.52	0.52	0	0	0.4
133100	0.39	0.52	0.52	0	0	0.39
133200	0.39	0.52	0.52	0	0	0.39
133300	0.39	0.52	0.52	0	0	0.39
133400	0.39	0.52	0.52	0	0	0.39
133500	0.39	0.52	0.52	0	0	0.39
133600	0.39	0.52	0.52	0	0	0.39
133700	0.39	0.52	0.52	0	0	0.39
133800	0.39	0.52	0.52	0	0	0.39
133900	0.39	0.52	0.52	0	0	0.39
134000	0.39	0.52	0.52	0	0	0.39
134100	0.39	0.52	0.52	0	0	0.39
134200	0.39	0.52	0.52	0	0	0.39
134300	0.39	0.52	0.52	0	0	0.39
134400	0.39	0.52	0.52	0	0	0.39
134500	0.39	0.52	0.52	0	0	0.39
134600	0.39	0.52	0.52	0	0	0.39
134700	0.39	0.52	0.52	0	0	0.39
134800	0.39	0.52	0.52	0	0	0.39
134900	0.39	0.52	0.52	0	0	0.39
135000	0.39	0.52	0.52	0	0	0.39
135100	0.39	0.52	0.52	0	0	0.39
135200	0.38	0.52	0.52	0	0	0.38
135300	0.38	0.52	0.52	0	0	0.38
135400	0.37	0.52	0.52	0	0	0.37
135500	0.37	0.52	0.52	0	0	0.37
135600	0.37	0.52	0.52	0	0	0.37
135700	0.37	0.52	0.52	0	0	0.37
135800	0.37	0.52	0.52	0	0	0.37
135900	0.37	0.52	0.52	0	0	0.37
136000	0.37	0.52	0.52	0	0	0.37
136100	0.37	0.52	0.52	0	0	0.37
136200	0.37	0.52	0.52	0	0	0.37
136300	0.37	0.52	0.52	0	0	0.37
136400	0.37	0.52	0.52	0	0	0.37
136500	0.37	0.52	0.52	0	0	0.37
136600	0.37	0.52	0.52	0	0	0.37
136700	0.37	0.52	0.52	0	0	0.37
136800	0.37	0.52	0.52	0	0	0.37
136900	0.38	0.52	0.52	0	0	0.38
137000	0.38	0.52	0.52	0	0	0.38
137100	0.38	0.52	0.52	0	0	0.38
137200	0.38	0.52	0.52	0	0	0.38
137300	0.38	0.52	0.52	0	0	0.38
137400	0.38	0.52	0.52	0	0	0.38
137500	0.38	0.52	0.52	0	0	0.38
137600	0.38	0.52	0.52	0	0	0.38
137700	0.38	0.52	0.52	0	0	0.38
137800	0.38	0.52	0.52	0	0	0.38
137900	0.38	0.52	0.52	0	0	0.38
138000	0.38	0.52	0.52	0	0	0.38
138100	0.38	0.52	0.52	0	0	0.38
138200	0.38	0.52	0.52	0	0	0.38
138300	0.38	0.52	0.52	0	0	0.38
138400	0.38	0.52	0.52	0	0	0.38
138500	0.38	0.52	0.52	0	0	0.38
138600	0.38	0.52	0.52	0	0	0.38
138700	0.38	0.52	0.52	0	0	0.38
138800	0.38	0.52	0.52	0	0	0.38
138900	0.38	0.52	0.52	0	0	0.38
139000	0.38	0.52	0.52	0	0	0.38
139100	0.38	0.52	0.52	0	0	0.38
139200	0.38	0.52	0.52	0	0	0.38
139300	0.39	0.52	0.52	0	0	0.39
139400	0.38	0.52	0.52	0	0	0.38
139500	0.38	0.52	0.52	0	0	0.38
139600	0.38	0.52	0.52	0	0	0.38
139700	0.38	0.52	0.52	0	0	0.38
139800	0.39	0.52	0.52	0	0	0.39
139900	0.38	0.52	0.52	0	0	0.38
140000	0.38	0.52	0.52	0	0	0.38
140100	0.38	0.52	0.52	0	0	0.38
140200	0.38	0.52	0.52	0	0	0.38
140300	0.38	0.52	0.52	0	0	0.38
140400	0.38	0.52	0.52	0	0	0.38
140500	0.38	0.52	0.52	0	0	0.38
140600	0.38	0.52	0.52	0	0	0.38
140700	0.38	0.52	0.52	0	0	0.38
140800	0.38	0.52	0.52	0	0	0.38
140900	0.38	0.53	0.53	0	0	0.38
141000	0.38	0.53	0.53	0	0	0.38
141100	0.38	0.53	0.53	0	0	0.38
141200	0.38	0.52	0.52	0	0	0.38
141300	0.38	0.52	0.52	0	0	0.38
141400	0.38	0.52	0.52	0	0	0.38
141500	0.38	0.52	0.52	0	0	0.38
141600	0.38	0.52	0.52	0	0	0.38
141700	0.38	0.52	0.52	0	0	0.38
141800	0.38	0.52	0.52	0	0	0.38
141900	0.38	0.52	0.52	0	0	0.38
142000	0.38	0.52	0.52	0	0	0.38
142100	0.38	0.52	0.52	0	0	0.38
142200	0.38	0.52	0.52	0	0	0.38
142300	0.38	0.52	0.52	0	0	0.38
142400	0.38	0.52	0.52	0	0	0.38
142500	0.38	0.52	0.52	0	0	0.38
142600	0.38	0.53	0.53	0	0	0.38
142700	0.38	0.52	0.52	0	0	0.38
142800	0.38	0.52	0.52	0	0	0.38
142900	0.38	0.52	0.52	0	0	0.38
143000	0.38	0.52	0.52	0	0	0.38
143100	0.38	0.52	0.52	0	0	0.38
143200	0.38	0.52	0.52	0	0	0.38
143300	0.38	0.52	0.52	0	0	0.38
143400	0.38	0.52	0.52	0	0	0.38
143500	0.38	0.52	0.52	0	0	0.38
143600	0.38	0.52	0.52	0	0	0.38
143700	0.38	0.52	0.52	0	0	0.38
143800	0.38	0.52	0.52	0	0	0.38
143900	0.38	0.52	0.52	0	0	0.38
144000	0.38	0.52	0.52	0	0	0.38
144100	0.38	0.52	0.52	0	0	0.38
144200	0.37	0.52	0.52	0	0	0.37
144300	0.37	0.52	0.52	0	0	0.37
144400	0.37	0.52	0.52	0	0	0.37
144500	0.37	0.52	0.52	0	0	0.37
144600	0.37	0.52	0.52	0	0	0.37
144700	0.37	0.52	0.52	0	0	0.37
144800	0.37	0.53	0.53	0	0	0.37
144900	0.37	0.53	0.53	0	0	0.37
145000	0.37	0.53	0.53	0	0	0.37
145100	0.37	0.53	0.53	0	0	0.37
145200	0.37	0.53	0.53	0	0	0.37
145300	0.37	0.53	0.53	0	0	0.37
145400	0.37	0.53	0.53	0	0	0.37
145500	0.37	0.53	0.53	0	0	0.37
145600	0.37	0.53	0.53	0	0	0.37
145700	0.38	0.53	0.53	0	0	0.38
145800	0.38	0.53	0.53	0	0	0.38
145900	0.38	0.53	0.53	0	0	0.38
146000	0.38	0.53	0.53	0	0	0.38
146100	0.38	0.53	0.53	0	0	0.38
146200	0.38	0.53	0.53	0	0	0.38
146300	0.38	0.53	0.53	0	0	0.38
146400	0.38	0.53	0.53	0	0	0.38
146500	0.38	0.53	0.53	0	0	0.38
146600	0.38	0.53	0.53	0	0	0.38
146700	0.38	0.53	0.53	0	0	0.38
146800	0.38	0.53	0.53	0	0	0.38
146900	0.38	0.53	0.53	0	0	0.38
147000	0.38	0.53	0.53	0	0	0.38
147100	0.38	0.52	0.52	0	0	0.38
147200	0.38	0.52	0.52	0	0	0.38
147300	0.38	0.52	0.52	0	0	0.38
147400	0.38	0.52	0.52	0	0	0.38
147500	0.38	0.52	0.52	0	0	0.38
147600	0.38	0.52	0.52	0	0	0.38
147700	0.38	0.52	0.52	0	0	0.38
147800	0.38	0.52	0.52	0	0	0.38
147900	0.38	0.52	0.52	0	0	0.38
148000	0.38	0.52	0.52	0	0	0.38
148100	0.38	0.52	0.52	0	0	0.38
148200	0.38	0.52	0.52	0	0	0.38
148300	0.38	0.52	0.52	0	0	0.38
148400	0.38	0.52	0.52	0	0	0.38
148500	0.39	0.52	0.52	0	0	0.39
148600	0.38	0.52	0.52	0	0	0.38
148700	0.38	0.53	0.53	0	0	0.38
148800	0.38	0.53	0.53	0	0	0.38
148900	0.38	0.53	0.53	0	0	0.38
149000	0.38	0.53	0.53	0	0	0.38
149100	0.38	0.53	0.53	0	0	0.38
149200	0.38	0.53	0.53	0	0	0.38
149300	0.38	0.53	0.53	0	0	0.38
149400	0.38	0.53	0.53	0	0	0.38
149500	0.38	0.53	0.53	0	0	0.38
149600	0.38	0.53	0.53	0	0	0.38
149700	0.38	0.53	0.53	0	0	0.38
149800	0.38	0.53	0.53	0	0	0.38
149900	0.38	0.53	0.53	0	0	0.38
150000	0.38	0.53	0.53	0	0	0.38
150100	0.38	0.53	0.53	0	0	0.38
150200	0.38	0.53	0.53	0	0	0.38
150300	0.38	0.53	0.53	0	0	0.38
150400	0.38	0.53	0.53	0	0	0.38
150500	0.38	0.53	0.53	0	0	0.38
150600	0.38	0.53	0.53	0	0	0.38
150700	0.38	0.53	0.53	0	0	0.38
150800	0.38	0.53	0.53	0	0	0.38
150900	0.38	0.53	0.53	0	0	0.38
151000	0.38	0.53	0.53	0	0	0.38
151100	0.38	0.53	0.53	0	0	0.38
151200	0.38	0.53	0.53	0	0	0.38
151300	0.38	0.53	0.53	0	0	0.38
151400	0.38	0.53	0.53	0	0	0.38
151500	0.38	0.53	0.53	0	0	0.38
151600	0.38	0.53	0.53	0	0	0.38
151700	0.38	0.53	0.53	0	0	0.38
151800	0.38	0.53	0.53	0	0	0.38
151900	0.38	0.53	0.53	0	0	0.38
152000	0.38	0.53	0.53	0	0	0.38
152100	0.38	0.53	0.53	0	0	0.38
152200	0.38	0.53	0.53	0	0	0.38
152300	0.38	0.53	0.53	0	0	0.38
152400	0.38	0.53	0.53	0	0	0.38
152500	0.38	0.53	0.53	0	0	0.38
152600	0.38	0.53	0.53	0	0	0.38
152700	0.38	0.53	0.53	0	0	0.38
152800	0.38	0.53	0.53	0	0	0.38
152900	0.38	0.53	0.53	0	0	0.38
153000	0.38	0.53	0.53	0	0	0.38
153100	0.38	0.53	0.53	0	0	0.38
153200	0.38	0.53	0.53	0	0	0.38
153300	0.38	0.53	0.53	0	0	0.38
153400	0.38	0.53	0.53	0	0	0.38
153500	0.37	0.53	0.53	0	0	0.37
153600	0.37	0.53	0.53	0	0	0.37
153700	0.37	0.53	0.53	0	0	0.37
153800	0.37	0.53	0.53	0	0	0.37
153900	0.37	0.53	0.53	0	0	0.37
154000	0.37	0.53	0.53	0	0	0.37
154100	0.37	0.53	0.53	0	0	0.37
154200	0.37	0.53	0.53	0	0	0.37
154300	0.37	0.53	0.53	0	0	0.37
154400	0.37	0.53	0.53	0	0	0.37
154500	0.37	0.53	0.53	0	0	0.37
154600	0.37	0.53	0.53	0	0	0.37
154700	0.37	0.53	0.53	0	0	0.37
154800	0.37	0.53	0.53	0	0	0.37
154900	0.37	0.53	0.53	0	0	0.37
155000	0.37	0.53	0.53	0	0	0.37
155100	0.37	0.53	0.53	0	0	0.37
155200	0.37	0.53	0.53	0	0	0.37
155300	0.37	0.53	0.53	0	0	0.37
155400	0.37	0.53	0.53	0	0	0.37
155500	0.37	0.53	0.53	0	0	0.37
155600	0.37	0.53	0.53	0	0	0.37
155700	0.37	0.53	0.53	0	0	0.37
155800	0.37	0.53	0.53	0	0	0.37
155900	0.37	0.53	0.53	0	0	0.37
156000	0.37	0.53	0.53	0	0	0.37
156100	0.37	0.53	0.53	0	0	0.37
156200	0.37	0.52	0.52	0	0	0.37
156300	0.37	0.52	0.52	0	0	0.37
156400	0.37	0.52	0.52	0	0	0.37
156500	0.37	0.52	0.52	0	0	0.37
156600	0.37	0.52	0.52	0	0	0.37
156700	0.37	0.52	0.52	0	0	0.37
156800	0.37	0.52	0.52	0	0	0.37
156900	0.37	0.52	0.52	0	0	0.37
157000	0.37	0.52	0.52	0	0	0.37
157100	0.37	0.52	0.52	0	0	0.37
157200	0.37	0.52	0.52	0	0	0.37
157300	0.37	0.52	0.52	0	0	0.37
157400	0.37	0.52	0.52	0	0	0.37
157500	0.37	0.52	0.52	0	0	0.37
157600	0.37	0.52	0.52	0	0	0.37
157700	0.37	0.52	0.52	0	0	0.37
157800	0.37	0.52	0.52	0	0	0.37
157900	0.37	0.52	0.52	0	0	0.37
158000	0.37	0.52	0.52	0	0	0.37
158100	0.38	0.52	0.52	0	0	0.38
158200	0.38	0.52	0.52	0	0	0.38
158300	0.38	0.52	0.52	0	0	0.38
158400	0.38	0.52	0.52	0	0	0.38
158500	0.37	0.52	0.52	0	0	0.37
158600	0.37	0.52	0.52	0	0	0.37
158700	0.37	0.52	0.52	0	0	0.37
158800	0.37	0.52	0.52	0	0	0.37
158900	0.37	0.52	0.52	0	0	0.37
159000	0.37	0.52	0.52	0	0	0.37
159100	0.36	0.53	0.53	0	0	0.36
159200	0.36	0.53	0.53	0	0	0.36
159300	0.36	0.53	0.53	0	0	0.36
159400	0.36	0.52	0.52	0	0	0.36
159500	0.36	0.52	0.52	0	0	0.36
159600	0.36	0.52	0.52	0	0	0.36
159700	0.36	0.52	0.52	0	0	0.36
159800	0.36	0.52	0.52	0	0	0.36
159900	0.36	0.52	0.52	0	0	0.36
160000	0.36	0.52	0.52	0	0	0.36
160100	0.36	0.52	0.52	0	0	0.36
160200	0.36	0.52	0.52	0	0	0.36
160300	0.36	0.52	0.52	0	0	0.36
160400	0.36	0.52	0.52	0	0	0.36
160500	0.36	0.52	0.52	0	0	0.36
160600	0.36	0.52	0.52	0	0	0.36
160700	0.36	0.52	0.52	0	0	0.36
160800	0.36	0.52	0.52	0	0	0.36
160900	0.36	0.52	0.52	0	0	0.36
161000	0.36	0.52	0.52	0	0	0.36
161100	0.36	0.52	0.52	0	0	0.36
161200	0.36	0.52	0.52	0	0	0.36
161300	0.36	0.52	0.52	0	0	0.36
161400	0.36	0.52	0.52	0	0	0.36
161500	0.36	0.52	0.52	0	0	0.36
161600	0.36	0.52	0.52	0	0	0.36
161700	0.36	0.52	0.52	0	0	0.36
161800	0.36	0.52	0.52	0	0	0.36
161900	0.36	0.52	0.52	0	0	0.36
162000	0.36	0.52	0.52	0	0	0.36
162100	0.36	0.52	0.52	0	0	0.36
162200	0.36	0.52	0.52	0	0	0.36
162300	0.36	0.52	0.52	0	0	0.36
162400	0.36	0.52	0.52	0	0	0.36
162500	0.36	0.52	0.52	0	0	0.36
162600	0.36	0.52	0.52	0	0	0.36
162700	0.37	0.52	0.52	0	0	0.37
162800	0.37	0.52	0.52	0	0	0.37
162900	0.37	0.52	0.52	0	0	0.37
163000	0.37	0.52	0.52	0	0	0.37
163100	0.37	0.52	0.52	0	0	0.37
163200	0.37	0.52	0.52	0	0	0.37
163300	0.37	0.52	0.52	0	0	0.37
163400	0.37	0.52	0.52	0	0	0.37
163500	0.37	0.52	0.52	0	0	0.37
163600	0.38	0.52	0.52	0	0	0.38
163700	0.38	0.52	0.52	0	0	0.38
163800	0.37	0.52	0.52	0	0	0.37
163900	0.37	0.52	0.52	0	0	0.37
164000	0.37	0.52	0.52	0	0	0.37
164100	0.37	0.52	0.52	0	0	0.37
164200	0.37	0.52	0.52	0	0	0.37
164300	0.37	0.52	0.52	0	0	0.37
164400	0.37	0.52	0.52	0	0	0.37
164500	0.37	0.52	0.52	0	0	0.37
164600	0.37	0.52	0.52	0	0	0.37
164700	0.37	0.52	0.52	0	0	0.37
164800	0.37	0.52	0.52	0	0	0.37
164900	0.37	0.52	0.52	0	0	0.37
165000	0.37	0.52	0.52	0	0	0.37
165100	0.37	0.52	0.52	0	0	0.37
165200	0.37	0.52	0.52	0	0	0.37
165300	0.37	0.52	0.52	0	0	0.37
165400	0.37	0.52	0.52	0	0	0.37
165500	0.37	0.52	0.52	0	0	0.37
165600	0.37	0.52	0.52	0	0	0.37
165700	0.37	0.52	0.52	0	0	0.37
165800	0.37	0.52	0.52	0	0	0.37
165900	0.37	0.52	0.52	0	0	0.37
166000	0.37	0.52	0.52	0	0	0.37
166100	0.37	0.52	0.52	0	0	0.37
166200	0.37	0.52	0.52	0	0	0.37
166300	0.37	0.51	0.51	0	0	0.37
166400	0.37	0.51	0.51	0	0	0.37
166500	0.37	0.51	0.51	0	0	0.37
166600	0.37	0.51	0.51	0	0	0.37
166700	0.37	0.51	0.51	0	0	0.37
166800	0.37	0.51	0.51	0	0	0.37
166900	0.37	0.51	0.51	0	0	0.37
167000	0.37	0.52	0.52	0	0	0.37
167100	0.37	0.52	0.52	0	0	0.37
167200	0.37	0.53	0.53	0	0	0.37
167300	0.37	0.52	0.52	0	0	0.37
167400	0.37	0.52	0.52	0	0	0.37
167500	0.37	0.52	0.52	0	0	0.37
167600	0.37	0.52	0.52	0	0	0.37
167700	0.37	0.52	0.52	0	0	0.37
167800	0.37	0.52	0.52	0	0	0.37
167900	0.37	0.52	0.52	0	0	0.37
168000	0.37	0.52	0.52	0	0	0.37
168100	0.37	0.52	0.52	0	0	0.37
168200	0.37	0.52	0.52	0	0	0.37
168300	0.37	0.52	0.52	0	0	0.37
168400	0.37	0.52	0.52	0	0	0.37
168500	0.37	0.52	0.52	0	0	0.37
168600	0.37	0.52	0.52	0	0	0.37
168700	0.37	0.52	0.52	0	0	0.37
168800	0.37	0.52	0.52	0	0	0.37
168900	0.37	0.52	0.52	0	0	0.37
169000	0.37	0.52	0.52	0	0	0.37
169100	0.37	0.52	0.52	0	0	0.37
169200	0.37	0.52	0.52	0	0	0.37
169300	0.37	0.52	0.52	0	0	0.37
169400	0.37	0.52	0.52	0	0	0.37
169500	0.37	0.52	0.52	0	0	0.37
169600	0.38	0.52	0.52	0	0	0.38
169700	0.38	0.52	0.52	0	0	0.38
169800	0.38	0.52	0.52	0	0	0.38
169900	0.38	0.52	0.52	0	0	0.38
170000	0.38	0.52	0.52	0	0	0.38
170100	0.38	0.52	0.52	0	0	0.38
170200	0.38	0.52	0.52	0	0	0.38
170300	0.38	0.52	0.52	0	0	0.38
170400	0.38	0.52	0.52	0	0	0.38
170500	0.38	0.52	0.52	0	0	0.38
170600	0.38	0.52	0.52	0	0	0.38
170700	0.38	0.52	0.52	0	0	0.38
170800	0.38	0.52	0.52	0	0	0.38
170900	0.38	0.53	0.53	0	0	0.38
171000	0.38	0.52	0.52	0	0	0.38
171100	0.38	0.52	0.52	0	0	0.38
171200	0.38	0.52	0.52	0	0	0.38
171300	0.38	0.52	0.52	0	0	0.38
171400	0.38	0.52	0.52	0	0	0.38
171500	0.38	0.53	0.53	0	0	0.38
171600	0.38	0.52	0.52	0	0	0.38
171700	0.38	0.52	0.52	0	0	0.38
171800	0.38	0.52	0.52	0	0	0.38
171900	0.37	0.52	0.52	0	0	0.37
172000	0.37	0.52	0.52	0	0	0.37
172100	0.37	0.52	0.52	0	0	0.37
172200	0.37	0.52	0.52	0	0	0.37
172300	0.37	0.52	0.52	0	0	0.37
172400	0.37	0.53	0.53	0	0	0.37
172500	0.37	0.52	0.52	0	0	0.37
172600	0.36	0.52	0.52	0	0	0.36
172700	0.36	0.52	0.52	0	0	0.36
172800	0.36	0.52	0.52	0	0	0.36
172900	0.36	0.52	0.52	0	0	0.36
173000	0.36	0.52	0.52	0	0	0.36
173100	0.36	0.52	0.52	0	0	0.36
173200	0.36	0.52	0.52	0	0	0.36
173300	0.36	0.52	0.52	0	0	0.36
173400	0.36	0.52	0.52	0	0	0.36
173500	0.36	0.52	0.52	0	0	0.36
173600	0.36	0.52	0.52	0	0	0.36
173700	0.36	0.52	0.52	0	0	0.36
173800	0.36	0.52	0.52	0	0	0.36
173900	0.36	0.52	0.52	0	0	0.36
174000	0.36	0.52	0.52	0	0	0.36
174100	0.36	0.52	0.52	0	0	0.36
174200	0.36	0.52	0.52	0	0	0.36
174300	0.36	0.52	0.52	0	0	0.36
174400	0.36	0.52	0.52	0	0	0.36
174500	0.36	0.52	0.52	0	0	0.36
174600	0.36	0.52	0.52	0	0	0.36
174700	0.36	0.52	0.52	0	0	0.36
174800	0.36	0.52	0.52	0	0	0.36
174900	0.36	0.52	0.52	0	0	0.36
175000	0.36	0.52	0.52	0	0	0.36
175100	0.36	0.52	0.52	0	0	0.36
175200	0.36	0.52	0.52	0	0	0.36
175300	0.36	0.52	0.52	0	0	0.36
175400	0.36	0.52	0.52	0	0	0.36
175500	0.36	0.52	0.52	0	0	0.36
175600	0.36	0.52	0.52	0	0	0.36
175700	0.36	0.52	0.52	0	0	0.36
175800	0.36	0.52	0.52	0	0	0.36
175900	0.36	0.52	0.52	0	0	0.36
176000	0.36	0.52	0.52	0	0	0.36
176100	0.36	0.52	0.52	0	0	0.36
176200	0.36	0.52	0.52	0	0	0.36
176300	0.36	0.52	0.52	0	0	0.36
176400	0.36	0.52	0.52	0	0	0.36
176500	0.36	0.52	0.52	0	0	0.36
176600	0.36	0.52	0.52	0	0	0.36
176700	0.36	0.52	0.52	0	0	0.36
176800	0.36	0.52	0.52	0	0	0.36
176900	0.36	0.52	0.52	0	0	0.36
177000	0.36	0.51	0.51	0	0	0.36
177100	0.36	0.52	0.52	0	0	0.36
177200	0.36	0.51	0.51	0	0	0.36
177300	0.36	0.51	0.51	0	0	0.36
177400	0.36	0.51	0.51	0	0	0.36
177500	0.36	0.51	0.51	0	0	0.36
177600	0.36	0.51	0.51	0	0	0.36
177700	0.37	0.51	0.51	0	0	0.37
177800	0.36	0.51	0.51	0	0	0.36
177900	0.36	0.51	0.51	0	0	0.36
178000	0.36	0.51	0.51	0	0	0.36
178100	0.36	0.51	0.51	0	0	0.36
178200	0.36	0.51	0.51	0	0	0.36
178300	0.37	0.51	0.51	0	0	0.37
178400	0.37	0.51	0.51	0	0	0.37
178500	0.36	0.51	0.51	0	0	0.36
178600	0.36	0.51	0.51	0	0	0.36
178700	0.36	0.51	0.51	0	0	0.36
178800	0.36	0.51	0.51	0	0	0.36
178900	0.36	0.51	0.51	0	0	0.36
179000	0.36	0.52	0.52	0	0	0.36
179100	0.36	0.51	0.51	0	0	0.36
179200	0.36	0.51	0.51	0	0	0.36
179300	0.36	0.51	0.51	0	0	0.36
179400	0.36	0.51	0.51	0	0	0.36
179500	0.36	0.51	0.51	0	0	0.36
179600	0.36	0.51	0.51	0	0	0.36
179700	0.36	0.51	0.51	0	0	0.36
179800	0.36	0.51	0.51	0	0	0.36
179900	0.36	0.51	0.51	0	0	0.36
180000	0.36	0.51	0.51	0	0	0.36
180100	0.36	0.51	0.51	0	0	0.36
180200	0.36	0.51	0.51	0	0	0.36
180300	0.36	0.51	0.51	0	0	0.36
180400	0.36	0.52	0.52	0	0	0.36
180500	0.36	0.51	0.51	0	0	0.36
180600	0.36	0.52	0.52	0	0	0.36
180700	0.36	0.52	0.52	0	0	0.36
180800	0.36	0.52	0.52	0	0	0.36
180900	0.36	0.52	0.52	0	0	0.36
181000	0.36	0.52	0.52	0	0	0.36
181100	0.36	0.52	0.52	0	0	0.36
181200	0.36	0.53	0.53	0	0	0.36
181300	0.36	0.54	0.54	0	0	0.36
181400	0.36	0.52	0.52	0	0	0.36
181500	0.36	0.52	0.52	0	0	0.36
181600	0.37	0.52	0.52	0	0	0.37
181700	0.37	0.52	0.52	0	0	0.37
181800	0.37	0.52	0.52	0	0	0.37
181900	0.37	0.52	0.52	0	0	0.37
182000	0.37	0.52	0.52	0	0	0.37
182100	0.37	0.52	0.52	0	0	0.37
182200	0.37	0.52	0.52	0	0	0.37
182300	0.37	0.52	0.52	0	0	0.37
182400	0.37	0.52	0.52	0	0	0.37
182500	0.37	0.52	0.52	0	0	0.37
182600	0.37	0.52	0.52	0	0	0.37
182700	0.37	0.52	0.52	0	0	0.37
182800	0.37	0.52	0.52	0	0	0.37
182900	0.37	0.52	0.52	0	0	0.37
183000	0.37	0.52	0.52	0	0	0.37
183100	0.37	0.52	0.52	0	0	0.37
183200	0.37	0.52	0.52	0	0	0.37
183300	0.37	0.52	0.52	0	0	0.37
183400	0.37	0.52	0.52	0	0	0.37
183500	0.37	0.52	0.52	0	0	0.37
183600	0.37	0.52	0.52	0	0	0.37
183700	0.37	0.52	0.52	0	0	0.37
183800	0.37	0.52	0.52	0	0	0.37
183900	0.37	0.52	0.52	0	0	0.37
184000	0.37	0.52	0.52	0	0	0.37
184100	0.37	0.52	0.52	0	0	0.37
184200	0.37	0.52	0.52	0	0	0.37
184300	0.37	0.52	0.52	0	0	0.37
184400	0.37	0.52	0.52	0	0	0.37
184500	0.37	0.52	0.52	0	0	0.37
184600	0.37	0.52	0.52	0	0	0.37
184700	0.37	0.52	0.52	0	0	0.37
184800	0.37	0.52	0.52	0	0	0.37
184900	0.37	0.52	0.52	0	0	0.37
185000	0.37	0.53	0.53	0	0	0.37
185100	0.38	0.52	0.52	0	0	0.38
185200	0.37	0.52	0.52	0	0	0.37
185300	0.37	0.52	0.52	0	0	0.37
185400	0.37	0.52	0.52	0	0	0.37
185500	0.37	0.52	0.52	0	0	0.37
185600	0.37	0.52	0.52	0	0	0.37
185700	0.37	0.52	0.52	0	0	0.37
185800	0.37	0.52	0.52	0	0	0.37
185900	0.37	0.52	0.52	0	0	0.37
186000	0.37	0.52	0.52	0	0	0.37
186100	0.37	0.52	0.52	0	0	0.37
186200	0.37	0.52	0.52	0	0	0.37
186300	0.37	0.52	0.52	0	0	0.37
186400	0.37	0.52	0.52	0	0	0.37
186500	0.36	0.52	0.52	0	0	0.36
186600	0.36	0.52	0.52	0	0	0.36
186700	0.36	0.52	0.52	0	0	0.36
186800	0.36	0.52	0.52	0	0	0.36
186900	0.36	0.53	0.53	0	0	0.36
187000	0.36	0.53	0.53	0	0	0.36
187100	0.36	0.53	0.53	0	0	0.36
187200	0.36	0.54	0.54	0	0	0.36
187300	0.36	0.53	0.53	0	0	0.36
187400	0.36	0.53	0.53	0	0	0.36
187500	0.36	0.53	0.53	0	0	0.36
187600	0.36	0.53	0.53	0	0	0.36
187700	0.36	0.53	0.53	0	0	0.36
187800	0.36	0.53	0.53	0	0	0.36
187900	0.36	0.53	0.53	0	0	0.36
188000	0.36	0.53	0.53	0	0	0.36
188100	0.37	0.53	0.53	0	0	0.37
188200	0.37	0.53	0.53	0	0	0.37
188300	0.36	0.53	0.53	0	0	0.36
188400	0.36	0.53	0.53	0	0	0.36
188500	0.36	0.53	0.53	0	0	0.36
188600	0.36	0.53	0.53	0	0	0.36
188700	0.36	0.53	0.53	0	0	0.36
188800	0.36	0.53	0.53	0	0	0.36
188900	0.36	0.53	0.53	0	0	0.36
189000	0.36	0.53	0.53	0	0	0.36
189100	0.36	0.53	0.53	0	0	0.36
189200	0.36	0.53	0.53	0	0	0.36
189300	0.36	0.53	0.53	0	0	0.36
189400	0.36	0.53	0.53	0	0	0.36
189500	0.36	0.53	0.53	0	0	0.36
189600	0.36	0.53	0.53	0	0	0.36
189700	0.36	0.53	0.53	0	0	0.36
189800	0.36	0.53	0.53	0	0	0.36
189900	0.36	0.53	0.53	0	0	0.36
190000	0.36	0.53	0.53	0	0	0.36
190100	0.36	0.53	0.53	0	0	0.36
190200	0.36	0.53	0.53	0	0	0.36
190300	0.36	0.53	0.53	0	0	0.36
190400	0.36	0.53	0.53	0	0	0.36
190500	0.36	0.53	0.53	0	0	0.36
190600	0.36	0.53	0.53	0	0	0.36
190700	0.36	0.53	0.53	0	0	0.36
190800	0.36	0.53	0.53	0	0	0.36
190900	0.36	0.53	0.53	0	0	0.36
191000	0.36	0.53	0.53	0	0	0.36
191100	0.36	0.53	0.53	0	0	0.36
191200	0.36	0.53	0.53	0	0	0.36
191300	0.36	0.53	0.53	0	0	0.36
191400	0.36	0.53	0.53	0	0	0.36
191500	0.36	0.53	0.53	0	0	0.36
191600	0.36	0.53	0.53	0	0	0.36
191700	0.36	0.53	0.53	0	0	0.36
191800	0.36	0.53	0.53	0	0	0.36
191900	0.36	0.53	0.53	0	0	0.36
192000	0.36	0.53	0.53	0	0	0.36
192100	0.36	0.53	0.53	0	0	0.36
192200	0.36	0.53	0.53	0	0	0.36
192300	0.36	0.53	0.53	0	0	0.36
192400	0.36	0.53	0.53	0	0	0.36
192500	0.36	0.53	0.53	0	0	0.36
192600	0.36	0.53	0.53	0	0	0.36
192700	0.36	0.53	0.53	0	0	0.36
192800	0.36	0.53	0.53	0	0	0.36
192900	0.36	0.53	0.53	0	0	0.36
193000	0.36	0.53	0.53	0	0	0.36
193100	0.36	0.53	0.53	0	0	0.36
193200	0.36	0.53	0.53	0	0	0.36
193300	0.36	0.53	0.53	0	0	0.36
193400	0.36	0.53	0.53	0	0	0.36
193500	0.36	0.53	0.53	0	0	0.36
193600	0.36	0.53	0.53	0	0	0.36
193700	0.35	0.53	0.53	0	0	0.35
193800	0.35	0.53	0.53	0	0	0.35
193900	0.35	0.53	0.53	0	0	0.35
194000	0.35	0.53	0.53	0	0	0.35
194100	0.35	0.53	0.53	0	0	0.35
194200	0.35	0.53	0.53	0	0	0.35
194300	0.35	0.53	0.53	0	0	0.35
194400	0.35	0.53	0.53	0	0	0.35
194500	0.35	0.53	0.53	0	0	0.35
194600	0.35	0.53	0.53	0	0	0.35
194700	0.35	0.53	0.53	0	0	0.35
194800	0.35	0.53	0.53	0	0	0.35
194900	0.36	0.53	0.53	0	0	0.36
195000	0.35	0.53	0.53	0	0	0.35
195100	0.35	0.53	0.53	0	0	0.35
195200	0.35	0.53	0.53	0	0	0.35
195300	0.35	0.53	0.53	0	0	0.35
195400	0.35	0.53	0.53	0	0	0.35
195500	0.35	0.53	0.53	0	0	0.35
195600	0.35	0.53	0.53	0	0	0.35
195700	0.36	0.53	0.53	0	0	0.36
195800	0.35	0.53	0.53	0	0	0.35
195900	0.35	0.53	0.53	0	0	0.35
196000	0.35	0.53	0.53	0	0	0.35
196100	0.35	0.53	0.53	0	0	0.35
196200	0.35	0.53	0.53	0	0	0.35
196300	0.35	0.53	0.53	0	0	0.35
196400	0.35	0.53	0.53	0	0	0.35
196500	0.35	0.53	0.53	0	0	0.35
196600	0.35	0.53	0.53	0	0	0.35
196700	0.35	0.53	0.53	0	0	0.35
196800	0.35	0.53	0.53	0	0	0.35
196900	0.35	0.53	0.53	0	0	0.35
197000	0.35	0.53	0.53	0	0	0.35
197100	0.35	0.53	0.53	0	0	0.35
197200	0.35	0.53	0.53	0	0	0.35
197300	0.35	0.53	0.53	0	0	0.35
197400	0.35	0.53	0.53	0	0	0.35
197500	0.35	0.53	0.53	0	0	0.35
197600	0.35	0.53	0.53	0	0	0.35
197700	0.35	0.53	0.53	0	0	0.35
197800	0.35	0.53	0.53	0	0	0.35
197900	0.35	0.53	0.53	0	0	0.35
198000	0.35	0.53	0.53	0	0	0.35
198100	0.35	0.53	0.53	0	0	0.35
198200	0.35	0.53	0.53	0	0	0.35
198300	0.35	0.53	0.53	0	0	0.35
198400	0.35	0.53	0.53	0	0	0.35
198500	0.35	0.53	0.53	0	0	0.35
198600	0.35	0.53	0.53	0	0	0.35
198700	0.35	0.53	0.53	0	0	0.35
198800	0.35	0.53	0.53	0	0	0.35
198900	0.35	0.53	0.53	0	0	0.35
199000	0.35	0.53	0.53	0	0	0.35
199100	0.35	0.53	0.53	0	0	0.35
199200	0.35	0.53	0.53	0	0	0.35
199300	0.35	0.53	0.53	0	0	0.35
199400	0.35	0.53	0.53	0	0	0.35
199500	0.35	0.53	0.53	0	0	0.35
199600	0.35	0.53	0.53	0	0	0.35
199700	0.35	0.53	0.53	0	0	0.35
199800	0.35	0.53	0.53	0	0	0.35
199900	0.35	0.53	0.53	0	0	0.35
200000	0.36	0.53	0.53	0	0	0.36
200100	0.36	0.53	0.53	0	0	0.36
200200	0.36	0.54	0.54	0	0	0.36
200300	0.36	0.54	0.54	0	0	0.36
200400	0.36	0.54	0.54	0	0	0.36
200500	0.36	0.54	0.54	0	0	0.36
200600	0.36	0.54	0.54	0	0	0.36
200700	0.36	0.54	0.54	0	0	0.36
200800	0.36	0.54	0.54	0	0	0.36
200900	0.36	0.54	0.54	0	0	0.36
201000	0.36	0.54	0.54	0	0	0.36
201100	0.36	0.54	0.54	0	0	0.36
201200	0.36	0.54	0.54	0	0	0.36
201300	0.36	0.54	0.54	0	0	0.36
201400	0.37	0.54	0.54	0	0	0.37
201500	0.37	0.54	0.54	0	0	0.37
201600	0.37	0.54	0.54	0	0	0.37
201700	0.37	0.54	0.54	0	0	0.37
201800	0.37	0.54	0.54	0	0	0.37
201900	0.37	0.54	0.54	0	0	0.37
202000	0.37	0.54	0.54	0	0	0.37
202100	0.37	0.54	0.54	0	0	0.37
202200	0.37	0.54	0.54	0	0	0.37
202300	0.37	0.54	0.54	0	0	0.37
202400	0.37	0.54	0.54	0	0	0.37
202500	0.37	0.54	0.54	0	0	0.37
202600	0.37	0.54	0.54	0	0	0.37
202700	0.37	0.54	0.54	0	0	0.37
202800	0.37	0.54	0.54	0	0	0.37
202900	0.37	0.54	0.54	0	0	0.37
203000	0.37	0.54	0.54	0	0	0.37
203100	0.37	0.54	0.54	0	0	0.37
203200	0.37	0.54	0.54	0	0	0.37
203300	0.37	0.54	0.54	0	0	0.37
203400	0.37	0.54	0.54	0	0	0.37
203500	0.37	0.54	0.54	0	0	0.37
203600	0.37	0.54	0.54	0	0	0.37
203700	0.37	0.54	0.54	0	0	0.37
203800	0.37	0.54	0.54	0	0	0.37
203900	0.37	0.54	0.54	0	0	0.37
204000	0.37	0.54	0.54	0	0	0.37
204100	0.37	0.54	0.54	0	0	0.37
204200	0.37	0.54	0.54	0	0	0.37
204300	0.37	0.54	0.54	0	0	0.37
204400	0.37	0.54	0.54	0	0	0.37
204500	0.37	0.54	0.54	0	0	0.37
204600	0.37	0.54	0.54	0	0	0.37
204700	0.37	0.54	0.54	0	0	0.37
204800	0.37	0.54	0.54	0	0	0.37
204900	0.37	0.54	0.54	0	0	0.37
205000	0.37	0.54	0.54	0	0	0.37
205100	0.37	0.54	0.54	0	0	0.37
205200	0.37	0.54	0.54	0	0	0.37
205300	0.37	0.54	0.54	0	0	0.37
205400	0.37	0.54	0.54	0	0	0.37
205500	0.37	0.54	0.54	0	0	0.37
205600	0.37	0.54	0.54	0	0	0.37
205700	0.37	0.54	0.54	0	0	0.37
205800	0.37	0.54	0.54	0	0	0.37
205900	0.37	0.54	0.54	0	0	0.37
206000	0.37	0.54	0.54	0	0	0.37
206100	0.37	0.54	0.54	0	0	0.37
206200	0.37	0.54	0.54	0	0	0.37
206300	0.37	0.54	0.54	0	0	0.37
206400	0.37	0.54	0.54	0	0	0.37
206500	0.37	0.54	0.54	0	0	0.37
206600	0.37	0.54	0.54	0	0	0.37
206700	0.37	0.54	0.54	0	0	0.37
206800	0.37	0.54	0.54	0	0	0.37
206900	0.37	0.54	0.54	0	0	0.37
207000	0.37	0.54	0.54	0	0	0.37
207100	0.37	0.54	0.54	0	0	0.37
207200	0.37	0.54	0.54	0	0	0.37
207300	0.37	0.54	0.54	0	0	0.37
207400	0.37	0.54	0.54	0	0	0.37
207500	0.37	0.54	0.54	0	0	0.37
207600	0.37	0.54	0.54	0	0	0.37
207700	0.37	0.54	0.54	0	0	0.37
207800	0.37	0.54	0.54	0	0	0.37
207900	0.37	0.54	0.54	0	0	0.37
208000	0.37	0.54	0.54	0	0	0.37
208100	0.37	0.54	0.54	0	0	0.37
208200	0.37	0.54	0.54	0	0	0.37
208300	0.37	0.54	0.54	0	0	0.37
208400	0.37	0.54	0.54	0	0	0.37
208500	0.37	0.54	0.54	0	0	0.37
208600	0.37	0.54	0.54	0	0	0.37
208700	0.37	0.54	0.54	0	0	0.37
208800	0.37	0.54	0.54	0	0	0.37
208900	0.37	0.54	0.54	0	0	0.37
209000	0.37	0.54	0.54	0	0	0.37
209100	0.37	0.54	0.54	0	0	0.37
209200	0.37	0.54	0.54	0	0	0.37
209300	0.37	0.54	0.54	0	0	0.37
209400	0.37	0.54	0.54	0	0	0.37
209500	0.37	0.54	0.54	0	0	0.37
209600	0.37	0.54	0.54	0	0	0.37
209700	0.37	0.54	0.54	0	0	0.37
209800	0.37	0.54	0.54	0	0	0.37
209900	0.37	0.54	0.54	0	0	0.37
210000	0.36	0.54	0.54	0	0	0.36
210100	0.36	0.54	0.54	0	0	0.36
210200	0.36	0.54	0.54	0	0	0.36
210300	0.36	0.54	0.54	0	0	0.36
210400	0.36	0.54	0.54	0	0	0.36
210500	0.36	0.54	0.54	0	0	0.36
210600	0.36	0.54	0.54	0	0	0.36
210700	0.36	0.54	0.54	0	0	0.36
210800	0.36	0.54	0.54	0	0	0.36
210900	0.36	0.54	0.54	0	0	0.36
211000	0.36	0.54	0.54	0	0	0.36
211100	0.36	0.54	0.54	0	0	0.36
211200	0.36	0.54	0.54	0	0	0.36
211300	0.36	0.54	0.54	0	0	0.36
211400	0.36	0.54	0.54	0	0	0.36
211500	0.36	0.54	0.54	0	0	0.36
211600	0.36	0.54	0.54	0	0	0.36
211700	0.36	0.54	0.54	0	0	0.36
211800	0.35	0.54	0.54	0	0	0.35
211900	0.35	0.54	0.54	0	0	0.35
212000	0.35	0.54	0.54	0	0	0.35
212100	0.35	0.54	0.54	0	0	0.35
212200	0.35	0.54	0.54	0	0	0.35
212300	0.35	0.54	0.54	0	0	0.35
212400	0.35	0.54	0.54	0	0	0.35
212500	0.35	0.54	0.54	0	0	0.35
212600	0.35	0.54	0.54	0	0	0.35
212700	0.35	0.54	0.54	0	0	0.35
212800	0.35	0.54	0.54	0	0	0.35
212900	0.35	0.54	0.54	0	0	0.35
213000	0.35	0.54	0.54	0	0	0.35
213100	0.35	0.54	0.54	0	0	0.35
213200	0.35	0.54	0.54	0	0	0.35
213300	0.35	0.54	0.54	0	0	0.35
213400	0.35	0.54	0.54	0	0	0.35
213500	0.35	0.54	0.54	0	0	0.35
213600	0.35	0.54	0.54	0	0	0.35
213700	0.35	0.54	0.54	0	0	0.35
213800	0.35	0.54	0.54	0	0	0.35
213900	0.35	0.54	0.54	0	0	0.35
214000	0.35	0.54	0.54	0	0	0.35
214100	0.35	0.54	0.54	0	0	0.35
214200	0.35	0.54	0.54	0	0	0.35
214300	0.35	0.54	0.54	0	0	0.35
214400	0.35	0.54	0.54	0	0	0.35
214500	0.35	0.54	0.54	0	0	0.35
214600	0.35	0.54	0.54	0	0	0.35
214700	0.35	0.54	0.54	0	0	0.35
214800	0.35	0.54	0.54	0	0	0.35
214900	0.35	0.54	0.54	0	0	0.35
215000	0.35	0.54	0.54	0	0	0.35
215100	0.35	0.54	0.54	0	0	0.35
215200	0.35	0.54	0.54	0	0	0.35
215300	0.35	0.54	0.54	0	0	0.35
215400	0.35	0.54	0.54	0	0	0.35
215500	0.35	0.54	0.54	0	0	0.35
215600	0.35	0.54	0.54	0	0	0.35
215700	0.35	0.54	0.54	0	0	0.35
215800	0.35	0.54	0.54	0	0	0.35
215900	0.35	0.54	0.54	0	0	0.35
216000	0.35	0.54	0.54	0	0	0.35
216100	0.35	0.54	0.54	0	0	0.35
216200	0.35	0.54	0.54	0	0	0.35
216300	0.35	0.54	0.54	0	0	0.35
216400	0.35	0.54	0.54	0	0	0.35
216500	0.35	0.53	0.53	0	0	0.35
216600	0.35	0.53	0.53	0	0	0.35
216700	0.35	0.53	0.53	0	0	0.35
216800	0.35	0.53	0.53	0	0	0.35
216900	0.35	0.53	0.53	0	0	0.35
217000	0.35	0.53	0.53	0	0	0.35
217100	0.35	0.53	0.53	0	0	0.35
217200	0.35	0.53	0.53	0	0	0.35
217300	0.35	0.53	0.53	0	0	0.35
217400	0.35	0.53	0.53	0	0	0.35
217500	0.35	0.53	0.53	0	0	0.35
217600	0.35	0.53	0.53	0	0	0.35
217700	0.35	0.53	0.53	0	0	0.35
217800	0.35	0.53	0.53	0	0	0.35
217900	0.35	0.53	0.53	0	0	0.35
218000	0.35	0.53	0.53	0	0	0.35
218100	0.35	0.53	0.53	0	0	0.35
218200	0.35	0.53	0.53	0	0	0.35
218300	0.35	0.53	0.53	0	0	0.35
218400	0.35	0.53	0.53	0	0	0.35
218500	0.35	0.53	0.53	0	0	0.35
218600	0.35	0.53	0.53	0	0	0.35
218700	0.35	0.53	0.53	0	0	0.35
218800	0.35	0.53	0.53	0	0	0.35
218900	0.35	0.53	0.53	0	0	0.35
219000	0.35	0.53	0.53	0	0	0.35
219100	0.35	0.53	0.53	0	0	0.35
219200	0.35	0.54	0.54	0	0	0.35
219300	0.35	0.53	0.53	0	0	0.35
219400	0.35	0.53	0.53	0	0	0.35
219500	0.35	0.53	0.53	0	0	0.35
219600	0.35	0.53	0.53	0	0	0.35
219700	0.35	0.53	0.53	0	0	0.35
219800	0.35	0.53	0.53	0	0	0.35
219900	0.35	0.53	0.53	0	0	0.35
220000	0.35	0.53	0.53	0	0	0.35
220100	0.35	0.53	0.53	0	0	0.35
220200	0.35	0.53	0.53	0	0	0.35
220300	0.36	0.53	0.53	0	0	0.36
220400	0.36	0.53	0.53	0	0	0.36
220500	0.36	0.53	0.53	0	0	0.36
220600	0.37	0.53	0.53	0	0	0.37
220700	0.35	0.53	0.53	0	0	0.35
220800	0.35	0.53	0.53	0	0	0.35
220900	0.35	0.53	0.53	0	0	0.35
221000	0.35	0.53	0.53	0	0	0.35
221100	0.35	0.53	0.53	0	0	0.35
221200	0.35	0.53	0.53	0	0	0.35
221300	0.35	0.53	0.53	0	0	0.35
221400	0.35	0.53	0.53	0	0	0.35
221500	0.35	0.53	0.53	0	0	0.35
221600	0.35	0.53	0.53	0	0	0.35
221700	0.35	0.53	0.53	0	0	0.35
221800	0.35	0.53	0.53	0	0	0.35
221900	0.35	0.53	0.53	0	0	0.35
222000	0.35	0.53	0.53	0	0	0.35
222100	0.35	0.53	0.53	0	0	0.35
222200	0.35	0.53	0.53	0	0	0.35
222300	0.35	0.53	0.53	0	0	0.35
222400	0.35	0.54	0.54	0	0	0.35
222500	0.35	0.54	0.54	0	0	0.35
222600	0.35	0.54	0.54	0	0	0.35
222700	0.35	0.54	0.54	0	0	0.35
222800	0.35	0.54	0.54	0	0	0.35
222900	0.35	0.54	0.54	0	0	0.35
223000	0.35	0.54	0.54	0	0	0.35
223100	0.35	0.54	0.54	0	0	0.35
223200	0.35	0.54	0.54	0	0	0.35
223300	0.35	0.54	0.54	0	0	0.35
223400	0.35	0.54	0.54	0	0	0.35
223500	0.35	0.54	0.54	0	0	0.35
223600	0.35	0.54	0.54	0	0	0.35
223700	0.35	0.54	0.54	0	0	0.35
223800	0.35	0.54	0.54	0	0	0.35
223900	0.35	0.54	0.54	0	0	0.35
224000	0.35	0.54	0.54	0	0	0.35
224100	0.35	0.54	0.54	0	0	0.35
224200	0.35	0.54	0.54	0	0	0.35
224300	0.35	0.54	0.54	0	0	0.35
224400	0.35	0.54	0.54	0	0	0.35
224500	0.35	0.54	0.54	0	0	0.35
224600	0.35	0.54	0.54	0	0	0.35
224700	0.35	0.54	0.54	0	0	0.35
224800	0.35	0.54	0.54	0	0	0.35
224900	0.35	0.54	0.54	0	0	0.35
225000	0.35	0.54	0.54	0	0	0.35
225100	0.35	0.54	0.54	0	0	0.35
225200	0.35	0.54	0.54	0	0	0.35
225300	0.35	0.54	0.54	0	0	0.35
225400	0.35	0.54	0.54	0	0	0.35
225500	0.35	0.54	0.54	0	0	0.35
225600	0.35	0.54	0.54	0	0	0.35
225700	0.35	0.54	0.54	0	0	0.35
225800	0.35	0.55	0.55	0	0	0.35
225900	0.35	0.54	0.54	0	0	0.35
226000	0.35	0.54	0.54	0	0	0.35
226100	0.35	0.54	0.54	0	0	0.35
226200	0.35	0.54	0.54	0	0	0.35
226300	0.35	0.54	0.54	0	0	0.35
226400	0.35	0.54	0.54	0	0	0.35
226500	0.35	0.54	0.54	0	0	0.35
226600	0.36	0.54	0.54	0	0	0.36
226700	0.35	0.54	0.54	0	0	0.35
226800	0.35	0.54	0.54	0	0	0.35
226900	0.35	0.54	0.54	0	0	0.35
227000	0.35	0.54	0.54	0	0	0.35
227100	0.36	0.54	0.54	0	0	0.36
227200	0.36	0.54	0.54	0	0	0.36
227300	0.36	0.54	0.54	0	0	0.36
227400	0.36	0.54	0.54	0	0	0.36
227500	0.36	0.54	0.54	0	0	0.36
227600	0.36	0.54	0.54	0	0	0.36
227700	0.36	0.54	0.54	0	0	0.36
227800	0.35	0.54	0.54	0	0	0.35
227900	0.35	0.54	0.54	0	0	0.35
228000	0.35	0.54	0.54	0	0	0.35
228100	0.35	0.54	0.54	0	0	0.35
228200	0.35	0.54	0.54	0	0	0.35
228300	0.35	0.54	0.54	0	0	0.35
228400	0.35	0.54	0.54	0	0	0.35
228500	0.35	0.54	0.54	0	0	0.35
228600	0.35	0.54	0.54	0	0	0.35
228700	0.35	0.54	0.54	0	0	0.35
228800	0.35	0.54	0.54	0	0	0.35
228900	0.35	0.54	0.54	0	0	0.35
229000	0.35	0.54	0.54	0	0	0.35
229100	0.35	0.54	0.54	0	0	0.35
229200	0.35	0.54	0.54	0	0	0.35
229300	0.35	0.54	0.54	0	0	0.35
229400	0.35	0.54	0.54	0	0	0.35
229500	0.35	0.54	0.54	0	0	0.35
229600	0.35	0.54	0.54	0	0	0.35
229700	0.35	0.54	0.54	0	0	0.35
229800	0.35	0.54	0.54	0	0	0.35
229900	0.35	0.54	0.54	0	0	0.35
230000	0.35	0.54	0.54	0	0	0.35
230100	0.35	0.54	0.54	0	0	0.35
230200	0.35	0.54	0.54	0	0	0.35
230300	0.35	0.54	0.54	0	0	0.35
230400	0.35	0.54	0.54	0	0	0.35
230500	0.35	0.54	0.54	0	0	0.35
230600	0.35	0.54	0.54	0	0	0.35
230700	0.35	0.54	0.54	0	0	0.35
230800	0.35	0.54	0.54	0	0	0.35
230900	0.35	0.54	0.54	0	0	0.35
231000	0.35	0.54	0.54	0	0	0.35
231100	0.35	0.54	0.54	0	0	0.35
231200	0.35	0.54	0.54	0	0	0.35
231300	0.35	0.54	0.54	0	0	0.35
231400	0.35	0.54	0.54	0	0	0.35
231500	0.35	0.54	0.54	0	0	0.35
231600	0.35	0.54	0.54	0	0	0.35
231700	0.35	0.54	0.54	0	0	0.35
231800	0.35	0.54	0.54	0	0	0.35
231900	0.35	0.54	0.54	0	0	0.35
232000	0.35	0.54	0.54	0	0	0.35
232100	0.35	0.54	0.54	0	0	0.35
232200	0.35	0.54	0.54	0	0	0.35
232300	0.35	0.54	0.54	0	0	0.35
232400	0.35	0.54	0.54	0	0	0.35
232500	0.35	0.54	0.54	0	0	0.35
232600	0.35	0.54	0.54	0	0	0.35
232700	0.35	0.54	0.54	0	0	0.35
232800	0.35	0.54	0.54	0	0	0.35
232900	0.35	0.54	0.54	0	0	0.35
233000	0.35	0.55	0.55	0	0	0.35
233100	0.35	0.54	0.54	0	0	0.35
233200	0.35	0.54	0.54	0	0	0.35
233300	0.35	0.54	0.54	0	0	0.35
233400	0.35	0.54	0.54	0	0	0.35
233500	0.35	0.54	0.54	0	0	0.35
233600	0.35	0.54	0.54	0	0	0.35
233700	0.35	0.54	0.54	0	0	0.35
233800	0.35	0.54	0.54	0	0	0.35
233900	0.35	0.54	0.54	0	0	0.35
234000	0.35	0.54	0.54	0	0	0.35
234100	0.35	0.54	0.54	0	0	0.35
234200	0.35	0.54	0.54	0	0	0.35
234300	0.34	0.54	0.54	0	0	0.34
234400	0.34	0.54	0.54	0	0	0.34
234500	0.34	0.54	0.54	0	0	0.34
234600	0.34	0.54	0.54	0	0	0.34
234700	0.34	0.54	0.54	0	0	0.34
234800	0.34	0.54	0.54	0	0	0.34
234900	0.34	0.54	0.54	0	0	0.34
235000	0.34	0.54	0.54	0	0	0.34
235100	0.34	0.54	0.54	0	0	0.34
235200	0.34	0.54	0.54	0	0	0.34
235300	0.34	0.54	0.54	0	0	0.34
235400	0.34	0.54	0.54	0	0	0.34
235500	0.34	0.54	0.54	0	0	0.34
235600	0.34	0.54	0.54	0	0	0.34
235700	0.34	0.54	0.54	0	0	0.34
235800	0.34	0.54	0.54	0	0	0.34
235900	0.34	0.54	0.54	0	0	0.34
236000	0.34	0.54	0.54	0	0	0.34
236100	0.34	0.54	0.54	0	0	0.34
236200	0.34	0.54	0.54	0	0	0.34
236300	0.34	0.54	0.54	0	0	0.34
236400	0.34	0.54	0.54	0	0	0.34
236500	0.34	0.54	0.54	0	0	0.34
236600	0.34	0.54	0.54	0	0	0.34
236700	0.34	0.54	0.54	0	0	0.34
236800	0.34	0.54	0.54	0	0	0.34
236900	0.34	0.54	0.54	0	0	0.34
237000	0.34	0.54	0.54	0	0	0.34
237100	0.34	0.54	0.54	0	0	0.34
237200	0.34	0.54	0.54	0	0	0.34
237300	0.34	0.54	0.54	0	0	0.34
237400	0.34	0.54	0.54	0	0	0.34
237500	0.34	0.54	0.54	0	0	0.34
237600	0.34	0.54	0.54	0	0	0.34
237700	0.34	0.54	0.54	0	0	0.34
237800	0.34	0.54	0.54	0	0	0.34
237900	0.34	0.54	0.54	0	0	0.34
238000	0.34	0.54	0.54	0	0	0.34
238100	0.34	0.54	0.54	0	0	0.34
238200	0.34	0.54	0.54	0	0	0.34
238300	0.34	0.54	0.54	0	0	0.34
238400	0.34	0.54	0.54	0	0	0.34
238500	0.34	0.54	0.54	0	0	0.34
238600	0.34	0.54	0.54	0	0	0.34
238700	0.34	0.54	0.54	0	0	0.34
238800	0.34	0.54	0.54	0	0	0.34
238900	0.34	0.54	0.54	0	0	0.34
239000	0.34	0.54	0.54	0	0	0.34
239100	0.34	0.54	0.54	0	0	0.34
239200	0.34	0.54	0.54	0	0	0.34
239300	0.34	0.54	0.54	0	0	0.34
239400	0.35	0.54	0.54	0	0	0.35
239500	0.35	0.53	0.53	0	0	0.35
239600	0.35	0.53	0.53	0	0	0.35
239700	0.35	0.53	0.53	0	0	0.35
239800	0.35	0.53	0.53	0	0	0.35
239900	0.34	0.53	0.53	0	0	0.34
240000	0.34	0.53	0.53	0	0	0.34
240100	0.34	0.53	0.53	0	0	0.34
240200	0.34	0.53	0.53	0	0	0.34
240300	0.34	0.53	0.53	0	0	0.34
240400	0.34	0.53	0.53	0	0	0.34
240500	0.34	0.53	0.53	0	0	0.34
240600	0.34	0.53	0.53	0	0	0.34
240700	0.34	0.53	0.53	0	0	0.34
240800	0.35	0.53	0.53	0	0	0.35
240900	0.35	0.53	0.53	0	0	0.35
241000	0.35	0.53	0.53	0	0	0.35
241100	0.35	0.53	0.53	0	0	0.35
241200	0.35	0.53	0.53	0	0	0.35
241300	0.35	0.53	0.53	0	0	0.35
241400	0.35	0.53	0.53	0	0	0.35
241500	0.35	0.54	0.54	0	0	0.35
241600	0.35	0.54	0.54	0	0	0.35
241700	0.36	0.54	0.54	0	0	0.36
241800	0.36	0.54	0.54	0	0	0.36
241900	0.36	0.54	0.54	0	0	0.36
242000	0.36	0.54	0.54	0	0	0.36
242100	0.35	0.54	0.54	0	0	0.35
242200	0.35	0.54	0.54	0	0	0.35
242300	0.35	0.54	0.54	0	0	0.35
242400	0.35	0.54	0.54	0	0	0.35
242500	0.35	0.54	0.54	0	0	0.35
242600	0.35	0.54	0.54	0	0	0.35
242700	0.35	0.54	0.54	0	0	0.35
242800	0.36	0.54	0.54	0	0	0.36
242900	0.36	0.53	0.53	0	0	0.36
243000	0.36	0.53	0.53	0	0	0.36
243100	0.36	0.53	0.53	0	0	0.36
243200	0.36	0.53	0.53	0	0	0.36
243300	0.36	0.53	0.53	0	0	0.36
243400	0.36	0.53	0.53	0	0	0.36
243500	0.35	0.53	0.53	0	0	0.35
243600	0.35	0.53	0.53	0	0	0.35
243700	0.35	0.53	0.53	0	0	0.35
243800	0.35	0.53	0.53	0	0	0.35
243900	0.35	0.53	0.53	0	0	0.35
244000	0.35	0.53	0.53	0	0	0.35
244100	0.35	0.54	0.54	0	0	0.35
244200	0.35	0.54	0.54	0	0	0.35
244300	0.36	0.54	0.54	0	0	0.36
244400	0.36	0.54	0.54	0	0	0.36
244500	0.36	0.54	0.54	0	0	0.36
244600	0.36	0.54	0.54	0	0	0.36
244700	0.36	0.54	0.54	0	0	0.36
244800	0.35	0.54	0.54	0	0	0.35
244900	0.35	0.54	0.54	0	0	0.35
245000	0.35	0.54	0.54	0	0	0.35
245100	0.35	0.54	0.54	0	0	0.35
245200	0.35	0.54	0.54	0	0	0.35
245300	0.34	0.54	0.54	0	0	0.34
245400	0.34	0.54	0.54	0	0	0.34
245500	0.34	0.54	0.54	0	0	0.34
245600	0.34	0.54	0.54	0	0	0.34
245700	0.34	0.54	0.54	0	0	0.34
245800	0.34	0.54	0.54	0	0	0.34
245900	0.34	0.54	0.54	0	0	0.34
246000	0.34	0.54	0.54	0	0	0.34
246100	0.34	0.54	0.54	0	0	0.34
246200	0.34	0.54	0.54	0	0	0.34
246300	0.34	0.54	0.54	0	0	0.34
246400	0.34	0.54	0.54	0	0	0.34
246500	0.34	0.54	0.54	0	0	0.34
246600	0.34	0.54	0.54	0	0	0.34
246700	0.34	0.54	0.54	0	0	0.34
246800	0.34	0.54	0.54	0	0	0.34
246900	0.34	0.54	0.54	0	0	0.34
247000	0.34	0.54	0.54	0	0	0.34
247100	0.34	0.54	0.54	0	0	0.34
247200	0.34	0.54	0.54	0	0	0.34
247300	0.34	0.54	0.54	0	0	0.34
247400	0.34	0.54	0.54	0	0	0.34
247500	0.34	0.54	0.54	0	0	0.34
247600	0.34	0.55	0.55	0	0	0.34
247700	0.34	0.55	0.55	0	0	0.34
247800	0.34	0.55	0.55	0	0	0.34
247900	0.34	0.55	0.55	0	0	0.34
248000	0.34	0.55	0.55	0	0	0.34
248100	0.34	0.55	0.55	0	0	0.34
248200	0.34	0.55	0.55	0	0	0.34
248300	0.34	0.55	0.55	0	0	0.34
248400	0.34	0.55	0.55	0	0	0.34
248500	0.34	0.55	0.55	0	0	0.34
248600	0.34	0.55	0.55	0	0	0.34
248700	0.34	0.55	0.55	0	0	0.34
248800	0.34	0.55	0.55	0	0	0.34
248900	0.34	0.55	0.55	0	0	0.34
249000	0.34	0.55	0.55	0	0	0.34
249100	0.34	0.55	0.55	0	0	0.34
249200	0.34	0.55	0.55	0	0	0.34
249300	0.34	0.56	0.56	0	0	0.34
249400	0.34	0.55	0.55	0	0	0.34
249500	0.34	0.55	0.55	0	0	0.34
249600	0.34	0.55	0.55	0	0	0.34
249700	0.34	0.55	0.55	0	0	0.34
249800	0.35	0.55	0.55	0	0	0.35
249900	0.35	0.55	0.55	0	0	0.35
250000	0.35	0.55	0.55	0	0	0.35
250100	0.35	0.55	0.55	0	0	0.35
250200	0.35	0.55	0.55	0	0	0.35
250300	0.36	0.55	0.55	0	0	0.36
250400	0.35	0.55	0.55	0	0	0.35
250500	0.34	0.55	0.55	0	0	0.34
250600	0.34	0.55	0.55	0	0	0.34
250700	0.34	0.55	0.55	0	0	0.34
250800	0.34	0.55	0.55	0	0	0.34
250900	0.34	0.55	0.55	0	0	0.34
251000	0.34	0.55	0.55	0	0	0.34
251100	0.34	0.55	0.55	0	0	0.34
251200	0.34	0.55	0.55	0	0	0.34
251300	0.34	0.55	0.55	0	0	0.34
251400	0.34	0.55	0.55	0	0	0.34
251500	0.34	0.55	0.55	0	0	0.34
251600	0.34	0.55	0.55	0	0	0.34
251700	0.34	0.55	0.55	0	0	0.34
251800	0.34	0.54	0.54	0	0	0.34
251900	0.34	0.54	0.54	0	0	0.34
252000	0.34	0.54	0.54	0	0	0.34
252100	0.34	0.54	0.54	0	0	0.34
252200	0.34	0.54	0.54	0	0	0.34
252300	0.34	0.54	0.54	0	0	0.34
252400	0.35	0.54	0.54	0	0	0.35
252500	0.35	0.54	0.54	0	0	0.35
252600	0.34	0.54	0.54	0	0	0.34
252700	0.34	0.54	0.54	0	0	0.34
252800	0.34	0.54	0.54	0	0	0.34
252900	0.35	0.54	0.54	0	0	0.35
253000	0.35	0.54	0.54	0	0	0.35
253100	0.35	0.54	0.54	0	0	0.35
253200	0.35	0.54	0.54	0	0	0.35
253300	0.35	0.54	0.54	0	0	0.35
253400	0.35	0.54	0.54	0	0	0.35
253500	0.35	0.54	0.54	0	0	0.35
253600	0.35	0.54	0.54	0	0	0.35
253700	0.35	0.54	0.54	0	0	0.35
253800	0.35	0.54	0.54	0	0	0.35
253900	0.35	0.54	0.54	0	0	0.35
254000	0.35	0.54	0.54	0	0	0.35
254100	0.35	0.54	0.54	0	0	0.35
254200	0.35	0.54	0.54	0	0	0.35
254300	0.35	0.53	0.53	0	0	0.35
254400	0.35	0.53	0.53	0	0	0.35
254500	0.35	0.53	0.53	0	0	0.35
254600	0.35	0.53	0.53	0	0	0.35
254700	0.35	0.53	0.53	0	0	0.35
254800	0.35	0.53	0.53	0	0	0.35
254900	0.35	0.53	0.53	0	0	0.35
255000	0.35	0.53	0.53	0	0	0.35
255100	0.36	0.53	0.53	0	0	0.36
255200	0.36	0.53	0.53	0	0	0.36
255300	0.36	0.53	0.53	0	0	0.36
255400	0.36	0.53	0.53	0	0	0.36
255500	0.36	0.53	0.53	0	0	0.36
255600	0.36	0.53	0.53	0	0	0.36
255700	0.36	0.53	0.53	0	0	0.36
255800	0.36	0.53	0.53	0	0	0.36
255900	0.36	0.53	0.53	0	0	0.36
256000	0.36	0.53	0.53	0	0	0.36
256100	0.36	0.53	0.53	0	0	0.36
256200	0.36	0.53	0.53	0	0	0.36
256300	0.36	0.53	0.53	0	0	0.36
256400	0.36	0.53	0.53	0	0	0.36
256500	0.36	0.53	0.53	0	0	0.36
256600	0.36	0.53	0.53	0	0	0.36
256700	0.36	0.53	0.53	0	0	0.36
256800	0.36	0.53	0.53	0	0	0.36
256900	0.36	0.53	0.53	0	0	0.36
257000	0.36	0.53	0.53	0	0	0.36
257100	0.36	0.53	0.53	0	0	0.36
257200	0.36	0.53	0.53	0	0	0.36
257300	0.36	0.53	0.53	0	0	0.36
257400	0.36	0.53	0.53	0	0	0.36
257500	0.36	0.53	0.53	0	0	0.36
257600	0.36	0.53	0.53	0	0	0.36
257700	0.36	0.53	0.53	0	0	0.36
257800	0.36	0.53	0.53	0	0	0.36
257900	0.36	0.53	0.53	0	0	0.36
258000	0.36	0.53	0.53	0	0	0.36
258100	0.36	0.53	0.53	0	0	0.36
258200	0.36	0.53	0.53	0	0	0.36
258300	0.36	0.53	0.53	0	0	0.36
258400	0.36	0.53	0.53	0	0	0.36
258500	0.36	0.53	0.53	0	0	0.36
258600	0.36	0.53	0.53	0	0	0.36
258700	0.36	0.53	0.53	0	0	0.36
258800	0.36	0.53	0.53	0	0	0.36
258900	0.36	0.53	0.53	0	0	0.36
259000	0.36	0.53	0.53	0	0	0.36
259100	0.36	0.53	0.53	0	0	0.36
259200	0.36	0.53	0.53	0	0	0.36
259300	0.36	0.53	0.53	0	0	0.36
259400	0.36	0.53	0.53	0	0	0.36
259500	0.36	0.53	0.53	0	0	0.36
259600	0.36	0.53	0.53	0	0	0.36
259700	0.36	0.53	0.53	0	0	0.36
259800	0.36	0.53	0.53	0	0	0.36
259900	0.36	0.53	0.53	0	0	0.36
260000	0.36	0.53	0.53	0	0	0.36
260100	0.36	0.53	0.53	0	0	0.36
260200	0.35	0.53	0.53	0	0	0.35
260300	0.34	0.53	0.53	0	0	0.34
260400	0.34	0.53	0.53	0	0	0.34
260500	0.34	0.53	0.53	0	0	0.34
260600	0.34	0.53	0.53	0	0	0.34
260700	0.34	0.54	0.54	0	0	0.34
260800	0.35	0.54	0.54	0	0	0.35
260900	0.35	0.54	0.54	0	0	0.35
261000	0.35	0.54	0.54	0	0	0.35
261100	0.35	0.54	0.54	0	0	0.35
261200	0.35	0.54	0.54	0	0	0.35
261300	0.35	0.54	0.54	0	0	0.35
261400	0.35	0.54	0.54	0	0	0.35
261500	0.35	0.54	0.54	0	0	0.35
261600	0.35	0.54	0.54	0	0	0.35
261700	0.35	0.54	0.54	0	0	0.35
261800	0.35	0.54	0.54	0	0	0.35
261900	0.35	0.54	0.54	0	0	0.35
262000	0.35	0.54	0.54	0	0	0.35
262100	0.35	0.54	0.54	0	0	0.35
262200	0.35	0.54	0.54	0	0	0.35
262300	0.35	0.54	0.54	0	0	0.35
262400	0.35	0.54	0.54	0	0	0.35
262500	0.35	0.54	0.54	0	0	0.35
262600	0.35	0.54	0.54	0	0	0.35
262700	0.35	0.54	0.54	0	0	0.35
262800	0.35	0.54	0.54	0	0	0.35
262900	0.35	0.54	0.54	0	0	0.35
263000	0.35	0.54	0.54	0	0	0.35
263100	0.35	0.55	0.55	0	0	0.35
263200	0.35	0.54	0.54	0	0	0.35
263300	0.35	0.54	0.54	0	0	0.35
263400	0.35	0.54	0.54	0	0	0.35
263500	0.35	0.54	0.54	0	0	0.35
263600	0.35	0.54	0.54	0	0	0.35
263700	0.35	0.54	0.54	0	0	0.35
263800	0.35	0.54	0.54	0	0	0.35
263900	0.35	0.54	0.54	0	0	0.35
264000	0.35	0.54	0.54	0	0	0.35
264100	0.35	0.54	0.54	0	0	0.35
264200	0.35	0.54	0.54	0	0	0.35
264300	0.35	0.54	0.54	0	0	0.35
264400	0.35	0.54	0.54	0	0	0.35
264500	0.35	0.54	0.54	0	0	0.35
264600	0.35	0.54	0.54	0	0	0.35
264700	0.35	0.54	0.54	0	0	0.35
264800	0.35	0.54	0.54	0	0	0.35
264900	0.35	0.54	0.54	0	0	0.35
265000	0.35	0.54	0.54	0	0	0.35
265100	0.35	0.54	0.54	0	0	0.35
265200	0.35	0.54	0.54	0	0	0.35
265300	0.35	0.54	0.54	0	0	0.35
265400	0.35	0.54	0.54	0	0	0.35
265500	0.35	0.54	0.54	0	0	0.35
265600	0.35	0.54	0.54	0	0	0.35
265700	0.35	0.54	0.54	0	0	0.35
265800	0.35	0.54	0.54	0	0	0.35
265900	0.35	0.54	0.54	0	0	0.35
266000	0.35	0.54	0.54	0	0	0.35
266100	0.35	0.54	0.54	0	0	0.35
266200	0.35	0.54	0.54	0	0	0.35
266300	0.35	0.54	0.54	0	0	0.35
266400	0.35	0.54	0.54	0	0	0.35
266500	0.35	0.54	0.54	0	0	0.35
266600	0.35	0.54	0.54	0	0	0.35
266700	0.35	0.54	0.54	0	0	0.35
266800	0.35	0.54	0.54	0	0	0.35
266900	0.35	0.54	0.54	0	0	0.35
267000	0.35	0.54	0.54	0	0	0.35
267100	0.35	0.54	0.54	0	0	0.35
267200	0.35	0.54	0.54	0	0	0.35
267300	0.35	0.54	0.54	0	0	0.35
267400	0.35	0.54	0.54	0	0	0.35
267500	0.35	0.54	0.54	0	0	0.35
267600	0.36	0.54	0.54	0	0	0.36
267700	0.36	0.54	0.54	0	0	0.36
267800	0.36	0.54	0.54	0	0	0.36
267900	0.36	0.55	0.55	0	0	0.36
268000	0.36	0.54	0.54	0	0	0.36
268100	0.36	0.54	0.54	0	0	0.36
268200	0.36	0.54	0.54	0	0	0.36
268300	0.36	0.54	0.54	0	0	0.36
268400	0.36	0.54	0.54	0	0	0.36
268500	0.36	0.54	0.54	0	0	0.36
268600	0.36	0.54	0.54	0	0	0.36
268700	0.36	0.54	0.54	0	0	0.36
268800	0.36	0.54	0.54	0	0	0.36
268900	0.36	0.54	0.54	0	0	0.36
269000	0.36	0.54	0.54	0	0	0.36
269100	0.36	0.54	0.54	0	0	0.36
269200	0.36	0.54	0.54	0	0	0.36
269300	0.36	0.53	0.53	0	0	0.36
269400	0.36	0.53	0.53	0	0	0.36
269500	0.35	0.53	0.53	0	0	0.35
269600	0.35	0.53	0.53	0	0	0.35
269700	0.35	0.53	0.53	0	0	0.35
269800	0.35	0.53	0.53	0	0	0.35
269900	0.35	0.53	0.53	0	0	0.35
270000	0.35	0.53	0.53	0	0	0.35
270100	0.35	0.53	0.53	0	0	0.35
270200	0.35	0.53	0.53	0	0	0.35
270300	0.35	0.53	0.53	0	0	0.35
270400	0.35	0.53	0.53	0	0	0.35
270500	0.35	0.53	0.53	0	0	0.35
270600	0.35	0.53	0.53	0	0	0.35
270700	0.35	0.53	0.53	0	0	0.35
270800	0.35	0.53	0.53	0	0	0.35
270900	0.35	0.53	0.53	0	0	0.35
271000	0.35	0.53	0.53	0	0	0.35
271100	0.35	0.53	0.53	0	0	0.35
271200	0.35	0.53	0.53	0	0	0.35
271300	0.35	0.53	0.53	0	0	0.35
271400	0.35	0.53	0.53	0	0	0.35
271500	0.35	0.53	0.53	0	0	0.35
271600	0.35	0.53	0.53	0	0	0.35
271700	0.35	0.53	0.53	0	0	0.35
271800	0.35	0.53	0.53	0	0	0.35
271900	0.35	0.53	0.53	0	0	0.35
272000	0.35	0.53	0.53	0	0	0.35
272100	0.35	0.53	0.53	0	0	0.35
272200	0.35	0.53	0.53	0	0	0.35
272300	0.35	0.53	0.53	0	0	0.35
272400	0.35	0.53	0.53	0	0	0.35
272500	0.35	0.53	0.53	0	0	0.35
272600	0.35	0.53	0.53	0	0	0.35
272700	0.35	0.53	0.53	0	0	0.35
272800	0.35	0.53	0.53	0	0	0.35
272900	0.35	0.53	0.53	0	0	0.35
273000	0.35	0.53	0.53	0	0	0.35
273100	0.35	0.53	0.53	0	0	0.35
273200	0.35	0.53	0.53	0	0	0.35
273300	0.35	0.53	0.53	0	0	0.35
273400	0.35	0.53	0.53	0	0	0.35
273500	0.35	0.53	0.53	0	0	0.35
273600	0.35	0.53	0.53	0	0	0.35
273700	0.35	0.53	0.53	0	0	0.35
273800	0.35	0.53	0.53	0	0	0.35
273900	0.35	0.53	0.53	0	0	0.35
274000	0.35	0.53	0.53	0	0	0.35
274100	0.35	0.53	0.53	0	0	0.35
274200	0.35	0.53	0.53	0	0	0.35
274300	0.35	0.53	0.53	0	0	0.35
274400	0.35	0.53	0.53	0	0	0.35
274500	0.35	0.53	0.53	0	0	0.35
274600	0.34	0.53	0.53	0	0	0.34
274700	0.34	0.53	0.53	0	0	0.34
274800	0.34	0.53	0.53	0	0	0.34
274900	0.34	0.53	0.53	0	0	0.34
275000	0.34	0.53	0.53	0	0	0.34
275100	0.34	0.53	0.53	0	0	0.34
275200	0.34	0.53	0.53	0	0	0.34
275300	0.34	0.53	0.53	0	0	0.34
275400	0.34	0.53	0.53	0	0	0.34
275500	0.34	0.53	0.53	0	0	0.34
275600	0.34	0.53	0.53	0	0	0.34
275700	0.34	0.53	0.53	0	0	0.34
275800	0.34	0.53	0.53	0	0	0.34
275900	0.34	0.53	0.53	0	0	0.34
276000	0.34	0.53	0.53	0	0	0.34
276100	0.34	0.53	0.53	0	0	0.34
276200	0.34	0.53	0.53	0	0	0.34
276300	0.34	0.53	0.53	0	0	0.34
276400	0.34	0.53	0.53	0	0	0.34
276500	0.35	0.53	0.53	0	0	0.35
276600	0.35	0.53	0.53	0	0	0.35
276700	0.34	0.53	0.53	0	0	0.34
276800	0.34	0.53	0.53	0	0	0.34
276900	0.34	0.53	0.53	0	0	0.34
277000	0.34	0.53	0.53	0	0	0.34
277100	0.34	0.53	0.53	0	0	0.34
277200	0.34	0.53	0.53	0	0	0.34
277300	0.34	0.53	0.53	0	0	0.34
277400	0.34	0.53	0.53	0	0	0.34
277500	0.34	0.53	0.53	0	0	0.34
277600	0.34	0.53	0.53	0	0	0.34
277700	0.34	0.53	0.53	0	0	0.34
277800	0.34	0.53	0.53	0	0	0.34
277900	0.34	0.53	0.53	0	0	0.34
278000	0.34	0.53	0.53	0	0	0.34
278100	0.34	0.53	0.53	0	0	0.34
278200	0.34	0.53	0.53	0	0	0.34
278300	0.34	0.53	0.53	0	0	0.34
278400	0.34	0.53	0.53	0	0	0.34
278500	0.34	0.53	0.53	0	0	0.34
278600	0.34	0.53	0.53	0	0	0.34
278700	0.34	0.53	0.53	0	0	0.34
278800	0.34	0.53	0.53	0	0	0.34
278900	0.34	0.53	0.53	0	0	0.34
279000	0.34	0.53	0.53	0	0	0.34
279100	0.34	0.53	0.53	0	0	0.34
279200	0.34	0.53	0.53	0	0	0.34
279300	0.34	0.53	0.53	0	0	0.34
279400	0.34	0.53	0.53	0	0	0.34
279500	0.34	0.53	0.53	0	0	0.34
279600	0.34	0.53	0.53	0	0	0.34
279700	0.34	0.53	0.53	0	0	0.34
279800	0.34	0.53	0.53	0	0	0.34
279900	0.34	0.53	0.53	0	0	0.34
280000	0.34	0.53	0.53	0	0	0.34
280100	0.34	0.54	0.54	0	0	0.34
280200	0.34	0.55	0.55	0	0	0.34
280300	0.34	0.54	0.54	0	0	0.34
280400	0.34	0.54	0.54	0	0	0.34
280500	0.34	0.54	0.54	0	0	0.34
280600	0.34	0.54	0.54	0	0	0.34
280700	0.34	0.54	0.54	0	0	0.34
280800	0.34	0.54	0.54	0	0	0.34
280900	0.34	0.54	0.54	0	0	0.34
281000	0.34	0.54	0.54	0	0	0.34
281100	0.34	0.54	0.54	0	0	0.34
281200	0.34	0.54	0.54	0	0	0.34
281300	0.34	0.54	0.54	0	0	0.34
281400	0.34	0.54	0.54	0	0	0.34
281500	0.34	0.54	0.54	0	0	0.34
281600	0.34	0.54	0.54	0	0	0.34
281700	0.34	0.54	0.54	0	0	0.34
281800	0.34	0.54	0.54	0	0	0.34
281900	0.34	0.54	0.54	0	0	0.34
282000	0.34	0.54	0.54	0	0	0.34
282100	0.34	0.54	0.54	0	0	0.34
282200	0.34	0.54	0.54	0	0	0.34
282300	0.34	0.54	0.54	0	0	0.34
282400	0.35	0.54	0.54	0	0	0.35
282500	0.35	0.54	0.54	0	0	0.35
282600	0.35	0.54	0.54	0	0	0.35
282700	0.35	0.54	0.54	0	0	0.35
282800	0.35	0.54	0.54	0	0	0.35
282900	0.35	0.54	0.54	0	0	0.35
283000	0.36	0.54	0.54	0	0	0.36
283100	0.36	0.54	0.54	0	0	0.36
283200	0.36	0.54	0.54	0	0	0.36
283300	0.36	0.54	0.54	0	0	0.36
283400	0.36	0.54	0.54	0	0	0.36
283500	0.36	0.54	0.54	0	0	0.36
283600	0.36	0.54	0.54	0	0	0.36
283700	0.36	0.54	0.54	0	0	0.36
283800	0.36	0.54	0.54	0	0	0.36
283900	0.36	0.54	0.54	0	0	0.36
284000	0.36	0.54	0.54	0	0	0.36
284100	0.36	0.54	0.54	0	0	0.36
284200	0.36	0.54	0.54	0	0	0.36
284300	0.36	0.54	0.54	0	0	0.36
284400	0.36	0.54	0.54	0	0	0.36
284500	0.36	0.54	0.54	0	0	0.36
284600	0.36	0.54	0.54	0	0	0.36
284700	0.36	0.54	0.54	0	0	0.36
284800	0.36	0.55	0.55	0	0	0.36
284900	0.36	0.54	0.54	0	0	0.36
285000	0.36	0.54	0.54	0	0	0.36
285100	0.36	0.54	0.54	0	0	0.36
285200	0.36	0.54	0.54	0	0	0.36
285300	0.36	0.54	0.54	0	0	0.36
285400	0.36	0.54	0.54	0	0	0.36
285500	0.36	0.54	0.54	0	0	0.36
285600	0.36	0.54	0.54	0	0	0.36
285700	0.36	0.54	0.54	0	0	0.36
285800	0.36	0.54	0.54	0	0	0.36
285900	0.36	0.54	0.54	0	0	0.36
286000	0.36	0.55	0.55	0	0	0.36
286100	0.36	0.55	0.55	0	0	0.36
286200	0.36	0.55	0.55	0	0	0.36
286300	0.36	0.55	0.55	0	0	0.36
286400	0.36	0.55	0.55	0	0	0.36
286500	0.36	0.55	0.55	0	0	0.36
286600	0.36	0.55	0.55	0	0	0.36
286700	0.36	0.55	0.55	0	0	0.36
286800	0.36	0.55	0.55	0	0	0.36
286900	0.36	0.55	0.55	0	0	0.36
287000	0.36	0.55	0.55	0	0	0.36
287100	0.36	0.55	0.55	0	0	0.36
287200	0.36	0.55	0.55	0	0	0.36
287300	0.36	0.55	0.55	0	0	0.36
287400	0.36	0.55	0.55	0	0	0.36
287500	0.36	0.55	0.55	0	0	0.36
287600	0.36	0.55	0.55	0	0	0.36
287700	0.36	0.55	0.55	0	0	0.36
287800	0.36	0.55	0.55	0	0	0.36
287900	0.36	0.54	0.54	0	0	0.36
288000	0.36	0.54	0.54	0	0	0.36
288100	0.36	0.54	0.54	0	0	0.36
288200	0.36	0.54	0.54	0	0	0.36
288300	0.36	0.54	0.54	0	0	0.36
288400	0.36	0.54	0.54	0	0	0.36
288500	0.36	0.54	0.54	0	0	0.36
288600	0.36	0.54	0.54	0	0	0.36
288700	0.36	0.54	0.54	0	0	0.36
288800	0.36	0.54	0.54	0	0	0.36
288900	0.36	0.54	0.54	0	0	0.36
289000	0.36	0.54	0.54	0	0	0.36
289100	0.36	0.54	0.54	0	0	0.36
289200	0.36	0.54	0.54	0	0	0.36
289300	0.36	0.54	0.54	0	0	0.36
289400	0.36	0.54	0.54	0	0	0.36
289500	0.36	0.54	0.54	0	0	0.36
289600	0.36	0.54	0.54	0	0	0.36
289700	0.36	0.54	0.54	0	0	0.36
289800	0.36	0.54	0.54	0	0	0.36
289900	0.36	0.54	0.54	0	0	0.36
290000	0.36	0.54	0.54	0	0	0.36
290100	0.36	0.54	0.54	0	0	0.36
290200	0.36	0.54	0.54	0	0	0.36
290300	0.36	0.54	0.54	0	0	0.36
290400	0.36	0.54	0.54	0	0	0.36
290500	0.36	0.54	0.54	0	0	0.36
290600	0.36	0.54	0.54	0	0	0.36
290700	0.36	0.54	0.54	0	0	0.36
290800	0.36	0.54	0.54	0	0	0.36
290900	0.37	0.54	0.54	0	0	0.37
291000	0.37	0.54	0.54	0	0	0.37
291100	0.37	0.54	0.54	0	0	0.37
291200	0.36	0.54	0.54	0	0	0.36
291300	0.36	0.54	0.54	0	0	0.36
291400	0.36	0.54	0.54	0	0	0.36
291500	0.36	0.54	0.54	0	0	0.36
291600	0.36	0.54	0.54	0	0	0.36
291700	0.36	0.54	0.54	0	0	0.36
291800	0.36	0.54	0.54	0	0	0.36
291900	0.36	0.54	0.54	0	0	0.36
292000	0.36	0.54	0.54	0	0	0.36
292100	0.36	0.54	0.54	0	0	0.36
292200	0.36	0.54	0.54	0	0	0.36
292300	0.36	0.54	0.54	0	0	0.36
292400	0.36	0.54	0.54	0	0	0.36
292500	0.36	0.54	0.54	0	0	0.36
292600	0.36	0.54	0.54	0	0	0.36
292700	0.36	0.54	0.54	0	0	0.36
292800	0.36	0.54	0.54	0	0	0.36
292900	0.36	0.54	0.54	0	0	0.36
293000	0.36	0.54	0.54	0	0	0.36
293100	0.36	0.54	0.54	0	0	0.36
293200	0.36	0.55	0.55	0	0	0.36
293300	0.36	0.55	0.55	0	0	0.36
293400	0.36	0.55	0.55	0	0	0.36
293500	0.36	0.55	0.55	0	0	0.36
293600	0.35	0.55	0.55	0	0	0.35
293700	0.35	0.55	0.55	0	0	0.35
293800	0.35	0.55	0.55	0	0	0.35
293900	0.35	0.55	0.55	0	0	0.35
294000	0.35	0.55	0.55	0	0	0.35
294100	0.35	0.55	0.55	0	0	0.35
294200	0.35	0.55	0.55	0	0	0.35
294300	0.35	0.55	0.55	0	0	0.35
294400	0.35	0.55	0.55	0	0	0.35
294500	0.35	0.55	0.55	0	0	0.35
294600	0.35	0.55	0.55	0	0	0.35
294700	0.35	0.55	0.55	0	0	0.35
294800	0.35	0.55	0.55	0	0	0.35
294900	0.35	0.55	0.55	0	0	0.35
295000	0.35	0.55	0.55	0	0	0.35
295100	0.35	0.55	0.55	0	0	0.35
295200	0.35	0.55	0.55	0	0	0.35
295300	0.35	0.55	0.55	0	0	0.35
295400	0.35	0.55	0.55	0	0	0.35
295500	0.35	0.55	0.55	0	0	0.35
295600	0.35	0.55	0.55	0	0	0.35
295700	0.35	0.55	0.55	0	0	0.35
295800	0.35	0.55	0.55	0	0	0.35
295900	0.35	0.55	0.55	0	0	0.35
296000	0.35	0.55	0.55	0	0	0.35
296100	0.35	0.55	0.55	0	0	0.35
296200	0.35	0.55	0.55	0	0	0.35
296300	0.35	0.55	0.55	0	0	0.35
296400	0.35	0.55	0.55	0	0	0.35
296500	0.35	0.55	0.55	0	0	0.35
296600	0.35	0.55	0.55	0	0	0.35
296700	0.35	0.55	0.55	0	0	0.35
296800	0.35	0.55	0.55	0	0	0.35
296900	0.35	0.55	0.55	0	0	0.35
297000	0.35	0.55	0.55	0	0	0.35
297100	0.35	0.55	0.55	0	0	0.35
297200	0.35	0.55	0.55	0	0	0.35
297300	0.35	0.55	0.55	0	0	0.35
297400	0.35	0.55	0.55	0	0	0.35
297500	0.35	0.55	0.55	0	0	0.35
297600	0.35	0.55	0.55	0	0	0.35
297700	0.35	0.55	0.55	0	0	0.35
297800	0.35	0.55	0.55	0	0	0.35
297900	0.35	0.55	0.55	0	0	0.35
298000	0.35	0.55	0.55	0	0	0.35
298100	0.35	0.55	0.55	0	0	0.35
298200	0.35	0.55	0.55	0	0	0.35
298300	0.35	0.55	0.55	0	0	0.35
298400	0.35	0.55	0.55	0	0	0.35
298500	0.35	0.55	0.55	0	0	0.35
298600	0.35	0.55	0.55	0	0	0.35
298700	0.35	0.55	0.55	0	0	0.35
298800	0.35	0.55	0.55	0	0	0.35
298900	0.35	0.55	0.55	0	0	0.35
299000	0.35	0.55	0.55	0	0	0.35
299100	0.35	0.55	0.55	0	0	0.35
299200	0.35	0.55	0.55	0	0	0.35
299300	0.35	0.55	0.55	0	0	0.35
299400	0.35	0.55	0.55	0	0	0.35
299500	0.35	0.55	0.55	0	0	0.35
299600	0.35	0.55	0.55	0	0	0.35
299700	0.35	0.55	0.55	0	0	0.35
299800	0.35	0.55	0.55	0	0	0.35
299900	0.35	0.55	0.55	0	0	0.35
300000	0.35	0.55	0.55	0	0	0.35
