100	0.09	0.09	0.09	0	0	0.09
200	0.1	0.08	0.08	0	0	0.1
300	0.08	0.07	0.07	0	0	0.08
400	0.09	0.08	0.08	0	0	0.09
500	0.07	0.08	0.08	0	0	0.07
600	0.08	0.09	0.09	0	0	0.08
700	0.1	0.1	0.1	0	0	0.1
800	0.1	0.13	0.13	0	0	0.1
900	0.11	0.13	0.13	0	0	0.11
1000	0.13	0.13	0.13	0	0	0.13
1100	0.12	0.14	0.14	0	0	0.12
1200	0.15	0.14	0.14	0	0	0.15
1300	0.14	0.13	0.13	0	0	0.14
1400	0.11	0.14	0.14	0	0	0.11
1500	0.11	0.15	0.15	0	0	0.11
1600	0.11	0.15	0.15	0	0	0.11
1700	0.12	0.15	0.15	0	0	0.12
1800	0.13	0.15	0.15	0	0	0.13
1900	0.13	0.16	0.16	0	0	0.13
2000	0.13	0.17	0.17	0	0	0.13
2100	0.14	0.17	0.17	0	0	0.14
2200	0.14	0.21	0.21	0	0	0.14
2300	0.15	0.21	0.21	0	0	0.15
2400	0.15	0.2	0.2	0	0	0.15
2500	0.16	0.2	0.2	0	0	0.16
2600	0.16	0.2	0.2	0	0	0.16
2700	0.16	0.21	0.21	0	0	0.16
2800	0.16	0.21	0.21	0	0	0.16
2900	0.15	0.23	0.23	0	0	0.15
3000	0.16	0.21	0.21	0	0	0.16
3100	0.16	0.22	0.22	0	0	0.16
3200	0.16	0.23	0.23	0	0	0.16
3300	0.12	0.23	0.23	0	0	0.12
3400	0.13	0.23	0.23	0	0	0.13
3500	0.13	0.26	0.26	0	0	0.13
3600	0.13	0.24	0.24	0	0	0.13
3700	0.14	0.24	0.24	0	0	0.14
3800	0.16	0.23	0.23	0	0	0.16
3900	0.15	0.24	0.24	0	0	0.15
4000	0.15	0.23	0.23	0	0	0.15
4100	0.14	0.23	0.23	0	0	0.14
4200	0.15	0.22	0.22	0	0	0.15
4300	0.16	0.22	0.22	0	0	0.16
4400	0.15	0.22	0.22	0	0	0.15
4500	0.16	0.22	0.22	0	0	0.16
4600	0.16	0.2	0.2	0	0	0.16
4700	0.17	0.2	0.2	0	0	0.17
4800	0.18	0.21	0.21	0	0	0.18
4900	0.18	0.22	0.22	0	0	0.18
5000	0.19	0.22	0.22	0	0	0.19
5100	0.18	0.22	0.22	0	0	0.18
5200	0.18	0.22	0.22	0	0	0.18
5300	0.19	0.23	0.23	0	0	0.19
5400	0.19	0.25	0.25	0	0	0.19
5500	0.19	0.25	0.25	0	0	0.19
5600	0.2	0.24	0.24	0	0	0.2
5700	0.2	0.25	0.25	0	0	0.2
5800	0.2	0.26	0.26	0	0	0.2
5900	0.2	0.25	0.25	0	0	0.2
6000	0.21	0.24	0.24	0	0	0.21
6100	0.21	0.24	0.24	0	0	0.21
6200	0.21	0.25	0.25	0	0	0.21
6300	0.22	0.26	0.26	0	0	0.22
6400	0.22	0.25	0.25	0	0	0.22
6500	0.21	0.26	0.26	0	0	0.21
6600	0.21	0.26	0.26	0	0	0.21
6700	0.21	0.27	0.27	0	0	0.21
6800	0.22	0.27	0.27	0	0	0.22
6900	0.22	0.26	0.26	0	0	0.22
7000	0.22	0.27	0.27	0	0	0.22
7100	0.24	0.25	0.25	0	0	0.24
7200	0.25	0.25	0.25	0	0	0.25
7300	0.23	0.26	0.26	0	0	0.23
7400	0.22	0.26	0.26	0	0	0.22
7500	0.22	0.26	0.26	0	0	0.22
7600	0.21	0.28	0.28	0	0	0.21
7700	0.22	0.28	0.28	0	0	0.22
7800	0.2	0.28	0.28	0	0	0.2
7900	0.21	0.28	0.28	0	0	0.21
8000	0.21	0.28	0.28	0	0	0.21
8100	0.21	0.27	0.27	0	0	0.21
8200	0.21	0.28	0.28	0	0	0.21
8300	0.21	0.29	0.29	0	0	0.21
8400	0.22	0.3	0.3	0	0	0.22
8500	0.22	0.3	0.3	0	0	0.22
8600	0.21	0.3	0.3	0	0	0.21
8700	0.21	0.3	0.3	0	0	0.21
8800	0.2	0.3	0.3	0	0	0.2
8900	0.2	0.32	0.32	0	0	0.2
9000	0.2	0.32	0.32	0	0	0.2
9100	0.21	0.34	0.34	0	0	0.21
9200	0.22	0.34	0.34	0	0	0.22
9300	0.21	0.34	0.34	0	0	0.21
9400	0.22	0.34	0.34	0	0	0.22
9500	0.22	0.35	0.35	0	0	0.22
9600	0.22	0.35	0.35	0	0	0.22
9700	0.22	0.34	0.34	0	0	0.22
9800	0.22	0.35	0.35	0	0	0.22
9900	0.22	0.36	0.36	0	0	0.22
10000	0.22	0.35	0.35	0	0	0.22
10100	0.22	0.35	0.35	0	0	0.22
10200	0.22	0.35	0.35	0	0	0.22
10300	0.22	0.33	0.33	0	0	0.22
10400	0.22	0.32	0.32	0	0	0.22
10500	0.23	0.33	0.33	0	0	0.23
10600	0.23	0.34	0.34	0	0	0.23
10700	0.23	0.35	0.35	0	0	0.23
10800	0.23	0.35	0.35	0	0	0.23
10900	0.23	0.36	0.36	0	0	0.23
11000	0.23	0.35	0.35	0	0	0.23
11100	0.23	0.36	0.36	0	0	0.23
11200	0.23	0.35	0.35	0	0	0.23
11300	0.23	0.35	0.35	0	0	0.23
11400	0.23	0.36	0.36	0	0	0.23
11500	0.23	0.36	0.36	0	0	0.23
11600	0.23	0.36	0.36	0	0	0.23
11700	0.23	0.36	0.36	0	0	0.23
11800	0.23	0.38	0.38	0	0	0.23
11900	0.24	0.39	0.39	0	0	0.24
12000	0.24	0.39	0.39	0	0	0.24
12100	0.24	0.37	0.37	0	0	0.24
12200	0.22	0.37	0.37	0	0	0.22
12300	0.23	0.36	0.36	0	0	0.23
12400	0.23	0.38	0.38	0	0	0.23
12500	0.23	0.36	0.36	0	0	0.23
12600	0.23	0.37	0.37	0	0	0.23
12700	0.23	0.37	0.37	0	0	0.23
12800	0.23	0.37	0.37	0	0	0.23
12900	0.23	0.37	0.37	0	0	0.23
13000	0.24	0.37	0.37	0	0	0.24
13100	0.22	0.37	0.37	0	0	0.22
13200	0.22	0.37	0.37	0	0	0.22
13300	0.22	0.37	0.37	0	0	0.22
13400	0.22	0.37	0.37	0	0	0.22
13500	0.22	0.38	0.38	0	0	0.22
13600	0.22	0.39	0.39	0	0	0.22
13700	0.22	0.38	0.38	0	0	0.22
13800	0.23	0.37	0.37	0	0	0.23
13900	0.24	0.37	0.37	0	0	0.24
14000	0.25	0.37	0.37	0	0	0.25
14100	0.25	0.37	0.37	0	0	0.25
14200	0.25	0.37	0.37	0	0	0.25
14300	0.25	0.37	0.37	0	0	0.25
14400	0.25	0.37	0.37	0	0	0.25
14500	0.25	0.37	0.37	0	0	0.25
14600	0.27	0.37	0.37	0	0	0.27
14700	0.26	0.37	0.37	0	0	0.26
14800	0.25	0.38	0.38	0	0	0.25
14900	0.25	0.38	0.38	0	0	0.25
15000	0.24	0.39	0.39	0	0	0.24
15100	0.24	0.39	0.39	0	0	0.24
15200	0.24	0.39	0.39	0	0	0.24
15300	0.24	0.38	0.38	0	0	0.24
15400	0.24	0.38	0.38	0	0	0.24
15500	0.24	0.38	0.38	0	0	0.24
15600	0.24	0.39	0.39	0	0	0.24
15700	0.23	0.39	0.39	0	0	0.23
15800	0.24	0.4	0.4	0	0	0.24
15900	0.23	0.41	0.41	0	0	0.23
16000	0.23	0.41	0.41	0	0	0.23
16100	0.24	0.41	0.41	0	0	0.24
16200	0.24	0.41	0.41	0	0	0.24
16300	0.23	0.42	0.42	0	0	0.23
16400	0.24	0.42	0.42	0	0	0.24
16500	0.24	0.42	0.42	0	0	0.24
16600	0.25	0.43	0.43	0	0	0.25
16700	0.26	0.43	0.43	0	0	0.26
16800	0.26	0.44	0.44	0	0	0.26
16900	0.26	0.45	0.45	0	0	0.26
17000	0.26	0.45	0.45	0	0	0.26
17100	0.26	0.45	0.45	0	0	0.26
17200	0.25	0.45	0.45	0	0	0.25
17300	0.25	0.46	0.46	0	0	0.25
17400	0.26	0.47	0.47	0	0	0.26
17500	0.26	0.47	0.47	0	0	0.26
17600	0.26	0.47	0.47	0	0	0.26
17700	0.27	0.46	0.46	0	0	0.27
17800	0.27	0.47	0.47	0	0	0.27
17900	0.27	0.47	0.47	0	0	0.27
18000	0.26	0.47	0.47	0	0	0.26
18100	0.26	0.47	0.47	0	0	0.26
18200	0.27	0.47	0.47	0	0	0.27
18300	0.27	0.47	0.47	0	0	0.27
18400	0.25	0.47	0.47	0	0	0.25
18500	0.25	0.47	0.47	0	0	0.25
18600	0.25	0.47	0.47	0	0	0.25
18700	0.25	0.47	0.47	0	0	0.25
18800	0.25	0.47	0.47	0	0	0.25
18900	0.26	0.47	0.47	0	0	0.26
19000	0.25	0.47	0.47	0	0	0.25
19100	0.25	0.45	0.45	0	0	0.25
19200	0.26	0.45	0.45	0	0	0.26
19300	0.26	0.45	0.45	0	0	0.26
19400	0.26	0.45	0.45	0	0	0.26
19500	0.26	0.45	0.45	0	0	0.26
19600	0.26	0.45	0.45	0	0	0.26
19700	0.26	0.45	0.45	0	0	0.26
19800	0.26	0.45	0.45	0	0	0.26
19900	0.26	0.45	0.45	0	0	0.26
20000	0.26	0.45	0.45	0	0	0.26
20100	0.26	0.44	0.44	0	0	0.26
20200	0.26	0.46	0.46	0	0	0.26
20300	0.26	0.46	0.46	0	0	0.26
20400	0.27	0.48	0.48	0	0	0.27
20500	0.27	0.48	0.48	0	0	0.27
20600	0.27	0.49	0.49	0	0	0.27
20700	0.27	0.5	0.5	0	0	0.27
20800	0.27	0.5	0.5	0	0	0.27
20900	0.29	0.5	0.5	0	0	0.29
21000	0.27	0.5	0.5	0	0	0.27
21100	0.26	0.51	0.51	0	0	0.26
21200	0.26	0.51	0.51	0	0	0.26
21300	0.26	0.51	0.51	0	0	0.26
21400	0.26	0.5	0.5	0	0	0.26
21500	0.26	0.5	0.5	0	0	0.26
21600	0.26	0.5	0.5	0	0	0.26
21700	0.26	0.5	0.5	0	0	0.26
21800	0.26	0.5	0.5	0	0	0.26
21900	0.26	0.5	0.5	0	0	0.26
22000	0.26	0.5	0.5	0	0	0.26
22100	0.26	0.5	0.5	0	0	0.26
22200	0.26	0.51	0.51	0	0	0.26
22300	0.26	0.5	0.5	0	0	0.26
22400	0.26	0.5	0.5	0	0	0.26
22500	0.26	0.5	0.5	0	0	0.26
22600	0.26	0.5	0.5	0	0	0.26
22700	0.26	0.5	0.5	0	0	0.26
22800	0.28	0.51	0.51	0	0	0.28
22900	0.27	0.51	0.51	0	0	0.27
23000	0.26	0.5	0.5	0	0	0.26
23100	0.26	0.5	0.5	0	0	0.26
23200	0.26	0.5	0.5	0	0	0.26
23300	0.26	0.5	0.5	0	0	0.26
23400	0.26	0.5	0.5	0	0	0.26
23500	0.27	0.5	0.5	0	0	0.27
23600	0.27	0.5	0.5	0	0	0.27
23700	0.28	0.5	0.5	0	0	0.28
23800	0.28	0.5	0.5	0	0	0.28
23900	0.28	0.5	0.5	0	0	0.28
24000	0.29	0.5	0.5	0	0	0.29
24100	0.29	0.5	0.5	0	0	0.29
24200	0.29	0.5	0.5	0	0	0.29
24300	0.29	0.5	0.5	0	0	0.29
24400	0.29	0.51	0.51	0	0	0.29
24500	0.29	0.51	0.51	0	0	0.29
24600	0.3	0.51	0.51	0	0	0.3
24700	0.3	0.51	0.51	0	0	0.3
24800	0.3	0.52	0.52	0	0	0.3
24900	0.3	0.51	0.51	0	0	0.3
25000	0.3	0.52	0.52	0	0	0.3
25100	0.3	0.51	0.51	0	0	0.3
25200	0.3	0.51	0.51	0	0	0.3
25300	0.3	0.51	0.51	0	0	0.3
25400	0.3	0.51	0.51	0	0	0.3
25500	0.3	0.52	0.52	0	0	0.3
25600	0.3	0.51	0.51	0	0	0.3
25700	0.3	0.51	0.51	0	0	0.3
25800	0.31	0.51	0.51	0	0	0.31
25900	0.31	0.52	0.52	0	0	0.31
26000	0.31	0.51	0.51	0	0	0.31
26100	0.31	0.51	0.51	0	0	0.31
26200	0.31	0.51	0.51	0	0	0.31
26300	0.31	0.51	0.51	0	0	0.31
26400	0.31	0.51	0.51	0	0	0.31
26500	0.31	0.5	0.5	0	0	0.31
26600	0.31	0.5	0.5	0	0	0.31
26700	0.32	0.5	0.5	0	0	0.32
26800	0.31	0.5	0.5	0	0	0.31
26900	0.31	0.5	0.5	0	0	0.31
27000	0.31	0.5	0.5	0	0	0.31
27100	0.31	0.5	0.5	0	0	0.31
27200	0.31	0.51	0.51	0	0	0.31
27300	0.31	0.51	0.51	0	0	0.31
27400	0.32	0.51	0.51	0	0	0.32
27500	0.32	0.52	0.52	0	0	0.32
27600	0.32	0.53	0.53	0	0	0.32
27700	0.32	0.54	0.54	0	0	0.32
27800	0.32	0.53	0.53	0	0	0.32
27900	0.32	0.53	0.53	0	0	0.32
28000	0.32	0.53	0.53	0	0	0.32
28100	0.31	0.53	0.53	0	0	0.31
28200	0.31	0.53	0.53	0	0	0.31
28300	0.31	0.53	0.53	0	0	0.31
28400	0.31	0.53	0.53	0	0	0.31
28500	0.3	0.53	0.53	0	0	0.3
28600	0.3	0.53	0.53	0	0	0.3
28700	0.3	0.53	0.53	0	0	0.3
28800	0.3	0.53	0.53	0	0	0.3
28900	0.3	0.53	0.53	0	0	0.3
29000	0.31	0.52	0.52	0	0	0.31
29100	0.31	0.52	0.52	0	0	0.31
29200	0.3	0.52	0.52	0	0	0.3
29300	0.27	0.53	0.53	0	0	0.27
29400	0.27	0.52	0.52	0	0	0.27
29500	0.27	0.52	0.52	0	0	0.27
29600	0.27	0.53	0.53	0	0	0.27
29700	0.27	0.53	0.53	0	0	0.27
29800	0.27	0.53	0.53	0	0	0.27
29900	0.26	0.53	0.53	0	0	0.26
30000	0.26	0.53	0.53	0	0	0.26
30100	0.26	0.53	0.53	0	0	0.26
30200	0.25	0.53	0.53	0	0	0.25
30300	0.25	0.53	0.53	0	0	0.25
30400	0.25	0.53	0.53	0	0	0.25
30500	0.25	0.53	0.53	0	0	0.25
30600	0.25	0.53	0.53	0	0	0.25
30700	0.25	0.53	0.53	0	0	0.25
30800	0.25	0.53	0.53	0	0	0.25
30900	0.25	0.54	0.54	0	0	0.25
31000	0.25	0.53	0.53	0	0	0.25
31100	0.25	0.53	0.53	0	0	0.25
31200	0.25	0.53	0.53	0	0	0.25
31300	0.25	0.53	0.53	0	0	0.25
31400	0.25	0.53	0.53	0	0	0.25
31500	0.26	0.53	0.53	0	0	0.26
31600	0.27	0.53	0.53	0	0	0.27
31700	0.26	0.53	0.53	0	0	0.26
31800	0.26	0.53	0.53	0	0	0.26
31900	0.27	0.54	0.54	0	0	0.27
32000	0.26	0.54	0.54	0	0	0.26
32100	0.27	0.54	0.54	0	0	0.27
32200	0.27	0.55	0.55	0	0	0.27
32300	0.27	0.55	0.55	0	0	0.27
32400	0.27	0.56	0.56	0	0	0.27
32500	0.27	0.55	0.55	0	0	0.27
32600	0.26	0.55	0.55	0	0	0.26
32700	0.26	0.55	0.55	0	0	0.26
32800	0.26	0.56	0.56	0	0	0.26
32900	0.25	0.56	0.56	0	0	0.25
33000	0.25	0.56	0.56	0	0	0.25
33100	0.25	0.55	0.55	0	0	0.25
33200	0.25	0.55	0.55	0	0	0.25
33300	0.26	0.55	0.55	0	0	0.26
33400	0.25	0.55	0.55	0	0	0.25
33500	0.25	0.51	0.51	0	0	0.25
33600	0.25	0.52	0.52	0	0	0.25
33700	0.25	0.51	0.51	0	0	0.25
33800	0.26	0.51	0.51	0	0	0.26
33900	0.27	0.51	0.51	0	0	0.27
34000	0.28	0.52	0.52	0	0	0.28
34100	0.26	0.52	0.52	0	0	0.26
34200	0.26	0.52	0.52	0	0	0.26
34300	0.26	0.52	0.52	0	0	0.26
34400	0.26	0.52	0.52	0	0	0.26
34500	0.27	0.53	0.53	0	0	0.27
34600	0.26	0.54	0.54	0	0	0.26
34700	0.26	0.53	0.53	0	0	0.26
34800	0.26	0.53	0.53	0	0	0.26
34900	0.26	0.53	0.53	0	0	0.26
35000	0.26	0.53	0.53	0	0	0.26
35100	0.26	0.53	0.53	0	0	0.26
35200	0.26	0.52	0.52	0	0	0.26
35300	0.26	0.52	0.52	0	0	0.26
35400	0.26	0.52	0.52	0	0	0.26
35500	0.26	0.52	0.52	0	0	0.26
35600	0.26	0.52	0.52	0	0	0.26
35700	0.26	0.52	0.52	0	0	0.26
35800	0.27	0.52	0.52	0	0	0.27
35900	0.27	0.53	0.53	0	0	0.27
36000	0.27	0.53	0.53	0	0	0.27
36100	0.27	0.53	0.53	0	0	0.27
36200	0.27	0.53	0.53	0	0	0.27
36300	0.27	0.53	0.53	0	0	0.27
36400	0.27	0.54	0.54	0	0	0.27
36500	0.27	0.54	0.54	0	0	0.27
36600	0.27	0.54	0.54	0	0	0.27
36700	0.27	0.55	0.55	0	0	0.27
36800	0.26	0.54	0.54	0	0	0.26
36900	0.27	0.54	0.54	0	0	0.27
37000	0.28	0.54	0.54	0	0	0.28
37100	0.28	0.54	0.54	0	0	0.28
37200	0.28	0.54	0.54	0	0	0.28
37300	0.28	0.54	0.54	0	0	0.28
37400	0.28	0.54	0.54	0	0	0.28
37500	0.28	0.54	0.54	0	0	0.28
37600	0.27	0.54	0.54	0	0	0.27
37700	0.27	0.54	0.54	0	0	0.27
37800	0.27	0.54	0.54	0	0	0.27
37900	0.27	0.54	0.54	0	0	0.27
38000	0.26	0.54	0.54	0	0	0.26
38100	0.26	0.54	0.54	0	0	0.26
38200	0.26	0.54	0.54	0	0	0.26
38300	0.26	0.54	0.54	0	0	0.26
38400	0.26	0.54	0.54	0	0	0.26
38500	0.25	0.54	0.54	0	0	0.25
38600	0.25	0.53	0.53	0	0	0.25
38700	0.25	0.53	0.53	0	0	0.25
38800	0.24	0.53	0.53	0	0	0.24
38900	0.26	0.53	0.53	0	0	0.26
39000	0.26	0.53	0.53	0	0	0.26
39100	0.27	0.53	0.53	0	0	0.27
39200	0.27	0.53	0.53	0	0	0.27
39300	0.27	0.53	0.53	0	0	0.27
39400	0.26	0.53	0.53	0	0	0.26
39500	0.26	0.53	0.53	0	0	0.26
39600	0.26	0.54	0.54	0	0	0.26
39700	0.26	0.54	0.54	0	0	0.26
39800	0.26	0.54	0.54	0	0	0.26
39900	0.26	0.53	0.53	0	0	0.26
40000	0.26	0.53	0.53	0	0	0.26
40100	0.27	0.52	0.52	0	0	0.27
40200	0.26	0.52	0.52	0	0	0.26
40300	0.28	0.52	0.52	0	0	0.28
40400	0.29	0.51	0.51	0	0	0.29
40500	0.29	0.52	0.52	0	0	0.29
40600	0.29	0.52	0.52	0	0	0.29
40700	0.29	0.52	0.52	0	0	0.29
40800	0.29	0.52	0.52	0	0	0.29
40900	0.29	0.52	0.52	0	0	0.29
41000	0.29	0.52	0.52	0	0	0.29
41100	0.29	0.52	0.52	0	0	0.29
41200	0.29	0.53	0.53	0	0	0.29
41300	0.29	0.53	0.53	0	0	0.29
41400	0.29	0.53	0.53	0	0	0.29
41500	0.28	0.53	0.53	0	0	0.28
41600	0.28	0.53	0.53	0	0	0.28
41700	0.28	0.53	0.53	0	0	0.28
41800	0.28	0.53	0.53	0	0	0.28
41900	0.28	0.53	0.53	0	0	0.28
42000	0.28	0.53	0.53	0	0	0.28
42100	0.28	0.53	0.53	0	0	0.28
42200	0.27	0.53	0.53	0	0	0.27
42300	0.27	0.53	0.53	0	0	0.27
42400	0.27	0.53	0.53	0	0	0.27
42500	0.27	0.53	0.53	0	0	0.27
42600	0.27	0.53	0.53	0	0	0.27
42700	0.27	0.53	0.53	0	0	0.27
42800	0.27	0.53	0.53	0	0	0.27
42900	0.27	0.53	0.53	0	0	0.27
43000	0.27	0.53	0.53	0	0	0.27
43100	0.26	0.53	0.53	0	0	0.26
43200	0.26	0.52	0.52	0	0	0.26
43300	0.27	0.52	0.52	0	0	0.27
43400	0.27	0.51	0.51	0	0	0.27
43500	0.27	0.51	0.51	0	0	0.27
43600	0.27	0.51	0.51	0	0	0.27
43700	0.27	0.51	0.51	0	0	0.27
43800	0.27	0.5	0.5	0	0	0.27
43900	0.27	0.5	0.5	0	0	0.27
44000	0.28	0.5	0.5	0	0	0.28
44100	0.28	0.5	0.5	0	0	0.28
44200	0.28	0.5	0.5	0	0	0.28
44300	0.28	0.5	0.5	0	0	0.28
44400	0.28	0.5	0.5	0	0	0.28
44500	0.28	0.5	0.5	0	0	0.28
44600	0.28	0.5	0.5	0	0	0.28
44700	0.28	0.5	0.5	0	0	0.28
44800	0.28	0.51	0.51	0	0	0.28
44900	0.28	0.51	0.51	0	0	0.28
45000	0.28	0.51	0.51	0	0	0.28
45100	0.28	0.51	0.51	0	0	0.28
45200	0.28	0.51	0.51	0	0	0.28
45300	0.28	0.51	0.51	0	0	0.28
45400	0.28	0.51	0.51	0	0	0.28
45500	0.28	0.51	0.51	0	0	0.28
45600	0.28	0.51	0.51	0	0	0.28
45700	0.29	0.51	0.51	0	0	0.29
45800	0.29	0.51	0.51	0	0	0.29
45900	0.29	0.51	0.51	0	0	0.29
46000	0.29	0.51	0.51	0	0	0.29
46100	0.3	0.51	0.51	0	0	0.3
46200	0.3	0.51	0.51	0	0	0.3
46300	0.3	0.51	0.51	0	0	0.3
46400	0.3	0.51	0.51	0	0	0.3
46500	0.3	0.51	0.51	0	0	0.3
46600	0.31	0.51	0.51	0	0	0.31
46700	0.31	0.51	0.51	0	0	0.31
46800	0.32	0.52	0.52	0	0	0.32
46900	0.32	0.52	0.52	0	0	0.32
47000	0.32	0.52	0.52	0	0	0.32
47100	0.32	0.53	0.53	0	0	0.32
47200	0.32	0.53	0.53	0	0	0.32
47300	0.32	0.53	0.53	0	0	0.32
47400	0.32	0.53	0.53	0	0	0.32
47500	0.32	0.53	0.53	0	0	0.32
47600	0.32	0.53	0.53	0	0	0.32
47700	0.32	0.52	0.52	0	0	0.32
47800	0.32	0.51	0.51	0	0	0.32
47900	0.32	0.51	0.51	0	0	0.32
48000	0.32	0.52	0.52	0	0	0.32
48100	0.32	0.51	0.51	0	0	0.32
48200	0.32	0.51	0.51	0	0	0.32
48300	0.33	0.51	0.51	0	0	0.33
48400	0.34	0.51	0.51	0	0	0.34
48500	0.34	0.51	0.51	0	0	0.34
48600	0.35	0.51	0.51	0	0	0.35
48700	0.36	0.51	0.51	0	0	0.36
48800	0.36	0.51	0.51	0	0	0.36
48900	0.35	0.51	0.51	0	0	0.35
49000	0.35	0.51	0.51	0	0	0.35
49100	0.35	0.51	0.51	0	0	0.35
49200	0.35	0.51	0.51	0	0	0.35
49300	0.34	0.51	0.51	0	0	0.34
49400	0.34	0.51	0.51	0	0	0.34
49500	0.34	0.51	0.51	0	0	0.34
49600	0.34	0.51	0.51	0	0	0.34
49700	0.35	0.51	0.51	0	0	0.35
49800	0.34	0.51	0.51	0	0	0.34
49900	0.34	0.51	0.51	0	0	0.34
50000	0.33	0.52	0.52	0	0	0.33
50100	0.33	0.52	0.52	0	0	0.33
50200	0.33	0.52	0.52	0	0	0.33
50300	0.33	0.52	0.52	0	0	0.33
50400	0.33	0.52	0.52	0	0	0.33
50500	0.33	0.52	0.52	0	0	0.33
50600	0.33	0.52	0.52	0	0	0.33
50700	0.33	0.52	0.52	0	0	0.33
50800	0.33	0.52	0.52	0	0	0.33
50900	0.33	0.52	0.52	0	0	0.33
51000	0.33	0.52	0.52	0	0	0.33
51100	0.33	0.52	0.52	0	0	0.33
51200	0.33	0.52	0.52	0	0	0.33
51300	0.33	0.52	0.52	0	0	0.33
51400	0.33	0.53	0.53	0	0	0.33
51500	0.33	0.52	0.52	0	0	0.33
51600	0.33	0.52	0.52	0	0	0.33
51700	0.33	0.52	0.52	0	0	0.33
51800	0.33	0.52	0.52	0	0	0.33
51900	0.33	0.52	0.52	0	0	0.33
52000	0.33	0.52	0.52	0	0	0.33
52100	0.33	0.52	0.52	0	0	0.33
52200	0.33	0.53	0.53	0	0	0.33
52300	0.33	0.53	0.53	0	0	0.33
52400	0.33	0.53	0.53	0	0	0.33
52500	0.33	0.53	0.53	0	0	0.33
52600	0.33	0.53	0.53	0	0	0.33
52700	0.33	0.53	0.53	0	0	0.33
52800	0.33	0.53	0.53	0	0	0.33
52900	0.34	0.53	0.53	0	0	0.34
53000	0.34	0.53	0.53	0	0	0.34
53100	0.34	0.54	0.54	0	0	0.34
53200	0.34	0.54	0.54	0	0	0.34
53300	0.34	0.54	0.54	0	0	0.34
53400	0.34	0.54	0.54	0	0	0.34
53500	0.34	0.54	0.54	0	0	0.34
53600	0.34	0.54	0.54	0	0	0.34
53700	0.34	0.54	0.54	0	0	0.34
53800	0.34	0.54	0.54	0	0	0.34
53900	0.34	0.54	0.54	0	0	0.34
54000	0.33	0.54	0.54	0	0	0.33
54100	0.33	0.54	0.54	0	0	0.33
54200	0.33	0.54	0.54	0	0	0.33
54300	0.33	0.54	0.54	0	0	0.33
54400	0.33	0.54	0.54	0	0	0.33
54500	0.34	0.54	0.54	0	0	0.34
54600	0.34	0.54	0.54	0	0	0.34
54700	0.34	0.54	0.54	0	0	0.34
54800	0.34	0.54	0.54	0	0	0.34
54900	0.34	0.54	0.54	0	0	0.34
55000	0.34	0.54	0.54	0	0	0.34
55100	0.34	0.54	0.54	0	0	0.34
55200	0.34	0.54	0.54	0	0	0.34
55300	0.34	0.54	0.54	0	0	0.34
55400	0.34	0.54	0.54	0	0	0.34
55500	0.34	0.54	0.54	0	0	0.34
55600	0.34	0.54	0.54	0	0	0.34
55700	0.34	0.54	0.54	0	0	0.34
55800	0.34	0.54	0.54	0	0	0.34
55900	0.34	0.54	0.54	0	0	0.34
56000	0.34	0.54	0.54	0	0	0.34
56100	0.34	0.54	0.54	0	0	0.34
56200	0.34	0.54	0.54	0	0	0.34
56300	0.34	0.54	0.54	0	0	0.34
56400	0.34	0.54	0.54	0	0	0.34
56500	0.34	0.55	0.55	0	0	0.34
56600	0.34	0.54	0.54	0	0	0.34
56700	0.34	0.54	0.54	0	0	0.34
56800	0.34	0.54	0.54	0	0	0.34
56900	0.34	0.54	0.54	0	0	0.34
57000	0.34	0.54	0.54	0	0	0.34
57100	0.34	0.54	0.54	0	0	0.34
57200	0.34	0.54	0.54	0	0	0.34
57300	0.34	0.54	0.54	0	0	0.34
57400	0.34	0.54	0.54	0	0	0.34
57500	0.34	0.54	0.54	0	0	0.34
57600	0.36	0.54	0.54	0	0	0.36
57700	0.36	0.54	0.54	0	0	0.36
57800	0.35	0.53	0.53	0	0	0.35
57900	0.35	0.53	0.53	0	0	0.35
58000	0.35	0.53	0.53	0	0	0.35
58100	0.35	0.54	0.54	0	0	0.35
58200	0.35	0.56	0.56	0	0	0.35
58300	0.35	0.55	0.55	0	0	0.35
58400	0.35	0.55	0.55	0	0	0.35
58500	0.36	0.55	0.55	0	0	0.36
58600	0.36	0.55	0.55	0	0	0.36
58700	0.36	0.55	0.55	0	0	0.36
58800	0.36	0.55	0.55	0	0	0.36
58900	0.36	0.55	0.55	0	0	0.36
59000	0.37	0.55	0.55	0	0	0.37
59100	0.36	0.55	0.55	0	0	0.36
59200	0.36	0.55	0.55	0	0	0.36
59300	0.37	0.55	0.55	0	0	0.37
59400	0.37	0.55	0.55	0	0	0.37
59500	0.37	0.55	0.55	0	0	0.37
59600	0.37	0.55	0.55	0	0	0.37
59700	0.38	0.55	0.55	0	0	0.38
59800	0.38	0.55	0.55	0	0	0.38
59900	0.38	0.55	0.55	0	0	0.38
60000	0.38	0.55	0.55	0	0	0.38
60100	0.38	0.55	0.55	0	0	0.38
60200	0.38	0.55	0.55	0	0	0.38
60300	0.38	0.55	0.55	0	0	0.38
60400	0.38	0.55	0.55	0	0	0.38
60500	0.38	0.55	0.55	0	0	0.38
60600	0.38	0.55	0.55	0	0	0.38
60700	0.38	0.55	0.55	0	0	0.38
60800	0.38	0.55	0.55	0	0	0.38
60900	0.38	0.55	0.55	0	0	0.38
61000	0.38	0.55	0.55	0	0	0.38
61100	0.38	0.55	0.55	0	0	0.38
61200	0.38	0.55	0.55	0	0	0.38
61300	0.38	0.55	0.55	0	0	0.38
61400	0.38	0.55	0.55	0	0	0.38
61500	0.37	0.55	0.55	0	0	0.37
61600	0.37	0.55	0.55	0	0	0.37
61700	0.37	0.55	0.55	0	0	0.37
61800	0.38	0.54	0.54	0	0	0.38
61900	0.38	0.54	0.54	0	0	0.38
62000	0.38	0.54	0.54	0	0	0.38
62100	0.38	0.54	0.54	0	0	0.38
62200	0.38	0.54	0.54	0	0	0.38
62300	0.38	0.54	0.54	0	0	0.38
62400	0.38	0.54	0.54	0	0	0.38
62500	0.37	0.54	0.54	0	0	0.37
62600	0.37	0.54	0.54	0	0	0.37
62700	0.37	0.54	0.54	0	0	0.37
62800	0.37	0.54	0.54	0	0	0.37
62900	0.37	0.54	0.54	0	0	0.37
63000	0.36	0.54	0.54	0	0	0.36
63100	0.36	0.54	0.54	0	0	0.36
63200	0.36	0.54	0.54	0	0	0.36
63300	0.36	0.54	0.54	0	0	0.36
63400	0.36	0.54	0.54	0	0	0.36
63500	0.36	0.54	0.54	0	0	0.36
63600	0.36	0.54	0.54	0	0	0.36
63700	0.36	0.54	0.54	0	0	0.36
63800	0.36	0.54	0.54	0	0	0.36
63900	0.36	0.54	0.54	0	0	0.36
64000	0.36	0.54	0.54	0	0	0.36
64100	0.36	0.54	0.54	0	0	0.36
64200	0.36	0.54	0.54	0	0	0.36
64300	0.36	0.54	0.54	0	0	0.36
64400	0.36	0.54	0.54	0	0	0.36
64500	0.36	0.54	0.54	0	0	0.36
64600	0.36	0.54	0.54	0	0	0.36
64700	0.36	0.54	0.54	0	0	0.36
64800	0.36	0.54	0.54	0	0	0.36
64900	0.36	0.54	0.54	0	0	0.36
65000	0.36	0.54	0.54	0	0	0.36
65100	0.36	0.54	0.54	0	0	0.36
65200	0.36	0.54	0.54	0	0	0.36
65300	0.37	0.54	0.54	0	0	0.37
65400	0.37	0.54	0.54	0	0	0.37
65500	0.37	0.54	0.54	0	0	0.37
65600	0.37	0.54	0.54	0	0	0.37
65700	0.38	0.54	0.54	0	0	0.38
65800	0.38	0.54	0.54	0	0	0.38
65900	0.38	0.54	0.54	0	0	0.38
66000	0.38	0.54	0.54	0	0	0.38
66100	0.38	0.54	0.54	0	0	0.38
66200	0.38	0.54	0.54	0	0	0.38
66300	0.38	0.54	0.54	0	0	0.38
66400	0.38	0.54	0.54	0	0	0.38
66500	0.39	0.54	0.54	0	0	0.39
66600	0.39	0.54	0.54	0	0	0.39
66700	0.39	0.54	0.54	0	0	0.39
66800	0.39	0.54	0.54	0	0	0.39
66900	0.39	0.54	0.54	0	0	0.39
67000	0.39	0.54	0.54	0	0	0.39
67100	0.4	0.54	0.54	0	0	0.4
67200	0.39	0.54	0.54	0	0	0.39
67300	0.39	0.54	0.54	0	0	0.39
67400	0.39	0.54	0.54	0	0	0.39
67500	0.39	0.54	0.54	0	0	0.39
67600	0.39	0.54	0.54	0	0	0.39
67700	0.39	0.54	0.54	0	0	0.39
67800	0.39	0.54	0.54	0	0	0.39
67900	0.39	0.54	0.54	0	0	0.39
68000	0.39	0.54	0.54	0	0	0.39
68100	0.39	0.54	0.54	0	0	0.39
68200	0.39	0.54	0.54	0	0	0.39
68300	0.39	0.54	0.54	0	0	0.39
68400	0.39	0.54	0.54	0	0	0.39
68500	0.39	0.54	0.54	0	0	0.39
68600	0.39	0.54	0.54	0	0	0.39
68700	0.39	0.54	0.54	0	0	0.39
68800	0.39	0.54	0.54	0	0	0.39
68900	0.39	0.54	0.54	0	0	0.39
69000	0.39	0.54	0.54	0	0	0.39
69100	0.39	0.54	0.54	0	0	0.39
69200	0.39	0.54	0.54	0	0	0.39
69300	0.39	0.54	0.54	0	0	0.39
69400	0.39	0.54	0.54	0	0	0.39
69500	0.39	0.54	0.54	0	0	0.39
69600	0.39	0.54	0.54	0	0	0.39
69700	0.39	0.54	0.54	0	0	0.39
69800	0.39	0.54	0.54	0	0	0.39
69900	0.39	0.54	0.54	0	0	0.39
70000	0.39	0.54	0.54	0	0	0.39
70100	0.39	0.54	0.54	0	0	0.39
70200	0.39	0.54	0.54	0	0	0.39
70300	0.39	0.54	0.54	0	0	0.39
70400	0.39	0.54	0.54	0	0	0.39
70500	0.39	0.54	0.54	0	0	0.39
70600	0.39	0.54	0.54	0	0	0.39
70700	0.39	0.54	0.54	0	0	0.39
70800	0.39	0.54	0.54	0	0	0.39
70900	0.38	0.54	0.54	0	0	0.38
71000	0.38	0.54	0.54	0	0	0.38
71100	0.38	0.54	0.54	0	0	0.38
71200	0.38	0.54	0.54	0	0	0.38
71300	0.38	0.54	0.54	0	0	0.38
71400	0.38	0.54	0.54	0	0	0.38
71500	0.38	0.54	0.54	0	0	0.38
71600	0.38	0.54	0.54	0	0	0.38
71700	0.38	0.54	0.54	0	0	0.38
71800	0.38	0.54	0.54	0	0	0.38
71900	0.38	0.54	0.54	0	0	0.38
72000	0.39	0.54	0.54	0	0	0.39
72100	0.39	0.54	0.54	0	0	0.39
72200	0.38	0.54	0.54	0	0	0.38
72300	0.38	0.54	0.54	0	0	0.38
72400	0.38	0.54	0.54	0	0	0.38
72500	0.38	0.54	0.54	0	0	0.38
72600	0.38	0.54	0.54	0	0	0.38
72700	0.38	0.54	0.54	0	0	0.38
72800	0.38	0.54	0.54	0	0	0.38
72900	0.38	0.54	0.54	0	0	0.38
73000	0.38	0.54	0.54	0	0	0.38
73100	0.38	0.54	0.54	0	0	0.38
73200	0.38	0.54	0.54	0	0	0.38
73300	0.37	0.54	0.54	0	0	0.37
73400	0.36	0.54	0.54	0	0	0.36
73500	0.36	0.54	0.54	0	0	0.36
73600	0.35	0.54	0.54	0	0	0.35
73700	0.35	0.54	0.54	0	0	0.35
73800	0.35	0.54	0.54	0	0	0.35
73900	0.34	0.54	0.54	0	0	0.34
74000	0.34	0.54	0.54	0	0	0.34
74100	0.34	0.54	0.54	0	0	0.34
74200	0.34	0.54	0.54	0	0	0.34
74300	0.33	0.55	0.55	0	0	0.33
74400	0.33	0.55	0.55	0	0	0.33
74500	0.33	0.55	0.55	0	0	0.33
74600	0.33	0.55	0.55	0	0	0.33
74700	0.33	0.55	0.55	0	0	0.33
74800	0.33	0.55	0.55	0	0	0.33
74900	0.33	0.55	0.55	0	0	0.33
75000	0.33	0.55	0.55	0	0	0.33
75100	0.33	0.55	0.55	0	0	0.33
75200	0.33	0.55	0.55	0	0	0.33
75300	0.33	0.55	0.55	0	0	0.33
75400	0.33	0.55	0.55	0	0	0.33
75500	0.33	0.55	0.55	0	0	0.33
75600	0.34	0.55	0.55	0	0	0.34
75700	0.34	0.55	0.55	0	0	0.34
75800	0.34	0.55	0.55	0	0	0.34
75900	0.34	0.55	0.55	0	0	0.34
76000	0.34	0.55	0.55	0	0	0.34
76100	0.34	0.55	0.55	0	0	0.34
76200	0.34	0.55	0.55	0	0	0.34
76300	0.34	0.55	0.55	0	0	0.34
76400	0.34	0.55	0.55	0	0	0.34
76500	0.34	0.55	0.55	0	0	0.34
76600	0.34	0.55	0.55	0	0	0.34
76700	0.35	0.55	0.55	0	0	0.35
76800	0.35	0.55	0.55	0	0	0.35
76900	0.35	0.55	0.55	0	0	0.35
77000	0.35	0.55	0.55	0	0	0.35
77100	0.35	0.55	0.55	0	0	0.35
77200	0.35	0.55	0.55	0	0	0.35
77300	0.35	0.54	0.54	0	0	0.35
77400	0.35	0.54	0.54	0	0	0.35
77500	0.35	0.53	0.53	0	0	0.35
77600	0.35	0.54	0.54	0	0	0.35
77700	0.35	0.54	0.54	0	0	0.35
77800	0.34	0.54	0.54	0	0	0.34
77900	0.34	0.54	0.54	0	0	0.34
78000	0.33	0.54	0.54	0	0	0.33
78100	0.33	0.54	0.54	0	0	0.33
78200	0.32	0.55	0.55	0	0	0.32
78300	0.32	0.55	0.55	0	0	0.32
78400	0.32	0.55	0.55	0	0	0.32
78500	0.32	0.55	0.55	0	0	0.32
78600	0.32	0.55	0.55	0	0	0.32
78700	0.32	0.54	0.54	0	0	0.32
78800	0.32	0.54	0.54	0	0	0.32
78900	0.32	0.54	0.54	0	0	0.32
79000	0.32	0.53	0.53	0	0	0.32
79100	0.32	0.53	0.53	0	0	0.32
79200	0.32	0.53	0.53	0	0	0.32
79300	0.32	0.53	0.53	0	0	0.32
79400	0.32	0.53	0.53	0	0	0.32
79500	0.32	0.53	0.53	0	0	0.32
79600	0.32	0.53	0.53	0	0	0.32
79700	0.32	0.54	0.54	0	0	0.32
79800	0.32	0.54	0.54	0	0	0.32
79900	0.32	0.53	0.53	0	0	0.32
80000	0.32	0.53	0.53	0	0	0.32
80100	0.32	0.53	0.53	0	0	0.32
80200	0.32	0.53	0.53	0	0	0.32
80300	0.32	0.53	0.53	0	0	0.32
80400	0.32	0.53	0.53	0	0	0.32
80500	0.32	0.53	0.53	0	0	0.32
80600	0.32	0.53	0.53	0	0	0.32
80700	0.32	0.53	0.53	0	0	0.32
80800	0.32	0.53	0.53	0	0	0.32
80900	0.32	0.54	0.54	0	0	0.32
81000	0.33	0.53	0.53	0	0	0.33
81100	0.33	0.53	0.53	0	0	0.33
81200	0.33	0.54	0.54	0	0	0.33
81300	0.32	0.54	0.54	0	0	0.32
81400	0.32	0.54	0.54	0	0	0.32
81500	0.32	0.53	0.53	0	0	0.32
81600	0.32	0.53	0.53	0	0	0.32
81700	0.33	0.53	0.53	0	0	0.33
81800	0.33	0.53	0.53	0	0	0.33
81900	0.32	0.53	0.53	0	0	0.32
82000	0.32	0.53	0.53	0	0	0.32
82100	0.31	0.54	0.54	0	0	0.31
82200	0.31	0.53	0.53	0	0	0.31
82300	0.32	0.53	0.53	0	0	0.32
82400	0.32	0.53	0.53	0	0	0.32
82500	0.32	0.53	0.53	0	0	0.32
82600	0.32	0.53	0.53	0	0	0.32
82700	0.33	0.54	0.54	0	0	0.33
82800	0.33	0.54	0.54	0	0	0.33
82900	0.33	0.54	0.54	0	0	0.33
83000	0.33	0.54	0.54	0	0	0.33
83100	0.33	0.54	0.54	0	0	0.33
83200	0.33	0.54	0.54	0	0	0.33
83300	0.34	0.54	0.54	0	0	0.34
83400	0.33	0.54	0.54	0	0	0.33
83500	0.34	0.54	0.54	0	0	0.34
83600	0.34	0.54	0.54	0	0	0.34
83700	0.34	0.54	0.54	0	0	0.34
83800	0.34	0.54	0.54	0	0	0.34
83900	0.33	0.54	0.54	0	0	0.33
84000	0.33	0.54	0.54	0	0	0.33
84100	0.33	0.54	0.54	0	0	0.33
84200	0.33	0.54	0.54	0	0	0.33
84300	0.33	0.54	0.54	0	0	0.33
84400	0.33	0.54	0.54	0	0	0.33
84500	0.33	0.54	0.54	0	0	0.33
84600	0.33	0.54	0.54	0	0	0.33
84700	0.33	0.54	0.54	0	0	0.33
84800	0.32	0.54	0.54	0	0	0.32
84900	0.32	0.54	0.54	0	0	0.32
85000	0.32	0.55	0.55	0	0	0.32
85100	0.32	0.55	0.55	0	0	0.32
85200	0.33	0.55	0.55	0	0	0.33
85300	0.33	0.55	0.55	0	0	0.33
85400	0.33	0.55	0.55	0	0	0.33
85500	0.33	0.55	0.55	0	0	0.33
85600	0.33	0.55	0.55	0	0	0.33
85700	0.33	0.56	0.56	0	0	0.33
85800	0.33	0.55	0.55	0	0	0.33
85900	0.32	0.55	0.55	0	0	0.32
86000	0.32	0.56	0.56	0	0	0.32
86100	0.32	0.56	0.56	0	0	0.32
86200	0.32	0.56	0.56	0	0	0.32
86300	0.32	0.56	0.56	0	0	0.32
86400	0.32	0.56	0.56	0	0	0.32
86500	0.32	0.55	0.55	0	0	0.32
86600	0.32	0.55	0.55	0	0	0.32
86700	0.32	0.55	0.55	0	0	0.32
86800	0.32	0.55	0.55	0	0	0.32
86900	0.32	0.55	0.55	0	0	0.32
87000	0.32	0.55	0.55	0	0	0.32
87100	0.32	0.55	0.55	0	0	0.32
87200	0.32	0.55	0.55	0	0	0.32
87300	0.32	0.55	0.55	0	0	0.32
87400	0.32	0.55	0.55	0	0	0.32
87500	0.32	0.55	0.55	0	0	0.32
87600	0.32	0.55	0.55	0	0	0.32
87700	0.32	0.55	0.55	0	0	0.32
87800	0.33	0.55	0.55	0	0	0.33
87900	0.32	0.55	0.55	0	0	0.32
88000	0.32	0.55	0.55	0	0	0.32
88100	0.33	0.55	0.55	0	0	0.33
88200	0.33	0.55	0.55	0	0	0.33
88300	0.33	0.55	0.55	0	0	0.33
88400	0.33	0.55	0.55	0	0	0.33
88500	0.33	0.55	0.55	0	0	0.33
88600	0.34	0.55	0.55	0	0	0.34
88700	0.33	0.55	0.55	0	0	0.33
88800	0.33	0.55	0.55	0	0	0.33
88900	0.33	0.55	0.55	0	0	0.33
89000	0.33	0.54	0.54	0	0	0.33
89100	0.33	0.54	0.54	0	0	0.33
89200	0.34	0.54	0.54	0	0	0.34
89300	0.33	0.54	0.54	0	0	0.33
89400	0.33	0.54	0.54	0	0	0.33
89500	0.33	0.54	0.54	0	0	0.33
89600	0.33	0.54	0.54	0	0	0.33
89700	0.33	0.54	0.54	0	0	0.33
89800	0.33	0.55	0.55	0	0	0.33
89900	0.33	0.55	0.55	0	0	0.33
90000	0.33	0.55	0.55	0	0	0.33
90100	0.33	0.55	0.55	0	0	0.33
90200	0.33	0.55	0.55	0	0	0.33
90300	0.33	0.55	0.55	0	0	0.33
90400	0.33	0.55	0.55	0	0	0.33
90500	0.33	0.55	0.55	0	0	0.33
90600	0.33	0.55	0.55	0	0	0.33
90700	0.33	0.55	0.55	0	0	0.33
90800	0.33	0.55	0.55	0	0	0.33
90900	0.33	0.55	0.55	0	0	0.33
91000	0.33	0.55	0.55	0	0	0.33
91100	0.33	0.55	0.55	0	0	0.33
91200	0.33	0.55	0.55	0	0	0.33
91300	0.33	0.55	0.55	0	0	0.33
91400	0.34	0.55	0.55	0	0	0.34
91500	0.35	0.55	0.55	0	0	0.35
91600	0.35	0.55	0.55	0	0	0.35
91700	0.34	0.55	0.55	0	0	0.34
91800	0.34	0.55	0.55	0	0	0.34
91900	0.34	0.55	0.55	0	0	0.34
92000	0.34	0.55	0.55	0	0	0.34
92100	0.34	0.55	0.55	0	0	0.34
92200	0.34	0.55	0.55	0	0	0.34
92300	0.34	0.55	0.55	0	0	0.34
92400	0.34	0.55	0.55	0	0	0.34
92500	0.34	0.55	0.55	0	0	0.34
92600	0.34	0.55	0.55	0	0	0.34
92700	0.34	0.55	0.55	0	0	0.34
92800	0.34	0.55	0.55	0	0	0.34
92900	0.34	0.55	0.55	0	0	0.34
93000	0.34	0.55	0.55	0	0	0.34
93100	0.34	0.55	0.55	0	0	0.34
93200	0.34	0.55	0.55	0	0	0.34
93300	0.34	0.55	0.55	0	0	0.34
93400	0.34	0.55	0.55	0	0	0.34
93500	0.34	0.55	0.55	0	0	0.34
93600	0.34	0.55	0.55	0	0	0.34
93700	0.34	0.55	0.55	0	0	0.34
93800	0.34	0.55	0.55	0	0	0.34
93900	0.34	0.55	0.55	0	0	0.34
94000	0.34	0.55	0.55	0	0	0.34
94100	0.34	0.55	0.55	0	0	0.34
94200	0.34	0.55	0.55	0	0	0.34
94300	0.35	0.55	0.55	0	0	0.35
94400	0.35	0.55	0.55	0	0	0.35
94500	0.35	0.55	0.55	0	0	0.35
94600	0.35	0.55	0.55	0	0	0.35
94700	0.35	0.55	0.55	0	0	0.35
94800	0.35	0.55	0.55	0	0	0.35
94900	0.35	0.55	0.55	0	0	0.35
95000	0.36	0.55	0.55	0	0	0.36
95100	0.36	0.55	0.55	0	0	0.36
95200	0.35	0.55	0.55	0	0	0.35
95300	0.35	0.55	0.55	0	0	0.35
95400	0.35	0.55	0.55	0	0	0.35
95500	0.35	0.55	0.55	0	0	0.35
95600	0.35	0.55	0.55	0	0	0.35
95700	0.35	0.55	0.55	0	0	0.35
95800	0.35	0.55	0.55	0	0	0.35
95900	0.36	0.55	0.55	0	0	0.36
96000	0.36	0.55	0.55	0	0	0.36
96100	0.36	0.55	0.55	0	0	0.36
96200	0.36	0.55	0.55	0	0	0.36
96300	0.36	0.55	0.55	0	0	0.36
96400	0.36	0.55	0.55	0	0	0.36
96500	0.36	0.55	0.55	0	0	0.36
96600	0.36	0.55	0.55	0	0	0.36
96700	0.37	0.55	0.55	0	0	0.37
96800	0.37	0.55	0.55	0	0	0.37
96900	0.37	0.55	0.55	0	0	0.37
97000	0.37	0.55	0.55	0	0	0.37
97100	0.37	0.55	0.55	0	0	0.37
97200	0.37	0.55	0.55	0	0	0.37
97300	0.37	0.55	0.55	0	0	0.37
97400	0.37	0.55	0.55	0	0	0.37
97500	0.37	0.55	0.55	0	0	0.37
97600	0.37	0.55	0.55	0	0	0.37
97700	0.36	0.55	0.55	0	0	0.36
97800	0.36	0.55	0.55	0	0	0.36
97900	0.36	0.55	0.55	0	0	0.36
98000	0.36	0.55	0.55	0	0	0.36
98100	0.36	0.55	0.55	0	0	0.36
98200	0.36	0.55	0.55	0	0	0.36
98300	0.36	0.55	0.55	0	0	0.36
98400	0.37	0.55	0.55	0	0	0.37
98500	0.36	0.55	0.55	0	0	0.36
98600	0.36	0.55	0.55	0	0	0.36
98700	0.36	0.55	0.55	0	0	0.36
98800	0.36	0.54	0.54	0	0	0.36
98900	0.36	0.54	0.54	0	0	0.36
99000	0.36	0.54	0.54	0	0	0.36
99100	0.36	0.54	0.54	0	0	0.36
99200	0.36	0.54	0.54	0	0	0.36
99300	0.36	0.54	0.54	0	0	0.36
99400	0.36	0.54	0.54	0	0	0.36
99500	0.36	0.54	0.54	0	0	0.36
99600	0.36	0.54	0.54	0	0	0.36
99700	0.36	0.54	0.54	0	0	0.36
99800	0.36	0.55	0.55	0	0	0.36
99900	0.36	0.54	0.54	0	0	0.36
100000	0.36	0.54	0.54	0	0	0.36
100100	0.36	0.54	0.54	0	0	0.36
100200	0.36	0.54	0.54	0	0	0.36
100300	0.36	0.54	0.54	0	0	0.36
100400	0.36	0.54	0.54	0	0	0.36
100500	0.36	0.54	0.54	0	0	0.36
100600	0.36	0.54	0.54	0	0	0.36
100700	0.36	0.55	0.55	0	0	0.36
100800	0.36	0.54	0.54	0	0	0.36
100900	0.36	0.54	0.54	0	0	0.36
101000	0.36	0.54	0.54	0	0	0.36
101100	0.36	0.54	0.54	0	0	0.36
101200	0.36	0.54	0.54	0	0	0.36
101300	0.36	0.54	0.54	0	0	0.36
101400	0.36	0.54	0.54	0	0	0.36
101500	0.36	0.55	0.55	0	0	0.36
101600	0.36	0.55	0.55	0	0	0.36
101700	0.36	0.55	0.55	0	0	0.36
101800	0.36	0.55	0.55	0	0	0.36
101900	0.36	0.56	0.56	0	0	0.36
102000	0.36	0.55	0.55	0	0	0.36
102100	0.36	0.55	0.55	0	0	0.36
102200	0.36	0.55	0.55	0	0	0.36
102300	0.36	0.55	0.55	0	0	0.36
102400	0.36	0.55	0.55	0	0	0.36
102500	0.36	0.55	0.55	0	0	0.36
102600	0.36	0.55	0.55	0	0	0.36
102700	0.36	0.56	0.56	0	0	0.36
102800	0.36	0.56	0.56	0	0	0.36
102900	0.36	0.56	0.56	0	0	0.36
103000	0.37	0.56	0.56	0	0	0.37
103100	0.37	0.56	0.56	0	0	0.37
103200	0.37	0.56	0.56	0	0	0.37
103300	0.36	0.56	0.56	0	0	0.36
103400	0.36	0.56	0.56	0	0	0.36
103500	0.36	0.56	0.56	0	0	0.36
103600	0.36	0.56	0.56	0	0	0.36
103700	0.36	0.56	0.56	0	0	0.36
103800	0.37	0.56	0.56	0	0	0.37
103900	0.37	0.56	0.56	0	0	0.37
104000	0.37	0.55	0.55	0	0	0.37
104100	0.38	0.55	0.55	0	0	0.38
104200	0.38	0.55	0.55	0	0	0.38
104300	0.38	0.55	0.55	0	0	0.38
104400	0.38	0.54	0.54	0	0	0.38
104500	0.37	0.54	0.54	0	0	0.37
104600	0.37	0.54	0.54	0	0	0.37
104700	0.37	0.54	0.54	0	0	0.37
104800	0.37	0.55	0.55	0	0	0.37
104900	0.37	0.55	0.55	0	0	0.37
105000	0.37	0.55	0.55	0	0	0.37
105100	0.37	0.55	0.55	0	0	0.37
105200	0.37	0.55	0.55	0	0	0.37
105300	0.37	0.55	0.55	0	0	0.37
105400	0.37	0.55	0.55	0	0	0.37
105500	0.37	0.55	0.55	0	0	0.37
105600	0.37	0.55	0.55	0	0	0.37
105700	0.37	0.55	0.55	0	0	0.37
105800	0.38	0.55	0.55	0	0	0.38
105900	0.37	0.55	0.55	0	0	0.37
106000	0.37	0.55	0.55	0	0	0.37
106100	0.37	0.54	0.54	0	0	0.37
106200	0.37	0.54	0.54	0	0	0.37
106300	0.37	0.54	0.54	0	0	0.37
106400	0.37	0.54	0.54	0	0	0.37
106500	0.37	0.54	0.54	0	0	0.37
106600	0.37	0.54	0.54	0	0	0.37
106700	0.37	0.54	0.54	0	0	0.37
106800	0.37	0.54	0.54	0	0	0.37
106900	0.37	0.54	0.54	0	0	0.37
107000	0.37	0.54	0.54	0	0	0.37
107100	0.37	0.54	0.54	0	0	0.37
107200	0.37	0.54	0.54	0	0	0.37
107300	0.37	0.54	0.54	0	0	0.37
107400	0.36	0.54	0.54	0	0	0.36
107500	0.35	0.54	0.54	0	0	0.35
107600	0.35	0.54	0.54	0	0	0.35
107700	0.35	0.54	0.54	0	0	0.35
107800	0.35	0.54	0.54	0	0	0.35
107900	0.36	0.54	0.54	0	0	0.36
108000	0.36	0.54	0.54	0	0	0.36
108100	0.36	0.54	0.54	0	0	0.36
108200	0.35	0.54	0.54	0	0	0.35
108300	0.35	0.54	0.54	0	0	0.35
108400	0.35	0.54	0.54	0	0	0.35
108500	0.35	0.54	0.54	0	0	0.35
108600	0.35	0.54	0.54	0	0	0.35
108700	0.35	0.54	0.54	0	0	0.35
108800	0.35	0.54	0.54	0	0	0.35
108900	0.35	0.54	0.54	0	0	0.35
109000	0.36	0.54	0.54	0	0	0.36
109100	0.37	0.54	0.54	0	0	0.37
109200	0.37	0.54	0.54	0	0	0.37
109300	0.37	0.54	0.54	0	0	0.37
109400	0.37	0.54	0.54	0	0	0.37
109500	0.37	0.54	0.54	0	0	0.37
109600	0.38	0.54	0.54	0	0	0.38
109700	0.38	0.54	0.54	0	0	0.38
109800	0.38	0.54	0.54	0	0	0.38
109900	0.37	0.54	0.54	0	0	0.37
110000	0.38	0.54	0.54	0	0	0.38
110100	0.38	0.54	0.54	0	0	0.38
110200	0.38	0.54	0.54	0	0	0.38
110300	0.38	0.54	0.54	0	0	0.38
110400	0.38	0.54	0.54	0	0	0.38
110500	0.39	0.54	0.54	0	0	0.39
110600	0.39	0.54	0.54	0	0	0.39
110700	0.39	0.54	0.54	0	0	0.39
110800	0.39	0.54	0.54	0	0	0.39
110900	0.39	0.54	0.54	0	0	0.39
111000	0.39	0.55	0.55	0	0	0.39
111100	0.39	0.55	0.55	0	0	0.39
111200	0.39	0.55	0.55	0	0	0.39
111300	0.39	0.55	0.55	0	0	0.39
111400	0.39	0.56	0.56	0	0	0.39
111500	0.39	0.56	0.56	0	0	0.39
111600	0.39	0.58	0.58	0	0	0.39
111700	0.39	0.58	0.58	0	0	0.39
111800	0.39	0.58	0.58	0	0	0.39
111900	0.39	0.58	0.58	0	0	0.39
112000	0.39	0.58	0.58	0	0	0.39
112100	0.39	0.58	0.58	0	0	0.39
112200	0.39	0.58	0.58	0	0	0.39
112300	0.39	0.58	0.58	0	0	0.39
112400	0.39	0.58	0.58	0	0	0.39
112500	0.39	0.58	0.58	0	0	0.39
112600	0.39	0.58	0.58	0	0	0.39
112700	0.39	0.58	0.58	0	0	0.39
112800	0.39	0.58	0.58	0	0	0.39
112900	0.39	0.58	0.58	0	0	0.39
113000	0.39	0.59	0.59	0	0	0.39
113100	0.39	0.59	0.59	0	0	0.39
113200	0.39	0.59	0.59	0	0	0.39
113300	0.39	0.58	0.58	0	0	0.39
113400	0.39	0.58	0.58	0	0	0.39
113500	0.39	0.58	0.58	0	0	0.39
113600	0.39	0.57	0.57	0	0	0.39
113700	0.39	0.57	0.57	0	0	0.39
113800	0.39	0.57	0.57	0	0	0.39
113900	0.39	0.57	0.57	0	0	0.39
114000	0.39	0.57	0.57	0	0	0.39
114100	0.39	0.57	0.57	0	0	0.39
114200	0.39	0.57	0.57	0	0	0.39
114300	0.39	0.57	0.57	0	0	0.39
114400	0.39	0.57	0.57	0	0	0.39
114500	0.39	0.57	0.57	0	0	0.39
114600	0.39	0.57	0.57	0	0	0.39
114700	0.39	0.57	0.57	0	0	0.39
114800	0.39	0.56	0.56	0	0	0.39
114900	0.39	0.56	0.56	0	0	0.39
115000	0.39	0.56	0.56	0	0	0.39
115100	0.39	0.56	0.56	0	0	0.39
115200	0.39	0.56	0.56	0	0	0.39
115300	0.39	0.56	0.56	0	0	0.39
115400	0.39	0.56	0.56	0	0	0.39
115500	0.39	0.56	0.56	0	0	0.39
115600	0.39	0.56	0.56	0	0	0.39
115700	0.39	0.56	0.56	0	0	0.39
115800	0.39	0.56	0.56	0	0	0.39
115900	0.39	0.56	0.56	0	0	0.39
116000	0.39	0.56	0.56	0	0	0.39
116100	0.39	0.56	0.56	0	0	0.39
116200	0.39	0.56	0.56	0	0	0.39
116300	0.39	0.56	0.56	0	0	0.39
116400	0.39	0.56	0.56	0	0	0.39
116500	0.39	0.56	0.56	0	0	0.39
116600	0.39	0.57	0.57	0	0	0.39
116700	0.39	0.57	0.57	0	0	0.39
116800	0.39	0.57	0.57	0	0	0.39
116900	0.39	0.57	0.57	0	0	0.39
117000	0.39	0.56	0.56	0	0	0.39
117100	0.39	0.56	0.56	0	0	0.39
117200	0.39	0.56	0.56	0	0	0.39
117300	0.39	0.56	0.56	0	0	0.39
117400	0.39	0.56	0.56	0	0	0.39
117500	0.39	0.56	0.56	0	0	0.39
117600	0.39	0.56	0.56	0	0	0.39
117700	0.39	0.56	0.56	0	0	0.39
117800	0.39	0.56	0.56	0	0	0.39
117900	0.39	0.56	0.56	0	0	0.39
118000	0.39	0.56	0.56	0	0	0.39
118100	0.39	0.56	0.56	0	0	0.39
118200	0.39	0.56	0.56	0	0	0.39
118300	0.39	0.56	0.56	0	0	0.39
118400	0.4	0.56	0.56	0	0	0.4
118500	0.39	0.56	0.56	0	0	0.39
118600	0.39	0.56	0.56	0	0	0.39
118700	0.39	0.56	0.56	0	0	0.39
118800	0.39	0.56	0.56	0	0	0.39
118900	0.39	0.56	0.56	0	0	0.39
119000	0.39	0.56	0.56	0	0	0.39
119100	0.39	0.56	0.56	0	0	0.39
119200	0.39	0.56	0.56	0	0	0.39
119300	0.39	0.56	0.56	0	0	0.39
119400	0.39	0.56	0.56	0	0	0.39
119500	0.39	0.56	0.56	0	0	0.39
119600	0.39	0.56	0.56	0	0	0.39
119700	0.39	0.56	0.56	0	0	0.39
119800	0.39	0.56	0.56	0	0	0.39
119900	0.39	0.56	0.56	0	0	0.39
120000	0.39	0.56	0.56	0	0	0.39
120100	0.39	0.56	0.56	0	0	0.39
120200	0.39	0.56	0.56	0	0	0.39
120300	0.39	0.56	0.56	0	0	0.39
120400	0.39	0.56	0.56	0	0	0.39
120500	0.39	0.56	0.56	0	0	0.39
120600	0.39	0.56	0.56	0	0	0.39
120700	0.39	0.56	0.56	0	0	0.39
120800	0.39	0.56	0.56	0	0	0.39
120900	0.39	0.56	0.56	0	0	0.39
121000	0.39	0.56	0.56	0	0	0.39
121100	0.39	0.56	0.56	0	0	0.39
121200	0.39	0.57	0.57	0	0	0.39
121300	0.39	0.57	0.57	0	0	0.39
121400	0.39	0.57	0.57	0	0	0.39
121500	0.39	0.57	0.57	0	0	0.39
121600	0.39	0.57	0.57	0	0	0.39
121700	0.39	0.57	0.57	0	0	0.39
121800	0.39	0.57	0.57	0	0	0.39
121900	0.39	0.57	0.57	0	0	0.39
122000	0.39	0.57	0.57	0	0	0.39
122100	0.39	0.57	0.57	0	0	0.39
122200	0.39	0.57	0.57	0	0	0.39
122300	0.39	0.57	0.57	0	0	0.39
122400	0.39	0.57	0.57	0	0	0.39
122500	0.39	0.57	0.57	0	0	0.39
122600	0.39	0.58	0.58	0	0	0.39
122700	0.39	0.58	0.58	0	0	0.39
122800	0.39	0.58	0.58	0	0	0.39
122900	0.39	0.58	0.58	0	0	0.39
123000	0.39	0.58	0.58	0	0	0.39
123100	0.39	0.58	0.58	0	0	0.39
123200	0.39	0.58	0.58	0	0	0.39
123300	0.39	0.58	0.58	0	0	0.39
123400	0.39	0.57	0.57	0	0	0.39
123500	0.39	0.57	0.57	0	0	0.39
123600	0.39	0.57	0.57	0	0	0.39
123700	0.39	0.57	0.57	0	0	0.39
123800	0.39	0.57	0.57	0	0	0.39
123900	0.39	0.57	0.57	0	0	0.39
124000	0.39	0.56	0.56	0	0	0.39
124100	0.39	0.55	0.55	0	0	0.39
124200	0.39	0.55	0.55	0	0	0.39
124300	0.39	0.55	0.55	0	0	0.39
124400	0.39	0.55	0.55	0	0	0.39
124500	0.39	0.55	0.55	0	0	0.39
124600	0.39	0.55	0.55	0	0	0.39
124700	0.39	0.55	0.55	0	0	0.39
124800	0.39	0.55	0.55	0	0	0.39
124900	0.39	0.55	0.55	0	0	0.39
125000	0.39	0.55	0.55	0	0	0.39
125100	0.39	0.54	0.54	0	0	0.39
125200	0.39	0.54	0.54	0	0	0.39
125300	0.39	0.54	0.54	0	0	0.39
125400	0.39	0.54	0.54	0	0	0.39
125500	0.39	0.54	0.54	0	0	0.39
125600	0.39	0.54	0.54	0	0	0.39
125700	0.39	0.54	0.54	0	0	0.39
125800	0.39	0.54	0.54	0	0	0.39
125900	0.39	0.54	0.54	0	0	0.39
126000	0.39	0.54	0.54	0	0	0.39
126100	0.39	0.54	0.54	0	0	0.39
126200	0.39	0.54	0.54	0	0	0.39
126300	0.39	0.54	0.54	0	0	0.39
126400	0.39	0.55	0.55	0	0	0.39
126500	0.39	0.54	0.54	0	0	0.39
126600	0.39	0.54	0.54	0	0	0.39
126700	0.39	0.54	0.54	0	0	0.39
126800	0.39	0.54	0.54	0	0	0.39
126900	0.39	0.54	0.54	0	0	0.39
127000	0.39	0.54	0.54	0	0	0.39
127100	0.39	0.54	0.54	0	0	0.39
127200	0.39	0.54	0.54	0	0	0.39
127300	0.39	0.54	0.54	0	0	0.39
127400	0.39	0.54	0.54	0	0	0.39
127500	0.39	0.54	0.54	0	0	0.39
127600	0.39	0.54	0.54	0	0	0.39
127700	0.39	0.54	0.54	0	0	0.39
127800	0.39	0.54	0.54	0	0	0.39
127900	0.39	0.54	0.54	0	0	0.39
128000	0.39	0.54	0.54	0	0	0.39
128100	0.39	0.54	0.54	0	0	0.39
128200	0.39	0.54	0.54	0	0	0.39
128300	0.39	0.54	0.54	0	0	0.39
128400	0.39	0.54	0.54	0	0	0.39
128500	0.39	0.54	0.54	0	0	0.39
128600	0.39	0.54	0.54	0	0	0.39
128700	0.39	0.54	0.54	0	0	0.39
128800	0.39	0.54	0.54	0	0	0.39
128900	0.39	0.54	0.54	0	0	0.39
129000	0.39	0.54	0.54	0	0	0.39
129100	0.39	0.54	0.54	0	0	0.39
129200	0.39	0.54	0.54	0	0	0.39
129300	0.39	0.54	0.54	0	0	0.39
129400	0.39	0.54	0.54	0	0	0.39
129500	0.39	0.54	0.54	0	0	0.39
129600	0.39	0.54	0.54	0	0	0.39
129700	0.39	0.54	0.54	0	0	0.39
129800	0.39	0.54	0.54	0	0	0.39
129900	0.39	0.54	0.54	0	0	0.39
130000	0.39	0.54	0.54	0	0	0.39
130100	0.39	0.54	0.54	0	0	0.39
130200	0.39	0.55	0.55	0	0	0.39
130300	0.39	0.55	0.55	0	0	0.39
130400	0.39	0.55	0.55	0	0	0.39
130500	0.39	0.55	0.55	0	0	0.39
130600	0.39	0.55	0.55	0	0	0.39
130700	0.39	0.55	0.55	0	0	0.39
130800	0.39	0.55	0.55	0	0	0.39
130900	0.39	0.55	0.55	0	0	0.39
131000	0.39	0.56	0.56	0	0	0.39
131100	0.39	0.55	0.55	0	0	0.39
131200	0.39	0.55	0.55	0	0	0.39
131300	0.39	0.55	0.55	0	0	0.39
131400	0.39	0.55	0.55	0	0	0.39
131500	0.39	0.55	0.55	0	0	0.39
131600	0.39	0.55	0.55	0	0	0.39
131700	0.39	0.55	0.55	0	0	0.39
131800	0.39	0.55	0.55	0	0	0.39
131900	0.39	0.55	0.55	0	0	0.39
132000	0.39	0.55	0.55	0	0	0.39
132100	0.39	0.55	0.55	0	0	0.39
132200	0.39	0.55	0.55	0	0	0.39
132300	0.39	0.55	0.55	0	0	0.39
132400	0.39	0.55	0.55	0	0	0.39
132500	0.39	0.55	0.55	0	0	0.39
132600	0.39	0.55	0.55	0	0	0.39
132700	0.39	0.55	0.55	0	0	0.39
132800	0.39	0.55	0.55	0	0	0.39
132900	0.39	0.55	0.55	0	0	0.39
133000	0.39	0.55	0.55	0	0	0.39
133100	0.39	0.55	0.55	0	0	0.39
133200	0.39	0.55	0.55	0	0	0.39
133300	0.39	0.55	0.55	0	0	0.39
133400	0.39	0.55	0.55	0	0	0.39
133500	0.39	0.55	0.55	0	0	0.39
133600	0.39	0.55	0.55	0	0	0.39
133700	0.39	0.55	0.55	0	0	0.39
133800	0.39	0.56	0.56	0	0	0.39
133900	0.39	0.55	0.55	0	0	0.39
134000	0.39	0.55	0.55	0	0	0.39
134100	0.39	0.55	0.55	0	0	0.39
134200	0.39	0.55	0.55	0	0	0.39
134300	0.39	0.55	0.55	0	0	0.39
134400	0.38	0.55	0.55	0	0	0.38
134500	0.38	0.55	0.55	0	0	0.38
134600	0.38	0.55	0.55	0	0	0.38
134700	0.38	0.55	0.55	0	0	0.38
134800	0.38	0.55	0.55	0	0	0.38
134900	0.39	0.55	0.55	0	0	0.39
135000	0.39	0.55	0.55	0	0	0.39
135100	0.39	0.55	0.55	0	0	0.39
135200	0.4	0.55	0.55	0	0	0.4
135300	0.39	0.55	0.55	0	0	0.39
135400	0.38	0.55	0.55	0	0	0.38
135500	0.38	0.55	0.55	0	0	0.38
135600	0.38	0.55	0.55	0	0	0.38
135700	0.38	0.55	0.55	0	0	0.38
135800	0.38	0.55	0.55	0	0	0.38
135900	0.38	0.55	0.55	0	0	0.38
136000	0.38	0.55	0.55	0	0	0.38
136100	0.38	0.55	0.55	0	0	0.38
136200	0.38	0.55	0.55	0	0	0.38
136300	0.39	0.55	0.55	0	0	0.39
136400	0.38	0.55	0.55	0	0	0.38
136500	0.38	0.55	0.55	0	0	0.38
136600	0.38	0.55	0.55	0	0	0.38
136700	0.38	0.55	0.55	0	0	0.38
136800	0.38	0.55	0.55	0	0	0.38
136900	0.38	0.55	0.55	0	0	0.38
137000	0.38	0.55	0.55	0	0	0.38
137100	0.38	0.55	0.55	0	0	0.38
137200	0.38	0.55	0.55	0	0	0.38
137300	0.38	0.55	0.55	0	0	0.38
137400	0.38	0.55	0.55	0	0	0.38
137500	0.38	0.55	0.55	0	0	0.38
137600	0.38	0.55	0.55	0	0	0.38
137700	0.38	0.55	0.55	0	0	0.38
137800	0.38	0.55	0.55	0	0	0.38
137900	0.38	0.55	0.55	0	0	0.38
138000	0.38	0.55	0.55	0	0	0.38
138100	0.38	0.55	0.55	0	0	0.38
138200	0.38	0.55	0.55	0	0	0.38
138300	0.37	0.55	0.55	0	0	0.37
138400	0.37	0.55	0.55	0	0	0.37
138500	0.37	0.55	0.55	0	0	0.37
138600	0.37	0.55	0.55	0	0	0.37
138700	0.37	0.55	0.55	0	0	0.37
138800	0.37	0.56	0.56	0	0	0.37
138900	0.37	0.55	0.55	0	0	0.37
139000	0.37	0.55	0.55	0	0	0.37
139100	0.37	0.55	0.55	0	0	0.37
139200	0.37	0.55	0.55	0	0	0.37
139300	0.37	0.55	0.55	0	0	0.37
139400	0.37	0.55	0.55	0	0	0.37
139500	0.37	0.55	0.55	0	0	0.37
139600	0.37	0.55	0.55	0	0	0.37
139700	0.37	0.55	0.55	0	0	0.37
139800	0.37	0.55	0.55	0	0	0.37
139900	0.37	0.55	0.55	0	0	0.37
140000	0.37	0.55	0.55	0	0	0.37
140100	0.37	0.55	0.55	0	0	0.37
140200	0.37	0.55	0.55	0	0	0.37
140300	0.37	0.55	0.55	0	0	0.37
140400	0.37	0.55	0.55	0	0	0.37
140500	0.37	0.55	0.55	0	0	0.37
140600	0.37	0.55	0.55	0	0	0.37
140700	0.37	0.55	0.55	0	0	0.37
140800	0.37	0.55	0.55	0	0	0.37
140900	0.36	0.55	0.55	0	0	0.36
141000	0.36	0.55	0.55	0	0	0.36
141100	0.36	0.55	0.55	0	0	0.36
141200	0.36	0.55	0.55	0	0	0.36
141300	0.36	0.55	0.55	0	0	0.36
141400	0.36	0.55	0.55	0	0	0.36
141500	0.36	0.55	0.55	0	0	0.36
141600	0.36	0.55	0.55	0	0	0.36
141700	0.36	0.55	0.55	0	0	0.36
141800	0.36	0.55	0.55	0	0	0.36
141900	0.36	0.54	0.54	0	0	0.36
142000	0.36	0.54	0.54	0	0	0.36
142100	0.36	0.54	0.54	0	0	0.36
142200	0.37	0.54	0.54	0	0	0.37
142300	0.37	0.54	0.54	0	0	0.37
142400	0.37	0.54	0.54	0	0	0.37
142500	0.37	0.54	0.54	0	0	0.37
142600	0.37	0.54	0.54	0	0	0.37
142700	0.37	0.54	0.54	0	0	0.37
142800	0.37	0.54	0.54	0	0	0.37
142900	0.37	0.54	0.54	0	0	0.37
143000	0.37	0.54	0.54	0	0	0.37
143100	0.37	0.54	0.54	0	0	0.37
143200	0.37	0.54	0.54	0	0	0.37
143300	0.37	0.54	0.54	0	0	0.37
143400	0.37	0.54	0.54	0	0	0.37
143500	0.37	0.54	0.54	0	0	0.37
143600	0.37	0.54	0.54	0	0	0.37
143700	0.37	0.54	0.54	0	0	0.37
143800	0.37	0.54	0.54	0	0	0.37
143900	0.37	0.54	0.54	0	0	0.37
144000	0.37	0.54	0.54	0	0	0.37
144100	0.37	0.55	0.55	0	0	0.37
144200	0.37	0.54	0.54	0	0	0.37
144300	0.37	0.54	0.54	0	0	0.37
144400	0.38	0.54	0.54	0	0	0.38
144500	0.38	0.54	0.54	0	0	0.38
144600	0.38	0.54	0.54	0	0	0.38
144700	0.38	0.54	0.54	0	0	0.38
144800	0.38	0.54	0.54	0	0	0.38
144900	0.38	0.54	0.54	0	0	0.38
145000	0.38	0.54	0.54	0	0	0.38
145100	0.38	0.54	0.54	0	0	0.38
145200	0.38	0.54	0.54	0	0	0.38
145300	0.38	0.54	0.54	0	0	0.38
145400	0.38	0.54	0.54	0	0	0.38
145500	0.38	0.54	0.54	0	0	0.38
145600	0.38	0.54	0.54	0	0	0.38
145700	0.38	0.54	0.54	0	0	0.38
145800	0.38	0.54	0.54	0	0	0.38
145900	0.38	0.54	0.54	0	0	0.38
146000	0.38	0.54	0.54	0	0	0.38
146100	0.38	0.54	0.54	0	0	0.38
146200	0.38	0.54	0.54	0	0	0.38
146300	0.39	0.54	0.54	0	0	0.39
146400	0.38	0.54	0.54	0	0	0.38
146500	0.38	0.54	0.54	0	0	0.38
146600	0.38	0.54	0.54	0	0	0.38
146700	0.38	0.54	0.54	0	0	0.38
146800	0.39	0.54	0.54	0	0	0.39
146900	0.38	0.54	0.54	0	0	0.38
147000	0.38	0.54	0.54	0	0	0.38
147100	0.38	0.54	0.54	0	0	0.38
147200	0.38	0.54	0.54	0	0	0.38
147300	0.38	0.54	0.54	0	0	0.38
147400	0.38	0.54	0.54	0	0	0.38
147500	0.38	0.54	0.54	0	0	0.38
147600	0.38	0.54	0.54	0	0	0.38
147700	0.38	0.54	0.54	0	0	0.38
147800	0.39	0.54	0.54	0	0	0.39
147900	0.39	0.54	0.54	0	0	0.39
148000	0.39	0.54	0.54	0	0	0.39
148100	0.39	0.54	0.54	0	0	0.39
148200	0.39	0.54	0.54	0	0	0.39
148300	0.39	0.54	0.54	0	0	0.39
148400	0.39	0.54	0.54	0	0	0.39
148500	0.39	0.54	0.54	0	0	0.39
148600	0.39	0.54	0.54	0	0	0.39
148700	0.39	0.55	0.55	0	0	0.39
148800	0.39	0.54	0.54	0	0	0.39
148900	0.39	0.54	0.54	0	0	0.39
149000	0.39	0.54	0.54	0	0	0.39
149100	0.39	0.54	0.54	0	0	0.39
149200	0.39	0.54	0.54	0	0	0.39
149300	0.39	0.54	0.54	0	0	0.39
149400	0.39	0.54	0.54	0	0	0.39
149500	0.39	0.54	0.54	0	0	0.39
149600	0.39	0.54	0.54	0	0	0.39
149700	0.39	0.54	0.54	0	0	0.39
149800	0.39	0.54	0.54	0	0	0.39
149900	0.39	0.54	0.54	0	0	0.39
150000	0.39	0.54	0.54	0	0	0.39
150100	0.39	0.54	0.54	0	0	0.39
150200	0.39	0.54	0.54	0	0	0.39
150300	0.39	0.54	0.54	0	0	0.39
150400	0.39	0.55	0.55	0	0	0.39
150500	0.39	0.55	0.55	0	0	0.39
150600	0.39	0.54	0.54	0	0	0.39
150700	0.39	0.54	0.54	0	0	0.39
150800	0.39	0.54	0.54	0	0	0.39
150900	0.39	0.54	0.54	0	0	0.39
151000	0.39	0.54	0.54	0	0	0.39
151100	0.39	0.54	0.54	0	0	0.39
151200	0.39	0.54	0.54	0	0	0.39
151300	0.39	0.55	0.55	0	0	0.39
151400	0.39	0.54	0.54	0	0	0.39
151500	0.39	0.54	0.54	0	0	0.39
151600	0.39	0.54	0.54	0	0	0.39
151700	0.39	0.54	0.54	0	0	0.39
151800	0.39	0.54	0.54	0	0	0.39
151900	0.39	0.54	0.54	0	0	0.39
152000	0.39	0.54	0.54	0	0	0.39
152100	0.39	0.54	0.54	0	0	0.39
152200	0.39	0.54	0.54	0	0	0.39
152300	0.39	0.54	0.54	0	0	0.39
152400	0.39	0.54	0.54	0	0	0.39
152500	0.39	0.54	0.54	0	0	0.39
152600	0.39	0.54	0.54	0	0	0.39
152700	0.39	0.54	0.54	0	0	0.39
152800	0.39	0.54	0.54	0	0	0.39
152900	0.39	0.54	0.54	0	0	0.39
153000	0.39	0.54	0.54	0	0	0.39
153100	0.39	0.54	0.54	0	0	0.39
153200	0.39	0.54	0.54	0	0	0.39
153300	0.39	0.54	0.54	0	0	0.39
153400	0.39	0.54	0.54	0	0	0.39
153500	0.39	0.54	0.54	0	0	0.39
153600	0.39	0.54	0.54	0	0	0.39
153700	0.39	0.54	0.54	0	0	0.39
153800	0.4	0.54	0.54	0	0	0.4
153900	0.39	0.54	0.54	0	0	0.39
154000	0.39	0.54	0.54	0	0	0.39
154100	0.39	0.54	0.54	0	0	0.39
154200	0.39	0.54	0.54	0	0	0.39
154300	0.39	0.54	0.54	0	0	0.39
154400	0.39	0.54	0.54	0	0	0.39
154500	0.39	0.54	0.54	0	0	0.39
154600	0.39	0.54	0.54	0	0	0.39
154700	0.39	0.54	0.54	0	0	0.39
154800	0.39	0.55	0.55	0	0	0.39
154900	0.39	0.55	0.55	0	0	0.39
155000	0.39	0.55	0.55	0	0	0.39
155100	0.39	0.55	0.55	0	0	0.39
155200	0.39	0.55	0.55	0	0	0.39
155300	0.39	0.55	0.55	0	0	0.39
155400	0.39	0.55	0.55	0	0	0.39
155500	0.39	0.55	0.55	0	0	0.39
155600	0.39	0.55	0.55	0	0	0.39
155700	0.39	0.55	0.55	0	0	0.39
155800	0.39	0.55	0.55	0	0	0.39
155900	0.39	0.55	0.55	0	0	0.39
156000	0.39	0.55	0.55	0	0	0.39
156100	0.39	0.55	0.55	0	0	0.39
156200	0.39	0.55	0.55	0	0	0.39
156300	0.39	0.55	0.55	0	0	0.39
156400	0.39	0.55	0.55	0	0	0.39
156500	0.39	0.55	0.55	0	0	0.39
156600	0.39	0.55	0.55	0	0	0.39
156700	0.39	0.55	0.55	0	0	0.39
156800	0.39	0.55	0.55	0	0	0.39
156900	0.39	0.55	0.55	0	0	0.39
157000	0.39	0.55	0.55	0	0	0.39
157100	0.4	0.55	0.55	0	0	0.4
157200	0.4	0.55	0.55	0	0	0.4
157300	0.4	0.55	0.55	0	0	0.4
157400	0.4	0.55	0.55	0	0	0.4
157500	0.4	0.55	0.55	0	0	0.4
157600	0.4	0.55	0.55	0	0	0.4
157700	0.4	0.55	0.55	0	0	0.4
157800	0.4	0.55	0.55	0	0	0.4
157900	0.39	0.55	0.55	0	0	0.39
158000	0.39	0.55	0.55	0	0	0.39
158100	0.39	0.55	0.55	0	0	0.39
158200	0.39	0.55	0.55	0	0	0.39
158300	0.39	0.55	0.55	0	0	0.39
158400	0.39	0.56	0.56	0	0	0.39
158500	0.39	0.56	0.56	0	0	0.39
158600	0.39	0.55	0.55	0	0	0.39
158700	0.39	0.55	0.55	0	0	0.39
158800	0.39	0.55	0.55	0	0	0.39
158900	0.39	0.55	0.55	0	0	0.39
159000	0.39	0.55	0.55	0	0	0.39
159100	0.39	0.55	0.55	0	0	0.39
159200	0.39	0.55	0.55	0	0	0.39
159300	0.39	0.55	0.55	0	0	0.39
159400	0.39	0.55	0.55	0	0	0.39
159500	0.39	0.55	0.55	0	0	0.39
159600	0.39	0.55	0.55	0	0	0.39
159700	0.39	0.55	0.55	0	0	0.39
159800	0.39	0.55	0.55	0	0	0.39
159900	0.39	0.55	0.55	0	0	0.39
160000	0.39	0.55	0.55	0	0	0.39
160100	0.39	0.55	0.55	0	0	0.39
160200	0.39	0.55	0.55	0	0	0.39
160300	0.38	0.55	0.55	0	0	0.38
160400	0.38	0.56	0.56	0	0	0.38
160500	0.38	0.57	0.57	0	0	0.38
160600	0.38	0.56	0.56	0	0	0.38
160700	0.38	0.56	0.56	0	0	0.38
160800	0.39	0.56	0.56	0	0	0.39
160900	0.38	0.56	0.56	0	0	0.38
161000	0.38	0.56	0.56	0	0	0.38
161100	0.38	0.56	0.56	0	0	0.38
161200	0.39	0.56	0.56	0	0	0.39
161300	0.39	0.56	0.56	0	0	0.39
161400	0.38	0.56	0.56	0	0	0.38
161500	0.38	0.56	0.56	0	0	0.38
161600	0.38	0.56	0.56	0	0	0.38
161700	0.37	0.56	0.56	0	0	0.37
161800	0.36	0.56	0.56	0	0	0.36
161900	0.36	0.56	0.56	0	0	0.36
162000	0.36	0.56	0.56	0	0	0.36
162100	0.36	0.56	0.56	0	0	0.36
162200	0.36	0.56	0.56	0	0	0.36
162300	0.36	0.56	0.56	0	0	0.36
162400	0.36	0.56	0.56	0	0	0.36
162500	0.36	0.56	0.56	0	0	0.36
162600	0.36	0.56	0.56	0	0	0.36
162700	0.36	0.56	0.56	0	0	0.36
162800	0.36	0.56	0.56	0	0	0.36
162900	0.36	0.56	0.56	0	0	0.36
163000	0.36	0.56	0.56	0	0	0.36
163100	0.36	0.56	0.56	0	0	0.36
163200	0.36	0.56	0.56	0	0	0.36
163300	0.36	0.56	0.56	0	0	0.36
163400	0.36	0.56	0.56	0	0	0.36
163500	0.36	0.56	0.56	0	0	0.36
163600	0.36	0.57	0.57	0	0	0.36
163700	0.36	0.56	0.56	0	0	0.36
163800	0.36	0.57	0.57	0	0	0.36
163900	0.36	0.56	0.56	0	0	0.36
164000	0.36	0.56	0.56	0	0	0.36
164100	0.36	0.56	0.56	0	0	0.36
164200	0.36	0.56	0.56	0	0	0.36
164300	0.36	0.56	0.56	0	0	0.36
164400	0.37	0.56	0.56	0	0	0.37
164500	0.37	0.56	0.56	0	0	0.37
164600	0.37	0.56	0.56	0	0	0.37
164700	0.37	0.56	0.56	0	0	0.37
164800	0.37	0.56	0.56	0	0	0.37
164900	0.37	0.55	0.55	0	0	0.37
165000	0.37	0.55	0.55	0	0	0.37
165100	0.37	0.55	0.55	0	0	0.37
165200	0.37	0.55	0.55	0	0	0.37
165300	0.37	0.55	0.55	0	0	0.37
165400	0.37	0.54	0.54	0	0	0.37
165500	0.37	0.54	0.54	0	0	0.37
165600	0.37	0.54	0.54	0	0	0.37
165700	0.37	0.54	0.54	0	0	0.37
165800	0.37	0.54	0.54	0	0	0.37
165900	0.37	0.54	0.54	0	0	0.37
166000	0.37	0.54	0.54	0	0	0.37
166100	0.37	0.55	0.55	0	0	0.37
166200	0.37	0.55	0.55	0	0	0.37
166300	0.37	0.55	0.55	0	0	0.37
166400	0.37	0.55	0.55	0	0	0.37
166500	0.37	0.55	0.55	0	0	0.37
166600	0.37	0.55	0.55	0	0	0.37
166700	0.37	0.55	0.55	0	0	0.37
166800	0.37	0.55	0.55	0	0	0.37
166900	0.37	0.55	0.55	0	0	0.37
167000	0.37	0.55	0.55	0	0	0.37
167100	0.37	0.55	0.55	0	0	0.37
167200	0.37	0.55	0.55	0	0	0.37
167300	0.37	0.55	0.55	0	0	0.37
167400	0.37	0.55	0.55	0	0	0.37
167500	0.37	0.55	0.55	0	0	0.37
167600	0.38	0.55	0.55	0	0	0.38
167700	0.38	0.55	0.55	0	0	0.38
167800	0.38	0.55	0.55	0	0	0.38
167900	0.38	0.55	0.55	0	0	0.38
168000	0.38	0.55	0.55	0	0	0.38
168100	0.38	0.55	0.55	0	0	0.38
168200	0.38	0.55	0.55	0	0	0.38
168300	0.38	0.55	0.55	0	0	0.38
168400	0.38	0.55	0.55	0	0	0.38
168500	0.38	0.55	0.55	0	0	0.38
168600	0.38	0.55	0.55	0	0	0.38
168700	0.38	0.55	0.55	0	0	0.38
168800	0.38	0.55	0.55	0	0	0.38
168900	0.38	0.56	0.56	0	0	0.38
169000	0.38	0.55	0.55	0	0	0.38
169100	0.38	0.55	0.55	0	0	0.38
169200	0.38	0.55	0.55	0	0	0.38
169300	0.38	0.55	0.55	0	0	0.38
169400	0.38	0.55	0.55	0	0	0.38
169500	0.38	0.55	0.55	0	0	0.38
169600	0.38	0.55	0.55	0	0	0.38
169700	0.38	0.55	0.55	0	0	0.38
169800	0.38	0.55	0.55	0	0	0.38
169900	0.38	0.55	0.55	0	0	0.38
170000	0.38	0.55	0.55	0	0	0.38
170100	0.38	0.55	0.55	0	0	0.38
170200	0.38	0.55	0.55	0	0	0.38
170300	0.38	0.55	0.55	0	0	0.38
170400	0.38	0.55	0.55	0	0	0.38
170500	0.38	0.55	0.55	0	0	0.38
170600	0.38	0.55	0.55	0	0	0.38
170700	0.38	0.55	0.55	0	0	0.38
170800	0.38	0.55	0.55	0	0	0.38
170900	0.38	0.55	0.55	0	0	0.38
171000	0.38	0.55	0.55	0	0	0.38
171100	0.38	0.55	0.55	0	0	0.38
171200	0.38	0.55	0.55	0	0	0.38
171300	0.38	0.55	0.55	0	0	0.38
171400	0.38	0.55	0.55	0	0	0.38
171500	0.38	0.55	0.55	0	0	0.38
171600	0.38	0.55	0.55	0	0	0.38
171700	0.38	0.55	0.55	0	0	0.38
171800	0.38	0.55	0.55	0	0	0.38
171900	0.38	0.55	0.55	0	0	0.38
172000	0.38	0.55	0.55	0	0	0.38
172100	0.38	0.55	0.55	0	0	0.38
172200	0.38	0.55	0.55	0	0	0.38
172300	0.38	0.55	0.55	0	0	0.38
172400	0.38	0.55	0.55	0	0	0.38
172500	0.38	0.55	0.55	0	0	0.38
172600	0.38	0.55	0.55	0	0	0.38
172700	0.38	0.55	0.55	0	0	0.38
172800	0.38	0.55	0.55	0	0	0.38
172900	0.38	0.55	0.55	0	0	0.38
173000	0.38	0.55	0.55	0	0	0.38
173100	0.37	0.55	0.55	0	0	0.37
173200	0.37	0.55	0.55	0	0	0.37
173300	0.37	0.55	0.55	0	0	0.37
173400	0.37	0.55	0.55	0	0	0.37
173500	0.37	0.55	0.55	0	0	0.37
173600	0.37	0.55	0.55	0	0	0.37
173700	0.37	0.55	0.55	0	0	0.37
173800	0.37	0.55	0.55	0	0	0.37
173900	0.37	0.54	0.54	0	0	0.37
174000	0.37	0.54	0.54	0	0	0.37
174100	0.37	0.54	0.54	0	0	0.37
174200	0.37	0.54	0.54	0	0	0.37
174300	0.37	0.54	0.54	0	0	0.37
174400	0.37	0.54	0.54	0	0	0.37
174500	0.37	0.54	0.54	0	0	0.37
174600	0.37	0.54	0.54	0	0	0.37
174700	0.37	0.54	0.54	0	0	0.37
174800	0.37	0.54	0.54	0	0	0.37
174900	0.37	0.54	0.54	0	0	0.37
175000	0.37	0.54	0.54	0	0	0.37
175100	0.37	0.54	0.54	0	0	0.37
175200	0.37	0.54	0.54	0	0	0.37
175300	0.38	0.54	0.54	0	0	0.38
175400	0.38	0.54	0.54	0	0	0.38
175500	0.38	0.54	0.54	0	0	0.38
175600	0.37	0.54	0.54	0	0	0.37
175700	0.37	0.54	0.54	0	0	0.37
175800	0.37	0.55	0.55	0	0	0.37
175900	0.37	0.55	0.55	0	0	0.37
176000	0.37	0.55	0.55	0	0	0.37
176100	0.37	0.55	0.55	0	0	0.37
176200	0.37	0.55	0.55	0	0	0.37
176300	0.37	0.56	0.56	0	0	0.37
176400	0.37	0.56	0.56	0	0	0.37
176500	0.37	0.56	0.56	0	0	0.37
176600	0.37	0.56	0.56	0	0	0.37
176700	0.38	0.56	0.56	0	0	0.38
176800	0.38	0.56	0.56	0	0	0.38
176900	0.38	0.56	0.56	0	0	0.38
177000	0.38	0.56	0.56	0	0	0.38
177100	0.38	0.56	0.56	0	0	0.38
177200	0.38	0.55	0.55	0	0	0.38
177300	0.38	0.55	0.55	0	0	0.38
177400	0.38	0.55	0.55	0	0	0.38
177500	0.38	0.55	0.55	0	0	0.38
177600	0.38	0.55	0.55	0	0	0.38
177700	0.38	0.55	0.55	0	0	0.38
177800	0.38	0.55	0.55	0	0	0.38
177900	0.38	0.55	0.55	0	0	0.38
178000	0.37	0.55	0.55	0	0	0.37
178100	0.37	0.55	0.55	0	0	0.37
178200	0.37	0.55	0.55	0	0	0.37
178300	0.37	0.55	0.55	0	0	0.37
178400	0.37	0.55	0.55	0	0	0.37
178500	0.37	0.55	0.55	0	0	0.37
178600	0.37	0.55	0.55	0	0	0.37
178700	0.37	0.55	0.55	0	0	0.37
178800	0.37	0.56	0.56	0	0	0.37
178900	0.37	0.55	0.55	0	0	0.37
179000	0.37	0.55	0.55	0	0	0.37
179100	0.37	0.55	0.55	0	0	0.37
179200	0.37	0.55	0.55	0	0	0.37
179300	0.37	0.55	0.55	0	0	0.37
179400	0.37	0.55	0.55	0	0	0.37
179500	0.37	0.55	0.55	0	0	0.37
179600	0.37	0.55	0.55	0	0	0.37
179700	0.37	0.55	0.55	0	0	0.37
179800	0.37	0.55	0.55	0	0	0.37
179900	0.37	0.55	0.55	0	0	0.37
180000	0.37	0.55	0.55	0	0	0.37
180100	0.37	0.55	0.55	0	0	0.37
180200	0.37	0.55	0.55	0	0	0.37
180300	0.37	0.55	0.55	0	0	0.37
180400	0.37	0.55	0.55	0	0	0.37
180500	0.37	0.55	0.55	0	0	0.37
180600	0.37	0.55	0.55	0	0	0.37
180700	0.37	0.55	0.55	0	0	0.37
180800	0.37	0.55	0.55	0	0	0.37
180900	0.37	0.55	0.55	0	0	0.37
181000	0.37	0.55	0.55	0	0	0.37
181100	0.37	0.55	0.55	0	0	0.37
181200	0.37	0.55	0.55	0	0	0.37
181300	0.37	0.55	0.55	0	0	0.37
181400	0.37	0.55	0.55	0	0	0.37
181500	0.37	0.55	0.55	0	0	0.37
181600	0.37	0.55	0.55	0	0	0.37
181700	0.37	0.55	0.55	0	0	0.37
181800	0.37	0.55	0.55	0	0	0.37
181900	0.37	0.55	0.55	0	0	0.37
182000	0.37	0.56	0.56	0	0	0.37
182100	0.37	0.56	0.56	0	0	0.37
182200	0.37	0.56	0.56	0	0	0.37
182300	0.37	0.56	0.56	0	0	0.37
182400	0.37	0.56	0.56	0	0	0.37
182500	0.37	0.56	0.56	0	0	0.37
182600	0.37	0.56	0.56	0	0	0.37
182700	0.37	0.56	0.56	0	0	0.37
182800	0.37	0.56	0.56	0	0	0.37
182900	0.37	0.56	0.56	0	0	0.37
183000	0.37	0.56	0.56	0	0	0.37
183100	0.37	0.56	0.56	0	0	0.37
183200	0.37	0.56	0.56	0	0	0.37
183300	0.37	0.56	0.56	0	0	0.37
183400	0.37	0.56	0.56	0	0	0.37
183500	0.37	0.56	0.56	0	0	0.37
183600	0.37	0.56	0.56	0	0	0.37
183700	0.37	0.56	0.56	0	0	0.37
183800	0.37	0.56	0.56	0	0	0.37
183900	0.37	0.56	0.56	0	0	0.37
184000	0.37	0.56	0.56	0	0	0.37
184100	0.37	0.56	0.56	0	0	0.37
184200	0.37	0.56	0.56	0	0	0.37
184300	0.37	0.56	0.56	0	0	0.37
184400	0.37	0.56	0.56	0	0	0.37
184500	0.37	0.56	0.56	0	0	0.37
184600	0.37	0.56	0.56	0	0	0.37
184700	0.37	0.56	0.56	0	0	0.37
184800	0.37	0.56	0.56	0	0	0.37
184900	0.37	0.56	0.56	0	0	0.37
185000	0.37	0.57	0.57	0	0	0.37
185100	0.37	0.56	0.56	0	0	0.37
185200	0.37	0.56	0.56	0	0	0.37
185300	0.37	0.56	0.56	0	0	0.37
185400	0.37	0.56	0.56	0	0	0.37
185500	0.37	0.56	0.56	0	0	0.37
185600	0.37	0.56	0.56	0	0	0.37
185700	0.37	0.56	0.56	0	0	0.37
185800	0.37	0.56	0.56	0	0	0.37
185900	0.37	0.56	0.56	0	0	0.37
186000	0.37	0.56	0.56	0	0	0.37
186100	0.37	0.56	0.56	0	0	0.37
186200	0.37	0.56	0.56	0	0	0.37
186300	0.37	0.56	0.56	0	0	0.37
186400	0.37	0.56	0.56	0	0	0.37
186500	0.37	0.56	0.56	0	0	0.37
186600	0.37	0.56	0.56	0	0	0.37
186700	0.37	0.56	0.56	0	0	0.37
186800	0.37	0.57	0.57	0	0	0.37
186900	0.37	0.57	0.57	0	0	0.37
187000	0.37	0.57	0.57	0	0	0.37
187100	0.37	0.57	0.57	0	0	0.37
187200	0.37	0.57	0.57	0	0	0.37
187300	0.37	0.57	0.57	0	0	0.37
187400	0.37	0.57	0.57	0	0	0.37
187500	0.37	0.57	0.57	0	0	0.37
187600	0.37	0.57	0.57	0	0	0.37
187700	0.37	0.57	0.57	0	0	0.37
187800	0.37	0.57	0.57	0	0	0.37
187900	0.37	0.57	0.57	0	0	0.37
188000	0.37	0.57	0.57	0	0	0.37
188100	0.37	0.57	0.57	0	0	0.37
188200	0.37	0.57	0.57	0	0	0.37
188300	0.37	0.57	0.57	0	0	0.37
188400	0.37	0.57	0.57	0	0	0.37
188500	0.37	0.57	0.57	0	0	0.37
188600	0.37	0.57	0.57	0	0	0.37
188700	0.37	0.57	0.57	0	0	0.37
188800	0.37	0.57	0.57	0	0	0.37
188900	0.37	0.57	0.57	0	0	0.37
189000	0.37	0.57	0.57	0	0	0.37
189100	0.37	0.57	0.57	0	0	0.37
189200	0.37	0.56	0.56	0	0	0.37
189300	0.37	0.56	0.56	0	0	0.37
189400	0.37	0.56	0.56	0	0	0.37
189500	0.37	0.56	0.56	0	0	0.37
189600	0.37	0.56	0.56	0	0	0.37
189700	0.37	0.56	0.56	0	0	0.37
189800	0.37	0.56	0.56	0	0	0.37
189900	0.37	0.56	0.56	0	0	0.37
190000	0.37	0.56	0.56	0	0	0.37
190100	0.37	0.56	0.56	0	0	0.37
190200	0.37	0.57	0.57	0	0	0.37
190300	0.37	0.57	0.57	0	0	0.37
190400	0.37	0.56	0.56	0	0	0.37
190500	0.37	0.56	0.56	0	0	0.37
190600	0.37	0.56	0.56	0	0	0.37
190700	0.37	0.56	0.56	0	0	0.37
190800	0.37	0.56	0.56	0	0	0.37
190900	0.37	0.56	0.56	0	0	0.37
191000	0.37	0.56	0.56	0	0	0.37
191100	0.37	0.56	0.56	0	0	0.37
191200	0.37	0.56	0.56	0	0	0.37
191300	0.37	0.56	0.56	0	0	0.37
191400	0.37	0.56	0.56	0	0	0.37
191500	0.37	0.56	0.56	0	0	0.37
191600	0.37	0.56	0.56	0	0	0.37
191700	0.37	0.56	0.56	0	0	0.37
191800	0.37	0.56	0.56	0	0	0.37
191900	0.37	0.56	0.56	0	0	0.37
192000	0.37	0.56	0.56	0	0	0.37
192100	0.37	0.56	0.56	0	0	0.37
192200	0.37	0.56	0.56	0	0	0.37
192300	0.37	0.56	0.56	0	0	0.37
192400	0.37	0.56	0.56	0	0	0.37
192500	0.37	0.56	0.56	0	0	0.37
192600	0.37	0.56	0.56	0	0	0.37
192700	0.37	0.56	0.56	0	0	0.37
192800	0.37	0.56	0.56	0	0	0.37
192900	0.37	0.56	0.56	0	0	0.37
193000	0.37	0.56	0.56	0	0	0.37
193100	0.37	0.56	0.56	0	0	0.37
193200	0.37	0.57	0.57	0	0	0.37
193300	0.37	0.56	0.56	0	0	0.37
193400	0.37	0.56	0.56	0	0	0.37
193500	0.37	0.56	0.56	0	0	0.37
193600	0.37	0.56	0.56	0	0	0.37
193700	0.37	0.56	0.56	0	0	0.37
193800	0.37	0.56	0.56	0	0	0.37
193900	0.37	0.56	0.56	0	0	0.37
194000	0.37	0.56	0.56	0	0	0.37
194100	0.37	0.57	0.57	0	0	0.37
194200	0.36	0.57	0.57	0	0	0.36
194300	0.36	0.57	0.57	0	0	0.36
194400	0.36	0.57	0.57	0	0	0.36
194500	0.36	0.57	0.57	0	0	0.36
194600	0.36	0.57	0.57	0	0	0.36
194700	0.36	0.56	0.56	0	0	0.36
194800	0.36	0.56	0.56	0	0	0.36
194900	0.36	0.56	0.56	0	0	0.36
195000	0.36	0.56	0.56	0	0	0.36
195100	0.36	0.56	0.56	0	0	0.36
195200	0.36	0.56	0.56	0	0	0.36
195300	0.36	0.56	0.56	0	0	0.36
195400	0.36	0.56	0.56	0	0	0.36
195500	0.36	0.56	0.56	0	0	0.36
195600	0.37	0.57	0.57	0	0	0.37
195700	0.37	0.57	0.57	0	0	0.37
195800	0.37	0.56	0.56	0	0	0.37
195900	0.37	0.56	0.56	0	0	0.37
196000	0.37	0.56	0.56	0	0	0.37
196100	0.37	0.56	0.56	0	0	0.37
196200	0.37	0.56	0.56	0	0	0.37
196300	0.37	0.56	0.56	0	0	0.37
196400	0.37	0.56	0.56	0	0	0.37
196500	0.37	0.56	0.56	0	0	0.37
196600	0.37	0.56	0.56	0	0	0.37
196700	0.37	0.56	0.56	0	0	0.37
196800	0.37	0.56	0.56	0	0	0.37
196900	0.37	0.56	0.56	0	0	0.37
197000	0.37	0.56	0.56	0	0	0.37
197100	0.37	0.56	0.56	0	0	0.37
197200	0.37	0.56	0.56	0	0	0.37
197300	0.37	0.56	0.56	0	0	0.37
197400	0.37	0.56	0.56	0	0	0.37
197500	0.37	0.56	0.56	0	0	0.37
197600	0.37	0.56	0.56	0	0	0.37
197700	0.37	0.56	0.56	0	0	0.37
197800	0.37	0.56	0.56	0	0	0.37
197900	0.37	0.56	0.56	0	0	0.37
198000	0.37	0.56	0.56	0	0	0.37
198100	0.37	0.56	0.56	0	0	0.37
198200	0.37	0.56	0.56	0	0	0.37
198300	0.37	0.56	0.56	0	0	0.37
198400	0.37	0.56	0.56	0	0	0.37
198500	0.37	0.56	0.56	0	0	0.37
198600	0.37	0.56	0.56	0	0	0.37
198700	0.37	0.56	0.56	0	0	0.37
198800	0.37	0.56	0.56	0	0	0.37
198900	0.37	0.56	0.56	0	0	0.37
199000	0.37	0.56	0.56	0	0	0.37
199100	0.37	0.56	0.56	0	0	0.37
199200	0.37	0.56	0.56	0	0	0.37
199300	0.37	0.56	0.56	0	0	0.37
199400	0.37	0.56	0.56	0	0	0.37
199500	0.37	0.56	0.56	0	0	0.37
199600	0.37	0.56	0.56	0	0	0.37
199700	0.37	0.56	0.56	0	0	0.37
199800	0.37	0.56	0.56	0	0	0.37
199900	0.37	0.56	0.56	0	0	0.37
200000	0.37	0.56	0.56	0	0	0.37
200100	0.37	0.56	0.56	0	0	0.37
200200	0.37	0.56	0.56	0	0	0.37
200300	0.37	0.56	0.56	0	0	0.37
200400	0.37	0.56	0.56	0	0	0.37
200500	0.37	0.56	0.56	0	0	0.37
200600	0.37	0.56	0.56	0	0	0.37
200700	0.37	0.56	0.56	0	0	0.37
200800	0.37	0.56	0.56	0	0	0.37
200900	0.37	0.56	0.56	0	0	0.37
201000	0.37	0.56	0.56	0	0	0.37
201100	0.37	0.56	0.56	0	0	0.37
201200	0.37	0.56	0.56	0	0	0.37
201300	0.37	0.56	0.56	0	0	0.37
201400	0.37	0.56	0.56	0	0	0.37
201500	0.37	0.56	0.56	0	0	0.37
201600	0.37	0.56	0.56	0	0	0.37
201700	0.37	0.56	0.56	0	0	0.37
201800	0.37	0.56	0.56	0	0	0.37
201900	0.37	0.56	0.56	0	0	0.37
202000	0.37	0.56	0.56	0	0	0.37
202100	0.37	0.56	0.56	0	0	0.37
202200	0.37	0.56	0.56	0	0	0.37
202300	0.37	0.57	0.57	0	0	0.37
202400	0.37	0.57	0.57	0	0	0.37
202500	0.37	0.57	0.57	0	0	0.37
202600	0.37	0.57	0.57	0	0	0.37
202700	0.37	0.57	0.57	0	0	0.37
202800	0.37	0.56	0.56	0	0	0.37
202900	0.37	0.56	0.56	0	0	0.37
203000	0.37	0.56	0.56	0	0	0.37
203100	0.37	0.56	0.56	0	0	0.37
203200	0.37	0.55	0.55	0	0	0.37
203300	0.37	0.55	0.55	0	0	0.37
203400	0.37	0.55	0.55	0	0	0.37
203500	0.37	0.55	0.55	0	0	0.37
203600	0.37	0.55	0.55	0	0	0.37
203700	0.37	0.55	0.55	0	0	0.37
203800	0.37	0.55	0.55	0	0	0.37
203900	0.37	0.55	0.55	0	0	0.37
204000	0.37	0.55	0.55	0	0	0.37
204100	0.37	0.55	0.55	0	0	0.37
204200	0.37	0.56	0.56	0	0	0.37
204300	0.37	0.56	0.56	0	0	0.37
204400	0.37	0.56	0.56	0	0	0.37
204500	0.37	0.56	0.56	0	0	0.37
204600	0.37	0.56	0.56	0	0	0.37
204700	0.37	0.56	0.56	0	0	0.37
204800	0.37	0.56	0.56	0	0	0.37
204900	0.38	0.56	0.56	0	0	0.38
205000	0.38	0.56	0.56	0	0	0.38
205100	0.38	0.56	0.56	0	0	0.38
205200	0.38	0.56	0.56	0	0	0.38
205300	0.38	0.56	0.56	0	0	0.38
205400	0.38	0.56	0.56	0	0	0.38
205500	0.38	0.56	0.56	0	0	0.38
205600	0.38	0.56	0.56	0	0	0.38
205700	0.38	0.56	0.56	0	0	0.38
205800	0.38	0.56	0.56	0	0	0.38
205900	0.38	0.56	0.56	0	0	0.38
206000	0.37	0.56	0.56	0	0	0.37
206100	0.37	0.56	0.56	0	0	0.37
206200	0.37	0.56	0.56	0	0	0.37
206300	0.37	0.56	0.56	0	0	0.37
206400	0.37	0.56	0.56	0	0	0.37
206500	0.37	0.56	0.56	0	0	0.37
206600	0.37	0.56	0.56	0	0	0.37
206700	0.37	0.56	0.56	0	0	0.37
206800	0.37	0.56	0.56	0	0	0.37
206900	0.37	0.56	0.56	0	0	0.37
207000	0.37	0.56	0.56	0	0	0.37
207100	0.37	0.56	0.56	0	0	0.37
207200	0.37	0.56	0.56	0	0	0.37
207300	0.37	0.56	0.56	0	0	0.37
207400	0.37	0.56	0.56	0	0	0.37
207500	0.37	0.56	0.56	0	0	0.37
207600	0.37	0.56	0.56	0	0	0.37
207700	0.37	0.56	0.56	0	0	0.37
207800	0.37	0.56	0.56	0	0	0.37
207900	0.37	0.56	0.56	0	0	0.37
208000	0.37	0.56	0.56	0	0	0.37
208100	0.37	0.56	0.56	0	0	0.37
208200	0.37	0.56	0.56	0	0	0.37
208300	0.37	0.56	0.56	0	0	0.37
208400	0.37	0.56	0.56	0	0	0.37
208500	0.37	0.56	0.56	0	0	0.37
208600	0.37	0.56	0.56	0	0	0.37
208700	0.37	0.57	0.57	0	0	0.37
208800	0.37	0.57	0.57	0	0	0.37
208900	0.37	0.57	0.57	0	0	0.37
209000	0.37	0.57	0.57	0	0	0.37
209100	0.37	0.57	0.57	0	0	0.37
209200	0.37	0.57	0.57	0	0	0.37
209300	0.37	0.57	0.57	0	0	0.37
209400	0.37	0.57	0.57	0	0	0.37
209500	0.38	0.57	0.57	0	0	0.38
209600	0.38	0.57	0.57	0	0	0.38
209700	0.38	0.57	0.57	0	0	0.38
209800	0.38	0.57	0.57	0	0	0.38
209900	0.38	0.57	0.57	0	0	0.38
210000	0.38	0.57	0.57	0	0	0.38
210100	0.38	0.57	0.57	0	0	0.38
210200	0.38	0.57	0.57	0	0	0.38
210300	0.38	0.57	0.57	0	0	0.38
210400	0.38	0.57	0.57	0	0	0.38
210500	0.38	0.57	0.57	0	0	0.38
210600	0.38	0.57	0.57	0	0	0.38
210700	0.38	0.57	0.57	0	0	0.38
210800	0.38	0.57	0.57	0	0	0.38
210900	0.38	0.57	0.57	0	0	0.38
211000	0.37	0.57	0.57	0	0	0.37
211100	0.37	0.57	0.57	0	0	0.37
211200	0.37	0.57	0.57	0	0	0.37
211300	0.37	0.57	0.57	0	0	0.37
211400	0.37	0.57	0.57	0	0	0.37
211500	0.37	0.57	0.57	0	0	0.37
211600	0.37	0.57	0.57	0	0	0.37
211700	0.37	0.57	0.57	0	0	0.37
211800	0.37	0.57	0.57	0	0	0.37
211900	0.37	0.57	0.57	0	0	0.37
212000	0.37	0.57	0.57	0	0	0.37
212100	0.37	0.57	0.57	0	0	0.37
212200	0.37	0.57	0.57	0	0	0.37
212300	0.37	0.57	0.57	0	0	0.37
212400	0.37	0.57	0.57	0	0	0.37
212500	0.37	0.57	0.57	0	0	0.37
212600	0.37	0.57	0.57	0	0	0.37
212700	0.37	0.57	0.57	0	0	0.37
212800	0.37	0.57	0.57	0	0	0.37
212900	0.37	0.57	0.57	0	0	0.37
213000	0.37	0.57	0.57	0	0	0.37
213100	0.37	0.57	0.57	0	0	0.37
213200	0.37	0.57	0.57	0	0	0.37
213300	0.37	0.57	0.57	0	0	0.37
213400	0.37	0.57	0.57	0	0	0.37
213500	0.37	0.57	0.57	0	0	0.37
213600	0.37	0.57	0.57	0	0	0.37
213700	0.37	0.57	0.57	0	0	0.37
213800	0.37	0.57	0.57	0	0	0.37
213900	0.37	0.57	0.57	0	0	0.37
214000	0.37	0.57	0.57	0	0	0.37
214100	0.37	0.57	0.57	0	0	0.37
214200	0.37	0.57	0.57	0	0	0.37
214300	0.37	0.57	0.57	0	0	0.37
214400	0.37	0.57	0.57	0	0	0.37
214500	0.37	0.57	0.57	0	0	0.37
214600	0.37	0.57	0.57	0	0	0.37
214700	0.37	0.57	0.57	0	0	0.37
214800	0.37	0.57	0.57	0	0	0.37
214900	0.37	0.57	0.57	0	0	0.37
215000	0.37	0.57	0.57	0	0	0.37
215100	0.37	0.57	0.57	0	0	0.37
215200	0.37	0.57	0.57	0	0	0.37
215300	0.37	0.57	0.57	0	0	0.37
215400	0.37	0.57	0.57	0	0	0.37
215500	0.37	0.57	0.57	0	0	0.37
215600	0.37	0.57	0.57	0	0	0.37
215700	0.37	0.57	0.57	0	0	0.37
215800	0.37	0.57	0.57	0	0	0.37
215900	0.37	0.57	0.57	0	0	0.37
216000	0.37	0.57	0.57	0	0	0.37
216100	0.37	0.57	0.57	0	0	0.37
216200	0.37	0.57	0.57	0	0	0.37
216300	0.37	0.57	0.57	0	0	0.37
216400	0.37	0.57	0.57	0	0	0.37
216500	0.37	0.57	0.57	0	0	0.37
216600	0.37	0.57	0.57	0	0	0.37
216700	0.37	0.57	0.57	0	0	0.37
216800	0.37	0.57	0.57	0	0	0.37
216900	0.37	0.57	0.57	0	0	0.37
217000	0.37	0.57	0.57	0	0	0.37
217100	0.37	0.57	0.57	0	0	0.37
217200	0.37	0.57	0.57	0	0	0.37
217300	0.37	0.57	0.57	0	0	0.37
217400	0.37	0.57	0.57	0	0	0.37
217500	0.37	0.57	0.57	0	0	0.37
217600	0.37	0.57	0.57	0	0	0.37
217700	0.37	0.58	0.58	0	0	0.37
217800	0.37	0.57	0.57	0	0	0.37
217900	0.37	0.57	0.57	0	0	0.37
218000	0.37	0.57	0.57	0	0	0.37
218100	0.37	0.57	0.57	0	0	0.37
218200	0.37	0.57	0.57	0	0	0.37
218300	0.37	0.57	0.57	0	0	0.37
218400	0.37	0.58	0.58	0	0	0.37
218500	0.37	0.58	0.58	0	0	0.37
218600	0.37	0.58	0.58	0	0	0.37
218700	0.37	0.58	0.58	0	0	0.37
218800	0.37	0.58	0.58	0	0	0.37
218900	0.37	0.58	0.58	0	0	0.37
219000	0.37	0.58	0.58	0	0	0.37
219100	0.37	0.58	0.58	0	0	0.37
219200	0.37	0.58	0.58	0	0	0.37
219300	0.37	0.58	0.58	0	0	0.37
219400	0.37	0.58	0.58	0	0	0.37
219500	0.37	0.58	0.58	0	0	0.37
219600	0.37	0.58	0.58	0	0	0.37
219700	0.37	0.57	0.57	0	0	0.37
219800	0.37	0.57	0.57	0	0	0.37
219900	0.37	0.57	0.57	0	0	0.37
220000	0.37	0.58	0.58	0	0	0.37
220100	0.37	0.57	0.57	0	0	0.37
220200	0.37	0.57	0.57	0	0	0.37
220300	0.37	0.57	0.57	0	0	0.37
220400	0.37	0.57	0.57	0	0	0.37
220500	0.37	0.57	0.57	0	0	0.37
220600	0.37	0.57	0.57	0	0	0.37
220700	0.37	0.58	0.58	0	0	0.37
220800	0.37	0.57	0.57	0	0	0.37
220900	0.37	0.57	0.57	0	0	0.37
221000	0.37	0.57	0.57	0	0	0.37
221100	0.37	0.57	0.57	0	0	0.37
221200	0.37	0.57	0.57	0	0	0.37
221300	0.37	0.57	0.57	0	0	0.37
221400	0.37	0.57	0.57	0	0	0.37
221500	0.37	0.57	0.57	0	0	0.37
221600	0.37	0.57	0.57	0	0	0.37
221700	0.37	0.57	0.57	0	0	0.37
221800	0.37	0.57	0.57	0	0	0.37
221900	0.37	0.57	0.57	0	0	0.37
222000	0.37	0.57	0.57	0	0	0.37
222100	0.37	0.57	0.57	0	0	0.37
222200	0.37	0.57	0.57	0	0	0.37
222300	0.37	0.57	0.57	0	0	0.37
222400	0.37	0.57	0.57	0	0	0.37
222500	0.37	0.57	0.57	0	0	0.37
222600	0.37	0.57	0.57	0	0	0.37
222700	0.37	0.57	0.57	0	0	0.37
222800	0.37	0.57	0.57	0	0	0.37
222900	0.37	0.57	0.57	0	0	0.37
223000	0.37	0.57	0.57	0	0	0.37
223100	0.37	0.57	0.57	0	0	0.37
223200	0.37	0.57	0.57	0	0	0.37
223300	0.37	0.57	0.57	0	0	0.37
223400	0.37	0.57	0.57	0	0	0.37
223500	0.37	0.57	0.57	0	0	0.37
223600	0.37	0.57	0.57	0	0	0.37
223700	0.37	0.58	0.58	0	0	0.37
223800	0.37	0.58	0.58	0	0	0.37
223900	0.37	0.58	0.58	0	0	0.37
224000	0.37	0.58	0.58	0	0	0.37
224100	0.37	0.58	0.58	0	0	0.37
224200	0.37	0.58	0.58	0	0	0.37
224300	0.37	0.58	0.58	0	0	0.37
224400	0.37	0.58	0.58	0	0	0.37
224500	0.37	0.58	0.58	0	0	0.37
224600	0.37	0.58	0.58	0	0	0.37
224700	0.38	0.58	0.58	0	0	0.38
224800	0.38	0.58	0.58	0	0	0.38
224900	0.38	0.58	0.58	0	0	0.38
225000	0.38	0.58	0.58	0	0	0.38
225100	0.38	0.59	0.59	0	0	0.38
225200	0.38	0.57	0.57	0	0	0.38
225300	0.38	0.57	0.57	0	0	0.38
225400	0.38	0.57	0.57	0	0	0.38
225500	0.38	0.57	0.57	0	0	0.38
225600	0.38	0.57	0.57	0	0	0.38
225700	0.38	0.57	0.57	0	0	0.38
225800	0.38	0.57	0.57	0	0	0.38
225900	0.38	0.57	0.57	0	0	0.38
226000	0.38	0.57	0.57	0	0	0.38
226100	0.37	0.57	0.57	0	0	0.37
226200	0.37	0.57	0.57	0	0	0.37
226300	0.37	0.57	0.57	0	0	0.37
226400	0.37	0.57	0.57	0	0	0.37
226500	0.37	0.57	0.57	0	0	0.37
226600	0.37	0.57	0.57	0	0	0.37
226700	0.37	0.57	0.57	0	0	0.37
226800	0.37	0.57	0.57	0	0	0.37
226900	0.37	0.57	0.57	0	0	0.37
227000	0.37	0.57	0.57	0	0	0.37
227100	0.38	0.57	0.57	0	0	0.38
227200	0.37	0.57	0.57	0	0	0.37
227300	0.37	0.57	0.57	0	0	0.37
227400	0.37	0.57	0.57	0	0	0.37
227500	0.37	0.57	0.57	0	0	0.37
227600	0.37	0.57	0.57	0	0	0.37
227700	0.37	0.57	0.57	0	0	0.37
227800	0.37	0.57	0.57	0	0	0.37
227900	0.37	0.57	0.57	0	0	0.37
228000	0.37	0.57	0.57	0	0	0.37
228100	0.37	0.57	0.57	0	0	0.37
228200	0.37	0.57	0.57	0	0	0.37
228300	0.37	0.57	0.57	0	0	0.37
228400	0.37	0.57	0.57	0	0	0.37
228500	0.37	0.58	0.58	0	0	0.37
228600	0.37	0.58	0.58	0	0	0.37
228700	0.37	0.58	0.58	0	0	0.37
228800	0.37	0.58	0.58	0	0	0.37
228900	0.37	0.58	0.58	0	0	0.37
229000	0.37	0.58	0.58	0	0	0.37
229100	0.37	0.58	0.58	0	0	0.37
229200	0.37	0.58	0.58	0	0	0.37
229300	0.37	0.58	0.58	0	0	0.37
229400	0.37	0.58	0.58	0	0	0.37
229500	0.37	0.58	0.58	0	0	0.37
229600	0.37	0.58	0.58	0	0	0.37
229700	0.37	0.58	0.58	0	0	0.37
229800	0.37	0.58	0.58	0	0	0.37
229900	0.37	0.58	0.58	0	0	0.37
230000	0.37	0.58	0.58	0	0	0.37
230100	0.37	0.58	0.58	0	0	0.37
230200	0.37	0.58	0.58	0	0	0.37
230300	0.37	0.58	0.58	0	0	0.37
230400	0.37	0.58	0.58	0	0	0.37
230500	0.37	0.58	0.58	0	0	0.37
230600	0.37	0.58	0.58	0	0	0.37
230700	0.37	0.58	0.58	0	0	0.37
230800	0.37	0.58	0.58	0	0	0.37
230900	0.37	0.58	0.58	0	0	0.37
231000	0.37	0.58	0.58	0	0	0.37
231100	0.37	0.58	0.58	0	0	0.37
231200	0.37	0.58	0.58	0	0	0.37
231300	0.37	0.58	0.58	0	0	0.37
231400	0.37	0.58	0.58	0	0	0.37
231500	0.37	0.58	0.58	0	0	0.37
231600	0.37	0.58	0.58	0	0	0.37
231700	0.37	0.58	0.58	0	0	0.37
231800	0.37	0.58	0.58	0	0	0.37
231900	0.37	0.58	0.58	0	0	0.37
232000	0.37	0.58	0.58	0	0	0.37
232100	0.37	0.58	0.58	0	0	0.37
232200	0.37	0.58	0.58	0	0	0.37
232300	0.37	0.58	0.58	0	0	0.37
232400	0.37	0.58	0.58	0	0	0.37
232500	0.37	0.58	0.58	0	0	0.37
232600	0.37	0.58	0.58	0	0	0.37
232700	0.37	0.58	0.58	0	0	0.37
232800	0.37	0.58	0.58	0	0	0.37
232900	0.37	0.58	0.58	0	0	0.37
233000	0.37	0.58	0.58	0	0	0.37
233100	0.37	0.58	0.58	0	0	0.37
233200	0.37	0.58	0.58	0	0	0.37
233300	0.37	0.58	0.58	0	0	0.37
233400	0.37	0.58	0.58	0	0	0.37
233500	0.37	0.58	0.58	0	0	0.37
233600	0.37	0.58	0.58	0	0	0.37
233700	0.37	0.58	0.58	0	0	0.37
233800	0.37	0.58	0.58	0	0	0.37
233900	0.37	0.58	0.58	0	0	0.37
234000	0.37	0.58	0.58	0	0	0.37
234100	0.37	0.57	0.57	0	0	0.37
234200	0.37	0.57	0.57	0	0	0.37
234300	0.37	0.57	0.57	0	0	0.37
234400	0.37	0.57	0.57	0	0	0.37
234500	0.38	0.57	0.57	0	0	0.38
234600	0.38	0.58	0.58	0	0	0.38
234700	0.38	0.58	0.58	0	0	0.38
234800	0.38	0.58	0.58	0	0	0.38
234900	0.38	0.58	0.58	0	0	0.38
235000	0.38	0.58	0.58	0	0	0.38
235100	0.38	0.58	0.58	0	0	0.38
235200	0.38	0.58	0.58	0	0	0.38
235300	0.38	0.58	0.58	0	0	0.38
235400	0.38	0.58	0.58	0	0	0.38
235500	0.38	0.58	0.58	0	0	0.38
235600	0.38	0.58	0.58	0	0	0.38
235700	0.38	0.58	0.58	0	0	0.38
235800	0.38	0.58	0.58	0	0	0.38
235900	0.38	0.58	0.58	0	0	0.38
236000	0.38	0.58	0.58	0	0	0.38
236100	0.38	0.57	0.57	0	0	0.38
236200	0.38	0.57	0.57	0	0	0.38
236300	0.38	0.57	0.57	0	0	0.38
236400	0.38	0.57	0.57	0	0	0.38
236500	0.38	0.57	0.57	0	0	0.38
236600	0.38	0.57	0.57	0	0	0.38
236700	0.38	0.57	0.57	0	0	0.38
236800	0.38	0.57	0.57	0	0	0.38
236900	0.38	0.57	0.57	0	0	0.38
237000	0.38	0.57	0.57	0	0	0.38
237100	0.38	0.57	0.57	0	0	0.38
237200	0.38	0.57	0.57	0	0	0.38
237300	0.36	0.57	0.57	0	0	0.36
237400	0.36	0.57	0.57	0	0	0.36
237500	0.37	0.57	0.57	0	0	0.37
237600	0.37	0.57	0.57	0	0	0.37
237700	0.37	0.58	0.58	0	0	0.37
237800	0.37	0.58	0.58	0	0	0.37
237900	0.37	0.58	0.58	0	0	0.37
238000	0.37	0.58	0.58	0	0	0.37
238100	0.37	0.58	0.58	0	0	0.37
238200	0.37	0.58	0.58	0	0	0.37
238300	0.37	0.58	0.58	0	0	0.37
238400	0.37	0.58	0.58	0	0	0.37
238500	0.37	0.58	0.58	0	0	0.37
238600	0.37	0.58	0.58	0	0	0.37
238700	0.37	0.58	0.58	0	0	0.37
238800	0.37	0.58	0.58	0	0	0.37
238900	0.37	0.58	0.58	0	0	0.37
239000	0.37	0.58	0.58	0	0	0.37
239100	0.37	0.58	0.58	0	0	0.37
239200	0.37	0.58	0.58	0	0	0.37
239300	0.37	0.58	0.58	0	0	0.37
239400	0.38	0.58	0.58	0	0	0.38
239500	0.38	0.58	0.58	0	0	0.38
239600	0.38	0.58	0.58	0	0	0.38
239700	0.38	0.58	0.58	0	0	0.38
239800	0.38	0.58	0.58	0	0	0.38
239900	0.38	0.58	0.58	0	0	0.38
240000	0.38	0.58	0.58	0	0	0.38
240100	0.38	0.58	0.58	0	0	0.38
240200	0.38	0.58	0.58	0	0	0.38
240300	0.38	0.58	0.58	0	0	0.38
240400	0.38	0.58	0.58	0	0	0.38
240500	0.38	0.58	0.58	0	0	0.38
240600	0.38	0.58	0.58	0	0	0.38
240700	0.38	0.58	0.58	0	0	0.38
240800	0.38	0.58	0.58	0	0	0.38
240900	0.38	0.58	0.58	0	0	0.38
241000	0.38	0.58	0.58	0	0	0.38
241100	0.38	0.58	0.58	0	0	0.38
241200	0.38	0.59	0.59	0	0	0.38
241300	0.38	0.59	0.59	0	0	0.38
241400	0.38	0.59	0.59	0	0	0.38
241500	0.38	0.59	0.59	0	0	0.38
241600	0.38	0.59	0.59	0	0	0.38
241700	0.38	0.59	0.59	0	0	0.38
241800	0.38	0.59	0.59	0	0	0.38
241900	0.38	0.59	0.59	0	0	0.38
242000	0.38	0.59	0.59	0	0	0.38
242100	0.38	0.59	0.59	0	0	0.38
242200	0.38	0.59	0.59	0	0	0.38
242300	0.38	0.59	0.59	0	0	0.38
242400	0.38	0.59	0.59	0	0	0.38
242500	0.38	0.59	0.59	0	0	0.38
242600	0.38	0.59	0.59	0	0	0.38
242700	0.38	0.59	0.59	0	0	0.38
242800	0.38	0.59	0.59	0	0	0.38
242900	0.38	0.59	0.59	0	0	0.38
243000	0.38	0.59	0.59	0	0	0.38
243100	0.38	0.59	0.59	0	0	0.38
243200	0.38	0.59	0.59	0	0	0.38
243300	0.38	0.59	0.59	0	0	0.38
243400	0.38	0.59	0.59	0	0	0.38
243500	0.38	0.59	0.59	0	0	0.38
243600	0.38	0.59	0.59	0	0	0.38
243700	0.38	0.59	0.59	0	0	0.38
243800	0.38	0.59	0.59	0	0	0.38
243900	0.38	0.59	0.59	0	0	0.38
244000	0.38	0.59	0.59	0	0	0.38
244100	0.38	0.59	0.59	0	0	0.38
244200	0.38	0.59	0.59	0	0	0.38
244300	0.38	0.59	0.59	0	0	0.38
244400	0.38	0.59	0.59	0	0	0.38
244500	0.38	0.59	0.59	0	0	0.38
244600	0.38	0.59	0.59	0	0	0.38
244700	0.38	0.59	0.59	0	0	0.38
244800	0.38	0.59	0.59	0	0	0.38
244900	0.38	0.59	0.59	0	0	0.38
245000	0.38	0.59	0.59	0	0	0.38
245100	0.38	0.59	0.59	0	0	0.38
245200	0.38	0.59	0.59	0	0	0.38
245300	0.38	0.59	0.59	0	0	0.38
245400	0.38	0.59	0.59	0	0	0.38
245500	0.38	0.59	0.59	0	0	0.38
245600	0.38	0.59	0.59	0	0	0.38
245700	0.38	0.59	0.59	0	0	0.38
245800	0.38	0.59	0.59	0	0	0.38
245900	0.38	0.59	0.59	0	0	0.38
246000	0.38	0.59	0.59	0	0	0.38
246100	0.38	0.59	0.59	0	0	0.38
246200	0.38	0.59	0.59	0	0	0.38
246300	0.38	0.59	0.59	0	0	0.38
246400	0.38	0.59	0.59	0	0	0.38
246500	0.38	0.59	0.59	0	0	0.38
246600	0.38	0.59	0.59	0	0	0.38
246700	0.38	0.59	0.59	0	0	0.38
246800	0.38	0.59	0.59	0	0	0.38
246900	0.38	0.59	0.59	0	0	0.38
247000	0.38	0.59	0.59	0	0	0.38
247100	0.38	0.59	0.59	0	0	0.38
247200	0.38	0.59	0.59	0	0	0.38
247300	0.38	0.59	0.59	0	0	0.38
247400	0.38	0.59	0.59	0	0	0.38
247500	0.38	0.59	0.59	0	0	0.38
247600	0.38	0.59	0.59	0	0	0.38
247700	0.38	0.59	0.59	0	0	0.38
247800	0.38	0.59	0.59	0	0	0.38
247900	0.38	0.59	0.59	0	0	0.38
248000	0.38	0.59	0.59	0	0	0.38
248100	0.38	0.59	0.59	0	0	0.38
248200	0.38	0.59	0.59	0	0	0.38
248300	0.38	0.59	0.59	0	0	0.38
248400	0.38	0.59	0.59	0	0	0.38
248500	0.38	0.59	0.59	0	0	0.38
248600	0.38	0.59	0.59	0	0	0.38
248700	0.38	0.59	0.59	0	0	0.38
248800	0.38	0.59	0.59	0	0	0.38
248900	0.38	0.59	0.59	0	0	0.38
249000	0.38	0.59	0.59	0	0	0.38
249100	0.38	0.59	0.59	0	0	0.38
249200	0.38	0.59	0.59	0	0	0.38
249300	0.38	0.59	0.59	0	0	0.38
249400	0.38	0.59	0.59	0	0	0.38
249500	0.38	0.59	0.59	0	0	0.38
249600	0.38	0.59	0.59	0	0	0.38
249700	0.38	0.59	0.59	0	0	0.38
249800	0.38	0.59	0.59	0	0	0.38
249900	0.38	0.59	0.59	0	0	0.38
250000	0.38	0.59	0.59	0	0	0.38
250100	0.38	0.59	0.59	0	0	0.38
250200	0.38	0.59	0.59	0	0	0.38
250300	0.38	0.59	0.59	0	0	0.38
250400	0.38	0.59	0.59	0	0	0.38
250500	0.38	0.59	0.59	0	0	0.38
250600	0.38	0.59	0.59	0	0	0.38
250700	0.38	0.59	0.59	0	0	0.38
250800	0.38	0.59	0.59	0	0	0.38
250900	0.38	0.59	0.59	0	0	0.38
251000	0.39	0.59	0.59	0	0	0.39
251100	0.39	0.59	0.59	0	0	0.39
251200	0.39	0.59	0.59	0	0	0.39
251300	0.39	0.59	0.59	0	0	0.39
251400	0.39	0.59	0.59	0	0	0.39
251500	0.39	0.59	0.59	0	0	0.39
251600	0.39	0.59	0.59	0	0	0.39
251700	0.39	0.59	0.59	0	0	0.39
251800	0.39	0.59	0.59	0	0	0.39
251900	0.39	0.59	0.59	0	0	0.39
252000	0.39	0.59	0.59	0	0	0.39
252100	0.39	0.59	0.59	0	0	0.39
252200	0.39	0.59	0.59	0	0	0.39
252300	0.39	0.59	0.59	0	0	0.39
252400	0.39	0.59	0.59	0	0	0.39
252500	0.39	0.59	0.59	0	0	0.39
252600	0.39	0.59	0.59	0	0	0.39
252700	0.39	0.59	0.59	0	0	0.39
252800	0.39	0.59	0.59	0	0	0.39
252900	0.39	0.59	0.59	0	0	0.39
253000	0.39	0.59	0.59	0	0	0.39
253100	0.39	0.59	0.59	0	0	0.39
253200	0.39	0.59	0.59	0	0	0.39
253300	0.39	0.59	0.59	0	0	0.39
253400	0.39	0.59	0.59	0	0	0.39
253500	0.39	0.59	0.59	0	0	0.39
253600	0.39	0.59	0.59	0	0	0.39
253700	0.39	0.59	0.59	0	0	0.39
253800	0.39	0.59	0.59	0	0	0.39
253900	0.39	0.59	0.59	0	0	0.39
254000	0.39	0.59	0.59	0	0	0.39
254100	0.39	0.59	0.59	0	0	0.39
254200	0.39	0.59	0.59	0	0	0.39
254300	0.39	0.59	0.59	0	0	0.39
254400	0.39	0.59	0.59	0	0	0.39
254500	0.39	0.59	0.59	0	0	0.39
254600	0.39	0.59	0.59	0	0	0.39
254700	0.39	0.59	0.59	0	0	0.39
254800	0.39	0.59	0.59	0	0	0.39
254900	0.39	0.59	0.59	0	0	0.39
255000	0.39	0.59	0.59	0	0	0.39
255100	0.39	0.59	0.59	0	0	0.39
255200	0.39	0.59	0.59	0	0	0.39
255300	0.39	0.59	0.59	0	0	0.39
255400	0.39	0.59	0.59	0	0	0.39
255500	0.39	0.59	0.59	0	0	0.39
255600	0.39	0.59	0.59	0	0	0.39
255700	0.39	0.59	0.59	0	0	0.39
255800	0.39	0.59	0.59	0	0	0.39
255900	0.39	0.59	0.59	0	0	0.39
256000	0.39	0.59	0.59	0	0	0.39
256100	0.39	0.59	0.59	0	0	0.39
256200	0.39	0.59	0.59	0	0	0.39
256300	0.39	0.59	0.59	0	0	0.39
256400	0.39	0.59	0.59	0	0	0.39
256500	0.39	0.59	0.59	0	0	0.39
256600	0.39	0.59	0.59	0	0	0.39
256700	0.39	0.59	0.59	0	0	0.39
256800	0.39	0.59	0.59	0	0	0.39
256900	0.39	0.59	0.59	0	0	0.39
257000	0.39	0.59	0.59	0	0	0.39
257100	0.39	0.59	0.59	0	0	0.39
257200	0.39	0.59	0.59	0	0	0.39
257300	0.39	0.59	0.59	0	0	0.39
257400	0.39	0.59	0.59	0	0	0.39
257500	0.39	0.59	0.59	0	0	0.39
257600	0.39	0.59	0.59	0	0	0.39
257700	0.39	0.59	0.59	0	0	0.39
257800	0.39	0.6	0.6	0	0	0.39
257900	0.39	0.59	0.59	0	0	0.39
258000	0.39	0.59	0.59	0	0	0.39
258100	0.39	0.59	0.59	0	0	0.39
258200	0.39	0.59	0.59	0	0	0.39
258300	0.39	0.59	0.59	0	0	0.39
258400	0.39	0.59	0.59	0	0	0.39
258500	0.39	0.59	0.59	0	0	0.39
258600	0.39	0.59	0.59	0	0	0.39
258700	0.39	0.59	0.59	0	0	0.39
258800	0.39	0.59	0.59	0	0	0.39
258900	0.39	0.59	0.59	0	0	0.39
259000	0.39	0.59	0.59	0	0	0.39
259100	0.39	0.59	0.59	0	0	0.39
259200	0.39	0.59	0.59	0	0	0.39
259300	0.39	0.59	0.59	0	0	0.39
259400	0.39	0.59	0.59	0	0	0.39
259500	0.39	0.59	0.59	0	0	0.39
259600	0.39	0.59	0.59	0	0	0.39
259700	0.39	0.59	0.59	0	0	0.39
259800	0.39	0.58	0.58	0	0	0.39
259900	0.39	0.58	0.58	0	0	0.39
260000	0.39	0.58	0.58	0	0	0.39
260100	0.39	0.58	0.58	0	0	0.39
260200	0.39	0.58	0.58	0	0	0.39
260300	0.39	0.58	0.58	0	0	0.39
260400	0.39	0.58	0.58	0	0	0.39
260500	0.39	0.58	0.58	0	0	0.39
260600	0.39	0.58	0.58	0	0	0.39
260700	0.39	0.58	0.58	0	0	0.39
260800	0.39	0.58	0.58	0	0	0.39
260900	0.39	0.58	0.58	0	0	0.39
261000	0.39	0.58	0.58	0	0	0.39
261100	0.39	0.58	0.58	0	0	0.39
261200	0.39	0.58	0.58	0	0	0.39
261300	0.39	0.58	0.58	0	0	0.39
261400	0.39	0.58	0.58	0	0	0.39
261500	0.39	0.58	0.58	0	0	0.39
261600	0.39	0.58	0.58	0	0	0.39
261700	0.39	0.58	0.58	0	0	0.39
261800	0.39	0.58	0.58	0	0	0.39
261900	0.39	0.58	0.58	0	0	0.39
262000	0.39	0.58	0.58	0	0	0.39
262100	0.39	0.58	0.58	0	0	0.39
262200	0.39	0.58	0.58	0	0	0.39
262300	0.39	0.58	0.58	0	0	0.39
262400	0.39	0.58	0.58	0	0	0.39
262500	0.39	0.58	0.58	0	0	0.39
262600	0.39	0.58	0.58	0	0	0.39
262700	0.39	0.58	0.58	0	0	0.39
262800	0.39	0.58	0.58	0	0	0.39
262900	0.39	0.58	0.58	0	0	0.39
263000	0.39	0.58	0.58	0	0	0.39
263100	0.39	0.58	0.58	0	0	0.39
263200	0.39	0.58	0.58	0	0	0.39
263300	0.39	0.58	0.58	0	0	0.39
263400	0.39	0.58	0.58	0	0	0.39
263500	0.39	0.58	0.58	0	0	0.39
263600	0.39	0.58	0.58	0	0	0.39
263700	0.39	0.58	0.58	0	0	0.39
263800	0.39	0.58	0.58	0	0	0.39
263900	0.39	0.58	0.58	0	0	0.39
264000	0.39	0.58	0.58	0	0	0.39
264100	0.4	0.58	0.58	0	0	0.4
264200	0.4	0.58	0.58	0	0	0.4
264300	0.4	0.58	0.58	0	0	0.4
264400	0.4	0.58	0.58	0	0	0.4
264500	0.4	0.58	0.58	0	0	0.4
264600	0.4	0.58	0.58	0	0	0.4
264700	0.4	0.58	0.58	0	0	0.4
264800	0.4	0.58	0.58	0	0	0.4
264900	0.4	0.58	0.58	0	0	0.4
265000	0.4	0.58	0.58	0	0	0.4
265100	0.4	0.58	0.58	0	0	0.4
265200	0.4	0.58	0.58	0	0	0.4
265300	0.4	0.58	0.58	0	0	0.4
265400	0.4	0.58	0.58	0	0	0.4
265500	0.4	0.58	0.58	0	0	0.4
265600	0.4	0.58	0.58	0	0	0.4
265700	0.4	0.58	0.58	0	0	0.4
265800	0.4	0.58	0.58	0	0	0.4
265900	0.4	0.58	0.58	0	0	0.4
266000	0.4	0.58	0.58	0	0	0.4
266100	0.4	0.58	0.58	0	0	0.4
266200	0.4	0.58	0.58	0	0	0.4
266300	0.4	0.58	0.58	0	0	0.4
266400	0.4	0.58	0.58	0	0	0.4
266500	0.4	0.58	0.58	0	0	0.4
266600	0.4	0.58	0.58	0	0	0.4
266700	0.4	0.58	0.58	0	0	0.4
266800	0.4	0.58	0.58	0	0	0.4
266900	0.4	0.58	0.58	0	0	0.4
267000	0.4	0.58	0.58	0	0	0.4
267100	0.4	0.58	0.58	0	0	0.4
267200	0.4	0.58	0.58	0	0	0.4
267300	0.4	0.58	0.58	0	0	0.4
267400	0.4	0.58	0.58	0	0	0.4
267500	0.4	0.58	0.58	0	0	0.4
267600	0.4	0.58	0.58	0	0	0.4
267700	0.4	0.58	0.58	0	0	0.4
267800	0.4	0.58	0.58	0	0	0.4
267900	0.4	0.58	0.58	0	0	0.4
268000	0.4	0.58	0.58	0	0	0.4
268100	0.4	0.58	0.58	0	0	0.4
268200	0.4	0.58	0.58	0	0	0.4
268300	0.4	0.58	0.58	0	0	0.4
268400	0.4	0.58	0.58	0	0	0.4
268500	0.4	0.58	0.58	0	0	0.4
268600	0.4	0.58	0.58	0	0	0.4
268700	0.4	0.58	0.58	0	0	0.4
268800	0.4	0.58	0.58	0	0	0.4
268900	0.4	0.58	0.58	0	0	0.4
269000	0.4	0.58	0.58	0	0	0.4
269100	0.4	0.58	0.58	0	0	0.4
269200	0.4	0.58	0.58	0	0	0.4
269300	0.4	0.58	0.58	0	0	0.4
269400	0.4	0.58	0.58	0	0	0.4
269500	0.4	0.58	0.58	0	0	0.4
269600	0.4	0.58	0.58	0	0	0.4
269700	0.4	0.58	0.58	0	0	0.4
269800	0.4	0.58	0.58	0	0	0.4
269900	0.4	0.58	0.58	0	0	0.4
270000	0.4	0.58	0.58	0	0	0.4
270100	0.4	0.58	0.58	0	0	0.4
270200	0.4	0.58	0.58	0	0	0.4
270300	0.4	0.58	0.58	0	0	0.4
270400	0.4	0.58	0.58	0	0	0.4
270500	0.4	0.58	0.58	0	0	0.4
270600	0.4	0.58	0.58	0	0	0.4
270700	0.4	0.58	0.58	0	0	0.4
270800	0.4	0.58	0.58	0	0	0.4
270900	0.4	0.58	0.58	0	0	0.4
271000	0.4	0.58	0.58	0	0	0.4
271100	0.4	0.58	0.58	0	0	0.4
271200	0.4	0.58	0.58	0	0	0.4
271300	0.4	0.58	0.58	0	0	0.4
271400	0.4	0.58	0.58	0	0	0.4
271500	0.4	0.58	0.58	0	0	0.4
271600	0.4	0.58	0.58	0	0	0.4
271700	0.4	0.58	0.58	0	0	0.4
271800	0.4	0.58	0.58	0	0	0.4
271900	0.4	0.58	0.58	0	0	0.4
272000	0.4	0.58	0.58	0	0	0.4
272100	0.4	0.58	0.58	0	0	0.4
272200	0.4	0.58	0.58	0	0	0.4
272300	0.4	0.58	0.58	0	0	0.4
272400	0.4	0.58	0.58	0	0	0.4
272500	0.4	0.58	0.58	0	0	0.4
272600	0.4	0.58	0.58	0	0	0.4
272700	0.4	0.58	0.58	0	0	0.4
272800	0.4	0.58	0.58	0	0	0.4
272900	0.4	0.58	0.58	0	0	0.4
273000	0.4	0.58	0.58	0	0	0.4
273100	0.4	0.58	0.58	0	0	0.4
273200	0.4	0.58	0.58	0	0	0.4
273300	0.4	0.58	0.58	0	0	0.4
273400	0.4	0.58	0.58	0	0	0.4
273500	0.4	0.58	0.58	0	0	0.4
273600	0.4	0.58	0.58	0	0	0.4
273700	0.4	0.58	0.58	0	0	0.4
273800	0.4	0.58	0.58	0	0	0.4
273900	0.4	0.58	0.58	0	0	0.4
274000	0.4	0.58	0.58	0	0	0.4
274100	0.4	0.58	0.58	0	0	0.4
274200	0.4	0.58	0.58	0	0	0.4
274300	0.4	0.58	0.58	0	0	0.4
274400	0.4	0.58	0.58	0	0	0.4
274500	0.4	0.58	0.58	0	0	0.4
274600	0.4	0.58	0.58	0	0	0.4
274700	0.4	0.58	0.58	0	0	0.4
274800	0.4	0.58	0.58	0	0	0.4
274900	0.4	0.58	0.58	0	0	0.4
275000	0.4	0.58	0.58	0	0	0.4
275100	0.4	0.58	0.58	0	0	0.4
275200	0.4	0.58	0.58	0	0	0.4
275300	0.4	0.58	0.58	0	0	0.4
275400	0.4	0.58	0.58	0	0	0.4
275500	0.41	0.58	0.58	0	0	0.41
275600	0.41	0.58	0.58	0	0	0.41
275700	0.41	0.58	0.58	0	0	0.41
275800	0.4	0.58	0.58	0	0	0.4
275900	0.4	0.58	0.58	0	0	0.4
276000	0.4	0.58	0.58	0	0	0.4
276100	0.4	0.58	0.58	0	0	0.4
276200	0.4	0.58	0.58	0	0	0.4
276300	0.4	0.58	0.58	0	0	0.4
276400	0.4	0.58	0.58	0	0	0.4
276500	0.4	0.58	0.58	0	0	0.4
276600	0.4	0.58	0.58	0	0	0.4
276700	0.4	0.58	0.58	0	0	0.4
276800	0.4	0.58	0.58	0	0	0.4
276900	0.4	0.58	0.58	0	0	0.4
277000	0.4	0.58	0.58	0	0	0.4
277100	0.4	0.58	0.58	0	0	0.4
277200	0.4	0.58	0.58	0	0	0.4
277300	0.4	0.58	0.58	0	0	0.4
277400	0.4	0.58	0.58	0	0	0.4
277500	0.4	0.58	0.58	0	0	0.4
277600	0.4	0.58	0.58	0	0	0.4
277700	0.4	0.58	0.58	0	0	0.4
277800	0.4	0.58	0.58	0	0	0.4
277900	0.4	0.58	0.58	0	0	0.4
278000	0.4	0.58	0.58	0	0	0.4
278100	0.41	0.58	0.58	0	0	0.41
278200	0.4	0.58	0.58	0	0	0.4
278300	0.4	0.58	0.58	0	0	0.4
278400	0.4	0.58	0.58	0	0	0.4
278500	0.4	0.58	0.58	0	0	0.4
278600	0.4	0.58	0.58	0	0	0.4
278700	0.4	0.58	0.58	0	0	0.4
278800	0.4	0.58	0.58	0	0	0.4
278900	0.4	0.58	0.58	0	0	0.4
279000	0.4	0.58	0.58	0	0	0.4
279100	0.4	0.58	0.58	0	0	0.4
279200	0.4	0.58	0.58	0	0	0.4
279300	0.4	0.58	0.58	0	0	0.4
279400	0.4	0.58	0.58	0	0	0.4
279500	0.4	0.58	0.58	0	0	0.4
279600	0.4	0.58	0.58	0	0	0.4
279700	0.4	0.58	0.58	0	0	0.4
279800	0.4	0.58	0.58	0	0	0.4
279900	0.4	0.58	0.58	0	0	0.4
280000	0.4	0.58	0.58	0	0	0.4
280100	0.4	0.58	0.58	0	0	0.4
280200	0.4	0.58	0.58	0	0	0.4
280300	0.4	0.58	0.58	0	0	0.4
280400	0.4	0.58	0.58	0	0	0.4
280500	0.4	0.58	0.58	0	0	0.4
280600	0.4	0.58	0.58	0	0	0.4
280700	0.4	0.58	0.58	0	0	0.4
280800	0.4	0.58	0.58	0	0	0.4
280900	0.4	0.58	0.58	0	0	0.4
281000	0.4	0.58	0.58	0	0	0.4
281100	0.4	0.58	0.58	0	0	0.4
281200	0.4	0.58	0.58	0	0	0.4
281300	0.4	0.58	0.58	0	0	0.4
281400	0.4	0.58	0.58	0	0	0.4
281500	0.4	0.58	0.58	0	0	0.4
281600	0.4	0.58	0.58	0	0	0.4
281700	0.4	0.58	0.58	0	0	0.4
281800	0.39	0.58	0.58	0	0	0.39
281900	0.39	0.58	0.58	0	0	0.39
282000	0.39	0.58	0.58	0	0	0.39
282100	0.39	0.58	0.58	0	0	0.39
282200	0.39	0.58	0.58	0	0	0.39
282300	0.39	0.58	0.58	0	0	0.39
282400	0.39	0.58	0.58	0	0	0.39
282500	0.39	0.58	0.58	0	0	0.39
282600	0.39	0.58	0.58	0	0	0.39
282700	0.39	0.58	0.58	0	0	0.39
282800	0.39	0.58	0.58	0	0	0.39
282900	0.39	0.58	0.58	0	0	0.39
283000	0.39	0.58	0.58	0	0	0.39
283100	0.39	0.58	0.58	0	0	0.39
283200	0.39	0.58	0.58	0	0	0.39
283300	0.39	0.58	0.58	0	0	0.39
283400	0.39	0.58	0.58	0	0	0.39
283500	0.39	0.58	0.58	0	0	0.39
283600	0.39	0.58	0.58	0	0	0.39
283700	0.39	0.59	0.59	0	0	0.39
283800	0.39	0.59	0.59	0	0	0.39
283900	0.39	0.59	0.59	0	0	0.39
284000	0.39	0.59	0.59	0	0	0.39
284100	0.39	0.59	0.59	0	0	0.39
284200	0.39	0.6	0.6	0	0	0.39
284300	0.39	0.6	0.6	0	0	0.39
284400	0.39	0.6	0.6	0	0	0.39
284500	0.39	0.6	0.6	0	0	0.39
284600	0.39	0.6	0.6	0	0	0.39
284700	0.39	0.6	0.6	0	0	0.39
284800	0.39	0.6	0.6	0	0	0.39
284900	0.39	0.6	0.6	0	0	0.39
285000	0.39	0.6	0.6	0	0	0.39
285100	0.39	0.6	0.6	0	0	0.39
285200	0.39	0.6	0.6	0	0	0.39
285300	0.39	0.6	0.6	0	0	0.39
285400	0.39	0.6	0.6	0	0	0.39
285500	0.39	0.6	0.6	0	0	0.39
285600	0.39	0.6	0.6	0	0	0.39
285700	0.39	0.6	0.6	0	0	0.39
285800	0.39	0.6	0.6	0	0	0.39
285900	0.39	0.6	0.6	0	0	0.39
286000	0.39	0.6	0.6	0	0	0.39
286100	0.39	0.6	0.6	0	0	0.39
286200	0.39	0.59	0.59	0	0	0.39
286300	0.39	0.59	0.59	0	0	0.39
286400	0.39	0.59	0.59	0	0	0.39
286500	0.39	0.59	0.59	0	0	0.39
286600	0.39	0.59	0.59	0	0	0.39
286700	0.39	0.59	0.59	0	0	0.39
286800	0.39	0.59	0.59	0	0	0.39
286900	0.39	0.59	0.59	0	0	0.39
287000	0.39	0.59	0.59	0	0	0.39
287100	0.38	0.59	0.59	0	0	0.38
287200	0.38	0.59	0.59	0	0	0.38
287300	0.38	0.59	0.59	0	0	0.38
287400	0.38	0.59	0.59	0	0	0.38
287500	0.38	0.59	0.59	0	0	0.38
287600	0.38	0.59	0.59	0	0	0.38
287700	0.38	0.59	0.59	0	0	0.38
287800	0.38	0.59	0.59	0	0	0.38
287900	0.38	0.59	0.59	0	0	0.38
288000	0.38	0.59	0.59	0	0	0.38
288100	0.38	0.59	0.59	0	0	0.38
288200	0.38	0.59	0.59	0	0	0.38
288300	0.38	0.59	0.59	0	0	0.38
288400	0.38	0.59	0.59	0	0	0.38
288500	0.38	0.59	0.59	0	0	0.38
288600	0.38	0.59	0.59	0	0	0.38
288700	0.38	0.59	0.59	0	0	0.38
288800	0.38	0.59	0.59	0	0	0.38
288900	0.38	0.59	0.59	0	0	0.38
289000	0.38	0.59	0.59	0	0	0.38
289100	0.38	0.59	0.59	0	0	0.38
289200	0.38	0.59	0.59	0	0	0.38
289300	0.38	0.59	0.59	0	0	0.38
289400	0.38	0.59	0.59	0	0	0.38
289500	0.38	0.59	0.59	0	0	0.38
289600	0.38	0.59	0.59	0	0	0.38
289700	0.38	0.59	0.59	0	0	0.38
289800	0.38	0.59	0.59	0	0	0.38
289900	0.38	0.59	0.59	0	0	0.38
290000	0.38	0.59	0.59	0	0	0.38
290100	0.38	0.59	0.59	0	0	0.38
290200	0.38	0.59	0.59	0	0	0.38
290300	0.38	0.59	0.59	0	0	0.38
290400	0.38	0.59	0.59	0	0	0.38
290500	0.38	0.59	0.59	0	0	0.38
290600	0.38	0.6	0.6	0	0	0.38
290700	0.38	0.6	0.6	0	0	0.38
290800	0.38	0.6	0.6	0	0	0.38
290900	0.38	0.6	0.6	0	0	0.38
291000	0.38	0.6	0.6	0	0	0.38
291100	0.38	0.6	0.6	0	0	0.38
291200	0.38	0.6	0.6	0	0	0.38
291300	0.38	0.6	0.6	0	0	0.38
291400	0.38	0.6	0.6	0	0	0.38
291500	0.38	0.6	0.6	0	0	0.38
291600	0.38	0.6	0.6	0	0	0.38
291700	0.38	0.6	0.6	0	0	0.38
291800	0.38	0.6	0.6	0	0	0.38
291900	0.38	0.6	0.6	0	0	0.38
292000	0.38	0.6	0.6	0	0	0.38
292100	0.38	0.6	0.6	0	0	0.38
292200	0.38	0.6	0.6	0	0	0.38
292300	0.38	0.6	0.6	0	0	0.38
292400	0.38	0.6	0.6	0	0	0.38
292500	0.38	0.6	0.6	0	0	0.38
292600	0.38	0.6	0.6	0	0	0.38
292700	0.38	0.6	0.6	0	0	0.38
292800	0.38	0.6	0.6	0	0	0.38
292900	0.38	0.6	0.6	0	0	0.38
293000	0.38	0.6	0.6	0	0	0.38
293100	0.38	0.6	0.6	0	0	0.38
293200	0.38	0.6	0.6	0	0	0.38
293300	0.38	0.6	0.6	0	0	0.38
293400	0.38	0.6	0.6	0	0	0.38
293500	0.38	0.6	0.6	0	0	0.38
293600	0.38	0.6	0.6	0	0	0.38
293700	0.38	0.6	0.6	0	0	0.38
293800	0.38	0.6	0.6	0	0	0.38
293900	0.38	0.6	0.6	0	0	0.38
294000	0.38	0.6	0.6	0	0	0.38
294100	0.38	0.6	0.6	0	0	0.38
294200	0.38	0.6	0.6	0	0	0.38
294300	0.38	0.6	0.6	0	0	0.38
294400	0.38	0.6	0.6	0	0	0.38
294500	0.39	0.6	0.6	0	0	0.39
294600	0.38	0.6	0.6	0	0	0.38
294700	0.38	0.6	0.6	0	0	0.38
294800	0.38	0.6	0.6	0	0	0.38
294900	0.38	0.6	0.6	0	0	0.38
295000	0.38	0.6	0.6	0	0	0.38
295100	0.38	0.6	0.6	0	0	0.38
295200	0.38	0.6	0.6	0	0	0.38
295300	0.38	0.6	0.6	0	0	0.38
295400	0.38	0.6	0.6	0	0	0.38
295500	0.38	0.6	0.6	0	0	0.38
295600	0.38	0.6	0.6	0	0	0.38
295700	0.38	0.6	0.6	0	0	0.38
295800	0.38	0.6	0.6	0	0	0.38
295900	0.38	0.6	0.6	0	0	0.38
296000	0.38	0.6	0.6	0	0	0.38
296100	0.38	0.6	0.6	0	0	0.38
296200	0.39	0.6	0.6	0	0	0.39
296300	0.38	0.6	0.6	0	0	0.38
296400	0.38	0.6	0.6	0	0	0.38
296500	0.38	0.6	0.6	0	0	0.38
296600	0.38	0.6	0.6	0	0	0.38
296700	0.38	0.6	0.6	0	0	0.38
296800	0.38	0.6	0.6	0	0	0.38
296900	0.38	0.6	0.6	0	0	0.38
297000	0.38	0.6	0.6	0	0	0.38
297100	0.38	0.6	0.6	0	0	0.38
297200	0.38	0.6	0.6	0	0	0.38
297300	0.38	0.6	0.6	0	0	0.38
297400	0.38	0.6	0.6	0	0	0.38
297500	0.38	0.6	0.6	0	0	0.38
297600	0.38	0.61	0.61	0	0	0.38
297700	0.38	0.61	0.61	0	0	0.38
297800	0.38	0.61	0.61	0	0	0.38
297900	0.38	0.61	0.61	0	0	0.38
298000	0.38	0.61	0.61	0	0	0.38
298100	0.38	0.61	0.61	0	0	0.38
298200	0.38	0.61	0.61	0	0	0.38
298300	0.38	0.61	0.61	0	0	0.38
298400	0.38	0.61	0.61	0	0	0.38
298500	0.38	0.61	0.61	0	0	0.38
298600	0.38	0.61	0.61	0	0	0.38
298700	0.38	0.61	0.61	0	0	0.38
298800	0.38	0.61	0.61	0	0	0.38
298900	0.38	0.61	0.61	0	0	0.38
299000	0.38	0.61	0.61	0	0	0.38
299100	0.38	0.61	0.61	0	0	0.38
299200	0.38	0.61	0.61	0	0	0.38
299300	0.38	0.61	0.61	0	0	0.38
299400	0.38	0.61	0.61	0	0	0.38
299500	0.38	0.61	0.61	0	0	0.38
299600	0.38	0.61	0.61	0	0	0.38
299700	0.38	0.61	0.61	0	0	0.38
299800	0.38	0.61	0.61	0	0	0.38
299900	0.38	0.61	0.61	0	0	0.38
300000	0.38	0.61	0.61	0	0	0.38
