100	0.1	0.08	0.08	0	0	0.1
200	0.12	0.11	0.11	0	0	0.12
300	0.14	0.13	0.13	0	0	0.14
400	0.12	0.12	0.12	0	0	0.12
500	0.14	0.12	0.12	0	0	0.14
600	0.12	0.15	0.15	0	0	0.12
700	0.11	0.17	0.17	0	0	0.11
800	0.14	0.16	0.16	0	0	0.14
900	0.14	0.17	0.17	0	0	0.14
1000	0.17	0.17	0.17	0	0	0.17
1100	0.15	0.19	0.19	0	0	0.15
1200	0.15	0.19	0.19	0	0	0.15
1300	0.17	0.2	0.2	0	0	0.17
1400	0.19	0.2	0.2	0	0	0.19
1500	0.18	0.2	0.2	0	0	0.18
1600	0.18	0.2	0.2	0	0	0.18
1700	0.19	0.18	0.18	0	0	0.19
1800	0.2	0.14	0.14	0	0	0.2
1900	0.2	0.15	0.15	0	0	0.2
2000	0.2	0.14	0.14	0	0	0.2
2100	0.22	0.14	0.14	0	0	0.22
2200	0.2	0.15	0.15	0	0	0.2
2300	0.2	0.13	0.13	0	0	0.2
2400	0.2	0.13	0.13	0	0	0.2
2500	0.2	0.14	0.14	0	0	0.2
2600	0.21	0.12	0.12	0	0	0.21
2700	0.22	0.12	0.12	0	0	0.22
2800	0.24	0.14	0.14	0	0	0.24
2900	0.24	0.14	0.14	0	0	0.24
3000	0.25	0.16	0.16	0	0	0.25
3100	0.25	0.15	0.15	0	0	0.25
3200	0.24	0.14	0.14	0	0	0.24
3300	0.25	0.14	0.14	0	0	0.25
3400	0.25	0.15	0.15	0	0	0.25
3500	0.25	0.14	0.14	0	0	0.25
3600	0.28	0.14	0.14	0	0	0.28
3700	0.27	0.14	0.14	0	0	0.27
3800	0.24	0.15	0.15	0	0	0.24
3900	0.21	0.15	0.15	0	0	0.21
4000	0.18	0.15	0.15	0	0	0.18
4100	0.19	0.16	0.16	0	0	0.19
4200	0.18	0.14	0.14	0	0	0.18
4300	0.18	0.14	0.14	0	0	0.18
4400	0.2	0.15	0.15	0	0	0.2
4500	0.2	0.15	0.15	0	0	0.2
4600	0.16	0.17	0.17	0	0	0.16
4700	0.17	0.17	0.17	0	0	0.17
4800	0.17	0.15	0.15	0	0	0.17
4900	0.16	0.19	0.19	0	0	0.16
5000	0.16	0.2	0.2	0	0	0.16
5100	0.18	0.19	0.19	0	0	0.18
5200	0.17	0.19	0.19	0	0	0.17
5300	0.18	0.19	0.19	0	0	0.18
5400	0.2	0.2	0.2	0	0	0.2
5500	0.18	0.19	0.19	0	0	0.18
5600	0.19	0.19	0.19	0	0	0.19
5700	0.18	0.2	0.2	0	0	0.18
5800	0.2	0.19	0.19	0	0	0.2
5900	0.21	0.2	0.2	0	0	0.21
6000	0.19	0.21	0.21	0	0	0.19
6100	0.19	0.23	0.23	0	0	0.19
6200	0.2	0.22	0.22	0	0	0.2
6300	0.17	0.23	0.23	0	0	0.17
6400	0.17	0.24	0.24	0	0	0.17
6500	0.16	0.25	0.25	0	0	0.16
6600	0.15	0.25	0.25	0	0	0.15
6700	0.15	0.26	0.26	0	0	0.15
6800	0.16	0.27	0.27	0	0	0.16
6900	0.15	0.26	0.26	0	0	0.15
7000	0.16	0.26	0.26	0	0	0.16
7100	0.16	0.28	0.28	0	0	0.16
7200	0.17	0.3	0.3	0	0	0.17
7300	0.18	0.3	0.3	0	0	0.18
7400	0.2	0.3	0.3	0	0	0.2
7500	0.19	0.3	0.3	0	0	0.19
7600	0.2	0.31	0.31	0	0	0.2
7700	0.21	0.33	0.33	0	0	0.21
7800	0.21	0.31	0.31	0	0	0.21
7900	0.21	0.31	0.31	0	0	0.21
8000	0.21	0.31	0.31	0	0	0.21
8100	0.2	0.31	0.31	0	0	0.2
8200	0.2	0.29	0.29	0	0	0.2
8300	0.2	0.3	0.3	0	0	0.2
8400	0.2	0.3	0.3	0	0	0.2
8500	0.2	0.31	0.31	0	0	0.2
8600	0.21	0.32	0.32	0	0	0.21
8700	0.2	0.32	0.32	0	0	0.2
8800	0.2	0.34	0.34	0	0	0.2
8900	0.21	0.33	0.33	0	0	0.21
9000	0.2	0.33	0.33	0	0	0.2
9100	0.2	0.34	0.34	0	0	0.2
9200	0.21	0.34	0.34	0	0	0.21
9300	0.22	0.34	0.34	0	0	0.22
9400	0.23	0.32	0.32	0	0	0.23
9500	0.23	0.3	0.3	0	0	0.23
9600	0.23	0.29	0.29	0	0	0.23
9700	0.24	0.29	0.29	0	0	0.24
9800	0.26	0.29	0.29	0	0	0.26
9900	0.26	0.29	0.29	0	0	0.26
10000	0.26	0.3	0.3	0	0	0.26
10100	0.25	0.28	0.28	0	0	0.25
10200	0.27	0.3	0.3	0	0	0.27
10300	0.29	0.31	0.31	0	0	0.29
10400	0.29	0.32	0.32	0	0	0.29
10500	0.3	0.32	0.32	0	0	0.3
10600	0.3	0.33	0.33	0	0	0.3
10700	0.3	0.31	0.31	0	0	0.3
10800	0.28	0.31	0.31	0	0	0.28
10900	0.28	0.32	0.32	0	0	0.28
11000	0.28	0.32	0.32	0	0	0.28
11100	0.27	0.32	0.32	0	0	0.27
11200	0.27	0.33	0.33	0	0	0.27
11300	0.27	0.33	0.33	0	0	0.27
11400	0.27	0.32	0.32	0	0	0.27
11500	0.27	0.31	0.31	0	0	0.27
11600	0.28	0.31	0.31	0	0	0.28
11700	0.3	0.3	0.3	0	0	0.3
11800	0.29	0.3	0.3	0	0	0.29
11900	0.28	0.3	0.3	0	0	0.28
12000	0.29	0.3	0.3	0	0	0.29
12100	0.28	0.3	0.3	0	0	0.28
12200	0.28	0.31	0.31	0	0	0.28
12300	0.25	0.31	0.31	0	0	0.25
12400	0.26	0.31	0.31	0	0	0.26
12500	0.25	0.31	0.31	0	0	0.25
12600	0.23	0.31	0.31	0	0	0.23
12700	0.24	0.31	0.31	0	0	0.24
12800	0.25	0.31	0.31	0	0	0.25
12900	0.23	0.3	0.3	0	0	0.23
13000	0.23	0.31	0.31	0	0	0.23
13100	0.23	0.31	0.31	0	0	0.23
13200	0.24	0.31	0.31	0	0	0.24
13300	0.24	0.32	0.32	0	0	0.24
13400	0.24	0.33	0.33	0	0	0.24
13500	0.24	0.31	0.31	0	0	0.24
13600	0.24	0.32	0.32	0	0	0.24
13700	0.25	0.32	0.32	0	0	0.25
13800	0.27	0.32	0.32	0	0	0.27
13900	0.27	0.32	0.32	0	0	0.27
14000	0.28	0.32	0.32	0	0	0.28
14100	0.28	0.32	0.32	0	0	0.28
14200	0.28	0.33	0.33	0	0	0.28
14300	0.28	0.33	0.33	0	0	0.28
14400	0.27	0.34	0.34	0	0	0.27
14500	0.27	0.33	0.33	0	0	0.27
14600	0.27	0.33	0.33	0	0	0.27
14700	0.27	0.33	0.33	0	0	0.27
14800	0.27	0.33	0.33	0	0	0.27
14900	0.26	0.33	0.33	0	0	0.26
15000	0.26	0.33	0.33	0	0	0.26
15100	0.25	0.34	0.34	0	0	0.25
15200	0.25	0.33	0.33	0	0	0.25
15300	0.25	0.33	0.33	0	0	0.25
15400	0.25	0.33	0.33	0	0	0.25
15500	0.25	0.33	0.33	0	0	0.25
15600	0.26	0.33	0.33	0	0	0.26
15700	0.27	0.34	0.34	0	0	0.27
15800	0.26	0.33	0.33	0	0	0.26
15900	0.26	0.33	0.33	0	0	0.26
16000	0.27	0.33	0.33	0	0	0.27
16100	0.28	0.33	0.33	0	0	0.28
16200	0.27	0.33	0.33	0	0	0.27
16300	0.25	0.33	0.33	0	0	0.25
16400	0.28	0.33	0.33	0	0	0.28
16500	0.28	0.34	0.34	0	0	0.28
16600	0.27	0.34	0.34	0	0	0.27
16700	0.27	0.34	0.34	0	0	0.27
16800	0.27	0.34	0.34	0	0	0.27
16900	0.26	0.36	0.36	0	0	0.26
17000	0.27	0.35	0.35	0	0	0.27
17100	0.27	0.35	0.35	0	0	0.27
17200	0.27	0.35	0.35	0	0	0.27
17300	0.28	0.35	0.35	0	0	0.28
17400	0.27	0.35	0.35	0	0	0.27
17500	0.27	0.35	0.35	0	0	0.27
17600	0.27	0.34	0.34	0	0	0.27
17700	0.28	0.34	0.34	0	0	0.28
17800	0.28	0.34	0.34	0	0	0.28
17900	0.28	0.36	0.36	0	0	0.28
18000	0.28	0.35	0.35	0	0	0.28
18100	0.28	0.35	0.35	0	0	0.28
18200	0.28	0.35	0.35	0	0	0.28
18300	0.28	0.35	0.35	0	0	0.28
18400	0.28	0.35	0.35	0	0	0.28
18500	0.29	0.36	0.36	0	0	0.29
18600	0.29	0.35	0.35	0	0	0.29
18700	0.29	0.36	0.36	0	0	0.29
18800	0.29	0.36	0.36	0	0	0.29
18900	0.27	0.35	0.35	0	0	0.27
19000	0.26	0.34	0.34	0	0	0.26
19100	0.26	0.34	0.34	0	0	0.26
19200	0.26	0.34	0.34	0	0	0.26
19300	0.26	0.34	0.34	0	0	0.26
19400	0.26	0.34	0.34	0	0	0.26
19500	0.26	0.34	0.34	0	0	0.26
19600	0.26	0.34	0.34	0	0	0.26
19700	0.26	0.34	0.34	0	0	0.26
19800	0.26	0.35	0.35	0	0	0.26
19900	0.26	0.35	0.35	0	0	0.26
20000	0.26	0.35	0.35	0	0	0.26
20100	0.26	0.36	0.36	0	0	0.26
20200	0.26	0.36	0.36	0	0	0.26
20300	0.26	0.36	0.36	0	0	0.26
20400	0.26	0.37	0.37	0	0	0.26
20500	0.27	0.37	0.37	0	0	0.27
20600	0.27	0.37	0.37	0	0	0.27
20700	0.28	0.36	0.36	0	0	0.28
20800	0.28	0.36	0.36	0	0	0.28
20900	0.29	0.36	0.36	0	0	0.29
21000	0.29	0.35	0.35	0	0	0.29
21100	0.29	0.35	0.35	0	0	0.29
21200	0.3	0.35	0.35	0	0	0.3
21300	0.3	0.35	0.35	0	0	0.3
21400	0.3	0.35	0.35	0	0	0.3
21500	0.3	0.35	0.35	0	0	0.3
21600	0.3	0.36	0.36	0	0	0.3
21700	0.31	0.36	0.36	0	0	0.31
21800	0.31	0.37	0.37	0	0	0.31
21900	0.32	0.36	0.36	0	0	0.32
22000	0.33	0.37	0.37	0	0	0.33
22100	0.32	0.36	0.36	0	0	0.32
22200	0.32	0.36	0.36	0	0	0.32
22300	0.32	0.36	0.36	0	0	0.32
22400	0.33	0.36	0.36	0	0	0.33
22500	0.33	0.37	0.37	0	0	0.33
22600	0.33	0.36	0.36	0	0	0.33
22700	0.33	0.36	0.36	0	0	0.33
22800	0.33	0.36	0.36	0	0	0.33
22900	0.33	0.36	0.36	0	0	0.33
23000	0.33	0.36	0.36	0	0	0.33
23100	0.33	0.36	0.36	0	0	0.33
23200	0.33	0.36	0.36	0	0	0.33
23300	0.33	0.37	0.37	0	0	0.33
23400	0.33	0.37	0.37	0	0	0.33
23500	0.32	0.37	0.37	0	0	0.32
23600	0.32	0.37	0.37	0	0	0.32
23700	0.32	0.37	0.37	0	0	0.32
23800	0.32	0.38	0.38	0	0	0.32
23900	0.32	0.38	0.38	0	0	0.32
24000	0.33	0.37	0.37	0	0	0.33
24100	0.32	0.37	0.37	0	0	0.32
24200	0.32	0.38	0.38	0	0	0.32
24300	0.32	0.37	0.37	0	0	0.32
24400	0.3	0.37	0.37	0	0	0.3
24500	0.3	0.37	0.37	0	0	0.3
24600	0.3	0.37	0.37	0	0	0.3
24700	0.3	0.37	0.37	0	0	0.3
24800	0.3	0.37	0.37	0	0	0.3
24900	0.3	0.37	0.37	0	0	0.3
25000	0.3	0.37	0.37	0	0	0.3
25100	0.3	0.37	0.37	0	0	0.3
25200	0.3	0.37	0.37	0	0	0.3
25300	0.3	0.37	0.37	0	0	0.3
25400	0.3	0.37	0.37	0	0	0.3
25500	0.3	0.37	0.37	0	0	0.3
25600	0.31	0.37	0.37	0	0	0.31
25700	0.31	0.37	0.37	0	0	0.31
25800	0.31	0.37	0.37	0	0	0.31
25900	0.31	0.37	0.37	0	0	0.31
26000	0.32	0.36	0.36	0	0	0.32
26100	0.32	0.36	0.36	0	0	0.32
26200	0.32	0.37	0.37	0	0	0.32
26300	0.33	0.38	0.38	0	0	0.33
26400	0.33	0.37	0.37	0	0	0.33
26500	0.33	0.36	0.36	0	0	0.33
26600	0.34	0.36	0.36	0	0	0.34
26700	0.35	0.36	0.36	0	0	0.35
26800	0.33	0.36	0.36	0	0	0.33
26900	0.35	0.36	0.36	0	0	0.35
27000	0.33	0.36	0.36	0	0	0.33
27100	0.32	0.37	0.37	0	0	0.32
27200	0.32	0.37	0.37	0	0	0.32
27300	0.32	0.38	0.38	0	0	0.32
27400	0.33	0.36	0.36	0	0	0.33
27500	0.33	0.36	0.36	0	0	0.33
27600	0.33	0.36	0.36	0	0	0.33
27700	0.33	0.36	0.36	0	0	0.33
27800	0.33	0.36	0.36	0	0	0.33
27900	0.33	0.36	0.36	0	0	0.33
28000	0.33	0.36	0.36	0	0	0.33
28100	0.35	0.36	0.36	0	0	0.35
28200	0.35	0.36	0.36	0	0	0.35
28300	0.35	0.36	0.36	0	0	0.35
28400	0.34	0.36	0.36	0	0	0.34
28500	0.31	0.36	0.36	0	0	0.31
28600	0.32	0.36	0.36	0	0	0.32
28700	0.32	0.36	0.36	0	0	0.32
28800	0.32	0.36	0.36	0	0	0.32
28900	0.32	0.36	0.36	0	0	0.32
29000	0.32	0.36	0.36	0	0	0.32
29100	0.32	0.36	0.36	0	0	0.32
29200	0.33	0.36	0.36	0	0	0.33
29300	0.31	0.36	0.36	0	0	0.31
29400	0.31	0.36	0.36	0	0	0.31
29500	0.31	0.38	0.38	0	0	0.31
29600	0.31	0.34	0.34	0	0	0.31
29700	0.31	0.34	0.34	0	0	0.31
29800	0.31	0.34	0.34	0	0	0.31
29900	0.31	0.35	0.35	0	0	0.31
30000	0.31	0.35	0.35	0	0	0.31
30100	0.31	0.35	0.35	0	0	0.31
30200	0.31	0.35	0.35	0	0	0.31
30300	0.31	0.35	0.35	0	0	0.31
30400	0.31	0.35	0.35	0	0	0.31
30500	0.32	0.35	0.35	0	0	0.32
30600	0.31	0.35	0.35	0	0	0.31
30700	0.31	0.36	0.36	0	0	0.31
30800	0.3	0.36	0.36	0	0	0.3
30900	0.3	0.36	0.36	0	0	0.3
31000	0.3	0.36	0.36	0	0	0.3
31100	0.3	0.36	0.36	0	0	0.3
31200	0.3	0.36	0.36	0	0	0.3
31300	0.31	0.36	0.36	0	0	0.31
31400	0.31	0.36	0.36	0	0	0.31
31500	0.31	0.36	0.36	0	0	0.31
31600	0.31	0.36	0.36	0	0	0.31
31700	0.32	0.37	0.37	0	0	0.32
31800	0.33	0.37	0.37	0	0	0.33
31900	0.33	0.38	0.38	0	0	0.33
32000	0.33	0.38	0.38	0	0	0.33
32100	0.33	0.38	0.38	0	0	0.33
32200	0.33	0.38	0.38	0	0	0.33
32300	0.33	0.38	0.38	0	0	0.33
32400	0.33	0.38	0.38	0	0	0.33
32500	0.33	0.38	0.38	0	0	0.33
32600	0.33	0.39	0.39	0	0	0.33
32700	0.33	0.39	0.39	0	0	0.33
32800	0.33	0.39	0.39	0	0	0.33
32900	0.33	0.39	0.39	0	0	0.33
33000	0.33	0.39	0.39	0	0	0.33
33100	0.33	0.4	0.4	0	0	0.33
33200	0.33	0.39	0.39	0	0	0.33
33300	0.33	0.39	0.39	0	0	0.33
33400	0.33	0.39	0.39	0	0	0.33
33500	0.33	0.39	0.39	0	0	0.33
33600	0.33	0.39	0.39	0	0	0.33
33700	0.33	0.39	0.39	0	0	0.33
33800	0.33	0.39	0.39	0	0	0.33
33900	0.33	0.39	0.39	0	0	0.33
34000	0.33	0.39	0.39	0	0	0.33
34100	0.33	0.39	0.39	0	0	0.33
34200	0.33	0.39	0.39	0	0	0.33
34300	0.33	0.39	0.39	0	0	0.33
34400	0.33	0.39	0.39	0	0	0.33
34500	0.33	0.39	0.39	0	0	0.33
34600	0.33	0.39	0.39	0	0	0.33
34700	0.33	0.38	0.38	0	0	0.33
34800	0.33	0.38	0.38	0	0	0.33
34900	0.33	0.38	0.38	0	0	0.33
35000	0.33	0.39	0.39	0	0	0.33
35100	0.33	0.39	0.39	0	0	0.33
35200	0.33	0.39	0.39	0	0	0.33
35300	0.33	0.39	0.39	0	0	0.33
35400	0.33	0.39	0.39	0	0	0.33
35500	0.33	0.39	0.39	0	0	0.33
35600	0.33	0.39	0.39	0	0	0.33
35700	0.34	0.39	0.39	0	0	0.34
35800	0.34	0.4	0.4	0	0	0.34
35900	0.34	0.4	0.4	0	0	0.34
36000	0.34	0.4	0.4	0	0	0.34
36100	0.34	0.4	0.4	0	0	0.34
36200	0.34	0.39	0.39	0	0	0.34
36300	0.34	0.39	0.39	0	0	0.34
36400	0.34	0.4	0.4	0	0	0.34
36500	0.34	0.39	0.39	0	0	0.34
36600	0.34	0.39	0.39	0	0	0.34
36700	0.34	0.4	0.4	0	0	0.34
36800	0.34	0.4	0.4	0	0	0.34
36900	0.34	0.4	0.4	0	0	0.34
37000	0.34	0.4	0.4	0	0	0.34
37100	0.34	0.4	0.4	0	0	0.34
37200	0.35	0.41	0.41	0	0	0.35
37300	0.34	0.41	0.41	0	0	0.34
37400	0.34	0.41	0.41	0	0	0.34
37500	0.35	0.4	0.4	0	0	0.35
37600	0.35	0.4	0.4	0	0	0.35
37700	0.35	0.4	0.4	0	0	0.35
37800	0.35	0.39	0.39	0	0	0.35
37900	0.35	0.39	0.39	0	0	0.35
38000	0.35	0.4	0.4	0	0	0.35
38100	0.35	0.4	0.4	0	0	0.35
38200	0.35	0.4	0.4	0	0	0.35
38300	0.35	0.4	0.4	0	0	0.35
38400	0.35	0.4	0.4	0	0	0.35
38500	0.35	0.4	0.4	0	0	0.35
38600	0.35	0.39	0.39	0	0	0.35
38700	0.35	0.39	0.39	0	0	0.35
38800	0.35	0.38	0.38	0	0	0.35
38900	0.35	0.37	0.37	0	0	0.35
39000	0.35	0.37	0.37	0	0	0.35
39100	0.36	0.37	0.37	0	0	0.36
39200	0.36	0.37	0.37	0	0	0.36
39300	0.35	0.37	0.37	0	0	0.35
39400	0.35	0.38	0.38	0	0	0.35
39500	0.36	0.38	0.38	0	0	0.36
39600	0.36	0.38	0.38	0	0	0.36
39700	0.35	0.38	0.38	0	0	0.35
39800	0.35	0.39	0.39	0	0	0.35
39900	0.35	0.38	0.38	0	0	0.35
40000	0.35	0.38	0.38	0	0	0.35
40100	0.35	0.38	0.38	0	0	0.35
40200	0.35	0.38	0.38	0	0	0.35
40300	0.35	0.38	0.38	0	0	0.35
40400	0.35	0.39	0.39	0	0	0.35
40500	0.35	0.38	0.38	0	0	0.35
40600	0.35	0.38	0.38	0	0	0.35
40700	0.35	0.38	0.38	0	0	0.35
40800	0.35	0.38	0.38	0	0	0.35
40900	0.34	0.38	0.38	0	0	0.34
41000	0.34	0.38	0.38	0	0	0.34
41100	0.33	0.38	0.38	0	0	0.33
41200	0.33	0.37	0.37	0	0	0.33
41300	0.34	0.37	0.37	0	0	0.34
41400	0.34	0.37	0.37	0	0	0.34
41500	0.34	0.38	0.38	0	0	0.34
41600	0.34	0.37	0.37	0	0	0.34
41700	0.34	0.37	0.37	0	0	0.34
41800	0.34	0.37	0.37	0	0	0.34
41900	0.34	0.37	0.37	0	0	0.34
42000	0.34	0.37	0.37	0	0	0.34
42100	0.34	0.38	0.38	0	0	0.34
42200	0.35	0.37	0.37	0	0	0.35
42300	0.34	0.37	0.37	0	0	0.34
42400	0.35	0.38	0.38	0	0	0.35
42500	0.35	0.37	0.37	0	0	0.35
42600	0.35	0.37	0.37	0	0	0.35
42700	0.35	0.37	0.37	0	0	0.35
42800	0.35	0.37	0.37	0	0	0.35
42900	0.35	0.37	0.37	0	0	0.35
43000	0.35	0.37	0.37	0	0	0.35
43100	0.35	0.37	0.37	0	0	0.35
43200	0.35	0.37	0.37	0	0	0.35
43300	0.36	0.37	0.37	0	0	0.36
43400	0.35	0.37	0.37	0	0	0.35
43500	0.35	0.37	0.37	0	0	0.35
43600	0.35	0.37	0.37	0	0	0.35
43700	0.36	0.37	0.37	0	0	0.36
43800	0.36	0.37	0.37	0	0	0.36
43900	0.36	0.37	0.37	0	0	0.36
44000	0.35	0.37	0.37	0	0	0.35
44100	0.35	0.37	0.37	0	0	0.35
44200	0.35	0.37	0.37	0	0	0.35
44300	0.35	0.36	0.36	0	0	0.35
44400	0.36	0.36	0.36	0	0	0.36
44500	0.36	0.36	0.36	0	0	0.36
44600	0.35	0.37	0.37	0	0	0.35
44700	0.35	0.37	0.37	0	0	0.35
44800	0.35	0.37	0.37	0	0	0.35
44900	0.35	0.37	0.37	0	0	0.35
45000	0.35	0.37	0.37	0	0	0.35
45100	0.35	0.37	0.37	0	0	0.35
45200	0.35	0.37	0.37	0	0	0.35
45300	0.35	0.37	0.37	0	0	0.35
45400	0.35	0.38	0.38	0	0	0.35
45500	0.35	0.37	0.37	0	0	0.35
45600	0.35	0.38	0.38	0	0	0.35
45700	0.35	0.38	0.38	0	0	0.35
45800	0.35	0.38	0.38	0	0	0.35
45900	0.35	0.38	0.38	0	0	0.35
46000	0.36	0.38	0.38	0	0	0.36
46100	0.36	0.38	0.38	0	0	0.36
46200	0.36	0.38	0.38	0	0	0.36
46300	0.35	0.38	0.38	0	0	0.35
46400	0.35	0.38	0.38	0	0	0.35
46500	0.35	0.38	0.38	0	0	0.35
46600	0.35	0.38	0.38	0	0	0.35
46700	0.35	0.38	0.38	0	0	0.35
46800	0.34	0.38	0.38	0	0	0.34
46900	0.34	0.38	0.38	0	0	0.34
47000	0.34	0.38	0.38	0	0	0.34
47100	0.34	0.38	0.38	0	0	0.34
47200	0.34	0.38	0.38	0	0	0.34
47300	0.34	0.38	0.38	0	0	0.34
47400	0.34	0.38	0.38	0	0	0.34
47500	0.33	0.4	0.4	0	0	0.33
47600	0.33	0.39	0.39	0	0	0.33
47700	0.33	0.39	0.39	0	0	0.33
47800	0.34	0.4	0.4	0	0	0.34
47900	0.33	0.4	0.4	0	0	0.33
48000	0.34	0.4	0.4	0	0	0.34
48100	0.33	0.4	0.4	0	0	0.33
48200	0.33	0.4	0.4	0	0	0.33
48300	0.33	0.4	0.4	0	0	0.33
48400	0.34	0.4	0.4	0	0	0.34
48500	0.33	0.4	0.4	0	0	0.33
48600	0.33	0.4	0.4	0	0	0.33
48700	0.33	0.4	0.4	0	0	0.33
48800	0.33	0.4	0.4	0	0	0.33
48900	0.34	0.4	0.4	0	0	0.34
49000	0.33	0.4	0.4	0	0	0.33
49100	0.33	0.4	0.4	0	0	0.33
49200	0.33	0.4	0.4	0	0	0.33
49300	0.33	0.4	0.4	0	0	0.33
49400	0.32	0.4	0.4	0	0	0.32
49500	0.32	0.4	0.4	0	0	0.32
49600	0.32	0.4	0.4	0	0	0.32
49700	0.33	0.4	0.4	0	0	0.33
49800	0.32	0.4	0.4	0	0	0.32
49900	0.32	0.41	0.41	0	0	0.32
50000	0.32	0.41	0.41	0	0	0.32
50100	0.32	0.4	0.4	0	0	0.32
50200	0.32	0.4	0.4	0	0	0.32
50300	0.32	0.41	0.41	0	0	0.32
50400	0.32	0.4	0.4	0	0	0.32
50500	0.32	0.4	0.4	0	0	0.32
50600	0.32	0.4	0.4	0	0	0.32
50700	0.32	0.4	0.4	0	0	0.32
50800	0.33	0.4	0.4	0	0	0.33
50900	0.32	0.4	0.4	0	0	0.32
51000	0.32	0.4	0.4	0	0	0.32
51100	0.32	0.4	0.4	0	0	0.32
51200	0.32	0.4	0.4	0	0	0.32
51300	0.32	0.4	0.4	0	0	0.32
51400	0.32	0.4	0.4	0	0	0.32
51500	0.32	0.4	0.4	0	0	0.32
51600	0.33	0.41	0.41	0	0	0.33
51700	0.33	0.4	0.4	0	0	0.33
51800	0.33	0.39	0.39	0	0	0.33
51900	0.33	0.39	0.39	0	0	0.33
52000	0.34	0.39	0.39	0	0	0.34
52100	0.33	0.39	0.39	0	0	0.33
52200	0.33	0.38	0.38	0	0	0.33
52300	0.33	0.38	0.38	0	0	0.33
52400	0.33	0.38	0.38	0	0	0.33
52500	0.34	0.38	0.38	0	0	0.34
52600	0.35	0.38	0.38	0	0	0.35
52700	0.35	0.38	0.38	0	0	0.35
52800	0.34	0.39	0.39	0	0	0.34
52900	0.33	0.39	0.39	0	0	0.33
53000	0.33	0.39	0.39	0	0	0.33
53100	0.33	0.39	0.39	0	0	0.33
53200	0.33	0.39	0.39	0	0	0.33
53300	0.33	0.39	0.39	0	0	0.33
53400	0.33	0.39	0.39	0	0	0.33
53500	0.32	0.39	0.39	0	0	0.32
53600	0.32	0.39	0.39	0	0	0.32
53700	0.32	0.39	0.39	0	0	0.32
53800	0.32	0.39	0.39	0	0	0.32
53900	0.32	0.39	0.39	0	0	0.32
54000	0.33	0.4	0.4	0	0	0.33
54100	0.32	0.38	0.38	0	0	0.32
54200	0.32	0.38	0.38	0	0	0.32
54300	0.32	0.38	0.38	0	0	0.32
54400	0.32	0.38	0.38	0	0	0.32
54500	0.32	0.37	0.37	0	0	0.32
54600	0.32	0.37	0.37	0	0	0.32
54700	0.33	0.37	0.37	0	0	0.33
54800	0.33	0.38	0.38	0	0	0.33
54900	0.33	0.37	0.37	0	0	0.33
55000	0.33	0.38	0.38	0	0	0.33
55100	0.33	0.38	0.38	0	0	0.33
55200	0.34	0.38	0.38	0	0	0.34
55300	0.35	0.38	0.38	0	0	0.35
55400	0.33	0.38	0.38	0	0	0.33
55500	0.33	0.38	0.38	0	0	0.33
55600	0.32	0.38	0.38	0	0	0.32
55700	0.33	0.38	0.38	0	0	0.33
55800	0.32	0.38	0.38	0	0	0.32
55900	0.32	0.38	0.38	0	0	0.32
56000	0.32	0.38	0.38	0	0	0.32
56100	0.32	0.39	0.39	0	0	0.32
56200	0.32	0.38	0.38	0	0	0.32
56300	0.32	0.38	0.38	0	0	0.32
56400	0.32	0.38	0.38	0	0	0.32
56500	0.32	0.38	0.38	0	0	0.32
56600	0.32	0.38	0.38	0	0	0.32
56700	0.32	0.38	0.38	0	0	0.32
56800	0.32	0.38	0.38	0	0	0.32
56900	0.32	0.38	0.38	0	0	0.32
57000	0.32	0.38	0.38	0	0	0.32
57100	0.32	0.38	0.38	0	0	0.32
57200	0.32	0.38	0.38	0	0	0.32
57300	0.32	0.38	0.38	0	0	0.32
57400	0.32	0.38	0.38	0	0	0.32
57500	0.32	0.38	0.38	0	0	0.32
57600	0.32	0.38	0.38	0	0	0.32
57700	0.32	0.38	0.38	0	0	0.32
57800	0.32	0.38	0.38	0	0	0.32
57900	0.32	0.38	0.38	0	0	0.32
58000	0.32	0.38	0.38	0	0	0.32
58100	0.33	0.38	0.38	0	0	0.33
58200	0.33	0.38	0.38	0	0	0.33
58300	0.33	0.38	0.38	0	0	0.33
58400	0.33	0.38	0.38	0	0	0.33
58500	0.34	0.38	0.38	0	0	0.34
58600	0.33	0.38	0.38	0	0	0.33
58700	0.33	0.38	0.38	0	0	0.33
58800	0.33	0.38	0.38	0	0	0.33
58900	0.33	0.38	0.38	0	0	0.33
59000	0.34	0.38	0.38	0	0	0.34
59100	0.33	0.38	0.38	0	0	0.33
59200	0.33	0.38	0.38	0	0	0.33
59300	0.33	0.39	0.39	0	0	0.33
59400	0.33	0.37	0.37	0	0	0.33
59500	0.33	0.37	0.37	0	0	0.33
59600	0.33	0.37	0.37	0	0	0.33
59700	0.33	0.37	0.37	0	0	0.33
59800	0.33	0.36	0.36	0	0	0.33
59900	0.33	0.36	0.36	0	0	0.33
60000	0.33	0.36	0.36	0	0	0.33
60100	0.33	0.36	0.36	0	0	0.33
60200	0.34	0.36	0.36	0	0	0.34
60300	0.33	0.36	0.36	0	0	0.33
60400	0.33	0.36	0.36	0	0	0.33
60500	0.33	0.36	0.36	0	0	0.33
60600	0.33	0.36	0.36	0	0	0.33
60700	0.33	0.36	0.36	0	0	0.33
60800	0.33	0.36	0.36	0	0	0.33
60900	0.33	0.36	0.36	0	0	0.33
61000	0.33	0.36	0.36	0	0	0.33
61100	0.33	0.36	0.36	0	0	0.33
61200	0.34	0.36	0.36	0	0	0.34
61300	0.34	0.36	0.36	0	0	0.34
61400	0.34	0.36	0.36	0	0	0.34
61500	0.34	0.36	0.36	0	0	0.34
61600	0.35	0.36	0.36	0	0	0.35
61700	0.35	0.36	0.36	0	0	0.35
61800	0.34	0.36	0.36	0	0	0.34
61900	0.34	0.36	0.36	0	0	0.34
62000	0.35	0.36	0.36	0	0	0.35
62100	0.34	0.36	0.36	0	0	0.34
62200	0.34	0.36	0.36	0	0	0.34
62300	0.34	0.36	0.36	0	0	0.34
62400	0.34	0.36	0.36	0	0	0.34
62500	0.34	0.37	0.37	0	0	0.34
62600	0.32	0.37	0.37	0	0	0.32
62700	0.32	0.38	0.38	0	0	0.32
62800	0.32	0.38	0.38	0	0	0.32
62900	0.32	0.38	0.38	0	0	0.32
63000	0.32	0.37	0.37	0	0	0.32
63100	0.32	0.37	0.37	0	0	0.32
63200	0.33	0.37	0.37	0	0	0.33
63300	0.33	0.37	0.37	0	0	0.33
63400	0.33	0.37	0.37	0	0	0.33
63500	0.33	0.37	0.37	0	0	0.33
63600	0.33	0.37	0.37	0	0	0.33
63700	0.33	0.37	0.37	0	0	0.33
63800	0.34	0.37	0.37	0	0	0.34
63900	0.34	0.39	0.39	0	0	0.34
64000	0.34	0.39	0.39	0	0	0.34
64100	0.34	0.38	0.38	0	0	0.34
64200	0.35	0.38	0.38	0	0	0.35
64300	0.34	0.38	0.38	0	0	0.34
64400	0.34	0.38	0.38	0	0	0.34
64500	0.35	0.38	0.38	0	0	0.35
64600	0.34	0.38	0.38	0	0	0.34
64700	0.34	0.37	0.37	0	0	0.34
64800	0.34	0.37	0.37	0	0	0.34
64900	0.34	0.37	0.37	0	0	0.34
65000	0.33	0.37	0.37	0	0	0.33
65100	0.32	0.37	0.37	0	0	0.32
65200	0.32	0.37	0.37	0	0	0.32
65300	0.32	0.37	0.37	0	0	0.32
65400	0.31	0.37	0.37	0	0	0.31
65500	0.31	0.37	0.37	0	0	0.31
65600	0.31	0.37	0.37	0	0	0.31
65700	0.32	0.37	0.37	0	0	0.32
65800	0.32	0.37	0.37	0	0	0.32
65900	0.32	0.37	0.37	0	0	0.32
66000	0.32	0.38	0.38	0	0	0.32
66100	0.32	0.38	0.38	0	0	0.32
66200	0.32	0.38	0.38	0	0	0.32
66300	0.32	0.38	0.38	0	0	0.32
66400	0.32	0.39	0.39	0	0	0.32
66500	0.32	0.39	0.39	0	0	0.32
66600	0.33	0.39	0.39	0	0	0.33
66700	0.31	0.39	0.39	0	0	0.31
66800	0.31	0.39	0.39	0	0	0.31
66900	0.31	0.4	0.4	0	0	0.31
67000	0.31	0.39	0.39	0	0	0.31
67100	0.31	0.4	0.4	0	0	0.31
67200	0.31	0.39	0.39	0	0	0.31
67300	0.32	0.39	0.39	0	0	0.32
67400	0.32	0.39	0.39	0	0	0.32
67500	0.32	0.39	0.39	0	0	0.32
67600	0.32	0.39	0.39	0	0	0.32
67700	0.32	0.38	0.38	0	0	0.32
67800	0.32	0.38	0.38	0	0	0.32
67900	0.32	0.38	0.38	0	0	0.32
68000	0.32	0.38	0.38	0	0	0.32
68100	0.32	0.37	0.37	0	0	0.32
68200	0.32	0.37	0.37	0	0	0.32
68300	0.32	0.37	0.37	0	0	0.32
68400	0.32	0.37	0.37	0	0	0.32
68500	0.32	0.37	0.37	0	0	0.32
68600	0.32	0.37	0.37	0	0	0.32
68700	0.32	0.37	0.37	0	0	0.32
68800	0.32	0.37	0.37	0	0	0.32
68900	0.33	0.37	0.37	0	0	0.33
69000	0.32	0.36	0.36	0	0	0.32
69100	0.32	0.37	0.37	0	0	0.32
69200	0.32	0.37	0.37	0	0	0.32
69300	0.32	0.37	0.37	0	0	0.32
69400	0.32	0.37	0.37	0	0	0.32
69500	0.32	0.37	0.37	0	0	0.32
69600	0.32	0.37	0.37	0	0	0.32
69700	0.33	0.38	0.38	0	0	0.33
69800	0.33	0.37	0.37	0	0	0.33
69900	0.34	0.37	0.37	0	0	0.34
70000	0.33	0.37	0.37	0	0	0.33
70100	0.34	0.37	0.37	0	0	0.34
70200	0.34	0.37	0.37	0	0	0.34
70300	0.34	0.37	0.37	0	0	0.34
70400	0.34	0.37	0.37	0	0	0.34
70500	0.34	0.37	0.37	0	0	0.34
70600	0.34	0.37	0.37	0	0	0.34
70700	0.34	0.37	0.37	0	0	0.34
70800	0.34	0.37	0.37	0	0	0.34
70900	0.34	0.37	0.37	0	0	0.34
71000	0.34	0.37	0.37	0	0	0.34
71100	0.34	0.37	0.37	0	0	0.34
71200	0.34	0.37	0.37	0	0	0.34
71300	0.34	0.37	0.37	0	0	0.34
71400	0.34	0.37	0.37	0	0	0.34
71500	0.34	0.37	0.37	0	0	0.34
71600	0.35	0.37	0.37	0	0	0.35
71700	0.35	0.37	0.37	0	0	0.35
71800	0.35	0.37	0.37	0	0	0.35
71900	0.35	0.37	0.37	0	0	0.35
72000	0.35	0.37	0.37	0	0	0.35
72100	0.34	0.37	0.37	0	0	0.34
72200	0.34	0.37	0.37	0	0	0.34
72300	0.34	0.38	0.38	0	0	0.34
72400	0.34	0.37	0.37	0	0	0.34
72500	0.34	0.37	0.37	0	0	0.34
72600	0.34	0.37	0.37	0	0	0.34
72700	0.35	0.37	0.37	0	0	0.35
72800	0.35	0.37	0.37	0	0	0.35
72900	0.35	0.36	0.36	0	0	0.35
73000	0.35	0.36	0.36	0	0	0.35
73100	0.35	0.36	0.36	0	0	0.35
73200	0.35	0.36	0.36	0	0	0.35
73300	0.35	0.36	0.36	0	0	0.35
73400	0.35	0.36	0.36	0	0	0.35
73500	0.35	0.36	0.36	0	0	0.35
73600	0.35	0.37	0.37	0	0	0.35
73700	0.35	0.36	0.36	0	0	0.35
73800	0.35	0.36	0.36	0	0	0.35
73900	0.35	0.36	0.36	0	0	0.35
74000	0.35	0.36	0.36	0	0	0.35
74100	0.35	0.36	0.36	0	0	0.35
74200	0.35	0.37	0.37	0	0	0.35
74300	0.36	0.37	0.37	0	0	0.36
74400	0.37	0.37	0.37	0	0	0.37
74500	0.36	0.37	0.37	0	0	0.36
74600	0.36	0.37	0.37	0	0	0.36
74700	0.36	0.37	0.37	0	0	0.36
74800	0.36	0.37	0.37	0	0	0.36
74900	0.36	0.37	0.37	0	0	0.36
75000	0.36	0.37	0.37	0	0	0.36
75100	0.36	0.37	0.37	0	0	0.36
75200	0.36	0.37	0.37	0	0	0.36
75300	0.36	0.38	0.38	0	0	0.36
75400	0.36	0.37	0.37	0	0	0.36
75500	0.36	0.37	0.37	0	0	0.36
75600	0.35	0.38	0.38	0	0	0.35
75700	0.35	0.38	0.38	0	0	0.35
75800	0.35	0.38	0.38	0	0	0.35
75900	0.35	0.38	0.38	0	0	0.35
76000	0.35	0.37	0.37	0	0	0.35
76100	0.35	0.37	0.37	0	0	0.35
76200	0.35	0.37	0.37	0	0	0.35
76300	0.35	0.37	0.37	0	0	0.35
76400	0.35	0.38	0.38	0	0	0.35
76500	0.36	0.38	0.38	0	0	0.36
76600	0.36	0.38	0.38	0	0	0.36
76700	0.37	0.38	0.38	0	0	0.37
76800	0.36	0.38	0.38	0	0	0.36
76900	0.37	0.38	0.38	0	0	0.37
77000	0.37	0.38	0.38	0	0	0.37
77100	0.36	0.38	0.38	0	0	0.36
77200	0.36	0.38	0.38	0	0	0.36
77300	0.36	0.38	0.38	0	0	0.36
77400	0.36	0.38	0.38	0	0	0.36
77500	0.36	0.38	0.38	0	0	0.36
77600	0.36	0.38	0.38	0	0	0.36
77700	0.36	0.38	0.38	0	0	0.36
77800	0.36	0.38	0.38	0	0	0.36
77900	0.36	0.38	0.38	0	0	0.36
78000	0.36	0.39	0.39	0	0	0.36
78100	0.36	0.39	0.39	0	0	0.36
78200	0.36	0.39	0.39	0	0	0.36
78300	0.36	0.39	0.39	0	0	0.36
78400	0.36	0.39	0.39	0	0	0.36
78500	0.36	0.39	0.39	0	0	0.36
78600	0.36	0.39	0.39	0	0	0.36
78700	0.37	0.39	0.39	0	0	0.37
78800	0.36	0.39	0.39	0	0	0.36
78900	0.36	0.39	0.39	0	0	0.36
79000	0.36	0.39	0.39	0	0	0.36
79100	0.37	0.39	0.39	0	0	0.37
79200	0.37	0.39	0.39	0	0	0.37
79300	0.36	0.39	0.39	0	0	0.36
79400	0.36	0.39	0.39	0	0	0.36
79500	0.36	0.39	0.39	0	0	0.36
79600	0.36	0.39	0.39	0	0	0.36
79700	0.36	0.39	0.39	0	0	0.36
79800	0.35	0.39	0.39	0	0	0.35
79900	0.35	0.39	0.39	0	0	0.35
80000	0.35	0.39	0.39	0	0	0.35
80100	0.35	0.39	0.39	0	0	0.35
80200	0.35	0.39	0.39	0	0	0.35
80300	0.35	0.39	0.39	0	0	0.35
80400	0.35	0.39	0.39	0	0	0.35
80500	0.35	0.39	0.39	0	0	0.35
80600	0.35	0.39	0.39	0	0	0.35
80700	0.35	0.39	0.39	0	0	0.35
80800	0.34	0.39	0.39	0	0	0.34
80900	0.34	0.39	0.39	0	0	0.34
81000	0.34	0.39	0.39	0	0	0.34
81100	0.34	0.39	0.39	0	0	0.34
81200	0.34	0.39	0.39	0	0	0.34
81300	0.34	0.39	0.39	0	0	0.34
81400	0.34	0.39	0.39	0	0	0.34
81500	0.34	0.39	0.39	0	0	0.34
81600	0.34	0.39	0.39	0	0	0.34
81700	0.35	0.4	0.4	0	0	0.35
81800	0.35	0.38	0.38	0	0	0.35
81900	0.35	0.38	0.38	0	0	0.35
82000	0.35	0.38	0.38	0	0	0.35
82100	0.35	0.38	0.38	0	0	0.35
82200	0.35	0.38	0.38	0	0	0.35
82300	0.35	0.38	0.38	0	0	0.35
82400	0.35	0.38	0.38	0	0	0.35
82500	0.35	0.38	0.38	0	0	0.35
82600	0.35	0.38	0.38	0	0	0.35
82700	0.35	0.39	0.39	0	0	0.35
82800	0.35	0.39	0.39	0	0	0.35
82900	0.35	0.39	0.39	0	0	0.35
83000	0.35	0.39	0.39	0	0	0.35
83100	0.35	0.39	0.39	0	0	0.35
83200	0.35	0.39	0.39	0	0	0.35
83300	0.35	0.39	0.39	0	0	0.35
83400	0.35	0.39	0.39	0	0	0.35
83500	0.35	0.39	0.39	0	0	0.35
83600	0.35	0.39	0.39	0	0	0.35
83700	0.35	0.39	0.39	0	0	0.35
83800	0.36	0.39	0.39	0	0	0.36
83900	0.36	0.39	0.39	0	0	0.36
84000	0.36	0.4	0.4	0	0	0.36
84100	0.35	0.39	0.39	0	0	0.35
84200	0.35	0.4	0.4	0	0	0.35
84300	0.35	0.39	0.39	0	0	0.35
84400	0.35	0.4	0.4	0	0	0.35
84500	0.35	0.39	0.39	0	0	0.35
84600	0.35	0.39	0.39	0	0	0.35
84700	0.35	0.39	0.39	0	0	0.35
84800	0.35	0.39	0.39	0	0	0.35
84900	0.35	0.39	0.39	0	0	0.35
85000	0.36	0.39	0.39	0	0	0.36
85100	0.36	0.39	0.39	0	0	0.36
85200	0.35	0.39	0.39	0	0	0.35
85300	0.36	0.39	0.39	0	0	0.36
85400	0.35	0.39	0.39	0	0	0.35
85500	0.36	0.4	0.4	0	0	0.36
85600	0.36	0.4	0.4	0	0	0.36
85700	0.35	0.4	0.4	0	0	0.35
85800	0.35	0.39	0.39	0	0	0.35
85900	0.35	0.39	0.39	0	0	0.35
86000	0.35	0.4	0.4	0	0	0.35
86100	0.35	0.4	0.4	0	0	0.35
86200	0.35	0.4	0.4	0	0	0.35
86300	0.35	0.4	0.4	0	0	0.35
86400	0.35	0.42	0.42	0	0	0.35
86500	0.35	0.4	0.4	0	0	0.35
86600	0.35	0.4	0.4	0	0	0.35
86700	0.35	0.4	0.4	0	0	0.35
86800	0.35	0.4	0.4	0	0	0.35
86900	0.35	0.4	0.4	0	0	0.35
87000	0.36	0.4	0.4	0	0	0.36
87100	0.36	0.4	0.4	0	0	0.36
87200	0.36	0.4	0.4	0	0	0.36
87300	0.36	0.4	0.4	0	0	0.36
87400	0.36	0.4	0.4	0	0	0.36
87500	0.36	0.4	0.4	0	0	0.36
87600	0.37	0.4	0.4	0	0	0.37
87700	0.37	0.4	0.4	0	0	0.37
87800	0.37	0.4	0.4	0	0	0.37
87900	0.37	0.4	0.4	0	0	0.37
88000	0.36	0.4	0.4	0	0	0.36
88100	0.36	0.39	0.39	0	0	0.36
88200	0.36	0.39	0.39	0	0	0.36
88300	0.36	0.4	0.4	0	0	0.36
88400	0.36	0.4	0.4	0	0	0.36
88500	0.36	0.4	0.4	0	0	0.36
88600	0.36	0.4	0.4	0	0	0.36
88700	0.36	0.4	0.4	0	0	0.36
88800	0.36	0.4	0.4	0	0	0.36
88900	0.36	0.4	0.4	0	0	0.36
89000	0.36	0.4	0.4	0	0	0.36
89100	0.36	0.4	0.4	0	0	0.36
89200	0.36	0.4	0.4	0	0	0.36
89300	0.36	0.4	0.4	0	0	0.36
89400	0.37	0.4	0.4	0	0	0.37
89500	0.37	0.4	0.4	0	0	0.37
89600	0.37	0.4	0.4	0	0	0.37
89700	0.37	0.4	0.4	0	0	0.37
89800	0.37	0.4	0.4	0	0	0.37
89900	0.37	0.4	0.4	0	0	0.37
90000	0.37	0.4	0.4	0	0	0.37
90100	0.37	0.41	0.41	0	0	0.37
90200	0.37	0.41	0.41	0	0	0.37
90300	0.37	0.41	0.41	0	0	0.37
90400	0.37	0.41	0.41	0	0	0.37
90500	0.37	0.41	0.41	0	0	0.37
90600	0.37	0.4	0.4	0	0	0.37
90700	0.37	0.4	0.4	0	0	0.37
90800	0.37	0.4	0.4	0	0	0.37
90900	0.37	0.4	0.4	0	0	0.37
91000	0.37	0.4	0.4	0	0	0.37
91100	0.37	0.4	0.4	0	0	0.37
91200	0.37	0.41	0.41	0	0	0.37
91300	0.37	0.4	0.4	0	0	0.37
91400	0.37	0.4	0.4	0	0	0.37
91500	0.37	0.4	0.4	0	0	0.37
91600	0.37	0.4	0.4	0	0	0.37
91700	0.37	0.4	0.4	0	0	0.37
91800	0.37	0.4	0.4	0	0	0.37
91900	0.37	0.4	0.4	0	0	0.37
92000	0.37	0.4	0.4	0	0	0.37
92100	0.37	0.39	0.39	0	0	0.37
92200	0.37	0.39	0.39	0	0	0.37
92300	0.37	0.39	0.39	0	0	0.37
92400	0.37	0.39	0.39	0	0	0.37
92500	0.37	0.39	0.39	0	0	0.37
92600	0.37	0.39	0.39	0	0	0.37
92700	0.37	0.39	0.39	0	0	0.37
92800	0.37	0.39	0.39	0	0	0.37
92900	0.37	0.39	0.39	0	0	0.37
93000	0.37	0.39	0.39	0	0	0.37
93100	0.37	0.39	0.39	0	0	0.37
93200	0.37	0.39	0.39	0	0	0.37
93300	0.37	0.39	0.39	0	0	0.37
93400	0.37	0.4	0.4	0	0	0.37
93500	0.37	0.4	0.4	0	0	0.37
93600	0.37	0.4	0.4	0	0	0.37
93700	0.37	0.4	0.4	0	0	0.37
93800	0.37	0.4	0.4	0	0	0.37
93900	0.37	0.4	0.4	0	0	0.37
94000	0.37	0.4	0.4	0	0	0.37
94100	0.37	0.4	0.4	0	0	0.37
94200	0.37	0.4	0.4	0	0	0.37
94300	0.37	0.41	0.41	0	0	0.37
94400	0.37	0.4	0.4	0	0	0.37
94500	0.37	0.4	0.4	0	0	0.37
94600	0.37	0.4	0.4	0	0	0.37
94700	0.35	0.4	0.4	0	0	0.35
94800	0.35	0.4	0.4	0	0	0.35
94900	0.35	0.4	0.4	0	0	0.35
95000	0.35	0.4	0.4	0	0	0.35
95100	0.35	0.4	0.4	0	0	0.35
95200	0.35	0.4	0.4	0	0	0.35
95300	0.35	0.4	0.4	0	0	0.35
95400	0.35	0.4	0.4	0	0	0.35
95500	0.35	0.4	0.4	0	0	0.35
95600	0.35	0.4	0.4	0	0	0.35
95700	0.35	0.4	0.4	0	0	0.35
95800	0.36	0.4	0.4	0	0	0.36
95900	0.35	0.4	0.4	0	0	0.35
96000	0.35	0.4	0.4	0	0	0.35
96100	0.35	0.4	0.4	0	0	0.35
96200	0.35	0.4	0.4	0	0	0.35
96300	0.35	0.4	0.4	0	0	0.35
96400	0.35	0.4	0.4	0	0	0.35
96500	0.35	0.4	0.4	0	0	0.35
96600	0.35	0.4	0.4	0	0	0.35
96700	0.35	0.4	0.4	0	0	0.35
96800	0.35	0.4	0.4	0	0	0.35
96900	0.35	0.4	0.4	0	0	0.35
97000	0.35	0.4	0.4	0	0	0.35
97100	0.35	0.4	0.4	0	0	0.35
97200	0.36	0.41	0.41	0	0	0.36
97300	0.36	0.41	0.41	0	0	0.36
97400	0.36	0.41	0.41	0	0	0.36
97500	0.36	0.4	0.4	0	0	0.36
97600	0.36	0.4	0.4	0	0	0.36
97700	0.37	0.4	0.4	0	0	0.37
97800	0.36	0.4	0.4	0	0	0.36
97900	0.36	0.4	0.4	0	0	0.36
98000	0.36	0.4	0.4	0	0	0.36
98100	0.36	0.4	0.4	0	0	0.36
98200	0.36	0.4	0.4	0	0	0.36
98300	0.36	0.4	0.4	0	0	0.36
98400	0.36	0.4	0.4	0	0	0.36
98500	0.36	0.4	0.4	0	0	0.36
98600	0.36	0.41	0.41	0	0	0.36
98700	0.36	0.41	0.41	0	0	0.36
98800	0.36	0.41	0.41	0	0	0.36
98900	0.36	0.41	0.41	0	0	0.36
99000	0.35	0.41	0.41	0	0	0.35
99100	0.35	0.41	0.41	0	0	0.35
99200	0.36	0.41	0.41	0	0	0.36
99300	0.36	0.42	0.42	0	0	0.36
99400	0.36	0.43	0.43	0	0	0.36
99500	0.36	0.43	0.43	0	0	0.36
99600	0.36	0.42	0.42	0	0	0.36
99700	0.36	0.42	0.42	0	0	0.36
99800	0.36	0.42	0.42	0	0	0.36
99900	0.37	0.42	0.42	0	0	0.37
100000	0.37	0.42	0.42	0	0	0.37
100100	0.36	0.42	0.42	0	0	0.36
100200	0.35	0.42	0.42	0	0	0.35
100300	0.35	0.42	0.42	0	0	0.35
100400	0.35	0.42	0.42	0	0	0.35
100500	0.34	0.42	0.42	0	0	0.34
100600	0.34	0.43	0.43	0	0	0.34
100700	0.34	0.44	0.44	0	0	0.34
100800	0.34	0.43	0.43	0	0	0.34
100900	0.34	0.44	0.44	0	0	0.34
101000	0.34	0.43	0.43	0	0	0.34
101100	0.34	0.43	0.43	0	0	0.34
101200	0.34	0.43	0.43	0	0	0.34
101300	0.34	0.43	0.43	0	0	0.34
101400	0.35	0.43	0.43	0	0	0.35
101500	0.34	0.44	0.44	0	0	0.34
101600	0.34	0.44	0.44	0	0	0.34
101700	0.34	0.44	0.44	0	0	0.34
101800	0.34	0.44	0.44	0	0	0.34
101900	0.34	0.44	0.44	0	0	0.34
102000	0.34	0.44	0.44	0	0	0.34
102100	0.34	0.44	0.44	0	0	0.34
102200	0.34	0.44	0.44	0	0	0.34
102300	0.34	0.44	0.44	0	0	0.34
102400	0.34	0.44	0.44	0	0	0.34
102500	0.34	0.44	0.44	0	0	0.34
102600	0.34	0.44	0.44	0	0	0.34
102700	0.34	0.44	0.44	0	0	0.34
102800	0.34	0.44	0.44	0	0	0.34
102900	0.34	0.44	0.44	0	0	0.34
103000	0.34	0.44	0.44	0	0	0.34
103100	0.34	0.44	0.44	0	0	0.34
103200	0.34	0.44	0.44	0	0	0.34
103300	0.34	0.44	0.44	0	0	0.34
103400	0.34	0.44	0.44	0	0	0.34
103500	0.34	0.44	0.44	0	0	0.34
103600	0.35	0.44	0.44	0	0	0.35
103700	0.35	0.44	0.44	0	0	0.35
103800	0.35	0.44	0.44	0	0	0.35
103900	0.35	0.44	0.44	0	0	0.35
104000	0.35	0.44	0.44	0	0	0.35
104100	0.35	0.44	0.44	0	0	0.35
104200	0.36	0.44	0.44	0	0	0.36
104300	0.35	0.44	0.44	0	0	0.35
104400	0.35	0.44	0.44	0	0	0.35
104500	0.35	0.44	0.44	0	0	0.35
104600	0.35	0.44	0.44	0	0	0.35
104700	0.35	0.44	0.44	0	0	0.35
104800	0.35	0.44	0.44	0	0	0.35
104900	0.35	0.44	0.44	0	0	0.35
105000	0.35	0.44	0.44	0	0	0.35
105100	0.35	0.44	0.44	0	0	0.35
105200	0.35	0.43	0.43	0	0	0.35
105300	0.36	0.43	0.43	0	0	0.36
105400	0.35	0.43	0.43	0	0	0.35
105500	0.36	0.43	0.43	0	0	0.36
105600	0.36	0.43	0.43	0	0	0.36
105700	0.35	0.43	0.43	0	0	0.35
105800	0.35	0.43	0.43	0	0	0.35
105900	0.35	0.44	0.44	0	0	0.35
106000	0.35	0.44	0.44	0	0	0.35
106100	0.35	0.44	0.44	0	0	0.35
106200	0.35	0.44	0.44	0	0	0.35
106300	0.35	0.45	0.45	0	0	0.35
106400	0.35	0.44	0.44	0	0	0.35
106500	0.35	0.44	0.44	0	0	0.35
106600	0.35	0.44	0.44	0	0	0.35
106700	0.35	0.44	0.44	0	0	0.35
106800	0.35	0.44	0.44	0	0	0.35
106900	0.36	0.44	0.44	0	0	0.36
107000	0.36	0.44	0.44	0	0	0.36
107100	0.36	0.44	0.44	0	0	0.36
107200	0.35	0.44	0.44	0	0	0.35
107300	0.35	0.44	0.44	0	0	0.35
107400	0.35	0.44	0.44	0	0	0.35
107500	0.35	0.44	0.44	0	0	0.35
107600	0.35	0.44	0.44	0	0	0.35
107700	0.35	0.44	0.44	0	0	0.35
107800	0.35	0.44	0.44	0	0	0.35
107900	0.35	0.44	0.44	0	0	0.35
108000	0.35	0.44	0.44	0	0	0.35
108100	0.35	0.43	0.43	0	0	0.35
108200	0.35	0.44	0.44	0	0	0.35
108300	0.35	0.42	0.42	0	0	0.35
108400	0.35	0.42	0.42	0	0	0.35
108500	0.35	0.42	0.42	0	0	0.35
108600	0.35	0.42	0.42	0	0	0.35
108700	0.35	0.42	0.42	0	0	0.35
108800	0.35	0.42	0.42	0	0	0.35
108900	0.35	0.42	0.42	0	0	0.35
109000	0.35	0.42	0.42	0	0	0.35
109100	0.35	0.42	0.42	0	0	0.35
109200	0.35	0.42	0.42	0	0	0.35
109300	0.35	0.42	0.42	0	0	0.35
109400	0.35	0.42	0.42	0	0	0.35
109500	0.35	0.42	0.42	0	0	0.35
109600	0.35	0.42	0.42	0	0	0.35
109700	0.35	0.42	0.42	0	0	0.35
109800	0.35	0.42	0.42	0	0	0.35
109900	0.35	0.42	0.42	0	0	0.35
110000	0.35	0.42	0.42	0	0	0.35
110100	0.35	0.42	0.42	0	0	0.35
110200	0.35	0.42	0.42	0	0	0.35
110300	0.35	0.42	0.42	0	0	0.35
110400	0.35	0.42	0.42	0	0	0.35
110500	0.35	0.42	0.42	0	0	0.35
110600	0.36	0.42	0.42	0	0	0.36
110700	0.35	0.42	0.42	0	0	0.35
110800	0.35	0.42	0.42	0	0	0.35
110900	0.35	0.42	0.42	0	0	0.35
111000	0.35	0.42	0.42	0	0	0.35
111100	0.35	0.42	0.42	0	0	0.35
111200	0.35	0.42	0.42	0	0	0.35
111300	0.35	0.42	0.42	0	0	0.35
111400	0.35	0.42	0.42	0	0	0.35
111500	0.35	0.42	0.42	0	0	0.35
111600	0.35	0.42	0.42	0	0	0.35
111700	0.35	0.42	0.42	0	0	0.35
111800	0.35	0.42	0.42	0	0	0.35
111900	0.35	0.42	0.42	0	0	0.35
112000	0.35	0.42	0.42	0	0	0.35
112100	0.35	0.42	0.42	0	0	0.35
112200	0.35	0.42	0.42	0	0	0.35
112300	0.35	0.42	0.42	0	0	0.35
112400	0.35	0.42	0.42	0	0	0.35
112500	0.35	0.42	0.42	0	0	0.35
112600	0.35	0.42	0.42	0	0	0.35
112700	0.35	0.42	0.42	0	0	0.35
112800	0.35	0.42	0.42	0	0	0.35
112900	0.35	0.42	0.42	0	0	0.35
113000	0.35	0.42	0.42	0	0	0.35
113100	0.35	0.42	0.42	0	0	0.35
113200	0.35	0.42	0.42	0	0	0.35
113300	0.35	0.42	0.42	0	0	0.35
113400	0.35	0.42	0.42	0	0	0.35
113500	0.36	0.42	0.42	0	0	0.36
113600	0.36	0.42	0.42	0	0	0.36
113700	0.36	0.42	0.42	0	0	0.36
113800	0.36	0.42	0.42	0	0	0.36
113900	0.36	0.42	0.42	0	0	0.36
114000	0.36	0.42	0.42	0	0	0.36
114100	0.36	0.42	0.42	0	0	0.36
114200	0.36	0.42	0.42	0	0	0.36
114300	0.36	0.42	0.42	0	0	0.36
114400	0.37	0.42	0.42	0	0	0.37
114500	0.37	0.42	0.42	0	0	0.37
114600	0.37	0.42	0.42	0	0	0.37
114700	0.38	0.42	0.42	0	0	0.38
114800	0.37	0.42	0.42	0	0	0.37
114900	0.37	0.42	0.42	0	0	0.37
115000	0.37	0.42	0.42	0	0	0.37
115100	0.37	0.42	0.42	0	0	0.37
115200	0.37	0.42	0.42	0	0	0.37
115300	0.37	0.42	0.42	0	0	0.37
115400	0.37	0.42	0.42	0	0	0.37
115500	0.37	0.42	0.42	0	0	0.37
115600	0.37	0.42	0.42	0	0	0.37
115700	0.37	0.42	0.42	0	0	0.37
115800	0.38	0.42	0.42	0	0	0.38
115900	0.37	0.42	0.42	0	0	0.37
116000	0.37	0.42	0.42	0	0	0.37
116100	0.37	0.42	0.42	0	0	0.37
116200	0.37	0.42	0.42	0	0	0.37
116300	0.37	0.42	0.42	0	0	0.37
116400	0.37	0.42	0.42	0	0	0.37
116500	0.37	0.42	0.42	0	0	0.37
116600	0.37	0.42	0.42	0	0	0.37
116700	0.37	0.42	0.42	0	0	0.37
116800	0.37	0.42	0.42	0	0	0.37
116900	0.37	0.42	0.42	0	0	0.37
117000	0.37	0.42	0.42	0	0	0.37
117100	0.37	0.42	0.42	0	0	0.37
117200	0.37	0.42	0.42	0	0	0.37
117300	0.37	0.42	0.42	0	0	0.37
117400	0.37	0.42	0.42	0	0	0.37
117500	0.37	0.42	0.42	0	0	0.37
117600	0.37	0.42	0.42	0	0	0.37
117700	0.37	0.42	0.42	0	0	0.37
117800	0.37	0.42	0.42	0	0	0.37
117900	0.37	0.42	0.42	0	0	0.37
118000	0.37	0.42	0.42	0	0	0.37
118100	0.37	0.42	0.42	0	0	0.37
118200	0.37	0.42	0.42	0	0	0.37
118300	0.37	0.42	0.42	0	0	0.37
118400	0.37	0.42	0.42	0	0	0.37
118500	0.37	0.42	0.42	0	0	0.37
118600	0.37	0.42	0.42	0	0	0.37
118700	0.37	0.42	0.42	0	0	0.37
118800	0.37	0.42	0.42	0	0	0.37
118900	0.37	0.42	0.42	0	0	0.37
119000	0.37	0.42	0.42	0	0	0.37
119100	0.37	0.42	0.42	0	0	0.37
119200	0.37	0.42	0.42	0	0	0.37
119300	0.37	0.42	0.42	0	0	0.37
119400	0.37	0.42	0.42	0	0	0.37
119500	0.37	0.42	0.42	0	0	0.37
119600	0.37	0.42	0.42	0	0	0.37
119700	0.37	0.42	0.42	0	0	0.37
119800	0.37	0.42	0.42	0	0	0.37
119900	0.37	0.42	0.42	0	0	0.37
120000	0.37	0.42	0.42	0	0	0.37
120100	0.37	0.42	0.42	0	0	0.37
120200	0.37	0.42	0.42	0	0	0.37
120300	0.37	0.42	0.42	0	0	0.37
120400	0.37	0.42	0.42	0	0	0.37
120500	0.37	0.42	0.42	0	0	0.37
120600	0.37	0.42	0.42	0	0	0.37
120700	0.37	0.42	0.42	0	0	0.37
120800	0.37	0.42	0.42	0	0	0.37
120900	0.37	0.42	0.42	0	0	0.37
121000	0.37	0.42	0.42	0	0	0.37
121100	0.37	0.42	0.42	0	0	0.37
121200	0.37	0.42	0.42	0	0	0.37
121300	0.37	0.42	0.42	0	0	0.37
121400	0.37	0.42	0.42	0	0	0.37
121500	0.37	0.42	0.42	0	0	0.37
121600	0.37	0.42	0.42	0	0	0.37
121700	0.37	0.42	0.42	0	0	0.37
121800	0.38	0.42	0.42	0	0	0.38
121900	0.37	0.42	0.42	0	0	0.37
122000	0.37	0.42	0.42	0	0	0.37
122100	0.37	0.42	0.42	0	0	0.37
122200	0.37	0.42	0.42	0	0	0.37
122300	0.37	0.42	0.42	0	0	0.37
122400	0.37	0.42	0.42	0	0	0.37
122500	0.37	0.42	0.42	0	0	0.37
122600	0.37	0.42	0.42	0	0	0.37
122700	0.37	0.42	0.42	0	0	0.37
122800	0.37	0.42	0.42	0	0	0.37
122900	0.37	0.42	0.42	0	0	0.37
123000	0.37	0.42	0.42	0	0	0.37
123100	0.37	0.42	0.42	0	0	0.37
123200	0.37	0.42	0.42	0	0	0.37
123300	0.37	0.42	0.42	0	0	0.37
123400	0.37	0.42	0.42	0	0	0.37
123500	0.37	0.42	0.42	0	0	0.37
123600	0.37	0.42	0.42	0	0	0.37
123700	0.37	0.42	0.42	0	0	0.37
123800	0.37	0.43	0.43	0	0	0.37
123900	0.38	0.42	0.42	0	0	0.38
124000	0.37	0.42	0.42	0	0	0.37
124100	0.37	0.42	0.42	0	0	0.37
124200	0.37	0.42	0.42	0	0	0.37
124300	0.37	0.42	0.42	0	0	0.37
124400	0.37	0.42	0.42	0	0	0.37
124500	0.37	0.42	0.42	0	0	0.37
124600	0.37	0.42	0.42	0	0	0.37
124700	0.37	0.42	0.42	0	0	0.37
124800	0.37	0.42	0.42	0	0	0.37
124900	0.37	0.42	0.42	0	0	0.37
125000	0.37	0.42	0.42	0	0	0.37
125100	0.37	0.42	0.42	0	0	0.37
125200	0.37	0.42	0.42	0	0	0.37
125300	0.37	0.42	0.42	0	0	0.37
125400	0.37	0.42	0.42	0	0	0.37
125500	0.37	0.42	0.42	0	0	0.37
125600	0.38	0.42	0.42	0	0	0.38
125700	0.38	0.42	0.42	0	0	0.38
125800	0.38	0.42	0.42	0	0	0.38
125900	0.38	0.42	0.42	0	0	0.38
126000	0.37	0.42	0.42	0	0	0.37
126100	0.37	0.42	0.42	0	0	0.37
126200	0.37	0.42	0.42	0	0	0.37
126300	0.37	0.42	0.42	0	0	0.37
126400	0.37	0.42	0.42	0	0	0.37
126500	0.37	0.42	0.42	0	0	0.37
126600	0.37	0.42	0.42	0	0	0.37
126700	0.37	0.42	0.42	0	0	0.37
126800	0.37	0.42	0.42	0	0	0.37
126900	0.37	0.42	0.42	0	0	0.37
127000	0.37	0.42	0.42	0	0	0.37
127100	0.37	0.42	0.42	0	0	0.37
127200	0.37	0.43	0.43	0	0	0.37
127300	0.36	0.43	0.43	0	0	0.36
127400	0.37	0.42	0.42	0	0	0.37
127500	0.37	0.42	0.42	0	0	0.37
127600	0.37	0.42	0.42	0	0	0.37
127700	0.37	0.42	0.42	0	0	0.37
127800	0.37	0.42	0.42	0	0	0.37
127900	0.37	0.42	0.42	0	0	0.37
128000	0.37	0.42	0.42	0	0	0.37
128100	0.37	0.42	0.42	0	0	0.37
128200	0.37	0.42	0.42	0	0	0.37
128300	0.37	0.42	0.42	0	0	0.37
128400	0.37	0.42	0.42	0	0	0.37
128500	0.38	0.42	0.42	0	0	0.38
128600	0.37	0.42	0.42	0	0	0.37
128700	0.37	0.42	0.42	0	0	0.37
128800	0.36	0.42	0.42	0	0	0.36
128900	0.36	0.42	0.42	0	0	0.36
129000	0.36	0.42	0.42	0	0	0.36
129100	0.37	0.42	0.42	0	0	0.37
129200	0.37	0.42	0.42	0	0	0.37
129300	0.37	0.42	0.42	0	0	0.37
129400	0.37	0.42	0.42	0	0	0.37
129500	0.37	0.42	0.42	0	0	0.37
129600	0.37	0.42	0.42	0	0	0.37
129700	0.37	0.42	0.42	0	0	0.37
129800	0.37	0.42	0.42	0	0	0.37
129900	0.37	0.42	0.42	0	0	0.37
130000	0.36	0.42	0.42	0	0	0.36
130100	0.36	0.42	0.42	0	0	0.36
130200	0.36	0.42	0.42	0	0	0.36
130300	0.36	0.42	0.42	0	0	0.36
130400	0.36	0.42	0.42	0	0	0.36
130500	0.36	0.42	0.42	0	0	0.36
130600	0.37	0.42	0.42	0	0	0.37
130700	0.38	0.42	0.42	0	0	0.38
130800	0.37	0.42	0.42	0	0	0.37
130900	0.38	0.42	0.42	0	0	0.38
131000	0.38	0.42	0.42	0	0	0.38
131100	0.38	0.42	0.42	0	0	0.38
131200	0.38	0.42	0.42	0	0	0.38
131300	0.37	0.42	0.42	0	0	0.37
131400	0.39	0.42	0.42	0	0	0.39
131500	0.38	0.42	0.42	0	0	0.38
131600	0.38	0.42	0.42	0	0	0.38
131700	0.38	0.42	0.42	0	0	0.38
131800	0.38	0.42	0.42	0	0	0.38
131900	0.38	0.42	0.42	0	0	0.38
132000	0.38	0.42	0.42	0	0	0.38
132100	0.38	0.42	0.42	0	0	0.38
132200	0.38	0.42	0.42	0	0	0.38
132300	0.38	0.42	0.42	0	0	0.38
132400	0.38	0.42	0.42	0	0	0.38
132500	0.39	0.42	0.42	0	0	0.39
132600	0.39	0.42	0.42	0	0	0.39
132700	0.39	0.42	0.42	0	0	0.39
132800	0.39	0.42	0.42	0	0	0.39
132900	0.39	0.42	0.42	0	0	0.39
133000	0.39	0.42	0.42	0	0	0.39
133100	0.39	0.42	0.42	0	0	0.39
133200	0.39	0.42	0.42	0	0	0.39
133300	0.39	0.42	0.42	0	0	0.39
133400	0.39	0.42	0.42	0	0	0.39
133500	0.4	0.42	0.42	0	0	0.4
133600	0.4	0.42	0.42	0	0	0.4
133700	0.39	0.42	0.42	0	0	0.39
133800	0.39	0.42	0.42	0	0	0.39
133900	0.39	0.42	0.42	0	0	0.39
134000	0.39	0.42	0.42	0	0	0.39
134100	0.39	0.42	0.42	0	0	0.39
134200	0.39	0.42	0.42	0	0	0.39
134300	0.39	0.42	0.42	0	0	0.39
134400	0.39	0.42	0.42	0	0	0.39
134500	0.39	0.42	0.42	0	0	0.39
134600	0.39	0.42	0.42	0	0	0.39
134700	0.39	0.42	0.42	0	0	0.39
134800	0.39	0.42	0.42	0	0	0.39
134900	0.39	0.42	0.42	0	0	0.39
135000	0.39	0.42	0.42	0	0	0.39
135100	0.39	0.42	0.42	0	0	0.39
135200	0.39	0.42	0.42	0	0	0.39
135300	0.39	0.43	0.43	0	0	0.39
135400	0.39	0.42	0.42	0	0	0.39
135500	0.39	0.43	0.43	0	0	0.39
135600	0.39	0.42	0.42	0	0	0.39
135700	0.39	0.43	0.43	0	0	0.39
135800	0.39	0.44	0.44	0	0	0.39
135900	0.39	0.43	0.43	0	0	0.39
136000	0.39	0.43	0.43	0	0	0.39
136100	0.4	0.43	0.43	0	0	0.4
136200	0.4	0.43	0.43	0	0	0.4
136300	0.41	0.43	0.43	0	0	0.41
136400	0.4	0.43	0.43	0	0	0.4
136500	0.4	0.43	0.43	0	0	0.4
136600	0.4	0.43	0.43	0	0	0.4
136700	0.4	0.43	0.43	0	0	0.4
136800	0.4	0.43	0.43	0	0	0.4
136900	0.4	0.43	0.43	0	0	0.4
137000	0.4	0.43	0.43	0	0	0.4
137100	0.4	0.43	0.43	0	0	0.4
137200	0.4	0.43	0.43	0	0	0.4
137300	0.4	0.43	0.43	0	0	0.4
137400	0.4	0.43	0.43	0	0	0.4
137500	0.4	0.43	0.43	0	0	0.4
137600	0.4	0.43	0.43	0	0	0.4
137700	0.4	0.43	0.43	0	0	0.4
137800	0.4	0.43	0.43	0	0	0.4
137900	0.4	0.43	0.43	0	0	0.4
138000	0.4	0.43	0.43	0	0	0.4
138100	0.4	0.43	0.43	0	0	0.4
138200	0.4	0.43	0.43	0	0	0.4
138300	0.4	0.43	0.43	0	0	0.4
138400	0.4	0.43	0.43	0	0	0.4
138500	0.41	0.43	0.43	0	0	0.41
138600	0.41	0.43	0.43	0	0	0.41
138700	0.41	0.43	0.43	0	0	0.41
138800	0.41	0.43	0.43	0	0	0.41
138900	0.41	0.43	0.43	0	0	0.41
139000	0.41	0.43	0.43	0	0	0.41
139100	0.42	0.43	0.43	0	0	0.42
139200	0.42	0.43	0.43	0	0	0.42
139300	0.42	0.43	0.43	0	0	0.42
139400	0.42	0.43	0.43	0	0	0.42
139500	0.42	0.43	0.43	0	0	0.42
139600	0.42	0.43	0.43	0	0	0.42
139700	0.42	0.43	0.43	0	0	0.42
139800	0.42	0.43	0.43	0	0	0.42
139900	0.42	0.43	0.43	0	0	0.42
140000	0.42	0.43	0.43	0	0	0.42
140100	0.42	0.43	0.43	0	0	0.42
140200	0.42	0.43	0.43	0	0	0.42
140300	0.42	0.43	0.43	0	0	0.42
140400	0.42	0.43	0.43	0	0	0.42
140500	0.42	0.43	0.43	0	0	0.42
140600	0.42	0.43	0.43	0	0	0.42
140700	0.42	0.43	0.43	0	0	0.42
140800	0.42	0.43	0.43	0	0	0.42
140900	0.4	0.43	0.43	0	0	0.4
141000	0.4	0.44	0.44	0	0	0.4
141100	0.39	0.43	0.43	0	0	0.39
141200	0.39	0.43	0.43	0	0	0.39
141300	0.39	0.43	0.43	0	0	0.39
141400	0.39	0.43	0.43	0	0	0.39
141500	0.39	0.43	0.43	0	0	0.39
141600	0.39	0.43	0.43	0	0	0.39
141700	0.39	0.43	0.43	0	0	0.39
141800	0.38	0.43	0.43	0	0	0.38
141900	0.37	0.43	0.43	0	0	0.37
142000	0.37	0.43	0.43	0	0	0.37
142100	0.37	0.43	0.43	0	0	0.37
142200	0.37	0.43	0.43	0	0	0.37
142300	0.37	0.43	0.43	0	0	0.37
142400	0.37	0.43	0.43	0	0	0.37
142500	0.37	0.44	0.44	0	0	0.37
142600	0.37	0.44	0.44	0	0	0.37
142700	0.37	0.43	0.43	0	0	0.37
142800	0.37	0.43	0.43	0	0	0.37
142900	0.38	0.44	0.44	0	0	0.38
143000	0.37	0.44	0.44	0	0	0.37
143100	0.37	0.44	0.44	0	0	0.37
143200	0.37	0.45	0.45	0	0	0.37
143300	0.37	0.44	0.44	0	0	0.37
143400	0.37	0.44	0.44	0	0	0.37
143500	0.37	0.44	0.44	0	0	0.37
143600	0.37	0.44	0.44	0	0	0.37
143700	0.37	0.44	0.44	0	0	0.37
143800	0.37	0.44	0.44	0	0	0.37
143900	0.37	0.44	0.44	0	0	0.37
144000	0.37	0.44	0.44	0	0	0.37
144100	0.37	0.44	0.44	0	0	0.37
144200	0.37	0.44	0.44	0	0	0.37
144300	0.38	0.44	0.44	0	0	0.38
144400	0.38	0.44	0.44	0	0	0.38
144500	0.38	0.44	0.44	0	0	0.38
144600	0.38	0.44	0.44	0	0	0.38
144700	0.38	0.44	0.44	0	0	0.38
144800	0.38	0.44	0.44	0	0	0.38
144900	0.38	0.44	0.44	0	0	0.38
145000	0.38	0.44	0.44	0	0	0.38
145100	0.38	0.44	0.44	0	0	0.38
145200	0.38	0.44	0.44	0	0	0.38
145300	0.38	0.44	0.44	0	0	0.38
145400	0.38	0.44	0.44	0	0	0.38
145500	0.38	0.44	0.44	0	0	0.38
145600	0.38	0.44	0.44	0	0	0.38
145700	0.38	0.44	0.44	0	0	0.38
145800	0.39	0.44	0.44	0	0	0.39
145900	0.39	0.44	0.44	0	0	0.39
146000	0.38	0.45	0.45	0	0	0.38
146100	0.38	0.44	0.44	0	0	0.38
146200	0.38	0.44	0.44	0	0	0.38
146300	0.38	0.44	0.44	0	0	0.38
146400	0.38	0.44	0.44	0	0	0.38
146500	0.38	0.44	0.44	0	0	0.38
146600	0.38	0.44	0.44	0	0	0.38
146700	0.38	0.44	0.44	0	0	0.38
146800	0.38	0.44	0.44	0	0	0.38
146900	0.38	0.44	0.44	0	0	0.38
147000	0.38	0.44	0.44	0	0	0.38
147100	0.38	0.44	0.44	0	0	0.38
147200	0.38	0.44	0.44	0	0	0.38
147300	0.38	0.44	0.44	0	0	0.38
147400	0.38	0.44	0.44	0	0	0.38
147500	0.38	0.44	0.44	0	0	0.38
147600	0.38	0.44	0.44	0	0	0.38
147700	0.38	0.44	0.44	0	0	0.38
147800	0.38	0.44	0.44	0	0	0.38
147900	0.38	0.44	0.44	0	0	0.38
148000	0.38	0.44	0.44	0	0	0.38
148100	0.38	0.44	0.44	0	0	0.38
148200	0.37	0.44	0.44	0	0	0.37
148300	0.37	0.43	0.43	0	0	0.37
148400	0.37	0.43	0.43	0	0	0.37
148500	0.37	0.43	0.43	0	0	0.37
148600	0.37	0.43	0.43	0	0	0.37
148700	0.37	0.43	0.43	0	0	0.37
148800	0.37	0.43	0.43	0	0	0.37
148900	0.37	0.43	0.43	0	0	0.37
149000	0.37	0.43	0.43	0	0	0.37
149100	0.37	0.43	0.43	0	0	0.37
149200	0.37	0.43	0.43	0	0	0.37
149300	0.37	0.43	0.43	0	0	0.37
149400	0.37	0.43	0.43	0	0	0.37
149500	0.37	0.43	0.43	0	0	0.37
149600	0.37	0.43	0.43	0	0	0.37
149700	0.37	0.43	0.43	0	0	0.37
149800	0.37	0.43	0.43	0	0	0.37
149900	0.37	0.43	0.43	0	0	0.37
150000	0.37	0.43	0.43	0	0	0.37
150100	0.37	0.43	0.43	0	0	0.37
150200	0.37	0.43	0.43	0	0	0.37
150300	0.37	0.43	0.43	0	0	0.37
150400	0.37	0.43	0.43	0	0	0.37
150500	0.37	0.43	0.43	0	0	0.37
150600	0.37	0.43	0.43	0	0	0.37
150700	0.37	0.43	0.43	0	0	0.37
150800	0.37	0.43	0.43	0	0	0.37
150900	0.37	0.43	0.43	0	0	0.37
151000	0.37	0.43	0.43	0	0	0.37
151100	0.37	0.43	0.43	0	0	0.37
151200	0.37	0.43	0.43	0	0	0.37
151300	0.37	0.43	0.43	0	0	0.37
151400	0.37	0.43	0.43	0	0	0.37
151500	0.37	0.43	0.43	0	0	0.37
151600	0.37	0.43	0.43	0	0	0.37
151700	0.37	0.43	0.43	0	0	0.37
151800	0.37	0.43	0.43	0	0	0.37
151900	0.37	0.43	0.43	0	0	0.37
152000	0.37	0.43	0.43	0	0	0.37
152100	0.39	0.43	0.43	0	0	0.39
152200	0.39	0.43	0.43	0	0	0.39
152300	0.38	0.43	0.43	0	0	0.38
152400	0.38	0.44	0.44	0	0	0.38
152500	0.38	0.43	0.43	0	0	0.38
152600	0.38	0.43	0.43	0	0	0.38
152700	0.38	0.43	0.43	0	0	0.38
152800	0.38	0.43	0.43	0	0	0.38
152900	0.38	0.43	0.43	0	0	0.38
153000	0.38	0.43	0.43	0	0	0.38
153100	0.38	0.43	0.43	0	0	0.38
153200	0.38	0.43	0.43	0	0	0.38
153300	0.38	0.43	0.43	0	0	0.38
153400	0.38	0.43	0.43	0	0	0.38
153500	0.38	0.43	0.43	0	0	0.38
153600	0.38	0.43	0.43	0	0	0.38
153700	0.38	0.43	0.43	0	0	0.38
153800	0.38	0.43	0.43	0	0	0.38
153900	0.38	0.43	0.43	0	0	0.38
154000	0.38	0.43	0.43	0	0	0.38
154100	0.38	0.43	0.43	0	0	0.38
154200	0.4	0.43	0.43	0	0	0.4
154300	0.39	0.43	0.43	0	0	0.39
154400	0.38	0.43	0.43	0	0	0.38
154500	0.38	0.43	0.43	0	0	0.38
154600	0.38	0.43	0.43	0	0	0.38
154700	0.38	0.43	0.43	0	0	0.38
154800	0.38	0.43	0.43	0	0	0.38
154900	0.38	0.43	0.43	0	0	0.38
155000	0.38	0.43	0.43	0	0	0.38
155100	0.38	0.43	0.43	0	0	0.38
155200	0.38	0.43	0.43	0	0	0.38
155300	0.38	0.43	0.43	0	0	0.38
155400	0.38	0.43	0.43	0	0	0.38
155500	0.38	0.43	0.43	0	0	0.38
155600	0.38	0.43	0.43	0	0	0.38
155700	0.38	0.43	0.43	0	0	0.38
155800	0.38	0.43	0.43	0	0	0.38
155900	0.38	0.43	0.43	0	0	0.38
156000	0.37	0.43	0.43	0	0	0.37
156100	0.37	0.43	0.43	0	0	0.37
156200	0.37	0.43	0.43	0	0	0.37
156300	0.37	0.43	0.43	0	0	0.37
156400	0.37	0.43	0.43	0	0	0.37
156500	0.37	0.43	0.43	0	0	0.37
156600	0.37	0.43	0.43	0	0	0.37
156700	0.37	0.43	0.43	0	0	0.37
156800	0.37	0.43	0.43	0	0	0.37
156900	0.37	0.43	0.43	0	0	0.37
157000	0.37	0.43	0.43	0	0	0.37
157100	0.37	0.43	0.43	0	0	0.37
157200	0.37	0.43	0.43	0	0	0.37
157300	0.37	0.43	0.43	0	0	0.37
157400	0.37	0.43	0.43	0	0	0.37
157500	0.37	0.43	0.43	0	0	0.37
157600	0.37	0.43	0.43	0	0	0.37
157700	0.37	0.43	0.43	0	0	0.37
157800	0.37	0.43	0.43	0	0	0.37
157900	0.37	0.43	0.43	0	0	0.37
158000	0.37	0.43	0.43	0	0	0.37
158100	0.37	0.43	0.43	0	0	0.37
158200	0.37	0.43	0.43	0	0	0.37
158300	0.37	0.43	0.43	0	0	0.37
158400	0.37	0.43	0.43	0	0	0.37
158500	0.37	0.43	0.43	0	0	0.37
158600	0.37	0.43	0.43	0	0	0.37
158700	0.37	0.43	0.43	0	0	0.37
158800	0.37	0.43	0.43	0	0	0.37
158900	0.37	0.43	0.43	0	0	0.37
159000	0.37	0.43	0.43	0	0	0.37
159100	0.37	0.43	0.43	0	0	0.37
159200	0.37	0.43	0.43	0	0	0.37
159300	0.37	0.43	0.43	0	0	0.37
159400	0.37	0.43	0.43	0	0	0.37
159500	0.37	0.43	0.43	0	0	0.37
159600	0.37	0.43	0.43	0	0	0.37
159700	0.37	0.43	0.43	0	0	0.37
159800	0.37	0.43	0.43	0	0	0.37
159900	0.37	0.43	0.43	0	0	0.37
160000	0.37	0.43	0.43	0	0	0.37
160100	0.37	0.43	0.43	0	0	0.37
160200	0.38	0.43	0.43	0	0	0.38
160300	0.38	0.43	0.43	0	0	0.38
160400	0.38	0.43	0.43	0	0	0.38
160500	0.38	0.43	0.43	0	0	0.38
160600	0.38	0.43	0.43	0	0	0.38
160700	0.37	0.43	0.43	0	0	0.37
160800	0.37	0.43	0.43	0	0	0.37
160900	0.37	0.43	0.43	0	0	0.37
161000	0.37	0.43	0.43	0	0	0.37
161100	0.37	0.43	0.43	0	0	0.37
161200	0.38	0.43	0.43	0	0	0.38
161300	0.38	0.43	0.43	0	0	0.38
161400	0.38	0.43	0.43	0	0	0.38
161500	0.38	0.43	0.43	0	0	0.38
161600	0.38	0.43	0.43	0	0	0.38
161700	0.38	0.43	0.43	0	0	0.38
161800	0.38	0.43	0.43	0	0	0.38
161900	0.38	0.43	0.43	0	0	0.38
162000	0.38	0.43	0.43	0	0	0.38
162100	0.38	0.43	0.43	0	0	0.38
162200	0.38	0.43	0.43	0	0	0.38
162300	0.38	0.43	0.43	0	0	0.38
162400	0.38	0.43	0.43	0	0	0.38
162500	0.38	0.43	0.43	0	0	0.38
162600	0.39	0.44	0.44	0	0	0.39
162700	0.39	0.44	0.44	0	0	0.39
162800	0.38	0.44	0.44	0	0	0.38
162900	0.38	0.44	0.44	0	0	0.38
163000	0.38	0.44	0.44	0	0	0.38
163100	0.38	0.44	0.44	0	0	0.38
163200	0.38	0.44	0.44	0	0	0.38
163300	0.38	0.44	0.44	0	0	0.38
163400	0.38	0.44	0.44	0	0	0.38
163500	0.38	0.44	0.44	0	0	0.38
163600	0.38	0.44	0.44	0	0	0.38
163700	0.38	0.44	0.44	0	0	0.38
163800	0.38	0.44	0.44	0	0	0.38
163900	0.38	0.44	0.44	0	0	0.38
164000	0.39	0.44	0.44	0	0	0.39
164100	0.38	0.44	0.44	0	0	0.38
164200	0.38	0.44	0.44	0	0	0.38
164300	0.38	0.44	0.44	0	0	0.38
164400	0.38	0.44	0.44	0	0	0.38
164500	0.38	0.44	0.44	0	0	0.38
164600	0.38	0.44	0.44	0	0	0.38
164700	0.38	0.44	0.44	0	0	0.38
164800	0.38	0.44	0.44	0	0	0.38
164900	0.38	0.44	0.44	0	0	0.38
165000	0.38	0.44	0.44	0	0	0.38
165100	0.38	0.44	0.44	0	0	0.38
165200	0.38	0.44	0.44	0	0	0.38
165300	0.38	0.45	0.45	0	0	0.38
165400	0.38	0.45	0.45	0	0	0.38
165500	0.38	0.45	0.45	0	0	0.38
165600	0.38	0.45	0.45	0	0	0.38
165700	0.38	0.45	0.45	0	0	0.38
165800	0.38	0.45	0.45	0	0	0.38
165900	0.38	0.45	0.45	0	0	0.38
166000	0.38	0.45	0.45	0	0	0.38
166100	0.38	0.45	0.45	0	0	0.38
166200	0.38	0.45	0.45	0	0	0.38
166300	0.38	0.45	0.45	0	0	0.38
166400	0.38	0.45	0.45	0	0	0.38
166500	0.38	0.45	0.45	0	0	0.38
166600	0.38	0.45	0.45	0	0	0.38
166700	0.39	0.45	0.45	0	0	0.39
166800	0.38	0.45	0.45	0	0	0.38
166900	0.38	0.45	0.45	0	0	0.38
167000	0.38	0.45	0.45	0	0	0.38
167100	0.38	0.45	0.45	0	0	0.38
167200	0.38	0.45	0.45	0	0	0.38
167300	0.38	0.45	0.45	0	0	0.38
167400	0.38	0.45	0.45	0	0	0.38
167500	0.38	0.45	0.45	0	0	0.38
167600	0.38	0.45	0.45	0	0	0.38
167700	0.38	0.45	0.45	0	0	0.38
167800	0.38	0.45	0.45	0	0	0.38
167900	0.38	0.46	0.46	0	0	0.38
168000	0.38	0.46	0.46	0	0	0.38
168100	0.38	0.46	0.46	0	0	0.38
168200	0.38	0.46	0.46	0	0	0.38
168300	0.38	0.46	0.46	0	0	0.38
168400	0.38	0.46	0.46	0	0	0.38
168500	0.38	0.46	0.46	0	0	0.38
168600	0.38	0.46	0.46	0	0	0.38
168700	0.38	0.46	0.46	0	0	0.38
168800	0.38	0.46	0.46	0	0	0.38
168900	0.38	0.46	0.46	0	0	0.38
169000	0.39	0.46	0.46	0	0	0.39
169100	0.39	0.46	0.46	0	0	0.39
169200	0.39	0.46	0.46	0	0	0.39
169300	0.39	0.46	0.46	0	0	0.39
169400	0.39	0.46	0.46	0	0	0.39
169500	0.39	0.46	0.46	0	0	0.39
169600	0.4	0.46	0.46	0	0	0.4
169700	0.4	0.46	0.46	0	0	0.4
169800	0.4	0.46	0.46	0	0	0.4
169900	0.4	0.46	0.46	0	0	0.4
170000	0.4	0.46	0.46	0	0	0.4
170100	0.4	0.46	0.46	0	0	0.4
170200	0.4	0.45	0.45	0	0	0.4
170300	0.4	0.44	0.44	0	0	0.4
170400	0.4	0.44	0.44	0	0	0.4
170500	0.4	0.43	0.43	0	0	0.4
170600	0.4	0.43	0.43	0	0	0.4
170700	0.4	0.43	0.43	0	0	0.4
170800	0.4	0.43	0.43	0	0	0.4
170900	0.4	0.43	0.43	0	0	0.4
171000	0.4	0.43	0.43	0	0	0.4
171100	0.4	0.44	0.44	0	0	0.4
171200	0.4	0.43	0.43	0	0	0.4
171300	0.4	0.43	0.43	0	0	0.4
171400	0.4	0.43	0.43	0	0	0.4
171500	0.4	0.43	0.43	0	0	0.4
171600	0.4	0.43	0.43	0	0	0.4
171700	0.4	0.43	0.43	0	0	0.4
171800	0.4	0.43	0.43	0	0	0.4
171900	0.4	0.43	0.43	0	0	0.4
172000	0.4	0.43	0.43	0	0	0.4
172100	0.4	0.43	0.43	0	0	0.4
172200	0.4	0.43	0.43	0	0	0.4
172300	0.4	0.43	0.43	0	0	0.4
172400	0.4	0.43	0.43	0	0	0.4
172500	0.4	0.43	0.43	0	0	0.4
172600	0.4	0.43	0.43	0	0	0.4
172700	0.4	0.42	0.42	0	0	0.4
172800	0.4	0.42	0.42	0	0	0.4
172900	0.4	0.42	0.42	0	0	0.4
173000	0.4	0.42	0.42	0	0	0.4
173100	0.4	0.43	0.43	0	0	0.4
173200	0.4	0.42	0.42	0	0	0.4
173300	0.41	0.42	0.42	0	0	0.41
173400	0.4	0.42	0.42	0	0	0.4
173500	0.4	0.42	0.42	0	0	0.4
173600	0.4	0.42	0.42	0	0	0.4
173700	0.4	0.42	0.42	0	0	0.4
173800	0.4	0.42	0.42	0	0	0.4
173900	0.4	0.42	0.42	0	0	0.4
174000	0.4	0.42	0.42	0	0	0.4
174100	0.4	0.42	0.42	0	0	0.4
174200	0.4	0.42	0.42	0	0	0.4
174300	0.4	0.42	0.42	0	0	0.4
174400	0.4	0.42	0.42	0	0	0.4
174500	0.4	0.42	0.42	0	0	0.4
174600	0.4	0.42	0.42	0	0	0.4
174700	0.4	0.42	0.42	0	0	0.4
174800	0.4	0.42	0.42	0	0	0.4
174900	0.4	0.42	0.42	0	0	0.4
175000	0.4	0.42	0.42	0	0	0.4
175100	0.4	0.42	0.42	0	0	0.4
175200	0.4	0.43	0.43	0	0	0.4
175300	0.4	0.43	0.43	0	0	0.4
175400	0.4	0.43	0.43	0	0	0.4
175500	0.4	0.43	0.43	0	0	0.4
175600	0.4	0.43	0.43	0	0	0.4
175700	0.4	0.43	0.43	0	0	0.4
175800	0.4	0.43	0.43	0	0	0.4
175900	0.4	0.43	0.43	0	0	0.4
176000	0.39	0.42	0.42	0	0	0.39
176100	0.38	0.42	0.42	0	0	0.38
176200	0.38	0.42	0.42	0	0	0.38
176300	0.38	0.42	0.42	0	0	0.38
176400	0.38	0.42	0.42	0	0	0.38
176500	0.38	0.42	0.42	0	0	0.38
176600	0.38	0.42	0.42	0	0	0.38
176700	0.38	0.42	0.42	0	0	0.38
176800	0.38	0.42	0.42	0	0	0.38
176900	0.38	0.42	0.42	0	0	0.38
177000	0.38	0.42	0.42	0	0	0.38
177100	0.38	0.42	0.42	0	0	0.38
177200	0.38	0.42	0.42	0	0	0.38
177300	0.38	0.42	0.42	0	0	0.38
177400	0.38	0.42	0.42	0	0	0.38
177500	0.38	0.42	0.42	0	0	0.38
177600	0.38	0.42	0.42	0	0	0.38
177700	0.38	0.42	0.42	0	0	0.38
177800	0.38	0.42	0.42	0	0	0.38
177900	0.38	0.42	0.42	0	0	0.38
178000	0.38	0.42	0.42	0	0	0.38
178100	0.38	0.42	0.42	0	0	0.38
178200	0.38	0.42	0.42	0	0	0.38
178300	0.38	0.42	0.42	0	0	0.38
178400	0.38	0.42	0.42	0	0	0.38
178500	0.38	0.42	0.42	0	0	0.38
178600	0.38	0.42	0.42	0	0	0.38
178700	0.39	0.42	0.42	0	0	0.39
178800	0.39	0.42	0.42	0	0	0.39
178900	0.38	0.42	0.42	0	0	0.38
179000	0.38	0.42	0.42	0	0	0.38
179100	0.38	0.42	0.42	0	0	0.38
179200	0.38	0.42	0.42	0	0	0.38
179300	0.38	0.42	0.42	0	0	0.38
179400	0.38	0.42	0.42	0	0	0.38
179500	0.38	0.42	0.42	0	0	0.38
179600	0.38	0.42	0.42	0	0	0.38
179700	0.38	0.42	0.42	0	0	0.38
179800	0.38	0.42	0.42	0	0	0.38
179900	0.38	0.42	0.42	0	0	0.38
180000	0.38	0.42	0.42	0	0	0.38
180100	0.38	0.42	0.42	0	0	0.38
180200	0.38	0.42	0.42	0	0	0.38
180300	0.38	0.42	0.42	0	0	0.38
180400	0.38	0.42	0.42	0	0	0.38
180500	0.38	0.42	0.42	0	0	0.38
180600	0.38	0.42	0.42	0	0	0.38
180700	0.38	0.42	0.42	0	0	0.38
180800	0.38	0.42	0.42	0	0	0.38
180900	0.38	0.42	0.42	0	0	0.38
181000	0.38	0.42	0.42	0	0	0.38
181100	0.38	0.42	0.42	0	0	0.38
181200	0.38	0.42	0.42	0	0	0.38
181300	0.38	0.42	0.42	0	0	0.38
181400	0.38	0.42	0.42	0	0	0.38
181500	0.38	0.42	0.42	0	0	0.38
181600	0.38	0.42	0.42	0	0	0.38
181700	0.38	0.42	0.42	0	0	0.38
181800	0.38	0.42	0.42	0	0	0.38
181900	0.38	0.42	0.42	0	0	0.38
182000	0.38	0.42	0.42	0	0	0.38
182100	0.38	0.42	0.42	0	0	0.38
182200	0.38	0.42	0.42	0	0	0.38
182300	0.38	0.42	0.42	0	0	0.38
182400	0.38	0.42	0.42	0	0	0.38
182500	0.38	0.42	0.42	0	0	0.38
182600	0.38	0.42	0.42	0	0	0.38
182700	0.38	0.42	0.42	0	0	0.38
182800	0.39	0.42	0.42	0	0	0.39
182900	0.39	0.42	0.42	0	0	0.39
183000	0.39	0.42	0.42	0	0	0.39
183100	0.39	0.42	0.42	0	0	0.39
183200	0.39	0.42	0.42	0	0	0.39
183300	0.39	0.42	0.42	0	0	0.39
183400	0.39	0.42	0.42	0	0	0.39
183500	0.38	0.42	0.42	0	0	0.38
183600	0.38	0.42	0.42	0	0	0.38
183700	0.38	0.42	0.42	0	0	0.38
183800	0.38	0.42	0.42	0	0	0.38
183900	0.38	0.42	0.42	0	0	0.38
184000	0.38	0.42	0.42	0	0	0.38
184100	0.38	0.41	0.41	0	0	0.38
184200	0.38	0.4	0.4	0	0	0.38
184300	0.38	0.4	0.4	0	0	0.38
184400	0.38	0.4	0.4	0	0	0.38
184500	0.38	0.4	0.4	0	0	0.38
184600	0.38	0.4	0.4	0	0	0.38
184700	0.38	0.4	0.4	0	0	0.38
184800	0.38	0.4	0.4	0	0	0.38
184900	0.38	0.41	0.41	0	0	0.38
185000	0.38	0.4	0.4	0	0	0.38
185100	0.38	0.4	0.4	0	0	0.38
185200	0.39	0.4	0.4	0	0	0.39
185300	0.39	0.4	0.4	0	0	0.39
185400	0.4	0.4	0.4	0	0	0.4
185500	0.4	0.4	0.4	0	0	0.4
185600	0.4	0.4	0.4	0	0	0.4
185700	0.4	0.4	0.4	0	0	0.4
185800	0.4	0.4	0.4	0	0	0.4
185900	0.4	0.4	0.4	0	0	0.4
186000	0.4	0.4	0.4	0	0	0.4
186100	0.4	0.41	0.41	0	0	0.4
186200	0.4	0.4	0.4	0	0	0.4
186300	0.4	0.4	0.4	0	0	0.4
186400	0.4	0.4	0.4	0	0	0.4
186500	0.4	0.41	0.41	0	0	0.4
186600	0.4	0.41	0.41	0	0	0.4
186700	0.4	0.41	0.41	0	0	0.4
186800	0.4	0.41	0.41	0	0	0.4
186900	0.4	0.41	0.41	0	0	0.4
187000	0.4	0.41	0.41	0	0	0.4
187100	0.4	0.41	0.41	0	0	0.4
187200	0.4	0.41	0.41	0	0	0.4
187300	0.4	0.41	0.41	0	0	0.4
187400	0.4	0.41	0.41	0	0	0.4
187500	0.4	0.41	0.41	0	0	0.4
187600	0.4	0.41	0.41	0	0	0.4
187700	0.4	0.42	0.42	0	0	0.4
187800	0.4	0.41	0.41	0	0	0.4
187900	0.4	0.41	0.41	0	0	0.4
188000	0.4	0.41	0.41	0	0	0.4
188100	0.4	0.41	0.41	0	0	0.4
188200	0.4	0.42	0.42	0	0	0.4
188300	0.4	0.41	0.41	0	0	0.4
188400	0.4	0.41	0.41	0	0	0.4
188500	0.4	0.41	0.41	0	0	0.4
188600	0.4	0.41	0.41	0	0	0.4
188700	0.4	0.41	0.41	0	0	0.4
188800	0.4	0.41	0.41	0	0	0.4
188900	0.4	0.42	0.42	0	0	0.4
189000	0.4	0.41	0.41	0	0	0.4
189100	0.4	0.41	0.41	0	0	0.4
189200	0.4	0.41	0.41	0	0	0.4
189300	0.4	0.41	0.41	0	0	0.4
189400	0.4	0.42	0.42	0	0	0.4
189500	0.4	0.41	0.41	0	0	0.4
189600	0.4	0.41	0.41	0	0	0.4
189700	0.4	0.41	0.41	0	0	0.4
189800	0.4	0.41	0.41	0	0	0.4
189900	0.4	0.41	0.41	0	0	0.4
190000	0.4	0.41	0.41	0	0	0.4
190100	0.4	0.41	0.41	0	0	0.4
190200	0.41	0.41	0.41	0	0	0.41
190300	0.41	0.41	0.41	0	0	0.41
190400	0.41	0.41	0.41	0	0	0.41
190500	0.41	0.41	0.41	0	0	0.41
190600	0.41	0.41	0.41	0	0	0.41
190700	0.41	0.41	0.41	0	0	0.41
190800	0.41	0.41	0.41	0	0	0.41
190900	0.4	0.41	0.41	0	0	0.4
191000	0.4	0.41	0.41	0	0	0.4
191100	0.4	0.41	0.41	0	0	0.4
191200	0.41	0.41	0.41	0	0	0.41
191300	0.4	0.41	0.41	0	0	0.4
191400	0.4	0.41	0.41	0	0	0.4
191500	0.4	0.4	0.4	0	0	0.4
191600	0.4	0.4	0.4	0	0	0.4
191700	0.4	0.4	0.4	0	0	0.4
191800	0.4	0.4	0.4	0	0	0.4
191900	0.4	0.4	0.4	0	0	0.4
192000	0.4	0.4	0.4	0	0	0.4
192100	0.4	0.4	0.4	0	0	0.4
192200	0.4	0.4	0.4	0	0	0.4
192300	0.4	0.4	0.4	0	0	0.4
192400	0.4	0.4	0.4	0	0	0.4
192500	0.4	0.4	0.4	0	0	0.4
192600	0.4	0.4	0.4	0	0	0.4
192700	0.4	0.4	0.4	0	0	0.4
192800	0.4	0.4	0.4	0	0	0.4
192900	0.4	0.4	0.4	0	0	0.4
193000	0.4	0.4	0.4	0	0	0.4
193100	0.4	0.4	0.4	0	0	0.4
193200	0.4	0.4	0.4	0	0	0.4
193300	0.4	0.4	0.4	0	0	0.4
193400	0.4	0.4	0.4	0	0	0.4
193500	0.4	0.4	0.4	0	0	0.4
193600	0.4	0.4	0.4	0	0	0.4
193700	0.4	0.4	0.4	0	0	0.4
193800	0.4	0.4	0.4	0	0	0.4
193900	0.4	0.4	0.4	0	0	0.4
194000	0.4	0.4	0.4	0	0	0.4
194100	0.4	0.4	0.4	0	0	0.4
194200	0.4	0.4	0.4	0	0	0.4
194300	0.4	0.4	0.4	0	0	0.4
194400	0.4	0.4	0.4	0	0	0.4
194500	0.4	0.4	0.4	0	0	0.4
194600	0.4	0.4	0.4	0	0	0.4
194700	0.4	0.4	0.4	0	0	0.4
194800	0.4	0.4	0.4	0	0	0.4
194900	0.4	0.4	0.4	0	0	0.4
195000	0.4	0.4	0.4	0	0	0.4
195100	0.4	0.4	0.4	0	0	0.4
195200	0.4	0.41	0.41	0	0	0.4
195300	0.4	0.4	0.4	0	0	0.4
195400	0.4	0.4	0.4	0	0	0.4
195500	0.4	0.4	0.4	0	0	0.4
195600	0.4	0.4	0.4	0	0	0.4
195700	0.4	0.4	0.4	0	0	0.4
195800	0.4	0.4	0.4	0	0	0.4
195900	0.4	0.4	0.4	0	0	0.4
196000	0.4	0.4	0.4	0	0	0.4
196100	0.4	0.4	0.4	0	0	0.4
196200	0.4	0.4	0.4	0	0	0.4
196300	0.4	0.4	0.4	0	0	0.4
196400	0.4	0.4	0.4	0	0	0.4
196500	0.4	0.4	0.4	0	0	0.4
196600	0.4	0.4	0.4	0	0	0.4
196700	0.4	0.4	0.4	0	0	0.4
196800	0.4	0.4	0.4	0	0	0.4
196900	0.4	0.4	0.4	0	0	0.4
197000	0.4	0.4	0.4	0	0	0.4
197100	0.4	0.4	0.4	0	0	0.4
197200	0.4	0.4	0.4	0	0	0.4
197300	0.4	0.4	0.4	0	0	0.4
197400	0.4	0.4	0.4	0	0	0.4
197500	0.4	0.4	0.4	0	0	0.4
197600	0.4	0.4	0.4	0	0	0.4
197700	0.41	0.4	0.4	0	0	0.41
197800	0.4	0.4	0.4	0	0	0.4
197900	0.4	0.4	0.4	0	0	0.4
198000	0.4	0.4	0.4	0	0	0.4
198100	0.41	0.4	0.4	0	0	0.41
198200	0.4	0.4	0.4	0	0	0.4
198300	0.4	0.4	0.4	0	0	0.4
198400	0.4	0.4	0.4	0	0	0.4
198500	0.4	0.4	0.4	0	0	0.4
198600	0.4	0.4	0.4	0	0	0.4
198700	0.4	0.4	0.4	0	0	0.4
198800	0.4	0.4	0.4	0	0	0.4
198900	0.4	0.4	0.4	0	0	0.4
199000	0.4	0.4	0.4	0	0	0.4
199100	0.4	0.4	0.4	0	0	0.4
199200	0.4	0.4	0.4	0	0	0.4
199300	0.4	0.4	0.4	0	0	0.4
199400	0.4	0.4	0.4	0	0	0.4
199500	0.4	0.4	0.4	0	0	0.4
199600	0.4	0.4	0.4	0	0	0.4
199700	0.4	0.4	0.4	0	0	0.4
199800	0.4	0.4	0.4	0	0	0.4
199900	0.4	0.4	0.4	0	0	0.4
200000	0.4	0.4	0.4	0	0	0.4
200100	0.4	0.4	0.4	0	0	0.4
200200	0.4	0.4	0.4	0	0	0.4
200300	0.4	0.4	0.4	0	0	0.4
200400	0.4	0.4	0.4	0	0	0.4
200500	0.4	0.4	0.4	0	0	0.4
200600	0.4	0.4	0.4	0	0	0.4
200700	0.4	0.4	0.4	0	0	0.4
200800	0.4	0.4	0.4	0	0	0.4
200900	0.4	0.4	0.4	0	0	0.4
201000	0.4	0.4	0.4	0	0	0.4
201100	0.4	0.4	0.4	0	0	0.4
201200	0.4	0.4	0.4	0	0	0.4
201300	0.4	0.4	0.4	0	0	0.4
201400	0.4	0.4	0.4	0	0	0.4
201500	0.4	0.4	0.4	0	0	0.4
201600	0.4	0.4	0.4	0	0	0.4
201700	0.4	0.4	0.4	0	0	0.4
201800	0.4	0.4	0.4	0	0	0.4
201900	0.4	0.41	0.41	0	0	0.4
202000	0.4	0.4	0.4	0	0	0.4
202100	0.4	0.4	0.4	0	0	0.4
202200	0.4	0.4	0.4	0	0	0.4
202300	0.4	0.4	0.4	0	0	0.4
202400	0.4	0.4	0.4	0	0	0.4
202500	0.4	0.4	0.4	0	0	0.4
202600	0.4	0.4	0.4	0	0	0.4
202700	0.4	0.4	0.4	0	0	0.4
202800	0.4	0.4	0.4	0	0	0.4
202900	0.4	0.4	0.4	0	0	0.4
203000	0.4	0.4	0.4	0	0	0.4
203100	0.4	0.4	0.4	0	0	0.4
203200	0.4	0.4	0.4	0	0	0.4
203300	0.4	0.4	0.4	0	0	0.4
203400	0.4	0.41	0.41	0	0	0.4
203500	0.4	0.4	0.4	0	0	0.4
203600	0.4	0.4	0.4	0	0	0.4
203700	0.4	0.4	0.4	0	0	0.4
203800	0.4	0.4	0.4	0	0	0.4
203900	0.4	0.4	0.4	0	0	0.4
204000	0.4	0.4	0.4	0	0	0.4
204100	0.4	0.4	0.4	0	0	0.4
204200	0.4	0.4	0.4	0	0	0.4
204300	0.4	0.4	0.4	0	0	0.4
204400	0.42	0.4	0.4	0	0	0.42
204500	0.41	0.4	0.4	0	0	0.41
204600	0.41	0.41	0.41	0	0	0.41
204700	0.41	0.41	0.41	0	0	0.41
204800	0.41	0.41	0.41	0	0	0.41
204900	0.41	0.41	0.41	0	0	0.41
205000	0.41	0.41	0.41	0	0	0.41
205100	0.41	0.41	0.41	0	0	0.41
205200	0.41	0.41	0.41	0	0	0.41
205300	0.41	0.41	0.41	0	0	0.41
205400	0.41	0.41	0.41	0	0	0.41
205500	0.41	0.41	0.41	0	0	0.41
205600	0.41	0.41	0.41	0	0	0.41
205700	0.41	0.41	0.41	0	0	0.41
205800	0.41	0.4	0.4	0	0	0.41
205900	0.41	0.4	0.4	0	0	0.41
206000	0.41	0.4	0.4	0	0	0.41
206100	0.41	0.4	0.4	0	0	0.41
206200	0.41	0.4	0.4	0	0	0.41
206300	0.41	0.4	0.4	0	0	0.41
206400	0.41	0.4	0.4	0	0	0.41
206500	0.41	0.4	0.4	0	0	0.41
206600	0.41	0.4	0.4	0	0	0.41
206700	0.41	0.4	0.4	0	0	0.41
206800	0.42	0.4	0.4	0	0	0.42
206900	0.42	0.4	0.4	0	0	0.42
207000	0.42	0.4	0.4	0	0	0.42
207100	0.42	0.4	0.4	0	0	0.42
207200	0.42	0.4	0.4	0	0	0.42
207300	0.42	0.4	0.4	0	0	0.42
207400	0.43	0.4	0.4	0	0	0.43
207500	0.42	0.4	0.4	0	0	0.42
207600	0.43	0.4	0.4	0	0	0.43
207700	0.43	0.41	0.41	0	0	0.43
207800	0.43	0.4	0.4	0	0	0.43
207900	0.43	0.4	0.4	0	0	0.43
208000	0.43	0.4	0.4	0	0	0.43
208100	0.43	0.4	0.4	0	0	0.43
208200	0.43	0.4	0.4	0	0	0.43
208300	0.43	0.4	0.4	0	0	0.43
208400	0.43	0.4	0.4	0	0	0.43
208500	0.43	0.4	0.4	0	0	0.43
208600	0.42	0.4	0.4	0	0	0.42
208700	0.42	0.4	0.4	0	0	0.42
208800	0.42	0.4	0.4	0	0	0.42
208900	0.42	0.4	0.4	0	0	0.42
209000	0.42	0.4	0.4	0	0	0.42
209100	0.42	0.4	0.4	0	0	0.42
209200	0.42	0.4	0.4	0	0	0.42
209300	0.42	0.4	0.4	0	0	0.42
209400	0.42	0.4	0.4	0	0	0.42
209500	0.42	0.4	0.4	0	0	0.42
209600	0.42	0.4	0.4	0	0	0.42
209700	0.42	0.4	0.4	0	0	0.42
209800	0.42	0.4	0.4	0	0	0.42
209900	0.42	0.4	0.4	0	0	0.42
210000	0.42	0.4	0.4	0	0	0.42
210100	0.42	0.4	0.4	0	0	0.42
210200	0.42	0.4	0.4	0	0	0.42
210300	0.42	0.4	0.4	0	0	0.42
210400	0.42	0.4	0.4	0	0	0.42
210500	0.42	0.4	0.4	0	0	0.42
210600	0.42	0.4	0.4	0	0	0.42
210700	0.42	0.4	0.4	0	0	0.42
210800	0.42	0.4	0.4	0	0	0.42
210900	0.42	0.4	0.4	0	0	0.42
211000	0.42	0.4	0.4	0	0	0.42
211100	0.42	0.4	0.4	0	0	0.42
211200	0.42	0.4	0.4	0	0	0.42
211300	0.42	0.4	0.4	0	0	0.42
211400	0.42	0.4	0.4	0	0	0.42
211500	0.41	0.4	0.4	0	0	0.41
211600	0.41	0.41	0.41	0	0	0.41
211700	0.41	0.4	0.4	0	0	0.41
211800	0.41	0.4	0.4	0	0	0.41
211900	0.41	0.4	0.4	0	0	0.41
212000	0.41	0.4	0.4	0	0	0.41
212100	0.41	0.4	0.4	0	0	0.41
212200	0.41	0.4	0.4	0	0	0.41
212300	0.41	0.4	0.4	0	0	0.41
212400	0.41	0.4	0.4	0	0	0.41
212500	0.41	0.4	0.4	0	0	0.41
212600	0.41	0.41	0.41	0	0	0.41
212700	0.41	0.4	0.4	0	0	0.41
212800	0.41	0.4	0.4	0	0	0.41
212900	0.41	0.4	0.4	0	0	0.41
213000	0.41	0.4	0.4	0	0	0.41
213100	0.41	0.4	0.4	0	0	0.41
213200	0.41	0.4	0.4	0	0	0.41
213300	0.41	0.4	0.4	0	0	0.41
213400	0.41	0.4	0.4	0	0	0.41
213500	0.41	0.4	0.4	0	0	0.41
213600	0.41	0.4	0.4	0	0	0.41
213700	0.41	0.4	0.4	0	0	0.41
213800	0.41	0.4	0.4	0	0	0.41
213900	0.42	0.4	0.4	0	0	0.42
214000	0.41	0.4	0.4	0	0	0.41
214100	0.41	0.4	0.4	0	0	0.41
214200	0.41	0.4	0.4	0	0	0.41
214300	0.39	0.4	0.4	0	0	0.39
214400	0.39	0.4	0.4	0	0	0.39
214500	0.39	0.4	0.4	0	0	0.39
214600	0.4	0.4	0.4	0	0	0.4
214700	0.4	0.4	0.4	0	0	0.4
214800	0.39	0.4	0.4	0	0	0.39
214900	0.4	0.4	0.4	0	0	0.4
215000	0.4	0.4	0.4	0	0	0.4
215100	0.4	0.4	0.4	0	0	0.4
215200	0.4	0.4	0.4	0	0	0.4
215300	0.4	0.4	0.4	0	0	0.4
215400	0.4	0.4	0.4	0	0	0.4
215500	0.4	0.4	0.4	0	0	0.4
215600	0.4	0.4	0.4	0	0	0.4
215700	0.4	0.4	0.4	0	0	0.4
215800	0.4	0.4	0.4	0	0	0.4
215900	0.4	0.4	0.4	0	0	0.4
216000	0.4	0.4	0.4	0	0	0.4
216100	0.4	0.4	0.4	0	0	0.4
216200	0.4	0.4	0.4	0	0	0.4
216300	0.4	0.4	0.4	0	0	0.4
216400	0.39	0.4	0.4	0	0	0.39
216500	0.39	0.4	0.4	0	0	0.39
216600	0.39	0.4	0.4	0	0	0.39
216700	0.39	0.4	0.4	0	0	0.39
216800	0.39	0.4	0.4	0	0	0.39
216900	0.39	0.4	0.4	0	0	0.39
217000	0.39	0.4	0.4	0	0	0.39
217100	0.39	0.4	0.4	0	0	0.39
217200	0.39	0.4	0.4	0	0	0.39
217300	0.39	0.4	0.4	0	0	0.39
217400	0.39	0.4	0.4	0	0	0.39
217500	0.39	0.4	0.4	0	0	0.39
217600	0.39	0.4	0.4	0	0	0.39
217700	0.39	0.4	0.4	0	0	0.39
217800	0.39	0.4	0.4	0	0	0.39
217900	0.39	0.4	0.4	0	0	0.39
218000	0.39	0.4	0.4	0	0	0.39
218100	0.39	0.4	0.4	0	0	0.39
218200	0.39	0.41	0.41	0	0	0.39
218300	0.38	0.41	0.41	0	0	0.38
218400	0.38	0.41	0.41	0	0	0.38
218500	0.38	0.41	0.41	0	0	0.38
218600	0.37	0.41	0.41	0	0	0.37
218700	0.37	0.41	0.41	0	0	0.37
218800	0.37	0.41	0.41	0	0	0.37
218900	0.37	0.41	0.41	0	0	0.37
219000	0.37	0.41	0.41	0	0	0.37
219100	0.37	0.41	0.41	0	0	0.37
219200	0.37	0.41	0.41	0	0	0.37
219300	0.37	0.41	0.41	0	0	0.37
219400	0.37	0.41	0.41	0	0	0.37
219500	0.37	0.41	0.41	0	0	0.37
219600	0.37	0.42	0.42	0	0	0.37
219700	0.37	0.41	0.41	0	0	0.37
219800	0.36	0.41	0.41	0	0	0.36
219900	0.36	0.41	0.41	0	0	0.36
220000	0.36	0.41	0.41	0	0	0.36
220100	0.36	0.41	0.41	0	0	0.36
220200	0.36	0.41	0.41	0	0	0.36
220300	0.36	0.41	0.41	0	0	0.36
220400	0.36	0.41	0.41	0	0	0.36
220500	0.35	0.41	0.41	0	0	0.35
220600	0.35	0.41	0.41	0	0	0.35
220700	0.35	0.41	0.41	0	0	0.35
220800	0.35	0.41	0.41	0	0	0.35
220900	0.34	0.41	0.41	0	0	0.34
221000	0.34	0.41	0.41	0	0	0.34
221100	0.34	0.41	0.41	0	0	0.34
221200	0.34	0.41	0.41	0	0	0.34
221300	0.33	0.41	0.41	0	0	0.33
221400	0.33	0.41	0.41	0	0	0.33
221500	0.33	0.41	0.41	0	0	0.33
221600	0.33	0.41	0.41	0	0	0.33
221700	0.33	0.41	0.41	0	0	0.33
221800	0.31	0.41	0.41	0	0	0.31
221900	0.31	0.41	0.41	0	0	0.31
222000	0.31	0.41	0.41	0	0	0.31
222100	0.31	0.41	0.41	0	0	0.31
222200	0.3	0.41	0.41	0	0	0.3
222300	0.3	0.41	0.41	0	0	0.3
222400	0.3	0.41	0.41	0	0	0.3
222500	0.3	0.41	0.41	0	0	0.3
222600	0.3	0.41	0.41	0	0	0.3
222700	0.3	0.42	0.42	0	0	0.3
222800	0.3	0.41	0.41	0	0	0.3
222900	0.3	0.41	0.41	0	0	0.3
223000	0.3	0.41	0.41	0	0	0.3
223100	0.3	0.41	0.41	0	0	0.3
223200	0.3	0.41	0.41	0	0	0.3
223300	0.3	0.41	0.41	0	0	0.3
223400	0.3	0.41	0.41	0	0	0.3
223500	0.3	0.41	0.41	0	0	0.3
223600	0.3	0.41	0.41	0	0	0.3
223700	0.3	0.41	0.41	0	0	0.3
223800	0.31	0.41	0.41	0	0	0.31
223900	0.32	0.41	0.41	0	0	0.32
224000	0.32	0.41	0.41	0	0	0.32
224100	0.32	0.41	0.41	0	0	0.32
224200	0.32	0.41	0.41	0	0	0.32
224300	0.32	0.41	0.41	0	0	0.32
224400	0.32	0.41	0.41	0	0	0.32
224500	0.32	0.41	0.41	0	0	0.32
224600	0.32	0.41	0.41	0	0	0.32
224700	0.32	0.41	0.41	0	0	0.32
224800	0.32	0.41	0.41	0	0	0.32
224900	0.32	0.41	0.41	0	0	0.32
225000	0.32	0.41	0.41	0	0	0.32
225100	0.32	0.41	0.41	0	0	0.32
225200	0.32	0.41	0.41	0	0	0.32
225300	0.32	0.41	0.41	0	0	0.32
225400	0.32	0.41	0.41	0	0	0.32
225500	0.32	0.41	0.41	0	0	0.32
225600	0.32	0.41	0.41	0	0	0.32
225700	0.32	0.41	0.41	0	0	0.32
225800	0.32	0.41	0.41	0	0	0.32
225900	0.32	0.41	0.41	0	0	0.32
226000	0.32	0.41	0.41	0	0	0.32
226100	0.32	0.41	0.41	0	0	0.32
226200	0.32	0.41	0.41	0	0	0.32
226300	0.32	0.41	0.41	0	0	0.32
226400	0.32	0.42	0.42	0	0	0.32
226500	0.32	0.42	0.42	0	0	0.32
226600	0.32	0.42	0.42	0	0	0.32
226700	0.32	0.42	0.42	0	0	0.32
226800	0.32	0.42	0.42	0	0	0.32
226900	0.32	0.42	0.42	0	0	0.32
227000	0.32	0.41	0.41	0	0	0.32
227100	0.32	0.41	0.41	0	0	0.32
227200	0.32	0.42	0.42	0	0	0.32
227300	0.32	0.41	0.41	0	0	0.32
227400	0.32	0.41	0.41	0	0	0.32
227500	0.32	0.41	0.41	0	0	0.32
227600	0.32	0.4	0.4	0	0	0.32
227700	0.32	0.4	0.4	0	0	0.32
227800	0.32	0.41	0.41	0	0	0.32
227900	0.32	0.41	0.41	0	0	0.32
228000	0.32	0.41	0.41	0	0	0.32
228100	0.32	0.41	0.41	0	0	0.32
228200	0.32	0.41	0.41	0	0	0.32
228300	0.33	0.41	0.41	0	0	0.33
228400	0.33	0.41	0.41	0	0	0.33
228500	0.33	0.41	0.41	0	0	0.33
228600	0.33	0.41	0.41	0	0	0.33
228700	0.33	0.4	0.4	0	0	0.33
228800	0.33	0.41	0.41	0	0	0.33
228900	0.33	0.42	0.42	0	0	0.33
229000	0.33	0.42	0.42	0	0	0.33
229100	0.33	0.42	0.42	0	0	0.33
229200	0.33	0.42	0.42	0	0	0.33
229300	0.33	0.41	0.41	0	0	0.33
229400	0.33	0.41	0.41	0	0	0.33
229500	0.33	0.41	0.41	0	0	0.33
229600	0.33	0.41	0.41	0	0	0.33
229700	0.33	0.41	0.41	0	0	0.33
229800	0.33	0.41	0.41	0	0	0.33
229900	0.33	0.41	0.41	0	0	0.33
230000	0.33	0.42	0.42	0	0	0.33
230100	0.34	0.41	0.41	0	0	0.34
230200	0.34	0.41	0.41	0	0	0.34
230300	0.34	0.41	0.41	0	0	0.34
230400	0.34	0.41	0.41	0	0	0.34
230500	0.34	0.41	0.41	0	0	0.34
230600	0.34	0.41	0.41	0	0	0.34
230700	0.34	0.41	0.41	0	0	0.34
230800	0.34	0.41	0.41	0	0	0.34
230900	0.34	0.41	0.41	0	0	0.34
231000	0.34	0.41	0.41	0	0	0.34
231100	0.34	0.41	0.41	0	0	0.34
231200	0.34	0.41	0.41	0	0	0.34
231300	0.34	0.41	0.41	0	0	0.34
231400	0.34	0.41	0.41	0	0	0.34
231500	0.34	0.41	0.41	0	0	0.34
231600	0.34	0.41	0.41	0	0	0.34
231700	0.34	0.41	0.41	0	0	0.34
231800	0.34	0.41	0.41	0	0	0.34
231900	0.34	0.41	0.41	0	0	0.34
232000	0.34	0.41	0.41	0	0	0.34
232100	0.34	0.41	0.41	0	0	0.34
232200	0.34	0.41	0.41	0	0	0.34
232300	0.34	0.41	0.41	0	0	0.34
232400	0.34	0.41	0.41	0	0	0.34
232500	0.34	0.41	0.41	0	0	0.34
232600	0.34	0.41	0.41	0	0	0.34
232700	0.34	0.41	0.41	0	0	0.34
232800	0.34	0.41	0.41	0	0	0.34
232900	0.34	0.41	0.41	0	0	0.34
233000	0.34	0.41	0.41	0	0	0.34
233100	0.34	0.41	0.41	0	0	0.34
233200	0.34	0.41	0.41	0	0	0.34
233300	0.34	0.41	0.41	0	0	0.34
233400	0.34	0.41	0.41	0	0	0.34
233500	0.34	0.41	0.41	0	0	0.34
233600	0.34	0.41	0.41	0	0	0.34
233700	0.34	0.41	0.41	0	0	0.34
233800	0.34	0.41	0.41	0	0	0.34
233900	0.34	0.41	0.41	0	0	0.34
234000	0.34	0.41	0.41	0	0	0.34
234100	0.34	0.41	0.41	0	0	0.34
234200	0.34	0.41	0.41	0	0	0.34
234300	0.34	0.41	0.41	0	0	0.34
234400	0.34	0.41	0.41	0	0	0.34
234500	0.34	0.41	0.41	0	0	0.34
234600	0.35	0.41	0.41	0	0	0.35
234700	0.35	0.41	0.41	0	0	0.35
234800	0.35	0.41	0.41	0	0	0.35
234900	0.34	0.41	0.41	0	0	0.34
235000	0.34	0.41	0.41	0	0	0.34
235100	0.34	0.41	0.41	0	0	0.34
235200	0.34	0.41	0.41	0	0	0.34
235300	0.34	0.41	0.41	0	0	0.34
235400	0.34	0.41	0.41	0	0	0.34
235500	0.34	0.41	0.41	0	0	0.34
235600	0.34	0.41	0.41	0	0	0.34
235700	0.34	0.41	0.41	0	0	0.34
235800	0.34	0.41	0.41	0	0	0.34
235900	0.35	0.41	0.41	0	0	0.35
236000	0.35	0.41	0.41	0	0	0.35
236100	0.35	0.41	0.41	0	0	0.35
236200	0.35	0.41	0.41	0	0	0.35
236300	0.35	0.41	0.41	0	0	0.35
236400	0.35	0.4	0.4	0	0	0.35
236500	0.35	0.4	0.4	0	0	0.35
236600	0.35	0.4	0.4	0	0	0.35
236700	0.35	0.4	0.4	0	0	0.35
236800	0.36	0.41	0.41	0	0	0.36
236900	0.35	0.41	0.41	0	0	0.35
237000	0.35	0.42	0.42	0	0	0.35
237100	0.35	0.41	0.41	0	0	0.35
237200	0.35	0.41	0.41	0	0	0.35
237300	0.35	0.41	0.41	0	0	0.35
237400	0.35	0.41	0.41	0	0	0.35
237500	0.35	0.41	0.41	0	0	0.35
237600	0.35	0.42	0.42	0	0	0.35
237700	0.35	0.4	0.4	0	0	0.35
237800	0.35	0.39	0.39	0	0	0.35
237900	0.35	0.39	0.39	0	0	0.35
238000	0.35	0.39	0.39	0	0	0.35
238100	0.35	0.39	0.39	0	0	0.35
238200	0.35	0.39	0.39	0	0	0.35
238300	0.35	0.39	0.39	0	0	0.35
238400	0.35	0.39	0.39	0	0	0.35
238500	0.36	0.4	0.4	0	0	0.36
238600	0.36	0.39	0.39	0	0	0.36
238700	0.36	0.39	0.39	0	0	0.36
238800	0.36	0.39	0.39	0	0	0.36
238900	0.36	0.4	0.4	0	0	0.36
239000	0.36	0.39	0.39	0	0	0.36
239100	0.36	0.39	0.39	0	0	0.36
239200	0.36	0.39	0.39	0	0	0.36
239300	0.37	0.39	0.39	0	0	0.37
239400	0.37	0.39	0.39	0	0	0.37
239500	0.36	0.39	0.39	0	0	0.36
239600	0.36	0.39	0.39	0	0	0.36
239700	0.36	0.39	0.39	0	0	0.36
239800	0.36	0.4	0.4	0	0	0.36
239900	0.36	0.38	0.38	0	0	0.36
240000	0.36	0.38	0.38	0	0	0.36
240100	0.36	0.38	0.38	0	0	0.36
240200	0.36	0.38	0.38	0	0	0.36
240300	0.36	0.38	0.38	0	0	0.36
240400	0.36	0.38	0.38	0	0	0.36
240500	0.36	0.38	0.38	0	0	0.36
240600	0.36	0.38	0.38	0	0	0.36
240700	0.36	0.38	0.38	0	0	0.36
240800	0.36	0.38	0.38	0	0	0.36
240900	0.36	0.38	0.38	0	0	0.36
241000	0.36	0.38	0.38	0	0	0.36
241100	0.36	0.39	0.39	0	0	0.36
241200	0.36	0.38	0.38	0	0	0.36
241300	0.36	0.38	0.38	0	0	0.36
241400	0.35	0.38	0.38	0	0	0.35
241500	0.35	0.38	0.38	0	0	0.35
241600	0.35	0.38	0.38	0	0	0.35
241700	0.35	0.39	0.39	0	0	0.35
241800	0.35	0.39	0.39	0	0	0.35
241900	0.35	0.39	0.39	0	0	0.35
242000	0.35	0.39	0.39	0	0	0.35
242100	0.35	0.39	0.39	0	0	0.35
242200	0.35	0.39	0.39	0	0	0.35
242300	0.35	0.39	0.39	0	0	0.35
242400	0.35	0.4	0.4	0	0	0.35
242500	0.35	0.4	0.4	0	0	0.35
242600	0.35	0.39	0.39	0	0	0.35
242700	0.35	0.38	0.38	0	0	0.35
242800	0.35	0.37	0.37	0	0	0.35
242900	0.35	0.35	0.35	0	0	0.35
243000	0.35	0.35	0.35	0	0	0.35
243100	0.35	0.34	0.34	0	0	0.35
243200	0.35	0.34	0.34	0	0	0.35
243300	0.35	0.33	0.33	0	0	0.35
243400	0.35	0.32	0.32	0	0	0.35
243500	0.35	0.32	0.32	0	0	0.35
243600	0.36	0.32	0.32	0	0	0.36
243700	0.36	0.32	0.32	0	0	0.36
243800	0.36	0.32	0.32	0	0	0.36
243900	0.36	0.32	0.32	0	0	0.36
244000	0.36	0.32	0.32	0	0	0.36
244100	0.36	0.32	0.32	0	0	0.36
244200	0.36	0.32	0.32	0	0	0.36
244300	0.35	0.32	0.32	0	0	0.35
244400	0.35	0.32	0.32	0	0	0.35
244500	0.35	0.33	0.33	0	0	0.35
244600	0.36	0.32	0.32	0	0	0.36
244700	0.36	0.32	0.32	0	0	0.36
244800	0.36	0.32	0.32	0	0	0.36
244900	0.36	0.32	0.32	0	0	0.36
245000	0.35	0.32	0.32	0	0	0.35
245100	0.35	0.33	0.33	0	0	0.35
245200	0.35	0.33	0.33	0	0	0.35
245300	0.35	0.34	0.34	0	0	0.35
245400	0.35	0.34	0.34	0	0	0.35
245500	0.35	0.34	0.34	0	0	0.35
245600	0.35	0.34	0.34	0	0	0.35
245700	0.35	0.34	0.34	0	0	0.35
245800	0.35	0.34	0.34	0	0	0.35
245900	0.35	0.34	0.34	0	0	0.35
246000	0.35	0.34	0.34	0	0	0.35
246100	0.35	0.34	0.34	0	0	0.35
246200	0.35	0.34	0.34	0	0	0.35
246300	0.35	0.34	0.34	0	0	0.35
246400	0.35	0.34	0.34	0	0	0.35
246500	0.35	0.34	0.34	0	0	0.35
246600	0.35	0.34	0.34	0	0	0.35
246700	0.35	0.34	0.34	0	0	0.35
246800	0.35	0.34	0.34	0	0	0.35
246900	0.35	0.34	0.34	0	0	0.35
247000	0.35	0.34	0.34	0	0	0.35
247100	0.35	0.34	0.34	0	0	0.35
247200	0.35	0.34	0.34	0	0	0.35
247300	0.35	0.34	0.34	0	0	0.35
247400	0.35	0.34	0.34	0	0	0.35
247500	0.35	0.34	0.34	0	0	0.35
247600	0.35	0.34	0.34	0	0	0.35
247700	0.35	0.34	0.34	0	0	0.35
247800	0.35	0.34	0.34	0	0	0.35
247900	0.35	0.34	0.34	0	0	0.35
248000	0.35	0.34	0.34	0	0	0.35
248100	0.35	0.35	0.35	0	0	0.35
248200	0.35	0.34	0.34	0	0	0.35
248300	0.35	0.35	0.35	0	0	0.35
248400	0.35	0.34	0.34	0	0	0.35
248500	0.35	0.34	0.34	0	0	0.35
248600	0.35	0.34	0.34	0	0	0.35
248700	0.35	0.34	0.34	0	0	0.35
248800	0.35	0.34	0.34	0	0	0.35
248900	0.35	0.34	0.34	0	0	0.35
249000	0.35	0.34	0.34	0	0	0.35
249100	0.35	0.34	0.34	0	0	0.35
249200	0.35	0.34	0.34	0	0	0.35
249300	0.35	0.33	0.33	0	0	0.35
249400	0.35	0.33	0.33	0	0	0.35
249500	0.35	0.33	0.33	0	0	0.35
249600	0.35	0.33	0.33	0	0	0.35
249700	0.35	0.35	0.35	0	0	0.35
249800	0.35	0.33	0.33	0	0	0.35
249900	0.35	0.33	0.33	0	0	0.35
250000	0.35	0.33	0.33	0	0	0.35
250100	0.35	0.33	0.33	0	0	0.35
250200	0.35	0.33	0.33	0	0	0.35
250300	0.35	0.33	0.33	0	0	0.35
250400	0.35	0.33	0.33	0	0	0.35
250500	0.35	0.33	0.33	0	0	0.35
250600	0.35	0.33	0.33	0	0	0.35
250700	0.35	0.34	0.34	0	0	0.35
250800	0.35	0.34	0.34	0	0	0.35
250900	0.35	0.34	0.34	0	0	0.35
251000	0.35	0.34	0.34	0	0	0.35
251100	0.35	0.34	0.34	0	0	0.35
251200	0.35	0.34	0.34	0	0	0.35
251300	0.35	0.34	0.34	0	0	0.35
251400	0.35	0.34	0.34	0	0	0.35
251500	0.35	0.34	0.34	0	0	0.35
251600	0.35	0.34	0.34	0	0	0.35
251700	0.35	0.34	0.34	0	0	0.35
251800	0.35	0.34	0.34	0	0	0.35
251900	0.35	0.34	0.34	0	0	0.35
252000	0.35	0.34	0.34	0	0	0.35
252100	0.35	0.34	0.34	0	0	0.35
252200	0.35	0.34	0.34	0	0	0.35
252300	0.35	0.34	0.34	0	0	0.35
252400	0.35	0.34	0.34	0	0	0.35
252500	0.35	0.34	0.34	0	0	0.35
252600	0.36	0.34	0.34	0	0	0.36
252700	0.35	0.34	0.34	0	0	0.35
252800	0.35	0.34	0.34	0	0	0.35
252900	0.35	0.34	0.34	0	0	0.35
253000	0.35	0.34	0.34	0	0	0.35
253100	0.36	0.34	0.34	0	0	0.36
253200	0.36	0.34	0.34	0	0	0.36
253300	0.36	0.34	0.34	0	0	0.36
253400	0.36	0.34	0.34	0	0	0.36
253500	0.36	0.34	0.34	0	0	0.36
253600	0.36	0.34	0.34	0	0	0.36
253700	0.36	0.34	0.34	0	0	0.36
253800	0.36	0.34	0.34	0	0	0.36
253900	0.36	0.34	0.34	0	0	0.36
254000	0.36	0.34	0.34	0	0	0.36
254100	0.36	0.34	0.34	0	0	0.36
254200	0.36	0.34	0.34	0	0	0.36
254300	0.36	0.34	0.34	0	0	0.36
254400	0.36	0.34	0.34	0	0	0.36
254500	0.36	0.34	0.34	0	0	0.36
254600	0.36	0.35	0.35	0	0	0.36
254700	0.36	0.34	0.34	0	0	0.36
254800	0.36	0.34	0.34	0	0	0.36
254900	0.36	0.34	0.34	0	0	0.36
255000	0.36	0.34	0.34	0	0	0.36
255100	0.36	0.34	0.34	0	0	0.36
255200	0.36	0.34	0.34	0	0	0.36
255300	0.36	0.35	0.35	0	0	0.36
255400	0.37	0.35	0.35	0	0	0.37
255500	0.36	0.34	0.34	0	0	0.36
255600	0.36	0.34	0.34	0	0	0.36
255700	0.36	0.34	0.34	0	0	0.36
255800	0.36	0.34	0.34	0	0	0.36
255900	0.36	0.34	0.34	0	0	0.36
256000	0.36	0.34	0.34	0	0	0.36
256100	0.36	0.34	0.34	0	0	0.36
256200	0.36	0.34	0.34	0	0	0.36
256300	0.36	0.34	0.34	0	0	0.36
256400	0.36	0.34	0.34	0	0	0.36
256500	0.36	0.34	0.34	0	0	0.36
256600	0.36	0.34	0.34	0	0	0.36
256700	0.36	0.34	0.34	0	0	0.36
256800	0.36	0.34	0.34	0	0	0.36
256900	0.36	0.34	0.34	0	0	0.36
257000	0.36	0.34	0.34	0	0	0.36
257100	0.36	0.34	0.34	0	0	0.36
257200	0.36	0.34	0.34	0	0	0.36
257300	0.36	0.34	0.34	0	0	0.36
257400	0.36	0.35	0.35	0	0	0.36
257500	0.36	0.35	0.35	0	0	0.36
257600	0.37	0.34	0.34	0	0	0.37
257700	0.37	0.34	0.34	0	0	0.37
257800	0.37	0.34	0.34	0	0	0.37
257900	0.38	0.34	0.34	0	0	0.38
258000	0.38	0.34	0.34	0	0	0.38
258100	0.38	0.34	0.34	0	0	0.38
258200	0.38	0.34	0.34	0	0	0.38
258300	0.38	0.34	0.34	0	0	0.38
258400	0.38	0.34	0.34	0	0	0.38
258500	0.38	0.34	0.34	0	0	0.38
258600	0.38	0.34	0.34	0	0	0.38
258700	0.38	0.34	0.34	0	0	0.38
258800	0.38	0.34	0.34	0	0	0.38
258900	0.38	0.35	0.35	0	0	0.38
259000	0.38	0.34	0.34	0	0	0.38
259100	0.38	0.34	0.34	0	0	0.38
259200	0.38	0.34	0.34	0	0	0.38
259300	0.38	0.34	0.34	0	0	0.38
259400	0.38	0.34	0.34	0	0	0.38
259500	0.38	0.34	0.34	0	0	0.38
259600	0.38	0.34	0.34	0	0	0.38
259700	0.38	0.34	0.34	0	0	0.38
259800	0.38	0.34	0.34	0	0	0.38
259900	0.38	0.34	0.34	0	0	0.38
260000	0.38	0.34	0.34	0	0	0.38
260100	0.38	0.35	0.35	0	0	0.38
260200	0.38	0.35	0.35	0	0	0.38
260300	0.39	0.35	0.35	0	0	0.39
260400	0.38	0.35	0.35	0	0	0.38
260500	0.38	0.35	0.35	0	0	0.38
260600	0.38	0.35	0.35	0	0	0.38
260700	0.38	0.35	0.35	0	0	0.38
260800	0.38	0.35	0.35	0	0	0.38
260900	0.38	0.35	0.35	0	0	0.38
261000	0.38	0.35	0.35	0	0	0.38
261100	0.38	0.35	0.35	0	0	0.38
261200	0.38	0.35	0.35	0	0	0.38
261300	0.38	0.35	0.35	0	0	0.38
261400	0.38	0.35	0.35	0	0	0.38
261500	0.38	0.35	0.35	0	0	0.38
261600	0.38	0.35	0.35	0	0	0.38
261700	0.38	0.35	0.35	0	0	0.38
261800	0.38	0.35	0.35	0	0	0.38
261900	0.38	0.35	0.35	0	0	0.38
262000	0.38	0.35	0.35	0	0	0.38
262100	0.38	0.35	0.35	0	0	0.38
262200	0.38	0.35	0.35	0	0	0.38
262300	0.38	0.35	0.35	0	0	0.38
262400	0.38	0.35	0.35	0	0	0.38
262500	0.38	0.35	0.35	0	0	0.38
262600	0.38	0.35	0.35	0	0	0.38
262700	0.38	0.35	0.35	0	0	0.38
262800	0.38	0.35	0.35	0	0	0.38
262900	0.38	0.35	0.35	0	0	0.38
263000	0.38	0.35	0.35	0	0	0.38
263100	0.38	0.35	0.35	0	0	0.38
263200	0.38	0.35	0.35	0	0	0.38
263300	0.38	0.35	0.35	0	0	0.38
263400	0.38	0.35	0.35	0	0	0.38
263500	0.38	0.35	0.35	0	0	0.38
263600	0.39	0.36	0.36	0	0	0.39
263700	0.38	0.35	0.35	0	0	0.38
263800	0.38	0.35	0.35	0	0	0.38
263900	0.38	0.35	0.35	0	0	0.38
264000	0.38	0.35	0.35	0	0	0.38
264100	0.38	0.35	0.35	0	0	0.38
264200	0.38	0.35	0.35	0	0	0.38
264300	0.38	0.35	0.35	0	0	0.38
264400	0.38	0.35	0.35	0	0	0.38
264500	0.38	0.35	0.35	0	0	0.38
264600	0.38	0.36	0.36	0	0	0.38
264700	0.38	0.35	0.35	0	0	0.38
264800	0.38	0.35	0.35	0	0	0.38
264900	0.38	0.35	0.35	0	0	0.38
265000	0.38	0.35	0.35	0	0	0.38
265100	0.38	0.35	0.35	0	0	0.38
265200	0.38	0.35	0.35	0	0	0.38
265300	0.38	0.35	0.35	0	0	0.38
265400	0.38	0.35	0.35	0	0	0.38
265500	0.38	0.35	0.35	0	0	0.38
265600	0.38	0.35	0.35	0	0	0.38
265700	0.38	0.35	0.35	0	0	0.38
265800	0.38	0.35	0.35	0	0	0.38
265900	0.38	0.35	0.35	0	0	0.38
266000	0.38	0.35	0.35	0	0	0.38
266100	0.38	0.35	0.35	0	0	0.38
266200	0.38	0.35	0.35	0	0	0.38
266300	0.38	0.36	0.36	0	0	0.38
266400	0.38	0.36	0.36	0	0	0.38
266500	0.38	0.36	0.36	0	0	0.38
266600	0.38	0.37	0.37	0	0	0.38
266700	0.38	0.37	0.37	0	0	0.38
266800	0.38	0.37	0.37	0	0	0.38
266900	0.38	0.37	0.37	0	0	0.38
267000	0.38	0.37	0.37	0	0	0.38
267100	0.38	0.36	0.36	0	0	0.38
267200	0.39	0.36	0.36	0	0	0.39
267300	0.38	0.36	0.36	0	0	0.38
267400	0.38	0.36	0.36	0	0	0.38
267500	0.38	0.36	0.36	0	0	0.38
267600	0.38	0.36	0.36	0	0	0.38
267700	0.38	0.36	0.36	0	0	0.38
267800	0.38	0.36	0.36	0	0	0.38
267900	0.38	0.36	0.36	0	0	0.38
268000	0.38	0.36	0.36	0	0	0.38
268100	0.38	0.36	0.36	0	0	0.38
268200	0.38	0.36	0.36	0	0	0.38
268300	0.38	0.36	0.36	0	0	0.38
268400	0.38	0.36	0.36	0	0	0.38
268500	0.38	0.36	0.36	0	0	0.38
268600	0.38	0.36	0.36	0	0	0.38
268700	0.38	0.36	0.36	0	0	0.38
268800	0.38	0.36	0.36	0	0	0.38
268900	0.38	0.36	0.36	0	0	0.38
269000	0.38	0.36	0.36	0	0	0.38
269100	0.38	0.36	0.36	0	0	0.38
269200	0.39	0.36	0.36	0	0	0.39
269300	0.38	0.36	0.36	0	0	0.38
269400	0.38	0.36	0.36	0	0	0.38
269500	0.38	0.36	0.36	0	0	0.38
269600	0.38	0.36	0.36	0	0	0.38
269700	0.38	0.36	0.36	0	0	0.38
269800	0.38	0.36	0.36	0	0	0.38
269900	0.38	0.36	0.36	0	0	0.38
270000	0.38	0.36	0.36	0	0	0.38
270100	0.38	0.36	0.36	0	0	0.38
270200	0.38	0.36	0.36	0	0	0.38
270300	0.38	0.36	0.36	0	0	0.38
270400	0.38	0.36	0.36	0	0	0.38
270500	0.38	0.36	0.36	0	0	0.38
270600	0.38	0.36	0.36	0	0	0.38
270700	0.38	0.36	0.36	0	0	0.38
270800	0.38	0.36	0.36	0	0	0.38
270900	0.38	0.36	0.36	0	0	0.38
271000	0.38	0.36	0.36	0	0	0.38
271100	0.38	0.36	0.36	0	0	0.38
271200	0.38	0.36	0.36	0	0	0.38
271300	0.38	0.36	0.36	0	0	0.38
271400	0.38	0.36	0.36	0	0	0.38
271500	0.38	0.36	0.36	0	0	0.38
271600	0.38	0.36	0.36	0	0	0.38
271700	0.38	0.36	0.36	0	0	0.38
271800	0.38	0.36	0.36	0	0	0.38
271900	0.38	0.36	0.36	0	0	0.38
272000	0.38	0.36	0.36	0	0	0.38
272100	0.38	0.36	0.36	0	0	0.38
272200	0.38	0.36	0.36	0	0	0.38
272300	0.38	0.36	0.36	0	0	0.38
272400	0.38	0.36	0.36	0	0	0.38
272500	0.38	0.36	0.36	0	0	0.38
272600	0.38	0.36	0.36	0	0	0.38
272700	0.38	0.36	0.36	0	0	0.38
272800	0.38	0.36	0.36	0	0	0.38
272900	0.38	0.36	0.36	0	0	0.38
273000	0.38	0.36	0.36	0	0	0.38
273100	0.38	0.36	0.36	0	0	0.38
273200	0.38	0.36	0.36	0	0	0.38
273300	0.38	0.36	0.36	0	0	0.38
273400	0.38	0.36	0.36	0	0	0.38
273500	0.39	0.36	0.36	0	0	0.39
273600	0.39	0.36	0.36	0	0	0.39
273700	0.39	0.36	0.36	0	0	0.39
273800	0.39	0.36	0.36	0	0	0.39
273900	0.39	0.36	0.36	0	0	0.39
274000	0.38	0.36	0.36	0	0	0.38
274100	0.38	0.36	0.36	0	0	0.38
274200	0.38	0.36	0.36	0	0	0.38
274300	0.38	0.36	0.36	0	0	0.38
274400	0.38	0.36	0.36	0	0	0.38
274500	0.38	0.36	0.36	0	0	0.38
274600	0.38	0.36	0.36	0	0	0.38
274700	0.38	0.36	0.36	0	0	0.38
274800	0.38	0.36	0.36	0	0	0.38
274900	0.38	0.36	0.36	0	0	0.38
275000	0.38	0.36	0.36	0	0	0.38
275100	0.38	0.36	0.36	0	0	0.38
275200	0.38	0.36	0.36	0	0	0.38
275300	0.38	0.36	0.36	0	0	0.38
275400	0.38	0.36	0.36	0	0	0.38
275500	0.38	0.36	0.36	0	0	0.38
275600	0.38	0.36	0.36	0	0	0.38
275700	0.38	0.36	0.36	0	0	0.38
275800	0.38	0.36	0.36	0	0	0.38
275900	0.38	0.36	0.36	0	0	0.38
276000	0.38	0.36	0.36	0	0	0.38
276100	0.38	0.36	0.36	0	0	0.38
276200	0.38	0.36	0.36	0	0	0.38
276300	0.38	0.36	0.36	0	0	0.38
276400	0.38	0.36	0.36	0	0	0.38
276500	0.38	0.36	0.36	0	0	0.38
276600	0.38	0.36	0.36	0	0	0.38
276700	0.38	0.36	0.36	0	0	0.38
276800	0.38	0.36	0.36	0	0	0.38
276900	0.38	0.36	0.36	0	0	0.38
277000	0.38	0.36	0.36	0	0	0.38
277100	0.38	0.36	0.36	0	0	0.38
277200	0.38	0.36	0.36	0	0	0.38
277300	0.38	0.36	0.36	0	0	0.38
277400	0.38	0.36	0.36	0	0	0.38
277500	0.38	0.36	0.36	0	0	0.38
277600	0.38	0.36	0.36	0	0	0.38
277700	0.38	0.36	0.36	0	0	0.38
277800	0.38	0.36	0.36	0	0	0.38
277900	0.38	0.36	0.36	0	0	0.38
278000	0.39	0.36	0.36	0	0	0.39
278100	0.38	0.36	0.36	0	0	0.38
278200	0.38	0.36	0.36	0	0	0.38
278300	0.38	0.36	0.36	0	0	0.38
278400	0.38	0.36	0.36	0	0	0.38
278500	0.38	0.36	0.36	0	0	0.38
278600	0.38	0.36	0.36	0	0	0.38
278700	0.38	0.36	0.36	0	0	0.38
278800	0.38	0.36	0.36	0	0	0.38
278900	0.38	0.36	0.36	0	0	0.38
279000	0.38	0.36	0.36	0	0	0.38
279100	0.38	0.36	0.36	0	0	0.38
279200	0.38	0.36	0.36	0	0	0.38
279300	0.38	0.36	0.36	0	0	0.38
279400	0.38	0.36	0.36	0	0	0.38
279500	0.38	0.36	0.36	0	0	0.38
279600	0.38	0.36	0.36	0	0	0.38
279700	0.38	0.36	0.36	0	0	0.38
279800	0.38	0.36	0.36	0	0	0.38
279900	0.38	0.36	0.36	0	0	0.38
280000	0.38	0.36	0.36	0	0	0.38
280100	0.38	0.37	0.37	0	0	0.38
280200	0.38	0.36	0.36	0	0	0.38
280300	0.38	0.36	0.36	0	0	0.38
280400	0.38	0.36	0.36	0	0	0.38
280500	0.38	0.36	0.36	0	0	0.38
280600	0.38	0.36	0.36	0	0	0.38
280700	0.38	0.36	0.36	0	0	0.38
280800	0.38	0.36	0.36	0	0	0.38
280900	0.38	0.36	0.36	0	0	0.38
281000	0.38	0.36	0.36	0	0	0.38
281100	0.38	0.36	0.36	0	0	0.38
281200	0.38	0.36	0.36	0	0	0.38
281300	0.38	0.36	0.36	0	0	0.38
281400	0.38	0.36	0.36	0	0	0.38
281500	0.38	0.36	0.36	0	0	0.38
281600	0.38	0.36	0.36	0	0	0.38
281700	0.38	0.36	0.36	0	0	0.38
281800	0.38	0.36	0.36	0	0	0.38
281900	0.38	0.36	0.36	0	0	0.38
282000	0.38	0.36	0.36	0	0	0.38
282100	0.38	0.36	0.36	0	0	0.38
282200	0.38	0.36	0.36	0	0	0.38
282300	0.38	0.36	0.36	0	0	0.38
282400	0.38	0.36	0.36	0	0	0.38
282500	0.38	0.36	0.36	0	0	0.38
282600	0.38	0.36	0.36	0	0	0.38
282700	0.38	0.36	0.36	0	0	0.38
282800	0.38	0.36	0.36	0	0	0.38
282900	0.38	0.36	0.36	0	0	0.38
283000	0.38	0.37	0.37	0	0	0.38
283100	0.38	0.37	0.37	0	0	0.38
283200	0.39	0.37	0.37	0	0	0.39
283300	0.39	0.37	0.37	0	0	0.39
283400	0.39	0.37	0.37	0	0	0.39
283500	0.39	0.37	0.37	0	0	0.39
283600	0.39	0.37	0.37	0	0	0.39
283700	0.39	0.37	0.37	0	0	0.39
283800	0.39	0.37	0.37	0	0	0.39
283900	0.38	0.37	0.37	0	0	0.38
284000	0.38	0.37	0.37	0	0	0.38
284100	0.38	0.37	0.37	0	0	0.38
284200	0.38	0.37	0.37	0	0	0.38
284300	0.38	0.37	0.37	0	0	0.38
284400	0.38	0.37	0.37	0	0	0.38
284500	0.38	0.37	0.37	0	0	0.38
284600	0.38	0.37	0.37	0	0	0.38
284700	0.39	0.37	0.37	0	0	0.39
284800	0.38	0.37	0.37	0	0	0.38
284900	0.38	0.37	0.37	0	0	0.38
285000	0.38	0.37	0.37	0	0	0.38
285100	0.38	0.37	0.37	0	0	0.38
285200	0.38	0.38	0.38	0	0	0.38
285300	0.38	0.37	0.37	0	0	0.38
285400	0.38	0.37	0.37	0	0	0.38
285500	0.38	0.37	0.37	0	0	0.38
285600	0.38	0.37	0.37	0	0	0.38
285700	0.38	0.37	0.37	0	0	0.38
285800	0.38	0.37	0.37	0	0	0.38
285900	0.38	0.37	0.37	0	0	0.38
286000	0.38	0.37	0.37	0	0	0.38
286100	0.38	0.37	0.37	0	0	0.38
286200	0.38	0.37	0.37	0	0	0.38
286300	0.38	0.37	0.37	0	0	0.38
286400	0.38	0.37	0.37	0	0	0.38
286500	0.38	0.37	0.37	0	0	0.38
286600	0.38	0.37	0.37	0	0	0.38
286700	0.38	0.36	0.36	0	0	0.38
286800	0.38	0.36	0.36	0	0	0.38
286900	0.38	0.36	0.36	0	0	0.38
287000	0.38	0.37	0.37	0	0	0.38
287100	0.38	0.37	0.37	0	0	0.38
287200	0.38	0.37	0.37	0	0	0.38
287300	0.38	0.36	0.36	0	0	0.38
287400	0.38	0.36	0.36	0	0	0.38
287500	0.38	0.36	0.36	0	0	0.38
287600	0.38	0.36	0.36	0	0	0.38
287700	0.38	0.36	0.36	0	0	0.38
287800	0.38	0.36	0.36	0	0	0.38
287900	0.38	0.36	0.36	0	0	0.38
288000	0.38	0.36	0.36	0	0	0.38
288100	0.38	0.37	0.37	0	0	0.38
288200	0.38	0.36	0.36	0	0	0.38
288300	0.38	0.36	0.36	0	0	0.38
288400	0.38	0.36	0.36	0	0	0.38
288500	0.38	0.36	0.36	0	0	0.38
288600	0.38	0.36	0.36	0	0	0.38
288700	0.39	0.36	0.36	0	0	0.39
288800	0.39	0.36	0.36	0	0	0.39
288900	0.39	0.36	0.36	0	0	0.39
289000	0.39	0.36	0.36	0	0	0.39
289100	0.39	0.36	0.36	0	0	0.39
289200	0.39	0.36	0.36	0	0	0.39
289300	0.39	0.36	0.36	0	0	0.39
289400	0.39	0.36	0.36	0	0	0.39
289500	0.39	0.36	0.36	0	0	0.39
289600	0.39	0.36	0.36	0	0	0.39
289700	0.39	0.36	0.36	0	0	0.39
289800	0.39	0.36	0.36	0	0	0.39
289900	0.4	0.36	0.36	0	0	0.4
290000	0.4	0.36	0.36	0	0	0.4
290100	0.4	0.36	0.36	0	0	0.4
290200	0.39	0.36	0.36	0	0	0.39
290300	0.39	0.36	0.36	0	0	0.39
290400	0.39	0.36	0.36	0	0	0.39
290500	0.39	0.36	0.36	0	0	0.39
290600	0.39	0.36	0.36	0	0	0.39
290700	0.39	0.36	0.36	0	0	0.39
290800	0.39	0.36	0.36	0	0	0.39
290900	0.39	0.36	0.36	0	0	0.39
291000	0.39	0.36	0.36	0	0	0.39
291100	0.39	0.36	0.36	0	0	0.39
291200	0.39	0.36	0.36	0	0	0.39
291300	0.39	0.36	0.36	0	0	0.39
291400	0.39	0.36	0.36	0	0	0.39
291500	0.39	0.36	0.36	0	0	0.39
291600	0.39	0.36	0.36	0	0	0.39
291700	0.39	0.36	0.36	0	0	0.39
291800	0.39	0.36	0.36	0	0	0.39
291900	0.39	0.36	0.36	0	0	0.39
292000	0.38	0.36	0.36	0	0	0.38
292100	0.38	0.36	0.36	0	0	0.38
292200	0.38	0.36	0.36	0	0	0.38
292300	0.39	0.36	0.36	0	0	0.39
292400	0.38	0.36	0.36	0	0	0.38
292500	0.38	0.36	0.36	0	0	0.38
292600	0.38	0.36	0.36	0	0	0.38
292700	0.38	0.36	0.36	0	0	0.38
292800	0.38	0.36	0.36	0	0	0.38
292900	0.38	0.37	0.37	0	0	0.38
293000	0.38	0.36	0.36	0	0	0.38
293100	0.38	0.36	0.36	0	0	0.38
293200	0.38	0.36	0.36	0	0	0.38
293300	0.38	0.36	0.36	0	0	0.38
293400	0.38	0.36	0.36	0	0	0.38
293500	0.38	0.36	0.36	0	0	0.38
293600	0.38	0.36	0.36	0	0	0.38
293700	0.38	0.36	0.36	0	0	0.38
293800	0.38	0.36	0.36	0	0	0.38
293900	0.38	0.36	0.36	0	0	0.38
294000	0.38	0.36	0.36	0	0	0.38
294100	0.38	0.36	0.36	0	0	0.38
294200	0.38	0.36	0.36	0	0	0.38
294300	0.38	0.36	0.36	0	0	0.38
294400	0.39	0.36	0.36	0	0	0.39
294500	0.38	0.36	0.36	0	0	0.38
294600	0.38	0.36	0.36	0	0	0.38
294700	0.38	0.36	0.36	0	0	0.38
294800	0.38	0.36	0.36	0	0	0.38
294900	0.39	0.36	0.36	0	0	0.39
295000	0.38	0.36	0.36	0	0	0.38
295100	0.38	0.36	0.36	0	0	0.38
295200	0.38	0.36	0.36	0	0	0.38
295300	0.37	0.36	0.36	0	0	0.37
295400	0.37	0.37	0.37	0	0	0.37
295500	0.37	0.37	0.37	0	0	0.37
295600	0.39	0.37	0.37	0	0	0.39
295700	0.37	0.36	0.36	0	0	0.37
295800	0.37	0.36	0.36	0	0	0.37
295900	0.37	0.36	0.36	0	0	0.37
296000	0.37	0.36	0.36	0	0	0.37
296100	0.37	0.37	0.37	0	0	0.37
296200	0.37	0.36	0.36	0	0	0.37
296300	0.37	0.36	0.36	0	0	0.37
296400	0.37	0.36	0.36	0	0	0.37
296500	0.37	0.36	0.36	0	0	0.37
296600	0.37	0.36	0.36	0	0	0.37
296700	0.37	0.36	0.36	0	0	0.37
296800	0.37	0.36	0.36	0	0	0.37
296900	0.37	0.36	0.36	0	0	0.37
297000	0.37	0.36	0.36	0	0	0.37
297100	0.37	0.36	0.36	0	0	0.37
297200	0.37	0.36	0.36	0	0	0.37
297300	0.37	0.36	0.36	0	0	0.37
297400	0.37	0.38	0.38	0	0	0.37
297500	0.37	0.37	0.37	0	0	0.37
297600	0.37	0.37	0.37	0	0	0.37
297700	0.37	0.36	0.36	0	0	0.37
297800	0.37	0.36	0.36	0	0	0.37
297900	0.37	0.36	0.36	0	0	0.37
298000	0.37	0.36	0.36	0	0	0.37
298100	0.37	0.36	0.36	0	0	0.37
298200	0.37	0.36	0.36	0	0	0.37
298300	0.37	0.36	0.36	0	0	0.37
298400	0.37	0.36	0.36	0	0	0.37
298500	0.37	0.36	0.36	0	0	0.37
298600	0.37	0.36	0.36	0	0	0.37
298700	0.37	0.36	0.36	0	0	0.37
298800	0.37	0.36	0.36	0	0	0.37
298900	0.37	0.36	0.36	0	0	0.37
299000	0.37	0.36	0.36	0	0	0.37
299100	0.37	0.37	0.37	0	0	0.37
299200	0.37	0.37	0.37	0	0	0.37
299300	0.37	0.37	0.37	0	0	0.37
299400	0.37	0.37	0.37	0	0	0.37
299500	0.37	0.37	0.37	0	0	0.37
299600	0.37	0.37	0.37	0	0	0.37
299700	0.37	0.37	0.37	0	0	0.37
299800	0.37	0.37	0.37	0	0	0.37
299900	0.37	0.37	0.37	0	0	0.37
300000	0.37	0.37	0.37	0	0	0.37
