100	0.1	0.1	0.1	0	0	0.1
200	0.13	0.1	0.1	0	0	0.13
300	0.17	0.13	0.13	0	0	0.17
400	0.16	0.12	0.12	0	0	0.16
500	0.17	0.12	0.12	0	0	0.17
600	0.14	0.12	0.12	0	0	0.14
700	0.16	0.12	0.12	0	0	0.16
800	0.17	0.11	0.11	0	0	0.17
900	0.16	0.11	0.11	0	0	0.16
1000	0.18	0.1	0.1	0	0	0.18
1100	0.18	0.11	0.11	0	0	0.18
1200	0.18	0.12	0.12	0	0	0.18
1300	0.19	0.14	0.14	0	0	0.19
1400	0.19	0.15	0.15	0	0	0.19
1500	0.19	0.17	0.17	0	0	0.19
1600	0.2	0.17	0.17	0	0	0.2
1700	0.21	0.17	0.17	0	0	0.21
1800	0.23	0.18	0.18	0	0	0.23
1900	0.24	0.19	0.19	0	0	0.24
2000	0.23	0.2	0.2	0	0	0.23
2100	0.26	0.19	0.19	0	0	0.26
2200	0.26	0.22	0.22	0	0	0.26
2300	0.25	0.19	0.19	0	0	0.25
2400	0.24	0.2	0.2	0	0	0.24
2500	0.24	0.19	0.19	0	0	0.24
2600	0.24	0.2	0.2	0	0	0.24
2700	0.24	0.2	0.2	0	0	0.24
2800	0.26	0.2	0.2	0	0	0.26
2900	0.25	0.19	0.19	0	0	0.25
3000	0.25	0.19	0.19	0	0	0.25
3100	0.28	0.19	0.19	0	0	0.28
3200	0.29	0.2	0.2	0	0	0.29
3300	0.28	0.18	0.18	0	0	0.28
3400	0.28	0.17	0.17	0	0	0.28
3500	0.29	0.17	0.17	0	0	0.29
3600	0.29	0.17	0.17	0	0	0.29
3700	0.28	0.18	0.18	0	0	0.28
3800	0.28	0.18	0.18	0	0	0.28
3900	0.28	0.17	0.17	0	0	0.28
4000	0.28	0.19	0.19	0	0	0.28
4100	0.28	0.18	0.18	0	0	0.28
4200	0.28	0.18	0.18	0	0	0.28
4300	0.26	0.19	0.19	0	0	0.26
4400	0.24	0.19	0.19	0	0	0.24
4500	0.26	0.19	0.19	0	0	0.26
4600	0.24	0.21	0.21	0	0	0.24
4700	0.24	0.19	0.19	0	0	0.24
4800	0.25	0.2	0.2	0	0	0.25
4900	0.25	0.21	0.21	0	0	0.25
5000	0.28	0.21	0.21	0	0	0.28
5100	0.27	0.24	0.24	0	0	0.27
5200	0.27	0.24	0.24	0	0	0.27
5300	0.27	0.25	0.25	0	0	0.27
5400	0.28	0.25	0.25	0	0	0.28
5500	0.27	0.26	0.26	0	0	0.27
5600	0.26	0.26	0.26	0	0	0.26
5700	0.25	0.27	0.27	0	0	0.25
5800	0.26	0.25	0.25	0	0	0.26
5900	0.27	0.25	0.25	0	0	0.27
6000	0.27	0.23	0.23	0	0	0.27
6100	0.26	0.25	0.25	0	0	0.26
6200	0.26	0.24	0.24	0	0	0.26
6300	0.28	0.24	0.24	0	0	0.28
6400	0.24	0.24	0.24	0	0	0.24
6500	0.24	0.22	0.22	0	0	0.24
6600	0.24	0.24	0.24	0	0	0.24
6700	0.23	0.24	0.24	0	0	0.23
6800	0.23	0.23	0.23	0	0	0.23
6900	0.24	0.23	0.23	0	0	0.24
7000	0.23	0.22	0.22	0	0	0.23
7100	0.24	0.22	0.22	0	0	0.24
7200	0.25	0.2	0.2	0	0	0.25
7300	0.26	0.18	0.18	0	0	0.26
7400	0.28	0.18	0.18	0	0	0.28
7500	0.27	0.22	0.22	0	0	0.27
7600	0.27	0.23	0.23	0	0	0.27
7700	0.27	0.24	0.24	0	0	0.27
7800	0.29	0.23	0.23	0	0	0.29
7900	0.28	0.22	0.22	0	0	0.28
8000	0.29	0.22	0.22	0	0	0.29
8100	0.27	0.24	0.24	0	0	0.27
8200	0.27	0.22	0.22	0	0	0.27
8300	0.26	0.22	0.22	0	0	0.26
8400	0.26	0.22	0.22	0	0	0.26
8500	0.27	0.22	0.22	0	0	0.27
8600	0.27	0.22	0.22	0	0	0.27
8700	0.27	0.22	0.22	0	0	0.27
8800	0.28	0.23	0.23	0	0	0.28
8900	0.28	0.25	0.25	0	0	0.28
9000	0.28	0.26	0.26	0	0	0.28
9100	0.28	0.27	0.27	0	0	0.28
9200	0.29	0.26	0.26	0	0	0.29
9300	0.29	0.26	0.26	0	0	0.29
9400	0.29	0.27	0.27	0	0	0.29
9500	0.29	0.26	0.26	0	0	0.29
9600	0.29	0.26	0.26	0	0	0.29
9700	0.29	0.26	0.26	0	0	0.29
9800	0.29	0.26	0.26	0	0	0.29
9900	0.29	0.27	0.27	0	0	0.29
10000	0.29	0.28	0.28	0	0	0.29
10100	0.29	0.29	0.29	0	0	0.29
10200	0.32	0.28	0.28	0	0	0.32
10300	0.3	0.29	0.29	0	0	0.3
10400	0.3	0.3	0.3	0	0	0.3
10500	0.31	0.29	0.29	0	0	0.31
10600	0.3	0.29	0.29	0	0	0.3
10700	0.3	0.29	0.29	0	0	0.3
10800	0.3	0.31	0.31	0	0	0.3
10900	0.3	0.31	0.31	0	0	0.3
11000	0.3	0.32	0.32	0	0	0.3
11100	0.3	0.32	0.32	0	0	0.3
11200	0.3	0.31	0.31	0	0	0.3
11300	0.31	0.3	0.3	0	0	0.31
11400	0.31	0.28	0.28	0	0	0.31
11500	0.3	0.29	0.29	0	0	0.3
11600	0.3	0.28	0.28	0	0	0.3
11700	0.3	0.29	0.29	0	0	0.3
11800	0.3	0.28	0.28	0	0	0.3
11900	0.3	0.28	0.28	0	0	0.3
12000	0.32	0.29	0.29	0	0	0.32
12100	0.33	0.28	0.28	0	0	0.33
12200	0.31	0.29	0.29	0	0	0.31
12300	0.3	0.27	0.27	0	0	0.3
12400	0.31	0.27	0.27	0	0	0.31
12500	0.31	0.27	0.27	0	0	0.31
12600	0.31	0.28	0.28	0	0	0.31
12700	0.3	0.28	0.28	0	0	0.3
12800	0.3	0.29	0.29	0	0	0.3
12900	0.31	0.3	0.3	0	0	0.31
13000	0.29	0.29	0.29	0	0	0.29
13100	0.29	0.29	0.29	0	0	0.29
13200	0.29	0.3	0.3	0	0	0.29
13300	0.29	0.29	0.29	0	0	0.29
13400	0.29	0.29	0.29	0	0	0.29
13500	0.29	0.3	0.3	0	0	0.29
13600	0.29	0.3	0.3	0	0	0.29
13700	0.29	0.3	0.3	0	0	0.29
13800	0.29	0.3	0.3	0	0	0.29
13900	0.3	0.3	0.3	0	0	0.3
14000	0.29	0.3	0.3	0	0	0.29
14100	0.28	0.3	0.3	0	0	0.28
14200	0.28	0.3	0.3	0	0	0.28
14300	0.29	0.3	0.3	0	0	0.29
14400	0.31	0.3	0.3	0	0	0.31
14500	0.3	0.3	0.3	0	0	0.3
14600	0.29	0.3	0.3	0	0	0.29
14700	0.29	0.3	0.3	0	0	0.29
14800	0.29	0.3	0.3	0	0	0.29
14900	0.3	0.3	0.3	0	0	0.3
15000	0.3	0.3	0.3	0	0	0.3
15100	0.29	0.3	0.3	0	0	0.29
15200	0.29	0.31	0.31	0	0	0.29
15300	0.29	0.32	0.32	0	0	0.29
15400	0.29	0.31	0.31	0	0	0.29
15500	0.29	0.32	0.32	0	0	0.29
15600	0.29	0.32	0.32	0	0	0.29
15700	0.3	0.32	0.32	0	0	0.3
15800	0.31	0.32	0.32	0	0	0.31
15900	0.31	0.32	0.32	0	0	0.31
16000	0.31	0.32	0.32	0	0	0.31
16100	0.32	0.32	0.32	0	0	0.32
16200	0.32	0.32	0.32	0	0	0.32
16300	0.32	0.32	0.32	0	0	0.32
16400	0.33	0.33	0.33	0	0	0.33
16500	0.34	0.32	0.32	0	0	0.34
16600	0.34	0.32	0.32	0	0	0.34
16700	0.33	0.32	0.32	0	0	0.33
16800	0.32	0.32	0.32	0	0	0.32
16900	0.33	0.32	0.32	0	0	0.33
17000	0.33	0.32	0.32	0	0	0.33
17100	0.33	0.32	0.32	0	0	0.33
17200	0.33	0.32	0.32	0	0	0.33
17300	0.33	0.32	0.32	0	0	0.33
17400	0.34	0.32	0.32	0	0	0.34
17500	0.34	0.33	0.33	0	0	0.34
17600	0.34	0.33	0.33	0	0	0.34
17700	0.34	0.33	0.33	0	0	0.34
17800	0.34	0.34	0.34	0	0	0.34
17900	0.34	0.34	0.34	0	0	0.34
18000	0.34	0.33	0.33	0	0	0.34
18100	0.34	0.33	0.33	0	0	0.34
18200	0.34	0.31	0.31	0	0	0.34
18300	0.33	0.3	0.3	0	0	0.33
18400	0.33	0.29	0.29	0	0	0.33
18500	0.34	0.3	0.3	0	0	0.34
18600	0.33	0.3	0.3	0	0	0.33
18700	0.33	0.3	0.3	0	0	0.33
18800	0.33	0.31	0.31	0	0	0.33
18900	0.34	0.3	0.3	0	0	0.34
19000	0.34	0.3	0.3	0	0	0.34
19100	0.35	0.3	0.3	0	0	0.35
19200	0.34	0.31	0.31	0	0	0.34
19300	0.34	0.31	0.31	0	0	0.34
19400	0.34	0.31	0.31	0	0	0.34
19500	0.35	0.32	0.32	0	0	0.35
19600	0.34	0.33	0.33	0	0	0.34
19700	0.35	0.32	0.32	0	0	0.35
19800	0.33	0.31	0.31	0	0	0.33
19900	0.32	0.31	0.31	0	0	0.32
20000	0.32	0.31	0.31	0	0	0.32
20100	0.32	0.3	0.3	0	0	0.32
20200	0.32	0.32	0.32	0	0	0.32
20300	0.32	0.32	0.32	0	0	0.32
20400	0.33	0.33	0.33	0	0	0.33
20500	0.33	0.33	0.33	0	0	0.33
20600	0.33	0.33	0.33	0	0	0.33
20700	0.33	0.34	0.34	0	0	0.33
20800	0.32	0.33	0.33	0	0	0.32
20900	0.32	0.33	0.33	0	0	0.32
21000	0.33	0.33	0.33	0	0	0.33
21100	0.33	0.33	0.33	0	0	0.33
21200	0.33	0.33	0.33	0	0	0.33
21300	0.33	0.33	0.33	0	0	0.33
21400	0.34	0.33	0.33	0	0	0.34
21500	0.33	0.33	0.33	0	0	0.33
21600	0.33	0.34	0.34	0	0	0.33
21700	0.33	0.33	0.33	0	0	0.33
21800	0.33	0.33	0.33	0	0	0.33
21900	0.33	0.35	0.35	0	0	0.33
22000	0.33	0.36	0.36	0	0	0.33
22100	0.33	0.36	0.36	0	0	0.33
22200	0.33	0.36	0.36	0	0	0.33
22300	0.34	0.36	0.36	0	0	0.34
22400	0.34	0.37	0.37	0	0	0.34
22500	0.34	0.37	0.37	0	0	0.34
22600	0.34	0.36	0.36	0	0	0.34
22700	0.34	0.36	0.36	0	0	0.34
22800	0.34	0.36	0.36	0	0	0.34
22900	0.35	0.36	0.36	0	0	0.35
23000	0.35	0.35	0.35	0	0	0.35
23100	0.35	0.34	0.34	0	0	0.35
23200	0.34	0.34	0.34	0	0	0.34
23300	0.35	0.34	0.34	0	0	0.35
23400	0.35	0.34	0.34	0	0	0.35
23500	0.35	0.34	0.34	0	0	0.35
23600	0.35	0.34	0.34	0	0	0.35
23700	0.35	0.34	0.34	0	0	0.35
23800	0.35	0.35	0.35	0	0	0.35
23900	0.35	0.35	0.35	0	0	0.35
24000	0.35	0.36	0.36	0	0	0.35
24100	0.35	0.36	0.36	0	0	0.35
24200	0.35	0.37	0.37	0	0	0.35
24300	0.35	0.36	0.36	0	0	0.35
24400	0.35	0.37	0.37	0	0	0.35
24500	0.35	0.35	0.35	0	0	0.35
24600	0.35	0.35	0.35	0	0	0.35
24700	0.36	0.34	0.34	0	0	0.36
24800	0.36	0.34	0.34	0	0	0.36
24900	0.36	0.36	0.36	0	0	0.36
25000	0.36	0.36	0.36	0	0	0.36
25100	0.35	0.37	0.37	0	0	0.35
25200	0.35	0.36	0.36	0	0	0.35
25300	0.36	0.36	0.36	0	0	0.36
25400	0.36	0.36	0.36	0	0	0.36
25500	0.36	0.36	0.36	0	0	0.36
25600	0.36	0.34	0.34	0	0	0.36
25700	0.37	0.34	0.34	0	0	0.37
25800	0.37	0.34	0.34	0	0	0.37
25900	0.38	0.34	0.34	0	0	0.38
26000	0.37	0.34	0.34	0	0	0.37
26100	0.37	0.34	0.34	0	0	0.37
26200	0.37	0.34	0.34	0	0	0.37
26300	0.38	0.34	0.34	0	0	0.38
26400	0.38	0.34	0.34	0	0	0.38
26500	0.38	0.34	0.34	0	0	0.38
26600	0.37	0.34	0.34	0	0	0.37
26700	0.37	0.34	0.34	0	0	0.37
26800	0.37	0.34	0.34	0	0	0.37
26900	0.37	0.34	0.34	0	0	0.37
27000	0.36	0.34	0.34	0	0	0.36
27100	0.35	0.35	0.35	0	0	0.35
27200	0.35	0.35	0.35	0	0	0.35
27300	0.35	0.35	0.35	0	0	0.35
27400	0.36	0.35	0.35	0	0	0.36
27500	0.35	0.35	0.35	0	0	0.35
27600	0.35	0.35	0.35	0	0	0.35
27700	0.35	0.35	0.35	0	0	0.35
27800	0.35	0.35	0.35	0	0	0.35
27900	0.35	0.35	0.35	0	0	0.35
28000	0.35	0.35	0.35	0	0	0.35
28100	0.36	0.36	0.36	0	0	0.36
28200	0.35	0.36	0.36	0	0	0.35
28300	0.35	0.36	0.36	0	0	0.35
28400	0.35	0.35	0.35	0	0	0.35
28500	0.35	0.35	0.35	0	0	0.35
28600	0.35	0.35	0.35	0	0	0.35
28700	0.35	0.34	0.34	0	0	0.35
28800	0.35	0.35	0.35	0	0	0.35
28900	0.36	0.35	0.35	0	0	0.36
29000	0.35	0.35	0.35	0	0	0.35
29100	0.34	0.35	0.35	0	0	0.34
29200	0.35	0.35	0.35	0	0	0.35
29300	0.34	0.35	0.35	0	0	0.34
29400	0.34	0.36	0.36	0	0	0.34
29500	0.33	0.36	0.36	0	0	0.33
29600	0.34	0.35	0.35	0	0	0.34
29700	0.3	0.35	0.35	0	0	0.3
29800	0.29	0.35	0.35	0	0	0.29
29900	0.29	0.36	0.36	0	0	0.29
30000	0.29	0.35	0.35	0	0	0.29
30100	0.28	0.36	0.36	0	0	0.28
30200	0.28	0.36	0.36	0	0	0.28
30300	0.27	0.36	0.36	0	0	0.27
30400	0.26	0.37	0.37	0	0	0.26
30500	0.26	0.36	0.36	0	0	0.26
30600	0.27	0.36	0.36	0	0	0.27
30700	0.27	0.37	0.37	0	0	0.27
30800	0.26	0.38	0.38	0	0	0.26
30900	0.26	0.39	0.39	0	0	0.26
31000	0.26	0.39	0.39	0	0	0.26
31100	0.26	0.39	0.39	0	0	0.26
31200	0.27	0.39	0.39	0	0	0.27
31300	0.27	0.39	0.39	0	0	0.27
31400	0.26	0.39	0.39	0	0	0.26
31500	0.27	0.39	0.39	0	0	0.27
31600	0.27	0.39	0.39	0	0	0.27
31700	0.28	0.39	0.39	0	0	0.28
31800	0.28	0.39	0.39	0	0	0.28
31900	0.28	0.39	0.39	0	0	0.28
32000	0.29	0.39	0.39	0	0	0.29
32100	0.28	0.39	0.39	0	0	0.28
32200	0.27	0.39	0.39	0	0	0.27
32300	0.26	0.39	0.39	0	0	0.26
32400	0.26	0.39	0.39	0	0	0.26
32500	0.26	0.4	0.4	0	0	0.26
32600	0.26	0.39	0.39	0	0	0.26
32700	0.26	0.39	0.39	0	0	0.26
32800	0.26	0.39	0.39	0	0	0.26
32900	0.26	0.39	0.39	0	0	0.26
33000	0.27	0.39	0.39	0	0	0.27
33100	0.27	0.37	0.37	0	0	0.27
33200	0.27	0.37	0.37	0	0	0.27
33300	0.27	0.37	0.37	0	0	0.27
33400	0.27	0.37	0.37	0	0	0.27
33500	0.27	0.37	0.37	0	0	0.27
33600	0.27	0.37	0.37	0	0	0.27
33700	0.27	0.37	0.37	0	0	0.27
33800	0.27	0.38	0.38	0	0	0.27
33900	0.28	0.38	0.38	0	0	0.28
34000	0.27	0.38	0.38	0	0	0.27
34100	0.27	0.38	0.38	0	0	0.27
34200	0.28	0.39	0.39	0	0	0.28
34300	0.28	0.4	0.4	0	0	0.28
34400	0.28	0.4	0.4	0	0	0.28
34500	0.28	0.4	0.4	0	0	0.28
34600	0.27	0.4	0.4	0	0	0.27
34700	0.28	0.4	0.4	0	0	0.28
34800	0.28	0.4	0.4	0	0	0.28
34900	0.28	0.4	0.4	0	0	0.28
35000	0.29	0.4	0.4	0	0	0.29
35100	0.29	0.4	0.4	0	0	0.29
35200	0.27	0.4	0.4	0	0	0.27
35300	0.27	0.4	0.4	0	0	0.27
35400	0.27	0.4	0.4	0	0	0.27
35500	0.27	0.39	0.39	0	0	0.27
35600	0.27	0.37	0.37	0	0	0.27
35700	0.27	0.36	0.36	0	0	0.27
35800	0.27	0.36	0.36	0	0	0.27
35900	0.27	0.36	0.36	0	0	0.27
36000	0.27	0.36	0.36	0	0	0.27
36100	0.27	0.36	0.36	0	0	0.27
36200	0.27	0.36	0.36	0	0	0.27
36300	0.28	0.37	0.37	0	0	0.28
36400	0.29	0.37	0.37	0	0	0.29
36500	0.29	0.37	0.37	0	0	0.29
36600	0.29	0.37	0.37	0	0	0.29
36700	0.29	0.37	0.37	0	0	0.29
36800	0.28	0.37	0.37	0	0	0.28
36900	0.28	0.37	0.37	0	0	0.28
37000	0.27	0.37	0.37	0	0	0.27
37100	0.28	0.36	0.36	0	0	0.28
37200	0.27	0.36	0.36	0	0	0.27
37300	0.27	0.36	0.36	0	0	0.27
37400	0.27	0.36	0.36	0	0	0.27
37500	0.27	0.36	0.36	0	0	0.27
37600	0.28	0.36	0.36	0	0	0.28
37700	0.28	0.36	0.36	0	0	0.28
37800	0.29	0.36	0.36	0	0	0.29
37900	0.29	0.35	0.35	0	0	0.29
38000	0.29	0.35	0.35	0	0	0.29
38100	0.29	0.35	0.35	0	0	0.29
38200	0.29	0.33	0.33	0	0	0.29
38300	0.29	0.33	0.33	0	0	0.29
38400	0.3	0.33	0.33	0	0	0.3
38500	0.29	0.34	0.34	0	0	0.29
38600	0.29	0.34	0.34	0	0	0.29
38700	0.3	0.32	0.32	0	0	0.3
38800	0.3	0.31	0.31	0	0	0.3
38900	0.28	0.31	0.31	0	0	0.28
39000	0.28	0.31	0.31	0	0	0.28
39100	0.28	0.32	0.32	0	0	0.28
39200	0.28	0.33	0.33	0	0	0.28
39300	0.28	0.34	0.34	0	0	0.28
39400	0.27	0.35	0.35	0	0	0.27
39500	0.27	0.36	0.36	0	0	0.27
39600	0.27	0.35	0.35	0	0	0.27
39700	0.27	0.33	0.33	0	0	0.27
39800	0.28	0.34	0.34	0	0	0.28
39900	0.28	0.34	0.34	0	0	0.28
40000	0.28	0.33	0.33	0	0	0.28
40100	0.28	0.32	0.32	0	0	0.28
40200	0.28	0.34	0.34	0	0	0.28
40300	0.28	0.33	0.33	0	0	0.28
40400	0.28	0.33	0.33	0	0	0.28
40500	0.28	0.33	0.33	0	0	0.28
40600	0.28	0.33	0.33	0	0	0.28
40700	0.28	0.33	0.33	0	0	0.28
40800	0.28	0.35	0.35	0	0	0.28
40900	0.28	0.33	0.33	0	0	0.28
41000	0.29	0.34	0.34	0	0	0.29
41100	0.29	0.35	0.35	0	0	0.29
41200	0.29	0.33	0.33	0	0	0.29
41300	0.3	0.33	0.33	0	0	0.3
41400	0.3	0.33	0.33	0	0	0.3
41500	0.3	0.33	0.33	0	0	0.3
41600	0.3	0.33	0.33	0	0	0.3
41700	0.3	0.32	0.32	0	0	0.3
41800	0.31	0.32	0.32	0	0	0.31
41900	0.33	0.32	0.32	0	0	0.33
42000	0.32	0.35	0.35	0	0	0.32
42100	0.32	0.35	0.35	0	0	0.32
42200	0.32	0.35	0.35	0	0	0.32
42300	0.32	0.35	0.35	0	0	0.32
42400	0.32	0.35	0.35	0	0	0.32
42500	0.32	0.35	0.35	0	0	0.32
42600	0.32	0.35	0.35	0	0	0.32
42700	0.32	0.35	0.35	0	0	0.32
42800	0.32	0.35	0.35	0	0	0.32
42900	0.31	0.36	0.36	0	0	0.31
43000	0.31	0.35	0.35	0	0	0.31
43100	0.31	0.35	0.35	0	0	0.31
43200	0.31	0.35	0.35	0	0	0.31
43300	0.31	0.35	0.35	0	0	0.31
43400	0.31	0.35	0.35	0	0	0.31
43500	0.32	0.34	0.34	0	0	0.32
43600	0.33	0.35	0.35	0	0	0.33
43700	0.32	0.34	0.34	0	0	0.32
43800	0.32	0.34	0.34	0	0	0.32
43900	0.32	0.33	0.33	0	0	0.32
44000	0.33	0.33	0.33	0	0	0.33
44100	0.33	0.33	0.33	0	0	0.33
44200	0.33	0.33	0.33	0	0	0.33
44300	0.34	0.34	0.34	0	0	0.34
44400	0.33	0.34	0.34	0	0	0.33
44500	0.33	0.34	0.34	0	0	0.33
44600	0.33	0.34	0.34	0	0	0.33
44700	0.33	0.34	0.34	0	0	0.33
44800	0.33	0.34	0.34	0	0	0.33
44900	0.33	0.34	0.34	0	0	0.33
45000	0.33	0.34	0.34	0	0	0.33
45100	0.33	0.34	0.34	0	0	0.33
45200	0.34	0.35	0.35	0	0	0.34
45300	0.34	0.35	0.35	0	0	0.34
45400	0.33	0.35	0.35	0	0	0.33
45500	0.33	0.34	0.34	0	0	0.33
45600	0.33	0.35	0.35	0	0	0.33
45700	0.33	0.36	0.36	0	0	0.33
45800	0.34	0.35	0.35	0	0	0.34
45900	0.34	0.35	0.35	0	0	0.34
46000	0.34	0.36	0.36	0	0	0.34
46100	0.34	0.36	0.36	0	0	0.34
46200	0.34	0.36	0.36	0	0	0.34
46300	0.34	0.36	0.36	0	0	0.34
46400	0.34	0.35	0.35	0	0	0.34
46500	0.34	0.37	0.37	0	0	0.34
46600	0.34	0.38	0.38	0	0	0.34
46700	0.35	0.37	0.37	0	0	0.35
46800	0.35	0.36	0.36	0	0	0.35
46900	0.35	0.36	0.36	0	0	0.35
47000	0.34	0.36	0.36	0	0	0.34
47100	0.34	0.37	0.37	0	0	0.34
47200	0.36	0.37	0.37	0	0	0.36
47300	0.36	0.37	0.37	0	0	0.36
47400	0.36	0.37	0.37	0	0	0.36
47500	0.36	0.37	0.37	0	0	0.36
47600	0.36	0.38	0.38	0	0	0.36
47700	0.38	0.37	0.37	0	0	0.38
47800	0.38	0.37	0.37	0	0	0.38
47900	0.38	0.37	0.37	0	0	0.38
48000	0.38	0.37	0.37	0	0	0.38
48100	0.38	0.37	0.37	0	0	0.38
48200	0.38	0.37	0.37	0	0	0.38
48300	0.39	0.37	0.37	0	0	0.39
48400	0.39	0.37	0.37	0	0	0.39
48500	0.38	0.37	0.37	0	0	0.38
48600	0.37	0.36	0.36	0	0	0.37
48700	0.37	0.36	0.36	0	0	0.37
48800	0.35	0.36	0.36	0	0	0.35
48900	0.35	0.36	0.36	0	0	0.35
49000	0.34	0.36	0.36	0	0	0.34
49100	0.34	0.36	0.36	0	0	0.34
49200	0.36	0.36	0.36	0	0	0.36
49300	0.36	0.36	0.36	0	0	0.36
49400	0.35	0.36	0.36	0	0	0.35
49500	0.34	0.36	0.36	0	0	0.34
49600	0.34	0.36	0.36	0	0	0.34
49700	0.34	0.36	0.36	0	0	0.34
49800	0.34	0.36	0.36	0	0	0.34
49900	0.34	0.36	0.36	0	0	0.34
50000	0.34	0.36	0.36	0	0	0.34
50100	0.34	0.36	0.36	0	0	0.34
50200	0.34	0.36	0.36	0	0	0.34
50300	0.35	0.36	0.36	0	0	0.35
50400	0.34	0.36	0.36	0	0	0.34
50500	0.34	0.38	0.38	0	0	0.34
50600	0.34	0.38	0.38	0	0	0.34
50700	0.35	0.37	0.37	0	0	0.35
50800	0.35	0.37	0.37	0	0	0.35
50900	0.36	0.37	0.37	0	0	0.36
51000	0.34	0.38	0.38	0	0	0.34
51100	0.34	0.38	0.38	0	0	0.34
51200	0.34	0.4	0.4	0	0	0.34
51300	0.34	0.39	0.39	0	0	0.34
51400	0.33	0.39	0.39	0	0	0.33
51500	0.33	0.4	0.4	0	0	0.33
51600	0.33	0.41	0.41	0	0	0.33
51700	0.33	0.4	0.4	0	0	0.33
51800	0.33	0.4	0.4	0	0	0.33
51900	0.33	0.4	0.4	0	0	0.33
52000	0.33	0.39	0.39	0	0	0.33
52100	0.33	0.39	0.39	0	0	0.33
52200	0.34	0.39	0.39	0	0	0.34
52300	0.34	0.39	0.39	0	0	0.34
52400	0.33	0.4	0.4	0	0	0.33
52500	0.32	0.4	0.4	0	0	0.32
52600	0.34	0.4	0.4	0	0	0.34
52700	0.33	0.4	0.4	0	0	0.33
52800	0.33	0.4	0.4	0	0	0.33
52900	0.33	0.39	0.39	0	0	0.33
53000	0.33	0.39	0.39	0	0	0.33
53100	0.33	0.39	0.39	0	0	0.33
53200	0.33	0.39	0.39	0	0	0.33
53300	0.33	0.39	0.39	0	0	0.33
53400	0.33	0.4	0.4	0	0	0.33
53500	0.33	0.4	0.4	0	0	0.33
53600	0.33	0.4	0.4	0	0	0.33
53700	0.33	0.4	0.4	0	0	0.33
53800	0.33	0.4	0.4	0	0	0.33
53900	0.33	0.4	0.4	0	0	0.33
54000	0.33	0.4	0.4	0	0	0.33
54100	0.33	0.4	0.4	0	0	0.33
54200	0.33	0.41	0.41	0	0	0.33
54300	0.33	0.41	0.41	0	0	0.33
54400	0.33	0.4	0.4	0	0	0.33
54500	0.33	0.4	0.4	0	0	0.33
54600	0.33	0.4	0.4	0	0	0.33
54700	0.33	0.41	0.41	0	0	0.33
54800	0.33	0.4	0.4	0	0	0.33
54900	0.33	0.4	0.4	0	0	0.33
55000	0.33	0.4	0.4	0	0	0.33
55100	0.33	0.39	0.39	0	0	0.33
55200	0.33	0.39	0.39	0	0	0.33
55300	0.33	0.39	0.39	0	0	0.33
55400	0.33	0.39	0.39	0	0	0.33
55500	0.33	0.39	0.39	0	0	0.33
55600	0.33	0.4	0.4	0	0	0.33
55700	0.34	0.4	0.4	0	0	0.34
55800	0.33	0.4	0.4	0	0	0.33
55900	0.34	0.4	0.4	0	0	0.34
56000	0.34	0.4	0.4	0	0	0.34
56100	0.34	0.4	0.4	0	0	0.34
56200	0.34	0.4	0.4	0	0	0.34
56300	0.35	0.41	0.41	0	0	0.35
56400	0.34	0.41	0.41	0	0	0.34
56500	0.35	0.41	0.41	0	0	0.35
56600	0.33	0.41	0.41	0	0	0.33
56700	0.34	0.41	0.41	0	0	0.34
56800	0.34	0.41	0.41	0	0	0.34
56900	0.33	0.41	0.41	0	0	0.33
57000	0.34	0.41	0.41	0	0	0.34
57100	0.34	0.42	0.42	0	0	0.34
57200	0.34	0.41	0.41	0	0	0.34
57300	0.34	0.41	0.41	0	0	0.34
57400	0.34	0.41	0.41	0	0	0.34
57500	0.34	0.41	0.41	0	0	0.34
57600	0.34	0.41	0.41	0	0	0.34
57700	0.34	0.41	0.41	0	0	0.34
57800	0.34	0.41	0.41	0	0	0.34
57900	0.32	0.41	0.41	0	0	0.32
58000	0.34	0.41	0.41	0	0	0.34
58100	0.33	0.4	0.4	0	0	0.33
58200	0.32	0.4	0.4	0	0	0.32
58300	0.33	0.4	0.4	0	0	0.33
58400	0.33	0.4	0.4	0	0	0.33
58500	0.33	0.4	0.4	0	0	0.33
58600	0.33	0.4	0.4	0	0	0.33
58700	0.34	0.4	0.4	0	0	0.34
58800	0.34	0.4	0.4	0	0	0.34
58900	0.34	0.4	0.4	0	0	0.34
59000	0.34	0.39	0.39	0	0	0.34
59100	0.34	0.39	0.39	0	0	0.34
59200	0.34	0.39	0.39	0	0	0.34
59300	0.34	0.39	0.39	0	0	0.34
59400	0.35	0.39	0.39	0	0	0.35
59500	0.35	0.39	0.39	0	0	0.35
59600	0.36	0.39	0.39	0	0	0.36
59700	0.36	0.39	0.39	0	0	0.36
59800	0.37	0.4	0.4	0	0	0.37
59900	0.36	0.41	0.41	0	0	0.36
60000	0.36	0.41	0.41	0	0	0.36
60100	0.36	0.42	0.42	0	0	0.36
60200	0.36	0.42	0.42	0	0	0.36
60300	0.36	0.42	0.42	0	0	0.36
60400	0.36	0.42	0.42	0	0	0.36
60500	0.36	0.42	0.42	0	0	0.36
60600	0.36	0.43	0.43	0	0	0.36
60700	0.36	0.42	0.42	0	0	0.36
60800	0.36	0.42	0.42	0	0	0.36
60900	0.36	0.43	0.43	0	0	0.36
61000	0.36	0.43	0.43	0	0	0.36
61100	0.36	0.43	0.43	0	0	0.36
61200	0.36	0.43	0.43	0	0	0.36
61300	0.36	0.43	0.43	0	0	0.36
61400	0.36	0.43	0.43	0	0	0.36
61500	0.36	0.43	0.43	0	0	0.36
61600	0.36	0.42	0.42	0	0	0.36
61700	0.36	0.42	0.42	0	0	0.36
61800	0.36	0.42	0.42	0	0	0.36
61900	0.36	0.42	0.42	0	0	0.36
62000	0.36	0.42	0.42	0	0	0.36
62100	0.36	0.42	0.42	0	0	0.36
62200	0.36	0.42	0.42	0	0	0.36
62300	0.38	0.42	0.42	0	0	0.38
62400	0.38	0.42	0.42	0	0	0.38
62500	0.38	0.42	0.42	0	0	0.38
62600	0.37	0.42	0.42	0	0	0.37
62700	0.37	0.42	0.42	0	0	0.37
62800	0.37	0.42	0.42	0	0	0.37
62900	0.37	0.42	0.42	0	0	0.37
63000	0.37	0.42	0.42	0	0	0.37
63100	0.37	0.42	0.42	0	0	0.37
63200	0.37	0.41	0.41	0	0	0.37
63300	0.37	0.41	0.41	0	0	0.37
63400	0.37	0.4	0.4	0	0	0.37
63500	0.38	0.4	0.4	0	0	0.38
63600	0.37	0.4	0.4	0	0	0.37
63700	0.37	0.4	0.4	0	0	0.37
63800	0.37	0.4	0.4	0	0	0.37
63900	0.37	0.4	0.4	0	0	0.37
64000	0.37	0.4	0.4	0	0	0.37
64100	0.37	0.4	0.4	0	0	0.37
64200	0.37	0.4	0.4	0	0	0.37
64300	0.37	0.4	0.4	0	0	0.37
64400	0.37	0.4	0.4	0	0	0.37
64500	0.37	0.4	0.4	0	0	0.37
64600	0.37	0.4	0.4	0	0	0.37
64700	0.37	0.4	0.4	0	0	0.37
64800	0.37	0.4	0.4	0	0	0.37
64900	0.37	0.4	0.4	0	0	0.37
65000	0.38	0.4	0.4	0	0	0.38
65100	0.37	0.4	0.4	0	0	0.37
65200	0.37	0.4	0.4	0	0	0.37
65300	0.37	0.4	0.4	0	0	0.37
65400	0.38	0.4	0.4	0	0	0.38
65500	0.38	0.4	0.4	0	0	0.38
65600	0.37	0.4	0.4	0	0	0.37
65700	0.34	0.4	0.4	0	0	0.34
65800	0.34	0.4	0.4	0	0	0.34
65900	0.34	0.4	0.4	0	0	0.34
66000	0.34	0.4	0.4	0	0	0.34
66100	0.34	0.4	0.4	0	0	0.34
66200	0.34	0.4	0.4	0	0	0.34
66300	0.34	0.4	0.4	0	0	0.34
66400	0.35	0.4	0.4	0	0	0.35
66500	0.34	0.4	0.4	0	0	0.34
66600	0.34	0.4	0.4	0	0	0.34
66700	0.34	0.4	0.4	0	0	0.34
66800	0.35	0.4	0.4	0	0	0.35
66900	0.35	0.4	0.4	0	0	0.35
67000	0.36	0.4	0.4	0	0	0.36
67100	0.36	0.4	0.4	0	0	0.36
67200	0.35	0.4	0.4	0	0	0.35
67300	0.34	0.4	0.4	0	0	0.34
67400	0.33	0.4	0.4	0	0	0.33
67500	0.35	0.4	0.4	0	0	0.35
67600	0.34	0.4	0.4	0	0	0.34
67700	0.33	0.41	0.41	0	0	0.33
67800	0.33	0.4	0.4	0	0	0.33
67900	0.33	0.4	0.4	0	0	0.33
68000	0.33	0.4	0.4	0	0	0.33
68100	0.33	0.4	0.4	0	0	0.33
68200	0.33	0.41	0.41	0	0	0.33
68300	0.32	0.41	0.41	0	0	0.32
68400	0.33	0.41	0.41	0	0	0.33
68500	0.32	0.4	0.4	0	0	0.32
68600	0.32	0.4	0.4	0	0	0.32
68700	0.33	0.41	0.41	0	0	0.33
68800	0.33	0.41	0.41	0	0	0.33
68900	0.33	0.41	0.41	0	0	0.33
69000	0.33	0.41	0.41	0	0	0.33
69100	0.33	0.41	0.41	0	0	0.33
69200	0.34	0.41	0.41	0	0	0.34
69300	0.34	0.4	0.4	0	0	0.34
69400	0.34	0.4	0.4	0	0	0.34
69500	0.35	0.4	0.4	0	0	0.35
69600	0.35	0.4	0.4	0	0	0.35
69700	0.36	0.4	0.4	0	0	0.36
69800	0.36	0.4	0.4	0	0	0.36
69900	0.36	0.4	0.4	0	0	0.36
70000	0.36	0.4	0.4	0	0	0.36
70100	0.36	0.4	0.4	0	0	0.36
70200	0.34	0.4	0.4	0	0	0.34
70300	0.36	0.4	0.4	0	0	0.36
70400	0.35	0.4	0.4	0	0	0.35
70500	0.37	0.4	0.4	0	0	0.37
70600	0.37	0.4	0.4	0	0	0.37
70700	0.37	0.4	0.4	0	0	0.37
70800	0.36	0.4	0.4	0	0	0.36
70900	0.36	0.4	0.4	0	0	0.36
71000	0.37	0.4	0.4	0	0	0.37
71100	0.36	0.4	0.4	0	0	0.36
71200	0.36	0.4	0.4	0	0	0.36
71300	0.36	0.41	0.41	0	0	0.36
71400	0.36	0.41	0.41	0	0	0.36
71500	0.36	0.41	0.41	0	0	0.36
71600	0.35	0.41	0.41	0	0	0.35
71700	0.35	0.41	0.41	0	0	0.35
71800	0.35	0.41	0.41	0	0	0.35
71900	0.35	0.41	0.41	0	0	0.35
72000	0.37	0.42	0.42	0	0	0.37
72100	0.37	0.41	0.41	0	0	0.37
72200	0.37	0.41	0.41	0	0	0.37
72300	0.37	0.41	0.41	0	0	0.37
72400	0.37	0.41	0.41	0	0	0.37
72500	0.37	0.41	0.41	0	0	0.37
72600	0.37	0.41	0.41	0	0	0.37
72700	0.37	0.41	0.41	0	0	0.37
72800	0.37	0.41	0.41	0	0	0.37
72900	0.37	0.4	0.4	0	0	0.37
73000	0.37	0.4	0.4	0	0	0.37
73100	0.37	0.4	0.4	0	0	0.37
73200	0.37	0.4	0.4	0	0	0.37
73300	0.37	0.4	0.4	0	0	0.37
73400	0.37	0.4	0.4	0	0	0.37
73500	0.37	0.4	0.4	0	0	0.37
73600	0.37	0.4	0.4	0	0	0.37
73700	0.37	0.4	0.4	0	0	0.37
73800	0.37	0.4	0.4	0	0	0.37
73900	0.37	0.4	0.4	0	0	0.37
74000	0.37	0.4	0.4	0	0	0.37
74100	0.37	0.4	0.4	0	0	0.37
74200	0.37	0.4	0.4	0	0	0.37
74300	0.37	0.4	0.4	0	0	0.37
74400	0.37	0.4	0.4	0	0	0.37
74500	0.37	0.4	0.4	0	0	0.37
74600	0.37	0.4	0.4	0	0	0.37
74700	0.36	0.4	0.4	0	0	0.36
74800	0.36	0.4	0.4	0	0	0.36
74900	0.36	0.4	0.4	0	0	0.36
75000	0.36	0.41	0.41	0	0	0.36
75100	0.36	0.41	0.41	0	0	0.36
75200	0.36	0.41	0.41	0	0	0.36
75300	0.36	0.4	0.4	0	0	0.36
75400	0.36	0.4	0.4	0	0	0.36
75500	0.36	0.4	0.4	0	0	0.36
75600	0.36	0.4	0.4	0	0	0.36
75700	0.36	0.4	0.4	0	0	0.36
75800	0.36	0.4	0.4	0	0	0.36
75900	0.36	0.41	0.41	0	0	0.36
76000	0.36	0.41	0.41	0	0	0.36
76100	0.36	0.41	0.41	0	0	0.36
76200	0.36	0.41	0.41	0	0	0.36
76300	0.36	0.41	0.41	0	0	0.36
76400	0.36	0.41	0.41	0	0	0.36
76500	0.35	0.4	0.4	0	0	0.35
76600	0.35	0.4	0.4	0	0	0.35
76700	0.35	0.4	0.4	0	0	0.35
76800	0.35	0.41	0.41	0	0	0.35
76900	0.35	0.41	0.41	0	0	0.35
77000	0.35	0.41	0.41	0	0	0.35
77100	0.35	0.41	0.41	0	0	0.35
77200	0.35	0.41	0.41	0	0	0.35
77300	0.35	0.41	0.41	0	0	0.35
77400	0.35	0.41	0.41	0	0	0.35
77500	0.35	0.41	0.41	0	0	0.35
77600	0.35	0.41	0.41	0	0	0.35
77700	0.35	0.41	0.41	0	0	0.35
77800	0.35	0.41	0.41	0	0	0.35
77900	0.35	0.41	0.41	0	0	0.35
78000	0.35	0.41	0.41	0	0	0.35
78100	0.35	0.42	0.42	0	0	0.35
78200	0.35	0.42	0.42	0	0	0.35
78300	0.35	0.42	0.42	0	0	0.35
78400	0.35	0.42	0.42	0	0	0.35
78500	0.35	0.42	0.42	0	0	0.35
78600	0.35	0.42	0.42	0	0	0.35
78700	0.35	0.42	0.42	0	0	0.35
78800	0.36	0.42	0.42	0	0	0.36
78900	0.36	0.42	0.42	0	0	0.36
79000	0.36	0.43	0.43	0	0	0.36
79100	0.36	0.43	0.43	0	0	0.36
79200	0.37	0.43	0.43	0	0	0.37
79300	0.37	0.43	0.43	0	0	0.37
79400	0.37	0.43	0.43	0	0	0.37
79500	0.36	0.43	0.43	0	0	0.36
79600	0.36	0.43	0.43	0	0	0.36
79700	0.36	0.43	0.43	0	0	0.36
79800	0.36	0.43	0.43	0	0	0.36
79900	0.37	0.45	0.45	0	0	0.37
80000	0.37	0.45	0.45	0	0	0.37
80100	0.36	0.45	0.45	0	0	0.36
80200	0.36	0.43	0.43	0	0	0.36
80300	0.36	0.41	0.41	0	0	0.36
80400	0.36	0.41	0.41	0	0	0.36
80500	0.37	0.41	0.41	0	0	0.37
80600	0.37	0.41	0.41	0	0	0.37
80700	0.38	0.41	0.41	0	0	0.38
80800	0.38	0.42	0.42	0	0	0.38
80900	0.39	0.42	0.42	0	0	0.39
81000	0.38	0.42	0.42	0	0	0.38
81100	0.38	0.41	0.41	0	0	0.38
81200	0.38	0.41	0.41	0	0	0.38
81300	0.38	0.41	0.41	0	0	0.38
81400	0.38	0.41	0.41	0	0	0.38
81500	0.38	0.41	0.41	0	0	0.38
81600	0.39	0.41	0.41	0	0	0.39
81700	0.38	0.41	0.41	0	0	0.38
81800	0.39	0.41	0.41	0	0	0.39
81900	0.39	0.41	0.41	0	0	0.39
82000	0.39	0.41	0.41	0	0	0.39
82100	0.39	0.41	0.41	0	0	0.39
82200	0.39	0.42	0.42	0	0	0.39
82300	0.39	0.42	0.42	0	0	0.39
82400	0.39	0.41	0.41	0	0	0.39
82500	0.39	0.41	0.41	0	0	0.39
82600	0.39	0.41	0.41	0	0	0.39
82700	0.39	0.41	0.41	0	0	0.39
82800	0.39	0.41	0.41	0	0	0.39
82900	0.39	0.41	0.41	0	0	0.39
83000	0.39	0.41	0.41	0	0	0.39
83100	0.39	0.41	0.41	0	0	0.39
83200	0.39	0.41	0.41	0	0	0.39
83300	0.39	0.41	0.41	0	0	0.39
83400	0.39	0.41	0.41	0	0	0.39
83500	0.39	0.41	0.41	0	0	0.39
83600	0.39	0.41	0.41	0	0	0.39
83700	0.39	0.41	0.41	0	0	0.39
83800	0.39	0.41	0.41	0	0	0.39
83900	0.38	0.41	0.41	0	0	0.38
84000	0.38	0.41	0.41	0	0	0.38
84100	0.38	0.41	0.41	0	0	0.38
84200	0.38	0.41	0.41	0	0	0.38
84300	0.38	0.41	0.41	0	0	0.38
84400	0.38	0.41	0.41	0	0	0.38
84500	0.38	0.41	0.41	0	0	0.38
84600	0.38	0.41	0.41	0	0	0.38
84700	0.38	0.41	0.41	0	0	0.38
84800	0.38	0.41	0.41	0	0	0.38
84900	0.38	0.41	0.41	0	0	0.38
85000	0.38	0.42	0.42	0	0	0.38
85100	0.38	0.42	0.42	0	0	0.38
85200	0.38	0.42	0.42	0	0	0.38
85300	0.39	0.42	0.42	0	0	0.39
85400	0.38	0.42	0.42	0	0	0.38
85500	0.38	0.42	0.42	0	0	0.38
85600	0.38	0.42	0.42	0	0	0.38
85700	0.38	0.42	0.42	0	0	0.38
85800	0.38	0.42	0.42	0	0	0.38
85900	0.38	0.42	0.42	0	0	0.38
86000	0.38	0.42	0.42	0	0	0.38
86100	0.38	0.43	0.43	0	0	0.38
86200	0.38	0.42	0.42	0	0	0.38
86300	0.38	0.42	0.42	0	0	0.38
86400	0.38	0.42	0.42	0	0	0.38
86500	0.39	0.42	0.42	0	0	0.39
86600	0.39	0.42	0.42	0	0	0.39
86700	0.39	0.42	0.42	0	0	0.39
86800	0.39	0.42	0.42	0	0	0.39
86900	0.39	0.42	0.42	0	0	0.39
87000	0.39	0.42	0.42	0	0	0.39
87100	0.39	0.42	0.42	0	0	0.39
87200	0.39	0.42	0.42	0	0	0.39
87300	0.39	0.42	0.42	0	0	0.39
87400	0.4	0.42	0.42	0	0	0.4
87500	0.4	0.42	0.42	0	0	0.4
87600	0.39	0.42	0.42	0	0	0.39
87700	0.39	0.42	0.42	0	0	0.39
87800	0.39	0.42	0.42	0	0	0.39
87900	0.4	0.42	0.42	0	0	0.4
88000	0.4	0.42	0.42	0	0	0.4
88100	0.39	0.42	0.42	0	0	0.39
88200	0.39	0.42	0.42	0	0	0.39
88300	0.39	0.42	0.42	0	0	0.39
88400	0.39	0.42	0.42	0	0	0.39
88500	0.39	0.42	0.42	0	0	0.39
88600	0.39	0.42	0.42	0	0	0.39
88700	0.39	0.42	0.42	0	0	0.39
88800	0.39	0.42	0.42	0	0	0.39
88900	0.39	0.42	0.42	0	0	0.39
89000	0.4	0.42	0.42	0	0	0.4
89100	0.4	0.42	0.42	0	0	0.4
89200	0.4	0.42	0.42	0	0	0.4
89300	0.4	0.42	0.42	0	0	0.4
89400	0.4	0.42	0.42	0	0	0.4
89500	0.4	0.42	0.42	0	0	0.4
89600	0.4	0.42	0.42	0	0	0.4
89700	0.4	0.43	0.43	0	0	0.4
89800	0.4	0.44	0.44	0	0	0.4
89900	0.4	0.43	0.43	0	0	0.4
90000	0.4	0.43	0.43	0	0	0.4
90100	0.4	0.43	0.43	0	0	0.4
90200	0.4	0.43	0.43	0	0	0.4
90300	0.4	0.43	0.43	0	0	0.4
90400	0.4	0.43	0.43	0	0	0.4
90500	0.4	0.43	0.43	0	0	0.4
90600	0.4	0.43	0.43	0	0	0.4
90700	0.41	0.43	0.43	0	0	0.41
90800	0.4	0.43	0.43	0	0	0.4
90900	0.4	0.43	0.43	0	0	0.4
91000	0.4	0.43	0.43	0	0	0.4
91100	0.4	0.43	0.43	0	0	0.4
91200	0.4	0.43	0.43	0	0	0.4
91300	0.4	0.42	0.42	0	0	0.4
91400	0.4	0.42	0.42	0	0	0.4
91500	0.41	0.42	0.42	0	0	0.41
91600	0.41	0.42	0.42	0	0	0.41
91700	0.41	0.42	0.42	0	0	0.41
91800	0.42	0.42	0.42	0	0	0.42
91900	0.42	0.42	0.42	0	0	0.42
92000	0.42	0.42	0.42	0	0	0.42
92100	0.42	0.42	0.42	0	0	0.42
92200	0.42	0.42	0.42	0	0	0.42
92300	0.42	0.42	0.42	0	0	0.42
92400	0.42	0.42	0.42	0	0	0.42
92500	0.42	0.42	0.42	0	0	0.42
92600	0.42	0.42	0.42	0	0	0.42
92700	0.42	0.42	0.42	0	0	0.42
92800	0.42	0.42	0.42	0	0	0.42
92900	0.42	0.42	0.42	0	0	0.42
93000	0.42	0.42	0.42	0	0	0.42
93100	0.42	0.42	0.42	0	0	0.42
93200	0.42	0.42	0.42	0	0	0.42
93300	0.42	0.42	0.42	0	0	0.42
93400	0.42	0.42	0.42	0	0	0.42
93500	0.42	0.42	0.42	0	0	0.42
93600	0.42	0.42	0.42	0	0	0.42
93700	0.42	0.42	0.42	0	0	0.42
93800	0.42	0.42	0.42	0	0	0.42
93900	0.42	0.42	0.42	0	0	0.42
94000	0.42	0.42	0.42	0	0	0.42
94100	0.42	0.42	0.42	0	0	0.42
94200	0.42	0.42	0.42	0	0	0.42
94300	0.42	0.42	0.42	0	0	0.42
94400	0.42	0.42	0.42	0	0	0.42
94500	0.42	0.42	0.42	0	0	0.42
94600	0.42	0.42	0.42	0	0	0.42
94700	0.42	0.42	0.42	0	0	0.42
94800	0.42	0.42	0.42	0	0	0.42
94900	0.42	0.42	0.42	0	0	0.42
95000	0.42	0.43	0.43	0	0	0.42
95100	0.42	0.43	0.43	0	0	0.42
95200	0.42	0.43	0.43	0	0	0.42
95300	0.42	0.43	0.43	0	0	0.42
95400	0.42	0.43	0.43	0	0	0.42
95500	0.42	0.43	0.43	0	0	0.42
95600	0.42	0.43	0.43	0	0	0.42
95700	0.42	0.43	0.43	0	0	0.42
95800	0.42	0.43	0.43	0	0	0.42
95900	0.42	0.43	0.43	0	0	0.42
96000	0.42	0.43	0.43	0	0	0.42
96100	0.43	0.43	0.43	0	0	0.43
96200	0.43	0.43	0.43	0	0	0.43
96300	0.44	0.43	0.43	0	0	0.44
96400	0.43	0.43	0.43	0	0	0.43
96500	0.43	0.43	0.43	0	0	0.43
96600	0.43	0.43	0.43	0	0	0.43
96700	0.42	0.43	0.43	0	0	0.42
96800	0.42	0.43	0.43	0	0	0.42
96900	0.42	0.43	0.43	0	0	0.42
97000	0.42	0.43	0.43	0	0	0.42
97100	0.42	0.43	0.43	0	0	0.42
97200	0.42	0.43	0.43	0	0	0.42
97300	0.42	0.44	0.44	0	0	0.42
97400	0.42	0.43	0.43	0	0	0.42
97500	0.42	0.43	0.43	0	0	0.42
97600	0.42	0.43	0.43	0	0	0.42
97700	0.42	0.43	0.43	0	0	0.42
97800	0.42	0.42	0.42	0	0	0.42
97900	0.42	0.42	0.42	0	0	0.42
98000	0.42	0.42	0.42	0	0	0.42
98100	0.42	0.42	0.42	0	0	0.42
98200	0.42	0.42	0.42	0	0	0.42
98300	0.42	0.42	0.42	0	0	0.42
98400	0.42	0.42	0.42	0	0	0.42
98500	0.42	0.42	0.42	0	0	0.42
98600	0.42	0.42	0.42	0	0	0.42
98700	0.42	0.42	0.42	0	0	0.42
98800	0.42	0.42	0.42	0	0	0.42
98900	0.42	0.42	0.42	0	0	0.42
99000	0.42	0.42	0.42	0	0	0.42
99100	0.42	0.42	0.42	0	0	0.42
99200	0.42	0.42	0.42	0	0	0.42
99300	0.43	0.42	0.42	0	0	0.43
99400	0.43	0.41	0.41	0	0	0.43
99500	0.43	0.41	0.41	0	0	0.43
99600	0.43	0.41	0.41	0	0	0.43
99700	0.43	0.41	0.41	0	0	0.43
99800	0.43	0.41	0.41	0	0	0.43
99900	0.43	0.41	0.41	0	0	0.43
100000	0.43	0.41	0.41	0	0	0.43
100100	0.44	0.41	0.41	0	0	0.44
100200	0.44	0.41	0.41	0	0	0.44
100300	0.43	0.41	0.41	0	0	0.43
100400	0.42	0.42	0.42	0	0	0.42
100500	0.43	0.42	0.42	0	0	0.43
100600	0.42	0.42	0.42	0	0	0.42
100700	0.43	0.42	0.42	0	0	0.43
100800	0.43	0.42	0.42	0	0	0.43
100900	0.43	0.42	0.42	0	0	0.43
101000	0.43	0.42	0.42	0	0	0.43
101100	0.43	0.41	0.41	0	0	0.43
101200	0.43	0.41	0.41	0	0	0.43
101300	0.43	0.41	0.41	0	0	0.43
101400	0.43	0.41	0.41	0	0	0.43
101500	0.43	0.41	0.41	0	0	0.43
101600	0.43	0.41	0.41	0	0	0.43
101700	0.44	0.41	0.41	0	0	0.44
101800	0.43	0.41	0.41	0	0	0.43
101900	0.43	0.41	0.41	0	0	0.43
102000	0.43	0.41	0.41	0	0	0.43
102100	0.43	0.41	0.41	0	0	0.43
102200	0.43	0.41	0.41	0	0	0.43
102300	0.43	0.41	0.41	0	0	0.43
102400	0.43	0.41	0.41	0	0	0.43
102500	0.43	0.41	0.41	0	0	0.43
102600	0.43	0.41	0.41	0	0	0.43
102700	0.43	0.41	0.41	0	0	0.43
102800	0.43	0.41	0.41	0	0	0.43
102900	0.43	0.41	0.41	0	0	0.43
103000	0.43	0.41	0.41	0	0	0.43
103100	0.43	0.41	0.41	0	0	0.43
103200	0.44	0.41	0.41	0	0	0.44
103300	0.44	0.41	0.41	0	0	0.44
103400	0.44	0.41	0.41	0	0	0.44
103500	0.44	0.41	0.41	0	0	0.44
103600	0.44	0.41	0.41	0	0	0.44
103700	0.44	0.41	0.41	0	0	0.44
103800	0.44	0.42	0.42	0	0	0.44
103900	0.44	0.42	0.42	0	0	0.44
104000	0.44	0.42	0.42	0	0	0.44
104100	0.44	0.42	0.42	0	0	0.44
104200	0.44	0.42	0.42	0	0	0.44
104300	0.44	0.42	0.42	0	0	0.44
104400	0.45	0.42	0.42	0	0	0.45
104500	0.44	0.42	0.42	0	0	0.44
104600	0.45	0.42	0.42	0	0	0.45
104700	0.44	0.42	0.42	0	0	0.44
104800	0.44	0.42	0.42	0	0	0.44
104900	0.43	0.42	0.42	0	0	0.43
105000	0.42	0.42	0.42	0	0	0.42
105100	0.42	0.42	0.42	0	0	0.42
105200	0.42	0.42	0.42	0	0	0.42
105300	0.43	0.42	0.42	0	0	0.43
105400	0.43	0.42	0.42	0	0	0.43
105500	0.43	0.42	0.42	0	0	0.43
105600	0.43	0.43	0.43	0	0	0.43
105700	0.43	0.43	0.43	0	0	0.43
105800	0.43	0.43	0.43	0	0	0.43
105900	0.43	0.43	0.43	0	0	0.43
106000	0.43	0.43	0.43	0	0	0.43
106100	0.43	0.43	0.43	0	0	0.43
106200	0.43	0.43	0.43	0	0	0.43
106300	0.43	0.43	0.43	0	0	0.43
106400	0.43	0.42	0.42	0	0	0.43
106500	0.43	0.42	0.42	0	0	0.43
106600	0.43	0.42	0.42	0	0	0.43
106700	0.43	0.41	0.41	0	0	0.43
106800	0.43	0.41	0.41	0	0	0.43
106900	0.43	0.4	0.4	0	0	0.43
107000	0.43	0.39	0.39	0	0	0.43
107100	0.43	0.38	0.38	0	0	0.43
107200	0.44	0.38	0.38	0	0	0.44
107300	0.44	0.38	0.38	0	0	0.44
107400	0.44	0.37	0.37	0	0	0.44
107500	0.45	0.37	0.37	0	0	0.45
107600	0.45	0.37	0.37	0	0	0.45
107700	0.45	0.37	0.37	0	0	0.45
107800	0.45	0.37	0.37	0	0	0.45
107900	0.45	0.37	0.37	0	0	0.45
108000	0.45	0.37	0.37	0	0	0.45
108100	0.45	0.37	0.37	0	0	0.45
108200	0.45	0.37	0.37	0	0	0.45
108300	0.45	0.38	0.38	0	0	0.45
108400	0.45	0.37	0.37	0	0	0.45
108500	0.45	0.38	0.38	0	0	0.45
108600	0.45	0.37	0.37	0	0	0.45
108700	0.45	0.37	0.37	0	0	0.45
108800	0.45	0.37	0.37	0	0	0.45
108900	0.46	0.37	0.37	0	0	0.46
109000	0.46	0.37	0.37	0	0	0.46
109100	0.44	0.37	0.37	0	0	0.44
109200	0.43	0.37	0.37	0	0	0.43
109300	0.43	0.37	0.37	0	0	0.43
109400	0.43	0.37	0.37	0	0	0.43
109500	0.43	0.36	0.36	0	0	0.43
109600	0.43	0.35	0.35	0	0	0.43
109700	0.43	0.35	0.35	0	0	0.43
109800	0.43	0.35	0.35	0	0	0.43
109900	0.43	0.35	0.35	0	0	0.43
110000	0.43	0.35	0.35	0	0	0.43
110100	0.43	0.35	0.35	0	0	0.43
110200	0.43	0.35	0.35	0	0	0.43
110300	0.43	0.35	0.35	0	0	0.43
110400	0.43	0.36	0.36	0	0	0.43
110500	0.43	0.37	0.37	0	0	0.43
110600	0.43	0.37	0.37	0	0	0.43
110700	0.43	0.36	0.36	0	0	0.43
110800	0.43	0.36	0.36	0	0	0.43
110900	0.43	0.36	0.36	0	0	0.43
111000	0.43	0.36	0.36	0	0	0.43
111100	0.43	0.37	0.37	0	0	0.43
111200	0.44	0.36	0.36	0	0	0.44
111300	0.44	0.36	0.36	0	0	0.44
111400	0.44	0.36	0.36	0	0	0.44
111500	0.44	0.36	0.36	0	0	0.44
111600	0.44	0.36	0.36	0	0	0.44
111700	0.44	0.36	0.36	0	0	0.44
111800	0.44	0.36	0.36	0	0	0.44
111900	0.44	0.36	0.36	0	0	0.44
112000	0.44	0.36	0.36	0	0	0.44
112100	0.44	0.36	0.36	0	0	0.44
112200	0.44	0.36	0.36	0	0	0.44
112300	0.44	0.36	0.36	0	0	0.44
112400	0.44	0.36	0.36	0	0	0.44
112500	0.44	0.36	0.36	0	0	0.44
112600	0.44	0.36	0.36	0	0	0.44
112700	0.44	0.36	0.36	0	0	0.44
112800	0.44	0.36	0.36	0	0	0.44
112900	0.44	0.37	0.37	0	0	0.44
113000	0.44	0.37	0.37	0	0	0.44
113100	0.44	0.37	0.37	0	0	0.44
113200	0.44	0.37	0.37	0	0	0.44
113300	0.44	0.37	0.37	0	0	0.44
113400	0.44	0.36	0.36	0	0	0.44
113500	0.44	0.36	0.36	0	0	0.44
113600	0.44	0.36	0.36	0	0	0.44
113700	0.44	0.36	0.36	0	0	0.44
113800	0.44	0.36	0.36	0	0	0.44
113900	0.44	0.36	0.36	0	0	0.44
114000	0.44	0.36	0.36	0	0	0.44
114100	0.44	0.36	0.36	0	0	0.44
114200	0.44	0.35	0.35	0	0	0.44
114300	0.44	0.35	0.35	0	0	0.44
114400	0.44	0.35	0.35	0	0	0.44
114500	0.44	0.35	0.35	0	0	0.44
114600	0.44	0.36	0.36	0	0	0.44
114700	0.44	0.36	0.36	0	0	0.44
114800	0.44	0.36	0.36	0	0	0.44
114900	0.44	0.36	0.36	0	0	0.44
115000	0.44	0.36	0.36	0	0	0.44
115100	0.44	0.36	0.36	0	0	0.44
115200	0.44	0.36	0.36	0	0	0.44
115300	0.44	0.36	0.36	0	0	0.44
115400	0.44	0.36	0.36	0	0	0.44
115500	0.44	0.36	0.36	0	0	0.44
115600	0.45	0.36	0.36	0	0	0.45
115700	0.45	0.36	0.36	0	0	0.45
115800	0.45	0.36	0.36	0	0	0.45
115900	0.45	0.36	0.36	0	0	0.45
116000	0.45	0.37	0.37	0	0	0.45
116100	0.45	0.36	0.36	0	0	0.45
116200	0.45	0.36	0.36	0	0	0.45
116300	0.45	0.36	0.36	0	0	0.45
116400	0.45	0.36	0.36	0	0	0.45
116500	0.45	0.36	0.36	0	0	0.45
116600	0.45	0.37	0.37	0	0	0.45
116700	0.45	0.37	0.37	0	0	0.45
116800	0.45	0.36	0.36	0	0	0.45
116900	0.45	0.36	0.36	0	0	0.45
117000	0.45	0.36	0.36	0	0	0.45
117100	0.45	0.36	0.36	0	0	0.45
117200	0.45	0.36	0.36	0	0	0.45
117300	0.45	0.37	0.37	0	0	0.45
117400	0.45	0.36	0.36	0	0	0.45
117500	0.45	0.36	0.36	0	0	0.45
117600	0.45	0.36	0.36	0	0	0.45
117700	0.45	0.36	0.36	0	0	0.45
117800	0.45	0.36	0.36	0	0	0.45
117900	0.45	0.36	0.36	0	0	0.45
118000	0.46	0.36	0.36	0	0	0.46
118100	0.45	0.37	0.37	0	0	0.45
118200	0.43	0.37	0.37	0	0	0.43
118300	0.43	0.37	0.37	0	0	0.43
118400	0.43	0.37	0.37	0	0	0.43
118500	0.43	0.37	0.37	0	0	0.43
118600	0.43	0.37	0.37	0	0	0.43
118700	0.43	0.37	0.37	0	0	0.43
118800	0.43	0.37	0.37	0	0	0.43
118900	0.43	0.37	0.37	0	0	0.43
119000	0.43	0.37	0.37	0	0	0.43
119100	0.43	0.37	0.37	0	0	0.43
119200	0.43	0.37	0.37	0	0	0.43
119300	0.43	0.37	0.37	0	0	0.43
119400	0.43	0.37	0.37	0	0	0.43
119500	0.43	0.37	0.37	0	0	0.43
119600	0.43	0.38	0.38	0	0	0.43
119700	0.43	0.38	0.38	0	0	0.43
119800	0.43	0.38	0.38	0	0	0.43
119900	0.43	0.38	0.38	0	0	0.43
120000	0.43	0.38	0.38	0	0	0.43
120100	0.43	0.38	0.38	0	0	0.43
120200	0.43	0.38	0.38	0	0	0.43
120300	0.43	0.38	0.38	0	0	0.43
120400	0.43	0.38	0.38	0	0	0.43
120500	0.43	0.38	0.38	0	0	0.43
120600	0.43	0.39	0.39	0	0	0.43
120700	0.43	0.4	0.4	0	0	0.43
120800	0.43	0.4	0.4	0	0	0.43
120900	0.43	0.4	0.4	0	0	0.43
121000	0.43	0.4	0.4	0	0	0.43
121100	0.43	0.4	0.4	0	0	0.43
121200	0.43	0.4	0.4	0	0	0.43
121300	0.43	0.4	0.4	0	0	0.43
121400	0.43	0.4	0.4	0	0	0.43
121500	0.43	0.4	0.4	0	0	0.43
121600	0.43	0.4	0.4	0	0	0.43
121700	0.43	0.4	0.4	0	0	0.43
121800	0.43	0.4	0.4	0	0	0.43
121900	0.43	0.4	0.4	0	0	0.43
122000	0.43	0.4	0.4	0	0	0.43
122100	0.43	0.4	0.4	0	0	0.43
122200	0.43	0.4	0.4	0	0	0.43
122300	0.43	0.4	0.4	0	0	0.43
122400	0.43	0.4	0.4	0	0	0.43
122500	0.43	0.4	0.4	0	0	0.43
122600	0.43	0.4	0.4	0	0	0.43
122700	0.43	0.4	0.4	0	0	0.43
122800	0.43	0.4	0.4	0	0	0.43
122900	0.43	0.4	0.4	0	0	0.43
123000	0.44	0.4	0.4	0	0	0.44
123100	0.44	0.4	0.4	0	0	0.44
123200	0.44	0.4	0.4	0	0	0.44
123300	0.44	0.4	0.4	0	0	0.44
123400	0.44	0.4	0.4	0	0	0.44
123500	0.44	0.4	0.4	0	0	0.44
123600	0.44	0.39	0.39	0	0	0.44
123700	0.44	0.39	0.39	0	0	0.44
123800	0.44	0.39	0.39	0	0	0.44
123900	0.44	0.39	0.39	0	0	0.44
124000	0.44	0.39	0.39	0	0	0.44
124100	0.44	0.39	0.39	0	0	0.44
124200	0.44	0.39	0.39	0	0	0.44
124300	0.44	0.39	0.39	0	0	0.44
124400	0.44	0.39	0.39	0	0	0.44
124500	0.44	0.39	0.39	0	0	0.44
124600	0.44	0.4	0.4	0	0	0.44
124700	0.44	0.4	0.4	0	0	0.44
124800	0.44	0.4	0.4	0	0	0.44
124900	0.44	0.4	0.4	0	0	0.44
125000	0.44	0.4	0.4	0	0	0.44
125100	0.44	0.4	0.4	0	0	0.44
125200	0.44	0.4	0.4	0	0	0.44
125300	0.44	0.4	0.4	0	0	0.44
125400	0.44	0.4	0.4	0	0	0.44
125500	0.43	0.4	0.4	0	0	0.43
125600	0.44	0.41	0.41	0	0	0.44
125700	0.44	0.41	0.41	0	0	0.44
125800	0.44	0.41	0.41	0	0	0.44
125900	0.44	0.41	0.41	0	0	0.44
126000	0.44	0.41	0.41	0	0	0.44
126100	0.44	0.41	0.41	0	0	0.44
126200	0.44	0.41	0.41	0	0	0.44
126300	0.44	0.41	0.41	0	0	0.44
126400	0.44	0.41	0.41	0	0	0.44
126500	0.44	0.41	0.41	0	0	0.44
126600	0.44	0.41	0.41	0	0	0.44
126700	0.44	0.41	0.41	0	0	0.44
126800	0.44	0.41	0.41	0	0	0.44
126900	0.44	0.41	0.41	0	0	0.44
127000	0.44	0.41	0.41	0	0	0.44
127100	0.44	0.41	0.41	0	0	0.44
127200	0.44	0.41	0.41	0	0	0.44
127300	0.44	0.41	0.41	0	0	0.44
127400	0.45	0.41	0.41	0	0	0.45
127500	0.45	0.41	0.41	0	0	0.45
127600	0.45	0.41	0.41	0	0	0.45
127700	0.45	0.41	0.41	0	0	0.45
127800	0.45	0.41	0.41	0	0	0.45
127900	0.45	0.41	0.41	0	0	0.45
128000	0.45	0.41	0.41	0	0	0.45
128100	0.45	0.42	0.42	0	0	0.45
128200	0.45	0.42	0.42	0	0	0.45
128300	0.45	0.42	0.42	0	0	0.45
128400	0.45	0.42	0.42	0	0	0.45
128500	0.45	0.42	0.42	0	0	0.45
128600	0.45	0.42	0.42	0	0	0.45
128700	0.46	0.42	0.42	0	0	0.46
128800	0.46	0.41	0.41	0	0	0.46
128900	0.45	0.42	0.42	0	0	0.45
129000	0.45	0.42	0.42	0	0	0.45
129100	0.45	0.42	0.42	0	0	0.45
129200	0.45	0.42	0.42	0	0	0.45
129300	0.45	0.42	0.42	0	0	0.45
129400	0.45	0.42	0.42	0	0	0.45
129500	0.45	0.42	0.42	0	0	0.45
129600	0.45	0.42	0.42	0	0	0.45
129700	0.45	0.41	0.41	0	0	0.45
129800	0.45	0.41	0.41	0	0	0.45
129900	0.45	0.41	0.41	0	0	0.45
130000	0.45	0.41	0.41	0	0	0.45
130100	0.45	0.41	0.41	0	0	0.45
130200	0.45	0.41	0.41	0	0	0.45
130300	0.45	0.41	0.41	0	0	0.45
130400	0.45	0.41	0.41	0	0	0.45
130500	0.45	0.42	0.42	0	0	0.45
130600	0.45	0.42	0.42	0	0	0.45
130700	0.45	0.42	0.42	0	0	0.45
130800	0.45	0.42	0.42	0	0	0.45
130900	0.45	0.43	0.43	0	0	0.45
131000	0.45	0.43	0.43	0	0	0.45
131100	0.45	0.43	0.43	0	0	0.45
131200	0.45	0.43	0.43	0	0	0.45
131300	0.45	0.43	0.43	0	0	0.45
131400	0.45	0.43	0.43	0	0	0.45
131500	0.45	0.43	0.43	0	0	0.45
131600	0.45	0.43	0.43	0	0	0.45
131700	0.46	0.43	0.43	0	0	0.46
131800	0.46	0.43	0.43	0	0	0.46
131900	0.46	0.43	0.43	0	0	0.46
132000	0.46	0.43	0.43	0	0	0.46
132100	0.46	0.42	0.42	0	0	0.46
132200	0.46	0.42	0.42	0	0	0.46
132300	0.46	0.42	0.42	0	0	0.46
132400	0.46	0.42	0.42	0	0	0.46
132500	0.46	0.42	0.42	0	0	0.46
132600	0.46	0.42	0.42	0	0	0.46
132700	0.46	0.42	0.42	0	0	0.46
132800	0.46	0.42	0.42	0	0	0.46
132900	0.46	0.42	0.42	0	0	0.46
133000	0.46	0.42	0.42	0	0	0.46
133100	0.46	0.42	0.42	0	0	0.46
133200	0.46	0.42	0.42	0	0	0.46
133300	0.46	0.42	0.42	0	0	0.46
133400	0.46	0.42	0.42	0	0	0.46
133500	0.46	0.42	0.42	0	0	0.46
133600	0.46	0.42	0.42	0	0	0.46
133700	0.46	0.42	0.42	0	0	0.46
133800	0.46	0.42	0.42	0	0	0.46
133900	0.46	0.42	0.42	0	0	0.46
134000	0.45	0.42	0.42	0	0	0.45
134100	0.44	0.42	0.42	0	0	0.44
134200	0.44	0.42	0.42	0	0	0.44
134300	0.44	0.42	0.42	0	0	0.44
134400	0.44	0.42	0.42	0	0	0.44
134500	0.44	0.42	0.42	0	0	0.44
134600	0.44	0.42	0.42	0	0	0.44
134700	0.44	0.42	0.42	0	0	0.44
134800	0.44	0.42	0.42	0	0	0.44
134900	0.44	0.42	0.42	0	0	0.44
135000	0.44	0.42	0.42	0	0	0.44
135100	0.43	0.42	0.42	0	0	0.43
135200	0.43	0.42	0.42	0	0	0.43
135300	0.43	0.42	0.42	0	0	0.43
135400	0.43	0.42	0.42	0	0	0.43
135500	0.43	0.42	0.42	0	0	0.43
135600	0.43	0.42	0.42	0	0	0.43
135700	0.43	0.42	0.42	0	0	0.43
135800	0.43	0.42	0.42	0	0	0.43
135900	0.43	0.42	0.42	0	0	0.43
136000	0.43	0.42	0.42	0	0	0.43
136100	0.43	0.42	0.42	0	0	0.43
136200	0.43	0.42	0.42	0	0	0.43
136300	0.43	0.42	0.42	0	0	0.43
136400	0.43	0.42	0.42	0	0	0.43
136500	0.43	0.42	0.42	0	0	0.43
136600	0.43	0.43	0.43	0	0	0.43
136700	0.43	0.42	0.42	0	0	0.43
136800	0.43	0.42	0.42	0	0	0.43
136900	0.43	0.42	0.42	0	0	0.43
137000	0.43	0.42	0.42	0	0	0.43
137100	0.43	0.42	0.42	0	0	0.43
137200	0.43	0.42	0.42	0	0	0.43
137300	0.43	0.42	0.42	0	0	0.43
137400	0.43	0.42	0.42	0	0	0.43
137500	0.43	0.43	0.43	0	0	0.43
137600	0.43	0.43	0.43	0	0	0.43
137700	0.43	0.42	0.42	0	0	0.43
137800	0.43	0.42	0.42	0	0	0.43
137900	0.43	0.42	0.42	0	0	0.43
138000	0.43	0.42	0.42	0	0	0.43
138100	0.43	0.42	0.42	0	0	0.43
138200	0.43	0.42	0.42	0	0	0.43
138300	0.43	0.41	0.41	0	0	0.43
138400	0.43	0.41	0.41	0	0	0.43
138500	0.43	0.41	0.41	0	0	0.43
138600	0.43	0.41	0.41	0	0	0.43
138700	0.43	0.41	0.41	0	0	0.43
138800	0.42	0.41	0.41	0	0	0.42
138900	0.42	0.41	0.41	0	0	0.42
139000	0.42	0.41	0.41	0	0	0.42
139100	0.42	0.41	0.41	0	0	0.42
139200	0.42	0.41	0.41	0	0	0.42
139300	0.42	0.41	0.41	0	0	0.42
139400	0.42	0.41	0.41	0	0	0.42
139500	0.42	0.41	0.41	0	0	0.42
139600	0.42	0.41	0.41	0	0	0.42
139700	0.42	0.41	0.41	0	0	0.42
139800	0.42	0.41	0.41	0	0	0.42
139900	0.42	0.41	0.41	0	0	0.42
140000	0.42	0.41	0.41	0	0	0.42
140100	0.42	0.4	0.4	0	0	0.42
140200	0.42	0.4	0.4	0	0	0.42
140300	0.42	0.4	0.4	0	0	0.42
140400	0.42	0.4	0.4	0	0	0.42
140500	0.42	0.4	0.4	0	0	0.42
140600	0.42	0.4	0.4	0	0	0.42
140700	0.42	0.4	0.4	0	0	0.42
140800	0.42	0.4	0.4	0	0	0.42
140900	0.42	0.4	0.4	0	0	0.42
141000	0.42	0.4	0.4	0	0	0.42
141100	0.42	0.4	0.4	0	0	0.42
141200	0.42	0.4	0.4	0	0	0.42
141300	0.42	0.4	0.4	0	0	0.42
141400	0.42	0.4	0.4	0	0	0.42
141500	0.44	0.4	0.4	0	0	0.44
141600	0.44	0.4	0.4	0	0	0.44
141700	0.43	0.4	0.4	0	0	0.43
141800	0.43	0.41	0.41	0	0	0.43
141900	0.43	0.41	0.41	0	0	0.43
142000	0.45	0.41	0.41	0	0	0.45
142100	0.44	0.41	0.41	0	0	0.44
142200	0.44	0.41	0.41	0	0	0.44
142300	0.44	0.41	0.41	0	0	0.44
142400	0.44	0.41	0.41	0	0	0.44
142500	0.44	0.41	0.41	0	0	0.44
142600	0.45	0.41	0.41	0	0	0.45
142700	0.46	0.42	0.42	0	0	0.46
142800	0.45	0.42	0.42	0	0	0.45
142900	0.45	0.42	0.42	0	0	0.45
143000	0.45	0.42	0.42	0	0	0.45
143100	0.45	0.41	0.41	0	0	0.45
143200	0.43	0.41	0.41	0	0	0.43
143300	0.43	0.41	0.41	0	0	0.43
143400	0.43	0.41	0.41	0	0	0.43
143500	0.43	0.41	0.41	0	0	0.43
143600	0.43	0.41	0.41	0	0	0.43
143700	0.43	0.41	0.41	0	0	0.43
143800	0.43	0.41	0.41	0	0	0.43
143900	0.45	0.43	0.43	0	0	0.45
144000	0.45	0.42	0.42	0	0	0.45
144100	0.43	0.42	0.42	0	0	0.43
144200	0.42	0.41	0.41	0	0	0.42
144300	0.42	0.41	0.41	0	0	0.42
144400	0.41	0.39	0.39	0	0	0.41
144500	0.41	0.39	0.39	0	0	0.41
144600	0.41	0.39	0.39	0	0	0.41
144700	0.41	0.39	0.39	0	0	0.41
144800	0.41	0.39	0.39	0	0	0.41
144900	0.39	0.39	0.39	0	0	0.39
145000	0.39	0.39	0.39	0	0	0.39
145100	0.39	0.39	0.39	0	0	0.39
145200	0.39	0.39	0.39	0	0	0.39
145300	0.39	0.39	0.39	0	0	0.39
145400	0.39	0.39	0.39	0	0	0.39
145500	0.36	0.38	0.38	0	0	0.36
145600	0.36	0.38	0.38	0	0	0.36
145700	0.36	0.38	0.38	0	0	0.36
145800	0.37	0.38	0.38	0	0	0.37
145900	0.36	0.38	0.38	0	0	0.36
146000	0.37	0.38	0.38	0	0	0.37
146100	0.37	0.38	0.38	0	0	0.37
146200	0.36	0.38	0.38	0	0	0.36
146300	0.37	0.38	0.38	0	0	0.37
146400	0.36	0.38	0.38	0	0	0.36
146500	0.36	0.39	0.39	0	0	0.36
146600	0.35	0.38	0.38	0	0	0.35
146700	0.35	0.38	0.38	0	0	0.35
146800	0.35	0.38	0.38	0	0	0.35
146900	0.35	0.39	0.39	0	0	0.35
147000	0.35	0.39	0.39	0	0	0.35
147100	0.35	0.39	0.39	0	0	0.35
147200	0.35	0.39	0.39	0	0	0.35
147300	0.35	0.39	0.39	0	0	0.35
147400	0.35	0.39	0.39	0	0	0.35
147500	0.35	0.39	0.39	0	0	0.35
147600	0.35	0.38	0.38	0	0	0.35
147700	0.35	0.38	0.38	0	0	0.35
147800	0.36	0.38	0.38	0	0	0.36
147900	0.36	0.38	0.38	0	0	0.36
148000	0.36	0.39	0.39	0	0	0.36
148100	0.36	0.4	0.4	0	0	0.36
148200	0.36	0.4	0.4	0	0	0.36
148300	0.36	0.4	0.4	0	0	0.36
148400	0.36	0.4	0.4	0	0	0.36
148500	0.36	0.4	0.4	0	0	0.36
148600	0.37	0.41	0.41	0	0	0.37
148700	0.37	0.4	0.4	0	0	0.37
148800	0.36	0.4	0.4	0	0	0.36
148900	0.36	0.4	0.4	0	0	0.36
149000	0.36	0.4	0.4	0	0	0.36
149100	0.36	0.4	0.4	0	0	0.36
149200	0.36	0.4	0.4	0	0	0.36
149300	0.36	0.4	0.4	0	0	0.36
149400	0.36	0.4	0.4	0	0	0.36
149500	0.37	0.4	0.4	0	0	0.37
149600	0.37	0.41	0.41	0	0	0.37
149700	0.37	0.41	0.41	0	0	0.37
149800	0.37	0.42	0.42	0	0	0.37
149900	0.37	0.42	0.42	0	0	0.37
150000	0.37	0.42	0.42	0	0	0.37
150100	0.37	0.42	0.42	0	0	0.37
150200	0.37	0.42	0.42	0	0	0.37
150300	0.37	0.43	0.43	0	0	0.37
150400	0.37	0.43	0.43	0	0	0.37
150500	0.37	0.43	0.43	0	0	0.37
150600	0.37	0.43	0.43	0	0	0.37
150700	0.37	0.43	0.43	0	0	0.37
150800	0.37	0.43	0.43	0	0	0.37
150900	0.37	0.43	0.43	0	0	0.37
151000	0.37	0.43	0.43	0	0	0.37
151100	0.37	0.43	0.43	0	0	0.37
151200	0.37	0.43	0.43	0	0	0.37
151300	0.37	0.43	0.43	0	0	0.37
151400	0.37	0.43	0.43	0	0	0.37
151500	0.37	0.43	0.43	0	0	0.37
151600	0.37	0.43	0.43	0	0	0.37
151700	0.37	0.44	0.44	0	0	0.37
151800	0.38	0.44	0.44	0	0	0.38
151900	0.39	0.44	0.44	0	0	0.39
152000	0.38	0.44	0.44	0	0	0.38
152100	0.37	0.44	0.44	0	0	0.37
152200	0.37	0.44	0.44	0	0	0.37
152300	0.38	0.44	0.44	0	0	0.38
152400	0.38	0.44	0.44	0	0	0.38
152500	0.38	0.44	0.44	0	0	0.38
152600	0.38	0.43	0.43	0	0	0.38
152700	0.38	0.43	0.43	0	0	0.38
152800	0.38	0.43	0.43	0	0	0.38
152900	0.38	0.43	0.43	0	0	0.38
153000	0.38	0.43	0.43	0	0	0.38
153100	0.38	0.43	0.43	0	0	0.38
153200	0.38	0.43	0.43	0	0	0.38
153300	0.38	0.43	0.43	0	0	0.38
153400	0.37	0.43	0.43	0	0	0.37
153500	0.39	0.43	0.43	0	0	0.39
153600	0.39	0.42	0.42	0	0	0.39
153700	0.39	0.42	0.42	0	0	0.39
153800	0.39	0.42	0.42	0	0	0.39
153900	0.39	0.42	0.42	0	0	0.39
154000	0.39	0.42	0.42	0	0	0.39
154100	0.39	0.42	0.42	0	0	0.39
154200	0.39	0.42	0.42	0	0	0.39
154300	0.39	0.42	0.42	0	0	0.39
154400	0.39	0.42	0.42	0	0	0.39
154500	0.39	0.42	0.42	0	0	0.39
154600	0.39	0.42	0.42	0	0	0.39
154700	0.39	0.43	0.43	0	0	0.39
154800	0.39	0.42	0.42	0	0	0.39
154900	0.4	0.42	0.42	0	0	0.4
155000	0.42	0.42	0.42	0	0	0.42
155100	0.42	0.42	0.42	0	0	0.42
155200	0.42	0.42	0.42	0	0	0.42
155300	0.42	0.42	0.42	0	0	0.42
155400	0.42	0.42	0.42	0	0	0.42
155500	0.41	0.42	0.42	0	0	0.41
155600	0.41	0.42	0.42	0	0	0.41
155700	0.41	0.42	0.42	0	0	0.41
155800	0.41	0.42	0.42	0	0	0.41
155900	0.41	0.42	0.42	0	0	0.41
156000	0.41	0.42	0.42	0	0	0.41
156100	0.41	0.42	0.42	0	0	0.41
156200	0.42	0.42	0.42	0	0	0.42
156300	0.42	0.42	0.42	0	0	0.42
156400	0.42	0.42	0.42	0	0	0.42
156500	0.43	0.42	0.42	0	0	0.43
156600	0.43	0.42	0.42	0	0	0.43
156700	0.41	0.42	0.42	0	0	0.41
156800	0.41	0.42	0.42	0	0	0.41
156900	0.41	0.42	0.42	0	0	0.41
157000	0.41	0.42	0.42	0	0	0.41
157100	0.41	0.42	0.42	0	0	0.41
157200	0.4	0.42	0.42	0	0	0.4
157300	0.4	0.42	0.42	0	0	0.4
157400	0.4	0.42	0.42	0	0	0.4
157500	0.4	0.42	0.42	0	0	0.4
157600	0.4	0.42	0.42	0	0	0.4
157700	0.4	0.42	0.42	0	0	0.4
157800	0.39	0.42	0.42	0	0	0.39
157900	0.4	0.42	0.42	0	0	0.4
158000	0.39	0.42	0.42	0	0	0.39
158100	0.39	0.42	0.42	0	0	0.39
158200	0.39	0.42	0.42	0	0	0.39
158300	0.4	0.42	0.42	0	0	0.4
158400	0.41	0.42	0.42	0	0	0.41
158500	0.39	0.43	0.43	0	0	0.39
158600	0.39	0.42	0.42	0	0	0.39
158700	0.39	0.42	0.42	0	0	0.39
158800	0.39	0.42	0.42	0	0	0.39
158900	0.39	0.42	0.42	0	0	0.39
159000	0.39	0.42	0.42	0	0	0.39
159100	0.39	0.42	0.42	0	0	0.39
159200	0.39	0.42	0.42	0	0	0.39
159300	0.39	0.43	0.43	0	0	0.39
159400	0.39	0.43	0.43	0	0	0.39
159500	0.39	0.43	0.43	0	0	0.39
159600	0.39	0.43	0.43	0	0	0.39
159700	0.39	0.43	0.43	0	0	0.39
159800	0.39	0.43	0.43	0	0	0.39
159900	0.39	0.43	0.43	0	0	0.39
160000	0.39	0.43	0.43	0	0	0.39
160100	0.39	0.44	0.44	0	0	0.39
160200	0.39	0.45	0.45	0	0	0.39
160300	0.39	0.44	0.44	0	0	0.39
160400	0.39	0.43	0.43	0	0	0.39
160500	0.39	0.44	0.44	0	0	0.39
160600	0.39	0.44	0.44	0	0	0.39
160700	0.39	0.44	0.44	0	0	0.39
160800	0.39	0.44	0.44	0	0	0.39
160900	0.39	0.44	0.44	0	0	0.39
161000	0.39	0.44	0.44	0	0	0.39
161100	0.39	0.44	0.44	0	0	0.39
161200	0.39	0.44	0.44	0	0	0.39
161300	0.39	0.45	0.45	0	0	0.39
161400	0.39	0.44	0.44	0	0	0.39
161500	0.39	0.44	0.44	0	0	0.39
161600	0.39	0.43	0.43	0	0	0.39
161700	0.39	0.43	0.43	0	0	0.39
161800	0.39	0.43	0.43	0	0	0.39
161900	0.39	0.43	0.43	0	0	0.39
162000	0.39	0.43	0.43	0	0	0.39
162100	0.39	0.43	0.43	0	0	0.39
162200	0.39	0.43	0.43	0	0	0.39
162300	0.39	0.43	0.43	0	0	0.39
162400	0.39	0.43	0.43	0	0	0.39
162500	0.39	0.43	0.43	0	0	0.39
162600	0.39	0.44	0.44	0	0	0.39
162700	0.39	0.43	0.43	0	0	0.39
162800	0.39	0.43	0.43	0	0	0.39
162900	0.39	0.42	0.42	0	0	0.39
163000	0.39	0.42	0.42	0	0	0.39
163100	0.39	0.42	0.42	0	0	0.39
163200	0.39	0.42	0.42	0	0	0.39
163300	0.39	0.42	0.42	0	0	0.39
163400	0.39	0.42	0.42	0	0	0.39
163500	0.39	0.42	0.42	0	0	0.39
163600	0.39	0.42	0.42	0	0	0.39
163700	0.39	0.42	0.42	0	0	0.39
163800	0.39	0.42	0.42	0	0	0.39
163900	0.39	0.42	0.42	0	0	0.39
164000	0.39	0.42	0.42	0	0	0.39
164100	0.39	0.42	0.42	0	0	0.39
164200	0.39	0.42	0.42	0	0	0.39
164300	0.39	0.42	0.42	0	0	0.39
164400	0.39	0.42	0.42	0	0	0.39
164500	0.39	0.42	0.42	0	0	0.39
164600	0.39	0.42	0.42	0	0	0.39
164700	0.39	0.42	0.42	0	0	0.39
164800	0.39	0.42	0.42	0	0	0.39
164900	0.39	0.42	0.42	0	0	0.39
165000	0.39	0.42	0.42	0	0	0.39
165100	0.39	0.42	0.42	0	0	0.39
165200	0.39	0.42	0.42	0	0	0.39
165300	0.39	0.42	0.42	0	0	0.39
165400	0.39	0.42	0.42	0	0	0.39
165500	0.4	0.42	0.42	0	0	0.4
165600	0.39	0.42	0.42	0	0	0.39
165700	0.39	0.42	0.42	0	0	0.39
165800	0.39	0.42	0.42	0	0	0.39
165900	0.39	0.42	0.42	0	0	0.39
166000	0.39	0.42	0.42	0	0	0.39
166100	0.39	0.42	0.42	0	0	0.39
166200	0.39	0.42	0.42	0	0	0.39
166300	0.38	0.42	0.42	0	0	0.38
166400	0.38	0.42	0.42	0	0	0.38
166500	0.38	0.43	0.43	0	0	0.38
166600	0.38	0.43	0.43	0	0	0.38
166700	0.38	0.43	0.43	0	0	0.38
166800	0.38	0.43	0.43	0	0	0.38
166900	0.38	0.43	0.43	0	0	0.38
167000	0.38	0.43	0.43	0	0	0.38
167100	0.39	0.43	0.43	0	0	0.39
167200	0.39	0.43	0.43	0	0	0.39
167300	0.38	0.44	0.44	0	0	0.38
167400	0.38	0.44	0.44	0	0	0.38
167500	0.38	0.44	0.44	0	0	0.38
167600	0.38	0.44	0.44	0	0	0.38
167700	0.38	0.44	0.44	0	0	0.38
167800	0.38	0.44	0.44	0	0	0.38
167900	0.38	0.44	0.44	0	0	0.38
168000	0.38	0.44	0.44	0	0	0.38
168100	0.38	0.44	0.44	0	0	0.38
168200	0.38	0.44	0.44	0	0	0.38
168300	0.38	0.44	0.44	0	0	0.38
168400	0.38	0.45	0.45	0	0	0.38
168500	0.38	0.45	0.45	0	0	0.38
168600	0.38	0.45	0.45	0	0	0.38
168700	0.38	0.45	0.45	0	0	0.38
168800	0.38	0.45	0.45	0	0	0.38
168900	0.38	0.45	0.45	0	0	0.38
169000	0.38	0.45	0.45	0	0	0.38
169100	0.38	0.45	0.45	0	0	0.38
169200	0.38	0.45	0.45	0	0	0.38
169300	0.38	0.45	0.45	0	0	0.38
169400	0.38	0.45	0.45	0	0	0.38
169500	0.38	0.44	0.44	0	0	0.38
169600	0.38	0.44	0.44	0	0	0.38
169700	0.38	0.44	0.44	0	0	0.38
169800	0.38	0.44	0.44	0	0	0.38
169900	0.38	0.44	0.44	0	0	0.38
170000	0.38	0.44	0.44	0	0	0.38
170100	0.38	0.44	0.44	0	0	0.38
170200	0.38	0.45	0.45	0	0	0.38
170300	0.38	0.45	0.45	0	0	0.38
170400	0.38	0.45	0.45	0	0	0.38
170500	0.38	0.46	0.46	0	0	0.38
170600	0.38	0.45	0.45	0	0	0.38
170700	0.38	0.45	0.45	0	0	0.38
170800	0.38	0.45	0.45	0	0	0.38
170900	0.38	0.45	0.45	0	0	0.38
171000	0.38	0.45	0.45	0	0	0.38
171100	0.38	0.45	0.45	0	0	0.38
171200	0.38	0.45	0.45	0	0	0.38
171300	0.38	0.45	0.45	0	0	0.38
171400	0.38	0.45	0.45	0	0	0.38
171500	0.38	0.45	0.45	0	0	0.38
171600	0.38	0.45	0.45	0	0	0.38
171700	0.38	0.45	0.45	0	0	0.38
171800	0.38	0.45	0.45	0	0	0.38
171900	0.38	0.45	0.45	0	0	0.38
172000	0.38	0.45	0.45	0	0	0.38
172100	0.38	0.45	0.45	0	0	0.38
172200	0.38	0.45	0.45	0	0	0.38
172300	0.38	0.45	0.45	0	0	0.38
172400	0.38	0.45	0.45	0	0	0.38
172500	0.38	0.45	0.45	0	0	0.38
172600	0.38	0.45	0.45	0	0	0.38
172700	0.38	0.45	0.45	0	0	0.38
172800	0.38	0.45	0.45	0	0	0.38
172900	0.38	0.45	0.45	0	0	0.38
173000	0.38	0.45	0.45	0	0	0.38
173100	0.38	0.45	0.45	0	0	0.38
173200	0.39	0.45	0.45	0	0	0.39
173300	0.38	0.45	0.45	0	0	0.38
173400	0.38	0.45	0.45	0	0	0.38
173500	0.39	0.45	0.45	0	0	0.39
173600	0.4	0.46	0.46	0	0	0.4
173700	0.39	0.45	0.45	0	0	0.39
173800	0.39	0.45	0.45	0	0	0.39
173900	0.39	0.45	0.45	0	0	0.39
174000	0.39	0.45	0.45	0	0	0.39
174100	0.39	0.45	0.45	0	0	0.39
174200	0.39	0.45	0.45	0	0	0.39
174300	0.39	0.45	0.45	0	0	0.39
174400	0.39	0.45	0.45	0	0	0.39
174500	0.39	0.45	0.45	0	0	0.39
174600	0.39	0.45	0.45	0	0	0.39
174700	0.39	0.45	0.45	0	0	0.39
174800	0.39	0.45	0.45	0	0	0.39
174900	0.39	0.45	0.45	0	0	0.39
175000	0.39	0.45	0.45	0	0	0.39
175100	0.39	0.45	0.45	0	0	0.39
175200	0.4	0.45	0.45	0	0	0.4
175300	0.4	0.45	0.45	0	0	0.4
175400	0.4	0.45	0.45	0	0	0.4
175500	0.4	0.45	0.45	0	0	0.4
175600	0.4	0.45	0.45	0	0	0.4
175700	0.4	0.45	0.45	0	0	0.4
175800	0.4	0.45	0.45	0	0	0.4
175900	0.4	0.45	0.45	0	0	0.4
176000	0.39	0.45	0.45	0	0	0.39
176100	0.39	0.45	0.45	0	0	0.39
176200	0.39	0.45	0.45	0	0	0.39
176300	0.39	0.45	0.45	0	0	0.39
176400	0.39	0.45	0.45	0	0	0.39
176500	0.39	0.45	0.45	0	0	0.39
176600	0.39	0.45	0.45	0	0	0.39
176700	0.39	0.45	0.45	0	0	0.39
176800	0.39	0.45	0.45	0	0	0.39
176900	0.39	0.45	0.45	0	0	0.39
177000	0.39	0.45	0.45	0	0	0.39
177100	0.39	0.45	0.45	0	0	0.39
177200	0.39	0.45	0.45	0	0	0.39
177300	0.4	0.45	0.45	0	0	0.4
177400	0.39	0.45	0.45	0	0	0.39
177500	0.39	0.45	0.45	0	0	0.39
177600	0.39	0.45	0.45	0	0	0.39
177700	0.39	0.45	0.45	0	0	0.39
177800	0.39	0.45	0.45	0	0	0.39
177900	0.4	0.45	0.45	0	0	0.4
178000	0.39	0.45	0.45	0	0	0.39
178100	0.39	0.45	0.45	0	0	0.39
178200	0.39	0.45	0.45	0	0	0.39
178300	0.39	0.45	0.45	0	0	0.39
178400	0.4	0.45	0.45	0	0	0.4
178500	0.39	0.45	0.45	0	0	0.39
178600	0.39	0.45	0.45	0	0	0.39
178700	0.39	0.45	0.45	0	0	0.39
178800	0.39	0.45	0.45	0	0	0.39
178900	0.39	0.45	0.45	0	0	0.39
179000	0.39	0.45	0.45	0	0	0.39
179100	0.39	0.45	0.45	0	0	0.39
179200	0.39	0.45	0.45	0	0	0.39
179300	0.39	0.45	0.45	0	0	0.39
179400	0.39	0.45	0.45	0	0	0.39
179500	0.39	0.45	0.45	0	0	0.39
179600	0.4	0.45	0.45	0	0	0.4
179700	0.4	0.45	0.45	0	0	0.4
179800	0.4	0.45	0.45	0	0	0.4
179900	0.4	0.45	0.45	0	0	0.4
180000	0.41	0.45	0.45	0	0	0.41
180100	0.41	0.45	0.45	0	0	0.41
180200	0.41	0.45	0.45	0	0	0.41
180300	0.41	0.45	0.45	0	0	0.41
180400	0.41	0.45	0.45	0	0	0.41
180500	0.41	0.45	0.45	0	0	0.41
180600	0.41	0.45	0.45	0	0	0.41
180700	0.41	0.45	0.45	0	0	0.41
180800	0.42	0.45	0.45	0	0	0.42
180900	0.41	0.45	0.45	0	0	0.41
181000	0.4	0.45	0.45	0	0	0.4
181100	0.4	0.45	0.45	0	0	0.4
181200	0.41	0.45	0.45	0	0	0.41
181300	0.41	0.45	0.45	0	0	0.41
181400	0.41	0.45	0.45	0	0	0.41
181500	0.41	0.45	0.45	0	0	0.41
181600	0.41	0.45	0.45	0	0	0.41
181700	0.41	0.45	0.45	0	0	0.41
181800	0.41	0.45	0.45	0	0	0.41
181900	0.41	0.45	0.45	0	0	0.41
182000	0.41	0.45	0.45	0	0	0.41
182100	0.41	0.45	0.45	0	0	0.41
182200	0.41	0.45	0.45	0	0	0.41
182300	0.41	0.45	0.45	0	0	0.41
182400	0.41	0.45	0.45	0	0	0.41
182500	0.41	0.45	0.45	0	0	0.41
182600	0.41	0.45	0.45	0	0	0.41
182700	0.41	0.45	0.45	0	0	0.41
182800	0.41	0.45	0.45	0	0	0.41
182900	0.41	0.45	0.45	0	0	0.41
183000	0.41	0.45	0.45	0	0	0.41
183100	0.41	0.45	0.45	0	0	0.41
183200	0.41	0.45	0.45	0	0	0.41
183300	0.41	0.45	0.45	0	0	0.41
183400	0.41	0.45	0.45	0	0	0.41
183500	0.41	0.45	0.45	0	0	0.41
183600	0.41	0.45	0.45	0	0	0.41
183700	0.41	0.45	0.45	0	0	0.41
183800	0.41	0.45	0.45	0	0	0.41
183900	0.41	0.45	0.45	0	0	0.41
184000	0.41	0.45	0.45	0	0	0.41
184100	0.41	0.45	0.45	0	0	0.41
184200	0.41	0.45	0.45	0	0	0.41
184300	0.41	0.45	0.45	0	0	0.41
184400	0.41	0.45	0.45	0	0	0.41
184500	0.41	0.45	0.45	0	0	0.41
184600	0.41	0.45	0.45	0	0	0.41
184700	0.41	0.45	0.45	0	0	0.41
184800	0.41	0.45	0.45	0	0	0.41
184900	0.41	0.45	0.45	0	0	0.41
185000	0.41	0.45	0.45	0	0	0.41
185100	0.41	0.45	0.45	0	0	0.41
185200	0.41	0.45	0.45	0	0	0.41
185300	0.4	0.45	0.45	0	0	0.4
185400	0.4	0.45	0.45	0	0	0.4
185500	0.4	0.45	0.45	0	0	0.4
185600	0.4	0.45	0.45	0	0	0.4
185700	0.4	0.45	0.45	0	0	0.4
185800	0.4	0.45	0.45	0	0	0.4
185900	0.4	0.45	0.45	0	0	0.4
186000	0.4	0.45	0.45	0	0	0.4
186100	0.4	0.45	0.45	0	0	0.4
186200	0.4	0.45	0.45	0	0	0.4
186300	0.4	0.45	0.45	0	0	0.4
186400	0.4	0.45	0.45	0	0	0.4
186500	0.4	0.45	0.45	0	0	0.4
186600	0.4	0.45	0.45	0	0	0.4
186700	0.4	0.45	0.45	0	0	0.4
186800	0.4	0.45	0.45	0	0	0.4
186900	0.39	0.45	0.45	0	0	0.39
187000	0.39	0.45	0.45	0	0	0.39
187100	0.39	0.45	0.45	0	0	0.39
187200	0.39	0.45	0.45	0	0	0.39
187300	0.39	0.45	0.45	0	0	0.39
187400	0.39	0.45	0.45	0	0	0.39
187500	0.38	0.45	0.45	0	0	0.38
187600	0.38	0.45	0.45	0	0	0.38
187700	0.36	0.45	0.45	0	0	0.36
187800	0.36	0.45	0.45	0	0	0.36
187900	0.36	0.45	0.45	0	0	0.36
188000	0.36	0.45	0.45	0	0	0.36
188100	0.37	0.45	0.45	0	0	0.37
188200	0.37	0.45	0.45	0	0	0.37
188300	0.37	0.45	0.45	0	0	0.37
188400	0.36	0.45	0.45	0	0	0.36
188500	0.36	0.45	0.45	0	0	0.36
188600	0.36	0.45	0.45	0	0	0.36
188700	0.36	0.45	0.45	0	0	0.36
188800	0.36	0.45	0.45	0	0	0.36
188900	0.36	0.45	0.45	0	0	0.36
189000	0.36	0.45	0.45	0	0	0.36
189100	0.36	0.45	0.45	0	0	0.36
189200	0.36	0.45	0.45	0	0	0.36
189300	0.36	0.45	0.45	0	0	0.36
189400	0.36	0.45	0.45	0	0	0.36
189500	0.36	0.45	0.45	0	0	0.36
189600	0.36	0.45	0.45	0	0	0.36
189700	0.36	0.45	0.45	0	0	0.36
189800	0.36	0.45	0.45	0	0	0.36
189900	0.36	0.45	0.45	0	0	0.36
190000	0.36	0.45	0.45	0	0	0.36
190100	0.36	0.45	0.45	0	0	0.36
190200	0.37	0.45	0.45	0	0	0.37
190300	0.36	0.45	0.45	0	0	0.36
190400	0.36	0.45	0.45	0	0	0.36
190500	0.36	0.45	0.45	0	0	0.36
190600	0.36	0.45	0.45	0	0	0.36
190700	0.36	0.45	0.45	0	0	0.36
190800	0.36	0.45	0.45	0	0	0.36
190900	0.37	0.45	0.45	0	0	0.37
191000	0.37	0.45	0.45	0	0	0.37
191100	0.38	0.45	0.45	0	0	0.38
191200	0.38	0.45	0.45	0	0	0.38
191300	0.38	0.45	0.45	0	0	0.38
191400	0.38	0.45	0.45	0	0	0.38
191500	0.38	0.45	0.45	0	0	0.38
191600	0.38	0.45	0.45	0	0	0.38
191700	0.38	0.45	0.45	0	0	0.38
191800	0.38	0.45	0.45	0	0	0.38
191900	0.38	0.45	0.45	0	0	0.38
192000	0.38	0.45	0.45	0	0	0.38
192100	0.38	0.45	0.45	0	0	0.38
192200	0.38	0.45	0.45	0	0	0.38
192300	0.38	0.45	0.45	0	0	0.38
192400	0.38	0.45	0.45	0	0	0.38
192500	0.38	0.45	0.45	0	0	0.38
192600	0.38	0.45	0.45	0	0	0.38
192700	0.38	0.45	0.45	0	0	0.38
192800	0.38	0.45	0.45	0	0	0.38
192900	0.38	0.45	0.45	0	0	0.38
193000	0.39	0.45	0.45	0	0	0.39
193100	0.38	0.45	0.45	0	0	0.38
193200	0.38	0.45	0.45	0	0	0.38
193300	0.38	0.45	0.45	0	0	0.38
193400	0.38	0.45	0.45	0	0	0.38
193500	0.38	0.45	0.45	0	0	0.38
193600	0.38	0.45	0.45	0	0	0.38
193700	0.38	0.45	0.45	0	0	0.38
193800	0.38	0.45	0.45	0	0	0.38
193900	0.38	0.45	0.45	0	0	0.38
194000	0.38	0.45	0.45	0	0	0.38
194100	0.38	0.45	0.45	0	0	0.38
194200	0.38	0.45	0.45	0	0	0.38
194300	0.38	0.45	0.45	0	0	0.38
194400	0.38	0.45	0.45	0	0	0.38
194500	0.38	0.45	0.45	0	0	0.38
194600	0.38	0.45	0.45	0	0	0.38
194700	0.38	0.45	0.45	0	0	0.38
194800	0.39	0.45	0.45	0	0	0.39
194900	0.39	0.45	0.45	0	0	0.39
195000	0.39	0.45	0.45	0	0	0.39
195100	0.39	0.45	0.45	0	0	0.39
195200	0.39	0.45	0.45	0	0	0.39
195300	0.39	0.45	0.45	0	0	0.39
195400	0.39	0.45	0.45	0	0	0.39
195500	0.39	0.45	0.45	0	0	0.39
195600	0.39	0.45	0.45	0	0	0.39
195700	0.39	0.45	0.45	0	0	0.39
195800	0.39	0.45	0.45	0	0	0.39
195900	0.39	0.45	0.45	0	0	0.39
196000	0.39	0.45	0.45	0	0	0.39
196100	0.41	0.45	0.45	0	0	0.41
196200	0.41	0.45	0.45	0	0	0.41
196300	0.4	0.45	0.45	0	0	0.4
196400	0.4	0.45	0.45	0	0	0.4
196500	0.4	0.45	0.45	0	0	0.4
196600	0.4	0.45	0.45	0	0	0.4
196700	0.4	0.45	0.45	0	0	0.4
196800	0.4	0.45	0.45	0	0	0.4
196900	0.4	0.45	0.45	0	0	0.4
197000	0.4	0.45	0.45	0	0	0.4
197100	0.4	0.45	0.45	0	0	0.4
197200	0.4	0.45	0.45	0	0	0.4
197300	0.4	0.45	0.45	0	0	0.4
197400	0.4	0.46	0.46	0	0	0.4
197500	0.4	0.46	0.46	0	0	0.4
197600	0.4	0.46	0.46	0	0	0.4
197700	0.4	0.47	0.47	0	0	0.4
197800	0.4	0.46	0.46	0	0	0.4
197900	0.4	0.46	0.46	0	0	0.4
198000	0.41	0.46	0.46	0	0	0.41
198100	0.41	0.46	0.46	0	0	0.41
198200	0.41	0.46	0.46	0	0	0.41
198300	0.41	0.46	0.46	0	0	0.41
198400	0.41	0.46	0.46	0	0	0.41
198500	0.41	0.46	0.46	0	0	0.41
198600	0.41	0.46	0.46	0	0	0.41
198700	0.41	0.46	0.46	0	0	0.41
198800	0.41	0.46	0.46	0	0	0.41
198900	0.41	0.46	0.46	0	0	0.41
199000	0.41	0.46	0.46	0	0	0.41
199100	0.41	0.46	0.46	0	0	0.41
199200	0.41	0.46	0.46	0	0	0.41
199300	0.41	0.46	0.46	0	0	0.41
199400	0.41	0.46	0.46	0	0	0.41
199500	0.41	0.46	0.46	0	0	0.41
199600	0.41	0.46	0.46	0	0	0.41
199700	0.41	0.46	0.46	0	0	0.41
199800	0.41	0.46	0.46	0	0	0.41
199900	0.41	0.46	0.46	0	0	0.41
200000	0.41	0.46	0.46	0	0	0.41
200100	0.41	0.46	0.46	0	0	0.41
200200	0.41	0.46	0.46	0	0	0.41
200300	0.41	0.46	0.46	0	0	0.41
200400	0.41	0.46	0.46	0	0	0.41
200500	0.41	0.46	0.46	0	0	0.41
200600	0.41	0.46	0.46	0	0	0.41
200700	0.42	0.46	0.46	0	0	0.42
200800	0.41	0.46	0.46	0	0	0.41
200900	0.41	0.46	0.46	0	0	0.41
201000	0.41	0.46	0.46	0	0	0.41
201100	0.41	0.46	0.46	0	0	0.41
201200	0.41	0.46	0.46	0	0	0.41
201300	0.41	0.46	0.46	0	0	0.41
201400	0.41	0.46	0.46	0	0	0.41
201500	0.41	0.47	0.47	0	0	0.41
201600	0.41	0.46	0.46	0	0	0.41
201700	0.41	0.46	0.46	0	0	0.41
201800	0.41	0.46	0.46	0	0	0.41
201900	0.41	0.46	0.46	0	0	0.41
202000	0.41	0.46	0.46	0	0	0.41
202100	0.41	0.46	0.46	0	0	0.41
202200	0.41	0.46	0.46	0	0	0.41
202300	0.41	0.46	0.46	0	0	0.41
202400	0.42	0.46	0.46	0	0	0.42
202500	0.42	0.46	0.46	0	0	0.42
202600	0.41	0.46	0.46	0	0	0.41
202700	0.41	0.46	0.46	0	0	0.41
202800	0.41	0.46	0.46	0	0	0.41
202900	0.41	0.46	0.46	0	0	0.41
203000	0.41	0.46	0.46	0	0	0.41
203100	0.41	0.46	0.46	0	0	0.41
203200	0.41	0.46	0.46	0	0	0.41
203300	0.41	0.46	0.46	0	0	0.41
203400	0.41	0.46	0.46	0	0	0.41
203500	0.41	0.46	0.46	0	0	0.41
203600	0.41	0.46	0.46	0	0	0.41
203700	0.41	0.46	0.46	0	0	0.41
203800	0.41	0.46	0.46	0	0	0.41
203900	0.41	0.46	0.46	0	0	0.41
204000	0.41	0.46	0.46	0	0	0.41
204100	0.41	0.46	0.46	0	0	0.41
204200	0.41	0.46	0.46	0	0	0.41
204300	0.41	0.46	0.46	0	0	0.41
204400	0.41	0.46	0.46	0	0	0.41
204500	0.41	0.46	0.46	0	0	0.41
204600	0.41	0.47	0.47	0	0	0.41
204700	0.41	0.46	0.46	0	0	0.41
204800	0.4	0.46	0.46	0	0	0.4
204900	0.4	0.46	0.46	0	0	0.4
205000	0.4	0.46	0.46	0	0	0.4
205100	0.4	0.46	0.46	0	0	0.4
205200	0.4	0.46	0.46	0	0	0.4
205300	0.4	0.46	0.46	0	0	0.4
205400	0.4	0.46	0.46	0	0	0.4
205500	0.4	0.46	0.46	0	0	0.4
205600	0.4	0.46	0.46	0	0	0.4
205700	0.4	0.46	0.46	0	0	0.4
205800	0.4	0.46	0.46	0	0	0.4
205900	0.4	0.46	0.46	0	0	0.4
206000	0.4	0.46	0.46	0	0	0.4
206100	0.4	0.47	0.47	0	0	0.4
206200	0.4	0.46	0.46	0	0	0.4
206300	0.4	0.46	0.46	0	0	0.4
206400	0.4	0.46	0.46	0	0	0.4
206500	0.4	0.46	0.46	0	0	0.4
206600	0.4	0.46	0.46	0	0	0.4
206700	0.4	0.46	0.46	0	0	0.4
206800	0.4	0.46	0.46	0	0	0.4
206900	0.4	0.46	0.46	0	0	0.4
207000	0.4	0.46	0.46	0	0	0.4
207100	0.4	0.46	0.46	0	0	0.4
207200	0.4	0.46	0.46	0	0	0.4
207300	0.4	0.46	0.46	0	0	0.4
207400	0.4	0.46	0.46	0	0	0.4
207500	0.4	0.46	0.46	0	0	0.4
207600	0.4	0.46	0.46	0	0	0.4
207700	0.4	0.46	0.46	0	0	0.4
207800	0.4	0.46	0.46	0	0	0.4
207900	0.4	0.46	0.46	0	0	0.4
208000	0.4	0.46	0.46	0	0	0.4
208100	0.4	0.46	0.46	0	0	0.4
208200	0.4	0.46	0.46	0	0	0.4
208300	0.4	0.46	0.46	0	0	0.4
208400	0.4	0.46	0.46	0	0	0.4
208500	0.4	0.46	0.46	0	0	0.4
208600	0.4	0.46	0.46	0	0	0.4
208700	0.4	0.46	0.46	0	0	0.4
208800	0.4	0.46	0.46	0	0	0.4
208900	0.41	0.46	0.46	0	0	0.41
209000	0.4	0.46	0.46	0	0	0.4
209100	0.4	0.46	0.46	0	0	0.4
209200	0.4	0.46	0.46	0	0	0.4
209300	0.4	0.46	0.46	0	0	0.4
209400	0.4	0.46	0.46	0	0	0.4
209500	0.4	0.46	0.46	0	0	0.4
209600	0.4	0.46	0.46	0	0	0.4
209700	0.4	0.46	0.46	0	0	0.4
209800	0.4	0.46	0.46	0	0	0.4
209900	0.4	0.46	0.46	0	0	0.4
210000	0.4	0.46	0.46	0	0	0.4
210100	0.4	0.46	0.46	0	0	0.4
210200	0.4	0.46	0.46	0	0	0.4
210300	0.4	0.46	0.46	0	0	0.4
210400	0.4	0.46	0.46	0	0	0.4
210500	0.4	0.46	0.46	0	0	0.4
210600	0.4	0.46	0.46	0	0	0.4
210700	0.4	0.46	0.46	0	0	0.4
210800	0.4	0.46	0.46	0	0	0.4
210900	0.4	0.46	0.46	0	0	0.4
211000	0.4	0.46	0.46	0	0	0.4
211100	0.4	0.46	0.46	0	0	0.4
211200	0.4	0.46	0.46	0	0	0.4
211300	0.4	0.45	0.45	0	0	0.4
211400	0.4	0.45	0.45	0	0	0.4
211500	0.4	0.45	0.45	0	0	0.4
211600	0.4	0.45	0.45	0	0	0.4
211700	0.4	0.45	0.45	0	0	0.4
211800	0.4	0.45	0.45	0	0	0.4
211900	0.4	0.45	0.45	0	0	0.4
212000	0.4	0.45	0.45	0	0	0.4
212100	0.4	0.45	0.45	0	0	0.4
212200	0.4	0.45	0.45	0	0	0.4
212300	0.4	0.45	0.45	0	0	0.4
212400	0.4	0.45	0.45	0	0	0.4
212500	0.4	0.45	0.45	0	0	0.4
212600	0.4	0.45	0.45	0	0	0.4
212700	0.4	0.45	0.45	0	0	0.4
212800	0.4	0.45	0.45	0	0	0.4
212900	0.4	0.45	0.45	0	0	0.4
213000	0.4	0.45	0.45	0	0	0.4
213100	0.4	0.45	0.45	0	0	0.4
213200	0.4	0.45	0.45	0	0	0.4
213300	0.4	0.45	0.45	0	0	0.4
213400	0.4	0.45	0.45	0	0	0.4
213500	0.4	0.45	0.45	0	0	0.4
213600	0.4	0.45	0.45	0	0	0.4
213700	0.4	0.45	0.45	0	0	0.4
213800	0.4	0.45	0.45	0	0	0.4
213900	0.4	0.45	0.45	0	0	0.4
214000	0.4	0.45	0.45	0	0	0.4
214100	0.4	0.45	0.45	0	0	0.4
214200	0.4	0.45	0.45	0	0	0.4
214300	0.4	0.45	0.45	0	0	0.4
214400	0.4	0.45	0.45	0	0	0.4
214500	0.4	0.45	0.45	0	0	0.4
214600	0.41	0.45	0.45	0	0	0.41
214700	0.41	0.45	0.45	0	0	0.41
214800	0.41	0.45	0.45	0	0	0.41
214900	0.41	0.45	0.45	0	0	0.41
215000	0.41	0.45	0.45	0	0	0.41
215100	0.41	0.45	0.45	0	0	0.41
215200	0.41	0.45	0.45	0	0	0.41
215300	0.41	0.45	0.45	0	0	0.41
215400	0.41	0.45	0.45	0	0	0.41
215500	0.41	0.45	0.45	0	0	0.41
215600	0.41	0.45	0.45	0	0	0.41
215700	0.41	0.45	0.45	0	0	0.41
215800	0.41	0.45	0.45	0	0	0.41
215900	0.41	0.45	0.45	0	0	0.41
216000	0.41	0.45	0.45	0	0	0.41
216100	0.41	0.45	0.45	0	0	0.41
216200	0.41	0.45	0.45	0	0	0.41
216300	0.41	0.45	0.45	0	0	0.41
216400	0.41	0.45	0.45	0	0	0.41
216500	0.41	0.45	0.45	0	0	0.41
216600	0.41	0.45	0.45	0	0	0.41
216700	0.41	0.45	0.45	0	0	0.41
216800	0.41	0.45	0.45	0	0	0.41
216900	0.41	0.45	0.45	0	0	0.41
217000	0.41	0.45	0.45	0	0	0.41
217100	0.41	0.45	0.45	0	0	0.41
217200	0.41	0.45	0.45	0	0	0.41
217300	0.41	0.45	0.45	0	0	0.41
217400	0.41	0.45	0.45	0	0	0.41
217500	0.41	0.45	0.45	0	0	0.41
217600	0.41	0.45	0.45	0	0	0.41
217700	0.41	0.45	0.45	0	0	0.41
217800	0.41	0.45	0.45	0	0	0.41
217900	0.41	0.45	0.45	0	0	0.41
218000	0.41	0.45	0.45	0	0	0.41
218100	0.41	0.45	0.45	0	0	0.41
218200	0.41	0.45	0.45	0	0	0.41
218300	0.41	0.46	0.46	0	0	0.41
218400	0.41	0.46	0.46	0	0	0.41
218500	0.41	0.46	0.46	0	0	0.41
218600	0.41	0.46	0.46	0	0	0.41
218700	0.41	0.46	0.46	0	0	0.41
218800	0.41	0.46	0.46	0	0	0.41
218900	0.41	0.46	0.46	0	0	0.41
219000	0.41	0.46	0.46	0	0	0.41
219100	0.41	0.46	0.46	0	0	0.41
219200	0.41	0.46	0.46	0	0	0.41
219300	0.41	0.46	0.46	0	0	0.41
219400	0.41	0.46	0.46	0	0	0.41
219500	0.41	0.46	0.46	0	0	0.41
219600	0.41	0.46	0.46	0	0	0.41
219700	0.41	0.46	0.46	0	0	0.41
219800	0.41	0.46	0.46	0	0	0.41
219900	0.41	0.46	0.46	0	0	0.41
220000	0.41	0.46	0.46	0	0	0.41
220100	0.41	0.46	0.46	0	0	0.41
220200	0.41	0.46	0.46	0	0	0.41
220300	0.41	0.46	0.46	0	0	0.41
220400	0.41	0.46	0.46	0	0	0.41
220500	0.41	0.46	0.46	0	0	0.41
220600	0.42	0.46	0.46	0	0	0.42
220700	0.42	0.46	0.46	0	0	0.42
220800	0.42	0.46	0.46	0	0	0.42
220900	0.42	0.46	0.46	0	0	0.42
221000	0.42	0.46	0.46	0	0	0.42
221100	0.42	0.46	0.46	0	0	0.42
221200	0.43	0.46	0.46	0	0	0.43
221300	0.42	0.46	0.46	0	0	0.42
221400	0.42	0.46	0.46	0	0	0.42
221500	0.42	0.46	0.46	0	0	0.42
221600	0.42	0.46	0.46	0	0	0.42
221700	0.42	0.46	0.46	0	0	0.42
221800	0.42	0.46	0.46	0	0	0.42
221900	0.42	0.46	0.46	0	0	0.42
222000	0.42	0.46	0.46	0	0	0.42
222100	0.42	0.46	0.46	0	0	0.42
222200	0.42	0.46	0.46	0	0	0.42
222300	0.42	0.46	0.46	0	0	0.42
222400	0.42	0.46	0.46	0	0	0.42
222500	0.42	0.46	0.46	0	0	0.42
222600	0.42	0.46	0.46	0	0	0.42
222700	0.42	0.46	0.46	0	0	0.42
222800	0.42	0.46	0.46	0	0	0.42
222900	0.43	0.46	0.46	0	0	0.43
223000	0.43	0.46	0.46	0	0	0.43
223100	0.43	0.46	0.46	0	0	0.43
223200	0.43	0.46	0.46	0	0	0.43
223300	0.43	0.46	0.46	0	0	0.43
223400	0.43	0.46	0.46	0	0	0.43
223500	0.43	0.46	0.46	0	0	0.43
223600	0.43	0.46	0.46	0	0	0.43
223700	0.43	0.46	0.46	0	0	0.43
223800	0.43	0.46	0.46	0	0	0.43
223900	0.43	0.46	0.46	0	0	0.43
224000	0.43	0.46	0.46	0	0	0.43
224100	0.43	0.46	0.46	0	0	0.43
224200	0.43	0.46	0.46	0	0	0.43
224300	0.43	0.46	0.46	0	0	0.43
224400	0.43	0.46	0.46	0	0	0.43
224500	0.43	0.46	0.46	0	0	0.43
224600	0.43	0.46	0.46	0	0	0.43
224700	0.43	0.46	0.46	0	0	0.43
224800	0.43	0.46	0.46	0	0	0.43
224900	0.43	0.46	0.46	0	0	0.43
225000	0.43	0.46	0.46	0	0	0.43
225100	0.43	0.46	0.46	0	0	0.43
225200	0.43	0.46	0.46	0	0	0.43
225300	0.43	0.46	0.46	0	0	0.43
225400	0.43	0.46	0.46	0	0	0.43
225500	0.43	0.46	0.46	0	0	0.43
225600	0.43	0.46	0.46	0	0	0.43
225700	0.43	0.46	0.46	0	0	0.43
225800	0.43	0.46	0.46	0	0	0.43
225900	0.43	0.46	0.46	0	0	0.43
226000	0.42	0.46	0.46	0	0	0.42
226100	0.42	0.46	0.46	0	0	0.42
226200	0.42	0.46	0.46	0	0	0.42
226300	0.42	0.46	0.46	0	0	0.42
226400	0.42	0.46	0.46	0	0	0.42
226500	0.42	0.46	0.46	0	0	0.42
226600	0.42	0.46	0.46	0	0	0.42
226700	0.42	0.46	0.46	0	0	0.42
226800	0.42	0.46	0.46	0	0	0.42
226900	0.42	0.46	0.46	0	0	0.42
227000	0.42	0.46	0.46	0	0	0.42
227100	0.42	0.46	0.46	0	0	0.42
227200	0.41	0.46	0.46	0	0	0.41
227300	0.41	0.46	0.46	0	0	0.41
227400	0.41	0.46	0.46	0	0	0.41
227500	0.41	0.46	0.46	0	0	0.41
227600	0.4	0.46	0.46	0	0	0.4
227700	0.39	0.46	0.46	0	0	0.39
227800	0.39	0.46	0.46	0	0	0.39
227900	0.39	0.46	0.46	0	0	0.39
228000	0.39	0.46	0.46	0	0	0.39
228100	0.39	0.46	0.46	0	0	0.39
228200	0.39	0.46	0.46	0	0	0.39
228300	0.39	0.46	0.46	0	0	0.39
228400	0.39	0.46	0.46	0	0	0.39
228500	0.39	0.46	0.46	0	0	0.39
228600	0.39	0.46	0.46	0	0	0.39
228700	0.39	0.46	0.46	0	0	0.39
228800	0.39	0.46	0.46	0	0	0.39
228900	0.39	0.46	0.46	0	0	0.39
229000	0.39	0.46	0.46	0	0	0.39
229100	0.38	0.46	0.46	0	0	0.38
229200	0.38	0.46	0.46	0	0	0.38
229300	0.38	0.46	0.46	0	0	0.38
229400	0.38	0.46	0.46	0	0	0.38
229500	0.38	0.46	0.46	0	0	0.38
229600	0.38	0.46	0.46	0	0	0.38
229700	0.38	0.46	0.46	0	0	0.38
229800	0.38	0.46	0.46	0	0	0.38
229900	0.38	0.46	0.46	0	0	0.38
230000	0.38	0.46	0.46	0	0	0.38
230100	0.38	0.46	0.46	0	0	0.38
230200	0.38	0.46	0.46	0	0	0.38
230300	0.38	0.46	0.46	0	0	0.38
230400	0.38	0.46	0.46	0	0	0.38
230500	0.38	0.46	0.46	0	0	0.38
230600	0.38	0.46	0.46	0	0	0.38
230700	0.38	0.46	0.46	0	0	0.38
230800	0.38	0.46	0.46	0	0	0.38
230900	0.38	0.46	0.46	0	0	0.38
231000	0.38	0.46	0.46	0	0	0.38
231100	0.38	0.47	0.47	0	0	0.38
231200	0.38	0.46	0.46	0	0	0.38
231300	0.38	0.46	0.46	0	0	0.38
231400	0.38	0.46	0.46	0	0	0.38
231500	0.38	0.45	0.45	0	0	0.38
231600	0.38	0.45	0.45	0	0	0.38
231700	0.38	0.45	0.45	0	0	0.38
231800	0.38	0.45	0.45	0	0	0.38
231900	0.38	0.45	0.45	0	0	0.38
232000	0.38	0.45	0.45	0	0	0.38
232100	0.38	0.45	0.45	0	0	0.38
232200	0.38	0.45	0.45	0	0	0.38
232300	0.38	0.45	0.45	0	0	0.38
232400	0.38	0.45	0.45	0	0	0.38
232500	0.38	0.45	0.45	0	0	0.38
232600	0.38	0.45	0.45	0	0	0.38
232700	0.38	0.45	0.45	0	0	0.38
232800	0.38	0.45	0.45	0	0	0.38
232900	0.38	0.45	0.45	0	0	0.38
233000	0.38	0.45	0.45	0	0	0.38
233100	0.38	0.45	0.45	0	0	0.38
233200	0.38	0.45	0.45	0	0	0.38
233300	0.38	0.45	0.45	0	0	0.38
233400	0.39	0.46	0.46	0	0	0.39
233500	0.39	0.46	0.46	0	0	0.39
233600	0.39	0.46	0.46	0	0	0.39
233700	0.39	0.46	0.46	0	0	0.39
233800	0.39	0.46	0.46	0	0	0.39
233900	0.39	0.46	0.46	0	0	0.39
234000	0.39	0.46	0.46	0	0	0.39
234100	0.39	0.46	0.46	0	0	0.39
234200	0.39	0.46	0.46	0	0	0.39
234300	0.39	0.45	0.45	0	0	0.39
234400	0.39	0.45	0.45	0	0	0.39
234500	0.39	0.45	0.45	0	0	0.39
234600	0.39	0.45	0.45	0	0	0.39
234700	0.39	0.46	0.46	0	0	0.39
234800	0.39	0.46	0.46	0	0	0.39
234900	0.39	0.46	0.46	0	0	0.39
235000	0.39	0.46	0.46	0	0	0.39
235100	0.39	0.46	0.46	0	0	0.39
235200	0.39	0.46	0.46	0	0	0.39
235300	0.39	0.46	0.46	0	0	0.39
235400	0.39	0.46	0.46	0	0	0.39
235500	0.39	0.46	0.46	0	0	0.39
235600	0.39	0.46	0.46	0	0	0.39
235700	0.39	0.46	0.46	0	0	0.39
235800	0.39	0.46	0.46	0	0	0.39
235900	0.39	0.46	0.46	0	0	0.39
236000	0.39	0.45	0.45	0	0	0.39
236100	0.39	0.45	0.45	0	0	0.39
236200	0.4	0.45	0.45	0	0	0.4
236300	0.4	0.46	0.46	0	0	0.4
236400	0.4	0.45	0.45	0	0	0.4
236500	0.4	0.45	0.45	0	0	0.4
236600	0.4	0.45	0.45	0	0	0.4
236700	0.4	0.45	0.45	0	0	0.4
236800	0.4	0.45	0.45	0	0	0.4
236900	0.39	0.45	0.45	0	0	0.39
237000	0.39	0.43	0.43	0	0	0.39
237100	0.39	0.43	0.43	0	0	0.39
237200	0.39	0.43	0.43	0	0	0.39
237300	0.39	0.43	0.43	0	0	0.39
237400	0.39	0.43	0.43	0	0	0.39
237500	0.39	0.43	0.43	0	0	0.39
237600	0.39	0.43	0.43	0	0	0.39
237700	0.39	0.43	0.43	0	0	0.39
237800	0.39	0.43	0.43	0	0	0.39
237900	0.39	0.43	0.43	0	0	0.39
238000	0.39	0.43	0.43	0	0	0.39
238100	0.39	0.43	0.43	0	0	0.39
238200	0.39	0.44	0.44	0	0	0.39
238300	0.39	0.43	0.43	0	0	0.39
238400	0.39	0.43	0.43	0	0	0.39
238500	0.39	0.43	0.43	0	0	0.39
238600	0.39	0.43	0.43	0	0	0.39
238700	0.39	0.43	0.43	0	0	0.39
238800	0.39	0.43	0.43	0	0	0.39
238900	0.39	0.44	0.44	0	0	0.39
239000	0.39	0.43	0.43	0	0	0.39
239100	0.39	0.43	0.43	0	0	0.39
239200	0.39	0.43	0.43	0	0	0.39
239300	0.39	0.43	0.43	0	0	0.39
239400	0.39	0.43	0.43	0	0	0.39
239500	0.39	0.43	0.43	0	0	0.39
239600	0.39	0.43	0.43	0	0	0.39
239700	0.39	0.43	0.43	0	0	0.39
239800	0.39	0.43	0.43	0	0	0.39
239900	0.39	0.43	0.43	0	0	0.39
240000	0.39	0.43	0.43	0	0	0.39
240100	0.39	0.43	0.43	0	0	0.39
240200	0.39	0.43	0.43	0	0	0.39
240300	0.39	0.43	0.43	0	0	0.39
240400	0.39	0.43	0.43	0	0	0.39
240500	0.39	0.43	0.43	0	0	0.39
240600	0.4	0.43	0.43	0	0	0.4
240700	0.4	0.43	0.43	0	0	0.4
240800	0.4	0.43	0.43	0	0	0.4
240900	0.4	0.43	0.43	0	0	0.4
241000	0.39	0.43	0.43	0	0	0.39
241100	0.39	0.43	0.43	0	0	0.39
241200	0.4	0.43	0.43	0	0	0.4
241300	0.4	0.44	0.44	0	0	0.4
241400	0.41	0.44	0.44	0	0	0.41
241500	0.41	0.44	0.44	0	0	0.41
241600	0.41	0.44	0.44	0	0	0.41
241700	0.41	0.44	0.44	0	0	0.41
241800	0.41	0.44	0.44	0	0	0.41
241900	0.4	0.44	0.44	0	0	0.4
242000	0.41	0.44	0.44	0	0	0.41
242100	0.41	0.44	0.44	0	0	0.41
242200	0.41	0.44	0.44	0	0	0.41
242300	0.41	0.44	0.44	0	0	0.41
242400	0.41	0.44	0.44	0	0	0.41
242500	0.41	0.44	0.44	0	0	0.41
242600	0.41	0.44	0.44	0	0	0.41
242700	0.41	0.44	0.44	0	0	0.41
242800	0.41	0.44	0.44	0	0	0.41
242900	0.41	0.44	0.44	0	0	0.41
243000	0.41	0.44	0.44	0	0	0.41
243100	0.41	0.44	0.44	0	0	0.41
243200	0.41	0.44	0.44	0	0	0.41
243300	0.41	0.44	0.44	0	0	0.41
243400	0.41	0.44	0.44	0	0	0.41
243500	0.41	0.44	0.44	0	0	0.41
243600	0.41	0.45	0.45	0	0	0.41
243700	0.41	0.45	0.45	0	0	0.41
243800	0.41	0.45	0.45	0	0	0.41
243900	0.41	0.45	0.45	0	0	0.41
244000	0.41	0.45	0.45	0	0	0.41
244100	0.41	0.45	0.45	0	0	0.41
244200	0.41	0.45	0.45	0	0	0.41
244300	0.42	0.45	0.45	0	0	0.42
244400	0.41	0.45	0.45	0	0	0.41
244500	0.41	0.45	0.45	0	0	0.41
244600	0.41	0.46	0.46	0	0	0.41
244700	0.41	0.45	0.45	0	0	0.41
244800	0.41	0.45	0.45	0	0	0.41
244900	0.41	0.45	0.45	0	0	0.41
245000	0.41	0.45	0.45	0	0	0.41
245100	0.41	0.45	0.45	0	0	0.41
245200	0.41	0.45	0.45	0	0	0.41
245300	0.41	0.45	0.45	0	0	0.41
245400	0.41	0.45	0.45	0	0	0.41
245500	0.41	0.45	0.45	0	0	0.41
245600	0.41	0.45	0.45	0	0	0.41
245700	0.41	0.45	0.45	0	0	0.41
245800	0.41	0.45	0.45	0	0	0.41
245900	0.41	0.45	0.45	0	0	0.41
246000	0.41	0.45	0.45	0	0	0.41
246100	0.41	0.45	0.45	0	0	0.41
246200	0.41	0.45	0.45	0	0	0.41
246300	0.41	0.45	0.45	0	0	0.41
246400	0.41	0.45	0.45	0	0	0.41
246500	0.41	0.45	0.45	0	0	0.41
246600	0.41	0.45	0.45	0	0	0.41
246700	0.41	0.45	0.45	0	0	0.41
246800	0.41	0.45	0.45	0	0	0.41
246900	0.41	0.45	0.45	0	0	0.41
247000	0.41	0.45	0.45	0	0	0.41
247100	0.41	0.45	0.45	0	0	0.41
247200	0.41	0.45	0.45	0	0	0.41
247300	0.41	0.45	0.45	0	0	0.41
247400	0.41	0.45	0.45	0	0	0.41
247500	0.41	0.45	0.45	0	0	0.41
247600	0.41	0.45	0.45	0	0	0.41
247700	0.41	0.45	0.45	0	0	0.41
247800	0.41	0.45	0.45	0	0	0.41
247900	0.41	0.45	0.45	0	0	0.41
248000	0.41	0.45	0.45	0	0	0.41
248100	0.41	0.45	0.45	0	0	0.41
248200	0.41	0.45	0.45	0	0	0.41
248300	0.41	0.45	0.45	0	0	0.41
248400	0.41	0.45	0.45	0	0	0.41
248500	0.41	0.45	0.45	0	0	0.41
248600	0.41	0.45	0.45	0	0	0.41
248700	0.41	0.45	0.45	0	0	0.41
248800	0.41	0.45	0.45	0	0	0.41
248900	0.41	0.45	0.45	0	0	0.41
249000	0.41	0.45	0.45	0	0	0.41
249100	0.41	0.45	0.45	0	0	0.41
249200	0.41	0.45	0.45	0	0	0.41
249300	0.41	0.45	0.45	0	0	0.41
249400	0.41	0.45	0.45	0	0	0.41
249500	0.41	0.45	0.45	0	0	0.41
249600	0.41	0.45	0.45	0	0	0.41
249700	0.41	0.45	0.45	0	0	0.41
249800	0.41	0.45	0.45	0	0	0.41
249900	0.41	0.45	0.45	0	0	0.41
250000	0.41	0.45	0.45	0	0	0.41
250100	0.41	0.45	0.45	0	0	0.41
250200	0.41	0.45	0.45	0	0	0.41
250300	0.41	0.45	0.45	0	0	0.41
250400	0.41	0.45	0.45	0	0	0.41
250500	0.41	0.45	0.45	0	0	0.41
250600	0.41	0.45	0.45	0	0	0.41
250700	0.41	0.45	0.45	0	0	0.41
250800	0.41	0.45	0.45	0	0	0.41
250900	0.41	0.45	0.45	0	0	0.41
251000	0.42	0.45	0.45	0	0	0.42
251100	0.41	0.45	0.45	0	0	0.41
251200	0.41	0.45	0.45	0	0	0.41
251300	0.41	0.45	0.45	0	0	0.41
251400	0.41	0.45	0.45	0	0	0.41
251500	0.41	0.45	0.45	0	0	0.41
251600	0.41	0.45	0.45	0	0	0.41
251700	0.41	0.45	0.45	0	0	0.41
251800	0.41	0.45	0.45	0	0	0.41
251900	0.41	0.45	0.45	0	0	0.41
252000	0.42	0.45	0.45	0	0	0.42
252100	0.42	0.45	0.45	0	0	0.42
252200	0.42	0.45	0.45	0	0	0.42
252300	0.42	0.45	0.45	0	0	0.42
252400	0.42	0.45	0.45	0	0	0.42
252500	0.42	0.45	0.45	0	0	0.42
252600	0.42	0.45	0.45	0	0	0.42
252700	0.41	0.45	0.45	0	0	0.41
252800	0.41	0.45	0.45	0	0	0.41
252900	0.41	0.45	0.45	0	0	0.41
253000	0.41	0.45	0.45	0	0	0.41
253100	0.41	0.45	0.45	0	0	0.41
253200	0.41	0.45	0.45	0	0	0.41
253300	0.41	0.45	0.45	0	0	0.41
253400	0.41	0.45	0.45	0	0	0.41
253500	0.41	0.45	0.45	0	0	0.41
253600	0.41	0.45	0.45	0	0	0.41
253700	0.41	0.45	0.45	0	0	0.41
253800	0.42	0.45	0.45	0	0	0.42
253900	0.42	0.45	0.45	0	0	0.42
254000	0.42	0.45	0.45	0	0	0.42
254100	0.42	0.45	0.45	0	0	0.42
254200	0.42	0.45	0.45	0	0	0.42
254300	0.42	0.45	0.45	0	0	0.42
254400	0.42	0.45	0.45	0	0	0.42
254500	0.42	0.45	0.45	0	0	0.42
254600	0.42	0.45	0.45	0	0	0.42
254700	0.42	0.45	0.45	0	0	0.42
254800	0.42	0.45	0.45	0	0	0.42
254900	0.42	0.45	0.45	0	0	0.42
255000	0.42	0.45	0.45	0	0	0.42
255100	0.42	0.45	0.45	0	0	0.42
255200	0.42	0.45	0.45	0	0	0.42
255300	0.42	0.45	0.45	0	0	0.42
255400	0.42	0.45	0.45	0	0	0.42
255500	0.42	0.45	0.45	0	0	0.42
255600	0.42	0.45	0.45	0	0	0.42
255700	0.42	0.45	0.45	0	0	0.42
255800	0.42	0.45	0.45	0	0	0.42
255900	0.42	0.45	0.45	0	0	0.42
256000	0.42	0.45	0.45	0	0	0.42
256100	0.42	0.45	0.45	0	0	0.42
256200	0.42	0.45	0.45	0	0	0.42
256300	0.42	0.45	0.45	0	0	0.42
256400	0.42	0.45	0.45	0	0	0.42
256500	0.42	0.45	0.45	0	0	0.42
256600	0.42	0.45	0.45	0	0	0.42
256700	0.42	0.45	0.45	0	0	0.42
256800	0.42	0.45	0.45	0	0	0.42
256900	0.42	0.45	0.45	0	0	0.42
257000	0.42	0.45	0.45	0	0	0.42
257100	0.42	0.45	0.45	0	0	0.42
257200	0.42	0.45	0.45	0	0	0.42
257300	0.42	0.45	0.45	0	0	0.42
257400	0.42	0.45	0.45	0	0	0.42
257500	0.42	0.45	0.45	0	0	0.42
257600	0.42	0.45	0.45	0	0	0.42
257700	0.42	0.45	0.45	0	0	0.42
257800	0.42	0.45	0.45	0	0	0.42
257900	0.42	0.45	0.45	0	0	0.42
258000	0.42	0.45	0.45	0	0	0.42
258100	0.42	0.45	0.45	0	0	0.42
258200	0.42	0.45	0.45	0	0	0.42
258300	0.42	0.45	0.45	0	0	0.42
258400	0.42	0.45	0.45	0	0	0.42
258500	0.42	0.45	0.45	0	0	0.42
258600	0.42	0.46	0.46	0	0	0.42
258700	0.42	0.45	0.45	0	0	0.42
258800	0.42	0.45	0.45	0	0	0.42
258900	0.42	0.45	0.45	0	0	0.42
259000	0.42	0.45	0.45	0	0	0.42
259100	0.42	0.45	0.45	0	0	0.42
259200	0.42	0.45	0.45	0	0	0.42
259300	0.42	0.45	0.45	0	0	0.42
259400	0.42	0.45	0.45	0	0	0.42
259500	0.42	0.45	0.45	0	0	0.42
259600	0.42	0.45	0.45	0	0	0.42
259700	0.42	0.45	0.45	0	0	0.42
259800	0.42	0.45	0.45	0	0	0.42
259900	0.42	0.45	0.45	0	0	0.42
260000	0.42	0.45	0.45	0	0	0.42
260100	0.42	0.45	0.45	0	0	0.42
260200	0.42	0.45	0.45	0	0	0.42
260300	0.42	0.45	0.45	0	0	0.42
260400	0.42	0.45	0.45	0	0	0.42
260500	0.42	0.45	0.45	0	0	0.42
260600	0.42	0.45	0.45	0	0	0.42
260700	0.42	0.45	0.45	0	0	0.42
260800	0.42	0.45	0.45	0	0	0.42
260900	0.42	0.45	0.45	0	0	0.42
261000	0.42	0.45	0.45	0	0	0.42
261100	0.42	0.45	0.45	0	0	0.42
261200	0.42	0.45	0.45	0	0	0.42
261300	0.42	0.45	0.45	0	0	0.42
261400	0.42	0.45	0.45	0	0	0.42
261500	0.42	0.45	0.45	0	0	0.42
261600	0.42	0.45	0.45	0	0	0.42
261700	0.42	0.45	0.45	0	0	0.42
261800	0.42	0.45	0.45	0	0	0.42
261900	0.42	0.45	0.45	0	0	0.42
262000	0.42	0.45	0.45	0	0	0.42
262100	0.42	0.45	0.45	0	0	0.42
262200	0.42	0.45	0.45	0	0	0.42
262300	0.42	0.45	0.45	0	0	0.42
262400	0.42	0.45	0.45	0	0	0.42
262500	0.42	0.45	0.45	0	0	0.42
262600	0.42	0.45	0.45	0	0	0.42
262700	0.42	0.45	0.45	0	0	0.42
262800	0.42	0.45	0.45	0	0	0.42
262900	0.42	0.45	0.45	0	0	0.42
263000	0.42	0.45	0.45	0	0	0.42
263100	0.42	0.45	0.45	0	0	0.42
263200	0.42	0.45	0.45	0	0	0.42
263300	0.42	0.45	0.45	0	0	0.42
263400	0.42	0.45	0.45	0	0	0.42
263500	0.42	0.45	0.45	0	0	0.42
263600	0.42	0.45	0.45	0	0	0.42
263700	0.42	0.45	0.45	0	0	0.42
263800	0.42	0.45	0.45	0	0	0.42
263900	0.42	0.45	0.45	0	0	0.42
264000	0.42	0.45	0.45	0	0	0.42
264100	0.42	0.45	0.45	0	0	0.42
264200	0.42	0.45	0.45	0	0	0.42
264300	0.42	0.45	0.45	0	0	0.42
264400	0.42	0.45	0.45	0	0	0.42
264500	0.42	0.45	0.45	0	0	0.42
264600	0.42	0.45	0.45	0	0	0.42
264700	0.42	0.45	0.45	0	0	0.42
264800	0.42	0.45	0.45	0	0	0.42
264900	0.42	0.45	0.45	0	0	0.42
265000	0.42	0.45	0.45	0	0	0.42
265100	0.43	0.45	0.45	0	0	0.43
265200	0.42	0.45	0.45	0	0	0.42
265300	0.42	0.45	0.45	0	0	0.42
265400	0.42	0.45	0.45	0	0	0.42
265500	0.42	0.45	0.45	0	0	0.42
265600	0.42	0.45	0.45	0	0	0.42
265700	0.42	0.45	0.45	0	0	0.42
265800	0.42	0.45	0.45	0	0	0.42
265900	0.42	0.45	0.45	0	0	0.42
266000	0.42	0.45	0.45	0	0	0.42
266100	0.42	0.45	0.45	0	0	0.42
266200	0.42	0.45	0.45	0	0	0.42
266300	0.43	0.44	0.44	0	0	0.43
266400	0.43	0.44	0.44	0	0	0.43
266500	0.43	0.44	0.44	0	0	0.43
266600	0.43	0.44	0.44	0	0	0.43
266700	0.43	0.44	0.44	0	0	0.43
266800	0.43	0.44	0.44	0	0	0.43
266900	0.43	0.44	0.44	0	0	0.43
267000	0.43	0.44	0.44	0	0	0.43
267100	0.43	0.44	0.44	0	0	0.43
267200	0.43	0.44	0.44	0	0	0.43
267300	0.43	0.44	0.44	0	0	0.43
267400	0.43	0.44	0.44	0	0	0.43
267500	0.44	0.44	0.44	0	0	0.44
267600	0.43	0.44	0.44	0	0	0.43
267700	0.43	0.44	0.44	0	0	0.43
267800	0.43	0.44	0.44	0	0	0.43
267900	0.43	0.44	0.44	0	0	0.43
268000	0.43	0.44	0.44	0	0	0.43
268100	0.43	0.44	0.44	0	0	0.43
268200	0.43	0.44	0.44	0	0	0.43
268300	0.43	0.44	0.44	0	0	0.43
268400	0.43	0.44	0.44	0	0	0.43
268500	0.43	0.44	0.44	0	0	0.43
268600	0.43	0.44	0.44	0	0	0.43
268700	0.43	0.44	0.44	0	0	0.43
268800	0.43	0.44	0.44	0	0	0.43
268900	0.43	0.44	0.44	0	0	0.43
269000	0.43	0.44	0.44	0	0	0.43
269100	0.43	0.44	0.44	0	0	0.43
269200	0.43	0.44	0.44	0	0	0.43
269300	0.43	0.44	0.44	0	0	0.43
269400	0.43	0.44	0.44	0	0	0.43
269500	0.43	0.44	0.44	0	0	0.43
269600	0.43	0.44	0.44	0	0	0.43
269700	0.43	0.44	0.44	0	0	0.43
269800	0.43	0.44	0.44	0	0	0.43
269900	0.43	0.44	0.44	0	0	0.43
270000	0.43	0.44	0.44	0	0	0.43
270100	0.43	0.44	0.44	0	0	0.43
270200	0.43	0.44	0.44	0	0	0.43
270300	0.43	0.44	0.44	0	0	0.43
270400	0.43	0.44	0.44	0	0	0.43
270500	0.43	0.44	0.44	0	0	0.43
270600	0.43	0.44	0.44	0	0	0.43
270700	0.43	0.44	0.44	0	0	0.43
270800	0.43	0.44	0.44	0	0	0.43
270900	0.43	0.44	0.44	0	0	0.43
271000	0.43	0.44	0.44	0	0	0.43
271100	0.43	0.44	0.44	0	0	0.43
271200	0.43	0.44	0.44	0	0	0.43
271300	0.43	0.44	0.44	0	0	0.43
271400	0.43	0.44	0.44	0	0	0.43
271500	0.43	0.44	0.44	0	0	0.43
271600	0.43	0.44	0.44	0	0	0.43
271700	0.43	0.44	0.44	0	0	0.43
271800	0.43	0.44	0.44	0	0	0.43
271900	0.43	0.44	0.44	0	0	0.43
272000	0.43	0.44	0.44	0	0	0.43
272100	0.43	0.44	0.44	0	0	0.43
272200	0.43	0.44	0.44	0	0	0.43
272300	0.43	0.44	0.44	0	0	0.43
272400	0.43	0.44	0.44	0	0	0.43
272500	0.43	0.44	0.44	0	0	0.43
272600	0.43	0.44	0.44	0	0	0.43
272700	0.43	0.44	0.44	0	0	0.43
272800	0.43	0.44	0.44	0	0	0.43
272900	0.43	0.44	0.44	0	0	0.43
273000	0.43	0.44	0.44	0	0	0.43
273100	0.43	0.44	0.44	0	0	0.43
273200	0.43	0.44	0.44	0	0	0.43
273300	0.43	0.44	0.44	0	0	0.43
273400	0.43	0.44	0.44	0	0	0.43
273500	0.43	0.44	0.44	0	0	0.43
273600	0.43	0.44	0.44	0	0	0.43
273700	0.43	0.44	0.44	0	0	0.43
273800	0.43	0.44	0.44	0	0	0.43
273900	0.43	0.44	0.44	0	0	0.43
274000	0.43	0.44	0.44	0	0	0.43
274100	0.43	0.44	0.44	0	0	0.43
274200	0.43	0.44	0.44	0	0	0.43
274300	0.43	0.44	0.44	0	0	0.43
274400	0.43	0.44	0.44	0	0	0.43
274500	0.43	0.44	0.44	0	0	0.43
274600	0.43	0.44	0.44	0	0	0.43
274700	0.43	0.44	0.44	0	0	0.43
274800	0.43	0.44	0.44	0	0	0.43
274900	0.43	0.44	0.44	0	0	0.43
275000	0.43	0.44	0.44	0	0	0.43
275100	0.43	0.44	0.44	0	0	0.43
275200	0.43	0.44	0.44	0	0	0.43
275300	0.43	0.44	0.44	0	0	0.43
275400	0.43	0.44	0.44	0	0	0.43
275500	0.43	0.44	0.44	0	0	0.43
275600	0.43	0.44	0.44	0	0	0.43
275700	0.43	0.44	0.44	0	0	0.43
275800	0.43	0.44	0.44	0	0	0.43
275900	0.43	0.44	0.44	0	0	0.43
276000	0.43	0.44	0.44	0	0	0.43
276100	0.43	0.44	0.44	0	0	0.43
276200	0.43	0.44	0.44	0	0	0.43
276300	0.43	0.44	0.44	0	0	0.43
276400	0.43	0.44	0.44	0	0	0.43
276500	0.43	0.44	0.44	0	0	0.43
276600	0.42	0.44	0.44	0	0	0.42
276700	0.42	0.44	0.44	0	0	0.42
276800	0.42	0.44	0.44	0	0	0.42
276900	0.42	0.44	0.44	0	0	0.42
277000	0.42	0.44	0.44	0	0	0.42
277100	0.43	0.44	0.44	0	0	0.43
277200	0.42	0.44	0.44	0	0	0.42
277300	0.42	0.44	0.44	0	0	0.42
277400	0.42	0.44	0.44	0	0	0.42
277500	0.42	0.44	0.44	0	0	0.42
277600	0.42	0.44	0.44	0	0	0.42
277700	0.42	0.44	0.44	0	0	0.42
277800	0.42	0.44	0.44	0	0	0.42
277900	0.43	0.44	0.44	0	0	0.43
278000	0.43	0.44	0.44	0	0	0.43
278100	0.43	0.44	0.44	0	0	0.43
278200	0.43	0.44	0.44	0	0	0.43
278300	0.43	0.44	0.44	0	0	0.43
278400	0.43	0.44	0.44	0	0	0.43
278500	0.43	0.44	0.44	0	0	0.43
278600	0.43	0.44	0.44	0	0	0.43
278700	0.43	0.44	0.44	0	0	0.43
278800	0.44	0.44	0.44	0	0	0.44
278900	0.43	0.44	0.44	0	0	0.43
279000	0.43	0.44	0.44	0	0	0.43
279100	0.43	0.44	0.44	0	0	0.43
279200	0.43	0.44	0.44	0	0	0.43
279300	0.44	0.44	0.44	0	0	0.44
279400	0.43	0.44	0.44	0	0	0.43
279500	0.43	0.44	0.44	0	0	0.43
279600	0.43	0.44	0.44	0	0	0.43
279700	0.43	0.44	0.44	0	0	0.43
279800	0.43	0.44	0.44	0	0	0.43
279900	0.43	0.44	0.44	0	0	0.43
280000	0.43	0.44	0.44	0	0	0.43
280100	0.43	0.44	0.44	0	0	0.43
280200	0.43	0.44	0.44	0	0	0.43
280300	0.43	0.44	0.44	0	0	0.43
280400	0.43	0.44	0.44	0	0	0.43
280500	0.44	0.44	0.44	0	0	0.44
280600	0.44	0.44	0.44	0	0	0.44
280700	0.42	0.44	0.44	0	0	0.42
280800	0.42	0.44	0.44	0	0	0.42
280900	0.42	0.44	0.44	0	0	0.42
281000	0.42	0.44	0.44	0	0	0.42
281100	0.42	0.44	0.44	0	0	0.42
281200	0.42	0.45	0.45	0	0	0.42
281300	0.42	0.45	0.45	0	0	0.42
281400	0.42	0.45	0.45	0	0	0.42
281500	0.42	0.46	0.46	0	0	0.42
281600	0.42	0.45	0.45	0	0	0.42
281700	0.42	0.45	0.45	0	0	0.42
281800	0.41	0.45	0.45	0	0	0.41
281900	0.41	0.45	0.45	0	0	0.41
282000	0.4	0.45	0.45	0	0	0.4
282100	0.4	0.45	0.45	0	0	0.4
282200	0.4	0.44	0.44	0	0	0.4
282300	0.4	0.44	0.44	0	0	0.4
282400	0.4	0.44	0.44	0	0	0.4
282500	0.4	0.44	0.44	0	0	0.4
282600	0.4	0.44	0.44	0	0	0.4
282700	0.4	0.44	0.44	0	0	0.4
282800	0.4	0.43	0.43	0	0	0.4
282900	0.4	0.43	0.43	0	0	0.4
283000	0.4	0.43	0.43	0	0	0.4
283100	0.4	0.43	0.43	0	0	0.4
283200	0.4	0.43	0.43	0	0	0.4
283300	0.4	0.43	0.43	0	0	0.4
283400	0.4	0.43	0.43	0	0	0.4
283500	0.4	0.43	0.43	0	0	0.4
283600	0.4	0.43	0.43	0	0	0.4
283700	0.39	0.43	0.43	0	0	0.39
283800	0.37	0.43	0.43	0	0	0.37
283900	0.37	0.43	0.43	0	0	0.37
284000	0.37	0.43	0.43	0	0	0.37
284100	0.37	0.44	0.44	0	0	0.37
284200	0.37	0.44	0.44	0	0	0.37
284300	0.37	0.44	0.44	0	0	0.37
284400	0.37	0.44	0.44	0	0	0.37
284500	0.37	0.44	0.44	0	0	0.37
284600	0.37	0.44	0.44	0	0	0.37
284700	0.37	0.44	0.44	0	0	0.37
284800	0.37	0.44	0.44	0	0	0.37
284900	0.37	0.44	0.44	0	0	0.37
285000	0.37	0.44	0.44	0	0	0.37
285100	0.37	0.44	0.44	0	0	0.37
285200	0.37	0.44	0.44	0	0	0.37
285300	0.37	0.44	0.44	0	0	0.37
285400	0.37	0.44	0.44	0	0	0.37
285500	0.37	0.44	0.44	0	0	0.37
285600	0.37	0.44	0.44	0	0	0.37
285700	0.37	0.44	0.44	0	0	0.37
285800	0.37	0.44	0.44	0	0	0.37
285900	0.37	0.44	0.44	0	0	0.37
286000	0.37	0.44	0.44	0	0	0.37
286100	0.37	0.44	0.44	0	0	0.37
286200	0.37	0.44	0.44	0	0	0.37
286300	0.37	0.44	0.44	0	0	0.37
286400	0.37	0.44	0.44	0	0	0.37
286500	0.37	0.44	0.44	0	0	0.37
286600	0.37	0.44	0.44	0	0	0.37
286700	0.38	0.44	0.44	0	0	0.38
286800	0.37	0.44	0.44	0	0	0.37
286900	0.37	0.44	0.44	0	0	0.37
287000	0.37	0.44	0.44	0	0	0.37
287100	0.37	0.44	0.44	0	0	0.37
287200	0.37	0.44	0.44	0	0	0.37
287300	0.37	0.44	0.44	0	0	0.37
287400	0.37	0.44	0.44	0	0	0.37
287500	0.37	0.44	0.44	0	0	0.37
287600	0.37	0.45	0.45	0	0	0.37
287700	0.37	0.45	0.45	0	0	0.37
287800	0.37	0.45	0.45	0	0	0.37
287900	0.37	0.45	0.45	0	0	0.37
288000	0.37	0.45	0.45	0	0	0.37
288100	0.37	0.45	0.45	0	0	0.37
288200	0.37	0.45	0.45	0	0	0.37
288300	0.37	0.46	0.46	0	0	0.37
288400	0.37	0.46	0.46	0	0	0.37
288500	0.37	0.46	0.46	0	0	0.37
288600	0.38	0.46	0.46	0	0	0.38
288700	0.38	0.46	0.46	0	0	0.38
288800	0.38	0.46	0.46	0	0	0.38
288900	0.38	0.46	0.46	0	0	0.38
289000	0.38	0.46	0.46	0	0	0.38
289100	0.38	0.46	0.46	0	0	0.38
289200	0.38	0.46	0.46	0	0	0.38
289300	0.38	0.46	0.46	0	0	0.38
289400	0.38	0.46	0.46	0	0	0.38
289500	0.38	0.46	0.46	0	0	0.38
289600	0.38	0.46	0.46	0	0	0.38
289700	0.38	0.46	0.46	0	0	0.38
289800	0.38	0.46	0.46	0	0	0.38
289900	0.38	0.46	0.46	0	0	0.38
290000	0.38	0.46	0.46	0	0	0.38
290100	0.38	0.46	0.46	0	0	0.38
290200	0.38	0.46	0.46	0	0	0.38
290300	0.38	0.46	0.46	0	0	0.38
290400	0.38	0.46	0.46	0	0	0.38
290500	0.38	0.46	0.46	0	0	0.38
290600	0.38	0.46	0.46	0	0	0.38
290700	0.38	0.46	0.46	0	0	0.38
290800	0.38	0.46	0.46	0	0	0.38
290900	0.38	0.45	0.45	0	0	0.38
291000	0.38	0.45	0.45	0	0	0.38
291100	0.38	0.46	0.46	0	0	0.38
291200	0.38	0.45	0.45	0	0	0.38
291300	0.38	0.45	0.45	0	0	0.38
291400	0.38	0.45	0.45	0	0	0.38
291500	0.38	0.45	0.45	0	0	0.38
291600	0.38	0.45	0.45	0	0	0.38
291700	0.38	0.45	0.45	0	0	0.38
291800	0.38	0.45	0.45	0	0	0.38
291900	0.38	0.45	0.45	0	0	0.38
292000	0.38	0.45	0.45	0	0	0.38
292100	0.38	0.45	0.45	0	0	0.38
292200	0.38	0.45	0.45	0	0	0.38
292300	0.38	0.45	0.45	0	0	0.38
292400	0.38	0.45	0.45	0	0	0.38
292500	0.38	0.45	0.45	0	0	0.38
292600	0.38	0.45	0.45	0	0	0.38
292700	0.38	0.45	0.45	0	0	0.38
292800	0.38	0.45	0.45	0	0	0.38
292900	0.38	0.45	0.45	0	0	0.38
293000	0.38	0.45	0.45	0	0	0.38
293100	0.38	0.45	0.45	0	0	0.38
293200	0.38	0.45	0.45	0	0	0.38
293300	0.39	0.45	0.45	0	0	0.39
293400	0.39	0.45	0.45	0	0	0.39
293500	0.39	0.45	0.45	0	0	0.39
293600	0.38	0.45	0.45	0	0	0.38
293700	0.38	0.46	0.46	0	0	0.38
293800	0.38	0.46	0.46	0	0	0.38
293900	0.38	0.46	0.46	0	0	0.38
294000	0.38	0.46	0.46	0	0	0.38
294100	0.38	0.46	0.46	0	0	0.38
294200	0.38	0.46	0.46	0	0	0.38
294300	0.38	0.46	0.46	0	0	0.38
294400	0.38	0.46	0.46	0	0	0.38
294500	0.38	0.46	0.46	0	0	0.38
294600	0.38	0.46	0.46	0	0	0.38
294700	0.38	0.46	0.46	0	0	0.38
294800	0.38	0.46	0.46	0	0	0.38
294900	0.38	0.46	0.46	0	0	0.38
295000	0.38	0.46	0.46	0	0	0.38
295100	0.38	0.46	0.46	0	0	0.38
295200	0.38	0.46	0.46	0	0	0.38
295300	0.38	0.46	0.46	0	0	0.38
295400	0.38	0.46	0.46	0	0	0.38
295500	0.38	0.46	0.46	0	0	0.38
295600	0.38	0.46	0.46	0	0	0.38
295700	0.38	0.46	0.46	0	0	0.38
295800	0.38	0.46	0.46	0	0	0.38
295900	0.38	0.46	0.46	0	0	0.38
296000	0.38	0.46	0.46	0	0	0.38
296100	0.38	0.46	0.46	0	0	0.38
296200	0.38	0.46	0.46	0	0	0.38
296300	0.38	0.46	0.46	0	0	0.38
296400	0.38	0.46	0.46	0	0	0.38
296500	0.38	0.46	0.46	0	0	0.38
296600	0.38	0.46	0.46	0	0	0.38
296700	0.39	0.46	0.46	0	0	0.39
296800	0.39	0.46	0.46	0	0	0.39
296900	0.39	0.46	0.46	0	0	0.39
297000	0.39	0.46	0.46	0	0	0.39
297100	0.39	0.46	0.46	0	0	0.39
297200	0.39	0.46	0.46	0	0	0.39
297300	0.39	0.46	0.46	0	0	0.39
297400	0.39	0.46	0.46	0	0	0.39
297500	0.39	0.46	0.46	0	0	0.39
297600	0.39	0.46	0.46	0	0	0.39
297700	0.39	0.46	0.46	0	0	0.39
297800	0.39	0.46	0.46	0	0	0.39
297900	0.39	0.46	0.46	0	0	0.39
298000	0.39	0.46	0.46	0	0	0.39
298100	0.39	0.46	0.46	0	0	0.39
298200	0.38	0.46	0.46	0	0	0.38
298300	0.39	0.46	0.46	0	0	0.39
298400	0.39	0.46	0.46	0	0	0.39
298500	0.39	0.46	0.46	0	0	0.39
298600	0.39	0.46	0.46	0	0	0.39
298700	0.39	0.46	0.46	0	0	0.39
298800	0.39	0.46	0.46	0	0	0.39
298900	0.39	0.46	0.46	0	0	0.39
299000	0.39	0.46	0.46	0	0	0.39
299100	0.39	0.46	0.46	0	0	0.39
299200	0.39	0.46	0.46	0	0	0.39
299300	0.39	0.46	0.46	0	0	0.39
299400	0.39	0.46	0.46	0	0	0.39
299500	0.39	0.46	0.46	0	0	0.39
299600	0.39	0.46	0.46	0	0	0.39
299700	0.39	0.46	0.46	0	0	0.39
299800	0.39	0.46	0.46	0	0	0.39
299900	0.39	0.46	0.46	0	0	0.39
300000	0.39	0.46	0.46	0	0	0.39
