100	0.09	0.1	0.1	0	0	0.09
200	0.09	0.12	0.12	0	0	0.09
300	0.11	0.14	0.14	0	0	0.11
400	0.12	0.13	0.13	0	0	0.12
500	0.13	0.14	0.14	0	0	0.13
600	0.13	0.13	0.13	0	0	0.13
700	0.15	0.12	0.12	0	0	0.15
800	0.15	0.09	0.09	0	0	0.15
900	0.16	0.1	0.1	0	0	0.16
1000	0.17	0.1	0.1	0	0	0.17
1100	0.19	0.12	0.12	0	0	0.19
1200	0.19	0.13	0.13	0	0	0.19
1300	0.22	0.14	0.14	0	0	0.22
1400	0.2	0.14	0.14	0	0	0.2
1500	0.2	0.14	0.14	0	0	0.2
1600	0.21	0.15	0.15	0	0	0.21
1700	0.22	0.15	0.15	0	0	0.22
1800	0.22	0.15	0.15	0	0	0.22
1900	0.23	0.15	0.15	0	0	0.23
2000	0.22	0.15	0.15	0	0	0.22
2100	0.23	0.16	0.16	0	0	0.23
2200	0.24	0.17	0.17	0	0	0.24
2300	0.24	0.17	0.17	0	0	0.24
2400	0.25	0.16	0.16	0	0	0.25
2500	0.25	0.14	0.14	0	0	0.25
2600	0.25	0.15	0.15	0	0	0.25
2700	0.26	0.15	0.15	0	0	0.26
2800	0.25	0.16	0.16	0	0	0.25
2900	0.26	0.17	0.17	0	0	0.26
3000	0.26	0.18	0.18	0	0	0.26
3100	0.26	0.18	0.18	0	0	0.26
3200	0.26	0.18	0.18	0	0	0.26
3300	0.27	0.18	0.18	0	0	0.27
3400	0.29	0.19	0.19	0	0	0.29
3500	0.28	0.18	0.18	0	0	0.28
3600	0.26	0.2	0.2	0	0	0.26
3700	0.25	0.19	0.19	0	0	0.25
3800	0.24	0.19	0.19	0	0	0.24
3900	0.24	0.19	0.19	0	0	0.24
4000	0.24	0.18	0.18	0	0	0.24
4100	0.25	0.21	0.21	0	0	0.25
4200	0.23	0.2	0.2	0	0	0.23
4300	0.21	0.22	0.22	0	0	0.21
4400	0.19	0.23	0.23	0	0	0.19
4500	0.17	0.24	0.24	0	0	0.17
4600	0.19	0.24	0.24	0	0	0.19
4700	0.18	0.26	0.26	0	0	0.18
4800	0.19	0.25	0.25	0	0	0.19
4900	0.18	0.24	0.24	0	0	0.18
5000	0.19	0.23	0.23	0	0	0.19
5100	0.19	0.23	0.23	0	0	0.19
5200	0.18	0.23	0.23	0	0	0.18
5300	0.18	0.23	0.23	0	0	0.18
5400	0.18	0.24	0.24	0	0	0.18
5500	0.19	0.24	0.24	0	0	0.19
5600	0.19	0.23	0.23	0	0	0.19
5700	0.19	0.21	0.21	0	0	0.19
5800	0.19	0.21	0.21	0	0	0.19
5900	0.2	0.21	0.21	0	0	0.2
6000	0.19	0.21	0.21	0	0	0.19
6100	0.21	0.2	0.2	0	0	0.21
6200	0.22	0.2	0.2	0	0	0.22
6300	0.22	0.21	0.21	0	0	0.22
6400	0.22	0.21	0.21	0	0	0.22
6500	0.23	0.21	0.21	0	0	0.23
6600	0.26	0.23	0.23	0	0	0.26
6700	0.26	0.23	0.23	0	0	0.26
6800	0.26	0.25	0.25	0	0	0.26
6900	0.26	0.24	0.24	0	0	0.26
7000	0.27	0.26	0.26	0	0	0.27
7100	0.28	0.25	0.25	0	0	0.28
7200	0.28	0.24	0.24	0	0	0.28
7300	0.29	0.24	0.24	0	0	0.29
7400	0.29	0.26	0.26	0	0	0.29
7500	0.29	0.22	0.22	0	0	0.29
7600	0.29	0.23	0.23	0	0	0.29
7700	0.3	0.24	0.24	0	0	0.3
7800	0.31	0.25	0.25	0	0	0.31
7900	0.3	0.24	0.24	0	0	0.3
8000	0.31	0.22	0.22	0	0	0.31
8100	0.3	0.21	0.21	0	0	0.3
8200	0.3	0.21	0.21	0	0	0.3
8300	0.3	0.21	0.21	0	0	0.3
8400	0.31	0.21	0.21	0	0	0.31
8500	0.3	0.22	0.22	0	0	0.3
8600	0.31	0.22	0.22	0	0	0.31
8700	0.31	0.22	0.22	0	0	0.31
8800	0.31	0.23	0.23	0	0	0.31
8900	0.33	0.23	0.23	0	0	0.33
9000	0.31	0.24	0.24	0	0	0.31
9100	0.31	0.26	0.26	0	0	0.31
9200	0.31	0.25	0.25	0	0	0.31
9300	0.29	0.27	0.27	0	0	0.29
9400	0.28	0.27	0.27	0	0	0.28
9500	0.28	0.27	0.27	0	0	0.28
9600	0.29	0.28	0.28	0	0	0.29
9700	0.29	0.28	0.28	0	0	0.29
9800	0.29	0.29	0.29	0	0	0.29
9900	0.28	0.29	0.29	0	0	0.28
10000	0.28	0.28	0.28	0	0	0.28
10100	0.27	0.28	0.28	0	0	0.27
10200	0.26	0.28	0.28	0	0	0.26
10300	0.27	0.26	0.26	0	0	0.27
10400	0.28	0.26	0.26	0	0	0.28
10500	0.28	0.26	0.26	0	0	0.28
10600	0.28	0.26	0.26	0	0	0.28
10700	0.28	0.26	0.26	0	0	0.28
10800	0.28	0.27	0.27	0	0	0.28
10900	0.28	0.29	0.29	0	0	0.28
11000	0.28	0.28	0.28	0	0	0.28
11100	0.28	0.28	0.28	0	0	0.28
11200	0.28	0.27	0.27	0	0	0.28
11300	0.28	0.27	0.27	0	0	0.28
11400	0.28	0.29	0.29	0	0	0.28
11500	0.29	0.27	0.27	0	0	0.29
11600	0.29	0.27	0.27	0	0	0.29
11700	0.3	0.27	0.27	0	0	0.3
11800	0.28	0.27	0.27	0	0	0.28
11900	0.28	0.27	0.27	0	0	0.28
12000	0.28	0.27	0.27	0	0	0.28
12100	0.28	0.27	0.27	0	0	0.28
12200	0.27	0.26	0.26	0	0	0.27
12300	0.27	0.27	0.27	0	0	0.27
12400	0.27	0.27	0.27	0	0	0.27
12500	0.29	0.27	0.27	0	0	0.29
12600	0.28	0.29	0.29	0	0	0.28
12700	0.28	0.29	0.29	0	0	0.28
12800	0.28	0.29	0.29	0	0	0.28
12900	0.29	0.29	0.29	0	0	0.29
13000	0.26	0.28	0.28	0	0	0.26
13100	0.26	0.28	0.28	0	0	0.26
13200	0.26	0.27	0.27	0	0	0.26
13300	0.26	0.26	0.26	0	0	0.26
13400	0.26	0.26	0.26	0	0	0.26
13500	0.28	0.26	0.26	0	0	0.28
13600	0.28	0.26	0.26	0	0	0.28
13700	0.28	0.26	0.26	0	0	0.28
13800	0.28	0.26	0.26	0	0	0.28
13900	0.3	0.26	0.26	0	0	0.3
14000	0.3	0.26	0.26	0	0	0.3
14100	0.3	0.26	0.26	0	0	0.3
14200	0.29	0.26	0.26	0	0	0.29
14300	0.29	0.26	0.26	0	0	0.29
14400	0.29	0.27	0.27	0	0	0.29
14500	0.29	0.29	0.29	0	0	0.29
14600	0.29	0.28	0.28	0	0	0.29
14700	0.29	0.28	0.28	0	0	0.29
14800	0.29	0.28	0.28	0	0	0.29
14900	0.29	0.28	0.28	0	0	0.29
15000	0.31	0.28	0.28	0	0	0.31
15100	0.31	0.28	0.28	0	0	0.31
15200	0.32	0.3	0.3	0	0	0.32
15300	0.32	0.29	0.29	0	0	0.32
15400	0.32	0.28	0.28	0	0	0.32
15500	0.33	0.27	0.27	0	0	0.33
15600	0.33	0.27	0.27	0	0	0.33
15700	0.33	0.27	0.27	0	0	0.33
15800	0.33	0.27	0.27	0	0	0.33
15900	0.34	0.27	0.27	0	0	0.34
16000	0.34	0.26	0.26	0	0	0.34
16100	0.33	0.26	0.26	0	0	0.33
16200	0.33	0.25	0.25	0	0	0.33
16300	0.34	0.25	0.25	0	0	0.34
16400	0.34	0.26	0.26	0	0	0.34
16500	0.33	0.25	0.25	0	0	0.33
16600	0.33	0.26	0.26	0	0	0.33
16700	0.33	0.26	0.26	0	0	0.33
16800	0.33	0.26	0.26	0	0	0.33
16900	0.34	0.26	0.26	0	0	0.34
17000	0.33	0.26	0.26	0	0	0.33
17100	0.33	0.29	0.29	0	0	0.33
17200	0.33	0.29	0.29	0	0	0.33
17300	0.34	0.29	0.29	0	0	0.34
17400	0.34	0.29	0.29	0	0	0.34
17500	0.34	0.31	0.31	0	0	0.34
17600	0.33	0.3	0.3	0	0	0.33
17700	0.34	0.29	0.29	0	0	0.34
17800	0.34	0.3	0.3	0	0	0.34
17900	0.35	0.31	0.31	0	0	0.35
18000	0.36	0.3	0.3	0	0	0.36
18100	0.36	0.31	0.31	0	0	0.36
18200	0.35	0.31	0.31	0	0	0.35
18300	0.34	0.31	0.31	0	0	0.34
18400	0.34	0.31	0.31	0	0	0.34
18500	0.33	0.31	0.31	0	0	0.33
18600	0.32	0.31	0.31	0	0	0.32
18700	0.33	0.31	0.31	0	0	0.33
18800	0.31	0.31	0.31	0	0	0.31
18900	0.31	0.31	0.31	0	0	0.31
19000	0.3	0.31	0.31	0	0	0.3
19100	0.31	0.32	0.32	0	0	0.31
19200	0.31	0.32	0.32	0	0	0.31
19300	0.3	0.32	0.32	0	0	0.3
19400	0.3	0.32	0.32	0	0	0.3
19500	0.3	0.32	0.32	0	0	0.3
19600	0.3	0.32	0.32	0	0	0.3
19700	0.3	0.32	0.32	0	0	0.3
19800	0.3	0.32	0.32	0	0	0.3
19900	0.3	0.32	0.32	0	0	0.3
20000	0.31	0.32	0.32	0	0	0.31
20100	0.31	0.35	0.35	0	0	0.31
20200	0.31	0.35	0.35	0	0	0.31
20300	0.31	0.35	0.35	0	0	0.31
20400	0.31	0.36	0.36	0	0	0.31
20500	0.31	0.36	0.36	0	0	0.31
20600	0.32	0.36	0.36	0	0	0.32
20700	0.32	0.36	0.36	0	0	0.32
20800	0.32	0.36	0.36	0	0	0.32
20900	0.32	0.36	0.36	0	0	0.32
21000	0.33	0.36	0.36	0	0	0.33
21100	0.33	0.36	0.36	0	0	0.33
21200	0.33	0.36	0.36	0	0	0.33
21300	0.33	0.36	0.36	0	0	0.33
21400	0.32	0.36	0.36	0	0	0.32
21500	0.34	0.34	0.34	0	0	0.34
21600	0.34	0.34	0.34	0	0	0.34
21700	0.34	0.33	0.33	0	0	0.34
21800	0.35	0.33	0.33	0	0	0.35
21900	0.35	0.33	0.33	0	0	0.35
22000	0.36	0.33	0.33	0	0	0.36
22100	0.35	0.33	0.33	0	0	0.35
22200	0.34	0.33	0.33	0	0	0.34
22300	0.32	0.33	0.33	0	0	0.32
22400	0.33	0.34	0.34	0	0	0.33
22500	0.33	0.34	0.34	0	0	0.33
22600	0.33	0.33	0.33	0	0	0.33
22700	0.33	0.32	0.32	0	0	0.33
22800	0.33	0.32	0.32	0	0	0.33
22900	0.32	0.32	0.32	0	0	0.32
23000	0.32	0.32	0.32	0	0	0.32
23100	0.32	0.32	0.32	0	0	0.32
23200	0.32	0.31	0.31	0	0	0.32
23300	0.32	0.3	0.3	0	0	0.32
23400	0.32	0.29	0.29	0	0	0.32
23500	0.32	0.29	0.29	0	0	0.32
23600	0.32	0.29	0.29	0	0	0.32
23700	0.32	0.3	0.3	0	0	0.32
23800	0.32	0.29	0.29	0	0	0.32
23900	0.32	0.3	0.3	0	0	0.32
24000	0.32	0.3	0.3	0	0	0.32
24100	0.32	0.31	0.31	0	0	0.32
24200	0.32	0.3	0.3	0	0	0.32
24300	0.32	0.29	0.29	0	0	0.32
24400	0.32	0.29	0.29	0	0	0.32
24500	0.32	0.29	0.29	0	0	0.32
24600	0.32	0.29	0.29	0	0	0.32
24700	0.32	0.28	0.28	0	0	0.32
24800	0.32	0.29	0.29	0	0	0.32
24900	0.32	0.29	0.29	0	0	0.32
25000	0.32	0.29	0.29	0	0	0.32
25100	0.32	0.29	0.29	0	0	0.32
25200	0.32	0.3	0.3	0	0	0.32
25300	0.32	0.29	0.29	0	0	0.32
25400	0.32	0.3	0.3	0	0	0.32
25500	0.32	0.32	0.32	0	0	0.32
25600	0.32	0.32	0.32	0	0	0.32
25700	0.32	0.32	0.32	0	0	0.32
25800	0.32	0.32	0.32	0	0	0.32
25900	0.34	0.33	0.33	0	0	0.34
26000	0.34	0.33	0.33	0	0	0.34
26100	0.34	0.32	0.32	0	0	0.34
26200	0.33	0.33	0.33	0	0	0.33
26300	0.33	0.32	0.32	0	0	0.33
26400	0.33	0.32	0.32	0	0	0.33
26500	0.32	0.32	0.32	0	0	0.32
26600	0.32	0.31	0.31	0	0	0.32
26700	0.32	0.29	0.29	0	0	0.32
26800	0.32	0.3	0.3	0	0	0.32
26900	0.32	0.29	0.29	0	0	0.32
27000	0.32	0.29	0.29	0	0	0.32
27100	0.32	0.29	0.29	0	0	0.32
27200	0.32	0.3	0.3	0	0	0.32
27300	0.32	0.3	0.3	0	0	0.32
27400	0.32	0.31	0.31	0	0	0.32
27500	0.32	0.3	0.3	0	0	0.32
27600	0.32	0.3	0.3	0	0	0.32
27700	0.31	0.3	0.3	0	0	0.31
27800	0.31	0.3	0.3	0	0	0.31
27900	0.32	0.31	0.31	0	0	0.32
28000	0.33	0.31	0.31	0	0	0.33
28100	0.32	0.31	0.31	0	0	0.32
28200	0.32	0.31	0.31	0	0	0.32
28300	0.32	0.31	0.31	0	0	0.32
28400	0.32	0.3	0.3	0	0	0.32
28500	0.32	0.3	0.3	0	0	0.32
28600	0.32	0.3	0.3	0	0	0.32
28700	0.32	0.33	0.33	0	0	0.32
28800	0.32	0.32	0.32	0	0	0.32
28900	0.32	0.33	0.33	0	0	0.32
29000	0.32	0.32	0.32	0	0	0.32
29100	0.33	0.32	0.32	0	0	0.33
29200	0.33	0.32	0.32	0	0	0.33
29300	0.32	0.32	0.32	0	0	0.32
29400	0.32	0.31	0.31	0	0	0.32
29500	0.32	0.31	0.31	0	0	0.32
29600	0.31	0.32	0.32	0	0	0.31
29700	0.3	0.31	0.31	0	0	0.3
29800	0.3	0.32	0.32	0	0	0.3
29900	0.3	0.32	0.32	0	0	0.3
30000	0.3	0.32	0.32	0	0	0.3
30100	0.3	0.32	0.32	0	0	0.3
30200	0.29	0.32	0.32	0	0	0.29
30300	0.3	0.31	0.31	0	0	0.3
30400	0.3	0.31	0.31	0	0	0.3
30500	0.3	0.31	0.31	0	0	0.3
30600	0.3	0.32	0.32	0	0	0.3
30700	0.3	0.31	0.31	0	0	0.3
30800	0.3	0.32	0.32	0	0	0.3
30900	0.3	0.33	0.33	0	0	0.3
31000	0.31	0.33	0.33	0	0	0.31
31100	0.3	0.33	0.33	0	0	0.3
31200	0.3	0.33	0.33	0	0	0.3
31300	0.3	0.35	0.35	0	0	0.3
31400	0.3	0.35	0.35	0	0	0.3
31500	0.31	0.36	0.36	0	0	0.31
31600	0.31	0.36	0.36	0	0	0.31
31700	0.32	0.34	0.34	0	0	0.32
31800	0.32	0.34	0.34	0	0	0.32
31900	0.32	0.34	0.34	0	0	0.32
32000	0.32	0.34	0.34	0	0	0.32
32100	0.31	0.34	0.34	0	0	0.31
32200	0.31	0.34	0.34	0	0	0.31
32300	0.31	0.34	0.34	0	0	0.31
32400	0.31	0.34	0.34	0	0	0.31
32500	0.31	0.34	0.34	0	0	0.31
32600	0.31	0.34	0.34	0	0	0.31
32700	0.31	0.33	0.33	0	0	0.31
32800	0.31	0.33	0.33	0	0	0.31
32900	0.31	0.33	0.33	0	0	0.31
33000	0.31	0.33	0.33	0	0	0.31
33100	0.32	0.34	0.34	0	0	0.32
33200	0.31	0.34	0.34	0	0	0.31
33300	0.31	0.34	0.34	0	0	0.31
33400	0.31	0.34	0.34	0	0	0.31
33500	0.31	0.35	0.35	0	0	0.31
33600	0.32	0.35	0.35	0	0	0.32
33700	0.33	0.35	0.35	0	0	0.33
33800	0.34	0.35	0.35	0	0	0.34
33900	0.34	0.35	0.35	0	0	0.34
34000	0.33	0.35	0.35	0	0	0.33
34100	0.33	0.35	0.35	0	0	0.33
34200	0.32	0.35	0.35	0	0	0.32
34300	0.31	0.35	0.35	0	0	0.31
34400	0.31	0.33	0.33	0	0	0.31
34500	0.31	0.34	0.34	0	0	0.31
34600	0.31	0.33	0.33	0	0	0.31
34700	0.32	0.33	0.33	0	0	0.32
34800	0.32	0.33	0.33	0	0	0.32
34900	0.32	0.33	0.33	0	0	0.32
35000	0.32	0.33	0.33	0	0	0.32
35100	0.32	0.34	0.34	0	0	0.32
35200	0.32	0.34	0.34	0	0	0.32
35300	0.32	0.34	0.34	0	0	0.32
35400	0.32	0.34	0.34	0	0	0.32
35500	0.32	0.34	0.34	0	0	0.32
35600	0.33	0.34	0.34	0	0	0.33
35700	0.34	0.34	0.34	0	0	0.34
35800	0.35	0.34	0.34	0	0	0.35
35900	0.35	0.34	0.34	0	0	0.35
36000	0.35	0.34	0.34	0	0	0.35
36100	0.35	0.34	0.34	0	0	0.35
36200	0.35	0.34	0.34	0	0	0.35
36300	0.35	0.34	0.34	0	0	0.35
36400	0.35	0.34	0.34	0	0	0.35
36500	0.34	0.34	0.34	0	0	0.34
36600	0.34	0.35	0.35	0	0	0.34
36700	0.34	0.35	0.35	0	0	0.34
36800	0.34	0.35	0.35	0	0	0.34
36900	0.34	0.35	0.35	0	0	0.34
37000	0.34	0.35	0.35	0	0	0.34
37100	0.34	0.35	0.35	0	0	0.34
37200	0.34	0.35	0.35	0	0	0.34
37300	0.35	0.35	0.35	0	0	0.35
37400	0.34	0.35	0.35	0	0	0.34
37500	0.35	0.35	0.35	0	0	0.35
37600	0.35	0.35	0.35	0	0	0.35
37700	0.35	0.36	0.36	0	0	0.35
37800	0.35	0.35	0.35	0	0	0.35
37900	0.35	0.35	0.35	0	0	0.35
38000	0.35	0.34	0.34	0	0	0.35
38100	0.35	0.34	0.34	0	0	0.35
38200	0.35	0.34	0.34	0	0	0.35
38300	0.35	0.34	0.34	0	0	0.35
38400	0.35	0.35	0.35	0	0	0.35
38500	0.35	0.35	0.35	0	0	0.35
38600	0.34	0.35	0.35	0	0	0.34
38700	0.34	0.35	0.35	0	0	0.34
38800	0.34	0.35	0.35	0	0	0.34
38900	0.34	0.35	0.35	0	0	0.34
39000	0.34	0.34	0.34	0	0	0.34
39100	0.34	0.34	0.34	0	0	0.34
39200	0.33	0.34	0.34	0	0	0.33
39300	0.33	0.34	0.34	0	0	0.33
39400	0.34	0.34	0.34	0	0	0.34
39500	0.34	0.34	0.34	0	0	0.34
39600	0.35	0.35	0.35	0	0	0.35
39700	0.35	0.35	0.35	0	0	0.35
39800	0.35	0.35	0.35	0	0	0.35
39900	0.35	0.35	0.35	0	0	0.35
40000	0.35	0.35	0.35	0	0	0.35
40100	0.34	0.34	0.34	0	0	0.34
40200	0.33	0.34	0.34	0	0	0.33
40300	0.33	0.34	0.34	0	0	0.33
40400	0.33	0.34	0.34	0	0	0.33
40500	0.33	0.34	0.34	0	0	0.33
40600	0.33	0.34	0.34	0	0	0.33
40700	0.33	0.34	0.34	0	0	0.33
40800	0.34	0.34	0.34	0	0	0.34
40900	0.33	0.35	0.35	0	0	0.33
41000	0.34	0.35	0.35	0	0	0.34
41100	0.34	0.35	0.35	0	0	0.34
41200	0.34	0.35	0.35	0	0	0.34
41300	0.34	0.35	0.35	0	0	0.34
41400	0.34	0.35	0.35	0	0	0.34
41500	0.34	0.35	0.35	0	0	0.34
41600	0.34	0.35	0.35	0	0	0.34
41700	0.35	0.35	0.35	0	0	0.35
41800	0.35	0.35	0.35	0	0	0.35
41900	0.36	0.36	0.36	0	0	0.36
42000	0.35	0.36	0.36	0	0	0.35
42100	0.35	0.36	0.36	0	0	0.35
42200	0.35	0.36	0.36	0	0	0.35
42300	0.35	0.36	0.36	0	0	0.35
42400	0.35	0.36	0.36	0	0	0.35
42500	0.35	0.37	0.37	0	0	0.35
42600	0.36	0.37	0.37	0	0	0.36
42700	0.36	0.37	0.37	0	0	0.36
42800	0.35	0.37	0.37	0	0	0.35
42900	0.35	0.36	0.36	0	0	0.35
43000	0.34	0.36	0.36	0	0	0.34
43100	0.34	0.36	0.36	0	0	0.34
43200	0.35	0.36	0.36	0	0	0.35
43300	0.36	0.36	0.36	0	0	0.36
43400	0.35	0.36	0.36	0	0	0.35
43500	0.35	0.36	0.36	0	0	0.35
43600	0.35	0.36	0.36	0	0	0.35
43700	0.35	0.36	0.36	0	0	0.35
43800	0.35	0.35	0.35	0	0	0.35
43900	0.34	0.35	0.35	0	0	0.34
44000	0.33	0.35	0.35	0	0	0.33
44100	0.33	0.35	0.35	0	0	0.33
44200	0.32	0.36	0.36	0	0	0.32
44300	0.32	0.36	0.36	0	0	0.32
44400	0.32	0.36	0.36	0	0	0.32
44500	0.32	0.36	0.36	0	0	0.32
44600	0.31	0.36	0.36	0	0	0.31
44700	0.32	0.36	0.36	0	0	0.32
44800	0.32	0.36	0.36	0	0	0.32
44900	0.33	0.36	0.36	0	0	0.33
45000	0.33	0.36	0.36	0	0	0.33
45100	0.34	0.36	0.36	0	0	0.34
45200	0.35	0.36	0.36	0	0	0.35
45300	0.35	0.36	0.36	0	0	0.35
45400	0.36	0.36	0.36	0	0	0.36
45500	0.36	0.36	0.36	0	0	0.36
45600	0.35	0.36	0.36	0	0	0.35
45700	0.36	0.36	0.36	0	0	0.36
45800	0.36	0.36	0.36	0	0	0.36
45900	0.36	0.36	0.36	0	0	0.36
46000	0.36	0.36	0.36	0	0	0.36
46100	0.36	0.36	0.36	0	0	0.36
46200	0.36	0.36	0.36	0	0	0.36
46300	0.36	0.36	0.36	0	0	0.36
46400	0.36	0.36	0.36	0	0	0.36
46500	0.36	0.36	0.36	0	0	0.36
46600	0.35	0.36	0.36	0	0	0.35
46700	0.35	0.36	0.36	0	0	0.35
46800	0.35	0.37	0.37	0	0	0.35
46900	0.36	0.38	0.38	0	0	0.36
47000	0.36	0.37	0.37	0	0	0.36
47100	0.36	0.37	0.37	0	0	0.36
47200	0.38	0.37	0.37	0	0	0.38
47300	0.37	0.37	0.37	0	0	0.37
47400	0.36	0.38	0.38	0	0	0.36
47500	0.35	0.39	0.39	0	0	0.35
47600	0.35	0.39	0.39	0	0	0.35
47700	0.35	0.39	0.39	0	0	0.35
47800	0.35	0.38	0.38	0	0	0.35
47900	0.35	0.38	0.38	0	0	0.35
48000	0.34	0.39	0.39	0	0	0.34
48100	0.34	0.4	0.4	0	0	0.34
48200	0.34	0.4	0.4	0	0	0.34
48300	0.34	0.39	0.39	0	0	0.34
48400	0.34	0.39	0.39	0	0	0.34
48500	0.34	0.39	0.39	0	0	0.34
48600	0.35	0.39	0.39	0	0	0.35
48700	0.35	0.39	0.39	0	0	0.35
48800	0.35	0.38	0.38	0	0	0.35
48900	0.35	0.38	0.38	0	0	0.35
49000	0.35	0.38	0.38	0	0	0.35
49100	0.37	0.38	0.38	0	0	0.37
49200	0.36	0.38	0.38	0	0	0.36
49300	0.36	0.38	0.38	0	0	0.36
49400	0.36	0.38	0.38	0	0	0.36
49500	0.37	0.38	0.38	0	0	0.37
49600	0.35	0.39	0.39	0	0	0.35
49700	0.33	0.39	0.39	0	0	0.33
49800	0.32	0.38	0.38	0	0	0.32
49900	0.32	0.38	0.38	0	0	0.32
50000	0.32	0.38	0.38	0	0	0.32
50100	0.32	0.38	0.38	0	0	0.32
50200	0.32	0.38	0.38	0	0	0.32
50300	0.32	0.38	0.38	0	0	0.32
50400	0.32	0.38	0.38	0	0	0.32
50500	0.32	0.38	0.38	0	0	0.32
50600	0.32	0.38	0.38	0	0	0.32
50700	0.32	0.38	0.38	0	0	0.32
50800	0.32	0.38	0.38	0	0	0.32
50900	0.32	0.38	0.38	0	0	0.32
51000	0.33	0.38	0.38	0	0	0.33
51100	0.33	0.39	0.39	0	0	0.33
51200	0.33	0.39	0.39	0	0	0.33
51300	0.32	0.39	0.39	0	0	0.32
51400	0.32	0.39	0.39	0	0	0.32
51500	0.32	0.38	0.38	0	0	0.32
51600	0.32	0.39	0.39	0	0	0.32
51700	0.32	0.39	0.39	0	0	0.32
51800	0.32	0.4	0.4	0	0	0.32
51900	0.32	0.4	0.4	0	0	0.32
52000	0.32	0.39	0.39	0	0	0.32
52100	0.32	0.39	0.39	0	0	0.32
52200	0.33	0.39	0.39	0	0	0.33
52300	0.33	0.39	0.39	0	0	0.33
52400	0.33	0.39	0.39	0	0	0.33
52500	0.33	0.38	0.38	0	0	0.33
52600	0.33	0.38	0.38	0	0	0.33
52700	0.33	0.38	0.38	0	0	0.33
52800	0.33	0.38	0.38	0	0	0.33
52900	0.33	0.39	0.39	0	0	0.33
53000	0.33	0.38	0.38	0	0	0.33
53100	0.33	0.38	0.38	0	0	0.33
53200	0.33	0.39	0.39	0	0	0.33
53300	0.33	0.38	0.38	0	0	0.33
53400	0.32	0.37	0.37	0	0	0.32
53500	0.32	0.37	0.37	0	0	0.32
53600	0.32	0.37	0.37	0	0	0.32
53700	0.32	0.37	0.37	0	0	0.32
53800	0.32	0.37	0.37	0	0	0.32
53900	0.32	0.37	0.37	0	0	0.32
54000	0.32	0.37	0.37	0	0	0.32
54100	0.32	0.37	0.37	0	0	0.32
54200	0.32	0.38	0.38	0	0	0.32
54300	0.33	0.39	0.39	0	0	0.33
54400	0.33	0.39	0.39	0	0	0.33
54500	0.33	0.38	0.38	0	0	0.33
54600	0.33	0.37	0.37	0	0	0.33
54700	0.33	0.38	0.38	0	0	0.33
54800	0.33	0.38	0.38	0	0	0.33
54900	0.33	0.38	0.38	0	0	0.33
55000	0.33	0.38	0.38	0	0	0.33
55100	0.33	0.38	0.38	0	0	0.33
55200	0.33	0.38	0.38	0	0	0.33
55300	0.33	0.38	0.38	0	0	0.33
55400	0.34	0.38	0.38	0	0	0.34
55500	0.34	0.38	0.38	0	0	0.34
55600	0.34	0.39	0.39	0	0	0.34
55700	0.35	0.39	0.39	0	0	0.35
55800	0.35	0.39	0.39	0	0	0.35
55900	0.35	0.39	0.39	0	0	0.35
56000	0.34	0.39	0.39	0	0	0.34
56100	0.35	0.38	0.38	0	0	0.35
56200	0.34	0.38	0.38	0	0	0.34
56300	0.34	0.38	0.38	0	0	0.34
56400	0.34	0.38	0.38	0	0	0.34
56500	0.34	0.38	0.38	0	0	0.34
56600	0.34	0.38	0.38	0	0	0.34
56700	0.34	0.36	0.36	0	0	0.34
56800	0.33	0.36	0.36	0	0	0.33
56900	0.33	0.36	0.36	0	0	0.33
57000	0.34	0.36	0.36	0	0	0.34
57100	0.35	0.37	0.37	0	0	0.35
57200	0.34	0.38	0.38	0	0	0.34
57300	0.34	0.38	0.38	0	0	0.34
57400	0.34	0.39	0.39	0	0	0.34
57500	0.34	0.4	0.4	0	0	0.34
57600	0.34	0.4	0.4	0	0	0.34
57700	0.34	0.4	0.4	0	0	0.34
57800	0.34	0.39	0.39	0	0	0.34
57900	0.34	0.39	0.39	0	0	0.34
58000	0.34	0.39	0.39	0	0	0.34
58100	0.34	0.39	0.39	0	0	0.34
58200	0.34	0.39	0.39	0	0	0.34
58300	0.34	0.39	0.39	0	0	0.34
58400	0.34	0.4	0.4	0	0	0.34
58500	0.34	0.4	0.4	0	0	0.34
58600	0.34	0.4	0.4	0	0	0.34
58700	0.34	0.39	0.39	0	0	0.34
58800	0.34	0.39	0.39	0	0	0.34
58900	0.34	0.39	0.39	0	0	0.34
59000	0.34	0.39	0.39	0	0	0.34
59100	0.34	0.39	0.39	0	0	0.34
59200	0.34	0.38	0.38	0	0	0.34
59300	0.35	0.38	0.38	0	0	0.35
59400	0.34	0.38	0.38	0	0	0.34
59500	0.34	0.38	0.38	0	0	0.34
59600	0.34	0.38	0.38	0	0	0.34
59700	0.34	0.38	0.38	0	0	0.34
59800	0.34	0.38	0.38	0	0	0.34
59900	0.34	0.38	0.38	0	0	0.34
60000	0.34	0.39	0.39	0	0	0.34
60100	0.34	0.39	0.39	0	0	0.34
60200	0.34	0.39	0.39	0	0	0.34
60300	0.34	0.39	0.39	0	0	0.34
60400	0.37	0.39	0.39	0	0	0.37
60500	0.35	0.39	0.39	0	0	0.35
60600	0.35	0.39	0.39	0	0	0.35
60700	0.34	0.39	0.39	0	0	0.34
60800	0.34	0.39	0.39	0	0	0.34
60900	0.34	0.39	0.39	0	0	0.34
61000	0.34	0.39	0.39	0	0	0.34
61100	0.32	0.39	0.39	0	0	0.32
61200	0.32	0.39	0.39	0	0	0.32
61300	0.32	0.39	0.39	0	0	0.32
61400	0.32	0.39	0.39	0	0	0.32
61500	0.32	0.39	0.39	0	0	0.32
61600	0.32	0.39	0.39	0	0	0.32
61700	0.32	0.38	0.38	0	0	0.32
61800	0.32	0.38	0.38	0	0	0.32
61900	0.32	0.38	0.38	0	0	0.32
62000	0.32	0.38	0.38	0	0	0.32
62100	0.32	0.39	0.39	0	0	0.32
62200	0.31	0.38	0.38	0	0	0.31
62300	0.31	0.38	0.38	0	0	0.31
62400	0.31	0.38	0.38	0	0	0.31
62500	0.31	0.37	0.37	0	0	0.31
62600	0.31	0.36	0.36	0	0	0.31
62700	0.31	0.36	0.36	0	0	0.31
62800	0.32	0.38	0.38	0	0	0.32
62900	0.32	0.38	0.38	0	0	0.32
63000	0.33	0.39	0.39	0	0	0.33
63100	0.32	0.38	0.38	0	0	0.32
63200	0.32	0.39	0.39	0	0	0.32
63300	0.32	0.38	0.38	0	0	0.32
63400	0.33	0.38	0.38	0	0	0.33
63500	0.33	0.38	0.38	0	0	0.33
63600	0.33	0.38	0.38	0	0	0.33
63700	0.33	0.38	0.38	0	0	0.33
63800	0.33	0.38	0.38	0	0	0.33
63900	0.34	0.38	0.38	0	0	0.34
64000	0.34	0.39	0.39	0	0	0.34
64100	0.34	0.4	0.4	0	0	0.34
64200	0.34	0.38	0.38	0	0	0.34
64300	0.34	0.38	0.38	0	0	0.34
64400	0.35	0.38	0.38	0	0	0.35
64500	0.35	0.38	0.38	0	0	0.35
64600	0.35	0.38	0.38	0	0	0.35
64700	0.36	0.38	0.38	0	0	0.36
64800	0.36	0.38	0.38	0	0	0.36
64900	0.37	0.38	0.38	0	0	0.37
65000	0.37	0.38	0.38	0	0	0.37
65100	0.38	0.38	0.38	0	0	0.38
65200	0.37	0.38	0.38	0	0	0.37
65300	0.38	0.38	0.38	0	0	0.38
65400	0.38	0.38	0.38	0	0	0.38
65500	0.38	0.38	0.38	0	0	0.38
65600	0.38	0.39	0.39	0	0	0.38
65700	0.38	0.39	0.39	0	0	0.38
65800	0.38	0.39	0.39	0	0	0.38
65900	0.38	0.38	0.38	0	0	0.38
66000	0.39	0.38	0.38	0	0	0.39
66100	0.38	0.38	0.38	0	0	0.38
66200	0.37	0.38	0.38	0	0	0.37
66300	0.37	0.38	0.38	0	0	0.37
66400	0.37	0.38	0.38	0	0	0.37
66500	0.36	0.38	0.38	0	0	0.36
66600	0.36	0.39	0.39	0	0	0.36
66700	0.36	0.39	0.39	0	0	0.36
66800	0.35	0.39	0.39	0	0	0.35
66900	0.35	0.39	0.39	0	0	0.35
67000	0.35	0.39	0.39	0	0	0.35
67100	0.36	0.39	0.39	0	0	0.36
67200	0.36	0.39	0.39	0	0	0.36
67300	0.36	0.38	0.38	0	0	0.36
67400	0.37	0.38	0.38	0	0	0.37
67500	0.37	0.38	0.38	0	0	0.37
67600	0.37	0.38	0.38	0	0	0.37
67700	0.37	0.38	0.38	0	0	0.37
67800	0.37	0.38	0.38	0	0	0.37
67900	0.37	0.38	0.38	0	0	0.37
68000	0.37	0.38	0.38	0	0	0.37
68100	0.37	0.38	0.38	0	0	0.37
68200	0.37	0.38	0.38	0	0	0.37
68300	0.37	0.38	0.38	0	0	0.37
68400	0.37	0.39	0.39	0	0	0.37
68500	0.37	0.39	0.39	0	0	0.37
68600	0.37	0.39	0.39	0	0	0.37
68700	0.37	0.39	0.39	0	0	0.37
68800	0.37	0.39	0.39	0	0	0.37
68900	0.37	0.39	0.39	0	0	0.37
69000	0.37	0.39	0.39	0	0	0.37
69100	0.37	0.39	0.39	0	0	0.37
69200	0.37	0.39	0.39	0	0	0.37
69300	0.37	0.39	0.39	0	0	0.37
69400	0.37	0.39	0.39	0	0	0.37
69500	0.37	0.39	0.39	0	0	0.37
69600	0.37	0.39	0.39	0	0	0.37
69700	0.37	0.39	0.39	0	0	0.37
69800	0.37	0.39	0.39	0	0	0.37
69900	0.37	0.39	0.39	0	0	0.37
70000	0.37	0.4	0.4	0	0	0.37
70100	0.36	0.4	0.4	0	0	0.36
70200	0.36	0.4	0.4	0	0	0.36
70300	0.36	0.4	0.4	0	0	0.36
70400	0.37	0.4	0.4	0	0	0.37
70500	0.37	0.39	0.39	0	0	0.37
70600	0.37	0.39	0.39	0	0	0.37
70700	0.37	0.38	0.38	0	0	0.37
70800	0.37	0.38	0.38	0	0	0.37
70900	0.37	0.38	0.38	0	0	0.37
71000	0.37	0.38	0.38	0	0	0.37
71100	0.35	0.38	0.38	0	0	0.35
71200	0.36	0.38	0.38	0	0	0.36
71300	0.36	0.38	0.38	0	0	0.36
71400	0.36	0.38	0.38	0	0	0.36
71500	0.36	0.38	0.38	0	0	0.36
71600	0.36	0.38	0.38	0	0	0.36
71700	0.35	0.38	0.38	0	0	0.35
71800	0.35	0.38	0.38	0	0	0.35
71900	0.35	0.38	0.38	0	0	0.35
72000	0.35	0.38	0.38	0	0	0.35
72100	0.35	0.38	0.38	0	0	0.35
72200	0.35	0.38	0.38	0	0	0.35
72300	0.36	0.38	0.38	0	0	0.36
72400	0.36	0.38	0.38	0	0	0.36
72500	0.37	0.38	0.38	0	0	0.37
72600	0.37	0.38	0.38	0	0	0.37
72700	0.34	0.39	0.39	0	0	0.34
72800	0.34	0.39	0.39	0	0	0.34
72900	0.34	0.39	0.39	0	0	0.34
73000	0.34	0.39	0.39	0	0	0.34
73100	0.35	0.39	0.39	0	0	0.35
73200	0.35	0.39	0.39	0	0	0.35
73300	0.35	0.4	0.4	0	0	0.35
73400	0.35	0.39	0.39	0	0	0.35
73500	0.35	0.39	0.39	0	0	0.35
73600	0.35	0.39	0.39	0	0	0.35
73700	0.35	0.39	0.39	0	0	0.35
73800	0.36	0.39	0.39	0	0	0.36
73900	0.36	0.39	0.39	0	0	0.36
74000	0.36	0.39	0.39	0	0	0.36
74100	0.35	0.39	0.39	0	0	0.35
74200	0.35	0.39	0.39	0	0	0.35
74300	0.35	0.39	0.39	0	0	0.35
74400	0.34	0.39	0.39	0	0	0.34
74500	0.34	0.39	0.39	0	0	0.34
74600	0.34	0.39	0.39	0	0	0.34
74700	0.34	0.39	0.39	0	0	0.34
74800	0.34	0.39	0.39	0	0	0.34
74900	0.35	0.39	0.39	0	0	0.35
75000	0.34	0.39	0.39	0	0	0.34
75100	0.34	0.39	0.39	0	0	0.34
75200	0.34	0.39	0.39	0	0	0.34
75300	0.34	0.39	0.39	0	0	0.34
75400	0.34	0.4	0.4	0	0	0.34
75500	0.34	0.39	0.39	0	0	0.34
75600	0.33	0.39	0.39	0	0	0.33
75700	0.33	0.39	0.39	0	0	0.33
75800	0.33	0.39	0.39	0	0	0.33
75900	0.33	0.39	0.39	0	0	0.33
76000	0.33	0.39	0.39	0	0	0.33
76100	0.33	0.39	0.39	0	0	0.33
76200	0.33	0.39	0.39	0	0	0.33
76300	0.33	0.39	0.39	0	0	0.33
76400	0.33	0.39	0.39	0	0	0.33
76500	0.33	0.39	0.39	0	0	0.33
76600	0.33	0.39	0.39	0	0	0.33
76700	0.34	0.39	0.39	0	0	0.34
76800	0.34	0.39	0.39	0	0	0.34
76900	0.34	0.39	0.39	0	0	0.34
77000	0.34	0.39	0.39	0	0	0.34
77100	0.34	0.39	0.39	0	0	0.34
77200	0.34	0.39	0.39	0	0	0.34
77300	0.34	0.39	0.39	0	0	0.34
77400	0.34	0.39	0.39	0	0	0.34
77500	0.35	0.39	0.39	0	0	0.35
77600	0.35	0.39	0.39	0	0	0.35
77700	0.35	0.39	0.39	0	0	0.35
77800	0.35	0.39	0.39	0	0	0.35
77900	0.35	0.39	0.39	0	0	0.35
78000	0.35	0.39	0.39	0	0	0.35
78100	0.36	0.38	0.38	0	0	0.36
78200	0.35	0.38	0.38	0	0	0.35
78300	0.35	0.38	0.38	0	0	0.35
78400	0.35	0.38	0.38	0	0	0.35
78500	0.35	0.38	0.38	0	0	0.35
78600	0.35	0.38	0.38	0	0	0.35
78700	0.35	0.38	0.38	0	0	0.35
78800	0.35	0.38	0.38	0	0	0.35
78900	0.35	0.38	0.38	0	0	0.35
79000	0.35	0.38	0.38	0	0	0.35
79100	0.36	0.39	0.39	0	0	0.36
79200	0.35	0.38	0.38	0	0	0.35
79300	0.35	0.38	0.38	0	0	0.35
79400	0.35	0.38	0.38	0	0	0.35
79500	0.35	0.38	0.38	0	0	0.35
79600	0.35	0.38	0.38	0	0	0.35
79700	0.35	0.39	0.39	0	0	0.35
79800	0.35	0.4	0.4	0	0	0.35
79900	0.35	0.4	0.4	0	0	0.35
80000	0.35	0.4	0.4	0	0	0.35
80100	0.35	0.4	0.4	0	0	0.35
80200	0.35	0.4	0.4	0	0	0.35
80300	0.35	0.4	0.4	0	0	0.35
80400	0.35	0.4	0.4	0	0	0.35
80500	0.35	0.4	0.4	0	0	0.35
80600	0.35	0.4	0.4	0	0	0.35
80700	0.35	0.4	0.4	0	0	0.35
80800	0.35	0.4	0.4	0	0	0.35
80900	0.35	0.4	0.4	0	0	0.35
81000	0.35	0.4	0.4	0	0	0.35
81100	0.36	0.4	0.4	0	0	0.36
81200	0.36	0.4	0.4	0	0	0.36
81300	0.36	0.4	0.4	0	0	0.36
81400	0.36	0.4	0.4	0	0	0.36
81500	0.36	0.4	0.4	0	0	0.36
81600	0.36	0.4	0.4	0	0	0.36
81700	0.36	0.4	0.4	0	0	0.36
81800	0.36	0.4	0.4	0	0	0.36
81900	0.36	0.4	0.4	0	0	0.36
82000	0.36	0.39	0.39	0	0	0.36
82100	0.37	0.39	0.39	0	0	0.37
82200	0.37	0.39	0.39	0	0	0.37
82300	0.36	0.39	0.39	0	0	0.36
82400	0.36	0.39	0.39	0	0	0.36
82500	0.36	0.39	0.39	0	0	0.36
82600	0.37	0.39	0.39	0	0	0.37
82700	0.37	0.38	0.38	0	0	0.37
82800	0.37	0.38	0.38	0	0	0.37
82900	0.37	0.38	0.38	0	0	0.37
83000	0.37	0.38	0.38	0	0	0.37
83100	0.36	0.39	0.39	0	0	0.36
83200	0.36	0.39	0.39	0	0	0.36
83300	0.37	0.39	0.39	0	0	0.37
83400	0.37	0.4	0.4	0	0	0.37
83500	0.37	0.41	0.41	0	0	0.37
83600	0.36	0.39	0.39	0	0	0.36
83700	0.36	0.4	0.4	0	0	0.36
83800	0.36	0.39	0.39	0	0	0.36
83900	0.36	0.38	0.38	0	0	0.36
84000	0.36	0.38	0.38	0	0	0.36
84100	0.36	0.38	0.38	0	0	0.36
84200	0.36	0.38	0.38	0	0	0.36
84300	0.36	0.38	0.38	0	0	0.36
84400	0.36	0.38	0.38	0	0	0.36
84500	0.36	0.38	0.38	0	0	0.36
84600	0.36	0.38	0.38	0	0	0.36
84700	0.37	0.38	0.38	0	0	0.37
84800	0.37	0.38	0.38	0	0	0.37
84900	0.37	0.38	0.38	0	0	0.37
85000	0.37	0.38	0.38	0	0	0.37
85100	0.36	0.38	0.38	0	0	0.36
85200	0.37	0.38	0.38	0	0	0.37
85300	0.37	0.38	0.38	0	0	0.37
85400	0.37	0.38	0.38	0	0	0.37
85500	0.37	0.39	0.39	0	0	0.37
85600	0.37	0.39	0.39	0	0	0.37
85700	0.37	0.38	0.38	0	0	0.37
85800	0.37	0.38	0.38	0	0	0.37
85900	0.37	0.38	0.38	0	0	0.37
86000	0.37	0.38	0.38	0	0	0.37
86100	0.37	0.38	0.38	0	0	0.37
86200	0.38	0.38	0.38	0	0	0.38
86300	0.37	0.38	0.38	0	0	0.37
86400	0.37	0.38	0.38	0	0	0.37
86500	0.37	0.38	0.38	0	0	0.37
86600	0.37	0.37	0.37	0	0	0.37
86700	0.38	0.37	0.37	0	0	0.38
86800	0.38	0.37	0.37	0	0	0.38
86900	0.36	0.37	0.37	0	0	0.36
87000	0.36	0.37	0.37	0	0	0.36
87100	0.36	0.37	0.37	0	0	0.36
87200	0.36	0.37	0.37	0	0	0.36
87300	0.36	0.38	0.38	0	0	0.36
87400	0.36	0.39	0.39	0	0	0.36
87500	0.36	0.38	0.38	0	0	0.36
87600	0.36	0.38	0.38	0	0	0.36
87700	0.36	0.39	0.39	0	0	0.36
87800	0.36	0.39	0.39	0	0	0.36
87900	0.36	0.39	0.39	0	0	0.36
88000	0.36	0.39	0.39	0	0	0.36
88100	0.36	0.39	0.39	0	0	0.36
88200	0.36	0.39	0.39	0	0	0.36
88300	0.36	0.4	0.4	0	0	0.36
88400	0.36	0.4	0.4	0	0	0.36
88500	0.36	0.4	0.4	0	0	0.36
88600	0.36	0.4	0.4	0	0	0.36
88700	0.36	0.4	0.4	0	0	0.36
88800	0.36	0.4	0.4	0	0	0.36
88900	0.37	0.4	0.4	0	0	0.37
89000	0.37	0.4	0.4	0	0	0.37
89100	0.38	0.4	0.4	0	0	0.38
89200	0.36	0.4	0.4	0	0	0.36
89300	0.36	0.4	0.4	0	0	0.36
89400	0.37	0.4	0.4	0	0	0.37
89500	0.37	0.4	0.4	0	0	0.37
89600	0.37	0.4	0.4	0	0	0.37
89700	0.37	0.4	0.4	0	0	0.37
89800	0.37	0.4	0.4	0	0	0.37
89900	0.37	0.4	0.4	0	0	0.37
90000	0.37	0.4	0.4	0	0	0.37
90100	0.37	0.4	0.4	0	0	0.37
90200	0.37	0.4	0.4	0	0	0.37
90300	0.37	0.4	0.4	0	0	0.37
90400	0.37	0.4	0.4	0	0	0.37
90500	0.37	0.4	0.4	0	0	0.37
90600	0.37	0.4	0.4	0	0	0.37
90700	0.37	0.4	0.4	0	0	0.37
90800	0.37	0.4	0.4	0	0	0.37
90900	0.37	0.4	0.4	0	0	0.37
91000	0.37	0.4	0.4	0	0	0.37
91100	0.37	0.4	0.4	0	0	0.37
91200	0.37	0.41	0.41	0	0	0.37
91300	0.37	0.41	0.41	0	0	0.37
91400	0.38	0.41	0.41	0	0	0.38
91500	0.38	0.41	0.41	0	0	0.38
91600	0.37	0.41	0.41	0	0	0.37
91700	0.37	0.42	0.42	0	0	0.37
91800	0.37	0.42	0.42	0	0	0.37
91900	0.38	0.42	0.42	0	0	0.38
92000	0.37	0.42	0.42	0	0	0.37
92100	0.37	0.42	0.42	0	0	0.37
92200	0.37	0.42	0.42	0	0	0.37
92300	0.38	0.42	0.42	0	0	0.38
92400	0.38	0.42	0.42	0	0	0.38
92500	0.38	0.42	0.42	0	0	0.38
92600	0.38	0.42	0.42	0	0	0.38
92700	0.38	0.42	0.42	0	0	0.38
92800	0.38	0.42	0.42	0	0	0.38
92900	0.38	0.41	0.41	0	0	0.38
93000	0.38	0.41	0.41	0	0	0.38
93100	0.38	0.41	0.41	0	0	0.38
93200	0.38	0.42	0.42	0	0	0.38
93300	0.38	0.41	0.41	0	0	0.38
93400	0.39	0.41	0.41	0	0	0.39
93500	0.39	0.41	0.41	0	0	0.39
93600	0.39	0.41	0.41	0	0	0.39
93700	0.39	0.42	0.42	0	0	0.39
93800	0.39	0.42	0.42	0	0	0.39
93900	0.39	0.42	0.42	0	0	0.39
94000	0.39	0.42	0.42	0	0	0.39
94100	0.39	0.42	0.42	0	0	0.39
94200	0.39	0.42	0.42	0	0	0.39
94300	0.38	0.42	0.42	0	0	0.38
94400	0.38	0.43	0.43	0	0	0.38
94500	0.38	0.42	0.42	0	0	0.38
94600	0.38	0.41	0.41	0	0	0.38
94700	0.38	0.4	0.4	0	0	0.38
94800	0.38	0.39	0.39	0	0	0.38
94900	0.38	0.39	0.39	0	0	0.38
95000	0.38	0.39	0.39	0	0	0.38
95100	0.38	0.39	0.39	0	0	0.38
95200	0.38	0.39	0.39	0	0	0.38
95300	0.38	0.39	0.39	0	0	0.38
95400	0.38	0.39	0.39	0	0	0.38
95500	0.38	0.39	0.39	0	0	0.38
95600	0.39	0.38	0.38	0	0	0.39
95700	0.39	0.38	0.38	0	0	0.39
95800	0.39	0.38	0.38	0	0	0.39
95900	0.38	0.38	0.38	0	0	0.38
96000	0.39	0.38	0.38	0	0	0.39
96100	0.39	0.38	0.38	0	0	0.39
96200	0.39	0.37	0.37	0	0	0.39
96300	0.39	0.34	0.34	0	0	0.39
96400	0.39	0.34	0.34	0	0	0.39
96500	0.39	0.34	0.34	0	0	0.39
96600	0.39	0.34	0.34	0	0	0.39
96700	0.39	0.34	0.34	0	0	0.39
96800	0.38	0.34	0.34	0	0	0.38
96900	0.38	0.34	0.34	0	0	0.38
97000	0.38	0.34	0.34	0	0	0.38
97100	0.39	0.34	0.34	0	0	0.39
97200	0.38	0.34	0.34	0	0	0.38
97300	0.37	0.34	0.34	0	0	0.37
97400	0.37	0.34	0.34	0	0	0.37
97500	0.37	0.34	0.34	0	0	0.37
97600	0.38	0.34	0.34	0	0	0.38
97700	0.38	0.34	0.34	0	0	0.38
97800	0.38	0.34	0.34	0	0	0.38
97900	0.38	0.34	0.34	0	0	0.38
98000	0.38	0.34	0.34	0	0	0.38
98100	0.38	0.34	0.34	0	0	0.38
98200	0.38	0.34	0.34	0	0	0.38
98300	0.38	0.34	0.34	0	0	0.38
98400	0.37	0.34	0.34	0	0	0.37
98500	0.37	0.34	0.34	0	0	0.37
98600	0.37	0.34	0.34	0	0	0.37
98700	0.37	0.34	0.34	0	0	0.37
98800	0.37	0.34	0.34	0	0	0.37
98900	0.37	0.34	0.34	0	0	0.37
99000	0.37	0.34	0.34	0	0	0.37
99100	0.38	0.34	0.34	0	0	0.38
99200	0.38	0.34	0.34	0	0	0.38
99300	0.38	0.34	0.34	0	0	0.38
99400	0.38	0.34	0.34	0	0	0.38
99500	0.4	0.34	0.34	0	0	0.4
99600	0.39	0.35	0.35	0	0	0.39
99700	0.38	0.34	0.34	0	0	0.38
99800	0.38	0.34	0.34	0	0	0.38
99900	0.4	0.34	0.34	0	0	0.4
100000	0.39	0.34	0.34	0	0	0.39
100100	0.37	0.34	0.34	0	0	0.37
100200	0.37	0.34	0.34	0	0	0.37
100300	0.37	0.34	0.34	0	0	0.37
100400	0.37	0.34	0.34	0	0	0.37
100500	0.38	0.34	0.34	0	0	0.38
100600	0.38	0.34	0.34	0	0	0.38
100700	0.38	0.34	0.34	0	0	0.38
100800	0.38	0.34	0.34	0	0	0.38
100900	0.38	0.34	0.34	0	0	0.38
101000	0.39	0.34	0.34	0	0	0.39
101100	0.38	0.34	0.34	0	0	0.38
101200	0.38	0.34	0.34	0	0	0.38
101300	0.38	0.34	0.34	0	0	0.38
101400	0.38	0.35	0.35	0	0	0.38
101500	0.38	0.37	0.37	0	0	0.38
101600	0.38	0.35	0.35	0	0	0.38
101700	0.38	0.34	0.34	0	0	0.38
101800	0.38	0.34	0.34	0	0	0.38
101900	0.38	0.34	0.34	0	0	0.38
102000	0.39	0.34	0.34	0	0	0.39
102100	0.38	0.34	0.34	0	0	0.38
102200	0.38	0.34	0.34	0	0	0.38
102300	0.38	0.34	0.34	0	0	0.38
102400	0.38	0.34	0.34	0	0	0.38
102500	0.38	0.34	0.34	0	0	0.38
102600	0.38	0.34	0.34	0	0	0.38
102700	0.39	0.34	0.34	0	0	0.39
102800	0.39	0.34	0.34	0	0	0.39
102900	0.39	0.34	0.34	0	0	0.39
103000	0.4	0.34	0.34	0	0	0.4
103100	0.4	0.34	0.34	0	0	0.4
103200	0.4	0.35	0.35	0	0	0.4
103300	0.39	0.34	0.34	0	0	0.39
103400	0.39	0.35	0.35	0	0	0.39
103500	0.39	0.36	0.36	0	0	0.39
103600	0.4	0.36	0.36	0	0	0.4
103700	0.4	0.34	0.34	0	0	0.4
103800	0.39	0.34	0.34	0	0	0.39
103900	0.39	0.34	0.34	0	0	0.39
104000	0.39	0.34	0.34	0	0	0.39
104100	0.39	0.34	0.34	0	0	0.39
104200	0.39	0.34	0.34	0	0	0.39
104300	0.39	0.34	0.34	0	0	0.39
104400	0.4	0.34	0.34	0	0	0.4
104500	0.4	0.34	0.34	0	0	0.4
104600	0.39	0.34	0.34	0	0	0.39
104700	0.4	0.34	0.34	0	0	0.4
104800	0.4	0.34	0.34	0	0	0.4
104900	0.4	0.34	0.34	0	0	0.4
105000	0.4	0.34	0.34	0	0	0.4
105100	0.4	0.34	0.34	0	0	0.4
105200	0.4	0.34	0.34	0	0	0.4
105300	0.4	0.34	0.34	0	0	0.4
105400	0.4	0.34	0.34	0	0	0.4
105500	0.4	0.34	0.34	0	0	0.4
105600	0.4	0.34	0.34	0	0	0.4
105700	0.4	0.34	0.34	0	0	0.4
105800	0.4	0.34	0.34	0	0	0.4
105900	0.4	0.34	0.34	0	0	0.4
106000	0.4	0.34	0.34	0	0	0.4
106100	0.4	0.34	0.34	0	0	0.4
106200	0.4	0.34	0.34	0	0	0.4
106300	0.4	0.34	0.34	0	0	0.4
106400	0.4	0.36	0.36	0	0	0.4
106500	0.4	0.35	0.35	0	0	0.4
106600	0.4	0.35	0.35	0	0	0.4
106700	0.4	0.35	0.35	0	0	0.4
106800	0.4	0.35	0.35	0	0	0.4
106900	0.4	0.35	0.35	0	0	0.4
107000	0.41	0.35	0.35	0	0	0.41
107100	0.41	0.35	0.35	0	0	0.41
107200	0.41	0.35	0.35	0	0	0.41
107300	0.41	0.35	0.35	0	0	0.41
107400	0.42	0.35	0.35	0	0	0.42
107500	0.41	0.35	0.35	0	0	0.41
107600	0.41	0.35	0.35	0	0	0.41
107700	0.41	0.35	0.35	0	0	0.41
107800	0.41	0.35	0.35	0	0	0.41
107900	0.41	0.35	0.35	0	0	0.41
108000	0.41	0.35	0.35	0	0	0.41
108100	0.41	0.35	0.35	0	0	0.41
108200	0.42	0.35	0.35	0	0	0.42
108300	0.41	0.36	0.36	0	0	0.41
108400	0.41	0.36	0.36	0	0	0.41
108500	0.41	0.36	0.36	0	0	0.41
108600	0.41	0.36	0.36	0	0	0.41
108700	0.42	0.36	0.36	0	0	0.42
108800	0.41	0.36	0.36	0	0	0.41
108900	0.4	0.35	0.35	0	0	0.4
109000	0.4	0.35	0.35	0	0	0.4
109100	0.4	0.35	0.35	0	0	0.4
109200	0.4	0.35	0.35	0	0	0.4
109300	0.4	0.35	0.35	0	0	0.4
109400	0.4	0.35	0.35	0	0	0.4
109500	0.4	0.35	0.35	0	0	0.4
109600	0.4	0.35	0.35	0	0	0.4
109700	0.4	0.35	0.35	0	0	0.4
109800	0.4	0.35	0.35	0	0	0.4
109900	0.4	0.35	0.35	0	0	0.4
110000	0.41	0.35	0.35	0	0	0.41
110100	0.42	0.35	0.35	0	0	0.42
110200	0.43	0.35	0.35	0	0	0.43
110300	0.41	0.35	0.35	0	0	0.41
110400	0.41	0.35	0.35	0	0	0.41
110500	0.41	0.35	0.35	0	0	0.41
110600	0.41	0.35	0.35	0	0	0.41
110700	0.41	0.35	0.35	0	0	0.41
110800	0.41	0.35	0.35	0	0	0.41
110900	0.42	0.35	0.35	0	0	0.42
111000	0.41	0.35	0.35	0	0	0.41
111100	0.41	0.35	0.35	0	0	0.41
111200	0.41	0.36	0.36	0	0	0.41
111300	0.41	0.36	0.36	0	0	0.41
111400	0.41	0.36	0.36	0	0	0.41
111500	0.41	0.36	0.36	0	0	0.41
111600	0.41	0.36	0.36	0	0	0.41
111700	0.41	0.36	0.36	0	0	0.41
111800	0.41	0.36	0.36	0	0	0.41
111900	0.42	0.35	0.35	0	0	0.42
112000	0.42	0.35	0.35	0	0	0.42
112100	0.42	0.35	0.35	0	0	0.42
112200	0.42	0.35	0.35	0	0	0.42
112300	0.42	0.35	0.35	0	0	0.42
112400	0.42	0.35	0.35	0	0	0.42
112500	0.42	0.35	0.35	0	0	0.42
112600	0.42	0.34	0.34	0	0	0.42
112700	0.41	0.35	0.35	0	0	0.41
112800	0.41	0.35	0.35	0	0	0.41
112900	0.4	0.35	0.35	0	0	0.4
113000	0.4	0.35	0.35	0	0	0.4
113100	0.4	0.35	0.35	0	0	0.4
113200	0.4	0.35	0.35	0	0	0.4
113300	0.4	0.36	0.36	0	0	0.4
113400	0.39	0.36	0.36	0	0	0.39
113500	0.39	0.36	0.36	0	0	0.39
113600	0.39	0.36	0.36	0	0	0.39
113700	0.39	0.36	0.36	0	0	0.39
113800	0.39	0.36	0.36	0	0	0.39
113900	0.39	0.36	0.36	0	0	0.39
114000	0.39	0.36	0.36	0	0	0.39
114100	0.39	0.36	0.36	0	0	0.39
114200	0.39	0.35	0.35	0	0	0.39
114300	0.39	0.35	0.35	0	0	0.39
114400	0.39	0.35	0.35	0	0	0.39
114500	0.39	0.35	0.35	0	0	0.39
114600	0.39	0.35	0.35	0	0	0.39
114700	0.4	0.35	0.35	0	0	0.4
114800	0.41	0.35	0.35	0	0	0.41
114900	0.41	0.35	0.35	0	0	0.41
115000	0.41	0.35	0.35	0	0	0.41
115100	0.41	0.35	0.35	0	0	0.41
115200	0.41	0.35	0.35	0	0	0.41
115300	0.41	0.35	0.35	0	0	0.41
115400	0.41	0.35	0.35	0	0	0.41
115500	0.41	0.35	0.35	0	0	0.41
115600	0.41	0.35	0.35	0	0	0.41
115700	0.41	0.35	0.35	0	0	0.41
115800	0.42	0.35	0.35	0	0	0.42
115900	0.42	0.35	0.35	0	0	0.42
116000	0.42	0.35	0.35	0	0	0.42
116100	0.42	0.35	0.35	0	0	0.42
116200	0.42	0.35	0.35	0	0	0.42
116300	0.42	0.35	0.35	0	0	0.42
116400	0.42	0.35	0.35	0	0	0.42
116500	0.42	0.35	0.35	0	0	0.42
116600	0.42	0.36	0.36	0	0	0.42
116700	0.42	0.35	0.35	0	0	0.42
116800	0.42	0.35	0.35	0	0	0.42
116900	0.42	0.35	0.35	0	0	0.42
117000	0.42	0.35	0.35	0	0	0.42
117100	0.42	0.36	0.36	0	0	0.42
117200	0.42	0.36	0.36	0	0	0.42
117300	0.42	0.37	0.37	0	0	0.42
117400	0.42	0.36	0.36	0	0	0.42
117500	0.43	0.36	0.36	0	0	0.43
117600	0.43	0.36	0.36	0	0	0.43
117700	0.43	0.36	0.36	0	0	0.43
117800	0.43	0.36	0.36	0	0	0.43
117900	0.43	0.36	0.36	0	0	0.43
118000	0.43	0.36	0.36	0	0	0.43
118100	0.42	0.37	0.37	0	0	0.42
118200	0.42	0.37	0.37	0	0	0.42
118300	0.42	0.37	0.37	0	0	0.42
118400	0.42	0.37	0.37	0	0	0.42
118500	0.42	0.37	0.37	0	0	0.42
118600	0.42	0.37	0.37	0	0	0.42
118700	0.42	0.37	0.37	0	0	0.42
118800	0.42	0.37	0.37	0	0	0.42
118900	0.42	0.37	0.37	0	0	0.42
119000	0.42	0.37	0.37	0	0	0.42
119100	0.42	0.37	0.37	0	0	0.42
119200	0.42	0.37	0.37	0	0	0.42
119300	0.42	0.37	0.37	0	0	0.42
119400	0.42	0.37	0.37	0	0	0.42
119500	0.42	0.37	0.37	0	0	0.42
119600	0.42	0.38	0.38	0	0	0.42
119700	0.42	0.38	0.38	0	0	0.42
119800	0.42	0.38	0.38	0	0	0.42
119900	0.41	0.38	0.38	0	0	0.41
120000	0.41	0.38	0.38	0	0	0.41
120100	0.41	0.38	0.38	0	0	0.41
120200	0.41	0.37	0.37	0	0	0.41
120300	0.41	0.36	0.36	0	0	0.41
120400	0.41	0.36	0.36	0	0	0.41
120500	0.41	0.36	0.36	0	0	0.41
120600	0.41	0.36	0.36	0	0	0.41
120700	0.41	0.36	0.36	0	0	0.41
120800	0.41	0.36	0.36	0	0	0.41
120900	0.41	0.36	0.36	0	0	0.41
121000	0.41	0.36	0.36	0	0	0.41
121100	0.41	0.36	0.36	0	0	0.41
121200	0.41	0.36	0.36	0	0	0.41
121300	0.41	0.36	0.36	0	0	0.41
121400	0.41	0.36	0.36	0	0	0.41
121500	0.41	0.36	0.36	0	0	0.41
121600	0.41	0.36	0.36	0	0	0.41
121700	0.41	0.36	0.36	0	0	0.41
121800	0.41	0.36	0.36	0	0	0.41
121900	0.41	0.36	0.36	0	0	0.41
122000	0.42	0.36	0.36	0	0	0.42
122100	0.42	0.36	0.36	0	0	0.42
122200	0.43	0.36	0.36	0	0	0.43
122300	0.43	0.36	0.36	0	0	0.43
122400	0.43	0.36	0.36	0	0	0.43
122500	0.43	0.36	0.36	0	0	0.43
122600	0.43	0.36	0.36	0	0	0.43
122700	0.43	0.36	0.36	0	0	0.43
122800	0.43	0.36	0.36	0	0	0.43
122900	0.43	0.36	0.36	0	0	0.43
123000	0.43	0.36	0.36	0	0	0.43
123100	0.43	0.36	0.36	0	0	0.43
123200	0.43	0.36	0.36	0	0	0.43
123300	0.43	0.36	0.36	0	0	0.43
123400	0.43	0.36	0.36	0	0	0.43
123500	0.43	0.36	0.36	0	0	0.43
123600	0.43	0.36	0.36	0	0	0.43
123700	0.43	0.36	0.36	0	0	0.43
123800	0.43	0.36	0.36	0	0	0.43
123900	0.43	0.36	0.36	0	0	0.43
124000	0.43	0.36	0.36	0	0	0.43
124100	0.43	0.36	0.36	0	0	0.43
124200	0.43	0.36	0.36	0	0	0.43
124300	0.43	0.36	0.36	0	0	0.43
124400	0.43	0.36	0.36	0	0	0.43
124500	0.44	0.36	0.36	0	0	0.44
124600	0.44	0.36	0.36	0	0	0.44
124700	0.44	0.36	0.36	0	0	0.44
124800	0.44	0.36	0.36	0	0	0.44
124900	0.44	0.36	0.36	0	0	0.44
125000	0.43	0.37	0.37	0	0	0.43
125100	0.43	0.37	0.37	0	0	0.43
125200	0.43	0.37	0.37	0	0	0.43
125300	0.43	0.36	0.36	0	0	0.43
125400	0.43	0.36	0.36	0	0	0.43
125500	0.43	0.36	0.36	0	0	0.43
125600	0.43	0.36	0.36	0	0	0.43
125700	0.43	0.36	0.36	0	0	0.43
125800	0.43	0.36	0.36	0	0	0.43
125900	0.43	0.36	0.36	0	0	0.43
126000	0.42	0.36	0.36	0	0	0.42
126100	0.42	0.36	0.36	0	0	0.42
126200	0.42	0.36	0.36	0	0	0.42
126300	0.42	0.36	0.36	0	0	0.42
126400	0.42	0.36	0.36	0	0	0.42
126500	0.42	0.36	0.36	0	0	0.42
126600	0.42	0.36	0.36	0	0	0.42
126700	0.42	0.36	0.36	0	0	0.42
126800	0.42	0.36	0.36	0	0	0.42
126900	0.42	0.36	0.36	0	0	0.42
127000	0.42	0.37	0.37	0	0	0.42
127100	0.42	0.37	0.37	0	0	0.42
127200	0.42	0.36	0.36	0	0	0.42
127300	0.42	0.36	0.36	0	0	0.42
127400	0.42	0.36	0.36	0	0	0.42
127500	0.42	0.36	0.36	0	0	0.42
127600	0.41	0.36	0.36	0	0	0.41
127700	0.4	0.36	0.36	0	0	0.4
127800	0.4	0.36	0.36	0	0	0.4
127900	0.4	0.36	0.36	0	0	0.4
128000	0.4	0.36	0.36	0	0	0.4
128100	0.4	0.36	0.36	0	0	0.4
128200	0.4	0.37	0.37	0	0	0.4
128300	0.39	0.37	0.37	0	0	0.39
128400	0.38	0.36	0.36	0	0	0.38
128500	0.37	0.36	0.36	0	0	0.37
128600	0.38	0.36	0.36	0	0	0.38
128700	0.37	0.36	0.36	0	0	0.37
128800	0.37	0.36	0.36	0	0	0.37
128900	0.37	0.36	0.36	0	0	0.37
129000	0.37	0.36	0.36	0	0	0.37
129100	0.37	0.36	0.36	0	0	0.37
129200	0.37	0.36	0.36	0	0	0.37
129300	0.37	0.36	0.36	0	0	0.37
129400	0.37	0.36	0.36	0	0	0.37
129500	0.37	0.36	0.36	0	0	0.37
129600	0.37	0.37	0.37	0	0	0.37
129700	0.37	0.37	0.37	0	0	0.37
129800	0.37	0.37	0.37	0	0	0.37
129900	0.37	0.37	0.37	0	0	0.37
130000	0.37	0.37	0.37	0	0	0.37
130100	0.37	0.37	0.37	0	0	0.37
130200	0.37	0.37	0.37	0	0	0.37
130300	0.37	0.37	0.37	0	0	0.37
130400	0.37	0.37	0.37	0	0	0.37
130500	0.37	0.37	0.37	0	0	0.37
130600	0.37	0.37	0.37	0	0	0.37
130700	0.37	0.37	0.37	0	0	0.37
130800	0.37	0.37	0.37	0	0	0.37
130900	0.37	0.37	0.37	0	0	0.37
131000	0.37	0.37	0.37	0	0	0.37
131100	0.37	0.37	0.37	0	0	0.37
131200	0.37	0.37	0.37	0	0	0.37
131300	0.38	0.37	0.37	0	0	0.38
131400	0.38	0.37	0.37	0	0	0.38
131500	0.38	0.37	0.37	0	0	0.38
131600	0.38	0.37	0.37	0	0	0.38
131700	0.38	0.38	0.38	0	0	0.38
131800	0.38	0.37	0.37	0	0	0.38
131900	0.38	0.37	0.37	0	0	0.38
132000	0.38	0.37	0.37	0	0	0.38
132100	0.39	0.37	0.37	0	0	0.39
132200	0.39	0.37	0.37	0	0	0.39
132300	0.39	0.37	0.37	0	0	0.39
132400	0.39	0.37	0.37	0	0	0.39
132500	0.39	0.37	0.37	0	0	0.39
132600	0.39	0.37	0.37	0	0	0.39
132700	0.39	0.37	0.37	0	0	0.39
132800	0.39	0.37	0.37	0	0	0.39
132900	0.39	0.37	0.37	0	0	0.39
133000	0.39	0.37	0.37	0	0	0.39
133100	0.39	0.38	0.38	0	0	0.39
133200	0.39	0.38	0.38	0	0	0.39
133300	0.39	0.38	0.38	0	0	0.39
133400	0.39	0.38	0.38	0	0	0.39
133500	0.39	0.38	0.38	0	0	0.39
133600	0.4	0.39	0.39	0	0	0.4
133700	0.4	0.39	0.39	0	0	0.4
133800	0.4	0.39	0.39	0	0	0.4
133900	0.4	0.39	0.39	0	0	0.4
134000	0.4	0.38	0.38	0	0	0.4
134100	0.4	0.38	0.38	0	0	0.4
134200	0.4	0.38	0.38	0	0	0.4
134300	0.4	0.38	0.38	0	0	0.4
134400	0.41	0.38	0.38	0	0	0.41
134500	0.41	0.38	0.38	0	0	0.41
134600	0.41	0.38	0.38	0	0	0.41
134700	0.41	0.38	0.38	0	0	0.41
134800	0.41	0.38	0.38	0	0	0.41
134900	0.41	0.38	0.38	0	0	0.41
135000	0.41	0.38	0.38	0	0	0.41
135100	0.41	0.38	0.38	0	0	0.41
135200	0.41	0.37	0.37	0	0	0.41
135300	0.41	0.37	0.37	0	0	0.41
135400	0.41	0.37	0.37	0	0	0.41
135500	0.41	0.37	0.37	0	0	0.41
135600	0.41	0.37	0.37	0	0	0.41
135700	0.42	0.37	0.37	0	0	0.42
135800	0.41	0.37	0.37	0	0	0.41
135900	0.41	0.37	0.37	0	0	0.41
136000	0.41	0.37	0.37	0	0	0.41
136100	0.41	0.37	0.37	0	0	0.41
136200	0.41	0.37	0.37	0	0	0.41
136300	0.41	0.37	0.37	0	0	0.41
136400	0.41	0.39	0.39	0	0	0.41
136500	0.4	0.39	0.39	0	0	0.4
136600	0.4	0.39	0.39	0	0	0.4
136700	0.41	0.39	0.39	0	0	0.41
136800	0.41	0.39	0.39	0	0	0.41
136900	0.41	0.39	0.39	0	0	0.41
137000	0.41	0.39	0.39	0	0	0.41
137100	0.4	0.39	0.39	0	0	0.4
137200	0.4	0.39	0.39	0	0	0.4
137300	0.4	0.39	0.39	0	0	0.4
137400	0.4	0.39	0.39	0	0	0.4
137500	0.4	0.39	0.39	0	0	0.4
137600	0.41	0.39	0.39	0	0	0.41
137700	0.41	0.39	0.39	0	0	0.41
137800	0.41	0.39	0.39	0	0	0.41
137900	0.41	0.39	0.39	0	0	0.41
138000	0.41	0.39	0.39	0	0	0.41
138100	0.41	0.39	0.39	0	0	0.41
138200	0.4	0.39	0.39	0	0	0.4
138300	0.4	0.39	0.39	0	0	0.4
138400	0.4	0.39	0.39	0	0	0.4
138500	0.4	0.4	0.4	0	0	0.4
138600	0.4	0.4	0.4	0	0	0.4
138700	0.4	0.39	0.39	0	0	0.4
138800	0.4	0.39	0.39	0	0	0.4
138900	0.4	0.39	0.39	0	0	0.4
139000	0.4	0.39	0.39	0	0	0.4
139100	0.4	0.39	0.39	0	0	0.4
139200	0.4	0.39	0.39	0	0	0.4
139300	0.4	0.39	0.39	0	0	0.4
139400	0.4	0.39	0.39	0	0	0.4
139500	0.4	0.39	0.39	0	0	0.4
139600	0.4	0.39	0.39	0	0	0.4
139700	0.4	0.39	0.39	0	0	0.4
139800	0.4	0.39	0.39	0	0	0.4
139900	0.4	0.39	0.39	0	0	0.4
140000	0.4	0.39	0.39	0	0	0.4
140100	0.4	0.39	0.39	0	0	0.4
140200	0.4	0.39	0.39	0	0	0.4
140300	0.4	0.39	0.39	0	0	0.4
140400	0.4	0.4	0.4	0	0	0.4
140500	0.4	0.4	0.4	0	0	0.4
140600	0.4	0.4	0.4	0	0	0.4
140700	0.4	0.4	0.4	0	0	0.4
140800	0.41	0.4	0.4	0	0	0.41
140900	0.41	0.4	0.4	0	0	0.41
141000	0.41	0.4	0.4	0	0	0.41
141100	0.41	0.4	0.4	0	0	0.41
141200	0.41	0.4	0.4	0	0	0.41
141300	0.42	0.4	0.4	0	0	0.42
141400	0.41	0.4	0.4	0	0	0.41
141500	0.41	0.4	0.4	0	0	0.41
141600	0.41	0.4	0.4	0	0	0.41
141700	0.41	0.4	0.4	0	0	0.41
141800	0.41	0.4	0.4	0	0	0.41
141900	0.41	0.4	0.4	0	0	0.41
142000	0.41	0.4	0.4	0	0	0.41
142100	0.41	0.4	0.4	0	0	0.41
142200	0.41	0.4	0.4	0	0	0.41
142300	0.41	0.4	0.4	0	0	0.41
142400	0.41	0.4	0.4	0	0	0.41
142500	0.41	0.4	0.4	0	0	0.41
142600	0.41	0.4	0.4	0	0	0.41
142700	0.41	0.4	0.4	0	0	0.41
142800	0.41	0.4	0.4	0	0	0.41
142900	0.41	0.4	0.4	0	0	0.41
143000	0.41	0.4	0.4	0	0	0.41
143100	0.41	0.4	0.4	0	0	0.41
143200	0.42	0.4	0.4	0	0	0.42
143300	0.42	0.4	0.4	0	0	0.42
143400	0.42	0.4	0.4	0	0	0.42
143500	0.42	0.4	0.4	0	0	0.42
143600	0.43	0.4	0.4	0	0	0.43
143700	0.43	0.4	0.4	0	0	0.43
143800	0.43	0.4	0.4	0	0	0.43
143900	0.43	0.4	0.4	0	0	0.43
144000	0.43	0.4	0.4	0	0	0.43
144100	0.43	0.4	0.4	0	0	0.43
144200	0.43	0.4	0.4	0	0	0.43
144300	0.43	0.4	0.4	0	0	0.43
144400	0.43	0.4	0.4	0	0	0.43
144500	0.43	0.4	0.4	0	0	0.43
144600	0.43	0.4	0.4	0	0	0.43
144700	0.43	0.4	0.4	0	0	0.43
144800	0.43	0.4	0.4	0	0	0.43
144900	0.43	0.4	0.4	0	0	0.43
145000	0.43	0.4	0.4	0	0	0.43
145100	0.43	0.4	0.4	0	0	0.43
145200	0.43	0.4	0.4	0	0	0.43
145300	0.43	0.4	0.4	0	0	0.43
145400	0.44	0.4	0.4	0	0	0.44
145500	0.44	0.4	0.4	0	0	0.44
145600	0.44	0.4	0.4	0	0	0.44
145700	0.43	0.4	0.4	0	0	0.43
145800	0.43	0.4	0.4	0	0	0.43
145900	0.43	0.4	0.4	0	0	0.43
146000	0.43	0.4	0.4	0	0	0.43
146100	0.43	0.4	0.4	0	0	0.43
146200	0.43	0.41	0.41	0	0	0.43
146300	0.43	0.4	0.4	0	0	0.43
146400	0.43	0.4	0.4	0	0	0.43
146500	0.43	0.4	0.4	0	0	0.43
146600	0.43	0.4	0.4	0	0	0.43
146700	0.43	0.4	0.4	0	0	0.43
146800	0.43	0.4	0.4	0	0	0.43
146900	0.43	0.4	0.4	0	0	0.43
147000	0.43	0.4	0.4	0	0	0.43
147100	0.43	0.4	0.4	0	0	0.43
147200	0.43	0.4	0.4	0	0	0.43
147300	0.43	0.4	0.4	0	0	0.43
147400	0.44	0.4	0.4	0	0	0.44
147500	0.44	0.4	0.4	0	0	0.44
147600	0.44	0.4	0.4	0	0	0.44
147700	0.44	0.4	0.4	0	0	0.44
147800	0.44	0.4	0.4	0	0	0.44
147900	0.44	0.4	0.4	0	0	0.44
148000	0.44	0.4	0.4	0	0	0.44
148100	0.44	0.4	0.4	0	0	0.44
148200	0.45	0.4	0.4	0	0	0.45
148300	0.45	0.4	0.4	0	0	0.45
148400	0.45	0.4	0.4	0	0	0.45
148500	0.46	0.41	0.41	0	0	0.46
148600	0.46	0.41	0.41	0	0	0.46
148700	0.46	0.41	0.41	0	0	0.46
148800	0.46	0.41	0.41	0	0	0.46
148900	0.46	0.41	0.41	0	0	0.46
149000	0.45	0.41	0.41	0	0	0.45
149100	0.45	0.41	0.41	0	0	0.45
149200	0.43	0.41	0.41	0	0	0.43
149300	0.43	0.41	0.41	0	0	0.43
149400	0.42	0.41	0.41	0	0	0.42
149500	0.42	0.41	0.41	0	0	0.42
149600	0.42	0.41	0.41	0	0	0.42
149700	0.41	0.41	0.41	0	0	0.41
149800	0.4	0.41	0.41	0	0	0.4
149900	0.4	0.41	0.41	0	0	0.4
150000	0.4	0.41	0.41	0	0	0.4
150100	0.39	0.41	0.41	0	0	0.39
150200	0.39	0.41	0.41	0	0	0.39
150300	0.39	0.41	0.41	0	0	0.39
150400	0.39	0.41	0.41	0	0	0.39
150500	0.39	0.41	0.41	0	0	0.39
150600	0.39	0.41	0.41	0	0	0.39
150700	0.39	0.41	0.41	0	0	0.39
150800	0.39	0.41	0.41	0	0	0.39
150900	0.38	0.41	0.41	0	0	0.38
151000	0.38	0.41	0.41	0	0	0.38
151100	0.39	0.41	0.41	0	0	0.39
151200	0.38	0.41	0.41	0	0	0.38
151300	0.38	0.41	0.41	0	0	0.38
151400	0.38	0.41	0.41	0	0	0.38
151500	0.38	0.41	0.41	0	0	0.38
151600	0.38	0.41	0.41	0	0	0.38
151700	0.38	0.41	0.41	0	0	0.38
151800	0.38	0.41	0.41	0	0	0.38
151900	0.38	0.41	0.41	0	0	0.38
152000	0.38	0.41	0.41	0	0	0.38
152100	0.39	0.41	0.41	0	0	0.39
152200	0.39	0.41	0.41	0	0	0.39
152300	0.39	0.41	0.41	0	0	0.39
152400	0.39	0.41	0.41	0	0	0.39
152500	0.39	0.41	0.41	0	0	0.39
152600	0.39	0.41	0.41	0	0	0.39
152700	0.39	0.41	0.41	0	0	0.39
152800	0.39	0.41	0.41	0	0	0.39
152900	0.39	0.41	0.41	0	0	0.39
153000	0.39	0.41	0.41	0	0	0.39
153100	0.39	0.41	0.41	0	0	0.39
153200	0.39	0.41	0.41	0	0	0.39
153300	0.38	0.41	0.41	0	0	0.38
153400	0.38	0.41	0.41	0	0	0.38
153500	0.38	0.41	0.41	0	0	0.38
153600	0.38	0.41	0.41	0	0	0.38
153700	0.38	0.41	0.41	0	0	0.38
153800	0.38	0.41	0.41	0	0	0.38
153900	0.39	0.41	0.41	0	0	0.39
154000	0.38	0.41	0.41	0	0	0.38
154100	0.38	0.41	0.41	0	0	0.38
154200	0.38	0.41	0.41	0	0	0.38
154300	0.38	0.41	0.41	0	0	0.38
154400	0.37	0.41	0.41	0	0	0.37
154500	0.37	0.41	0.41	0	0	0.37
154600	0.37	0.41	0.41	0	0	0.37
154700	0.37	0.41	0.41	0	0	0.37
154800	0.37	0.41	0.41	0	0	0.37
154900	0.37	0.41	0.41	0	0	0.37
155000	0.37	0.41	0.41	0	0	0.37
155100	0.37	0.41	0.41	0	0	0.37
155200	0.37	0.41	0.41	0	0	0.37
155300	0.37	0.41	0.41	0	0	0.37
155400	0.37	0.41	0.41	0	0	0.37
155500	0.37	0.41	0.41	0	0	0.37
155600	0.37	0.41	0.41	0	0	0.37
155700	0.37	0.41	0.41	0	0	0.37
155800	0.37	0.41	0.41	0	0	0.37
155900	0.37	0.41	0.41	0	0	0.37
156000	0.37	0.41	0.41	0	0	0.37
156100	0.37	0.41	0.41	0	0	0.37
156200	0.37	0.41	0.41	0	0	0.37
156300	0.37	0.41	0.41	0	0	0.37
156400	0.37	0.41	0.41	0	0	0.37
156500	0.37	0.41	0.41	0	0	0.37
156600	0.37	0.41	0.41	0	0	0.37
156700	0.37	0.41	0.41	0	0	0.37
156800	0.38	0.41	0.41	0	0	0.38
156900	0.38	0.41	0.41	0	0	0.38
157000	0.38	0.41	0.41	0	0	0.38
157100	0.38	0.41	0.41	0	0	0.38
157200	0.38	0.41	0.41	0	0	0.38
157300	0.38	0.41	0.41	0	0	0.38
157400	0.38	0.41	0.41	0	0	0.38
157500	0.38	0.41	0.41	0	0	0.38
157600	0.38	0.41	0.41	0	0	0.38
157700	0.38	0.41	0.41	0	0	0.38
157800	0.38	0.41	0.41	0	0	0.38
157900	0.38	0.41	0.41	0	0	0.38
158000	0.37	0.41	0.41	0	0	0.37
158100	0.37	0.41	0.41	0	0	0.37
158200	0.37	0.41	0.41	0	0	0.37
158300	0.37	0.41	0.41	0	0	0.37
158400	0.36	0.41	0.41	0	0	0.36
158500	0.36	0.41	0.41	0	0	0.36
158600	0.36	0.41	0.41	0	0	0.36
158700	0.36	0.41	0.41	0	0	0.36
158800	0.36	0.41	0.41	0	0	0.36
158900	0.36	0.41	0.41	0	0	0.36
159000	0.36	0.41	0.41	0	0	0.36
159100	0.36	0.41	0.41	0	0	0.36
159200	0.36	0.41	0.41	0	0	0.36
159300	0.36	0.41	0.41	0	0	0.36
159400	0.36	0.41	0.41	0	0	0.36
159500	0.36	0.41	0.41	0	0	0.36
159600	0.36	0.41	0.41	0	0	0.36
159700	0.36	0.41	0.41	0	0	0.36
159800	0.37	0.41	0.41	0	0	0.37
159900	0.36	0.41	0.41	0	0	0.36
160000	0.36	0.41	0.41	0	0	0.36
160100	0.37	0.41	0.41	0	0	0.37
160200	0.37	0.41	0.41	0	0	0.37
160300	0.37	0.41	0.41	0	0	0.37
160400	0.37	0.42	0.42	0	0	0.37
160500	0.37	0.41	0.41	0	0	0.37
160600	0.37	0.41	0.41	0	0	0.37
160700	0.37	0.41	0.41	0	0	0.37
160800	0.37	0.41	0.41	0	0	0.37
160900	0.37	0.41	0.41	0	0	0.37
161000	0.37	0.41	0.41	0	0	0.37
161100	0.37	0.41	0.41	0	0	0.37
161200	0.37	0.41	0.41	0	0	0.37
161300	0.37	0.42	0.42	0	0	0.37
161400	0.37	0.41	0.41	0	0	0.37
161500	0.37	0.42	0.42	0	0	0.37
161600	0.37	0.41	0.41	0	0	0.37
161700	0.37	0.41	0.41	0	0	0.37
161800	0.37	0.41	0.41	0	0	0.37
161900	0.37	0.41	0.41	0	0	0.37
162000	0.38	0.41	0.41	0	0	0.38
162100	0.37	0.41	0.41	0	0	0.37
162200	0.37	0.41	0.41	0	0	0.37
162300	0.37	0.41	0.41	0	0	0.37
162400	0.37	0.41	0.41	0	0	0.37
162500	0.37	0.41	0.41	0	0	0.37
162600	0.37	0.41	0.41	0	0	0.37
162700	0.38	0.41	0.41	0	0	0.38
162800	0.38	0.41	0.41	0	0	0.38
162900	0.37	0.41	0.41	0	0	0.37
163000	0.37	0.41	0.41	0	0	0.37
163100	0.37	0.4	0.4	0	0	0.37
163200	0.37	0.4	0.4	0	0	0.37
163300	0.37	0.4	0.4	0	0	0.37
163400	0.37	0.4	0.4	0	0	0.37
163500	0.37	0.4	0.4	0	0	0.37
163600	0.37	0.4	0.4	0	0	0.37
163700	0.37	0.4	0.4	0	0	0.37
163800	0.37	0.4	0.4	0	0	0.37
163900	0.37	0.4	0.4	0	0	0.37
164000	0.37	0.4	0.4	0	0	0.37
164100	0.37	0.4	0.4	0	0	0.37
164200	0.37	0.4	0.4	0	0	0.37
164300	0.37	0.4	0.4	0	0	0.37
164400	0.37	0.4	0.4	0	0	0.37
164500	0.37	0.4	0.4	0	0	0.37
164600	0.37	0.4	0.4	0	0	0.37
164700	0.37	0.4	0.4	0	0	0.37
164800	0.37	0.4	0.4	0	0	0.37
164900	0.37	0.4	0.4	0	0	0.37
165000	0.36	0.4	0.4	0	0	0.36
165100	0.36	0.4	0.4	0	0	0.36
165200	0.36	0.4	0.4	0	0	0.36
165300	0.36	0.41	0.41	0	0	0.36
165400	0.36	0.41	0.41	0	0	0.36
165500	0.37	0.4	0.4	0	0	0.37
165600	0.36	0.4	0.4	0	0	0.36
165700	0.36	0.4	0.4	0	0	0.36
165800	0.36	0.4	0.4	0	0	0.36
165900	0.36	0.4	0.4	0	0	0.36
166000	0.36	0.4	0.4	0	0	0.36
166100	0.36	0.4	0.4	0	0	0.36
166200	0.36	0.4	0.4	0	0	0.36
166300	0.36	0.4	0.4	0	0	0.36
166400	0.36	0.4	0.4	0	0	0.36
166500	0.37	0.4	0.4	0	0	0.37
166600	0.37	0.4	0.4	0	0	0.37
166700	0.37	0.4	0.4	0	0	0.37
166800	0.37	0.4	0.4	0	0	0.37
166900	0.37	0.4	0.4	0	0	0.37
167000	0.37	0.4	0.4	0	0	0.37
167100	0.37	0.41	0.41	0	0	0.37
167200	0.37	0.41	0.41	0	0	0.37
167300	0.37	0.41	0.41	0	0	0.37
167400	0.37	0.4	0.4	0	0	0.37
167500	0.37	0.4	0.4	0	0	0.37
167600	0.37	0.4	0.4	0	0	0.37
167700	0.37	0.4	0.4	0	0	0.37
167800	0.38	0.4	0.4	0	0	0.38
167900	0.38	0.4	0.4	0	0	0.38
168000	0.4	0.39	0.39	0	0	0.4
168100	0.4	0.39	0.39	0	0	0.4
168200	0.4	0.39	0.39	0	0	0.4
168300	0.39	0.39	0.39	0	0	0.39
168400	0.39	0.39	0.39	0	0	0.39
168500	0.39	0.39	0.39	0	0	0.39
168600	0.39	0.38	0.38	0	0	0.39
168700	0.39	0.38	0.38	0	0	0.39
168800	0.4	0.38	0.38	0	0	0.4
168900	0.4	0.38	0.38	0	0	0.4
169000	0.4	0.38	0.38	0	0	0.4
169100	0.4	0.38	0.38	0	0	0.4
169200	0.4	0.38	0.38	0	0	0.4
169300	0.4	0.38	0.38	0	0	0.4
169400	0.4	0.38	0.38	0	0	0.4
169500	0.4	0.38	0.38	0	0	0.4
169600	0.4	0.38	0.38	0	0	0.4
169700	0.4	0.38	0.38	0	0	0.4
169800	0.4	0.38	0.38	0	0	0.4
169900	0.4	0.38	0.38	0	0	0.4
170000	0.4	0.38	0.38	0	0	0.4
170100	0.4	0.38	0.38	0	0	0.4
170200	0.4	0.38	0.38	0	0	0.4
170300	0.39	0.38	0.38	0	0	0.39
170400	0.39	0.38	0.38	0	0	0.39
170500	0.39	0.38	0.38	0	0	0.39
170600	0.39	0.38	0.38	0	0	0.39
170700	0.39	0.38	0.38	0	0	0.39
170800	0.39	0.38	0.38	0	0	0.39
170900	0.39	0.38	0.38	0	0	0.39
171000	0.39	0.38	0.38	0	0	0.39
171100	0.39	0.37	0.37	0	0	0.39
171200	0.38	0.38	0.38	0	0	0.38
171300	0.38	0.37	0.37	0	0	0.38
171400	0.38	0.37	0.37	0	0	0.38
171500	0.38	0.37	0.37	0	0	0.38
171600	0.38	0.38	0.38	0	0	0.38
171700	0.38	0.38	0.38	0	0	0.38
171800	0.39	0.37	0.37	0	0	0.39
171900	0.39	0.37	0.37	0	0	0.39
172000	0.39	0.37	0.37	0	0	0.39
172100	0.39	0.37	0.37	0	0	0.39
172200	0.39	0.37	0.37	0	0	0.39
172300	0.39	0.37	0.37	0	0	0.39
172400	0.39	0.37	0.37	0	0	0.39
172500	0.39	0.37	0.37	0	0	0.39
172600	0.39	0.37	0.37	0	0	0.39
172700	0.39	0.37	0.37	0	0	0.39
172800	0.39	0.37	0.37	0	0	0.39
172900	0.39	0.37	0.37	0	0	0.39
173000	0.39	0.37	0.37	0	0	0.39
173100	0.39	0.37	0.37	0	0	0.39
173200	0.39	0.37	0.37	0	0	0.39
173300	0.39	0.37	0.37	0	0	0.39
173400	0.39	0.37	0.37	0	0	0.39
173500	0.39	0.37	0.37	0	0	0.39
173600	0.39	0.37	0.37	0	0	0.39
173700	0.39	0.37	0.37	0	0	0.39
173800	0.39	0.37	0.37	0	0	0.39
173900	0.39	0.37	0.37	0	0	0.39
174000	0.39	0.37	0.37	0	0	0.39
174100	0.4	0.37	0.37	0	0	0.4
174200	0.39	0.37	0.37	0	0	0.39
174300	0.39	0.37	0.37	0	0	0.39
174400	0.39	0.37	0.37	0	0	0.39
174500	0.39	0.38	0.38	0	0	0.39
174600	0.39	0.38	0.38	0	0	0.39
174700	0.39	0.38	0.38	0	0	0.39
174800	0.39	0.38	0.38	0	0	0.39
174900	0.39	0.38	0.38	0	0	0.39
175000	0.39	0.38	0.38	0	0	0.39
175100	0.39	0.38	0.38	0	0	0.39
175200	0.39	0.38	0.38	0	0	0.39
175300	0.39	0.38	0.38	0	0	0.39
175400	0.39	0.38	0.38	0	0	0.39
175500	0.39	0.38	0.38	0	0	0.39
175600	0.39	0.38	0.38	0	0	0.39
175700	0.39	0.38	0.38	0	0	0.39
175800	0.39	0.38	0.38	0	0	0.39
175900	0.39	0.38	0.38	0	0	0.39
176000	0.39	0.38	0.38	0	0	0.39
176100	0.39	0.38	0.38	0	0	0.39
176200	0.39	0.38	0.38	0	0	0.39
176300	0.39	0.38	0.38	0	0	0.39
176400	0.4	0.38	0.38	0	0	0.4
176500	0.4	0.38	0.38	0	0	0.4
176600	0.4	0.38	0.38	0	0	0.4
176700	0.4	0.38	0.38	0	0	0.4
176800	0.4	0.38	0.38	0	0	0.4
176900	0.4	0.38	0.38	0	0	0.4
177000	0.4	0.38	0.38	0	0	0.4
177100	0.4	0.38	0.38	0	0	0.4
177200	0.39	0.38	0.38	0	0	0.39
177300	0.39	0.38	0.38	0	0	0.39
177400	0.39	0.38	0.38	0	0	0.39
177500	0.39	0.38	0.38	0	0	0.39
177600	0.39	0.38	0.38	0	0	0.39
177700	0.39	0.38	0.38	0	0	0.39
177800	0.39	0.38	0.38	0	0	0.39
177900	0.39	0.38	0.38	0	0	0.39
178000	0.39	0.38	0.38	0	0	0.39
178100	0.39	0.38	0.38	0	0	0.39
178200	0.39	0.38	0.38	0	0	0.39
178300	0.39	0.38	0.38	0	0	0.39
178400	0.39	0.38	0.38	0	0	0.39
178500	0.39	0.38	0.38	0	0	0.39
178600	0.39	0.38	0.38	0	0	0.39
178700	0.39	0.38	0.38	0	0	0.39
178800	0.39	0.38	0.38	0	0	0.39
178900	0.39	0.38	0.38	0	0	0.39
179000	0.39	0.38	0.38	0	0	0.39
179100	0.39	0.38	0.38	0	0	0.39
179200	0.39	0.38	0.38	0	0	0.39
179300	0.39	0.38	0.38	0	0	0.39
179400	0.39	0.38	0.38	0	0	0.39
179500	0.39	0.38	0.38	0	0	0.39
179600	0.39	0.38	0.38	0	0	0.39
179700	0.39	0.38	0.38	0	0	0.39
179800	0.39	0.38	0.38	0	0	0.39
179900	0.39	0.38	0.38	0	0	0.39
180000	0.39	0.38	0.38	0	0	0.39
180100	0.39	0.38	0.38	0	0	0.39
180200	0.39	0.38	0.38	0	0	0.39
180300	0.39	0.38	0.38	0	0	0.39
180400	0.39	0.38	0.38	0	0	0.39
180500	0.39	0.38	0.38	0	0	0.39
180600	0.39	0.38	0.38	0	0	0.39
180700	0.39	0.38	0.38	0	0	0.39
180800	0.39	0.38	0.38	0	0	0.39
180900	0.39	0.38	0.38	0	0	0.39
181000	0.39	0.38	0.38	0	0	0.39
181100	0.39	0.38	0.38	0	0	0.39
181200	0.39	0.38	0.38	0	0	0.39
181300	0.39	0.38	0.38	0	0	0.39
181400	0.39	0.38	0.38	0	0	0.39
181500	0.39	0.38	0.38	0	0	0.39
181600	0.39	0.38	0.38	0	0	0.39
181700	0.39	0.38	0.38	0	0	0.39
181800	0.39	0.38	0.38	0	0	0.39
181900	0.39	0.38	0.38	0	0	0.39
182000	0.4	0.38	0.38	0	0	0.4
182100	0.4	0.38	0.38	0	0	0.4
182200	0.4	0.38	0.38	0	0	0.4
182300	0.4	0.39	0.39	0	0	0.4
182400	0.4	0.39	0.39	0	0	0.4
182500	0.4	0.39	0.39	0	0	0.4
182600	0.4	0.39	0.39	0	0	0.4
182700	0.4	0.39	0.39	0	0	0.4
182800	0.4	0.39	0.39	0	0	0.4
182900	0.4	0.39	0.39	0	0	0.4
183000	0.4	0.39	0.39	0	0	0.4
183100	0.4	0.39	0.39	0	0	0.4
183200	0.4	0.39	0.39	0	0	0.4
183300	0.4	0.39	0.39	0	0	0.4
183400	0.4	0.39	0.39	0	0	0.4
183500	0.4	0.39	0.39	0	0	0.4
183600	0.4	0.39	0.39	0	0	0.4
183700	0.4	0.39	0.39	0	0	0.4
183800	0.4	0.39	0.39	0	0	0.4
183900	0.4	0.39	0.39	0	0	0.4
184000	0.41	0.39	0.39	0	0	0.41
184100	0.4	0.39	0.39	0	0	0.4
184200	0.4	0.39	0.39	0	0	0.4
184300	0.4	0.39	0.39	0	0	0.4
184400	0.39	0.39	0.39	0	0	0.39
184500	0.39	0.39	0.39	0	0	0.39
184600	0.39	0.39	0.39	0	0	0.39
184700	0.4	0.39	0.39	0	0	0.4
184800	0.4	0.39	0.39	0	0	0.4
184900	0.4	0.39	0.39	0	0	0.4
185000	0.4	0.39	0.39	0	0	0.4
185100	0.4	0.39	0.39	0	0	0.4
185200	0.4	0.39	0.39	0	0	0.4
185300	0.4	0.39	0.39	0	0	0.4
185400	0.4	0.39	0.39	0	0	0.4
185500	0.4	0.39	0.39	0	0	0.4
185600	0.4	0.39	0.39	0	0	0.4
185700	0.4	0.39	0.39	0	0	0.4
185800	0.4	0.39	0.39	0	0	0.4
185900	0.4	0.39	0.39	0	0	0.4
186000	0.4	0.39	0.39	0	0	0.4
186100	0.4	0.39	0.39	0	0	0.4
186200	0.39	0.39	0.39	0	0	0.39
186300	0.4	0.39	0.39	0	0	0.4
186400	0.4	0.39	0.39	0	0	0.4
186500	0.4	0.39	0.39	0	0	0.4
186600	0.4	0.39	0.39	0	0	0.4
186700	0.4	0.4	0.4	0	0	0.4
186800	0.4	0.4	0.4	0	0	0.4
186900	0.4	0.4	0.4	0	0	0.4
187000	0.4	0.39	0.39	0	0	0.4
187100	0.4	0.39	0.39	0	0	0.4
187200	0.4	0.39	0.39	0	0	0.4
187300	0.39	0.39	0.39	0	0	0.39
187400	0.4	0.39	0.39	0	0	0.4
187500	0.4	0.39	0.39	0	0	0.4
187600	0.4	0.39	0.39	0	0	0.4
187700	0.4	0.39	0.39	0	0	0.4
187800	0.4	0.39	0.39	0	0	0.4
187900	0.4	0.39	0.39	0	0	0.4
188000	0.4	0.39	0.39	0	0	0.4
188100	0.4	0.39	0.39	0	0	0.4
188200	0.4	0.39	0.39	0	0	0.4
188300	0.4	0.39	0.39	0	0	0.4
188400	0.4	0.39	0.39	0	0	0.4
188500	0.4	0.39	0.39	0	0	0.4
188600	0.4	0.39	0.39	0	0	0.4
188700	0.4	0.39	0.39	0	0	0.4
188800	0.4	0.39	0.39	0	0	0.4
188900	0.4	0.39	0.39	0	0	0.4
189000	0.4	0.39	0.39	0	0	0.4
189100	0.4	0.39	0.39	0	0	0.4
189200	0.4	0.39	0.39	0	0	0.4
189300	0.4	0.39	0.39	0	0	0.4
189400	0.4	0.39	0.39	0	0	0.4
189500	0.4	0.39	0.39	0	0	0.4
189600	0.4	0.4	0.4	0	0	0.4
189700	0.4	0.39	0.39	0	0	0.4
189800	0.4	0.38	0.38	0	0	0.4
189900	0.41	0.38	0.38	0	0	0.41
190000	0.41	0.38	0.38	0	0	0.41
190100	0.41	0.38	0.38	0	0	0.41
190200	0.41	0.38	0.38	0	0	0.41
190300	0.41	0.38	0.38	0	0	0.41
190400	0.41	0.38	0.38	0	0	0.41
190500	0.41	0.38	0.38	0	0	0.41
190600	0.41	0.38	0.38	0	0	0.41
190700	0.41	0.38	0.38	0	0	0.41
190800	0.41	0.38	0.38	0	0	0.41
190900	0.41	0.39	0.39	0	0	0.41
191000	0.41	0.39	0.39	0	0	0.41
191100	0.41	0.38	0.38	0	0	0.41
191200	0.41	0.38	0.38	0	0	0.41
191300	0.41	0.39	0.39	0	0	0.41
191400	0.41	0.38	0.38	0	0	0.41
191500	0.41	0.38	0.38	0	0	0.41
191600	0.41	0.37	0.37	0	0	0.41
191700	0.41	0.37	0.37	0	0	0.41
191800	0.41	0.37	0.37	0	0	0.41
191900	0.41	0.37	0.37	0	0	0.41
192000	0.41	0.37	0.37	0	0	0.41
192100	0.41	0.37	0.37	0	0	0.41
192200	0.41	0.37	0.37	0	0	0.41
192300	0.41	0.37	0.37	0	0	0.41
192400	0.42	0.36	0.36	0	0	0.42
192500	0.41	0.36	0.36	0	0	0.41
192600	0.41	0.36	0.36	0	0	0.41
192700	0.41	0.36	0.36	0	0	0.41
192800	0.41	0.36	0.36	0	0	0.41
192900	0.41	0.36	0.36	0	0	0.41
193000	0.41	0.36	0.36	0	0	0.41
193100	0.41	0.36	0.36	0	0	0.41
193200	0.41	0.36	0.36	0	0	0.41
193300	0.41	0.36	0.36	0	0	0.41
193400	0.41	0.36	0.36	0	0	0.41
193500	0.41	0.36	0.36	0	0	0.41
193600	0.41	0.36	0.36	0	0	0.41
193700	0.41	0.36	0.36	0	0	0.41
193800	0.41	0.36	0.36	0	0	0.41
193900	0.41	0.36	0.36	0	0	0.41
194000	0.41	0.36	0.36	0	0	0.41
194100	0.41	0.36	0.36	0	0	0.41
194200	0.41	0.36	0.36	0	0	0.41
194300	0.41	0.37	0.37	0	0	0.41
194400	0.41	0.37	0.37	0	0	0.41
194500	0.41	0.37	0.37	0	0	0.41
194600	0.41	0.37	0.37	0	0	0.41
194700	0.41	0.37	0.37	0	0	0.41
194800	0.41	0.37	0.37	0	0	0.41
194900	0.41	0.37	0.37	0	0	0.41
195000	0.41	0.37	0.37	0	0	0.41
195100	0.41	0.37	0.37	0	0	0.41
195200	0.41	0.37	0.37	0	0	0.41
195300	0.41	0.37	0.37	0	0	0.41
195400	0.41	0.37	0.37	0	0	0.41
195500	0.41	0.37	0.37	0	0	0.41
195600	0.41	0.37	0.37	0	0	0.41
195700	0.41	0.37	0.37	0	0	0.41
195800	0.41	0.37	0.37	0	0	0.41
195900	0.41	0.37	0.37	0	0	0.41
196000	0.41	0.37	0.37	0	0	0.41
196100	0.41	0.37	0.37	0	0	0.41
196200	0.41	0.37	0.37	0	0	0.41
196300	0.41	0.37	0.37	0	0	0.41
196400	0.41	0.37	0.37	0	0	0.41
196500	0.41	0.37	0.37	0	0	0.41
196600	0.41	0.37	0.37	0	0	0.41
196700	0.41	0.37	0.37	0	0	0.41
196800	0.4	0.37	0.37	0	0	0.4
196900	0.4	0.37	0.37	0	0	0.4
197000	0.4	0.38	0.38	0	0	0.4
197100	0.4	0.37	0.37	0	0	0.4
197200	0.39	0.37	0.37	0	0	0.39
197300	0.4	0.37	0.37	0	0	0.4
197400	0.39	0.37	0.37	0	0	0.39
197500	0.39	0.37	0.37	0	0	0.39
197600	0.39	0.37	0.37	0	0	0.39
197700	0.39	0.37	0.37	0	0	0.39
197800	0.4	0.37	0.37	0	0	0.4
197900	0.39	0.37	0.37	0	0	0.39
198000	0.4	0.37	0.37	0	0	0.4
198100	0.4	0.37	0.37	0	0	0.4
198200	0.4	0.37	0.37	0	0	0.4
198300	0.4	0.37	0.37	0	0	0.4
198400	0.4	0.37	0.37	0	0	0.4
198500	0.4	0.37	0.37	0	0	0.4
198600	0.4	0.37	0.37	0	0	0.4
198700	0.4	0.37	0.37	0	0	0.4
198800	0.4	0.37	0.37	0	0	0.4
198900	0.4	0.37	0.37	0	0	0.4
199000	0.4	0.37	0.37	0	0	0.4
199100	0.4	0.37	0.37	0	0	0.4
199200	0.4	0.37	0.37	0	0	0.4
199300	0.4	0.37	0.37	0	0	0.4
199400	0.4	0.37	0.37	0	0	0.4
199500	0.4	0.37	0.37	0	0	0.4
199600	0.4	0.37	0.37	0	0	0.4
199700	0.4	0.37	0.37	0	0	0.4
199800	0.4	0.37	0.37	0	0	0.4
199900	0.4	0.37	0.37	0	0	0.4
200000	0.4	0.37	0.37	0	0	0.4
200100	0.4	0.37	0.37	0	0	0.4
200200	0.4	0.37	0.37	0	0	0.4
200300	0.4	0.37	0.37	0	0	0.4
200400	0.4	0.38	0.38	0	0	0.4
200500	0.4	0.37	0.37	0	0	0.4
200600	0.4	0.38	0.38	0	0	0.4
200700	0.4	0.36	0.36	0	0	0.4
200800	0.4	0.36	0.36	0	0	0.4
200900	0.4	0.36	0.36	0	0	0.4
201000	0.4	0.37	0.37	0	0	0.4
201100	0.4	0.36	0.36	0	0	0.4
201200	0.4	0.36	0.36	0	0	0.4
201300	0.4	0.36	0.36	0	0	0.4
201400	0.4	0.36	0.36	0	0	0.4
201500	0.4	0.36	0.36	0	0	0.4
201600	0.4	0.36	0.36	0	0	0.4
201700	0.4	0.36	0.36	0	0	0.4
201800	0.4	0.36	0.36	0	0	0.4
201900	0.4	0.36	0.36	0	0	0.4
202000	0.4	0.36	0.36	0	0	0.4
202100	0.4	0.36	0.36	0	0	0.4
202200	0.4	0.37	0.37	0	0	0.4
202300	0.4	0.36	0.36	0	0	0.4
202400	0.4	0.36	0.36	0	0	0.4
202500	0.4	0.36	0.36	0	0	0.4
202600	0.4	0.36	0.36	0	0	0.4
202700	0.4	0.36	0.36	0	0	0.4
202800	0.4	0.36	0.36	0	0	0.4
202900	0.4	0.36	0.36	0	0	0.4
203000	0.4	0.36	0.36	0	0	0.4
203100	0.4	0.36	0.36	0	0	0.4
203200	0.4	0.36	0.36	0	0	0.4
203300	0.4	0.36	0.36	0	0	0.4
203400	0.4	0.36	0.36	0	0	0.4
203500	0.4	0.36	0.36	0	0	0.4
203600	0.4	0.36	0.36	0	0	0.4
203700	0.4	0.36	0.36	0	0	0.4
203800	0.4	0.36	0.36	0	0	0.4
203900	0.41	0.36	0.36	0	0	0.41
204000	0.41	0.36	0.36	0	0	0.41
204100	0.41	0.36	0.36	0	0	0.41
204200	0.41	0.36	0.36	0	0	0.41
204300	0.41	0.36	0.36	0	0	0.41
204400	0.41	0.36	0.36	0	0	0.41
204500	0.42	0.36	0.36	0	0	0.42
204600	0.42	0.36	0.36	0	0	0.42
204700	0.42	0.36	0.36	0	0	0.42
204800	0.42	0.36	0.36	0	0	0.42
204900	0.42	0.36	0.36	0	0	0.42
205000	0.42	0.36	0.36	0	0	0.42
205100	0.42	0.36	0.36	0	0	0.42
205200	0.42	0.36	0.36	0	0	0.42
205300	0.42	0.36	0.36	0	0	0.42
205400	0.42	0.36	0.36	0	0	0.42
205500	0.42	0.36	0.36	0	0	0.42
205600	0.42	0.36	0.36	0	0	0.42
205700	0.42	0.37	0.37	0	0	0.42
205800	0.42	0.37	0.37	0	0	0.42
205900	0.42	0.36	0.36	0	0	0.42
206000	0.42	0.36	0.36	0	0	0.42
206100	0.42	0.36	0.36	0	0	0.42
206200	0.42	0.36	0.36	0	0	0.42
206300	0.42	0.36	0.36	0	0	0.42
206400	0.42	0.36	0.36	0	0	0.42
206500	0.42	0.36	0.36	0	0	0.42
206600	0.42	0.36	0.36	0	0	0.42
206700	0.42	0.36	0.36	0	0	0.42
206800	0.42	0.36	0.36	0	0	0.42
206900	0.42	0.36	0.36	0	0	0.42
207000	0.42	0.36	0.36	0	0	0.42
207100	0.42	0.36	0.36	0	0	0.42
207200	0.42	0.36	0.36	0	0	0.42
207300	0.42	0.36	0.36	0	0	0.42
207400	0.42	0.36	0.36	0	0	0.42
207500	0.42	0.36	0.36	0	0	0.42
207600	0.42	0.36	0.36	0	0	0.42
207700	0.42	0.36	0.36	0	0	0.42
207800	0.42	0.36	0.36	0	0	0.42
207900	0.42	0.37	0.37	0	0	0.42
208000	0.42	0.37	0.37	0	0	0.42
208100	0.42	0.37	0.37	0	0	0.42
208200	0.42	0.37	0.37	0	0	0.42
208300	0.42	0.37	0.37	0	0	0.42
208400	0.42	0.37	0.37	0	0	0.42
208500	0.42	0.37	0.37	0	0	0.42
208600	0.42	0.37	0.37	0	0	0.42
208700	0.42	0.37	0.37	0	0	0.42
208800	0.42	0.37	0.37	0	0	0.42
208900	0.42	0.38	0.38	0	0	0.42
209000	0.42	0.37	0.37	0	0	0.42
209100	0.42	0.38	0.38	0	0	0.42
209200	0.42	0.38	0.38	0	0	0.42
209300	0.42	0.38	0.38	0	0	0.42
209400	0.42	0.37	0.37	0	0	0.42
209500	0.42	0.37	0.37	0	0	0.42
209600	0.42	0.37	0.37	0	0	0.42
209700	0.42	0.37	0.37	0	0	0.42
209800	0.42	0.37	0.37	0	0	0.42
209900	0.42	0.37	0.37	0	0	0.42
210000	0.42	0.37	0.37	0	0	0.42
210100	0.42	0.37	0.37	0	0	0.42
210200	0.42	0.37	0.37	0	0	0.42
210300	0.42	0.37	0.37	0	0	0.42
210400	0.42	0.37	0.37	0	0	0.42
210500	0.42	0.37	0.37	0	0	0.42
210600	0.42	0.37	0.37	0	0	0.42
210700	0.42	0.37	0.37	0	0	0.42
210800	0.42	0.37	0.37	0	0	0.42
210900	0.42	0.37	0.37	0	0	0.42
211000	0.42	0.37	0.37	0	0	0.42
211100	0.41	0.37	0.37	0	0	0.41
211200	0.41	0.37	0.37	0	0	0.41
211300	0.41	0.37	0.37	0	0	0.41
211400	0.41	0.37	0.37	0	0	0.41
211500	0.41	0.37	0.37	0	0	0.41
211600	0.41	0.37	0.37	0	0	0.41
211700	0.41	0.37	0.37	0	0	0.41
211800	0.42	0.37	0.37	0	0	0.42
211900	0.42	0.37	0.37	0	0	0.42
212000	0.42	0.37	0.37	0	0	0.42
212100	0.42	0.38	0.38	0	0	0.42
212200	0.42	0.37	0.37	0	0	0.42
212300	0.42	0.37	0.37	0	0	0.42
212400	0.42	0.37	0.37	0	0	0.42
212500	0.42	0.37	0.37	0	0	0.42
212600	0.42	0.38	0.38	0	0	0.42
212700	0.42	0.38	0.38	0	0	0.42
212800	0.42	0.38	0.38	0	0	0.42
212900	0.42	0.38	0.38	0	0	0.42
213000	0.42	0.38	0.38	0	0	0.42
213100	0.42	0.38	0.38	0	0	0.42
213200	0.42	0.38	0.38	0	0	0.42
213300	0.42	0.38	0.38	0	0	0.42
213400	0.42	0.38	0.38	0	0	0.42
213500	0.42	0.38	0.38	0	0	0.42
213600	0.42	0.38	0.38	0	0	0.42
213700	0.42	0.38	0.38	0	0	0.42
213800	0.42	0.38	0.38	0	0	0.42
213900	0.42	0.38	0.38	0	0	0.42
214000	0.42	0.38	0.38	0	0	0.42
214100	0.43	0.38	0.38	0	0	0.43
214200	0.42	0.38	0.38	0	0	0.42
214300	0.42	0.38	0.38	0	0	0.42
214400	0.42	0.38	0.38	0	0	0.42
214500	0.42	0.38	0.38	0	0	0.42
214600	0.42	0.38	0.38	0	0	0.42
214700	0.42	0.38	0.38	0	0	0.42
214800	0.42	0.38	0.38	0	0	0.42
214900	0.42	0.38	0.38	0	0	0.42
215000	0.42	0.38	0.38	0	0	0.42
215100	0.44	0.38	0.38	0	0	0.44
215200	0.44	0.38	0.38	0	0	0.44
215300	0.43	0.38	0.38	0	0	0.43
215400	0.43	0.38	0.38	0	0	0.43
215500	0.43	0.38	0.38	0	0	0.43
215600	0.43	0.38	0.38	0	0	0.43
215700	0.44	0.38	0.38	0	0	0.44
215800	0.44	0.38	0.38	0	0	0.44
215900	0.44	0.38	0.38	0	0	0.44
216000	0.44	0.38	0.38	0	0	0.44
216100	0.44	0.38	0.38	0	0	0.44
216200	0.44	0.38	0.38	0	0	0.44
216300	0.44	0.38	0.38	0	0	0.44
216400	0.44	0.38	0.38	0	0	0.44
216500	0.44	0.38	0.38	0	0	0.44
216600	0.44	0.38	0.38	0	0	0.44
216700	0.44	0.38	0.38	0	0	0.44
216800	0.44	0.38	0.38	0	0	0.44
216900	0.44	0.38	0.38	0	0	0.44
217000	0.44	0.38	0.38	0	0	0.44
217100	0.44	0.38	0.38	0	0	0.44
217200	0.44	0.38	0.38	0	0	0.44
217300	0.44	0.38	0.38	0	0	0.44
217400	0.44	0.38	0.38	0	0	0.44
217500	0.44	0.38	0.38	0	0	0.44
217600	0.44	0.38	0.38	0	0	0.44
217700	0.44	0.38	0.38	0	0	0.44
217800	0.44	0.38	0.38	0	0	0.44
217900	0.44	0.38	0.38	0	0	0.44
218000	0.44	0.38	0.38	0	0	0.44
218100	0.44	0.39	0.39	0	0	0.44
218200	0.44	0.39	0.39	0	0	0.44
218300	0.44	0.38	0.38	0	0	0.44
218400	0.44	0.39	0.39	0	0	0.44
218500	0.44	0.38	0.38	0	0	0.44
218600	0.44	0.38	0.38	0	0	0.44
218700	0.44	0.38	0.38	0	0	0.44
218800	0.44	0.38	0.38	0	0	0.44
218900	0.44	0.38	0.38	0	0	0.44
219000	0.44	0.38	0.38	0	0	0.44
219100	0.44	0.38	0.38	0	0	0.44
219200	0.44	0.38	0.38	0	0	0.44
219300	0.45	0.38	0.38	0	0	0.45
219400	0.45	0.38	0.38	0	0	0.45
219500	0.45	0.38	0.38	0	0	0.45
219600	0.45	0.38	0.38	0	0	0.45
219700	0.45	0.38	0.38	0	0	0.45
219800	0.45	0.38	0.38	0	0	0.45
219900	0.45	0.38	0.38	0	0	0.45
220000	0.45	0.38	0.38	0	0	0.45
220100	0.45	0.38	0.38	0	0	0.45
220200	0.45	0.38	0.38	0	0	0.45
220300	0.45	0.38	0.38	0	0	0.45
220400	0.45	0.38	0.38	0	0	0.45
220500	0.45	0.38	0.38	0	0	0.45
220600	0.45	0.38	0.38	0	0	0.45
220700	0.45	0.38	0.38	0	0	0.45
220800	0.45	0.38	0.38	0	0	0.45
220900	0.45	0.38	0.38	0	0	0.45
221000	0.45	0.38	0.38	0	0	0.45
221100	0.45	0.38	0.38	0	0	0.45
221200	0.45	0.38	0.38	0	0	0.45
221300	0.45	0.38	0.38	0	0	0.45
221400	0.45	0.38	0.38	0	0	0.45
221500	0.45	0.38	0.38	0	0	0.45
221600	0.45	0.38	0.38	0	0	0.45
221700	0.45	0.38	0.38	0	0	0.45
221800	0.45	0.38	0.38	0	0	0.45
221900	0.45	0.38	0.38	0	0	0.45
222000	0.45	0.38	0.38	0	0	0.45
222100	0.45	0.38	0.38	0	0	0.45
222200	0.45	0.38	0.38	0	0	0.45
222300	0.45	0.38	0.38	0	0	0.45
222400	0.45	0.38	0.38	0	0	0.45
222500	0.46	0.38	0.38	0	0	0.46
222600	0.46	0.38	0.38	0	0	0.46
222700	0.46	0.38	0.38	0	0	0.46
222800	0.46	0.38	0.38	0	0	0.46
222900	0.46	0.38	0.38	0	0	0.46
223000	0.46	0.38	0.38	0	0	0.46
223100	0.46	0.38	0.38	0	0	0.46
223200	0.47	0.38	0.38	0	0	0.47
223300	0.46	0.38	0.38	0	0	0.46
223400	0.46	0.38	0.38	0	0	0.46
223500	0.46	0.38	0.38	0	0	0.46
223600	0.46	0.38	0.38	0	0	0.46
223700	0.46	0.38	0.38	0	0	0.46
223800	0.46	0.38	0.38	0	0	0.46
223900	0.46	0.38	0.38	0	0	0.46
224000	0.46	0.38	0.38	0	0	0.46
224100	0.46	0.38	0.38	0	0	0.46
224200	0.46	0.38	0.38	0	0	0.46
224300	0.46	0.38	0.38	0	0	0.46
224400	0.46	0.38	0.38	0	0	0.46
224500	0.46	0.38	0.38	0	0	0.46
224600	0.46	0.38	0.38	0	0	0.46
224700	0.47	0.38	0.38	0	0	0.47
224800	0.47	0.38	0.38	0	0	0.47
224900	0.47	0.38	0.38	0	0	0.47
225000	0.47	0.38	0.38	0	0	0.47
225100	0.47	0.38	0.38	0	0	0.47
225200	0.47	0.38	0.38	0	0	0.47
225300	0.47	0.38	0.38	0	0	0.47
225400	0.47	0.38	0.38	0	0	0.47
225500	0.47	0.38	0.38	0	0	0.47
225600	0.47	0.38	0.38	0	0	0.47
225700	0.48	0.38	0.38	0	0	0.48
225800	0.48	0.38	0.38	0	0	0.48
225900	0.48	0.38	0.38	0	0	0.48
226000	0.48	0.38	0.38	0	0	0.48
226100	0.48	0.38	0.38	0	0	0.48
226200	0.48	0.38	0.38	0	0	0.48
226300	0.48	0.38	0.38	0	0	0.48
226400	0.48	0.38	0.38	0	0	0.48
226500	0.48	0.38	0.38	0	0	0.48
226600	0.48	0.38	0.38	0	0	0.48
226700	0.48	0.38	0.38	0	0	0.48
226800	0.48	0.38	0.38	0	0	0.48
226900	0.48	0.38	0.38	0	0	0.48
227000	0.48	0.38	0.38	0	0	0.48
227100	0.48	0.38	0.38	0	0	0.48
227200	0.48	0.38	0.38	0	0	0.48
227300	0.48	0.38	0.38	0	0	0.48
227400	0.48	0.38	0.38	0	0	0.48
227500	0.48	0.38	0.38	0	0	0.48
227600	0.48	0.38	0.38	0	0	0.48
227700	0.48	0.38	0.38	0	0	0.48
227800	0.48	0.38	0.38	0	0	0.48
227900	0.48	0.38	0.38	0	0	0.48
228000	0.48	0.38	0.38	0	0	0.48
228100	0.48	0.39	0.39	0	0	0.48
228200	0.48	0.39	0.39	0	0	0.48
228300	0.48	0.39	0.39	0	0	0.48
228400	0.48	0.39	0.39	0	0	0.48
228500	0.48	0.39	0.39	0	0	0.48
228600	0.48	0.39	0.39	0	0	0.48
228700	0.48	0.39	0.39	0	0	0.48
228800	0.48	0.38	0.38	0	0	0.48
228900	0.48	0.38	0.38	0	0	0.48
229000	0.48	0.38	0.38	0	0	0.48
229100	0.48	0.38	0.38	0	0	0.48
229200	0.48	0.38	0.38	0	0	0.48
229300	0.48	0.38	0.38	0	0	0.48
229400	0.48	0.38	0.38	0	0	0.48
229500	0.48	0.38	0.38	0	0	0.48
229600	0.48	0.38	0.38	0	0	0.48
229700	0.48	0.38	0.38	0	0	0.48
229800	0.48	0.38	0.38	0	0	0.48
229900	0.48	0.38	0.38	0	0	0.48
230000	0.48	0.37	0.37	0	0	0.48
230100	0.48	0.37	0.37	0	0	0.48
230200	0.48	0.37	0.37	0	0	0.48
230300	0.48	0.37	0.37	0	0	0.48
230400	0.48	0.37	0.37	0	0	0.48
230500	0.48	0.37	0.37	0	0	0.48
230600	0.48	0.37	0.37	0	0	0.48
230700	0.48	0.37	0.37	0	0	0.48
230800	0.48	0.37	0.37	0	0	0.48
230900	0.48	0.37	0.37	0	0	0.48
231000	0.48	0.37	0.37	0	0	0.48
231100	0.48	0.37	0.37	0	0	0.48
231200	0.48	0.37	0.37	0	0	0.48
231300	0.48	0.37	0.37	0	0	0.48
231400	0.48	0.37	0.37	0	0	0.48
231500	0.48	0.37	0.37	0	0	0.48
231600	0.48	0.37	0.37	0	0	0.48
231700	0.48	0.37	0.37	0	0	0.48
231800	0.48	0.37	0.37	0	0	0.48
231900	0.48	0.37	0.37	0	0	0.48
232000	0.48	0.37	0.37	0	0	0.48
232100	0.48	0.37	0.37	0	0	0.48
232200	0.48	0.37	0.37	0	0	0.48
232300	0.48	0.37	0.37	0	0	0.48
232400	0.48	0.37	0.37	0	0	0.48
232500	0.48	0.37	0.37	0	0	0.48
232600	0.48	0.37	0.37	0	0	0.48
232700	0.48	0.37	0.37	0	0	0.48
232800	0.48	0.37	0.37	0	0	0.48
232900	0.48	0.37	0.37	0	0	0.48
233000	0.48	0.37	0.37	0	0	0.48
233100	0.48	0.38	0.38	0	0	0.48
233200	0.48	0.37	0.37	0	0	0.48
233300	0.48	0.37	0.37	0	0	0.48
233400	0.48	0.37	0.37	0	0	0.48
233500	0.48	0.37	0.37	0	0	0.48
233600	0.48	0.37	0.37	0	0	0.48
233700	0.48	0.37	0.37	0	0	0.48
233800	0.48	0.37	0.37	0	0	0.48
233900	0.48	0.37	0.37	0	0	0.48
234000	0.48	0.37	0.37	0	0	0.48
234100	0.48	0.37	0.37	0	0	0.48
234200	0.48	0.37	0.37	0	0	0.48
234300	0.48	0.37	0.37	0	0	0.48
234400	0.48	0.37	0.37	0	0	0.48
234500	0.48	0.37	0.37	0	0	0.48
234600	0.48	0.37	0.37	0	0	0.48
234700	0.48	0.37	0.37	0	0	0.48
234800	0.48	0.37	0.37	0	0	0.48
234900	0.48	0.37	0.37	0	0	0.48
235000	0.48	0.37	0.37	0	0	0.48
235100	0.48	0.37	0.37	0	0	0.48
235200	0.48	0.37	0.37	0	0	0.48
235300	0.48	0.37	0.37	0	0	0.48
235400	0.48	0.37	0.37	0	0	0.48
235500	0.48	0.37	0.37	0	0	0.48
235600	0.48	0.37	0.37	0	0	0.48
235700	0.48	0.37	0.37	0	0	0.48
235800	0.48	0.37	0.37	0	0	0.48
235900	0.48	0.37	0.37	0	0	0.48
236000	0.48	0.37	0.37	0	0	0.48
236100	0.48	0.37	0.37	0	0	0.48
236200	0.48	0.37	0.37	0	0	0.48
236300	0.48	0.37	0.37	0	0	0.48
236400	0.49	0.37	0.37	0	0	0.49
236500	0.49	0.37	0.37	0	0	0.49
236600	0.48	0.37	0.37	0	0	0.48
236700	0.48	0.37	0.37	0	0	0.48
236800	0.48	0.37	0.37	0	0	0.48
236900	0.48	0.37	0.37	0	0	0.48
237000	0.48	0.37	0.37	0	0	0.48
237100	0.48	0.37	0.37	0	0	0.48
237200	0.48	0.37	0.37	0	0	0.48
237300	0.48	0.37	0.37	0	0	0.48
237400	0.48	0.37	0.37	0	0	0.48
237500	0.48	0.37	0.37	0	0	0.48
237600	0.48	0.37	0.37	0	0	0.48
237700	0.48	0.37	0.37	0	0	0.48
237800	0.48	0.37	0.37	0	0	0.48
237900	0.48	0.37	0.37	0	0	0.48
238000	0.48	0.37	0.37	0	0	0.48
238100	0.48	0.37	0.37	0	0	0.48
238200	0.48	0.37	0.37	0	0	0.48
238300	0.48	0.37	0.37	0	0	0.48
238400	0.48	0.37	0.37	0	0	0.48
238500	0.49	0.37	0.37	0	0	0.49
238600	0.48	0.37	0.37	0	0	0.48
238700	0.49	0.37	0.37	0	0	0.49
238800	0.48	0.37	0.37	0	0	0.48
238900	0.48	0.37	0.37	0	0	0.48
239000	0.48	0.37	0.37	0	0	0.48
239100	0.48	0.38	0.38	0	0	0.48
239200	0.48	0.38	0.38	0	0	0.48
239300	0.48	0.38	0.38	0	0	0.48
239400	0.48	0.37	0.37	0	0	0.48
239500	0.48	0.37	0.37	0	0	0.48
239600	0.48	0.37	0.37	0	0	0.48
239700	0.48	0.37	0.37	0	0	0.48
239800	0.48	0.37	0.37	0	0	0.48
239900	0.48	0.37	0.37	0	0	0.48
240000	0.48	0.37	0.37	0	0	0.48
240100	0.48	0.38	0.38	0	0	0.48
240200	0.48	0.37	0.37	0	0	0.48
240300	0.48	0.38	0.38	0	0	0.48
240400	0.48	0.38	0.38	0	0	0.48
240500	0.48	0.38	0.38	0	0	0.48
240600	0.48	0.38	0.38	0	0	0.48
240700	0.48	0.38	0.38	0	0	0.48
240800	0.48	0.38	0.38	0	0	0.48
240900	0.48	0.38	0.38	0	0	0.48
241000	0.48	0.38	0.38	0	0	0.48
241100	0.48	0.38	0.38	0	0	0.48
241200	0.48	0.38	0.38	0	0	0.48
241300	0.48	0.38	0.38	0	0	0.48
241400	0.48	0.38	0.38	0	0	0.48
241500	0.49	0.38	0.38	0	0	0.49
241600	0.48	0.37	0.37	0	0	0.48
241700	0.48	0.37	0.37	0	0	0.48
241800	0.48	0.37	0.37	0	0	0.48
241900	0.48	0.38	0.38	0	0	0.48
242000	0.48	0.37	0.37	0	0	0.48
242100	0.48	0.37	0.37	0	0	0.48
242200	0.48	0.37	0.37	0	0	0.48
242300	0.48	0.37	0.37	0	0	0.48
242400	0.48	0.37	0.37	0	0	0.48
242500	0.48	0.37	0.37	0	0	0.48
242600	0.48	0.37	0.37	0	0	0.48
242700	0.48	0.37	0.37	0	0	0.48
242800	0.48	0.37	0.37	0	0	0.48
242900	0.48	0.37	0.37	0	0	0.48
243000	0.48	0.37	0.37	0	0	0.48
243100	0.48	0.37	0.37	0	0	0.48
243200	0.48	0.37	0.37	0	0	0.48
243300	0.48	0.37	0.37	0	0	0.48
243400	0.48	0.37	0.37	0	0	0.48
243500	0.48	0.37	0.37	0	0	0.48
243600	0.48	0.38	0.38	0	0	0.48
243700	0.48	0.38	0.38	0	0	0.48
243800	0.48	0.38	0.38	0	0	0.48
243900	0.48	0.38	0.38	0	0	0.48
244000	0.48	0.38	0.38	0	0	0.48
244100	0.48	0.38	0.38	0	0	0.48
244200	0.48	0.38	0.38	0	0	0.48
244300	0.48	0.38	0.38	0	0	0.48
244400	0.48	0.38	0.38	0	0	0.48
244500	0.48	0.38	0.38	0	0	0.48
244600	0.48	0.38	0.38	0	0	0.48
244700	0.48	0.38	0.38	0	0	0.48
244800	0.48	0.38	0.38	0	0	0.48
244900	0.48	0.38	0.38	0	0	0.48
245000	0.48	0.38	0.38	0	0	0.48
245100	0.48	0.38	0.38	0	0	0.48
245200	0.48	0.38	0.38	0	0	0.48
245300	0.48	0.38	0.38	0	0	0.48
245400	0.48	0.38	0.38	0	0	0.48
245500	0.48	0.38	0.38	0	0	0.48
245600	0.48	0.38	0.38	0	0	0.48
245700	0.48	0.38	0.38	0	0	0.48
245800	0.48	0.38	0.38	0	0	0.48
245900	0.48	0.38	0.38	0	0	0.48
246000	0.48	0.38	0.38	0	0	0.48
246100	0.48	0.38	0.38	0	0	0.48
246200	0.48	0.38	0.38	0	0	0.48
246300	0.48	0.38	0.38	0	0	0.48
246400	0.48	0.38	0.38	0	0	0.48
246500	0.48	0.38	0.38	0	0	0.48
246600	0.48	0.38	0.38	0	0	0.48
246700	0.49	0.38	0.38	0	0	0.49
246800	0.49	0.38	0.38	0	0	0.49
246900	0.48	0.38	0.38	0	0	0.48
247000	0.48	0.38	0.38	0	0	0.48
247100	0.48	0.38	0.38	0	0	0.48
247200	0.48	0.38	0.38	0	0	0.48
247300	0.48	0.38	0.38	0	0	0.48
247400	0.48	0.38	0.38	0	0	0.48
247500	0.48	0.38	0.38	0	0	0.48
247600	0.48	0.38	0.38	0	0	0.48
247700	0.48	0.38	0.38	0	0	0.48
247800	0.48	0.38	0.38	0	0	0.48
247900	0.48	0.38	0.38	0	0	0.48
248000	0.48	0.38	0.38	0	0	0.48
248100	0.48	0.38	0.38	0	0	0.48
248200	0.48	0.38	0.38	0	0	0.48
248300	0.48	0.38	0.38	0	0	0.48
248400	0.48	0.39	0.39	0	0	0.48
248500	0.48	0.39	0.39	0	0	0.48
248600	0.48	0.39	0.39	0	0	0.48
248700	0.48	0.39	0.39	0	0	0.48
248800	0.48	0.39	0.39	0	0	0.48
248900	0.48	0.39	0.39	0	0	0.48
249000	0.48	0.39	0.39	0	0	0.48
249100	0.48	0.39	0.39	0	0	0.48
249200	0.48	0.39	0.39	0	0	0.48
249300	0.48	0.39	0.39	0	0	0.48
249400	0.48	0.39	0.39	0	0	0.48
249500	0.48	0.39	0.39	0	0	0.48
249600	0.48	0.39	0.39	0	0	0.48
249700	0.48	0.39	0.39	0	0	0.48
249800	0.48	0.39	0.39	0	0	0.48
249900	0.48	0.39	0.39	0	0	0.48
250000	0.48	0.39	0.39	0	0	0.48
250100	0.48	0.39	0.39	0	0	0.48
250200	0.48	0.39	0.39	0	0	0.48
250300	0.48	0.39	0.39	0	0	0.48
250400	0.48	0.39	0.39	0	0	0.48
250500	0.48	0.39	0.39	0	0	0.48
250600	0.48	0.39	0.39	0	0	0.48
250700	0.49	0.39	0.39	0	0	0.49
250800	0.48	0.39	0.39	0	0	0.48
250900	0.48	0.39	0.39	0	0	0.48
251000	0.48	0.39	0.39	0	0	0.48
251100	0.48	0.39	0.39	0	0	0.48
251200	0.48	0.4	0.4	0	0	0.48
251300	0.48	0.4	0.4	0	0	0.48
251400	0.48	0.4	0.4	0	0	0.48
251500	0.48	0.39	0.39	0	0	0.48
251600	0.48	0.39	0.39	0	0	0.48
251700	0.48	0.39	0.39	0	0	0.48
251800	0.48	0.39	0.39	0	0	0.48
251900	0.48	0.39	0.39	0	0	0.48
252000	0.48	0.39	0.39	0	0	0.48
252100	0.48	0.39	0.39	0	0	0.48
252200	0.48	0.39	0.39	0	0	0.48
252300	0.48	0.39	0.39	0	0	0.48
252400	0.48	0.39	0.39	0	0	0.48
252500	0.48	0.39	0.39	0	0	0.48
252600	0.48	0.39	0.39	0	0	0.48
252700	0.48	0.39	0.39	0	0	0.48
252800	0.48	0.39	0.39	0	0	0.48
252900	0.48	0.39	0.39	0	0	0.48
253000	0.48	0.39	0.39	0	0	0.48
253100	0.48	0.39	0.39	0	0	0.48
253200	0.48	0.39	0.39	0	0	0.48
253300	0.48	0.39	0.39	0	0	0.48
253400	0.48	0.39	0.39	0	0	0.48
253500	0.48	0.39	0.39	0	0	0.48
253600	0.48	0.39	0.39	0	0	0.48
253700	0.48	0.39	0.39	0	0	0.48
253800	0.48	0.39	0.39	0	0	0.48
253900	0.48	0.39	0.39	0	0	0.48
254000	0.48	0.39	0.39	0	0	0.48
254100	0.48	0.39	0.39	0	0	0.48
254200	0.48	0.39	0.39	0	0	0.48
254300	0.48	0.39	0.39	0	0	0.48
254400	0.48	0.39	0.39	0	0	0.48
254500	0.48	0.39	0.39	0	0	0.48
254600	0.48	0.4	0.4	0	0	0.48
254700	0.48	0.4	0.4	0	0	0.48
254800	0.48	0.39	0.39	0	0	0.48
254900	0.48	0.39	0.39	0	0	0.48
255000	0.48	0.39	0.39	0	0	0.48
255100	0.48	0.39	0.39	0	0	0.48
255200	0.48	0.39	0.39	0	0	0.48
255300	0.48	0.39	0.39	0	0	0.48
255400	0.47	0.39	0.39	0	0	0.47
255500	0.47	0.39	0.39	0	0	0.47
255600	0.47	0.39	0.39	0	0	0.47
255700	0.47	0.39	0.39	0	0	0.47
255800	0.47	0.39	0.39	0	0	0.47
255900	0.47	0.39	0.39	0	0	0.47
256000	0.47	0.4	0.4	0	0	0.47
256100	0.47	0.39	0.39	0	0	0.47
256200	0.47	0.39	0.39	0	0	0.47
256300	0.47	0.39	0.39	0	0	0.47
256400	0.47	0.39	0.39	0	0	0.47
256500	0.47	0.39	0.39	0	0	0.47
256600	0.47	0.39	0.39	0	0	0.47
256700	0.47	0.39	0.39	0	0	0.47
256800	0.46	0.39	0.39	0	0	0.46
256900	0.46	0.4	0.4	0	0	0.46
257000	0.46	0.4	0.4	0	0	0.46
257100	0.46	0.4	0.4	0	0	0.46
257200	0.46	0.39	0.39	0	0	0.46
257300	0.46	0.39	0.39	0	0	0.46
257400	0.46	0.38	0.38	0	0	0.46
257500	0.46	0.38	0.38	0	0	0.46
257600	0.46	0.38	0.38	0	0	0.46
257700	0.46	0.38	0.38	0	0	0.46
257800	0.46	0.38	0.38	0	0	0.46
257900	0.46	0.38	0.38	0	0	0.46
258000	0.46	0.38	0.38	0	0	0.46
258100	0.46	0.38	0.38	0	0	0.46
258200	0.46	0.38	0.38	0	0	0.46
258300	0.46	0.38	0.38	0	0	0.46
258400	0.47	0.38	0.38	0	0	0.47
258500	0.48	0.38	0.38	0	0	0.48
258600	0.47	0.38	0.38	0	0	0.47
258700	0.48	0.39	0.39	0	0	0.48
258800	0.48	0.39	0.39	0	0	0.48
258900	0.48	0.39	0.39	0	0	0.48
259000	0.48	0.39	0.39	0	0	0.48
259100	0.48	0.39	0.39	0	0	0.48
259200	0.47	0.39	0.39	0	0	0.47
259300	0.47	0.39	0.39	0	0	0.47
259400	0.47	0.39	0.39	0	0	0.47
259500	0.47	0.39	0.39	0	0	0.47
259600	0.47	0.39	0.39	0	0	0.47
259700	0.47	0.39	0.39	0	0	0.47
259800	0.47	0.39	0.39	0	0	0.47
259900	0.47	0.39	0.39	0	0	0.47
260000	0.47	0.39	0.39	0	0	0.47
260100	0.47	0.39	0.39	0	0	0.47
260200	0.47	0.39	0.39	0	0	0.47
260300	0.47	0.39	0.39	0	0	0.47
260400	0.47	0.39	0.39	0	0	0.47
260500	0.47	0.39	0.39	0	0	0.47
260600	0.47	0.39	0.39	0	0	0.47
260700	0.47	0.39	0.39	0	0	0.47
260800	0.47	0.39	0.39	0	0	0.47
260900	0.47	0.39	0.39	0	0	0.47
261000	0.47	0.39	0.39	0	0	0.47
261100	0.48	0.39	0.39	0	0	0.48
261200	0.48	0.39	0.39	0	0	0.48
261300	0.48	0.39	0.39	0	0	0.48
261400	0.48	0.39	0.39	0	0	0.48
261500	0.48	0.39	0.39	0	0	0.48
261600	0.48	0.39	0.39	0	0	0.48
261700	0.48	0.39	0.39	0	0	0.48
261800	0.48	0.39	0.39	0	0	0.48
261900	0.48	0.39	0.39	0	0	0.48
262000	0.48	0.39	0.39	0	0	0.48
262100	0.48	0.39	0.39	0	0	0.48
262200	0.48	0.39	0.39	0	0	0.48
262300	0.48	0.39	0.39	0	0	0.48
262400	0.48	0.39	0.39	0	0	0.48
262500	0.48	0.39	0.39	0	0	0.48
262600	0.48	0.39	0.39	0	0	0.48
262700	0.48	0.39	0.39	0	0	0.48
262800	0.48	0.39	0.39	0	0	0.48
262900	0.48	0.39	0.39	0	0	0.48
263000	0.48	0.39	0.39	0	0	0.48
263100	0.48	0.39	0.39	0	0	0.48
263200	0.48	0.39	0.39	0	0	0.48
263300	0.48	0.39	0.39	0	0	0.48
263400	0.48	0.39	0.39	0	0	0.48
263500	0.48	0.39	0.39	0	0	0.48
263600	0.48	0.39	0.39	0	0	0.48
263700	0.48	0.39	0.39	0	0	0.48
263800	0.48	0.39	0.39	0	0	0.48
263900	0.48	0.39	0.39	0	0	0.48
264000	0.48	0.39	0.39	0	0	0.48
264100	0.48	0.39	0.39	0	0	0.48
264200	0.48	0.39	0.39	0	0	0.48
264300	0.48	0.39	0.39	0	0	0.48
264400	0.48	0.39	0.39	0	0	0.48
264500	0.48	0.39	0.39	0	0	0.48
264600	0.48	0.39	0.39	0	0	0.48
264700	0.48	0.39	0.39	0	0	0.48
264800	0.48	0.39	0.39	0	0	0.48
264900	0.48	0.39	0.39	0	0	0.48
265000	0.48	0.39	0.39	0	0	0.48
265100	0.48	0.39	0.39	0	0	0.48
265200	0.48	0.39	0.39	0	0	0.48
265300	0.48	0.39	0.39	0	0	0.48
265400	0.48	0.39	0.39	0	0	0.48
265500	0.48	0.39	0.39	0	0	0.48
265600	0.48	0.39	0.39	0	0	0.48
265700	0.48	0.39	0.39	0	0	0.48
265800	0.48	0.39	0.39	0	0	0.48
265900	0.48	0.4	0.4	0	0	0.48
266000	0.48	0.39	0.39	0	0	0.48
266100	0.48	0.39	0.39	0	0	0.48
266200	0.48	0.39	0.39	0	0	0.48
266300	0.49	0.39	0.39	0	0	0.49
266400	0.49	0.39	0.39	0	0	0.49
266500	0.48	0.39	0.39	0	0	0.48
266600	0.48	0.39	0.39	0	0	0.48
266700	0.48	0.39	0.39	0	0	0.48
266800	0.48	0.39	0.39	0	0	0.48
266900	0.48	0.39	0.39	0	0	0.48
267000	0.48	0.39	0.39	0	0	0.48
267100	0.48	0.39	0.39	0	0	0.48
267200	0.48	0.39	0.39	0	0	0.48
267300	0.48	0.4	0.4	0	0	0.48
267400	0.48	0.4	0.4	0	0	0.48
267500	0.48	0.4	0.4	0	0	0.48
267600	0.48	0.4	0.4	0	0	0.48
267700	0.48	0.4	0.4	0	0	0.48
267800	0.48	0.4	0.4	0	0	0.48
267900	0.48	0.4	0.4	0	0	0.48
268000	0.48	0.4	0.4	0	0	0.48
268100	0.48	0.4	0.4	0	0	0.48
268200	0.48	0.4	0.4	0	0	0.48
268300	0.48	0.4	0.4	0	0	0.48
268400	0.48	0.4	0.4	0	0	0.48
268500	0.48	0.4	0.4	0	0	0.48
268600	0.48	0.4	0.4	0	0	0.48
268700	0.48	0.4	0.4	0	0	0.48
268800	0.48	0.4	0.4	0	0	0.48
268900	0.48	0.4	0.4	0	0	0.48
269000	0.48	0.4	0.4	0	0	0.48
269100	0.48	0.4	0.4	0	0	0.48
269200	0.48	0.4	0.4	0	0	0.48
269300	0.48	0.41	0.41	0	0	0.48
269400	0.48	0.4	0.4	0	0	0.48
269500	0.48	0.4	0.4	0	0	0.48
269600	0.48	0.4	0.4	0	0	0.48
269700	0.48	0.4	0.4	0	0	0.48
269800	0.48	0.4	0.4	0	0	0.48
269900	0.48	0.4	0.4	0	0	0.48
270000	0.48	0.4	0.4	0	0	0.48
270100	0.48	0.4	0.4	0	0	0.48
270200	0.48	0.4	0.4	0	0	0.48
270300	0.48	0.4	0.4	0	0	0.48
270400	0.48	0.4	0.4	0	0	0.48
270500	0.48	0.4	0.4	0	0	0.48
270600	0.48	0.4	0.4	0	0	0.48
270700	0.48	0.4	0.4	0	0	0.48
270800	0.48	0.4	0.4	0	0	0.48
270900	0.48	0.4	0.4	0	0	0.48
271000	0.48	0.4	0.4	0	0	0.48
271100	0.48	0.4	0.4	0	0	0.48
271200	0.48	0.4	0.4	0	0	0.48
271300	0.48	0.4	0.4	0	0	0.48
271400	0.48	0.4	0.4	0	0	0.48
271500	0.48	0.4	0.4	0	0	0.48
271600	0.48	0.4	0.4	0	0	0.48
271700	0.48	0.4	0.4	0	0	0.48
271800	0.48	0.4	0.4	0	0	0.48
271900	0.48	0.4	0.4	0	0	0.48
272000	0.48	0.4	0.4	0	0	0.48
272100	0.48	0.4	0.4	0	0	0.48
272200	0.48	0.4	0.4	0	0	0.48
272300	0.48	0.4	0.4	0	0	0.48
272400	0.48	0.4	0.4	0	0	0.48
272500	0.48	0.4	0.4	0	0	0.48
272600	0.48	0.4	0.4	0	0	0.48
272700	0.48	0.4	0.4	0	0	0.48
272800	0.48	0.4	0.4	0	0	0.48
272900	0.48	0.4	0.4	0	0	0.48
273000	0.48	0.41	0.41	0	0	0.48
273100	0.48	0.41	0.41	0	0	0.48
273200	0.48	0.4	0.4	0	0	0.48
273300	0.48	0.4	0.4	0	0	0.48
273400	0.48	0.4	0.4	0	0	0.48
273500	0.48	0.4	0.4	0	0	0.48
273600	0.48	0.4	0.4	0	0	0.48
273700	0.48	0.4	0.4	0	0	0.48
273800	0.48	0.4	0.4	0	0	0.48
273900	0.48	0.4	0.4	0	0	0.48
274000	0.48	0.4	0.4	0	0	0.48
274100	0.48	0.4	0.4	0	0	0.48
274200	0.48	0.4	0.4	0	0	0.48
274300	0.48	0.4	0.4	0	0	0.48
274400	0.48	0.4	0.4	0	0	0.48
274500	0.48	0.4	0.4	0	0	0.48
274600	0.48	0.4	0.4	0	0	0.48
274700	0.48	0.4	0.4	0	0	0.48
274800	0.48	0.4	0.4	0	0	0.48
274900	0.48	0.4	0.4	0	0	0.48
275000	0.48	0.4	0.4	0	0	0.48
275100	0.48	0.4	0.4	0	0	0.48
275200	0.48	0.4	0.4	0	0	0.48
275300	0.48	0.4	0.4	0	0	0.48
275400	0.48	0.4	0.4	0	0	0.48
275500	0.48	0.4	0.4	0	0	0.48
275600	0.48	0.4	0.4	0	0	0.48
275700	0.48	0.4	0.4	0	0	0.48
275800	0.48	0.39	0.39	0	0	0.48
275900	0.48	0.39	0.39	0	0	0.48
276000	0.48	0.38	0.38	0	0	0.48
276100	0.48	0.38	0.38	0	0	0.48
276200	0.48	0.38	0.38	0	0	0.48
276300	0.48	0.38	0.38	0	0	0.48
276400	0.48	0.38	0.38	0	0	0.48
276500	0.48	0.38	0.38	0	0	0.48
276600	0.48	0.38	0.38	0	0	0.48
276700	0.48	0.38	0.38	0	0	0.48
276800	0.48	0.38	0.38	0	0	0.48
276900	0.48	0.38	0.38	0	0	0.48
277000	0.48	0.38	0.38	0	0	0.48
277100	0.48	0.38	0.38	0	0	0.48
277200	0.48	0.38	0.38	0	0	0.48
277300	0.48	0.38	0.38	0	0	0.48
277400	0.48	0.38	0.38	0	0	0.48
277500	0.48	0.38	0.38	0	0	0.48
277600	0.48	0.38	0.38	0	0	0.48
277700	0.48	0.38	0.38	0	0	0.48
277800	0.48	0.38	0.38	0	0	0.48
277900	0.48	0.38	0.38	0	0	0.48
278000	0.48	0.38	0.38	0	0	0.48
278100	0.48	0.38	0.38	0	0	0.48
278200	0.48	0.38	0.38	0	0	0.48
278300	0.48	0.38	0.38	0	0	0.48
278400	0.48	0.38	0.38	0	0	0.48
278500	0.48	0.38	0.38	0	0	0.48
278600	0.48	0.38	0.38	0	0	0.48
278700	0.48	0.38	0.38	0	0	0.48
278800	0.48	0.38	0.38	0	0	0.48
278900	0.48	0.38	0.38	0	0	0.48
279000	0.48	0.38	0.38	0	0	0.48
279100	0.48	0.38	0.38	0	0	0.48
279200	0.48	0.38	0.38	0	0	0.48
279300	0.48	0.38	0.38	0	0	0.48
279400	0.48	0.38	0.38	0	0	0.48
279500	0.48	0.38	0.38	0	0	0.48
279600	0.48	0.38	0.38	0	0	0.48
279700	0.48	0.38	0.38	0	0	0.48
279800	0.48	0.38	0.38	0	0	0.48
279900	0.48	0.38	0.38	0	0	0.48
280000	0.48	0.38	0.38	0	0	0.48
280100	0.48	0.38	0.38	0	0	0.48
280200	0.48	0.38	0.38	0	0	0.48
280300	0.48	0.38	0.38	0	0	0.48
280400	0.48	0.38	0.38	0	0	0.48
280500	0.48	0.38	0.38	0	0	0.48
280600	0.48	0.39	0.39	0	0	0.48
280700	0.48	0.39	0.39	0	0	0.48
280800	0.48	0.39	0.39	0	0	0.48
280900	0.48	0.39	0.39	0	0	0.48
281000	0.48	0.39	0.39	0	0	0.48
281100	0.48	0.38	0.38	0	0	0.48
281200	0.48	0.39	0.39	0	0	0.48
281300	0.48	0.39	0.39	0	0	0.48
281400	0.48	0.39	0.39	0	0	0.48
281500	0.48	0.39	0.39	0	0	0.48
281600	0.48	0.39	0.39	0	0	0.48
281700	0.48	0.39	0.39	0	0	0.48
281800	0.48	0.39	0.39	0	0	0.48
281900	0.48	0.39	0.39	0	0	0.48
282000	0.48	0.39	0.39	0	0	0.48
282100	0.48	0.39	0.39	0	0	0.48
282200	0.48	0.38	0.38	0	0	0.48
282300	0.48	0.38	0.38	0	0	0.48
282400	0.48	0.38	0.38	0	0	0.48
282500	0.49	0.38	0.38	0	0	0.49
282600	0.49	0.38	0.38	0	0	0.49
282700	0.49	0.38	0.38	0	0	0.49
282800	0.49	0.38	0.38	0	0	0.49
282900	0.49	0.38	0.38	0	0	0.49
283000	0.49	0.38	0.38	0	0	0.49
283100	0.49	0.38	0.38	0	0	0.49
283200	0.49	0.38	0.38	0	0	0.49
283300	0.49	0.38	0.38	0	0	0.49
283400	0.49	0.38	0.38	0	0	0.49
283500	0.49	0.38	0.38	0	0	0.49
283600	0.49	0.38	0.38	0	0	0.49
283700	0.49	0.38	0.38	0	0	0.49
283800	0.49	0.38	0.38	0	0	0.49
283900	0.49	0.38	0.38	0	0	0.49
284000	0.49	0.38	0.38	0	0	0.49
284100	0.49	0.38	0.38	0	0	0.49
284200	0.49	0.38	0.38	0	0	0.49
284300	0.49	0.38	0.38	0	0	0.49
284400	0.49	0.38	0.38	0	0	0.49
284500	0.49	0.38	0.38	0	0	0.49
284600	0.49	0.38	0.38	0	0	0.49
284700	0.49	0.38	0.38	0	0	0.49
284800	0.49	0.38	0.38	0	0	0.49
284900	0.49	0.38	0.38	0	0	0.49
285000	0.48	0.38	0.38	0	0	0.48
285100	0.48	0.38	0.38	0	0	0.48
285200	0.48	0.38	0.38	0	0	0.48
285300	0.48	0.38	0.38	0	0	0.48
285400	0.48	0.38	0.38	0	0	0.48
285500	0.48	0.38	0.38	0	0	0.48
285600	0.48	0.38	0.38	0	0	0.48
285700	0.48	0.38	0.38	0	0	0.48
285800	0.48	0.38	0.38	0	0	0.48
285900	0.48	0.38	0.38	0	0	0.48
286000	0.48	0.38	0.38	0	0	0.48
286100	0.48	0.38	0.38	0	0	0.48
286200	0.48	0.38	0.38	0	0	0.48
286300	0.48	0.38	0.38	0	0	0.48
286400	0.48	0.38	0.38	0	0	0.48
286500	0.48	0.38	0.38	0	0	0.48
286600	0.48	0.38	0.38	0	0	0.48
286700	0.48	0.38	0.38	0	0	0.48
286800	0.48	0.38	0.38	0	0	0.48
286900	0.48	0.38	0.38	0	0	0.48
287000	0.48	0.38	0.38	0	0	0.48
287100	0.48	0.38	0.38	0	0	0.48
287200	0.48	0.38	0.38	0	0	0.48
287300	0.48	0.38	0.38	0	0	0.48
287400	0.48	0.38	0.38	0	0	0.48
287500	0.48	0.38	0.38	0	0	0.48
287600	0.48	0.38	0.38	0	0	0.48
287700	0.48	0.38	0.38	0	0	0.48
287800	0.48	0.38	0.38	0	0	0.48
287900	0.48	0.38	0.38	0	0	0.48
288000	0.48	0.38	0.38	0	0	0.48
288100	0.48	0.38	0.38	0	0	0.48
288200	0.48	0.38	0.38	0	0	0.48
288300	0.48	0.38	0.38	0	0	0.48
288400	0.48	0.38	0.38	0	0	0.48
288500	0.48	0.38	0.38	0	0	0.48
288600	0.48	0.38	0.38	0	0	0.48
288700	0.48	0.38	0.38	0	0	0.48
288800	0.48	0.38	0.38	0	0	0.48
288900	0.48	0.38	0.38	0	0	0.48
289000	0.48	0.38	0.38	0	0	0.48
289100	0.48	0.38	0.38	0	0	0.48
289200	0.48	0.38	0.38	0	0	0.48
289300	0.48	0.38	0.38	0	0	0.48
289400	0.48	0.38	0.38	0	0	0.48
289500	0.48	0.38	0.38	0	0	0.48
289600	0.48	0.38	0.38	0	0	0.48
289700	0.48	0.38	0.38	0	0	0.48
289800	0.48	0.38	0.38	0	0	0.48
289900	0.48	0.38	0.38	0	0	0.48
290000	0.48	0.38	0.38	0	0	0.48
290100	0.48	0.38	0.38	0	0	0.48
290200	0.48	0.38	0.38	0	0	0.48
290300	0.48	0.38	0.38	0	0	0.48
290400	0.47	0.38	0.38	0	0	0.47
290500	0.47	0.38	0.38	0	0	0.47
290600	0.47	0.38	0.38	0	0	0.47
290700	0.47	0.38	0.38	0	0	0.47
290800	0.47	0.38	0.38	0	0	0.47
290900	0.47	0.38	0.38	0	0	0.47
291000	0.47	0.38	0.38	0	0	0.47
291100	0.47	0.38	0.38	0	0	0.47
291200	0.47	0.38	0.38	0	0	0.47
291300	0.47	0.38	0.38	0	0	0.47
291400	0.47	0.38	0.38	0	0	0.47
291500	0.47	0.38	0.38	0	0	0.47
291600	0.47	0.38	0.38	0	0	0.47
291700	0.47	0.38	0.38	0	0	0.47
291800	0.47	0.38	0.38	0	0	0.47
291900	0.47	0.38	0.38	0	0	0.47
292000	0.47	0.38	0.38	0	0	0.47
292100	0.47	0.38	0.38	0	0	0.47
292200	0.47	0.38	0.38	0	0	0.47
292300	0.47	0.38	0.38	0	0	0.47
292400	0.47	0.38	0.38	0	0	0.47
292500	0.47	0.38	0.38	0	0	0.47
292600	0.48	0.38	0.38	0	0	0.48
292700	0.48	0.38	0.38	0	0	0.48
292800	0.48	0.38	0.38	0	0	0.48
292900	0.48	0.38	0.38	0	0	0.48
293000	0.48	0.38	0.38	0	0	0.48
293100	0.48	0.38	0.38	0	0	0.48
293200	0.48	0.38	0.38	0	0	0.48
293300	0.48	0.38	0.38	0	0	0.48
293400	0.48	0.38	0.38	0	0	0.48
293500	0.48	0.38	0.38	0	0	0.48
293600	0.48	0.38	0.38	0	0	0.48
293700	0.48	0.38	0.38	0	0	0.48
293800	0.48	0.38	0.38	0	0	0.48
293900	0.48	0.38	0.38	0	0	0.48
294000	0.48	0.38	0.38	0	0	0.48
294100	0.47	0.38	0.38	0	0	0.47
294200	0.47	0.38	0.38	0	0	0.47
294300	0.47	0.38	0.38	0	0	0.47
294400	0.47	0.38	0.38	0	0	0.47
294500	0.47	0.39	0.39	0	0	0.47
294600	0.47	0.38	0.38	0	0	0.47
294700	0.47	0.38	0.38	0	0	0.47
294800	0.47	0.38	0.38	0	0	0.47
294900	0.47	0.38	0.38	0	0	0.47
295000	0.47	0.38	0.38	0	0	0.47
295100	0.47	0.38	0.38	0	0	0.47
295200	0.47	0.38	0.38	0	0	0.47
295300	0.47	0.38	0.38	0	0	0.47
295400	0.47	0.38	0.38	0	0	0.47
295500	0.47	0.38	0.38	0	0	0.47
295600	0.47	0.38	0.38	0	0	0.47
295700	0.47	0.38	0.38	0	0	0.47
295800	0.47	0.38	0.38	0	0	0.47
295900	0.47	0.38	0.38	0	0	0.47
296000	0.47	0.38	0.38	0	0	0.47
296100	0.47	0.38	0.38	0	0	0.47
296200	0.47	0.38	0.38	0	0	0.47
296300	0.47	0.38	0.38	0	0	0.47
296400	0.47	0.38	0.38	0	0	0.47
296500	0.47	0.38	0.38	0	0	0.47
296600	0.47	0.38	0.38	0	0	0.47
296700	0.47	0.38	0.38	0	0	0.47
296800	0.47	0.38	0.38	0	0	0.47
296900	0.47	0.38	0.38	0	0	0.47
297000	0.47	0.38	0.38	0	0	0.47
297100	0.47	0.38	0.38	0	0	0.47
297200	0.47	0.38	0.38	0	0	0.47
297300	0.47	0.38	0.38	0	0	0.47
297400	0.47	0.38	0.38	0	0	0.47
297500	0.47	0.38	0.38	0	0	0.47
297600	0.46	0.38	0.38	0	0	0.46
297700	0.46	0.38	0.38	0	0	0.46
297800	0.46	0.38	0.38	0	0	0.46
297900	0.46	0.38	0.38	0	0	0.46
298000	0.46	0.38	0.38	0	0	0.46
298100	0.46	0.38	0.38	0	0	0.46
298200	0.46	0.38	0.38	0	0	0.46
298300	0.46	0.38	0.38	0	0	0.46
298400	0.46	0.38	0.38	0	0	0.46
298500	0.46	0.38	0.38	0	0	0.46
298600	0.46	0.39	0.39	0	0	0.46
298700	0.46	0.38	0.38	0	0	0.46
298800	0.46	0.38	0.38	0	0	0.46
298900	0.46	0.38	0.38	0	0	0.46
299000	0.46	0.38	0.38	0	0	0.46
299100	0.46	0.38	0.38	0	0	0.46
299200	0.46	0.38	0.38	0	0	0.46
299300	0.46	0.38	0.38	0	0	0.46
299400	0.46	0.38	0.38	0	0	0.46
299500	0.46	0.38	0.38	0	0	0.46
299600	0.46	0.38	0.38	0	0	0.46
299700	0.46	0.38	0.38	0	0	0.46
299800	0.46	0.38	0.38	0	0	0.46
299900	0.46	0.38	0.38	0	0	0.46
300000	0.46	0.38	0.38	0	0	0.46
