100	0.1	0.1	0.1	0	0	0.1
200	0.12	0.12	0.12	0	0	0.12
300	0.14	0.12	0.12	0	0	0.14
400	0.13	0.11	0.11	0	0	0.13
500	0.13	0.11	0.11	0	0	0.13
600	0.14	0.1	0.1	0	0	0.14
700	0.17	0.1	0.1	0	0	0.17
800	0.18	0.11	0.11	0	0	0.18
900	0.19	0.07	0.07	0	0	0.19
1000	0.18	0.1	0.1	0	0	0.18
1100	0.17	0.1	0.1	0	0	0.17
1200	0.17	0.09	0.09	0	0	0.17
1300	0.18	0.09	0.09	0	0	0.18
1400	0.19	0.11	0.11	0	0	0.19
1500	0.2	0.11	0.11	0	0	0.2
1600	0.21	0.13	0.13	0	0	0.21
1700	0.21	0.13	0.13	0	0	0.21
1800	0.21	0.13	0.13	0	0	0.21
1900	0.2	0.13	0.13	0	0	0.2
2000	0.18	0.14	0.14	0	0	0.18
2100	0.2	0.14	0.14	0	0	0.2
2200	0.19	0.14	0.14	0	0	0.19
2300	0.19	0.14	0.14	0	0	0.19
2400	0.19	0.15	0.15	0	0	0.19
2500	0.2	0.14	0.14	0	0	0.2
2600	0.21	0.14	0.14	0	0	0.21
2700	0.2	0.14	0.14	0	0	0.2
2800	0.21	0.14	0.14	0	0	0.21
2900	0.2	0.14	0.14	0	0	0.2
3000	0.19	0.14	0.14	0	0	0.19
3100	0.2	0.15	0.15	0	0	0.2
3200	0.2	0.13	0.13	0	0	0.2
3300	0.19	0.12	0.12	0	0	0.19
3400	0.19	0.1	0.1	0	0	0.19
3500	0.2	0.08	0.08	0	0	0.2
3600	0.22	0.08	0.08	0	0	0.22
3700	0.22	0.11	0.11	0	0	0.22
3800	0.22	0.11	0.11	0	0	0.22
3900	0.24	0.1	0.1	0	0	0.24
4000	0.22	0.11	0.11	0	0	0.22
4100	0.21	0.11	0.11	0	0	0.21
4200	0.21	0.12	0.12	0	0	0.21
4300	0.21	0.13	0.13	0	0	0.21
4400	0.22	0.15	0.15	0	0	0.22
4500	0.23	0.16	0.16	0	0	0.23
4600	0.24	0.13	0.13	0	0	0.24
4700	0.23	0.11	0.11	0	0	0.23
4800	0.24	0.11	0.11	0	0	0.24
4900	0.25	0.12	0.12	0	0	0.25
5000	0.26	0.12	0.12	0	0	0.26
5100	0.26	0.13	0.13	0	0	0.26
5200	0.27	0.13	0.13	0	0	0.27
5300	0.28	0.13	0.13	0	0	0.28
5400	0.28	0.15	0.15	0	0	0.28
5500	0.29	0.14	0.14	0	0	0.29
5600	0.28	0.15	0.15	0	0	0.28
5700	0.28	0.15	0.15	0	0	0.28
5800	0.27	0.15	0.15	0	0	0.27
5900	0.26	0.16	0.16	0	0	0.26
6000	0.25	0.17	0.17	0	0	0.25
6100	0.23	0.18	0.18	0	0	0.23
6200	0.23	0.18	0.18	0	0	0.23
6300	0.23	0.18	0.18	0	0	0.23
6400	0.22	0.19	0.19	0	0	0.22
6500	0.26	0.18	0.18	0	0	0.26
6600	0.26	0.18	0.18	0	0	0.26
6700	0.27	0.18	0.18	0	0	0.27
6800	0.26	0.19	0.19	0	0	0.26
6900	0.26	0.2	0.2	0	0	0.26
7000	0.26	0.2	0.2	0	0	0.26
7100	0.27	0.21	0.21	0	0	0.27
7200	0.26	0.19	0.19	0	0	0.26
7300	0.27	0.2	0.2	0	0	0.27
7400	0.27	0.19	0.19	0	0	0.27
7500	0.27	0.18	0.18	0	0	0.27
7600	0.28	0.17	0.17	0	0	0.28
7700	0.28	0.18	0.18	0	0	0.28
7800	0.28	0.2	0.2	0	0	0.28
7900	0.29	0.2	0.2	0	0	0.29
8000	0.29	0.21	0.21	0	0	0.29
8100	0.28	0.21	0.21	0	0	0.28
8200	0.28	0.21	0.21	0	0	0.28
8300	0.28	0.22	0.22	0	0	0.28
8400	0.29	0.23	0.23	0	0	0.29
8500	0.27	0.23	0.23	0	0	0.27
8600	0.28	0.23	0.23	0	0	0.28
8700	0.29	0.23	0.23	0	0	0.29
8800	0.28	0.24	0.24	0	0	0.28
8900	0.28	0.23	0.23	0	0	0.28
9000	0.28	0.23	0.23	0	0	0.28
9100	0.28	0.23	0.23	0	0	0.28
9200	0.29	0.23	0.23	0	0	0.29
9300	0.28	0.23	0.23	0	0	0.28
9400	0.29	0.22	0.22	0	0	0.29
9500	0.29	0.25	0.25	0	0	0.29
9600	0.29	0.24	0.24	0	0	0.29
9700	0.29	0.24	0.24	0	0	0.29
9800	0.29	0.23	0.23	0	0	0.29
9900	0.29	0.25	0.25	0	0	0.29
10000	0.29	0.25	0.25	0	0	0.29
10100	0.29	0.25	0.25	0	0	0.29
10200	0.29	0.24	0.24	0	0	0.29
10300	0.29	0.23	0.23	0	0	0.29
10400	0.29	0.18	0.18	0	0	0.29
10500	0.29	0.2	0.2	0	0	0.29
10600	0.29	0.21	0.21	0	0	0.29
10700	0.29	0.23	0.23	0	0	0.29
10800	0.3	0.24	0.24	0	0	0.3
10900	0.3	0.25	0.25	0	0	0.3
11000	0.31	0.25	0.25	0	0	0.31
11100	0.33	0.26	0.26	0	0	0.33
11200	0.33	0.26	0.26	0	0	0.33
11300	0.32	0.27	0.27	0	0	0.32
11400	0.33	0.27	0.27	0	0	0.33
11500	0.33	0.27	0.27	0	0	0.33
11600	0.33	0.28	0.28	0	0	0.33
11700	0.34	0.27	0.27	0	0	0.34
11800	0.34	0.28	0.28	0	0	0.34
11900	0.35	0.26	0.26	0	0	0.35
12000	0.34	0.23	0.23	0	0	0.34
12100	0.32	0.21	0.21	0	0	0.32
12200	0.32	0.2	0.2	0	0	0.32
12300	0.32	0.2	0.2	0	0	0.32
12400	0.32	0.2	0.2	0	0	0.32
12500	0.32	0.21	0.21	0	0	0.32
12600	0.32	0.21	0.21	0	0	0.32
12700	0.33	0.19	0.19	0	0	0.33
12800	0.32	0.19	0.19	0	0	0.32
12900	0.32	0.19	0.19	0	0	0.32
13000	0.32	0.2	0.2	0	0	0.32
13100	0.33	0.2	0.2	0	0	0.33
13200	0.32	0.21	0.21	0	0	0.32
13300	0.32	0.2	0.2	0	0	0.32
13400	0.31	0.2	0.2	0	0	0.31
13500	0.31	0.2	0.2	0	0	0.31
13600	0.31	0.21	0.21	0	0	0.31
13700	0.32	0.21	0.21	0	0	0.32
13800	0.32	0.22	0.22	0	0	0.32
13900	0.32	0.22	0.22	0	0	0.32
14000	0.32	0.22	0.22	0	0	0.32
14100	0.34	0.22	0.22	0	0	0.34
14200	0.34	0.22	0.22	0	0	0.34
14300	0.35	0.22	0.22	0	0	0.35
14400	0.34	0.21	0.21	0	0	0.34
14500	0.34	0.21	0.21	0	0	0.34
14600	0.34	0.24	0.24	0	0	0.34
14700	0.35	0.23	0.23	0	0	0.35
14800	0.35	0.23	0.23	0	0	0.35
14900	0.35	0.23	0.23	0	0	0.35
15000	0.36	0.26	0.26	0	0	0.36
15100	0.35	0.26	0.26	0	0	0.35
15200	0.34	0.28	0.28	0	0	0.34
15300	0.33	0.3	0.3	0	0	0.33
15400	0.33	0.31	0.31	0	0	0.33
15500	0.32	0.29	0.29	0	0	0.32
15600	0.32	0.28	0.28	0	0	0.32
15700	0.31	0.29	0.29	0	0	0.31
15800	0.32	0.29	0.29	0	0	0.32
15900	0.32	0.31	0.31	0	0	0.32
16000	0.32	0.31	0.31	0	0	0.32
16100	0.32	0.32	0.32	0	0	0.32
16200	0.32	0.32	0.32	0	0	0.32
16300	0.31	0.33	0.33	0	0	0.31
16400	0.31	0.32	0.32	0	0	0.31
16500	0.31	0.31	0.31	0	0	0.31
16600	0.31	0.31	0.31	0	0	0.31
16700	0.31	0.32	0.32	0	0	0.31
16800	0.31	0.32	0.32	0	0	0.31
16900	0.31	0.31	0.31	0	0	0.31
17000	0.32	0.31	0.31	0	0	0.32
17100	0.32	0.31	0.31	0	0	0.32
17200	0.32	0.3	0.3	0	0	0.32
17300	0.32	0.31	0.31	0	0	0.32
17400	0.33	0.31	0.31	0	0	0.33
17500	0.33	0.3	0.3	0	0	0.33
17600	0.33	0.31	0.31	0	0	0.33
17700	0.33	0.32	0.32	0	0	0.33
17800	0.33	0.31	0.31	0	0	0.33
17900	0.33	0.3	0.3	0	0	0.33
18000	0.33	0.3	0.3	0	0	0.33
18100	0.33	0.3	0.3	0	0	0.33
18200	0.33	0.31	0.31	0	0	0.33
18300	0.33	0.31	0.31	0	0	0.33
18400	0.33	0.32	0.32	0	0	0.33
18500	0.33	0.33	0.33	0	0	0.33
18600	0.34	0.32	0.32	0	0	0.34
18700	0.34	0.31	0.31	0	0	0.34
18800	0.34	0.31	0.31	0	0	0.34
18900	0.35	0.31	0.31	0	0	0.35
19000	0.34	0.3	0.3	0	0	0.34
19100	0.34	0.3	0.3	0	0	0.34
19200	0.34	0.3	0.3	0	0	0.34
19300	0.34	0.3	0.3	0	0	0.34
19400	0.34	0.31	0.31	0	0	0.34
19500	0.34	0.32	0.32	0	0	0.34
19600	0.35	0.32	0.32	0	0	0.35
19700	0.35	0.32	0.32	0	0	0.35
19800	0.35	0.33	0.33	0	0	0.35
19900	0.35	0.35	0.35	0	0	0.35
20000	0.35	0.35	0.35	0	0	0.35
20100	0.34	0.35	0.35	0	0	0.34
20200	0.34	0.35	0.35	0	0	0.34
20300	0.35	0.35	0.35	0	0	0.35
20400	0.35	0.34	0.34	0	0	0.35
20500	0.35	0.34	0.34	0	0	0.35
20600	0.35	0.34	0.34	0	0	0.35
20700	0.35	0.34	0.34	0	0	0.35
20800	0.35	0.34	0.34	0	0	0.35
20900	0.35	0.34	0.34	0	0	0.35
21000	0.35	0.33	0.33	0	0	0.35
21100	0.35	0.33	0.33	0	0	0.35
21200	0.35	0.33	0.33	0	0	0.35
21300	0.35	0.34	0.34	0	0	0.35
21400	0.35	0.34	0.34	0	0	0.35
21500	0.35	0.35	0.35	0	0	0.35
21600	0.37	0.35	0.35	0	0	0.37
21700	0.37	0.35	0.35	0	0	0.37
21800	0.35	0.35	0.35	0	0	0.35
21900	0.35	0.35	0.35	0	0	0.35
22000	0.35	0.35	0.35	0	0	0.35
22100	0.35	0.35	0.35	0	0	0.35
22200	0.35	0.34	0.34	0	0	0.35
22300	0.35	0.34	0.34	0	0	0.35
22400	0.35	0.34	0.34	0	0	0.35
22500	0.35	0.34	0.34	0	0	0.35
22600	0.35	0.34	0.34	0	0	0.35
22700	0.35	0.34	0.34	0	0	0.35
22800	0.36	0.34	0.34	0	0	0.36
22900	0.35	0.34	0.34	0	0	0.35
23000	0.35	0.34	0.34	0	0	0.35
23100	0.35	0.34	0.34	0	0	0.35
23200	0.35	0.35	0.35	0	0	0.35
23300	0.35	0.35	0.35	0	0	0.35
23400	0.36	0.35	0.35	0	0	0.36
23500	0.37	0.35	0.35	0	0	0.37
23600	0.38	0.35	0.35	0	0	0.38
23700	0.36	0.35	0.35	0	0	0.36
23800	0.36	0.35	0.35	0	0	0.36
23900	0.36	0.35	0.35	0	0	0.36
24000	0.36	0.35	0.35	0	0	0.36
24100	0.36	0.35	0.35	0	0	0.36
24200	0.36	0.33	0.33	0	0	0.36
24300	0.36	0.35	0.35	0	0	0.36
24400	0.36	0.36	0.36	0	0	0.36
24500	0.36	0.36	0.36	0	0	0.36
24600	0.36	0.35	0.35	0	0	0.36
24700	0.36	0.35	0.35	0	0	0.36
24800	0.36	0.36	0.36	0	0	0.36
24900	0.36	0.36	0.36	0	0	0.36
25000	0.36	0.36	0.36	0	0	0.36
25100	0.36	0.36	0.36	0	0	0.36
25200	0.36	0.35	0.35	0	0	0.36
25300	0.36	0.35	0.35	0	0	0.36
25400	0.36	0.35	0.35	0	0	0.36
25500	0.36	0.35	0.35	0	0	0.36
25600	0.36	0.35	0.35	0	0	0.36
25700	0.36	0.35	0.35	0	0	0.36
25800	0.36	0.35	0.35	0	0	0.36
25900	0.36	0.35	0.35	0	0	0.36
26000	0.36	0.36	0.36	0	0	0.36
26100	0.36	0.37	0.37	0	0	0.36
26200	0.36	0.36	0.36	0	0	0.36
26300	0.36	0.36	0.36	0	0	0.36
26400	0.36	0.38	0.38	0	0	0.36
26500	0.36	0.37	0.37	0	0	0.36
26600	0.36	0.35	0.35	0	0	0.36
26700	0.37	0.35	0.35	0	0	0.37
26800	0.37	0.35	0.35	0	0	0.37
26900	0.37	0.35	0.35	0	0	0.37
27000	0.37	0.35	0.35	0	0	0.37
27100	0.37	0.35	0.35	0	0	0.37
27200	0.37	0.35	0.35	0	0	0.37
27300	0.37	0.35	0.35	0	0	0.37
27400	0.37	0.35	0.35	0	0	0.37
27500	0.37	0.34	0.34	0	0	0.37
27600	0.38	0.34	0.34	0	0	0.38
27700	0.38	0.33	0.33	0	0	0.38
27800	0.38	0.34	0.34	0	0	0.38
27900	0.37	0.34	0.34	0	0	0.37
28000	0.37	0.34	0.34	0	0	0.37
28100	0.38	0.35	0.35	0	0	0.38
28200	0.38	0.36	0.36	0	0	0.38
28300	0.38	0.36	0.36	0	0	0.38
28400	0.37	0.35	0.35	0	0	0.37
28500	0.37	0.35	0.35	0	0	0.37
28600	0.36	0.35	0.35	0	0	0.36
28700	0.37	0.35	0.35	0	0	0.37
28800	0.37	0.35	0.35	0	0	0.37
28900	0.38	0.35	0.35	0	0	0.38
29000	0.4	0.35	0.35	0	0	0.4
29100	0.39	0.35	0.35	0	0	0.39
29200	0.39	0.35	0.35	0	0	0.39
29300	0.39	0.35	0.35	0	0	0.39
29400	0.39	0.36	0.36	0	0	0.39
29500	0.4	0.36	0.36	0	0	0.4
29600	0.4	0.36	0.36	0	0	0.4
29700	0.4	0.36	0.36	0	0	0.4
29800	0.41	0.36	0.36	0	0	0.41
29900	0.41	0.36	0.36	0	0	0.41
30000	0.41	0.36	0.36	0	0	0.41
30100	0.41	0.36	0.36	0	0	0.41
30200	0.42	0.36	0.36	0	0	0.42
30300	0.4	0.36	0.36	0	0	0.4
30400	0.39	0.36	0.36	0	0	0.39
30500	0.39	0.36	0.36	0	0	0.39
30600	0.4	0.36	0.36	0	0	0.4
30700	0.39	0.36	0.36	0	0	0.39
30800	0.39	0.36	0.36	0	0	0.39
30900	0.39	0.36	0.36	0	0	0.39
31000	0.39	0.36	0.36	0	0	0.39
31100	0.39	0.36	0.36	0	0	0.39
31200	0.39	0.36	0.36	0	0	0.39
31300	0.39	0.36	0.36	0	0	0.39
31400	0.39	0.36	0.36	0	0	0.39
31500	0.39	0.36	0.36	0	0	0.39
31600	0.39	0.37	0.37	0	0	0.39
31700	0.39	0.38	0.38	0	0	0.39
31800	0.39	0.37	0.37	0	0	0.39
31900	0.39	0.37	0.37	0	0	0.39
32000	0.39	0.37	0.37	0	0	0.39
32100	0.39	0.37	0.37	0	0	0.39
32200	0.39	0.37	0.37	0	0	0.39
32300	0.39	0.37	0.37	0	0	0.39
32400	0.39	0.38	0.38	0	0	0.39
32500	0.39	0.39	0.39	0	0	0.39
32600	0.39	0.39	0.39	0	0	0.39
32700	0.39	0.39	0.39	0	0	0.39
32800	0.39	0.39	0.39	0	0	0.39
32900	0.39	0.37	0.37	0	0	0.39
33000	0.4	0.37	0.37	0	0	0.4
33100	0.4	0.37	0.37	0	0	0.4
33200	0.4	0.38	0.38	0	0	0.4
33300	0.41	0.38	0.38	0	0	0.41
33400	0.4	0.38	0.38	0	0	0.4
33500	0.4	0.38	0.38	0	0	0.4
33600	0.38	0.38	0.38	0	0	0.38
33700	0.37	0.38	0.38	0	0	0.37
33800	0.37	0.38	0.38	0	0	0.37
33900	0.37	0.39	0.39	0	0	0.37
34000	0.37	0.38	0.38	0	0	0.37
34100	0.37	0.38	0.38	0	0	0.37
34200	0.38	0.38	0.38	0	0	0.38
34300	0.39	0.38	0.38	0	0	0.39
34400	0.37	0.39	0.39	0	0	0.37
34500	0.37	0.39	0.39	0	0	0.37
34600	0.36	0.38	0.38	0	0	0.36
34700	0.36	0.38	0.38	0	0	0.36
34800	0.36	0.38	0.38	0	0	0.36
34900	0.36	0.39	0.39	0	0	0.36
35000	0.36	0.38	0.38	0	0	0.36
35100	0.36	0.38	0.38	0	0	0.36
35200	0.36	0.38	0.38	0	0	0.36
35300	0.36	0.37	0.37	0	0	0.36
35400	0.36	0.37	0.37	0	0	0.36
35500	0.36	0.37	0.37	0	0	0.36
35600	0.36	0.37	0.37	0	0	0.36
35700	0.37	0.38	0.38	0	0	0.37
35800	0.37	0.38	0.38	0	0	0.37
35900	0.37	0.38	0.38	0	0	0.37
36000	0.37	0.38	0.38	0	0	0.37
36100	0.36	0.39	0.39	0	0	0.36
36200	0.36	0.39	0.39	0	0	0.36
36300	0.36	0.39	0.39	0	0	0.36
36400	0.36	0.37	0.37	0	0	0.36
36500	0.36	0.37	0.37	0	0	0.36
36600	0.37	0.37	0.37	0	0	0.37
36700	0.37	0.37	0.37	0	0	0.37
36800	0.37	0.37	0.37	0	0	0.37
36900	0.38	0.39	0.39	0	0	0.38
37000	0.37	0.38	0.38	0	0	0.37
37100	0.36	0.39	0.39	0	0	0.36
37200	0.36	0.39	0.39	0	0	0.36
37300	0.36	0.39	0.39	0	0	0.36
37400	0.37	0.37	0.37	0	0	0.37
37500	0.37	0.37	0.37	0	0	0.37
37600	0.37	0.35	0.35	0	0	0.37
37700	0.37	0.34	0.34	0	0	0.37
37800	0.37	0.34	0.34	0	0	0.37
37900	0.37	0.33	0.33	0	0	0.37
38000	0.37	0.32	0.32	0	0	0.37
38100	0.37	0.32	0.32	0	0	0.37
38200	0.37	0.32	0.32	0	0	0.37
38300	0.37	0.33	0.33	0	0	0.37
38400	0.37	0.33	0.33	0	0	0.37
38500	0.37	0.35	0.35	0	0	0.37
38600	0.37	0.33	0.33	0	0	0.37
38700	0.37	0.33	0.33	0	0	0.37
38800	0.37	0.33	0.33	0	0	0.37
38900	0.37	0.33	0.33	0	0	0.37
39000	0.37	0.33	0.33	0	0	0.37
39100	0.37	0.33	0.33	0	0	0.37
39200	0.37	0.33	0.33	0	0	0.37
39300	0.37	0.33	0.33	0	0	0.37
39400	0.37	0.33	0.33	0	0	0.37
39500	0.37	0.33	0.33	0	0	0.37
39600	0.37	0.34	0.34	0	0	0.37
39700	0.36	0.33	0.33	0	0	0.36
39800	0.36	0.33	0.33	0	0	0.36
39900	0.36	0.33	0.33	0	0	0.36
40000	0.36	0.33	0.33	0	0	0.36
40100	0.37	0.33	0.33	0	0	0.37
40200	0.37	0.33	0.33	0	0	0.37
40300	0.37	0.33	0.33	0	0	0.37
40400	0.37	0.33	0.33	0	0	0.37
40500	0.38	0.33	0.33	0	0	0.38
40600	0.38	0.33	0.33	0	0	0.38
40700	0.38	0.33	0.33	0	0	0.38
40800	0.37	0.33	0.33	0	0	0.37
40900	0.37	0.34	0.34	0	0	0.37
41000	0.39	0.34	0.34	0	0	0.39
41100	0.39	0.34	0.34	0	0	0.39
41200	0.39	0.34	0.34	0	0	0.39
41300	0.4	0.34	0.34	0	0	0.4
41400	0.4	0.34	0.34	0	0	0.4
41500	0.4	0.34	0.34	0	0	0.4
41600	0.4	0.34	0.34	0	0	0.4
41700	0.4	0.34	0.34	0	0	0.4
41800	0.4	0.34	0.34	0	0	0.4
41900	0.4	0.34	0.34	0	0	0.4
42000	0.4	0.34	0.34	0	0	0.4
42100	0.4	0.34	0.34	0	0	0.4
42200	0.4	0.34	0.34	0	0	0.4
42300	0.4	0.34	0.34	0	0	0.4
42400	0.4	0.35	0.35	0	0	0.4
42500	0.4	0.35	0.35	0	0	0.4
42600	0.4	0.35	0.35	0	0	0.4
42700	0.4	0.35	0.35	0	0	0.4
42800	0.4	0.35	0.35	0	0	0.4
42900	0.41	0.35	0.35	0	0	0.41
43000	0.4	0.35	0.35	0	0	0.4
43100	0.4	0.34	0.34	0	0	0.4
43200	0.39	0.34	0.34	0	0	0.39
43300	0.4	0.34	0.34	0	0	0.4
43400	0.4	0.34	0.34	0	0	0.4
43500	0.41	0.34	0.34	0	0	0.41
43600	0.41	0.34	0.34	0	0	0.41
43700	0.41	0.34	0.34	0	0	0.41
43800	0.41	0.34	0.34	0	0	0.41
43900	0.41	0.34	0.34	0	0	0.41
44000	0.41	0.34	0.34	0	0	0.41
44100	0.42	0.35	0.35	0	0	0.42
44200	0.42	0.36	0.36	0	0	0.42
44300	0.43	0.36	0.36	0	0	0.43
44400	0.43	0.36	0.36	0	0	0.43
44500	0.42	0.36	0.36	0	0	0.42
44600	0.42	0.36	0.36	0	0	0.42
44700	0.42	0.36	0.36	0	0	0.42
44800	0.41	0.36	0.36	0	0	0.41
44900	0.41	0.36	0.36	0	0	0.41
45000	0.41	0.36	0.36	0	0	0.41
45100	0.41	0.35	0.35	0	0	0.41
45200	0.42	0.35	0.35	0	0	0.42
45300	0.42	0.35	0.35	0	0	0.42
45400	0.41	0.35	0.35	0	0	0.41
45500	0.41	0.35	0.35	0	0	0.41
45600	0.41	0.35	0.35	0	0	0.41
45700	0.41	0.35	0.35	0	0	0.41
45800	0.41	0.35	0.35	0	0	0.41
45900	0.42	0.35	0.35	0	0	0.42
46000	0.42	0.35	0.35	0	0	0.42
46100	0.42	0.35	0.35	0	0	0.42
46200	0.42	0.35	0.35	0	0	0.42
46300	0.42	0.35	0.35	0	0	0.42
46400	0.42	0.35	0.35	0	0	0.42
46500	0.42	0.35	0.35	0	0	0.42
46600	0.42	0.35	0.35	0	0	0.42
46700	0.42	0.35	0.35	0	0	0.42
46800	0.42	0.36	0.36	0	0	0.42
46900	0.42	0.36	0.36	0	0	0.42
47000	0.42	0.36	0.36	0	0	0.42
47100	0.42	0.36	0.36	0	0	0.42
47200	0.42	0.36	0.36	0	0	0.42
47300	0.42	0.36	0.36	0	0	0.42
47400	0.43	0.36	0.36	0	0	0.43
47500	0.43	0.36	0.36	0	0	0.43
47600	0.43	0.36	0.36	0	0	0.43
47700	0.43	0.36	0.36	0	0	0.43
47800	0.43	0.36	0.36	0	0	0.43
47900	0.43	0.36	0.36	0	0	0.43
48000	0.43	0.36	0.36	0	0	0.43
48100	0.44	0.36	0.36	0	0	0.44
48200	0.44	0.36	0.36	0	0	0.44
48300	0.44	0.36	0.36	0	0	0.44
48400	0.44	0.36	0.36	0	0	0.44
48500	0.44	0.35	0.35	0	0	0.44
48600	0.44	0.34	0.34	0	0	0.44
48700	0.44	0.34	0.34	0	0	0.44
48800	0.44	0.35	0.35	0	0	0.44
48900	0.44	0.34	0.34	0	0	0.44
49000	0.44	0.34	0.34	0	0	0.44
49100	0.44	0.34	0.34	0	0	0.44
49200	0.44	0.35	0.35	0	0	0.44
49300	0.44	0.35	0.35	0	0	0.44
49400	0.44	0.34	0.34	0	0	0.44
49500	0.44	0.34	0.34	0	0	0.44
49600	0.44	0.34	0.34	0	0	0.44
49700	0.44	0.34	0.34	0	0	0.44
49800	0.44	0.34	0.34	0	0	0.44
49900	0.44	0.34	0.34	0	0	0.44
50000	0.44	0.34	0.34	0	0	0.44
50100	0.44	0.34	0.34	0	0	0.44
50200	0.44	0.34	0.34	0	0	0.44
50300	0.44	0.34	0.34	0	0	0.44
50400	0.44	0.34	0.34	0	0	0.44
50500	0.44	0.34	0.34	0	0	0.44
50600	0.44	0.34	0.34	0	0	0.44
50700	0.44	0.34	0.34	0	0	0.44
50800	0.44	0.34	0.34	0	0	0.44
50900	0.44	0.34	0.34	0	0	0.44
51000	0.45	0.34	0.34	0	0	0.45
51100	0.44	0.34	0.34	0	0	0.44
51200	0.45	0.34	0.34	0	0	0.45
51300	0.44	0.34	0.34	0	0	0.44
51400	0.44	0.34	0.34	0	0	0.44
51500	0.44	0.34	0.34	0	0	0.44
51600	0.44	0.34	0.34	0	0	0.44
51700	0.44	0.35	0.35	0	0	0.44
51800	0.44	0.36	0.36	0	0	0.44
51900	0.44	0.36	0.36	0	0	0.44
52000	0.44	0.35	0.35	0	0	0.44
52100	0.44	0.35	0.35	0	0	0.44
52200	0.44	0.36	0.36	0	0	0.44
52300	0.44	0.36	0.36	0	0	0.44
52400	0.44	0.34	0.34	0	0	0.44
52500	0.44	0.34	0.34	0	0	0.44
52600	0.44	0.34	0.34	0	0	0.44
52700	0.44	0.34	0.34	0	0	0.44
52800	0.44	0.33	0.33	0	0	0.44
52900	0.44	0.33	0.33	0	0	0.44
53000	0.44	0.34	0.34	0	0	0.44
53100	0.44	0.34	0.34	0	0	0.44
53200	0.44	0.33	0.33	0	0	0.44
53300	0.44	0.33	0.33	0	0	0.44
53400	0.45	0.33	0.33	0	0	0.45
53500	0.44	0.33	0.33	0	0	0.44
53600	0.44	0.33	0.33	0	0	0.44
53700	0.44	0.33	0.33	0	0	0.44
53800	0.44	0.33	0.33	0	0	0.44
53900	0.45	0.33	0.33	0	0	0.45
54000	0.44	0.33	0.33	0	0	0.44
54100	0.44	0.32	0.32	0	0	0.44
54200	0.44	0.32	0.32	0	0	0.44
54300	0.44	0.32	0.32	0	0	0.44
54400	0.44	0.32	0.32	0	0	0.44
54500	0.44	0.32	0.32	0	0	0.44
54600	0.44	0.32	0.32	0	0	0.44
54700	0.44	0.32	0.32	0	0	0.44
54800	0.44	0.32	0.32	0	0	0.44
54900	0.44	0.32	0.32	0	0	0.44
55000	0.44	0.32	0.32	0	0	0.44
55100	0.44	0.32	0.32	0	0	0.44
55200	0.44	0.32	0.32	0	0	0.44
55300	0.44	0.32	0.32	0	0	0.44
55400	0.45	0.33	0.33	0	0	0.45
55500	0.44	0.33	0.33	0	0	0.44
55600	0.44	0.33	0.33	0	0	0.44
55700	0.44	0.33	0.33	0	0	0.44
55800	0.44	0.33	0.33	0	0	0.44
55900	0.44	0.33	0.33	0	0	0.44
56000	0.44	0.33	0.33	0	0	0.44
56100	0.45	0.33	0.33	0	0	0.45
56200	0.45	0.34	0.34	0	0	0.45
56300	0.44	0.34	0.34	0	0	0.44
56400	0.43	0.34	0.34	0	0	0.43
56500	0.44	0.34	0.34	0	0	0.44
56600	0.43	0.34	0.34	0	0	0.43
56700	0.42	0.34	0.34	0	0	0.42
56800	0.4	0.34	0.34	0	0	0.4
56900	0.41	0.33	0.33	0	0	0.41
57000	0.42	0.33	0.33	0	0	0.42
57100	0.42	0.31	0.31	0	0	0.42
57200	0.42	0.32	0.32	0	0	0.42
57300	0.42	0.32	0.32	0	0	0.42
57400	0.42	0.32	0.32	0	0	0.42
57500	0.42	0.32	0.32	0	0	0.42
57600	0.42	0.32	0.32	0	0	0.42
57700	0.42	0.32	0.32	0	0	0.42
57800	0.42	0.32	0.32	0	0	0.42
57900	0.42	0.32	0.32	0	0	0.42
58000	0.42	0.32	0.32	0	0	0.42
58100	0.42	0.32	0.32	0	0	0.42
58200	0.42	0.32	0.32	0	0	0.42
58300	0.42	0.32	0.32	0	0	0.42
58400	0.42	0.32	0.32	0	0	0.42
58500	0.42	0.32	0.32	0	0	0.42
58600	0.42	0.32	0.32	0	0	0.42
58700	0.43	0.32	0.32	0	0	0.43
58800	0.43	0.32	0.32	0	0	0.43
58900	0.43	0.32	0.32	0	0	0.43
59000	0.43	0.32	0.32	0	0	0.43
59100	0.43	0.32	0.32	0	0	0.43
59200	0.43	0.32	0.32	0	0	0.43
59300	0.43	0.32	0.32	0	0	0.43
59400	0.43	0.32	0.32	0	0	0.43
59500	0.43	0.32	0.32	0	0	0.43
59600	0.43	0.32	0.32	0	0	0.43
59700	0.43	0.32	0.32	0	0	0.43
59800	0.43	0.32	0.32	0	0	0.43
59900	0.43	0.32	0.32	0	0	0.43
60000	0.43	0.32	0.32	0	0	0.43
60100	0.43	0.32	0.32	0	0	0.43
60200	0.43	0.32	0.32	0	0	0.43
60300	0.44	0.32	0.32	0	0	0.44
60400	0.44	0.32	0.32	0	0	0.44
60500	0.44	0.33	0.33	0	0	0.44
60600	0.43	0.32	0.32	0	0	0.43
60700	0.43	0.32	0.32	0	0	0.43
60800	0.43	0.32	0.32	0	0	0.43
60900	0.44	0.32	0.32	0	0	0.44
61000	0.44	0.32	0.32	0	0	0.44
61100	0.44	0.32	0.32	0	0	0.44
61200	0.44	0.32	0.32	0	0	0.44
61300	0.44	0.32	0.32	0	0	0.44
61400	0.44	0.32	0.32	0	0	0.44
61500	0.45	0.32	0.32	0	0	0.45
61600	0.45	0.32	0.32	0	0	0.45
61700	0.46	0.32	0.32	0	0	0.46
61800	0.46	0.32	0.32	0	0	0.46
61900	0.46	0.33	0.33	0	0	0.46
62000	0.47	0.33	0.33	0	0	0.47
62100	0.47	0.33	0.33	0	0	0.47
62200	0.47	0.33	0.33	0	0	0.47
62300	0.47	0.33	0.33	0	0	0.47
62400	0.47	0.33	0.33	0	0	0.47
62500	0.47	0.33	0.33	0	0	0.47
62600	0.47	0.33	0.33	0	0	0.47
62700	0.47	0.33	0.33	0	0	0.47
62800	0.47	0.33	0.33	0	0	0.47
62900	0.47	0.33	0.33	0	0	0.47
63000	0.47	0.33	0.33	0	0	0.47
63100	0.47	0.33	0.33	0	0	0.47
63200	0.47	0.33	0.33	0	0	0.47
63300	0.48	0.33	0.33	0	0	0.48
63400	0.49	0.34	0.34	0	0	0.49
63500	0.48	0.34	0.34	0	0	0.48
63600	0.48	0.34	0.34	0	0	0.48
63700	0.48	0.34	0.34	0	0	0.48
63800	0.48	0.34	0.34	0	0	0.48
63900	0.48	0.34	0.34	0	0	0.48
64000	0.49	0.34	0.34	0	0	0.49
64100	0.49	0.34	0.34	0	0	0.49
64200	0.49	0.34	0.34	0	0	0.49
64300	0.48	0.34	0.34	0	0	0.48
64400	0.46	0.34	0.34	0	0	0.46
64500	0.46	0.34	0.34	0	0	0.46
64600	0.46	0.34	0.34	0	0	0.46
64700	0.46	0.34	0.34	0	0	0.46
64800	0.46	0.34	0.34	0	0	0.46
64900	0.46	0.34	0.34	0	0	0.46
65000	0.46	0.35	0.35	0	0	0.46
65100	0.46	0.35	0.35	0	0	0.46
65200	0.45	0.35	0.35	0	0	0.45
65300	0.45	0.35	0.35	0	0	0.45
65400	0.44	0.35	0.35	0	0	0.44
65500	0.44	0.35	0.35	0	0	0.44
65600	0.44	0.35	0.35	0	0	0.44
65700	0.44	0.35	0.35	0	0	0.44
65800	0.42	0.35	0.35	0	0	0.42
65900	0.42	0.35	0.35	0	0	0.42
66000	0.42	0.35	0.35	0	0	0.42
66100	0.41	0.35	0.35	0	0	0.41
66200	0.41	0.35	0.35	0	0	0.41
66300	0.41	0.35	0.35	0	0	0.41
66400	0.41	0.35	0.35	0	0	0.41
66500	0.41	0.35	0.35	0	0	0.41
66600	0.41	0.35	0.35	0	0	0.41
66700	0.41	0.35	0.35	0	0	0.41
66800	0.4	0.35	0.35	0	0	0.4
66900	0.4	0.35	0.35	0	0	0.4
67000	0.41	0.35	0.35	0	0	0.41
67100	0.4	0.35	0.35	0	0	0.4
67200	0.4	0.35	0.35	0	0	0.4
67300	0.4	0.35	0.35	0	0	0.4
67400	0.4	0.35	0.35	0	0	0.4
67500	0.4	0.35	0.35	0	0	0.4
67600	0.4	0.35	0.35	0	0	0.4
67700	0.41	0.35	0.35	0	0	0.41
67800	0.41	0.35	0.35	0	0	0.41
67900	0.41	0.35	0.35	0	0	0.41
68000	0.41	0.35	0.35	0	0	0.41
68100	0.41	0.35	0.35	0	0	0.41
68200	0.41	0.36	0.36	0	0	0.41
68300	0.41	0.36	0.36	0	0	0.41
68400	0.42	0.36	0.36	0	0	0.42
68500	0.41	0.36	0.36	0	0	0.41
68600	0.41	0.36	0.36	0	0	0.41
68700	0.41	0.35	0.35	0	0	0.41
68800	0.41	0.34	0.34	0	0	0.41
68900	0.41	0.34	0.34	0	0	0.41
69000	0.41	0.34	0.34	0	0	0.41
69100	0.41	0.34	0.34	0	0	0.41
69200	0.41	0.34	0.34	0	0	0.41
69300	0.41	0.33	0.33	0	0	0.41
69400	0.41	0.33	0.33	0	0	0.41
69500	0.41	0.34	0.34	0	0	0.41
69600	0.41	0.34	0.34	0	0	0.41
69700	0.41	0.34	0.34	0	0	0.41
69800	0.41	0.35	0.35	0	0	0.41
69900	0.41	0.35	0.35	0	0	0.41
70000	0.41	0.34	0.34	0	0	0.41
70100	0.42	0.34	0.34	0	0	0.42
70200	0.41	0.34	0.34	0	0	0.41
70300	0.41	0.35	0.35	0	0	0.41
70400	0.41	0.35	0.35	0	0	0.41
70500	0.41	0.35	0.35	0	0	0.41
70600	0.41	0.35	0.35	0	0	0.41
70700	0.41	0.35	0.35	0	0	0.41
70800	0.42	0.35	0.35	0	0	0.42
70900	0.42	0.35	0.35	0	0	0.42
71000	0.42	0.35	0.35	0	0	0.42
71100	0.42	0.35	0.35	0	0	0.42
71200	0.42	0.35	0.35	0	0	0.42
71300	0.42	0.35	0.35	0	0	0.42
71400	0.42	0.35	0.35	0	0	0.42
71500	0.42	0.35	0.35	0	0	0.42
71600	0.42	0.35	0.35	0	0	0.42
71700	0.42	0.35	0.35	0	0	0.42
71800	0.42	0.35	0.35	0	0	0.42
71900	0.42	0.35	0.35	0	0	0.42
72000	0.42	0.35	0.35	0	0	0.42
72100	0.42	0.35	0.35	0	0	0.42
72200	0.42	0.35	0.35	0	0	0.42
72300	0.42	0.35	0.35	0	0	0.42
72400	0.42	0.37	0.37	0	0	0.42
72500	0.42	0.35	0.35	0	0	0.42
72600	0.42	0.35	0.35	0	0	0.42
72700	0.42	0.35	0.35	0	0	0.42
72800	0.42	0.35	0.35	0	0	0.42
72900	0.42	0.35	0.35	0	0	0.42
73000	0.42	0.35	0.35	0	0	0.42
73100	0.42	0.35	0.35	0	0	0.42
73200	0.42	0.35	0.35	0	0	0.42
73300	0.42	0.35	0.35	0	0	0.42
73400	0.42	0.36	0.36	0	0	0.42
73500	0.42	0.36	0.36	0	0	0.42
73600	0.42	0.36	0.36	0	0	0.42
73700	0.42	0.36	0.36	0	0	0.42
73800	0.42	0.36	0.36	0	0	0.42
73900	0.42	0.36	0.36	0	0	0.42
74000	0.42	0.37	0.37	0	0	0.42
74100	0.42	0.36	0.36	0	0	0.42
74200	0.43	0.36	0.36	0	0	0.43
74300	0.42	0.36	0.36	0	0	0.42
74400	0.42	0.36	0.36	0	0	0.42
74500	0.42	0.36	0.36	0	0	0.42
74600	0.42	0.36	0.36	0	0	0.42
74700	0.42	0.36	0.36	0	0	0.42
74800	0.42	0.36	0.36	0	0	0.42
74900	0.42	0.37	0.37	0	0	0.42
75000	0.42	0.36	0.36	0	0	0.42
75100	0.42	0.36	0.36	0	0	0.42
75200	0.42	0.36	0.36	0	0	0.42
75300	0.42	0.36	0.36	0	0	0.42
75400	0.42	0.36	0.36	0	0	0.42
75500	0.42	0.36	0.36	0	0	0.42
75600	0.42	0.36	0.36	0	0	0.42
75700	0.42	0.36	0.36	0	0	0.42
75800	0.42	0.37	0.37	0	0	0.42
75900	0.42	0.37	0.37	0	0	0.42
76000	0.42	0.36	0.36	0	0	0.42
76100	0.42	0.36	0.36	0	0	0.42
76200	0.43	0.35	0.35	0	0	0.43
76300	0.42	0.35	0.35	0	0	0.42
76400	0.42	0.35	0.35	0	0	0.42
76500	0.41	0.35	0.35	0	0	0.41
76600	0.41	0.35	0.35	0	0	0.41
76700	0.41	0.35	0.35	0	0	0.41
76800	0.41	0.35	0.35	0	0	0.41
76900	0.41	0.35	0.35	0	0	0.41
77000	0.41	0.35	0.35	0	0	0.41
77100	0.41	0.35	0.35	0	0	0.41
77200	0.41	0.35	0.35	0	0	0.41
77300	0.41	0.35	0.35	0	0	0.41
77400	0.41	0.35	0.35	0	0	0.41
77500	0.41	0.35	0.35	0	0	0.41
77600	0.41	0.35	0.35	0	0	0.41
77700	0.41	0.35	0.35	0	0	0.41
77800	0.41	0.35	0.35	0	0	0.41
77900	0.41	0.35	0.35	0	0	0.41
78000	0.41	0.35	0.35	0	0	0.41
78100	0.41	0.36	0.36	0	0	0.41
78200	0.41	0.37	0.37	0	0	0.41
78300	0.41	0.37	0.37	0	0	0.41
78400	0.41	0.37	0.37	0	0	0.41
78500	0.41	0.37	0.37	0	0	0.41
78600	0.42	0.36	0.36	0	0	0.42
78700	0.42	0.36	0.36	0	0	0.42
78800	0.42	0.36	0.36	0	0	0.42
78900	0.42	0.36	0.36	0	0	0.42
79000	0.42	0.36	0.36	0	0	0.42
79100	0.42	0.36	0.36	0	0	0.42
79200	0.42	0.36	0.36	0	0	0.42
79300	0.42	0.36	0.36	0	0	0.42
79400	0.42	0.36	0.36	0	0	0.42
79500	0.42	0.36	0.36	0	0	0.42
79600	0.42	0.37	0.37	0	0	0.42
79700	0.42	0.37	0.37	0	0	0.42
79800	0.42	0.37	0.37	0	0	0.42
79900	0.42	0.37	0.37	0	0	0.42
80000	0.42	0.38	0.38	0	0	0.42
80100	0.42	0.38	0.38	0	0	0.42
80200	0.42	0.37	0.37	0	0	0.42
80300	0.42	0.37	0.37	0	0	0.42
80400	0.42	0.37	0.37	0	0	0.42
80500	0.42	0.37	0.37	0	0	0.42
80600	0.42	0.37	0.37	0	0	0.42
80700	0.42	0.37	0.37	0	0	0.42
80800	0.43	0.38	0.38	0	0	0.43
80900	0.42	0.38	0.38	0	0	0.42
81000	0.42	0.37	0.37	0	0	0.42
81100	0.42	0.36	0.36	0	0	0.42
81200	0.42	0.36	0.36	0	0	0.42
81300	0.43	0.36	0.36	0	0	0.43
81400	0.43	0.36	0.36	0	0	0.43
81500	0.43	0.36	0.36	0	0	0.43
81600	0.43	0.36	0.36	0	0	0.43
81700	0.43	0.36	0.36	0	0	0.43
81800	0.43	0.36	0.36	0	0	0.43
81900	0.43	0.36	0.36	0	0	0.43
82000	0.43	0.36	0.36	0	0	0.43
82100	0.43	0.36	0.36	0	0	0.43
82200	0.42	0.36	0.36	0	0	0.42
82300	0.42	0.36	0.36	0	0	0.42
82400	0.43	0.36	0.36	0	0	0.43
82500	0.43	0.36	0.36	0	0	0.43
82600	0.43	0.36	0.36	0	0	0.43
82700	0.43	0.36	0.36	0	0	0.43
82800	0.42	0.36	0.36	0	0	0.42
82900	0.42	0.36	0.36	0	0	0.42
83000	0.43	0.36	0.36	0	0	0.43
83100	0.43	0.36	0.36	0	0	0.43
83200	0.43	0.36	0.36	0	0	0.43
83300	0.42	0.36	0.36	0	0	0.42
83400	0.43	0.36	0.36	0	0	0.43
83500	0.44	0.36	0.36	0	0	0.44
83600	0.43	0.36	0.36	0	0	0.43
83700	0.42	0.36	0.36	0	0	0.42
83800	0.42	0.36	0.36	0	0	0.42
83900	0.42	0.36	0.36	0	0	0.42
84000	0.42	0.36	0.36	0	0	0.42
84100	0.42	0.36	0.36	0	0	0.42
84200	0.42	0.36	0.36	0	0	0.42
84300	0.42	0.36	0.36	0	0	0.42
84400	0.42	0.36	0.36	0	0	0.42
84500	0.42	0.36	0.36	0	0	0.42
84600	0.42	0.37	0.37	0	0	0.42
84700	0.42	0.37	0.37	0	0	0.42
84800	0.42	0.37	0.37	0	0	0.42
84900	0.43	0.37	0.37	0	0	0.43
85000	0.43	0.37	0.37	0	0	0.43
85100	0.42	0.37	0.37	0	0	0.42
85200	0.42	0.37	0.37	0	0	0.42
85300	0.41	0.37	0.37	0	0	0.41
85400	0.41	0.37	0.37	0	0	0.41
85500	0.41	0.37	0.37	0	0	0.41
85600	0.41	0.37	0.37	0	0	0.41
85700	0.42	0.37	0.37	0	0	0.42
85800	0.4	0.37	0.37	0	0	0.4
85900	0.4	0.37	0.37	0	0	0.4
86000	0.41	0.38	0.38	0	0	0.41
86100	0.4	0.38	0.38	0	0	0.4
86200	0.4	0.38	0.38	0	0	0.4
86300	0.4	0.38	0.38	0	0	0.4
86400	0.4	0.38	0.38	0	0	0.4
86500	0.4	0.38	0.38	0	0	0.4
86600	0.4	0.38	0.38	0	0	0.4
86700	0.4	0.38	0.38	0	0	0.4
86800	0.4	0.38	0.38	0	0	0.4
86900	0.4	0.38	0.38	0	0	0.4
87000	0.4	0.38	0.38	0	0	0.4
87100	0.4	0.38	0.38	0	0	0.4
87200	0.4	0.39	0.39	0	0	0.4
87300	0.4	0.39	0.39	0	0	0.4
87400	0.4	0.39	0.39	0	0	0.4
87500	0.41	0.39	0.39	0	0	0.41
87600	0.41	0.39	0.39	0	0	0.41
87700	0.41	0.4	0.4	0	0	0.41
87800	0.41	0.4	0.4	0	0	0.41
87900	0.42	0.39	0.39	0	0	0.42
88000	0.42	0.39	0.39	0	0	0.42
88100	0.43	0.39	0.39	0	0	0.43
88200	0.43	0.39	0.39	0	0	0.43
88300	0.42	0.39	0.39	0	0	0.42
88400	0.42	0.39	0.39	0	0	0.42
88500	0.42	0.39	0.39	0	0	0.42
88600	0.42	0.39	0.39	0	0	0.42
88700	0.42	0.39	0.39	0	0	0.42
88800	0.42	0.39	0.39	0	0	0.42
88900	0.42	0.39	0.39	0	0	0.42
89000	0.42	0.39	0.39	0	0	0.42
89100	0.43	0.39	0.39	0	0	0.43
89200	0.42	0.39	0.39	0	0	0.42
89300	0.42	0.39	0.39	0	0	0.42
89400	0.42	0.39	0.39	0	0	0.42
89500	0.42	0.39	0.39	0	0	0.42
89600	0.42	0.39	0.39	0	0	0.42
89700	0.42	0.39	0.39	0	0	0.42
89800	0.42	0.39	0.39	0	0	0.42
89900	0.42	0.39	0.39	0	0	0.42
90000	0.43	0.39	0.39	0	0	0.43
90100	0.43	0.39	0.39	0	0	0.43
90200	0.43	0.39	0.39	0	0	0.43
90300	0.43	0.39	0.39	0	0	0.43
90400	0.43	0.39	0.39	0	0	0.43
90500	0.43	0.39	0.39	0	0	0.43
90600	0.43	0.39	0.39	0	0	0.43
90700	0.43	0.39	0.39	0	0	0.43
90800	0.43	0.39	0.39	0	0	0.43
90900	0.43	0.39	0.39	0	0	0.43
91000	0.42	0.39	0.39	0	0	0.42
91100	0.42	0.39	0.39	0	0	0.42
91200	0.42	0.39	0.39	0	0	0.42
91300	0.42	0.39	0.39	0	0	0.42
91400	0.42	0.39	0.39	0	0	0.42
91500	0.42	0.39	0.39	0	0	0.42
91600	0.42	0.39	0.39	0	0	0.42
91700	0.42	0.39	0.39	0	0	0.42
91800	0.42	0.39	0.39	0	0	0.42
91900	0.42	0.39	0.39	0	0	0.42
92000	0.42	0.39	0.39	0	0	0.42
92100	0.42	0.39	0.39	0	0	0.42
92200	0.42	0.39	0.39	0	0	0.42
92300	0.41	0.39	0.39	0	0	0.41
92400	0.41	0.4	0.4	0	0	0.41
92500	0.41	0.4	0.4	0	0	0.41
92600	0.41	0.4	0.4	0	0	0.41
92700	0.41	0.4	0.4	0	0	0.41
92800	0.41	0.4	0.4	0	0	0.41
92900	0.41	0.4	0.4	0	0	0.41
93000	0.41	0.4	0.4	0	0	0.41
93100	0.41	0.4	0.4	0	0	0.41
93200	0.41	0.4	0.4	0	0	0.41
93300	0.41	0.4	0.4	0	0	0.41
93400	0.41	0.4	0.4	0	0	0.41
93500	0.41	0.4	0.4	0	0	0.41
93600	0.41	0.4	0.4	0	0	0.41
93700	0.41	0.4	0.4	0	0	0.41
93800	0.41	0.4	0.4	0	0	0.41
93900	0.41	0.4	0.4	0	0	0.41
94000	0.41	0.41	0.41	0	0	0.41
94100	0.41	0.4	0.4	0	0	0.41
94200	0.41	0.4	0.4	0	0	0.41
94300	0.41	0.4	0.4	0	0	0.41
94400	0.41	0.4	0.4	0	0	0.41
94500	0.41	0.4	0.4	0	0	0.41
94600	0.41	0.4	0.4	0	0	0.41
94700	0.41	0.4	0.4	0	0	0.41
94800	0.41	0.41	0.41	0	0	0.41
94900	0.41	0.41	0.41	0	0	0.41
95000	0.41	0.41	0.41	0	0	0.41
95100	0.41	0.42	0.42	0	0	0.41
95200	0.41	0.41	0.41	0	0	0.41
95300	0.41	0.41	0.41	0	0	0.41
95400	0.41	0.41	0.41	0	0	0.41
95500	0.41	0.41	0.41	0	0	0.41
95600	0.41	0.41	0.41	0	0	0.41
95700	0.41	0.41	0.41	0	0	0.41
95800	0.41	0.41	0.41	0	0	0.41
95900	0.41	0.4	0.4	0	0	0.41
96000	0.41	0.4	0.4	0	0	0.41
96100	0.42	0.4	0.4	0	0	0.42
96200	0.41	0.4	0.4	0	0	0.41
96300	0.41	0.4	0.4	0	0	0.41
96400	0.41	0.4	0.4	0	0	0.41
96500	0.41	0.4	0.4	0	0	0.41
96600	0.4	0.4	0.4	0	0	0.4
96700	0.4	0.4	0.4	0	0	0.4
96800	0.4	0.4	0.4	0	0	0.4
96900	0.4	0.4	0.4	0	0	0.4
97000	0.4	0.4	0.4	0	0	0.4
97100	0.4	0.4	0.4	0	0	0.4
97200	0.4	0.4	0.4	0	0	0.4
97300	0.4	0.4	0.4	0	0	0.4
97400	0.4	0.4	0.4	0	0	0.4
97500	0.4	0.4	0.4	0	0	0.4
97600	0.4	0.4	0.4	0	0	0.4
97700	0.41	0.39	0.39	0	0	0.41
97800	0.41	0.39	0.39	0	0	0.41
97900	0.4	0.39	0.39	0	0	0.4
98000	0.4	0.39	0.39	0	0	0.4
98100	0.4	0.39	0.39	0	0	0.4
98200	0.4	0.39	0.39	0	0	0.4
98300	0.4	0.39	0.39	0	0	0.4
98400	0.4	0.39	0.39	0	0	0.4
98500	0.4	0.39	0.39	0	0	0.4
98600	0.4	0.39	0.39	0	0	0.4
98700	0.4	0.39	0.39	0	0	0.4
98800	0.4	0.39	0.39	0	0	0.4
98900	0.4	0.39	0.39	0	0	0.4
99000	0.4	0.39	0.39	0	0	0.4
99100	0.4	0.39	0.39	0	0	0.4
99200	0.4	0.39	0.39	0	0	0.4
99300	0.4	0.39	0.39	0	0	0.4
99400	0.4	0.4	0.4	0	0	0.4
99500	0.4	0.39	0.39	0	0	0.4
99600	0.4	0.39	0.39	0	0	0.4
99700	0.4	0.39	0.39	0	0	0.4
99800	0.4	0.39	0.39	0	0	0.4
99900	0.4	0.39	0.39	0	0	0.4
100000	0.4	0.39	0.39	0	0	0.4
100100	0.41	0.39	0.39	0	0	0.41
100200	0.41	0.39	0.39	0	0	0.41
100300	0.41	0.4	0.4	0	0	0.41
100400	0.41	0.4	0.4	0	0	0.41
100500	0.41	0.4	0.4	0	0	0.41
100600	0.41	0.4	0.4	0	0	0.41
100700	0.41	0.4	0.4	0	0	0.41
100800	0.41	0.42	0.42	0	0	0.41
100900	0.41	0.42	0.42	0	0	0.41
101000	0.41	0.42	0.42	0	0	0.41
101100	0.41	0.42	0.42	0	0	0.41
101200	0.41	0.42	0.42	0	0	0.41
101300	0.41	0.42	0.42	0	0	0.41
101400	0.41	0.41	0.41	0	0	0.41
101500	0.41	0.41	0.41	0	0	0.41
101600	0.4	0.41	0.41	0	0	0.4
101700	0.4	0.41	0.41	0	0	0.4
101800	0.4	0.41	0.41	0	0	0.4
101900	0.4	0.41	0.41	0	0	0.4
102000	0.4	0.41	0.41	0	0	0.4
102100	0.4	0.41	0.41	0	0	0.4
102200	0.4	0.41	0.41	0	0	0.4
102300	0.4	0.41	0.41	0	0	0.4
102400	0.4	0.41	0.41	0	0	0.4
102500	0.4	0.41	0.41	0	0	0.4
102600	0.4	0.41	0.41	0	0	0.4
102700	0.4	0.41	0.41	0	0	0.4
102800	0.41	0.41	0.41	0	0	0.41
102900	0.41	0.41	0.41	0	0	0.41
103000	0.41	0.41	0.41	0	0	0.41
103100	0.41	0.41	0.41	0	0	0.41
103200	0.41	0.41	0.41	0	0	0.41
103300	0.41	0.42	0.42	0	0	0.41
103400	0.41	0.42	0.42	0	0	0.41
103500	0.41	0.41	0.41	0	0	0.41
103600	0.41	0.41	0.41	0	0	0.41
103700	0.41	0.41	0.41	0	0	0.41
103800	0.41	0.4	0.4	0	0	0.41
103900	0.41	0.4	0.4	0	0	0.41
104000	0.41	0.4	0.4	0	0	0.41
104100	0.42	0.41	0.41	0	0	0.42
104200	0.42	0.39	0.39	0	0	0.42
104300	0.42	0.39	0.39	0	0	0.42
104400	0.42	0.38	0.38	0	0	0.42
104500	0.42	0.38	0.38	0	0	0.42
104600	0.43	0.38	0.38	0	0	0.43
104700	0.43	0.38	0.38	0	0	0.43
104800	0.42	0.38	0.38	0	0	0.42
104900	0.42	0.38	0.38	0	0	0.42
105000	0.42	0.37	0.37	0	0	0.42
105100	0.42	0.37	0.37	0	0	0.42
105200	0.42	0.37	0.37	0	0	0.42
105300	0.42	0.37	0.37	0	0	0.42
105400	0.42	0.37	0.37	0	0	0.42
105500	0.42	0.37	0.37	0	0	0.42
105600	0.42	0.37	0.37	0	0	0.42
105700	0.42	0.37	0.37	0	0	0.42
105800	0.42	0.37	0.37	0	0	0.42
105900	0.42	0.38	0.38	0	0	0.42
106000	0.42	0.38	0.38	0	0	0.42
106100	0.42	0.38	0.38	0	0	0.42
106200	0.42	0.38	0.38	0	0	0.42
106300	0.42	0.38	0.38	0	0	0.42
106400	0.42	0.38	0.38	0	0	0.42
106500	0.42	0.38	0.38	0	0	0.42
106600	0.42	0.38	0.38	0	0	0.42
106700	0.42	0.38	0.38	0	0	0.42
106800	0.42	0.38	0.38	0	0	0.42
106900	0.42	0.39	0.39	0	0	0.42
107000	0.43	0.38	0.38	0	0	0.43
107100	0.43	0.38	0.38	0	0	0.43
107200	0.43	0.38	0.38	0	0	0.43
107300	0.43	0.38	0.38	0	0	0.43
107400	0.43	0.37	0.37	0	0	0.43
107500	0.43	0.37	0.37	0	0	0.43
107600	0.43	0.36	0.36	0	0	0.43
107700	0.43	0.36	0.36	0	0	0.43
107800	0.44	0.36	0.36	0	0	0.44
107900	0.44	0.36	0.36	0	0	0.44
108000	0.44	0.36	0.36	0	0	0.44
108100	0.44	0.36	0.36	0	0	0.44
108200	0.44	0.35	0.35	0	0	0.44
108300	0.44	0.35	0.35	0	0	0.44
108400	0.44	0.35	0.35	0	0	0.44
108500	0.44	0.35	0.35	0	0	0.44
108600	0.44	0.35	0.35	0	0	0.44
108700	0.44	0.35	0.35	0	0	0.44
108800	0.44	0.36	0.36	0	0	0.44
108900	0.44	0.37	0.37	0	0	0.44
109000	0.44	0.37	0.37	0	0	0.44
109100	0.44	0.37	0.37	0	0	0.44
109200	0.44	0.37	0.37	0	0	0.44
109300	0.44	0.37	0.37	0	0	0.44
109400	0.44	0.37	0.37	0	0	0.44
109500	0.44	0.37	0.37	0	0	0.44
109600	0.44	0.37	0.37	0	0	0.44
109700	0.44	0.37	0.37	0	0	0.44
109800	0.44	0.38	0.38	0	0	0.44
109900	0.44	0.38	0.38	0	0	0.44
110000	0.44	0.38	0.38	0	0	0.44
110100	0.44	0.37	0.37	0	0	0.44
110200	0.44	0.37	0.37	0	0	0.44
110300	0.44	0.37	0.37	0	0	0.44
110400	0.44	0.37	0.37	0	0	0.44
110500	0.44	0.37	0.37	0	0	0.44
110600	0.44	0.37	0.37	0	0	0.44
110700	0.44	0.37	0.37	0	0	0.44
110800	0.44	0.37	0.37	0	0	0.44
110900	0.44	0.37	0.37	0	0	0.44
111000	0.44	0.37	0.37	0	0	0.44
111100	0.44	0.37	0.37	0	0	0.44
111200	0.44	0.37	0.37	0	0	0.44
111300	0.44	0.37	0.37	0	0	0.44
111400	0.44	0.37	0.37	0	0	0.44
111500	0.44	0.37	0.37	0	0	0.44
111600	0.44	0.37	0.37	0	0	0.44
111700	0.44	0.36	0.36	0	0	0.44
111800	0.44	0.36	0.36	0	0	0.44
111900	0.44	0.36	0.36	0	0	0.44
112000	0.44	0.36	0.36	0	0	0.44
112100	0.44	0.36	0.36	0	0	0.44
112200	0.44	0.36	0.36	0	0	0.44
112300	0.44	0.36	0.36	0	0	0.44
112400	0.44	0.36	0.36	0	0	0.44
112500	0.44	0.36	0.36	0	0	0.44
112600	0.45	0.37	0.37	0	0	0.45
112700	0.45	0.38	0.38	0	0	0.45
112800	0.45	0.38	0.38	0	0	0.45
112900	0.45	0.37	0.37	0	0	0.45
113000	0.45	0.38	0.38	0	0	0.45
113100	0.45	0.38	0.38	0	0	0.45
113200	0.45	0.38	0.38	0	0	0.45
113300	0.45	0.38	0.38	0	0	0.45
113400	0.45	0.38	0.38	0	0	0.45
113500	0.45	0.38	0.38	0	0	0.45
113600	0.45	0.38	0.38	0	0	0.45
113700	0.45	0.38	0.38	0	0	0.45
113800	0.44	0.38	0.38	0	0	0.44
113900	0.44	0.38	0.38	0	0	0.44
114000	0.44	0.38	0.38	0	0	0.44
114100	0.44	0.38	0.38	0	0	0.44
114200	0.44	0.39	0.39	0	0	0.44
114300	0.44	0.4	0.4	0	0	0.44
114400	0.44	0.4	0.4	0	0	0.44
114500	0.44	0.4	0.4	0	0	0.44
114600	0.44	0.4	0.4	0	0	0.44
114700	0.44	0.4	0.4	0	0	0.44
114800	0.44	0.39	0.39	0	0	0.44
114900	0.44	0.39	0.39	0	0	0.44
115000	0.44	0.39	0.39	0	0	0.44
115100	0.44	0.38	0.38	0	0	0.44
115200	0.44	0.38	0.38	0	0	0.44
115300	0.44	0.37	0.37	0	0	0.44
115400	0.44	0.37	0.37	0	0	0.44
115500	0.45	0.38	0.38	0	0	0.45
115600	0.44	0.37	0.37	0	0	0.44
115700	0.44	0.37	0.37	0	0	0.44
115800	0.43	0.37	0.37	0	0	0.43
115900	0.43	0.37	0.37	0	0	0.43
116000	0.43	0.37	0.37	0	0	0.43
116100	0.43	0.37	0.37	0	0	0.43
116200	0.43	0.37	0.37	0	0	0.43
116300	0.43	0.37	0.37	0	0	0.43
116400	0.43	0.37	0.37	0	0	0.43
116500	0.43	0.37	0.37	0	0	0.43
116600	0.43	0.37	0.37	0	0	0.43
116700	0.44	0.37	0.37	0	0	0.44
116800	0.44	0.37	0.37	0	0	0.44
116900	0.43	0.37	0.37	0	0	0.43
117000	0.43	0.37	0.37	0	0	0.43
117100	0.43	0.38	0.38	0	0	0.43
117200	0.43	0.38	0.38	0	0	0.43
117300	0.44	0.38	0.38	0	0	0.44
117400	0.44	0.38	0.38	0	0	0.44
117500	0.43	0.38	0.38	0	0	0.43
117600	0.43	0.38	0.38	0	0	0.43
117700	0.43	0.38	0.38	0	0	0.43
117800	0.43	0.38	0.38	0	0	0.43
117900	0.44	0.37	0.37	0	0	0.44
118000	0.44	0.37	0.37	0	0	0.44
118100	0.43	0.37	0.37	0	0	0.43
118200	0.44	0.37	0.37	0	0	0.44
118300	0.44	0.37	0.37	0	0	0.44
118400	0.44	0.36	0.36	0	0	0.44
118500	0.44	0.36	0.36	0	0	0.44
118600	0.44	0.36	0.36	0	0	0.44
118700	0.44	0.35	0.35	0	0	0.44
118800	0.44	0.35	0.35	0	0	0.44
118900	0.44	0.35	0.35	0	0	0.44
119000	0.44	0.35	0.35	0	0	0.44
119100	0.44	0.36	0.36	0	0	0.44
119200	0.45	0.36	0.36	0	0	0.45
119300	0.45	0.36	0.36	0	0	0.45
119400	0.45	0.36	0.36	0	0	0.45
119500	0.45	0.36	0.36	0	0	0.45
119600	0.45	0.36	0.36	0	0	0.45
119700	0.44	0.36	0.36	0	0	0.44
119800	0.44	0.37	0.37	0	0	0.44
119900	0.44	0.37	0.37	0	0	0.44
120000	0.44	0.37	0.37	0	0	0.44
120100	0.44	0.37	0.37	0	0	0.44
120200	0.44	0.37	0.37	0	0	0.44
120300	0.44	0.37	0.37	0	0	0.44
120400	0.45	0.36	0.36	0	0	0.45
120500	0.45	0.36	0.36	0	0	0.45
120600	0.45	0.36	0.36	0	0	0.45
120700	0.45	0.36	0.36	0	0	0.45
120800	0.46	0.36	0.36	0	0	0.46
120900	0.46	0.36	0.36	0	0	0.46
121000	0.46	0.36	0.36	0	0	0.46
121100	0.46	0.36	0.36	0	0	0.46
121200	0.46	0.36	0.36	0	0	0.46
121300	0.46	0.36	0.36	0	0	0.46
121400	0.46	0.36	0.36	0	0	0.46
121500	0.46	0.37	0.37	0	0	0.46
121600	0.46	0.38	0.38	0	0	0.46
121700	0.46	0.37	0.37	0	0	0.46
121800	0.46	0.37	0.37	0	0	0.46
121900	0.45	0.37	0.37	0	0	0.45
122000	0.44	0.37	0.37	0	0	0.44
122100	0.44	0.37	0.37	0	0	0.44
122200	0.44	0.37	0.37	0	0	0.44
122300	0.43	0.37	0.37	0	0	0.43
122400	0.44	0.37	0.37	0	0	0.44
122500	0.43	0.37	0.37	0	0	0.43
122600	0.43	0.37	0.37	0	0	0.43
122700	0.43	0.37	0.37	0	0	0.43
122800	0.43	0.37	0.37	0	0	0.43
122900	0.43	0.37	0.37	0	0	0.43
123000	0.43	0.38	0.38	0	0	0.43
123100	0.43	0.38	0.38	0	0	0.43
123200	0.43	0.38	0.38	0	0	0.43
123300	0.43	0.38	0.38	0	0	0.43
123400	0.44	0.38	0.38	0	0	0.44
123500	0.43	0.37	0.37	0	0	0.43
123600	0.43	0.37	0.37	0	0	0.43
123700	0.43	0.37	0.37	0	0	0.43
123800	0.43	0.37	0.37	0	0	0.43
123900	0.43	0.37	0.37	0	0	0.43
124000	0.43	0.37	0.37	0	0	0.43
124100	0.43	0.38	0.38	0	0	0.43
124200	0.43	0.37	0.37	0	0	0.43
124300	0.42	0.37	0.37	0	0	0.42
124400	0.42	0.37	0.37	0	0	0.42
124500	0.42	0.37	0.37	0	0	0.42
124600	0.42	0.38	0.38	0	0	0.42
124700	0.42	0.38	0.38	0	0	0.42
124800	0.42	0.38	0.38	0	0	0.42
124900	0.42	0.38	0.38	0	0	0.42
125000	0.42	0.38	0.38	0	0	0.42
125100	0.42	0.38	0.38	0	0	0.42
125200	0.42	0.38	0.38	0	0	0.42
125300	0.42	0.38	0.38	0	0	0.42
125400	0.42	0.38	0.38	0	0	0.42
125500	0.42	0.38	0.38	0	0	0.42
125600	0.42	0.38	0.38	0	0	0.42
125700	0.42	0.38	0.38	0	0	0.42
125800	0.42	0.38	0.38	0	0	0.42
125900	0.42	0.38	0.38	0	0	0.42
126000	0.42	0.38	0.38	0	0	0.42
126100	0.42	0.38	0.38	0	0	0.42
126200	0.42	0.38	0.38	0	0	0.42
126300	0.43	0.38	0.38	0	0	0.43
126400	0.42	0.38	0.38	0	0	0.42
126500	0.42	0.38	0.38	0	0	0.42
126600	0.42	0.38	0.38	0	0	0.42
126700	0.42	0.38	0.38	0	0	0.42
126800	0.42	0.38	0.38	0	0	0.42
126900	0.42	0.37	0.37	0	0	0.42
127000	0.42	0.37	0.37	0	0	0.42
127100	0.42	0.37	0.37	0	0	0.42
127200	0.42	0.37	0.37	0	0	0.42
127300	0.42	0.37	0.37	0	0	0.42
127400	0.42	0.37	0.37	0	0	0.42
127500	0.42	0.37	0.37	0	0	0.42
127600	0.42	0.37	0.37	0	0	0.42
127700	0.42	0.37	0.37	0	0	0.42
127800	0.42	0.37	0.37	0	0	0.42
127900	0.43	0.37	0.37	0	0	0.43
128000	0.43	0.37	0.37	0	0	0.43
128100	0.43	0.37	0.37	0	0	0.43
128200	0.42	0.37	0.37	0	0	0.42
128300	0.42	0.37	0.37	0	0	0.42
128400	0.42	0.37	0.37	0	0	0.42
128500	0.42	0.37	0.37	0	0	0.42
128600	0.42	0.37	0.37	0	0	0.42
128700	0.42	0.37	0.37	0	0	0.42
128800	0.42	0.37	0.37	0	0	0.42
128900	0.42	0.37	0.37	0	0	0.42
129000	0.42	0.37	0.37	0	0	0.42
129100	0.42	0.37	0.37	0	0	0.42
129200	0.42	0.37	0.37	0	0	0.42
129300	0.43	0.37	0.37	0	0	0.43
129400	0.43	0.37	0.37	0	0	0.43
129500	0.43	0.37	0.37	0	0	0.43
129600	0.43	0.37	0.37	0	0	0.43
129700	0.44	0.37	0.37	0	0	0.44
129800	0.42	0.37	0.37	0	0	0.42
129900	0.42	0.37	0.37	0	0	0.42
130000	0.42	0.37	0.37	0	0	0.42
130100	0.42	0.37	0.37	0	0	0.42
130200	0.42	0.37	0.37	0	0	0.42
130300	0.42	0.37	0.37	0	0	0.42
130400	0.42	0.37	0.37	0	0	0.42
130500	0.42	0.37	0.37	0	0	0.42
130600	0.42	0.37	0.37	0	0	0.42
130700	0.42	0.37	0.37	0	0	0.42
130800	0.43	0.37	0.37	0	0	0.43
130900	0.43	0.37	0.37	0	0	0.43
131000	0.43	0.37	0.37	0	0	0.43
131100	0.43	0.37	0.37	0	0	0.43
131200	0.43	0.38	0.38	0	0	0.43
131300	0.43	0.38	0.38	0	0	0.43
131400	0.43	0.38	0.38	0	0	0.43
131500	0.43	0.38	0.38	0	0	0.43
131600	0.43	0.38	0.38	0	0	0.43
131700	0.43	0.38	0.38	0	0	0.43
131800	0.42	0.38	0.38	0	0	0.42
131900	0.42	0.38	0.38	0	0	0.42
132000	0.42	0.38	0.38	0	0	0.42
132100	0.42	0.38	0.38	0	0	0.42
132200	0.42	0.38	0.38	0	0	0.42
132300	0.42	0.38	0.38	0	0	0.42
132400	0.42	0.38	0.38	0	0	0.42
132500	0.42	0.35	0.35	0	0	0.42
132600	0.42	0.36	0.36	0	0	0.42
132700	0.42	0.36	0.36	0	0	0.42
132800	0.42	0.37	0.37	0	0	0.42
132900	0.42	0.37	0.37	0	0	0.42
133000	0.42	0.37	0.37	0	0	0.42
133100	0.42	0.37	0.37	0	0	0.42
133200	0.42	0.35	0.35	0	0	0.42
133300	0.42	0.34	0.34	0	0	0.42
133400	0.42	0.34	0.34	0	0	0.42
133500	0.43	0.34	0.34	0	0	0.43
133600	0.44	0.34	0.34	0	0	0.44
133700	0.43	0.34	0.34	0	0	0.43
133800	0.43	0.34	0.34	0	0	0.43
133900	0.43	0.34	0.34	0	0	0.43
134000	0.43	0.34	0.34	0	0	0.43
134100	0.43	0.34	0.34	0	0	0.43
134200	0.44	0.34	0.34	0	0	0.44
134300	0.44	0.34	0.34	0	0	0.44
134400	0.44	0.34	0.34	0	0	0.44
134500	0.44	0.35	0.35	0	0	0.44
134600	0.44	0.35	0.35	0	0	0.44
134700	0.45	0.35	0.35	0	0	0.45
134800	0.43	0.34	0.34	0	0	0.43
134900	0.44	0.34	0.34	0	0	0.44
135000	0.42	0.34	0.34	0	0	0.42
135100	0.43	0.34	0.34	0	0	0.43
135200	0.43	0.35	0.35	0	0	0.43
135300	0.44	0.34	0.34	0	0	0.44
135400	0.45	0.34	0.34	0	0	0.45
135500	0.45	0.34	0.34	0	0	0.45
135600	0.46	0.34	0.34	0	0	0.46
135700	0.46	0.34	0.34	0	0	0.46
135800	0.46	0.34	0.34	0	0	0.46
135900	0.46	0.34	0.34	0	0	0.46
136000	0.46	0.34	0.34	0	0	0.46
136100	0.46	0.34	0.34	0	0	0.46
136200	0.46	0.34	0.34	0	0	0.46
136300	0.46	0.34	0.34	0	0	0.46
136400	0.46	0.34	0.34	0	0	0.46
136500	0.46	0.34	0.34	0	0	0.46
136600	0.46	0.34	0.34	0	0	0.46
136700	0.45	0.34	0.34	0	0	0.45
136800	0.45	0.34	0.34	0	0	0.45
136900	0.45	0.34	0.34	0	0	0.45
137000	0.45	0.34	0.34	0	0	0.45
137100	0.44	0.34	0.34	0	0	0.44
137200	0.44	0.34	0.34	0	0	0.44
137300	0.44	0.34	0.34	0	0	0.44
137400	0.44	0.34	0.34	0	0	0.44
137500	0.44	0.34	0.34	0	0	0.44
137600	0.44	0.34	0.34	0	0	0.44
137700	0.44	0.34	0.34	0	0	0.44
137800	0.44	0.34	0.34	0	0	0.44
137900	0.44	0.34	0.34	0	0	0.44
138000	0.44	0.34	0.34	0	0	0.44
138100	0.44	0.34	0.34	0	0	0.44
138200	0.44	0.34	0.34	0	0	0.44
138300	0.43	0.34	0.34	0	0	0.43
138400	0.43	0.34	0.34	0	0	0.43
138500	0.43	0.35	0.35	0	0	0.43
138600	0.43	0.35	0.35	0	0	0.43
138700	0.43	0.35	0.35	0	0	0.43
138800	0.43	0.35	0.35	0	0	0.43
138900	0.43	0.36	0.36	0	0	0.43
139000	0.43	0.36	0.36	0	0	0.43
139100	0.43	0.34	0.34	0	0	0.43
139200	0.43	0.34	0.34	0	0	0.43
139300	0.43	0.35	0.35	0	0	0.43
139400	0.43	0.35	0.35	0	0	0.43
139500	0.43	0.36	0.36	0	0	0.43
139600	0.43	0.36	0.36	0	0	0.43
139700	0.43	0.36	0.36	0	0	0.43
139800	0.43	0.36	0.36	0	0	0.43
139900	0.43	0.36	0.36	0	0	0.43
140000	0.43	0.36	0.36	0	0	0.43
140100	0.43	0.37	0.37	0	0	0.43
140200	0.43	0.36	0.36	0	0	0.43
140300	0.42	0.36	0.36	0	0	0.42
140400	0.42	0.36	0.36	0	0	0.42
140500	0.42	0.36	0.36	0	0	0.42
140600	0.42	0.36	0.36	0	0	0.42
140700	0.42	0.36	0.36	0	0	0.42
140800	0.42	0.36	0.36	0	0	0.42
140900	0.43	0.35	0.35	0	0	0.43
141000	0.43	0.35	0.35	0	0	0.43
141100	0.43	0.35	0.35	0	0	0.43
141200	0.43	0.35	0.35	0	0	0.43
141300	0.43	0.36	0.36	0	0	0.43
141400	0.43	0.36	0.36	0	0	0.43
141500	0.43	0.37	0.37	0	0	0.43
141600	0.43	0.37	0.37	0	0	0.43
141700	0.43	0.37	0.37	0	0	0.43
141800	0.44	0.37	0.37	0	0	0.44
141900	0.44	0.37	0.37	0	0	0.44
142000	0.44	0.37	0.37	0	0	0.44
142100	0.44	0.37	0.37	0	0	0.44
142200	0.44	0.37	0.37	0	0	0.44
142300	0.43	0.36	0.36	0	0	0.43
142400	0.43	0.37	0.37	0	0	0.43
142500	0.43	0.37	0.37	0	0	0.43
142600	0.44	0.37	0.37	0	0	0.44
142700	0.44	0.37	0.37	0	0	0.44
142800	0.44	0.37	0.37	0	0	0.44
142900	0.44	0.38	0.38	0	0	0.44
143000	0.44	0.38	0.38	0	0	0.44
143100	0.44	0.38	0.38	0	0	0.44
143200	0.44	0.38	0.38	0	0	0.44
143300	0.44	0.38	0.38	0	0	0.44
143400	0.44	0.38	0.38	0	0	0.44
143500	0.44	0.38	0.38	0	0	0.44
143600	0.44	0.38	0.38	0	0	0.44
143700	0.44	0.38	0.38	0	0	0.44
143800	0.44	0.38	0.38	0	0	0.44
143900	0.44	0.38	0.38	0	0	0.44
144000	0.44	0.38	0.38	0	0	0.44
144100	0.44	0.38	0.38	0	0	0.44
144200	0.44	0.38	0.38	0	0	0.44
144300	0.44	0.38	0.38	0	0	0.44
144400	0.44	0.38	0.38	0	0	0.44
144500	0.44	0.38	0.38	0	0	0.44
144600	0.44	0.38	0.38	0	0	0.44
144700	0.44	0.38	0.38	0	0	0.44
144800	0.44	0.38	0.38	0	0	0.44
144900	0.44	0.38	0.38	0	0	0.44
145000	0.44	0.38	0.38	0	0	0.44
145100	0.44	0.38	0.38	0	0	0.44
145200	0.44	0.38	0.38	0	0	0.44
145300	0.44	0.38	0.38	0	0	0.44
145400	0.44	0.38	0.38	0	0	0.44
145500	0.44	0.38	0.38	0	0	0.44
145600	0.44	0.38	0.38	0	0	0.44
145700	0.44	0.38	0.38	0	0	0.44
145800	0.44	0.38	0.38	0	0	0.44
145900	0.43	0.38	0.38	0	0	0.43
146000	0.42	0.38	0.38	0	0	0.42
146100	0.42	0.38	0.38	0	0	0.42
146200	0.42	0.38	0.38	0	0	0.42
146300	0.42	0.38	0.38	0	0	0.42
146400	0.42	0.38	0.38	0	0	0.42
146500	0.42	0.38	0.38	0	0	0.42
146600	0.42	0.38	0.38	0	0	0.42
146700	0.42	0.38	0.38	0	0	0.42
146800	0.42	0.38	0.38	0	0	0.42
146900	0.42	0.38	0.38	0	0	0.42
147000	0.42	0.38	0.38	0	0	0.42
147100	0.42	0.38	0.38	0	0	0.42
147200	0.42	0.38	0.38	0	0	0.42
147300	0.42	0.38	0.38	0	0	0.42
147400	0.42	0.37	0.37	0	0	0.42
147500	0.42	0.37	0.37	0	0	0.42
147600	0.42	0.37	0.37	0	0	0.42
147700	0.42	0.37	0.37	0	0	0.42
147800	0.42	0.37	0.37	0	0	0.42
147900	0.42	0.36	0.36	0	0	0.42
148000	0.42	0.37	0.37	0	0	0.42
148100	0.42	0.36	0.36	0	0	0.42
148200	0.42	0.36	0.36	0	0	0.42
148300	0.42	0.36	0.36	0	0	0.42
148400	0.42	0.36	0.36	0	0	0.42
148500	0.42	0.37	0.37	0	0	0.42
148600	0.42	0.37	0.37	0	0	0.42
148700	0.42	0.37	0.37	0	0	0.42
148800	0.42	0.37	0.37	0	0	0.42
148900	0.42	0.37	0.37	0	0	0.42
149000	0.42	0.37	0.37	0	0	0.42
149100	0.42	0.38	0.38	0	0	0.42
149200	0.42	0.38	0.38	0	0	0.42
149300	0.42	0.38	0.38	0	0	0.42
149400	0.42	0.38	0.38	0	0	0.42
149500	0.42	0.38	0.38	0	0	0.42
149600	0.42	0.38	0.38	0	0	0.42
149700	0.42	0.38	0.38	0	0	0.42
149800	0.42	0.38	0.38	0	0	0.42
149900	0.42	0.39	0.39	0	0	0.42
150000	0.42	0.39	0.39	0	0	0.42
150100	0.42	0.39	0.39	0	0	0.42
150200	0.42	0.39	0.39	0	0	0.42
150300	0.42	0.39	0.39	0	0	0.42
150400	0.42	0.39	0.39	0	0	0.42
150500	0.42	0.39	0.39	0	0	0.42
150600	0.42	0.39	0.39	0	0	0.42
150700	0.42	0.39	0.39	0	0	0.42
150800	0.42	0.39	0.39	0	0	0.42
150900	0.42	0.39	0.39	0	0	0.42
151000	0.42	0.41	0.41	0	0	0.42
151100	0.42	0.4	0.4	0	0	0.42
151200	0.42	0.39	0.39	0	0	0.42
151300	0.42	0.39	0.39	0	0	0.42
151400	0.42	0.39	0.39	0	0	0.42
151500	0.42	0.39	0.39	0	0	0.42
151600	0.42	0.39	0.39	0	0	0.42
151700	0.42	0.41	0.41	0	0	0.42
151800	0.42	0.4	0.4	0	0	0.42
151900	0.42	0.4	0.4	0	0	0.42
152000	0.42	0.4	0.4	0	0	0.42
152100	0.42	0.4	0.4	0	0	0.42
152200	0.43	0.4	0.4	0	0	0.43
152300	0.43	0.4	0.4	0	0	0.43
152400	0.43	0.4	0.4	0	0	0.43
152500	0.42	0.39	0.39	0	0	0.42
152600	0.42	0.39	0.39	0	0	0.42
152700	0.42	0.39	0.39	0	0	0.42
152800	0.42	0.39	0.39	0	0	0.42
152900	0.42	0.39	0.39	0	0	0.42
153000	0.42	0.39	0.39	0	0	0.42
153100	0.42	0.39	0.39	0	0	0.42
153200	0.42	0.39	0.39	0	0	0.42
153300	0.42	0.38	0.38	0	0	0.42
153400	0.42	0.38	0.38	0	0	0.42
153500	0.42	0.38	0.38	0	0	0.42
153600	0.42	0.38	0.38	0	0	0.42
153700	0.43	0.38	0.38	0	0	0.43
153800	0.43	0.38	0.38	0	0	0.43
153900	0.43	0.38	0.38	0	0	0.43
154000	0.43	0.38	0.38	0	0	0.43
154100	0.42	0.38	0.38	0	0	0.42
154200	0.42	0.38	0.38	0	0	0.42
154300	0.42	0.38	0.38	0	0	0.42
154400	0.42	0.38	0.38	0	0	0.42
154500	0.42	0.38	0.38	0	0	0.42
154600	0.42	0.38	0.38	0	0	0.42
154700	0.42	0.38	0.38	0	0	0.42
154800	0.42	0.38	0.38	0	0	0.42
154900	0.42	0.38	0.38	0	0	0.42
155000	0.42	0.38	0.38	0	0	0.42
155100	0.42	0.38	0.38	0	0	0.42
155200	0.42	0.38	0.38	0	0	0.42
155300	0.42	0.38	0.38	0	0	0.42
155400	0.41	0.38	0.38	0	0	0.41
155500	0.41	0.38	0.38	0	0	0.41
155600	0.41	0.38	0.38	0	0	0.41
155700	0.41	0.38	0.38	0	0	0.41
155800	0.41	0.38	0.38	0	0	0.41
155900	0.41	0.38	0.38	0	0	0.41
156000	0.41	0.38	0.38	0	0	0.41
156100	0.42	0.38	0.38	0	0	0.42
156200	0.41	0.38	0.38	0	0	0.41
156300	0.41	0.38	0.38	0	0	0.41
156400	0.41	0.38	0.38	0	0	0.41
156500	0.42	0.38	0.38	0	0	0.42
156600	0.42	0.38	0.38	0	0	0.42
156700	0.42	0.38	0.38	0	0	0.42
156800	0.41	0.38	0.38	0	0	0.41
156900	0.41	0.38	0.38	0	0	0.41
157000	0.4	0.38	0.38	0	0	0.4
157100	0.4	0.38	0.38	0	0	0.4
157200	0.4	0.38	0.38	0	0	0.4
157300	0.4	0.38	0.38	0	0	0.4
157400	0.4	0.38	0.38	0	0	0.4
157500	0.4	0.38	0.38	0	0	0.4
157600	0.4	0.38	0.38	0	0	0.4
157700	0.4	0.38	0.38	0	0	0.4
157800	0.4	0.38	0.38	0	0	0.4
157900	0.41	0.38	0.38	0	0	0.41
158000	0.4	0.38	0.38	0	0	0.4
158100	0.4	0.38	0.38	0	0	0.4
158200	0.4	0.38	0.38	0	0	0.4
158300	0.4	0.39	0.39	0	0	0.4
158400	0.4	0.39	0.39	0	0	0.4
158500	0.4	0.39	0.39	0	0	0.4
158600	0.4	0.39	0.39	0	0	0.4
158700	0.4	0.4	0.4	0	0	0.4
158800	0.4	0.4	0.4	0	0	0.4
158900	0.4	0.39	0.39	0	0	0.4
159000	0.4	0.38	0.38	0	0	0.4
159100	0.4	0.38	0.38	0	0	0.4
159200	0.4	0.39	0.39	0	0	0.4
159300	0.4	0.38	0.38	0	0	0.4
159400	0.4	0.38	0.38	0	0	0.4
159500	0.4	0.38	0.38	0	0	0.4
159600	0.4	0.38	0.38	0	0	0.4
159700	0.41	0.38	0.38	0	0	0.41
159800	0.41	0.38	0.38	0	0	0.41
159900	0.4	0.38	0.38	0	0	0.4
160000	0.4	0.38	0.38	0	0	0.4
160100	0.4	0.39	0.39	0	0	0.4
160200	0.41	0.38	0.38	0	0	0.41
160300	0.41	0.38	0.38	0	0	0.41
160400	0.41	0.38	0.38	0	0	0.41
160500	0.41	0.38	0.38	0	0	0.41
160600	0.41	0.38	0.38	0	0	0.41
160700	0.4	0.39	0.39	0	0	0.4
160800	0.4	0.38	0.38	0	0	0.4
160900	0.4	0.38	0.38	0	0	0.4
161000	0.4	0.38	0.38	0	0	0.4
161100	0.4	0.38	0.38	0	0	0.4
161200	0.4	0.38	0.38	0	0	0.4
161300	0.4	0.38	0.38	0	0	0.4
161400	0.4	0.38	0.38	0	0	0.4
161500	0.4	0.38	0.38	0	0	0.4
161600	0.4	0.38	0.38	0	0	0.4
161700	0.4	0.38	0.38	0	0	0.4
161800	0.4	0.38	0.38	0	0	0.4
161900	0.4	0.38	0.38	0	0	0.4
162000	0.4	0.37	0.37	0	0	0.4
162100	0.4	0.37	0.37	0	0	0.4
162200	0.4	0.37	0.37	0	0	0.4
162300	0.4	0.37	0.37	0	0	0.4
162400	0.4	0.37	0.37	0	0	0.4
162500	0.42	0.37	0.37	0	0	0.42
162600	0.41	0.37	0.37	0	0	0.41
162700	0.41	0.37	0.37	0	0	0.41
162800	0.41	0.37	0.37	0	0	0.41
162900	0.43	0.37	0.37	0	0	0.43
163000	0.43	0.37	0.37	0	0	0.43
163100	0.43	0.37	0.37	0	0	0.43
163200	0.42	0.37	0.37	0	0	0.42
163300	0.42	0.37	0.37	0	0	0.42
163400	0.42	0.37	0.37	0	0	0.42
163500	0.41	0.37	0.37	0	0	0.41
163600	0.41	0.37	0.37	0	0	0.41
163700	0.41	0.37	0.37	0	0	0.41
163800	0.41	0.37	0.37	0	0	0.41
163900	0.41	0.37	0.37	0	0	0.41
164000	0.41	0.37	0.37	0	0	0.41
164100	0.41	0.37	0.37	0	0	0.41
164200	0.41	0.38	0.38	0	0	0.41
164300	0.41	0.38	0.38	0	0	0.41
164400	0.41	0.38	0.38	0	0	0.41
164500	0.41	0.38	0.38	0	0	0.41
164600	0.41	0.38	0.38	0	0	0.41
164700	0.41	0.38	0.38	0	0	0.41
164800	0.41	0.38	0.38	0	0	0.41
164900	0.41	0.38	0.38	0	0	0.41
165000	0.41	0.38	0.38	0	0	0.41
165100	0.41	0.38	0.38	0	0	0.41
165200	0.41	0.38	0.38	0	0	0.41
165300	0.41	0.38	0.38	0	0	0.41
165400	0.41	0.39	0.39	0	0	0.41
165500	0.41	0.39	0.39	0	0	0.41
165600	0.41	0.38	0.38	0	0	0.41
165700	0.41	0.39	0.39	0	0	0.41
165800	0.41	0.39	0.39	0	0	0.41
165900	0.41	0.39	0.39	0	0	0.41
166000	0.41	0.39	0.39	0	0	0.41
166100	0.41	0.39	0.39	0	0	0.41
166200	0.41	0.39	0.39	0	0	0.41
166300	0.41	0.39	0.39	0	0	0.41
166400	0.41	0.39	0.39	0	0	0.41
166500	0.41	0.39	0.39	0	0	0.41
166600	0.41	0.39	0.39	0	0	0.41
166700	0.41	0.38	0.38	0	0	0.41
166800	0.41	0.38	0.38	0	0	0.41
166900	0.41	0.38	0.38	0	0	0.41
167000	0.41	0.38	0.38	0	0	0.41
167100	0.42	0.38	0.38	0	0	0.42
167200	0.42	0.37	0.37	0	0	0.42
167300	0.42	0.37	0.37	0	0	0.42
167400	0.43	0.37	0.37	0	0	0.43
167500	0.43	0.38	0.38	0	0	0.43
167600	0.43	0.38	0.38	0	0	0.43
167700	0.42	0.38	0.38	0	0	0.42
167800	0.42	0.38	0.38	0	0	0.42
167900	0.42	0.39	0.39	0	0	0.42
168000	0.42	0.39	0.39	0	0	0.42
168100	0.42	0.38	0.38	0	0	0.42
168200	0.42	0.37	0.37	0	0	0.42
168300	0.41	0.37	0.37	0	0	0.41
168400	0.42	0.37	0.37	0	0	0.42
168500	0.42	0.37	0.37	0	0	0.42
168600	0.42	0.37	0.37	0	0	0.42
168700	0.42	0.37	0.37	0	0	0.42
168800	0.42	0.37	0.37	0	0	0.42
168900	0.42	0.37	0.37	0	0	0.42
169000	0.42	0.37	0.37	0	0	0.42
169100	0.42	0.37	0.37	0	0	0.42
169200	0.42	0.37	0.37	0	0	0.42
169300	0.42	0.37	0.37	0	0	0.42
169400	0.42	0.37	0.37	0	0	0.42
169500	0.42	0.37	0.37	0	0	0.42
169600	0.42	0.37	0.37	0	0	0.42
169700	0.42	0.37	0.37	0	0	0.42
169800	0.42	0.37	0.37	0	0	0.42
169900	0.42	0.37	0.37	0	0	0.42
170000	0.42	0.37	0.37	0	0	0.42
170100	0.42	0.37	0.37	0	0	0.42
170200	0.41	0.37	0.37	0	0	0.41
170300	0.41	0.36	0.36	0	0	0.41
170400	0.41	0.36	0.36	0	0	0.41
170500	0.41	0.36	0.36	0	0	0.41
170600	0.41	0.36	0.36	0	0	0.41
170700	0.41	0.36	0.36	0	0	0.41
170800	0.42	0.37	0.37	0	0	0.42
170900	0.41	0.37	0.37	0	0	0.41
171000	0.41	0.37	0.37	0	0	0.41
171100	0.41	0.37	0.37	0	0	0.41
171200	0.41	0.38	0.38	0	0	0.41
171300	0.41	0.37	0.37	0	0	0.41
171400	0.41	0.37	0.37	0	0	0.41
171500	0.41	0.37	0.37	0	0	0.41
171600	0.41	0.38	0.38	0	0	0.41
171700	0.41	0.38	0.38	0	0	0.41
171800	0.41	0.4	0.4	0	0	0.41
171900	0.41	0.4	0.4	0	0	0.41
172000	0.41	0.39	0.39	0	0	0.41
172100	0.41	0.39	0.39	0	0	0.41
172200	0.41	0.39	0.39	0	0	0.41
172300	0.41	0.39	0.39	0	0	0.41
172400	0.41	0.39	0.39	0	0	0.41
172500	0.41	0.39	0.39	0	0	0.41
172600	0.41	0.39	0.39	0	0	0.41
172700	0.41	0.39	0.39	0	0	0.41
172800	0.41	0.39	0.39	0	0	0.41
172900	0.41	0.39	0.39	0	0	0.41
173000	0.41	0.39	0.39	0	0	0.41
173100	0.41	0.39	0.39	0	0	0.41
173200	0.41	0.39	0.39	0	0	0.41
173300	0.42	0.4	0.4	0	0	0.42
173400	0.41	0.39	0.39	0	0	0.41
173500	0.42	0.39	0.39	0	0	0.42
173600	0.42	0.39	0.39	0	0	0.42
173700	0.42	0.39	0.39	0	0	0.42
173800	0.42	0.39	0.39	0	0	0.42
173900	0.42	0.39	0.39	0	0	0.42
174000	0.42	0.39	0.39	0	0	0.42
174100	0.42	0.38	0.38	0	0	0.42
174200	0.42	0.38	0.38	0	0	0.42
174300	0.42	0.38	0.38	0	0	0.42
174400	0.42	0.39	0.39	0	0	0.42
174500	0.41	0.4	0.4	0	0	0.41
174600	0.41	0.38	0.38	0	0	0.41
174700	0.41	0.38	0.38	0	0	0.41
174800	0.41	0.38	0.38	0	0	0.41
174900	0.4	0.38	0.38	0	0	0.4
175000	0.4	0.38	0.38	0	0	0.4
175100	0.4	0.38	0.38	0	0	0.4
175200	0.4	0.38	0.38	0	0	0.4
175300	0.41	0.38	0.38	0	0	0.41
175400	0.41	0.38	0.38	0	0	0.41
175500	0.41	0.38	0.38	0	0	0.41
175600	0.41	0.38	0.38	0	0	0.41
175700	0.41	0.38	0.38	0	0	0.41
175800	0.41	0.38	0.38	0	0	0.41
175900	0.41	0.38	0.38	0	0	0.41
176000	0.41	0.38	0.38	0	0	0.41
176100	0.41	0.38	0.38	0	0	0.41
176200	0.41	0.38	0.38	0	0	0.41
176300	0.41	0.38	0.38	0	0	0.41
176400	0.42	0.38	0.38	0	0	0.42
176500	0.41	0.38	0.38	0	0	0.41
176600	0.41	0.38	0.38	0	0	0.41
176700	0.41	0.38	0.38	0	0	0.41
176800	0.41	0.38	0.38	0	0	0.41
176900	0.41	0.37	0.37	0	0	0.41
177000	0.41	0.37	0.37	0	0	0.41
177100	0.41	0.37	0.37	0	0	0.41
177200	0.41	0.38	0.38	0	0	0.41
177300	0.41	0.37	0.37	0	0	0.41
177400	0.41	0.37	0.37	0	0	0.41
177500	0.41	0.37	0.37	0	0	0.41
177600	0.41	0.37	0.37	0	0	0.41
177700	0.41	0.37	0.37	0	0	0.41
177800	0.41	0.37	0.37	0	0	0.41
177900	0.41	0.37	0.37	0	0	0.41
178000	0.41	0.37	0.37	0	0	0.41
178100	0.41	0.37	0.37	0	0	0.41
178200	0.41	0.37	0.37	0	0	0.41
178300	0.41	0.37	0.37	0	0	0.41
178400	0.41	0.37	0.37	0	0	0.41
178500	0.41	0.37	0.37	0	0	0.41
178600	0.41	0.37	0.37	0	0	0.41
178700	0.41	0.37	0.37	0	0	0.41
178800	0.41	0.37	0.37	0	0	0.41
178900	0.41	0.37	0.37	0	0	0.41
179000	0.41	0.37	0.37	0	0	0.41
179100	0.41	0.37	0.37	0	0	0.41
179200	0.41	0.37	0.37	0	0	0.41
179300	0.42	0.37	0.37	0	0	0.42
179400	0.42	0.37	0.37	0	0	0.42
179500	0.42	0.37	0.37	0	0	0.42
179600	0.41	0.37	0.37	0	0	0.41
179700	0.41	0.37	0.37	0	0	0.41
179800	0.41	0.37	0.37	0	0	0.41
179900	0.42	0.37	0.37	0	0	0.42
180000	0.42	0.37	0.37	0	0	0.42
180100	0.42	0.37	0.37	0	0	0.42
180200	0.42	0.37	0.37	0	0	0.42
180300	0.42	0.37	0.37	0	0	0.42
180400	0.42	0.37	0.37	0	0	0.42
180500	0.42	0.37	0.37	0	0	0.42
180600	0.42	0.37	0.37	0	0	0.42
180700	0.42	0.37	0.37	0	0	0.42
180800	0.43	0.37	0.37	0	0	0.43
180900	0.43	0.37	0.37	0	0	0.43
181000	0.42	0.38	0.38	0	0	0.42
181100	0.42	0.37	0.37	0	0	0.42
181200	0.42	0.37	0.37	0	0	0.42
181300	0.42	0.37	0.37	0	0	0.42
181400	0.42	0.37	0.37	0	0	0.42
181500	0.42	0.37	0.37	0	0	0.42
181600	0.42	0.37	0.37	0	0	0.42
181700	0.42	0.37	0.37	0	0	0.42
181800	0.42	0.37	0.37	0	0	0.42
181900	0.42	0.37	0.37	0	0	0.42
182000	0.41	0.37	0.37	0	0	0.41
182100	0.41	0.37	0.37	0	0	0.41
182200	0.42	0.37	0.37	0	0	0.42
182300	0.42	0.38	0.38	0	0	0.42
182400	0.42	0.38	0.38	0	0	0.42
182500	0.42	0.38	0.38	0	0	0.42
182600	0.42	0.38	0.38	0	0	0.42
182700	0.42	0.39	0.39	0	0	0.42
182800	0.42	0.38	0.38	0	0	0.42
182900	0.42	0.38	0.38	0	0	0.42
183000	0.41	0.38	0.38	0	0	0.41
183100	0.41	0.38	0.38	0	0	0.41
183200	0.41	0.39	0.39	0	0	0.41
183300	0.41	0.39	0.39	0	0	0.41
183400	0.41	0.39	0.39	0	0	0.41
183500	0.41	0.39	0.39	0	0	0.41
183600	0.41	0.39	0.39	0	0	0.41
183700	0.41	0.39	0.39	0	0	0.41
183800	0.41	0.39	0.39	0	0	0.41
183900	0.41	0.39	0.39	0	0	0.41
184000	0.41	0.39	0.39	0	0	0.41
184100	0.41	0.39	0.39	0	0	0.41
184200	0.41	0.39	0.39	0	0	0.41
184300	0.42	0.39	0.39	0	0	0.42
184400	0.42	0.39	0.39	0	0	0.42
184500	0.42	0.39	0.39	0	0	0.42
184600	0.42	0.39	0.39	0	0	0.42
184700	0.42	0.39	0.39	0	0	0.42
184800	0.43	0.39	0.39	0	0	0.43
184900	0.43	0.39	0.39	0	0	0.43
185000	0.43	0.39	0.39	0	0	0.43
185100	0.43	0.39	0.39	0	0	0.43
185200	0.43	0.39	0.39	0	0	0.43
185300	0.43	0.39	0.39	0	0	0.43
185400	0.43	0.39	0.39	0	0	0.43
185500	0.43	0.39	0.39	0	0	0.43
185600	0.43	0.39	0.39	0	0	0.43
185700	0.43	0.39	0.39	0	0	0.43
185800	0.42	0.39	0.39	0	0	0.42
185900	0.42	0.4	0.4	0	0	0.42
186000	0.42	0.4	0.4	0	0	0.42
186100	0.42	0.4	0.4	0	0	0.42
186200	0.42	0.4	0.4	0	0	0.42
186300	0.42	0.4	0.4	0	0	0.42
186400	0.42	0.4	0.4	0	0	0.42
186500	0.42	0.4	0.4	0	0	0.42
186600	0.42	0.4	0.4	0	0	0.42
186700	0.42	0.4	0.4	0	0	0.42
186800	0.42	0.41	0.41	0	0	0.42
186900	0.42	0.4	0.4	0	0	0.42
187000	0.42	0.4	0.4	0	0	0.42
187100	0.41	0.4	0.4	0	0	0.41
187200	0.41	0.4	0.4	0	0	0.41
187300	0.41	0.4	0.4	0	0	0.41
187400	0.41	0.4	0.4	0	0	0.41
187500	0.41	0.4	0.4	0	0	0.41
187600	0.41	0.4	0.4	0	0	0.41
187700	0.41	0.4	0.4	0	0	0.41
187800	0.41	0.4	0.4	0	0	0.41
187900	0.41	0.4	0.4	0	0	0.41
188000	0.41	0.4	0.4	0	0	0.41
188100	0.41	0.4	0.4	0	0	0.41
188200	0.41	0.4	0.4	0	0	0.41
188300	0.41	0.4	0.4	0	0	0.41
188400	0.41	0.4	0.4	0	0	0.41
188500	0.41	0.4	0.4	0	0	0.41
188600	0.41	0.4	0.4	0	0	0.41
188700	0.41	0.4	0.4	0	0	0.41
188800	0.41	0.4	0.4	0	0	0.41
188900	0.41	0.4	0.4	0	0	0.41
189000	0.41	0.41	0.41	0	0	0.41
189100	0.41	0.4	0.4	0	0	0.41
189200	0.41	0.4	0.4	0	0	0.41
189300	0.41	0.4	0.4	0	0	0.41
189400	0.41	0.4	0.4	0	0	0.41
189500	0.41	0.39	0.39	0	0	0.41
189600	0.41	0.39	0.39	0	0	0.41
189700	0.41	0.39	0.39	0	0	0.41
189800	0.41	0.39	0.39	0	0	0.41
189900	0.41	0.39	0.39	0	0	0.41
190000	0.41	0.39	0.39	0	0	0.41
190100	0.41	0.39	0.39	0	0	0.41
190200	0.41	0.39	0.39	0	0	0.41
190300	0.41	0.39	0.39	0	0	0.41
190400	0.41	0.39	0.39	0	0	0.41
190500	0.41	0.39	0.39	0	0	0.41
190600	0.41	0.39	0.39	0	0	0.41
190700	0.41	0.39	0.39	0	0	0.41
190800	0.41	0.39	0.39	0	0	0.41
190900	0.41	0.39	0.39	0	0	0.41
191000	0.41	0.39	0.39	0	0	0.41
191100	0.41	0.39	0.39	0	0	0.41
191200	0.41	0.39	0.39	0	0	0.41
191300	0.41	0.39	0.39	0	0	0.41
191400	0.41	0.39	0.39	0	0	0.41
191500	0.41	0.39	0.39	0	0	0.41
191600	0.41	0.39	0.39	0	0	0.41
191700	0.41	0.39	0.39	0	0	0.41
191800	0.41	0.39	0.39	0	0	0.41
191900	0.41	0.39	0.39	0	0	0.41
192000	0.41	0.39	0.39	0	0	0.41
192100	0.41	0.4	0.4	0	0	0.41
192200	0.41	0.4	0.4	0	0	0.41
192300	0.41	0.4	0.4	0	0	0.41
192400	0.41	0.39	0.39	0	0	0.41
192500	0.41	0.39	0.39	0	0	0.41
192600	0.41	0.39	0.39	0	0	0.41
192700	0.41	0.39	0.39	0	0	0.41
192800	0.41	0.39	0.39	0	0	0.41
192900	0.41	0.39	0.39	0	0	0.41
193000	0.4	0.39	0.39	0	0	0.4
193100	0.4	0.39	0.39	0	0	0.4
193200	0.4	0.39	0.39	0	0	0.4
193300	0.4	0.39	0.39	0	0	0.4
193400	0.4	0.39	0.39	0	0	0.4
193500	0.4	0.4	0.4	0	0	0.4
193600	0.4	0.4	0.4	0	0	0.4
193700	0.4	0.4	0.4	0	0	0.4
193800	0.4	0.4	0.4	0	0	0.4
193900	0.4	0.4	0.4	0	0	0.4
194000	0.4	0.4	0.4	0	0	0.4
194100	0.41	0.4	0.4	0	0	0.41
194200	0.4	0.39	0.39	0	0	0.4
194300	0.4	0.39	0.39	0	0	0.4
194400	0.41	0.38	0.38	0	0	0.41
194500	0.4	0.38	0.38	0	0	0.4
194600	0.4	0.38	0.38	0	0	0.4
194700	0.4	0.38	0.38	0	0	0.4
194800	0.4	0.38	0.38	0	0	0.4
194900	0.4	0.38	0.38	0	0	0.4
195000	0.4	0.38	0.38	0	0	0.4
195100	0.4	0.38	0.38	0	0	0.4
195200	0.4	0.38	0.38	0	0	0.4
195300	0.4	0.39	0.39	0	0	0.4
195400	0.4	0.39	0.39	0	0	0.4
195500	0.4	0.39	0.39	0	0	0.4
195600	0.4	0.4	0.4	0	0	0.4
195700	0.4	0.4	0.4	0	0	0.4
195800	0.4	0.4	0.4	0	0	0.4
195900	0.4	0.4	0.4	0	0	0.4
196000	0.41	0.4	0.4	0	0	0.41
196100	0.41	0.4	0.4	0	0	0.41
196200	0.41	0.4	0.4	0	0	0.41
196300	0.41	0.4	0.4	0	0	0.41
196400	0.42	0.4	0.4	0	0	0.42
196500	0.42	0.4	0.4	0	0	0.42
196600	0.42	0.4	0.4	0	0	0.42
196700	0.42	0.4	0.4	0	0	0.42
196800	0.42	0.4	0.4	0	0	0.42
196900	0.42	0.4	0.4	0	0	0.42
197000	0.42	0.4	0.4	0	0	0.42
197100	0.41	0.41	0.41	0	0	0.41
197200	0.41	0.41	0.41	0	0	0.41
197300	0.41	0.42	0.42	0	0	0.41
197400	0.41	0.42	0.42	0	0	0.41
197500	0.41	0.42	0.42	0	0	0.41
197600	0.41	0.42	0.42	0	0	0.41
197700	0.41	0.42	0.42	0	0	0.41
197800	0.41	0.42	0.42	0	0	0.41
197900	0.41	0.42	0.42	0	0	0.41
198000	0.41	0.42	0.42	0	0	0.41
198100	0.41	0.42	0.42	0	0	0.41
198200	0.41	0.42	0.42	0	0	0.41
198300	0.41	0.42	0.42	0	0	0.41
198400	0.41	0.42	0.42	0	0	0.41
198500	0.41	0.42	0.42	0	0	0.41
198600	0.41	0.42	0.42	0	0	0.41
198700	0.41	0.42	0.42	0	0	0.41
198800	0.41	0.42	0.42	0	0	0.41
198900	0.41	0.41	0.41	0	0	0.41
199000	0.41	0.41	0.41	0	0	0.41
199100	0.41	0.41	0.41	0	0	0.41
199200	0.41	0.41	0.41	0	0	0.41
199300	0.41	0.41	0.41	0	0	0.41
199400	0.41	0.41	0.41	0	0	0.41
199500	0.41	0.41	0.41	0	0	0.41
199600	0.41	0.41	0.41	0	0	0.41
199700	0.41	0.41	0.41	0	0	0.41
199800	0.41	0.41	0.41	0	0	0.41
199900	0.41	0.42	0.42	0	0	0.41
200000	0.41	0.41	0.41	0	0	0.41
200100	0.41	0.41	0.41	0	0	0.41
200200	0.41	0.41	0.41	0	0	0.41
200300	0.41	0.41	0.41	0	0	0.41
200400	0.41	0.41	0.41	0	0	0.41
200500	0.41	0.41	0.41	0	0	0.41
200600	0.41	0.41	0.41	0	0	0.41
200700	0.41	0.41	0.41	0	0	0.41
200800	0.42	0.41	0.41	0	0	0.42
200900	0.42	0.41	0.41	0	0	0.42
201000	0.42	0.41	0.41	0	0	0.42
201100	0.42	0.41	0.41	0	0	0.42
201200	0.42	0.41	0.41	0	0	0.42
201300	0.42	0.41	0.41	0	0	0.42
201400	0.42	0.41	0.41	0	0	0.42
201500	0.42	0.41	0.41	0	0	0.42
201600	0.42	0.41	0.41	0	0	0.42
201700	0.42	0.41	0.41	0	0	0.42
201800	0.42	0.41	0.41	0	0	0.42
201900	0.42	0.41	0.41	0	0	0.42
202000	0.42	0.41	0.41	0	0	0.42
202100	0.42	0.41	0.41	0	0	0.42
202200	0.42	0.41	0.41	0	0	0.42
202300	0.42	0.41	0.41	0	0	0.42
202400	0.42	0.41	0.41	0	0	0.42
202500	0.42	0.41	0.41	0	0	0.42
202600	0.42	0.41	0.41	0	0	0.42
202700	0.43	0.41	0.41	0	0	0.43
202800	0.42	0.41	0.41	0	0	0.42
202900	0.42	0.41	0.41	0	0	0.42
203000	0.42	0.41	0.41	0	0	0.42
203100	0.42	0.41	0.41	0	0	0.42
203200	0.42	0.41	0.41	0	0	0.42
203300	0.42	0.41	0.41	0	0	0.42
203400	0.42	0.41	0.41	0	0	0.42
203500	0.42	0.41	0.41	0	0	0.42
203600	0.42	0.41	0.41	0	0	0.42
203700	0.42	0.41	0.41	0	0	0.42
203800	0.42	0.41	0.41	0	0	0.42
203900	0.42	0.41	0.41	0	0	0.42
204000	0.42	0.41	0.41	0	0	0.42
204100	0.42	0.41	0.41	0	0	0.42
204200	0.42	0.41	0.41	0	0	0.42
204300	0.42	0.41	0.41	0	0	0.42
204400	0.42	0.41	0.41	0	0	0.42
204500	0.42	0.41	0.41	0	0	0.42
204600	0.42	0.41	0.41	0	0	0.42
204700	0.42	0.41	0.41	0	0	0.42
204800	0.42	0.41	0.41	0	0	0.42
204900	0.42	0.41	0.41	0	0	0.42
205000	0.42	0.41	0.41	0	0	0.42
205100	0.42	0.41	0.41	0	0	0.42
205200	0.42	0.41	0.41	0	0	0.42
205300	0.42	0.41	0.41	0	0	0.42
205400	0.42	0.4	0.4	0	0	0.42
205500	0.42	0.4	0.4	0	0	0.42
205600	0.42	0.4	0.4	0	0	0.42
205700	0.42	0.4	0.4	0	0	0.42
205800	0.42	0.4	0.4	0	0	0.42
205900	0.42	0.4	0.4	0	0	0.42
206000	0.42	0.4	0.4	0	0	0.42
206100	0.42	0.4	0.4	0	0	0.42
206200	0.42	0.4	0.4	0	0	0.42
206300	0.42	0.4	0.4	0	0	0.42
206400	0.42	0.4	0.4	0	0	0.42
206500	0.42	0.4	0.4	0	0	0.42
206600	0.42	0.4	0.4	0	0	0.42
206700	0.42	0.4	0.4	0	0	0.42
206800	0.42	0.4	0.4	0	0	0.42
206900	0.42	0.4	0.4	0	0	0.42
207000	0.42	0.4	0.4	0	0	0.42
207100	0.42	0.4	0.4	0	0	0.42
207200	0.42	0.4	0.4	0	0	0.42
207300	0.42	0.4	0.4	0	0	0.42
207400	0.42	0.4	0.4	0	0	0.42
207500	0.42	0.4	0.4	0	0	0.42
207600	0.42	0.4	0.4	0	0	0.42
207700	0.42	0.4	0.4	0	0	0.42
207800	0.42	0.4	0.4	0	0	0.42
207900	0.42	0.4	0.4	0	0	0.42
208000	0.42	0.4	0.4	0	0	0.42
208100	0.42	0.4	0.4	0	0	0.42
208200	0.42	0.4	0.4	0	0	0.42
208300	0.42	0.4	0.4	0	0	0.42
208400	0.42	0.4	0.4	0	0	0.42
208500	0.42	0.4	0.4	0	0	0.42
208600	0.42	0.4	0.4	0	0	0.42
208700	0.42	0.4	0.4	0	0	0.42
208800	0.42	0.4	0.4	0	0	0.42
208900	0.42	0.4	0.4	0	0	0.42
209000	0.42	0.4	0.4	0	0	0.42
209100	0.42	0.4	0.4	0	0	0.42
209200	0.42	0.4	0.4	0	0	0.42
209300	0.42	0.4	0.4	0	0	0.42
209400	0.42	0.4	0.4	0	0	0.42
209500	0.42	0.4	0.4	0	0	0.42
209600	0.42	0.4	0.4	0	0	0.42
209700	0.42	0.4	0.4	0	0	0.42
209800	0.42	0.4	0.4	0	0	0.42
209900	0.42	0.4	0.4	0	0	0.42
210000	0.42	0.4	0.4	0	0	0.42
210100	0.42	0.4	0.4	0	0	0.42
210200	0.42	0.4	0.4	0	0	0.42
210300	0.42	0.4	0.4	0	0	0.42
210400	0.42	0.4	0.4	0	0	0.42
210500	0.42	0.4	0.4	0	0	0.42
210600	0.41	0.4	0.4	0	0	0.41
210700	0.41	0.4	0.4	0	0	0.41
210800	0.41	0.4	0.4	0	0	0.41
210900	0.41	0.4	0.4	0	0	0.41
211000	0.41	0.4	0.4	0	0	0.41
211100	0.41	0.41	0.41	0	0	0.41
211200	0.41	0.41	0.41	0	0	0.41
211300	0.41	0.41	0.41	0	0	0.41
211400	0.41	0.41	0.41	0	0	0.41
211500	0.41	0.41	0.41	0	0	0.41
211600	0.41	0.41	0.41	0	0	0.41
211700	0.41	0.41	0.41	0	0	0.41
211800	0.41	0.41	0.41	0	0	0.41
211900	0.41	0.41	0.41	0	0	0.41
212000	0.41	0.41	0.41	0	0	0.41
212100	0.41	0.41	0.41	0	0	0.41
212200	0.41	0.41	0.41	0	0	0.41
212300	0.41	0.41	0.41	0	0	0.41
212400	0.41	0.41	0.41	0	0	0.41
212500	0.41	0.41	0.41	0	0	0.41
212600	0.41	0.41	0.41	0	0	0.41
212700	0.41	0.41	0.41	0	0	0.41
212800	0.41	0.41	0.41	0	0	0.41
212900	0.41	0.42	0.42	0	0	0.41
213000	0.41	0.42	0.42	0	0	0.41
213100	0.41	0.41	0.41	0	0	0.41
213200	0.41	0.41	0.41	0	0	0.41
213300	0.41	0.41	0.41	0	0	0.41
213400	0.41	0.41	0.41	0	0	0.41
213500	0.41	0.41	0.41	0	0	0.41
213600	0.41	0.41	0.41	0	0	0.41
213700	0.41	0.41	0.41	0	0	0.41
213800	0.41	0.41	0.41	0	0	0.41
213900	0.41	0.41	0.41	0	0	0.41
214000	0.41	0.41	0.41	0	0	0.41
214100	0.41	0.41	0.41	0	0	0.41
214200	0.41	0.41	0.41	0	0	0.41
214300	0.41	0.42	0.42	0	0	0.41
214400	0.41	0.41	0.41	0	0	0.41
214500	0.41	0.41	0.41	0	0	0.41
214600	0.41	0.41	0.41	0	0	0.41
214700	0.41	0.41	0.41	0	0	0.41
214800	0.41	0.41	0.41	0	0	0.41
214900	0.41	0.41	0.41	0	0	0.41
215000	0.41	0.41	0.41	0	0	0.41
215100	0.41	0.41	0.41	0	0	0.41
215200	0.41	0.41	0.41	0	0	0.41
215300	0.41	0.42	0.42	0	0	0.41
215400	0.41	0.41	0.41	0	0	0.41
215500	0.41	0.41	0.41	0	0	0.41
215600	0.41	0.41	0.41	0	0	0.41
215700	0.41	0.41	0.41	0	0	0.41
215800	0.41	0.41	0.41	0	0	0.41
215900	0.41	0.41	0.41	0	0	0.41
216000	0.41	0.41	0.41	0	0	0.41
216100	0.41	0.42	0.42	0	0	0.41
216200	0.41	0.42	0.42	0	0	0.41
216300	0.41	0.41	0.41	0	0	0.41
216400	0.41	0.41	0.41	0	0	0.41
216500	0.41	0.41	0.41	0	0	0.41
216600	0.41	0.41	0.41	0	0	0.41
216700	0.41	0.41	0.41	0	0	0.41
216800	0.41	0.41	0.41	0	0	0.41
216900	0.41	0.41	0.41	0	0	0.41
217000	0.42	0.41	0.41	0	0	0.42
217100	0.41	0.41	0.41	0	0	0.41
217200	0.41	0.41	0.41	0	0	0.41
217300	0.41	0.41	0.41	0	0	0.41
217400	0.41	0.41	0.41	0	0	0.41
217500	0.41	0.41	0.41	0	0	0.41
217600	0.41	0.41	0.41	0	0	0.41
217700	0.41	0.41	0.41	0	0	0.41
217800	0.41	0.41	0.41	0	0	0.41
217900	0.41	0.41	0.41	0	0	0.41
218000	0.41	0.41	0.41	0	0	0.41
218100	0.41	0.41	0.41	0	0	0.41
218200	0.41	0.41	0.41	0	0	0.41
218300	0.41	0.42	0.42	0	0	0.41
218400	0.41	0.42	0.42	0	0	0.41
218500	0.41	0.42	0.42	0	0	0.41
218600	0.41	0.42	0.42	0	0	0.41
218700	0.41	0.41	0.41	0	0	0.41
218800	0.41	0.41	0.41	0	0	0.41
218900	0.41	0.41	0.41	0	0	0.41
219000	0.41	0.41	0.41	0	0	0.41
219100	0.41	0.41	0.41	0	0	0.41
219200	0.41	0.41	0.41	0	0	0.41
219300	0.41	0.41	0.41	0	0	0.41
219400	0.41	0.41	0.41	0	0	0.41
219500	0.41	0.42	0.42	0	0	0.41
219600	0.41	0.41	0.41	0	0	0.41
219700	0.41	0.41	0.41	0	0	0.41
219800	0.41	0.41	0.41	0	0	0.41
219900	0.41	0.41	0.41	0	0	0.41
220000	0.41	0.41	0.41	0	0	0.41
220100	0.41	0.41	0.41	0	0	0.41
220200	0.41	0.41	0.41	0	0	0.41
220300	0.41	0.41	0.41	0	0	0.41
220400	0.41	0.41	0.41	0	0	0.41
220500	0.41	0.41	0.41	0	0	0.41
220600	0.41	0.41	0.41	0	0	0.41
220700	0.41	0.41	0.41	0	0	0.41
220800	0.41	0.41	0.41	0	0	0.41
220900	0.41	0.41	0.41	0	0	0.41
221000	0.41	0.41	0.41	0	0	0.41
221100	0.41	0.41	0.41	0	0	0.41
221200	0.41	0.41	0.41	0	0	0.41
221300	0.41	0.41	0.41	0	0	0.41
221400	0.41	0.41	0.41	0	0	0.41
221500	0.41	0.41	0.41	0	0	0.41
221600	0.41	0.41	0.41	0	0	0.41
221700	0.41	0.41	0.41	0	0	0.41
221800	0.41	0.41	0.41	0	0	0.41
221900	0.41	0.41	0.41	0	0	0.41
222000	0.41	0.41	0.41	0	0	0.41
222100	0.41	0.41	0.41	0	0	0.41
222200	0.41	0.41	0.41	0	0	0.41
222300	0.41	0.41	0.41	0	0	0.41
222400	0.41	0.42	0.42	0	0	0.41
222500	0.41	0.42	0.42	0	0	0.41
222600	0.41	0.42	0.42	0	0	0.41
222700	0.41	0.41	0.41	0	0	0.41
222800	0.42	0.41	0.41	0	0	0.42
222900	0.42	0.42	0.42	0	0	0.42
223000	0.42	0.42	0.42	0	0	0.42
223100	0.41	0.4	0.4	0	0	0.41
223200	0.41	0.4	0.4	0	0	0.41
223300	0.41	0.4	0.4	0	0	0.41
223400	0.41	0.4	0.4	0	0	0.41
223500	0.41	0.4	0.4	0	0	0.41
223600	0.41	0.4	0.4	0	0	0.41
223700	0.41	0.4	0.4	0	0	0.41
223800	0.41	0.4	0.4	0	0	0.41
223900	0.41	0.39	0.39	0	0	0.41
224000	0.41	0.4	0.4	0	0	0.41
224100	0.41	0.39	0.39	0	0	0.41
224200	0.41	0.39	0.39	0	0	0.41
224300	0.41	0.39	0.39	0	0	0.41
224400	0.41	0.39	0.39	0	0	0.41
224500	0.41	0.39	0.39	0	0	0.41
224600	0.41	0.39	0.39	0	0	0.41
224700	0.41	0.39	0.39	0	0	0.41
224800	0.41	0.39	0.39	0	0	0.41
224900	0.41	0.39	0.39	0	0	0.41
225000	0.41	0.39	0.39	0	0	0.41
225100	0.41	0.4	0.4	0	0	0.41
225200	0.41	0.4	0.4	0	0	0.41
225300	0.41	0.4	0.4	0	0	0.41
225400	0.41	0.39	0.39	0	0	0.41
225500	0.42	0.39	0.39	0	0	0.42
225600	0.43	0.39	0.39	0	0	0.43
225700	0.41	0.39	0.39	0	0	0.41
225800	0.41	0.39	0.39	0	0	0.41
225900	0.41	0.39	0.39	0	0	0.41
226000	0.41	0.39	0.39	0	0	0.41
226100	0.41	0.39	0.39	0	0	0.41
226200	0.41	0.39	0.39	0	0	0.41
226300	0.41	0.39	0.39	0	0	0.41
226400	0.41	0.38	0.38	0	0	0.41
226500	0.41	0.38	0.38	0	0	0.41
226600	0.41	0.38	0.38	0	0	0.41
226700	0.41	0.38	0.38	0	0	0.41
226800	0.41	0.38	0.38	0	0	0.41
226900	0.41	0.38	0.38	0	0	0.41
227000	0.41	0.38	0.38	0	0	0.41
227100	0.41	0.38	0.38	0	0	0.41
227200	0.41	0.38	0.38	0	0	0.41
227300	0.41	0.38	0.38	0	0	0.41
227400	0.41	0.38	0.38	0	0	0.41
227500	0.41	0.38	0.38	0	0	0.41
227600	0.41	0.38	0.38	0	0	0.41
227700	0.42	0.38	0.38	0	0	0.42
227800	0.41	0.39	0.39	0	0	0.41
227900	0.41	0.39	0.39	0	0	0.41
228000	0.41	0.39	0.39	0	0	0.41
228100	0.41	0.39	0.39	0	0	0.41
228200	0.41	0.39	0.39	0	0	0.41
228300	0.41	0.39	0.39	0	0	0.41
228400	0.41	0.39	0.39	0	0	0.41
228500	0.41	0.39	0.39	0	0	0.41
228600	0.41	0.4	0.4	0	0	0.41
228700	0.41	0.4	0.4	0	0	0.41
228800	0.41	0.4	0.4	0	0	0.41
228900	0.41	0.4	0.4	0	0	0.41
229000	0.41	0.4	0.4	0	0	0.41
229100	0.41	0.4	0.4	0	0	0.41
229200	0.41	0.4	0.4	0	0	0.41
229300	0.41	0.4	0.4	0	0	0.41
229400	0.41	0.4	0.4	0	0	0.41
229500	0.41	0.4	0.4	0	0	0.41
229600	0.41	0.4	0.4	0	0	0.41
229700	0.41	0.4	0.4	0	0	0.41
229800	0.41	0.4	0.4	0	0	0.41
229900	0.41	0.4	0.4	0	0	0.41
230000	0.41	0.4	0.4	0	0	0.41
230100	0.41	0.4	0.4	0	0	0.41
230200	0.41	0.4	0.4	0	0	0.41
230300	0.41	0.4	0.4	0	0	0.41
230400	0.41	0.4	0.4	0	0	0.41
230500	0.41	0.4	0.4	0	0	0.41
230600	0.41	0.4	0.4	0	0	0.41
230700	0.42	0.4	0.4	0	0	0.42
230800	0.41	0.4	0.4	0	0	0.41
230900	0.42	0.4	0.4	0	0	0.42
231000	0.42	0.4	0.4	0	0	0.42
231100	0.42	0.4	0.4	0	0	0.42
231200	0.42	0.4	0.4	0	0	0.42
231300	0.42	0.4	0.4	0	0	0.42
231400	0.42	0.4	0.4	0	0	0.42
231500	0.42	0.4	0.4	0	0	0.42
231600	0.42	0.4	0.4	0	0	0.42
231700	0.42	0.4	0.4	0	0	0.42
231800	0.42	0.4	0.4	0	0	0.42
231900	0.42	0.4	0.4	0	0	0.42
232000	0.42	0.4	0.4	0	0	0.42
232100	0.42	0.4	0.4	0	0	0.42
232200	0.42	0.4	0.4	0	0	0.42
232300	0.42	0.4	0.4	0	0	0.42
232400	0.42	0.4	0.4	0	0	0.42
232500	0.42	0.4	0.4	0	0	0.42
232600	0.42	0.4	0.4	0	0	0.42
232700	0.42	0.4	0.4	0	0	0.42
232800	0.42	0.4	0.4	0	0	0.42
232900	0.42	0.4	0.4	0	0	0.42
233000	0.42	0.4	0.4	0	0	0.42
233100	0.42	0.4	0.4	0	0	0.42
233200	0.42	0.4	0.4	0	0	0.42
233300	0.42	0.4	0.4	0	0	0.42
233400	0.42	0.4	0.4	0	0	0.42
233500	0.42	0.4	0.4	0	0	0.42
233600	0.42	0.4	0.4	0	0	0.42
233700	0.42	0.4	0.4	0	0	0.42
233800	0.42	0.4	0.4	0	0	0.42
233900	0.43	0.4	0.4	0	0	0.43
234000	0.43	0.4	0.4	0	0	0.43
234100	0.43	0.4	0.4	0	0	0.43
234200	0.43	0.4	0.4	0	0	0.43
234300	0.43	0.4	0.4	0	0	0.43
234400	0.43	0.4	0.4	0	0	0.43
234500	0.43	0.4	0.4	0	0	0.43
234600	0.43	0.4	0.4	0	0	0.43
234700	0.43	0.4	0.4	0	0	0.43
234800	0.43	0.4	0.4	0	0	0.43
234900	0.43	0.4	0.4	0	0	0.43
235000	0.44	0.4	0.4	0	0	0.44
235100	0.43	0.4	0.4	0	0	0.43
235200	0.43	0.4	0.4	0	0	0.43
235300	0.43	0.4	0.4	0	0	0.43
235400	0.43	0.4	0.4	0	0	0.43
235500	0.43	0.4	0.4	0	0	0.43
235600	0.43	0.4	0.4	0	0	0.43
235700	0.43	0.4	0.4	0	0	0.43
235800	0.43	0.4	0.4	0	0	0.43
235900	0.43	0.4	0.4	0	0	0.43
236000	0.43	0.4	0.4	0	0	0.43
236100	0.43	0.4	0.4	0	0	0.43
236200	0.43	0.4	0.4	0	0	0.43
236300	0.42	0.4	0.4	0	0	0.42
236400	0.42	0.4	0.4	0	0	0.42
236500	0.42	0.4	0.4	0	0	0.42
236600	0.42	0.4	0.4	0	0	0.42
236700	0.42	0.4	0.4	0	0	0.42
236800	0.42	0.4	0.4	0	0	0.42
236900	0.42	0.4	0.4	0	0	0.42
237000	0.42	0.4	0.4	0	0	0.42
237100	0.43	0.4	0.4	0	0	0.43
237200	0.43	0.4	0.4	0	0	0.43
237300	0.43	0.4	0.4	0	0	0.43
237400	0.43	0.4	0.4	0	0	0.43
237500	0.43	0.4	0.4	0	0	0.43
237600	0.43	0.4	0.4	0	0	0.43
237700	0.42	0.4	0.4	0	0	0.42
237800	0.42	0.4	0.4	0	0	0.42
237900	0.42	0.4	0.4	0	0	0.42
238000	0.42	0.4	0.4	0	0	0.42
238100	0.42	0.4	0.4	0	0	0.42
238200	0.42	0.4	0.4	0	0	0.42
238300	0.42	0.4	0.4	0	0	0.42
238400	0.42	0.4	0.4	0	0	0.42
238500	0.42	0.4	0.4	0	0	0.42
238600	0.43	0.4	0.4	0	0	0.43
238700	0.43	0.4	0.4	0	0	0.43
238800	0.42	0.4	0.4	0	0	0.42
238900	0.42	0.4	0.4	0	0	0.42
239000	0.42	0.4	0.4	0	0	0.42
239100	0.42	0.4	0.4	0	0	0.42
239200	0.41	0.4	0.4	0	0	0.41
239300	0.41	0.41	0.41	0	0	0.41
239400	0.41	0.41	0.41	0	0	0.41
239500	0.41	0.41	0.41	0	0	0.41
239600	0.41	0.41	0.41	0	0	0.41
239700	0.42	0.41	0.41	0	0	0.42
239800	0.42	0.41	0.41	0	0	0.42
239900	0.42	0.41	0.41	0	0	0.42
240000	0.42	0.41	0.41	0	0	0.42
240100	0.41	0.41	0.41	0	0	0.41
240200	0.41	0.41	0.41	0	0	0.41
240300	0.41	0.41	0.41	0	0	0.41
240400	0.41	0.41	0.41	0	0	0.41
240500	0.41	0.41	0.41	0	0	0.41
240600	0.41	0.41	0.41	0	0	0.41
240700	0.41	0.41	0.41	0	0	0.41
240800	0.41	0.41	0.41	0	0	0.41
240900	0.41	0.41	0.41	0	0	0.41
241000	0.41	0.41	0.41	0	0	0.41
241100	0.41	0.41	0.41	0	0	0.41
241200	0.41	0.41	0.41	0	0	0.41
241300	0.41	0.41	0.41	0	0	0.41
241400	0.41	0.41	0.41	0	0	0.41
241500	0.41	0.41	0.41	0	0	0.41
241600	0.41	0.41	0.41	0	0	0.41
241700	0.41	0.41	0.41	0	0	0.41
241800	0.41	0.41	0.41	0	0	0.41
241900	0.41	0.41	0.41	0	0	0.41
242000	0.41	0.41	0.41	0	0	0.41
242100	0.41	0.41	0.41	0	0	0.41
242200	0.41	0.41	0.41	0	0	0.41
242300	0.41	0.41	0.41	0	0	0.41
242400	0.42	0.41	0.41	0	0	0.42
242500	0.42	0.41	0.41	0	0	0.42
242600	0.41	0.41	0.41	0	0	0.41
242700	0.41	0.41	0.41	0	0	0.41
242800	0.41	0.41	0.41	0	0	0.41
242900	0.41	0.41	0.41	0	0	0.41
243000	0.41	0.41	0.41	0	0	0.41
243100	0.41	0.41	0.41	0	0	0.41
243200	0.41	0.41	0.41	0	0	0.41
243300	0.41	0.41	0.41	0	0	0.41
243400	0.41	0.4	0.4	0	0	0.41
243500	0.41	0.4	0.4	0	0	0.41
243600	0.41	0.4	0.4	0	0	0.41
243700	0.41	0.4	0.4	0	0	0.41
243800	0.41	0.4	0.4	0	0	0.41
243900	0.41	0.4	0.4	0	0	0.41
244000	0.41	0.4	0.4	0	0	0.41
244100	0.41	0.4	0.4	0	0	0.41
244200	0.41	0.4	0.4	0	0	0.41
244300	0.4	0.4	0.4	0	0	0.4
244400	0.4	0.4	0.4	0	0	0.4
244500	0.4	0.4	0.4	0	0	0.4
244600	0.4	0.4	0.4	0	0	0.4
244700	0.4	0.4	0.4	0	0	0.4
244800	0.4	0.4	0.4	0	0	0.4
244900	0.4	0.4	0.4	0	0	0.4
245000	0.4	0.4	0.4	0	0	0.4
245100	0.4	0.4	0.4	0	0	0.4
245200	0.4	0.4	0.4	0	0	0.4
245300	0.4	0.4	0.4	0	0	0.4
245400	0.39	0.4	0.4	0	0	0.39
245500	0.39	0.4	0.4	0	0	0.39
245600	0.39	0.4	0.4	0	0	0.39
245700	0.39	0.4	0.4	0	0	0.39
245800	0.39	0.4	0.4	0	0	0.39
245900	0.4	0.4	0.4	0	0	0.4
246000	0.4	0.4	0.4	0	0	0.4
246100	0.4	0.4	0.4	0	0	0.4
246200	0.4	0.4	0.4	0	0	0.4
246300	0.4	0.4	0.4	0	0	0.4
246400	0.4	0.4	0.4	0	0	0.4
246500	0.4	0.4	0.4	0	0	0.4
246600	0.4	0.4	0.4	0	0	0.4
246700	0.4	0.4	0.4	0	0	0.4
246800	0.4	0.4	0.4	0	0	0.4
246900	0.4	0.4	0.4	0	0	0.4
247000	0.4	0.4	0.4	0	0	0.4
247100	0.4	0.4	0.4	0	0	0.4
247200	0.4	0.4	0.4	0	0	0.4
247300	0.4	0.4	0.4	0	0	0.4
247400	0.4	0.4	0.4	0	0	0.4
247500	0.4	0.4	0.4	0	0	0.4
247600	0.4	0.4	0.4	0	0	0.4
247700	0.4	0.4	0.4	0	0	0.4
247800	0.41	0.4	0.4	0	0	0.41
247900	0.4	0.4	0.4	0	0	0.4
248000	0.4	0.41	0.41	0	0	0.4
248100	0.4	0.41	0.41	0	0	0.4
248200	0.4	0.41	0.41	0	0	0.4
248300	0.4	0.41	0.41	0	0	0.4
248400	0.4	0.41	0.41	0	0	0.4
248500	0.4	0.41	0.41	0	0	0.4
248600	0.4	0.42	0.42	0	0	0.4
248700	0.4	0.42	0.42	0	0	0.4
248800	0.4	0.42	0.42	0	0	0.4
248900	0.4	0.42	0.42	0	0	0.4
249000	0.4	0.42	0.42	0	0	0.4
249100	0.4	0.42	0.42	0	0	0.4
249200	0.4	0.42	0.42	0	0	0.4
249300	0.4	0.42	0.42	0	0	0.4
249400	0.4	0.42	0.42	0	0	0.4
249500	0.4	0.42	0.42	0	0	0.4
249600	0.4	0.42	0.42	0	0	0.4
249700	0.4	0.42	0.42	0	0	0.4
249800	0.4	0.42	0.42	0	0	0.4
249900	0.4	0.42	0.42	0	0	0.4
250000	0.4	0.42	0.42	0	0	0.4
250100	0.4	0.42	0.42	0	0	0.4
250200	0.4	0.42	0.42	0	0	0.4
250300	0.4	0.42	0.42	0	0	0.4
250400	0.4	0.42	0.42	0	0	0.4
250500	0.4	0.42	0.42	0	0	0.4
250600	0.4	0.42	0.42	0	0	0.4
250700	0.4	0.42	0.42	0	0	0.4
250800	0.4	0.42	0.42	0	0	0.4
250900	0.4	0.42	0.42	0	0	0.4
251000	0.41	0.42	0.42	0	0	0.41
251100	0.41	0.42	0.42	0	0	0.41
251200	0.41	0.42	0.42	0	0	0.41
251300	0.4	0.42	0.42	0	0	0.4
251400	0.4	0.42	0.42	0	0	0.4
251500	0.4	0.42	0.42	0	0	0.4
251600	0.4	0.42	0.42	0	0	0.4
251700	0.4	0.42	0.42	0	0	0.4
251800	0.4	0.42	0.42	0	0	0.4
251900	0.4	0.42	0.42	0	0	0.4
252000	0.41	0.42	0.42	0	0	0.41
252100	0.41	0.42	0.42	0	0	0.41
252200	0.41	0.42	0.42	0	0	0.41
252300	0.41	0.42	0.42	0	0	0.41
252400	0.41	0.42	0.42	0	0	0.41
252500	0.41	0.42	0.42	0	0	0.41
252600	0.42	0.42	0.42	0	0	0.42
252700	0.42	0.42	0.42	0	0	0.42
252800	0.42	0.42	0.42	0	0	0.42
252900	0.41	0.42	0.42	0	0	0.41
253000	0.41	0.42	0.42	0	0	0.41
253100	0.41	0.42	0.42	0	0	0.41
253200	0.4	0.42	0.42	0	0	0.4
253300	0.4	0.42	0.42	0	0	0.4
253400	0.4	0.42	0.42	0	0	0.4
253500	0.4	0.42	0.42	0	0	0.4
253600	0.4	0.42	0.42	0	0	0.4
253700	0.39	0.42	0.42	0	0	0.39
253800	0.39	0.42	0.42	0	0	0.39
253900	0.39	0.42	0.42	0	0	0.39
254000	0.39	0.42	0.42	0	0	0.39
254100	0.39	0.42	0.42	0	0	0.39
254200	0.39	0.42	0.42	0	0	0.39
254300	0.39	0.42	0.42	0	0	0.39
254400	0.39	0.42	0.42	0	0	0.39
254500	0.39	0.42	0.42	0	0	0.39
254600	0.39	0.42	0.42	0	0	0.39
254700	0.39	0.42	0.42	0	0	0.39
254800	0.39	0.42	0.42	0	0	0.39
254900	0.39	0.42	0.42	0	0	0.39
255000	0.39	0.42	0.42	0	0	0.39
255100	0.39	0.42	0.42	0	0	0.39
255200	0.39	0.42	0.42	0	0	0.39
255300	0.39	0.42	0.42	0	0	0.39
255400	0.39	0.42	0.42	0	0	0.39
255500	0.39	0.42	0.42	0	0	0.39
255600	0.39	0.42	0.42	0	0	0.39
255700	0.39	0.42	0.42	0	0	0.39
255800	0.39	0.42	0.42	0	0	0.39
255900	0.39	0.42	0.42	0	0	0.39
256000	0.39	0.42	0.42	0	0	0.39
256100	0.39	0.42	0.42	0	0	0.39
256200	0.39	0.42	0.42	0	0	0.39
256300	0.39	0.42	0.42	0	0	0.39
256400	0.39	0.42	0.42	0	0	0.39
256500	0.39	0.42	0.42	0	0	0.39
256600	0.39	0.42	0.42	0	0	0.39
256700	0.39	0.42	0.42	0	0	0.39
256800	0.39	0.42	0.42	0	0	0.39
256900	0.39	0.42	0.42	0	0	0.39
257000	0.39	0.42	0.42	0	0	0.39
257100	0.39	0.42	0.42	0	0	0.39
257200	0.39	0.42	0.42	0	0	0.39
257300	0.39	0.42	0.42	0	0	0.39
257400	0.39	0.42	0.42	0	0	0.39
257500	0.39	0.42	0.42	0	0	0.39
257600	0.39	0.42	0.42	0	0	0.39
257700	0.39	0.42	0.42	0	0	0.39
257800	0.39	0.42	0.42	0	0	0.39
257900	0.39	0.42	0.42	0	0	0.39
258000	0.39	0.42	0.42	0	0	0.39
258100	0.38	0.41	0.41	0	0	0.38
258200	0.38	0.41	0.41	0	0	0.38
258300	0.38	0.41	0.41	0	0	0.38
258400	0.39	0.41	0.41	0	0	0.39
258500	0.38	0.41	0.41	0	0	0.38
258600	0.38	0.41	0.41	0	0	0.38
258700	0.38	0.41	0.41	0	0	0.38
258800	0.38	0.41	0.41	0	0	0.38
258900	0.38	0.41	0.41	0	0	0.38
259000	0.38	0.41	0.41	0	0	0.38
259100	0.39	0.41	0.41	0	0	0.39
259200	0.38	0.41	0.41	0	0	0.38
259300	0.38	0.41	0.41	0	0	0.38
259400	0.38	0.41	0.41	0	0	0.38
259500	0.38	0.41	0.41	0	0	0.38
259600	0.38	0.41	0.41	0	0	0.38
259700	0.38	0.41	0.41	0	0	0.38
259800	0.38	0.41	0.41	0	0	0.38
259900	0.38	0.41	0.41	0	0	0.38
260000	0.38	0.41	0.41	0	0	0.38
260100	0.38	0.41	0.41	0	0	0.38
260200	0.38	0.41	0.41	0	0	0.38
260300	0.38	0.41	0.41	0	0	0.38
260400	0.38	0.41	0.41	0	0	0.38
260500	0.38	0.41	0.41	0	0	0.38
260600	0.38	0.41	0.41	0	0	0.38
260700	0.38	0.41	0.41	0	0	0.38
260800	0.38	0.41	0.41	0	0	0.38
260900	0.38	0.42	0.42	0	0	0.38
261000	0.38	0.42	0.42	0	0	0.38
261100	0.38	0.41	0.41	0	0	0.38
261200	0.38	0.41	0.41	0	0	0.38
261300	0.38	0.41	0.41	0	0	0.38
261400	0.39	0.41	0.41	0	0	0.39
261500	0.39	0.41	0.41	0	0	0.39
261600	0.39	0.41	0.41	0	0	0.39
261700	0.39	0.41	0.41	0	0	0.39
261800	0.39	0.41	0.41	0	0	0.39
261900	0.39	0.41	0.41	0	0	0.39
262000	0.39	0.41	0.41	0	0	0.39
262100	0.39	0.41	0.41	0	0	0.39
262200	0.39	0.41	0.41	0	0	0.39
262300	0.39	0.41	0.41	0	0	0.39
262400	0.39	0.41	0.41	0	0	0.39
262500	0.39	0.41	0.41	0	0	0.39
262600	0.39	0.41	0.41	0	0	0.39
262700	0.39	0.41	0.41	0	0	0.39
262800	0.39	0.41	0.41	0	0	0.39
262900	0.4	0.41	0.41	0	0	0.4
263000	0.39	0.41	0.41	0	0	0.39
263100	0.39	0.41	0.41	0	0	0.39
263200	0.39	0.41	0.41	0	0	0.39
263300	0.39	0.41	0.41	0	0	0.39
263400	0.39	0.41	0.41	0	0	0.39
263500	0.39	0.41	0.41	0	0	0.39
263600	0.39	0.41	0.41	0	0	0.39
263700	0.39	0.41	0.41	0	0	0.39
263800	0.39	0.42	0.42	0	0	0.39
263900	0.39	0.41	0.41	0	0	0.39
264000	0.39	0.41	0.41	0	0	0.39
264100	0.39	0.41	0.41	0	0	0.39
264200	0.39	0.41	0.41	0	0	0.39
264300	0.39	0.41	0.41	0	0	0.39
264400	0.39	0.41	0.41	0	0	0.39
264500	0.39	0.41	0.41	0	0	0.39
264600	0.39	0.41	0.41	0	0	0.39
264700	0.39	0.41	0.41	0	0	0.39
264800	0.39	0.41	0.41	0	0	0.39
264900	0.39	0.41	0.41	0	0	0.39
265000	0.39	0.41	0.41	0	0	0.39
265100	0.39	0.41	0.41	0	0	0.39
265200	0.39	0.41	0.41	0	0	0.39
265300	0.39	0.41	0.41	0	0	0.39
265400	0.39	0.41	0.41	0	0	0.39
265500	0.39	0.41	0.41	0	0	0.39
265600	0.39	0.41	0.41	0	0	0.39
265700	0.39	0.41	0.41	0	0	0.39
265800	0.39	0.41	0.41	0	0	0.39
265900	0.39	0.41	0.41	0	0	0.39
266000	0.39	0.41	0.41	0	0	0.39
266100	0.39	0.41	0.41	0	0	0.39
266200	0.39	0.41	0.41	0	0	0.39
266300	0.39	0.42	0.42	0	0	0.39
266400	0.39	0.42	0.42	0	0	0.39
266500	0.39	0.42	0.42	0	0	0.39
266600	0.39	0.42	0.42	0	0	0.39
266700	0.39	0.41	0.41	0	0	0.39
266800	0.39	0.41	0.41	0	0	0.39
266900	0.39	0.41	0.41	0	0	0.39
267000	0.39	0.41	0.41	0	0	0.39
267100	0.39	0.41	0.41	0	0	0.39
267200	0.39	0.41	0.41	0	0	0.39
267300	0.39	0.41	0.41	0	0	0.39
267400	0.39	0.41	0.41	0	0	0.39
267500	0.39	0.41	0.41	0	0	0.39
267600	0.39	0.41	0.41	0	0	0.39
267700	0.39	0.41	0.41	0	0	0.39
267800	0.39	0.41	0.41	0	0	0.39
267900	0.39	0.41	0.41	0	0	0.39
268000	0.39	0.41	0.41	0	0	0.39
268100	0.39	0.41	0.41	0	0	0.39
268200	0.39	0.41	0.41	0	0	0.39
268300	0.39	0.41	0.41	0	0	0.39
268400	0.39	0.41	0.41	0	0	0.39
268500	0.39	0.41	0.41	0	0	0.39
268600	0.39	0.42	0.42	0	0	0.39
268700	0.39	0.42	0.42	0	0	0.39
268800	0.39	0.42	0.42	0	0	0.39
268900	0.39	0.42	0.42	0	0	0.39
269000	0.39	0.42	0.42	0	0	0.39
269100	0.39	0.42	0.42	0	0	0.39
269200	0.39	0.42	0.42	0	0	0.39
269300	0.39	0.43	0.43	0	0	0.39
269400	0.39	0.43	0.43	0	0	0.39
269500	0.39	0.42	0.42	0	0	0.39
269600	0.39	0.42	0.42	0	0	0.39
269700	0.39	0.42	0.42	0	0	0.39
269800	0.39	0.42	0.42	0	0	0.39
269900	0.39	0.42	0.42	0	0	0.39
270000	0.39	0.42	0.42	0	0	0.39
270100	0.39	0.42	0.42	0	0	0.39
270200	0.39	0.42	0.42	0	0	0.39
270300	0.39	0.42	0.42	0	0	0.39
270400	0.39	0.42	0.42	0	0	0.39
270500	0.39	0.42	0.42	0	0	0.39
270600	0.39	0.42	0.42	0	0	0.39
270700	0.39	0.42	0.42	0	0	0.39
270800	0.39	0.42	0.42	0	0	0.39
270900	0.39	0.42	0.42	0	0	0.39
271000	0.39	0.42	0.42	0	0	0.39
271100	0.39	0.42	0.42	0	0	0.39
271200	0.39	0.42	0.42	0	0	0.39
271300	0.39	0.42	0.42	0	0	0.39
271400	0.39	0.42	0.42	0	0	0.39
271500	0.39	0.42	0.42	0	0	0.39
271600	0.39	0.42	0.42	0	0	0.39
271700	0.39	0.42	0.42	0	0	0.39
271800	0.39	0.42	0.42	0	0	0.39
271900	0.39	0.42	0.42	0	0	0.39
272000	0.39	0.42	0.42	0	0	0.39
272100	0.4	0.42	0.42	0	0	0.4
272200	0.39	0.42	0.42	0	0	0.39
272300	0.39	0.42	0.42	0	0	0.39
272400	0.38	0.42	0.42	0	0	0.38
272500	0.38	0.42	0.42	0	0	0.38
272600	0.38	0.42	0.42	0	0	0.38
272700	0.39	0.42	0.42	0	0	0.39
272800	0.38	0.42	0.42	0	0	0.38
272900	0.38	0.42	0.42	0	0	0.38
273000	0.38	0.42	0.42	0	0	0.38
273100	0.38	0.42	0.42	0	0	0.38
273200	0.38	0.42	0.42	0	0	0.38
273300	0.38	0.42	0.42	0	0	0.38
273400	0.38	0.42	0.42	0	0	0.38
273500	0.38	0.42	0.42	0	0	0.38
273600	0.38	0.42	0.42	0	0	0.38
273700	0.38	0.42	0.42	0	0	0.38
273800	0.38	0.42	0.42	0	0	0.38
273900	0.38	0.42	0.42	0	0	0.38
274000	0.38	0.42	0.42	0	0	0.38
274100	0.38	0.42	0.42	0	0	0.38
274200	0.38	0.42	0.42	0	0	0.38
274300	0.38	0.42	0.42	0	0	0.38
274400	0.38	0.42	0.42	0	0	0.38
274500	0.38	0.42	0.42	0	0	0.38
274600	0.38	0.42	0.42	0	0	0.38
274700	0.38	0.42	0.42	0	0	0.38
274800	0.38	0.42	0.42	0	0	0.38
274900	0.38	0.42	0.42	0	0	0.38
275000	0.39	0.42	0.42	0	0	0.39
275100	0.4	0.42	0.42	0	0	0.4
275200	0.4	0.42	0.42	0	0	0.4
275300	0.39	0.42	0.42	0	0	0.39
275400	0.38	0.42	0.42	0	0	0.38
275500	0.38	0.42	0.42	0	0	0.38
275600	0.38	0.42	0.42	0	0	0.38
275700	0.38	0.42	0.42	0	0	0.38
275800	0.38	0.43	0.43	0	0	0.38
275900	0.38	0.43	0.43	0	0	0.38
276000	0.38	0.43	0.43	0	0	0.38
276100	0.39	0.42	0.42	0	0	0.39
276200	0.38	0.41	0.41	0	0	0.38
276300	0.38	0.41	0.41	0	0	0.38
276400	0.38	0.41	0.41	0	0	0.38
276500	0.38	0.41	0.41	0	0	0.38
276600	0.38	0.41	0.41	0	0	0.38
276700	0.38	0.41	0.41	0	0	0.38
276800	0.38	0.41	0.41	0	0	0.38
276900	0.38	0.41	0.41	0	0	0.38
277000	0.38	0.42	0.42	0	0	0.38
277100	0.38	0.42	0.42	0	0	0.38
277200	0.38	0.42	0.42	0	0	0.38
277300	0.38	0.42	0.42	0	0	0.38
277400	0.38	0.42	0.42	0	0	0.38
277500	0.38	0.42	0.42	0	0	0.38
277600	0.38	0.42	0.42	0	0	0.38
277700	0.38	0.42	0.42	0	0	0.38
277800	0.38	0.42	0.42	0	0	0.38
277900	0.38	0.42	0.42	0	0	0.38
278000	0.38	0.42	0.42	0	0	0.38
278100	0.38	0.42	0.42	0	0	0.38
278200	0.38	0.43	0.43	0	0	0.38
278300	0.38	0.42	0.42	0	0	0.38
278400	0.38	0.42	0.42	0	0	0.38
278500	0.38	0.42	0.42	0	0	0.38
278600	0.38	0.42	0.42	0	0	0.38
278700	0.38	0.42	0.42	0	0	0.38
278800	0.38	0.42	0.42	0	0	0.38
278900	0.38	0.42	0.42	0	0	0.38
279000	0.38	0.44	0.44	0	0	0.38
279100	0.38	0.43	0.43	0	0	0.38
279200	0.38	0.43	0.43	0	0	0.38
279300	0.38	0.43	0.43	0	0	0.38
279400	0.38	0.43	0.43	0	0	0.38
279500	0.39	0.43	0.43	0	0	0.39
279600	0.39	0.43	0.43	0	0	0.39
279700	0.39	0.43	0.43	0	0	0.39
279800	0.39	0.43	0.43	0	0	0.39
279900	0.39	0.43	0.43	0	0	0.39
280000	0.39	0.43	0.43	0	0	0.39
280100	0.39	0.43	0.43	0	0	0.39
280200	0.39	0.43	0.43	0	0	0.39
280300	0.39	0.42	0.42	0	0	0.39
280400	0.39	0.42	0.42	0	0	0.39
280500	0.39	0.42	0.42	0	0	0.39
280600	0.39	0.42	0.42	0	0	0.39
280700	0.39	0.42	0.42	0	0	0.39
280800	0.39	0.41	0.41	0	0	0.39
280900	0.39	0.41	0.41	0	0	0.39
281000	0.39	0.4	0.4	0	0	0.39
281100	0.39	0.4	0.4	0	0	0.39
281200	0.39	0.4	0.4	0	0	0.39
281300	0.39	0.4	0.4	0	0	0.39
281400	0.39	0.41	0.41	0	0	0.39
281500	0.39	0.41	0.41	0	0	0.39
281600	0.39	0.41	0.41	0	0	0.39
281700	0.39	0.41	0.41	0	0	0.39
281800	0.39	0.41	0.41	0	0	0.39
281900	0.39	0.41	0.41	0	0	0.39
282000	0.4	0.41	0.41	0	0	0.4
282100	0.39	0.41	0.41	0	0	0.39
282200	0.39	0.41	0.41	0	0	0.39
282300	0.39	0.41	0.41	0	0	0.39
282400	0.39	0.41	0.41	0	0	0.39
282500	0.39	0.41	0.41	0	0	0.39
282600	0.39	0.41	0.41	0	0	0.39
282700	0.39	0.41	0.41	0	0	0.39
282800	0.39	0.41	0.41	0	0	0.39
282900	0.39	0.41	0.41	0	0	0.39
283000	0.39	0.41	0.41	0	0	0.39
283100	0.39	0.41	0.41	0	0	0.39
283200	0.39	0.41	0.41	0	0	0.39
283300	0.39	0.41	0.41	0	0	0.39
283400	0.39	0.41	0.41	0	0	0.39
283500	0.39	0.43	0.43	0	0	0.39
283600	0.39	0.42	0.42	0	0	0.39
283700	0.39	0.41	0.41	0	0	0.39
283800	0.39	0.41	0.41	0	0	0.39
283900	0.39	0.41	0.41	0	0	0.39
284000	0.39	0.41	0.41	0	0	0.39
284100	0.39	0.41	0.41	0	0	0.39
284200	0.39	0.41	0.41	0	0	0.39
284300	0.39	0.41	0.41	0	0	0.39
284400	0.39	0.41	0.41	0	0	0.39
284500	0.39	0.41	0.41	0	0	0.39
284600	0.39	0.4	0.4	0	0	0.39
284700	0.39	0.4	0.4	0	0	0.39
284800	0.39	0.4	0.4	0	0	0.39
284900	0.39	0.4	0.4	0	0	0.39
285000	0.4	0.39	0.39	0	0	0.4
285100	0.39	0.39	0.39	0	0	0.39
285200	0.39	0.39	0.39	0	0	0.39
285300	0.39	0.39	0.39	0	0	0.39
285400	0.39	0.39	0.39	0	0	0.39
285500	0.4	0.39	0.39	0	0	0.4
285600	0.39	0.39	0.39	0	0	0.39
285700	0.39	0.39	0.39	0	0	0.39
285800	0.39	0.39	0.39	0	0	0.39
285900	0.39	0.39	0.39	0	0	0.39
286000	0.39	0.39	0.39	0	0	0.39
286100	0.4	0.39	0.39	0	0	0.4
286200	0.4	0.39	0.39	0	0	0.4
286300	0.4	0.39	0.39	0	0	0.4
286400	0.4	0.39	0.39	0	0	0.4
286500	0.4	0.39	0.39	0	0	0.4
286600	0.4	0.39	0.39	0	0	0.4
286700	0.4	0.39	0.39	0	0	0.4
286800	0.4	0.39	0.39	0	0	0.4
286900	0.4	0.39	0.39	0	0	0.4
287000	0.4	0.39	0.39	0	0	0.4
287100	0.4	0.39	0.39	0	0	0.4
287200	0.4	0.39	0.39	0	0	0.4
287300	0.4	0.39	0.39	0	0	0.4
287400	0.4	0.39	0.39	0	0	0.4
287500	0.4	0.39	0.39	0	0	0.4
287600	0.4	0.39	0.39	0	0	0.4
287700	0.4	0.39	0.39	0	0	0.4
287800	0.4	0.39	0.39	0	0	0.4
287900	0.4	0.39	0.39	0	0	0.4
288000	0.4	0.39	0.39	0	0	0.4
288100	0.4	0.39	0.39	0	0	0.4
288200	0.4	0.39	0.39	0	0	0.4
288300	0.4	0.39	0.39	0	0	0.4
288400	0.4	0.39	0.39	0	0	0.4
288500	0.4	0.39	0.39	0	0	0.4
288600	0.4	0.39	0.39	0	0	0.4
288700	0.4	0.39	0.39	0	0	0.4
288800	0.4	0.39	0.39	0	0	0.4
288900	0.4	0.39	0.39	0	0	0.4
289000	0.4	0.39	0.39	0	0	0.4
289100	0.4	0.39	0.39	0	0	0.4
289200	0.4	0.39	0.39	0	0	0.4
289300	0.4	0.39	0.39	0	0	0.4
289400	0.4	0.39	0.39	0	0	0.4
289500	0.4	0.4	0.4	0	0	0.4
289600	0.4	0.4	0.4	0	0	0.4
289700	0.4	0.4	0.4	0	0	0.4
289800	0.4	0.4	0.4	0	0	0.4
289900	0.4	0.4	0.4	0	0	0.4
290000	0.4	0.41	0.41	0	0	0.4
290100	0.4	0.4	0.4	0	0	0.4
290200	0.4	0.4	0.4	0	0	0.4
290300	0.4	0.4	0.4	0	0	0.4
290400	0.4	0.4	0.4	0	0	0.4
290500	0.4	0.4	0.4	0	0	0.4
290600	0.4	0.4	0.4	0	0	0.4
290700	0.41	0.4	0.4	0	0	0.41
290800	0.4	0.4	0.4	0	0	0.4
290900	0.4	0.4	0.4	0	0	0.4
291000	0.4	0.4	0.4	0	0	0.4
291100	0.4	0.4	0.4	0	0	0.4
291200	0.4	0.4	0.4	0	0	0.4
291300	0.4	0.4	0.4	0	0	0.4
291400	0.4	0.4	0.4	0	0	0.4
291500	0.4	0.4	0.4	0	0	0.4
291600	0.4	0.4	0.4	0	0	0.4
291700	0.4	0.4	0.4	0	0	0.4
291800	0.4	0.4	0.4	0	0	0.4
291900	0.4	0.41	0.41	0	0	0.4
292000	0.4	0.41	0.41	0	0	0.4
292100	0.4	0.41	0.41	0	0	0.4
292200	0.4	0.41	0.41	0	0	0.4
292300	0.4	0.41	0.41	0	0	0.4
292400	0.4	0.41	0.41	0	0	0.4
292500	0.4	0.42	0.42	0	0	0.4
292600	0.4	0.42	0.42	0	0	0.4
292700	0.4	0.41	0.41	0	0	0.4
292800	0.4	0.41	0.41	0	0	0.4
292900	0.4	0.41	0.41	0	0	0.4
293000	0.4	0.41	0.41	0	0	0.4
293100	0.4	0.42	0.42	0	0	0.4
293200	0.4	0.42	0.42	0	0	0.4
293300	0.4	0.42	0.42	0	0	0.4
293400	0.4	0.42	0.42	0	0	0.4
293500	0.4	0.42	0.42	0	0	0.4
293600	0.4	0.42	0.42	0	0	0.4
293700	0.4	0.42	0.42	0	0	0.4
293800	0.4	0.42	0.42	0	0	0.4
293900	0.41	0.42	0.42	0	0	0.41
294000	0.41	0.42	0.42	0	0	0.41
294100	0.41	0.43	0.43	0	0	0.41
294200	0.41	0.43	0.43	0	0	0.41
294300	0.41	0.43	0.43	0	0	0.41
294400	0.41	0.42	0.42	0	0	0.41
294500	0.41	0.42	0.42	0	0	0.41
294600	0.41	0.42	0.42	0	0	0.41
294700	0.41	0.42	0.42	0	0	0.41
294800	0.41	0.42	0.42	0	0	0.41
294900	0.41	0.42	0.42	0	0	0.41
295000	0.41	0.42	0.42	0	0	0.41
295100	0.41	0.42	0.42	0	0	0.41
295200	0.41	0.42	0.42	0	0	0.41
295300	0.41	0.42	0.42	0	0	0.41
295400	0.41	0.42	0.42	0	0	0.41
295500	0.42	0.42	0.42	0	0	0.42
295600	0.42	0.42	0.42	0	0	0.42
295700	0.42	0.42	0.42	0	0	0.42
295800	0.42	0.42	0.42	0	0	0.42
295900	0.42	0.42	0.42	0	0	0.42
296000	0.42	0.42	0.42	0	0	0.42
296100	0.42	0.42	0.42	0	0	0.42
296200	0.42	0.42	0.42	0	0	0.42
296300	0.42	0.42	0.42	0	0	0.42
296400	0.42	0.42	0.42	0	0	0.42
296500	0.42	0.42	0.42	0	0	0.42
296600	0.42	0.42	0.42	0	0	0.42
296700	0.42	0.42	0.42	0	0	0.42
296800	0.42	0.42	0.42	0	0	0.42
296900	0.42	0.42	0.42	0	0	0.42
297000	0.42	0.42	0.42	0	0	0.42
297100	0.42	0.42	0.42	0	0	0.42
297200	0.42	0.42	0.42	0	0	0.42
297300	0.42	0.42	0.42	0	0	0.42
297400	0.42	0.42	0.42	0	0	0.42
297500	0.42	0.42	0.42	0	0	0.42
297600	0.41	0.42	0.42	0	0	0.41
297700	0.41	0.42	0.42	0	0	0.41
297800	0.41	0.42	0.42	0	0	0.41
297900	0.41	0.42	0.42	0	0	0.41
298000	0.41	0.42	0.42	0	0	0.41
298100	0.41	0.42	0.42	0	0	0.41
298200	0.41	0.42	0.42	0	0	0.41
298300	0.41	0.42	0.42	0	0	0.41
298400	0.41	0.42	0.42	0	0	0.41
298500	0.41	0.43	0.43	0	0	0.41
298600	0.41	0.42	0.42	0	0	0.41
298700	0.41	0.42	0.42	0	0	0.41
298800	0.41	0.42	0.42	0	0	0.41
298900	0.41	0.42	0.42	0	0	0.41
299000	0.41	0.42	0.42	0	0	0.41
299100	0.41	0.42	0.42	0	0	0.41
299200	0.41	0.42	0.42	0	0	0.41
299300	0.41	0.42	0.42	0	0	0.41
299400	0.41	0.42	0.42	0	0	0.41
299500	0.41	0.42	0.42	0	0	0.41
299600	0.41	0.42	0.42	0	0	0.41
299700	0.41	0.42	0.42	0	0	0.41
299800	0.41	0.42	0.42	0	0	0.41
299900	0.41	0.42	0.42	0	0	0.41
300000	0.41	0.42	0.42	0	0	0.41
