100	0.16	0.06	0.06	0	0	0.16
200	0.15	0.08	0.08	0	0	0.15
300	0.15	0.1	0.1	0	0	0.15
400	0.16	0.11	0.11	0	0	0.16
500	0.17	0.09	0.09	0	0	0.17
600	0.17	0.09	0.09	0	0	0.17
700	0.19	0.09	0.09	0	0	0.19
800	0.19	0.09	0.09	0	0	0.19
900	0.21	0.09	0.09	0	0	0.21
1000	0.22	0.1	0.1	0	0	0.22
1100	0.25	0.1	0.1	0	0	0.25
1200	0.23	0.12	0.12	0	0	0.23
1300	0.22	0.14	0.14	0	0	0.22
1400	0.23	0.15	0.15	0	0	0.23
1500	0.22	0.15	0.15	0	0	0.22
1600	0.2	0.14	0.14	0	0	0.2
1700	0.2	0.14	0.14	0	0	0.2
1800	0.21	0.14	0.14	0	0	0.21
1900	0.21	0.14	0.14	0	0	0.21
2000	0.21	0.14	0.14	0	0	0.21
2100	0.21	0.12	0.12	0	0	0.21
2200	0.21	0.12	0.12	0	0	0.21
2300	0.24	0.12	0.12	0	0	0.24
2400	0.25	0.14	0.14	0	0	0.25
2500	0.24	0.12	0.12	0	0	0.24
2600	0.24	0.12	0.12	0	0	0.24
2700	0.26	0.12	0.12	0	0	0.26
2800	0.25	0.12	0.12	0	0	0.25
2900	0.26	0.14	0.14	0	0	0.26
3000	0.24	0.13	0.13	0	0	0.24
3100	0.24	0.16	0.16	0	0	0.24
3200	0.24	0.17	0.17	0	0	0.24
3300	0.26	0.16	0.16	0	0	0.26
3400	0.25	0.18	0.18	0	0	0.25
3500	0.26	0.17	0.17	0	0	0.26
3600	0.26	0.16	0.16	0	0	0.26
3700	0.26	0.16	0.16	0	0	0.26
3800	0.26	0.15	0.15	0	0	0.26
3900	0.27	0.17	0.17	0	0	0.27
4000	0.27	0.16	0.16	0	0	0.27
4100	0.27	0.14	0.14	0	0	0.27
4200	0.27	0.14	0.14	0	0	0.27
4300	0.27	0.14	0.14	0	0	0.27
4400	0.28	0.15	0.15	0	0	0.28
4500	0.28	0.14	0.14	0	0	0.28
4600	0.28	0.16	0.16	0	0	0.28
4700	0.28	0.17	0.17	0	0	0.28
4800	0.29	0.17	0.17	0	0	0.29
4900	0.29	0.18	0.18	0	0	0.29
5000	0.29	0.18	0.18	0	0	0.29
5100	0.29	0.2	0.2	0	0	0.29
5200	0.29	0.19	0.19	0	0	0.29
5300	0.32	0.19	0.19	0	0	0.32
5400	0.32	0.2	0.2	0	0	0.32
5500	0.31	0.19	0.19	0	0	0.31
5600	0.31	0.21	0.21	0	0	0.31
5700	0.31	0.22	0.22	0	0	0.31
5800	0.31	0.22	0.22	0	0	0.31
5900	0.33	0.22	0.22	0	0	0.33
6000	0.34	0.22	0.22	0	0	0.34
6100	0.34	0.23	0.23	0	0	0.34
6200	0.34	0.23	0.23	0	0	0.34
6300	0.35	0.23	0.23	0	0	0.35
6400	0.34	0.26	0.26	0	0	0.34
6500	0.35	0.27	0.27	0	0	0.35
6600	0.34	0.27	0.27	0	0	0.34
6700	0.34	0.26	0.26	0	0	0.34
6800	0.34	0.26	0.26	0	0	0.34
6900	0.33	0.26	0.26	0	0	0.33
7000	0.32	0.25	0.25	0	0	0.32
7100	0.33	0.27	0.27	0	0	0.33
7200	0.31	0.26	0.26	0	0	0.31
7300	0.3	0.26	0.26	0	0	0.3
7400	0.31	0.26	0.26	0	0	0.31
7500	0.31	0.26	0.26	0	0	0.31
7600	0.31	0.24	0.24	0	0	0.31
7700	0.32	0.23	0.23	0	0	0.32
7800	0.32	0.24	0.24	0	0	0.32
7900	0.33	0.24	0.24	0	0	0.33
8000	0.33	0.26	0.26	0	0	0.33
8100	0.33	0.22	0.22	0	0	0.33
8200	0.31	0.23	0.23	0	0	0.31
8300	0.31	0.24	0.24	0	0	0.31
8400	0.31	0.24	0.24	0	0	0.31
8500	0.32	0.24	0.24	0	0	0.32
8600	0.31	0.25	0.25	0	0	0.31
8700	0.31	0.25	0.25	0	0	0.31
8800	0.3	0.25	0.25	0	0	0.3
8900	0.3	0.25	0.25	0	0	0.3
9000	0.28	0.24	0.24	0	0	0.28
9100	0.28	0.22	0.22	0	0	0.28
9200	0.28	0.23	0.23	0	0	0.28
9300	0.28	0.23	0.23	0	0	0.28
9400	0.27	0.23	0.23	0	0	0.27
9500	0.28	0.24	0.24	0	0	0.28
9600	0.28	0.24	0.24	0	0	0.28
9700	0.28	0.25	0.25	0	0	0.28
9800	0.28	0.25	0.25	0	0	0.28
9900	0.28	0.25	0.25	0	0	0.28
10000	0.31	0.26	0.26	0	0	0.31
10100	0.32	0.26	0.26	0	0	0.32
10200	0.3	0.25	0.25	0	0	0.3
10300	0.31	0.24	0.24	0	0	0.31
10400	0.3	0.24	0.24	0	0	0.3
10500	0.29	0.23	0.23	0	0	0.29
10600	0.29	0.24	0.24	0	0	0.29
10700	0.3	0.23	0.23	0	0	0.3
10800	0.31	0.23	0.23	0	0	0.31
10900	0.3	0.24	0.24	0	0	0.3
11000	0.3	0.23	0.23	0	0	0.3
11100	0.3	0.23	0.23	0	0	0.3
11200	0.31	0.23	0.23	0	0	0.31
11300	0.31	0.26	0.26	0	0	0.31
11400	0.31	0.25	0.25	0	0	0.31
11500	0.3	0.24	0.24	0	0	0.3
11600	0.3	0.23	0.23	0	0	0.3
11700	0.3	0.23	0.23	0	0	0.3
11800	0.3	0.23	0.23	0	0	0.3
11900	0.32	0.23	0.23	0	0	0.32
12000	0.31	0.22	0.22	0	0	0.31
12100	0.3	0.21	0.21	0	0	0.3
12200	0.3	0.22	0.22	0	0	0.3
12300	0.3	0.22	0.22	0	0	0.3
12400	0.31	0.23	0.23	0	0	0.31
12500	0.31	0.23	0.23	0	0	0.31
12600	0.31	0.25	0.25	0	0	0.31
12700	0.3	0.25	0.25	0	0	0.3
12800	0.3	0.25	0.25	0	0	0.3
12900	0.31	0.24	0.24	0	0	0.31
13000	0.32	0.24	0.24	0	0	0.32
13100	0.31	0.25	0.25	0	0	0.31
13200	0.31	0.26	0.26	0	0	0.31
13300	0.31	0.26	0.26	0	0	0.31
13400	0.32	0.27	0.27	0	0	0.32
13500	0.32	0.27	0.27	0	0	0.32
13600	0.32	0.28	0.28	0	0	0.32
13700	0.32	0.28	0.28	0	0	0.32
13800	0.33	0.28	0.28	0	0	0.33
13900	0.33	0.28	0.28	0	0	0.33
14000	0.33	0.29	0.29	0	0	0.33
14100	0.34	0.29	0.29	0	0	0.34
14200	0.33	0.29	0.29	0	0	0.33
14300	0.34	0.28	0.28	0	0	0.34
14400	0.34	0.28	0.28	0	0	0.34
14500	0.34	0.28	0.28	0	0	0.34
14600	0.34	0.29	0.29	0	0	0.34
14700	0.34	0.29	0.29	0	0	0.34
14800	0.34	0.3	0.3	0	0	0.34
14900	0.33	0.3	0.3	0	0	0.33
15000	0.33	0.29	0.29	0	0	0.33
15100	0.32	0.29	0.29	0	0	0.32
15200	0.32	0.29	0.29	0	0	0.32
15300	0.32	0.29	0.29	0	0	0.32
15400	0.32	0.28	0.28	0	0	0.32
15500	0.33	0.28	0.28	0	0	0.33
15600	0.34	0.28	0.28	0	0	0.34
15700	0.33	0.28	0.28	0	0	0.33
15800	0.34	0.28	0.28	0	0	0.34
15900	0.33	0.29	0.29	0	0	0.33
16000	0.33	0.29	0.29	0	0	0.33
16100	0.33	0.31	0.31	0	0	0.33
16200	0.33	0.3	0.3	0	0	0.33
16300	0.33	0.29	0.29	0	0	0.33
16400	0.33	0.29	0.29	0	0	0.33
16500	0.33	0.28	0.28	0	0	0.33
16600	0.34	0.26	0.26	0	0	0.34
16700	0.34	0.27	0.27	0	0	0.34
16800	0.34	0.29	0.29	0	0	0.34
16900	0.34	0.28	0.28	0	0	0.34
17000	0.34	0.28	0.28	0	0	0.34
17100	0.34	0.27	0.27	0	0	0.34
17200	0.34	0.25	0.25	0	0	0.34
17300	0.34	0.25	0.25	0	0	0.34
17400	0.34	0.25	0.25	0	0	0.34
17500	0.35	0.25	0.25	0	0	0.35
17600	0.35	0.26	0.26	0	0	0.35
17700	0.35	0.27	0.27	0	0	0.35
17800	0.34	0.26	0.26	0	0	0.34
17900	0.35	0.26	0.26	0	0	0.35
18000	0.35	0.28	0.28	0	0	0.35
18100	0.35	0.29	0.29	0	0	0.35
18200	0.35	0.28	0.28	0	0	0.35
18300	0.35	0.28	0.28	0	0	0.35
18400	0.35	0.27	0.27	0	0	0.35
18500	0.35	0.27	0.27	0	0	0.35
18600	0.36	0.27	0.27	0	0	0.36
18700	0.37	0.27	0.27	0	0	0.37
18800	0.38	0.27	0.27	0	0	0.38
18900	0.36	0.27	0.27	0	0	0.36
19000	0.38	0.27	0.27	0	0	0.38
19100	0.37	0.27	0.27	0	0	0.37
19200	0.37	0.27	0.27	0	0	0.37
19300	0.38	0.28	0.28	0	0	0.38
19400	0.37	0.28	0.28	0	0	0.37
19500	0.37	0.28	0.28	0	0	0.37
19600	0.37	0.28	0.28	0	0	0.37
19700	0.37	0.28	0.28	0	0	0.37
19800	0.36	0.29	0.29	0	0	0.36
19900	0.35	0.3	0.3	0	0	0.35
20000	0.33	0.31	0.31	0	0	0.33
20100	0.32	0.29	0.29	0	0	0.32
20200	0.3	0.29	0.29	0	0	0.3
20300	0.29	0.3	0.3	0	0	0.29
20400	0.28	0.3	0.3	0	0	0.28
20500	0.29	0.31	0.31	0	0	0.29
20600	0.3	0.3	0.3	0	0	0.3
20700	0.3	0.3	0.3	0	0	0.3
20800	0.29	0.28	0.28	0	0	0.29
20900	0.28	0.27	0.27	0	0	0.28
21000	0.27	0.26	0.26	0	0	0.27
21100	0.27	0.26	0.26	0	0	0.27
21200	0.27	0.26	0.26	0	0	0.27
21300	0.27	0.26	0.26	0	0	0.27
21400	0.28	0.26	0.26	0	0	0.28
21500	0.28	0.26	0.26	0	0	0.28
21600	0.27	0.26	0.26	0	0	0.27
21700	0.28	0.25	0.25	0	0	0.28
21800	0.27	0.25	0.25	0	0	0.27
21900	0.29	0.25	0.25	0	0	0.29
22000	0.29	0.26	0.26	0	0	0.29
22100	0.28	0.25	0.25	0	0	0.28
22200	0.27	0.27	0.27	0	0	0.27
22300	0.27	0.27	0.27	0	0	0.27
22400	0.27	0.27	0.27	0	0	0.27
22500	0.29	0.27	0.27	0	0	0.29
22600	0.28	0.27	0.27	0	0	0.28
22700	0.29	0.28	0.28	0	0	0.29
22800	0.28	0.28	0.28	0	0	0.28
22900	0.3	0.28	0.28	0	0	0.3
23000	0.29	0.28	0.28	0	0	0.29
23100	0.31	0.28	0.28	0	0	0.31
23200	0.31	0.28	0.28	0	0	0.31
23300	0.33	0.29	0.29	0	0	0.33
23400	0.34	0.29	0.29	0	0	0.34
23500	0.34	0.29	0.29	0	0	0.34
23600	0.34	0.29	0.29	0	0	0.34
23700	0.35	0.29	0.29	0	0	0.35
23800	0.33	0.29	0.29	0	0	0.33
23900	0.33	0.29	0.29	0	0	0.33
24000	0.33	0.3	0.3	0	0	0.33
24100	0.33	0.3	0.3	0	0	0.33
24200	0.34	0.3	0.3	0	0	0.34
24300	0.33	0.3	0.3	0	0	0.33
24400	0.33	0.3	0.3	0	0	0.33
24500	0.33	0.29	0.29	0	0	0.33
24600	0.33	0.28	0.28	0	0	0.33
24700	0.33	0.29	0.29	0	0	0.33
24800	0.33	0.29	0.29	0	0	0.33
24900	0.32	0.29	0.29	0	0	0.32
25000	0.32	0.29	0.29	0	0	0.32
25100	0.32	0.29	0.29	0	0	0.32
25200	0.33	0.29	0.29	0	0	0.33
25300	0.33	0.29	0.29	0	0	0.33
25400	0.34	0.3	0.3	0	0	0.34
25500	0.33	0.3	0.3	0	0	0.33
25600	0.33	0.3	0.3	0	0	0.33
25700	0.34	0.31	0.31	0	0	0.34
25800	0.33	0.3	0.3	0	0	0.33
25900	0.34	0.29	0.29	0	0	0.34
26000	0.35	0.29	0.29	0	0	0.35
26100	0.35	0.29	0.29	0	0	0.35
26200	0.35	0.29	0.29	0	0	0.35
26300	0.36	0.29	0.29	0	0	0.36
26400	0.36	0.29	0.29	0	0	0.36
26500	0.35	0.29	0.29	0	0	0.35
26600	0.35	0.29	0.29	0	0	0.35
26700	0.35	0.3	0.3	0	0	0.35
26800	0.35	0.29	0.29	0	0	0.35
26900	0.33	0.29	0.29	0	0	0.33
27000	0.34	0.29	0.29	0	0	0.34
27100	0.34	0.29	0.29	0	0	0.34
27200	0.33	0.29	0.29	0	0	0.33
27300	0.33	0.29	0.29	0	0	0.33
27400	0.33	0.29	0.29	0	0	0.33
27500	0.33	0.3	0.3	0	0	0.33
27600	0.34	0.3	0.3	0	0	0.34
27700	0.34	0.3	0.3	0	0	0.34
27800	0.34	0.31	0.31	0	0	0.34
27900	0.34	0.32	0.32	0	0	0.34
28000	0.34	0.32	0.32	0	0	0.34
28100	0.35	0.31	0.31	0	0	0.35
28200	0.35	0.31	0.31	0	0	0.35
28300	0.35	0.31	0.31	0	0	0.35
28400	0.35	0.31	0.31	0	0	0.35
28500	0.35	0.31	0.31	0	0	0.35
28600	0.35	0.31	0.31	0	0	0.35
28700	0.35	0.31	0.31	0	0	0.35
28800	0.35	0.31	0.31	0	0	0.35
28900	0.35	0.31	0.31	0	0	0.35
29000	0.35	0.3	0.3	0	0	0.35
29100	0.35	0.3	0.3	0	0	0.35
29200	0.35	0.29	0.29	0	0	0.35
29300	0.35	0.3	0.3	0	0	0.35
29400	0.35	0.3	0.3	0	0	0.35
29500	0.35	0.31	0.31	0	0	0.35
29600	0.35	0.31	0.31	0	0	0.35
29700	0.35	0.31	0.31	0	0	0.35
29800	0.34	0.3	0.3	0	0	0.34
29900	0.34	0.3	0.3	0	0	0.34
30000	0.34	0.31	0.31	0	0	0.34
30100	0.34	0.31	0.31	0	0	0.34
30200	0.34	0.31	0.31	0	0	0.34
30300	0.34	0.31	0.31	0	0	0.34
30400	0.34	0.31	0.31	0	0	0.34
30500	0.35	0.31	0.31	0	0	0.35
30600	0.35	0.31	0.31	0	0	0.35
30700	0.35	0.3	0.3	0	0	0.35
30800	0.35	0.3	0.3	0	0	0.35
30900	0.35	0.32	0.32	0	0	0.35
31000	0.35	0.33	0.33	0	0	0.35
31100	0.34	0.33	0.33	0	0	0.34
31200	0.35	0.33	0.33	0	0	0.35
31300	0.35	0.33	0.33	0	0	0.35
31400	0.33	0.33	0.33	0	0	0.33
31500	0.33	0.34	0.34	0	0	0.33
31600	0.32	0.34	0.34	0	0	0.32
31700	0.32	0.34	0.34	0	0	0.32
31800	0.32	0.34	0.34	0	0	0.32
31900	0.33	0.34	0.34	0	0	0.33
32000	0.33	0.34	0.34	0	0	0.33
32100	0.33	0.34	0.34	0	0	0.33
32200	0.33	0.34	0.34	0	0	0.33
32300	0.33	0.34	0.34	0	0	0.33
32400	0.32	0.34	0.34	0	0	0.32
32500	0.32	0.34	0.34	0	0	0.32
32600	0.32	0.34	0.34	0	0	0.32
32700	0.33	0.34	0.34	0	0	0.33
32800	0.34	0.34	0.34	0	0	0.34
32900	0.34	0.34	0.34	0	0	0.34
33000	0.34	0.34	0.34	0	0	0.34
33100	0.35	0.34	0.34	0	0	0.35
33200	0.34	0.34	0.34	0	0	0.34
33300	0.34	0.35	0.35	0	0	0.34
33400	0.34	0.34	0.34	0	0	0.34
33500	0.33	0.34	0.34	0	0	0.33
33600	0.33	0.34	0.34	0	0	0.33
33700	0.33	0.34	0.34	0	0	0.33
33800	0.33	0.34	0.34	0	0	0.33
33900	0.33	0.34	0.34	0	0	0.33
34000	0.33	0.34	0.34	0	0	0.33
34100	0.34	0.34	0.34	0	0	0.34
34200	0.35	0.34	0.34	0	0	0.35
34300	0.35	0.34	0.34	0	0	0.35
34400	0.34	0.34	0.34	0	0	0.34
34500	0.34	0.34	0.34	0	0	0.34
34600	0.34	0.34	0.34	0	0	0.34
34700	0.34	0.34	0.34	0	0	0.34
34800	0.34	0.34	0.34	0	0	0.34
34900	0.34	0.34	0.34	0	0	0.34
35000	0.34	0.34	0.34	0	0	0.34
35100	0.35	0.34	0.34	0	0	0.35
35200	0.35	0.34	0.34	0	0	0.35
35300	0.36	0.34	0.34	0	0	0.36
35400	0.37	0.34	0.34	0	0	0.37
35500	0.37	0.34	0.34	0	0	0.37
35600	0.37	0.34	0.34	0	0	0.37
35700	0.37	0.34	0.34	0	0	0.37
35800	0.36	0.34	0.34	0	0	0.36
35900	0.36	0.34	0.34	0	0	0.36
36000	0.36	0.34	0.34	0	0	0.36
36100	0.35	0.34	0.34	0	0	0.35
36200	0.37	0.34	0.34	0	0	0.37
36300	0.38	0.34	0.34	0	0	0.38
36400	0.38	0.34	0.34	0	0	0.38
36500	0.37	0.34	0.34	0	0	0.37
36600	0.37	0.34	0.34	0	0	0.37
36700	0.37	0.34	0.34	0	0	0.37
36800	0.37	0.34	0.34	0	0	0.37
36900	0.37	0.33	0.33	0	0	0.37
37000	0.37	0.33	0.33	0	0	0.37
37100	0.37	0.33	0.33	0	0	0.37
37200	0.38	0.33	0.33	0	0	0.38
37300	0.37	0.33	0.33	0	0	0.37
37400	0.37	0.33	0.33	0	0	0.37
37500	0.37	0.34	0.34	0	0	0.37
37600	0.38	0.34	0.34	0	0	0.38
37700	0.38	0.34	0.34	0	0	0.38
37800	0.37	0.34	0.34	0	0	0.37
37900	0.37	0.34	0.34	0	0	0.37
38000	0.37	0.34	0.34	0	0	0.37
38100	0.37	0.34	0.34	0	0	0.37
38200	0.37	0.34	0.34	0	0	0.37
38300	0.38	0.34	0.34	0	0	0.38
38400	0.38	0.34	0.34	0	0	0.38
38500	0.38	0.34	0.34	0	0	0.38
38600	0.38	0.35	0.35	0	0	0.38
38700	0.38	0.34	0.34	0	0	0.38
38800	0.38	0.35	0.35	0	0	0.38
38900	0.38	0.35	0.35	0	0	0.38
39000	0.38	0.35	0.35	0	0	0.38
39100	0.38	0.35	0.35	0	0	0.38
39200	0.38	0.35	0.35	0	0	0.38
39300	0.38	0.35	0.35	0	0	0.38
39400	0.38	0.35	0.35	0	0	0.38
39500	0.38	0.35	0.35	0	0	0.38
39600	0.38	0.36	0.36	0	0	0.38
39700	0.38	0.34	0.34	0	0	0.38
39800	0.38	0.34	0.34	0	0	0.38
39900	0.38	0.34	0.34	0	0	0.38
40000	0.38	0.35	0.35	0	0	0.38
40100	0.38	0.34	0.34	0	0	0.38
40200	0.38	0.34	0.34	0	0	0.38
40300	0.38	0.34	0.34	0	0	0.38
40400	0.38	0.34	0.34	0	0	0.38
40500	0.38	0.34	0.34	0	0	0.38
40600	0.38	0.34	0.34	0	0	0.38
40700	0.38	0.35	0.35	0	0	0.38
40800	0.38	0.33	0.33	0	0	0.38
40900	0.38	0.33	0.33	0	0	0.38
41000	0.38	0.33	0.33	0	0	0.38
41100	0.38	0.33	0.33	0	0	0.38
41200	0.38	0.33	0.33	0	0	0.38
41300	0.39	0.33	0.33	0	0	0.39
41400	0.39	0.33	0.33	0	0	0.39
41500	0.39	0.33	0.33	0	0	0.39
41600	0.39	0.33	0.33	0	0	0.39
41700	0.39	0.33	0.33	0	0	0.39
41800	0.39	0.33	0.33	0	0	0.39
41900	0.39	0.33	0.33	0	0	0.39
42000	0.39	0.33	0.33	0	0	0.39
42100	0.39	0.34	0.34	0	0	0.39
42200	0.39	0.34	0.34	0	0	0.39
42300	0.39	0.34	0.34	0	0	0.39
42400	0.39	0.34	0.34	0	0	0.39
42500	0.39	0.34	0.34	0	0	0.39
42600	0.39	0.34	0.34	0	0	0.39
42700	0.37	0.34	0.34	0	0	0.37
42800	0.36	0.35	0.35	0	0	0.36
42900	0.36	0.35	0.35	0	0	0.36
43000	0.36	0.36	0.36	0	0	0.36
43100	0.36	0.36	0.36	0	0	0.36
43200	0.36	0.36	0.36	0	0	0.36
43300	0.36	0.35	0.35	0	0	0.36
43400	0.36	0.35	0.35	0	0	0.36
43500	0.36	0.35	0.35	0	0	0.36
43600	0.36	0.35	0.35	0	0	0.36
43700	0.36	0.35	0.35	0	0	0.36
43800	0.37	0.35	0.35	0	0	0.37
43900	0.38	0.35	0.35	0	0	0.38
44000	0.38	0.35	0.35	0	0	0.38
44100	0.38	0.35	0.35	0	0	0.38
44200	0.38	0.36	0.36	0	0	0.38
44300	0.39	0.36	0.36	0	0	0.39
44400	0.39	0.36	0.36	0	0	0.39
44500	0.39	0.36	0.36	0	0	0.39
44600	0.38	0.37	0.37	0	0	0.38
44700	0.39	0.36	0.36	0	0	0.39
44800	0.39	0.36	0.36	0	0	0.39
44900	0.39	0.36	0.36	0	0	0.39
45000	0.4	0.36	0.36	0	0	0.4
45100	0.4	0.36	0.36	0	0	0.4
45200	0.39	0.36	0.36	0	0	0.39
45300	0.39	0.36	0.36	0	0	0.39
45400	0.4	0.36	0.36	0	0	0.4
45500	0.4	0.37	0.37	0	0	0.4
45600	0.39	0.37	0.37	0	0	0.39
45700	0.39	0.36	0.36	0	0	0.39
45800	0.39	0.36	0.36	0	0	0.39
45900	0.39	0.36	0.36	0	0	0.39
46000	0.38	0.37	0.37	0	0	0.38
46100	0.38	0.37	0.37	0	0	0.38
46200	0.38	0.37	0.37	0	0	0.38
46300	0.38	0.37	0.37	0	0	0.38
46400	0.38	0.37	0.37	0	0	0.38
46500	0.38	0.36	0.36	0	0	0.38
46600	0.38	0.37	0.37	0	0	0.38
46700	0.4	0.37	0.37	0	0	0.4
46800	0.4	0.37	0.37	0	0	0.4
46900	0.4	0.37	0.37	0	0	0.4
47000	0.4	0.37	0.37	0	0	0.4
47100	0.4	0.37	0.37	0	0	0.4
47200	0.4	0.37	0.37	0	0	0.4
47300	0.4	0.37	0.37	0	0	0.4
47400	0.4	0.37	0.37	0	0	0.4
47500	0.41	0.38	0.38	0	0	0.41
47600	0.41	0.37	0.37	0	0	0.41
47700	0.41	0.37	0.37	0	0	0.41
47800	0.41	0.37	0.37	0	0	0.41
47900	0.41	0.37	0.37	0	0	0.41
48000	0.41	0.36	0.36	0	0	0.41
48100	0.41	0.36	0.36	0	0	0.41
48200	0.41	0.38	0.38	0	0	0.41
48300	0.41	0.38	0.38	0	0	0.41
48400	0.41	0.37	0.37	0	0	0.41
48500	0.41	0.37	0.37	0	0	0.41
48600	0.4	0.37	0.37	0	0	0.4
48700	0.4	0.36	0.36	0	0	0.4
48800	0.4	0.36	0.36	0	0	0.4
48900	0.41	0.37	0.37	0	0	0.41
49000	0.42	0.37	0.37	0	0	0.42
49100	0.41	0.37	0.37	0	0	0.41
49200	0.41	0.37	0.37	0	0	0.41
49300	0.42	0.37	0.37	0	0	0.42
49400	0.42	0.37	0.37	0	0	0.42
49500	0.42	0.37	0.37	0	0	0.42
49600	0.41	0.37	0.37	0	0	0.41
49700	0.41	0.36	0.36	0	0	0.41
49800	0.41	0.36	0.36	0	0	0.41
49900	0.41	0.36	0.36	0	0	0.41
50000	0.41	0.36	0.36	0	0	0.41
50100	0.41	0.36	0.36	0	0	0.41
50200	0.41	0.36	0.36	0	0	0.41
50300	0.39	0.36	0.36	0	0	0.39
50400	0.39	0.36	0.36	0	0	0.39
50500	0.39	0.36	0.36	0	0	0.39
50600	0.39	0.36	0.36	0	0	0.39
50700	0.39	0.36	0.36	0	0	0.39
50800	0.39	0.36	0.36	0	0	0.39
50900	0.39	0.37	0.37	0	0	0.39
51000	0.39	0.37	0.37	0	0	0.39
51100	0.39	0.37	0.37	0	0	0.39
51200	0.39	0.37	0.37	0	0	0.39
51300	0.39	0.36	0.36	0	0	0.39
51400	0.39	0.36	0.36	0	0	0.39
51500	0.4	0.36	0.36	0	0	0.4
51600	0.4	0.36	0.36	0	0	0.4
51700	0.4	0.36	0.36	0	0	0.4
51800	0.4	0.37	0.37	0	0	0.4
51900	0.39	0.36	0.36	0	0	0.39
52000	0.39	0.36	0.36	0	0	0.39
52100	0.39	0.36	0.36	0	0	0.39
52200	0.38	0.35	0.35	0	0	0.38
52300	0.38	0.34	0.34	0	0	0.38
52400	0.38	0.35	0.35	0	0	0.38
52500	0.38	0.35	0.35	0	0	0.38
52600	0.38	0.35	0.35	0	0	0.38
52700	0.38	0.36	0.36	0	0	0.38
52800	0.38	0.36	0.36	0	0	0.38
52900	0.38	0.35	0.35	0	0	0.38
53000	0.38	0.35	0.35	0	0	0.38
53100	0.38	0.35	0.35	0	0	0.38
53200	0.38	0.35	0.35	0	0	0.38
53300	0.39	0.36	0.36	0	0	0.39
53400	0.38	0.36	0.36	0	0	0.38
53500	0.38	0.36	0.36	0	0	0.38
53600	0.38	0.36	0.36	0	0	0.38
53700	0.38	0.36	0.36	0	0	0.38
53800	0.38	0.36	0.36	0	0	0.38
53900	0.39	0.35	0.35	0	0	0.39
54000	0.39	0.35	0.35	0	0	0.39
54100	0.39	0.35	0.35	0	0	0.39
54200	0.39	0.35	0.35	0	0	0.39
54300	0.39	0.35	0.35	0	0	0.39
54400	0.39	0.36	0.36	0	0	0.39
54500	0.4	0.36	0.36	0	0	0.4
54600	0.39	0.35	0.35	0	0	0.39
54700	0.39	0.35	0.35	0	0	0.39
54800	0.39	0.35	0.35	0	0	0.39
54900	0.39	0.35	0.35	0	0	0.39
55000	0.4	0.35	0.35	0	0	0.4
55100	0.4	0.35	0.35	0	0	0.4
55200	0.4	0.35	0.35	0	0	0.4
55300	0.4	0.35	0.35	0	0	0.4
55400	0.4	0.35	0.35	0	0	0.4
55500	0.4	0.35	0.35	0	0	0.4
55600	0.4	0.36	0.36	0	0	0.4
55700	0.4	0.36	0.36	0	0	0.4
55800	0.4	0.35	0.35	0	0	0.4
55900	0.4	0.35	0.35	0	0	0.4
56000	0.4	0.35	0.35	0	0	0.4
56100	0.4	0.35	0.35	0	0	0.4
56200	0.4	0.34	0.34	0	0	0.4
56300	0.41	0.34	0.34	0	0	0.41
56400	0.41	0.34	0.34	0	0	0.41
56500	0.41	0.33	0.33	0	0	0.41
56600	0.41	0.33	0.33	0	0	0.41
56700	0.41	0.33	0.33	0	0	0.41
56800	0.41	0.32	0.32	0	0	0.41
56900	0.41	0.32	0.32	0	0	0.41
57000	0.42	0.32	0.32	0	0	0.42
57100	0.42	0.31	0.31	0	0	0.42
57200	0.42	0.31	0.31	0	0	0.42
57300	0.42	0.31	0.31	0	0	0.42
57400	0.42	0.31	0.31	0	0	0.42
57500	0.42	0.31	0.31	0	0	0.42
57600	0.42	0.3	0.3	0	0	0.42
57700	0.42	0.3	0.3	0	0	0.42
57800	0.43	0.3	0.3	0	0	0.43
57900	0.44	0.3	0.3	0	0	0.44
58000	0.43	0.31	0.31	0	0	0.43
58100	0.43	0.3	0.3	0	0	0.43
58200	0.43	0.3	0.3	0	0	0.43
58300	0.43	0.3	0.3	0	0	0.43
58400	0.43	0.3	0.3	0	0	0.43
58500	0.43	0.3	0.3	0	0	0.43
58600	0.43	0.3	0.3	0	0	0.43
58700	0.43	0.3	0.3	0	0	0.43
58800	0.43	0.3	0.3	0	0	0.43
58900	0.43	0.3	0.3	0	0	0.43
59000	0.43	0.3	0.3	0	0	0.43
59100	0.43	0.31	0.31	0	0	0.43
59200	0.43	0.31	0.31	0	0	0.43
59300	0.43	0.31	0.31	0	0	0.43
59400	0.43	0.31	0.31	0	0	0.43
59500	0.43	0.31	0.31	0	0	0.43
59600	0.43	0.31	0.31	0	0	0.43
59700	0.43	0.31	0.31	0	0	0.43
59800	0.43	0.31	0.31	0	0	0.43
59900	0.42	0.31	0.31	0	0	0.42
60000	0.42	0.33	0.33	0	0	0.42
60100	0.43	0.33	0.33	0	0	0.43
60200	0.43	0.33	0.33	0	0	0.43
60300	0.42	0.33	0.33	0	0	0.42
60400	0.44	0.33	0.33	0	0	0.44
60500	0.44	0.33	0.33	0	0	0.44
60600	0.43	0.33	0.33	0	0	0.43
60700	0.43	0.33	0.33	0	0	0.43
60800	0.42	0.33	0.33	0	0	0.42
60900	0.41	0.33	0.33	0	0	0.41
61000	0.41	0.33	0.33	0	0	0.41
61100	0.41	0.33	0.33	0	0	0.41
61200	0.41	0.33	0.33	0	0	0.41
61300	0.41	0.33	0.33	0	0	0.41
61400	0.41	0.33	0.33	0	0	0.41
61500	0.41	0.33	0.33	0	0	0.41
61600	0.41	0.33	0.33	0	0	0.41
61700	0.41	0.33	0.33	0	0	0.41
61800	0.42	0.34	0.34	0	0	0.42
61900	0.41	0.34	0.34	0	0	0.41
62000	0.41	0.34	0.34	0	0	0.41
62100	0.41	0.35	0.35	0	0	0.41
62200	0.41	0.35	0.35	0	0	0.41
62300	0.41	0.35	0.35	0	0	0.41
62400	0.41	0.35	0.35	0	0	0.41
62500	0.41	0.35	0.35	0	0	0.41
62600	0.41	0.35	0.35	0	0	0.41
62700	0.42	0.36	0.36	0	0	0.42
62800	0.42	0.35	0.35	0	0	0.42
62900	0.42	0.35	0.35	0	0	0.42
63000	0.41	0.35	0.35	0	0	0.41
63100	0.41	0.35	0.35	0	0	0.41
63200	0.41	0.35	0.35	0	0	0.41
63300	0.41	0.35	0.35	0	0	0.41
63400	0.41	0.35	0.35	0	0	0.41
63500	0.41	0.36	0.36	0	0	0.41
63600	0.41	0.35	0.35	0	0	0.41
63700	0.41	0.34	0.34	0	0	0.41
63800	0.41	0.33	0.33	0	0	0.41
63900	0.41	0.33	0.33	0	0	0.41
64000	0.41	0.33	0.33	0	0	0.41
64100	0.41	0.34	0.34	0	0	0.41
64200	0.41	0.33	0.33	0	0	0.41
64300	0.41	0.33	0.33	0	0	0.41
64400	0.41	0.33	0.33	0	0	0.41
64500	0.41	0.33	0.33	0	0	0.41
64600	0.41	0.33	0.33	0	0	0.41
64700	0.41	0.33	0.33	0	0	0.41
64800	0.41	0.33	0.33	0	0	0.41
64900	0.41	0.33	0.33	0	0	0.41
65000	0.41	0.34	0.34	0	0	0.41
65100	0.41	0.34	0.34	0	0	0.41
65200	0.41	0.34	0.34	0	0	0.41
65300	0.41	0.33	0.33	0	0	0.41
65400	0.41	0.33	0.33	0	0	0.41
65500	0.41	0.33	0.33	0	0	0.41
65600	0.41	0.33	0.33	0	0	0.41
65700	0.41	0.33	0.33	0	0	0.41
65800	0.42	0.32	0.32	0	0	0.42
65900	0.42	0.32	0.32	0	0	0.42
66000	0.42	0.32	0.32	0	0	0.42
66100	0.42	0.32	0.32	0	0	0.42
66200	0.42	0.32	0.32	0	0	0.42
66300	0.44	0.32	0.32	0	0	0.44
66400	0.43	0.32	0.32	0	0	0.43
66500	0.43	0.32	0.32	0	0	0.43
66600	0.43	0.32	0.32	0	0	0.43
66700	0.43	0.32	0.32	0	0	0.43
66800	0.43	0.32	0.32	0	0	0.43
66900	0.43	0.32	0.32	0	0	0.43
67000	0.43	0.32	0.32	0	0	0.43
67100	0.43	0.32	0.32	0	0	0.43
67200	0.43	0.32	0.32	0	0	0.43
67300	0.43	0.32	0.32	0	0	0.43
67400	0.43	0.32	0.32	0	0	0.43
67500	0.43	0.33	0.33	0	0	0.43
67600	0.43	0.33	0.33	0	0	0.43
67700	0.43	0.33	0.33	0	0	0.43
67800	0.43	0.33	0.33	0	0	0.43
67900	0.43	0.34	0.34	0	0	0.43
68000	0.42	0.34	0.34	0	0	0.42
68100	0.42	0.33	0.33	0	0	0.42
68200	0.43	0.33	0.33	0	0	0.43
68300	0.43	0.33	0.33	0	0	0.43
68400	0.43	0.33	0.33	0	0	0.43
68500	0.44	0.33	0.33	0	0	0.44
68600	0.43	0.33	0.33	0	0	0.43
68700	0.44	0.33	0.33	0	0	0.44
68800	0.44	0.33	0.33	0	0	0.44
68900	0.43	0.33	0.33	0	0	0.43
69000	0.43	0.33	0.33	0	0	0.43
69100	0.43	0.33	0.33	0	0	0.43
69200	0.43	0.33	0.33	0	0	0.43
69300	0.43	0.33	0.33	0	0	0.43
69400	0.43	0.33	0.33	0	0	0.43
69500	0.43	0.33	0.33	0	0	0.43
69600	0.43	0.33	0.33	0	0	0.43
69700	0.43	0.33	0.33	0	0	0.43
69800	0.43	0.33	0.33	0	0	0.43
69900	0.43	0.33	0.33	0	0	0.43
70000	0.43	0.33	0.33	0	0	0.43
70100	0.43	0.33	0.33	0	0	0.43
70200	0.43	0.33	0.33	0	0	0.43
70300	0.43	0.33	0.33	0	0	0.43
70400	0.43	0.33	0.33	0	0	0.43
70500	0.43	0.33	0.33	0	0	0.43
70600	0.43	0.33	0.33	0	0	0.43
70700	0.43	0.33	0.33	0	0	0.43
70800	0.43	0.33	0.33	0	0	0.43
70900	0.43	0.33	0.33	0	0	0.43
71000	0.43	0.33	0.33	0	0	0.43
71100	0.43	0.33	0.33	0	0	0.43
71200	0.44	0.33	0.33	0	0	0.44
71300	0.44	0.33	0.33	0	0	0.44
71400	0.44	0.33	0.33	0	0	0.44
71500	0.42	0.34	0.34	0	0	0.42
71600	0.41	0.33	0.33	0	0	0.41
71700	0.4	0.33	0.33	0	0	0.4
71800	0.4	0.33	0.33	0	0	0.4
71900	0.4	0.33	0.33	0	0	0.4
72000	0.4	0.33	0.33	0	0	0.4
72100	0.39	0.33	0.33	0	0	0.39
72200	0.39	0.33	0.33	0	0	0.39
72300	0.38	0.33	0.33	0	0	0.38
72400	0.37	0.33	0.33	0	0	0.37
72500	0.37	0.33	0.33	0	0	0.37
72600	0.37	0.33	0.33	0	0	0.37
72700	0.37	0.34	0.34	0	0	0.37
72800	0.37	0.34	0.34	0	0	0.37
72900	0.37	0.34	0.34	0	0	0.37
73000	0.38	0.34	0.34	0	0	0.38
73100	0.37	0.34	0.34	0	0	0.37
73200	0.37	0.34	0.34	0	0	0.37
73300	0.37	0.34	0.34	0	0	0.37
73400	0.37	0.34	0.34	0	0	0.37
73500	0.37	0.34	0.34	0	0	0.37
73600	0.37	0.33	0.33	0	0	0.37
73700	0.38	0.33	0.33	0	0	0.38
73800	0.39	0.33	0.33	0	0	0.39
73900	0.38	0.33	0.33	0	0	0.38
74000	0.38	0.33	0.33	0	0	0.38
74100	0.38	0.33	0.33	0	0	0.38
74200	0.38	0.33	0.33	0	0	0.38
74300	0.38	0.33	0.33	0	0	0.38
74400	0.38	0.34	0.34	0	0	0.38
74500	0.38	0.34	0.34	0	0	0.38
74600	0.39	0.34	0.34	0	0	0.39
74700	0.39	0.34	0.34	0	0	0.39
74800	0.39	0.34	0.34	0	0	0.39
74900	0.4	0.34	0.34	0	0	0.4
75000	0.4	0.35	0.35	0	0	0.4
75100	0.4	0.35	0.35	0	0	0.4
75200	0.4	0.35	0.35	0	0	0.4
75300	0.39	0.35	0.35	0	0	0.39
75400	0.39	0.35	0.35	0	0	0.39
75500	0.38	0.35	0.35	0	0	0.38
75600	0.38	0.35	0.35	0	0	0.38
75700	0.38	0.36	0.36	0	0	0.38
75800	0.38	0.36	0.36	0	0	0.38
75900	0.38	0.37	0.37	0	0	0.38
76000	0.38	0.36	0.36	0	0	0.38
76100	0.38	0.36	0.36	0	0	0.38
76200	0.38	0.37	0.37	0	0	0.38
76300	0.38	0.37	0.37	0	0	0.38
76400	0.38	0.37	0.37	0	0	0.38
76500	0.38	0.38	0.38	0	0	0.38
76600	0.38	0.38	0.38	0	0	0.38
76700	0.38	0.37	0.37	0	0	0.38
76800	0.38	0.37	0.37	0	0	0.38
76900	0.39	0.37	0.37	0	0	0.39
77000	0.39	0.37	0.37	0	0	0.39
77100	0.39	0.37	0.37	0	0	0.39
77200	0.38	0.37	0.37	0	0	0.38
77300	0.38	0.36	0.36	0	0	0.38
77400	0.38	0.35	0.35	0	0	0.38
77500	0.38	0.35	0.35	0	0	0.38
77600	0.38	0.35	0.35	0	0	0.38
77700	0.38	0.35	0.35	0	0	0.38
77800	0.38	0.35	0.35	0	0	0.38
77900	0.38	0.35	0.35	0	0	0.38
78000	0.38	0.35	0.35	0	0	0.38
78100	0.39	0.35	0.35	0	0	0.39
78200	0.4	0.35	0.35	0	0	0.4
78300	0.39	0.35	0.35	0	0	0.39
78400	0.38	0.35	0.35	0	0	0.38
78500	0.38	0.35	0.35	0	0	0.38
78600	0.38	0.36	0.36	0	0	0.38
78700	0.38	0.35	0.35	0	0	0.38
78800	0.38	0.35	0.35	0	0	0.38
78900	0.38	0.35	0.35	0	0	0.38
79000	0.38	0.35	0.35	0	0	0.38
79100	0.38	0.35	0.35	0	0	0.38
79200	0.37	0.35	0.35	0	0	0.37
79300	0.37	0.35	0.35	0	0	0.37
79400	0.37	0.35	0.35	0	0	0.37
79500	0.37	0.35	0.35	0	0	0.37
79600	0.37	0.35	0.35	0	0	0.37
79700	0.37	0.35	0.35	0	0	0.37
79800	0.37	0.35	0.35	0	0	0.37
79900	0.37	0.34	0.34	0	0	0.37
80000	0.37	0.34	0.34	0	0	0.37
80100	0.37	0.34	0.34	0	0	0.37
80200	0.37	0.34	0.34	0	0	0.37
80300	0.37	0.34	0.34	0	0	0.37
80400	0.37	0.34	0.34	0	0	0.37
80500	0.37	0.34	0.34	0	0	0.37
80600	0.37	0.34	0.34	0	0	0.37
80700	0.37	0.34	0.34	0	0	0.37
80800	0.37	0.35	0.35	0	0	0.37
80900	0.37	0.34	0.34	0	0	0.37
81000	0.37	0.35	0.35	0	0	0.37
81100	0.37	0.35	0.35	0	0	0.37
81200	0.37	0.34	0.34	0	0	0.37
81300	0.37	0.35	0.35	0	0	0.37
81400	0.38	0.35	0.35	0	0	0.38
81500	0.37	0.35	0.35	0	0	0.37
81600	0.37	0.34	0.34	0	0	0.37
81700	0.37	0.33	0.33	0	0	0.37
81800	0.37	0.34	0.34	0	0	0.37
81900	0.37	0.34	0.34	0	0	0.37
82000	0.37	0.33	0.33	0	0	0.37
82100	0.37	0.34	0.34	0	0	0.37
82200	0.37	0.34	0.34	0	0	0.37
82300	0.37	0.34	0.34	0	0	0.37
82400	0.37	0.34	0.34	0	0	0.37
82500	0.37	0.34	0.34	0	0	0.37
82600	0.37	0.35	0.35	0	0	0.37
82700	0.37	0.35	0.35	0	0	0.37
82800	0.37	0.35	0.35	0	0	0.37
82900	0.37	0.35	0.35	0	0	0.37
83000	0.37	0.34	0.34	0	0	0.37
83100	0.37	0.34	0.34	0	0	0.37
83200	0.37	0.34	0.34	0	0	0.37
83300	0.37	0.34	0.34	0	0	0.37
83400	0.37	0.34	0.34	0	0	0.37
83500	0.37	0.34	0.34	0	0	0.37
83600	0.37	0.34	0.34	0	0	0.37
83700	0.37	0.34	0.34	0	0	0.37
83800	0.37	0.34	0.34	0	0	0.37
83900	0.37	0.33	0.33	0	0	0.37
84000	0.37	0.34	0.34	0	0	0.37
84100	0.37	0.34	0.34	0	0	0.37
84200	0.37	0.34	0.34	0	0	0.37
84300	0.37	0.34	0.34	0	0	0.37
84400	0.38	0.33	0.33	0	0	0.38
84500	0.37	0.33	0.33	0	0	0.37
84600	0.37	0.33	0.33	0	0	0.37
84700	0.37	0.33	0.33	0	0	0.37
84800	0.37	0.33	0.33	0	0	0.37
84900	0.37	0.33	0.33	0	0	0.37
85000	0.37	0.33	0.33	0	0	0.37
85100	0.37	0.33	0.33	0	0	0.37
85200	0.37	0.33	0.33	0	0	0.37
85300	0.37	0.33	0.33	0	0	0.37
85400	0.37	0.33	0.33	0	0	0.37
85500	0.37	0.33	0.33	0	0	0.37
85600	0.38	0.33	0.33	0	0	0.38
85700	0.37	0.33	0.33	0	0	0.37
85800	0.37	0.34	0.34	0	0	0.37
85900	0.37	0.34	0.34	0	0	0.37
86000	0.37	0.34	0.34	0	0	0.37
86100	0.37	0.34	0.34	0	0	0.37
86200	0.37	0.32	0.32	0	0	0.37
86300	0.37	0.32	0.32	0	0	0.37
86400	0.37	0.32	0.32	0	0	0.37
86500	0.37	0.32	0.32	0	0	0.37
86600	0.38	0.31	0.31	0	0	0.38
86700	0.38	0.31	0.31	0	0	0.38
86800	0.37	0.31	0.31	0	0	0.37
86900	0.37	0.31	0.31	0	0	0.37
87000	0.37	0.31	0.31	0	0	0.37
87100	0.38	0.31	0.31	0	0	0.38
87200	0.38	0.31	0.31	0	0	0.38
87300	0.39	0.31	0.31	0	0	0.39
87400	0.38	0.31	0.31	0	0	0.38
87500	0.38	0.31	0.31	0	0	0.38
87600	0.38	0.32	0.32	0	0	0.38
87700	0.38	0.31	0.31	0	0	0.38
87800	0.38	0.31	0.31	0	0	0.38
87900	0.38	0.31	0.31	0	0	0.38
88000	0.38	0.32	0.32	0	0	0.38
88100	0.38	0.31	0.31	0	0	0.38
88200	0.38	0.31	0.31	0	0	0.38
88300	0.38	0.32	0.32	0	0	0.38
88400	0.38	0.33	0.33	0	0	0.38
88500	0.38	0.34	0.34	0	0	0.38
88600	0.38	0.35	0.35	0	0	0.38
88700	0.38	0.35	0.35	0	0	0.38
88800	0.38	0.35	0.35	0	0	0.38
88900	0.38	0.35	0.35	0	0	0.38
89000	0.38	0.33	0.33	0	0	0.38
89100	0.38	0.33	0.33	0	0	0.38
89200	0.38	0.33	0.33	0	0	0.38
89300	0.39	0.33	0.33	0	0	0.39
89400	0.39	0.33	0.33	0	0	0.39
89500	0.39	0.34	0.34	0	0	0.39
89600	0.39	0.33	0.33	0	0	0.39
89700	0.39	0.32	0.32	0	0	0.39
89800	0.39	0.32	0.32	0	0	0.39
89900	0.39	0.32	0.32	0	0	0.39
90000	0.41	0.32	0.32	0	0	0.41
90100	0.4	0.32	0.32	0	0	0.4
90200	0.39	0.32	0.32	0	0	0.39
90300	0.39	0.32	0.32	0	0	0.39
90400	0.39	0.32	0.32	0	0	0.39
90500	0.39	0.32	0.32	0	0	0.39
90600	0.39	0.32	0.32	0	0	0.39
90700	0.39	0.32	0.32	0	0	0.39
90800	0.39	0.33	0.33	0	0	0.39
90900	0.39	0.32	0.32	0	0	0.39
91000	0.39	0.32	0.32	0	0	0.39
91100	0.39	0.32	0.32	0	0	0.39
91200	0.39	0.32	0.32	0	0	0.39
91300	0.39	0.32	0.32	0	0	0.39
91400	0.4	0.32	0.32	0	0	0.4
91500	0.4	0.33	0.33	0	0	0.4
91600	0.4	0.32	0.32	0	0	0.4
91700	0.4	0.34	0.34	0	0	0.4
91800	0.4	0.33	0.33	0	0	0.4
91900	0.4	0.33	0.33	0	0	0.4
92000	0.4	0.33	0.33	0	0	0.4
92100	0.4	0.33	0.33	0	0	0.4
92200	0.39	0.33	0.33	0	0	0.39
92300	0.39	0.33	0.33	0	0	0.39
92400	0.39	0.33	0.33	0	0	0.39
92500	0.39	0.33	0.33	0	0	0.39
92600	0.39	0.33	0.33	0	0	0.39
92700	0.4	0.33	0.33	0	0	0.4
92800	0.4	0.33	0.33	0	0	0.4
92900	0.4	0.33	0.33	0	0	0.4
93000	0.4	0.33	0.33	0	0	0.4
93100	0.4	0.33	0.33	0	0	0.4
93200	0.4	0.33	0.33	0	0	0.4
93300	0.41	0.33	0.33	0	0	0.41
93400	0.4	0.34	0.34	0	0	0.4
93500	0.4	0.34	0.34	0	0	0.4
93600	0.4	0.35	0.35	0	0	0.4
93700	0.4	0.34	0.34	0	0	0.4
93800	0.4	0.33	0.33	0	0	0.4
93900	0.4	0.33	0.33	0	0	0.4
94000	0.4	0.33	0.33	0	0	0.4
94100	0.4	0.33	0.33	0	0	0.4
94200	0.4	0.33	0.33	0	0	0.4
94300	0.4	0.34	0.34	0	0	0.4
94400	0.4	0.34	0.34	0	0	0.4
94500	0.4	0.34	0.34	0	0	0.4
94600	0.4	0.34	0.34	0	0	0.4
94700	0.4	0.34	0.34	0	0	0.4
94800	0.41	0.35	0.35	0	0	0.41
94900	0.41	0.34	0.34	0	0	0.41
95000	0.41	0.34	0.34	0	0	0.41
95100	0.42	0.35	0.35	0	0	0.42
95200	0.41	0.35	0.35	0	0	0.41
95300	0.41	0.35	0.35	0	0	0.41
95400	0.41	0.35	0.35	0	0	0.41
95500	0.41	0.35	0.35	0	0	0.41
95600	0.41	0.36	0.36	0	0	0.41
95700	0.41	0.37	0.37	0	0	0.41
95800	0.4	0.37	0.37	0	0	0.4
95900	0.4	0.35	0.35	0	0	0.4
96000	0.4	0.36	0.36	0	0	0.4
96100	0.4	0.36	0.36	0	0	0.4
96200	0.4	0.36	0.36	0	0	0.4
96300	0.4	0.36	0.36	0	0	0.4
96400	0.41	0.35	0.35	0	0	0.41
96500	0.4	0.36	0.36	0	0	0.4
96600	0.4	0.35	0.35	0	0	0.4
96700	0.4	0.35	0.35	0	0	0.4
96800	0.4	0.35	0.35	0	0	0.4
96900	0.4	0.35	0.35	0	0	0.4
97000	0.4	0.36	0.36	0	0	0.4
97100	0.4	0.36	0.36	0	0	0.4
97200	0.4	0.36	0.36	0	0	0.4
97300	0.4	0.36	0.36	0	0	0.4
97400	0.4	0.36	0.36	0	0	0.4
97500	0.4	0.36	0.36	0	0	0.4
97600	0.4	0.36	0.36	0	0	0.4
97700	0.41	0.36	0.36	0	0	0.41
97800	0.41	0.36	0.36	0	0	0.41
97900	0.41	0.36	0.36	0	0	0.41
98000	0.4	0.36	0.36	0	0	0.4
98100	0.4	0.36	0.36	0	0	0.4
98200	0.4	0.36	0.36	0	0	0.4
98300	0.4	0.36	0.36	0	0	0.4
98400	0.4	0.36	0.36	0	0	0.4
98500	0.4	0.36	0.36	0	0	0.4
98600	0.4	0.36	0.36	0	0	0.4
98700	0.4	0.36	0.36	0	0	0.4
98800	0.4	0.37	0.37	0	0	0.4
98900	0.4	0.37	0.37	0	0	0.4
99000	0.4	0.37	0.37	0	0	0.4
99100	0.4	0.37	0.37	0	0	0.4
99200	0.4	0.37	0.37	0	0	0.4
99300	0.4	0.37	0.37	0	0	0.4
99400	0.4	0.37	0.37	0	0	0.4
99500	0.4	0.38	0.38	0	0	0.4
99600	0.4	0.38	0.38	0	0	0.4
99700	0.4	0.38	0.38	0	0	0.4
99800	0.4	0.38	0.38	0	0	0.4
99900	0.4	0.38	0.38	0	0	0.4
100000	0.4	0.38	0.38	0	0	0.4
100100	0.4	0.38	0.38	0	0	0.4
100200	0.4	0.37	0.37	0	0	0.4
100300	0.4	0.37	0.37	0	0	0.4
100400	0.4	0.37	0.37	0	0	0.4
100500	0.4	0.37	0.37	0	0	0.4
100600	0.4	0.37	0.37	0	0	0.4
100700	0.4	0.37	0.37	0	0	0.4
100800	0.4	0.38	0.38	0	0	0.4
100900	0.4	0.38	0.38	0	0	0.4
101000	0.4	0.38	0.38	0	0	0.4
101100	0.39	0.38	0.38	0	0	0.39
101200	0.39	0.39	0.39	0	0	0.39
101300	0.39	0.39	0.39	0	0	0.39
101400	0.39	0.39	0.39	0	0	0.39
101500	0.39	0.39	0.39	0	0	0.39
101600	0.39	0.39	0.39	0	0	0.39
101700	0.4	0.39	0.39	0	0	0.4
101800	0.4	0.39	0.39	0	0	0.4
101900	0.41	0.39	0.39	0	0	0.41
102000	0.4	0.39	0.39	0	0	0.4
102100	0.4	0.39	0.39	0	0	0.4
102200	0.4	0.39	0.39	0	0	0.4
102300	0.4	0.39	0.39	0	0	0.4
102400	0.4	0.39	0.39	0	0	0.4
102500	0.4	0.39	0.39	0	0	0.4
102600	0.4	0.39	0.39	0	0	0.4
102700	0.4	0.39	0.39	0	0	0.4
102800	0.4	0.39	0.39	0	0	0.4
102900	0.4	0.39	0.39	0	0	0.4
103000	0.4	0.4	0.4	0	0	0.4
103100	0.4	0.4	0.4	0	0	0.4
103200	0.4	0.4	0.4	0	0	0.4
103300	0.4	0.4	0.4	0	0	0.4
103400	0.41	0.4	0.4	0	0	0.41
103500	0.41	0.4	0.4	0	0	0.41
103600	0.4	0.4	0.4	0	0	0.4
103700	0.4	0.4	0.4	0	0	0.4
103800	0.4	0.4	0.4	0	0	0.4
103900	0.4	0.4	0.4	0	0	0.4
104000	0.4	0.4	0.4	0	0	0.4
104100	0.4	0.41	0.41	0	0	0.4
104200	0.4	0.4	0.4	0	0	0.4
104300	0.4	0.4	0.4	0	0	0.4
104400	0.4	0.4	0.4	0	0	0.4
104500	0.41	0.4	0.4	0	0	0.41
104600	0.4	0.41	0.41	0	0	0.4
104700	0.4	0.41	0.41	0	0	0.4
104800	0.4	0.41	0.41	0	0	0.4
104900	0.4	0.41	0.41	0	0	0.4
105000	0.41	0.41	0.41	0	0	0.41
105100	0.4	0.41	0.41	0	0	0.4
105200	0.41	0.41	0.41	0	0	0.41
105300	0.4	0.41	0.41	0	0	0.4
105400	0.4	0.41	0.41	0	0	0.4
105500	0.4	0.41	0.41	0	0	0.4
105600	0.4	0.41	0.41	0	0	0.4
105700	0.4	0.41	0.41	0	0	0.4
105800	0.4	0.42	0.42	0	0	0.4
105900	0.4	0.42	0.42	0	0	0.4
106000	0.4	0.42	0.42	0	0	0.4
106100	0.4	0.42	0.42	0	0	0.4
106200	0.4	0.42	0.42	0	0	0.4
106300	0.41	0.43	0.43	0	0	0.41
106400	0.4	0.43	0.43	0	0	0.4
106500	0.4	0.41	0.41	0	0	0.4
106600	0.4	0.4	0.4	0	0	0.4
106700	0.4	0.4	0.4	0	0	0.4
106800	0.4	0.4	0.4	0	0	0.4
106900	0.4	0.4	0.4	0	0	0.4
107000	0.4	0.4	0.4	0	0	0.4
107100	0.4	0.39	0.39	0	0	0.4
107200	0.4	0.39	0.39	0	0	0.4
107300	0.4	0.39	0.39	0	0	0.4
107400	0.4	0.39	0.39	0	0	0.4
107500	0.4	0.37	0.37	0	0	0.4
107600	0.4	0.37	0.37	0	0	0.4
107700	0.4	0.35	0.35	0	0	0.4
107800	0.4	0.35	0.35	0	0	0.4
107900	0.4	0.35	0.35	0	0	0.4
108000	0.4	0.34	0.34	0	0	0.4
108100	0.4	0.33	0.33	0	0	0.4
108200	0.4	0.32	0.32	0	0	0.4
108300	0.4	0.31	0.31	0	0	0.4
108400	0.4	0.31	0.31	0	0	0.4
108500	0.4	0.31	0.31	0	0	0.4
108600	0.4	0.31	0.31	0	0	0.4
108700	0.41	0.3	0.3	0	0	0.41
108800	0.41	0.3	0.3	0	0	0.41
108900	0.41	0.3	0.3	0	0	0.41
109000	0.41	0.3	0.3	0	0	0.41
109100	0.4	0.3	0.3	0	0	0.4
109200	0.4	0.3	0.3	0	0	0.4
109300	0.4	0.3	0.3	0	0	0.4
109400	0.4	0.3	0.3	0	0	0.4
109500	0.4	0.3	0.3	0	0	0.4
109600	0.4	0.31	0.31	0	0	0.4
109700	0.4	0.31	0.31	0	0	0.4
109800	0.4	0.29	0.29	0	0	0.4
109900	0.4	0.28	0.28	0	0	0.4
110000	0.4	0.28	0.28	0	0	0.4
110100	0.4	0.28	0.28	0	0	0.4
110200	0.4	0.28	0.28	0	0	0.4
110300	0.4	0.29	0.29	0	0	0.4
110400	0.4	0.29	0.29	0	0	0.4
110500	0.4	0.29	0.29	0	0	0.4
110600	0.4	0.29	0.29	0	0	0.4
110700	0.4	0.29	0.29	0	0	0.4
110800	0.4	0.3	0.3	0	0	0.4
110900	0.4	0.31	0.31	0	0	0.4
111000	0.4	0.31	0.31	0	0	0.4
111100	0.4	0.31	0.31	0	0	0.4
111200	0.41	0.31	0.31	0	0	0.41
111300	0.41	0.31	0.31	0	0	0.41
111400	0.41	0.31	0.31	0	0	0.41
111500	0.41	0.31	0.31	0	0	0.41
111600	0.41	0.32	0.32	0	0	0.41
111700	0.41	0.33	0.33	0	0	0.41
111800	0.41	0.33	0.33	0	0	0.41
111900	0.41	0.33	0.33	0	0	0.41
112000	0.41	0.33	0.33	0	0	0.41
112100	0.41	0.34	0.34	0	0	0.41
112200	0.42	0.34	0.34	0	0	0.42
112300	0.42	0.34	0.34	0	0	0.42
112400	0.41	0.34	0.34	0	0	0.41
112500	0.41	0.34	0.34	0	0	0.41
112600	0.42	0.34	0.34	0	0	0.42
112700	0.41	0.34	0.34	0	0	0.41
112800	0.41	0.34	0.34	0	0	0.41
112900	0.41	0.34	0.34	0	0	0.41
113000	0.41	0.34	0.34	0	0	0.41
113100	0.41	0.34	0.34	0	0	0.41
113200	0.41	0.34	0.34	0	0	0.41
113300	0.41	0.34	0.34	0	0	0.41
113400	0.41	0.34	0.34	0	0	0.41
113500	0.41	0.34	0.34	0	0	0.41
113600	0.41	0.35	0.35	0	0	0.41
113700	0.42	0.35	0.35	0	0	0.42
113800	0.42	0.35	0.35	0	0	0.42
113900	0.42	0.35	0.35	0	0	0.42
114000	0.42	0.36	0.36	0	0	0.42
114100	0.42	0.35	0.35	0	0	0.42
114200	0.42	0.35	0.35	0	0	0.42
114300	0.42	0.35	0.35	0	0	0.42
114400	0.42	0.35	0.35	0	0	0.42
114500	0.42	0.34	0.34	0	0	0.42
114600	0.41	0.34	0.34	0	0	0.41
114700	0.41	0.34	0.34	0	0	0.41
114800	0.41	0.34	0.34	0	0	0.41
114900	0.41	0.34	0.34	0	0	0.41
115000	0.41	0.35	0.35	0	0	0.41
115100	0.41	0.34	0.34	0	0	0.41
115200	0.41	0.34	0.34	0	0	0.41
115300	0.41	0.34	0.34	0	0	0.41
115400	0.41	0.34	0.34	0	0	0.41
115500	0.41	0.34	0.34	0	0	0.41
115600	0.41	0.33	0.33	0	0	0.41
115700	0.41	0.33	0.33	0	0	0.41
115800	0.41	0.33	0.33	0	0	0.41
115900	0.41	0.33	0.33	0	0	0.41
116000	0.41	0.33	0.33	0	0	0.41
116100	0.41	0.33	0.33	0	0	0.41
116200	0.41	0.33	0.33	0	0	0.41
116300	0.41	0.33	0.33	0	0	0.41
116400	0.41	0.33	0.33	0	0	0.41
116500	0.41	0.33	0.33	0	0	0.41
116600	0.41	0.33	0.33	0	0	0.41
116700	0.41	0.32	0.32	0	0	0.41
116800	0.41	0.32	0.32	0	0	0.41
116900	0.41	0.3	0.3	0	0	0.41
117000	0.41	0.3	0.3	0	0	0.41
117100	0.41	0.3	0.3	0	0	0.41
117200	0.41	0.3	0.3	0	0	0.41
117300	0.41	0.3	0.3	0	0	0.41
117400	0.41	0.31	0.31	0	0	0.41
117500	0.41	0.31	0.31	0	0	0.41
117600	0.41	0.31	0.31	0	0	0.41
117700	0.41	0.31	0.31	0	0	0.41
117800	0.42	0.31	0.31	0	0	0.42
117900	0.42	0.31	0.31	0	0	0.42
118000	0.42	0.31	0.31	0	0	0.42
118100	0.42	0.31	0.31	0	0	0.42
118200	0.42	0.31	0.31	0	0	0.42
118300	0.42	0.31	0.31	0	0	0.42
118400	0.42	0.3	0.3	0	0	0.42
118500	0.42	0.32	0.32	0	0	0.42
118600	0.42	0.31	0.31	0	0	0.42
118700	0.42	0.31	0.31	0	0	0.42
118800	0.43	0.31	0.31	0	0	0.43
118900	0.44	0.31	0.31	0	0	0.44
119000	0.44	0.31	0.31	0	0	0.44
119100	0.44	0.31	0.31	0	0	0.44
119200	0.44	0.31	0.31	0	0	0.44
119300	0.44	0.31	0.31	0	0	0.44
119400	0.44	0.31	0.31	0	0	0.44
119500	0.44	0.32	0.32	0	0	0.44
119600	0.44	0.32	0.32	0	0	0.44
119700	0.44	0.32	0.32	0	0	0.44
119800	0.44	0.32	0.32	0	0	0.44
119900	0.44	0.32	0.32	0	0	0.44
120000	0.44	0.32	0.32	0	0	0.44
120100	0.44	0.32	0.32	0	0	0.44
120200	0.44	0.32	0.32	0	0	0.44
120300	0.44	0.32	0.32	0	0	0.44
120400	0.44	0.32	0.32	0	0	0.44
120500	0.44	0.32	0.32	0	0	0.44
120600	0.43	0.32	0.32	0	0	0.43
120700	0.43	0.31	0.31	0	0	0.43
120800	0.43	0.31	0.31	0	0	0.43
120900	0.43	0.31	0.31	0	0	0.43
121000	0.43	0.31	0.31	0	0	0.43
121100	0.43	0.31	0.31	0	0	0.43
121200	0.43	0.31	0.31	0	0	0.43
121300	0.43	0.31	0.31	0	0	0.43
121400	0.43	0.31	0.31	0	0	0.43
121500	0.44	0.31	0.31	0	0	0.44
121600	0.44	0.31	0.31	0	0	0.44
121700	0.44	0.31	0.31	0	0	0.44
121800	0.44	0.31	0.31	0	0	0.44
121900	0.44	0.31	0.31	0	0	0.44
122000	0.44	0.31	0.31	0	0	0.44
122100	0.43	0.31	0.31	0	0	0.43
122200	0.43	0.31	0.31	0	0	0.43
122300	0.43	0.31	0.31	0	0	0.43
122400	0.43	0.31	0.31	0	0	0.43
122500	0.43	0.31	0.31	0	0	0.43
122600	0.43	0.31	0.31	0	0	0.43
122700	0.43	0.31	0.31	0	0	0.43
122800	0.43	0.31	0.31	0	0	0.43
122900	0.43	0.31	0.31	0	0	0.43
123000	0.43	0.31	0.31	0	0	0.43
123100	0.43	0.32	0.32	0	0	0.43
123200	0.43	0.32	0.32	0	0	0.43
123300	0.43	0.32	0.32	0	0	0.43
123400	0.43	0.32	0.32	0	0	0.43
123500	0.43	0.32	0.32	0	0	0.43
123600	0.43	0.32	0.32	0	0	0.43
123700	0.43	0.32	0.32	0	0	0.43
123800	0.43	0.32	0.32	0	0	0.43
123900	0.43	0.33	0.33	0	0	0.43
124000	0.43	0.32	0.32	0	0	0.43
124100	0.44	0.32	0.32	0	0	0.44
124200	0.43	0.32	0.32	0	0	0.43
124300	0.43	0.32	0.32	0	0	0.43
124400	0.43	0.32	0.32	0	0	0.43
124500	0.43	0.32	0.32	0	0	0.43
124600	0.43	0.33	0.33	0	0	0.43
124700	0.43	0.33	0.33	0	0	0.43
124800	0.43	0.33	0.33	0	0	0.43
124900	0.43	0.33	0.33	0	0	0.43
125000	0.43	0.33	0.33	0	0	0.43
125100	0.44	0.33	0.33	0	0	0.44
125200	0.44	0.33	0.33	0	0	0.44
125300	0.44	0.33	0.33	0	0	0.44
125400	0.44	0.33	0.33	0	0	0.44
125500	0.44	0.33	0.33	0	0	0.44
125600	0.44	0.33	0.33	0	0	0.44
125700	0.44	0.33	0.33	0	0	0.44
125800	0.44	0.33	0.33	0	0	0.44
125900	0.45	0.34	0.34	0	0	0.45
126000	0.45	0.34	0.34	0	0	0.45
126100	0.45	0.34	0.34	0	0	0.45
126200	0.45	0.34	0.34	0	0	0.45
126300	0.45	0.34	0.34	0	0	0.45
126400	0.45	0.35	0.35	0	0	0.45
126500	0.45	0.35	0.35	0	0	0.45
126600	0.45	0.35	0.35	0	0	0.45
126700	0.45	0.35	0.35	0	0	0.45
126800	0.45	0.35	0.35	0	0	0.45
126900	0.45	0.35	0.35	0	0	0.45
127000	0.45	0.35	0.35	0	0	0.45
127100	0.45	0.35	0.35	0	0	0.45
127200	0.45	0.35	0.35	0	0	0.45
127300	0.45	0.36	0.36	0	0	0.45
127400	0.45	0.35	0.35	0	0	0.45
127500	0.45	0.35	0.35	0	0	0.45
127600	0.45	0.35	0.35	0	0	0.45
127700	0.45	0.36	0.36	0	0	0.45
127800	0.45	0.36	0.36	0	0	0.45
127900	0.45	0.37	0.37	0	0	0.45
128000	0.45	0.37	0.37	0	0	0.45
128100	0.45	0.37	0.37	0	0	0.45
128200	0.45	0.37	0.37	0	0	0.45
128300	0.45	0.37	0.37	0	0	0.45
128400	0.45	0.37	0.37	0	0	0.45
128500	0.45	0.37	0.37	0	0	0.45
128600	0.45	0.37	0.37	0	0	0.45
128700	0.45	0.37	0.37	0	0	0.45
128800	0.45	0.37	0.37	0	0	0.45
128900	0.44	0.37	0.37	0	0	0.44
129000	0.44	0.37	0.37	0	0	0.44
129100	0.44	0.37	0.37	0	0	0.44
129200	0.44	0.37	0.37	0	0	0.44
129300	0.44	0.37	0.37	0	0	0.44
129400	0.44	0.37	0.37	0	0	0.44
129500	0.44	0.37	0.37	0	0	0.44
129600	0.44	0.37	0.37	0	0	0.44
129700	0.44	0.37	0.37	0	0	0.44
129800	0.45	0.37	0.37	0	0	0.45
129900	0.45	0.37	0.37	0	0	0.45
130000	0.45	0.37	0.37	0	0	0.45
130100	0.45	0.37	0.37	0	0	0.45
130200	0.44	0.37	0.37	0	0	0.44
130300	0.44	0.37	0.37	0	0	0.44
130400	0.44	0.37	0.37	0	0	0.44
130500	0.44	0.37	0.37	0	0	0.44
130600	0.44	0.37	0.37	0	0	0.44
130700	0.44	0.37	0.37	0	0	0.44
130800	0.44	0.37	0.37	0	0	0.44
130900	0.44	0.37	0.37	0	0	0.44
131000	0.44	0.37	0.37	0	0	0.44
131100	0.44	0.37	0.37	0	0	0.44
131200	0.44	0.38	0.38	0	0	0.44
131300	0.44	0.38	0.38	0	0	0.44
131400	0.44	0.37	0.37	0	0	0.44
131500	0.44	0.37	0.37	0	0	0.44
131600	0.44	0.37	0.37	0	0	0.44
131700	0.44	0.37	0.37	0	0	0.44
131800	0.44	0.37	0.37	0	0	0.44
131900	0.44	0.37	0.37	0	0	0.44
132000	0.44	0.37	0.37	0	0	0.44
132100	0.44	0.37	0.37	0	0	0.44
132200	0.44	0.37	0.37	0	0	0.44
132300	0.44	0.38	0.38	0	0	0.44
132400	0.45	0.38	0.38	0	0	0.45
132500	0.45	0.39	0.39	0	0	0.45
132600	0.45	0.38	0.38	0	0	0.45
132700	0.45	0.38	0.38	0	0	0.45
132800	0.45	0.38	0.38	0	0	0.45
132900	0.45	0.38	0.38	0	0	0.45
133000	0.45	0.38	0.38	0	0	0.45
133100	0.45	0.38	0.38	0	0	0.45
133200	0.45	0.38	0.38	0	0	0.45
133300	0.45	0.38	0.38	0	0	0.45
133400	0.45	0.39	0.39	0	0	0.45
133500	0.45	0.37	0.37	0	0	0.45
133600	0.44	0.37	0.37	0	0	0.44
133700	0.44	0.37	0.37	0	0	0.44
133800	0.44	0.37	0.37	0	0	0.44
133900	0.44	0.38	0.38	0	0	0.44
134000	0.44	0.38	0.38	0	0	0.44
134100	0.44	0.38	0.38	0	0	0.44
134200	0.44	0.38	0.38	0	0	0.44
134300	0.44	0.38	0.38	0	0	0.44
134400	0.45	0.38	0.38	0	0	0.45
134500	0.44	0.38	0.38	0	0	0.44
134600	0.44	0.38	0.38	0	0	0.44
134700	0.44	0.38	0.38	0	0	0.44
134800	0.44	0.38	0.38	0	0	0.44
134900	0.44	0.38	0.38	0	0	0.44
135000	0.44	0.38	0.38	0	0	0.44
135100	0.44	0.38	0.38	0	0	0.44
135200	0.44	0.38	0.38	0	0	0.44
135300	0.44	0.39	0.39	0	0	0.44
135400	0.44	0.39	0.39	0	0	0.44
135500	0.44	0.39	0.39	0	0	0.44
135600	0.44	0.39	0.39	0	0	0.44
135700	0.44	0.39	0.39	0	0	0.44
135800	0.44	0.39	0.39	0	0	0.44
135900	0.44	0.39	0.39	0	0	0.44
136000	0.44	0.39	0.39	0	0	0.44
136100	0.44	0.39	0.39	0	0	0.44
136200	0.44	0.39	0.39	0	0	0.44
136300	0.44	0.39	0.39	0	0	0.44
136400	0.44	0.39	0.39	0	0	0.44
136500	0.44	0.39	0.39	0	0	0.44
136600	0.44	0.39	0.39	0	0	0.44
136700	0.44	0.39	0.39	0	0	0.44
136800	0.44	0.39	0.39	0	0	0.44
136900	0.44	0.39	0.39	0	0	0.44
137000	0.44	0.39	0.39	0	0	0.44
137100	0.44	0.39	0.39	0	0	0.44
137200	0.44	0.39	0.39	0	0	0.44
137300	0.44	0.39	0.39	0	0	0.44
137400	0.44	0.39	0.39	0	0	0.44
137500	0.44	0.39	0.39	0	0	0.44
137600	0.44	0.39	0.39	0	0	0.44
137700	0.45	0.39	0.39	0	0	0.45
137800	0.44	0.39	0.39	0	0	0.44
137900	0.44	0.39	0.39	0	0	0.44
138000	0.44	0.39	0.39	0	0	0.44
138100	0.44	0.39	0.39	0	0	0.44
138200	0.44	0.39	0.39	0	0	0.44
138300	0.44	0.39	0.39	0	0	0.44
138400	0.44	0.39	0.39	0	0	0.44
138500	0.44	0.39	0.39	0	0	0.44
138600	0.44	0.39	0.39	0	0	0.44
138700	0.44	0.39	0.39	0	0	0.44
138800	0.43	0.39	0.39	0	0	0.43
138900	0.43	0.39	0.39	0	0	0.43
139000	0.43	0.39	0.39	0	0	0.43
139100	0.43	0.39	0.39	0	0	0.43
139200	0.43	0.39	0.39	0	0	0.43
139300	0.43	0.39	0.39	0	0	0.43
139400	0.43	0.39	0.39	0	0	0.43
139500	0.43	0.39	0.39	0	0	0.43
139600	0.43	0.39	0.39	0	0	0.43
139700	0.44	0.39	0.39	0	0	0.44
139800	0.44	0.39	0.39	0	0	0.44
139900	0.44	0.39	0.39	0	0	0.44
140000	0.44	0.39	0.39	0	0	0.44
140100	0.44	0.39	0.39	0	0	0.44
140200	0.43	0.39	0.39	0	0	0.43
140300	0.43	0.39	0.39	0	0	0.43
140400	0.43	0.39	0.39	0	0	0.43
140500	0.43	0.39	0.39	0	0	0.43
140600	0.43	0.39	0.39	0	0	0.43
140700	0.43	0.39	0.39	0	0	0.43
140800	0.43	0.39	0.39	0	0	0.43
140900	0.43	0.39	0.39	0	0	0.43
141000	0.43	0.39	0.39	0	0	0.43
141100	0.43	0.39	0.39	0	0	0.43
141200	0.43	0.39	0.39	0	0	0.43
141300	0.43	0.39	0.39	0	0	0.43
141400	0.43	0.39	0.39	0	0	0.43
141500	0.43	0.39	0.39	0	0	0.43
141600	0.43	0.39	0.39	0	0	0.43
141700	0.43	0.39	0.39	0	0	0.43
141800	0.43	0.39	0.39	0	0	0.43
141900	0.43	0.39	0.39	0	0	0.43
142000	0.43	0.39	0.39	0	0	0.43
142100	0.43	0.39	0.39	0	0	0.43
142200	0.43	0.39	0.39	0	0	0.43
142300	0.43	0.39	0.39	0	0	0.43
142400	0.43	0.39	0.39	0	0	0.43
142500	0.43	0.39	0.39	0	0	0.43
142600	0.43	0.39	0.39	0	0	0.43
142700	0.43	0.39	0.39	0	0	0.43
142800	0.43	0.39	0.39	0	0	0.43
142900	0.43	0.39	0.39	0	0	0.43
143000	0.43	0.39	0.39	0	0	0.43
143100	0.43	0.39	0.39	0	0	0.43
143200	0.43	0.39	0.39	0	0	0.43
143300	0.43	0.39	0.39	0	0	0.43
143400	0.43	0.39	0.39	0	0	0.43
143500	0.43	0.39	0.39	0	0	0.43
143600	0.43	0.4	0.4	0	0	0.43
143700	0.43	0.39	0.39	0	0	0.43
143800	0.43	0.39	0.39	0	0	0.43
143900	0.43	0.39	0.39	0	0	0.43
144000	0.43	0.39	0.39	0	0	0.43
144100	0.43	0.39	0.39	0	0	0.43
144200	0.43	0.39	0.39	0	0	0.43
144300	0.44	0.39	0.39	0	0	0.44
144400	0.44	0.39	0.39	0	0	0.44
144500	0.44	0.4	0.4	0	0	0.44
144600	0.44	0.4	0.4	0	0	0.44
144700	0.44	0.4	0.4	0	0	0.44
144800	0.44	0.4	0.4	0	0	0.44
144900	0.44	0.4	0.4	0	0	0.44
145000	0.44	0.4	0.4	0	0	0.44
145100	0.43	0.4	0.4	0	0	0.43
145200	0.44	0.4	0.4	0	0	0.44
145300	0.43	0.4	0.4	0	0	0.43
145400	0.42	0.4	0.4	0	0	0.42
145500	0.42	0.4	0.4	0	0	0.42
145600	0.42	0.4	0.4	0	0	0.42
145700	0.42	0.4	0.4	0	0	0.42
145800	0.42	0.41	0.41	0	0	0.42
145900	0.42	0.4	0.4	0	0	0.42
146000	0.42	0.4	0.4	0	0	0.42
146100	0.42	0.4	0.4	0	0	0.42
146200	0.42	0.4	0.4	0	0	0.42
146300	0.42	0.4	0.4	0	0	0.42
146400	0.42	0.4	0.4	0	0	0.42
146500	0.42	0.4	0.4	0	0	0.42
146600	0.42	0.4	0.4	0	0	0.42
146700	0.42	0.4	0.4	0	0	0.42
146800	0.42	0.39	0.39	0	0	0.42
146900	0.42	0.39	0.39	0	0	0.42
147000	0.42	0.39	0.39	0	0	0.42
147100	0.42	0.39	0.39	0	0	0.42
147200	0.42	0.39	0.39	0	0	0.42
147300	0.43	0.39	0.39	0	0	0.43
147400	0.43	0.39	0.39	0	0	0.43
147500	0.43	0.39	0.39	0	0	0.43
147600	0.44	0.39	0.39	0	0	0.44
147700	0.43	0.4	0.4	0	0	0.43
147800	0.43	0.39	0.39	0	0	0.43
147900	0.42	0.39	0.39	0	0	0.42
148000	0.42	0.39	0.39	0	0	0.42
148100	0.42	0.38	0.38	0	0	0.42
148200	0.42	0.38	0.38	0	0	0.42
148300	0.42	0.38	0.38	0	0	0.42
148400	0.43	0.38	0.38	0	0	0.43
148500	0.42	0.38	0.38	0	0	0.42
148600	0.42	0.38	0.38	0	0	0.42
148700	0.42	0.38	0.38	0	0	0.42
148800	0.42	0.38	0.38	0	0	0.42
148900	0.42	0.38	0.38	0	0	0.42
149000	0.42	0.38	0.38	0	0	0.42
149100	0.42	0.39	0.39	0	0	0.42
149200	0.42	0.39	0.39	0	0	0.42
149300	0.42	0.38	0.38	0	0	0.42
149400	0.42	0.38	0.38	0	0	0.42
149500	0.42	0.38	0.38	0	0	0.42
149600	0.42	0.38	0.38	0	0	0.42
149700	0.42	0.38	0.38	0	0	0.42
149800	0.42	0.38	0.38	0	0	0.42
149900	0.42	0.38	0.38	0	0	0.42
150000	0.42	0.39	0.39	0	0	0.42
150100	0.42	0.38	0.38	0	0	0.42
150200	0.42	0.38	0.38	0	0	0.42
150300	0.42	0.38	0.38	0	0	0.42
150400	0.42	0.38	0.38	0	0	0.42
150500	0.42	0.38	0.38	0	0	0.42
150600	0.42	0.38	0.38	0	0	0.42
150700	0.42	0.38	0.38	0	0	0.42
150800	0.42	0.38	0.38	0	0	0.42
150900	0.42	0.38	0.38	0	0	0.42
151000	0.42	0.38	0.38	0	0	0.42
151100	0.42	0.38	0.38	0	0	0.42
151200	0.42	0.38	0.38	0	0	0.42
151300	0.42	0.38	0.38	0	0	0.42
151400	0.42	0.38	0.38	0	0	0.42
151500	0.42	0.38	0.38	0	0	0.42
151600	0.42	0.38	0.38	0	0	0.42
151700	0.42	0.38	0.38	0	0	0.42
151800	0.42	0.37	0.37	0	0	0.42
151900	0.42	0.37	0.37	0	0	0.42
152000	0.42	0.38	0.38	0	0	0.42
152100	0.42	0.38	0.38	0	0	0.42
152200	0.42	0.38	0.38	0	0	0.42
152300	0.42	0.38	0.38	0	0	0.42
152400	0.42	0.38	0.38	0	0	0.42
152500	0.42	0.38	0.38	0	0	0.42
152600	0.42	0.38	0.38	0	0	0.42
152700	0.42	0.38	0.38	0	0	0.42
152800	0.42	0.38	0.38	0	0	0.42
152900	0.42	0.38	0.38	0	0	0.42
153000	0.42	0.39	0.39	0	0	0.42
153100	0.42	0.4	0.4	0	0	0.42
153200	0.42	0.4	0.4	0	0	0.42
153300	0.42	0.4	0.4	0	0	0.42
153400	0.42	0.4	0.4	0	0	0.42
153500	0.42	0.39	0.39	0	0	0.42
153600	0.42	0.39	0.39	0	0	0.42
153700	0.42	0.39	0.39	0	0	0.42
153800	0.42	0.39	0.39	0	0	0.42
153900	0.43	0.39	0.39	0	0	0.43
154000	0.43	0.39	0.39	0	0	0.43
154100	0.43	0.39	0.39	0	0	0.43
154200	0.43	0.39	0.39	0	0	0.43
154300	0.43	0.39	0.39	0	0	0.43
154400	0.43	0.39	0.39	0	0	0.43
154500	0.43	0.39	0.39	0	0	0.43
154600	0.43	0.39	0.39	0	0	0.43
154700	0.43	0.39	0.39	0	0	0.43
154800	0.43	0.39	0.39	0	0	0.43
154900	0.43	0.39	0.39	0	0	0.43
155000	0.43	0.4	0.4	0	0	0.43
155100	0.43	0.4	0.4	0	0	0.43
155200	0.43	0.4	0.4	0	0	0.43
155300	0.43	0.4	0.4	0	0	0.43
155400	0.43	0.4	0.4	0	0	0.43
155500	0.44	0.4	0.4	0	0	0.44
155600	0.44	0.41	0.41	0	0	0.44
155700	0.44	0.4	0.4	0	0	0.44
155800	0.44	0.4	0.4	0	0	0.44
155900	0.44	0.4	0.4	0	0	0.44
156000	0.44	0.4	0.4	0	0	0.44
156100	0.44	0.4	0.4	0	0	0.44
156200	0.44	0.4	0.4	0	0	0.44
156300	0.44	0.4	0.4	0	0	0.44
156400	0.44	0.39	0.39	0	0	0.44
156500	0.44	0.38	0.38	0	0	0.44
156600	0.44	0.38	0.38	0	0	0.44
156700	0.44	0.38	0.38	0	0	0.44
156800	0.44	0.38	0.38	0	0	0.44
156900	0.44	0.38	0.38	0	0	0.44
157000	0.44	0.38	0.38	0	0	0.44
157100	0.44	0.38	0.38	0	0	0.44
157200	0.44	0.38	0.38	0	0	0.44
157300	0.44	0.38	0.38	0	0	0.44
157400	0.44	0.38	0.38	0	0	0.44
157500	0.44	0.38	0.38	0	0	0.44
157600	0.44	0.39	0.39	0	0	0.44
157700	0.44	0.39	0.39	0	0	0.44
157800	0.44	0.38	0.38	0	0	0.44
157900	0.44	0.38	0.38	0	0	0.44
158000	0.44	0.38	0.38	0	0	0.44
158100	0.44	0.38	0.38	0	0	0.44
158200	0.44	0.38	0.38	0	0	0.44
158300	0.44	0.38	0.38	0	0	0.44
158400	0.44	0.38	0.38	0	0	0.44
158500	0.44	0.38	0.38	0	0	0.44
158600	0.44	0.38	0.38	0	0	0.44
158700	0.44	0.38	0.38	0	0	0.44
158800	0.44	0.38	0.38	0	0	0.44
158900	0.44	0.38	0.38	0	0	0.44
159000	0.44	0.38	0.38	0	0	0.44
159100	0.44	0.38	0.38	0	0	0.44
159200	0.44	0.38	0.38	0	0	0.44
159300	0.44	0.38	0.38	0	0	0.44
159400	0.44	0.38	0.38	0	0	0.44
159500	0.44	0.38	0.38	0	0	0.44
159600	0.44	0.38	0.38	0	0	0.44
159700	0.44	0.38	0.38	0	0	0.44
159800	0.44	0.38	0.38	0	0	0.44
159900	0.44	0.38	0.38	0	0	0.44
160000	0.44	0.38	0.38	0	0	0.44
160100	0.44	0.38	0.38	0	0	0.44
160200	0.44	0.38	0.38	0	0	0.44
160300	0.44	0.38	0.38	0	0	0.44
160400	0.44	0.38	0.38	0	0	0.44
160500	0.44	0.38	0.38	0	0	0.44
160600	0.44	0.38	0.38	0	0	0.44
160700	0.44	0.38	0.38	0	0	0.44
160800	0.44	0.38	0.38	0	0	0.44
160900	0.44	0.39	0.39	0	0	0.44
161000	0.44	0.38	0.38	0	0	0.44
161100	0.44	0.38	0.38	0	0	0.44
161200	0.44	0.38	0.38	0	0	0.44
161300	0.44	0.38	0.38	0	0	0.44
161400	0.44	0.38	0.38	0	0	0.44
161500	0.45	0.38	0.38	0	0	0.45
161600	0.44	0.38	0.38	0	0	0.44
161700	0.44	0.38	0.38	0	0	0.44
161800	0.44	0.38	0.38	0	0	0.44
161900	0.44	0.38	0.38	0	0	0.44
162000	0.44	0.38	0.38	0	0	0.44
162100	0.45	0.38	0.38	0	0	0.45
162200	0.45	0.38	0.38	0	0	0.45
162300	0.45	0.38	0.38	0	0	0.45
162400	0.45	0.38	0.38	0	0	0.45
162500	0.45	0.38	0.38	0	0	0.45
162600	0.45	0.38	0.38	0	0	0.45
162700	0.45	0.38	0.38	0	0	0.45
162800	0.45	0.38	0.38	0	0	0.45
162900	0.45	0.38	0.38	0	0	0.45
163000	0.45	0.38	0.38	0	0	0.45
163100	0.45	0.38	0.38	0	0	0.45
163200	0.45	0.38	0.38	0	0	0.45
163300	0.45	0.38	0.38	0	0	0.45
163400	0.45	0.38	0.38	0	0	0.45
163500	0.45	0.38	0.38	0	0	0.45
163600	0.45	0.38	0.38	0	0	0.45
163700	0.45	0.38	0.38	0	0	0.45
163800	0.45	0.38	0.38	0	0	0.45
163900	0.45	0.38	0.38	0	0	0.45
164000	0.45	0.38	0.38	0	0	0.45
164100	0.45	0.38	0.38	0	0	0.45
164200	0.45	0.38	0.38	0	0	0.45
164300	0.45	0.38	0.38	0	0	0.45
164400	0.45	0.38	0.38	0	0	0.45
164500	0.45	0.38	0.38	0	0	0.45
164600	0.45	0.38	0.38	0	0	0.45
164700	0.45	0.38	0.38	0	0	0.45
164800	0.45	0.37	0.37	0	0	0.45
164900	0.45	0.37	0.37	0	0	0.45
165000	0.45	0.37	0.37	0	0	0.45
165100	0.45	0.37	0.37	0	0	0.45
165200	0.45	0.37	0.37	0	0	0.45
165300	0.45	0.37	0.37	0	0	0.45
165400	0.45	0.37	0.37	0	0	0.45
165500	0.45	0.38	0.38	0	0	0.45
165600	0.45	0.38	0.38	0	0	0.45
165700	0.45	0.38	0.38	0	0	0.45
165800	0.46	0.38	0.38	0	0	0.46
165900	0.45	0.38	0.38	0	0	0.45
166000	0.45	0.38	0.38	0	0	0.45
166100	0.45	0.38	0.38	0	0	0.45
166200	0.45	0.37	0.37	0	0	0.45
166300	0.45	0.37	0.37	0	0	0.45
166400	0.45	0.37	0.37	0	0	0.45
166500	0.45	0.37	0.37	0	0	0.45
166600	0.45	0.37	0.37	0	0	0.45
166700	0.45	0.37	0.37	0	0	0.45
166800	0.45	0.37	0.37	0	0	0.45
166900	0.45	0.37	0.37	0	0	0.45
167000	0.45	0.37	0.37	0	0	0.45
167100	0.45	0.37	0.37	0	0	0.45
167200	0.45	0.37	0.37	0	0	0.45
167300	0.45	0.37	0.37	0	0	0.45
167400	0.45	0.37	0.37	0	0	0.45
167500	0.45	0.37	0.37	0	0	0.45
167600	0.45	0.37	0.37	0	0	0.45
167700	0.45	0.37	0.37	0	0	0.45
167800	0.45	0.37	0.37	0	0	0.45
167900	0.45	0.37	0.37	0	0	0.45
168000	0.45	0.37	0.37	0	0	0.45
168100	0.45	0.37	0.37	0	0	0.45
168200	0.45	0.37	0.37	0	0	0.45
168300	0.45	0.37	0.37	0	0	0.45
168400	0.45	0.37	0.37	0	0	0.45
168500	0.45	0.37	0.37	0	0	0.45
168600	0.45	0.37	0.37	0	0	0.45
168700	0.45	0.37	0.37	0	0	0.45
168800	0.45	0.37	0.37	0	0	0.45
168900	0.45	0.37	0.37	0	0	0.45
169000	0.45	0.37	0.37	0	0	0.45
169100	0.45	0.37	0.37	0	0	0.45
169200	0.45	0.37	0.37	0	0	0.45
169300	0.45	0.37	0.37	0	0	0.45
169400	0.45	0.37	0.37	0	0	0.45
169500	0.45	0.37	0.37	0	0	0.45
169600	0.45	0.37	0.37	0	0	0.45
169700	0.45	0.37	0.37	0	0	0.45
169800	0.45	0.37	0.37	0	0	0.45
169900	0.45	0.37	0.37	0	0	0.45
170000	0.45	0.37	0.37	0	0	0.45
170100	0.45	0.37	0.37	0	0	0.45
170200	0.45	0.37	0.37	0	0	0.45
170300	0.45	0.37	0.37	0	0	0.45
170400	0.45	0.37	0.37	0	0	0.45
170500	0.45	0.37	0.37	0	0	0.45
170600	0.45	0.37	0.37	0	0	0.45
170700	0.45	0.37	0.37	0	0	0.45
170800	0.45	0.37	0.37	0	0	0.45
170900	0.45	0.37	0.37	0	0	0.45
171000	0.45	0.37	0.37	0	0	0.45
171100	0.45	0.37	0.37	0	0	0.45
171200	0.45	0.37	0.37	0	0	0.45
171300	0.45	0.37	0.37	0	0	0.45
171400	0.45	0.37	0.37	0	0	0.45
171500	0.45	0.38	0.38	0	0	0.45
171600	0.45	0.38	0.38	0	0	0.45
171700	0.45	0.38	0.38	0	0	0.45
171800	0.45	0.38	0.38	0	0	0.45
171900	0.45	0.38	0.38	0	0	0.45
172000	0.45	0.38	0.38	0	0	0.45
172100	0.45	0.38	0.38	0	0	0.45
172200	0.45	0.38	0.38	0	0	0.45
172300	0.45	0.38	0.38	0	0	0.45
172400	0.45	0.38	0.38	0	0	0.45
172500	0.45	0.38	0.38	0	0	0.45
172600	0.46	0.37	0.37	0	0	0.46
172700	0.45	0.37	0.37	0	0	0.45
172800	0.45	0.37	0.37	0	0	0.45
172900	0.45	0.37	0.37	0	0	0.45
173000	0.45	0.37	0.37	0	0	0.45
173100	0.45	0.37	0.37	0	0	0.45
173200	0.45	0.37	0.37	0	0	0.45
173300	0.45	0.37	0.37	0	0	0.45
173400	0.45	0.37	0.37	0	0	0.45
173500	0.45	0.37	0.37	0	0	0.45
173600	0.45	0.37	0.37	0	0	0.45
173700	0.45	0.37	0.37	0	0	0.45
173800	0.45	0.37	0.37	0	0	0.45
173900	0.45	0.37	0.37	0	0	0.45
174000	0.45	0.37	0.37	0	0	0.45
174100	0.45	0.37	0.37	0	0	0.45
174200	0.45	0.37	0.37	0	0	0.45
174300	0.45	0.37	0.37	0	0	0.45
174400	0.45	0.37	0.37	0	0	0.45
174500	0.45	0.37	0.37	0	0	0.45
174600	0.45	0.37	0.37	0	0	0.45
174700	0.45	0.37	0.37	0	0	0.45
174800	0.45	0.37	0.37	0	0	0.45
174900	0.45	0.37	0.37	0	0	0.45
175000	0.45	0.37	0.37	0	0	0.45
175100	0.45	0.37	0.37	0	0	0.45
175200	0.45	0.37	0.37	0	0	0.45
175300	0.45	0.37	0.37	0	0	0.45
175400	0.45	0.37	0.37	0	0	0.45
175500	0.45	0.37	0.37	0	0	0.45
175600	0.45	0.37	0.37	0	0	0.45
175700	0.45	0.37	0.37	0	0	0.45
175800	0.45	0.36	0.36	0	0	0.45
175900	0.45	0.36	0.36	0	0	0.45
176000	0.45	0.36	0.36	0	0	0.45
176100	0.45	0.36	0.36	0	0	0.45
176200	0.45	0.36	0.36	0	0	0.45
176300	0.45	0.36	0.36	0	0	0.45
176400	0.45	0.36	0.36	0	0	0.45
176500	0.45	0.36	0.36	0	0	0.45
176600	0.45	0.36	0.36	0	0	0.45
176700	0.45	0.36	0.36	0	0	0.45
176800	0.45	0.36	0.36	0	0	0.45
176900	0.45	0.36	0.36	0	0	0.45
177000	0.45	0.36	0.36	0	0	0.45
177100	0.45	0.36	0.36	0	0	0.45
177200	0.45	0.36	0.36	0	0	0.45
177300	0.45	0.36	0.36	0	0	0.45
177400	0.45	0.36	0.36	0	0	0.45
177500	0.45	0.36	0.36	0	0	0.45
177600	0.45	0.36	0.36	0	0	0.45
177700	0.45	0.36	0.36	0	0	0.45
177800	0.45	0.36	0.36	0	0	0.45
177900	0.45	0.36	0.36	0	0	0.45
178000	0.45	0.36	0.36	0	0	0.45
178100	0.45	0.36	0.36	0	0	0.45
178200	0.45	0.36	0.36	0	0	0.45
178300	0.45	0.36	0.36	0	0	0.45
178400	0.45	0.36	0.36	0	0	0.45
178500	0.45	0.36	0.36	0	0	0.45
178600	0.45	0.36	0.36	0	0	0.45
178700	0.45	0.36	0.36	0	0	0.45
178800	0.45	0.36	0.36	0	0	0.45
178900	0.45	0.36	0.36	0	0	0.45
179000	0.45	0.36	0.36	0	0	0.45
179100	0.45	0.36	0.36	0	0	0.45
179200	0.45	0.36	0.36	0	0	0.45
179300	0.45	0.36	0.36	0	0	0.45
179400	0.45	0.36	0.36	0	0	0.45
179500	0.45	0.36	0.36	0	0	0.45
179600	0.45	0.37	0.37	0	0	0.45
179700	0.45	0.37	0.37	0	0	0.45
179800	0.45	0.36	0.36	0	0	0.45
179900	0.45	0.36	0.36	0	0	0.45
180000	0.45	0.36	0.36	0	0	0.45
180100	0.45	0.36	0.36	0	0	0.45
180200	0.45	0.36	0.36	0	0	0.45
180300	0.45	0.36	0.36	0	0	0.45
180400	0.45	0.36	0.36	0	0	0.45
180500	0.45	0.36	0.36	0	0	0.45
180600	0.45	0.36	0.36	0	0	0.45
180700	0.45	0.36	0.36	0	0	0.45
180800	0.45	0.36	0.36	0	0	0.45
180900	0.45	0.36	0.36	0	0	0.45
181000	0.45	0.36	0.36	0	0	0.45
181100	0.45	0.37	0.37	0	0	0.45
181200	0.45	0.36	0.36	0	0	0.45
181300	0.45	0.37	0.37	0	0	0.45
181400	0.45	0.37	0.37	0	0	0.45
181500	0.45	0.38	0.38	0	0	0.45
181600	0.45	0.37	0.37	0	0	0.45
181700	0.45	0.38	0.38	0	0	0.45
181800	0.45	0.38	0.38	0	0	0.45
181900	0.45	0.37	0.37	0	0	0.45
182000	0.45	0.37	0.37	0	0	0.45
182100	0.45	0.37	0.37	0	0	0.45
182200	0.45	0.37	0.37	0	0	0.45
182300	0.45	0.37	0.37	0	0	0.45
182400	0.45	0.37	0.37	0	0	0.45
182500	0.45	0.37	0.37	0	0	0.45
182600	0.45	0.37	0.37	0	0	0.45
182700	0.45	0.37	0.37	0	0	0.45
182800	0.45	0.37	0.37	0	0	0.45
182900	0.45	0.37	0.37	0	0	0.45
183000	0.45	0.37	0.37	0	0	0.45
183100	0.45	0.37	0.37	0	0	0.45
183200	0.45	0.37	0.37	0	0	0.45
183300	0.45	0.37	0.37	0	0	0.45
183400	0.45	0.35	0.35	0	0	0.45
183500	0.45	0.35	0.35	0	0	0.45
183600	0.45	0.35	0.35	0	0	0.45
183700	0.45	0.35	0.35	0	0	0.45
183800	0.45	0.35	0.35	0	0	0.45
183900	0.45	0.35	0.35	0	0	0.45
184000	0.45	0.35	0.35	0	0	0.45
184100	0.45	0.36	0.36	0	0	0.45
184200	0.45	0.36	0.36	0	0	0.45
184300	0.45	0.36	0.36	0	0	0.45
184400	0.45	0.36	0.36	0	0	0.45
184500	0.45	0.36	0.36	0	0	0.45
184600	0.45	0.36	0.36	0	0	0.45
184700	0.45	0.36	0.36	0	0	0.45
184800	0.45	0.36	0.36	0	0	0.45
184900	0.46	0.36	0.36	0	0	0.46
185000	0.46	0.36	0.36	0	0	0.46
185100	0.46	0.36	0.36	0	0	0.46
185200	0.46	0.36	0.36	0	0	0.46
185300	0.45	0.36	0.36	0	0	0.45
185400	0.45	0.36	0.36	0	0	0.45
185500	0.45	0.36	0.36	0	0	0.45
185600	0.45	0.36	0.36	0	0	0.45
185700	0.46	0.37	0.37	0	0	0.46
185800	0.46	0.37	0.37	0	0	0.46
185900	0.46	0.37	0.37	0	0	0.46
186000	0.46	0.37	0.37	0	0	0.46
186100	0.46	0.37	0.37	0	0	0.46
186200	0.45	0.37	0.37	0	0	0.45
186300	0.45	0.37	0.37	0	0	0.45
186400	0.45	0.37	0.37	0	0	0.45
186500	0.45	0.37	0.37	0	0	0.45
186600	0.45	0.37	0.37	0	0	0.45
186700	0.45	0.37	0.37	0	0	0.45
186800	0.45	0.37	0.37	0	0	0.45
186900	0.45	0.37	0.37	0	0	0.45
187000	0.45	0.37	0.37	0	0	0.45
187100	0.45	0.37	0.37	0	0	0.45
187200	0.45	0.37	0.37	0	0	0.45
187300	0.45	0.37	0.37	0	0	0.45
187400	0.45	0.37	0.37	0	0	0.45
187500	0.45	0.37	0.37	0	0	0.45
187600	0.45	0.37	0.37	0	0	0.45
187700	0.45	0.37	0.37	0	0	0.45
187800	0.45	0.37	0.37	0	0	0.45
187900	0.45	0.37	0.37	0	0	0.45
188000	0.45	0.37	0.37	0	0	0.45
188100	0.45	0.37	0.37	0	0	0.45
188200	0.45	0.37	0.37	0	0	0.45
188300	0.45	0.37	0.37	0	0	0.45
188400	0.46	0.37	0.37	0	0	0.46
188500	0.46	0.37	0.37	0	0	0.46
188600	0.46	0.37	0.37	0	0	0.46
188700	0.46	0.39	0.39	0	0	0.46
188800	0.46	0.39	0.39	0	0	0.46
188900	0.46	0.39	0.39	0	0	0.46
189000	0.46	0.39	0.39	0	0	0.46
189100	0.46	0.39	0.39	0	0	0.46
189200	0.46	0.39	0.39	0	0	0.46
189300	0.46	0.39	0.39	0	0	0.46
189400	0.46	0.39	0.39	0	0	0.46
189500	0.46	0.39	0.39	0	0	0.46
189600	0.46	0.39	0.39	0	0	0.46
189700	0.46	0.39	0.39	0	0	0.46
189800	0.46	0.39	0.39	0	0	0.46
189900	0.46	0.39	0.39	0	0	0.46
190000	0.46	0.39	0.39	0	0	0.46
190100	0.46	0.39	0.39	0	0	0.46
190200	0.46	0.39	0.39	0	0	0.46
190300	0.46	0.39	0.39	0	0	0.46
190400	0.46	0.39	0.39	0	0	0.46
190500	0.46	0.39	0.39	0	0	0.46
190600	0.46	0.39	0.39	0	0	0.46
190700	0.46	0.39	0.39	0	0	0.46
190800	0.46	0.39	0.39	0	0	0.46
190900	0.46	0.39	0.39	0	0	0.46
191000	0.46	0.39	0.39	0	0	0.46
191100	0.46	0.39	0.39	0	0	0.46
191200	0.46	0.39	0.39	0	0	0.46
191300	0.46	0.39	0.39	0	0	0.46
191400	0.46	0.39	0.39	0	0	0.46
191500	0.46	0.39	0.39	0	0	0.46
191600	0.46	0.39	0.39	0	0	0.46
191700	0.46	0.39	0.39	0	0	0.46
191800	0.46	0.39	0.39	0	0	0.46
191900	0.46	0.39	0.39	0	0	0.46
192000	0.46	0.39	0.39	0	0	0.46
192100	0.46	0.39	0.39	0	0	0.46
192200	0.46	0.39	0.39	0	0	0.46
192300	0.46	0.39	0.39	0	0	0.46
192400	0.46	0.39	0.39	0	0	0.46
192500	0.46	0.39	0.39	0	0	0.46
192600	0.46	0.39	0.39	0	0	0.46
192700	0.46	0.39	0.39	0	0	0.46
192800	0.46	0.39	0.39	0	0	0.46
192900	0.46	0.39	0.39	0	0	0.46
193000	0.46	0.39	0.39	0	0	0.46
193100	0.46	0.39	0.39	0	0	0.46
193200	0.46	0.4	0.4	0	0	0.46
193300	0.46	0.39	0.39	0	0	0.46
193400	0.46	0.39	0.39	0	0	0.46
193500	0.46	0.39	0.39	0	0	0.46
193600	0.46	0.39	0.39	0	0	0.46
193700	0.46	0.39	0.39	0	0	0.46
193800	0.46	0.39	0.39	0	0	0.46
193900	0.46	0.39	0.39	0	0	0.46
194000	0.46	0.39	0.39	0	0	0.46
194100	0.46	0.39	0.39	0	0	0.46
194200	0.46	0.39	0.39	0	0	0.46
194300	0.46	0.39	0.39	0	0	0.46
194400	0.46	0.39	0.39	0	0	0.46
194500	0.46	0.39	0.39	0	0	0.46
194600	0.46	0.39	0.39	0	0	0.46
194700	0.46	0.39	0.39	0	0	0.46
194800	0.46	0.39	0.39	0	0	0.46
194900	0.46	0.39	0.39	0	0	0.46
195000	0.46	0.4	0.4	0	0	0.46
195100	0.46	0.4	0.4	0	0	0.46
195200	0.46	0.4	0.4	0	0	0.46
195300	0.46	0.4	0.4	0	0	0.46
195400	0.46	0.4	0.4	0	0	0.46
195500	0.46	0.4	0.4	0	0	0.46
195600	0.46	0.4	0.4	0	0	0.46
195700	0.46	0.39	0.39	0	0	0.46
195800	0.46	0.39	0.39	0	0	0.46
195900	0.46	0.39	0.39	0	0	0.46
196000	0.46	0.39	0.39	0	0	0.46
196100	0.46	0.39	0.39	0	0	0.46
196200	0.46	0.39	0.39	0	0	0.46
196300	0.46	0.39	0.39	0	0	0.46
196400	0.46	0.39	0.39	0	0	0.46
196500	0.46	0.39	0.39	0	0	0.46
196600	0.46	0.39	0.39	0	0	0.46
196700	0.46	0.39	0.39	0	0	0.46
196800	0.46	0.39	0.39	0	0	0.46
196900	0.46	0.39	0.39	0	0	0.46
197000	0.46	0.4	0.4	0	0	0.46
197100	0.46	0.4	0.4	0	0	0.46
197200	0.46	0.4	0.4	0	0	0.46
197300	0.46	0.39	0.39	0	0	0.46
197400	0.46	0.39	0.39	0	0	0.46
197500	0.46	0.39	0.39	0	0	0.46
197600	0.46	0.39	0.39	0	0	0.46
197700	0.46	0.39	0.39	0	0	0.46
197800	0.46	0.39	0.39	0	0	0.46
197900	0.46	0.39	0.39	0	0	0.46
198000	0.46	0.39	0.39	0	0	0.46
198100	0.46	0.39	0.39	0	0	0.46
198200	0.46	0.39	0.39	0	0	0.46
198300	0.47	0.39	0.39	0	0	0.47
198400	0.46	0.39	0.39	0	0	0.46
198500	0.46	0.39	0.39	0	0	0.46
198600	0.46	0.39	0.39	0	0	0.46
198700	0.46	0.39	0.39	0	0	0.46
198800	0.46	0.39	0.39	0	0	0.46
198900	0.46	0.39	0.39	0	0	0.46
199000	0.46	0.39	0.39	0	0	0.46
199100	0.46	0.39	0.39	0	0	0.46
199200	0.46	0.39	0.39	0	0	0.46
199300	0.46	0.39	0.39	0	0	0.46
199400	0.46	0.39	0.39	0	0	0.46
199500	0.46	0.39	0.39	0	0	0.46
199600	0.46	0.39	0.39	0	0	0.46
199700	0.46	0.39	0.39	0	0	0.46
199800	0.46	0.39	0.39	0	0	0.46
199900	0.46	0.39	0.39	0	0	0.46
200000	0.46	0.39	0.39	0	0	0.46
200100	0.47	0.39	0.39	0	0	0.47
200200	0.46	0.39	0.39	0	0	0.46
200300	0.46	0.39	0.39	0	0	0.46
200400	0.46	0.39	0.39	0	0	0.46
200500	0.46	0.39	0.39	0	0	0.46
200600	0.46	0.39	0.39	0	0	0.46
200700	0.46	0.39	0.39	0	0	0.46
200800	0.46	0.39	0.39	0	0	0.46
200900	0.46	0.39	0.39	0	0	0.46
201000	0.47	0.39	0.39	0	0	0.47
201100	0.46	0.39	0.39	0	0	0.46
201200	0.46	0.39	0.39	0	0	0.46
201300	0.46	0.39	0.39	0	0	0.46
201400	0.46	0.39	0.39	0	0	0.46
201500	0.46	0.39	0.39	0	0	0.46
201600	0.46	0.39	0.39	0	0	0.46
201700	0.46	0.39	0.39	0	0	0.46
201800	0.46	0.39	0.39	0	0	0.46
201900	0.46	0.39	0.39	0	0	0.46
202000	0.46	0.39	0.39	0	0	0.46
202100	0.46	0.39	0.39	0	0	0.46
202200	0.46	0.39	0.39	0	0	0.46
202300	0.46	0.39	0.39	0	0	0.46
202400	0.46	0.39	0.39	0	0	0.46
202500	0.46	0.39	0.39	0	0	0.46
202600	0.46	0.39	0.39	0	0	0.46
202700	0.46	0.39	0.39	0	0	0.46
202800	0.46	0.39	0.39	0	0	0.46
202900	0.46	0.39	0.39	0	0	0.46
203000	0.46	0.39	0.39	0	0	0.46
203100	0.46	0.39	0.39	0	0	0.46
203200	0.46	0.39	0.39	0	0	0.46
203300	0.46	0.4	0.4	0	0	0.46
203400	0.46	0.39	0.39	0	0	0.46
203500	0.46	0.39	0.39	0	0	0.46
203600	0.46	0.39	0.39	0	0	0.46
203700	0.46	0.39	0.39	0	0	0.46
203800	0.46	0.39	0.39	0	0	0.46
203900	0.46	0.39	0.39	0	0	0.46
204000	0.46	0.39	0.39	0	0	0.46
204100	0.46	0.39	0.39	0	0	0.46
204200	0.46	0.39	0.39	0	0	0.46
204300	0.46	0.39	0.39	0	0	0.46
204400	0.46	0.39	0.39	0	0	0.46
204500	0.46	0.39	0.39	0	0	0.46
204600	0.46	0.39	0.39	0	0	0.46
204700	0.46	0.39	0.39	0	0	0.46
204800	0.46	0.39	0.39	0	0	0.46
204900	0.46	0.39	0.39	0	0	0.46
205000	0.46	0.39	0.39	0	0	0.46
205100	0.46	0.39	0.39	0	0	0.46
205200	0.46	0.39	0.39	0	0	0.46
205300	0.46	0.39	0.39	0	0	0.46
205400	0.47	0.39	0.39	0	0	0.47
205500	0.47	0.39	0.39	0	0	0.47
205600	0.47	0.39	0.39	0	0	0.47
205700	0.47	0.39	0.39	0	0	0.47
205800	0.47	0.39	0.39	0	0	0.47
205900	0.47	0.39	0.39	0	0	0.47
206000	0.47	0.39	0.39	0	0	0.47
206100	0.47	0.39	0.39	0	0	0.47
206200	0.47	0.39	0.39	0	0	0.47
206300	0.47	0.4	0.4	0	0	0.47
206400	0.47	0.39	0.39	0	0	0.47
206500	0.47	0.39	0.39	0	0	0.47
206600	0.47	0.39	0.39	0	0	0.47
206700	0.47	0.39	0.39	0	0	0.47
206800	0.47	0.39	0.39	0	0	0.47
206900	0.47	0.39	0.39	0	0	0.47
207000	0.47	0.39	0.39	0	0	0.47
207100	0.47	0.39	0.39	0	0	0.47
207200	0.47	0.39	0.39	0	0	0.47
207300	0.47	0.39	0.39	0	0	0.47
207400	0.47	0.39	0.39	0	0	0.47
207500	0.47	0.39	0.39	0	0	0.47
207600	0.47	0.39	0.39	0	0	0.47
207700	0.47	0.39	0.39	0	0	0.47
207800	0.47	0.39	0.39	0	0	0.47
207900	0.47	0.39	0.39	0	0	0.47
208000	0.47	0.39	0.39	0	0	0.47
208100	0.47	0.39	0.39	0	0	0.47
208200	0.47	0.39	0.39	0	0	0.47
208300	0.47	0.39	0.39	0	0	0.47
208400	0.47	0.39	0.39	0	0	0.47
208500	0.47	0.39	0.39	0	0	0.47
208600	0.47	0.4	0.4	0	0	0.47
208700	0.47	0.39	0.39	0	0	0.47
208800	0.47	0.39	0.39	0	0	0.47
208900	0.47	0.39	0.39	0	0	0.47
209000	0.47	0.39	0.39	0	0	0.47
209100	0.47	0.39	0.39	0	0	0.47
209200	0.46	0.39	0.39	0	0	0.46
209300	0.46	0.39	0.39	0	0	0.46
209400	0.46	0.39	0.39	0	0	0.46
209500	0.46	0.39	0.39	0	0	0.46
209600	0.46	0.39	0.39	0	0	0.46
209700	0.46	0.39	0.39	0	0	0.46
209800	0.46	0.39	0.39	0	0	0.46
209900	0.46	0.39	0.39	0	0	0.46
210000	0.46	0.39	0.39	0	0	0.46
210100	0.46	0.39	0.39	0	0	0.46
210200	0.46	0.39	0.39	0	0	0.46
210300	0.46	0.39	0.39	0	0	0.46
210400	0.46	0.39	0.39	0	0	0.46
210500	0.47	0.39	0.39	0	0	0.47
210600	0.46	0.39	0.39	0	0	0.46
210700	0.46	0.39	0.39	0	0	0.46
210800	0.46	0.39	0.39	0	0	0.46
210900	0.46	0.39	0.39	0	0	0.46
211000	0.46	0.39	0.39	0	0	0.46
211100	0.46	0.39	0.39	0	0	0.46
211200	0.46	0.39	0.39	0	0	0.46
211300	0.46	0.4	0.4	0	0	0.46
211400	0.46	0.39	0.39	0	0	0.46
211500	0.46	0.39	0.39	0	0	0.46
211600	0.46	0.39	0.39	0	0	0.46
211700	0.46	0.39	0.39	0	0	0.46
211800	0.46	0.39	0.39	0	0	0.46
211900	0.46	0.39	0.39	0	0	0.46
212000	0.46	0.39	0.39	0	0	0.46
212100	0.46	0.39	0.39	0	0	0.46
212200	0.46	0.39	0.39	0	0	0.46
212300	0.46	0.39	0.39	0	0	0.46
212400	0.46	0.39	0.39	0	0	0.46
212500	0.46	0.39	0.39	0	0	0.46
212600	0.46	0.39	0.39	0	0	0.46
212700	0.46	0.39	0.39	0	0	0.46
212800	0.46	0.39	0.39	0	0	0.46
212900	0.46	0.39	0.39	0	0	0.46
213000	0.46	0.39	0.39	0	0	0.46
213100	0.46	0.39	0.39	0	0	0.46
213200	0.46	0.39	0.39	0	0	0.46
213300	0.46	0.39	0.39	0	0	0.46
213400	0.46	0.39	0.39	0	0	0.46
213500	0.46	0.39	0.39	0	0	0.46
213600	0.46	0.39	0.39	0	0	0.46
213700	0.46	0.39	0.39	0	0	0.46
213800	0.46	0.39	0.39	0	0	0.46
213900	0.46	0.39	0.39	0	0	0.46
214000	0.46	0.39	0.39	0	0	0.46
214100	0.47	0.39	0.39	0	0	0.47
214200	0.46	0.39	0.39	0	0	0.46
214300	0.45	0.39	0.39	0	0	0.45
214400	0.45	0.39	0.39	0	0	0.45
214500	0.45	0.39	0.39	0	0	0.45
214600	0.45	0.39	0.39	0	0	0.45
214700	0.45	0.39	0.39	0	0	0.45
214800	0.45	0.39	0.39	0	0	0.45
214900	0.45	0.39	0.39	0	0	0.45
215000	0.45	0.39	0.39	0	0	0.45
215100	0.45	0.39	0.39	0	0	0.45
215200	0.45	0.39	0.39	0	0	0.45
215300	0.45	0.39	0.39	0	0	0.45
215400	0.45	0.39	0.39	0	0	0.45
215500	0.45	0.39	0.39	0	0	0.45
215600	0.45	0.39	0.39	0	0	0.45
215700	0.45	0.39	0.39	0	0	0.45
215800	0.45	0.39	0.39	0	0	0.45
215900	0.45	0.39	0.39	0	0	0.45
216000	0.45	0.39	0.39	0	0	0.45
216100	0.45	0.39	0.39	0	0	0.45
216200	0.45	0.39	0.39	0	0	0.45
216300	0.45	0.39	0.39	0	0	0.45
216400	0.45	0.39	0.39	0	0	0.45
216500	0.45	0.39	0.39	0	0	0.45
216600	0.45	0.39	0.39	0	0	0.45
216700	0.45	0.39	0.39	0	0	0.45
216800	0.45	0.39	0.39	0	0	0.45
216900	0.45	0.39	0.39	0	0	0.45
217000	0.45	0.39	0.39	0	0	0.45
217100	0.45	0.39	0.39	0	0	0.45
217200	0.45	0.39	0.39	0	0	0.45
217300	0.45	0.39	0.39	0	0	0.45
217400	0.45	0.39	0.39	0	0	0.45
217500	0.45	0.39	0.39	0	0	0.45
217600	0.45	0.4	0.4	0	0	0.45
217700	0.45	0.4	0.4	0	0	0.45
217800	0.45	0.4	0.4	0	0	0.45
217900	0.45	0.4	0.4	0	0	0.45
218000	0.45	0.4	0.4	0	0	0.45
218100	0.45	0.4	0.4	0	0	0.45
218200	0.45	0.4	0.4	0	0	0.45
218300	0.45	0.4	0.4	0	0	0.45
218400	0.45	0.4	0.4	0	0	0.45
218500	0.45	0.4	0.4	0	0	0.45
218600	0.45	0.4	0.4	0	0	0.45
218700	0.45	0.4	0.4	0	0	0.45
218800	0.45	0.4	0.4	0	0	0.45
218900	0.45	0.4	0.4	0	0	0.45
219000	0.45	0.4	0.4	0	0	0.45
219100	0.45	0.4	0.4	0	0	0.45
219200	0.45	0.4	0.4	0	0	0.45
219300	0.45	0.41	0.41	0	0	0.45
219400	0.45	0.41	0.41	0	0	0.45
219500	0.45	0.41	0.41	0	0	0.45
219600	0.45	0.41	0.41	0	0	0.45
219700	0.45	0.41	0.41	0	0	0.45
219800	0.45	0.41	0.41	0	0	0.45
219900	0.45	0.41	0.41	0	0	0.45
220000	0.45	0.41	0.41	0	0	0.45
220100	0.45	0.41	0.41	0	0	0.45
220200	0.45	0.41	0.41	0	0	0.45
220300	0.45	0.41	0.41	0	0	0.45
220400	0.45	0.41	0.41	0	0	0.45
220500	0.45	0.41	0.41	0	0	0.45
220600	0.45	0.41	0.41	0	0	0.45
220700	0.45	0.41	0.41	0	0	0.45
220800	0.45	0.41	0.41	0	0	0.45
220900	0.45	0.41	0.41	0	0	0.45
221000	0.45	0.41	0.41	0	0	0.45
221100	0.45	0.41	0.41	0	0	0.45
221200	0.45	0.41	0.41	0	0	0.45
221300	0.45	0.41	0.41	0	0	0.45
221400	0.45	0.41	0.41	0	0	0.45
221500	0.45	0.41	0.41	0	0	0.45
221600	0.45	0.41	0.41	0	0	0.45
221700	0.45	0.41	0.41	0	0	0.45
221800	0.45	0.41	0.41	0	0	0.45
221900	0.45	0.41	0.41	0	0	0.45
222000	0.45	0.41	0.41	0	0	0.45
222100	0.45	0.41	0.41	0	0	0.45
222200	0.45	0.41	0.41	0	0	0.45
222300	0.45	0.41	0.41	0	0	0.45
222400	0.46	0.41	0.41	0	0	0.46
222500	0.45	0.41	0.41	0	0	0.45
222600	0.45	0.41	0.41	0	0	0.45
222700	0.45	0.41	0.41	0	0	0.45
222800	0.45	0.41	0.41	0	0	0.45
222900	0.45	0.41	0.41	0	0	0.45
223000	0.45	0.41	0.41	0	0	0.45
223100	0.45	0.41	0.41	0	0	0.45
223200	0.45	0.41	0.41	0	0	0.45
223300	0.45	0.41	0.41	0	0	0.45
223400	0.45	0.41	0.41	0	0	0.45
223500	0.45	0.41	0.41	0	0	0.45
223600	0.45	0.4	0.4	0	0	0.45
223700	0.45	0.4	0.4	0	0	0.45
223800	0.45	0.4	0.4	0	0	0.45
223900	0.45	0.4	0.4	0	0	0.45
224000	0.45	0.4	0.4	0	0	0.45
224100	0.45	0.4	0.4	0	0	0.45
224200	0.45	0.4	0.4	0	0	0.45
224300	0.45	0.4	0.4	0	0	0.45
224400	0.45	0.4	0.4	0	0	0.45
224500	0.45	0.4	0.4	0	0	0.45
224600	0.45	0.4	0.4	0	0	0.45
224700	0.45	0.4	0.4	0	0	0.45
224800	0.45	0.4	0.4	0	0	0.45
224900	0.45	0.4	0.4	0	0	0.45
225000	0.45	0.4	0.4	0	0	0.45
225100	0.45	0.4	0.4	0	0	0.45
225200	0.45	0.4	0.4	0	0	0.45
225300	0.45	0.4	0.4	0	0	0.45
225400	0.45	0.4	0.4	0	0	0.45
225500	0.45	0.4	0.4	0	0	0.45
225600	0.45	0.4	0.4	0	0	0.45
225700	0.45	0.4	0.4	0	0	0.45
225800	0.45	0.4	0.4	0	0	0.45
225900	0.45	0.4	0.4	0	0	0.45
226000	0.45	0.4	0.4	0	0	0.45
226100	0.45	0.4	0.4	0	0	0.45
226200	0.45	0.4	0.4	0	0	0.45
226300	0.45	0.4	0.4	0	0	0.45
226400	0.45	0.4	0.4	0	0	0.45
226500	0.45	0.4	0.4	0	0	0.45
226600	0.45	0.4	0.4	0	0	0.45
226700	0.45	0.4	0.4	0	0	0.45
226800	0.45	0.4	0.4	0	0	0.45
226900	0.45	0.4	0.4	0	0	0.45
227000	0.45	0.4	0.4	0	0	0.45
227100	0.45	0.4	0.4	0	0	0.45
227200	0.45	0.4	0.4	0	0	0.45
227300	0.45	0.4	0.4	0	0	0.45
227400	0.45	0.4	0.4	0	0	0.45
227500	0.45	0.4	0.4	0	0	0.45
227600	0.45	0.4	0.4	0	0	0.45
227700	0.45	0.4	0.4	0	0	0.45
227800	0.45	0.4	0.4	0	0	0.45
227900	0.45	0.4	0.4	0	0	0.45
228000	0.45	0.4	0.4	0	0	0.45
228100	0.45	0.4	0.4	0	0	0.45
228200	0.45	0.4	0.4	0	0	0.45
228300	0.45	0.4	0.4	0	0	0.45
228400	0.45	0.4	0.4	0	0	0.45
228500	0.45	0.4	0.4	0	0	0.45
228600	0.45	0.4	0.4	0	0	0.45
228700	0.45	0.4	0.4	0	0	0.45
228800	0.45	0.4	0.4	0	0	0.45
228900	0.44	0.4	0.4	0	0	0.44
229000	0.44	0.4	0.4	0	0	0.44
229100	0.44	0.4	0.4	0	0	0.44
229200	0.44	0.4	0.4	0	0	0.44
229300	0.44	0.4	0.4	0	0	0.44
229400	0.44	0.4	0.4	0	0	0.44
229500	0.44	0.4	0.4	0	0	0.44
229600	0.44	0.4	0.4	0	0	0.44
229700	0.44	0.4	0.4	0	0	0.44
229800	0.44	0.4	0.4	0	0	0.44
229900	0.44	0.4	0.4	0	0	0.44
230000	0.44	0.4	0.4	0	0	0.44
230100	0.44	0.4	0.4	0	0	0.44
230200	0.44	0.4	0.4	0	0	0.44
230300	0.44	0.4	0.4	0	0	0.44
230400	0.44	0.4	0.4	0	0	0.44
230500	0.44	0.4	0.4	0	0	0.44
230600	0.44	0.4	0.4	0	0	0.44
230700	0.44	0.4	0.4	0	0	0.44
230800	0.44	0.4	0.4	0	0	0.44
230900	0.44	0.4	0.4	0	0	0.44
231000	0.44	0.4	0.4	0	0	0.44
231100	0.44	0.4	0.4	0	0	0.44
231200	0.44	0.4	0.4	0	0	0.44
231300	0.44	0.4	0.4	0	0	0.44
231400	0.44	0.4	0.4	0	0	0.44
231500	0.44	0.4	0.4	0	0	0.44
231600	0.44	0.4	0.4	0	0	0.44
231700	0.44	0.4	0.4	0	0	0.44
231800	0.44	0.4	0.4	0	0	0.44
231900	0.44	0.4	0.4	0	0	0.44
232000	0.44	0.4	0.4	0	0	0.44
232100	0.44	0.4	0.4	0	0	0.44
232200	0.44	0.4	0.4	0	0	0.44
232300	0.44	0.4	0.4	0	0	0.44
232400	0.44	0.4	0.4	0	0	0.44
232500	0.44	0.4	0.4	0	0	0.44
232600	0.44	0.4	0.4	0	0	0.44
232700	0.44	0.4	0.4	0	0	0.44
232800	0.44	0.4	0.4	0	0	0.44
232900	0.44	0.4	0.4	0	0	0.44
233000	0.44	0.4	0.4	0	0	0.44
233100	0.44	0.4	0.4	0	0	0.44
233200	0.44	0.4	0.4	0	0	0.44
233300	0.44	0.4	0.4	0	0	0.44
233400	0.44	0.4	0.4	0	0	0.44
233500	0.44	0.41	0.41	0	0	0.44
233600	0.44	0.4	0.4	0	0	0.44
233700	0.44	0.4	0.4	0	0	0.44
233800	0.44	0.4	0.4	0	0	0.44
233900	0.44	0.4	0.4	0	0	0.44
234000	0.44	0.4	0.4	0	0	0.44
234100	0.44	0.4	0.4	0	0	0.44
234200	0.44	0.4	0.4	0	0	0.44
234300	0.44	0.4	0.4	0	0	0.44
234400	0.44	0.4	0.4	0	0	0.44
234500	0.44	0.4	0.4	0	0	0.44
234600	0.44	0.4	0.4	0	0	0.44
234700	0.44	0.4	0.4	0	0	0.44
234800	0.44	0.4	0.4	0	0	0.44
234900	0.44	0.4	0.4	0	0	0.44
235000	0.44	0.4	0.4	0	0	0.44
235100	0.44	0.39	0.39	0	0	0.44
235200	0.44	0.39	0.39	0	0	0.44
235300	0.44	0.39	0.39	0	0	0.44
235400	0.44	0.39	0.39	0	0	0.44
235500	0.44	0.39	0.39	0	0	0.44
235600	0.44	0.39	0.39	0	0	0.44
235700	0.44	0.4	0.4	0	0	0.44
235800	0.44	0.4	0.4	0	0	0.44
235900	0.44	0.4	0.4	0	0	0.44
236000	0.44	0.41	0.41	0	0	0.44
236100	0.44	0.4	0.4	0	0	0.44
236200	0.44	0.4	0.4	0	0	0.44
236300	0.44	0.4	0.4	0	0	0.44
236400	0.44	0.4	0.4	0	0	0.44
236500	0.44	0.4	0.4	0	0	0.44
236600	0.44	0.4	0.4	0	0	0.44
236700	0.44	0.4	0.4	0	0	0.44
236800	0.44	0.4	0.4	0	0	0.44
236900	0.44	0.4	0.4	0	0	0.44
237000	0.44	0.4	0.4	0	0	0.44
237100	0.44	0.4	0.4	0	0	0.44
237200	0.44	0.4	0.4	0	0	0.44
237300	0.44	0.4	0.4	0	0	0.44
237400	0.43	0.4	0.4	0	0	0.43
237500	0.43	0.4	0.4	0	0	0.43
237600	0.43	0.4	0.4	0	0	0.43
237700	0.43	0.4	0.4	0	0	0.43
237800	0.43	0.4	0.4	0	0	0.43
237900	0.43	0.4	0.4	0	0	0.43
238000	0.43	0.4	0.4	0	0	0.43
238100	0.43	0.4	0.4	0	0	0.43
238200	0.42	0.4	0.4	0	0	0.42
238300	0.42	0.4	0.4	0	0	0.42
238400	0.42	0.4	0.4	0	0	0.42
238500	0.42	0.4	0.4	0	0	0.42
238600	0.42	0.4	0.4	0	0	0.42
238700	0.42	0.4	0.4	0	0	0.42
238800	0.42	0.4	0.4	0	0	0.42
238900	0.42	0.4	0.4	0	0	0.42
239000	0.42	0.4	0.4	0	0	0.42
239100	0.42	0.4	0.4	0	0	0.42
239200	0.42	0.4	0.4	0	0	0.42
239300	0.42	0.4	0.4	0	0	0.42
239400	0.42	0.4	0.4	0	0	0.42
239500	0.42	0.4	0.4	0	0	0.42
239600	0.42	0.4	0.4	0	0	0.42
239700	0.42	0.4	0.4	0	0	0.42
239800	0.42	0.4	0.4	0	0	0.42
239900	0.42	0.4	0.4	0	0	0.42
240000	0.42	0.4	0.4	0	0	0.42
240100	0.42	0.4	0.4	0	0	0.42
240200	0.42	0.4	0.4	0	0	0.42
240300	0.42	0.4	0.4	0	0	0.42
240400	0.42	0.4	0.4	0	0	0.42
240500	0.42	0.4	0.4	0	0	0.42
240600	0.42	0.4	0.4	0	0	0.42
240700	0.42	0.4	0.4	0	0	0.42
240800	0.42	0.4	0.4	0	0	0.42
240900	0.42	0.4	0.4	0	0	0.42
241000	0.42	0.4	0.4	0	0	0.42
241100	0.43	0.4	0.4	0	0	0.43
241200	0.42	0.4	0.4	0	0	0.42
241300	0.42	0.4	0.4	0	0	0.42
241400	0.43	0.4	0.4	0	0	0.43
241500	0.42	0.4	0.4	0	0	0.42
241600	0.42	0.4	0.4	0	0	0.42
241700	0.42	0.4	0.4	0	0	0.42
241800	0.42	0.4	0.4	0	0	0.42
241900	0.42	0.4	0.4	0	0	0.42
242000	0.42	0.4	0.4	0	0	0.42
242100	0.42	0.4	0.4	0	0	0.42
242200	0.42	0.4	0.4	0	0	0.42
242300	0.42	0.4	0.4	0	0	0.42
242400	0.42	0.4	0.4	0	0	0.42
242500	0.42	0.4	0.4	0	0	0.42
242600	0.42	0.4	0.4	0	0	0.42
242700	0.42	0.4	0.4	0	0	0.42
242800	0.42	0.4	0.4	0	0	0.42
242900	0.42	0.4	0.4	0	0	0.42
243000	0.42	0.41	0.41	0	0	0.42
243100	0.42	0.41	0.41	0	0	0.42
243200	0.42	0.41	0.41	0	0	0.42
243300	0.42	0.41	0.41	0	0	0.42
243400	0.43	0.41	0.41	0	0	0.43
243500	0.43	0.41	0.41	0	0	0.43
243600	0.43	0.41	0.41	0	0	0.43
243700	0.43	0.42	0.42	0	0	0.43
243800	0.43	0.42	0.42	0	0	0.43
243900	0.43	0.41	0.41	0	0	0.43
244000	0.43	0.4	0.4	0	0	0.43
244100	0.43	0.4	0.4	0	0	0.43
244200	0.43	0.4	0.4	0	0	0.43
244300	0.43	0.4	0.4	0	0	0.43
244400	0.43	0.4	0.4	0	0	0.43
244500	0.43	0.4	0.4	0	0	0.43
244600	0.43	0.4	0.4	0	0	0.43
244700	0.43	0.4	0.4	0	0	0.43
244800	0.43	0.4	0.4	0	0	0.43
244900	0.43	0.4	0.4	0	0	0.43
245000	0.43	0.4	0.4	0	0	0.43
245100	0.43	0.4	0.4	0	0	0.43
245200	0.43	0.39	0.39	0	0	0.43
245300	0.43	0.39	0.39	0	0	0.43
245400	0.43	0.4	0.4	0	0	0.43
245500	0.43	0.4	0.4	0	0	0.43
245600	0.43	0.4	0.4	0	0	0.43
245700	0.43	0.4	0.4	0	0	0.43
245800	0.43	0.4	0.4	0	0	0.43
245900	0.43	0.4	0.4	0	0	0.43
246000	0.43	0.4	0.4	0	0	0.43
246100	0.43	0.4	0.4	0	0	0.43
246200	0.43	0.4	0.4	0	0	0.43
246300	0.43	0.4	0.4	0	0	0.43
246400	0.43	0.4	0.4	0	0	0.43
246500	0.43	0.4	0.4	0	0	0.43
246600	0.43	0.4	0.4	0	0	0.43
246700	0.43	0.4	0.4	0	0	0.43
246800	0.43	0.4	0.4	0	0	0.43
246900	0.43	0.4	0.4	0	0	0.43
247000	0.43	0.4	0.4	0	0	0.43
247100	0.43	0.39	0.39	0	0	0.43
247200	0.43	0.39	0.39	0	0	0.43
247300	0.43	0.39	0.39	0	0	0.43
247400	0.43	0.4	0.4	0	0	0.43
247500	0.43	0.39	0.39	0	0	0.43
247600	0.43	0.37	0.37	0	0	0.43
247700	0.43	0.38	0.38	0	0	0.43
247800	0.43	0.37	0.37	0	0	0.43
247900	0.43	0.37	0.37	0	0	0.43
248000	0.43	0.37	0.37	0	0	0.43
248100	0.43	0.37	0.37	0	0	0.43
248200	0.43	0.37	0.37	0	0	0.43
248300	0.43	0.36	0.36	0	0	0.43
248400	0.43	0.37	0.37	0	0	0.43
248500	0.43	0.37	0.37	0	0	0.43
248600	0.43	0.36	0.36	0	0	0.43
248700	0.43	0.36	0.36	0	0	0.43
248800	0.43	0.36	0.36	0	0	0.43
248900	0.43	0.36	0.36	0	0	0.43
249000	0.43	0.36	0.36	0	0	0.43
249100	0.43	0.36	0.36	0	0	0.43
249200	0.43	0.36	0.36	0	0	0.43
249300	0.43	0.36	0.36	0	0	0.43
249400	0.43	0.37	0.37	0	0	0.43
249500	0.43	0.36	0.36	0	0	0.43
249600	0.43	0.36	0.36	0	0	0.43
249700	0.43	0.36	0.36	0	0	0.43
249800	0.43	0.35	0.35	0	0	0.43
249900	0.43	0.35	0.35	0	0	0.43
250000	0.43	0.35	0.35	0	0	0.43
250100	0.43	0.35	0.35	0	0	0.43
250200	0.43	0.35	0.35	0	0	0.43
250300	0.43	0.35	0.35	0	0	0.43
250400	0.43	0.35	0.35	0	0	0.43
250500	0.43	0.35	0.35	0	0	0.43
250600	0.43	0.35	0.35	0	0	0.43
250700	0.43	0.35	0.35	0	0	0.43
250800	0.43	0.35	0.35	0	0	0.43
250900	0.43	0.35	0.35	0	0	0.43
251000	0.43	0.36	0.36	0	0	0.43
251100	0.43	0.36	0.36	0	0	0.43
251200	0.43	0.36	0.36	0	0	0.43
251300	0.43	0.36	0.36	0	0	0.43
251400	0.43	0.36	0.36	0	0	0.43
251500	0.43	0.36	0.36	0	0	0.43
251600	0.43	0.35	0.35	0	0	0.43
251700	0.43	0.35	0.35	0	0	0.43
251800	0.43	0.36	0.36	0	0	0.43
251900	0.43	0.36	0.36	0	0	0.43
252000	0.43	0.36	0.36	0	0	0.43
252100	0.43	0.36	0.36	0	0	0.43
252200	0.43	0.36	0.36	0	0	0.43
252300	0.43	0.36	0.36	0	0	0.43
252400	0.43	0.36	0.36	0	0	0.43
252500	0.43	0.36	0.36	0	0	0.43
252600	0.43	0.36	0.36	0	0	0.43
252700	0.43	0.36	0.36	0	0	0.43
252800	0.43	0.35	0.35	0	0	0.43
252900	0.43	0.35	0.35	0	0	0.43
253000	0.43	0.35	0.35	0	0	0.43
253100	0.43	0.35	0.35	0	0	0.43
253200	0.43	0.35	0.35	0	0	0.43
253300	0.43	0.35	0.35	0	0	0.43
253400	0.43	0.36	0.36	0	0	0.43
253500	0.43	0.36	0.36	0	0	0.43
253600	0.44	0.36	0.36	0	0	0.44
253700	0.44	0.35	0.35	0	0	0.44
253800	0.44	0.35	0.35	0	0	0.44
253900	0.44	0.35	0.35	0	0	0.44
254000	0.44	0.35	0.35	0	0	0.44
254100	0.44	0.35	0.35	0	0	0.44
254200	0.44	0.35	0.35	0	0	0.44
254300	0.44	0.35	0.35	0	0	0.44
254400	0.44	0.36	0.36	0	0	0.44
254500	0.44	0.36	0.36	0	0	0.44
254600	0.44	0.36	0.36	0	0	0.44
254700	0.44	0.36	0.36	0	0	0.44
254800	0.44	0.36	0.36	0	0	0.44
254900	0.44	0.36	0.36	0	0	0.44
255000	0.44	0.36	0.36	0	0	0.44
255100	0.44	0.36	0.36	0	0	0.44
255200	0.44	0.36	0.36	0	0	0.44
255300	0.45	0.36	0.36	0	0	0.45
255400	0.45	0.35	0.35	0	0	0.45
255500	0.44	0.35	0.35	0	0	0.44
255600	0.44	0.35	0.35	0	0	0.44
255700	0.44	0.35	0.35	0	0	0.44
255800	0.44	0.35	0.35	0	0	0.44
255900	0.44	0.35	0.35	0	0	0.44
256000	0.44	0.35	0.35	0	0	0.44
256100	0.44	0.35	0.35	0	0	0.44
256200	0.44	0.35	0.35	0	0	0.44
256300	0.44	0.35	0.35	0	0	0.44
256400	0.44	0.35	0.35	0	0	0.44
256500	0.44	0.35	0.35	0	0	0.44
256600	0.44	0.35	0.35	0	0	0.44
256700	0.44	0.35	0.35	0	0	0.44
256800	0.44	0.35	0.35	0	0	0.44
256900	0.44	0.35	0.35	0	0	0.44
257000	0.44	0.35	0.35	0	0	0.44
257100	0.44	0.35	0.35	0	0	0.44
257200	0.44	0.35	0.35	0	0	0.44
257300	0.44	0.35	0.35	0	0	0.44
257400	0.43	0.35	0.35	0	0	0.43
257500	0.43	0.35	0.35	0	0	0.43
257600	0.43	0.35	0.35	0	0	0.43
257700	0.43	0.35	0.35	0	0	0.43
257800	0.43	0.35	0.35	0	0	0.43
257900	0.43	0.35	0.35	0	0	0.43
258000	0.43	0.35	0.35	0	0	0.43
258100	0.43	0.35	0.35	0	0	0.43
258200	0.43	0.35	0.35	0	0	0.43
258300	0.43	0.35	0.35	0	0	0.43
258400	0.43	0.35	0.35	0	0	0.43
258500	0.43	0.35	0.35	0	0	0.43
258600	0.43	0.35	0.35	0	0	0.43
258700	0.43	0.35	0.35	0	0	0.43
258800	0.43	0.35	0.35	0	0	0.43
258900	0.43	0.35	0.35	0	0	0.43
259000	0.43	0.35	0.35	0	0	0.43
259100	0.43	0.35	0.35	0	0	0.43
259200	0.43	0.35	0.35	0	0	0.43
259300	0.43	0.35	0.35	0	0	0.43
259400	0.43	0.35	0.35	0	0	0.43
259500	0.43	0.35	0.35	0	0	0.43
259600	0.43	0.35	0.35	0	0	0.43
259700	0.43	0.35	0.35	0	0	0.43
259800	0.43	0.35	0.35	0	0	0.43
259900	0.43	0.35	0.35	0	0	0.43
260000	0.43	0.35	0.35	0	0	0.43
260100	0.43	0.35	0.35	0	0	0.43
260200	0.43	0.35	0.35	0	0	0.43
260300	0.43	0.35	0.35	0	0	0.43
260400	0.43	0.35	0.35	0	0	0.43
260500	0.43	0.35	0.35	0	0	0.43
260600	0.42	0.35	0.35	0	0	0.42
260700	0.42	0.35	0.35	0	0	0.42
260800	0.42	0.35	0.35	0	0	0.42
260900	0.42	0.35	0.35	0	0	0.42
261000	0.42	0.36	0.36	0	0	0.42
261100	0.42	0.37	0.37	0	0	0.42
261200	0.42	0.37	0.37	0	0	0.42
261300	0.42	0.37	0.37	0	0	0.42
261400	0.42	0.37	0.37	0	0	0.42
261500	0.42	0.37	0.37	0	0	0.42
261600	0.42	0.37	0.37	0	0	0.42
261700	0.42	0.37	0.37	0	0	0.42
261800	0.42	0.37	0.37	0	0	0.42
261900	0.42	0.37	0.37	0	0	0.42
262000	0.42	0.37	0.37	0	0	0.42
262100	0.42	0.37	0.37	0	0	0.42
262200	0.42	0.37	0.37	0	0	0.42
262300	0.42	0.37	0.37	0	0	0.42
262400	0.42	0.37	0.37	0	0	0.42
262500	0.42	0.37	0.37	0	0	0.42
262600	0.42	0.37	0.37	0	0	0.42
262700	0.41	0.37	0.37	0	0	0.41
262800	0.41	0.37	0.37	0	0	0.41
262900	0.41	0.37	0.37	0	0	0.41
263000	0.41	0.37	0.37	0	0	0.41
263100	0.41	0.37	0.37	0	0	0.41
263200	0.41	0.37	0.37	0	0	0.41
263300	0.41	0.37	0.37	0	0	0.41
263400	0.41	0.37	0.37	0	0	0.41
263500	0.41	0.37	0.37	0	0	0.41
263600	0.41	0.37	0.37	0	0	0.41
263700	0.41	0.37	0.37	0	0	0.41
263800	0.41	0.36	0.36	0	0	0.41
263900	0.41	0.36	0.36	0	0	0.41
264000	0.41	0.36	0.36	0	0	0.41
264100	0.41	0.36	0.36	0	0	0.41
264200	0.41	0.36	0.36	0	0	0.41
264300	0.41	0.36	0.36	0	0	0.41
264400	0.41	0.36	0.36	0	0	0.41
264500	0.41	0.36	0.36	0	0	0.41
264600	0.41	0.36	0.36	0	0	0.41
264700	0.41	0.36	0.36	0	0	0.41
264800	0.41	0.36	0.36	0	0	0.41
264900	0.42	0.36	0.36	0	0	0.42
265000	0.41	0.36	0.36	0	0	0.41
265100	0.41	0.37	0.37	0	0	0.41
265200	0.41	0.37	0.37	0	0	0.41
265300	0.41	0.37	0.37	0	0	0.41
265400	0.41	0.37	0.37	0	0	0.41
265500	0.41	0.37	0.37	0	0	0.41
265600	0.41	0.37	0.37	0	0	0.41
265700	0.41	0.37	0.37	0	0	0.41
265800	0.41	0.37	0.37	0	0	0.41
265900	0.41	0.37	0.37	0	0	0.41
266000	0.41	0.37	0.37	0	0	0.41
266100	0.41	0.37	0.37	0	0	0.41
266200	0.41	0.37	0.37	0	0	0.41
266300	0.41	0.38	0.38	0	0	0.41
266400	0.41	0.38	0.38	0	0	0.41
266500	0.41	0.38	0.38	0	0	0.41
266600	0.41	0.38	0.38	0	0	0.41
266700	0.41	0.38	0.38	0	0	0.41
266800	0.41	0.38	0.38	0	0	0.41
266900	0.41	0.38	0.38	0	0	0.41
267000	0.41	0.38	0.38	0	0	0.41
267100	0.41	0.38	0.38	0	0	0.41
267200	0.41	0.38	0.38	0	0	0.41
267300	0.41	0.38	0.38	0	0	0.41
267400	0.41	0.38	0.38	0	0	0.41
267500	0.41	0.38	0.38	0	0	0.41
267600	0.41	0.38	0.38	0	0	0.41
267700	0.41	0.39	0.39	0	0	0.41
267800	0.41	0.38	0.38	0	0	0.41
267900	0.41	0.38	0.38	0	0	0.41
268000	0.41	0.38	0.38	0	0	0.41
268100	0.41	0.38	0.38	0	0	0.41
268200	0.41	0.39	0.39	0	0	0.41
268300	0.41	0.39	0.39	0	0	0.41
268400	0.41	0.39	0.39	0	0	0.41
268500	0.41	0.39	0.39	0	0	0.41
268600	0.41	0.39	0.39	0	0	0.41
268700	0.41	0.39	0.39	0	0	0.41
268800	0.41	0.39	0.39	0	0	0.41
268900	0.41	0.39	0.39	0	0	0.41
269000	0.41	0.39	0.39	0	0	0.41
269100	0.41	0.39	0.39	0	0	0.41
269200	0.41	0.39	0.39	0	0	0.41
269300	0.41	0.39	0.39	0	0	0.41
269400	0.41	0.39	0.39	0	0	0.41
269500	0.42	0.39	0.39	0	0	0.42
269600	0.41	0.39	0.39	0	0	0.41
269700	0.41	0.39	0.39	0	0	0.41
269800	0.41	0.39	0.39	0	0	0.41
269900	0.41	0.39	0.39	0	0	0.41
270000	0.41	0.39	0.39	0	0	0.41
270100	0.41	0.39	0.39	0	0	0.41
270200	0.41	0.39	0.39	0	0	0.41
270300	0.41	0.39	0.39	0	0	0.41
270400	0.41	0.38	0.38	0	0	0.41
270500	0.41	0.37	0.37	0	0	0.41
270600	0.41	0.37	0.37	0	0	0.41
270700	0.42	0.37	0.37	0	0	0.42
270800	0.42	0.37	0.37	0	0	0.42
270900	0.41	0.38	0.38	0	0	0.41
271000	0.41	0.37	0.37	0	0	0.41
271100	0.42	0.37	0.37	0	0	0.42
271200	0.42	0.37	0.37	0	0	0.42
271300	0.42	0.37	0.37	0	0	0.42
271400	0.42	0.37	0.37	0	0	0.42
271500	0.42	0.38	0.38	0	0	0.42
271600	0.42	0.38	0.38	0	0	0.42
271700	0.42	0.38	0.38	0	0	0.42
271800	0.42	0.38	0.38	0	0	0.42
271900	0.42	0.38	0.38	0	0	0.42
272000	0.41	0.38	0.38	0	0	0.41
272100	0.41	0.38	0.38	0	0	0.41
272200	0.41	0.38	0.38	0	0	0.41
272300	0.41	0.38	0.38	0	0	0.41
272400	0.41	0.38	0.38	0	0	0.41
272500	0.41	0.38	0.38	0	0	0.41
272600	0.41	0.38	0.38	0	0	0.41
272700	0.41	0.39	0.39	0	0	0.41
272800	0.41	0.39	0.39	0	0	0.41
272900	0.41	0.39	0.39	0	0	0.41
273000	0.41	0.39	0.39	0	0	0.41
273100	0.41	0.39	0.39	0	0	0.41
273200	0.41	0.39	0.39	0	0	0.41
273300	0.41	0.39	0.39	0	0	0.41
273400	0.41	0.39	0.39	0	0	0.41
273500	0.41	0.39	0.39	0	0	0.41
273600	0.41	0.39	0.39	0	0	0.41
273700	0.41	0.39	0.39	0	0	0.41
273800	0.41	0.4	0.4	0	0	0.41
273900	0.41	0.4	0.4	0	0	0.41
274000	0.41	0.4	0.4	0	0	0.41
274100	0.41	0.39	0.39	0	0	0.41
274200	0.41	0.39	0.39	0	0	0.41
274300	0.41	0.39	0.39	0	0	0.41
274400	0.41	0.39	0.39	0	0	0.41
274500	0.41	0.39	0.39	0	0	0.41
274600	0.41	0.39	0.39	0	0	0.41
274700	0.41	0.39	0.39	0	0	0.41
274800	0.41	0.39	0.39	0	0	0.41
274900	0.41	0.39	0.39	0	0	0.41
275000	0.41	0.39	0.39	0	0	0.41
275100	0.41	0.39	0.39	0	0	0.41
275200	0.41	0.39	0.39	0	0	0.41
275300	0.41	0.39	0.39	0	0	0.41
275400	0.41	0.39	0.39	0	0	0.41
275500	0.41	0.39	0.39	0	0	0.41
275600	0.41	0.39	0.39	0	0	0.41
275700	0.41	0.39	0.39	0	0	0.41
275800	0.41	0.39	0.39	0	0	0.41
275900	0.41	0.39	0.39	0	0	0.41
276000	0.41	0.39	0.39	0	0	0.41
276100	0.41	0.39	0.39	0	0	0.41
276200	0.41	0.39	0.39	0	0	0.41
276300	0.41	0.39	0.39	0	0	0.41
276400	0.41	0.39	0.39	0	0	0.41
276500	0.41	0.39	0.39	0	0	0.41
276600	0.41	0.39	0.39	0	0	0.41
276700	0.41	0.39	0.39	0	0	0.41
276800	0.41	0.39	0.39	0	0	0.41
276900	0.41	0.4	0.4	0	0	0.41
277000	0.41	0.39	0.39	0	0	0.41
277100	0.41	0.39	0.39	0	0	0.41
277200	0.41	0.39	0.39	0	0	0.41
277300	0.41	0.39	0.39	0	0	0.41
277400	0.41	0.39	0.39	0	0	0.41
277500	0.41	0.39	0.39	0	0	0.41
277600	0.41	0.39	0.39	0	0	0.41
277700	0.41	0.39	0.39	0	0	0.41
277800	0.41	0.39	0.39	0	0	0.41
277900	0.41	0.39	0.39	0	0	0.41
278000	0.41	0.39	0.39	0	0	0.41
278100	0.41	0.39	0.39	0	0	0.41
278200	0.41	0.39	0.39	0	0	0.41
278300	0.41	0.39	0.39	0	0	0.41
278400	0.41	0.39	0.39	0	0	0.41
278500	0.41	0.39	0.39	0	0	0.41
278600	0.41	0.39	0.39	0	0	0.41
278700	0.41	0.39	0.39	0	0	0.41
278800	0.41	0.39	0.39	0	0	0.41
278900	0.41	0.39	0.39	0	0	0.41
279000	0.41	0.39	0.39	0	0	0.41
279100	0.41	0.39	0.39	0	0	0.41
279200	0.41	0.39	0.39	0	0	0.41
279300	0.41	0.39	0.39	0	0	0.41
279400	0.41	0.39	0.39	0	0	0.41
279500	0.41	0.39	0.39	0	0	0.41
279600	0.41	0.39	0.39	0	0	0.41
279700	0.41	0.39	0.39	0	0	0.41
279800	0.41	0.39	0.39	0	0	0.41
279900	0.41	0.39	0.39	0	0	0.41
280000	0.41	0.39	0.39	0	0	0.41
280100	0.42	0.39	0.39	0	0	0.42
280200	0.41	0.39	0.39	0	0	0.41
280300	0.41	0.39	0.39	0	0	0.41
280400	0.42	0.39	0.39	0	0	0.42
280500	0.41	0.39	0.39	0	0	0.41
280600	0.41	0.39	0.39	0	0	0.41
280700	0.4	0.39	0.39	0	0	0.4
280800	0.4	0.39	0.39	0	0	0.4
280900	0.4	0.39	0.39	0	0	0.4
281000	0.4	0.39	0.39	0	0	0.4
281100	0.4	0.39	0.39	0	0	0.4
281200	0.4	0.39	0.39	0	0	0.4
281300	0.4	0.39	0.39	0	0	0.4
281400	0.4	0.39	0.39	0	0	0.4
281500	0.4	0.39	0.39	0	0	0.4
281600	0.4	0.39	0.39	0	0	0.4
281700	0.41	0.39	0.39	0	0	0.41
281800	0.4	0.39	0.39	0	0	0.4
281900	0.4	0.39	0.39	0	0	0.4
282000	0.4	0.39	0.39	0	0	0.4
282100	0.4	0.39	0.39	0	0	0.4
282200	0.4	0.39	0.39	0	0	0.4
282300	0.4	0.39	0.39	0	0	0.4
282400	0.4	0.39	0.39	0	0	0.4
282500	0.4	0.39	0.39	0	0	0.4
282600	0.4	0.39	0.39	0	0	0.4
282700	0.4	0.39	0.39	0	0	0.4
282800	0.4	0.39	0.39	0	0	0.4
282900	0.4	0.39	0.39	0	0	0.4
283000	0.4	0.39	0.39	0	0	0.4
283100	0.4	0.39	0.39	0	0	0.4
283200	0.4	0.39	0.39	0	0	0.4
283300	0.4	0.39	0.39	0	0	0.4
283400	0.4	0.39	0.39	0	0	0.4
283500	0.4	0.39	0.39	0	0	0.4
283600	0.4	0.39	0.39	0	0	0.4
283700	0.4	0.39	0.39	0	0	0.4
283800	0.4	0.39	0.39	0	0	0.4
283900	0.4	0.39	0.39	0	0	0.4
284000	0.4	0.39	0.39	0	0	0.4
284100	0.4	0.39	0.39	0	0	0.4
284200	0.4	0.39	0.39	0	0	0.4
284300	0.4	0.39	0.39	0	0	0.4
284400	0.4	0.39	0.39	0	0	0.4
284500	0.4	0.39	0.39	0	0	0.4
284600	0.4	0.39	0.39	0	0	0.4
284700	0.4	0.39	0.39	0	0	0.4
284800	0.4	0.39	0.39	0	0	0.4
284900	0.4	0.39	0.39	0	0	0.4
285000	0.4	0.39	0.39	0	0	0.4
285100	0.4	0.39	0.39	0	0	0.4
285200	0.4	0.39	0.39	0	0	0.4
285300	0.4	0.39	0.39	0	0	0.4
285400	0.4	0.39	0.39	0	0	0.4
285500	0.4	0.39	0.39	0	0	0.4
285600	0.4	0.4	0.4	0	0	0.4
285700	0.4	0.39	0.39	0	0	0.4
285800	0.4	0.4	0.4	0	0	0.4
285900	0.4	0.4	0.4	0	0	0.4
286000	0.4	0.4	0.4	0	0	0.4
286100	0.4	0.4	0.4	0	0	0.4
286200	0.4	0.4	0.4	0	0	0.4
286300	0.4	0.4	0.4	0	0	0.4
286400	0.4	0.41	0.41	0	0	0.4
286500	0.4	0.41	0.41	0	0	0.4
286600	0.4	0.41	0.41	0	0	0.4
286700	0.4	0.41	0.41	0	0	0.4
286800	0.4	0.41	0.41	0	0	0.4
286900	0.4	0.41	0.41	0	0	0.4
287000	0.4	0.41	0.41	0	0	0.4
287100	0.4	0.41	0.41	0	0	0.4
287200	0.4	0.41	0.41	0	0	0.4
287300	0.4	0.41	0.41	0	0	0.4
287400	0.4	0.41	0.41	0	0	0.4
287500	0.4	0.43	0.43	0	0	0.4
287600	0.41	0.41	0.41	0	0	0.41
287700	0.41	0.41	0.41	0	0	0.41
287800	0.41	0.42	0.42	0	0	0.41
287900	0.4	0.42	0.42	0	0	0.4
288000	0.4	0.42	0.42	0	0	0.4
288100	0.4	0.42	0.42	0	0	0.4
288200	0.4	0.41	0.41	0	0	0.4
288300	0.39	0.41	0.41	0	0	0.39
288400	0.39	0.41	0.41	0	0	0.39
288500	0.39	0.41	0.41	0	0	0.39
288600	0.39	0.41	0.41	0	0	0.39
288700	0.39	0.41	0.41	0	0	0.39
288800	0.39	0.41	0.41	0	0	0.39
288900	0.39	0.41	0.41	0	0	0.39
289000	0.39	0.41	0.41	0	0	0.39
289100	0.39	0.41	0.41	0	0	0.39
289200	0.39	0.41	0.41	0	0	0.39
289300	0.39	0.41	0.41	0	0	0.39
289400	0.39	0.41	0.41	0	0	0.39
289500	0.39	0.41	0.41	0	0	0.39
289600	0.39	0.41	0.41	0	0	0.39
289700	0.39	0.41	0.41	0	0	0.39
289800	0.39	0.41	0.41	0	0	0.39
289900	0.39	0.41	0.41	0	0	0.39
290000	0.39	0.41	0.41	0	0	0.39
290100	0.39	0.41	0.41	0	0	0.39
290200	0.39	0.41	0.41	0	0	0.39
290300	0.39	0.41	0.41	0	0	0.39
290400	0.39	0.41	0.41	0	0	0.39
290500	0.39	0.41	0.41	0	0	0.39
290600	0.39	0.41	0.41	0	0	0.39
290700	0.4	0.41	0.41	0	0	0.4
290800	0.4	0.41	0.41	0	0	0.4
290900	0.4	0.41	0.41	0	0	0.4
291000	0.39	0.41	0.41	0	0	0.39
291100	0.39	0.41	0.41	0	0	0.39
291200	0.39	0.41	0.41	0	0	0.39
291300	0.39	0.41	0.41	0	0	0.39
291400	0.39	0.41	0.41	0	0	0.39
291500	0.39	0.41	0.41	0	0	0.39
291600	0.39	0.41	0.41	0	0	0.39
291700	0.39	0.41	0.41	0	0	0.39
291800	0.39	0.41	0.41	0	0	0.39
291900	0.39	0.41	0.41	0	0	0.39
292000	0.39	0.41	0.41	0	0	0.39
292100	0.39	0.41	0.41	0	0	0.39
292200	0.39	0.41	0.41	0	0	0.39
292300	0.39	0.41	0.41	0	0	0.39
292400	0.39	0.41	0.41	0	0	0.39
292500	0.39	0.41	0.41	0	0	0.39
292600	0.39	0.41	0.41	0	0	0.39
292700	0.39	0.41	0.41	0	0	0.39
292800	0.39	0.41	0.41	0	0	0.39
292900	0.39	0.41	0.41	0	0	0.39
293000	0.39	0.41	0.41	0	0	0.39
293100	0.39	0.41	0.41	0	0	0.39
293200	0.39	0.41	0.41	0	0	0.39
293300	0.39	0.41	0.41	0	0	0.39
293400	0.39	0.41	0.41	0	0	0.39
293500	0.39	0.41	0.41	0	0	0.39
293600	0.4	0.41	0.41	0	0	0.4
293700	0.39	0.41	0.41	0	0	0.39
293800	0.39	0.41	0.41	0	0	0.39
293900	0.39	0.41	0.41	0	0	0.39
294000	0.39	0.41	0.41	0	0	0.39
294100	0.39	0.41	0.41	0	0	0.39
294200	0.39	0.41	0.41	0	0	0.39
294300	0.39	0.41	0.41	0	0	0.39
294400	0.39	0.41	0.41	0	0	0.39
294500	0.39	0.41	0.41	0	0	0.39
294600	0.39	0.41	0.41	0	0	0.39
294700	0.39	0.41	0.41	0	0	0.39
294800	0.39	0.41	0.41	0	0	0.39
294900	0.39	0.41	0.41	0	0	0.39
295000	0.39	0.41	0.41	0	0	0.39
295100	0.39	0.41	0.41	0	0	0.39
295200	0.39	0.41	0.41	0	0	0.39
295300	0.39	0.41	0.41	0	0	0.39
295400	0.39	0.41	0.41	0	0	0.39
295500	0.39	0.41	0.41	0	0	0.39
295600	0.39	0.41	0.41	0	0	0.39
295700	0.39	0.41	0.41	0	0	0.39
295800	0.39	0.41	0.41	0	0	0.39
295900	0.39	0.41	0.41	0	0	0.39
296000	0.39	0.41	0.41	0	0	0.39
296100	0.39	0.41	0.41	0	0	0.39
296200	0.39	0.41	0.41	0	0	0.39
296300	0.39	0.41	0.41	0	0	0.39
296400	0.39	0.41	0.41	0	0	0.39
296500	0.39	0.41	0.41	0	0	0.39
296600	0.39	0.41	0.41	0	0	0.39
296700	0.4	0.41	0.41	0	0	0.4
296800	0.39	0.41	0.41	0	0	0.39
296900	0.39	0.41	0.41	0	0	0.39
297000	0.39	0.41	0.41	0	0	0.39
297100	0.39	0.41	0.41	0	0	0.39
297200	0.39	0.41	0.41	0	0	0.39
297300	0.39	0.41	0.41	0	0	0.39
297400	0.39	0.41	0.41	0	0	0.39
297500	0.39	0.41	0.41	0	0	0.39
297600	0.39	0.41	0.41	0	0	0.39
297700	0.39	0.41	0.41	0	0	0.39
297800	0.39	0.41	0.41	0	0	0.39
297900	0.39	0.41	0.41	0	0	0.39
298000	0.39	0.41	0.41	0	0	0.39
298100	0.39	0.41	0.41	0	0	0.39
298200	0.39	0.41	0.41	0	0	0.39
298300	0.39	0.41	0.41	0	0	0.39
298400	0.39	0.41	0.41	0	0	0.39
298500	0.39	0.41	0.41	0	0	0.39
298600	0.39	0.41	0.41	0	0	0.39
298700	0.39	0.41	0.41	0	0	0.39
298800	0.39	0.41	0.41	0	0	0.39
298900	0.39	0.41	0.41	0	0	0.39
299000	0.39	0.41	0.41	0	0	0.39
299100	0.39	0.41	0.41	0	0	0.39
299200	0.39	0.41	0.41	0	0	0.39
299300	0.39	0.41	0.41	0	0	0.39
299400	0.38	0.41	0.41	0	0	0.38
299500	0.38	0.41	0.41	0	0	0.38
299600	0.38	0.41	0.41	0	0	0.38
299700	0.38	0.41	0.41	0	0	0.38
299800	0.38	0.42	0.42	0	0	0.38
299900	0.38	0.42	0.42	0	0	0.38
300000	0.38	0.42	0.42	0	0	0.38
