100	0.06	0.14	0.14	0	0	0.06
200	0.1	0.12	0.12	0	0	0.1
300	0.11	0.11	0.11	0	0	0.11
400	0.11	0.11	0.11	0	0	0.11
500	0.13	0.12	0.12	0	0	0.13
600	0.13	0.16	0.16	0	0	0.13
700	0.14	0.16	0.16	0	0	0.14
800	0.13	0.18	0.18	0	0	0.13
900	0.13	0.21	0.21	0	0	0.13
1000	0.12	0.21	0.21	0	0	0.12
1100	0.15	0.21	0.21	0	0	0.15
1200	0.17	0.21	0.21	0	0	0.17
1300	0.17	0.21	0.21	0	0	0.17
1400	0.17	0.22	0.22	0	0	0.17
1500	0.17	0.2	0.2	0	0	0.17
1600	0.15	0.19	0.19	0	0	0.15
1700	0.14	0.18	0.18	0	0	0.14
1800	0.14	0.16	0.16	0	0	0.14
1900	0.16	0.16	0.16	0	0	0.16
2000	0.16	0.16	0.16	0	0	0.16
2100	0.14	0.19	0.19	0	0	0.14
2200	0.13	0.18	0.18	0	0	0.13
2300	0.11	0.18	0.18	0	0	0.11
2400	0.11	0.18	0.18	0	0	0.11
2500	0.11	0.2	0.2	0	0	0.11
2600	0.12	0.18	0.18	0	0	0.12
2700	0.13	0.19	0.19	0	0	0.13
2800	0.15	0.21	0.21	0	0	0.15
2900	0.14	0.21	0.21	0	0	0.14
3000	0.14	0.22	0.22	0	0	0.14
3100	0.14	0.22	0.22	0	0	0.14
3200	0.14	0.23	0.23	0	0	0.14
3300	0.15	0.24	0.24	0	0	0.15
3400	0.16	0.25	0.25	0	0	0.16
3500	0.15	0.22	0.22	0	0	0.15
3600	0.16	0.21	0.21	0	0	0.16
3700	0.15	0.21	0.21	0	0	0.15
3800	0.16	0.2	0.2	0	0	0.16
3900	0.15	0.19	0.19	0	0	0.15
4000	0.17	0.19	0.19	0	0	0.17
4100	0.18	0.2	0.2	0	0	0.18
4200	0.18	0.2	0.2	0	0	0.18
4300	0.19	0.19	0.19	0	0	0.19
4400	0.21	0.19	0.19	0	0	0.21
4500	0.21	0.19	0.19	0	0	0.21
4600	0.22	0.2	0.2	0	0	0.22
4700	0.22	0.21	0.21	0	0	0.22
4800	0.23	0.22	0.22	0	0	0.23
4900	0.23	0.21	0.21	0	0	0.23
5000	0.22	0.21	0.21	0	0	0.22
5100	0.23	0.21	0.21	0	0	0.23
5200	0.23	0.21	0.21	0	0	0.23
5300	0.24	0.21	0.21	0	0	0.24
5400	0.24	0.21	0.21	0	0	0.24
5500	0.23	0.21	0.21	0	0	0.23
5600	0.24	0.22	0.22	0	0	0.24
5700	0.24	0.21	0.21	0	0	0.24
5800	0.25	0.21	0.21	0	0	0.25
5900	0.24	0.22	0.22	0	0	0.24
6000	0.25	0.21	0.21	0	0	0.25
6100	0.24	0.21	0.21	0	0	0.24
6200	0.24	0.21	0.21	0	0	0.24
6300	0.23	0.21	0.21	0	0	0.23
6400	0.23	0.21	0.21	0	0	0.23
6500	0.23	0.21	0.21	0	0	0.23
6600	0.23	0.23	0.23	0	0	0.23
6700	0.23	0.22	0.22	0	0	0.23
6800	0.23	0.22	0.22	0	0	0.23
6900	0.24	0.22	0.22	0	0	0.24
7000	0.25	0.24	0.24	0	0	0.25
7100	0.22	0.25	0.25	0	0	0.22
7200	0.21	0.26	0.26	0	0	0.21
7300	0.18	0.26	0.26	0	0	0.18
7400	0.18	0.25	0.25	0	0	0.18
7500	0.2	0.26	0.26	0	0	0.2
7600	0.21	0.26	0.26	0	0	0.21
7700	0.21	0.27	0.27	0	0	0.21
7800	0.22	0.28	0.28	0	0	0.22
7900	0.23	0.28	0.28	0	0	0.23
8000	0.22	0.28	0.28	0	0	0.22
8100	0.23	0.28	0.28	0	0	0.23
8200	0.23	0.29	0.29	0	0	0.23
8300	0.24	0.27	0.27	0	0	0.24
8400	0.24	0.26	0.26	0	0	0.24
8500	0.25	0.25	0.25	0	0	0.25
8600	0.26	0.25	0.25	0	0	0.26
8700	0.26	0.25	0.25	0	0	0.26
8800	0.28	0.26	0.26	0	0	0.28
8900	0.28	0.26	0.26	0	0	0.28
9000	0.28	0.26	0.26	0	0	0.28
9100	0.26	0.26	0.26	0	0	0.26
9200	0.25	0.27	0.27	0	0	0.25
9300	0.25	0.28	0.28	0	0	0.25
9400	0.26	0.28	0.28	0	0	0.26
9500	0.27	0.3	0.3	0	0	0.27
9600	0.27	0.29	0.29	0	0	0.27
9700	0.28	0.29	0.29	0	0	0.28
9800	0.29	0.28	0.28	0	0	0.29
9900	0.28	0.28	0.28	0	0	0.28
10000	0.27	0.29	0.29	0	0	0.27
10100	0.28	0.29	0.29	0	0	0.28
10200	0.28	0.25	0.25	0	0	0.28
10300	0.28	0.25	0.25	0	0	0.28
10400	0.27	0.26	0.26	0	0	0.27
10500	0.27	0.26	0.26	0	0	0.27
10600	0.28	0.27	0.27	0	0	0.28
10700	0.28	0.27	0.27	0	0	0.28
10800	0.29	0.27	0.27	0	0	0.29
10900	0.3	0.27	0.27	0	0	0.3
11000	0.3	0.26	0.26	0	0	0.3
11100	0.31	0.26	0.26	0	0	0.31
11200	0.27	0.28	0.28	0	0	0.27
11300	0.26	0.28	0.28	0	0	0.26
11400	0.24	0.28	0.28	0	0	0.24
11500	0.23	0.29	0.29	0	0	0.23
11600	0.23	0.28	0.28	0	0	0.23
11700	0.24	0.28	0.28	0	0	0.24
11800	0.24	0.28	0.28	0	0	0.24
11900	0.24	0.28	0.28	0	0	0.24
12000	0.24	0.29	0.29	0	0	0.24
12100	0.24	0.29	0.29	0	0	0.24
12200	0.24	0.29	0.29	0	0	0.24
12300	0.24	0.3	0.3	0	0	0.24
12400	0.25	0.28	0.28	0	0	0.25
12500	0.25	0.29	0.29	0	0	0.25
12600	0.25	0.29	0.29	0	0	0.25
12700	0.25	0.28	0.28	0	0	0.25
12800	0.25	0.28	0.28	0	0	0.25
12900	0.24	0.27	0.27	0	0	0.24
13000	0.24	0.27	0.27	0	0	0.24
13100	0.25	0.28	0.28	0	0	0.25
13200	0.26	0.28	0.28	0	0	0.26
13300	0.27	0.3	0.3	0	0	0.27
13400	0.28	0.31	0.31	0	0	0.28
13500	0.26	0.3	0.3	0	0	0.26
13600	0.26	0.31	0.31	0	0	0.26
13700	0.26	0.31	0.31	0	0	0.26
13800	0.28	0.32	0.32	0	0	0.28
13900	0.29	0.32	0.32	0	0	0.29
14000	0.29	0.32	0.32	0	0	0.29
14100	0.31	0.31	0.31	0	0	0.31
14200	0.32	0.31	0.31	0	0	0.32
14300	0.32	0.32	0.32	0	0	0.32
14400	0.32	0.33	0.33	0	0	0.32
14500	0.32	0.33	0.33	0	0	0.32
14600	0.32	0.33	0.33	0	0	0.32
14700	0.32	0.33	0.33	0	0	0.32
14800	0.32	0.34	0.34	0	0	0.32
14900	0.33	0.35	0.35	0	0	0.33
15000	0.33	0.35	0.35	0	0	0.33
15100	0.33	0.35	0.35	0	0	0.33
15200	0.32	0.34	0.34	0	0	0.32
15300	0.32	0.34	0.34	0	0	0.32
15400	0.32	0.34	0.34	0	0	0.32
15500	0.32	0.34	0.34	0	0	0.32
15600	0.32	0.34	0.34	0	0	0.32
15700	0.32	0.35	0.35	0	0	0.32
15800	0.32	0.35	0.35	0	0	0.32
15900	0.32	0.34	0.34	0	0	0.32
16000	0.32	0.34	0.34	0	0	0.32
16100	0.32	0.35	0.35	0	0	0.32
16200	0.33	0.36	0.36	0	0	0.33
16300	0.33	0.36	0.36	0	0	0.33
16400	0.32	0.36	0.36	0	0	0.32
16500	0.32	0.36	0.36	0	0	0.32
16600	0.32	0.36	0.36	0	0	0.32
16700	0.32	0.35	0.35	0	0	0.32
16800	0.31	0.35	0.35	0	0	0.31
16900	0.32	0.34	0.34	0	0	0.32
17000	0.33	0.36	0.36	0	0	0.33
17100	0.33	0.36	0.36	0	0	0.33
17200	0.33	0.36	0.36	0	0	0.33
17300	0.33	0.35	0.35	0	0	0.33
17400	0.34	0.36	0.36	0	0	0.34
17500	0.33	0.36	0.36	0	0	0.33
17600	0.33	0.36	0.36	0	0	0.33
17700	0.33	0.35	0.35	0	0	0.33
17800	0.34	0.34	0.34	0	0	0.34
17900	0.34	0.34	0.34	0	0	0.34
18000	0.34	0.35	0.35	0	0	0.34
18100	0.34	0.36	0.36	0	0	0.34
18200	0.33	0.36	0.36	0	0	0.33
18300	0.32	0.36	0.36	0	0	0.32
18400	0.32	0.36	0.36	0	0	0.32
18500	0.32	0.36	0.36	0	0	0.32
18600	0.32	0.36	0.36	0	0	0.32
18700	0.32	0.36	0.36	0	0	0.32
18800	0.32	0.36	0.36	0	0	0.32
18900	0.33	0.35	0.35	0	0	0.33
19000	0.32	0.35	0.35	0	0	0.32
19100	0.32	0.34	0.34	0	0	0.32
19200	0.32	0.34	0.34	0	0	0.32
19300	0.32	0.33	0.33	0	0	0.32
19400	0.32	0.33	0.33	0	0	0.32
19500	0.31	0.34	0.34	0	0	0.31
19600	0.31	0.34	0.34	0	0	0.31
19700	0.31	0.33	0.33	0	0	0.31
19800	0.31	0.34	0.34	0	0	0.31
19900	0.31	0.34	0.34	0	0	0.31
20000	0.32	0.34	0.34	0	0	0.32
20100	0.31	0.34	0.34	0	0	0.31
20200	0.31	0.32	0.32	0	0	0.31
20300	0.31	0.33	0.33	0	0	0.31
20400	0.31	0.33	0.33	0	0	0.31
20500	0.31	0.34	0.34	0	0	0.31
20600	0.31	0.34	0.34	0	0	0.31
20700	0.31	0.34	0.34	0	0	0.31
20800	0.32	0.35	0.35	0	0	0.32
20900	0.32	0.35	0.35	0	0	0.32
21000	0.32	0.33	0.33	0	0	0.32
21100	0.32	0.33	0.33	0	0	0.32
21200	0.32	0.33	0.33	0	0	0.32
21300	0.32	0.3	0.3	0	0	0.32
21400	0.32	0.27	0.27	0	0	0.32
21500	0.32	0.26	0.26	0	0	0.32
21600	0.31	0.26	0.26	0	0	0.31
21700	0.32	0.26	0.26	0	0	0.32
21800	0.31	0.25	0.25	0	0	0.31
21900	0.32	0.25	0.25	0	0	0.32
22000	0.32	0.25	0.25	0	0	0.32
22100	0.32	0.25	0.25	0	0	0.32
22200	0.33	0.25	0.25	0	0	0.33
22300	0.33	0.27	0.27	0	0	0.33
22400	0.34	0.29	0.29	0	0	0.34
22500	0.34	0.29	0.29	0	0	0.34
22600	0.33	0.29	0.29	0	0	0.33
22700	0.33	0.3	0.3	0	0	0.33
22800	0.33	0.3	0.3	0	0	0.33
22900	0.33	0.3	0.3	0	0	0.33
23000	0.33	0.31	0.31	0	0	0.33
23100	0.33	0.31	0.31	0	0	0.33
23200	0.33	0.32	0.32	0	0	0.33
23300	0.33	0.32	0.32	0	0	0.33
23400	0.33	0.31	0.31	0	0	0.33
23500	0.33	0.32	0.32	0	0	0.33
23600	0.33	0.3	0.3	0	0	0.33
23700	0.34	0.3	0.3	0	0	0.34
23800	0.35	0.3	0.3	0	0	0.35
23900	0.35	0.31	0.31	0	0	0.35
24000	0.35	0.3	0.3	0	0	0.35
24100	0.35	0.31	0.31	0	0	0.35
24200	0.35	0.3	0.3	0	0	0.35
24300	0.35	0.3	0.3	0	0	0.35
24400	0.35	0.3	0.3	0	0	0.35
24500	0.36	0.3	0.3	0	0	0.36
24600	0.36	0.3	0.3	0	0	0.36
24700	0.36	0.31	0.31	0	0	0.36
24800	0.37	0.31	0.31	0	0	0.37
24900	0.37	0.32	0.32	0	0	0.37
25000	0.37	0.33	0.33	0	0	0.37
25100	0.37	0.32	0.32	0	0	0.37
25200	0.37	0.33	0.33	0	0	0.37
25300	0.37	0.34	0.34	0	0	0.37
25400	0.37	0.35	0.35	0	0	0.37
25500	0.38	0.35	0.35	0	0	0.38
25600	0.38	0.35	0.35	0	0	0.38
25700	0.37	0.34	0.34	0	0	0.37
25800	0.38	0.34	0.34	0	0	0.38
25900	0.38	0.33	0.33	0	0	0.38
26000	0.38	0.33	0.33	0	0	0.38
26100	0.38	0.34	0.34	0	0	0.38
26200	0.37	0.34	0.34	0	0	0.37
26300	0.37	0.34	0.34	0	0	0.37
26400	0.37	0.34	0.34	0	0	0.37
26500	0.37	0.34	0.34	0	0	0.37
26600	0.37	0.33	0.33	0	0	0.37
26700	0.38	0.33	0.33	0	0	0.38
26800	0.37	0.34	0.34	0	0	0.37
26900	0.37	0.33	0.33	0	0	0.37
27000	0.38	0.35	0.35	0	0	0.38
27100	0.38	0.35	0.35	0	0	0.38
27200	0.38	0.35	0.35	0	0	0.38
27300	0.38	0.35	0.35	0	0	0.38
27400	0.38	0.35	0.35	0	0	0.38
27500	0.37	0.35	0.35	0	0	0.37
27600	0.36	0.36	0.36	0	0	0.36
27700	0.36	0.36	0.36	0	0	0.36
27800	0.36	0.36	0.36	0	0	0.36
27900	0.36	0.35	0.35	0	0	0.36
28000	0.36	0.32	0.32	0	0	0.36
28100	0.36	0.31	0.31	0	0	0.36
28200	0.36	0.3	0.3	0	0	0.36
28300	0.36	0.3	0.3	0	0	0.36
28400	0.36	0.29	0.29	0	0	0.36
28500	0.36	0.29	0.29	0	0	0.36
28600	0.36	0.29	0.29	0	0	0.36
28700	0.36	0.29	0.29	0	0	0.36
28800	0.36	0.3	0.3	0	0	0.36
28900	0.36	0.3	0.3	0	0	0.36
29000	0.36	0.3	0.3	0	0	0.36
29100	0.37	0.31	0.31	0	0	0.37
29200	0.37	0.31	0.31	0	0	0.37
29300	0.38	0.31	0.31	0	0	0.38
29400	0.38	0.31	0.31	0	0	0.38
29500	0.39	0.31	0.31	0	0	0.39
29600	0.39	0.32	0.32	0	0	0.39
29700	0.38	0.32	0.32	0	0	0.38
29800	0.39	0.32	0.32	0	0	0.39
29900	0.39	0.32	0.32	0	0	0.39
30000	0.39	0.32	0.32	0	0	0.39
30100	0.39	0.33	0.33	0	0	0.39
30200	0.39	0.32	0.32	0	0	0.39
30300	0.39	0.32	0.32	0	0	0.39
30400	0.39	0.32	0.32	0	0	0.39
30500	0.39	0.33	0.33	0	0	0.39
30600	0.38	0.31	0.31	0	0	0.38
30700	0.38	0.32	0.32	0	0	0.38
30800	0.38	0.32	0.32	0	0	0.38
30900	0.37	0.34	0.34	0	0	0.37
31000	0.37	0.34	0.34	0	0	0.37
31100	0.38	0.33	0.33	0	0	0.38
31200	0.37	0.33	0.33	0	0	0.37
31300	0.37	0.33	0.33	0	0	0.37
31400	0.37	0.32	0.32	0	0	0.37
31500	0.38	0.32	0.32	0	0	0.38
31600	0.38	0.32	0.32	0	0	0.38
31700	0.37	0.33	0.33	0	0	0.37
31800	0.37	0.33	0.33	0	0	0.37
31900	0.37	0.33	0.33	0	0	0.37
32000	0.37	0.33	0.33	0	0	0.37
32100	0.36	0.33	0.33	0	0	0.36
32200	0.36	0.33	0.33	0	0	0.36
32300	0.35	0.33	0.33	0	0	0.35
32400	0.33	0.34	0.34	0	0	0.33
32500	0.34	0.34	0.34	0	0	0.34
32600	0.34	0.33	0.33	0	0	0.34
32700	0.34	0.35	0.35	0	0	0.34
32800	0.34	0.33	0.33	0	0	0.34
32900	0.34	0.33	0.33	0	0	0.34
33000	0.34	0.33	0.33	0	0	0.34
33100	0.34	0.33	0.33	0	0	0.34
33200	0.34	0.33	0.33	0	0	0.34
33300	0.34	0.33	0.33	0	0	0.34
33400	0.34	0.33	0.33	0	0	0.34
33500	0.34	0.34	0.34	0	0	0.34
33600	0.34	0.35	0.35	0	0	0.34
33700	0.34	0.34	0.34	0	0	0.34
33800	0.34	0.34	0.34	0	0	0.34
33900	0.34	0.34	0.34	0	0	0.34
34000	0.34	0.33	0.33	0	0	0.34
34100	0.34	0.34	0.34	0	0	0.34
34200	0.34	0.32	0.32	0	0	0.34
34300	0.34	0.31	0.31	0	0	0.34
34400	0.34	0.3	0.3	0	0	0.34
34500	0.34	0.31	0.31	0	0	0.34
34600	0.36	0.31	0.31	0	0	0.36
34700	0.36	0.31	0.31	0	0	0.36
34800	0.36	0.32	0.32	0	0	0.36
34900	0.35	0.31	0.31	0	0	0.35
35000	0.35	0.3	0.3	0	0	0.35
35100	0.36	0.31	0.31	0	0	0.36
35200	0.36	0.31	0.31	0	0	0.36
35300	0.36	0.31	0.31	0	0	0.36
35400	0.37	0.31	0.31	0	0	0.37
35500	0.37	0.31	0.31	0	0	0.37
35600	0.37	0.32	0.32	0	0	0.37
35700	0.37	0.32	0.32	0	0	0.37
35800	0.37	0.32	0.32	0	0	0.37
35900	0.37	0.33	0.33	0	0	0.37
36000	0.38	0.33	0.33	0	0	0.38
36100	0.38	0.33	0.33	0	0	0.38
36200	0.38	0.33	0.33	0	0	0.38
36300	0.37	0.33	0.33	0	0	0.37
36400	0.35	0.34	0.34	0	0	0.35
36500	0.35	0.34	0.34	0	0	0.35
36600	0.35	0.34	0.34	0	0	0.35
36700	0.32	0.35	0.35	0	0	0.32
36800	0.33	0.35	0.35	0	0	0.33
36900	0.34	0.35	0.35	0	0	0.34
37000	0.34	0.35	0.35	0	0	0.34
37100	0.34	0.35	0.35	0	0	0.34
37200	0.33	0.35	0.35	0	0	0.33
37300	0.34	0.35	0.35	0	0	0.34
37400	0.31	0.35	0.35	0	0	0.31
37500	0.31	0.35	0.35	0	0	0.31
37600	0.31	0.35	0.35	0	0	0.31
37700	0.31	0.35	0.35	0	0	0.31
37800	0.31	0.35	0.35	0	0	0.31
37900	0.31	0.35	0.35	0	0	0.31
38000	0.31	0.37	0.37	0	0	0.31
38100	0.31	0.37	0.37	0	0	0.31
38200	0.31	0.37	0.37	0	0	0.31
38300	0.31	0.37	0.37	0	0	0.31
38400	0.31	0.38	0.38	0	0	0.31
38500	0.31	0.38	0.38	0	0	0.31
38600	0.32	0.38	0.38	0	0	0.32
38700	0.32	0.38	0.38	0	0	0.32
38800	0.32	0.39	0.39	0	0	0.32
38900	0.33	0.4	0.4	0	0	0.33
39000	0.33	0.4	0.4	0	0	0.33
39100	0.33	0.38	0.38	0	0	0.33
39200	0.33	0.38	0.38	0	0	0.33
39300	0.33	0.39	0.39	0	0	0.33
39400	0.34	0.39	0.39	0	0	0.34
39500	0.35	0.39	0.39	0	0	0.35
39600	0.35	0.38	0.38	0	0	0.35
39700	0.35	0.38	0.38	0	0	0.35
39800	0.35	0.38	0.38	0	0	0.35
39900	0.35	0.38	0.38	0	0	0.35
40000	0.35	0.38	0.38	0	0	0.35
40100	0.35	0.38	0.38	0	0	0.35
40200	0.35	0.39	0.39	0	0	0.35
40300	0.35	0.4	0.4	0	0	0.35
40400	0.36	0.38	0.38	0	0	0.36
40500	0.36	0.37	0.37	0	0	0.36
40600	0.35	0.37	0.37	0	0	0.35
40700	0.36	0.38	0.38	0	0	0.36
40800	0.36	0.37	0.37	0	0	0.36
40900	0.36	0.37	0.37	0	0	0.36
41000	0.36	0.38	0.38	0	0	0.36
41100	0.36	0.38	0.38	0	0	0.36
41200	0.37	0.38	0.38	0	0	0.37
41300	0.37	0.38	0.38	0	0	0.37
41400	0.37	0.38	0.38	0	0	0.37
41500	0.37	0.38	0.38	0	0	0.37
41600	0.37	0.38	0.38	0	0	0.37
41700	0.37	0.38	0.38	0	0	0.37
41800	0.37	0.38	0.38	0	0	0.37
41900	0.39	0.38	0.38	0	0	0.39
42000	0.37	0.38	0.38	0	0	0.37
42100	0.38	0.38	0.38	0	0	0.38
42200	0.38	0.38	0.38	0	0	0.38
42300	0.39	0.38	0.38	0	0	0.39
42400	0.38	0.38	0.38	0	0	0.38
42500	0.38	0.38	0.38	0	0	0.38
42600	0.38	0.38	0.38	0	0	0.38
42700	0.38	0.38	0.38	0	0	0.38
42800	0.37	0.39	0.39	0	0	0.37
42900	0.39	0.39	0.39	0	0	0.39
43000	0.39	0.39	0.39	0	0	0.39
43100	0.39	0.39	0.39	0	0	0.39
43200	0.39	0.39	0.39	0	0	0.39
43300	0.39	0.39	0.39	0	0	0.39
43400	0.39	0.39	0.39	0	0	0.39
43500	0.39	0.38	0.38	0	0	0.39
43600	0.39	0.38	0.38	0	0	0.39
43700	0.39	0.39	0.39	0	0	0.39
43800	0.39	0.38	0.38	0	0	0.39
43900	0.39	0.38	0.38	0	0	0.39
44000	0.39	0.38	0.38	0	0	0.39
44100	0.39	0.39	0.39	0	0	0.39
44200	0.39	0.38	0.38	0	0	0.39
44300	0.39	0.38	0.38	0	0	0.39
44400	0.4	0.38	0.38	0	0	0.4
44500	0.4	0.38	0.38	0	0	0.4
44600	0.4	0.38	0.38	0	0	0.4
44700	0.4	0.38	0.38	0	0	0.4
44800	0.4	0.38	0.38	0	0	0.4
44900	0.4	0.38	0.38	0	0	0.4
45000	0.4	0.38	0.38	0	0	0.4
45100	0.39	0.38	0.38	0	0	0.39
45200	0.39	0.38	0.38	0	0	0.39
45300	0.4	0.38	0.38	0	0	0.4
45400	0.4	0.38	0.38	0	0	0.4
45500	0.39	0.38	0.38	0	0	0.39
45600	0.39	0.38	0.38	0	0	0.39
45700	0.39	0.38	0.38	0	0	0.39
45800	0.39	0.38	0.38	0	0	0.39
45900	0.39	0.38	0.38	0	0	0.39
46000	0.39	0.38	0.38	0	0	0.39
46100	0.39	0.38	0.38	0	0	0.39
46200	0.39	0.38	0.38	0	0	0.39
46300	0.39	0.38	0.38	0	0	0.39
46400	0.4	0.38	0.38	0	0	0.4
46500	0.4	0.39	0.39	0	0	0.4
46600	0.4	0.38	0.38	0	0	0.4
46700	0.4	0.38	0.38	0	0	0.4
46800	0.4	0.38	0.38	0	0	0.4
46900	0.4	0.39	0.39	0	0	0.4
47000	0.4	0.37	0.37	0	0	0.4
47100	0.4	0.38	0.38	0	0	0.4
47200	0.4	0.39	0.39	0	0	0.4
47300	0.4	0.39	0.39	0	0	0.4
47400	0.4	0.39	0.39	0	0	0.4
47500	0.4	0.39	0.39	0	0	0.4
47600	0.4	0.39	0.39	0	0	0.4
47700	0.41	0.4	0.4	0	0	0.41
47800	0.41	0.39	0.39	0	0	0.41
47900	0.41	0.4	0.4	0	0	0.41
48000	0.41	0.4	0.4	0	0	0.41
48100	0.41	0.4	0.4	0	0	0.41
48200	0.41	0.39	0.39	0	0	0.41
48300	0.41	0.38	0.38	0	0	0.41
48400	0.41	0.38	0.38	0	0	0.41
48500	0.42	0.38	0.38	0	0	0.42
48600	0.42	0.38	0.38	0	0	0.42
48700	0.42	0.38	0.38	0	0	0.42
48800	0.42	0.38	0.38	0	0	0.42
48900	0.42	0.38	0.38	0	0	0.42
49000	0.42	0.38	0.38	0	0	0.42
49100	0.42	0.38	0.38	0	0	0.42
49200	0.42	0.38	0.38	0	0	0.42
49300	0.42	0.38	0.38	0	0	0.42
49400	0.42	0.38	0.38	0	0	0.42
49500	0.42	0.38	0.38	0	0	0.42
49600	0.42	0.38	0.38	0	0	0.42
49700	0.42	0.38	0.38	0	0	0.42
49800	0.42	0.38	0.38	0	0	0.42
49900	0.41	0.38	0.38	0	0	0.41
50000	0.4	0.38	0.38	0	0	0.4
50100	0.4	0.38	0.38	0	0	0.4
50200	0.4	0.38	0.38	0	0	0.4
50300	0.39	0.38	0.38	0	0	0.39
50400	0.38	0.38	0.38	0	0	0.38
50500	0.38	0.38	0.38	0	0	0.38
50600	0.39	0.38	0.38	0	0	0.39
50700	0.39	0.38	0.38	0	0	0.39
50800	0.38	0.38	0.38	0	0	0.38
50900	0.38	0.38	0.38	0	0	0.38
51000	0.38	0.38	0.38	0	0	0.38
51100	0.38	0.39	0.39	0	0	0.38
51200	0.38	0.39	0.39	0	0	0.38
51300	0.38	0.4	0.4	0	0	0.38
51400	0.38	0.39	0.39	0	0	0.38
51500	0.38	0.39	0.39	0	0	0.38
51600	0.38	0.4	0.4	0	0	0.38
51700	0.38	0.4	0.4	0	0	0.38
51800	0.39	0.4	0.4	0	0	0.39
51900	0.39	0.4	0.4	0	0	0.39
52000	0.39	0.4	0.4	0	0	0.39
52100	0.39	0.4	0.4	0	0	0.39
52200	0.39	0.4	0.4	0	0	0.39
52300	0.4	0.4	0.4	0	0	0.4
52400	0.4	0.4	0.4	0	0	0.4
52500	0.4	0.41	0.41	0	0	0.4
52600	0.4	0.4	0.4	0	0	0.4
52700	0.4	0.4	0.4	0	0	0.4
52800	0.41	0.4	0.4	0	0	0.41
52900	0.42	0.4	0.4	0	0	0.42
53000	0.41	0.4	0.4	0	0	0.41
53100	0.4	0.4	0.4	0	0	0.4
53200	0.4	0.4	0.4	0	0	0.4
53300	0.39	0.4	0.4	0	0	0.39
53400	0.39	0.4	0.4	0	0	0.39
53500	0.39	0.4	0.4	0	0	0.39
53600	0.39	0.4	0.4	0	0	0.39
53700	0.39	0.4	0.4	0	0	0.39
53800	0.39	0.4	0.4	0	0	0.39
53900	0.39	0.4	0.4	0	0	0.39
54000	0.4	0.4	0.4	0	0	0.4
54100	0.4	0.4	0.4	0	0	0.4
54200	0.4	0.41	0.41	0	0	0.4
54300	0.4	0.4	0.4	0	0	0.4
54400	0.4	0.4	0.4	0	0	0.4
54500	0.4	0.4	0.4	0	0	0.4
54600	0.4	0.4	0.4	0	0	0.4
54700	0.39	0.4	0.4	0	0	0.39
54800	0.39	0.39	0.39	0	0	0.39
54900	0.39	0.39	0.39	0	0	0.39
55000	0.4	0.39	0.39	0	0	0.4
55100	0.39	0.39	0.39	0	0	0.39
55200	0.39	0.39	0.39	0	0	0.39
55300	0.39	0.38	0.38	0	0	0.39
55400	0.39	0.38	0.38	0	0	0.39
55500	0.39	0.37	0.37	0	0	0.39
55600	0.39	0.35	0.35	0	0	0.39
55700	0.39	0.35	0.35	0	0	0.39
55800	0.39	0.35	0.35	0	0	0.39
55900	0.39	0.35	0.35	0	0	0.39
56000	0.39	0.35	0.35	0	0	0.39
56100	0.39	0.35	0.35	0	0	0.39
56200	0.39	0.35	0.35	0	0	0.39
56300	0.39	0.35	0.35	0	0	0.39
56400	0.39	0.35	0.35	0	0	0.39
56500	0.39	0.35	0.35	0	0	0.39
56600	0.39	0.35	0.35	0	0	0.39
56700	0.39	0.35	0.35	0	0	0.39
56800	0.39	0.35	0.35	0	0	0.39
56900	0.39	0.36	0.36	0	0	0.39
57000	0.39	0.36	0.36	0	0	0.39
57100	0.39	0.36	0.36	0	0	0.39
57200	0.39	0.35	0.35	0	0	0.39
57300	0.39	0.35	0.35	0	0	0.39
57400	0.39	0.35	0.35	0	0	0.39
57500	0.39	0.36	0.36	0	0	0.39
57600	0.39	0.37	0.37	0	0	0.39
57700	0.4	0.36	0.36	0	0	0.4
57800	0.4	0.36	0.36	0	0	0.4
57900	0.4	0.36	0.36	0	0	0.4
58000	0.4	0.36	0.36	0	0	0.4
58100	0.4	0.36	0.36	0	0	0.4
58200	0.4	0.36	0.36	0	0	0.4
58300	0.4	0.36	0.36	0	0	0.4
58400	0.41	0.36	0.36	0	0	0.41
58500	0.41	0.36	0.36	0	0	0.41
58600	0.4	0.36	0.36	0	0	0.4
58700	0.4	0.36	0.36	0	0	0.4
58800	0.4	0.36	0.36	0	0	0.4
58900	0.4	0.36	0.36	0	0	0.4
59000	0.38	0.37	0.37	0	0	0.38
59100	0.37	0.37	0.37	0	0	0.37
59200	0.37	0.37	0.37	0	0	0.37
59300	0.37	0.38	0.38	0	0	0.37
59400	0.37	0.38	0.38	0	0	0.37
59500	0.37	0.38	0.38	0	0	0.37
59600	0.37	0.38	0.38	0	0	0.37
59700	0.36	0.38	0.38	0	0	0.36
59800	0.36	0.38	0.38	0	0	0.36
59900	0.36	0.38	0.38	0	0	0.36
60000	0.36	0.38	0.38	0	0	0.36
60100	0.36	0.38	0.38	0	0	0.36
60200	0.36	0.38	0.38	0	0	0.36
60300	0.36	0.38	0.38	0	0	0.36
60400	0.36	0.38	0.38	0	0	0.36
60500	0.36	0.38	0.38	0	0	0.36
60600	0.36	0.38	0.38	0	0	0.36
60700	0.37	0.38	0.38	0	0	0.37
60800	0.37	0.38	0.38	0	0	0.37
60900	0.37	0.38	0.38	0	0	0.37
61000	0.36	0.38	0.38	0	0	0.36
61100	0.36	0.39	0.39	0	0	0.36
61200	0.36	0.39	0.39	0	0	0.36
61300	0.37	0.39	0.39	0	0	0.37
61400	0.37	0.39	0.39	0	0	0.37
61500	0.37	0.39	0.39	0	0	0.37
61600	0.37	0.39	0.39	0	0	0.37
61700	0.37	0.39	0.39	0	0	0.37
61800	0.37	0.39	0.39	0	0	0.37
61900	0.37	0.39	0.39	0	0	0.37
62000	0.37	0.39	0.39	0	0	0.37
62100	0.37	0.39	0.39	0	0	0.37
62200	0.37	0.39	0.39	0	0	0.37
62300	0.37	0.39	0.39	0	0	0.37
62400	0.37	0.39	0.39	0	0	0.37
62500	0.37	0.39	0.39	0	0	0.37
62600	0.37	0.39	0.39	0	0	0.37
62700	0.37	0.39	0.39	0	0	0.37
62800	0.37	0.39	0.39	0	0	0.37
62900	0.37	0.39	0.39	0	0	0.37
63000	0.37	0.39	0.39	0	0	0.37
63100	0.37	0.39	0.39	0	0	0.37
63200	0.37	0.39	0.39	0	0	0.37
63300	0.37	0.39	0.39	0	0	0.37
63400	0.37	0.39	0.39	0	0	0.37
63500	0.37	0.38	0.38	0	0	0.37
63600	0.37	0.39	0.39	0	0	0.37
63700	0.37	0.4	0.4	0	0	0.37
63800	0.37	0.4	0.4	0	0	0.37
63900	0.37	0.4	0.4	0	0	0.37
64000	0.37	0.4	0.4	0	0	0.37
64100	0.37	0.4	0.4	0	0	0.37
64200	0.37	0.4	0.4	0	0	0.37
64300	0.37	0.41	0.41	0	0	0.37
64400	0.37	0.41	0.41	0	0	0.37
64500	0.37	0.4	0.4	0	0	0.37
64600	0.37	0.4	0.4	0	0	0.37
64700	0.37	0.4	0.4	0	0	0.37
64800	0.37	0.4	0.4	0	0	0.37
64900	0.37	0.4	0.4	0	0	0.37
65000	0.37	0.39	0.39	0	0	0.37
65100	0.37	0.38	0.38	0	0	0.37
65200	0.37	0.38	0.38	0	0	0.37
65300	0.37	0.38	0.38	0	0	0.37
65400	0.37	0.38	0.38	0	0	0.37
65500	0.37	0.38	0.38	0	0	0.37
65600	0.37	0.38	0.38	0	0	0.37
65700	0.37	0.39	0.39	0	0	0.37
65800	0.37	0.39	0.39	0	0	0.37
65900	0.37	0.39	0.39	0	0	0.37
66000	0.37	0.39	0.39	0	0	0.37
66100	0.37	0.38	0.38	0	0	0.37
66200	0.37	0.38	0.38	0	0	0.37
66300	0.37	0.34	0.34	0	0	0.37
66400	0.37	0.34	0.34	0	0	0.37
66500	0.37	0.35	0.35	0	0	0.37
66600	0.37	0.33	0.33	0	0	0.37
66700	0.37	0.33	0.33	0	0	0.37
66800	0.37	0.33	0.33	0	0	0.37
66900	0.38	0.33	0.33	0	0	0.38
67000	0.37	0.33	0.33	0	0	0.37
67100	0.38	0.32	0.32	0	0	0.38
67200	0.38	0.3	0.3	0	0	0.38
67300	0.37	0.3	0.3	0	0	0.37
67400	0.37	0.3	0.3	0	0	0.37
67500	0.37	0.3	0.3	0	0	0.37
67600	0.38	0.3	0.3	0	0	0.38
67700	0.38	0.3	0.3	0	0	0.38
67800	0.38	0.3	0.3	0	0	0.38
67900	0.39	0.3	0.3	0	0	0.39
68000	0.38	0.3	0.3	0	0	0.38
68100	0.38	0.3	0.3	0	0	0.38
68200	0.38	0.3	0.3	0	0	0.38
68300	0.38	0.3	0.3	0	0	0.38
68400	0.38	0.3	0.3	0	0	0.38
68500	0.38	0.3	0.3	0	0	0.38
68600	0.38	0.31	0.31	0	0	0.38
68700	0.38	0.31	0.31	0	0	0.38
68800	0.38	0.3	0.3	0	0	0.38
68900	0.38	0.3	0.3	0	0	0.38
69000	0.38	0.3	0.3	0	0	0.38
69100	0.38	0.31	0.31	0	0	0.38
69200	0.38	0.31	0.31	0	0	0.38
69300	0.38	0.3	0.3	0	0	0.38
69400	0.39	0.31	0.31	0	0	0.39
69500	0.38	0.31	0.31	0	0	0.38
69600	0.38	0.31	0.31	0	0	0.38
69700	0.38	0.31	0.31	0	0	0.38
69800	0.38	0.31	0.31	0	0	0.38
69900	0.38	0.31	0.31	0	0	0.38
70000	0.38	0.31	0.31	0	0	0.38
70100	0.38	0.32	0.32	0	0	0.38
70200	0.38	0.32	0.32	0	0	0.38
70300	0.38	0.32	0.32	0	0	0.38
70400	0.38	0.31	0.31	0	0	0.38
70500	0.38	0.31	0.31	0	0	0.38
70600	0.38	0.31	0.31	0	0	0.38
70700	0.38	0.32	0.32	0	0	0.38
70800	0.38	0.32	0.32	0	0	0.38
70900	0.38	0.32	0.32	0	0	0.38
71000	0.38	0.32	0.32	0	0	0.38
71100	0.39	0.32	0.32	0	0	0.39
71200	0.38	0.32	0.32	0	0	0.38
71300	0.38	0.32	0.32	0	0	0.38
71400	0.38	0.32	0.32	0	0	0.38
71500	0.38	0.33	0.33	0	0	0.38
71600	0.38	0.33	0.33	0	0	0.38
71700	0.38	0.33	0.33	0	0	0.38
71800	0.38	0.33	0.33	0	0	0.38
71900	0.38	0.34	0.34	0	0	0.38
72000	0.38	0.34	0.34	0	0	0.38
72100	0.38	0.34	0.34	0	0	0.38
72200	0.38	0.33	0.33	0	0	0.38
72300	0.39	0.33	0.33	0	0	0.39
72400	0.39	0.34	0.34	0	0	0.39
72500	0.39	0.34	0.34	0	0	0.39
72600	0.39	0.34	0.34	0	0	0.39
72700	0.39	0.34	0.34	0	0	0.39
72800	0.39	0.35	0.35	0	0	0.39
72900	0.39	0.35	0.35	0	0	0.39
73000	0.39	0.35	0.35	0	0	0.39
73100	0.39	0.35	0.35	0	0	0.39
73200	0.39	0.34	0.34	0	0	0.39
73300	0.39	0.34	0.34	0	0	0.39
73400	0.39	0.34	0.34	0	0	0.39
73500	0.39	0.34	0.34	0	0	0.39
73600	0.39	0.34	0.34	0	0	0.39
73700	0.39	0.34	0.34	0	0	0.39
73800	0.39	0.34	0.34	0	0	0.39
73900	0.39	0.34	0.34	0	0	0.39
74000	0.39	0.33	0.33	0	0	0.39
74100	0.39	0.32	0.32	0	0	0.39
74200	0.39	0.31	0.31	0	0	0.39
74300	0.38	0.32	0.32	0	0	0.38
74400	0.38	0.32	0.32	0	0	0.38
74500	0.38	0.31	0.31	0	0	0.38
74600	0.38	0.31	0.31	0	0	0.38
74700	0.38	0.31	0.31	0	0	0.38
74800	0.38	0.31	0.31	0	0	0.38
74900	0.38	0.31	0.31	0	0	0.38
75000	0.38	0.31	0.31	0	0	0.38
75100	0.38	0.31	0.31	0	0	0.38
75200	0.38	0.31	0.31	0	0	0.38
75300	0.38	0.31	0.31	0	0	0.38
75400	0.38	0.31	0.31	0	0	0.38
75500	0.38	0.32	0.32	0	0	0.38
75600	0.38	0.32	0.32	0	0	0.38
75700	0.38	0.32	0.32	0	0	0.38
75800	0.38	0.32	0.32	0	0	0.38
75900	0.38	0.32	0.32	0	0	0.38
76000	0.38	0.32	0.32	0	0	0.38
76100	0.39	0.32	0.32	0	0	0.39
76200	0.39	0.32	0.32	0	0	0.39
76300	0.39	0.32	0.32	0	0	0.39
76400	0.39	0.32	0.32	0	0	0.39
76500	0.39	0.32	0.32	0	0	0.39
76600	0.39	0.32	0.32	0	0	0.39
76700	0.39	0.33	0.33	0	0	0.39
76800	0.39	0.33	0.33	0	0	0.39
76900	0.39	0.32	0.32	0	0	0.39
77000	0.39	0.32	0.32	0	0	0.39
77100	0.39	0.32	0.32	0	0	0.39
77200	0.38	0.33	0.33	0	0	0.38
77300	0.38	0.33	0.33	0	0	0.38
77400	0.38	0.32	0.32	0	0	0.38
77500	0.38	0.32	0.32	0	0	0.38
77600	0.38	0.32	0.32	0	0	0.38
77700	0.38	0.33	0.33	0	0	0.38
77800	0.38	0.33	0.33	0	0	0.38
77900	0.37	0.33	0.33	0	0	0.37
78000	0.37	0.33	0.33	0	0	0.37
78100	0.37	0.33	0.33	0	0	0.37
78200	0.37	0.33	0.33	0	0	0.37
78300	0.37	0.33	0.33	0	0	0.37
78400	0.37	0.33	0.33	0	0	0.37
78500	0.37	0.34	0.34	0	0	0.37
78600	0.38	0.34	0.34	0	0	0.38
78700	0.38	0.35	0.35	0	0	0.38
78800	0.38	0.36	0.36	0	0	0.38
78900	0.38	0.34	0.34	0	0	0.38
79000	0.38	0.34	0.34	0	0	0.38
79100	0.38	0.34	0.34	0	0	0.38
79200	0.38	0.34	0.34	0	0	0.38
79300	0.38	0.34	0.34	0	0	0.38
79400	0.37	0.34	0.34	0	0	0.37
79500	0.37	0.35	0.35	0	0	0.37
79600	0.37	0.34	0.34	0	0	0.37
79700	0.37	0.34	0.34	0	0	0.37
79800	0.37	0.34	0.34	0	0	0.37
79900	0.38	0.35	0.35	0	0	0.38
80000	0.38	0.36	0.36	0	0	0.38
80100	0.38	0.35	0.35	0	0	0.38
80200	0.37	0.35	0.35	0	0	0.37
80300	0.37	0.36	0.36	0	0	0.37
80400	0.37	0.36	0.36	0	0	0.37
80500	0.36	0.36	0.36	0	0	0.36
80600	0.36	0.36	0.36	0	0	0.36
80700	0.36	0.36	0.36	0	0	0.36
80800	0.36	0.36	0.36	0	0	0.36
80900	0.36	0.36	0.36	0	0	0.36
81000	0.36	0.36	0.36	0	0	0.36
81100	0.36	0.36	0.36	0	0	0.36
81200	0.36	0.36	0.36	0	0	0.36
81300	0.36	0.37	0.37	0	0	0.36
81400	0.36	0.37	0.37	0	0	0.36
81500	0.36	0.38	0.38	0	0	0.36
81600	0.36	0.37	0.37	0	0	0.36
81700	0.36	0.37	0.37	0	0	0.36
81800	0.36	0.37	0.37	0	0	0.36
81900	0.36	0.38	0.38	0	0	0.36
82000	0.36	0.39	0.39	0	0	0.36
82100	0.36	0.39	0.39	0	0	0.36
82200	0.36	0.38	0.38	0	0	0.36
82300	0.36	0.37	0.37	0	0	0.36
82400	0.36	0.34	0.34	0	0	0.36
82500	0.36	0.33	0.33	0	0	0.36
82600	0.36	0.33	0.33	0	0	0.36
82700	0.36	0.34	0.34	0	0	0.36
82800	0.36	0.33	0.33	0	0	0.36
82900	0.37	0.32	0.32	0	0	0.37
83000	0.36	0.32	0.32	0	0	0.36
83100	0.36	0.33	0.33	0	0	0.36
83200	0.36	0.33	0.33	0	0	0.36
83300	0.36	0.33	0.33	0	0	0.36
83400	0.36	0.33	0.33	0	0	0.36
83500	0.36	0.34	0.34	0	0	0.36
83600	0.36	0.34	0.34	0	0	0.36
83700	0.36	0.34	0.34	0	0	0.36
83800	0.36	0.34	0.34	0	0	0.36
83900	0.36	0.34	0.34	0	0	0.36
84000	0.37	0.34	0.34	0	0	0.37
84100	0.37	0.34	0.34	0	0	0.37
84200	0.37	0.33	0.33	0	0	0.37
84300	0.37	0.34	0.34	0	0	0.37
84400	0.37	0.34	0.34	0	0	0.37
84500	0.37	0.34	0.34	0	0	0.37
84600	0.37	0.34	0.34	0	0	0.37
84700	0.37	0.34	0.34	0	0	0.37
84800	0.37	0.34	0.34	0	0	0.37
84900	0.37	0.34	0.34	0	0	0.37
85000	0.37	0.34	0.34	0	0	0.37
85100	0.38	0.34	0.34	0	0	0.38
85200	0.38	0.34	0.34	0	0	0.38
85300	0.38	0.34	0.34	0	0	0.38
85400	0.38	0.34	0.34	0	0	0.38
85500	0.38	0.34	0.34	0	0	0.38
85600	0.38	0.34	0.34	0	0	0.38
85700	0.38	0.34	0.34	0	0	0.38
85800	0.39	0.34	0.34	0	0	0.39
85900	0.39	0.34	0.34	0	0	0.39
86000	0.39	0.34	0.34	0	0	0.39
86100	0.39	0.34	0.34	0	0	0.39
86200	0.39	0.34	0.34	0	0	0.39
86300	0.39	0.34	0.34	0	0	0.39
86400	0.39	0.34	0.34	0	0	0.39
86500	0.39	0.34	0.34	0	0	0.39
86600	0.39	0.34	0.34	0	0	0.39
86700	0.39	0.34	0.34	0	0	0.39
86800	0.39	0.34	0.34	0	0	0.39
86900	0.39	0.34	0.34	0	0	0.39
87000	0.39	0.34	0.34	0	0	0.39
87100	0.39	0.34	0.34	0	0	0.39
87200	0.39	0.34	0.34	0	0	0.39
87300	0.39	0.35	0.35	0	0	0.39
87400	0.4	0.35	0.35	0	0	0.4
87500	0.39	0.35	0.35	0	0	0.39
87600	0.4	0.35	0.35	0	0	0.4
87700	0.4	0.36	0.36	0	0	0.4
87800	0.4	0.35	0.35	0	0	0.4
87900	0.4	0.35	0.35	0	0	0.4
88000	0.39	0.35	0.35	0	0	0.39
88100	0.39	0.35	0.35	0	0	0.39
88200	0.39	0.35	0.35	0	0	0.39
88300	0.39	0.35	0.35	0	0	0.39
88400	0.39	0.35	0.35	0	0	0.39
88500	0.39	0.34	0.34	0	0	0.39
88600	0.39	0.34	0.34	0	0	0.39
88700	0.39	0.34	0.34	0	0	0.39
88800	0.39	0.34	0.34	0	0	0.39
88900	0.39	0.34	0.34	0	0	0.39
89000	0.39	0.34	0.34	0	0	0.39
89100	0.39	0.34	0.34	0	0	0.39
89200	0.39	0.35	0.35	0	0	0.39
89300	0.39	0.34	0.34	0	0	0.39
89400	0.39	0.34	0.34	0	0	0.39
89500	0.39	0.34	0.34	0	0	0.39
89600	0.39	0.34	0.34	0	0	0.39
89700	0.39	0.34	0.34	0	0	0.39
89800	0.39	0.35	0.35	0	0	0.39
89900	0.39	0.35	0.35	0	0	0.39
90000	0.39	0.34	0.34	0	0	0.39
90100	0.39	0.34	0.34	0	0	0.39
90200	0.39	0.34	0.34	0	0	0.39
90300	0.39	0.34	0.34	0	0	0.39
90400	0.39	0.34	0.34	0	0	0.39
90500	0.39	0.34	0.34	0	0	0.39
90600	0.39	0.34	0.34	0	0	0.39
90700	0.39	0.35	0.35	0	0	0.39
90800	0.39	0.35	0.35	0	0	0.39
90900	0.39	0.35	0.35	0	0	0.39
91000	0.39	0.35	0.35	0	0	0.39
91100	0.39	0.35	0.35	0	0	0.39
91200	0.39	0.35	0.35	0	0	0.39
91300	0.39	0.35	0.35	0	0	0.39
91400	0.39	0.35	0.35	0	0	0.39
91500	0.39	0.35	0.35	0	0	0.39
91600	0.39	0.35	0.35	0	0	0.39
91700	0.39	0.35	0.35	0	0	0.39
91800	0.39	0.35	0.35	0	0	0.39
91900	0.39	0.35	0.35	0	0	0.39
92000	0.39	0.36	0.36	0	0	0.39
92100	0.39	0.35	0.35	0	0	0.39
92200	0.39	0.35	0.35	0	0	0.39
92300	0.39	0.35	0.35	0	0	0.39
92400	0.39	0.35	0.35	0	0	0.39
92500	0.39	0.35	0.35	0	0	0.39
92600	0.39	0.35	0.35	0	0	0.39
92700	0.39	0.35	0.35	0	0	0.39
92800	0.39	0.35	0.35	0	0	0.39
92900	0.38	0.35	0.35	0	0	0.38
93000	0.38	0.35	0.35	0	0	0.38
93100	0.38	0.35	0.35	0	0	0.38
93200	0.38	0.35	0.35	0	0	0.38
93300	0.38	0.35	0.35	0	0	0.38
93400	0.38	0.35	0.35	0	0	0.38
93500	0.38	0.35	0.35	0	0	0.38
93600	0.38	0.35	0.35	0	0	0.38
93700	0.38	0.36	0.36	0	0	0.38
93800	0.39	0.36	0.36	0	0	0.39
93900	0.38	0.36	0.36	0	0	0.38
94000	0.38	0.36	0.36	0	0	0.38
94100	0.38	0.36	0.36	0	0	0.38
94200	0.38	0.35	0.35	0	0	0.38
94300	0.38	0.35	0.35	0	0	0.38
94400	0.39	0.35	0.35	0	0	0.39
94500	0.39	0.35	0.35	0	0	0.39
94600	0.4	0.35	0.35	0	0	0.4
94700	0.4	0.35	0.35	0	0	0.4
94800	0.4	0.35	0.35	0	0	0.4
94900	0.4	0.35	0.35	0	0	0.4
95000	0.4	0.35	0.35	0	0	0.4
95100	0.4	0.35	0.35	0	0	0.4
95200	0.4	0.35	0.35	0	0	0.4
95300	0.4	0.35	0.35	0	0	0.4
95400	0.4	0.35	0.35	0	0	0.4
95500	0.4	0.35	0.35	0	0	0.4
95600	0.4	0.35	0.35	0	0	0.4
95700	0.4	0.35	0.35	0	0	0.4
95800	0.4	0.35	0.35	0	0	0.4
95900	0.4	0.35	0.35	0	0	0.4
96000	0.41	0.36	0.36	0	0	0.41
96100	0.4	0.36	0.36	0	0	0.4
96200	0.4	0.36	0.36	0	0	0.4
96300	0.4	0.36	0.36	0	0	0.4
96400	0.4	0.37	0.37	0	0	0.4
96500	0.4	0.37	0.37	0	0	0.4
96600	0.4	0.38	0.38	0	0	0.4
96700	0.4	0.38	0.38	0	0	0.4
96800	0.4	0.38	0.38	0	0	0.4
96900	0.4	0.38	0.38	0	0	0.4
97000	0.4	0.38	0.38	0	0	0.4
97100	0.4	0.39	0.39	0	0	0.4
97200	0.4	0.39	0.39	0	0	0.4
97300	0.4	0.38	0.38	0	0	0.4
97400	0.4	0.39	0.39	0	0	0.4
97500	0.4	0.39	0.39	0	0	0.4
97600	0.4	0.38	0.38	0	0	0.4
97700	0.4	0.38	0.38	0	0	0.4
97800	0.4	0.39	0.39	0	0	0.4
97900	0.4	0.37	0.37	0	0	0.4
98000	0.4	0.37	0.37	0	0	0.4
98100	0.4	0.37	0.37	0	0	0.4
98200	0.4	0.37	0.37	0	0	0.4
98300	0.4	0.36	0.36	0	0	0.4
98400	0.41	0.37	0.37	0	0	0.41
98500	0.41	0.37	0.37	0	0	0.41
98600	0.41	0.37	0.37	0	0	0.41
98700	0.41	0.38	0.38	0	0	0.41
98800	0.41	0.38	0.38	0	0	0.41
98900	0.41	0.38	0.38	0	0	0.41
99000	0.42	0.38	0.38	0	0	0.42
99100	0.42	0.37	0.37	0	0	0.42
99200	0.41	0.37	0.37	0	0	0.41
99300	0.41	0.37	0.37	0	0	0.41
99400	0.41	0.37	0.37	0	0	0.41
99500	0.41	0.37	0.37	0	0	0.41
99600	0.41	0.37	0.37	0	0	0.41
99700	0.41	0.38	0.38	0	0	0.41
99800	0.41	0.37	0.37	0	0	0.41
99900	0.4	0.37	0.37	0	0	0.4
100000	0.39	0.37	0.37	0	0	0.39
100100	0.39	0.37	0.37	0	0	0.39
100200	0.39	0.39	0.39	0	0	0.39
100300	0.39	0.39	0.39	0	0	0.39
100400	0.39	0.39	0.39	0	0	0.39
100500	0.39	0.38	0.38	0	0	0.39
100600	0.39	0.38	0.38	0	0	0.39
100700	0.39	0.38	0.38	0	0	0.39
100800	0.39	0.38	0.38	0	0	0.39
100900	0.39	0.38	0.38	0	0	0.39
101000	0.39	0.37	0.37	0	0	0.39
101100	0.39	0.37	0.37	0	0	0.39
101200	0.39	0.37	0.37	0	0	0.39
101300	0.39	0.37	0.37	0	0	0.39
101400	0.39	0.37	0.37	0	0	0.39
101500	0.39	0.37	0.37	0	0	0.39
101600	0.39	0.36	0.36	0	0	0.39
101700	0.39	0.36	0.36	0	0	0.39
101800	0.39	0.36	0.36	0	0	0.39
101900	0.39	0.36	0.36	0	0	0.39
102000	0.39	0.36	0.36	0	0	0.39
102100	0.39	0.36	0.36	0	0	0.39
102200	0.39	0.36	0.36	0	0	0.39
102300	0.39	0.36	0.36	0	0	0.39
102400	0.39	0.36	0.36	0	0	0.39
102500	0.39	0.36	0.36	0	0	0.39
102600	0.39	0.36	0.36	0	0	0.39
102700	0.39	0.37	0.37	0	0	0.39
102800	0.39	0.37	0.37	0	0	0.39
102900	0.39	0.36	0.36	0	0	0.39
103000	0.39	0.36	0.36	0	0	0.39
103100	0.39	0.36	0.36	0	0	0.39
103200	0.39	0.37	0.37	0	0	0.39
103300	0.39	0.36	0.36	0	0	0.39
103400	0.39	0.37	0.37	0	0	0.39
103500	0.39	0.36	0.36	0	0	0.39
103600	0.39	0.36	0.36	0	0	0.39
103700	0.39	0.35	0.35	0	0	0.39
103800	0.39	0.35	0.35	0	0	0.39
103900	0.39	0.35	0.35	0	0	0.39
104000	0.39	0.36	0.36	0	0	0.39
104100	0.39	0.37	0.37	0	0	0.39
104200	0.39	0.36	0.36	0	0	0.39
104300	0.39	0.35	0.35	0	0	0.39
104400	0.39	0.35	0.35	0	0	0.39
104500	0.39	0.35	0.35	0	0	0.39
104600	0.4	0.35	0.35	0	0	0.4
104700	0.39	0.35	0.35	0	0	0.39
104800	0.39	0.35	0.35	0	0	0.39
104900	0.39	0.35	0.35	0	0	0.39
105000	0.39	0.35	0.35	0	0	0.39
105100	0.39	0.35	0.35	0	0	0.39
105200	0.39	0.35	0.35	0	0	0.39
105300	0.39	0.35	0.35	0	0	0.39
105400	0.39	0.35	0.35	0	0	0.39
105500	0.39	0.35	0.35	0	0	0.39
105600	0.4	0.35	0.35	0	0	0.4
105700	0.4	0.35	0.35	0	0	0.4
105800	0.39	0.35	0.35	0	0	0.39
105900	0.39	0.35	0.35	0	0	0.39
106000	0.39	0.35	0.35	0	0	0.39
106100	0.39	0.35	0.35	0	0	0.39
106200	0.39	0.36	0.36	0	0	0.39
106300	0.39	0.36	0.36	0	0	0.39
106400	0.39	0.36	0.36	0	0	0.39
106500	0.39	0.37	0.37	0	0	0.39
106600	0.39	0.36	0.36	0	0	0.39
106700	0.39	0.35	0.35	0	0	0.39
106800	0.39	0.35	0.35	0	0	0.39
106900	0.39	0.35	0.35	0	0	0.39
107000	0.39	0.35	0.35	0	0	0.39
107100	0.39	0.35	0.35	0	0	0.39
107200	0.39	0.35	0.35	0	0	0.39
107300	0.39	0.35	0.35	0	0	0.39
107400	0.39	0.35	0.35	0	0	0.39
107500	0.39	0.35	0.35	0	0	0.39
107600	0.39	0.35	0.35	0	0	0.39
107700	0.39	0.36	0.36	0	0	0.39
107800	0.39	0.37	0.37	0	0	0.39
107900	0.39	0.37	0.37	0	0	0.39
108000	0.39	0.36	0.36	0	0	0.39
108100	0.39	0.36	0.36	0	0	0.39
108200	0.39	0.36	0.36	0	0	0.39
108300	0.39	0.36	0.36	0	0	0.39
108400	0.39	0.36	0.36	0	0	0.39
108500	0.39	0.36	0.36	0	0	0.39
108600	0.39	0.36	0.36	0	0	0.39
108700	0.39	0.36	0.36	0	0	0.39
108800	0.39	0.36	0.36	0	0	0.39
108900	0.39	0.36	0.36	0	0	0.39
109000	0.39	0.36	0.36	0	0	0.39
109100	0.39	0.36	0.36	0	0	0.39
109200	0.39	0.36	0.36	0	0	0.39
109300	0.39	0.36	0.36	0	0	0.39
109400	0.39	0.36	0.36	0	0	0.39
109500	0.39	0.36	0.36	0	0	0.39
109600	0.39	0.36	0.36	0	0	0.39
109700	0.39	0.36	0.36	0	0	0.39
109800	0.39	0.36	0.36	0	0	0.39
109900	0.39	0.36	0.36	0	0	0.39
110000	0.39	0.36	0.36	0	0	0.39
110100	0.39	0.36	0.36	0	0	0.39
110200	0.39	0.36	0.36	0	0	0.39
110300	0.39	0.36	0.36	0	0	0.39
110400	0.39	0.36	0.36	0	0	0.39
110500	0.39	0.36	0.36	0	0	0.39
110600	0.39	0.36	0.36	0	0	0.39
110700	0.39	0.36	0.36	0	0	0.39
110800	0.39	0.36	0.36	0	0	0.39
110900	0.39	0.36	0.36	0	0	0.39
111000	0.39	0.37	0.37	0	0	0.39
111100	0.39	0.37	0.37	0	0	0.39
111200	0.39	0.37	0.37	0	0	0.39
111300	0.39	0.37	0.37	0	0	0.39
111400	0.39	0.37	0.37	0	0	0.39
111500	0.39	0.37	0.37	0	0	0.39
111600	0.4	0.37	0.37	0	0	0.4
111700	0.39	0.37	0.37	0	0	0.39
111800	0.4	0.37	0.37	0	0	0.4
111900	0.39	0.37	0.37	0	0	0.39
112000	0.39	0.37	0.37	0	0	0.39
112100	0.39	0.38	0.38	0	0	0.39
112200	0.39	0.38	0.38	0	0	0.39
112300	0.39	0.38	0.38	0	0	0.39
112400	0.39	0.38	0.38	0	0	0.39
112500	0.39	0.38	0.38	0	0	0.39
112600	0.39	0.38	0.38	0	0	0.39
112700	0.39	0.38	0.38	0	0	0.39
112800	0.39	0.38	0.38	0	0	0.39
112900	0.39	0.38	0.38	0	0	0.39
113000	0.39	0.38	0.38	0	0	0.39
113100	0.39	0.37	0.37	0	0	0.39
113200	0.39	0.37	0.37	0	0	0.39
113300	0.39	0.37	0.37	0	0	0.39
113400	0.39	0.37	0.37	0	0	0.39
113500	0.39	0.37	0.37	0	0	0.39
113600	0.39	0.37	0.37	0	0	0.39
113700	0.39	0.37	0.37	0	0	0.39
113800	0.39	0.37	0.37	0	0	0.39
113900	0.39	0.37	0.37	0	0	0.39
114000	0.39	0.37	0.37	0	0	0.39
114100	0.39	0.37	0.37	0	0	0.39
114200	0.39	0.37	0.37	0	0	0.39
114300	0.39	0.37	0.37	0	0	0.39
114400	0.39	0.37	0.37	0	0	0.39
114500	0.39	0.37	0.37	0	0	0.39
114600	0.39	0.37	0.37	0	0	0.39
114700	0.39	0.38	0.38	0	0	0.39
114800	0.39	0.38	0.38	0	0	0.39
114900	0.39	0.38	0.38	0	0	0.39
115000	0.39	0.38	0.38	0	0	0.39
115100	0.39	0.38	0.38	0	0	0.39
115200	0.39	0.38	0.38	0	0	0.39
115300	0.39	0.38	0.38	0	0	0.39
115400	0.39	0.38	0.38	0	0	0.39
115500	0.4	0.38	0.38	0	0	0.4
115600	0.4	0.38	0.38	0	0	0.4
115700	0.4	0.38	0.38	0	0	0.4
115800	0.4	0.38	0.38	0	0	0.4
115900	0.4	0.38	0.38	0	0	0.4
116000	0.4	0.38	0.38	0	0	0.4
116100	0.4	0.38	0.38	0	0	0.4
116200	0.4	0.38	0.38	0	0	0.4
116300	0.4	0.38	0.38	0	0	0.4
116400	0.4	0.38	0.38	0	0	0.4
116500	0.4	0.38	0.38	0	0	0.4
116600	0.4	0.39	0.39	0	0	0.4
116700	0.4	0.39	0.39	0	0	0.4
116800	0.4	0.39	0.39	0	0	0.4
116900	0.4	0.39	0.39	0	0	0.4
117000	0.4	0.39	0.39	0	0	0.4
117100	0.4	0.4	0.4	0	0	0.4
117200	0.4	0.39	0.39	0	0	0.4
117300	0.4	0.39	0.39	0	0	0.4
117400	0.4	0.4	0.4	0	0	0.4
117500	0.4	0.4	0.4	0	0	0.4
117600	0.4	0.39	0.39	0	0	0.4
117700	0.4	0.37	0.37	0	0	0.4
117800	0.4	0.38	0.38	0	0	0.4
117900	0.4	0.38	0.38	0	0	0.4
118000	0.4	0.38	0.38	0	0	0.4
118100	0.4	0.38	0.38	0	0	0.4
118200	0.4	0.38	0.38	0	0	0.4
118300	0.4	0.38	0.38	0	0	0.4
118400	0.4	0.38	0.38	0	0	0.4
118500	0.4	0.38	0.38	0	0	0.4
118600	0.4	0.38	0.38	0	0	0.4
118700	0.4	0.38	0.38	0	0	0.4
118800	0.4	0.38	0.38	0	0	0.4
118900	0.4	0.38	0.38	0	0	0.4
119000	0.4	0.38	0.38	0	0	0.4
119100	0.4	0.38	0.38	0	0	0.4
119200	0.4	0.39	0.39	0	0	0.4
119300	0.4	0.39	0.39	0	0	0.4
119400	0.4	0.39	0.39	0	0	0.4
119500	0.4	0.39	0.39	0	0	0.4
119600	0.4	0.39	0.39	0	0	0.4
119700	0.4	0.39	0.39	0	0	0.4
119800	0.4	0.39	0.39	0	0	0.4
119900	0.4	0.39	0.39	0	0	0.4
120000	0.4	0.39	0.39	0	0	0.4
120100	0.4	0.4	0.4	0	0	0.4
120200	0.4	0.39	0.39	0	0	0.4
120300	0.4	0.39	0.39	0	0	0.4
120400	0.4	0.39	0.39	0	0	0.4
120500	0.4	0.39	0.39	0	0	0.4
120600	0.4	0.39	0.39	0	0	0.4
120700	0.4	0.39	0.39	0	0	0.4
120800	0.4	0.38	0.38	0	0	0.4
120900	0.4	0.38	0.38	0	0	0.4
121000	0.4	0.38	0.38	0	0	0.4
121100	0.4	0.39	0.39	0	0	0.4
121200	0.4	0.39	0.39	0	0	0.4
121300	0.4	0.38	0.38	0	0	0.4
121400	0.4	0.37	0.37	0	0	0.4
121500	0.4	0.35	0.35	0	0	0.4
121600	0.4	0.35	0.35	0	0	0.4
121700	0.4	0.36	0.36	0	0	0.4
121800	0.4	0.35	0.35	0	0	0.4
121900	0.4	0.35	0.35	0	0	0.4
122000	0.4	0.35	0.35	0	0	0.4
122100	0.4	0.35	0.35	0	0	0.4
122200	0.4	0.34	0.34	0	0	0.4
122300	0.4	0.35	0.35	0	0	0.4
122400	0.4	0.34	0.34	0	0	0.4
122500	0.4	0.33	0.33	0	0	0.4
122600	0.4	0.33	0.33	0	0	0.4
122700	0.4	0.33	0.33	0	0	0.4
122800	0.4	0.33	0.33	0	0	0.4
122900	0.4	0.33	0.33	0	0	0.4
123000	0.4	0.33	0.33	0	0	0.4
123100	0.4	0.33	0.33	0	0	0.4
123200	0.4	0.33	0.33	0	0	0.4
123300	0.4	0.34	0.34	0	0	0.4
123400	0.4	0.34	0.34	0	0	0.4
123500	0.4	0.34	0.34	0	0	0.4
123600	0.4	0.34	0.34	0	0	0.4
123700	0.4	0.34	0.34	0	0	0.4
123800	0.4	0.34	0.34	0	0	0.4
123900	0.4	0.34	0.34	0	0	0.4
124000	0.4	0.34	0.34	0	0	0.4
124100	0.4	0.35	0.35	0	0	0.4
124200	0.4	0.36	0.36	0	0	0.4
124300	0.41	0.36	0.36	0	0	0.41
124400	0.41	0.36	0.36	0	0	0.41
124500	0.41	0.36	0.36	0	0	0.41
124600	0.41	0.36	0.36	0	0	0.41
124700	0.41	0.36	0.36	0	0	0.41
124800	0.42	0.36	0.36	0	0	0.42
124900	0.42	0.36	0.36	0	0	0.42
125000	0.41	0.36	0.36	0	0	0.41
125100	0.41	0.37	0.37	0	0	0.41
125200	0.41	0.37	0.37	0	0	0.41
125300	0.41	0.36	0.36	0	0	0.41
125400	0.41	0.36	0.36	0	0	0.41
125500	0.41	0.36	0.36	0	0	0.41
125600	0.41	0.36	0.36	0	0	0.41
125700	0.41	0.38	0.38	0	0	0.41
125800	0.41	0.37	0.37	0	0	0.41
125900	0.41	0.37	0.37	0	0	0.41
126000	0.41	0.38	0.38	0	0	0.41
126100	0.41	0.38	0.38	0	0	0.41
126200	0.41	0.38	0.38	0	0	0.41
126300	0.41	0.38	0.38	0	0	0.41
126400	0.41	0.39	0.39	0	0	0.41
126500	0.41	0.39	0.39	0	0	0.41
126600	0.41	0.39	0.39	0	0	0.41
126700	0.41	0.38	0.38	0	0	0.41
126800	0.41	0.38	0.38	0	0	0.41
126900	0.41	0.38	0.38	0	0	0.41
127000	0.41	0.38	0.38	0	0	0.41
127100	0.41	0.38	0.38	0	0	0.41
127200	0.41	0.38	0.38	0	0	0.41
127300	0.41	0.38	0.38	0	0	0.41
127400	0.41	0.39	0.39	0	0	0.41
127500	0.41	0.39	0.39	0	0	0.41
127600	0.41	0.39	0.39	0	0	0.41
127700	0.41	0.39	0.39	0	0	0.41
127800	0.41	0.39	0.39	0	0	0.41
127900	0.41	0.39	0.39	0	0	0.41
128000	0.41	0.39	0.39	0	0	0.41
128100	0.41	0.39	0.39	0	0	0.41
128200	0.41	0.39	0.39	0	0	0.41
128300	0.41	0.39	0.39	0	0	0.41
128400	0.41	0.39	0.39	0	0	0.41
128500	0.41	0.39	0.39	0	0	0.41
128600	0.41	0.39	0.39	0	0	0.41
128700	0.41	0.39	0.39	0	0	0.41
128800	0.41	0.39	0.39	0	0	0.41
128900	0.41	0.39	0.39	0	0	0.41
129000	0.41	0.38	0.38	0	0	0.41
129100	0.41	0.38	0.38	0	0	0.41
129200	0.41	0.38	0.38	0	0	0.41
129300	0.41	0.37	0.37	0	0	0.41
129400	0.41	0.37	0.37	0	0	0.41
129500	0.41	0.37	0.37	0	0	0.41
129600	0.41	0.38	0.38	0	0	0.41
129700	0.41	0.38	0.38	0	0	0.41
129800	0.41	0.38	0.38	0	0	0.41
129900	0.41	0.38	0.38	0	0	0.41
130000	0.41	0.38	0.38	0	0	0.41
130100	0.42	0.38	0.38	0	0	0.42
130200	0.41	0.38	0.38	0	0	0.41
130300	0.41	0.38	0.38	0	0	0.41
130400	0.41	0.38	0.38	0	0	0.41
130500	0.41	0.38	0.38	0	0	0.41
130600	0.41	0.38	0.38	0	0	0.41
130700	0.41	0.38	0.38	0	0	0.41
130800	0.41	0.38	0.38	0	0	0.41
130900	0.41	0.38	0.38	0	0	0.41
131000	0.41	0.38	0.38	0	0	0.41
131100	0.41	0.38	0.38	0	0	0.41
131200	0.41	0.38	0.38	0	0	0.41
131300	0.41	0.38	0.38	0	0	0.41
131400	0.41	0.38	0.38	0	0	0.41
131500	0.41	0.38	0.38	0	0	0.41
131600	0.41	0.39	0.39	0	0	0.41
131700	0.41	0.38	0.38	0	0	0.41
131800	0.41	0.39	0.39	0	0	0.41
131900	0.41	0.39	0.39	0	0	0.41
132000	0.41	0.39	0.39	0	0	0.41
132100	0.41	0.39	0.39	0	0	0.41
132200	0.41	0.39	0.39	0	0	0.41
132300	0.41	0.39	0.39	0	0	0.41
132400	0.41	0.38	0.38	0	0	0.41
132500	0.41	0.38	0.38	0	0	0.41
132600	0.41	0.38	0.38	0	0	0.41
132700	0.41	0.38	0.38	0	0	0.41
132800	0.41	0.37	0.37	0	0	0.41
132900	0.41	0.37	0.37	0	0	0.41
133000	0.41	0.37	0.37	0	0	0.41
133100	0.41	0.37	0.37	0	0	0.41
133200	0.41	0.37	0.37	0	0	0.41
133300	0.41	0.37	0.37	0	0	0.41
133400	0.41	0.37	0.37	0	0	0.41
133500	0.43	0.37	0.37	0	0	0.43
133600	0.41	0.37	0.37	0	0	0.41
133700	0.41	0.37	0.37	0	0	0.41
133800	0.41	0.37	0.37	0	0	0.41
133900	0.41	0.37	0.37	0	0	0.41
134000	0.41	0.37	0.37	0	0	0.41
134100	0.41	0.37	0.37	0	0	0.41
134200	0.41	0.37	0.37	0	0	0.41
134300	0.42	0.37	0.37	0	0	0.42
134400	0.41	0.37	0.37	0	0	0.41
134500	0.41	0.38	0.38	0	0	0.41
134600	0.41	0.38	0.38	0	0	0.41
134700	0.41	0.38	0.38	0	0	0.41
134800	0.41	0.38	0.38	0	0	0.41
134900	0.42	0.38	0.38	0	0	0.42
135000	0.41	0.38	0.38	0	0	0.41
135100	0.41	0.38	0.38	0	0	0.41
135200	0.42	0.38	0.38	0	0	0.42
135300	0.41	0.37	0.37	0	0	0.41
135400	0.42	0.37	0.37	0	0	0.42
135500	0.41	0.37	0.37	0	0	0.41
135600	0.41	0.38	0.38	0	0	0.41
135700	0.41	0.35	0.35	0	0	0.41
135800	0.41	0.35	0.35	0	0	0.41
135900	0.41	0.34	0.34	0	0	0.41
136000	0.41	0.34	0.34	0	0	0.41
136100	0.41	0.34	0.34	0	0	0.41
136200	0.41	0.34	0.34	0	0	0.41
136300	0.41	0.34	0.34	0	0	0.41
136400	0.41	0.35	0.35	0	0	0.41
136500	0.41	0.34	0.34	0	0	0.41
136600	0.41	0.34	0.34	0	0	0.41
136700	0.41	0.34	0.34	0	0	0.41
136800	0.42	0.34	0.34	0	0	0.42
136900	0.42	0.34	0.34	0	0	0.42
137000	0.42	0.34	0.34	0	0	0.42
137100	0.42	0.33	0.33	0	0	0.42
137200	0.42	0.33	0.33	0	0	0.42
137300	0.42	0.33	0.33	0	0	0.42
137400	0.42	0.34	0.34	0	0	0.42
137500	0.42	0.35	0.35	0	0	0.42
137600	0.42	0.33	0.33	0	0	0.42
137700	0.42	0.33	0.33	0	0	0.42
137800	0.42	0.33	0.33	0	0	0.42
137900	0.42	0.33	0.33	0	0	0.42
138000	0.42	0.33	0.33	0	0	0.42
138100	0.42	0.33	0.33	0	0	0.42
138200	0.42	0.33	0.33	0	0	0.42
138300	0.42	0.33	0.33	0	0	0.42
138400	0.42	0.33	0.33	0	0	0.42
138500	0.42	0.33	0.33	0	0	0.42
138600	0.42	0.33	0.33	0	0	0.42
138700	0.42	0.33	0.33	0	0	0.42
138800	0.42	0.33	0.33	0	0	0.42
138900	0.42	0.33	0.33	0	0	0.42
139000	0.42	0.33	0.33	0	0	0.42
139100	0.42	0.33	0.33	0	0	0.42
139200	0.42	0.33	0.33	0	0	0.42
139300	0.42	0.33	0.33	0	0	0.42
139400	0.42	0.32	0.32	0	0	0.42
139500	0.42	0.32	0.32	0	0	0.42
139600	0.42	0.32	0.32	0	0	0.42
139700	0.42	0.32	0.32	0	0	0.42
139800	0.42	0.33	0.33	0	0	0.42
139900	0.42	0.33	0.33	0	0	0.42
140000	0.43	0.33	0.33	0	0	0.43
140100	0.43	0.33	0.33	0	0	0.43
140200	0.43	0.33	0.33	0	0	0.43
140300	0.42	0.33	0.33	0	0	0.42
140400	0.42	0.33	0.33	0	0	0.42
140500	0.42	0.33	0.33	0	0	0.42
140600	0.42	0.34	0.34	0	0	0.42
140700	0.42	0.34	0.34	0	0	0.42
140800	0.42	0.34	0.34	0	0	0.42
140900	0.42	0.34	0.34	0	0	0.42
141000	0.42	0.35	0.35	0	0	0.42
141100	0.42	0.35	0.35	0	0	0.42
141200	0.42	0.36	0.36	0	0	0.42
141300	0.42	0.36	0.36	0	0	0.42
141400	0.42	0.36	0.36	0	0	0.42
141500	0.42	0.35	0.35	0	0	0.42
141600	0.42	0.34	0.34	0	0	0.42
141700	0.42	0.34	0.34	0	0	0.42
141800	0.42	0.34	0.34	0	0	0.42
141900	0.42	0.33	0.33	0	0	0.42
142000	0.42	0.33	0.33	0	0	0.42
142100	0.42	0.33	0.33	0	0	0.42
142200	0.42	0.33	0.33	0	0	0.42
142300	0.42	0.33	0.33	0	0	0.42
142400	0.42	0.33	0.33	0	0	0.42
142500	0.42	0.33	0.33	0	0	0.42
142600	0.42	0.33	0.33	0	0	0.42
142700	0.42	0.33	0.33	0	0	0.42
142800	0.42	0.33	0.33	0	0	0.42
142900	0.42	0.33	0.33	0	0	0.42
143000	0.42	0.33	0.33	0	0	0.42
143100	0.42	0.33	0.33	0	0	0.42
143200	0.42	0.34	0.34	0	0	0.42
143300	0.42	0.34	0.34	0	0	0.42
143400	0.42	0.34	0.34	0	0	0.42
143500	0.42	0.34	0.34	0	0	0.42
143600	0.42	0.34	0.34	0	0	0.42
143700	0.42	0.34	0.34	0	0	0.42
143800	0.42	0.34	0.34	0	0	0.42
143900	0.43	0.34	0.34	0	0	0.43
144000	0.43	0.34	0.34	0	0	0.43
144100	0.42	0.34	0.34	0	0	0.42
144200	0.42	0.34	0.34	0	0	0.42
144300	0.42	0.35	0.35	0	0	0.42
144400	0.42	0.34	0.34	0	0	0.42
144500	0.42	0.34	0.34	0	0	0.42
144600	0.42	0.34	0.34	0	0	0.42
144700	0.42	0.34	0.34	0	0	0.42
144800	0.42	0.34	0.34	0	0	0.42
144900	0.42	0.34	0.34	0	0	0.42
145000	0.42	0.34	0.34	0	0	0.42
145100	0.42	0.34	0.34	0	0	0.42
145200	0.42	0.34	0.34	0	0	0.42
145300	0.42	0.34	0.34	0	0	0.42
145400	0.42	0.34	0.34	0	0	0.42
145500	0.42	0.35	0.35	0	0	0.42
145600	0.42	0.35	0.35	0	0	0.42
145700	0.43	0.35	0.35	0	0	0.43
145800	0.43	0.34	0.34	0	0	0.43
145900	0.43	0.34	0.34	0	0	0.43
146000	0.43	0.34	0.34	0	0	0.43
146100	0.43	0.34	0.34	0	0	0.43
146200	0.43	0.34	0.34	0	0	0.43
146300	0.43	0.34	0.34	0	0	0.43
146400	0.43	0.34	0.34	0	0	0.43
146500	0.43	0.34	0.34	0	0	0.43
146600	0.43	0.34	0.34	0	0	0.43
146700	0.44	0.34	0.34	0	0	0.44
146800	0.43	0.34	0.34	0	0	0.43
146900	0.43	0.34	0.34	0	0	0.43
147000	0.43	0.34	0.34	0	0	0.43
147100	0.43	0.34	0.34	0	0	0.43
147200	0.43	0.34	0.34	0	0	0.43
147300	0.43	0.34	0.34	0	0	0.43
147400	0.43	0.34	0.34	0	0	0.43
147500	0.43	0.34	0.34	0	0	0.43
147600	0.43	0.34	0.34	0	0	0.43
147700	0.43	0.34	0.34	0	0	0.43
147800	0.43	0.34	0.34	0	0	0.43
147900	0.43	0.35	0.35	0	0	0.43
148000	0.43	0.35	0.35	0	0	0.43
148100	0.43	0.35	0.35	0	0	0.43
148200	0.43	0.35	0.35	0	0	0.43
148300	0.43	0.35	0.35	0	0	0.43
148400	0.43	0.36	0.36	0	0	0.43
148500	0.43	0.36	0.36	0	0	0.43
148600	0.43	0.36	0.36	0	0	0.43
148700	0.43	0.36	0.36	0	0	0.43
148800	0.43	0.36	0.36	0	0	0.43
148900	0.43	0.36	0.36	0	0	0.43
149000	0.43	0.37	0.37	0	0	0.43
149100	0.43	0.36	0.36	0	0	0.43
149200	0.43	0.36	0.36	0	0	0.43
149300	0.43	0.36	0.36	0	0	0.43
149400	0.43	0.36	0.36	0	0	0.43
149500	0.43	0.36	0.36	0	0	0.43
149600	0.43	0.36	0.36	0	0	0.43
149700	0.43	0.36	0.36	0	0	0.43
149800	0.43	0.36	0.36	0	0	0.43
149900	0.43	0.36	0.36	0	0	0.43
150000	0.43	0.36	0.36	0	0	0.43
150100	0.43	0.36	0.36	0	0	0.43
150200	0.43	0.36	0.36	0	0	0.43
150300	0.43	0.37	0.37	0	0	0.43
150400	0.43	0.37	0.37	0	0	0.43
150500	0.43	0.38	0.38	0	0	0.43
150600	0.43	0.37	0.37	0	0	0.43
150700	0.43	0.37	0.37	0	0	0.43
150800	0.43	0.37	0.37	0	0	0.43
150900	0.43	0.37	0.37	0	0	0.43
151000	0.43	0.37	0.37	0	0	0.43
151100	0.43	0.36	0.36	0	0	0.43
151200	0.43	0.36	0.36	0	0	0.43
151300	0.43	0.36	0.36	0	0	0.43
151400	0.43	0.36	0.36	0	0	0.43
151500	0.43	0.36	0.36	0	0	0.43
151600	0.43	0.36	0.36	0	0	0.43
151700	0.43	0.36	0.36	0	0	0.43
151800	0.43	0.36	0.36	0	0	0.43
151900	0.43	0.36	0.36	0	0	0.43
152000	0.43	0.35	0.35	0	0	0.43
152100	0.43	0.35	0.35	0	0	0.43
152200	0.43	0.35	0.35	0	0	0.43
152300	0.43	0.36	0.36	0	0	0.43
152400	0.43	0.36	0.36	0	0	0.43
152500	0.43	0.36	0.36	0	0	0.43
152600	0.43	0.36	0.36	0	0	0.43
152700	0.43	0.36	0.36	0	0	0.43
152800	0.43	0.36	0.36	0	0	0.43
152900	0.43	0.36	0.36	0	0	0.43
153000	0.43	0.36	0.36	0	0	0.43
153100	0.43	0.37	0.37	0	0	0.43
153200	0.43	0.37	0.37	0	0	0.43
153300	0.43	0.36	0.36	0	0	0.43
153400	0.43	0.36	0.36	0	0	0.43
153500	0.43	0.38	0.38	0	0	0.43
153600	0.43	0.36	0.36	0	0	0.43
153700	0.43	0.36	0.36	0	0	0.43
153800	0.43	0.36	0.36	0	0	0.43
153900	0.43	0.36	0.36	0	0	0.43
154000	0.43	0.36	0.36	0	0	0.43
154100	0.43	0.36	0.36	0	0	0.43
154200	0.43	0.36	0.36	0	0	0.43
154300	0.43	0.37	0.37	0	0	0.43
154400	0.43	0.37	0.37	0	0	0.43
154500	0.42	0.37	0.37	0	0	0.42
154600	0.42	0.37	0.37	0	0	0.42
154700	0.42	0.37	0.37	0	0	0.42
154800	0.43	0.37	0.37	0	0	0.43
154900	0.42	0.38	0.38	0	0	0.42
155000	0.42	0.37	0.37	0	0	0.42
155100	0.42	0.37	0.37	0	0	0.42
155200	0.42	0.37	0.37	0	0	0.42
155300	0.42	0.37	0.37	0	0	0.42
155400	0.42	0.37	0.37	0	0	0.42
155500	0.42	0.37	0.37	0	0	0.42
155600	0.42	0.37	0.37	0	0	0.42
155700	0.42	0.37	0.37	0	0	0.42
155800	0.42	0.37	0.37	0	0	0.42
155900	0.42	0.37	0.37	0	0	0.42
156000	0.42	0.37	0.37	0	0	0.42
156100	0.42	0.37	0.37	0	0	0.42
156200	0.42	0.37	0.37	0	0	0.42
156300	0.42	0.37	0.37	0	0	0.42
156400	0.41	0.37	0.37	0	0	0.41
156500	0.41	0.37	0.37	0	0	0.41
156600	0.41	0.37	0.37	0	0	0.41
156700	0.41	0.37	0.37	0	0	0.41
156800	0.41	0.37	0.37	0	0	0.41
156900	0.41	0.37	0.37	0	0	0.41
157000	0.41	0.38	0.38	0	0	0.41
157100	0.41	0.38	0.38	0	0	0.41
157200	0.41	0.37	0.37	0	0	0.41
157300	0.41	0.37	0.37	0	0	0.41
157400	0.41	0.37	0.37	0	0	0.41
157500	0.41	0.37	0.37	0	0	0.41
157600	0.41	0.37	0.37	0	0	0.41
157700	0.41	0.36	0.36	0	0	0.41
157800	0.41	0.36	0.36	0	0	0.41
157900	0.41	0.36	0.36	0	0	0.41
158000	0.41	0.36	0.36	0	0	0.41
158100	0.41	0.36	0.36	0	0	0.41
158200	0.41	0.36	0.36	0	0	0.41
158300	0.41	0.36	0.36	0	0	0.41
158400	0.41	0.36	0.36	0	0	0.41
158500	0.41	0.36	0.36	0	0	0.41
158600	0.41	0.36	0.36	0	0	0.41
158700	0.41	0.36	0.36	0	0	0.41
158800	0.41	0.36	0.36	0	0	0.41
158900	0.41	0.36	0.36	0	0	0.41
159000	0.41	0.36	0.36	0	0	0.41
159100	0.41	0.36	0.36	0	0	0.41
159200	0.41	0.36	0.36	0	0	0.41
159300	0.41	0.36	0.36	0	0	0.41
159400	0.41	0.36	0.36	0	0	0.41
159500	0.41	0.36	0.36	0	0	0.41
159600	0.41	0.36	0.36	0	0	0.41
159700	0.41	0.36	0.36	0	0	0.41
159800	0.41	0.36	0.36	0	0	0.41
159900	0.41	0.36	0.36	0	0	0.41
160000	0.41	0.36	0.36	0	0	0.41
160100	0.41	0.37	0.37	0	0	0.41
160200	0.41	0.37	0.37	0	0	0.41
160300	0.41	0.36	0.36	0	0	0.41
160400	0.41	0.37	0.37	0	0	0.41
160500	0.41	0.36	0.36	0	0	0.41
160600	0.41	0.36	0.36	0	0	0.41
160700	0.41	0.36	0.36	0	0	0.41
160800	0.41	0.36	0.36	0	0	0.41
160900	0.41	0.36	0.36	0	0	0.41
161000	0.41	0.37	0.37	0	0	0.41
161100	0.41	0.37	0.37	0	0	0.41
161200	0.41	0.37	0.37	0	0	0.41
161300	0.41	0.37	0.37	0	0	0.41
161400	0.42	0.37	0.37	0	0	0.42
161500	0.42	0.37	0.37	0	0	0.42
161600	0.42	0.37	0.37	0	0	0.42
161700	0.42	0.37	0.37	0	0	0.42
161800	0.42	0.37	0.37	0	0	0.42
161900	0.42	0.37	0.37	0	0	0.42
162000	0.42	0.37	0.37	0	0	0.42
162100	0.42	0.37	0.37	0	0	0.42
162200	0.42	0.37	0.37	0	0	0.42
162300	0.42	0.37	0.37	0	0	0.42
162400	0.42	0.37	0.37	0	0	0.42
162500	0.42	0.37	0.37	0	0	0.42
162600	0.42	0.37	0.37	0	0	0.42
162700	0.42	0.37	0.37	0	0	0.42
162800	0.42	0.37	0.37	0	0	0.42
162900	0.42	0.37	0.37	0	0	0.42
163000	0.42	0.37	0.37	0	0	0.42
163100	0.42	0.37	0.37	0	0	0.42
163200	0.43	0.37	0.37	0	0	0.43
163300	0.42	0.37	0.37	0	0	0.42
163400	0.42	0.37	0.37	0	0	0.42
163500	0.42	0.38	0.38	0	0	0.42
163600	0.42	0.38	0.38	0	0	0.42
163700	0.42	0.38	0.38	0	0	0.42
163800	0.42	0.38	0.38	0	0	0.42
163900	0.42	0.38	0.38	0	0	0.42
164000	0.42	0.37	0.37	0	0	0.42
164100	0.42	0.37	0.37	0	0	0.42
164200	0.42	0.37	0.37	0	0	0.42
164300	0.42	0.37	0.37	0	0	0.42
164400	0.42	0.37	0.37	0	0	0.42
164500	0.42	0.37	0.37	0	0	0.42
164600	0.42	0.37	0.37	0	0	0.42
164700	0.42	0.36	0.36	0	0	0.42
164800	0.42	0.36	0.36	0	0	0.42
164900	0.42	0.36	0.36	0	0	0.42
165000	0.42	0.36	0.36	0	0	0.42
165100	0.42	0.37	0.37	0	0	0.42
165200	0.42	0.37	0.37	0	0	0.42
165300	0.42	0.37	0.37	0	0	0.42
165400	0.42	0.38	0.38	0	0	0.42
165500	0.42	0.38	0.38	0	0	0.42
165600	0.42	0.38	0.38	0	0	0.42
165700	0.42	0.38	0.38	0	0	0.42
165800	0.42	0.38	0.38	0	0	0.42
165900	0.42	0.38	0.38	0	0	0.42
166000	0.42	0.38	0.38	0	0	0.42
166100	0.42	0.38	0.38	0	0	0.42
166200	0.42	0.38	0.38	0	0	0.42
166300	0.42	0.38	0.38	0	0	0.42
166400	0.42	0.38	0.38	0	0	0.42
166500	0.42	0.38	0.38	0	0	0.42
166600	0.42	0.38	0.38	0	0	0.42
166700	0.42	0.38	0.38	0	0	0.42
166800	0.42	0.38	0.38	0	0	0.42
166900	0.42	0.38	0.38	0	0	0.42
167000	0.42	0.38	0.38	0	0	0.42
167100	0.42	0.39	0.39	0	0	0.42
167200	0.42	0.39	0.39	0	0	0.42
167300	0.42	0.37	0.37	0	0	0.42
167400	0.42	0.38	0.38	0	0	0.42
167500	0.42	0.37	0.37	0	0	0.42
167600	0.42	0.36	0.36	0	0	0.42
167700	0.42	0.35	0.35	0	0	0.42
167800	0.42	0.35	0.35	0	0	0.42
167900	0.42	0.36	0.36	0	0	0.42
168000	0.42	0.36	0.36	0	0	0.42
168100	0.42	0.36	0.36	0	0	0.42
168200	0.42	0.36	0.36	0	0	0.42
168300	0.43	0.36	0.36	0	0	0.43
168400	0.43	0.36	0.36	0	0	0.43
168500	0.43	0.36	0.36	0	0	0.43
168600	0.43	0.36	0.36	0	0	0.43
168700	0.43	0.36	0.36	0	0	0.43
168800	0.43	0.38	0.38	0	0	0.43
168900	0.43	0.38	0.38	0	0	0.43
169000	0.43	0.36	0.36	0	0	0.43
169100	0.43	0.36	0.36	0	0	0.43
169200	0.43	0.36	0.36	0	0	0.43
169300	0.43	0.36	0.36	0	0	0.43
169400	0.43	0.36	0.36	0	0	0.43
169500	0.43	0.36	0.36	0	0	0.43
169600	0.43	0.36	0.36	0	0	0.43
169700	0.43	0.36	0.36	0	0	0.43
169800	0.43	0.36	0.36	0	0	0.43
169900	0.43	0.36	0.36	0	0	0.43
170000	0.43	0.36	0.36	0	0	0.43
170100	0.43	0.37	0.37	0	0	0.43
170200	0.43	0.37	0.37	0	0	0.43
170300	0.43	0.37	0.37	0	0	0.43
170400	0.43	0.37	0.37	0	0	0.43
170500	0.43	0.37	0.37	0	0	0.43
170600	0.43	0.37	0.37	0	0	0.43
170700	0.43	0.37	0.37	0	0	0.43
170800	0.43	0.37	0.37	0	0	0.43
170900	0.43	0.38	0.38	0	0	0.43
171000	0.43	0.37	0.37	0	0	0.43
171100	0.43	0.37	0.37	0	0	0.43
171200	0.43	0.37	0.37	0	0	0.43
171300	0.43	0.37	0.37	0	0	0.43
171400	0.43	0.37	0.37	0	0	0.43
171500	0.43	0.37	0.37	0	0	0.43
171600	0.43	0.36	0.36	0	0	0.43
171700	0.43	0.36	0.36	0	0	0.43
171800	0.43	0.37	0.37	0	0	0.43
171900	0.43	0.36	0.36	0	0	0.43
172000	0.43	0.36	0.36	0	0	0.43
172100	0.43	0.36	0.36	0	0	0.43
172200	0.44	0.34	0.34	0	0	0.44
172300	0.44	0.34	0.34	0	0	0.44
172400	0.44	0.34	0.34	0	0	0.44
172500	0.44	0.34	0.34	0	0	0.44
172600	0.44	0.35	0.35	0	0	0.44
172700	0.44	0.34	0.34	0	0	0.44
172800	0.44	0.34	0.34	0	0	0.44
172900	0.44	0.36	0.36	0	0	0.44
173000	0.44	0.35	0.35	0	0	0.44
173100	0.44	0.35	0.35	0	0	0.44
173200	0.44	0.35	0.35	0	0	0.44
173300	0.44	0.35	0.35	0	0	0.44
173400	0.44	0.35	0.35	0	0	0.44
173500	0.44	0.35	0.35	0	0	0.44
173600	0.44	0.35	0.35	0	0	0.44
173700	0.44	0.35	0.35	0	0	0.44
173800	0.44	0.35	0.35	0	0	0.44
173900	0.44	0.35	0.35	0	0	0.44
174000	0.44	0.35	0.35	0	0	0.44
174100	0.44	0.35	0.35	0	0	0.44
174200	0.44	0.36	0.36	0	0	0.44
174300	0.44	0.36	0.36	0	0	0.44
174400	0.44	0.36	0.36	0	0	0.44
174500	0.44	0.36	0.36	0	0	0.44
174600	0.44	0.36	0.36	0	0	0.44
174700	0.44	0.37	0.37	0	0	0.44
174800	0.44	0.36	0.36	0	0	0.44
174900	0.44	0.36	0.36	0	0	0.44
175000	0.44	0.36	0.36	0	0	0.44
175100	0.44	0.36	0.36	0	0	0.44
175200	0.44	0.36	0.36	0	0	0.44
175300	0.44	0.36	0.36	0	0	0.44
175400	0.44	0.36	0.36	0	0	0.44
175500	0.45	0.36	0.36	0	0	0.45
175600	0.44	0.36	0.36	0	0	0.44
175700	0.44	0.36	0.36	0	0	0.44
175800	0.44	0.36	0.36	0	0	0.44
175900	0.44	0.36	0.36	0	0	0.44
176000	0.44	0.37	0.37	0	0	0.44
176100	0.44	0.36	0.36	0	0	0.44
176200	0.44	0.36	0.36	0	0	0.44
176300	0.44	0.36	0.36	0	0	0.44
176400	0.44	0.36	0.36	0	0	0.44
176500	0.44	0.36	0.36	0	0	0.44
176600	0.44	0.36	0.36	0	0	0.44
176700	0.44	0.36	0.36	0	0	0.44
176800	0.44	0.36	0.36	0	0	0.44
176900	0.44	0.36	0.36	0	0	0.44
177000	0.44	0.36	0.36	0	0	0.44
177100	0.44	0.36	0.36	0	0	0.44
177200	0.44	0.36	0.36	0	0	0.44
177300	0.44	0.36	0.36	0	0	0.44
177400	0.44	0.36	0.36	0	0	0.44
177500	0.44	0.36	0.36	0	0	0.44
177600	0.44	0.37	0.37	0	0	0.44
177700	0.44	0.38	0.38	0	0	0.44
177800	0.44	0.37	0.37	0	0	0.44
177900	0.44	0.36	0.36	0	0	0.44
178000	0.44	0.36	0.36	0	0	0.44
178100	0.44	0.36	0.36	0	0	0.44
178200	0.44	0.35	0.35	0	0	0.44
178300	0.44	0.35	0.35	0	0	0.44
178400	0.45	0.35	0.35	0	0	0.45
178500	0.45	0.35	0.35	0	0	0.45
178600	0.45	0.35	0.35	0	0	0.45
178700	0.45	0.35	0.35	0	0	0.45
178800	0.45	0.35	0.35	0	0	0.45
178900	0.45	0.35	0.35	0	0	0.45
179000	0.45	0.35	0.35	0	0	0.45
179100	0.45	0.35	0.35	0	0	0.45
179200	0.45	0.35	0.35	0	0	0.45
179300	0.45	0.35	0.35	0	0	0.45
179400	0.45	0.35	0.35	0	0	0.45
179500	0.45	0.35	0.35	0	0	0.45
179600	0.45	0.36	0.36	0	0	0.45
179700	0.45	0.35	0.35	0	0	0.45
179800	0.45	0.35	0.35	0	0	0.45
179900	0.45	0.35	0.35	0	0	0.45
180000	0.45	0.35	0.35	0	0	0.45
180100	0.45	0.35	0.35	0	0	0.45
180200	0.45	0.35	0.35	0	0	0.45
180300	0.45	0.35	0.35	0	0	0.45
180400	0.45	0.35	0.35	0	0	0.45
180500	0.45	0.36	0.36	0	0	0.45
180600	0.45	0.36	0.36	0	0	0.45
180700	0.45	0.36	0.36	0	0	0.45
180800	0.45	0.36	0.36	0	0	0.45
180900	0.45	0.36	0.36	0	0	0.45
181000	0.45	0.36	0.36	0	0	0.45
181100	0.45	0.35	0.35	0	0	0.45
181200	0.45	0.35	0.35	0	0	0.45
181300	0.45	0.35	0.35	0	0	0.45
181400	0.45	0.35	0.35	0	0	0.45
181500	0.45	0.36	0.36	0	0	0.45
181600	0.45	0.35	0.35	0	0	0.45
181700	0.45	0.35	0.35	0	0	0.45
181800	0.45	0.35	0.35	0	0	0.45
181900	0.45	0.35	0.35	0	0	0.45
182000	0.45	0.36	0.36	0	0	0.45
182100	0.45	0.36	0.36	0	0	0.45
182200	0.45	0.36	0.36	0	0	0.45
182300	0.45	0.36	0.36	0	0	0.45
182400	0.45	0.36	0.36	0	0	0.45
182500	0.45	0.36	0.36	0	0	0.45
182600	0.45	0.36	0.36	0	0	0.45
182700	0.45	0.36	0.36	0	0	0.45
182800	0.45	0.36	0.36	0	0	0.45
182900	0.45	0.36	0.36	0	0	0.45
183000	0.45	0.36	0.36	0	0	0.45
183100	0.45	0.36	0.36	0	0	0.45
183200	0.45	0.36	0.36	0	0	0.45
183300	0.45	0.36	0.36	0	0	0.45
183400	0.45	0.36	0.36	0	0	0.45
183500	0.45	0.36	0.36	0	0	0.45
183600	0.45	0.36	0.36	0	0	0.45
183700	0.45	0.36	0.36	0	0	0.45
183800	0.45	0.36	0.36	0	0	0.45
183900	0.45	0.36	0.36	0	0	0.45
184000	0.44	0.37	0.37	0	0	0.44
184100	0.44	0.37	0.37	0	0	0.44
184200	0.44	0.37	0.37	0	0	0.44
184300	0.44	0.37	0.37	0	0	0.44
184400	0.44	0.37	0.37	0	0	0.44
184500	0.44	0.37	0.37	0	0	0.44
184600	0.44	0.37	0.37	0	0	0.44
184700	0.44	0.37	0.37	0	0	0.44
184800	0.44	0.37	0.37	0	0	0.44
184900	0.44	0.37	0.37	0	0	0.44
185000	0.44	0.37	0.37	0	0	0.44
185100	0.44	0.37	0.37	0	0	0.44
185200	0.44	0.37	0.37	0	0	0.44
185300	0.44	0.37	0.37	0	0	0.44
185400	0.44	0.37	0.37	0	0	0.44
185500	0.44	0.37	0.37	0	0	0.44
185600	0.44	0.37	0.37	0	0	0.44
185700	0.45	0.37	0.37	0	0	0.45
185800	0.44	0.37	0.37	0	0	0.44
185900	0.44	0.37	0.37	0	0	0.44
186000	0.44	0.37	0.37	0	0	0.44
186100	0.44	0.37	0.37	0	0	0.44
186200	0.44	0.37	0.37	0	0	0.44
186300	0.44	0.37	0.37	0	0	0.44
186400	0.44	0.37	0.37	0	0	0.44
186500	0.44	0.37	0.37	0	0	0.44
186600	0.44	0.37	0.37	0	0	0.44
186700	0.44	0.37	0.37	0	0	0.44
186800	0.44	0.38	0.38	0	0	0.44
186900	0.44	0.39	0.39	0	0	0.44
187000	0.44	0.38	0.38	0	0	0.44
187100	0.44	0.37	0.37	0	0	0.44
187200	0.44	0.37	0.37	0	0	0.44
187300	0.44	0.37	0.37	0	0	0.44
187400	0.44	0.37	0.37	0	0	0.44
187500	0.44	0.37	0.37	0	0	0.44
187600	0.44	0.37	0.37	0	0	0.44
187700	0.44	0.37	0.37	0	0	0.44
187800	0.44	0.37	0.37	0	0	0.44
187900	0.44	0.38	0.38	0	0	0.44
188000	0.44	0.36	0.36	0	0	0.44
188100	0.44	0.36	0.36	0	0	0.44
188200	0.44	0.35	0.35	0	0	0.44
188300	0.44	0.35	0.35	0	0	0.44
188400	0.44	0.35	0.35	0	0	0.44
188500	0.44	0.35	0.35	0	0	0.44
188600	0.44	0.35	0.35	0	0	0.44
188700	0.44	0.35	0.35	0	0	0.44
188800	0.44	0.35	0.35	0	0	0.44
188900	0.44	0.35	0.35	0	0	0.44
189000	0.44	0.35	0.35	0	0	0.44
189100	0.44	0.35	0.35	0	0	0.44
189200	0.44	0.35	0.35	0	0	0.44
189300	0.44	0.35	0.35	0	0	0.44
189400	0.44	0.35	0.35	0	0	0.44
189500	0.44	0.35	0.35	0	0	0.44
189600	0.44	0.35	0.35	0	0	0.44
189700	0.44	0.35	0.35	0	0	0.44
189800	0.43	0.35	0.35	0	0	0.43
189900	0.43	0.35	0.35	0	0	0.43
190000	0.43	0.35	0.35	0	0	0.43
190100	0.43	0.35	0.35	0	0	0.43
190200	0.43	0.35	0.35	0	0	0.43
190300	0.43	0.35	0.35	0	0	0.43
190400	0.43	0.35	0.35	0	0	0.43
190500	0.43	0.35	0.35	0	0	0.43
190600	0.44	0.35	0.35	0	0	0.44
190700	0.44	0.35	0.35	0	0	0.44
190800	0.44	0.35	0.35	0	0	0.44
190900	0.44	0.35	0.35	0	0	0.44
191000	0.44	0.36	0.36	0	0	0.44
191100	0.44	0.35	0.35	0	0	0.44
191200	0.44	0.35	0.35	0	0	0.44
191300	0.44	0.35	0.35	0	0	0.44
191400	0.44	0.35	0.35	0	0	0.44
191500	0.44	0.35	0.35	0	0	0.44
191600	0.44	0.35	0.35	0	0	0.44
191700	0.44	0.35	0.35	0	0	0.44
191800	0.44	0.34	0.34	0	0	0.44
191900	0.44	0.35	0.35	0	0	0.44
192000	0.44	0.35	0.35	0	0	0.44
192100	0.44	0.35	0.35	0	0	0.44
192200	0.44	0.34	0.34	0	0	0.44
192300	0.44	0.34	0.34	0	0	0.44
192400	0.44	0.35	0.35	0	0	0.44
192500	0.44	0.35	0.35	0	0	0.44
192600	0.44	0.35	0.35	0	0	0.44
192700	0.44	0.35	0.35	0	0	0.44
192800	0.44	0.34	0.34	0	0	0.44
192900	0.44	0.34	0.34	0	0	0.44
193000	0.44	0.34	0.34	0	0	0.44
193100	0.45	0.35	0.35	0	0	0.45
193200	0.45	0.35	0.35	0	0	0.45
193300	0.44	0.35	0.35	0	0	0.44
193400	0.44	0.34	0.34	0	0	0.44
193500	0.44	0.34	0.34	0	0	0.44
193600	0.44	0.34	0.34	0	0	0.44
193700	0.44	0.34	0.34	0	0	0.44
193800	0.44	0.34	0.34	0	0	0.44
193900	0.44	0.34	0.34	0	0	0.44
194000	0.44	0.34	0.34	0	0	0.44
194100	0.44	0.35	0.35	0	0	0.44
194200	0.44	0.35	0.35	0	0	0.44
194300	0.44	0.35	0.35	0	0	0.44
194400	0.44	0.35	0.35	0	0	0.44
194500	0.44	0.35	0.35	0	0	0.44
194600	0.44	0.35	0.35	0	0	0.44
194700	0.44	0.35	0.35	0	0	0.44
194800	0.44	0.35	0.35	0	0	0.44
194900	0.44	0.35	0.35	0	0	0.44
195000	0.44	0.35	0.35	0	0	0.44
195100	0.44	0.35	0.35	0	0	0.44
195200	0.44	0.35	0.35	0	0	0.44
195300	0.44	0.35	0.35	0	0	0.44
195400	0.44	0.35	0.35	0	0	0.44
195500	0.44	0.35	0.35	0	0	0.44
195600	0.44	0.35	0.35	0	0	0.44
195700	0.44	0.35	0.35	0	0	0.44
195800	0.44	0.35	0.35	0	0	0.44
195900	0.44	0.36	0.36	0	0	0.44
196000	0.44	0.36	0.36	0	0	0.44
196100	0.44	0.35	0.35	0	0	0.44
196200	0.44	0.35	0.35	0	0	0.44
196300	0.44	0.35	0.35	0	0	0.44
196400	0.44	0.35	0.35	0	0	0.44
196500	0.44	0.35	0.35	0	0	0.44
196600	0.44	0.35	0.35	0	0	0.44
196700	0.44	0.35	0.35	0	0	0.44
196800	0.44	0.35	0.35	0	0	0.44
196900	0.44	0.35	0.35	0	0	0.44
197000	0.44	0.35	0.35	0	0	0.44
197100	0.44	0.35	0.35	0	0	0.44
197200	0.44	0.35	0.35	0	0	0.44
197300	0.44	0.35	0.35	0	0	0.44
197400	0.45	0.35	0.35	0	0	0.45
197500	0.45	0.35	0.35	0	0	0.45
197600	0.45	0.35	0.35	0	0	0.45
197700	0.45	0.36	0.36	0	0	0.45
197800	0.45	0.35	0.35	0	0	0.45
197900	0.45	0.35	0.35	0	0	0.45
198000	0.45	0.35	0.35	0	0	0.45
198100	0.45	0.35	0.35	0	0	0.45
198200	0.45	0.35	0.35	0	0	0.45
198300	0.45	0.35	0.35	0	0	0.45
198400	0.45	0.37	0.37	0	0	0.45
198500	0.45	0.37	0.37	0	0	0.45
198600	0.45	0.37	0.37	0	0	0.45
198700	0.45	0.37	0.37	0	0	0.45
198800	0.45	0.37	0.37	0	0	0.45
198900	0.45	0.37	0.37	0	0	0.45
199000	0.45	0.37	0.37	0	0	0.45
199100	0.45	0.37	0.37	0	0	0.45
199200	0.45	0.37	0.37	0	0	0.45
199300	0.45	0.37	0.37	0	0	0.45
199400	0.45	0.37	0.37	0	0	0.45
199500	0.45	0.37	0.37	0	0	0.45
199600	0.45	0.37	0.37	0	0	0.45
199700	0.45	0.37	0.37	0	0	0.45
199800	0.45	0.37	0.37	0	0	0.45
199900	0.45	0.37	0.37	0	0	0.45
200000	0.45	0.37	0.37	0	0	0.45
200100	0.45	0.37	0.37	0	0	0.45
200200	0.45	0.36	0.36	0	0	0.45
200300	0.45	0.36	0.36	0	0	0.45
200400	0.45	0.36	0.36	0	0	0.45
200500	0.45	0.36	0.36	0	0	0.45
200600	0.45	0.36	0.36	0	0	0.45
200700	0.45	0.36	0.36	0	0	0.45
200800	0.45	0.36	0.36	0	0	0.45
200900	0.45	0.35	0.35	0	0	0.45
201000	0.45	0.35	0.35	0	0	0.45
201100	0.45	0.35	0.35	0	0	0.45
201200	0.45	0.35	0.35	0	0	0.45
201300	0.45	0.35	0.35	0	0	0.45
201400	0.45	0.35	0.35	0	0	0.45
201500	0.45	0.35	0.35	0	0	0.45
201600	0.45	0.35	0.35	0	0	0.45
201700	0.45	0.35	0.35	0	0	0.45
201800	0.45	0.35	0.35	0	0	0.45
201900	0.45	0.35	0.35	0	0	0.45
202000	0.45	0.35	0.35	0	0	0.45
202100	0.45	0.35	0.35	0	0	0.45
202200	0.45	0.35	0.35	0	0	0.45
202300	0.45	0.35	0.35	0	0	0.45
202400	0.45	0.35	0.35	0	0	0.45
202500	0.45	0.36	0.36	0	0	0.45
202600	0.45	0.36	0.36	0	0	0.45
202700	0.45	0.36	0.36	0	0	0.45
202800	0.45	0.36	0.36	0	0	0.45
202900	0.45	0.37	0.37	0	0	0.45
203000	0.45	0.37	0.37	0	0	0.45
203100	0.45	0.37	0.37	0	0	0.45
203200	0.45	0.37	0.37	0	0	0.45
203300	0.45	0.37	0.37	0	0	0.45
203400	0.45	0.37	0.37	0	0	0.45
203500	0.45	0.38	0.38	0	0	0.45
203600	0.45	0.37	0.37	0	0	0.45
203700	0.45	0.37	0.37	0	0	0.45
203800	0.45	0.38	0.38	0	0	0.45
203900	0.46	0.37	0.37	0	0	0.46
204000	0.45	0.37	0.37	0	0	0.45
204100	0.45	0.37	0.37	0	0	0.45
204200	0.45	0.37	0.37	0	0	0.45
204300	0.45	0.37	0.37	0	0	0.45
204400	0.45	0.37	0.37	0	0	0.45
204500	0.45	0.36	0.36	0	0	0.45
204600	0.45	0.36	0.36	0	0	0.45
204700	0.45	0.36	0.36	0	0	0.45
204800	0.45	0.36	0.36	0	0	0.45
204900	0.45	0.36	0.36	0	0	0.45
205000	0.44	0.36	0.36	0	0	0.44
205100	0.44	0.36	0.36	0	0	0.44
205200	0.44	0.36	0.36	0	0	0.44
205300	0.44	0.36	0.36	0	0	0.44
205400	0.44	0.36	0.36	0	0	0.44
205500	0.44	0.36	0.36	0	0	0.44
205600	0.44	0.37	0.37	0	0	0.44
205700	0.44	0.37	0.37	0	0	0.44
205800	0.44	0.37	0.37	0	0	0.44
205900	0.44	0.36	0.36	0	0	0.44
206000	0.44	0.36	0.36	0	0	0.44
206100	0.44	0.36	0.36	0	0	0.44
206200	0.44	0.36	0.36	0	0	0.44
206300	0.44	0.36	0.36	0	0	0.44
206400	0.44	0.36	0.36	0	0	0.44
206500	0.44	0.36	0.36	0	0	0.44
206600	0.44	0.38	0.38	0	0	0.44
206700	0.44	0.37	0.37	0	0	0.44
206800	0.44	0.37	0.37	0	0	0.44
206900	0.44	0.37	0.37	0	0	0.44
207000	0.44	0.37	0.37	0	0	0.44
207100	0.45	0.38	0.38	0	0	0.45
207200	0.44	0.38	0.38	0	0	0.44
207300	0.44	0.38	0.38	0	0	0.44
207400	0.44	0.38	0.38	0	0	0.44
207500	0.44	0.38	0.38	0	0	0.44
207600	0.44	0.38	0.38	0	0	0.44
207700	0.44	0.38	0.38	0	0	0.44
207800	0.44	0.38	0.38	0	0	0.44
207900	0.44	0.38	0.38	0	0	0.44
208000	0.44	0.38	0.38	0	0	0.44
208100	0.44	0.38	0.38	0	0	0.44
208200	0.44	0.38	0.38	0	0	0.44
208300	0.44	0.38	0.38	0	0	0.44
208400	0.44	0.38	0.38	0	0	0.44
208500	0.44	0.38	0.38	0	0	0.44
208600	0.44	0.38	0.38	0	0	0.44
208700	0.44	0.38	0.38	0	0	0.44
208800	0.44	0.37	0.37	0	0	0.44
208900	0.44	0.37	0.37	0	0	0.44
209000	0.44	0.37	0.37	0	0	0.44
209100	0.44	0.37	0.37	0	0	0.44
209200	0.44	0.37	0.37	0	0	0.44
209300	0.44	0.37	0.37	0	0	0.44
209400	0.44	0.37	0.37	0	0	0.44
209500	0.44	0.37	0.37	0	0	0.44
209600	0.44	0.37	0.37	0	0	0.44
209700	0.44	0.37	0.37	0	0	0.44
209800	0.44	0.37	0.37	0	0	0.44
209900	0.44	0.37	0.37	0	0	0.44
210000	0.44	0.37	0.37	0	0	0.44
210100	0.44	0.37	0.37	0	0	0.44
210200	0.44	0.37	0.37	0	0	0.44
210300	0.44	0.38	0.38	0	0	0.44
210400	0.44	0.38	0.38	0	0	0.44
210500	0.44	0.38	0.38	0	0	0.44
210600	0.44	0.38	0.38	0	0	0.44
210700	0.44	0.38	0.38	0	0	0.44
210800	0.44	0.38	0.38	0	0	0.44
210900	0.44	0.38	0.38	0	0	0.44
211000	0.44	0.38	0.38	0	0	0.44
211100	0.44	0.38	0.38	0	0	0.44
211200	0.44	0.38	0.38	0	0	0.44
211300	0.44	0.38	0.38	0	0	0.44
211400	0.44	0.38	0.38	0	0	0.44
211500	0.44	0.38	0.38	0	0	0.44
211600	0.44	0.38	0.38	0	0	0.44
211700	0.44	0.39	0.39	0	0	0.44
211800	0.44	0.39	0.39	0	0	0.44
211900	0.44	0.39	0.39	0	0	0.44
212000	0.44	0.39	0.39	0	0	0.44
212100	0.44	0.39	0.39	0	0	0.44
212200	0.44	0.39	0.39	0	0	0.44
212300	0.44	0.39	0.39	0	0	0.44
212400	0.44	0.39	0.39	0	0	0.44
212500	0.44	0.39	0.39	0	0	0.44
212600	0.44	0.39	0.39	0	0	0.44
212700	0.44	0.39	0.39	0	0	0.44
212800	0.44	0.39	0.39	0	0	0.44
212900	0.44	0.39	0.39	0	0	0.44
213000	0.44	0.39	0.39	0	0	0.44
213100	0.45	0.38	0.38	0	0	0.45
213200	0.45	0.38	0.38	0	0	0.45
213300	0.45	0.38	0.38	0	0	0.45
213400	0.45	0.38	0.38	0	0	0.45
213500	0.44	0.38	0.38	0	0	0.44
213600	0.44	0.38	0.38	0	0	0.44
213700	0.44	0.38	0.38	0	0	0.44
213800	0.44	0.37	0.37	0	0	0.44
213900	0.44	0.37	0.37	0	0	0.44
214000	0.44	0.37	0.37	0	0	0.44
214100	0.44	0.37	0.37	0	0	0.44
214200	0.44	0.38	0.38	0	0	0.44
214300	0.44	0.38	0.38	0	0	0.44
214400	0.44	0.38	0.38	0	0	0.44
214500	0.44	0.38	0.38	0	0	0.44
214600	0.44	0.38	0.38	0	0	0.44
214700	0.44	0.39	0.39	0	0	0.44
214800	0.44	0.4	0.4	0	0	0.44
214900	0.44	0.4	0.4	0	0	0.44
215000	0.44	0.4	0.4	0	0	0.44
215100	0.44	0.4	0.4	0	0	0.44
215200	0.44	0.4	0.4	0	0	0.44
215300	0.44	0.4	0.4	0	0	0.44
215400	0.44	0.4	0.4	0	0	0.44
215500	0.44	0.4	0.4	0	0	0.44
215600	0.44	0.4	0.4	0	0	0.44
215700	0.44	0.4	0.4	0	0	0.44
215800	0.44	0.4	0.4	0	0	0.44
215900	0.44	0.4	0.4	0	0	0.44
216000	0.44	0.4	0.4	0	0	0.44
216100	0.44	0.41	0.41	0	0	0.44
216200	0.44	0.42	0.42	0	0	0.44
216300	0.44	0.41	0.41	0	0	0.44
216400	0.44	0.42	0.42	0	0	0.44
216500	0.44	0.4	0.4	0	0	0.44
216600	0.44	0.4	0.4	0	0	0.44
216700	0.44	0.39	0.39	0	0	0.44
216800	0.44	0.39	0.39	0	0	0.44
216900	0.44	0.39	0.39	0	0	0.44
217000	0.44	0.39	0.39	0	0	0.44
217100	0.44	0.4	0.4	0	0	0.44
217200	0.44	0.39	0.39	0	0	0.44
217300	0.44	0.4	0.4	0	0	0.44
217400	0.44	0.39	0.39	0	0	0.44
217500	0.44	0.39	0.39	0	0	0.44
217600	0.44	0.39	0.39	0	0	0.44
217700	0.44	0.39	0.39	0	0	0.44
217800	0.44	0.39	0.39	0	0	0.44
217900	0.44	0.39	0.39	0	0	0.44
218000	0.44	0.39	0.39	0	0	0.44
218100	0.44	0.39	0.39	0	0	0.44
218200	0.44	0.38	0.38	0	0	0.44
218300	0.44	0.38	0.38	0	0	0.44
218400	0.44	0.38	0.38	0	0	0.44
218500	0.44	0.38	0.38	0	0	0.44
218600	0.44	0.38	0.38	0	0	0.44
218700	0.44	0.38	0.38	0	0	0.44
218800	0.44	0.38	0.38	0	0	0.44
218900	0.45	0.38	0.38	0	0	0.45
219000	0.45	0.38	0.38	0	0	0.45
219100	0.45	0.39	0.39	0	0	0.45
219200	0.45	0.39	0.39	0	0	0.45
219300	0.45	0.39	0.39	0	0	0.45
219400	0.45	0.39	0.39	0	0	0.45
219500	0.45	0.39	0.39	0	0	0.45
219600	0.45	0.39	0.39	0	0	0.45
219700	0.45	0.39	0.39	0	0	0.45
219800	0.45	0.39	0.39	0	0	0.45
219900	0.45	0.4	0.4	0	0	0.45
220000	0.45	0.4	0.4	0	0	0.45
220100	0.45	0.39	0.39	0	0	0.45
220200	0.45	0.38	0.38	0	0	0.45
220300	0.45	0.38	0.38	0	0	0.45
220400	0.45	0.38	0.38	0	0	0.45
220500	0.45	0.38	0.38	0	0	0.45
220600	0.45	0.38	0.38	0	0	0.45
220700	0.46	0.38	0.38	0	0	0.46
220800	0.45	0.37	0.37	0	0	0.45
220900	0.45	0.38	0.38	0	0	0.45
221000	0.45	0.38	0.38	0	0	0.45
221100	0.45	0.38	0.38	0	0	0.45
221200	0.45	0.38	0.38	0	0	0.45
221300	0.45	0.37	0.37	0	0	0.45
221400	0.45	0.35	0.35	0	0	0.45
221500	0.45	0.35	0.35	0	0	0.45
221600	0.45	0.35	0.35	0	0	0.45
221700	0.45	0.35	0.35	0	0	0.45
221800	0.45	0.35	0.35	0	0	0.45
221900	0.45	0.35	0.35	0	0	0.45
222000	0.44	0.35	0.35	0	0	0.44
222100	0.44	0.35	0.35	0	0	0.44
222200	0.44	0.36	0.36	0	0	0.44
222300	0.44	0.36	0.36	0	0	0.44
222400	0.44	0.36	0.36	0	0	0.44
222500	0.44	0.37	0.37	0	0	0.44
222600	0.44	0.36	0.36	0	0	0.44
222700	0.44	0.36	0.36	0	0	0.44
222800	0.44	0.36	0.36	0	0	0.44
222900	0.44	0.36	0.36	0	0	0.44
223000	0.44	0.36	0.36	0	0	0.44
223100	0.44	0.36	0.36	0	0	0.44
223200	0.44	0.36	0.36	0	0	0.44
223300	0.44	0.36	0.36	0	0	0.44
223400	0.44	0.36	0.36	0	0	0.44
223500	0.44	0.36	0.36	0	0	0.44
223600	0.44	0.36	0.36	0	0	0.44
223700	0.44	0.37	0.37	0	0	0.44
223800	0.44	0.36	0.36	0	0	0.44
223900	0.44	0.36	0.36	0	0	0.44
224000	0.44	0.36	0.36	0	0	0.44
224100	0.44	0.36	0.36	0	0	0.44
224200	0.44	0.36	0.36	0	0	0.44
224300	0.44	0.36	0.36	0	0	0.44
224400	0.44	0.36	0.36	0	0	0.44
224500	0.44	0.36	0.36	0	0	0.44
224600	0.44	0.36	0.36	0	0	0.44
224700	0.45	0.37	0.37	0	0	0.45
224800	0.44	0.38	0.38	0	0	0.44
224900	0.44	0.37	0.37	0	0	0.44
225000	0.44	0.37	0.37	0	0	0.44
225100	0.44	0.35	0.35	0	0	0.44
225200	0.44	0.35	0.35	0	0	0.44
225300	0.44	0.35	0.35	0	0	0.44
225400	0.44	0.35	0.35	0	0	0.44
225500	0.44	0.36	0.36	0	0	0.44
225600	0.44	0.36	0.36	0	0	0.44
225700	0.44	0.36	0.36	0	0	0.44
225800	0.44	0.36	0.36	0	0	0.44
225900	0.44	0.36	0.36	0	0	0.44
226000	0.44	0.36	0.36	0	0	0.44
226100	0.44	0.36	0.36	0	0	0.44
226200	0.44	0.35	0.35	0	0	0.44
226300	0.44	0.35	0.35	0	0	0.44
226400	0.44	0.35	0.35	0	0	0.44
226500	0.44	0.34	0.34	0	0	0.44
226600	0.44	0.34	0.34	0	0	0.44
226700	0.44	0.34	0.34	0	0	0.44
226800	0.44	0.34	0.34	0	0	0.44
226900	0.44	0.33	0.33	0	0	0.44
227000	0.44	0.33	0.33	0	0	0.44
227100	0.44	0.33	0.33	0	0	0.44
227200	0.44	0.34	0.34	0	0	0.44
227300	0.44	0.34	0.34	0	0	0.44
227400	0.44	0.34	0.34	0	0	0.44
227500	0.44	0.34	0.34	0	0	0.44
227600	0.44	0.34	0.34	0	0	0.44
227700	0.44	0.34	0.34	0	0	0.44
227800	0.44	0.34	0.34	0	0	0.44
227900	0.44	0.34	0.34	0	0	0.44
228000	0.44	0.34	0.34	0	0	0.44
228100	0.44	0.34	0.34	0	0	0.44
228200	0.44	0.34	0.34	0	0	0.44
228300	0.44	0.34	0.34	0	0	0.44
228400	0.44	0.35	0.35	0	0	0.44
228500	0.44	0.35	0.35	0	0	0.44
228600	0.44	0.35	0.35	0	0	0.44
228700	0.44	0.35	0.35	0	0	0.44
228800	0.44	0.35	0.35	0	0	0.44
228900	0.44	0.35	0.35	0	0	0.44
229000	0.45	0.35	0.35	0	0	0.45
229100	0.44	0.35	0.35	0	0	0.44
229200	0.44	0.35	0.35	0	0	0.44
229300	0.44	0.35	0.35	0	0	0.44
229400	0.44	0.35	0.35	0	0	0.44
229500	0.44	0.35	0.35	0	0	0.44
229600	0.44	0.34	0.34	0	0	0.44
229700	0.44	0.34	0.34	0	0	0.44
229800	0.44	0.34	0.34	0	0	0.44
229900	0.44	0.34	0.34	0	0	0.44
230000	0.44	0.34	0.34	0	0	0.44
230100	0.44	0.34	0.34	0	0	0.44
230200	0.44	0.34	0.34	0	0	0.44
230300	0.44	0.34	0.34	0	0	0.44
230400	0.44	0.34	0.34	0	0	0.44
230500	0.44	0.34	0.34	0	0	0.44
230600	0.44	0.34	0.34	0	0	0.44
230700	0.44	0.34	0.34	0	0	0.44
230800	0.44	0.34	0.34	0	0	0.44
230900	0.44	0.34	0.34	0	0	0.44
231000	0.44	0.34	0.34	0	0	0.44
231100	0.44	0.35	0.35	0	0	0.44
231200	0.44	0.35	0.35	0	0	0.44
231300	0.44	0.35	0.35	0	0	0.44
231400	0.44	0.35	0.35	0	0	0.44
231500	0.44	0.35	0.35	0	0	0.44
231600	0.44	0.35	0.35	0	0	0.44
231700	0.44	0.36	0.36	0	0	0.44
231800	0.44	0.36	0.36	0	0	0.44
231900	0.44	0.36	0.36	0	0	0.44
232000	0.44	0.35	0.35	0	0	0.44
232100	0.44	0.35	0.35	0	0	0.44
232200	0.44	0.35	0.35	0	0	0.44
232300	0.44	0.35	0.35	0	0	0.44
232400	0.44	0.35	0.35	0	0	0.44
232500	0.44	0.35	0.35	0	0	0.44
232600	0.44	0.35	0.35	0	0	0.44
232700	0.44	0.35	0.35	0	0	0.44
232800	0.44	0.35	0.35	0	0	0.44
232900	0.44	0.35	0.35	0	0	0.44
233000	0.44	0.35	0.35	0	0	0.44
233100	0.44	0.35	0.35	0	0	0.44
233200	0.44	0.35	0.35	0	0	0.44
233300	0.44	0.35	0.35	0	0	0.44
233400	0.44	0.35	0.35	0	0	0.44
233500	0.44	0.36	0.36	0	0	0.44
233600	0.44	0.36	0.36	0	0	0.44
233700	0.44	0.36	0.36	0	0	0.44
233800	0.44	0.36	0.36	0	0	0.44
233900	0.44	0.36	0.36	0	0	0.44
234000	0.44	0.36	0.36	0	0	0.44
234100	0.45	0.36	0.36	0	0	0.45
234200	0.44	0.36	0.36	0	0	0.44
234300	0.44	0.36	0.36	0	0	0.44
234400	0.44	0.36	0.36	0	0	0.44
234500	0.44	0.36	0.36	0	0	0.44
234600	0.44	0.36	0.36	0	0	0.44
234700	0.44	0.36	0.36	0	0	0.44
234800	0.44	0.36	0.36	0	0	0.44
234900	0.44	0.36	0.36	0	0	0.44
235000	0.44	0.36	0.36	0	0	0.44
235100	0.44	0.37	0.37	0	0	0.44
235200	0.44	0.37	0.37	0	0	0.44
235300	0.44	0.37	0.37	0	0	0.44
235400	0.44	0.37	0.37	0	0	0.44
235500	0.44	0.37	0.37	0	0	0.44
235600	0.44	0.36	0.36	0	0	0.44
235700	0.44	0.36	0.36	0	0	0.44
235800	0.44	0.36	0.36	0	0	0.44
235900	0.44	0.36	0.36	0	0	0.44
236000	0.44	0.36	0.36	0	0	0.44
236100	0.44	0.36	0.36	0	0	0.44
236200	0.44	0.36	0.36	0	0	0.44
236300	0.44	0.36	0.36	0	0	0.44
236400	0.44	0.36	0.36	0	0	0.44
236500	0.44	0.36	0.36	0	0	0.44
236600	0.44	0.36	0.36	0	0	0.44
236700	0.44	0.35	0.35	0	0	0.44
236800	0.44	0.35	0.35	0	0	0.44
236900	0.44	0.35	0.35	0	0	0.44
237000	0.44	0.35	0.35	0	0	0.44
237100	0.44	0.35	0.35	0	0	0.44
237200	0.44	0.35	0.35	0	0	0.44
237300	0.44	0.35	0.35	0	0	0.44
237400	0.44	0.36	0.36	0	0	0.44
237500	0.44	0.36	0.36	0	0	0.44
237600	0.44	0.36	0.36	0	0	0.44
237700	0.44	0.36	0.36	0	0	0.44
237800	0.44	0.36	0.36	0	0	0.44
237900	0.44	0.36	0.36	0	0	0.44
238000	0.44	0.36	0.36	0	0	0.44
238100	0.44	0.37	0.37	0	0	0.44
238200	0.44	0.37	0.37	0	0	0.44
238300	0.44	0.36	0.36	0	0	0.44
238400	0.44	0.36	0.36	0	0	0.44
238500	0.44	0.36	0.36	0	0	0.44
238600	0.44	0.35	0.35	0	0	0.44
238700	0.44	0.36	0.36	0	0	0.44
238800	0.44	0.36	0.36	0	0	0.44
238900	0.44	0.35	0.35	0	0	0.44
239000	0.44	0.35	0.35	0	0	0.44
239100	0.44	0.35	0.35	0	0	0.44
239200	0.44	0.35	0.35	0	0	0.44
239300	0.44	0.35	0.35	0	0	0.44
239400	0.44	0.35	0.35	0	0	0.44
239500	0.44	0.35	0.35	0	0	0.44
239600	0.44	0.35	0.35	0	0	0.44
239700	0.44	0.35	0.35	0	0	0.44
239800	0.44	0.35	0.35	0	0	0.44
239900	0.44	0.35	0.35	0	0	0.44
240000	0.44	0.35	0.35	0	0	0.44
240100	0.44	0.35	0.35	0	0	0.44
240200	0.44	0.37	0.37	0	0	0.44
240300	0.44	0.37	0.37	0	0	0.44
240400	0.44	0.37	0.37	0	0	0.44
240500	0.44	0.37	0.37	0	0	0.44
240600	0.44	0.37	0.37	0	0	0.44
240700	0.44	0.37	0.37	0	0	0.44
240800	0.44	0.37	0.37	0	0	0.44
240900	0.44	0.37	0.37	0	0	0.44
241000	0.44	0.37	0.37	0	0	0.44
241100	0.44	0.37	0.37	0	0	0.44
241200	0.44	0.37	0.37	0	0	0.44
241300	0.44	0.37	0.37	0	0	0.44
241400	0.44	0.37	0.37	0	0	0.44
241500	0.44	0.37	0.37	0	0	0.44
241600	0.44	0.37	0.37	0	0	0.44
241700	0.44	0.37	0.37	0	0	0.44
241800	0.44	0.37	0.37	0	0	0.44
241900	0.44	0.37	0.37	0	0	0.44
242000	0.44	0.37	0.37	0	0	0.44
242100	0.44	0.37	0.37	0	0	0.44
242200	0.44	0.37	0.37	0	0	0.44
242300	0.44	0.37	0.37	0	0	0.44
242400	0.44	0.37	0.37	0	0	0.44
242500	0.44	0.36	0.36	0	0	0.44
242600	0.44	0.36	0.36	0	0	0.44
242700	0.44	0.36	0.36	0	0	0.44
242800	0.44	0.36	0.36	0	0	0.44
242900	0.44	0.36	0.36	0	0	0.44
243000	0.44	0.36	0.36	0	0	0.44
243100	0.44	0.36	0.36	0	0	0.44
243200	0.44	0.36	0.36	0	0	0.44
243300	0.44	0.36	0.36	0	0	0.44
243400	0.44	0.36	0.36	0	0	0.44
243500	0.44	0.36	0.36	0	0	0.44
243600	0.44	0.36	0.36	0	0	0.44
243700	0.44	0.36	0.36	0	0	0.44
243800	0.44	0.36	0.36	0	0	0.44
243900	0.45	0.36	0.36	0	0	0.45
244000	0.44	0.36	0.36	0	0	0.44
244100	0.44	0.36	0.36	0	0	0.44
244200	0.44	0.36	0.36	0	0	0.44
244300	0.44	0.36	0.36	0	0	0.44
244400	0.44	0.36	0.36	0	0	0.44
244500	0.44	0.36	0.36	0	0	0.44
244600	0.44	0.36	0.36	0	0	0.44
244700	0.44	0.37	0.37	0	0	0.44
244800	0.44	0.35	0.35	0	0	0.44
244900	0.44	0.35	0.35	0	0	0.44
245000	0.44	0.35	0.35	0	0	0.44
245100	0.44	0.35	0.35	0	0	0.44
245200	0.44	0.35	0.35	0	0	0.44
245300	0.44	0.35	0.35	0	0	0.44
245400	0.44	0.35	0.35	0	0	0.44
245500	0.44	0.35	0.35	0	0	0.44
245600	0.44	0.35	0.35	0	0	0.44
245700	0.44	0.35	0.35	0	0	0.44
245800	0.44	0.35	0.35	0	0	0.44
245900	0.44	0.35	0.35	0	0	0.44
246000	0.44	0.35	0.35	0	0	0.44
246100	0.44	0.35	0.35	0	0	0.44
246200	0.44	0.35	0.35	0	0	0.44
246300	0.44	0.35	0.35	0	0	0.44
246400	0.44	0.36	0.36	0	0	0.44
246500	0.44	0.37	0.37	0	0	0.44
246600	0.44	0.36	0.36	0	0	0.44
246700	0.44	0.36	0.36	0	0	0.44
246800	0.44	0.36	0.36	0	0	0.44
246900	0.44	0.36	0.36	0	0	0.44
247000	0.44	0.36	0.36	0	0	0.44
247100	0.44	0.36	0.36	0	0	0.44
247200	0.44	0.36	0.36	0	0	0.44
247300	0.44	0.36	0.36	0	0	0.44
247400	0.44	0.36	0.36	0	0	0.44
247500	0.44	0.36	0.36	0	0	0.44
247600	0.44	0.36	0.36	0	0	0.44
247700	0.44	0.36	0.36	0	0	0.44
247800	0.44	0.36	0.36	0	0	0.44
247900	0.44	0.36	0.36	0	0	0.44
248000	0.44	0.36	0.36	0	0	0.44
248100	0.44	0.36	0.36	0	0	0.44
248200	0.44	0.36	0.36	0	0	0.44
248300	0.44	0.36	0.36	0	0	0.44
248400	0.44	0.36	0.36	0	0	0.44
248500	0.44	0.36	0.36	0	0	0.44
248600	0.44	0.36	0.36	0	0	0.44
248700	0.44	0.36	0.36	0	0	0.44
248800	0.44	0.36	0.36	0	0	0.44
248900	0.44	0.36	0.36	0	0	0.44
249000	0.44	0.36	0.36	0	0	0.44
249100	0.44	0.36	0.36	0	0	0.44
249200	0.44	0.37	0.37	0	0	0.44
249300	0.44	0.37	0.37	0	0	0.44
249400	0.44	0.37	0.37	0	0	0.44
249500	0.44	0.37	0.37	0	0	0.44
249600	0.44	0.37	0.37	0	0	0.44
249700	0.44	0.37	0.37	0	0	0.44
249800	0.44	0.37	0.37	0	0	0.44
249900	0.44	0.37	0.37	0	0	0.44
250000	0.44	0.37	0.37	0	0	0.44
250100	0.44	0.37	0.37	0	0	0.44
250200	0.44	0.37	0.37	0	0	0.44
250300	0.44	0.37	0.37	0	0	0.44
250400	0.44	0.37	0.37	0	0	0.44
250500	0.44	0.37	0.37	0	0	0.44
250600	0.44	0.37	0.37	0	0	0.44
250700	0.44	0.38	0.38	0	0	0.44
250800	0.44	0.38	0.38	0	0	0.44
250900	0.44	0.39	0.39	0	0	0.44
251000	0.44	0.38	0.38	0	0	0.44
251100	0.44	0.37	0.37	0	0	0.44
251200	0.45	0.37	0.37	0	0	0.45
251300	0.45	0.37	0.37	0	0	0.45
251400	0.45	0.37	0.37	0	0	0.45
251500	0.45	0.36	0.36	0	0	0.45
251600	0.45	0.36	0.36	0	0	0.45
251700	0.45	0.36	0.36	0	0	0.45
251800	0.45	0.36	0.36	0	0	0.45
251900	0.44	0.36	0.36	0	0	0.44
252000	0.44	0.36	0.36	0	0	0.44
252100	0.44	0.36	0.36	0	0	0.44
252200	0.44	0.36	0.36	0	0	0.44
252300	0.44	0.37	0.37	0	0	0.44
252400	0.44	0.37	0.37	0	0	0.44
252500	0.45	0.37	0.37	0	0	0.45
252600	0.45	0.37	0.37	0	0	0.45
252700	0.45	0.37	0.37	0	0	0.45
252800	0.45	0.37	0.37	0	0	0.45
252900	0.45	0.37	0.37	0	0	0.45
253000	0.45	0.37	0.37	0	0	0.45
253100	0.45	0.37	0.37	0	0	0.45
253200	0.45	0.37	0.37	0	0	0.45
253300	0.45	0.37	0.37	0	0	0.45
253400	0.45	0.38	0.38	0	0	0.45
253500	0.45	0.37	0.37	0	0	0.45
253600	0.45	0.37	0.37	0	0	0.45
253700	0.45	0.37	0.37	0	0	0.45
253800	0.45	0.37	0.37	0	0	0.45
253900	0.45	0.37	0.37	0	0	0.45
254000	0.45	0.37	0.37	0	0	0.45
254100	0.45	0.37	0.37	0	0	0.45
254200	0.45	0.37	0.37	0	0	0.45
254300	0.45	0.37	0.37	0	0	0.45
254400	0.45	0.37	0.37	0	0	0.45
254500	0.45	0.37	0.37	0	0	0.45
254600	0.45	0.37	0.37	0	0	0.45
254700	0.45	0.37	0.37	0	0	0.45
254800	0.45	0.37	0.37	0	0	0.45
254900	0.45	0.37	0.37	0	0	0.45
255000	0.45	0.37	0.37	0	0	0.45
255100	0.45	0.37	0.37	0	0	0.45
255200	0.45	0.37	0.37	0	0	0.45
255300	0.45	0.37	0.37	0	0	0.45
255400	0.45	0.37	0.37	0	0	0.45
255500	0.45	0.37	0.37	0	0	0.45
255600	0.45	0.37	0.37	0	0	0.45
255700	0.45	0.37	0.37	0	0	0.45
255800	0.45	0.36	0.36	0	0	0.45
255900	0.45	0.36	0.36	0	0	0.45
256000	0.45	0.36	0.36	0	0	0.45
256100	0.45	0.36	0.36	0	0	0.45
256200	0.45	0.35	0.35	0	0	0.45
256300	0.45	0.35	0.35	0	0	0.45
256400	0.45	0.35	0.35	0	0	0.45
256500	0.45	0.35	0.35	0	0	0.45
256600	0.45	0.35	0.35	0	0	0.45
256700	0.45	0.35	0.35	0	0	0.45
256800	0.45	0.35	0.35	0	0	0.45
256900	0.45	0.35	0.35	0	0	0.45
257000	0.45	0.35	0.35	0	0	0.45
257100	0.45	0.35	0.35	0	0	0.45
257200	0.45	0.35	0.35	0	0	0.45
257300	0.45	0.35	0.35	0	0	0.45
257400	0.45	0.35	0.35	0	0	0.45
257500	0.45	0.35	0.35	0	0	0.45
257600	0.45	0.35	0.35	0	0	0.45
257700	0.45	0.35	0.35	0	0	0.45
257800	0.45	0.35	0.35	0	0	0.45
257900	0.45	0.35	0.35	0	0	0.45
258000	0.45	0.35	0.35	0	0	0.45
258100	0.45	0.35	0.35	0	0	0.45
258200	0.45	0.35	0.35	0	0	0.45
258300	0.45	0.35	0.35	0	0	0.45
258400	0.45	0.35	0.35	0	0	0.45
258500	0.45	0.35	0.35	0	0	0.45
258600	0.45	0.35	0.35	0	0	0.45
258700	0.45	0.35	0.35	0	0	0.45
258800	0.45	0.35	0.35	0	0	0.45
258900	0.45	0.35	0.35	0	0	0.45
259000	0.45	0.35	0.35	0	0	0.45
259100	0.45	0.35	0.35	0	0	0.45
259200	0.45	0.35	0.35	0	0	0.45
259300	0.45	0.35	0.35	0	0	0.45
259400	0.45	0.35	0.35	0	0	0.45
259500	0.45	0.36	0.36	0	0	0.45
259600	0.45	0.36	0.36	0	0	0.45
259700	0.45	0.36	0.36	0	0	0.45
259800	0.45	0.36	0.36	0	0	0.45
259900	0.45	0.36	0.36	0	0	0.45
260000	0.45	0.36	0.36	0	0	0.45
260100	0.45	0.36	0.36	0	0	0.45
260200	0.45	0.36	0.36	0	0	0.45
260300	0.45	0.36	0.36	0	0	0.45
260400	0.45	0.36	0.36	0	0	0.45
260500	0.45	0.36	0.36	0	0	0.45
260600	0.45	0.36	0.36	0	0	0.45
260700	0.45	0.36	0.36	0	0	0.45
260800	0.45	0.36	0.36	0	0	0.45
260900	0.45	0.36	0.36	0	0	0.45
261000	0.45	0.36	0.36	0	0	0.45
261100	0.45	0.36	0.36	0	0	0.45
261200	0.45	0.37	0.37	0	0	0.45
261300	0.45	0.37	0.37	0	0	0.45
261400	0.45	0.37	0.37	0	0	0.45
261500	0.45	0.37	0.37	0	0	0.45
261600	0.45	0.38	0.38	0	0	0.45
261700	0.45	0.38	0.38	0	0	0.45
261800	0.45	0.38	0.38	0	0	0.45
261900	0.45	0.37	0.37	0	0	0.45
262000	0.45	0.37	0.37	0	0	0.45
262100	0.45	0.37	0.37	0	0	0.45
262200	0.45	0.37	0.37	0	0	0.45
262300	0.45	0.36	0.36	0	0	0.45
262400	0.45	0.36	0.36	0	0	0.45
262500	0.45	0.36	0.36	0	0	0.45
262600	0.45	0.36	0.36	0	0	0.45
262700	0.45	0.37	0.37	0	0	0.45
262800	0.45	0.37	0.37	0	0	0.45
262900	0.45	0.37	0.37	0	0	0.45
263000	0.45	0.37	0.37	0	0	0.45
263100	0.45	0.37	0.37	0	0	0.45
263200	0.45	0.37	0.37	0	0	0.45
263300	0.45	0.37	0.37	0	0	0.45
263400	0.45	0.37	0.37	0	0	0.45
263500	0.45	0.37	0.37	0	0	0.45
263600	0.45	0.37	0.37	0	0	0.45
263700	0.45	0.37	0.37	0	0	0.45
263800	0.45	0.37	0.37	0	0	0.45
263900	0.45	0.37	0.37	0	0	0.45
264000	0.45	0.37	0.37	0	0	0.45
264100	0.46	0.37	0.37	0	0	0.46
264200	0.45	0.37	0.37	0	0	0.45
264300	0.45	0.37	0.37	0	0	0.45
264400	0.45	0.37	0.37	0	0	0.45
264500	0.45	0.38	0.38	0	0	0.45
264600	0.45	0.38	0.38	0	0	0.45
264700	0.45	0.39	0.39	0	0	0.45
264800	0.45	0.37	0.37	0	0	0.45
264900	0.45	0.37	0.37	0	0	0.45
265000	0.45	0.37	0.37	0	0	0.45
265100	0.45	0.36	0.36	0	0	0.45
265200	0.45	0.36	0.36	0	0	0.45
265300	0.45	0.36	0.36	0	0	0.45
265400	0.45	0.36	0.36	0	0	0.45
265500	0.45	0.36	0.36	0	0	0.45
265600	0.45	0.36	0.36	0	0	0.45
265700	0.45	0.36	0.36	0	0	0.45
265800	0.45	0.36	0.36	0	0	0.45
265900	0.45	0.36	0.36	0	0	0.45
266000	0.45	0.36	0.36	0	0	0.45
266100	0.45	0.36	0.36	0	0	0.45
266200	0.45	0.36	0.36	0	0	0.45
266300	0.45	0.36	0.36	0	0	0.45
266400	0.45	0.36	0.36	0	0	0.45
266500	0.45	0.36	0.36	0	0	0.45
266600	0.45	0.36	0.36	0	0	0.45
266700	0.45	0.36	0.36	0	0	0.45
266800	0.45	0.36	0.36	0	0	0.45
266900	0.45	0.36	0.36	0	0	0.45
267000	0.45	0.36	0.36	0	0	0.45
267100	0.45	0.36	0.36	0	0	0.45
267200	0.45	0.36	0.36	0	0	0.45
267300	0.45	0.36	0.36	0	0	0.45
267400	0.45	0.36	0.36	0	0	0.45
267500	0.45	0.36	0.36	0	0	0.45
267600	0.45	0.36	0.36	0	0	0.45
267700	0.46	0.36	0.36	0	0	0.46
267800	0.45	0.36	0.36	0	0	0.45
267900	0.45	0.36	0.36	0	0	0.45
268000	0.45	0.37	0.37	0	0	0.45
268100	0.45	0.37	0.37	0	0	0.45
268200	0.45	0.37	0.37	0	0	0.45
268300	0.45	0.37	0.37	0	0	0.45
268400	0.45	0.37	0.37	0	0	0.45
268500	0.45	0.38	0.38	0	0	0.45
268600	0.45	0.36	0.36	0	0	0.45
268700	0.45	0.36	0.36	0	0	0.45
268800	0.45	0.36	0.36	0	0	0.45
268900	0.45	0.36	0.36	0	0	0.45
269000	0.46	0.36	0.36	0	0	0.46
269100	0.46	0.37	0.37	0	0	0.46
269200	0.46	0.36	0.36	0	0	0.46
269300	0.46	0.36	0.36	0	0	0.46
269400	0.46	0.37	0.37	0	0	0.46
269500	0.46	0.37	0.37	0	0	0.46
269600	0.46	0.37	0.37	0	0	0.46
269700	0.46	0.37	0.37	0	0	0.46
269800	0.46	0.37	0.37	0	0	0.46
269900	0.46	0.37	0.37	0	0	0.46
270000	0.46	0.37	0.37	0	0	0.46
270100	0.46	0.37	0.37	0	0	0.46
270200	0.46	0.37	0.37	0	0	0.46
270300	0.46	0.37	0.37	0	0	0.46
270400	0.45	0.37	0.37	0	0	0.45
270500	0.45	0.37	0.37	0	0	0.45
270600	0.45	0.37	0.37	0	0	0.45
270700	0.45	0.37	0.37	0	0	0.45
270800	0.45	0.37	0.37	0	0	0.45
270900	0.45	0.38	0.38	0	0	0.45
271000	0.45	0.39	0.39	0	0	0.45
271100	0.45	0.38	0.38	0	0	0.45
271200	0.45	0.38	0.38	0	0	0.45
271300	0.45	0.38	0.38	0	0	0.45
271400	0.45	0.39	0.39	0	0	0.45
271500	0.45	0.39	0.39	0	0	0.45
271600	0.45	0.4	0.4	0	0	0.45
271700	0.45	0.4	0.4	0	0	0.45
271800	0.45	0.39	0.39	0	0	0.45
271900	0.45	0.39	0.39	0	0	0.45
272000	0.45	0.38	0.38	0	0	0.45
272100	0.45	0.38	0.38	0	0	0.45
272200	0.45	0.38	0.38	0	0	0.45
272300	0.45	0.38	0.38	0	0	0.45
272400	0.45	0.38	0.38	0	0	0.45
272500	0.45	0.38	0.38	0	0	0.45
272600	0.45	0.38	0.38	0	0	0.45
272700	0.45	0.38	0.38	0	0	0.45
272800	0.45	0.38	0.38	0	0	0.45
272900	0.45	0.38	0.38	0	0	0.45
273000	0.45	0.38	0.38	0	0	0.45
273100	0.45	0.38	0.38	0	0	0.45
273200	0.45	0.38	0.38	0	0	0.45
273300	0.45	0.38	0.38	0	0	0.45
273400	0.45	0.38	0.38	0	0	0.45
273500	0.45	0.38	0.38	0	0	0.45
273600	0.45	0.38	0.38	0	0	0.45
273700	0.45	0.38	0.38	0	0	0.45
273800	0.45	0.38	0.38	0	0	0.45
273900	0.45	0.38	0.38	0	0	0.45
274000	0.45	0.38	0.38	0	0	0.45
274100	0.45	0.38	0.38	0	0	0.45
274200	0.45	0.39	0.39	0	0	0.45
274300	0.45	0.39	0.39	0	0	0.45
274400	0.45	0.38	0.38	0	0	0.45
274500	0.45	0.38	0.38	0	0	0.45
274600	0.45	0.38	0.38	0	0	0.45
274700	0.45	0.38	0.38	0	0	0.45
274800	0.45	0.38	0.38	0	0	0.45
274900	0.45	0.38	0.38	0	0	0.45
275000	0.45	0.39	0.39	0	0	0.45
275100	0.45	0.4	0.4	0	0	0.45
275200	0.45	0.4	0.4	0	0	0.45
275300	0.45	0.41	0.41	0	0	0.45
275400	0.45	0.4	0.4	0	0	0.45
275500	0.45	0.39	0.39	0	0	0.45
275600	0.45	0.39	0.39	0	0	0.45
275700	0.45	0.4	0.4	0	0	0.45
275800	0.45	0.4	0.4	0	0	0.45
275900	0.45	0.4	0.4	0	0	0.45
276000	0.45	0.4	0.4	0	0	0.45
276100	0.45	0.39	0.39	0	0	0.45
276200	0.45	0.39	0.39	0	0	0.45
276300	0.45	0.39	0.39	0	0	0.45
276400	0.45	0.39	0.39	0	0	0.45
276500	0.45	0.4	0.4	0	0	0.45
276600	0.45	0.4	0.4	0	0	0.45
276700	0.45	0.4	0.4	0	0	0.45
276800	0.45	0.4	0.4	0	0	0.45
276900	0.45	0.38	0.38	0	0	0.45
277000	0.45	0.37	0.37	0	0	0.45
277100	0.45	0.36	0.36	0	0	0.45
277200	0.45	0.34	0.34	0	0	0.45
277300	0.45	0.34	0.34	0	0	0.45
277400	0.45	0.34	0.34	0	0	0.45
277500	0.44	0.34	0.34	0	0	0.44
277600	0.44	0.34	0.34	0	0	0.44
277700	0.44	0.34	0.34	0	0	0.44
277800	0.45	0.34	0.34	0	0	0.45
277900	0.44	0.34	0.34	0	0	0.44
278000	0.44	0.34	0.34	0	0	0.44
278100	0.44	0.35	0.35	0	0	0.44
278200	0.44	0.35	0.35	0	0	0.44
278300	0.44	0.36	0.36	0	0	0.44
278400	0.44	0.35	0.35	0	0	0.44
278500	0.44	0.35	0.35	0	0	0.44
278600	0.44	0.35	0.35	0	0	0.44
278700	0.44	0.35	0.35	0	0	0.44
278800	0.44	0.36	0.36	0	0	0.44
278900	0.44	0.36	0.36	0	0	0.44
279000	0.44	0.36	0.36	0	0	0.44
279100	0.44	0.38	0.38	0	0	0.44
279200	0.44	0.38	0.38	0	0	0.44
279300	0.44	0.38	0.38	0	0	0.44
279400	0.44	0.38	0.38	0	0	0.44
279500	0.44	0.39	0.39	0	0	0.44
279600	0.44	0.37	0.37	0	0	0.44
279700	0.44	0.37	0.37	0	0	0.44
279800	0.44	0.37	0.37	0	0	0.44
279900	0.44	0.37	0.37	0	0	0.44
280000	0.44	0.36	0.36	0	0	0.44
280100	0.43	0.36	0.36	0	0	0.43
280200	0.43	0.36	0.36	0	0	0.43
280300	0.43	0.36	0.36	0	0	0.43
280400	0.43	0.36	0.36	0	0	0.43
280500	0.43	0.37	0.37	0	0	0.43
280600	0.43	0.37	0.37	0	0	0.43
280700	0.43	0.37	0.37	0	0	0.43
280800	0.43	0.37	0.37	0	0	0.43
280900	0.43	0.38	0.38	0	0	0.43
281000	0.43	0.38	0.38	0	0	0.43
281100	0.43	0.38	0.38	0	0	0.43
281200	0.43	0.38	0.38	0	0	0.43
281300	0.43	0.37	0.37	0	0	0.43
281400	0.43	0.37	0.37	0	0	0.43
281500	0.43	0.38	0.38	0	0	0.43
281600	0.43	0.38	0.38	0	0	0.43
281700	0.43	0.38	0.38	0	0	0.43
281800	0.43	0.39	0.39	0	0	0.43
281900	0.43	0.38	0.38	0	0	0.43
282000	0.43	0.38	0.38	0	0	0.43
282100	0.43	0.37	0.37	0	0	0.43
282200	0.43	0.37	0.37	0	0	0.43
282300	0.43	0.38	0.38	0	0	0.43
282400	0.43	0.38	0.38	0	0	0.43
282500	0.43	0.37	0.37	0	0	0.43
282600	0.43	0.37	0.37	0	0	0.43
282700	0.43	0.37	0.37	0	0	0.43
282800	0.43	0.37	0.37	0	0	0.43
282900	0.43	0.37	0.37	0	0	0.43
283000	0.43	0.37	0.37	0	0	0.43
283100	0.43	0.36	0.36	0	0	0.43
283200	0.43	0.36	0.36	0	0	0.43
283300	0.43	0.37	0.37	0	0	0.43
283400	0.43	0.36	0.36	0	0	0.43
283500	0.43	0.36	0.36	0	0	0.43
283600	0.43	0.36	0.36	0	0	0.43
283700	0.43	0.36	0.36	0	0	0.43
283800	0.42	0.36	0.36	0	0	0.42
283900	0.42	0.36	0.36	0	0	0.42
284000	0.42	0.36	0.36	0	0	0.42
284100	0.42	0.36	0.36	0	0	0.42
284200	0.42	0.37	0.37	0	0	0.42
284300	0.42	0.37	0.37	0	0	0.42
284400	0.43	0.37	0.37	0	0	0.43
284500	0.42	0.38	0.38	0	0	0.42
284600	0.42	0.36	0.36	0	0	0.42
284700	0.42	0.36	0.36	0	0	0.42
284800	0.42	0.36	0.36	0	0	0.42
284900	0.43	0.36	0.36	0	0	0.43
285000	0.42	0.36	0.36	0	0	0.42
285100	0.42	0.36	0.36	0	0	0.42
285200	0.42	0.37	0.37	0	0	0.42
285300	0.42	0.36	0.36	0	0	0.42
285400	0.42	0.36	0.36	0	0	0.42
285500	0.42	0.36	0.36	0	0	0.42
285600	0.42	0.36	0.36	0	0	0.42
285700	0.42	0.36	0.36	0	0	0.42
285800	0.42	0.36	0.36	0	0	0.42
285900	0.42	0.36	0.36	0	0	0.42
286000	0.42	0.36	0.36	0	0	0.42
286100	0.42	0.36	0.36	0	0	0.42
286200	0.42	0.36	0.36	0	0	0.42
286300	0.42	0.36	0.36	0	0	0.42
286400	0.42	0.36	0.36	0	0	0.42
286500	0.42	0.36	0.36	0	0	0.42
286600	0.42	0.36	0.36	0	0	0.42
286700	0.42	0.36	0.36	0	0	0.42
286800	0.42	0.37	0.37	0	0	0.42
286900	0.42	0.37	0.37	0	0	0.42
287000	0.42	0.37	0.37	0	0	0.42
287100	0.42	0.37	0.37	0	0	0.42
287200	0.42	0.37	0.37	0	0	0.42
287300	0.42	0.37	0.37	0	0	0.42
287400	0.42	0.37	0.37	0	0	0.42
287500	0.42	0.37	0.37	0	0	0.42
287600	0.42	0.37	0.37	0	0	0.42
287700	0.41	0.37	0.37	0	0	0.41
287800	0.41	0.37	0.37	0	0	0.41
287900	0.41	0.38	0.38	0	0	0.41
288000	0.41	0.37	0.37	0	0	0.41
288100	0.41	0.37	0.37	0	0	0.41
288200	0.41	0.37	0.37	0	0	0.41
288300	0.41	0.37	0.37	0	0	0.41
288400	0.41	0.37	0.37	0	0	0.41
288500	0.41	0.37	0.37	0	0	0.41
288600	0.41	0.38	0.38	0	0	0.41
288700	0.41	0.38	0.38	0	0	0.41
288800	0.41	0.38	0.38	0	0	0.41
288900	0.42	0.38	0.38	0	0	0.42
289000	0.41	0.4	0.4	0	0	0.41
289100	0.42	0.39	0.39	0	0	0.42
289200	0.42	0.36	0.36	0	0	0.42
289300	0.42	0.36	0.36	0	0	0.42
289400	0.41	0.35	0.35	0	0	0.41
289500	0.41	0.35	0.35	0	0	0.41
289600	0.41	0.35	0.35	0	0	0.41
289700	0.41	0.36	0.36	0	0	0.41
289800	0.41	0.36	0.36	0	0	0.41
289900	0.41	0.36	0.36	0	0	0.41
290000	0.41	0.36	0.36	0	0	0.41
290100	0.41	0.36	0.36	0	0	0.41
290200	0.41	0.36	0.36	0	0	0.41
290300	0.41	0.36	0.36	0	0	0.41
290400	0.41	0.36	0.36	0	0	0.41
290500	0.41	0.37	0.37	0	0	0.41
290600	0.41	0.37	0.37	0	0	0.41
290700	0.41	0.36	0.36	0	0	0.41
290800	0.41	0.35	0.35	0	0	0.41
290900	0.41	0.35	0.35	0	0	0.41
291000	0.41	0.36	0.36	0	0	0.41
291100	0.41	0.36	0.36	0	0	0.41
291200	0.41	0.37	0.37	0	0	0.41
291300	0.41	0.38	0.38	0	0	0.41
291400	0.41	0.37	0.37	0	0	0.41
291500	0.41	0.37	0.37	0	0	0.41
291600	0.41	0.37	0.37	0	0	0.41
291700	0.41	0.37	0.37	0	0	0.41
291800	0.41	0.37	0.37	0	0	0.41
291900	0.41	0.37	0.37	0	0	0.41
292000	0.41	0.37	0.37	0	0	0.41
292100	0.41	0.37	0.37	0	0	0.41
292200	0.41	0.38	0.38	0	0	0.41
292300	0.41	0.37	0.37	0	0	0.41
292400	0.4	0.37	0.37	0	0	0.4
292500	0.4	0.36	0.36	0	0	0.4
292600	0.4	0.36	0.36	0	0	0.4
292700	0.4	0.36	0.36	0	0	0.4
292800	0.4	0.36	0.36	0	0	0.4
292900	0.4	0.36	0.36	0	0	0.4
293000	0.4	0.36	0.36	0	0	0.4
293100	0.4	0.36	0.36	0	0	0.4
293200	0.4	0.37	0.37	0	0	0.4
293300	0.4	0.37	0.37	0	0	0.4
293400	0.4	0.37	0.37	0	0	0.4
293500	0.4	0.36	0.36	0	0	0.4
293600	0.4	0.36	0.36	0	0	0.4
293700	0.4	0.36	0.36	0	0	0.4
293800	0.4	0.36	0.36	0	0	0.4
293900	0.4	0.36	0.36	0	0	0.4
294000	0.4	0.38	0.38	0	0	0.4
294100	0.4	0.38	0.38	0	0	0.4
294200	0.4	0.37	0.37	0	0	0.4
294300	0.4	0.37	0.37	0	0	0.4
294400	0.4	0.37	0.37	0	0	0.4
294500	0.4	0.37	0.37	0	0	0.4
294600	0.4	0.37	0.37	0	0	0.4
294700	0.4	0.37	0.37	0	0	0.4
294800	0.4	0.37	0.37	0	0	0.4
294900	0.4	0.38	0.38	0	0	0.4
295000	0.4	0.38	0.38	0	0	0.4
295100	0.4	0.37	0.37	0	0	0.4
295200	0.4	0.37	0.37	0	0	0.4
295300	0.4	0.37	0.37	0	0	0.4
295400	0.41	0.37	0.37	0	0	0.41
295500	0.41	0.37	0.37	0	0	0.41
295600	0.41	0.37	0.37	0	0	0.41
295700	0.41	0.37	0.37	0	0	0.41
295800	0.41	0.37	0.37	0	0	0.41
295900	0.42	0.38	0.38	0	0	0.42
296000	0.41	0.38	0.38	0	0	0.41
296100	0.41	0.38	0.38	0	0	0.41
296200	0.41	0.38	0.38	0	0	0.41
296300	0.41	0.38	0.38	0	0	0.41
296400	0.41	0.38	0.38	0	0	0.41
296500	0.41	0.38	0.38	0	0	0.41
296600	0.41	0.38	0.38	0	0	0.41
296700	0.41	0.38	0.38	0	0	0.41
296800	0.41	0.38	0.38	0	0	0.41
296900	0.41	0.38	0.38	0	0	0.41
297000	0.41	0.38	0.38	0	0	0.41
297100	0.41	0.38	0.38	0	0	0.41
297200	0.41	0.38	0.38	0	0	0.41
297300	0.42	0.38	0.38	0	0	0.42
297400	0.42	0.38	0.38	0	0	0.42
297500	0.42	0.38	0.38	0	0	0.42
297600	0.42	0.38	0.38	0	0	0.42
297700	0.42	0.38	0.38	0	0	0.42
297800	0.42	0.38	0.38	0	0	0.42
297900	0.42	0.38	0.38	0	0	0.42
298000	0.42	0.38	0.38	0	0	0.42
298100	0.42	0.38	0.38	0	0	0.42
298200	0.42	0.38	0.38	0	0	0.42
298300	0.42	0.38	0.38	0	0	0.42
298400	0.42	0.38	0.38	0	0	0.42
298500	0.42	0.39	0.39	0	0	0.42
298600	0.42	0.39	0.39	0	0	0.42
298700	0.42	0.39	0.39	0	0	0.42
298800	0.42	0.4	0.4	0	0	0.42
298900	0.42	0.39	0.39	0	0	0.42
299000	0.42	0.39	0.39	0	0	0.42
299100	0.42	0.39	0.39	0	0	0.42
299200	0.42	0.39	0.39	0	0	0.42
299300	0.42	0.41	0.41	0	0	0.42
299400	0.42	0.4	0.4	0	0	0.42
299500	0.42	0.39	0.39	0	0	0.42
299600	0.42	0.38	0.38	0	0	0.42
299700	0.42	0.38	0.38	0	0	0.42
299800	0.42	0.38	0.38	0	0	0.42
299900	0.42	0.38	0.38	0	0	0.42
300000	0.42	0.38	0.38	0	0	0.42
