100	0.13	0.09	0.09	0	0	0.13
200	0.14	0.11	0.11	0	0	0.14
300	0.18	0.13	0.13	0	0	0.18
400	0.17	0.13	0.13	0	0	0.17
500	0.16	0.14	0.14	0	0	0.16
600	0.16	0.14	0.14	0	0	0.16
700	0.14	0.15	0.15	0	0	0.14
800	0.17	0.15	0.15	0	0	0.17
900	0.19	0.15	0.15	0	0	0.19
1000	0.21	0.17	0.17	0	0	0.21
1100	0.22	0.16	0.16	0	0	0.22
1200	0.22	0.17	0.17	0	0	0.22
1300	0.23	0.21	0.21	0	0	0.23
1400	0.24	0.21	0.21	0	0	0.24
1500	0.25	0.2	0.2	0	0	0.25
1600	0.24	0.21	0.21	0	0	0.24
1700	0.2	0.2	0.2	0	0	0.2
1800	0.2	0.21	0.21	0	0	0.2
1900	0.21	0.22	0.22	0	0	0.21
2000	0.21	0.22	0.22	0	0	0.21
2100	0.21	0.22	0.22	0	0	0.21
2200	0.2	0.22	0.22	0	0	0.2
2300	0.2	0.23	0.23	0	0	0.2
2400	0.2	0.23	0.23	0	0	0.2
2500	0.2	0.22	0.22	0	0	0.2
2600	0.21	0.23	0.23	0	0	0.21
2700	0.21	0.23	0.23	0	0	0.21
2800	0.21	0.24	0.24	0	0	0.21
2900	0.21	0.24	0.24	0	0	0.21
3000	0.23	0.24	0.24	0	0	0.23
3100	0.23	0.24	0.24	0	0	0.23
3200	0.23	0.24	0.24	0	0	0.23
3300	0.24	0.22	0.22	0	0	0.24
3400	0.25	0.22	0.22	0	0	0.25
3500	0.21	0.22	0.22	0	0	0.21
3600	0.21	0.22	0.22	0	0	0.21
3700	0.21	0.23	0.23	0	0	0.21
3800	0.2	0.22	0.22	0	0	0.2
3900	0.21	0.23	0.23	0	0	0.21
4000	0.21	0.23	0.23	0	0	0.21
4100	0.21	0.24	0.24	0	0	0.21
4200	0.23	0.24	0.24	0	0	0.23
4300	0.23	0.23	0.23	0	0	0.23
4400	0.24	0.24	0.24	0	0	0.24
4500	0.24	0.24	0.24	0	0	0.24
4600	0.24	0.25	0.25	0	0	0.24
4700	0.25	0.26	0.26	0	0	0.25
4800	0.25	0.26	0.26	0	0	0.25
4900	0.26	0.22	0.22	0	0	0.26
5000	0.26	0.22	0.22	0	0	0.26
5100	0.26	0.23	0.23	0	0	0.26
5200	0.27	0.22	0.22	0	0	0.27
5300	0.26	0.22	0.22	0	0	0.26
5400	0.27	0.22	0.22	0	0	0.27
5500	0.26	0.23	0.23	0	0	0.26
5600	0.26	0.22	0.22	0	0	0.26
5700	0.27	0.22	0.22	0	0	0.27
5800	0.27	0.24	0.24	0	0	0.27
5900	0.28	0.24	0.24	0	0	0.28
6000	0.28	0.25	0.25	0	0	0.28
6100	0.28	0.23	0.23	0	0	0.28
6200	0.28	0.21	0.21	0	0	0.28
6300	0.28	0.21	0.21	0	0	0.28
6400	0.3	0.22	0.22	0	0	0.3
6500	0.32	0.22	0.22	0	0	0.32
6600	0.31	0.23	0.23	0	0	0.31
6700	0.33	0.24	0.24	0	0	0.33
6800	0.31	0.24	0.24	0	0	0.31
6900	0.31	0.23	0.23	0	0	0.31
7000	0.32	0.23	0.23	0	0	0.32
7100	0.31	0.23	0.23	0	0	0.31
7200	0.3	0.22	0.22	0	0	0.3
7300	0.3	0.23	0.23	0	0	0.3
7400	0.3	0.23	0.23	0	0	0.3
7500	0.3	0.23	0.23	0	0	0.3
7600	0.3	0.25	0.25	0	0	0.3
7700	0.33	0.24	0.24	0	0	0.33
7800	0.31	0.25	0.25	0	0	0.31
7900	0.32	0.25	0.25	0	0	0.32
8000	0.32	0.24	0.24	0	0	0.32
8100	0.3	0.26	0.26	0	0	0.3
8200	0.3	0.25	0.25	0	0	0.3
8300	0.29	0.25	0.25	0	0	0.29
8400	0.31	0.25	0.25	0	0	0.31
8500	0.28	0.26	0.26	0	0	0.28
8600	0.27	0.26	0.26	0	0	0.27
8700	0.23	0.27	0.27	0	0	0.23
8800	0.22	0.27	0.27	0	0	0.22
8900	0.22	0.27	0.27	0	0	0.22
9000	0.22	0.27	0.27	0	0	0.22
9100	0.22	0.27	0.27	0	0	0.22
9200	0.22	0.27	0.27	0	0	0.22
9300	0.21	0.28	0.28	0	0	0.21
9400	0.18	0.27	0.27	0	0	0.18
9500	0.17	0.26	0.26	0	0	0.17
9600	0.19	0.26	0.26	0	0	0.19
9700	0.21	0.27	0.27	0	0	0.21
9800	0.22	0.28	0.28	0	0	0.22
9900	0.22	0.27	0.27	0	0	0.22
10000	0.22	0.27	0.27	0	0	0.22
10100	0.22	0.28	0.28	0	0	0.22
10200	0.22	0.28	0.28	0	0	0.22
10300	0.22	0.28	0.28	0	0	0.22
10400	0.22	0.27	0.27	0	0	0.22
10500	0.22	0.26	0.26	0	0	0.22
10600	0.21	0.25	0.25	0	0	0.21
10700	0.23	0.25	0.25	0	0	0.23
10800	0.23	0.25	0.25	0	0	0.23
10900	0.23	0.26	0.26	0	0	0.23
11000	0.23	0.27	0.27	0	0	0.23
11100	0.27	0.27	0.27	0	0	0.27
11200	0.27	0.27	0.27	0	0	0.27
11300	0.27	0.29	0.29	0	0	0.27
11400	0.27	0.29	0.29	0	0	0.27
11500	0.28	0.29	0.29	0	0	0.28
11600	0.28	0.28	0.28	0	0	0.28
11700	0.28	0.3	0.3	0	0	0.28
11800	0.29	0.29	0.29	0	0	0.29
11900	0.29	0.29	0.29	0	0	0.29
12000	0.29	0.28	0.28	0	0	0.29
12100	0.3	0.28	0.28	0	0	0.3
12200	0.3	0.29	0.29	0	0	0.3
12300	0.3	0.3	0.3	0	0	0.3
12400	0.3	0.3	0.3	0	0	0.3
12500	0.3	0.29	0.29	0	0	0.3
12600	0.32	0.29	0.29	0	0	0.32
12700	0.32	0.3	0.3	0	0	0.32
12800	0.32	0.3	0.3	0	0	0.32
12900	0.32	0.31	0.31	0	0	0.32
13000	0.32	0.3	0.3	0	0	0.32
13100	0.32	0.28	0.28	0	0	0.32
13200	0.32	0.28	0.28	0	0	0.32
13300	0.34	0.29	0.29	0	0	0.34
13400	0.34	0.3	0.3	0	0	0.34
13500	0.35	0.3	0.3	0	0	0.35
13600	0.36	0.3	0.3	0	0	0.36
13700	0.37	0.3	0.3	0	0	0.37
13800	0.37	0.32	0.32	0	0	0.37
13900	0.37	0.32	0.32	0	0	0.37
14000	0.38	0.32	0.32	0	0	0.38
14100	0.36	0.33	0.33	0	0	0.36
14200	0.35	0.33	0.33	0	0	0.35
14300	0.34	0.34	0.34	0	0	0.34
14400	0.34	0.35	0.35	0	0	0.34
14500	0.35	0.36	0.36	0	0	0.35
14600	0.35	0.35	0.35	0	0	0.35
14700	0.35	0.35	0.35	0	0	0.35
14800	0.35	0.35	0.35	0	0	0.35
14900	0.35	0.35	0.35	0	0	0.35
15000	0.34	0.36	0.36	0	0	0.34
15100	0.33	0.37	0.37	0	0	0.33
15200	0.34	0.37	0.37	0	0	0.34
15300	0.33	0.37	0.37	0	0	0.33
15400	0.33	0.37	0.37	0	0	0.33
15500	0.33	0.37	0.37	0	0	0.33
15600	0.33	0.37	0.37	0	0	0.33
15700	0.34	0.37	0.37	0	0	0.34
15800	0.34	0.37	0.37	0	0	0.34
15900	0.34	0.37	0.37	0	0	0.34
16000	0.34	0.38	0.38	0	0	0.34
16100	0.35	0.36	0.36	0	0	0.35
16200	0.35	0.38	0.38	0	0	0.35
16300	0.35	0.37	0.37	0	0	0.35
16400	0.35	0.37	0.37	0	0	0.35
16500	0.35	0.39	0.39	0	0	0.35
16600	0.35	0.38	0.38	0	0	0.35
16700	0.35	0.34	0.34	0	0	0.35
16800	0.35	0.34	0.34	0	0	0.35
16900	0.36	0.34	0.34	0	0	0.36
17000	0.36	0.34	0.34	0	0	0.36
17100	0.36	0.34	0.34	0	0	0.36
17200	0.36	0.34	0.34	0	0	0.36
17300	0.36	0.34	0.34	0	0	0.36
17400	0.35	0.34	0.34	0	0	0.35
17500	0.35	0.34	0.34	0	0	0.35
17600	0.36	0.36	0.36	0	0	0.36
17700	0.36	0.36	0.36	0	0	0.36
17800	0.36	0.36	0.36	0	0	0.36
17900	0.36	0.37	0.37	0	0	0.36
18000	0.36	0.37	0.37	0	0	0.36
18100	0.36	0.37	0.37	0	0	0.36
18200	0.35	0.37	0.37	0	0	0.35
18300	0.35	0.36	0.36	0	0	0.35
18400	0.35	0.36	0.36	0	0	0.35
18500	0.35	0.36	0.36	0	0	0.35
18600	0.35	0.36	0.36	0	0	0.35
18700	0.36	0.36	0.36	0	0	0.36
18800	0.36	0.36	0.36	0	0	0.36
18900	0.36	0.36	0.36	0	0	0.36
19000	0.36	0.36	0.36	0	0	0.36
19100	0.36	0.36	0.36	0	0	0.36
19200	0.37	0.36	0.36	0	0	0.37
19300	0.37	0.37	0.37	0	0	0.37
19400	0.38	0.37	0.37	0	0	0.38
19500	0.38	0.38	0.38	0	0	0.38
19600	0.37	0.37	0.37	0	0	0.37
19700	0.38	0.38	0.38	0	0	0.38
19800	0.38	0.38	0.38	0	0	0.38
19900	0.38	0.38	0.38	0	0	0.38
20000	0.38	0.38	0.38	0	0	0.38
20100	0.38	0.38	0.38	0	0	0.38
20200	0.36	0.38	0.38	0	0	0.36
20300	0.36	0.38	0.38	0	0	0.36
20400	0.36	0.37	0.37	0	0	0.36
20500	0.36	0.37	0.37	0	0	0.36
20600	0.36	0.38	0.38	0	0	0.36
20700	0.36	0.38	0.38	0	0	0.36
20800	0.37	0.37	0.37	0	0	0.37
20900	0.37	0.37	0.37	0	0	0.37
21000	0.38	0.37	0.37	0	0	0.38
21100	0.38	0.37	0.37	0	0	0.38
21200	0.38	0.37	0.37	0	0	0.38
21300	0.38	0.37	0.37	0	0	0.38
21400	0.38	0.37	0.37	0	0	0.38
21500	0.38	0.37	0.37	0	0	0.38
21600	0.38	0.37	0.37	0	0	0.38
21700	0.38	0.38	0.38	0	0	0.38
21800	0.38	0.38	0.38	0	0	0.38
21900	0.38	0.38	0.38	0	0	0.38
22000	0.38	0.38	0.38	0	0	0.38
22100	0.38	0.39	0.39	0	0	0.38
22200	0.38	0.39	0.39	0	0	0.38
22300	0.39	0.39	0.39	0	0	0.39
22400	0.39	0.39	0.39	0	0	0.39
22500	0.39	0.33	0.33	0	0	0.39
22600	0.39	0.33	0.33	0	0	0.39
22700	0.39	0.33	0.33	0	0	0.39
22800	0.39	0.33	0.33	0	0	0.39
22900	0.39	0.34	0.34	0	0	0.39
23000	0.38	0.34	0.34	0	0	0.38
23100	0.38	0.33	0.33	0	0	0.38
23200	0.39	0.33	0.33	0	0	0.39
23300	0.39	0.33	0.33	0	0	0.39
23400	0.38	0.31	0.31	0	0	0.38
23500	0.38	0.31	0.31	0	0	0.38
23600	0.39	0.31	0.31	0	0	0.39
23700	0.38	0.32	0.32	0	0	0.38
23800	0.38	0.31	0.31	0	0	0.38
23900	0.38	0.33	0.33	0	0	0.38
24000	0.37	0.32	0.32	0	0	0.37
24100	0.39	0.31	0.31	0	0	0.39
24200	0.39	0.32	0.32	0	0	0.39
24300	0.39	0.32	0.32	0	0	0.39
24400	0.38	0.32	0.32	0	0	0.38
24500	0.38	0.32	0.32	0	0	0.38
24600	0.37	0.33	0.33	0	0	0.37
24700	0.38	0.33	0.33	0	0	0.38
24800	0.38	0.33	0.33	0	0	0.38
24900	0.39	0.34	0.34	0	0	0.39
25000	0.39	0.34	0.34	0	0	0.39
25100	0.4	0.34	0.34	0	0	0.4
25200	0.38	0.33	0.33	0	0	0.38
25300	0.37	0.33	0.33	0	0	0.37
25400	0.37	0.34	0.34	0	0	0.37
25500	0.36	0.33	0.33	0	0	0.36
25600	0.36	0.33	0.33	0	0	0.36
25700	0.37	0.33	0.33	0	0	0.37
25800	0.37	0.33	0.33	0	0	0.37
25900	0.37	0.34	0.34	0	0	0.37
26000	0.37	0.34	0.34	0	0	0.37
26100	0.37	0.35	0.35	0	0	0.37
26200	0.37	0.35	0.35	0	0	0.37
26300	0.37	0.35	0.35	0	0	0.37
26400	0.38	0.35	0.35	0	0	0.38
26500	0.38	0.36	0.36	0	0	0.38
26600	0.37	0.37	0.37	0	0	0.37
26700	0.37	0.37	0.37	0	0	0.37
26800	0.37	0.37	0.37	0	0	0.37
26900	0.37	0.37	0.37	0	0	0.37
27000	0.37	0.37	0.37	0	0	0.37
27100	0.37	0.38	0.38	0	0	0.37
27200	0.37	0.38	0.38	0	0	0.37
27300	0.38	0.37	0.37	0	0	0.38
27400	0.38	0.37	0.37	0	0	0.38
27500	0.39	0.38	0.38	0	0	0.39
27600	0.38	0.37	0.37	0	0	0.38
27700	0.39	0.37	0.37	0	0	0.39
27800	0.39	0.37	0.37	0	0	0.39
27900	0.38	0.37	0.37	0	0	0.38
28000	0.38	0.38	0.38	0	0	0.38
28100	0.38	0.38	0.38	0	0	0.38
28200	0.38	0.38	0.38	0	0	0.38
28300	0.39	0.38	0.38	0	0	0.39
28400	0.39	0.38	0.38	0	0	0.39
28500	0.39	0.38	0.38	0	0	0.39
28600	0.39	0.38	0.38	0	0	0.39
28700	0.4	0.39	0.39	0	0	0.4
28800	0.4	0.39	0.39	0	0	0.4
28900	0.39	0.4	0.4	0	0	0.39
29000	0.39	0.4	0.4	0	0	0.39
29100	0.39	0.4	0.4	0	0	0.39
29200	0.39	0.4	0.4	0	0	0.39
29300	0.38	0.4	0.4	0	0	0.38
29400	0.38	0.4	0.4	0	0	0.38
29500	0.38	0.4	0.4	0	0	0.38
29600	0.38	0.4	0.4	0	0	0.38
29700	0.38	0.41	0.41	0	0	0.38
29800	0.38	0.4	0.4	0	0	0.38
29900	0.37	0.42	0.42	0	0	0.37
30000	0.38	0.42	0.42	0	0	0.38
30100	0.38	0.41	0.41	0	0	0.38
30200	0.38	0.4	0.4	0	0	0.38
30300	0.39	0.41	0.41	0	0	0.39
30400	0.4	0.41	0.41	0	0	0.4
30500	0.4	0.41	0.41	0	0	0.4
30600	0.4	0.41	0.41	0	0	0.4
30700	0.4	0.41	0.41	0	0	0.4
30800	0.4	0.4	0.4	0	0	0.4
30900	0.39	0.4	0.4	0	0	0.39
31000	0.38	0.41	0.41	0	0	0.38
31100	0.38	0.41	0.41	0	0	0.38
31200	0.38	0.41	0.41	0	0	0.38
31300	0.37	0.41	0.41	0	0	0.37
31400	0.37	0.41	0.41	0	0	0.37
31500	0.36	0.4	0.4	0	0	0.36
31600	0.36	0.4	0.4	0	0	0.36
31700	0.36	0.4	0.4	0	0	0.36
31800	0.36	0.4	0.4	0	0	0.36
31900	0.35	0.4	0.4	0	0	0.35
32000	0.35	0.4	0.4	0	0	0.35
32100	0.35	0.41	0.41	0	0	0.35
32200	0.35	0.4	0.4	0	0	0.35
32300	0.35	0.4	0.4	0	0	0.35
32400	0.35	0.4	0.4	0	0	0.35
32500	0.35	0.4	0.4	0	0	0.35
32600	0.35	0.4	0.4	0	0	0.35
32700	0.35	0.4	0.4	0	0	0.35
32800	0.35	0.4	0.4	0	0	0.35
32900	0.35	0.4	0.4	0	0	0.35
33000	0.35	0.4	0.4	0	0	0.35
33100	0.35	0.4	0.4	0	0	0.35
33200	0.36	0.4	0.4	0	0	0.36
33300	0.37	0.39	0.39	0	0	0.37
33400	0.37	0.39	0.39	0	0	0.37
33500	0.36	0.39	0.39	0	0	0.36
33600	0.37	0.39	0.39	0	0	0.37
33700	0.37	0.39	0.39	0	0	0.37
33800	0.37	0.38	0.38	0	0	0.37
33900	0.37	0.38	0.38	0	0	0.37
34000	0.37	0.38	0.38	0	0	0.37
34100	0.37	0.38	0.38	0	0	0.37
34200	0.37	0.38	0.38	0	0	0.37
34300	0.37	0.38	0.38	0	0	0.37
34400	0.38	0.39	0.39	0	0	0.38
34500	0.38	0.37	0.37	0	0	0.38
34600	0.37	0.38	0.38	0	0	0.37
34700	0.38	0.37	0.37	0	0	0.38
34800	0.37	0.37	0.37	0	0	0.37
34900	0.38	0.37	0.37	0	0	0.38
35000	0.37	0.37	0.37	0	0	0.37
35100	0.37	0.37	0.37	0	0	0.37
35200	0.36	0.37	0.37	0	0	0.36
35300	0.36	0.37	0.37	0	0	0.36
35400	0.36	0.37	0.37	0	0	0.36
35500	0.37	0.38	0.38	0	0	0.37
35600	0.37	0.38	0.38	0	0	0.37
35700	0.37	0.39	0.39	0	0	0.37
35800	0.37	0.38	0.38	0	0	0.37
35900	0.39	0.38	0.38	0	0	0.39
36000	0.4	0.37	0.37	0	0	0.4
36100	0.4	0.38	0.38	0	0	0.4
36200	0.4	0.38	0.38	0	0	0.4
36300	0.4	0.39	0.39	0	0	0.4
36400	0.4	0.39	0.39	0	0	0.4
36500	0.4	0.39	0.39	0	0	0.4
36600	0.4	0.38	0.38	0	0	0.4
36700	0.4	0.38	0.38	0	0	0.4
36800	0.4	0.38	0.38	0	0	0.4
36900	0.41	0.38	0.38	0	0	0.41
37000	0.41	0.38	0.38	0	0	0.41
37100	0.41	0.38	0.38	0	0	0.41
37200	0.41	0.38	0.38	0	0	0.41
37300	0.41	0.38	0.38	0	0	0.41
37400	0.41	0.38	0.38	0	0	0.41
37500	0.41	0.38	0.38	0	0	0.41
37600	0.41	0.38	0.38	0	0	0.41
37700	0.42	0.38	0.38	0	0	0.42
37800	0.42	0.38	0.38	0	0	0.42
37900	0.42	0.39	0.39	0	0	0.42
38000	0.42	0.37	0.37	0	0	0.42
38100	0.42	0.37	0.37	0	0	0.42
38200	0.43	0.38	0.38	0	0	0.43
38300	0.42	0.38	0.38	0	0	0.42
38400	0.42	0.38	0.38	0	0	0.42
38500	0.42	0.38	0.38	0	0	0.42
38600	0.42	0.38	0.38	0	0	0.42
38700	0.43	0.38	0.38	0	0	0.43
38800	0.43	0.38	0.38	0	0	0.43
38900	0.43	0.38	0.38	0	0	0.43
39000	0.43	0.39	0.39	0	0	0.43
39100	0.43	0.39	0.39	0	0	0.43
39200	0.43	0.38	0.38	0	0	0.43
39300	0.44	0.38	0.38	0	0	0.44
39400	0.44	0.39	0.39	0	0	0.44
39500	0.44	0.4	0.4	0	0	0.44
39600	0.44	0.39	0.39	0	0	0.44
39700	0.43	0.39	0.39	0	0	0.43
39800	0.43	0.38	0.38	0	0	0.43
39900	0.43	0.38	0.38	0	0	0.43
40000	0.43	0.38	0.38	0	0	0.43
40100	0.43	0.38	0.38	0	0	0.43
40200	0.43	0.38	0.38	0	0	0.43
40300	0.43	0.38	0.38	0	0	0.43
40400	0.42	0.38	0.38	0	0	0.42
40500	0.42	0.37	0.37	0	0	0.42
40600	0.42	0.37	0.37	0	0	0.42
40700	0.42	0.38	0.38	0	0	0.42
40800	0.42	0.38	0.38	0	0	0.42
40900	0.42	0.38	0.38	0	0	0.42
41000	0.42	0.37	0.37	0	0	0.42
41100	0.42	0.37	0.37	0	0	0.42
41200	0.42	0.37	0.37	0	0	0.42
41300	0.42	0.38	0.38	0	0	0.42
41400	0.43	0.38	0.38	0	0	0.43
41500	0.43	0.39	0.39	0	0	0.43
41600	0.43	0.39	0.39	0	0	0.43
41700	0.43	0.39	0.39	0	0	0.43
41800	0.43	0.39	0.39	0	0	0.43
41900	0.43	0.39	0.39	0	0	0.43
42000	0.43	0.4	0.4	0	0	0.43
42100	0.43	0.4	0.4	0	0	0.43
42200	0.43	0.4	0.4	0	0	0.43
42300	0.43	0.4	0.4	0	0	0.43
42400	0.43	0.4	0.4	0	0	0.43
42500	0.43	0.4	0.4	0	0	0.43
42600	0.43	0.4	0.4	0	0	0.43
42700	0.43	0.4	0.4	0	0	0.43
42800	0.43	0.4	0.4	0	0	0.43
42900	0.43	0.4	0.4	0	0	0.43
43000	0.43	0.4	0.4	0	0	0.43
43100	0.43	0.4	0.4	0	0	0.43
43200	0.43	0.39	0.39	0	0	0.43
43300	0.43	0.39	0.39	0	0	0.43
43400	0.44	0.39	0.39	0	0	0.44
43500	0.44	0.39	0.39	0	0	0.44
43600	0.44	0.39	0.39	0	0	0.44
43700	0.44	0.4	0.4	0	0	0.44
43800	0.44	0.4	0.4	0	0	0.44
43900	0.44	0.41	0.41	0	0	0.44
44000	0.44	0.41	0.41	0	0	0.44
44100	0.44	0.41	0.41	0	0	0.44
44200	0.44	0.41	0.41	0	0	0.44
44300	0.44	0.41	0.41	0	0	0.44
44400	0.44	0.41	0.41	0	0	0.44
44500	0.44	0.41	0.41	0	0	0.44
44600	0.44	0.41	0.41	0	0	0.44
44700	0.44	0.41	0.41	0	0	0.44
44800	0.44	0.41	0.41	0	0	0.44
44900	0.44	0.42	0.42	0	0	0.44
45000	0.44	0.43	0.43	0	0	0.44
45100	0.44	0.42	0.42	0	0	0.44
45200	0.44	0.42	0.42	0	0	0.44
45300	0.44	0.42	0.42	0	0	0.44
45400	0.44	0.42	0.42	0	0	0.44
45500	0.44	0.42	0.42	0	0	0.44
45600	0.44	0.42	0.42	0	0	0.44
45700	0.44	0.42	0.42	0	0	0.44
45800	0.44	0.42	0.42	0	0	0.44
45900	0.44	0.42	0.42	0	0	0.44
46000	0.44	0.42	0.42	0	0	0.44
46100	0.44	0.42	0.42	0	0	0.44
46200	0.44	0.42	0.42	0	0	0.44
46300	0.44	0.42	0.42	0	0	0.44
46400	0.44	0.42	0.42	0	0	0.44
46500	0.44	0.42	0.42	0	0	0.44
46600	0.44	0.42	0.42	0	0	0.44
46700	0.44	0.42	0.42	0	0	0.44
46800	0.44	0.42	0.42	0	0	0.44
46900	0.44	0.43	0.43	0	0	0.44
47000	0.44	0.43	0.43	0	0	0.44
47100	0.44	0.43	0.43	0	0	0.44
47200	0.44	0.42	0.42	0	0	0.44
47300	0.44	0.42	0.42	0	0	0.44
47400	0.44	0.42	0.42	0	0	0.44
47500	0.44	0.42	0.42	0	0	0.44
47600	0.44	0.42	0.42	0	0	0.44
47700	0.44	0.42	0.42	0	0	0.44
47800	0.44	0.42	0.42	0	0	0.44
47900	0.45	0.42	0.42	0	0	0.45
48000	0.45	0.42	0.42	0	0	0.45
48100	0.45	0.42	0.42	0	0	0.45
48200	0.44	0.42	0.42	0	0	0.44
48300	0.44	0.43	0.43	0	0	0.44
48400	0.43	0.43	0.43	0	0	0.43
48500	0.42	0.43	0.43	0	0	0.42
48600	0.42	0.43	0.43	0	0	0.42
48700	0.42	0.42	0.42	0	0	0.42
48800	0.42	0.42	0.42	0	0	0.42
48900	0.42	0.42	0.42	0	0	0.42
49000	0.42	0.42	0.42	0	0	0.42
49100	0.42	0.42	0.42	0	0	0.42
49200	0.42	0.42	0.42	0	0	0.42
49300	0.42	0.42	0.42	0	0	0.42
49400	0.42	0.42	0.42	0	0	0.42
49500	0.42	0.42	0.42	0	0	0.42
49600	0.42	0.42	0.42	0	0	0.42
49700	0.42	0.42	0.42	0	0	0.42
49800	0.42	0.43	0.43	0	0	0.42
49900	0.42	0.43	0.43	0	0	0.42
50000	0.42	0.43	0.43	0	0	0.42
50100	0.42	0.43	0.43	0	0	0.42
50200	0.43	0.43	0.43	0	0	0.43
50300	0.43	0.43	0.43	0	0	0.43
50400	0.43	0.43	0.43	0	0	0.43
50500	0.43	0.44	0.44	0	0	0.43
50600	0.43	0.44	0.44	0	0	0.43
50700	0.43	0.44	0.44	0	0	0.43
50800	0.43	0.43	0.43	0	0	0.43
50900	0.43	0.43	0.43	0	0	0.43
51000	0.43	0.43	0.43	0	0	0.43
51100	0.43	0.43	0.43	0	0	0.43
51200	0.43	0.42	0.42	0	0	0.43
51300	0.43	0.42	0.42	0	0	0.43
51400	0.43	0.41	0.41	0	0	0.43
51500	0.43	0.41	0.41	0	0	0.43
51600	0.42	0.41	0.41	0	0	0.42
51700	0.42	0.41	0.41	0	0	0.42
51800	0.42	0.41	0.41	0	0	0.42
51900	0.42	0.41	0.41	0	0	0.42
52000	0.42	0.4	0.4	0	0	0.42
52100	0.42	0.39	0.39	0	0	0.42
52200	0.42	0.39	0.39	0	0	0.42
52300	0.42	0.39	0.39	0	0	0.42
52400	0.42	0.38	0.38	0	0	0.42
52500	0.43	0.38	0.38	0	0	0.43
52600	0.41	0.39	0.39	0	0	0.41
52700	0.4	0.39	0.39	0	0	0.4
52800	0.4	0.39	0.39	0	0	0.4
52900	0.41	0.39	0.39	0	0	0.41
53000	0.41	0.39	0.39	0	0	0.41
53100	0.41	0.38	0.38	0	0	0.41
53200	0.41	0.38	0.38	0	0	0.41
53300	0.41	0.38	0.38	0	0	0.41
53400	0.42	0.38	0.38	0	0	0.42
53500	0.42	0.37	0.37	0	0	0.42
53600	0.43	0.37	0.37	0	0	0.43
53700	0.43	0.37	0.37	0	0	0.43
53800	0.43	0.37	0.37	0	0	0.43
53900	0.43	0.37	0.37	0	0	0.43
54000	0.43	0.37	0.37	0	0	0.43
54100	0.43	0.37	0.37	0	0	0.43
54200	0.42	0.37	0.37	0	0	0.42
54300	0.42	0.37	0.37	0	0	0.42
54400	0.42	0.37	0.37	0	0	0.42
54500	0.42	0.37	0.37	0	0	0.42
54600	0.42	0.37	0.37	0	0	0.42
54700	0.43	0.37	0.37	0	0	0.43
54800	0.43	0.37	0.37	0	0	0.43
54900	0.43	0.37	0.37	0	0	0.43
55000	0.43	0.38	0.38	0	0	0.43
55100	0.43	0.37	0.37	0	0	0.43
55200	0.43	0.37	0.37	0	0	0.43
55300	0.43	0.37	0.37	0	0	0.43
55400	0.43	0.37	0.37	0	0	0.43
55500	0.43	0.37	0.37	0	0	0.43
55600	0.43	0.38	0.38	0	0	0.43
55700	0.43	0.38	0.38	0	0	0.43
55800	0.43	0.38	0.38	0	0	0.43
55900	0.43	0.39	0.39	0	0	0.43
56000	0.43	0.38	0.38	0	0	0.43
56100	0.43	0.38	0.38	0	0	0.43
56200	0.43	0.38	0.38	0	0	0.43
56300	0.43	0.38	0.38	0	0	0.43
56400	0.43	0.38	0.38	0	0	0.43
56500	0.43	0.38	0.38	0	0	0.43
56600	0.43	0.38	0.38	0	0	0.43
56700	0.43	0.38	0.38	0	0	0.43
56800	0.43	0.38	0.38	0	0	0.43
56900	0.43	0.38	0.38	0	0	0.43
57000	0.43	0.37	0.37	0	0	0.43
57100	0.43	0.37	0.37	0	0	0.43
57200	0.43	0.37	0.37	0	0	0.43
57300	0.43	0.37	0.37	0	0	0.43
57400	0.43	0.37	0.37	0	0	0.43
57500	0.44	0.37	0.37	0	0	0.44
57600	0.43	0.37	0.37	0	0	0.43
57700	0.43	0.37	0.37	0	0	0.43
57800	0.43	0.38	0.38	0	0	0.43
57900	0.43	0.38	0.38	0	0	0.43
58000	0.43	0.38	0.38	0	0	0.43
58100	0.43	0.38	0.38	0	0	0.43
58200	0.43	0.39	0.39	0	0	0.43
58300	0.43	0.39	0.39	0	0	0.43
58400	0.43	0.39	0.39	0	0	0.43
58500	0.43	0.39	0.39	0	0	0.43
58600	0.43	0.39	0.39	0	0	0.43
58700	0.43	0.39	0.39	0	0	0.43
58800	0.43	0.39	0.39	0	0	0.43
58900	0.43	0.39	0.39	0	0	0.43
59000	0.43	0.39	0.39	0	0	0.43
59100	0.43	0.39	0.39	0	0	0.43
59200	0.43	0.39	0.39	0	0	0.43
59300	0.43	0.39	0.39	0	0	0.43
59400	0.43	0.39	0.39	0	0	0.43
59500	0.43	0.4	0.4	0	0	0.43
59600	0.43	0.39	0.39	0	0	0.43
59700	0.43	0.39	0.39	0	0	0.43
59800	0.43	0.39	0.39	0	0	0.43
59900	0.43	0.39	0.39	0	0	0.43
60000	0.43	0.39	0.39	0	0	0.43
60100	0.44	0.39	0.39	0	0	0.44
60200	0.43	0.39	0.39	0	0	0.43
60300	0.43	0.39	0.39	0	0	0.43
60400	0.43	0.39	0.39	0	0	0.43
60500	0.43	0.4	0.4	0	0	0.43
60600	0.43	0.4	0.4	0	0	0.43
60700	0.43	0.4	0.4	0	0	0.43
60800	0.43	0.4	0.4	0	0	0.43
60900	0.43	0.4	0.4	0	0	0.43
61000	0.43	0.4	0.4	0	0	0.43
61100	0.43	0.39	0.39	0	0	0.43
61200	0.43	0.39	0.39	0	0	0.43
61300	0.43	0.39	0.39	0	0	0.43
61400	0.43	0.39	0.39	0	0	0.43
61500	0.43	0.39	0.39	0	0	0.43
61600	0.43	0.39	0.39	0	0	0.43
61700	0.43	0.39	0.39	0	0	0.43
61800	0.43	0.4	0.4	0	0	0.43
61900	0.43	0.4	0.4	0	0	0.43
62000	0.43	0.39	0.39	0	0	0.43
62100	0.43	0.39	0.39	0	0	0.43
62200	0.43	0.39	0.39	0	0	0.43
62300	0.43	0.39	0.39	0	0	0.43
62400	0.43	0.39	0.39	0	0	0.43
62500	0.44	0.4	0.4	0	0	0.44
62600	0.44	0.39	0.39	0	0	0.44
62700	0.44	0.39	0.39	0	0	0.44
62800	0.44	0.39	0.39	0	0	0.44
62900	0.44	0.39	0.39	0	0	0.44
63000	0.44	0.39	0.39	0	0	0.44
63100	0.44	0.39	0.39	0	0	0.44
63200	0.44	0.39	0.39	0	0	0.44
63300	0.44	0.39	0.39	0	0	0.44
63400	0.44	0.39	0.39	0	0	0.44
63500	0.44	0.39	0.39	0	0	0.44
63600	0.44	0.39	0.39	0	0	0.44
63700	0.44	0.4	0.4	0	0	0.44
63800	0.44	0.39	0.39	0	0	0.44
63900	0.44	0.4	0.4	0	0	0.44
64000	0.44	0.4	0.4	0	0	0.44
64100	0.45	0.4	0.4	0	0	0.45
64200	0.44	0.4	0.4	0	0	0.44
64300	0.44	0.4	0.4	0	0	0.44
64400	0.44	0.4	0.4	0	0	0.44
64500	0.44	0.41	0.41	0	0	0.44
64600	0.44	0.4	0.4	0	0	0.44
64700	0.44	0.4	0.4	0	0	0.44
64800	0.44	0.4	0.4	0	0	0.44
64900	0.44	0.4	0.4	0	0	0.44
65000	0.44	0.4	0.4	0	0	0.44
65100	0.44	0.4	0.4	0	0	0.44
65200	0.44	0.4	0.4	0	0	0.44
65300	0.44	0.41	0.41	0	0	0.44
65400	0.44	0.4	0.4	0	0	0.44
65500	0.44	0.4	0.4	0	0	0.44
65600	0.44	0.4	0.4	0	0	0.44
65700	0.44	0.4	0.4	0	0	0.44
65800	0.44	0.4	0.4	0	0	0.44
65900	0.44	0.4	0.4	0	0	0.44
66000	0.44	0.4	0.4	0	0	0.44
66100	0.45	0.4	0.4	0	0	0.45
66200	0.44	0.4	0.4	0	0	0.44
66300	0.44	0.41	0.41	0	0	0.44
66400	0.44	0.42	0.42	0	0	0.44
66500	0.44	0.42	0.42	0	0	0.44
66600	0.44	0.42	0.42	0	0	0.44
66700	0.44	0.42	0.42	0	0	0.44
66800	0.44	0.41	0.41	0	0	0.44
66900	0.44	0.41	0.41	0	0	0.44
67000	0.44	0.41	0.41	0	0	0.44
67100	0.44	0.41	0.41	0	0	0.44
67200	0.44	0.41	0.41	0	0	0.44
67300	0.44	0.41	0.41	0	0	0.44
67400	0.43	0.41	0.41	0	0	0.43
67500	0.43	0.41	0.41	0	0	0.43
67600	0.43	0.41	0.41	0	0	0.43
67700	0.43	0.41	0.41	0	0	0.43
67800	0.43	0.41	0.41	0	0	0.43
67900	0.43	0.41	0.41	0	0	0.43
68000	0.43	0.41	0.41	0	0	0.43
68100	0.44	0.41	0.41	0	0	0.44
68200	0.44	0.4	0.4	0	0	0.44
68300	0.43	0.4	0.4	0	0	0.43
68400	0.43	0.4	0.4	0	0	0.43
68500	0.42	0.4	0.4	0	0	0.42
68600	0.43	0.4	0.4	0	0	0.43
68700	0.43	0.4	0.4	0	0	0.43
68800	0.43	0.4	0.4	0	0	0.43
68900	0.43	0.4	0.4	0	0	0.43
69000	0.43	0.4	0.4	0	0	0.43
69100	0.43	0.4	0.4	0	0	0.43
69200	0.43	0.4	0.4	0	0	0.43
69300	0.43	0.41	0.41	0	0	0.43
69400	0.43	0.41	0.41	0	0	0.43
69500	0.43	0.41	0.41	0	0	0.43
69600	0.43	0.41	0.41	0	0	0.43
69700	0.43	0.41	0.41	0	0	0.43
69800	0.44	0.41	0.41	0	0	0.44
69900	0.43	0.41	0.41	0	0	0.43
70000	0.43	0.41	0.41	0	0	0.43
70100	0.43	0.41	0.41	0	0	0.43
70200	0.43	0.41	0.41	0	0	0.43
70300	0.43	0.41	0.41	0	0	0.43
70400	0.43	0.41	0.41	0	0	0.43
70500	0.44	0.41	0.41	0	0	0.44
70600	0.44	0.41	0.41	0	0	0.44
70700	0.44	0.41	0.41	0	0	0.44
70800	0.44	0.41	0.41	0	0	0.44
70900	0.44	0.41	0.41	0	0	0.44
71000	0.44	0.41	0.41	0	0	0.44
71100	0.44	0.41	0.41	0	0	0.44
71200	0.44	0.41	0.41	0	0	0.44
71300	0.44	0.41	0.41	0	0	0.44
71400	0.44	0.41	0.41	0	0	0.44
71500	0.44	0.41	0.41	0	0	0.44
71600	0.44	0.41	0.41	0	0	0.44
71700	0.44	0.41	0.41	0	0	0.44
71800	0.44	0.41	0.41	0	0	0.44
71900	0.44	0.41	0.41	0	0	0.44
72000	0.44	0.41	0.41	0	0	0.44
72100	0.44	0.41	0.41	0	0	0.44
72200	0.44	0.41	0.41	0	0	0.44
72300	0.44	0.41	0.41	0	0	0.44
72400	0.44	0.41	0.41	0	0	0.44
72500	0.44	0.41	0.41	0	0	0.44
72600	0.44	0.41	0.41	0	0	0.44
72700	0.44	0.41	0.41	0	0	0.44
72800	0.44	0.41	0.41	0	0	0.44
72900	0.44	0.41	0.41	0	0	0.44
73000	0.44	0.41	0.41	0	0	0.44
73100	0.44	0.41	0.41	0	0	0.44
73200	0.45	0.41	0.41	0	0	0.45
73300	0.45	0.41	0.41	0	0	0.45
73400	0.45	0.41	0.41	0	0	0.45
73500	0.43	0.41	0.41	0	0	0.43
73600	0.42	0.41	0.41	0	0	0.42
73700	0.42	0.42	0.42	0	0	0.42
73800	0.42	0.42	0.42	0	0	0.42
73900	0.42	0.42	0.42	0	0	0.42
74000	0.42	0.42	0.42	0	0	0.42
74100	0.42	0.42	0.42	0	0	0.42
74200	0.42	0.42	0.42	0	0	0.42
74300	0.42	0.42	0.42	0	0	0.42
74400	0.42	0.42	0.42	0	0	0.42
74500	0.42	0.42	0.42	0	0	0.42
74600	0.42	0.42	0.42	0	0	0.42
74700	0.42	0.42	0.42	0	0	0.42
74800	0.42	0.42	0.42	0	0	0.42
74900	0.42	0.42	0.42	0	0	0.42
75000	0.42	0.42	0.42	0	0	0.42
75100	0.41	0.42	0.42	0	0	0.41
75200	0.41	0.43	0.43	0	0	0.41
75300	0.41	0.44	0.44	0	0	0.41
75400	0.41	0.44	0.44	0	0	0.41
75500	0.41	0.44	0.44	0	0	0.41
75600	0.41	0.44	0.44	0	0	0.41
75700	0.41	0.44	0.44	0	0	0.41
75800	0.41	0.44	0.44	0	0	0.41
75900	0.41	0.43	0.43	0	0	0.41
76000	0.41	0.43	0.43	0	0	0.41
76100	0.41	0.43	0.43	0	0	0.41
76200	0.41	0.43	0.43	0	0	0.41
76300	0.41	0.44	0.44	0	0	0.41
76400	0.41	0.43	0.43	0	0	0.41
76500	0.41	0.43	0.43	0	0	0.41
76600	0.41	0.43	0.43	0	0	0.41
76700	0.41	0.43	0.43	0	0	0.41
76800	0.41	0.43	0.43	0	0	0.41
76900	0.41	0.43	0.43	0	0	0.41
77000	0.41	0.43	0.43	0	0	0.41
77100	0.41	0.43	0.43	0	0	0.41
77200	0.41	0.43	0.43	0	0	0.41
77300	0.41	0.43	0.43	0	0	0.41
77400	0.41	0.43	0.43	0	0	0.41
77500	0.41	0.43	0.43	0	0	0.41
77600	0.41	0.43	0.43	0	0	0.41
77700	0.41	0.43	0.43	0	0	0.41
77800	0.41	0.43	0.43	0	0	0.41
77900	0.41	0.43	0.43	0	0	0.41
78000	0.41	0.43	0.43	0	0	0.41
78100	0.41	0.43	0.43	0	0	0.41
78200	0.41	0.43	0.43	0	0	0.41
78300	0.41	0.43	0.43	0	0	0.41
78400	0.41	0.43	0.43	0	0	0.41
78500	0.41	0.43	0.43	0	0	0.41
78600	0.41	0.44	0.44	0	0	0.41
78700	0.41	0.44	0.44	0	0	0.41
78800	0.41	0.44	0.44	0	0	0.41
78900	0.41	0.44	0.44	0	0	0.41
79000	0.41	0.45	0.45	0	0	0.41
79100	0.41	0.45	0.45	0	0	0.41
79200	0.41	0.45	0.45	0	0	0.41
79300	0.41	0.45	0.45	0	0	0.41
79400	0.41	0.46	0.46	0	0	0.41
79500	0.41	0.47	0.47	0	0	0.41
79600	0.41	0.47	0.47	0	0	0.41
79700	0.41	0.47	0.47	0	0	0.41
79800	0.41	0.47	0.47	0	0	0.41
79900	0.42	0.47	0.47	0	0	0.42
80000	0.42	0.47	0.47	0	0	0.42
80100	0.42	0.46	0.46	0	0	0.42
80200	0.42	0.46	0.46	0	0	0.42
80300	0.42	0.46	0.46	0	0	0.42
80400	0.42	0.46	0.46	0	0	0.42
80500	0.42	0.46	0.46	0	0	0.42
80600	0.42	0.46	0.46	0	0	0.42
80700	0.42	0.46	0.46	0	0	0.42
80800	0.42	0.46	0.46	0	0	0.42
80900	0.42	0.46	0.46	0	0	0.42
81000	0.42	0.46	0.46	0	0	0.42
81100	0.42	0.46	0.46	0	0	0.42
81200	0.43	0.45	0.45	0	0	0.43
81300	0.43	0.45	0.45	0	0	0.43
81400	0.43	0.45	0.45	0	0	0.43
81500	0.43	0.45	0.45	0	0	0.43
81600	0.43	0.45	0.45	0	0	0.43
81700	0.43	0.45	0.45	0	0	0.43
81800	0.43	0.45	0.45	0	0	0.43
81900	0.43	0.45	0.45	0	0	0.43
82000	0.44	0.45	0.45	0	0	0.44
82100	0.44	0.45	0.45	0	0	0.44
82200	0.43	0.45	0.45	0	0	0.43
82300	0.43	0.45	0.45	0	0	0.43
82400	0.43	0.45	0.45	0	0	0.43
82500	0.43	0.45	0.45	0	0	0.43
82600	0.43	0.45	0.45	0	0	0.43
82700	0.43	0.45	0.45	0	0	0.43
82800	0.43	0.45	0.45	0	0	0.43
82900	0.42	0.44	0.44	0	0	0.42
83000	0.42	0.44	0.44	0	0	0.42
83100	0.42	0.44	0.44	0	0	0.42
83200	0.42	0.44	0.44	0	0	0.42
83300	0.42	0.44	0.44	0	0	0.42
83400	0.42	0.44	0.44	0	0	0.42
83500	0.42	0.44	0.44	0	0	0.42
83600	0.42	0.44	0.44	0	0	0.42
83700	0.42	0.44	0.44	0	0	0.42
83800	0.42	0.44	0.44	0	0	0.42
83900	0.42	0.44	0.44	0	0	0.42
84000	0.42	0.44	0.44	0	0	0.42
84100	0.42	0.44	0.44	0	0	0.42
84200	0.42	0.44	0.44	0	0	0.42
84300	0.43	0.44	0.44	0	0	0.43
84400	0.43	0.44	0.44	0	0	0.43
84500	0.43	0.44	0.44	0	0	0.43
84600	0.43	0.44	0.44	0	0	0.43
84700	0.43	0.44	0.44	0	0	0.43
84800	0.43	0.44	0.44	0	0	0.43
84900	0.43	0.44	0.44	0	0	0.43
85000	0.43	0.43	0.43	0	0	0.43
85100	0.43	0.44	0.44	0	0	0.43
85200	0.43	0.43	0.43	0	0	0.43
85300	0.43	0.43	0.43	0	0	0.43
85400	0.43	0.43	0.43	0	0	0.43
85500	0.43	0.43	0.43	0	0	0.43
85600	0.43	0.43	0.43	0	0	0.43
85700	0.43	0.43	0.43	0	0	0.43
85800	0.43	0.43	0.43	0	0	0.43
85900	0.43	0.43	0.43	0	0	0.43
86000	0.44	0.43	0.43	0	0	0.44
86100	0.44	0.42	0.42	0	0	0.44
86200	0.44	0.42	0.42	0	0	0.44
86300	0.44	0.42	0.42	0	0	0.44
86400	0.44	0.42	0.42	0	0	0.44
86500	0.44	0.42	0.42	0	0	0.44
86600	0.43	0.42	0.42	0	0	0.43
86700	0.43	0.42	0.42	0	0	0.43
86800	0.43	0.43	0.43	0	0	0.43
86900	0.43	0.41	0.41	0	0	0.43
87000	0.43	0.41	0.41	0	0	0.43
87100	0.43	0.41	0.41	0	0	0.43
87200	0.43	0.41	0.41	0	0	0.43
87300	0.43	0.41	0.41	0	0	0.43
87400	0.43	0.41	0.41	0	0	0.43
87500	0.43	0.41	0.41	0	0	0.43
87600	0.43	0.41	0.41	0	0	0.43
87700	0.43	0.41	0.41	0	0	0.43
87800	0.43	0.41	0.41	0	0	0.43
87900	0.43	0.41	0.41	0	0	0.43
88000	0.43	0.41	0.41	0	0	0.43
88100	0.43	0.41	0.41	0	0	0.43
88200	0.42	0.41	0.41	0	0	0.42
88300	0.42	0.41	0.41	0	0	0.42
88400	0.42	0.41	0.41	0	0	0.42
88500	0.42	0.41	0.41	0	0	0.42
88600	0.42	0.41	0.41	0	0	0.42
88700	0.42	0.41	0.41	0	0	0.42
88800	0.42	0.41	0.41	0	0	0.42
88900	0.43	0.41	0.41	0	0	0.43
89000	0.43	0.41	0.41	0	0	0.43
89100	0.43	0.41	0.41	0	0	0.43
89200	0.43	0.41	0.41	0	0	0.43
89300	0.43	0.41	0.41	0	0	0.43
89400	0.43	0.41	0.41	0	0	0.43
89500	0.44	0.41	0.41	0	0	0.44
89600	0.44	0.41	0.41	0	0	0.44
89700	0.44	0.41	0.41	0	0	0.44
89800	0.44	0.41	0.41	0	0	0.44
89900	0.44	0.41	0.41	0	0	0.44
90000	0.44	0.41	0.41	0	0	0.44
90100	0.44	0.41	0.41	0	0	0.44
90200	0.44	0.41	0.41	0	0	0.44
90300	0.44	0.41	0.41	0	0	0.44
90400	0.44	0.41	0.41	0	0	0.44
90500	0.44	0.41	0.41	0	0	0.44
90600	0.44	0.41	0.41	0	0	0.44
90700	0.44	0.41	0.41	0	0	0.44
90800	0.44	0.41	0.41	0	0	0.44
90900	0.44	0.41	0.41	0	0	0.44
91000	0.44	0.41	0.41	0	0	0.44
91100	0.44	0.41	0.41	0	0	0.44
91200	0.44	0.41	0.41	0	0	0.44
91300	0.44	0.41	0.41	0	0	0.44
91400	0.44	0.41	0.41	0	0	0.44
91500	0.44	0.41	0.41	0	0	0.44
91600	0.44	0.41	0.41	0	0	0.44
91700	0.44	0.41	0.41	0	0	0.44
91800	0.44	0.41	0.41	0	0	0.44
91900	0.44	0.41	0.41	0	0	0.44
92000	0.45	0.41	0.41	0	0	0.45
92100	0.44	0.41	0.41	0	0	0.44
92200	0.44	0.4	0.4	0	0	0.44
92300	0.44	0.4	0.4	0	0	0.44
92400	0.44	0.4	0.4	0	0	0.44
92500	0.44	0.4	0.4	0	0	0.44
92600	0.44	0.4	0.4	0	0	0.44
92700	0.43	0.4	0.4	0	0	0.43
92800	0.43	0.4	0.4	0	0	0.43
92900	0.43	0.4	0.4	0	0	0.43
93000	0.43	0.4	0.4	0	0	0.43
93100	0.43	0.4	0.4	0	0	0.43
93200	0.43	0.4	0.4	0	0	0.43
93300	0.43	0.4	0.4	0	0	0.43
93400	0.43	0.4	0.4	0	0	0.43
93500	0.43	0.4	0.4	0	0	0.43
93600	0.43	0.4	0.4	0	0	0.43
93700	0.43	0.4	0.4	0	0	0.43
93800	0.43	0.41	0.41	0	0	0.43
93900	0.43	0.41	0.41	0	0	0.43
94000	0.43	0.41	0.41	0	0	0.43
94100	0.43	0.41	0.41	0	0	0.43
94200	0.43	0.41	0.41	0	0	0.43
94300	0.43	0.41	0.41	0	0	0.43
94400	0.43	0.41	0.41	0	0	0.43
94500	0.43	0.41	0.41	0	0	0.43
94600	0.43	0.41	0.41	0	0	0.43
94700	0.43	0.41	0.41	0	0	0.43
94800	0.42	0.41	0.41	0	0	0.42
94900	0.42	0.41	0.41	0	0	0.42
95000	0.42	0.41	0.41	0	0	0.42
95100	0.42	0.41	0.41	0	0	0.42
95200	0.42	0.42	0.42	0	0	0.42
95300	0.42	0.42	0.42	0	0	0.42
95400	0.42	0.42	0.42	0	0	0.42
95500	0.42	0.42	0.42	0	0	0.42
95600	0.42	0.41	0.41	0	0	0.42
95700	0.42	0.41	0.41	0	0	0.42
95800	0.43	0.41	0.41	0	0	0.43
95900	0.43	0.41	0.41	0	0	0.43
96000	0.42	0.41	0.41	0	0	0.42
96100	0.42	0.41	0.41	0	0	0.42
96200	0.42	0.41	0.41	0	0	0.42
96300	0.42	0.41	0.41	0	0	0.42
96400	0.42	0.41	0.41	0	0	0.42
96500	0.42	0.39	0.39	0	0	0.42
96600	0.42	0.39	0.39	0	0	0.42
96700	0.42	0.39	0.39	0	0	0.42
96800	0.42	0.38	0.38	0	0	0.42
96900	0.43	0.38	0.38	0	0	0.43
97000	0.43	0.38	0.38	0	0	0.43
97100	0.43	0.38	0.38	0	0	0.43
97200	0.42	0.38	0.38	0	0	0.42
97300	0.42	0.38	0.38	0	0	0.42
97400	0.42	0.38	0.38	0	0	0.42
97500	0.42	0.38	0.38	0	0	0.42
97600	0.43	0.37	0.37	0	0	0.43
97700	0.42	0.37	0.37	0	0	0.42
97800	0.42	0.37	0.37	0	0	0.42
97900	0.42	0.37	0.37	0	0	0.42
98000	0.42	0.37	0.37	0	0	0.42
98100	0.42	0.37	0.37	0	0	0.42
98200	0.42	0.37	0.37	0	0	0.42
98300	0.42	0.37	0.37	0	0	0.42
98400	0.42	0.37	0.37	0	0	0.42
98500	0.42	0.37	0.37	0	0	0.42
98600	0.42	0.37	0.37	0	0	0.42
98700	0.42	0.36	0.36	0	0	0.42
98800	0.42	0.36	0.36	0	0	0.42
98900	0.42	0.36	0.36	0	0	0.42
99000	0.42	0.36	0.36	0	0	0.42
99100	0.42	0.36	0.36	0	0	0.42
99200	0.42	0.36	0.36	0	0	0.42
99300	0.42	0.36	0.36	0	0	0.42
99400	0.42	0.36	0.36	0	0	0.42
99500	0.42	0.36	0.36	0	0	0.42
99600	0.42	0.36	0.36	0	0	0.42
99700	0.42	0.36	0.36	0	0	0.42
99800	0.42	0.36	0.36	0	0	0.42
99900	0.42	0.36	0.36	0	0	0.42
100000	0.42	0.37	0.37	0	0	0.42
100100	0.42	0.37	0.37	0	0	0.42
100200	0.42	0.37	0.37	0	0	0.42
100300	0.42	0.37	0.37	0	0	0.42
100400	0.42	0.37	0.37	0	0	0.42
100500	0.42	0.37	0.37	0	0	0.42
100600	0.42	0.37	0.37	0	0	0.42
100700	0.42	0.38	0.38	0	0	0.42
100800	0.42	0.38	0.38	0	0	0.42
100900	0.42	0.38	0.38	0	0	0.42
101000	0.42	0.38	0.38	0	0	0.42
101100	0.42	0.39	0.39	0	0	0.42
101200	0.42	0.38	0.38	0	0	0.42
101300	0.42	0.38	0.38	0	0	0.42
101400	0.42	0.38	0.38	0	0	0.42
101500	0.43	0.38	0.38	0	0	0.43
101600	0.44	0.38	0.38	0	0	0.44
101700	0.44	0.38	0.38	0	0	0.44
101800	0.44	0.38	0.38	0	0	0.44
101900	0.44	0.38	0.38	0	0	0.44
102000	0.44	0.38	0.38	0	0	0.44
102100	0.44	0.38	0.38	0	0	0.44
102200	0.44	0.38	0.38	0	0	0.44
102300	0.44	0.38	0.38	0	0	0.44
102400	0.44	0.38	0.38	0	0	0.44
102500	0.45	0.38	0.38	0	0	0.45
102600	0.44	0.38	0.38	0	0	0.44
102700	0.44	0.38	0.38	0	0	0.44
102800	0.44	0.38	0.38	0	0	0.44
102900	0.43	0.38	0.38	0	0	0.43
103000	0.43	0.38	0.38	0	0	0.43
103100	0.43	0.39	0.39	0	0	0.43
103200	0.43	0.38	0.38	0	0	0.43
103300	0.44	0.38	0.38	0	0	0.44
103400	0.45	0.38	0.38	0	0	0.45
103500	0.45	0.38	0.38	0	0	0.45
103600	0.45	0.38	0.38	0	0	0.45
103700	0.45	0.38	0.38	0	0	0.45
103800	0.45	0.38	0.38	0	0	0.45
103900	0.45	0.38	0.38	0	0	0.45
104000	0.45	0.38	0.38	0	0	0.45
104100	0.45	0.38	0.38	0	0	0.45
104200	0.45	0.38	0.38	0	0	0.45
104300	0.45	0.38	0.38	0	0	0.45
104400	0.45	0.38	0.38	0	0	0.45
104500	0.45	0.38	0.38	0	0	0.45
104600	0.45	0.38	0.38	0	0	0.45
104700	0.45	0.38	0.38	0	0	0.45
104800	0.45	0.38	0.38	0	0	0.45
104900	0.45	0.38	0.38	0	0	0.45
105000	0.45	0.38	0.38	0	0	0.45
105100	0.46	0.38	0.38	0	0	0.46
105200	0.46	0.38	0.38	0	0	0.46
105300	0.46	0.38	0.38	0	0	0.46
105400	0.46	0.38	0.38	0	0	0.46
105500	0.45	0.38	0.38	0	0	0.45
105600	0.45	0.38	0.38	0	0	0.45
105700	0.45	0.38	0.38	0	0	0.45
105800	0.45	0.38	0.38	0	0	0.45
105900	0.45	0.38	0.38	0	0	0.45
106000	0.45	0.38	0.38	0	0	0.45
106100	0.45	0.38	0.38	0	0	0.45
106200	0.45	0.38	0.38	0	0	0.45
106300	0.45	0.38	0.38	0	0	0.45
106400	0.45	0.38	0.38	0	0	0.45
106500	0.45	0.38	0.38	0	0	0.45
106600	0.45	0.38	0.38	0	0	0.45
106700	0.45	0.38	0.38	0	0	0.45
106800	0.45	0.39	0.39	0	0	0.45
106900	0.45	0.39	0.39	0	0	0.45
107000	0.45	0.39	0.39	0	0	0.45
107100	0.45	0.39	0.39	0	0	0.45
107200	0.45	0.39	0.39	0	0	0.45
107300	0.45	0.39	0.39	0	0	0.45
107400	0.45	0.39	0.39	0	0	0.45
107500	0.45	0.39	0.39	0	0	0.45
107600	0.45	0.39	0.39	0	0	0.45
107700	0.45	0.39	0.39	0	0	0.45
107800	0.45	0.39	0.39	0	0	0.45
107900	0.45	0.39	0.39	0	0	0.45
108000	0.45	0.39	0.39	0	0	0.45
108100	0.45	0.39	0.39	0	0	0.45
108200	0.45	0.39	0.39	0	0	0.45
108300	0.45	0.39	0.39	0	0	0.45
108400	0.45	0.39	0.39	0	0	0.45
108500	0.45	0.39	0.39	0	0	0.45
108600	0.45	0.39	0.39	0	0	0.45
108700	0.45	0.39	0.39	0	0	0.45
108800	0.46	0.39	0.39	0	0	0.46
108900	0.46	0.39	0.39	0	0	0.46
109000	0.46	0.39	0.39	0	0	0.46
109100	0.46	0.39	0.39	0	0	0.46
109200	0.46	0.39	0.39	0	0	0.46
109300	0.46	0.39	0.39	0	0	0.46
109400	0.46	0.39	0.39	0	0	0.46
109500	0.46	0.39	0.39	0	0	0.46
109600	0.46	0.39	0.39	0	0	0.46
109700	0.46	0.39	0.39	0	0	0.46
109800	0.46	0.39	0.39	0	0	0.46
109900	0.46	0.39	0.39	0	0	0.46
110000	0.46	0.39	0.39	0	0	0.46
110100	0.46	0.39	0.39	0	0	0.46
110200	0.46	0.39	0.39	0	0	0.46
110300	0.46	0.39	0.39	0	0	0.46
110400	0.46	0.4	0.4	0	0	0.46
110500	0.46	0.39	0.39	0	0	0.46
110600	0.46	0.39	0.39	0	0	0.46
110700	0.46	0.38	0.38	0	0	0.46
110800	0.47	0.38	0.38	0	0	0.47
110900	0.47	0.38	0.38	0	0	0.47
111000	0.47	0.38	0.38	0	0	0.47
111100	0.47	0.38	0.38	0	0	0.47
111200	0.47	0.38	0.38	0	0	0.47
111300	0.47	0.38	0.38	0	0	0.47
111400	0.47	0.38	0.38	0	0	0.47
111500	0.47	0.38	0.38	0	0	0.47
111600	0.47	0.38	0.38	0	0	0.47
111700	0.47	0.38	0.38	0	0	0.47
111800	0.47	0.38	0.38	0	0	0.47
111900	0.47	0.38	0.38	0	0	0.47
112000	0.47	0.39	0.39	0	0	0.47
112100	0.47	0.39	0.39	0	0	0.47
112200	0.47	0.38	0.38	0	0	0.47
112300	0.47	0.38	0.38	0	0	0.47
112400	0.48	0.38	0.38	0	0	0.48
112500	0.48	0.38	0.38	0	0	0.48
112600	0.48	0.38	0.38	0	0	0.48
112700	0.48	0.38	0.38	0	0	0.48
112800	0.48	0.38	0.38	0	0	0.48
112900	0.47	0.38	0.38	0	0	0.47
113000	0.47	0.38	0.38	0	0	0.47
113100	0.47	0.38	0.38	0	0	0.47
113200	0.47	0.38	0.38	0	0	0.47
113300	0.47	0.38	0.38	0	0	0.47
113400	0.47	0.38	0.38	0	0	0.47
113500	0.47	0.38	0.38	0	0	0.47
113600	0.47	0.38	0.38	0	0	0.47
113700	0.47	0.38	0.38	0	0	0.47
113800	0.47	0.38	0.38	0	0	0.47
113900	0.47	0.38	0.38	0	0	0.47
114000	0.47	0.38	0.38	0	0	0.47
114100	0.47	0.38	0.38	0	0	0.47
114200	0.47	0.38	0.38	0	0	0.47
114300	0.47	0.38	0.38	0	0	0.47
114400	0.47	0.38	0.38	0	0	0.47
114500	0.47	0.38	0.38	0	0	0.47
114600	0.47	0.38	0.38	0	0	0.47
114700	0.46	0.38	0.38	0	0	0.46
114800	0.46	0.38	0.38	0	0	0.46
114900	0.46	0.38	0.38	0	0	0.46
115000	0.46	0.38	0.38	0	0	0.46
115100	0.46	0.38	0.38	0	0	0.46
115200	0.46	0.38	0.38	0	0	0.46
115300	0.46	0.38	0.38	0	0	0.46
115400	0.46	0.39	0.39	0	0	0.46
115500	0.45	0.39	0.39	0	0	0.45
115600	0.45	0.39	0.39	0	0	0.45
115700	0.45	0.39	0.39	0	0	0.45
115800	0.45	0.39	0.39	0	0	0.45
115900	0.45	0.39	0.39	0	0	0.45
116000	0.45	0.39	0.39	0	0	0.45
116100	0.45	0.39	0.39	0	0	0.45
116200	0.45	0.39	0.39	0	0	0.45
116300	0.45	0.39	0.39	0	0	0.45
116400	0.45	0.39	0.39	0	0	0.45
116500	0.45	0.39	0.39	0	0	0.45
116600	0.45	0.39	0.39	0	0	0.45
116700	0.45	0.39	0.39	0	0	0.45
116800	0.45	0.39	0.39	0	0	0.45
116900	0.45	0.39	0.39	0	0	0.45
117000	0.45	0.39	0.39	0	0	0.45
117100	0.45	0.39	0.39	0	0	0.45
117200	0.45	0.39	0.39	0	0	0.45
117300	0.45	0.39	0.39	0	0	0.45
117400	0.45	0.39	0.39	0	0	0.45
117500	0.45	0.39	0.39	0	0	0.45
117600	0.45	0.39	0.39	0	0	0.45
117700	0.45	0.39	0.39	0	0	0.45
117800	0.45	0.39	0.39	0	0	0.45
117900	0.47	0.39	0.39	0	0	0.47
118000	0.46	0.39	0.39	0	0	0.46
118100	0.46	0.4	0.4	0	0	0.46
118200	0.46	0.41	0.41	0	0	0.46
118300	0.46	0.41	0.41	0	0	0.46
118400	0.46	0.41	0.41	0	0	0.46
118500	0.46	0.41	0.41	0	0	0.46
118600	0.46	0.41	0.41	0	0	0.46
118700	0.46	0.41	0.41	0	0	0.46
118800	0.45	0.41	0.41	0	0	0.45
118900	0.45	0.41	0.41	0	0	0.45
119000	0.45	0.41	0.41	0	0	0.45
119100	0.45	0.41	0.41	0	0	0.45
119200	0.44	0.41	0.41	0	0	0.44
119300	0.44	0.41	0.41	0	0	0.44
119400	0.44	0.41	0.41	0	0	0.44
119500	0.44	0.41	0.41	0	0	0.44
119600	0.43	0.41	0.41	0	0	0.43
119700	0.43	0.41	0.41	0	0	0.43
119800	0.43	0.41	0.41	0	0	0.43
119900	0.43	0.41	0.41	0	0	0.43
120000	0.43	0.41	0.41	0	0	0.43
120100	0.43	0.41	0.41	0	0	0.43
120200	0.43	0.42	0.42	0	0	0.43
120300	0.43	0.42	0.42	0	0	0.43
120400	0.43	0.42	0.42	0	0	0.43
120500	0.43	0.42	0.42	0	0	0.43
120600	0.43	0.42	0.42	0	0	0.43
120700	0.43	0.42	0.42	0	0	0.43
120800	0.43	0.42	0.42	0	0	0.43
120900	0.43	0.42	0.42	0	0	0.43
121000	0.43	0.42	0.42	0	0	0.43
121100	0.43	0.42	0.42	0	0	0.43
121200	0.43	0.41	0.41	0	0	0.43
121300	0.43	0.41	0.41	0	0	0.43
121400	0.43	0.4	0.4	0	0	0.43
121500	0.43	0.39	0.39	0	0	0.43
121600	0.44	0.39	0.39	0	0	0.44
121700	0.44	0.39	0.39	0	0	0.44
121800	0.44	0.39	0.39	0	0	0.44
121900	0.44	0.38	0.38	0	0	0.44
122000	0.44	0.38	0.38	0	0	0.44
122100	0.44	0.38	0.38	0	0	0.44
122200	0.45	0.38	0.38	0	0	0.45
122300	0.44	0.38	0.38	0	0	0.44
122400	0.44	0.38	0.38	0	0	0.44
122500	0.43	0.38	0.38	0	0	0.43
122600	0.43	0.38	0.38	0	0	0.43
122700	0.4	0.38	0.38	0	0	0.4
122800	0.4	0.38	0.38	0	0	0.4
122900	0.4	0.37	0.37	0	0	0.4
123000	0.4	0.36	0.36	0	0	0.4
123100	0.4	0.37	0.37	0	0	0.4
123200	0.4	0.37	0.37	0	0	0.4
123300	0.4	0.37	0.37	0	0	0.4
123400	0.4	0.38	0.38	0	0	0.4
123500	0.4	0.36	0.36	0	0	0.4
123600	0.4	0.35	0.35	0	0	0.4
123700	0.4	0.35	0.35	0	0	0.4
123800	0.4	0.35	0.35	0	0	0.4
123900	0.4	0.35	0.35	0	0	0.4
124000	0.4	0.35	0.35	0	0	0.4
124100	0.4	0.35	0.35	0	0	0.4
124200	0.4	0.35	0.35	0	0	0.4
124300	0.4	0.35	0.35	0	0	0.4
124400	0.4	0.35	0.35	0	0	0.4
124500	0.4	0.35	0.35	0	0	0.4
124600	0.4	0.35	0.35	0	0	0.4
124700	0.4	0.35	0.35	0	0	0.4
124800	0.4	0.35	0.35	0	0	0.4
124900	0.4	0.36	0.36	0	0	0.4
125000	0.4	0.36	0.36	0	0	0.4
125100	0.4	0.36	0.36	0	0	0.4
125200	0.39	0.36	0.36	0	0	0.39
125300	0.39	0.36	0.36	0	0	0.39
125400	0.39	0.36	0.36	0	0	0.39
125500	0.39	0.35	0.35	0	0	0.39
125600	0.39	0.35	0.35	0	0	0.39
125700	0.39	0.35	0.35	0	0	0.39
125800	0.39	0.35	0.35	0	0	0.39
125900	0.39	0.35	0.35	0	0	0.39
126000	0.39	0.35	0.35	0	0	0.39
126100	0.39	0.35	0.35	0	0	0.39
126200	0.39	0.36	0.36	0	0	0.39
126300	0.39	0.36	0.36	0	0	0.39
126400	0.4	0.36	0.36	0	0	0.4
126500	0.4	0.35	0.35	0	0	0.4
126600	0.4	0.35	0.35	0	0	0.4
126700	0.4	0.35	0.35	0	0	0.4
126800	0.4	0.36	0.36	0	0	0.4
126900	0.4	0.36	0.36	0	0	0.4
127000	0.4	0.36	0.36	0	0	0.4
127100	0.4	0.36	0.36	0	0	0.4
127200	0.4	0.36	0.36	0	0	0.4
127300	0.4	0.36	0.36	0	0	0.4
127400	0.4	0.36	0.36	0	0	0.4
127500	0.42	0.36	0.36	0	0	0.42
127600	0.41	0.36	0.36	0	0	0.41
127700	0.41	0.36	0.36	0	0	0.41
127800	0.41	0.36	0.36	0	0	0.41
127900	0.41	0.36	0.36	0	0	0.41
128000	0.41	0.36	0.36	0	0	0.41
128100	0.41	0.37	0.37	0	0	0.41
128200	0.42	0.37	0.37	0	0	0.42
128300	0.42	0.37	0.37	0	0	0.42
128400	0.42	0.38	0.38	0	0	0.42
128500	0.42	0.37	0.37	0	0	0.42
128600	0.42	0.38	0.38	0	0	0.42
128700	0.42	0.39	0.39	0	0	0.42
128800	0.42	0.38	0.38	0	0	0.42
128900	0.42	0.38	0.38	0	0	0.42
129000	0.42	0.38	0.38	0	0	0.42
129100	0.42	0.38	0.38	0	0	0.42
129200	0.42	0.38	0.38	0	0	0.42
129300	0.42	0.38	0.38	0	0	0.42
129400	0.43	0.38	0.38	0	0	0.43
129500	0.42	0.39	0.39	0	0	0.42
129600	0.42	0.39	0.39	0	0	0.42
129700	0.42	0.39	0.39	0	0	0.42
129800	0.42	0.39	0.39	0	0	0.42
129900	0.42	0.39	0.39	0	0	0.42
130000	0.42	0.39	0.39	0	0	0.42
130100	0.42	0.4	0.4	0	0	0.42
130200	0.42	0.4	0.4	0	0	0.42
130300	0.42	0.4	0.4	0	0	0.42
130400	0.42	0.4	0.4	0	0	0.42
130500	0.42	0.4	0.4	0	0	0.42
130600	0.42	0.39	0.39	0	0	0.42
130700	0.42	0.38	0.38	0	0	0.42
130800	0.43	0.38	0.38	0	0	0.43
130900	0.43	0.38	0.38	0	0	0.43
131000	0.43	0.36	0.36	0	0	0.43
131100	0.42	0.36	0.36	0	0	0.42
131200	0.41	0.36	0.36	0	0	0.41
131300	0.41	0.36	0.36	0	0	0.41
131400	0.41	0.36	0.36	0	0	0.41
131500	0.42	0.36	0.36	0	0	0.42
131600	0.43	0.36	0.36	0	0	0.43
131700	0.43	0.36	0.36	0	0	0.43
131800	0.43	0.36	0.36	0	0	0.43
131900	0.43	0.36	0.36	0	0	0.43
132000	0.42	0.36	0.36	0	0	0.42
132100	0.42	0.36	0.36	0	0	0.42
132200	0.42	0.36	0.36	0	0	0.42
132300	0.42	0.37	0.37	0	0	0.42
132400	0.42	0.37	0.37	0	0	0.42
132500	0.42	0.36	0.36	0	0	0.42
132600	0.42	0.36	0.36	0	0	0.42
132700	0.42	0.36	0.36	0	0	0.42
132800	0.42	0.36	0.36	0	0	0.42
132900	0.42	0.36	0.36	0	0	0.42
133000	0.43	0.36	0.36	0	0	0.43
133100	0.43	0.36	0.36	0	0	0.43
133200	0.43	0.36	0.36	0	0	0.43
133300	0.43	0.36	0.36	0	0	0.43
133400	0.43	0.36	0.36	0	0	0.43
133500	0.43	0.35	0.35	0	0	0.43
133600	0.43	0.35	0.35	0	0	0.43
133700	0.43	0.35	0.35	0	0	0.43
133800	0.43	0.35	0.35	0	0	0.43
133900	0.43	0.34	0.34	0	0	0.43
134000	0.43	0.34	0.34	0	0	0.43
134100	0.43	0.34	0.34	0	0	0.43
134200	0.44	0.34	0.34	0	0	0.44
134300	0.43	0.34	0.34	0	0	0.43
134400	0.42	0.34	0.34	0	0	0.42
134500	0.42	0.34	0.34	0	0	0.42
134600	0.42	0.34	0.34	0	0	0.42
134700	0.42	0.34	0.34	0	0	0.42
134800	0.42	0.34	0.34	0	0	0.42
134900	0.42	0.34	0.34	0	0	0.42
135000	0.42	0.34	0.34	0	0	0.42
135100	0.42	0.34	0.34	0	0	0.42
135200	0.42	0.34	0.34	0	0	0.42
135300	0.42	0.34	0.34	0	0	0.42
135400	0.42	0.34	0.34	0	0	0.42
135500	0.42	0.34	0.34	0	0	0.42
135600	0.42	0.34	0.34	0	0	0.42
135700	0.42	0.34	0.34	0	0	0.42
135800	0.42	0.34	0.34	0	0	0.42
135900	0.42	0.35	0.35	0	0	0.42
136000	0.42	0.35	0.35	0	0	0.42
136100	0.43	0.35	0.35	0	0	0.43
136200	0.42	0.35	0.35	0	0	0.42
136300	0.42	0.35	0.35	0	0	0.42
136400	0.42	0.35	0.35	0	0	0.42
136500	0.43	0.35	0.35	0	0	0.43
136600	0.43	0.35	0.35	0	0	0.43
136700	0.43	0.35	0.35	0	0	0.43
136800	0.43	0.35	0.35	0	0	0.43
136900	0.43	0.35	0.35	0	0	0.43
137000	0.43	0.35	0.35	0	0	0.43
137100	0.43	0.36	0.36	0	0	0.43
137200	0.43	0.35	0.35	0	0	0.43
137300	0.43	0.35	0.35	0	0	0.43
137400	0.43	0.35	0.35	0	0	0.43
137500	0.44	0.35	0.35	0	0	0.44
137600	0.44	0.35	0.35	0	0	0.44
137700	0.44	0.35	0.35	0	0	0.44
137800	0.43	0.35	0.35	0	0	0.43
137900	0.43	0.35	0.35	0	0	0.43
138000	0.43	0.35	0.35	0	0	0.43
138100	0.43	0.35	0.35	0	0	0.43
138200	0.43	0.35	0.35	0	0	0.43
138300	0.43	0.35	0.35	0	0	0.43
138400	0.42	0.35	0.35	0	0	0.42
138500	0.42	0.35	0.35	0	0	0.42
138600	0.41	0.35	0.35	0	0	0.41
138700	0.42	0.35	0.35	0	0	0.42
138800	0.42	0.35	0.35	0	0	0.42
138900	0.43	0.35	0.35	0	0	0.43
139000	0.43	0.35	0.35	0	0	0.43
139100	0.43	0.35	0.35	0	0	0.43
139200	0.44	0.35	0.35	0	0	0.44
139300	0.44	0.35	0.35	0	0	0.44
139400	0.44	0.35	0.35	0	0	0.44
139500	0.44	0.35	0.35	0	0	0.44
139600	0.45	0.35	0.35	0	0	0.45
139700	0.44	0.35	0.35	0	0	0.44
139800	0.45	0.35	0.35	0	0	0.45
139900	0.44	0.35	0.35	0	0	0.44
140000	0.44	0.35	0.35	0	0	0.44
140100	0.44	0.35	0.35	0	0	0.44
140200	0.44	0.36	0.36	0	0	0.44
140300	0.45	0.35	0.35	0	0	0.45
140400	0.45	0.35	0.35	0	0	0.45
140500	0.45	0.35	0.35	0	0	0.45
140600	0.45	0.35	0.35	0	0	0.45
140700	0.45	0.36	0.36	0	0	0.45
140800	0.46	0.38	0.38	0	0	0.46
140900	0.45	0.38	0.38	0	0	0.45
141000	0.45	0.38	0.38	0	0	0.45
141100	0.45	0.38	0.38	0	0	0.45
141200	0.45	0.38	0.38	0	0	0.45
141300	0.45	0.38	0.38	0	0	0.45
141400	0.45	0.38	0.38	0	0	0.45
141500	0.45	0.38	0.38	0	0	0.45
141600	0.45	0.38	0.38	0	0	0.45
141700	0.45	0.38	0.38	0	0	0.45
141800	0.45	0.38	0.38	0	0	0.45
141900	0.45	0.38	0.38	0	0	0.45
142000	0.45	0.39	0.39	0	0	0.45
142100	0.45	0.39	0.39	0	0	0.45
142200	0.45	0.39	0.39	0	0	0.45
142300	0.45	0.39	0.39	0	0	0.45
142400	0.45	0.39	0.39	0	0	0.45
142500	0.45	0.39	0.39	0	0	0.45
142600	0.45	0.39	0.39	0	0	0.45
142700	0.46	0.39	0.39	0	0	0.46
142800	0.44	0.39	0.39	0	0	0.44
142900	0.44	0.39	0.39	0	0	0.44
143000	0.44	0.39	0.39	0	0	0.44
143100	0.44	0.39	0.39	0	0	0.44
143200	0.44	0.39	0.39	0	0	0.44
143300	0.45	0.39	0.39	0	0	0.45
143400	0.44	0.39	0.39	0	0	0.44
143500	0.44	0.39	0.39	0	0	0.44
143600	0.44	0.39	0.39	0	0	0.44
143700	0.44	0.39	0.39	0	0	0.44
143800	0.44	0.39	0.39	0	0	0.44
143900	0.44	0.39	0.39	0	0	0.44
144000	0.45	0.39	0.39	0	0	0.45
144100	0.45	0.39	0.39	0	0	0.45
144200	0.45	0.39	0.39	0	0	0.45
144300	0.45	0.39	0.39	0	0	0.45
144400	0.45	0.39	0.39	0	0	0.45
144500	0.46	0.39	0.39	0	0	0.46
144600	0.45	0.39	0.39	0	0	0.45
144700	0.46	0.39	0.39	0	0	0.46
144800	0.45	0.39	0.39	0	0	0.45
144900	0.45	0.39	0.39	0	0	0.45
145000	0.45	0.39	0.39	0	0	0.45
145100	0.45	0.4	0.4	0	0	0.45
145200	0.45	0.4	0.4	0	0	0.45
145300	0.45	0.4	0.4	0	0	0.45
145400	0.45	0.4	0.4	0	0	0.45
145500	0.44	0.4	0.4	0	0	0.44
145600	0.44	0.4	0.4	0	0	0.44
145700	0.43	0.4	0.4	0	0	0.43
145800	0.43	0.41	0.41	0	0	0.43
145900	0.43	0.41	0.41	0	0	0.43
146000	0.43	0.41	0.41	0	0	0.43
146100	0.43	0.41	0.41	0	0	0.43
146200	0.43	0.41	0.41	0	0	0.43
146300	0.43	0.41	0.41	0	0	0.43
146400	0.43	0.41	0.41	0	0	0.43
146500	0.43	0.41	0.41	0	0	0.43
146600	0.43	0.41	0.41	0	0	0.43
146700	0.43	0.41	0.41	0	0	0.43
146800	0.43	0.42	0.42	0	0	0.43
146900	0.43	0.41	0.41	0	0	0.43
147000	0.43	0.41	0.41	0	0	0.43
147100	0.43	0.41	0.41	0	0	0.43
147200	0.43	0.41	0.41	0	0	0.43
147300	0.43	0.41	0.41	0	0	0.43
147400	0.43	0.41	0.41	0	0	0.43
147500	0.44	0.41	0.41	0	0	0.44
147600	0.44	0.41	0.41	0	0	0.44
147700	0.44	0.41	0.41	0	0	0.44
147800	0.44	0.41	0.41	0	0	0.44
147900	0.44	0.41	0.41	0	0	0.44
148000	0.44	0.41	0.41	0	0	0.44
148100	0.44	0.41	0.41	0	0	0.44
148200	0.44	0.4	0.4	0	0	0.44
148300	0.44	0.4	0.4	0	0	0.44
148400	0.45	0.4	0.4	0	0	0.45
148500	0.46	0.4	0.4	0	0	0.46
148600	0.46	0.4	0.4	0	0	0.46
148700	0.46	0.4	0.4	0	0	0.46
148800	0.46	0.4	0.4	0	0	0.46
148900	0.46	0.4	0.4	0	0	0.46
149000	0.46	0.4	0.4	0	0	0.46
149100	0.46	0.4	0.4	0	0	0.46
149200	0.46	0.4	0.4	0	0	0.46
149300	0.46	0.4	0.4	0	0	0.46
149400	0.46	0.41	0.41	0	0	0.46
149500	0.47	0.41	0.41	0	0	0.47
149600	0.47	0.41	0.41	0	0	0.47
149700	0.47	0.41	0.41	0	0	0.47
149800	0.48	0.41	0.41	0	0	0.48
149900	0.47	0.41	0.41	0	0	0.47
150000	0.48	0.41	0.41	0	0	0.48
150100	0.48	0.42	0.42	0	0	0.48
150200	0.48	0.42	0.42	0	0	0.48
150300	0.48	0.42	0.42	0	0	0.48
150400	0.48	0.41	0.41	0	0	0.48
150500	0.48	0.41	0.41	0	0	0.48
150600	0.48	0.41	0.41	0	0	0.48
150700	0.48	0.41	0.41	0	0	0.48
150800	0.48	0.41	0.41	0	0	0.48
150900	0.48	0.41	0.41	0	0	0.48
151000	0.48	0.41	0.41	0	0	0.48
151100	0.48	0.41	0.41	0	0	0.48
151200	0.48	0.41	0.41	0	0	0.48
151300	0.49	0.4	0.4	0	0	0.49
151400	0.49	0.4	0.4	0	0	0.49
151500	0.49	0.4	0.4	0	0	0.49
151600	0.49	0.4	0.4	0	0	0.49
151700	0.49	0.4	0.4	0	0	0.49
151800	0.49	0.4	0.4	0	0	0.49
151900	0.49	0.4	0.4	0	0	0.49
152000	0.49	0.4	0.4	0	0	0.49
152100	0.49	0.4	0.4	0	0	0.49
152200	0.49	0.4	0.4	0	0	0.49
152300	0.49	0.4	0.4	0	0	0.49
152400	0.49	0.4	0.4	0	0	0.49
152500	0.49	0.4	0.4	0	0	0.49
152600	0.49	0.4	0.4	0	0	0.49
152700	0.49	0.4	0.4	0	0	0.49
152800	0.49	0.41	0.41	0	0	0.49
152900	0.49	0.41	0.41	0	0	0.49
153000	0.49	0.4	0.4	0	0	0.49
153100	0.49	0.39	0.39	0	0	0.49
153200	0.49	0.39	0.39	0	0	0.49
153300	0.49	0.39	0.39	0	0	0.49
153400	0.48	0.39	0.39	0	0	0.48
153500	0.48	0.39	0.39	0	0	0.48
153600	0.48	0.39	0.39	0	0	0.48
153700	0.48	0.39	0.39	0	0	0.48
153800	0.48	0.39	0.39	0	0	0.48
153900	0.48	0.39	0.39	0	0	0.48
154000	0.48	0.39	0.39	0	0	0.48
154100	0.48	0.39	0.39	0	0	0.48
154200	0.48	0.39	0.39	0	0	0.48
154300	0.48	0.39	0.39	0	0	0.48
154400	0.48	0.39	0.39	0	0	0.48
154500	0.48	0.39	0.39	0	0	0.48
154600	0.48	0.39	0.39	0	0	0.48
154700	0.48	0.39	0.39	0	0	0.48
154800	0.48	0.39	0.39	0	0	0.48
154900	0.49	0.39	0.39	0	0	0.49
155000	0.49	0.4	0.4	0	0	0.49
155100	0.49	0.4	0.4	0	0	0.49
155200	0.49	0.4	0.4	0	0	0.49
155300	0.49	0.4	0.4	0	0	0.49
155400	0.49	0.4	0.4	0	0	0.49
155500	0.49	0.4	0.4	0	0	0.49
155600	0.48	0.4	0.4	0	0	0.48
155700	0.48	0.4	0.4	0	0	0.48
155800	0.48	0.4	0.4	0	0	0.48
155900	0.48	0.41	0.41	0	0	0.48
156000	0.48	0.41	0.41	0	0	0.48
156100	0.48	0.41	0.41	0	0	0.48
156200	0.48	0.41	0.41	0	0	0.48
156300	0.48	0.41	0.41	0	0	0.48
156400	0.48	0.41	0.41	0	0	0.48
156500	0.48	0.41	0.41	0	0	0.48
156600	0.48	0.41	0.41	0	0	0.48
156700	0.48	0.41	0.41	0	0	0.48
156800	0.48	0.41	0.41	0	0	0.48
156900	0.48	0.41	0.41	0	0	0.48
157000	0.48	0.41	0.41	0	0	0.48
157100	0.48	0.41	0.41	0	0	0.48
157200	0.48	0.41	0.41	0	0	0.48
157300	0.48	0.41	0.41	0	0	0.48
157400	0.48	0.41	0.41	0	0	0.48
157500	0.49	0.41	0.41	0	0	0.49
157600	0.48	0.41	0.41	0	0	0.48
157700	0.48	0.41	0.41	0	0	0.48
157800	0.48	0.41	0.41	0	0	0.48
157900	0.48	0.41	0.41	0	0	0.48
158000	0.48	0.41	0.41	0	0	0.48
158100	0.48	0.41	0.41	0	0	0.48
158200	0.48	0.41	0.41	0	0	0.48
158300	0.48	0.41	0.41	0	0	0.48
158400	0.48	0.41	0.41	0	0	0.48
158500	0.48	0.41	0.41	0	0	0.48
158600	0.48	0.41	0.41	0	0	0.48
158700	0.48	0.41	0.41	0	0	0.48
158800	0.48	0.41	0.41	0	0	0.48
158900	0.48	0.41	0.41	0	0	0.48
159000	0.48	0.41	0.41	0	0	0.48
159100	0.48	0.41	0.41	0	0	0.48
159200	0.48	0.41	0.41	0	0	0.48
159300	0.48	0.41	0.41	0	0	0.48
159400	0.48	0.41	0.41	0	0	0.48
159500	0.48	0.41	0.41	0	0	0.48
159600	0.48	0.41	0.41	0	0	0.48
159700	0.48	0.41	0.41	0	0	0.48
159800	0.48	0.41	0.41	0	0	0.48
159900	0.48	0.4	0.4	0	0	0.48
160000	0.48	0.4	0.4	0	0	0.48
160100	0.48	0.41	0.41	0	0	0.48
160200	0.48	0.41	0.41	0	0	0.48
160300	0.48	0.41	0.41	0	0	0.48
160400	0.48	0.41	0.41	0	0	0.48
160500	0.48	0.41	0.41	0	0	0.48
160600	0.49	0.41	0.41	0	0	0.49
160700	0.48	0.41	0.41	0	0	0.48
160800	0.48	0.41	0.41	0	0	0.48
160900	0.48	0.41	0.41	0	0	0.48
161000	0.48	0.41	0.41	0	0	0.48
161100	0.48	0.41	0.41	0	0	0.48
161200	0.48	0.39	0.39	0	0	0.48
161300	0.48	0.39	0.39	0	0	0.48
161400	0.48	0.39	0.39	0	0	0.48
161500	0.48	0.39	0.39	0	0	0.48
161600	0.48	0.39	0.39	0	0	0.48
161700	0.49	0.39	0.39	0	0	0.49
161800	0.49	0.39	0.39	0	0	0.49
161900	0.49	0.39	0.39	0	0	0.49
162000	0.49	0.39	0.39	0	0	0.49
162100	0.49	0.39	0.39	0	0	0.49
162200	0.49	0.39	0.39	0	0	0.49
162300	0.49	0.39	0.39	0	0	0.49
162400	0.49	0.39	0.39	0	0	0.49
162500	0.49	0.39	0.39	0	0	0.49
162600	0.49	0.39	0.39	0	0	0.49
162700	0.49	0.38	0.38	0	0	0.49
162800	0.49	0.38	0.38	0	0	0.49
162900	0.49	0.38	0.38	0	0	0.49
163000	0.49	0.38	0.38	0	0	0.49
163100	0.49	0.38	0.38	0	0	0.49
163200	0.49	0.38	0.38	0	0	0.49
163300	0.49	0.38	0.38	0	0	0.49
163400	0.49	0.38	0.38	0	0	0.49
163500	0.49	0.38	0.38	0	0	0.49
163600	0.49	0.38	0.38	0	0	0.49
163700	0.49	0.38	0.38	0	0	0.49
163800	0.49	0.38	0.38	0	0	0.49
163900	0.49	0.38	0.38	0	0	0.49
164000	0.49	0.38	0.38	0	0	0.49
164100	0.49	0.38	0.38	0	0	0.49
164200	0.49	0.38	0.38	0	0	0.49
164300	0.49	0.38	0.38	0	0	0.49
164400	0.49	0.38	0.38	0	0	0.49
164500	0.49	0.38	0.38	0	0	0.49
164600	0.49	0.38	0.38	0	0	0.49
164700	0.49	0.38	0.38	0	0	0.49
164800	0.49	0.38	0.38	0	0	0.49
164900	0.49	0.38	0.38	0	0	0.49
165000	0.49	0.38	0.38	0	0	0.49
165100	0.49	0.38	0.38	0	0	0.49
165200	0.49	0.37	0.37	0	0	0.49
165300	0.49	0.37	0.37	0	0	0.49
165400	0.49	0.37	0.37	0	0	0.49
165500	0.49	0.37	0.37	0	0	0.49
165600	0.48	0.37	0.37	0	0	0.48
165700	0.48	0.37	0.37	0	0	0.48
165800	0.48	0.37	0.37	0	0	0.48
165900	0.48	0.37	0.37	0	0	0.48
166000	0.48	0.37	0.37	0	0	0.48
166100	0.48	0.37	0.37	0	0	0.48
166200	0.48	0.37	0.37	0	0	0.48
166300	0.48	0.37	0.37	0	0	0.48
166400	0.48	0.37	0.37	0	0	0.48
166500	0.48	0.37	0.37	0	0	0.48
166600	0.48	0.37	0.37	0	0	0.48
166700	0.48	0.37	0.37	0	0	0.48
166800	0.48	0.37	0.37	0	0	0.48
166900	0.48	0.37	0.37	0	0	0.48
167000	0.48	0.37	0.37	0	0	0.48
167100	0.48	0.37	0.37	0	0	0.48
167200	0.48	0.37	0.37	0	0	0.48
167300	0.48	0.37	0.37	0	0	0.48
167400	0.48	0.37	0.37	0	0	0.48
167500	0.48	0.37	0.37	0	0	0.48
167600	0.48	0.37	0.37	0	0	0.48
167700	0.48	0.37	0.37	0	0	0.48
167800	0.48	0.37	0.37	0	0	0.48
167900	0.48	0.37	0.37	0	0	0.48
168000	0.48	0.37	0.37	0	0	0.48
168100	0.48	0.37	0.37	0	0	0.48
168200	0.48	0.37	0.37	0	0	0.48
168300	0.48	0.37	0.37	0	0	0.48
168400	0.48	0.37	0.37	0	0	0.48
168500	0.48	0.38	0.38	0	0	0.48
168600	0.48	0.38	0.38	0	0	0.48
168700	0.48	0.38	0.38	0	0	0.48
168800	0.48	0.38	0.38	0	0	0.48
168900	0.48	0.38	0.38	0	0	0.48
169000	0.48	0.38	0.38	0	0	0.48
169100	0.48	0.38	0.38	0	0	0.48
169200	0.48	0.38	0.38	0	0	0.48
169300	0.48	0.38	0.38	0	0	0.48
169400	0.48	0.38	0.38	0	0	0.48
169500	0.48	0.38	0.38	0	0	0.48
169600	0.48	0.38	0.38	0	0	0.48
169700	0.48	0.38	0.38	0	0	0.48
169800	0.48	0.38	0.38	0	0	0.48
169900	0.48	0.38	0.38	0	0	0.48
170000	0.48	0.38	0.38	0	0	0.48
170100	0.48	0.38	0.38	0	0	0.48
170200	0.48	0.38	0.38	0	0	0.48
170300	0.47	0.38	0.38	0	0	0.47
170400	0.47	0.38	0.38	0	0	0.47
170500	0.47	0.38	0.38	0	0	0.47
170600	0.47	0.38	0.38	0	0	0.47
170700	0.47	0.38	0.38	0	0	0.47
170800	0.46	0.38	0.38	0	0	0.46
170900	0.46	0.38	0.38	0	0	0.46
171000	0.46	0.38	0.38	0	0	0.46
171100	0.46	0.37	0.37	0	0	0.46
171200	0.46	0.38	0.38	0	0	0.46
171300	0.46	0.38	0.38	0	0	0.46
171400	0.46	0.38	0.38	0	0	0.46
171500	0.46	0.38	0.38	0	0	0.46
171600	0.46	0.37	0.37	0	0	0.46
171700	0.46	0.38	0.38	0	0	0.46
171800	0.46	0.39	0.39	0	0	0.46
171900	0.46	0.38	0.38	0	0	0.46
172000	0.46	0.38	0.38	0	0	0.46
172100	0.46	0.38	0.38	0	0	0.46
172200	0.46	0.38	0.38	0	0	0.46
172300	0.46	0.38	0.38	0	0	0.46
172400	0.46	0.38	0.38	0	0	0.46
172500	0.46	0.38	0.38	0	0	0.46
172600	0.46	0.37	0.37	0	0	0.46
172700	0.46	0.37	0.37	0	0	0.46
172800	0.46	0.37	0.37	0	0	0.46
172900	0.46	0.37	0.37	0	0	0.46
173000	0.46	0.37	0.37	0	0	0.46
173100	0.46	0.37	0.37	0	0	0.46
173200	0.46	0.37	0.37	0	0	0.46
173300	0.46	0.37	0.37	0	0	0.46
173400	0.46	0.37	0.37	0	0	0.46
173500	0.47	0.37	0.37	0	0	0.47
173600	0.47	0.37	0.37	0	0	0.47
173700	0.47	0.37	0.37	0	0	0.47
173800	0.47	0.37	0.37	0	0	0.47
173900	0.47	0.37	0.37	0	0	0.47
174000	0.47	0.37	0.37	0	0	0.47
174100	0.47	0.37	0.37	0	0	0.47
174200	0.47	0.37	0.37	0	0	0.47
174300	0.47	0.37	0.37	0	0	0.47
174400	0.47	0.38	0.38	0	0	0.47
174500	0.47	0.37	0.37	0	0	0.47
174600	0.47	0.38	0.38	0	0	0.47
174700	0.48	0.38	0.38	0	0	0.48
174800	0.48	0.37	0.37	0	0	0.48
174900	0.48	0.37	0.37	0	0	0.48
175000	0.47	0.37	0.37	0	0	0.47
175100	0.47	0.38	0.38	0	0	0.47
175200	0.47	0.37	0.37	0	0	0.47
175300	0.47	0.37	0.37	0	0	0.47
175400	0.47	0.37	0.37	0	0	0.47
175500	0.47	0.37	0.37	0	0	0.47
175600	0.47	0.37	0.37	0	0	0.47
175700	0.47	0.37	0.37	0	0	0.47
175800	0.47	0.37	0.37	0	0	0.47
175900	0.47	0.37	0.37	0	0	0.47
176000	0.47	0.37	0.37	0	0	0.47
176100	0.46	0.37	0.37	0	0	0.46
176200	0.46	0.37	0.37	0	0	0.46
176300	0.46	0.37	0.37	0	0	0.46
176400	0.46	0.37	0.37	0	0	0.46
176500	0.45	0.38	0.38	0	0	0.45
176600	0.45	0.38	0.38	0	0	0.45
176700	0.45	0.38	0.38	0	0	0.45
176800	0.45	0.38	0.38	0	0	0.45
176900	0.45	0.38	0.38	0	0	0.45
177000	0.45	0.38	0.38	0	0	0.45
177100	0.45	0.38	0.38	0	0	0.45
177200	0.45	0.38	0.38	0	0	0.45
177300	0.45	0.38	0.38	0	0	0.45
177400	0.45	0.39	0.39	0	0	0.45
177500	0.45	0.39	0.39	0	0	0.45
177600	0.45	0.39	0.39	0	0	0.45
177700	0.45	0.39	0.39	0	0	0.45
177800	0.45	0.39	0.39	0	0	0.45
177900	0.45	0.39	0.39	0	0	0.45
178000	0.45	0.39	0.39	0	0	0.45
178100	0.45	0.39	0.39	0	0	0.45
178200	0.45	0.39	0.39	0	0	0.45
178300	0.45	0.39	0.39	0	0	0.45
178400	0.45	0.4	0.4	0	0	0.45
178500	0.45	0.4	0.4	0	0	0.45
178600	0.45	0.4	0.4	0	0	0.45
178700	0.46	0.4	0.4	0	0	0.46
178800	0.45	0.4	0.4	0	0	0.45
178900	0.45	0.4	0.4	0	0	0.45
179000	0.46	0.4	0.4	0	0	0.46
179100	0.46	0.4	0.4	0	0	0.46
179200	0.46	0.4	0.4	0	0	0.46
179300	0.46	0.4	0.4	0	0	0.46
179400	0.46	0.4	0.4	0	0	0.46
179500	0.46	0.4	0.4	0	0	0.46
179600	0.46	0.4	0.4	0	0	0.46
179700	0.46	0.4	0.4	0	0	0.46
179800	0.46	0.4	0.4	0	0	0.46
179900	0.46	0.4	0.4	0	0	0.46
180000	0.46	0.4	0.4	0	0	0.46
180100	0.46	0.4	0.4	0	0	0.46
180200	0.46	0.4	0.4	0	0	0.46
180300	0.46	0.4	0.4	0	0	0.46
180400	0.46	0.4	0.4	0	0	0.46
180500	0.46	0.41	0.41	0	0	0.46
180600	0.46	0.41	0.41	0	0	0.46
180700	0.46	0.41	0.41	0	0	0.46
180800	0.46	0.42	0.42	0	0	0.46
180900	0.46	0.42	0.42	0	0	0.46
181000	0.46	0.42	0.42	0	0	0.46
181100	0.47	0.41	0.41	0	0	0.47
181200	0.46	0.41	0.41	0	0	0.46
181300	0.46	0.41	0.41	0	0	0.46
181400	0.46	0.41	0.41	0	0	0.46
181500	0.46	0.41	0.41	0	0	0.46
181600	0.46	0.41	0.41	0	0	0.46
181700	0.46	0.41	0.41	0	0	0.46
181800	0.46	0.41	0.41	0	0	0.46
181900	0.46	0.41	0.41	0	0	0.46
182000	0.46	0.41	0.41	0	0	0.46
182100	0.46	0.41	0.41	0	0	0.46
182200	0.46	0.41	0.41	0	0	0.46
182300	0.46	0.41	0.41	0	0	0.46
182400	0.46	0.41	0.41	0	0	0.46
182500	0.47	0.41	0.41	0	0	0.47
182600	0.47	0.41	0.41	0	0	0.47
182700	0.46	0.41	0.41	0	0	0.46
182800	0.46	0.41	0.41	0	0	0.46
182900	0.46	0.41	0.41	0	0	0.46
183000	0.46	0.41	0.41	0	0	0.46
183100	0.46	0.41	0.41	0	0	0.46
183200	0.46	0.41	0.41	0	0	0.46
183300	0.47	0.41	0.41	0	0	0.47
183400	0.46	0.41	0.41	0	0	0.46
183500	0.46	0.41	0.41	0	0	0.46
183600	0.46	0.41	0.41	0	0	0.46
183700	0.46	0.41	0.41	0	0	0.46
183800	0.46	0.41	0.41	0	0	0.46
183900	0.46	0.41	0.41	0	0	0.46
184000	0.46	0.41	0.41	0	0	0.46
184100	0.46	0.41	0.41	0	0	0.46
184200	0.47	0.41	0.41	0	0	0.47
184300	0.46	0.41	0.41	0	0	0.46
184400	0.46	0.4	0.4	0	0	0.46
184500	0.45	0.4	0.4	0	0	0.45
184600	0.45	0.4	0.4	0	0	0.45
184700	0.45	0.41	0.41	0	0	0.45
184800	0.45	0.41	0.41	0	0	0.45
184900	0.45	0.41	0.41	0	0	0.45
185000	0.44	0.41	0.41	0	0	0.44
185100	0.44	0.41	0.41	0	0	0.44
185200	0.44	0.41	0.41	0	0	0.44
185300	0.44	0.41	0.41	0	0	0.44
185400	0.44	0.41	0.41	0	0	0.44
185500	0.44	0.41	0.41	0	0	0.44
185600	0.44	0.41	0.41	0	0	0.44
185700	0.44	0.41	0.41	0	0	0.44
185800	0.44	0.41	0.41	0	0	0.44
185900	0.44	0.41	0.41	0	0	0.44
186000	0.44	0.41	0.41	0	0	0.44
186100	0.45	0.41	0.41	0	0	0.45
186200	0.45	0.41	0.41	0	0	0.45
186300	0.45	0.41	0.41	0	0	0.45
186400	0.45	0.41	0.41	0	0	0.45
186500	0.45	0.41	0.41	0	0	0.45
186600	0.45	0.41	0.41	0	0	0.45
186700	0.45	0.41	0.41	0	0	0.45
186800	0.45	0.41	0.41	0	0	0.45
186900	0.45	0.41	0.41	0	0	0.45
187000	0.45	0.41	0.41	0	0	0.45
187100	0.45	0.41	0.41	0	0	0.45
187200	0.45	0.41	0.41	0	0	0.45
187300	0.45	0.41	0.41	0	0	0.45
187400	0.45	0.41	0.41	0	0	0.45
187500	0.45	0.41	0.41	0	0	0.45
187600	0.45	0.41	0.41	0	0	0.45
187700	0.45	0.41	0.41	0	0	0.45
187800	0.45	0.41	0.41	0	0	0.45
187900	0.45	0.41	0.41	0	0	0.45
188000	0.45	0.41	0.41	0	0	0.45
188100	0.45	0.41	0.41	0	0	0.45
188200	0.45	0.41	0.41	0	0	0.45
188300	0.45	0.41	0.41	0	0	0.45
188400	0.45	0.41	0.41	0	0	0.45
188500	0.45	0.41	0.41	0	0	0.45
188600	0.45	0.41	0.41	0	0	0.45
188700	0.45	0.41	0.41	0	0	0.45
188800	0.45	0.41	0.41	0	0	0.45
188900	0.45	0.41	0.41	0	0	0.45
189000	0.45	0.41	0.41	0	0	0.45
189100	0.45	0.41	0.41	0	0	0.45
189200	0.45	0.41	0.41	0	0	0.45
189300	0.45	0.41	0.41	0	0	0.45
189400	0.45	0.41	0.41	0	0	0.45
189500	0.45	0.41	0.41	0	0	0.45
189600	0.45	0.41	0.41	0	0	0.45
189700	0.45	0.41	0.41	0	0	0.45
189800	0.45	0.41	0.41	0	0	0.45
189900	0.45	0.41	0.41	0	0	0.45
190000	0.45	0.41	0.41	0	0	0.45
190100	0.45	0.41	0.41	0	0	0.45
190200	0.45	0.41	0.41	0	0	0.45
190300	0.45	0.41	0.41	0	0	0.45
190400	0.45	0.41	0.41	0	0	0.45
190500	0.45	0.42	0.42	0	0	0.45
190600	0.45	0.41	0.41	0	0	0.45
190700	0.45	0.41	0.41	0	0	0.45
190800	0.45	0.41	0.41	0	0	0.45
190900	0.45	0.41	0.41	0	0	0.45
191000	0.45	0.41	0.41	0	0	0.45
191100	0.45	0.41	0.41	0	0	0.45
191200	0.45	0.41	0.41	0	0	0.45
191300	0.45	0.41	0.41	0	0	0.45
191400	0.45	0.41	0.41	0	0	0.45
191500	0.45	0.41	0.41	0	0	0.45
191600	0.45	0.41	0.41	0	0	0.45
191700	0.45	0.41	0.41	0	0	0.45
191800	0.45	0.41	0.41	0	0	0.45
191900	0.45	0.41	0.41	0	0	0.45
192000	0.45	0.41	0.41	0	0	0.45
192100	0.45	0.41	0.41	0	0	0.45
192200	0.45	0.41	0.41	0	0	0.45
192300	0.46	0.41	0.41	0	0	0.46
192400	0.46	0.41	0.41	0	0	0.46
192500	0.46	0.41	0.41	0	0	0.46
192600	0.46	0.41	0.41	0	0	0.46
192700	0.46	0.42	0.42	0	0	0.46
192800	0.46	0.41	0.41	0	0	0.46
192900	0.46	0.41	0.41	0	0	0.46
193000	0.46	0.41	0.41	0	0	0.46
193100	0.46	0.41	0.41	0	0	0.46
193200	0.46	0.41	0.41	0	0	0.46
193300	0.46	0.41	0.41	0	0	0.46
193400	0.46	0.41	0.41	0	0	0.46
193500	0.46	0.41	0.41	0	0	0.46
193600	0.46	0.41	0.41	0	0	0.46
193700	0.46	0.41	0.41	0	0	0.46
193800	0.45	0.41	0.41	0	0	0.45
193900	0.45	0.41	0.41	0	0	0.45
194000	0.44	0.41	0.41	0	0	0.44
194100	0.44	0.41	0.41	0	0	0.44
194200	0.44	0.41	0.41	0	0	0.44
194300	0.44	0.41	0.41	0	0	0.44
194400	0.44	0.41	0.41	0	0	0.44
194500	0.44	0.41	0.41	0	0	0.44
194600	0.44	0.41	0.41	0	0	0.44
194700	0.44	0.41	0.41	0	0	0.44
194800	0.44	0.41	0.41	0	0	0.44
194900	0.44	0.41	0.41	0	0	0.44
195000	0.44	0.41	0.41	0	0	0.44
195100	0.44	0.41	0.41	0	0	0.44
195200	0.45	0.41	0.41	0	0	0.45
195300	0.44	0.41	0.41	0	0	0.44
195400	0.44	0.41	0.41	0	0	0.44
195500	0.44	0.42	0.42	0	0	0.44
195600	0.44	0.41	0.41	0	0	0.44
195700	0.44	0.41	0.41	0	0	0.44
195800	0.44	0.41	0.41	0	0	0.44
195900	0.44	0.41	0.41	0	0	0.44
196000	0.45	0.41	0.41	0	0	0.45
196100	0.45	0.41	0.41	0	0	0.45
196200	0.45	0.41	0.41	0	0	0.45
196300	0.45	0.41	0.41	0	0	0.45
196400	0.45	0.41	0.41	0	0	0.45
196500	0.45	0.41	0.41	0	0	0.45
196600	0.45	0.41	0.41	0	0	0.45
196700	0.45	0.41	0.41	0	0	0.45
196800	0.45	0.41	0.41	0	0	0.45
196900	0.45	0.41	0.41	0	0	0.45
197000	0.45	0.41	0.41	0	0	0.45
197100	0.45	0.41	0.41	0	0	0.45
197200	0.45	0.41	0.41	0	0	0.45
197300	0.45	0.41	0.41	0	0	0.45
197400	0.45	0.41	0.41	0	0	0.45
197500	0.45	0.41	0.41	0	0	0.45
197600	0.46	0.42	0.42	0	0	0.46
197700	0.46	0.41	0.41	0	0	0.46
197800	0.46	0.41	0.41	0	0	0.46
197900	0.46	0.41	0.41	0	0	0.46
198000	0.46	0.41	0.41	0	0	0.46
198100	0.46	0.41	0.41	0	0	0.46
198200	0.46	0.41	0.41	0	0	0.46
198300	0.46	0.41	0.41	0	0	0.46
198400	0.46	0.41	0.41	0	0	0.46
198500	0.46	0.41	0.41	0	0	0.46
198600	0.46	0.41	0.41	0	0	0.46
198700	0.46	0.41	0.41	0	0	0.46
198800	0.46	0.41	0.41	0	0	0.46
198900	0.46	0.41	0.41	0	0	0.46
199000	0.46	0.41	0.41	0	0	0.46
199100	0.46	0.41	0.41	0	0	0.46
199200	0.46	0.41	0.41	0	0	0.46
199300	0.46	0.41	0.41	0	0	0.46
199400	0.46	0.41	0.41	0	0	0.46
199500	0.46	0.41	0.41	0	0	0.46
199600	0.46	0.41	0.41	0	0	0.46
199700	0.46	0.41	0.41	0	0	0.46
199800	0.46	0.41	0.41	0	0	0.46
199900	0.46	0.41	0.41	0	0	0.46
200000	0.46	0.41	0.41	0	0	0.46
200100	0.46	0.41	0.41	0	0	0.46
200200	0.46	0.41	0.41	0	0	0.46
200300	0.46	0.41	0.41	0	0	0.46
200400	0.46	0.41	0.41	0	0	0.46
200500	0.46	0.41	0.41	0	0	0.46
200600	0.46	0.41	0.41	0	0	0.46
200700	0.46	0.41	0.41	0	0	0.46
200800	0.46	0.41	0.41	0	0	0.46
200900	0.46	0.41	0.41	0	0	0.46
201000	0.46	0.41	0.41	0	0	0.46
201100	0.46	0.41	0.41	0	0	0.46
201200	0.46	0.41	0.41	0	0	0.46
201300	0.46	0.41	0.41	0	0	0.46
201400	0.46	0.42	0.42	0	0	0.46
201500	0.46	0.41	0.41	0	0	0.46
201600	0.46	0.41	0.41	0	0	0.46
201700	0.46	0.41	0.41	0	0	0.46
201800	0.46	0.41	0.41	0	0	0.46
201900	0.46	0.41	0.41	0	0	0.46
202000	0.46	0.41	0.41	0	0	0.46
202100	0.46	0.41	0.41	0	0	0.46
202200	0.46	0.41	0.41	0	0	0.46
202300	0.46	0.41	0.41	0	0	0.46
202400	0.46	0.41	0.41	0	0	0.46
202500	0.46	0.41	0.41	0	0	0.46
202600	0.46	0.41	0.41	0	0	0.46
202700	0.46	0.41	0.41	0	0	0.46
202800	0.46	0.41	0.41	0	0	0.46
202900	0.46	0.41	0.41	0	0	0.46
203000	0.46	0.42	0.42	0	0	0.46
203100	0.46	0.41	0.41	0	0	0.46
203200	0.46	0.41	0.41	0	0	0.46
203300	0.46	0.41	0.41	0	0	0.46
203400	0.46	0.41	0.41	0	0	0.46
203500	0.46	0.41	0.41	0	0	0.46
203600	0.46	0.41	0.41	0	0	0.46
203700	0.46	0.41	0.41	0	0	0.46
203800	0.46	0.41	0.41	0	0	0.46
203900	0.46	0.41	0.41	0	0	0.46
204000	0.46	0.41	0.41	0	0	0.46
204100	0.46	0.41	0.41	0	0	0.46
204200	0.46	0.41	0.41	0	0	0.46
204300	0.46	0.41	0.41	0	0	0.46
204400	0.46	0.41	0.41	0	0	0.46
204500	0.46	0.41	0.41	0	0	0.46
204600	0.46	0.41	0.41	0	0	0.46
204700	0.46	0.41	0.41	0	0	0.46
204800	0.46	0.41	0.41	0	0	0.46
204900	0.46	0.41	0.41	0	0	0.46
205000	0.46	0.41	0.41	0	0	0.46
205100	0.46	0.41	0.41	0	0	0.46
205200	0.46	0.41	0.41	0	0	0.46
205300	0.46	0.41	0.41	0	0	0.46
205400	0.46	0.41	0.41	0	0	0.46
205500	0.46	0.41	0.41	0	0	0.46
205600	0.46	0.41	0.41	0	0	0.46
205700	0.46	0.41	0.41	0	0	0.46
205800	0.46	0.41	0.41	0	0	0.46
205900	0.46	0.41	0.41	0	0	0.46
206000	0.46	0.41	0.41	0	0	0.46
206100	0.46	0.41	0.41	0	0	0.46
206200	0.46	0.41	0.41	0	0	0.46
206300	0.46	0.41	0.41	0	0	0.46
206400	0.46	0.41	0.41	0	0	0.46
206500	0.46	0.41	0.41	0	0	0.46
206600	0.46	0.41	0.41	0	0	0.46
206700	0.46	0.41	0.41	0	0	0.46
206800	0.47	0.42	0.42	0	0	0.47
206900	0.47	0.41	0.41	0	0	0.47
207000	0.47	0.41	0.41	0	0	0.47
207100	0.47	0.41	0.41	0	0	0.47
207200	0.47	0.41	0.41	0	0	0.47
207300	0.47	0.41	0.41	0	0	0.47
207400	0.47	0.41	0.41	0	0	0.47
207500	0.47	0.41	0.41	0	0	0.47
207600	0.47	0.41	0.41	0	0	0.47
207700	0.48	0.41	0.41	0	0	0.48
207800	0.47	0.41	0.41	0	0	0.47
207900	0.47	0.41	0.41	0	0	0.47
208000	0.47	0.41	0.41	0	0	0.47
208100	0.47	0.41	0.41	0	0	0.47
208200	0.47	0.41	0.41	0	0	0.47
208300	0.47	0.41	0.41	0	0	0.47
208400	0.47	0.41	0.41	0	0	0.47
208500	0.46	0.41	0.41	0	0	0.46
208600	0.46	0.41	0.41	0	0	0.46
208700	0.46	0.41	0.41	0	0	0.46
208800	0.46	0.41	0.41	0	0	0.46
208900	0.46	0.41	0.41	0	0	0.46
209000	0.46	0.41	0.41	0	0	0.46
209100	0.46	0.41	0.41	0	0	0.46
209200	0.46	0.42	0.42	0	0	0.46
209300	0.46	0.42	0.42	0	0	0.46
209400	0.46	0.42	0.42	0	0	0.46
209500	0.46	0.42	0.42	0	0	0.46
209600	0.46	0.42	0.42	0	0	0.46
209700	0.46	0.42	0.42	0	0	0.46
209800	0.46	0.42	0.42	0	0	0.46
209900	0.46	0.42	0.42	0	0	0.46
210000	0.46	0.42	0.42	0	0	0.46
210100	0.46	0.42	0.42	0	0	0.46
210200	0.46	0.42	0.42	0	0	0.46
210300	0.46	0.42	0.42	0	0	0.46
210400	0.46	0.42	0.42	0	0	0.46
210500	0.46	0.42	0.42	0	0	0.46
210600	0.46	0.42	0.42	0	0	0.46
210700	0.46	0.42	0.42	0	0	0.46
210800	0.46	0.42	0.42	0	0	0.46
210900	0.46	0.42	0.42	0	0	0.46
211000	0.46	0.42	0.42	0	0	0.46
211100	0.46	0.42	0.42	0	0	0.46
211200	0.46	0.42	0.42	0	0	0.46
211300	0.46	0.42	0.42	0	0	0.46
211400	0.46	0.42	0.42	0	0	0.46
211500	0.46	0.42	0.42	0	0	0.46
211600	0.46	0.42	0.42	0	0	0.46
211700	0.46	0.42	0.42	0	0	0.46
211800	0.46	0.42	0.42	0	0	0.46
211900	0.46	0.41	0.41	0	0	0.46
212000	0.46	0.41	0.41	0	0	0.46
212100	0.46	0.41	0.41	0	0	0.46
212200	0.46	0.41	0.41	0	0	0.46
212300	0.46	0.41	0.41	0	0	0.46
212400	0.46	0.41	0.41	0	0	0.46
212500	0.46	0.41	0.41	0	0	0.46
212600	0.46	0.41	0.41	0	0	0.46
212700	0.46	0.41	0.41	0	0	0.46
212800	0.46	0.41	0.41	0	0	0.46
212900	0.46	0.41	0.41	0	0	0.46
213000	0.46	0.42	0.42	0	0	0.46
213100	0.46	0.42	0.42	0	0	0.46
213200	0.46	0.41	0.41	0	0	0.46
213300	0.46	0.41	0.41	0	0	0.46
213400	0.45	0.41	0.41	0	0	0.45
213500	0.45	0.42	0.42	0	0	0.45
213600	0.45	0.43	0.43	0	0	0.45
213700	0.45	0.42	0.42	0	0	0.45
213800	0.45	0.42	0.42	0	0	0.45
213900	0.45	0.42	0.42	0	0	0.45
214000	0.46	0.42	0.42	0	0	0.46
214100	0.46	0.41	0.41	0	0	0.46
214200	0.46	0.41	0.41	0	0	0.46
214300	0.46	0.41	0.41	0	0	0.46
214400	0.46	0.41	0.41	0	0	0.46
214500	0.45	0.4	0.4	0	0	0.45
214600	0.45	0.4	0.4	0	0	0.45
214700	0.45	0.4	0.4	0	0	0.45
214800	0.45	0.4	0.4	0	0	0.45
214900	0.45	0.4	0.4	0	0	0.45
215000	0.45	0.4	0.4	0	0	0.45
215100	0.45	0.4	0.4	0	0	0.45
215200	0.45	0.4	0.4	0	0	0.45
215300	0.45	0.4	0.4	0	0	0.45
215400	0.45	0.41	0.41	0	0	0.45
215500	0.45	0.41	0.41	0	0	0.45
215600	0.45	0.41	0.41	0	0	0.45
215700	0.45	0.41	0.41	0	0	0.45
215800	0.45	0.41	0.41	0	0	0.45
215900	0.45	0.41	0.41	0	0	0.45
216000	0.45	0.41	0.41	0	0	0.45
216100	0.45	0.41	0.41	0	0	0.45
216200	0.45	0.42	0.42	0	0	0.45
216300	0.45	0.41	0.41	0	0	0.45
216400	0.45	0.41	0.41	0	0	0.45
216500	0.45	0.4	0.4	0	0	0.45
216600	0.45	0.4	0.4	0	0	0.45
216700	0.46	0.4	0.4	0	0	0.46
216800	0.45	0.4	0.4	0	0	0.45
216900	0.45	0.4	0.4	0	0	0.45
217000	0.45	0.4	0.4	0	0	0.45
217100	0.45	0.4	0.4	0	0	0.45
217200	0.45	0.4	0.4	0	0	0.45
217300	0.45	0.4	0.4	0	0	0.45
217400	0.45	0.4	0.4	0	0	0.45
217500	0.45	0.4	0.4	0	0	0.45
217600	0.45	0.4	0.4	0	0	0.45
217700	0.45	0.4	0.4	0	0	0.45
217800	0.45	0.4	0.4	0	0	0.45
217900	0.45	0.4	0.4	0	0	0.45
218000	0.45	0.4	0.4	0	0	0.45
218100	0.45	0.4	0.4	0	0	0.45
218200	0.45	0.4	0.4	0	0	0.45
218300	0.45	0.4	0.4	0	0	0.45
218400	0.45	0.4	0.4	0	0	0.45
218500	0.45	0.4	0.4	0	0	0.45
218600	0.45	0.4	0.4	0	0	0.45
218700	0.45	0.4	0.4	0	0	0.45
218800	0.45	0.4	0.4	0	0	0.45
218900	0.45	0.4	0.4	0	0	0.45
219000	0.46	0.4	0.4	0	0	0.46
219100	0.46	0.4	0.4	0	0	0.46
219200	0.45	0.4	0.4	0	0	0.45
219300	0.45	0.4	0.4	0	0	0.45
219400	0.45	0.41	0.41	0	0	0.45
219500	0.45	0.4	0.4	0	0	0.45
219600	0.45	0.4	0.4	0	0	0.45
219700	0.45	0.4	0.4	0	0	0.45
219800	0.45	0.4	0.4	0	0	0.45
219900	0.45	0.4	0.4	0	0	0.45
220000	0.45	0.4	0.4	0	0	0.45
220100	0.45	0.4	0.4	0	0	0.45
220200	0.45	0.4	0.4	0	0	0.45
220300	0.45	0.41	0.41	0	0	0.45
220400	0.45	0.41	0.41	0	0	0.45
220500	0.46	0.4	0.4	0	0	0.46
220600	0.45	0.4	0.4	0	0	0.45
220700	0.45	0.4	0.4	0	0	0.45
220800	0.45	0.4	0.4	0	0	0.45
220900	0.45	0.4	0.4	0	0	0.45
221000	0.45	0.4	0.4	0	0	0.45
221100	0.45	0.4	0.4	0	0	0.45
221200	0.45	0.4	0.4	0	0	0.45
221300	0.45	0.4	0.4	0	0	0.45
221400	0.45	0.4	0.4	0	0	0.45
221500	0.45	0.4	0.4	0	0	0.45
221600	0.45	0.4	0.4	0	0	0.45
221700	0.45	0.4	0.4	0	0	0.45
221800	0.45	0.4	0.4	0	0	0.45
221900	0.45	0.4	0.4	0	0	0.45
222000	0.45	0.4	0.4	0	0	0.45
222100	0.45	0.4	0.4	0	0	0.45
222200	0.45	0.4	0.4	0	0	0.45
222300	0.45	0.4	0.4	0	0	0.45
222400	0.45	0.4	0.4	0	0	0.45
222500	0.45	0.4	0.4	0	0	0.45
222600	0.45	0.41	0.41	0	0	0.45
222700	0.45	0.4	0.4	0	0	0.45
222800	0.45	0.4	0.4	0	0	0.45
222900	0.45	0.4	0.4	0	0	0.45
223000	0.45	0.4	0.4	0	0	0.45
223100	0.45	0.4	0.4	0	0	0.45
223200	0.45	0.4	0.4	0	0	0.45
223300	0.45	0.4	0.4	0	0	0.45
223400	0.45	0.4	0.4	0	0	0.45
223500	0.45	0.4	0.4	0	0	0.45
223600	0.45	0.4	0.4	0	0	0.45
223700	0.45	0.4	0.4	0	0	0.45
223800	0.45	0.4	0.4	0	0	0.45
223900	0.45	0.4	0.4	0	0	0.45
224000	0.44	0.4	0.4	0	0	0.44
224100	0.44	0.4	0.4	0	0	0.44
224200	0.44	0.41	0.41	0	0	0.44
224300	0.44	0.41	0.41	0	0	0.44
224400	0.44	0.41	0.41	0	0	0.44
224500	0.44	0.41	0.41	0	0	0.44
224600	0.44	0.41	0.41	0	0	0.44
224700	0.44	0.41	0.41	0	0	0.44
224800	0.44	0.41	0.41	0	0	0.44
224900	0.44	0.41	0.41	0	0	0.44
225000	0.44	0.41	0.41	0	0	0.44
225100	0.44	0.41	0.41	0	0	0.44
225200	0.44	0.41	0.41	0	0	0.44
225300	0.44	0.41	0.41	0	0	0.44
225400	0.44	0.41	0.41	0	0	0.44
225500	0.44	0.41	0.41	0	0	0.44
225600	0.43	0.41	0.41	0	0	0.43
225700	0.42	0.41	0.41	0	0	0.42
225800	0.42	0.41	0.41	0	0	0.42
225900	0.42	0.41	0.41	0	0	0.42
226000	0.42	0.4	0.4	0	0	0.42
226100	0.42	0.4	0.4	0	0	0.42
226200	0.43	0.4	0.4	0	0	0.43
226300	0.42	0.4	0.4	0	0	0.42
226400	0.44	0.4	0.4	0	0	0.44
226500	0.44	0.4	0.4	0	0	0.44
226600	0.44	0.4	0.4	0	0	0.44
226700	0.44	0.4	0.4	0	0	0.44
226800	0.44	0.4	0.4	0	0	0.44
226900	0.44	0.4	0.4	0	0	0.44
227000	0.44	0.4	0.4	0	0	0.44
227100	0.43	0.4	0.4	0	0	0.43
227200	0.43	0.4	0.4	0	0	0.43
227300	0.43	0.4	0.4	0	0	0.43
227400	0.43	0.4	0.4	0	0	0.43
227500	0.43	0.4	0.4	0	0	0.43
227600	0.43	0.4	0.4	0	0	0.43
227700	0.43	0.4	0.4	0	0	0.43
227800	0.41	0.4	0.4	0	0	0.41
227900	0.42	0.4	0.4	0	0	0.42
228000	0.42	0.4	0.4	0	0	0.42
228100	0.42	0.4	0.4	0	0	0.42
228200	0.42	0.4	0.4	0	0	0.42
228300	0.42	0.4	0.4	0	0	0.42
228400	0.42	0.4	0.4	0	0	0.42
228500	0.42	0.4	0.4	0	0	0.42
228600	0.42	0.4	0.4	0	0	0.42
228700	0.42	0.4	0.4	0	0	0.42
228800	0.42	0.4	0.4	0	0	0.42
228900	0.42	0.4	0.4	0	0	0.42
229000	0.43	0.4	0.4	0	0	0.43
229100	0.42	0.4	0.4	0	0	0.42
229200	0.42	0.4	0.4	0	0	0.42
229300	0.42	0.4	0.4	0	0	0.42
229400	0.42	0.4	0.4	0	0	0.42
229500	0.42	0.4	0.4	0	0	0.42
229600	0.42	0.4	0.4	0	0	0.42
229700	0.42	0.4	0.4	0	0	0.42
229800	0.42	0.4	0.4	0	0	0.42
229900	0.42	0.41	0.41	0	0	0.42
230000	0.42	0.41	0.41	0	0	0.42
230100	0.43	0.41	0.41	0	0	0.43
230200	0.43	0.41	0.41	0	0	0.43
230300	0.43	0.41	0.41	0	0	0.43
230400	0.43	0.41	0.41	0	0	0.43
230500	0.43	0.41	0.41	0	0	0.43
230600	0.43	0.41	0.41	0	0	0.43
230700	0.43	0.41	0.41	0	0	0.43
230800	0.43	0.4	0.4	0	0	0.43
230900	0.43	0.4	0.4	0	0	0.43
231000	0.43	0.4	0.4	0	0	0.43
231100	0.43	0.41	0.41	0	0	0.43
231200	0.43	0.4	0.4	0	0	0.43
231300	0.43	0.4	0.4	0	0	0.43
231400	0.43	0.4	0.4	0	0	0.43
231500	0.43	0.4	0.4	0	0	0.43
231600	0.43	0.4	0.4	0	0	0.43
231700	0.42	0.41	0.41	0	0	0.42
231800	0.42	0.41	0.41	0	0	0.42
231900	0.42	0.41	0.41	0	0	0.42
232000	0.42	0.41	0.41	0	0	0.42
232100	0.42	0.41	0.41	0	0	0.42
232200	0.42	0.39	0.39	0	0	0.42
232300	0.42	0.39	0.39	0	0	0.42
232400	0.42	0.38	0.38	0	0	0.42
232500	0.42	0.38	0.38	0	0	0.42
232600	0.42	0.39	0.39	0	0	0.42
232700	0.42	0.39	0.39	0	0	0.42
232800	0.42	0.39	0.39	0	0	0.42
232900	0.41	0.39	0.39	0	0	0.41
233000	0.41	0.39	0.39	0	0	0.41
233100	0.41	0.39	0.39	0	0	0.41
233200	0.41	0.39	0.39	0	0	0.41
233300	0.41	0.4	0.4	0	0	0.41
233400	0.41	0.4	0.4	0	0	0.41
233500	0.41	0.4	0.4	0	0	0.41
233600	0.41	0.4	0.4	0	0	0.41
233700	0.41	0.4	0.4	0	0	0.41
233800	0.41	0.4	0.4	0	0	0.41
233900	0.41	0.4	0.4	0	0	0.41
234000	0.41	0.4	0.4	0	0	0.41
234100	0.41	0.4	0.4	0	0	0.41
234200	0.41	0.4	0.4	0	0	0.41
234300	0.41	0.4	0.4	0	0	0.41
234400	0.42	0.4	0.4	0	0	0.42
234500	0.42	0.4	0.4	0	0	0.42
234600	0.41	0.4	0.4	0	0	0.41
234700	0.41	0.4	0.4	0	0	0.41
234800	0.4	0.4	0.4	0	0	0.4
234900	0.4	0.4	0.4	0	0	0.4
235000	0.4	0.4	0.4	0	0	0.4
235100	0.4	0.4	0.4	0	0	0.4
235200	0.4	0.4	0.4	0	0	0.4
235300	0.4	0.4	0.4	0	0	0.4
235400	0.4	0.4	0.4	0	0	0.4
235500	0.4	0.4	0.4	0	0	0.4
235600	0.4	0.4	0.4	0	0	0.4
235700	0.4	0.4	0.4	0	0	0.4
235800	0.4	0.4	0.4	0	0	0.4
235900	0.4	0.4	0.4	0	0	0.4
236000	0.4	0.4	0.4	0	0	0.4
236100	0.4	0.4	0.4	0	0	0.4
236200	0.4	0.4	0.4	0	0	0.4
236300	0.4	0.4	0.4	0	0	0.4
236400	0.4	0.4	0.4	0	0	0.4
236500	0.4	0.4	0.4	0	0	0.4
236600	0.4	0.4	0.4	0	0	0.4
236700	0.4	0.4	0.4	0	0	0.4
236800	0.4	0.4	0.4	0	0	0.4
236900	0.4	0.41	0.41	0	0	0.4
237000	0.4	0.41	0.41	0	0	0.4
237100	0.4	0.41	0.41	0	0	0.4
237200	0.4	0.41	0.41	0	0	0.4
237300	0.4	0.41	0.41	0	0	0.4
237400	0.4	0.41	0.41	0	0	0.4
237500	0.41	0.41	0.41	0	0	0.41
237600	0.4	0.41	0.41	0	0	0.4
237700	0.4	0.41	0.41	0	0	0.4
237800	0.4	0.41	0.41	0	0	0.4
237900	0.4	0.4	0.4	0	0	0.4
238000	0.4	0.4	0.4	0	0	0.4
238100	0.4	0.4	0.4	0	0	0.4
238200	0.4	0.4	0.4	0	0	0.4
238300	0.4	0.4	0.4	0	0	0.4
238400	0.4	0.4	0.4	0	0	0.4
238500	0.4	0.4	0.4	0	0	0.4
238600	0.4	0.4	0.4	0	0	0.4
238700	0.4	0.4	0.4	0	0	0.4
238800	0.4	0.4	0.4	0	0	0.4
238900	0.4	0.4	0.4	0	0	0.4
239000	0.4	0.4	0.4	0	0	0.4
239100	0.4	0.4	0.4	0	0	0.4
239200	0.4	0.4	0.4	0	0	0.4
239300	0.4	0.4	0.4	0	0	0.4
239400	0.4	0.4	0.4	0	0	0.4
239500	0.4	0.4	0.4	0	0	0.4
239600	0.4	0.39	0.39	0	0	0.4
239700	0.4	0.4	0.4	0	0	0.4
239800	0.4	0.39	0.39	0	0	0.4
239900	0.4	0.39	0.39	0	0	0.4
240000	0.4	0.39	0.39	0	0	0.4
240100	0.4	0.39	0.39	0	0	0.4
240200	0.4	0.39	0.39	0	0	0.4
240300	0.41	0.39	0.39	0	0	0.41
240400	0.41	0.39	0.39	0	0	0.41
240500	0.4	0.39	0.39	0	0	0.4
240600	0.4	0.39	0.39	0	0	0.4
240700	0.4	0.39	0.39	0	0	0.4
240800	0.4	0.39	0.39	0	0	0.4
240900	0.4	0.39	0.39	0	0	0.4
241000	0.41	0.39	0.39	0	0	0.41
241100	0.4	0.39	0.39	0	0	0.4
241200	0.39	0.39	0.39	0	0	0.39
241300	0.39	0.39	0.39	0	0	0.39
241400	0.39	0.39	0.39	0	0	0.39
241500	0.39	0.39	0.39	0	0	0.39
241600	0.39	0.39	0.39	0	0	0.39
241700	0.39	0.39	0.39	0	0	0.39
241800	0.4	0.39	0.39	0	0	0.4
241900	0.4	0.39	0.39	0	0	0.4
242000	0.39	0.39	0.39	0	0	0.39
242100	0.39	0.39	0.39	0	0	0.39
242200	0.39	0.39	0.39	0	0	0.39
242300	0.39	0.39	0.39	0	0	0.39
242400	0.39	0.39	0.39	0	0	0.39
242500	0.39	0.39	0.39	0	0	0.39
242600	0.39	0.39	0.39	0	0	0.39
242700	0.39	0.39	0.39	0	0	0.39
242800	0.39	0.39	0.39	0	0	0.39
242900	0.39	0.39	0.39	0	0	0.39
243000	0.39	0.4	0.4	0	0	0.39
243100	0.39	0.4	0.4	0	0	0.39
243200	0.39	0.39	0.39	0	0	0.39
243300	0.39	0.39	0.39	0	0	0.39
243400	0.39	0.39	0.39	0	0	0.39
243500	0.39	0.39	0.39	0	0	0.39
243600	0.39	0.39	0.39	0	0	0.39
243700	0.39	0.39	0.39	0	0	0.39
243800	0.39	0.39	0.39	0	0	0.39
243900	0.39	0.39	0.39	0	0	0.39
244000	0.39	0.39	0.39	0	0	0.39
244100	0.39	0.39	0.39	0	0	0.39
244200	0.39	0.39	0.39	0	0	0.39
244300	0.39	0.39	0.39	0	0	0.39
244400	0.39	0.39	0.39	0	0	0.39
244500	0.39	0.39	0.39	0	0	0.39
244600	0.39	0.39	0.39	0	0	0.39
244700	0.39	0.39	0.39	0	0	0.39
244800	0.39	0.39	0.39	0	0	0.39
244900	0.39	0.39	0.39	0	0	0.39
245000	0.39	0.39	0.39	0	0	0.39
245100	0.4	0.39	0.39	0	0	0.4
245200	0.4	0.39	0.39	0	0	0.4
245300	0.4	0.39	0.39	0	0	0.4
245400	0.4	0.39	0.39	0	0	0.4
245500	0.4	0.39	0.39	0	0	0.4
245600	0.4	0.39	0.39	0	0	0.4
245700	0.4	0.39	0.39	0	0	0.4
245800	0.4	0.39	0.39	0	0	0.4
245900	0.4	0.4	0.4	0	0	0.4
246000	0.4	0.4	0.4	0	0	0.4
246100	0.4	0.4	0.4	0	0	0.4
246200	0.4	0.4	0.4	0	0	0.4
246300	0.4	0.4	0.4	0	0	0.4
246400	0.4	0.4	0.4	0	0	0.4
246500	0.4	0.4	0.4	0	0	0.4
246600	0.4	0.4	0.4	0	0	0.4
246700	0.4	0.4	0.4	0	0	0.4
246800	0.4	0.4	0.4	0	0	0.4
246900	0.4	0.4	0.4	0	0	0.4
247000	0.4	0.4	0.4	0	0	0.4
247100	0.4	0.4	0.4	0	0	0.4
247200	0.4	0.39	0.39	0	0	0.4
247300	0.4	0.39	0.39	0	0	0.4
247400	0.4	0.39	0.39	0	0	0.4
247500	0.41	0.39	0.39	0	0	0.41
247600	0.41	0.39	0.39	0	0	0.41
247700	0.41	0.39	0.39	0	0	0.41
247800	0.41	0.39	0.39	0	0	0.41
247900	0.41	0.39	0.39	0	0	0.41
248000	0.41	0.39	0.39	0	0	0.41
248100	0.42	0.39	0.39	0	0	0.42
248200	0.42	0.39	0.39	0	0	0.42
248300	0.42	0.39	0.39	0	0	0.42
248400	0.42	0.39	0.39	0	0	0.42
248500	0.42	0.39	0.39	0	0	0.42
248600	0.42	0.39	0.39	0	0	0.42
248700	0.42	0.4	0.4	0	0	0.42
248800	0.42	0.4	0.4	0	0	0.42
248900	0.42	0.4	0.4	0	0	0.42
249000	0.42	0.4	0.4	0	0	0.42
249100	0.42	0.4	0.4	0	0	0.42
249200	0.41	0.4	0.4	0	0	0.41
249300	0.41	0.4	0.4	0	0	0.41
249400	0.41	0.4	0.4	0	0	0.41
249500	0.41	0.4	0.4	0	0	0.41
249600	0.41	0.4	0.4	0	0	0.41
249700	0.41	0.39	0.39	0	0	0.41
249800	0.41	0.39	0.39	0	0	0.41
249900	0.41	0.4	0.4	0	0	0.41
250000	0.41	0.4	0.4	0	0	0.41
250100	0.41	0.4	0.4	0	0	0.41
250200	0.42	0.4	0.4	0	0	0.42
250300	0.42	0.4	0.4	0	0	0.42
250400	0.43	0.41	0.41	0	0	0.43
250500	0.43	0.41	0.41	0	0	0.43
250600	0.43	0.41	0.41	0	0	0.43
250700	0.43	0.41	0.41	0	0	0.43
250800	0.43	0.41	0.41	0	0	0.43
250900	0.43	0.41	0.41	0	0	0.43
251000	0.43	0.41	0.41	0	0	0.43
251100	0.43	0.41	0.41	0	0	0.43
251200	0.43	0.41	0.41	0	0	0.43
251300	0.43	0.41	0.41	0	0	0.43
251400	0.43	0.41	0.41	0	0	0.43
251500	0.42	0.41	0.41	0	0	0.42
251600	0.42	0.41	0.41	0	0	0.42
251700	0.42	0.41	0.41	0	0	0.42
251800	0.42	0.41	0.41	0	0	0.42
251900	0.42	0.41	0.41	0	0	0.42
252000	0.42	0.41	0.41	0	0	0.42
252100	0.42	0.41	0.41	0	0	0.42
252200	0.42	0.41	0.41	0	0	0.42
252300	0.42	0.41	0.41	0	0	0.42
252400	0.42	0.41	0.41	0	0	0.42
252500	0.42	0.41	0.41	0	0	0.42
252600	0.43	0.41	0.41	0	0	0.43
252700	0.43	0.41	0.41	0	0	0.43
252800	0.43	0.41	0.41	0	0	0.43
252900	0.42	0.41	0.41	0	0	0.42
253000	0.42	0.41	0.41	0	0	0.42
253100	0.42	0.41	0.41	0	0	0.42
253200	0.42	0.41	0.41	0	0	0.42
253300	0.42	0.41	0.41	0	0	0.42
253400	0.42	0.41	0.41	0	0	0.42
253500	0.42	0.41	0.41	0	0	0.42
253600	0.42	0.41	0.41	0	0	0.42
253700	0.42	0.41	0.41	0	0	0.42
253800	0.42	0.41	0.41	0	0	0.42
253900	0.42	0.41	0.41	0	0	0.42
254000	0.42	0.41	0.41	0	0	0.42
254100	0.42	0.41	0.41	0	0	0.42
254200	0.43	0.41	0.41	0	0	0.43
254300	0.42	0.41	0.41	0	0	0.42
254400	0.43	0.4	0.4	0	0	0.43
254500	0.42	0.4	0.4	0	0	0.42
254600	0.42	0.4	0.4	0	0	0.42
254700	0.42	0.4	0.4	0	0	0.42
254800	0.42	0.4	0.4	0	0	0.42
254900	0.42	0.4	0.4	0	0	0.42
255000	0.41	0.4	0.4	0	0	0.41
255100	0.41	0.4	0.4	0	0	0.41
255200	0.41	0.4	0.4	0	0	0.41
255300	0.41	0.4	0.4	0	0	0.41
255400	0.41	0.4	0.4	0	0	0.41
255500	0.41	0.4	0.4	0	0	0.41
255600	0.41	0.4	0.4	0	0	0.41
255700	0.41	0.4	0.4	0	0	0.41
255800	0.41	0.4	0.4	0	0	0.41
255900	0.41	0.4	0.4	0	0	0.41
256000	0.41	0.4	0.4	0	0	0.41
256100	0.41	0.4	0.4	0	0	0.41
256200	0.41	0.4	0.4	0	0	0.41
256300	0.39	0.4	0.4	0	0	0.39
256400	0.39	0.41	0.41	0	0	0.39
256500	0.39	0.4	0.4	0	0	0.39
256600	0.4	0.4	0.4	0	0	0.4
256700	0.39	0.4	0.4	0	0	0.39
256800	0.39	0.4	0.4	0	0	0.39
256900	0.39	0.4	0.4	0	0	0.39
257000	0.39	0.4	0.4	0	0	0.39
257100	0.39	0.4	0.4	0	0	0.39
257200	0.39	0.4	0.4	0	0	0.39
257300	0.39	0.4	0.4	0	0	0.39
257400	0.39	0.4	0.4	0	0	0.39
257500	0.39	0.4	0.4	0	0	0.39
257600	0.39	0.4	0.4	0	0	0.39
257700	0.39	0.4	0.4	0	0	0.39
257800	0.39	0.4	0.4	0	0	0.39
257900	0.39	0.4	0.4	0	0	0.39
258000	0.39	0.4	0.4	0	0	0.39
258100	0.39	0.4	0.4	0	0	0.39
258200	0.39	0.4	0.4	0	0	0.39
258300	0.39	0.4	0.4	0	0	0.39
258400	0.39	0.4	0.4	0	0	0.39
258500	0.39	0.4	0.4	0	0	0.39
258600	0.39	0.4	0.4	0	0	0.39
258700	0.39	0.4	0.4	0	0	0.39
258800	0.39	0.4	0.4	0	0	0.39
258900	0.39	0.4	0.4	0	0	0.39
259000	0.39	0.4	0.4	0	0	0.39
259100	0.39	0.4	0.4	0	0	0.39
259200	0.39	0.4	0.4	0	0	0.39
259300	0.39	0.4	0.4	0	0	0.39
259400	0.39	0.4	0.4	0	0	0.39
259500	0.39	0.4	0.4	0	0	0.39
259600	0.39	0.4	0.4	0	0	0.39
259700	0.39	0.4	0.4	0	0	0.39
259800	0.39	0.4	0.4	0	0	0.39
259900	0.39	0.4	0.4	0	0	0.39
260000	0.39	0.4	0.4	0	0	0.39
260100	0.41	0.4	0.4	0	0	0.41
260200	0.41	0.4	0.4	0	0	0.41
260300	0.41	0.4	0.4	0	0	0.41
260400	0.41	0.4	0.4	0	0	0.41
260500	0.41	0.4	0.4	0	0	0.41
260600	0.41	0.4	0.4	0	0	0.41
260700	0.41	0.4	0.4	0	0	0.41
260800	0.41	0.4	0.4	0	0	0.41
260900	0.41	0.4	0.4	0	0	0.41
261000	0.41	0.4	0.4	0	0	0.41
261100	0.42	0.4	0.4	0	0	0.42
261200	0.42	0.4	0.4	0	0	0.42
261300	0.42	0.4	0.4	0	0	0.42
261400	0.42	0.4	0.4	0	0	0.42
261500	0.42	0.4	0.4	0	0	0.42
261600	0.42	0.4	0.4	0	0	0.42
261700	0.42	0.4	0.4	0	0	0.42
261800	0.42	0.4	0.4	0	0	0.42
261900	0.42	0.41	0.41	0	0	0.42
262000	0.42	0.4	0.4	0	0	0.42
262100	0.42	0.4	0.4	0	0	0.42
262200	0.43	0.4	0.4	0	0	0.43
262300	0.43	0.4	0.4	0	0	0.43
262400	0.43	0.4	0.4	0	0	0.43
262500	0.43	0.4	0.4	0	0	0.43
262600	0.43	0.4	0.4	0	0	0.43
262700	0.43	0.4	0.4	0	0	0.43
262800	0.43	0.4	0.4	0	0	0.43
262900	0.43	0.4	0.4	0	0	0.43
263000	0.44	0.4	0.4	0	0	0.44
263100	0.43	0.4	0.4	0	0	0.43
263200	0.43	0.4	0.4	0	0	0.43
263300	0.43	0.4	0.4	0	0	0.43
263400	0.44	0.4	0.4	0	0	0.44
263500	0.43	0.4	0.4	0	0	0.43
263600	0.43	0.4	0.4	0	0	0.43
263700	0.43	0.4	0.4	0	0	0.43
263800	0.43	0.4	0.4	0	0	0.43
263900	0.43	0.4	0.4	0	0	0.43
264000	0.43	0.4	0.4	0	0	0.43
264100	0.43	0.4	0.4	0	0	0.43
264200	0.44	0.4	0.4	0	0	0.44
264300	0.43	0.41	0.41	0	0	0.43
264400	0.43	0.41	0.41	0	0	0.43
264500	0.43	0.41	0.41	0	0	0.43
264600	0.43	0.41	0.41	0	0	0.43
264700	0.44	0.41	0.41	0	0	0.44
264800	0.43	0.41	0.41	0	0	0.43
264900	0.43	0.41	0.41	0	0	0.43
265000	0.43	0.41	0.41	0	0	0.43
265100	0.43	0.41	0.41	0	0	0.43
265200	0.43	0.41	0.41	0	0	0.43
265300	0.43	0.41	0.41	0	0	0.43
265400	0.43	0.41	0.41	0	0	0.43
265500	0.44	0.41	0.41	0	0	0.44
265600	0.43	0.41	0.41	0	0	0.43
265700	0.43	0.41	0.41	0	0	0.43
265800	0.43	0.41	0.41	0	0	0.43
265900	0.43	0.41	0.41	0	0	0.43
266000	0.43	0.41	0.41	0	0	0.43
266100	0.43	0.41	0.41	0	0	0.43
266200	0.43	0.42	0.42	0	0	0.43
266300	0.43	0.41	0.41	0	0	0.43
266400	0.43	0.41	0.41	0	0	0.43
266500	0.43	0.41	0.41	0	0	0.43
266600	0.43	0.41	0.41	0	0	0.43
266700	0.43	0.42	0.42	0	0	0.43
266800	0.43	0.42	0.42	0	0	0.43
266900	0.43	0.42	0.42	0	0	0.43
267000	0.43	0.42	0.42	0	0	0.43
267100	0.43	0.42	0.42	0	0	0.43
267200	0.44	0.42	0.42	0	0	0.44
267300	0.44	0.42	0.42	0	0	0.44
267400	0.44	0.42	0.42	0	0	0.44
267500	0.44	0.42	0.42	0	0	0.44
267600	0.44	0.41	0.41	0	0	0.44
267700	0.44	0.41	0.41	0	0	0.44
267800	0.44	0.41	0.41	0	0	0.44
267900	0.43	0.41	0.41	0	0	0.43
268000	0.43	0.41	0.41	0	0	0.43
268100	0.43	0.41	0.41	0	0	0.43
268200	0.43	0.4	0.4	0	0	0.43
268300	0.43	0.4	0.4	0	0	0.43
268400	0.43	0.4	0.4	0	0	0.43
268500	0.43	0.4	0.4	0	0	0.43
268600	0.43	0.4	0.4	0	0	0.43
268700	0.43	0.4	0.4	0	0	0.43
268800	0.43	0.4	0.4	0	0	0.43
268900	0.43	0.4	0.4	0	0	0.43
269000	0.43	0.4	0.4	0	0	0.43
269100	0.43	0.41	0.41	0	0	0.43
269200	0.43	0.41	0.41	0	0	0.43
269300	0.43	0.41	0.41	0	0	0.43
269400	0.43	0.41	0.41	0	0	0.43
269500	0.43	0.41	0.41	0	0	0.43
269600	0.43	0.41	0.41	0	0	0.43
269700	0.43	0.41	0.41	0	0	0.43
269800	0.42	0.41	0.41	0	0	0.42
269900	0.42	0.41	0.41	0	0	0.42
270000	0.42	0.41	0.41	0	0	0.42
270100	0.42	0.41	0.41	0	0	0.42
270200	0.42	0.41	0.41	0	0	0.42
270300	0.42	0.41	0.41	0	0	0.42
270400	0.42	0.41	0.41	0	0	0.42
270500	0.43	0.41	0.41	0	0	0.43
270600	0.42	0.41	0.41	0	0	0.42
270700	0.42	0.41	0.41	0	0	0.42
270800	0.42	0.41	0.41	0	0	0.42
270900	0.42	0.41	0.41	0	0	0.42
271000	0.42	0.41	0.41	0	0	0.42
271100	0.42	0.41	0.41	0	0	0.42
271200	0.42	0.42	0.42	0	0	0.42
271300	0.42	0.41	0.41	0	0	0.42
271400	0.42	0.41	0.41	0	0	0.42
271500	0.42	0.41	0.41	0	0	0.42
271600	0.42	0.4	0.4	0	0	0.42
271700	0.42	0.4	0.4	0	0	0.42
271800	0.42	0.4	0.4	0	0	0.42
271900	0.42	0.4	0.4	0	0	0.42
272000	0.42	0.4	0.4	0	0	0.42
272100	0.42	0.4	0.4	0	0	0.42
272200	0.43	0.4	0.4	0	0	0.43
272300	0.42	0.4	0.4	0	0	0.42
272400	0.42	0.4	0.4	0	0	0.42
272500	0.42	0.4	0.4	0	0	0.42
272600	0.42	0.4	0.4	0	0	0.42
272700	0.42	0.4	0.4	0	0	0.42
272800	0.42	0.4	0.4	0	0	0.42
272900	0.42	0.4	0.4	0	0	0.42
273000	0.42	0.4	0.4	0	0	0.42
273100	0.42	0.41	0.41	0	0	0.42
273200	0.42	0.4	0.4	0	0	0.42
273300	0.43	0.4	0.4	0	0	0.43
273400	0.42	0.4	0.4	0	0	0.42
273500	0.42	0.4	0.4	0	0	0.42
273600	0.42	0.4	0.4	0	0	0.42
273700	0.42	0.41	0.41	0	0	0.42
273800	0.42	0.4	0.4	0	0	0.42
273900	0.42	0.41	0.41	0	0	0.42
274000	0.42	0.4	0.4	0	0	0.42
274100	0.42	0.4	0.4	0	0	0.42
274200	0.42	0.4	0.4	0	0	0.42
274300	0.42	0.4	0.4	0	0	0.42
274400	0.42	0.4	0.4	0	0	0.42
274500	0.43	0.4	0.4	0	0	0.43
274600	0.42	0.4	0.4	0	0	0.42
274700	0.42	0.4	0.4	0	0	0.42
274800	0.42	0.4	0.4	0	0	0.42
274900	0.42	0.4	0.4	0	0	0.42
275000	0.42	0.4	0.4	0	0	0.42
275100	0.42	0.4	0.4	0	0	0.42
275200	0.42	0.4	0.4	0	0	0.42
275300	0.42	0.4	0.4	0	0	0.42
275400	0.42	0.4	0.4	0	0	0.42
275500	0.41	0.4	0.4	0	0	0.41
275600	0.41	0.4	0.4	0	0	0.41
275700	0.4	0.41	0.41	0	0	0.4
275800	0.4	0.41	0.41	0	0	0.4
275900	0.4	0.41	0.41	0	0	0.4
276000	0.4	0.41	0.41	0	0	0.4
276100	0.4	0.4	0.4	0	0	0.4
276200	0.4	0.4	0.4	0	0	0.4
276300	0.4	0.41	0.41	0	0	0.4
276400	0.4	0.4	0.4	0	0	0.4
276500	0.41	0.4	0.4	0	0	0.41
276600	0.4	0.4	0.4	0	0	0.4
276700	0.41	0.4	0.4	0	0	0.41
276800	0.41	0.4	0.4	0	0	0.41
276900	0.41	0.4	0.4	0	0	0.41
277000	0.41	0.4	0.4	0	0	0.41
277100	0.41	0.4	0.4	0	0	0.41
277200	0.41	0.4	0.4	0	0	0.41
277300	0.41	0.4	0.4	0	0	0.41
277400	0.41	0.4	0.4	0	0	0.41
277500	0.41	0.4	0.4	0	0	0.41
277600	0.41	0.4	0.4	0	0	0.41
277700	0.41	0.4	0.4	0	0	0.41
277800	0.41	0.4	0.4	0	0	0.41
277900	0.41	0.4	0.4	0	0	0.41
278000	0.41	0.4	0.4	0	0	0.41
278100	0.41	0.4	0.4	0	0	0.41
278200	0.41	0.4	0.4	0	0	0.41
278300	0.41	0.4	0.4	0	0	0.41
278400	0.41	0.4	0.4	0	0	0.41
278500	0.4	0.4	0.4	0	0	0.4
278600	0.4	0.4	0.4	0	0	0.4
278700	0.4	0.4	0.4	0	0	0.4
278800	0.4	0.4	0.4	0	0	0.4
278900	0.41	0.4	0.4	0	0	0.41
279000	0.4	0.4	0.4	0	0	0.4
279100	0.4	0.4	0.4	0	0	0.4
279200	0.4	0.4	0.4	0	0	0.4
279300	0.4	0.41	0.41	0	0	0.4
279400	0.4	0.4	0.4	0	0	0.4
279500	0.4	0.4	0.4	0	0	0.4
279600	0.4	0.4	0.4	0	0	0.4
279700	0.4	0.4	0.4	0	0	0.4
279800	0.4	0.4	0.4	0	0	0.4
279900	0.4	0.4	0.4	0	0	0.4
280000	0.4	0.4	0.4	0	0	0.4
280100	0.4	0.4	0.4	0	0	0.4
280200	0.4	0.4	0.4	0	0	0.4
280300	0.4	0.4	0.4	0	0	0.4
280400	0.4	0.4	0.4	0	0	0.4
280500	0.4	0.4	0.4	0	0	0.4
280600	0.4	0.4	0.4	0	0	0.4
280700	0.4	0.4	0.4	0	0	0.4
280800	0.4	0.4	0.4	0	0	0.4
280900	0.4	0.4	0.4	0	0	0.4
281000	0.4	0.4	0.4	0	0	0.4
281100	0.4	0.4	0.4	0	0	0.4
281200	0.4	0.4	0.4	0	0	0.4
281300	0.4	0.4	0.4	0	0	0.4
281400	0.4	0.4	0.4	0	0	0.4
281500	0.4	0.4	0.4	0	0	0.4
281600	0.4	0.4	0.4	0	0	0.4
281700	0.4	0.4	0.4	0	0	0.4
281800	0.4	0.4	0.4	0	0	0.4
281900	0.4	0.4	0.4	0	0	0.4
282000	0.4	0.4	0.4	0	0	0.4
282100	0.4	0.4	0.4	0	0	0.4
282200	0.4	0.4	0.4	0	0	0.4
282300	0.4	0.4	0.4	0	0	0.4
282400	0.4	0.4	0.4	0	0	0.4
282500	0.4	0.4	0.4	0	0	0.4
282600	0.4	0.4	0.4	0	0	0.4
282700	0.4	0.4	0.4	0	0	0.4
282800	0.4	0.4	0.4	0	0	0.4
282900	0.4	0.4	0.4	0	0	0.4
283000	0.4	0.4	0.4	0	0	0.4
283100	0.4	0.4	0.4	0	0	0.4
283200	0.4	0.4	0.4	0	0	0.4
283300	0.4	0.4	0.4	0	0	0.4
283400	0.4	0.4	0.4	0	0	0.4
283500	0.4	0.4	0.4	0	0	0.4
283600	0.4	0.4	0.4	0	0	0.4
283700	0.4	0.4	0.4	0	0	0.4
283800	0.4	0.4	0.4	0	0	0.4
283900	0.4	0.4	0.4	0	0	0.4
284000	0.4	0.4	0.4	0	0	0.4
284100	0.4	0.4	0.4	0	0	0.4
284200	0.4	0.4	0.4	0	0	0.4
284300	0.4	0.4	0.4	0	0	0.4
284400	0.4	0.4	0.4	0	0	0.4
284500	0.4	0.4	0.4	0	0	0.4
284600	0.4	0.4	0.4	0	0	0.4
284700	0.4	0.4	0.4	0	0	0.4
284800	0.4	0.4	0.4	0	0	0.4
284900	0.4	0.4	0.4	0	0	0.4
285000	0.4	0.4	0.4	0	0	0.4
285100	0.4	0.4	0.4	0	0	0.4
285200	0.4	0.4	0.4	0	0	0.4
285300	0.4	0.4	0.4	0	0	0.4
285400	0.4	0.4	0.4	0	0	0.4
285500	0.4	0.4	0.4	0	0	0.4
285600	0.41	0.4	0.4	0	0	0.41
285700	0.41	0.4	0.4	0	0	0.41
285800	0.4	0.4	0.4	0	0	0.4
285900	0.4	0.4	0.4	0	0	0.4
286000	0.4	0.4	0.4	0	0	0.4
286100	0.4	0.4	0.4	0	0	0.4
286200	0.4	0.4	0.4	0	0	0.4
286300	0.4	0.4	0.4	0	0	0.4
286400	0.4	0.4	0.4	0	0	0.4
286500	0.4	0.41	0.41	0	0	0.4
286600	0.4	0.41	0.41	0	0	0.4
286700	0.4	0.41	0.41	0	0	0.4
286800	0.4	0.41	0.41	0	0	0.4
286900	0.4	0.41	0.41	0	0	0.4
287000	0.4	0.41	0.41	0	0	0.4
287100	0.4	0.41	0.41	0	0	0.4
287200	0.41	0.41	0.41	0	0	0.41
287300	0.41	0.41	0.41	0	0	0.41
287400	0.41	0.4	0.4	0	0	0.41
287500	0.41	0.4	0.4	0	0	0.41
287600	0.41	0.4	0.4	0	0	0.41
287700	0.42	0.4	0.4	0	0	0.42
287800	0.42	0.4	0.4	0	0	0.42
287900	0.42	0.41	0.41	0	0	0.42
288000	0.42	0.41	0.41	0	0	0.42
288100	0.41	0.41	0.41	0	0	0.41
288200	0.41	0.41	0.41	0	0	0.41
288300	0.41	0.41	0.41	0	0	0.41
288400	0.41	0.41	0.41	0	0	0.41
288500	0.41	0.41	0.41	0	0	0.41
288600	0.41	0.42	0.42	0	0	0.41
288700	0.41	0.42	0.42	0	0	0.41
288800	0.41	0.42	0.42	0	0	0.41
288900	0.41	0.42	0.42	0	0	0.41
289000	0.41	0.42	0.42	0	0	0.41
289100	0.41	0.42	0.42	0	0	0.41
289200	0.41	0.42	0.42	0	0	0.41
289300	0.41	0.42	0.42	0	0	0.41
289400	0.41	0.42	0.42	0	0	0.41
289500	0.41	0.42	0.42	0	0	0.41
289600	0.41	0.42	0.42	0	0	0.41
289700	0.41	0.43	0.43	0	0	0.41
289800	0.41	0.43	0.43	0	0	0.41
289900	0.41	0.42	0.42	0	0	0.41
290000	0.41	0.42	0.42	0	0	0.41
290100	0.41	0.42	0.42	0	0	0.41
290200	0.41	0.42	0.42	0	0	0.41
290300	0.41	0.43	0.43	0	0	0.41
290400	0.41	0.43	0.43	0	0	0.41
290500	0.41	0.43	0.43	0	0	0.41
290600	0.41	0.43	0.43	0	0	0.41
290700	0.41	0.43	0.43	0	0	0.41
290800	0.41	0.43	0.43	0	0	0.41
290900	0.41	0.43	0.43	0	0	0.41
291000	0.41	0.43	0.43	0	0	0.41
291100	0.41	0.43	0.43	0	0	0.41
291200	0.41	0.43	0.43	0	0	0.41
291300	0.41	0.43	0.43	0	0	0.41
291400	0.41	0.43	0.43	0	0	0.41
291500	0.41	0.43	0.43	0	0	0.41
291600	0.42	0.43	0.43	0	0	0.42
291700	0.42	0.43	0.43	0	0	0.42
291800	0.42	0.43	0.43	0	0	0.42
291900	0.41	0.43	0.43	0	0	0.41
292000	0.41	0.43	0.43	0	0	0.41
292100	0.41	0.43	0.43	0	0	0.41
292200	0.41	0.43	0.43	0	0	0.41
292300	0.41	0.43	0.43	0	0	0.41
292400	0.41	0.43	0.43	0	0	0.41
292500	0.41	0.43	0.43	0	0	0.41
292600	0.41	0.43	0.43	0	0	0.41
292700	0.41	0.43	0.43	0	0	0.41
292800	0.41	0.43	0.43	0	0	0.41
292900	0.41	0.43	0.43	0	0	0.41
293000	0.41	0.42	0.42	0	0	0.41
293100	0.41	0.42	0.42	0	0	0.41
293200	0.41	0.42	0.42	0	0	0.41
293300	0.41	0.42	0.42	0	0	0.41
293400	0.41	0.43	0.43	0	0	0.41
293500	0.41	0.42	0.42	0	0	0.41
293600	0.42	0.42	0.42	0	0	0.42
293700	0.42	0.42	0.42	0	0	0.42
293800	0.42	0.42	0.42	0	0	0.42
293900	0.42	0.42	0.42	0	0	0.42
294000	0.42	0.42	0.42	0	0	0.42
294100	0.42	0.42	0.42	0	0	0.42
294200	0.42	0.42	0.42	0	0	0.42
294300	0.42	0.42	0.42	0	0	0.42
294400	0.42	0.42	0.42	0	0	0.42
294500	0.42	0.42	0.42	0	0	0.42
294600	0.42	0.42	0.42	0	0	0.42
294700	0.42	0.42	0.42	0	0	0.42
294800	0.42	0.42	0.42	0	0	0.42
294900	0.42	0.42	0.42	0	0	0.42
295000	0.42	0.42	0.42	0	0	0.42
295100	0.42	0.42	0.42	0	0	0.42
295200	0.42	0.43	0.43	0	0	0.42
295300	0.42	0.42	0.42	0	0	0.42
295400	0.42	0.42	0.42	0	0	0.42
295500	0.42	0.42	0.42	0	0	0.42
295600	0.43	0.42	0.42	0	0	0.43
295700	0.43	0.42	0.42	0	0	0.43
295800	0.43	0.42	0.42	0	0	0.43
295900	0.43	0.42	0.42	0	0	0.43
296000	0.43	0.42	0.42	0	0	0.43
296100	0.43	0.42	0.42	0	0	0.43
296200	0.43	0.42	0.42	0	0	0.43
296300	0.43	0.42	0.42	0	0	0.43
296400	0.43	0.42	0.42	0	0	0.43
296500	0.43	0.42	0.42	0	0	0.43
296600	0.43	0.42	0.42	0	0	0.43
296700	0.43	0.43	0.43	0	0	0.43
296800	0.43	0.43	0.43	0	0	0.43
296900	0.43	0.43	0.43	0	0	0.43
297000	0.43	0.42	0.42	0	0	0.43
297100	0.43	0.42	0.42	0	0	0.43
297200	0.43	0.42	0.42	0	0	0.43
297300	0.43	0.42	0.42	0	0	0.43
297400	0.43	0.42	0.42	0	0	0.43
297500	0.43	0.42	0.42	0	0	0.43
297600	0.43	0.42	0.42	0	0	0.43
297700	0.43	0.42	0.42	0	0	0.43
297800	0.43	0.42	0.42	0	0	0.43
297900	0.43	0.41	0.41	0	0	0.43
298000	0.44	0.41	0.41	0	0	0.44
298100	0.44	0.41	0.41	0	0	0.44
298200	0.44	0.41	0.41	0	0	0.44
298300	0.44	0.41	0.41	0	0	0.44
298400	0.44	0.41	0.41	0	0	0.44
298500	0.43	0.41	0.41	0	0	0.43
298600	0.43	0.41	0.41	0	0	0.43
298700	0.43	0.41	0.41	0	0	0.43
298800	0.43	0.41	0.41	0	0	0.43
298900	0.43	0.41	0.41	0	0	0.43
299000	0.43	0.41	0.41	0	0	0.43
299100	0.43	0.41	0.41	0	0	0.43
299200	0.42	0.41	0.41	0	0	0.42
299300	0.42	0.41	0.41	0	0	0.42
299400	0.42	0.41	0.41	0	0	0.42
299500	0.42	0.41	0.41	0	0	0.42
299600	0.42	0.42	0.42	0	0	0.42
299700	0.42	0.42	0.42	0	0	0.42
299800	0.42	0.42	0.42	0	0	0.42
299900	0.42	0.42	0.42	0	0	0.42
300000	0.42	0.42	0.42	0	0	0.42
