100	0.06	0.08	0.08	0	0	0.06
200	0.08	0.1	0.1	0	0	0.08
300	0.09	0.12	0.12	0	0	0.09
400	0.08	0.12	0.12	0	0	0.08
500	0.1	0.1	0.1	0	0	0.1
600	0.1	0.09	0.09	0	0	0.1
700	0.1	0.11	0.11	0	0	0.1
800	0.1	0.1	0.1	0	0	0.1
900	0.1	0.11	0.11	0	0	0.1
1000	0.11	0.1	0.1	0	0	0.11
1100	0.13	0.11	0.11	0	0	0.13
1200	0.14	0.12	0.12	0	0	0.14
1300	0.16	0.12	0.12	0	0	0.16
1400	0.16	0.13	0.13	0	0	0.16
1500	0.16	0.14	0.14	0	0	0.16
1600	0.17	0.15	0.15	0	0	0.17
1700	0.15	0.15	0.15	0	0	0.15
1800	0.15	0.15	0.15	0	0	0.15
1900	0.14	0.15	0.15	0	0	0.14
2000	0.13	0.16	0.16	0	0	0.13
2100	0.13	0.17	0.17	0	0	0.13
2200	0.13	0.16	0.16	0	0	0.13
2300	0.13	0.14	0.14	0	0	0.13
2400	0.13	0.16	0.16	0	0	0.13
2500	0.14	0.16	0.16	0	0	0.14
2600	0.15	0.16	0.16	0	0	0.15
2700	0.17	0.17	0.17	0	0	0.17
2800	0.18	0.14	0.14	0	0	0.18
2900	0.18	0.13	0.13	0	0	0.18
3000	0.16	0.13	0.13	0	0	0.16
3100	0.17	0.13	0.13	0	0	0.17
3200	0.18	0.14	0.14	0	0	0.18
3300	0.17	0.14	0.14	0	0	0.17
3400	0.19	0.17	0.17	0	0	0.19
3500	0.2	0.17	0.17	0	0	0.2
3600	0.2	0.17	0.17	0	0	0.2
3700	0.2	0.16	0.16	0	0	0.2
3800	0.21	0.16	0.16	0	0	0.21
3900	0.2	0.17	0.17	0	0	0.2
4000	0.21	0.17	0.17	0	0	0.21
4100	0.19	0.19	0.19	0	0	0.19
4200	0.2	0.21	0.21	0	0	0.2
4300	0.2	0.19	0.19	0	0	0.2
4400	0.2	0.21	0.21	0	0	0.2
4500	0.21	0.21	0.21	0	0	0.21
4600	0.21	0.18	0.18	0	0	0.21
4700	0.21	0.18	0.18	0	0	0.21
4800	0.22	0.16	0.16	0	0	0.22
4900	0.22	0.15	0.15	0	0	0.22
5000	0.22	0.16	0.16	0	0	0.22
5100	0.23	0.14	0.14	0	0	0.23
5200	0.23	0.16	0.16	0	0	0.23
5300	0.22	0.15	0.15	0	0	0.22
5400	0.23	0.16	0.16	0	0	0.23
5500	0.2	0.17	0.17	0	0	0.2
5600	0.21	0.18	0.18	0	0	0.21
5700	0.23	0.18	0.18	0	0	0.23
5800	0.23	0.2	0.2	0	0	0.23
5900	0.21	0.22	0.22	0	0	0.21
6000	0.23	0.21	0.21	0	0	0.23
6100	0.23	0.21	0.21	0	0	0.23
6200	0.23	0.21	0.21	0	0	0.23
6300	0.23	0.21	0.21	0	0	0.23
6400	0.23	0.22	0.22	0	0	0.23
6500	0.23	0.22	0.22	0	0	0.23
6600	0.24	0.21	0.21	0	0	0.24
6700	0.24	0.2	0.2	0	0	0.24
6800	0.26	0.2	0.2	0	0	0.26
6900	0.25	0.2	0.2	0	0	0.25
7000	0.27	0.2	0.2	0	0	0.27
7100	0.28	0.2	0.2	0	0	0.28
7200	0.3	0.21	0.21	0	0	0.3
7300	0.3	0.21	0.21	0	0	0.3
7400	0.31	0.22	0.22	0	0	0.31
7500	0.31	0.2	0.2	0	0	0.31
7600	0.31	0.19	0.19	0	0	0.31
7700	0.32	0.2	0.2	0	0	0.32
7800	0.33	0.2	0.2	0	0	0.33
7900	0.34	0.2	0.2	0	0	0.34
8000	0.34	0.21	0.21	0	0	0.34
8100	0.33	0.21	0.21	0	0	0.33
8200	0.32	0.22	0.22	0	0	0.32
8300	0.32	0.21	0.21	0	0	0.32
8400	0.3	0.21	0.21	0	0	0.3
8500	0.28	0.23	0.23	0	0	0.28
8600	0.26	0.23	0.23	0	0	0.26
8700	0.25	0.24	0.24	0	0	0.25
8800	0.25	0.25	0.25	0	0	0.25
8900	0.26	0.26	0.26	0	0	0.26
9000	0.26	0.28	0.28	0	0	0.26
9100	0.25	0.27	0.27	0	0	0.25
9200	0.25	0.26	0.26	0	0	0.25
9300	0.25	0.25	0.25	0	0	0.25
9400	0.25	0.26	0.26	0	0	0.25
9500	0.25	0.26	0.26	0	0	0.25
9600	0.25	0.27	0.27	0	0	0.25
9700	0.24	0.3	0.3	0	0	0.24
9800	0.24	0.29	0.29	0	0	0.24
9900	0.25	0.29	0.29	0	0	0.25
10000	0.25	0.3	0.3	0	0	0.25
10100	0.27	0.3	0.3	0	0	0.27
10200	0.27	0.32	0.32	0	0	0.27
10300	0.27	0.31	0.31	0	0	0.27
10400	0.29	0.3	0.3	0	0	0.29
10500	0.27	0.3	0.3	0	0	0.27
10600	0.27	0.29	0.29	0	0	0.27
10700	0.27	0.26	0.26	0	0	0.27
10800	0.27	0.26	0.26	0	0	0.27
10900	0.27	0.26	0.26	0	0	0.27
11000	0.27	0.28	0.28	0	0	0.27
11100	0.27	0.3	0.3	0	0	0.27
11200	0.27	0.28	0.28	0	0	0.27
11300	0.27	0.28	0.28	0	0	0.27
11400	0.26	0.28	0.28	0	0	0.26
11500	0.25	0.29	0.29	0	0	0.25
11600	0.25	0.3	0.3	0	0	0.25
11700	0.25	0.3	0.3	0	0	0.25
11800	0.25	0.3	0.3	0	0	0.25
11900	0.25	0.3	0.3	0	0	0.25
12000	0.26	0.3	0.3	0	0	0.26
12100	0.26	0.29	0.29	0	0	0.26
12200	0.26	0.28	0.28	0	0	0.26
12300	0.26	0.27	0.27	0	0	0.26
12400	0.27	0.27	0.27	0	0	0.27
12500	0.28	0.26	0.26	0	0	0.28
12600	0.28	0.23	0.23	0	0	0.28
12700	0.27	0.23	0.23	0	0	0.27
12800	0.27	0.22	0.22	0	0	0.27
12900	0.27	0.23	0.23	0	0	0.27
13000	0.27	0.24	0.24	0	0	0.27
13100	0.27	0.22	0.22	0	0	0.27
13200	0.28	0.22	0.22	0	0	0.28
13300	0.29	0.22	0.22	0	0	0.29
13400	0.3	0.22	0.22	0	0	0.3
13500	0.3	0.22	0.22	0	0	0.3
13600	0.29	0.22	0.22	0	0	0.29
13700	0.3	0.22	0.22	0	0	0.3
13800	0.29	0.21	0.21	0	0	0.29
13900	0.3	0.22	0.22	0	0	0.3
14000	0.27	0.22	0.22	0	0	0.27
14100	0.28	0.22	0.22	0	0	0.28
14200	0.29	0.22	0.22	0	0	0.29
14300	0.27	0.23	0.23	0	0	0.27
14400	0.26	0.24	0.24	0	0	0.26
14500	0.25	0.25	0.25	0	0	0.25
14600	0.24	0.25	0.25	0	0	0.24
14700	0.24	0.25	0.25	0	0	0.24
14800	0.24	0.25	0.25	0	0	0.24
14900	0.26	0.25	0.25	0	0	0.26
15000	0.26	0.26	0.26	0	0	0.26
15100	0.26	0.25	0.25	0	0	0.26
15200	0.26	0.24	0.24	0	0	0.26
15300	0.27	0.25	0.25	0	0	0.27
15400	0.28	0.25	0.25	0	0	0.28
15500	0.27	0.25	0.25	0	0	0.27
15600	0.28	0.28	0.28	0	0	0.28
15700	0.28	0.27	0.27	0	0	0.28
15800	0.28	0.29	0.29	0	0	0.28
15900	0.28	0.28	0.28	0	0	0.28
16000	0.28	0.28	0.28	0	0	0.28
16100	0.28	0.27	0.27	0	0	0.28
16200	0.28	0.27	0.27	0	0	0.28
16300	0.28	0.28	0.28	0	0	0.28
16400	0.28	0.27	0.27	0	0	0.28
16500	0.29	0.29	0.29	0	0	0.29
16600	0.29	0.29	0.29	0	0	0.29
16700	0.29	0.29	0.29	0	0	0.29
16800	0.29	0.3	0.3	0	0	0.29
16900	0.29	0.3	0.3	0	0	0.29
17000	0.29	0.29	0.29	0	0	0.29
17100	0.31	0.29	0.29	0	0	0.31
17200	0.31	0.29	0.29	0	0	0.31
17300	0.31	0.29	0.29	0	0	0.31
17400	0.31	0.29	0.29	0	0	0.31
17500	0.31	0.29	0.29	0	0	0.31
17600	0.31	0.29	0.29	0	0	0.31
17700	0.32	0.28	0.28	0	0	0.32
17800	0.32	0.28	0.28	0	0	0.32
17900	0.32	0.28	0.28	0	0	0.32
18000	0.33	0.28	0.28	0	0	0.33
18100	0.33	0.29	0.29	0	0	0.33
18200	0.32	0.29	0.29	0	0	0.32
18300	0.32	0.29	0.29	0	0	0.32
18400	0.33	0.3	0.3	0	0	0.33
18500	0.32	0.3	0.3	0	0	0.32
18600	0.32	0.3	0.3	0	0	0.32
18700	0.33	0.3	0.3	0	0	0.33
18800	0.32	0.29	0.29	0	0	0.32
18900	0.31	0.29	0.29	0	0	0.31
19000	0.31	0.3	0.3	0	0	0.31
19100	0.31	0.31	0.31	0	0	0.31
19200	0.33	0.32	0.32	0	0	0.33
19300	0.33	0.31	0.31	0	0	0.33
19400	0.33	0.33	0.33	0	0	0.33
19500	0.33	0.33	0.33	0	0	0.33
19600	0.34	0.33	0.33	0	0	0.34
19700	0.34	0.32	0.32	0	0	0.34
19800	0.34	0.32	0.32	0	0	0.34
19900	0.34	0.32	0.32	0	0	0.34
20000	0.34	0.33	0.33	0	0	0.34
20100	0.34	0.33	0.33	0	0	0.34
20200	0.34	0.34	0.34	0	0	0.34
20300	0.34	0.34	0.34	0	0	0.34
20400	0.34	0.34	0.34	0	0	0.34
20500	0.34	0.35	0.35	0	0	0.34
20600	0.34	0.35	0.35	0	0	0.34
20700	0.33	0.36	0.36	0	0	0.33
20800	0.33	0.36	0.36	0	0	0.33
20900	0.33	0.36	0.36	0	0	0.33
21000	0.33	0.35	0.35	0	0	0.33
21100	0.32	0.37	0.37	0	0	0.32
21200	0.32	0.38	0.38	0	0	0.32
21300	0.32	0.38	0.38	0	0	0.32
21400	0.33	0.37	0.37	0	0	0.33
21500	0.33	0.37	0.37	0	0	0.33
21600	0.33	0.37	0.37	0	0	0.33
21700	0.33	0.37	0.37	0	0	0.33
21800	0.33	0.37	0.37	0	0	0.33
21900	0.33	0.37	0.37	0	0	0.33
22000	0.33	0.37	0.37	0	0	0.33
22100	0.33	0.38	0.38	0	0	0.33
22200	0.34	0.38	0.38	0	0	0.34
22300	0.34	0.38	0.38	0	0	0.34
22400	0.35	0.38	0.38	0	0	0.35
22500	0.35	0.38	0.38	0	0	0.35
22600	0.35	0.36	0.36	0	0	0.35
22700	0.35	0.36	0.36	0	0	0.35
22800	0.35	0.36	0.36	0	0	0.35
22900	0.36	0.37	0.37	0	0	0.36
23000	0.36	0.38	0.38	0	0	0.36
23100	0.37	0.37	0.37	0	0	0.37
23200	0.37	0.35	0.35	0	0	0.37
23300	0.36	0.36	0.36	0	0	0.36
23400	0.36	0.36	0.36	0	0	0.36
23500	0.36	0.36	0.36	0	0	0.36
23600	0.37	0.36	0.36	0	0	0.37
23700	0.36	0.36	0.36	0	0	0.36
23800	0.36	0.36	0.36	0	0	0.36
23900	0.36	0.36	0.36	0	0	0.36
24000	0.36	0.36	0.36	0	0	0.36
24100	0.36	0.36	0.36	0	0	0.36
24200	0.36	0.37	0.37	0	0	0.36
24300	0.36	0.37	0.37	0	0	0.36
24400	0.36	0.37	0.37	0	0	0.36
24500	0.36	0.37	0.37	0	0	0.36
24600	0.35	0.37	0.37	0	0	0.35
24700	0.35	0.37	0.37	0	0	0.35
24800	0.34	0.37	0.37	0	0	0.34
24900	0.34	0.37	0.37	0	0	0.34
25000	0.34	0.37	0.37	0	0	0.34
25100	0.35	0.37	0.37	0	0	0.35
25200	0.34	0.37	0.37	0	0	0.34
25300	0.34	0.37	0.37	0	0	0.34
25400	0.34	0.37	0.37	0	0	0.34
25500	0.34	0.37	0.37	0	0	0.34
25600	0.33	0.37	0.37	0	0	0.33
25700	0.33	0.37	0.37	0	0	0.33
25800	0.33	0.37	0.37	0	0	0.33
25900	0.33	0.37	0.37	0	0	0.33
26000	0.34	0.37	0.37	0	0	0.34
26100	0.33	0.37	0.37	0	0	0.33
26200	0.32	0.36	0.36	0	0	0.32
26300	0.31	0.36	0.36	0	0	0.31
26400	0.33	0.35	0.35	0	0	0.33
26500	0.32	0.35	0.35	0	0	0.32
26600	0.32	0.35	0.35	0	0	0.32
26700	0.32	0.36	0.36	0	0	0.32
26800	0.32	0.37	0.37	0	0	0.32
26900	0.33	0.36	0.36	0	0	0.33
27000	0.32	0.37	0.37	0	0	0.32
27100	0.32	0.35	0.35	0	0	0.32
27200	0.32	0.35	0.35	0	0	0.32
27300	0.32	0.37	0.37	0	0	0.32
27400	0.33	0.38	0.38	0	0	0.33
27500	0.33	0.38	0.38	0	0	0.33
27600	0.33	0.38	0.38	0	0	0.33
27700	0.32	0.38	0.38	0	0	0.32
27800	0.32	0.38	0.38	0	0	0.32
27900	0.32	0.38	0.38	0	0	0.32
28000	0.31	0.38	0.38	0	0	0.31
28100	0.31	0.38	0.38	0	0	0.31
28200	0.31	0.38	0.38	0	0	0.31
28300	0.31	0.38	0.38	0	0	0.31
28400	0.31	0.39	0.39	0	0	0.31
28500	0.31	0.41	0.41	0	0	0.31
28600	0.31	0.41	0.41	0	0	0.31
28700	0.31	0.42	0.42	0	0	0.31
28800	0.31	0.42	0.42	0	0	0.31
28900	0.31	0.42	0.42	0	0	0.31
29000	0.31	0.42	0.42	0	0	0.31
29100	0.31	0.43	0.43	0	0	0.31
29200	0.31	0.43	0.43	0	0	0.31
29300	0.31	0.43	0.43	0	0	0.31
29400	0.31	0.43	0.43	0	0	0.31
29500	0.31	0.43	0.43	0	0	0.31
29600	0.31	0.44	0.44	0	0	0.31
29700	0.31	0.44	0.44	0	0	0.31
29800	0.31	0.44	0.44	0	0	0.31
29900	0.31	0.44	0.44	0	0	0.31
30000	0.31	0.45	0.45	0	0	0.31
30100	0.31	0.46	0.46	0	0	0.31
30200	0.31	0.44	0.44	0	0	0.31
30300	0.31	0.44	0.44	0	0	0.31
30400	0.31	0.43	0.43	0	0	0.31
30500	0.31	0.43	0.43	0	0	0.31
30600	0.3	0.43	0.43	0	0	0.3
30700	0.31	0.43	0.43	0	0	0.31
30800	0.31	0.44	0.44	0	0	0.31
30900	0.31	0.44	0.44	0	0	0.31
31000	0.31	0.44	0.44	0	0	0.31
31100	0.31	0.44	0.44	0	0	0.31
31200	0.31	0.42	0.42	0	0	0.31
31300	0.31	0.42	0.42	0	0	0.31
31400	0.31	0.42	0.42	0	0	0.31
31500	0.31	0.42	0.42	0	0	0.31
31600	0.31	0.42	0.42	0	0	0.31
31700	0.31	0.42	0.42	0	0	0.31
31800	0.31	0.44	0.44	0	0	0.31
31900	0.31	0.43	0.43	0	0	0.31
32000	0.32	0.43	0.43	0	0	0.32
32100	0.31	0.42	0.42	0	0	0.31
32200	0.32	0.42	0.42	0	0	0.32
32300	0.32	0.42	0.42	0	0	0.32
32400	0.32	0.42	0.42	0	0	0.32
32500	0.31	0.42	0.42	0	0	0.31
32600	0.31	0.42	0.42	0	0	0.31
32700	0.31	0.42	0.42	0	0	0.31
32800	0.31	0.42	0.42	0	0	0.31
32900	0.31	0.42	0.42	0	0	0.31
33000	0.31	0.42	0.42	0	0	0.31
33100	0.32	0.42	0.42	0	0	0.32
33200	0.32	0.42	0.42	0	0	0.32
33300	0.32	0.43	0.43	0	0	0.32
33400	0.32	0.43	0.43	0	0	0.32
33500	0.32	0.43	0.43	0	0	0.32
33600	0.33	0.43	0.43	0	0	0.33
33700	0.33	0.44	0.44	0	0	0.33
33800	0.33	0.44	0.44	0	0	0.33
33900	0.33	0.44	0.44	0	0	0.33
34000	0.33	0.43	0.43	0	0	0.33
34100	0.33	0.43	0.43	0	0	0.33
34200	0.33	0.43	0.43	0	0	0.33
34300	0.32	0.43	0.43	0	0	0.32
34400	0.32	0.43	0.43	0	0	0.32
34500	0.32	0.43	0.43	0	0	0.32
34600	0.33	0.43	0.43	0	0	0.33
34700	0.32	0.43	0.43	0	0	0.32
34800	0.32	0.43	0.43	0	0	0.32
34900	0.32	0.43	0.43	0	0	0.32
35000	0.32	0.43	0.43	0	0	0.32
35100	0.32	0.43	0.43	0	0	0.32
35200	0.32	0.44	0.44	0	0	0.32
35300	0.32	0.44	0.44	0	0	0.32
35400	0.32	0.43	0.43	0	0	0.32
35500	0.32	0.43	0.43	0	0	0.32
35600	0.32	0.43	0.43	0	0	0.32
35700	0.33	0.43	0.43	0	0	0.33
35800	0.33	0.44	0.44	0	0	0.33
35900	0.33	0.43	0.43	0	0	0.33
36000	0.32	0.43	0.43	0	0	0.32
36100	0.33	0.44	0.44	0	0	0.33
36200	0.33	0.44	0.44	0	0	0.33
36300	0.32	0.44	0.44	0	0	0.32
36400	0.32	0.44	0.44	0	0	0.32
36500	0.32	0.44	0.44	0	0	0.32
36600	0.32	0.44	0.44	0	0	0.32
36700	0.32	0.44	0.44	0	0	0.32
36800	0.32	0.41	0.41	0	0	0.32
36900	0.32	0.42	0.42	0	0	0.32
37000	0.32	0.43	0.43	0	0	0.32
37100	0.32	0.4	0.4	0	0	0.32
37200	0.32	0.41	0.41	0	0	0.32
37300	0.32	0.4	0.4	0	0	0.32
37400	0.32	0.4	0.4	0	0	0.32
37500	0.32	0.4	0.4	0	0	0.32
37600	0.32	0.38	0.38	0	0	0.32
37700	0.32	0.38	0.38	0	0	0.32
37800	0.33	0.38	0.38	0	0	0.33
37900	0.33	0.38	0.38	0	0	0.33
38000	0.33	0.38	0.38	0	0	0.33
38100	0.33	0.38	0.38	0	0	0.33
38200	0.33	0.38	0.38	0	0	0.33
38300	0.35	0.37	0.37	0	0	0.35
38400	0.35	0.37	0.37	0	0	0.35
38500	0.35	0.36	0.36	0	0	0.35
38600	0.35	0.36	0.36	0	0	0.35
38700	0.35	0.36	0.36	0	0	0.35
38800	0.35	0.36	0.36	0	0	0.35
38900	0.35	0.36	0.36	0	0	0.35
39000	0.36	0.35	0.35	0	0	0.36
39100	0.36	0.36	0.36	0	0	0.36
39200	0.36	0.35	0.35	0	0	0.36
39300	0.36	0.35	0.35	0	0	0.36
39400	0.36	0.35	0.35	0	0	0.36
39500	0.36	0.36	0.36	0	0	0.36
39600	0.36	0.35	0.35	0	0	0.36
39700	0.36	0.35	0.35	0	0	0.36
39800	0.36	0.35	0.35	0	0	0.36
39900	0.36	0.36	0.36	0	0	0.36
40000	0.36	0.36	0.36	0	0	0.36
40100	0.36	0.36	0.36	0	0	0.36
40200	0.36	0.36	0.36	0	0	0.36
40300	0.36	0.37	0.37	0	0	0.36
40400	0.36	0.37	0.37	0	0	0.36
40500	0.36	0.37	0.37	0	0	0.36
40600	0.35	0.37	0.37	0	0	0.35
40700	0.35	0.37	0.37	0	0	0.35
40800	0.35	0.37	0.37	0	0	0.35
40900	0.35	0.38	0.38	0	0	0.35
41000	0.34	0.38	0.38	0	0	0.34
41100	0.35	0.38	0.38	0	0	0.35
41200	0.34	0.38	0.38	0	0	0.34
41300	0.34	0.38	0.38	0	0	0.34
41400	0.33	0.38	0.38	0	0	0.33
41500	0.33	0.38	0.38	0	0	0.33
41600	0.33	0.37	0.37	0	0	0.33
41700	0.32	0.37	0.37	0	0	0.32
41800	0.32	0.36	0.36	0	0	0.32
41900	0.32	0.36	0.36	0	0	0.32
42000	0.32	0.37	0.37	0	0	0.32
42100	0.32	0.36	0.36	0	0	0.32
42200	0.32	0.36	0.36	0	0	0.32
42300	0.32	0.36	0.36	0	0	0.32
42400	0.32	0.36	0.36	0	0	0.32
42500	0.32	0.36	0.36	0	0	0.32
42600	0.32	0.36	0.36	0	0	0.32
42700	0.32	0.36	0.36	0	0	0.32
42800	0.32	0.36	0.36	0	0	0.32
42900	0.32	0.36	0.36	0	0	0.32
43000	0.32	0.36	0.36	0	0	0.32
43100	0.32	0.36	0.36	0	0	0.32
43200	0.33	0.36	0.36	0	0	0.33
43300	0.33	0.36	0.36	0	0	0.33
43400	0.33	0.36	0.36	0	0	0.33
43500	0.33	0.36	0.36	0	0	0.33
43600	0.33	0.36	0.36	0	0	0.33
43700	0.33	0.37	0.37	0	0	0.33
43800	0.33	0.37	0.37	0	0	0.33
43900	0.35	0.36	0.36	0	0	0.35
44000	0.35	0.37	0.37	0	0	0.35
44100	0.36	0.36	0.36	0	0	0.36
44200	0.36	0.36	0.36	0	0	0.36
44300	0.36	0.36	0.36	0	0	0.36
44400	0.36	0.36	0.36	0	0	0.36
44500	0.36	0.36	0.36	0	0	0.36
44600	0.36	0.36	0.36	0	0	0.36
44700	0.36	0.35	0.35	0	0	0.36
44800	0.36	0.35	0.35	0	0	0.36
44900	0.36	0.36	0.36	0	0	0.36
45000	0.36	0.35	0.35	0	0	0.36
45100	0.37	0.35	0.35	0	0	0.37
45200	0.36	0.35	0.35	0	0	0.36
45300	0.36	0.35	0.35	0	0	0.36
45400	0.36	0.35	0.35	0	0	0.36
45500	0.37	0.34	0.34	0	0	0.37
45600	0.37	0.34	0.34	0	0	0.37
45700	0.37	0.34	0.34	0	0	0.37
45800	0.37	0.34	0.34	0	0	0.37
45900	0.37	0.35	0.35	0	0	0.37
46000	0.37	0.34	0.34	0	0	0.37
46100	0.37	0.33	0.33	0	0	0.37
46200	0.37	0.33	0.33	0	0	0.37
46300	0.37	0.33	0.33	0	0	0.37
46400	0.37	0.33	0.33	0	0	0.37
46500	0.37	0.33	0.33	0	0	0.37
46600	0.37	0.33	0.33	0	0	0.37
46700	0.37	0.34	0.34	0	0	0.37
46800	0.37	0.34	0.34	0	0	0.37
46900	0.37	0.33	0.33	0	0	0.37
47000	0.37	0.33	0.33	0	0	0.37
47100	0.37	0.33	0.33	0	0	0.37
47200	0.37	0.34	0.34	0	0	0.37
47300	0.36	0.34	0.34	0	0	0.36
47400	0.36	0.34	0.34	0	0	0.36
47500	0.36	0.34	0.34	0	0	0.36
47600	0.36	0.33	0.33	0	0	0.36
47700	0.37	0.33	0.33	0	0	0.37
47800	0.37	0.34	0.34	0	0	0.37
47900	0.37	0.33	0.33	0	0	0.37
48000	0.37	0.33	0.33	0	0	0.37
48100	0.37	0.34	0.34	0	0	0.37
48200	0.37	0.34	0.34	0	0	0.37
48300	0.37	0.34	0.34	0	0	0.37
48400	0.38	0.34	0.34	0	0	0.38
48500	0.38	0.34	0.34	0	0	0.38
48600	0.38	0.34	0.34	0	0	0.38
48700	0.38	0.34	0.34	0	0	0.38
48800	0.38	0.34	0.34	0	0	0.38
48900	0.38	0.34	0.34	0	0	0.38
49000	0.38	0.35	0.35	0	0	0.38
49100	0.38	0.34	0.34	0	0	0.38
49200	0.38	0.34	0.34	0	0	0.38
49300	0.38	0.36	0.36	0	0	0.38
49400	0.38	0.35	0.35	0	0	0.38
49500	0.38	0.34	0.34	0	0	0.38
49600	0.38	0.35	0.35	0	0	0.38
49700	0.38	0.36	0.36	0	0	0.38
49800	0.37	0.37	0.37	0	0	0.37
49900	0.38	0.37	0.37	0	0	0.38
50000	0.39	0.37	0.37	0	0	0.39
50100	0.39	0.36	0.36	0	0	0.39
50200	0.39	0.35	0.35	0	0	0.39
50300	0.38	0.35	0.35	0	0	0.38
50400	0.38	0.35	0.35	0	0	0.38
50500	0.38	0.36	0.36	0	0	0.38
50600	0.37	0.35	0.35	0	0	0.37
50700	0.37	0.36	0.36	0	0	0.37
50800	0.37	0.37	0.37	0	0	0.37
50900	0.37	0.37	0.37	0	0	0.37
51000	0.37	0.37	0.37	0	0	0.37
51100	0.37	0.37	0.37	0	0	0.37
51200	0.36	0.37	0.37	0	0	0.36
51300	0.36	0.37	0.37	0	0	0.36
51400	0.36	0.37	0.37	0	0	0.36
51500	0.36	0.37	0.37	0	0	0.36
51600	0.36	0.37	0.37	0	0	0.36
51700	0.36	0.37	0.37	0	0	0.36
51800	0.36	0.37	0.37	0	0	0.36
51900	0.36	0.37	0.37	0	0	0.36
52000	0.36	0.37	0.37	0	0	0.36
52100	0.36	0.37	0.37	0	0	0.36
52200	0.36	0.37	0.37	0	0	0.36
52300	0.36	0.38	0.38	0	0	0.36
52400	0.36	0.38	0.38	0	0	0.36
52500	0.36	0.38	0.38	0	0	0.36
52600	0.36	0.38	0.38	0	0	0.36
52700	0.36	0.38	0.38	0	0	0.36
52800	0.36	0.38	0.38	0	0	0.36
52900	0.36	0.38	0.38	0	0	0.36
53000	0.36	0.38	0.38	0	0	0.36
53100	0.36	0.38	0.38	0	0	0.36
53200	0.36	0.38	0.38	0	0	0.36
53300	0.36	0.38	0.38	0	0	0.36
53400	0.36	0.38	0.38	0	0	0.36
53500	0.36	0.39	0.39	0	0	0.36
53600	0.36	0.41	0.41	0	0	0.36
53700	0.36	0.38	0.38	0	0	0.36
53800	0.36	0.39	0.39	0	0	0.36
53900	0.36	0.39	0.39	0	0	0.36
54000	0.36	0.39	0.39	0	0	0.36
54100	0.36	0.39	0.39	0	0	0.36
54200	0.36	0.39	0.39	0	0	0.36
54300	0.36	0.39	0.39	0	0	0.36
54400	0.36	0.39	0.39	0	0	0.36
54500	0.36	0.4	0.4	0	0	0.36
54600	0.36	0.4	0.4	0	0	0.36
54700	0.36	0.41	0.41	0	0	0.36
54800	0.36	0.42	0.42	0	0	0.36
54900	0.36	0.41	0.41	0	0	0.36
55000	0.35	0.42	0.42	0	0	0.35
55100	0.35	0.42	0.42	0	0	0.35
55200	0.35	0.42	0.42	0	0	0.35
55300	0.36	0.42	0.42	0	0	0.36
55400	0.36	0.41	0.41	0	0	0.36
55500	0.36	0.41	0.41	0	0	0.36
55600	0.36	0.41	0.41	0	0	0.36
55700	0.36	0.41	0.41	0	0	0.36
55800	0.36	0.41	0.41	0	0	0.36
55900	0.36	0.41	0.41	0	0	0.36
56000	0.36	0.42	0.42	0	0	0.36
56100	0.36	0.42	0.42	0	0	0.36
56200	0.36	0.42	0.42	0	0	0.36
56300	0.36	0.42	0.42	0	0	0.36
56400	0.37	0.41	0.41	0	0	0.37
56500	0.36	0.4	0.4	0	0	0.36
56600	0.36	0.4	0.4	0	0	0.36
56700	0.36	0.4	0.4	0	0	0.36
56800	0.36	0.39	0.39	0	0	0.36
56900	0.36	0.37	0.37	0	0	0.36
57000	0.36	0.37	0.37	0	0	0.36
57100	0.36	0.36	0.36	0	0	0.36
57200	0.36	0.37	0.37	0	0	0.36
57300	0.36	0.37	0.37	0	0	0.36
57400	0.36	0.37	0.37	0	0	0.36
57500	0.36	0.37	0.37	0	0	0.36
57600	0.36	0.37	0.37	0	0	0.36
57700	0.36	0.38	0.38	0	0	0.36
57800	0.36	0.37	0.37	0	0	0.36
57900	0.36	0.36	0.36	0	0	0.36
58000	0.36	0.36	0.36	0	0	0.36
58100	0.36	0.37	0.37	0	0	0.36
58200	0.36	0.37	0.37	0	0	0.36
58300	0.36	0.37	0.37	0	0	0.36
58400	0.37	0.37	0.37	0	0	0.37
58500	0.37	0.38	0.38	0	0	0.37
58600	0.37	0.38	0.38	0	0	0.37
58700	0.38	0.38	0.38	0	0	0.38
58800	0.36	0.4	0.4	0	0	0.36
58900	0.36	0.38	0.38	0	0	0.36
59000	0.36	0.38	0.38	0	0	0.36
59100	0.36	0.38	0.38	0	0	0.36
59200	0.36	0.39	0.39	0	0	0.36
59300	0.36	0.39	0.39	0	0	0.36
59400	0.35	0.39	0.39	0	0	0.35
59500	0.36	0.39	0.39	0	0	0.36
59600	0.36	0.38	0.38	0	0	0.36
59700	0.36	0.38	0.38	0	0	0.36
59800	0.35	0.37	0.37	0	0	0.35
59900	0.33	0.38	0.38	0	0	0.33
60000	0.3	0.38	0.38	0	0	0.3
60100	0.29	0.37	0.37	0	0	0.29
60200	0.29	0.37	0.37	0	0	0.29
60300	0.29	0.38	0.38	0	0	0.29
60400	0.29	0.38	0.38	0	0	0.29
60500	0.29	0.38	0.38	0	0	0.29
60600	0.29	0.38	0.38	0	0	0.29
60700	0.29	0.38	0.38	0	0	0.29
60800	0.29	0.38	0.38	0	0	0.29
60900	0.29	0.38	0.38	0	0	0.29
61000	0.3	0.38	0.38	0	0	0.3
61100	0.31	0.4	0.4	0	0	0.31
61200	0.31	0.4	0.4	0	0	0.31
61300	0.31	0.4	0.4	0	0	0.31
61400	0.31	0.4	0.4	0	0	0.31
61500	0.31	0.4	0.4	0	0	0.31
61600	0.31	0.4	0.4	0	0	0.31
61700	0.31	0.4	0.4	0	0	0.31
61800	0.31	0.4	0.4	0	0	0.31
61900	0.31	0.4	0.4	0	0	0.31
62000	0.31	0.41	0.41	0	0	0.31
62100	0.31	0.41	0.41	0	0	0.31
62200	0.31	0.42	0.42	0	0	0.31
62300	0.31	0.42	0.42	0	0	0.31
62400	0.31	0.42	0.42	0	0	0.31
62500	0.32	0.42	0.42	0	0	0.32
62600	0.32	0.42	0.42	0	0	0.32
62700	0.32	0.42	0.42	0	0	0.32
62800	0.32	0.42	0.42	0	0	0.32
62900	0.33	0.42	0.42	0	0	0.33
63000	0.32	0.42	0.42	0	0	0.32
63100	0.32	0.42	0.42	0	0	0.32
63200	0.31	0.42	0.42	0	0	0.31
63300	0.31	0.42	0.42	0	0	0.31
63400	0.31	0.42	0.42	0	0	0.31
63500	0.31	0.42	0.42	0	0	0.31
63600	0.32	0.42	0.42	0	0	0.32
63700	0.32	0.41	0.41	0	0	0.32
63800	0.32	0.41	0.41	0	0	0.32
63900	0.32	0.41	0.41	0	0	0.32
64000	0.32	0.42	0.42	0	0	0.32
64100	0.32	0.42	0.42	0	0	0.32
64200	0.32	0.42	0.42	0	0	0.32
64300	0.32	0.43	0.43	0	0	0.32
64400	0.32	0.43	0.43	0	0	0.32
64500	0.32	0.43	0.43	0	0	0.32
64600	0.32	0.43	0.43	0	0	0.32
64700	0.32	0.43	0.43	0	0	0.32
64800	0.32	0.43	0.43	0	0	0.32
64900	0.32	0.43	0.43	0	0	0.32
65000	0.33	0.44	0.44	0	0	0.33
65100	0.33	0.43	0.43	0	0	0.33
65200	0.32	0.43	0.43	0	0	0.32
65300	0.32	0.43	0.43	0	0	0.32
65400	0.32	0.43	0.43	0	0	0.32
65500	0.32	0.43	0.43	0	0	0.32
65600	0.32	0.43	0.43	0	0	0.32
65700	0.32	0.43	0.43	0	0	0.32
65800	0.32	0.43	0.43	0	0	0.32
65900	0.32	0.43	0.43	0	0	0.32
66000	0.32	0.44	0.44	0	0	0.32
66100	0.33	0.44	0.44	0	0	0.33
66200	0.32	0.44	0.44	0	0	0.32
66300	0.32	0.44	0.44	0	0	0.32
66400	0.32	0.44	0.44	0	0	0.32
66500	0.32	0.44	0.44	0	0	0.32
66600	0.32	0.44	0.44	0	0	0.32
66700	0.32	0.44	0.44	0	0	0.32
66800	0.32	0.44	0.44	0	0	0.32
66900	0.31	0.45	0.45	0	0	0.31
67000	0.31	0.45	0.45	0	0	0.31
67100	0.31	0.45	0.45	0	0	0.31
67200	0.31	0.45	0.45	0	0	0.31
67300	0.31	0.45	0.45	0	0	0.31
67400	0.31	0.45	0.45	0	0	0.31
67500	0.31	0.45	0.45	0	0	0.31
67600	0.31	0.45	0.45	0	0	0.31
67700	0.31	0.45	0.45	0	0	0.31
67800	0.31	0.45	0.45	0	0	0.31
67900	0.31	0.45	0.45	0	0	0.31
68000	0.31	0.44	0.44	0	0	0.31
68100	0.32	0.44	0.44	0	0	0.32
68200	0.32	0.45	0.45	0	0	0.32
68300	0.32	0.46	0.46	0	0	0.32
68400	0.32	0.46	0.46	0	0	0.32
68500	0.32	0.46	0.46	0	0	0.32
68600	0.32	0.46	0.46	0	0	0.32
68700	0.32	0.46	0.46	0	0	0.32
68800	0.32	0.46	0.46	0	0	0.32
68900	0.32	0.46	0.46	0	0	0.32
69000	0.32	0.46	0.46	0	0	0.32
69100	0.32	0.46	0.46	0	0	0.32
69200	0.34	0.46	0.46	0	0	0.34
69300	0.34	0.45	0.45	0	0	0.34
69400	0.34	0.45	0.45	0	0	0.34
69500	0.34	0.45	0.45	0	0	0.34
69600	0.34	0.45	0.45	0	0	0.34
69700	0.34	0.45	0.45	0	0	0.34
69800	0.34	0.45	0.45	0	0	0.34
69900	0.34	0.45	0.45	0	0	0.34
70000	0.34	0.45	0.45	0	0	0.34
70100	0.34	0.45	0.45	0	0	0.34
70200	0.34	0.44	0.44	0	0	0.34
70300	0.34	0.44	0.44	0	0	0.34
70400	0.34	0.44	0.44	0	0	0.34
70500	0.34	0.44	0.44	0	0	0.34
70600	0.35	0.44	0.44	0	0	0.35
70700	0.35	0.44	0.44	0	0	0.35
70800	0.35	0.43	0.43	0	0	0.35
70900	0.35	0.43	0.43	0	0	0.35
71000	0.35	0.43	0.43	0	0	0.35
71100	0.34	0.43	0.43	0	0	0.34
71200	0.33	0.43	0.43	0	0	0.33
71300	0.33	0.44	0.44	0	0	0.33
71400	0.33	0.43	0.43	0	0	0.33
71500	0.33	0.43	0.43	0	0	0.33
71600	0.33	0.43	0.43	0	0	0.33
71700	0.33	0.43	0.43	0	0	0.33
71800	0.33	0.43	0.43	0	0	0.33
71900	0.33	0.43	0.43	0	0	0.33
72000	0.34	0.43	0.43	0	0	0.34
72100	0.34	0.43	0.43	0	0	0.34
72200	0.34	0.43	0.43	0	0	0.34
72300	0.34	0.43	0.43	0	0	0.34
72400	0.34	0.43	0.43	0	0	0.34
72500	0.35	0.43	0.43	0	0	0.35
72600	0.35	0.44	0.44	0	0	0.35
72700	0.34	0.43	0.43	0	0	0.34
72800	0.34	0.43	0.43	0	0	0.34
72900	0.34	0.43	0.43	0	0	0.34
73000	0.34	0.43	0.43	0	0	0.34
73100	0.34	0.43	0.43	0	0	0.34
73200	0.33	0.43	0.43	0	0	0.33
73300	0.33	0.43	0.43	0	0	0.33
73400	0.33	0.43	0.43	0	0	0.33
73500	0.33	0.43	0.43	0	0	0.33
73600	0.33	0.43	0.43	0	0	0.33
73700	0.34	0.43	0.43	0	0	0.34
73800	0.34	0.43	0.43	0	0	0.34
73900	0.34	0.43	0.43	0	0	0.34
74000	0.33	0.44	0.44	0	0	0.33
74100	0.33	0.45	0.45	0	0	0.33
74200	0.33	0.45	0.45	0	0	0.33
74300	0.33	0.45	0.45	0	0	0.33
74400	0.33	0.45	0.45	0	0	0.33
74500	0.33	0.45	0.45	0	0	0.33
74600	0.33	0.45	0.45	0	0	0.33
74700	0.33	0.45	0.45	0	0	0.33
74800	0.34	0.45	0.45	0	0	0.34
74900	0.33	0.45	0.45	0	0	0.33
75000	0.33	0.44	0.44	0	0	0.33
75100	0.33	0.41	0.41	0	0	0.33
75200	0.33	0.41	0.41	0	0	0.33
75300	0.33	0.41	0.41	0	0	0.33
75400	0.33	0.41	0.41	0	0	0.33
75500	0.33	0.41	0.41	0	0	0.33
75600	0.32	0.41	0.41	0	0	0.32
75700	0.32	0.41	0.41	0	0	0.32
75800	0.32	0.41	0.41	0	0	0.32
75900	0.32	0.41	0.41	0	0	0.32
76000	0.32	0.41	0.41	0	0	0.32
76100	0.32	0.42	0.42	0	0	0.32
76200	0.32	0.41	0.41	0	0	0.32
76300	0.32	0.41	0.41	0	0	0.32
76400	0.32	0.42	0.42	0	0	0.32
76500	0.33	0.41	0.41	0	0	0.33
76600	0.33	0.41	0.41	0	0	0.33
76700	0.34	0.41	0.41	0	0	0.34
76800	0.34	0.41	0.41	0	0	0.34
76900	0.34	0.41	0.41	0	0	0.34
77000	0.33	0.41	0.41	0	0	0.33
77100	0.33	0.41	0.41	0	0	0.33
77200	0.33	0.42	0.42	0	0	0.33
77300	0.33	0.42	0.42	0	0	0.33
77400	0.33	0.41	0.41	0	0	0.33
77500	0.33	0.41	0.41	0	0	0.33
77600	0.33	0.4	0.4	0	0	0.33
77700	0.33	0.41	0.41	0	0	0.33
77800	0.33	0.41	0.41	0	0	0.33
77900	0.33	0.42	0.42	0	0	0.33
78000	0.33	0.42	0.42	0	0	0.33
78100	0.33	0.42	0.42	0	0	0.33
78200	0.33	0.42	0.42	0	0	0.33
78300	0.33	0.42	0.42	0	0	0.33
78400	0.33	0.42	0.42	0	0	0.33
78500	0.35	0.43	0.43	0	0	0.35
78600	0.35	0.42	0.42	0	0	0.35
78700	0.35	0.43	0.43	0	0	0.35
78800	0.35	0.43	0.43	0	0	0.35
78900	0.35	0.44	0.44	0	0	0.35
79000	0.35	0.44	0.44	0	0	0.35
79100	0.36	0.44	0.44	0	0	0.36
79200	0.36	0.44	0.44	0	0	0.36
79300	0.36	0.44	0.44	0	0	0.36
79400	0.36	0.44	0.44	0	0	0.36
79500	0.36	0.44	0.44	0	0	0.36
79600	0.36	0.44	0.44	0	0	0.36
79700	0.36	0.44	0.44	0	0	0.36
79800	0.36	0.44	0.44	0	0	0.36
79900	0.35	0.44	0.44	0	0	0.35
80000	0.35	0.44	0.44	0	0	0.35
80100	0.35	0.46	0.46	0	0	0.35
80200	0.35	0.47	0.47	0	0	0.35
80300	0.35	0.47	0.47	0	0	0.35
80400	0.35	0.46	0.46	0	0	0.35
80500	0.35	0.46	0.46	0	0	0.35
80600	0.35	0.46	0.46	0	0	0.35
80700	0.35	0.46	0.46	0	0	0.35
80800	0.35	0.46	0.46	0	0	0.35
80900	0.35	0.46	0.46	0	0	0.35
81000	0.35	0.46	0.46	0	0	0.35
81100	0.35	0.45	0.45	0	0	0.35
81200	0.35	0.45	0.45	0	0	0.35
81300	0.35	0.45	0.45	0	0	0.35
81400	0.34	0.45	0.45	0	0	0.34
81500	0.34	0.45	0.45	0	0	0.34
81600	0.34	0.44	0.44	0	0	0.34
81700	0.34	0.45	0.45	0	0	0.34
81800	0.34	0.45	0.45	0	0	0.34
81900	0.34	0.45	0.45	0	0	0.34
82000	0.34	0.46	0.46	0	0	0.34
82100	0.34	0.45	0.45	0	0	0.34
82200	0.34	0.45	0.45	0	0	0.34
82300	0.34	0.45	0.45	0	0	0.34
82400	0.34	0.45	0.45	0	0	0.34
82500	0.34	0.45	0.45	0	0	0.34
82600	0.34	0.45	0.45	0	0	0.34
82700	0.34	0.45	0.45	0	0	0.34
82800	0.34	0.45	0.45	0	0	0.34
82900	0.34	0.45	0.45	0	0	0.34
83000	0.34	0.45	0.45	0	0	0.34
83100	0.34	0.44	0.44	0	0	0.34
83200	0.34	0.44	0.44	0	0	0.34
83300	0.35	0.44	0.44	0	0	0.35
83400	0.35	0.44	0.44	0	0	0.35
83500	0.35	0.44	0.44	0	0	0.35
83600	0.35	0.44	0.44	0	0	0.35
83700	0.36	0.45	0.45	0	0	0.36
83800	0.36	0.46	0.46	0	0	0.36
83900	0.35	0.45	0.45	0	0	0.35
84000	0.35	0.45	0.45	0	0	0.35
84100	0.35	0.45	0.45	0	0	0.35
84200	0.35	0.45	0.45	0	0	0.35
84300	0.35	0.46	0.46	0	0	0.35
84400	0.35	0.45	0.45	0	0	0.35
84500	0.35	0.45	0.45	0	0	0.35
84600	0.35	0.45	0.45	0	0	0.35
84700	0.35	0.45	0.45	0	0	0.35
84800	0.35	0.45	0.45	0	0	0.35
84900	0.35	0.45	0.45	0	0	0.35
85000	0.35	0.45	0.45	0	0	0.35
85100	0.36	0.45	0.45	0	0	0.36
85200	0.35	0.44	0.44	0	0	0.35
85300	0.35	0.44	0.44	0	0	0.35
85400	0.35	0.44	0.44	0	0	0.35
85500	0.35	0.44	0.44	0	0	0.35
85600	0.34	0.44	0.44	0	0	0.34
85700	0.34	0.44	0.44	0	0	0.34
85800	0.34	0.44	0.44	0	0	0.34
85900	0.34	0.44	0.44	0	0	0.34
86000	0.34	0.44	0.44	0	0	0.34
86100	0.34	0.44	0.44	0	0	0.34
86200	0.34	0.44	0.44	0	0	0.34
86300	0.35	0.44	0.44	0	0	0.35
86400	0.35	0.44	0.44	0	0	0.35
86500	0.35	0.45	0.45	0	0	0.35
86600	0.35	0.45	0.45	0	0	0.35
86700	0.35	0.45	0.45	0	0	0.35
86800	0.35	0.45	0.45	0	0	0.35
86900	0.34	0.45	0.45	0	0	0.34
87000	0.34	0.45	0.45	0	0	0.34
87100	0.35	0.45	0.45	0	0	0.35
87200	0.35	0.45	0.45	0	0	0.35
87300	0.35	0.45	0.45	0	0	0.35
87400	0.35	0.45	0.45	0	0	0.35
87500	0.36	0.45	0.45	0	0	0.36
87600	0.36	0.45	0.45	0	0	0.36
87700	0.36	0.45	0.45	0	0	0.36
87800	0.36	0.45	0.45	0	0	0.36
87900	0.36	0.45	0.45	0	0	0.36
88000	0.36	0.45	0.45	0	0	0.36
88100	0.37	0.45	0.45	0	0	0.37
88200	0.36	0.45	0.45	0	0	0.36
88300	0.36	0.45	0.45	0	0	0.36
88400	0.36	0.45	0.45	0	0	0.36
88500	0.36	0.45	0.45	0	0	0.36
88600	0.36	0.45	0.45	0	0	0.36
88700	0.36	0.45	0.45	0	0	0.36
88800	0.36	0.45	0.45	0	0	0.36
88900	0.36	0.45	0.45	0	0	0.36
89000	0.37	0.45	0.45	0	0	0.37
89100	0.36	0.45	0.45	0	0	0.36
89200	0.36	0.45	0.45	0	0	0.36
89300	0.36	0.45	0.45	0	0	0.36
89400	0.36	0.45	0.45	0	0	0.36
89500	0.36	0.46	0.46	0	0	0.36
89600	0.37	0.45	0.45	0	0	0.37
89700	0.37	0.45	0.45	0	0	0.37
89800	0.37	0.45	0.45	0	0	0.37
89900	0.37	0.45	0.45	0	0	0.37
90000	0.37	0.45	0.45	0	0	0.37
90100	0.37	0.45	0.45	0	0	0.37
90200	0.37	0.45	0.45	0	0	0.37
90300	0.37	0.45	0.45	0	0	0.37
90400	0.37	0.45	0.45	0	0	0.37
90500	0.37	0.45	0.45	0	0	0.37
90600	0.37	0.45	0.45	0	0	0.37
90700	0.37	0.45	0.45	0	0	0.37
90800	0.37	0.45	0.45	0	0	0.37
90900	0.37	0.45	0.45	0	0	0.37
91000	0.37	0.47	0.47	0	0	0.37
91100	0.37	0.47	0.47	0	0	0.37
91200	0.37	0.47	0.47	0	0	0.37
91300	0.37	0.47	0.47	0	0	0.37
91400	0.37	0.47	0.47	0	0	0.37
91500	0.37	0.47	0.47	0	0	0.37
91600	0.37	0.47	0.47	0	0	0.37
91700	0.37	0.47	0.47	0	0	0.37
91800	0.37	0.47	0.47	0	0	0.37
91900	0.37	0.47	0.47	0	0	0.37
92000	0.37	0.47	0.47	0	0	0.37
92100	0.37	0.47	0.47	0	0	0.37
92200	0.37	0.47	0.47	0	0	0.37
92300	0.37	0.48	0.48	0	0	0.37
92400	0.37	0.48	0.48	0	0	0.37
92500	0.37	0.48	0.48	0	0	0.37
92600	0.38	0.48	0.48	0	0	0.38
92700	0.38	0.5	0.5	0	0	0.38
92800	0.38	0.5	0.5	0	0	0.38
92900	0.37	0.49	0.49	0	0	0.37
93000	0.37	0.49	0.49	0	0	0.37
93100	0.37	0.49	0.49	0	0	0.37
93200	0.37	0.49	0.49	0	0	0.37
93300	0.37	0.49	0.49	0	0	0.37
93400	0.37	0.49	0.49	0	0	0.37
93500	0.37	0.48	0.48	0	0	0.37
93600	0.36	0.48	0.48	0	0	0.36
93700	0.36	0.48	0.48	0	0	0.36
93800	0.36	0.48	0.48	0	0	0.36
93900	0.36	0.48	0.48	0	0	0.36
94000	0.36	0.48	0.48	0	0	0.36
94100	0.36	0.48	0.48	0	0	0.36
94200	0.36	0.48	0.48	0	0	0.36
94300	0.36	0.49	0.49	0	0	0.36
94400	0.36	0.49	0.49	0	0	0.36
94500	0.36	0.49	0.49	0	0	0.36
94600	0.36	0.5	0.5	0	0	0.36
94700	0.36	0.5	0.5	0	0	0.36
94800	0.36	0.5	0.5	0	0	0.36
94900	0.36	0.5	0.5	0	0	0.36
95000	0.37	0.5	0.5	0	0	0.37
95100	0.36	0.5	0.5	0	0	0.36
95200	0.36	0.5	0.5	0	0	0.36
95300	0.36	0.5	0.5	0	0	0.36
95400	0.36	0.5	0.5	0	0	0.36
95500	0.36	0.5	0.5	0	0	0.36
95600	0.36	0.5	0.5	0	0	0.36
95700	0.36	0.49	0.49	0	0	0.36
95800	0.36	0.48	0.48	0	0	0.36
95900	0.36	0.48	0.48	0	0	0.36
96000	0.37	0.48	0.48	0	0	0.37
96100	0.37	0.48	0.48	0	0	0.37
96200	0.37	0.48	0.48	0	0	0.37
96300	0.37	0.48	0.48	0	0	0.37
96400	0.37	0.48	0.48	0	0	0.37
96500	0.37	0.48	0.48	0	0	0.37
96600	0.37	0.48	0.48	0	0	0.37
96700	0.37	0.48	0.48	0	0	0.37
96800	0.37	0.48	0.48	0	0	0.37
96900	0.37	0.48	0.48	0	0	0.37
97000	0.37	0.48	0.48	0	0	0.37
97100	0.37	0.48	0.48	0	0	0.37
97200	0.37	0.48	0.48	0	0	0.37
97300	0.37	0.48	0.48	0	0	0.37
97400	0.37	0.48	0.48	0	0	0.37
97500	0.37	0.48	0.48	0	0	0.37
97600	0.38	0.48	0.48	0	0	0.38
97700	0.36	0.48	0.48	0	0	0.36
97800	0.36	0.48	0.48	0	0	0.36
97900	0.36	0.48	0.48	0	0	0.36
98000	0.36	0.48	0.48	0	0	0.36
98100	0.36	0.48	0.48	0	0	0.36
98200	0.36	0.48	0.48	0	0	0.36
98300	0.36	0.48	0.48	0	0	0.36
98400	0.36	0.48	0.48	0	0	0.36
98500	0.36	0.49	0.49	0	0	0.36
98600	0.36	0.48	0.48	0	0	0.36
98700	0.35	0.48	0.48	0	0	0.35
98800	0.35	0.48	0.48	0	0	0.35
98900	0.35	0.48	0.48	0	0	0.35
99000	0.35	0.48	0.48	0	0	0.35
99100	0.35	0.48	0.48	0	0	0.35
99200	0.36	0.48	0.48	0	0	0.36
99300	0.35	0.48	0.48	0	0	0.35
99400	0.35	0.49	0.49	0	0	0.35
99500	0.36	0.48	0.48	0	0	0.36
99600	0.36	0.48	0.48	0	0	0.36
99700	0.36	0.48	0.48	0	0	0.36
99800	0.37	0.48	0.48	0	0	0.37
99900	0.37	0.48	0.48	0	0	0.37
100000	0.37	0.48	0.48	0	0	0.37
100100	0.36	0.48	0.48	0	0	0.36
100200	0.36	0.48	0.48	0	0	0.36
100300	0.36	0.48	0.48	0	0	0.36
100400	0.36	0.48	0.48	0	0	0.36
100500	0.36	0.48	0.48	0	0	0.36
100600	0.38	0.48	0.48	0	0	0.38
100700	0.38	0.48	0.48	0	0	0.38
100800	0.38	0.48	0.48	0	0	0.38
100900	0.38	0.48	0.48	0	0	0.38
101000	0.38	0.48	0.48	0	0	0.38
101100	0.37	0.48	0.48	0	0	0.37
101200	0.38	0.48	0.48	0	0	0.38
101300	0.38	0.47	0.47	0	0	0.38
101400	0.38	0.47	0.47	0	0	0.38
101500	0.38	0.47	0.47	0	0	0.38
101600	0.38	0.47	0.47	0	0	0.38
101700	0.38	0.47	0.47	0	0	0.38
101800	0.38	0.47	0.47	0	0	0.38
101900	0.38	0.46	0.46	0	0	0.38
102000	0.37	0.46	0.46	0	0	0.37
102100	0.37	0.46	0.46	0	0	0.37
102200	0.37	0.46	0.46	0	0	0.37
102300	0.37	0.46	0.46	0	0	0.37
102400	0.37	0.46	0.46	0	0	0.37
102500	0.37	0.47	0.47	0	0	0.37
102600	0.37	0.47	0.47	0	0	0.37
102700	0.37	0.47	0.47	0	0	0.37
102800	0.37	0.47	0.47	0	0	0.37
102900	0.37	0.47	0.47	0	0	0.37
103000	0.37	0.47	0.47	0	0	0.37
103100	0.37	0.47	0.47	0	0	0.37
103200	0.37	0.48	0.48	0	0	0.37
103300	0.37	0.47	0.47	0	0	0.37
103400	0.37	0.47	0.47	0	0	0.37
103500	0.37	0.46	0.46	0	0	0.37
103600	0.37	0.46	0.46	0	0	0.37
103700	0.37	0.46	0.46	0	0	0.37
103800	0.37	0.45	0.45	0	0	0.37
103900	0.37	0.45	0.45	0	0	0.37
104000	0.38	0.45	0.45	0	0	0.38
104100	0.37	0.45	0.45	0	0	0.37
104200	0.37	0.45	0.45	0	0	0.37
104300	0.37	0.46	0.46	0	0	0.37
104400	0.37	0.45	0.45	0	0	0.37
104500	0.37	0.45	0.45	0	0	0.37
104600	0.37	0.45	0.45	0	0	0.37
104700	0.37	0.45	0.45	0	0	0.37
104800	0.37	0.45	0.45	0	0	0.37
104900	0.37	0.45	0.45	0	0	0.37
105000	0.37	0.45	0.45	0	0	0.37
105100	0.37	0.45	0.45	0	0	0.37
105200	0.37	0.45	0.45	0	0	0.37
105300	0.37	0.45	0.45	0	0	0.37
105400	0.37	0.45	0.45	0	0	0.37
105500	0.37	0.45	0.45	0	0	0.37
105600	0.37	0.45	0.45	0	0	0.37
105700	0.37	0.45	0.45	0	0	0.37
105800	0.37	0.45	0.45	0	0	0.37
105900	0.37	0.46	0.46	0	0	0.37
106000	0.37	0.46	0.46	0	0	0.37
106100	0.37	0.46	0.46	0	0	0.37
106200	0.37	0.46	0.46	0	0	0.37
106300	0.37	0.46	0.46	0	0	0.37
106400	0.37	0.46	0.46	0	0	0.37
106500	0.37	0.46	0.46	0	0	0.37
106600	0.37	0.46	0.46	0	0	0.37
106700	0.37	0.47	0.47	0	0	0.37
106800	0.37	0.47	0.47	0	0	0.37
106900	0.37	0.47	0.47	0	0	0.37
107000	0.37	0.47	0.47	0	0	0.37
107100	0.37	0.47	0.47	0	0	0.37
107200	0.37	0.47	0.47	0	0	0.37
107300	0.37	0.47	0.47	0	0	0.37
107400	0.37	0.47	0.47	0	0	0.37
107500	0.37	0.47	0.47	0	0	0.37
107600	0.37	0.47	0.47	0	0	0.37
107700	0.37	0.47	0.47	0	0	0.37
107800	0.37	0.47	0.47	0	0	0.37
107900	0.37	0.46	0.46	0	0	0.37
108000	0.37	0.46	0.46	0	0	0.37
108100	0.37	0.46	0.46	0	0	0.37
108200	0.37	0.46	0.46	0	0	0.37
108300	0.37	0.46	0.46	0	0	0.37
108400	0.37	0.46	0.46	0	0	0.37
108500	0.37	0.46	0.46	0	0	0.37
108600	0.37	0.45	0.45	0	0	0.37
108700	0.37	0.45	0.45	0	0	0.37
108800	0.38	0.45	0.45	0	0	0.38
108900	0.38	0.45	0.45	0	0	0.38
109000	0.38	0.45	0.45	0	0	0.38
109100	0.38	0.45	0.45	0	0	0.38
109200	0.38	0.45	0.45	0	0	0.38
109300	0.38	0.45	0.45	0	0	0.38
109400	0.38	0.45	0.45	0	0	0.38
109500	0.38	0.45	0.45	0	0	0.38
109600	0.38	0.45	0.45	0	0	0.38
109700	0.38	0.45	0.45	0	0	0.38
109800	0.39	0.45	0.45	0	0	0.39
109900	0.39	0.45	0.45	0	0	0.39
110000	0.39	0.45	0.45	0	0	0.39
110100	0.39	0.45	0.45	0	0	0.39
110200	0.39	0.45	0.45	0	0	0.39
110300	0.39	0.45	0.45	0	0	0.39
110400	0.39	0.46	0.46	0	0	0.39
110500	0.4	0.45	0.45	0	0	0.4
110600	0.39	0.45	0.45	0	0	0.39
110700	0.39	0.45	0.45	0	0	0.39
110800	0.39	0.45	0.45	0	0	0.39
110900	0.4	0.45	0.45	0	0	0.4
111000	0.4	0.45	0.45	0	0	0.4
111100	0.4	0.45	0.45	0	0	0.4
111200	0.4	0.45	0.45	0	0	0.4
111300	0.4	0.45	0.45	0	0	0.4
111400	0.4	0.45	0.45	0	0	0.4
111500	0.39	0.45	0.45	0	0	0.39
111600	0.4	0.45	0.45	0	0	0.4
111700	0.4	0.45	0.45	0	0	0.4
111800	0.4	0.46	0.46	0	0	0.4
111900	0.39	0.46	0.46	0	0	0.39
112000	0.39	0.46	0.46	0	0	0.39
112100	0.39	0.46	0.46	0	0	0.39
112200	0.39	0.47	0.47	0	0	0.39
112300	0.39	0.46	0.46	0	0	0.39
112400	0.39	0.46	0.46	0	0	0.39
112500	0.39	0.46	0.46	0	0	0.39
112600	0.39	0.46	0.46	0	0	0.39
112700	0.39	0.46	0.46	0	0	0.39
112800	0.39	0.46	0.46	0	0	0.39
112900	0.39	0.46	0.46	0	0	0.39
113000	0.39	0.46	0.46	0	0	0.39
113100	0.39	0.46	0.46	0	0	0.39
113200	0.39	0.46	0.46	0	0	0.39
113300	0.39	0.46	0.46	0	0	0.39
113400	0.39	0.46	0.46	0	0	0.39
113500	0.39	0.46	0.46	0	0	0.39
113600	0.39	0.46	0.46	0	0	0.39
113700	0.39	0.46	0.46	0	0	0.39
113800	0.39	0.46	0.46	0	0	0.39
113900	0.39	0.46	0.46	0	0	0.39
114000	0.39	0.46	0.46	0	0	0.39
114100	0.39	0.46	0.46	0	0	0.39
114200	0.39	0.46	0.46	0	0	0.39
114300	0.39	0.47	0.47	0	0	0.39
114400	0.39	0.47	0.47	0	0	0.39
114500	0.39	0.47	0.47	0	0	0.39
114600	0.39	0.47	0.47	0	0	0.39
114700	0.39	0.48	0.48	0	0	0.39
114800	0.39	0.48	0.48	0	0	0.39
114900	0.39	0.48	0.48	0	0	0.39
115000	0.39	0.48	0.48	0	0	0.39
115100	0.39	0.48	0.48	0	0	0.39
115200	0.39	0.48	0.48	0	0	0.39
115300	0.39	0.48	0.48	0	0	0.39
115400	0.39	0.48	0.48	0	0	0.39
115500	0.39	0.48	0.48	0	0	0.39
115600	0.39	0.48	0.48	0	0	0.39
115700	0.39	0.48	0.48	0	0	0.39
115800	0.39	0.48	0.48	0	0	0.39
115900	0.39	0.48	0.48	0	0	0.39
116000	0.39	0.48	0.48	0	0	0.39
116100	0.39	0.48	0.48	0	0	0.39
116200	0.39	0.49	0.49	0	0	0.39
116300	0.39	0.49	0.49	0	0	0.39
116400	0.39	0.5	0.5	0	0	0.39
116500	0.39	0.5	0.5	0	0	0.39
116600	0.39	0.5	0.5	0	0	0.39
116700	0.39	0.5	0.5	0	0	0.39
116800	0.39	0.5	0.5	0	0	0.39
116900	0.39	0.5	0.5	0	0	0.39
117000	0.39	0.5	0.5	0	0	0.39
117100	0.39	0.5	0.5	0	0	0.39
117200	0.4	0.5	0.5	0	0	0.4
117300	0.4	0.49	0.49	0	0	0.4
117400	0.39	0.49	0.49	0	0	0.39
117500	0.39	0.49	0.49	0	0	0.39
117600	0.39	0.48	0.48	0	0	0.39
117700	0.39	0.48	0.48	0	0	0.39
117800	0.39	0.47	0.47	0	0	0.39
117900	0.39	0.47	0.47	0	0	0.39
118000	0.39	0.47	0.47	0	0	0.39
118100	0.39	0.47	0.47	0	0	0.39
118200	0.39	0.47	0.47	0	0	0.39
118300	0.39	0.46	0.46	0	0	0.39
118400	0.39	0.46	0.46	0	0	0.39
118500	0.39	0.46	0.46	0	0	0.39
118600	0.39	0.45	0.45	0	0	0.39
118700	0.39	0.45	0.45	0	0	0.39
118800	0.39	0.45	0.45	0	0	0.39
118900	0.39	0.45	0.45	0	0	0.39
119000	0.39	0.44	0.44	0	0	0.39
119100	0.39	0.44	0.44	0	0	0.39
119200	0.39	0.44	0.44	0	0	0.39
119300	0.39	0.44	0.44	0	0	0.39
119400	0.39	0.44	0.44	0	0	0.39
119500	0.39	0.44	0.44	0	0	0.39
119600	0.39	0.44	0.44	0	0	0.39
119700	0.39	0.44	0.44	0	0	0.39
119800	0.39	0.43	0.43	0	0	0.39
119900	0.39	0.43	0.43	0	0	0.39
120000	0.39	0.43	0.43	0	0	0.39
120100	0.39	0.43	0.43	0	0	0.39
120200	0.39	0.43	0.43	0	0	0.39
120300	0.39	0.43	0.43	0	0	0.39
120400	0.39	0.43	0.43	0	0	0.39
120500	0.39	0.43	0.43	0	0	0.39
120600	0.39	0.43	0.43	0	0	0.39
120700	0.39	0.43	0.43	0	0	0.39
120800	0.38	0.43	0.43	0	0	0.38
120900	0.38	0.43	0.43	0	0	0.38
121000	0.39	0.42	0.42	0	0	0.39
121100	0.39	0.42	0.42	0	0	0.39
121200	0.4	0.42	0.42	0	0	0.4
121300	0.39	0.42	0.42	0	0	0.39
121400	0.39	0.42	0.42	0	0	0.39
121500	0.39	0.42	0.42	0	0	0.39
121600	0.39	0.41	0.41	0	0	0.39
121700	0.39	0.41	0.41	0	0	0.39
121800	0.39	0.41	0.41	0	0	0.39
121900	0.39	0.41	0.41	0	0	0.39
122000	0.39	0.41	0.41	0	0	0.39
122100	0.39	0.41	0.41	0	0	0.39
122200	0.39	0.41	0.41	0	0	0.39
122300	0.39	0.41	0.41	0	0	0.39
122400	0.39	0.41	0.41	0	0	0.39
122500	0.39	0.41	0.41	0	0	0.39
122600	0.39	0.41	0.41	0	0	0.39
122700	0.39	0.41	0.41	0	0	0.39
122800	0.39	0.41	0.41	0	0	0.39
122900	0.39	0.41	0.41	0	0	0.39
123000	0.39	0.41	0.41	0	0	0.39
123100	0.39	0.41	0.41	0	0	0.39
123200	0.39	0.41	0.41	0	0	0.39
123300	0.39	0.41	0.41	0	0	0.39
123400	0.39	0.41	0.41	0	0	0.39
123500	0.39	0.41	0.41	0	0	0.39
123600	0.39	0.42	0.42	0	0	0.39
123700	0.39	0.41	0.41	0	0	0.39
123800	0.39	0.41	0.41	0	0	0.39
123900	0.39	0.41	0.41	0	0	0.39
124000	0.4	0.41	0.41	0	0	0.4
124100	0.4	0.41	0.41	0	0	0.4
124200	0.4	0.41	0.41	0	0	0.4
124300	0.4	0.41	0.41	0	0	0.4
124400	0.39	0.41	0.41	0	0	0.39
124500	0.39	0.42	0.42	0	0	0.39
124600	0.39	0.42	0.42	0	0	0.39
124700	0.39	0.42	0.42	0	0	0.39
124800	0.39	0.41	0.41	0	0	0.39
124900	0.39	0.41	0.41	0	0	0.39
125000	0.39	0.41	0.41	0	0	0.39
125100	0.39	0.41	0.41	0	0	0.39
125200	0.39	0.41	0.41	0	0	0.39
125300	0.39	0.41	0.41	0	0	0.39
125400	0.39	0.41	0.41	0	0	0.39
125500	0.39	0.42	0.42	0	0	0.39
125600	0.39	0.42	0.42	0	0	0.39
125700	0.39	0.42	0.42	0	0	0.39
125800	0.39	0.42	0.42	0	0	0.39
125900	0.4	0.43	0.43	0	0	0.4
126000	0.4	0.42	0.42	0	0	0.4
126100	0.39	0.42	0.42	0	0	0.39
126200	0.39	0.42	0.42	0	0	0.39
126300	0.39	0.42	0.42	0	0	0.39
126400	0.39	0.42	0.42	0	0	0.39
126500	0.39	0.42	0.42	0	0	0.39
126600	0.39	0.42	0.42	0	0	0.39
126700	0.39	0.42	0.42	0	0	0.39
126800	0.38	0.42	0.42	0	0	0.38
126900	0.38	0.42	0.42	0	0	0.38
127000	0.38	0.42	0.42	0	0	0.38
127100	0.38	0.42	0.42	0	0	0.38
127200	0.38	0.42	0.42	0	0	0.38
127300	0.38	0.42	0.42	0	0	0.38
127400	0.38	0.42	0.42	0	0	0.38
127500	0.38	0.43	0.43	0	0	0.38
127600	0.38	0.43	0.43	0	0	0.38
127700	0.38	0.43	0.43	0	0	0.38
127800	0.38	0.43	0.43	0	0	0.38
127900	0.38	0.43	0.43	0	0	0.38
128000	0.38	0.43	0.43	0	0	0.38
128100	0.38	0.43	0.43	0	0	0.38
128200	0.38	0.43	0.43	0	0	0.38
128300	0.38	0.43	0.43	0	0	0.38
128400	0.38	0.44	0.44	0	0	0.38
128500	0.38	0.44	0.44	0	0	0.38
128600	0.38	0.44	0.44	0	0	0.38
128700	0.38	0.44	0.44	0	0	0.38
128800	0.38	0.44	0.44	0	0	0.38
128900	0.38	0.45	0.45	0	0	0.38
129000	0.38	0.44	0.44	0	0	0.38
129100	0.38	0.44	0.44	0	0	0.38
129200	0.38	0.44	0.44	0	0	0.38
129300	0.38	0.44	0.44	0	0	0.38
129400	0.38	0.44	0.44	0	0	0.38
129500	0.38	0.44	0.44	0	0	0.38
129600	0.38	0.44	0.44	0	0	0.38
129700	0.38	0.44	0.44	0	0	0.38
129800	0.38	0.44	0.44	0	0	0.38
129900	0.38	0.44	0.44	0	0	0.38
130000	0.38	0.44	0.44	0	0	0.38
130100	0.38	0.44	0.44	0	0	0.38
130200	0.38	0.45	0.45	0	0	0.38
130300	0.38	0.45	0.45	0	0	0.38
130400	0.38	0.45	0.45	0	0	0.38
130500	0.38	0.45	0.45	0	0	0.38
130600	0.38	0.44	0.44	0	0	0.38
130700	0.38	0.44	0.44	0	0	0.38
130800	0.38	0.44	0.44	0	0	0.38
130900	0.38	0.43	0.43	0	0	0.38
131000	0.38	0.44	0.44	0	0	0.38
131100	0.37	0.44	0.44	0	0	0.37
131200	0.37	0.44	0.44	0	0	0.37
131300	0.37	0.44	0.44	0	0	0.37
131400	0.37	0.44	0.44	0	0	0.37
131500	0.37	0.44	0.44	0	0	0.37
131600	0.37	0.44	0.44	0	0	0.37
131700	0.36	0.44	0.44	0	0	0.36
131800	0.36	0.44	0.44	0	0	0.36
131900	0.37	0.44	0.44	0	0	0.37
132000	0.37	0.44	0.44	0	0	0.37
132100	0.37	0.45	0.45	0	0	0.37
132200	0.37	0.45	0.45	0	0	0.37
132300	0.37	0.45	0.45	0	0	0.37
132400	0.37	0.46	0.46	0	0	0.37
132500	0.37	0.46	0.46	0	0	0.37
132600	0.37	0.46	0.46	0	0	0.37
132700	0.37	0.46	0.46	0	0	0.37
132800	0.37	0.46	0.46	0	0	0.37
132900	0.37	0.46	0.46	0	0	0.37
133000	0.37	0.46	0.46	0	0	0.37
133100	0.37	0.45	0.45	0	0	0.37
133200	0.37	0.45	0.45	0	0	0.37
133300	0.37	0.45	0.45	0	0	0.37
133400	0.37	0.45	0.45	0	0	0.37
133500	0.37	0.45	0.45	0	0	0.37
133600	0.37	0.45	0.45	0	0	0.37
133700	0.37	0.45	0.45	0	0	0.37
133800	0.37	0.45	0.45	0	0	0.37
133900	0.37	0.45	0.45	0	0	0.37
134000	0.37	0.45	0.45	0	0	0.37
134100	0.37	0.45	0.45	0	0	0.37
134200	0.37	0.45	0.45	0	0	0.37
134300	0.38	0.45	0.45	0	0	0.38
134400	0.38	0.45	0.45	0	0	0.38
134500	0.38	0.45	0.45	0	0	0.38
134600	0.38	0.45	0.45	0	0	0.38
134700	0.38	0.46	0.46	0	0	0.38
134800	0.39	0.45	0.45	0	0	0.39
134900	0.39	0.45	0.45	0	0	0.39
135000	0.39	0.45	0.45	0	0	0.39
135100	0.39	0.45	0.45	0	0	0.39
135200	0.39	0.45	0.45	0	0	0.39
135300	0.38	0.45	0.45	0	0	0.38
135400	0.38	0.45	0.45	0	0	0.38
135500	0.38	0.45	0.45	0	0	0.38
135600	0.38	0.45	0.45	0	0	0.38
135700	0.38	0.45	0.45	0	0	0.38
135800	0.38	0.45	0.45	0	0	0.38
135900	0.38	0.45	0.45	0	0	0.38
136000	0.37	0.45	0.45	0	0	0.37
136100	0.37	0.45	0.45	0	0	0.37
136200	0.37	0.45	0.45	0	0	0.37
136300	0.37	0.45	0.45	0	0	0.37
136400	0.37	0.45	0.45	0	0	0.37
136500	0.37	0.45	0.45	0	0	0.37
136600	0.37	0.45	0.45	0	0	0.37
136700	0.37	0.45	0.45	0	0	0.37
136800	0.37	0.45	0.45	0	0	0.37
136900	0.37	0.45	0.45	0	0	0.37
137000	0.37	0.45	0.45	0	0	0.37
137100	0.37	0.45	0.45	0	0	0.37
137200	0.37	0.46	0.46	0	0	0.37
137300	0.37	0.46	0.46	0	0	0.37
137400	0.37	0.46	0.46	0	0	0.37
137500	0.37	0.46	0.46	0	0	0.37
137600	0.37	0.46	0.46	0	0	0.37
137700	0.37	0.46	0.46	0	0	0.37
137800	0.37	0.46	0.46	0	0	0.37
137900	0.37	0.46	0.46	0	0	0.37
138000	0.38	0.46	0.46	0	0	0.38
138100	0.38	0.47	0.47	0	0	0.38
138200	0.38	0.47	0.47	0	0	0.38
138300	0.38	0.47	0.47	0	0	0.38
138400	0.38	0.46	0.46	0	0	0.38
138500	0.38	0.45	0.45	0	0	0.38
138600	0.38	0.45	0.45	0	0	0.38
138700	0.38	0.45	0.45	0	0	0.38
138800	0.38	0.45	0.45	0	0	0.38
138900	0.38	0.45	0.45	0	0	0.38
139000	0.39	0.45	0.45	0	0	0.39
139100	0.39	0.45	0.45	0	0	0.39
139200	0.39	0.45	0.45	0	0	0.39
139300	0.39	0.45	0.45	0	0	0.39
139400	0.39	0.45	0.45	0	0	0.39
139500	0.39	0.45	0.45	0	0	0.39
139600	0.38	0.45	0.45	0	0	0.38
139700	0.38	0.45	0.45	0	0	0.38
139800	0.38	0.45	0.45	0	0	0.38
139900	0.38	0.45	0.45	0	0	0.38
140000	0.39	0.45	0.45	0	0	0.39
140100	0.38	0.45	0.45	0	0	0.38
140200	0.38	0.45	0.45	0	0	0.38
140300	0.38	0.45	0.45	0	0	0.38
140400	0.39	0.45	0.45	0	0	0.39
140500	0.38	0.45	0.45	0	0	0.38
140600	0.38	0.45	0.45	0	0	0.38
140700	0.39	0.45	0.45	0	0	0.39
140800	0.39	0.45	0.45	0	0	0.39
140900	0.39	0.45	0.45	0	0	0.39
141000	0.39	0.45	0.45	0	0	0.39
141100	0.39	0.45	0.45	0	0	0.39
141200	0.39	0.45	0.45	0	0	0.39
141300	0.39	0.45	0.45	0	0	0.39
141400	0.39	0.45	0.45	0	0	0.39
141500	0.39	0.45	0.45	0	0	0.39
141600	0.39	0.45	0.45	0	0	0.39
141700	0.39	0.45	0.45	0	0	0.39
141800	0.39	0.45	0.45	0	0	0.39
141900	0.39	0.45	0.45	0	0	0.39
142000	0.39	0.45	0.45	0	0	0.39
142100	0.39	0.45	0.45	0	0	0.39
142200	0.39	0.45	0.45	0	0	0.39
142300	0.39	0.45	0.45	0	0	0.39
142400	0.39	0.46	0.46	0	0	0.39
142500	0.39	0.45	0.45	0	0	0.39
142600	0.39	0.45	0.45	0	0	0.39
142700	0.39	0.45	0.45	0	0	0.39
142800	0.39	0.45	0.45	0	0	0.39
142900	0.39	0.45	0.45	0	0	0.39
143000	0.4	0.45	0.45	0	0	0.4
143100	0.38	0.45	0.45	0	0	0.38
143200	0.37	0.45	0.45	0	0	0.37
143300	0.37	0.45	0.45	0	0	0.37
143400	0.37	0.45	0.45	0	0	0.37
143500	0.37	0.45	0.45	0	0	0.37
143600	0.37	0.45	0.45	0	0	0.37
143700	0.37	0.45	0.45	0	0	0.37
143800	0.37	0.45	0.45	0	0	0.37
143900	0.37	0.45	0.45	0	0	0.37
144000	0.38	0.45	0.45	0	0	0.38
144100	0.38	0.45	0.45	0	0	0.38
144200	0.38	0.45	0.45	0	0	0.38
144300	0.38	0.45	0.45	0	0	0.38
144400	0.38	0.45	0.45	0	0	0.38
144500	0.38	0.45	0.45	0	0	0.38
144600	0.38	0.45	0.45	0	0	0.38
144700	0.38	0.45	0.45	0	0	0.38
144800	0.38	0.45	0.45	0	0	0.38
144900	0.38	0.45	0.45	0	0	0.38
145000	0.38	0.45	0.45	0	0	0.38
145100	0.38	0.45	0.45	0	0	0.38
145200	0.38	0.45	0.45	0	0	0.38
145300	0.38	0.45	0.45	0	0	0.38
145400	0.38	0.45	0.45	0	0	0.38
145500	0.38	0.45	0.45	0	0	0.38
145600	0.38	0.45	0.45	0	0	0.38
145700	0.38	0.45	0.45	0	0	0.38
145800	0.38	0.45	0.45	0	0	0.38
145900	0.38	0.45	0.45	0	0	0.38
146000	0.38	0.45	0.45	0	0	0.38
146100	0.38	0.45	0.45	0	0	0.38
146200	0.38	0.45	0.45	0	0	0.38
146300	0.38	0.45	0.45	0	0	0.38
146400	0.38	0.45	0.45	0	0	0.38
146500	0.38	0.45	0.45	0	0	0.38
146600	0.38	0.45	0.45	0	0	0.38
146700	0.38	0.45	0.45	0	0	0.38
146800	0.38	0.45	0.45	0	0	0.38
146900	0.38	0.45	0.45	0	0	0.38
147000	0.38	0.45	0.45	0	0	0.38
147100	0.38	0.45	0.45	0	0	0.38
147200	0.38	0.45	0.45	0	0	0.38
147300	0.38	0.45	0.45	0	0	0.38
147400	0.38	0.45	0.45	0	0	0.38
147500	0.38	0.45	0.45	0	0	0.38
147600	0.38	0.45	0.45	0	0	0.38
147700	0.38	0.45	0.45	0	0	0.38
147800	0.38	0.45	0.45	0	0	0.38
147900	0.39	0.45	0.45	0	0	0.39
148000	0.39	0.45	0.45	0	0	0.39
148100	0.39	0.45	0.45	0	0	0.39
148200	0.39	0.45	0.45	0	0	0.39
148300	0.4	0.45	0.45	0	0	0.4
148400	0.39	0.45	0.45	0	0	0.39
148500	0.39	0.45	0.45	0	0	0.39
148600	0.39	0.45	0.45	0	0	0.39
148700	0.39	0.45	0.45	0	0	0.39
148800	0.4	0.45	0.45	0	0	0.4
148900	0.4	0.45	0.45	0	0	0.4
149000	0.39	0.45	0.45	0	0	0.39
149100	0.39	0.45	0.45	0	0	0.39
149200	0.39	0.45	0.45	0	0	0.39
149300	0.39	0.46	0.46	0	0	0.39
149400	0.39	0.45	0.45	0	0	0.39
149500	0.38	0.45	0.45	0	0	0.38
149600	0.37	0.45	0.45	0	0	0.37
149700	0.37	0.45	0.45	0	0	0.37
149800	0.37	0.45	0.45	0	0	0.37
149900	0.37	0.45	0.45	0	0	0.37
150000	0.37	0.45	0.45	0	0	0.37
150100	0.37	0.44	0.44	0	0	0.37
150200	0.37	0.44	0.44	0	0	0.37
150300	0.37	0.44	0.44	0	0	0.37
150400	0.37	0.44	0.44	0	0	0.37
150500	0.37	0.44	0.44	0	0	0.37
150600	0.37	0.44	0.44	0	0	0.37
150700	0.37	0.44	0.44	0	0	0.37
150800	0.38	0.44	0.44	0	0	0.38
150900	0.38	0.44	0.44	0	0	0.38
151000	0.38	0.44	0.44	0	0	0.38
151100	0.39	0.44	0.44	0	0	0.39
151200	0.39	0.44	0.44	0	0	0.39
151300	0.39	0.44	0.44	0	0	0.39
151400	0.39	0.44	0.44	0	0	0.39
151500	0.39	0.44	0.44	0	0	0.39
151600	0.39	0.43	0.43	0	0	0.39
151700	0.39	0.43	0.43	0	0	0.39
151800	0.39	0.42	0.42	0	0	0.39
151900	0.39	0.43	0.43	0	0	0.39
152000	0.39	0.43	0.43	0	0	0.39
152100	0.39	0.43	0.43	0	0	0.39
152200	0.39	0.44	0.44	0	0	0.39
152300	0.39	0.44	0.44	0	0	0.39
152400	0.39	0.43	0.43	0	0	0.39
152500	0.39	0.43	0.43	0	0	0.39
152600	0.39	0.43	0.43	0	0	0.39
152700	0.39	0.43	0.43	0	0	0.39
152800	0.39	0.43	0.43	0	0	0.39
152900	0.39	0.43	0.43	0	0	0.39
153000	0.39	0.43	0.43	0	0	0.39
153100	0.39	0.43	0.43	0	0	0.39
153200	0.39	0.43	0.43	0	0	0.39
153300	0.39	0.43	0.43	0	0	0.39
153400	0.39	0.43	0.43	0	0	0.39
153500	0.39	0.42	0.42	0	0	0.39
153600	0.39	0.42	0.42	0	0	0.39
153700	0.39	0.42	0.42	0	0	0.39
153800	0.39	0.42	0.42	0	0	0.39
153900	0.39	0.42	0.42	0	0	0.39
154000	0.39	0.42	0.42	0	0	0.39
154100	0.39	0.42	0.42	0	0	0.39
154200	0.39	0.42	0.42	0	0	0.39
154300	0.39	0.42	0.42	0	0	0.39
154400	0.39	0.42	0.42	0	0	0.39
154500	0.39	0.42	0.42	0	0	0.39
154600	0.4	0.42	0.42	0	0	0.4
154700	0.4	0.42	0.42	0	0	0.4
154800	0.4	0.42	0.42	0	0	0.4
154900	0.4	0.42	0.42	0	0	0.4
155000	0.4	0.42	0.42	0	0	0.4
155100	0.4	0.42	0.42	0	0	0.4
155200	0.4	0.42	0.42	0	0	0.4
155300	0.4	0.42	0.42	0	0	0.4
155400	0.4	0.42	0.42	0	0	0.4
155500	0.4	0.42	0.42	0	0	0.4
155600	0.4	0.42	0.42	0	0	0.4
155700	0.4	0.42	0.42	0	0	0.4
155800	0.4	0.42	0.42	0	0	0.4
155900	0.4	0.43	0.43	0	0	0.4
156000	0.4	0.43	0.43	0	0	0.4
156100	0.4	0.43	0.43	0	0	0.4
156200	0.4	0.43	0.43	0	0	0.4
156300	0.4	0.43	0.43	0	0	0.4
156400	0.41	0.43	0.43	0	0	0.41
156500	0.41	0.43	0.43	0	0	0.41
156600	0.42	0.43	0.43	0	0	0.42
156700	0.41	0.43	0.43	0	0	0.41
156800	0.41	0.43	0.43	0	0	0.41
156900	0.4	0.43	0.43	0	0	0.4
157000	0.4	0.43	0.43	0	0	0.4
157100	0.4	0.43	0.43	0	0	0.4
157200	0.4	0.42	0.42	0	0	0.4
157300	0.4	0.42	0.42	0	0	0.4
157400	0.4	0.42	0.42	0	0	0.4
157500	0.4	0.42	0.42	0	0	0.4
157600	0.4	0.42	0.42	0	0	0.4
157700	0.4	0.42	0.42	0	0	0.4
157800	0.4	0.42	0.42	0	0	0.4
157900	0.4	0.42	0.42	0	0	0.4
158000	0.4	0.42	0.42	0	0	0.4
158100	0.4	0.42	0.42	0	0	0.4
158200	0.4	0.42	0.42	0	0	0.4
158300	0.4	0.42	0.42	0	0	0.4
158400	0.4	0.42	0.42	0	0	0.4
158500	0.4	0.42	0.42	0	0	0.4
158600	0.4	0.42	0.42	0	0	0.4
158700	0.4	0.42	0.42	0	0	0.4
158800	0.4	0.42	0.42	0	0	0.4
158900	0.4	0.42	0.42	0	0	0.4
159000	0.4	0.42	0.42	0	0	0.4
159100	0.4	0.42	0.42	0	0	0.4
159200	0.4	0.42	0.42	0	0	0.4
159300	0.4	0.42	0.42	0	0	0.4
159400	0.41	0.42	0.42	0	0	0.41
159500	0.41	0.42	0.42	0	0	0.41
159600	0.41	0.42	0.42	0	0	0.41
159700	0.41	0.42	0.42	0	0	0.41
159800	0.41	0.42	0.42	0	0	0.41
159900	0.41	0.42	0.42	0	0	0.41
160000	0.41	0.42	0.42	0	0	0.41
160100	0.41	0.42	0.42	0	0	0.41
160200	0.41	0.42	0.42	0	0	0.41
160300	0.41	0.42	0.42	0	0	0.41
160400	0.41	0.42	0.42	0	0	0.41
160500	0.41	0.42	0.42	0	0	0.41
160600	0.41	0.42	0.42	0	0	0.41
160700	0.42	0.42	0.42	0	0	0.42
160800	0.42	0.42	0.42	0	0	0.42
160900	0.42	0.42	0.42	0	0	0.42
161000	0.42	0.42	0.42	0	0	0.42
161100	0.42	0.42	0.42	0	0	0.42
161200	0.42	0.42	0.42	0	0	0.42
161300	0.42	0.42	0.42	0	0	0.42
161400	0.42	0.42	0.42	0	0	0.42
161500	0.42	0.42	0.42	0	0	0.42
161600	0.41	0.42	0.42	0	0	0.41
161700	0.41	0.42	0.42	0	0	0.41
161800	0.41	0.42	0.42	0	0	0.41
161900	0.41	0.42	0.42	0	0	0.41
162000	0.41	0.42	0.42	0	0	0.41
162100	0.41	0.42	0.42	0	0	0.41
162200	0.41	0.42	0.42	0	0	0.41
162300	0.41	0.42	0.42	0	0	0.41
162400	0.41	0.42	0.42	0	0	0.41
162500	0.41	0.42	0.42	0	0	0.41
162600	0.41	0.42	0.42	0	0	0.41
162700	0.41	0.43	0.43	0	0	0.41
162800	0.41	0.43	0.43	0	0	0.41
162900	0.41	0.43	0.43	0	0	0.41
163000	0.41	0.43	0.43	0	0	0.41
163100	0.42	0.43	0.43	0	0	0.42
163200	0.42	0.43	0.43	0	0	0.42
163300	0.42	0.42	0.42	0	0	0.42
163400	0.42	0.42	0.42	0	0	0.42
163500	0.42	0.42	0.42	0	0	0.42
163600	0.42	0.42	0.42	0	0	0.42
163700	0.42	0.42	0.42	0	0	0.42
163800	0.42	0.42	0.42	0	0	0.42
163900	0.42	0.42	0.42	0	0	0.42
164000	0.42	0.42	0.42	0	0	0.42
164100	0.42	0.43	0.43	0	0	0.42
164200	0.42	0.43	0.43	0	0	0.42
164300	0.42	0.43	0.43	0	0	0.42
164400	0.42	0.43	0.43	0	0	0.42
164500	0.42	0.43	0.43	0	0	0.42
164600	0.42	0.43	0.43	0	0	0.42
164700	0.42	0.43	0.43	0	0	0.42
164800	0.41	0.43	0.43	0	0	0.41
164900	0.42	0.43	0.43	0	0	0.42
165000	0.42	0.43	0.43	0	0	0.42
165100	0.42	0.42	0.42	0	0	0.42
165200	0.42	0.42	0.42	0	0	0.42
165300	0.41	0.42	0.42	0	0	0.41
165400	0.41	0.42	0.42	0	0	0.41
165500	0.41	0.42	0.42	0	0	0.41
165600	0.41	0.42	0.42	0	0	0.41
165700	0.41	0.42	0.42	0	0	0.41
165800	0.4	0.42	0.42	0	0	0.4
165900	0.4	0.42	0.42	0	0	0.4
166000	0.4	0.42	0.42	0	0	0.4
166100	0.4	0.42	0.42	0	0	0.4
166200	0.4	0.42	0.42	0	0	0.4
166300	0.4	0.42	0.42	0	0	0.4
166400	0.4	0.43	0.43	0	0	0.4
166500	0.4	0.43	0.43	0	0	0.4
166600	0.41	0.43	0.43	0	0	0.41
166700	0.41	0.43	0.43	0	0	0.41
166800	0.41	0.43	0.43	0	0	0.41
166900	0.4	0.43	0.43	0	0	0.4
167000	0.4	0.43	0.43	0	0	0.4
167100	0.4	0.43	0.43	0	0	0.4
167200	0.4	0.43	0.43	0	0	0.4
167300	0.4	0.43	0.43	0	0	0.4
167400	0.4	0.43	0.43	0	0	0.4
167500	0.4	0.43	0.43	0	0	0.4
167600	0.4	0.43	0.43	0	0	0.4
167700	0.4	0.43	0.43	0	0	0.4
167800	0.4	0.43	0.43	0	0	0.4
167900	0.4	0.44	0.44	0	0	0.4
168000	0.39	0.43	0.43	0	0	0.39
168100	0.4	0.43	0.43	0	0	0.4
168200	0.4	0.43	0.43	0	0	0.4
168300	0.4	0.43	0.43	0	0	0.4
168400	0.39	0.43	0.43	0	0	0.39
168500	0.39	0.43	0.43	0	0	0.39
168600	0.39	0.43	0.43	0	0	0.39
168700	0.39	0.43	0.43	0	0	0.39
168800	0.39	0.43	0.43	0	0	0.39
168900	0.39	0.43	0.43	0	0	0.39
169000	0.39	0.43	0.43	0	0	0.39
169100	0.39	0.43	0.43	0	0	0.39
169200	0.38	0.43	0.43	0	0	0.38
169300	0.38	0.43	0.43	0	0	0.38
169400	0.38	0.44	0.44	0	0	0.38
169500	0.38	0.44	0.44	0	0	0.38
169600	0.38	0.44	0.44	0	0	0.38
169700	0.38	0.44	0.44	0	0	0.38
169800	0.38	0.44	0.44	0	0	0.38
169900	0.38	0.44	0.44	0	0	0.38
170000	0.38	0.44	0.44	0	0	0.38
170100	0.39	0.44	0.44	0	0	0.39
170200	0.38	0.44	0.44	0	0	0.38
170300	0.39	0.44	0.44	0	0	0.39
170400	0.39	0.44	0.44	0	0	0.39
170500	0.39	0.44	0.44	0	0	0.39
170600	0.39	0.44	0.44	0	0	0.39
170700	0.39	0.44	0.44	0	0	0.39
170800	0.39	0.45	0.45	0	0	0.39
170900	0.39	0.45	0.45	0	0	0.39
171000	0.39	0.45	0.45	0	0	0.39
171100	0.39	0.45	0.45	0	0	0.39
171200	0.39	0.45	0.45	0	0	0.39
171300	0.39	0.45	0.45	0	0	0.39
171400	0.39	0.46	0.46	0	0	0.39
171500	0.4	0.46	0.46	0	0	0.4
171600	0.4	0.46	0.46	0	0	0.4
171700	0.4	0.46	0.46	0	0	0.4
171800	0.4	0.46	0.46	0	0	0.4
171900	0.4	0.46	0.46	0	0	0.4
172000	0.4	0.46	0.46	0	0	0.4
172100	0.4	0.46	0.46	0	0	0.4
172200	0.4	0.46	0.46	0	0	0.4
172300	0.41	0.46	0.46	0	0	0.41
172400	0.41	0.46	0.46	0	0	0.41
172500	0.4	0.46	0.46	0	0	0.4
172600	0.4	0.46	0.46	0	0	0.4
172700	0.4	0.46	0.46	0	0	0.4
172800	0.4	0.46	0.46	0	0	0.4
172900	0.38	0.46	0.46	0	0	0.38
173000	0.38	0.46	0.46	0	0	0.38
173100	0.38	0.46	0.46	0	0	0.38
173200	0.37	0.46	0.46	0	0	0.37
173300	0.37	0.46	0.46	0	0	0.37
173400	0.37	0.46	0.46	0	0	0.37
173500	0.37	0.46	0.46	0	0	0.37
173600	0.37	0.46	0.46	0	0	0.37
173700	0.37	0.45	0.45	0	0	0.37
173800	0.37	0.45	0.45	0	0	0.37
173900	0.37	0.45	0.45	0	0	0.37
174000	0.37	0.45	0.45	0	0	0.37
174100	0.37	0.45	0.45	0	0	0.37
174200	0.37	0.46	0.46	0	0	0.37
174300	0.37	0.45	0.45	0	0	0.37
174400	0.37	0.45	0.45	0	0	0.37
174500	0.36	0.45	0.45	0	0	0.36
174600	0.36	0.45	0.45	0	0	0.36
174700	0.36	0.45	0.45	0	0	0.36
174800	0.36	0.44	0.44	0	0	0.36
174900	0.37	0.44	0.44	0	0	0.37
175000	0.37	0.44	0.44	0	0	0.37
175100	0.36	0.44	0.44	0	0	0.36
175200	0.36	0.44	0.44	0	0	0.36
175300	0.36	0.44	0.44	0	0	0.36
175400	0.36	0.44	0.44	0	0	0.36
175500	0.36	0.44	0.44	0	0	0.36
175600	0.36	0.44	0.44	0	0	0.36
175700	0.36	0.44	0.44	0	0	0.36
175800	0.36	0.44	0.44	0	0	0.36
175900	0.36	0.44	0.44	0	0	0.36
176000	0.36	0.44	0.44	0	0	0.36
176100	0.36	0.44	0.44	0	0	0.36
176200	0.36	0.44	0.44	0	0	0.36
176300	0.36	0.44	0.44	0	0	0.36
176400	0.36	0.44	0.44	0	0	0.36
176500	0.36	0.44	0.44	0	0	0.36
176600	0.36	0.44	0.44	0	0	0.36
176700	0.36	0.44	0.44	0	0	0.36
176800	0.36	0.44	0.44	0	0	0.36
176900	0.35	0.44	0.44	0	0	0.35
177000	0.35	0.44	0.44	0	0	0.35
177100	0.35	0.44	0.44	0	0	0.35
177200	0.35	0.45	0.45	0	0	0.35
177300	0.35	0.45	0.45	0	0	0.35
177400	0.35	0.45	0.45	0	0	0.35
177500	0.36	0.45	0.45	0	0	0.36
177600	0.35	0.45	0.45	0	0	0.35
177700	0.35	0.45	0.45	0	0	0.35
177800	0.35	0.45	0.45	0	0	0.35
177900	0.35	0.45	0.45	0	0	0.35
178000	0.35	0.45	0.45	0	0	0.35
178100	0.35	0.45	0.45	0	0	0.35
178200	0.35	0.45	0.45	0	0	0.35
178300	0.36	0.45	0.45	0	0	0.36
178400	0.36	0.44	0.44	0	0	0.36
178500	0.37	0.44	0.44	0	0	0.37
178600	0.37	0.44	0.44	0	0	0.37
178700	0.36	0.44	0.44	0	0	0.36
178800	0.36	0.44	0.44	0	0	0.36
178900	0.36	0.44	0.44	0	0	0.36
179000	0.36	0.44	0.44	0	0	0.36
179100	0.36	0.44	0.44	0	0	0.36
179200	0.36	0.44	0.44	0	0	0.36
179300	0.36	0.44	0.44	0	0	0.36
179400	0.36	0.45	0.45	0	0	0.36
179500	0.36	0.45	0.45	0	0	0.36
179600	0.36	0.44	0.44	0	0	0.36
179700	0.36	0.44	0.44	0	0	0.36
179800	0.36	0.44	0.44	0	0	0.36
179900	0.36	0.44	0.44	0	0	0.36
180000	0.38	0.44	0.44	0	0	0.38
180100	0.37	0.44	0.44	0	0	0.37
180200	0.37	0.44	0.44	0	0	0.37
180300	0.37	0.44	0.44	0	0	0.37
180400	0.37	0.44	0.44	0	0	0.37
180500	0.37	0.44	0.44	0	0	0.37
180600	0.37	0.44	0.44	0	0	0.37
180700	0.37	0.44	0.44	0	0	0.37
180800	0.37	0.44	0.44	0	0	0.37
180900	0.38	0.44	0.44	0	0	0.38
181000	0.38	0.44	0.44	0	0	0.38
181100	0.38	0.44	0.44	0	0	0.38
181200	0.38	0.44	0.44	0	0	0.38
181300	0.38	0.44	0.44	0	0	0.38
181400	0.38	0.44	0.44	0	0	0.38
181500	0.38	0.44	0.44	0	0	0.38
181600	0.38	0.44	0.44	0	0	0.38
181700	0.38	0.44	0.44	0	0	0.38
181800	0.38	0.44	0.44	0	0	0.38
181900	0.38	0.44	0.44	0	0	0.38
182000	0.38	0.44	0.44	0	0	0.38
182100	0.38	0.44	0.44	0	0	0.38
182200	0.38	0.44	0.44	0	0	0.38
182300	0.38	0.44	0.44	0	0	0.38
182400	0.38	0.44	0.44	0	0	0.38
182500	0.38	0.44	0.44	0	0	0.38
182600	0.39	0.44	0.44	0	0	0.39
182700	0.39	0.44	0.44	0	0	0.39
182800	0.38	0.44	0.44	0	0	0.38
182900	0.38	0.44	0.44	0	0	0.38
183000	0.38	0.44	0.44	0	0	0.38
183100	0.38	0.44	0.44	0	0	0.38
183200	0.38	0.44	0.44	0	0	0.38
183300	0.39	0.44	0.44	0	0	0.39
183400	0.38	0.44	0.44	0	0	0.38
183500	0.39	0.44	0.44	0	0	0.39
183600	0.39	0.44	0.44	0	0	0.39
183700	0.38	0.44	0.44	0	0	0.38
183800	0.38	0.44	0.44	0	0	0.38
183900	0.39	0.44	0.44	0	0	0.39
184000	0.39	0.44	0.44	0	0	0.39
184100	0.39	0.44	0.44	0	0	0.39
184200	0.38	0.44	0.44	0	0	0.38
184300	0.38	0.44	0.44	0	0	0.38
184400	0.38	0.45	0.45	0	0	0.38
184500	0.38	0.45	0.45	0	0	0.38
184600	0.38	0.45	0.45	0	0	0.38
184700	0.39	0.45	0.45	0	0	0.39
184800	0.39	0.45	0.45	0	0	0.39
184900	0.39	0.45	0.45	0	0	0.39
185000	0.39	0.45	0.45	0	0	0.39
185100	0.39	0.45	0.45	0	0	0.39
185200	0.39	0.45	0.45	0	0	0.39
185300	0.39	0.45	0.45	0	0	0.39
185400	0.39	0.45	0.45	0	0	0.39
185500	0.39	0.45	0.45	0	0	0.39
185600	0.39	0.45	0.45	0	0	0.39
185700	0.39	0.45	0.45	0	0	0.39
185800	0.39	0.45	0.45	0	0	0.39
185900	0.39	0.45	0.45	0	0	0.39
186000	0.39	0.44	0.44	0	0	0.39
186100	0.39	0.44	0.44	0	0	0.39
186200	0.39	0.44	0.44	0	0	0.39
186300	0.39	0.44	0.44	0	0	0.39
186400	0.39	0.44	0.44	0	0	0.39
186500	0.39	0.44	0.44	0	0	0.39
186600	0.39	0.44	0.44	0	0	0.39
186700	0.39	0.44	0.44	0	0	0.39
186800	0.39	0.44	0.44	0	0	0.39
186900	0.39	0.44	0.44	0	0	0.39
187000	0.39	0.44	0.44	0	0	0.39
187100	0.4	0.45	0.45	0	0	0.4
187200	0.4	0.45	0.45	0	0	0.4
187300	0.4	0.45	0.45	0	0	0.4
187400	0.4	0.45	0.45	0	0	0.4
187500	0.4	0.45	0.45	0	0	0.4
187600	0.4	0.45	0.45	0	0	0.4
187700	0.4	0.46	0.46	0	0	0.4
187800	0.4	0.45	0.45	0	0	0.4
187900	0.4	0.45	0.45	0	0	0.4
188000	0.4	0.45	0.45	0	0	0.4
188100	0.4	0.45	0.45	0	0	0.4
188200	0.4	0.45	0.45	0	0	0.4
188300	0.4	0.44	0.44	0	0	0.4
188400	0.4	0.45	0.45	0	0	0.4
188500	0.4	0.45	0.45	0	0	0.4
188600	0.4	0.45	0.45	0	0	0.4
188700	0.4	0.44	0.44	0	0	0.4
188800	0.4	0.44	0.44	0	0	0.4
188900	0.41	0.44	0.44	0	0	0.41
189000	0.41	0.44	0.44	0	0	0.41
189100	0.4	0.44	0.44	0	0	0.4
189200	0.4	0.43	0.43	0	0	0.4
189300	0.4	0.43	0.43	0	0	0.4
189400	0.4	0.43	0.43	0	0	0.4
189500	0.4	0.43	0.43	0	0	0.4
189600	0.4	0.43	0.43	0	0	0.4
189700	0.4	0.43	0.43	0	0	0.4
189800	0.4	0.43	0.43	0	0	0.4
189900	0.39	0.43	0.43	0	0	0.39
190000	0.39	0.43	0.43	0	0	0.39
190100	0.39	0.43	0.43	0	0	0.39
190200	0.39	0.43	0.43	0	0	0.39
190300	0.39	0.43	0.43	0	0	0.39
190400	0.39	0.43	0.43	0	0	0.39
190500	0.39	0.43	0.43	0	0	0.39
190600	0.39	0.43	0.43	0	0	0.39
190700	0.39	0.44	0.44	0	0	0.39
190800	0.39	0.44	0.44	0	0	0.39
190900	0.39	0.44	0.44	0	0	0.39
191000	0.39	0.44	0.44	0	0	0.39
191100	0.39	0.44	0.44	0	0	0.39
191200	0.39	0.45	0.45	0	0	0.39
191300	0.39	0.44	0.44	0	0	0.39
191400	0.39	0.44	0.44	0	0	0.39
191500	0.39	0.43	0.43	0	0	0.39
191600	0.39	0.43	0.43	0	0	0.39
191700	0.39	0.43	0.43	0	0	0.39
191800	0.39	0.43	0.43	0	0	0.39
191900	0.39	0.43	0.43	0	0	0.39
192000	0.39	0.43	0.43	0	0	0.39
192100	0.39	0.43	0.43	0	0	0.39
192200	0.39	0.43	0.43	0	0	0.39
192300	0.39	0.43	0.43	0	0	0.39
192400	0.39	0.43	0.43	0	0	0.39
192500	0.4	0.43	0.43	0	0	0.4
192600	0.4	0.43	0.43	0	0	0.4
192700	0.39	0.43	0.43	0	0	0.39
192800	0.39	0.43	0.43	0	0	0.39
192900	0.39	0.43	0.43	0	0	0.39
193000	0.39	0.44	0.44	0	0	0.39
193100	0.39	0.44	0.44	0	0	0.39
193200	0.39	0.44	0.44	0	0	0.39
193300	0.39	0.44	0.44	0	0	0.39
193400	0.39	0.44	0.44	0	0	0.39
193500	0.4	0.44	0.44	0	0	0.4
193600	0.4	0.44	0.44	0	0	0.4
193700	0.4	0.44	0.44	0	0	0.4
193800	0.4	0.44	0.44	0	0	0.4
193900	0.4	0.44	0.44	0	0	0.4
194000	0.4	0.44	0.44	0	0	0.4
194100	0.4	0.44	0.44	0	0	0.4
194200	0.4	0.44	0.44	0	0	0.4
194300	0.4	0.44	0.44	0	0	0.4
194400	0.4	0.44	0.44	0	0	0.4
194500	0.4	0.44	0.44	0	0	0.4
194600	0.4	0.44	0.44	0	0	0.4
194700	0.4	0.44	0.44	0	0	0.4
194800	0.4	0.44	0.44	0	0	0.4
194900	0.4	0.44	0.44	0	0	0.4
195000	0.4	0.44	0.44	0	0	0.4
195100	0.41	0.44	0.44	0	0	0.41
195200	0.41	0.44	0.44	0	0	0.41
195300	0.41	0.44	0.44	0	0	0.41
195400	0.41	0.44	0.44	0	0	0.41
195500	0.41	0.44	0.44	0	0	0.41
195600	0.41	0.44	0.44	0	0	0.41
195700	0.41	0.44	0.44	0	0	0.41
195800	0.41	0.44	0.44	0	0	0.41
195900	0.41	0.44	0.44	0	0	0.41
196000	0.41	0.44	0.44	0	0	0.41
196100	0.41	0.44	0.44	0	0	0.41
196200	0.41	0.45	0.45	0	0	0.41
196300	0.41	0.45	0.45	0	0	0.41
196400	0.41	0.45	0.45	0	0	0.41
196500	0.41	0.45	0.45	0	0	0.41
196600	0.41	0.43	0.43	0	0	0.41
196700	0.41	0.43	0.43	0	0	0.41
196800	0.41	0.44	0.44	0	0	0.41
196900	0.41	0.44	0.44	0	0	0.41
197000	0.41	0.44	0.44	0	0	0.41
197100	0.41	0.44	0.44	0	0	0.41
197200	0.41	0.44	0.44	0	0	0.41
197300	0.41	0.44	0.44	0	0	0.41
197400	0.41	0.44	0.44	0	0	0.41
197500	0.41	0.44	0.44	0	0	0.41
197600	0.41	0.44	0.44	0	0	0.41
197700	0.41	0.44	0.44	0	0	0.41
197800	0.41	0.45	0.45	0	0	0.41
197900	0.41	0.44	0.44	0	0	0.41
198000	0.41	0.44	0.44	0	0	0.41
198100	0.41	0.44	0.44	0	0	0.41
198200	0.41	0.44	0.44	0	0	0.41
198300	0.41	0.44	0.44	0	0	0.41
198400	0.41	0.44	0.44	0	0	0.41
198500	0.41	0.44	0.44	0	0	0.41
198600	0.41	0.45	0.45	0	0	0.41
198700	0.41	0.45	0.45	0	0	0.41
198800	0.41	0.45	0.45	0	0	0.41
198900	0.41	0.44	0.44	0	0	0.41
199000	0.41	0.43	0.43	0	0	0.41
199100	0.41	0.43	0.43	0	0	0.41
199200	0.41	0.43	0.43	0	0	0.41
199300	0.41	0.43	0.43	0	0	0.41
199400	0.41	0.43	0.43	0	0	0.41
199500	0.41	0.43	0.43	0	0	0.41
199600	0.41	0.43	0.43	0	0	0.41
199700	0.41	0.43	0.43	0	0	0.41
199800	0.41	0.43	0.43	0	0	0.41
199900	0.41	0.43	0.43	0	0	0.41
200000	0.41	0.44	0.44	0	0	0.41
200100	0.41	0.44	0.44	0	0	0.41
200200	0.41	0.43	0.43	0	0	0.41
200300	0.41	0.44	0.44	0	0	0.41
200400	0.41	0.44	0.44	0	0	0.41
200500	0.41	0.44	0.44	0	0	0.41
200600	0.42	0.44	0.44	0	0	0.42
200700	0.42	0.44	0.44	0	0	0.42
200800	0.42	0.44	0.44	0	0	0.42
200900	0.42	0.44	0.44	0	0	0.42
201000	0.42	0.43	0.43	0	0	0.42
201100	0.42	0.43	0.43	0	0	0.42
201200	0.42	0.43	0.43	0	0	0.42
201300	0.42	0.43	0.43	0	0	0.42
201400	0.42	0.43	0.43	0	0	0.42
201500	0.42	0.43	0.43	0	0	0.42
201600	0.42	0.43	0.43	0	0	0.42
201700	0.42	0.43	0.43	0	0	0.42
201800	0.42	0.42	0.42	0	0	0.42
201900	0.42	0.42	0.42	0	0	0.42
202000	0.42	0.42	0.42	0	0	0.42
202100	0.42	0.42	0.42	0	0	0.42
202200	0.42	0.42	0.42	0	0	0.42
202300	0.42	0.42	0.42	0	0	0.42
202400	0.42	0.42	0.42	0	0	0.42
202500	0.42	0.42	0.42	0	0	0.42
202600	0.42	0.41	0.41	0	0	0.42
202700	0.42	0.41	0.41	0	0	0.42
202800	0.42	0.41	0.41	0	0	0.42
202900	0.42	0.41	0.41	0	0	0.42
203000	0.42	0.42	0.42	0	0	0.42
203100	0.42	0.42	0.42	0	0	0.42
203200	0.42	0.42	0.42	0	0	0.42
203300	0.42	0.41	0.41	0	0	0.42
203400	0.42	0.41	0.41	0	0	0.42
203500	0.42	0.41	0.41	0	0	0.42
203600	0.42	0.41	0.41	0	0	0.42
203700	0.42	0.4	0.4	0	0	0.42
203800	0.42	0.4	0.4	0	0	0.42
203900	0.42	0.4	0.4	0	0	0.42
204000	0.42	0.38	0.38	0	0	0.42
204100	0.42	0.38	0.38	0	0	0.42
204200	0.42	0.38	0.38	0	0	0.42
204300	0.42	0.38	0.38	0	0	0.42
204400	0.42	0.38	0.38	0	0	0.42
204500	0.42	0.39	0.39	0	0	0.42
204600	0.42	0.4	0.4	0	0	0.42
204700	0.42	0.4	0.4	0	0	0.42
204800	0.42	0.4	0.4	0	0	0.42
204900	0.42	0.4	0.4	0	0	0.42
205000	0.42	0.4	0.4	0	0	0.42
205100	0.42	0.4	0.4	0	0	0.42
205200	0.42	0.4	0.4	0	0	0.42
205300	0.42	0.4	0.4	0	0	0.42
205400	0.42	0.41	0.41	0	0	0.42
205500	0.42	0.41	0.41	0	0	0.42
205600	0.42	0.42	0.42	0	0	0.42
205700	0.42	0.42	0.42	0	0	0.42
205800	0.42	0.42	0.42	0	0	0.42
205900	0.42	0.4	0.4	0	0	0.42
206000	0.42	0.4	0.4	0	0	0.42
206100	0.42	0.4	0.4	0	0	0.42
206200	0.42	0.4	0.4	0	0	0.42
206300	0.42	0.4	0.4	0	0	0.42
206400	0.42	0.4	0.4	0	0	0.42
206500	0.42	0.4	0.4	0	0	0.42
206600	0.41	0.4	0.4	0	0	0.41
206700	0.41	0.4	0.4	0	0	0.41
206800	0.41	0.4	0.4	0	0	0.41
206900	0.41	0.4	0.4	0	0	0.41
207000	0.41	0.4	0.4	0	0	0.41
207100	0.41	0.4	0.4	0	0	0.41
207200	0.41	0.4	0.4	0	0	0.41
207300	0.41	0.4	0.4	0	0	0.41
207400	0.42	0.4	0.4	0	0	0.42
207500	0.42	0.39	0.39	0	0	0.42
207600	0.41	0.39	0.39	0	0	0.41
207700	0.41	0.39	0.39	0	0	0.41
207800	0.41	0.39	0.39	0	0	0.41
207900	0.41	0.39	0.39	0	0	0.41
208000	0.41	0.39	0.39	0	0	0.41
208100	0.41	0.4	0.4	0	0	0.41
208200	0.41	0.4	0.4	0	0	0.41
208300	0.4	0.4	0.4	0	0	0.4
208400	0.4	0.4	0.4	0	0	0.4
208500	0.39	0.4	0.4	0	0	0.39
208600	0.39	0.4	0.4	0	0	0.39
208700	0.39	0.41	0.41	0	0	0.39
208800	0.39	0.41	0.41	0	0	0.39
208900	0.39	0.4	0.4	0	0	0.39
209000	0.39	0.4	0.4	0	0	0.39
209100	0.39	0.4	0.4	0	0	0.39
209200	0.39	0.4	0.4	0	0	0.39
209300	0.39	0.4	0.4	0	0	0.39
209400	0.4	0.4	0.4	0	0	0.4
209500	0.4	0.4	0.4	0	0	0.4
209600	0.4	0.4	0.4	0	0	0.4
209700	0.4	0.4	0.4	0	0	0.4
209800	0.4	0.4	0.4	0	0	0.4
209900	0.4	0.4	0.4	0	0	0.4
210000	0.4	0.4	0.4	0	0	0.4
210100	0.4	0.4	0.4	0	0	0.4
210200	0.4	0.4	0.4	0	0	0.4
210300	0.4	0.4	0.4	0	0	0.4
210400	0.4	0.4	0.4	0	0	0.4
210500	0.4	0.4	0.4	0	0	0.4
210600	0.4	0.41	0.41	0	0	0.4
210700	0.4	0.41	0.41	0	0	0.4
210800	0.4	0.41	0.41	0	0	0.4
210900	0.39	0.41	0.41	0	0	0.39
211000	0.4	0.41	0.41	0	0	0.4
211100	0.4	0.41	0.41	0	0	0.4
211200	0.4	0.41	0.41	0	0	0.4
211300	0.39	0.41	0.41	0	0	0.39
211400	0.39	0.41	0.41	0	0	0.39
211500	0.39	0.41	0.41	0	0	0.39
211600	0.39	0.41	0.41	0	0	0.39
211700	0.39	0.4	0.4	0	0	0.39
211800	0.39	0.4	0.4	0	0	0.39
211900	0.39	0.4	0.4	0	0	0.39
212000	0.39	0.4	0.4	0	0	0.39
212100	0.39	0.4	0.4	0	0	0.39
212200	0.39	0.4	0.4	0	0	0.39
212300	0.39	0.4	0.4	0	0	0.39
212400	0.39	0.4	0.4	0	0	0.39
212500	0.39	0.4	0.4	0	0	0.39
212600	0.39	0.4	0.4	0	0	0.39
212700	0.39	0.4	0.4	0	0	0.39
212800	0.39	0.4	0.4	0	0	0.39
212900	0.39	0.4	0.4	0	0	0.39
213000	0.39	0.4	0.4	0	0	0.39
213100	0.39	0.4	0.4	0	0	0.39
213200	0.39	0.4	0.4	0	0	0.39
213300	0.39	0.4	0.4	0	0	0.39
213400	0.39	0.4	0.4	0	0	0.39
213500	0.39	0.4	0.4	0	0	0.39
213600	0.39	0.4	0.4	0	0	0.39
213700	0.39	0.4	0.4	0	0	0.39
213800	0.39	0.4	0.4	0	0	0.39
213900	0.39	0.4	0.4	0	0	0.39
214000	0.39	0.41	0.41	0	0	0.39
214100	0.39	0.41	0.41	0	0	0.39
214200	0.39	0.41	0.41	0	0	0.39
214300	0.39	0.41	0.41	0	0	0.39
214400	0.4	0.41	0.41	0	0	0.4
214500	0.4	0.41	0.41	0	0	0.4
214600	0.39	0.41	0.41	0	0	0.39
214700	0.39	0.41	0.41	0	0	0.39
214800	0.39	0.41	0.41	0	0	0.39
214900	0.39	0.41	0.41	0	0	0.39
215000	0.39	0.41	0.41	0	0	0.39
215100	0.39	0.41	0.41	0	0	0.39
215200	0.39	0.41	0.41	0	0	0.39
215300	0.39	0.41	0.41	0	0	0.39
215400	0.39	0.42	0.42	0	0	0.39
215500	0.39	0.41	0.41	0	0	0.39
215600	0.39	0.41	0.41	0	0	0.39
215700	0.39	0.41	0.41	0	0	0.39
215800	0.39	0.41	0.41	0	0	0.39
215900	0.39	0.41	0.41	0	0	0.39
216000	0.39	0.41	0.41	0	0	0.39
216100	0.39	0.41	0.41	0	0	0.39
216200	0.39	0.41	0.41	0	0	0.39
216300	0.39	0.42	0.42	0	0	0.39
216400	0.39	0.43	0.43	0	0	0.39
216500	0.39	0.42	0.42	0	0	0.39
216600	0.39	0.42	0.42	0	0	0.39
216700	0.39	0.42	0.42	0	0	0.39
216800	0.39	0.42	0.42	0	0	0.39
216900	0.39	0.42	0.42	0	0	0.39
217000	0.39	0.42	0.42	0	0	0.39
217100	0.39	0.42	0.42	0	0	0.39
217200	0.39	0.42	0.42	0	0	0.39
217300	0.39	0.42	0.42	0	0	0.39
217400	0.39	0.42	0.42	0	0	0.39
217500	0.39	0.42	0.42	0	0	0.39
217600	0.39	0.42	0.42	0	0	0.39
217700	0.4	0.42	0.42	0	0	0.4
217800	0.4	0.42	0.42	0	0	0.4
217900	0.4	0.42	0.42	0	0	0.4
218000	0.4	0.43	0.43	0	0	0.4
218100	0.4	0.43	0.43	0	0	0.4
218200	0.4	0.44	0.44	0	0	0.4
218300	0.4	0.43	0.43	0	0	0.4
218400	0.4	0.43	0.43	0	0	0.4
218500	0.4	0.43	0.43	0	0	0.4
218600	0.4	0.43	0.43	0	0	0.4
218700	0.4	0.43	0.43	0	0	0.4
218800	0.4	0.45	0.45	0	0	0.4
218900	0.4	0.45	0.45	0	0	0.4
219000	0.4	0.45	0.45	0	0	0.4
219100	0.41	0.45	0.45	0	0	0.41
219200	0.42	0.45	0.45	0	0	0.42
219300	0.42	0.45	0.45	0	0	0.42
219400	0.42	0.44	0.44	0	0	0.42
219500	0.4	0.44	0.44	0	0	0.4
219600	0.4	0.44	0.44	0	0	0.4
219700	0.4	0.44	0.44	0	0	0.4
219800	0.4	0.44	0.44	0	0	0.4
219900	0.4	0.44	0.44	0	0	0.4
220000	0.4	0.44	0.44	0	0	0.4
220100	0.4	0.44	0.44	0	0	0.4
220200	0.4	0.43	0.43	0	0	0.4
220300	0.4	0.43	0.43	0	0	0.4
220400	0.4	0.44	0.44	0	0	0.4
220500	0.4	0.44	0.44	0	0	0.4
220600	0.4	0.44	0.44	0	0	0.4
220700	0.4	0.44	0.44	0	0	0.4
220800	0.4	0.44	0.44	0	0	0.4
220900	0.4	0.45	0.45	0	0	0.4
221000	0.4	0.45	0.45	0	0	0.4
221100	0.4	0.45	0.45	0	0	0.4
221200	0.4	0.45	0.45	0	0	0.4
221300	0.4	0.44	0.44	0	0	0.4
221400	0.4	0.44	0.44	0	0	0.4
221500	0.4	0.44	0.44	0	0	0.4
221600	0.4	0.43	0.43	0	0	0.4
221700	0.4	0.43	0.43	0	0	0.4
221800	0.4	0.43	0.43	0	0	0.4
221900	0.4	0.43	0.43	0	0	0.4
222000	0.4	0.43	0.43	0	0	0.4
222100	0.4	0.42	0.42	0	0	0.4
222200	0.4	0.42	0.42	0	0	0.4
222300	0.4	0.42	0.42	0	0	0.4
222400	0.39	0.42	0.42	0	0	0.39
222500	0.39	0.42	0.42	0	0	0.39
222600	0.39	0.42	0.42	0	0	0.39
222700	0.39	0.42	0.42	0	0	0.39
222800	0.39	0.42	0.42	0	0	0.39
222900	0.39	0.42	0.42	0	0	0.39
223000	0.39	0.42	0.42	0	0	0.39
223100	0.4	0.43	0.43	0	0	0.4
223200	0.39	0.43	0.43	0	0	0.39
223300	0.39	0.43	0.43	0	0	0.39
223400	0.39	0.43	0.43	0	0	0.39
223500	0.39	0.43	0.43	0	0	0.39
223600	0.39	0.42	0.42	0	0	0.39
223700	0.39	0.42	0.42	0	0	0.39
223800	0.39	0.42	0.42	0	0	0.39
223900	0.39	0.43	0.43	0	0	0.39
224000	0.39	0.43	0.43	0	0	0.39
224100	0.39	0.43	0.43	0	0	0.39
224200	0.39	0.43	0.43	0	0	0.39
224300	0.39	0.43	0.43	0	0	0.39
224400	0.39	0.43	0.43	0	0	0.39
224500	0.39	0.43	0.43	0	0	0.39
224600	0.39	0.43	0.43	0	0	0.39
224700	0.39	0.43	0.43	0	0	0.39
224800	0.4	0.43	0.43	0	0	0.4
224900	0.4	0.43	0.43	0	0	0.4
225000	0.4	0.43	0.43	0	0	0.4
225100	0.4	0.42	0.42	0	0	0.4
225200	0.4	0.42	0.42	0	0	0.4
225300	0.4	0.42	0.42	0	0	0.4
225400	0.41	0.42	0.42	0	0	0.41
225500	0.41	0.42	0.42	0	0	0.41
225600	0.41	0.42	0.42	0	0	0.41
225700	0.42	0.42	0.42	0	0	0.42
225800	0.42	0.42	0.42	0	0	0.42
225900	0.42	0.42	0.42	0	0	0.42
226000	0.42	0.42	0.42	0	0	0.42
226100	0.42	0.42	0.42	0	0	0.42
226200	0.42	0.42	0.42	0	0	0.42
226300	0.42	0.42	0.42	0	0	0.42
226400	0.42	0.43	0.43	0	0	0.42
226500	0.42	0.43	0.43	0	0	0.42
226600	0.42	0.43	0.43	0	0	0.42
226700	0.42	0.43	0.43	0	0	0.42
226800	0.42	0.43	0.43	0	0	0.42
226900	0.42	0.43	0.43	0	0	0.42
227000	0.41	0.43	0.43	0	0	0.41
227100	0.41	0.43	0.43	0	0	0.41
227200	0.41	0.43	0.43	0	0	0.41
227300	0.41	0.43	0.43	0	0	0.41
227400	0.41	0.43	0.43	0	0	0.41
227500	0.41	0.43	0.43	0	0	0.41
227600	0.41	0.43	0.43	0	0	0.41
227700	0.41	0.43	0.43	0	0	0.41
227800	0.41	0.42	0.42	0	0	0.41
227900	0.41	0.41	0.41	0	0	0.41
228000	0.41	0.41	0.41	0	0	0.41
228100	0.41	0.41	0.41	0	0	0.41
228200	0.41	0.41	0.41	0	0	0.41
228300	0.41	0.41	0.41	0	0	0.41
228400	0.41	0.41	0.41	0	0	0.41
228500	0.41	0.41	0.41	0	0	0.41
228600	0.41	0.41	0.41	0	0	0.41
228700	0.41	0.41	0.41	0	0	0.41
228800	0.41	0.41	0.41	0	0	0.41
228900	0.41	0.41	0.41	0	0	0.41
229000	0.41	0.42	0.42	0	0	0.41
229100	0.41	0.41	0.41	0	0	0.41
229200	0.41	0.41	0.41	0	0	0.41
229300	0.41	0.41	0.41	0	0	0.41
229400	0.41	0.42	0.42	0	0	0.41
229500	0.41	0.42	0.42	0	0	0.41
229600	0.41	0.42	0.42	0	0	0.41
229700	0.41	0.42	0.42	0	0	0.41
229800	0.41	0.42	0.42	0	0	0.41
229900	0.41	0.42	0.42	0	0	0.41
230000	0.41	0.41	0.41	0	0	0.41
230100	0.41	0.41	0.41	0	0	0.41
230200	0.41	0.41	0.41	0	0	0.41
230300	0.41	0.41	0.41	0	0	0.41
230400	0.41	0.41	0.41	0	0	0.41
230500	0.41	0.41	0.41	0	0	0.41
230600	0.41	0.41	0.41	0	0	0.41
230700	0.41	0.41	0.41	0	0	0.41
230800	0.41	0.41	0.41	0	0	0.41
230900	0.41	0.41	0.41	0	0	0.41
231000	0.41	0.41	0.41	0	0	0.41
231100	0.41	0.41	0.41	0	0	0.41
231200	0.41	0.41	0.41	0	0	0.41
231300	0.41	0.41	0.41	0	0	0.41
231400	0.41	0.41	0.41	0	0	0.41
231500	0.41	0.41	0.41	0	0	0.41
231600	0.41	0.42	0.42	0	0	0.41
231700	0.41	0.42	0.42	0	0	0.41
231800	0.41	0.43	0.43	0	0	0.41
231900	0.41	0.42	0.42	0	0	0.41
232000	0.41	0.43	0.43	0	0	0.41
232100	0.41	0.43	0.43	0	0	0.41
232200	0.41	0.42	0.42	0	0	0.41
232300	0.41	0.42	0.42	0	0	0.41
232400	0.41	0.42	0.42	0	0	0.41
232500	0.41	0.42	0.42	0	0	0.41
232600	0.41	0.42	0.42	0	0	0.41
232700	0.41	0.42	0.42	0	0	0.41
232800	0.41	0.42	0.42	0	0	0.41
232900	0.41	0.42	0.42	0	0	0.41
233000	0.41	0.42	0.42	0	0	0.41
233100	0.41	0.42	0.42	0	0	0.41
233200	0.41	0.42	0.42	0	0	0.41
233300	0.41	0.42	0.42	0	0	0.41
233400	0.41	0.42	0.42	0	0	0.41
233500	0.41	0.42	0.42	0	0	0.41
233600	0.41	0.42	0.42	0	0	0.41
233700	0.41	0.42	0.42	0	0	0.41
233800	0.41	0.43	0.43	0	0	0.41
233900	0.41	0.43	0.43	0	0	0.41
234000	0.41	0.42	0.42	0	0	0.41
234100	0.41	0.42	0.42	0	0	0.41
234200	0.41	0.42	0.42	0	0	0.41
234300	0.41	0.42	0.42	0	0	0.41
234400	0.41	0.42	0.42	0	0	0.41
234500	0.41	0.42	0.42	0	0	0.41
234600	0.41	0.42	0.42	0	0	0.41
234700	0.41	0.42	0.42	0	0	0.41
234800	0.41	0.42	0.42	0	0	0.41
234900	0.41	0.43	0.43	0	0	0.41
235000	0.41	0.43	0.43	0	0	0.41
235100	0.41	0.43	0.43	0	0	0.41
235200	0.41	0.43	0.43	0	0	0.41
235300	0.41	0.42	0.42	0	0	0.41
235400	0.41	0.42	0.42	0	0	0.41
235500	0.41	0.42	0.42	0	0	0.41
235600	0.42	0.43	0.43	0	0	0.42
235700	0.41	0.42	0.42	0	0	0.41
235800	0.41	0.42	0.42	0	0	0.41
235900	0.41	0.42	0.42	0	0	0.41
236000	0.41	0.42	0.42	0	0	0.41
236100	0.41	0.42	0.42	0	0	0.41
236200	0.41	0.42	0.42	0	0	0.41
236300	0.41	0.42	0.42	0	0	0.41
236400	0.41	0.42	0.42	0	0	0.41
236500	0.41	0.42	0.42	0	0	0.41
236600	0.41	0.42	0.42	0	0	0.41
236700	0.41	0.42	0.42	0	0	0.41
236800	0.41	0.42	0.42	0	0	0.41
236900	0.41	0.42	0.42	0	0	0.41
237000	0.41	0.42	0.42	0	0	0.41
237100	0.41	0.42	0.42	0	0	0.41
237200	0.41	0.42	0.42	0	0	0.41
237300	0.41	0.42	0.42	0	0	0.41
237400	0.41	0.43	0.43	0	0	0.41
237500	0.41	0.43	0.43	0	0	0.41
237600	0.41	0.43	0.43	0	0	0.41
237700	0.41	0.43	0.43	0	0	0.41
237800	0.41	0.42	0.42	0	0	0.41
237900	0.41	0.42	0.42	0	0	0.41
238000	0.41	0.42	0.42	0	0	0.41
238100	0.41	0.42	0.42	0	0	0.41
238200	0.41	0.42	0.42	0	0	0.41
238300	0.41	0.42	0.42	0	0	0.41
238400	0.41	0.42	0.42	0	0	0.41
238500	0.41	0.42	0.42	0	0	0.41
238600	0.41	0.42	0.42	0	0	0.41
238700	0.41	0.42	0.42	0	0	0.41
238800	0.41	0.42	0.42	0	0	0.41
238900	0.41	0.41	0.41	0	0	0.41
239000	0.41	0.42	0.42	0	0	0.41
239100	0.41	0.41	0.41	0	0	0.41
239200	0.41	0.41	0.41	0	0	0.41
239300	0.41	0.41	0.41	0	0	0.41
239400	0.41	0.41	0.41	0	0	0.41
239500	0.41	0.41	0.41	0	0	0.41
239600	0.41	0.41	0.41	0	0	0.41
239700	0.41	0.41	0.41	0	0	0.41
239800	0.41	0.41	0.41	0	0	0.41
239900	0.41	0.41	0.41	0	0	0.41
240000	0.41	0.41	0.41	0	0	0.41
240100	0.41	0.41	0.41	0	0	0.41
240200	0.41	0.41	0.41	0	0	0.41
240300	0.41	0.41	0.41	0	0	0.41
240400	0.41	0.41	0.41	0	0	0.41
240500	0.41	0.41	0.41	0	0	0.41
240600	0.41	0.41	0.41	0	0	0.41
240700	0.41	0.41	0.41	0	0	0.41
240800	0.41	0.42	0.42	0	0	0.41
240900	0.41	0.43	0.43	0	0	0.41
241000	0.41	0.43	0.43	0	0	0.41
241100	0.41	0.43	0.43	0	0	0.41
241200	0.41	0.43	0.43	0	0	0.41
241300	0.41	0.43	0.43	0	0	0.41
241400	0.41	0.43	0.43	0	0	0.41
241500	0.41	0.43	0.43	0	0	0.41
241600	0.41	0.44	0.44	0	0	0.41
241700	0.41	0.44	0.44	0	0	0.41
241800	0.41	0.43	0.43	0	0	0.41
241900	0.41	0.43	0.43	0	0	0.41
242000	0.41	0.43	0.43	0	0	0.41
242100	0.41	0.43	0.43	0	0	0.41
242200	0.41	0.43	0.43	0	0	0.41
242300	0.41	0.43	0.43	0	0	0.41
242400	0.41	0.43	0.43	0	0	0.41
242500	0.41	0.43	0.43	0	0	0.41
242600	0.41	0.43	0.43	0	0	0.41
242700	0.41	0.43	0.43	0	0	0.41
242800	0.41	0.43	0.43	0	0	0.41
242900	0.41	0.43	0.43	0	0	0.41
243000	0.41	0.44	0.44	0	0	0.41
243100	0.41	0.43	0.43	0	0	0.41
243200	0.41	0.43	0.43	0	0	0.41
243300	0.41	0.43	0.43	0	0	0.41
243400	0.41	0.43	0.43	0	0	0.41
243500	0.41	0.43	0.43	0	0	0.41
243600	0.41	0.43	0.43	0	0	0.41
243700	0.41	0.44	0.44	0	0	0.41
243800	0.41	0.44	0.44	0	0	0.41
243900	0.41	0.44	0.44	0	0	0.41
244000	0.41	0.44	0.44	0	0	0.41
244100	0.41	0.44	0.44	0	0	0.41
244200	0.41	0.44	0.44	0	0	0.41
244300	0.41	0.44	0.44	0	0	0.41
244400	0.41	0.44	0.44	0	0	0.41
244500	0.41	0.44	0.44	0	0	0.41
244600	0.41	0.44	0.44	0	0	0.41
244700	0.41	0.44	0.44	0	0	0.41
244800	0.41	0.44	0.44	0	0	0.41
244900	0.41	0.44	0.44	0	0	0.41
245000	0.41	0.44	0.44	0	0	0.41
245100	0.41	0.44	0.44	0	0	0.41
245200	0.41	0.43	0.43	0	0	0.41
245300	0.41	0.43	0.43	0	0	0.41
245400	0.41	0.43	0.43	0	0	0.41
245500	0.41	0.44	0.44	0	0	0.41
245600	0.41	0.44	0.44	0	0	0.41
245700	0.41	0.44	0.44	0	0	0.41
245800	0.41	0.44	0.44	0	0	0.41
245900	0.41	0.44	0.44	0	0	0.41
246000	0.41	0.44	0.44	0	0	0.41
246100	0.41	0.45	0.45	0	0	0.41
246200	0.41	0.45	0.45	0	0	0.41
246300	0.41	0.45	0.45	0	0	0.41
246400	0.42	0.45	0.45	0	0	0.42
246500	0.42	0.45	0.45	0	0	0.42
246600	0.42	0.44	0.44	0	0	0.42
246700	0.42	0.44	0.44	0	0	0.42
246800	0.41	0.44	0.44	0	0	0.41
246900	0.41	0.44	0.44	0	0	0.41
247000	0.41	0.44	0.44	0	0	0.41
247100	0.41	0.44	0.44	0	0	0.41
247200	0.41	0.44	0.44	0	0	0.41
247300	0.41	0.44	0.44	0	0	0.41
247400	0.41	0.44	0.44	0	0	0.41
247500	0.41	0.44	0.44	0	0	0.41
247600	0.41	0.44	0.44	0	0	0.41
247700	0.41	0.44	0.44	0	0	0.41
247800	0.41	0.44	0.44	0	0	0.41
247900	0.41	0.44	0.44	0	0	0.41
248000	0.41	0.44	0.44	0	0	0.41
248100	0.41	0.44	0.44	0	0	0.41
248200	0.41	0.44	0.44	0	0	0.41
248300	0.41	0.44	0.44	0	0	0.41
248400	0.41	0.44	0.44	0	0	0.41
248500	0.41	0.44	0.44	0	0	0.41
248600	0.41	0.44	0.44	0	0	0.41
248700	0.41	0.44	0.44	0	0	0.41
248800	0.41	0.44	0.44	0	0	0.41
248900	0.41	0.44	0.44	0	0	0.41
249000	0.41	0.44	0.44	0	0	0.41
249100	0.41	0.44	0.44	0	0	0.41
249200	0.41	0.44	0.44	0	0	0.41
249300	0.41	0.44	0.44	0	0	0.41
249400	0.41	0.44	0.44	0	0	0.41
249500	0.41	0.44	0.44	0	0	0.41
249600	0.41	0.44	0.44	0	0	0.41
249700	0.41	0.44	0.44	0	0	0.41
249800	0.41	0.44	0.44	0	0	0.41
249900	0.41	0.44	0.44	0	0	0.41
250000	0.41	0.44	0.44	0	0	0.41
250100	0.41	0.44	0.44	0	0	0.41
250200	0.41	0.44	0.44	0	0	0.41
250300	0.41	0.44	0.44	0	0	0.41
250400	0.41	0.44	0.44	0	0	0.41
250500	0.41	0.44	0.44	0	0	0.41
250600	0.41	0.43	0.43	0	0	0.41
250700	0.41	0.42	0.42	0	0	0.41
250800	0.41	0.42	0.42	0	0	0.41
250900	0.41	0.42	0.42	0	0	0.41
251000	0.41	0.42	0.42	0	0	0.41
251100	0.41	0.42	0.42	0	0	0.41
251200	0.41	0.42	0.42	0	0	0.41
251300	0.41	0.42	0.42	0	0	0.41
251400	0.41	0.42	0.42	0	0	0.41
251500	0.41	0.42	0.42	0	0	0.41
251600	0.42	0.42	0.42	0	0	0.42
251700	0.42	0.42	0.42	0	0	0.42
251800	0.42	0.43	0.43	0	0	0.42
251900	0.42	0.43	0.43	0	0	0.42
252000	0.42	0.42	0.42	0	0	0.42
252100	0.42	0.42	0.42	0	0	0.42
252200	0.43	0.42	0.42	0	0	0.43
252300	0.42	0.42	0.42	0	0	0.42
252400	0.42	0.42	0.42	0	0	0.42
252500	0.42	0.42	0.42	0	0	0.42
252600	0.42	0.42	0.42	0	0	0.42
252700	0.41	0.42	0.42	0	0	0.41
252800	0.41	0.42	0.42	0	0	0.41
252900	0.41	0.42	0.42	0	0	0.41
253000	0.41	0.42	0.42	0	0	0.41
253100	0.41	0.42	0.42	0	0	0.41
253200	0.41	0.42	0.42	0	0	0.41
253300	0.41	0.42	0.42	0	0	0.41
253400	0.41	0.42	0.42	0	0	0.41
253500	0.42	0.42	0.42	0	0	0.42
253600	0.42	0.42	0.42	0	0	0.42
253700	0.43	0.42	0.42	0	0	0.43
253800	0.42	0.42	0.42	0	0	0.42
253900	0.42	0.42	0.42	0	0	0.42
254000	0.42	0.42	0.42	0	0	0.42
254100	0.42	0.42	0.42	0	0	0.42
254200	0.42	0.42	0.42	0	0	0.42
254300	0.42	0.42	0.42	0	0	0.42
254400	0.42	0.42	0.42	0	0	0.42
254500	0.42	0.41	0.41	0	0	0.42
254600	0.42	0.41	0.41	0	0	0.42
254700	0.42	0.41	0.41	0	0	0.42
254800	0.42	0.41	0.41	0	0	0.42
254900	0.42	0.41	0.41	0	0	0.42
255000	0.42	0.41	0.41	0	0	0.42
255100	0.42	0.41	0.41	0	0	0.42
255200	0.43	0.41	0.41	0	0	0.43
255300	0.43	0.41	0.41	0	0	0.43
255400	0.43	0.4	0.4	0	0	0.43
255500	0.43	0.4	0.4	0	0	0.43
255600	0.43	0.4	0.4	0	0	0.43
255700	0.43	0.4	0.4	0	0	0.43
255800	0.43	0.4	0.4	0	0	0.43
255900	0.43	0.4	0.4	0	0	0.43
256000	0.42	0.4	0.4	0	0	0.42
256100	0.42	0.39	0.39	0	0	0.42
256200	0.42	0.4	0.4	0	0	0.42
256300	0.42	0.4	0.4	0	0	0.42
256400	0.42	0.4	0.4	0	0	0.42
256500	0.42	0.4	0.4	0	0	0.42
256600	0.42	0.41	0.41	0	0	0.42
256700	0.42	0.41	0.41	0	0	0.42
256800	0.42	0.41	0.41	0	0	0.42
256900	0.42	0.41	0.41	0	0	0.42
257000	0.42	0.42	0.42	0	0	0.42
257100	0.42	0.42	0.42	0	0	0.42
257200	0.42	0.42	0.42	0	0	0.42
257300	0.42	0.42	0.42	0	0	0.42
257400	0.41	0.42	0.42	0	0	0.41
257500	0.41	0.42	0.42	0	0	0.41
257600	0.41	0.42	0.42	0	0	0.41
257700	0.41	0.42	0.42	0	0	0.41
257800	0.41	0.42	0.42	0	0	0.41
257900	0.41	0.42	0.42	0	0	0.41
258000	0.41	0.42	0.42	0	0	0.41
258100	0.41	0.42	0.42	0	0	0.41
258200	0.41	0.42	0.42	0	0	0.41
258300	0.41	0.41	0.41	0	0	0.41
258400	0.41	0.41	0.41	0	0	0.41
258500	0.41	0.41	0.41	0	0	0.41
258600	0.41	0.41	0.41	0	0	0.41
258700	0.41	0.42	0.42	0	0	0.41
258800	0.41	0.42	0.42	0	0	0.41
258900	0.41	0.42	0.42	0	0	0.41
259000	0.41	0.42	0.42	0	0	0.41
259100	0.41	0.42	0.42	0	0	0.41
259200	0.41	0.42	0.42	0	0	0.41
259300	0.4	0.42	0.42	0	0	0.4
259400	0.41	0.42	0.42	0	0	0.41
259500	0.4	0.43	0.43	0	0	0.4
259600	0.4	0.42	0.42	0	0	0.4
259700	0.4	0.42	0.42	0	0	0.4
259800	0.4	0.42	0.42	0	0	0.4
259900	0.4	0.42	0.42	0	0	0.4
260000	0.4	0.42	0.42	0	0	0.4
260100	0.4	0.42	0.42	0	0	0.4
260200	0.4	0.42	0.42	0	0	0.4
260300	0.4	0.42	0.42	0	0	0.4
260400	0.4	0.42	0.42	0	0	0.4
260500	0.4	0.42	0.42	0	0	0.4
260600	0.4	0.42	0.42	0	0	0.4
260700	0.4	0.42	0.42	0	0	0.4
260800	0.4	0.42	0.42	0	0	0.4
260900	0.4	0.42	0.42	0	0	0.4
261000	0.4	0.42	0.42	0	0	0.4
261100	0.4	0.42	0.42	0	0	0.4
261200	0.4	0.42	0.42	0	0	0.4
261300	0.4	0.42	0.42	0	0	0.4
261400	0.4	0.42	0.42	0	0	0.4
261500	0.4	0.42	0.42	0	0	0.4
261600	0.4	0.42	0.42	0	0	0.4
261700	0.4	0.42	0.42	0	0	0.4
261800	0.4	0.42	0.42	0	0	0.4
261900	0.4	0.42	0.42	0	0	0.4
262000	0.4	0.42	0.42	0	0	0.4
262100	0.4	0.42	0.42	0	0	0.4
262200	0.4	0.43	0.43	0	0	0.4
262300	0.4	0.43	0.43	0	0	0.4
262400	0.4	0.43	0.43	0	0	0.4
262500	0.4	0.42	0.42	0	0	0.4
262600	0.4	0.41	0.41	0	0	0.4
262700	0.4	0.41	0.41	0	0	0.4
262800	0.4	0.41	0.41	0	0	0.4
262900	0.4	0.41	0.41	0	0	0.4
263000	0.41	0.41	0.41	0	0	0.41
263100	0.41	0.41	0.41	0	0	0.41
263200	0.41	0.41	0.41	0	0	0.41
263300	0.41	0.41	0.41	0	0	0.41
263400	0.41	0.42	0.42	0	0	0.41
263500	0.41	0.42	0.42	0	0	0.41
263600	0.41	0.42	0.42	0	0	0.41
263700	0.41	0.42	0.42	0	0	0.41
263800	0.41	0.42	0.42	0	0	0.41
263900	0.41	0.43	0.43	0	0	0.41
264000	0.41	0.43	0.43	0	0	0.41
264100	0.41	0.43	0.43	0	0	0.41
264200	0.41	0.43	0.43	0	0	0.41
264300	0.4	0.43	0.43	0	0	0.4
264400	0.4	0.43	0.43	0	0	0.4
264500	0.4	0.43	0.43	0	0	0.4
264600	0.4	0.43	0.43	0	0	0.4
264700	0.39	0.43	0.43	0	0	0.39
264800	0.39	0.43	0.43	0	0	0.39
264900	0.39	0.43	0.43	0	0	0.39
265000	0.39	0.43	0.43	0	0	0.39
265100	0.39	0.43	0.43	0	0	0.39
265200	0.4	0.43	0.43	0	0	0.4
265300	0.4	0.43	0.43	0	0	0.4
265400	0.4	0.43	0.43	0	0	0.4
265500	0.4	0.43	0.43	0	0	0.4
265600	0.4	0.43	0.43	0	0	0.4
265700	0.4	0.43	0.43	0	0	0.4
265800	0.4	0.43	0.43	0	0	0.4
265900	0.4	0.43	0.43	0	0	0.4
266000	0.4	0.43	0.43	0	0	0.4
266100	0.4	0.43	0.43	0	0	0.4
266200	0.4	0.43	0.43	0	0	0.4
266300	0.4	0.43	0.43	0	0	0.4
266400	0.4	0.43	0.43	0	0	0.4
266500	0.4	0.43	0.43	0	0	0.4
266600	0.4	0.43	0.43	0	0	0.4
266700	0.4	0.43	0.43	0	0	0.4
266800	0.4	0.43	0.43	0	0	0.4
266900	0.4	0.43	0.43	0	0	0.4
267000	0.4	0.43	0.43	0	0	0.4
267100	0.4	0.43	0.43	0	0	0.4
267200	0.4	0.43	0.43	0	0	0.4
267300	0.4	0.43	0.43	0	0	0.4
267400	0.4	0.43	0.43	0	0	0.4
267500	0.4	0.43	0.43	0	0	0.4
267600	0.4	0.43	0.43	0	0	0.4
267700	0.4	0.43	0.43	0	0	0.4
267800	0.4	0.43	0.43	0	0	0.4
267900	0.4	0.43	0.43	0	0	0.4
268000	0.4	0.43	0.43	0	0	0.4
268100	0.4	0.43	0.43	0	0	0.4
268200	0.4	0.43	0.43	0	0	0.4
268300	0.4	0.43	0.43	0	0	0.4
268400	0.4	0.43	0.43	0	0	0.4
268500	0.4	0.44	0.44	0	0	0.4
268600	0.4	0.44	0.44	0	0	0.4
268700	0.4	0.44	0.44	0	0	0.4
268800	0.4	0.44	0.44	0	0	0.4
268900	0.4	0.44	0.44	0	0	0.4
269000	0.4	0.44	0.44	0	0	0.4
269100	0.4	0.44	0.44	0	0	0.4
269200	0.4	0.44	0.44	0	0	0.4
269300	0.4	0.45	0.45	0	0	0.4
269400	0.4	0.44	0.44	0	0	0.4
269500	0.4	0.44	0.44	0	0	0.4
269600	0.4	0.44	0.44	0	0	0.4
269700	0.4	0.44	0.44	0	0	0.4
269800	0.4	0.44	0.44	0	0	0.4
269900	0.4	0.44	0.44	0	0	0.4
270000	0.4	0.44	0.44	0	0	0.4
270100	0.4	0.44	0.44	0	0	0.4
270200	0.4	0.44	0.44	0	0	0.4
270300	0.4	0.44	0.44	0	0	0.4
270400	0.4	0.44	0.44	0	0	0.4
270500	0.4	0.44	0.44	0	0	0.4
270600	0.4	0.44	0.44	0	0	0.4
270700	0.4	0.44	0.44	0	0	0.4
270800	0.4	0.45	0.45	0	0	0.4
270900	0.4	0.44	0.44	0	0	0.4
271000	0.4	0.44	0.44	0	0	0.4
271100	0.4	0.44	0.44	0	0	0.4
271200	0.4	0.44	0.44	0	0	0.4
271300	0.4	0.44	0.44	0	0	0.4
271400	0.4	0.43	0.43	0	0	0.4
271500	0.4	0.43	0.43	0	0	0.4
271600	0.4	0.43	0.43	0	0	0.4
271700	0.4	0.43	0.43	0	0	0.4
271800	0.4	0.43	0.43	0	0	0.4
271900	0.4	0.43	0.43	0	0	0.4
272000	0.4	0.43	0.43	0	0	0.4
272100	0.4	0.43	0.43	0	0	0.4
272200	0.4	0.42	0.42	0	0	0.4
272300	0.4	0.42	0.42	0	0	0.4
272400	0.4	0.42	0.42	0	0	0.4
272500	0.4	0.42	0.42	0	0	0.4
272600	0.4	0.42	0.42	0	0	0.4
272700	0.4	0.42	0.42	0	0	0.4
272800	0.4	0.42	0.42	0	0	0.4
272900	0.4	0.42	0.42	0	0	0.4
273000	0.4	0.42	0.42	0	0	0.4
273100	0.4	0.42	0.42	0	0	0.4
273200	0.4	0.42	0.42	0	0	0.4
273300	0.4	0.42	0.42	0	0	0.4
273400	0.4	0.42	0.42	0	0	0.4
273500	0.4	0.42	0.42	0	0	0.4
273600	0.4	0.43	0.43	0	0	0.4
273700	0.4	0.42	0.42	0	0	0.4
273800	0.4	0.42	0.42	0	0	0.4
273900	0.4	0.42	0.42	0	0	0.4
274000	0.4	0.42	0.42	0	0	0.4
274100	0.4	0.42	0.42	0	0	0.4
274200	0.4	0.42	0.42	0	0	0.4
274300	0.4	0.42	0.42	0	0	0.4
274400	0.4	0.42	0.42	0	0	0.4
274500	0.4	0.42	0.42	0	0	0.4
274600	0.4	0.42	0.42	0	0	0.4
274700	0.4	0.42	0.42	0	0	0.4
274800	0.4	0.42	0.42	0	0	0.4
274900	0.4	0.42	0.42	0	0	0.4
275000	0.4	0.42	0.42	0	0	0.4
275100	0.4	0.42	0.42	0	0	0.4
275200	0.4	0.42	0.42	0	0	0.4
275300	0.4	0.42	0.42	0	0	0.4
275400	0.41	0.42	0.42	0	0	0.41
275500	0.41	0.42	0.42	0	0	0.41
275600	0.41	0.42	0.42	0	0	0.41
275700	0.41	0.42	0.42	0	0	0.41
275800	0.41	0.42	0.42	0	0	0.41
275900	0.41	0.42	0.42	0	0	0.41
276000	0.41	0.42	0.42	0	0	0.41
276100	0.41	0.42	0.42	0	0	0.41
276200	0.41	0.42	0.42	0	0	0.41
276300	0.41	0.42	0.42	0	0	0.41
276400	0.41	0.42	0.42	0	0	0.41
276500	0.41	0.42	0.42	0	0	0.41
276600	0.41	0.42	0.42	0	0	0.41
276700	0.41	0.42	0.42	0	0	0.41
276800	0.41	0.43	0.43	0	0	0.41
276900	0.41	0.43	0.43	0	0	0.41
277000	0.41	0.43	0.43	0	0	0.41
277100	0.41	0.43	0.43	0	0	0.41
277200	0.41	0.43	0.43	0	0	0.41
277300	0.41	0.43	0.43	0	0	0.41
277400	0.41	0.43	0.43	0	0	0.41
277500	0.41	0.43	0.43	0	0	0.41
277600	0.41	0.43	0.43	0	0	0.41
277700	0.41	0.44	0.44	0	0	0.41
277800	0.41	0.44	0.44	0	0	0.41
277900	0.41	0.44	0.44	0	0	0.41
278000	0.42	0.44	0.44	0	0	0.42
278100	0.41	0.44	0.44	0	0	0.41
278200	0.41	0.44	0.44	0	0	0.41
278300	0.41	0.44	0.44	0	0	0.41
278400	0.41	0.44	0.44	0	0	0.41
278500	0.41	0.44	0.44	0	0	0.41
278600	0.41	0.44	0.44	0	0	0.41
278700	0.41	0.44	0.44	0	0	0.41
278800	0.41	0.44	0.44	0	0	0.41
278900	0.41	0.44	0.44	0	0	0.41
279000	0.41	0.44	0.44	0	0	0.41
279100	0.41	0.44	0.44	0	0	0.41
279200	0.41	0.44	0.44	0	0	0.41
279300	0.41	0.44	0.44	0	0	0.41
279400	0.41	0.44	0.44	0	0	0.41
279500	0.41	0.44	0.44	0	0	0.41
279600	0.42	0.44	0.44	0	0	0.42
279700	0.42	0.44	0.44	0	0	0.42
279800	0.42	0.44	0.44	0	0	0.42
279900	0.42	0.44	0.44	0	0	0.42
280000	0.42	0.44	0.44	0	0	0.42
280100	0.42	0.44	0.44	0	0	0.42
280200	0.42	0.44	0.44	0	0	0.42
280300	0.42	0.44	0.44	0	0	0.42
280400	0.42	0.44	0.44	0	0	0.42
280500	0.42	0.44	0.44	0	0	0.42
280600	0.42	0.44	0.44	0	0	0.42
280700	0.42	0.44	0.44	0	0	0.42
280800	0.42	0.44	0.44	0	0	0.42
280900	0.42	0.44	0.44	0	0	0.42
281000	0.42	0.44	0.44	0	0	0.42
281100	0.42	0.44	0.44	0	0	0.42
281200	0.42	0.44	0.44	0	0	0.42
281300	0.42	0.44	0.44	0	0	0.42
281400	0.42	0.44	0.44	0	0	0.42
281500	0.42	0.44	0.44	0	0	0.42
281600	0.42	0.44	0.44	0	0	0.42
281700	0.42	0.44	0.44	0	0	0.42
281800	0.42	0.44	0.44	0	0	0.42
281900	0.42	0.44	0.44	0	0	0.42
282000	0.42	0.44	0.44	0	0	0.42
282100	0.42	0.44	0.44	0	0	0.42
282200	0.42	0.44	0.44	0	0	0.42
282300	0.42	0.44	0.44	0	0	0.42
282400	0.42	0.44	0.44	0	0	0.42
282500	0.42	0.44	0.44	0	0	0.42
282600	0.42	0.44	0.44	0	0	0.42
282700	0.42	0.44	0.44	0	0	0.42
282800	0.42	0.44	0.44	0	0	0.42
282900	0.42	0.44	0.44	0	0	0.42
283000	0.42	0.44	0.44	0	0	0.42
283100	0.42	0.44	0.44	0	0	0.42
283200	0.42	0.44	0.44	0	0	0.42
283300	0.42	0.44	0.44	0	0	0.42
283400	0.42	0.44	0.44	0	0	0.42
283500	0.42	0.44	0.44	0	0	0.42
283600	0.42	0.44	0.44	0	0	0.42
283700	0.42	0.44	0.44	0	0	0.42
283800	0.42	0.44	0.44	0	0	0.42
283900	0.42	0.44	0.44	0	0	0.42
284000	0.42	0.44	0.44	0	0	0.42
284100	0.42	0.44	0.44	0	0	0.42
284200	0.42	0.44	0.44	0	0	0.42
284300	0.42	0.44	0.44	0	0	0.42
284400	0.42	0.44	0.44	0	0	0.42
284500	0.42	0.44	0.44	0	0	0.42
284600	0.42	0.44	0.44	0	0	0.42
284700	0.42	0.44	0.44	0	0	0.42
284800	0.42	0.44	0.44	0	0	0.42
284900	0.42	0.44	0.44	0	0	0.42
285000	0.42	0.44	0.44	0	0	0.42
285100	0.42	0.44	0.44	0	0	0.42
285200	0.42	0.44	0.44	0	0	0.42
285300	0.42	0.44	0.44	0	0	0.42
285400	0.42	0.44	0.44	0	0	0.42
285500	0.42	0.44	0.44	0	0	0.42
285600	0.42	0.44	0.44	0	0	0.42
285700	0.42	0.44	0.44	0	0	0.42
285800	0.42	0.44	0.44	0	0	0.42
285900	0.42	0.44	0.44	0	0	0.42
286000	0.42	0.44	0.44	0	0	0.42
286100	0.42	0.44	0.44	0	0	0.42
286200	0.42	0.44	0.44	0	0	0.42
286300	0.41	0.44	0.44	0	0	0.41
286400	0.41	0.44	0.44	0	0	0.41
286500	0.41	0.44	0.44	0	0	0.41
286600	0.41	0.44	0.44	0	0	0.41
286700	0.41	0.44	0.44	0	0	0.41
286800	0.41	0.44	0.44	0	0	0.41
286900	0.41	0.44	0.44	0	0	0.41
287000	0.41	0.44	0.44	0	0	0.41
287100	0.41	0.44	0.44	0	0	0.41
287200	0.41	0.44	0.44	0	0	0.41
287300	0.41	0.44	0.44	0	0	0.41
287400	0.41	0.44	0.44	0	0	0.41
287500	0.41	0.44	0.44	0	0	0.41
287600	0.41	0.44	0.44	0	0	0.41
287700	0.42	0.44	0.44	0	0	0.42
287800	0.42	0.44	0.44	0	0	0.42
287900	0.43	0.44	0.44	0	0	0.43
288000	0.43	0.44	0.44	0	0	0.43
288100	0.43	0.44	0.44	0	0	0.43
288200	0.42	0.44	0.44	0	0	0.42
288300	0.42	0.44	0.44	0	0	0.42
288400	0.41	0.44	0.44	0	0	0.41
288500	0.41	0.45	0.45	0	0	0.41
288600	0.41	0.46	0.46	0	0	0.41
288700	0.41	0.46	0.46	0	0	0.41
288800	0.41	0.45	0.45	0	0	0.41
288900	0.41	0.45	0.45	0	0	0.41
289000	0.41	0.45	0.45	0	0	0.41
289100	0.41	0.45	0.45	0	0	0.41
289200	0.41	0.45	0.45	0	0	0.41
289300	0.41	0.45	0.45	0	0	0.41
289400	0.41	0.45	0.45	0	0	0.41
289500	0.42	0.45	0.45	0	0	0.42
289600	0.41	0.45	0.45	0	0	0.41
289700	0.41	0.45	0.45	0	0	0.41
289800	0.41	0.45	0.45	0	0	0.41
289900	0.41	0.45	0.45	0	0	0.41
290000	0.41	0.45	0.45	0	0	0.41
290100	0.41	0.45	0.45	0	0	0.41
290200	0.41	0.45	0.45	0	0	0.41
290300	0.41	0.45	0.45	0	0	0.41
290400	0.41	0.45	0.45	0	0	0.41
290500	0.41	0.45	0.45	0	0	0.41
290600	0.41	0.45	0.45	0	0	0.41
290700	0.41	0.45	0.45	0	0	0.41
290800	0.41	0.45	0.45	0	0	0.41
290900	0.41	0.45	0.45	0	0	0.41
291000	0.41	0.45	0.45	0	0	0.41
291100	0.41	0.45	0.45	0	0	0.41
291200	0.41	0.45	0.45	0	0	0.41
291300	0.41	0.45	0.45	0	0	0.41
291400	0.41	0.45	0.45	0	0	0.41
291500	0.41	0.45	0.45	0	0	0.41
291600	0.41	0.45	0.45	0	0	0.41
291700	0.41	0.45	0.45	0	0	0.41
291800	0.41	0.45	0.45	0	0	0.41
291900	0.41	0.45	0.45	0	0	0.41
292000	0.41	0.45	0.45	0	0	0.41
292100	0.41	0.45	0.45	0	0	0.41
292200	0.42	0.45	0.45	0	0	0.42
292300	0.42	0.45	0.45	0	0	0.42
292400	0.42	0.45	0.45	0	0	0.42
292500	0.42	0.45	0.45	0	0	0.42
292600	0.42	0.45	0.45	0	0	0.42
292700	0.42	0.45	0.45	0	0	0.42
292800	0.42	0.45	0.45	0	0	0.42
292900	0.42	0.45	0.45	0	0	0.42
293000	0.42	0.45	0.45	0	0	0.42
293100	0.42	0.45	0.45	0	0	0.42
293200	0.42	0.45	0.45	0	0	0.42
293300	0.42	0.45	0.45	0	0	0.42
293400	0.42	0.45	0.45	0	0	0.42
293500	0.41	0.45	0.45	0	0	0.41
293600	0.41	0.45	0.45	0	0	0.41
293700	0.41	0.45	0.45	0	0	0.41
293800	0.41	0.45	0.45	0	0	0.41
293900	0.41	0.45	0.45	0	0	0.41
294000	0.41	0.45	0.45	0	0	0.41
294100	0.41	0.45	0.45	0	0	0.41
294200	0.41	0.45	0.45	0	0	0.41
294300	0.4	0.45	0.45	0	0	0.4
294400	0.4	0.44	0.44	0	0	0.4
294500	0.4	0.44	0.44	0	0	0.4
294600	0.4	0.44	0.44	0	0	0.4
294700	0.4	0.44	0.44	0	0	0.4
294800	0.4	0.44	0.44	0	0	0.4
294900	0.4	0.44	0.44	0	0	0.4
295000	0.4	0.44	0.44	0	0	0.4
295100	0.4	0.44	0.44	0	0	0.4
295200	0.4	0.43	0.43	0	0	0.4
295300	0.4	0.43	0.43	0	0	0.4
295400	0.4	0.43	0.43	0	0	0.4
295500	0.4	0.43	0.43	0	0	0.4
295600	0.4	0.43	0.43	0	0	0.4
295700	0.4	0.43	0.43	0	0	0.4
295800	0.4	0.44	0.44	0	0	0.4
295900	0.4	0.45	0.45	0	0	0.4
296000	0.4	0.45	0.45	0	0	0.4
296100	0.4	0.45	0.45	0	0	0.4
296200	0.4	0.45	0.45	0	0	0.4
296300	0.4	0.45	0.45	0	0	0.4
296400	0.4	0.44	0.44	0	0	0.4
296500	0.4	0.44	0.44	0	0	0.4
296600	0.4	0.44	0.44	0	0	0.4
296700	0.4	0.44	0.44	0	0	0.4
296800	0.4	0.44	0.44	0	0	0.4
296900	0.4	0.44	0.44	0	0	0.4
297000	0.4	0.44	0.44	0	0	0.4
297100	0.4	0.44	0.44	0	0	0.4
297200	0.4	0.44	0.44	0	0	0.4
297300	0.4	0.44	0.44	0	0	0.4
297400	0.4	0.44	0.44	0	0	0.4
297500	0.4	0.44	0.44	0	0	0.4
297600	0.4	0.44	0.44	0	0	0.4
297700	0.4	0.44	0.44	0	0	0.4
297800	0.4	0.44	0.44	0	0	0.4
297900	0.4	0.44	0.44	0	0	0.4
298000	0.4	0.44	0.44	0	0	0.4
298100	0.4	0.44	0.44	0	0	0.4
298200	0.4	0.44	0.44	0	0	0.4
298300	0.4	0.44	0.44	0	0	0.4
298400	0.4	0.45	0.45	0	0	0.4
298500	0.4	0.45	0.45	0	0	0.4
298600	0.4	0.45	0.45	0	0	0.4
298700	0.4	0.45	0.45	0	0	0.4
298800	0.4	0.46	0.46	0	0	0.4
298900	0.4	0.46	0.46	0	0	0.4
299000	0.4	0.46	0.46	0	0	0.4
299100	0.4	0.45	0.45	0	0	0.4
299200	0.4	0.45	0.45	0	0	0.4
299300	0.4	0.45	0.45	0	0	0.4
299400	0.4	0.45	0.45	0	0	0.4
299500	0.4	0.45	0.45	0	0	0.4
299600	0.4	0.45	0.45	0	0	0.4
299700	0.4	0.45	0.45	0	0	0.4
299800	0.4	0.45	0.45	0	0	0.4
299900	0.4	0.45	0.45	0	0	0.4
300000	0.4	0.45	0.45	0	0	0.4
