100	0.11	0.05	0.05	0	0	0.11
200	0.13	0.06	0.06	0	0	0.13
300	0.14	0.05	0.05	0	0	0.14
400	0.16	0.06	0.06	0	0	0.16
500	0.17	0.08	0.08	0	0	0.17
600	0.19	0.09	0.09	0	0	0.19
700	0.17	0.09	0.09	0	0	0.17
800	0.17	0.1	0.1	0	0	0.17
900	0.16	0.1	0.1	0	0	0.16
1000	0.14	0.12	0.12	0	0	0.14
1100	0.15	0.11	0.11	0	0	0.15
1200	0.14	0.07	0.07	0	0	0.14
1300	0.14	0.07	0.07	0	0	0.14
1400	0.15	0.07	0.07	0	0	0.15
1500	0.18	0.08	0.08	0	0	0.18
1600	0.18	0.09	0.09	0	0	0.18
1700	0.16	0.1	0.1	0	0	0.16
1800	0.16	0.11	0.11	0	0	0.16
1900	0.15	0.15	0.15	0	0	0.15
2000	0.15	0.15	0.15	0	0	0.15
2100	0.15	0.14	0.14	0	0	0.15
2200	0.15	0.14	0.14	0	0	0.15
2300	0.16	0.15	0.15	0	0	0.16
2400	0.16	0.15	0.15	0	0	0.16
2500	0.17	0.18	0.18	0	0	0.17
2600	0.18	0.19	0.19	0	0	0.18
2700	0.17	0.19	0.19	0	0	0.17
2800	0.17	0.18	0.18	0	0	0.17
2900	0.18	0.17	0.17	0	0	0.18
3000	0.19	0.17	0.17	0	0	0.19
3100	0.19	0.16	0.16	0	0	0.19
3200	0.21	0.14	0.14	0	0	0.21
3300	0.2	0.12	0.12	0	0	0.2
3400	0.19	0.13	0.13	0	0	0.19
3500	0.2	0.14	0.14	0	0	0.2
3600	0.21	0.12	0.12	0	0	0.21
3700	0.21	0.12	0.12	0	0	0.21
3800	0.22	0.15	0.15	0	0	0.22
3900	0.24	0.15	0.15	0	0	0.24
4000	0.24	0.13	0.13	0	0	0.24
4100	0.26	0.13	0.13	0	0	0.26
4200	0.24	0.13	0.13	0	0	0.24
4300	0.24	0.13	0.13	0	0	0.24
4400	0.24	0.14	0.14	0	0	0.24
4500	0.24	0.14	0.14	0	0	0.24
4600	0.24	0.17	0.17	0	0	0.24
4700	0.25	0.18	0.18	0	0	0.25
4800	0.25	0.18	0.18	0	0	0.25
4900	0.25	0.2	0.2	0	0	0.25
5000	0.25	0.2	0.2	0	0	0.25
5100	0.25	0.19	0.19	0	0	0.25
5200	0.28	0.18	0.18	0	0	0.28
5300	0.26	0.17	0.17	0	0	0.26
5400	0.26	0.17	0.17	0	0	0.26
5500	0.27	0.18	0.18	0	0	0.27
5600	0.26	0.17	0.17	0	0	0.26
5700	0.26	0.17	0.17	0	0	0.26
5800	0.26	0.17	0.17	0	0	0.26
5900	0.26	0.17	0.17	0	0	0.26
6000	0.26	0.19	0.19	0	0	0.26
6100	0.27	0.18	0.18	0	0	0.27
6200	0.28	0.17	0.17	0	0	0.28
6300	0.26	0.16	0.16	0	0	0.26
6400	0.26	0.16	0.16	0	0	0.26
6500	0.26	0.16	0.16	0	0	0.26
6600	0.27	0.16	0.16	0	0	0.27
6700	0.26	0.17	0.17	0	0	0.26
6800	0.26	0.17	0.17	0	0	0.26
6900	0.27	0.17	0.17	0	0	0.27
7000	0.26	0.19	0.19	0	0	0.26
7100	0.27	0.19	0.19	0	0	0.27
7200	0.27	0.19	0.19	0	0	0.27
7300	0.27	0.2	0.2	0	0	0.27
7400	0.28	0.2	0.2	0	0	0.28
7500	0.29	0.21	0.21	0	0	0.29
7600	0.29	0.22	0.22	0	0	0.29
7700	0.29	0.2	0.2	0	0	0.29
7800	0.29	0.2	0.2	0	0	0.29
7900	0.29	0.18	0.18	0	0	0.29
8000	0.29	0.14	0.14	0	0	0.29
8100	0.29	0.16	0.16	0	0	0.29
8200	0.31	0.16	0.16	0	0	0.31
8300	0.31	0.17	0.17	0	0	0.31
8400	0.31	0.16	0.16	0	0	0.31
8500	0.32	0.18	0.18	0	0	0.32
8600	0.33	0.18	0.18	0	0	0.33
8700	0.34	0.17	0.17	0	0	0.34
8800	0.34	0.17	0.17	0	0	0.34
8900	0.32	0.17	0.17	0	0	0.32
9000	0.33	0.18	0.18	0	0	0.33
9100	0.31	0.18	0.18	0	0	0.31
9200	0.3	0.2	0.2	0	0	0.3
9300	0.32	0.2	0.2	0	0	0.32
9400	0.32	0.18	0.18	0	0	0.32
9500	0.31	0.18	0.18	0	0	0.31
9600	0.31	0.19	0.19	0	0	0.31
9700	0.31	0.19	0.19	0	0	0.31
9800	0.31	0.21	0.21	0	0	0.31
9900	0.32	0.21	0.21	0	0	0.32
10000	0.32	0.2	0.2	0	0	0.32
10100	0.32	0.2	0.2	0	0	0.32
10200	0.34	0.19	0.19	0	0	0.34
10300	0.33	0.19	0.19	0	0	0.33
10400	0.32	0.2	0.2	0	0	0.32
10500	0.33	0.21	0.21	0	0	0.33
10600	0.33	0.2	0.2	0	0	0.33
10700	0.32	0.22	0.22	0	0	0.32
10800	0.31	0.22	0.22	0	0	0.31
10900	0.3	0.22	0.22	0	0	0.3
11000	0.3	0.21	0.21	0	0	0.3
11100	0.29	0.23	0.23	0	0	0.29
11200	0.3	0.23	0.23	0	0	0.3
11300	0.29	0.23	0.23	0	0	0.29
11400	0.29	0.23	0.23	0	0	0.29
11500	0.29	0.23	0.23	0	0	0.29
11600	0.29	0.23	0.23	0	0	0.29
11700	0.28	0.24	0.24	0	0	0.28
11800	0.27	0.25	0.25	0	0	0.27
11900	0.28	0.24	0.24	0	0	0.28
12000	0.28	0.24	0.24	0	0	0.28
12100	0.28	0.24	0.24	0	0	0.28
12200	0.28	0.24	0.24	0	0	0.28
12300	0.27	0.26	0.26	0	0	0.27
12400	0.27	0.26	0.26	0	0	0.27
12500	0.28	0.25	0.25	0	0	0.28
12600	0.29	0.24	0.24	0	0	0.29
12700	0.29	0.24	0.24	0	0	0.29
12800	0.31	0.24	0.24	0	0	0.31
12900	0.3	0.23	0.23	0	0	0.3
13000	0.31	0.23	0.23	0	0	0.31
13100	0.32	0.24	0.24	0	0	0.32
13200	0.32	0.23	0.23	0	0	0.32
13300	0.32	0.22	0.22	0	0	0.32
13400	0.32	0.21	0.21	0	0	0.32
13500	0.31	0.21	0.21	0	0	0.31
13600	0.29	0.22	0.22	0	0	0.29
13700	0.29	0.22	0.22	0	0	0.29
13800	0.29	0.22	0.22	0	0	0.29
13900	0.3	0.22	0.22	0	0	0.3
14000	0.3	0.22	0.22	0	0	0.3
14100	0.31	0.22	0.22	0	0	0.31
14200	0.32	0.22	0.22	0	0	0.32
14300	0.31	0.23	0.23	0	0	0.31
14400	0.31	0.23	0.23	0	0	0.31
14500	0.31	0.23	0.23	0	0	0.31
14600	0.32	0.23	0.23	0	0	0.32
14700	0.32	0.25	0.25	0	0	0.32
14800	0.33	0.25	0.25	0	0	0.33
14900	0.35	0.25	0.25	0	0	0.35
15000	0.35	0.24	0.24	0	0	0.35
15100	0.35	0.24	0.24	0	0	0.35
15200	0.34	0.25	0.25	0	0	0.34
15300	0.34	0.25	0.25	0	0	0.34
15400	0.33	0.26	0.26	0	0	0.33
15500	0.32	0.27	0.27	0	0	0.32
15600	0.33	0.26	0.26	0	0	0.33
15700	0.32	0.28	0.28	0	0	0.32
15800	0.32	0.28	0.28	0	0	0.32
15900	0.33	0.28	0.28	0	0	0.33
16000	0.32	0.28	0.28	0	0	0.32
16100	0.33	0.27	0.27	0	0	0.33
16200	0.33	0.28	0.28	0	0	0.33
16300	0.34	0.29	0.29	0	0	0.34
16400	0.34	0.28	0.28	0	0	0.34
16500	0.34	0.28	0.28	0	0	0.34
16600	0.33	0.25	0.25	0	0	0.33
16700	0.33	0.25	0.25	0	0	0.33
16800	0.32	0.26	0.26	0	0	0.32
16900	0.32	0.26	0.26	0	0	0.32
17000	0.33	0.26	0.26	0	0	0.33
17100	0.34	0.26	0.26	0	0	0.34
17200	0.34	0.26	0.26	0	0	0.34
17300	0.34	0.27	0.27	0	0	0.34
17400	0.35	0.29	0.29	0	0	0.35
17500	0.35	0.29	0.29	0	0	0.35
17600	0.34	0.29	0.29	0	0	0.34
17700	0.34	0.29	0.29	0	0	0.34
17800	0.33	0.29	0.29	0	0	0.33
17900	0.33	0.3	0.3	0	0	0.33
18000	0.33	0.29	0.29	0	0	0.33
18100	0.34	0.3	0.3	0	0	0.34
18200	0.34	0.27	0.27	0	0	0.34
18300	0.34	0.27	0.27	0	0	0.34
18400	0.34	0.25	0.25	0	0	0.34
18500	0.34	0.24	0.24	0	0	0.34
18600	0.34	0.24	0.24	0	0	0.34
18700	0.35	0.24	0.24	0	0	0.35
18800	0.35	0.24	0.24	0	0	0.35
18900	0.36	0.24	0.24	0	0	0.36
19000	0.36	0.24	0.24	0	0	0.36
19100	0.35	0.24	0.24	0	0	0.35
19200	0.35	0.24	0.24	0	0	0.35
19300	0.36	0.26	0.26	0	0	0.36
19400	0.36	0.26	0.26	0	0	0.36
19500	0.35	0.27	0.27	0	0	0.35
19600	0.36	0.26	0.26	0	0	0.36
19700	0.36	0.26	0.26	0	0	0.36
19800	0.36	0.25	0.25	0	0	0.36
19900	0.35	0.26	0.26	0	0	0.35
20000	0.36	0.25	0.25	0	0	0.36
20100	0.37	0.25	0.25	0	0	0.37
20200	0.37	0.25	0.25	0	0	0.37
20300	0.37	0.26	0.26	0	0	0.37
20400	0.37	0.26	0.26	0	0	0.37
20500	0.37	0.27	0.27	0	0	0.37
20600	0.37	0.26	0.26	0	0	0.37
20700	0.37	0.27	0.27	0	0	0.37
20800	0.37	0.27	0.27	0	0	0.37
20900	0.37	0.28	0.28	0	0	0.37
21000	0.37	0.29	0.29	0	0	0.37
21100	0.37	0.28	0.28	0	0	0.37
21200	0.37	0.28	0.28	0	0	0.37
21300	0.36	0.28	0.28	0	0	0.36
21400	0.36	0.28	0.28	0	0	0.36
21500	0.36	0.28	0.28	0	0	0.36
21600	0.37	0.28	0.28	0	0	0.37
21700	0.36	0.28	0.28	0	0	0.36
21800	0.35	0.27	0.27	0	0	0.35
21900	0.36	0.27	0.27	0	0	0.36
22000	0.36	0.26	0.26	0	0	0.36
22100	0.36	0.27	0.27	0	0	0.36
22200	0.36	0.27	0.27	0	0	0.36
22300	0.37	0.31	0.31	0	0	0.37
22400	0.36	0.3	0.3	0	0	0.36
22500	0.35	0.3	0.3	0	0	0.35
22600	0.35	0.3	0.3	0	0	0.35
22700	0.35	0.29	0.29	0	0	0.35
22800	0.35	0.29	0.29	0	0	0.35
22900	0.36	0.3	0.3	0	0	0.36
23000	0.35	0.29	0.29	0	0	0.35
23100	0.35	0.29	0.29	0	0	0.35
23200	0.35	0.3	0.3	0	0	0.35
23300	0.35	0.3	0.3	0	0	0.35
23400	0.35	0.3	0.3	0	0	0.35
23500	0.35	0.3	0.3	0	0	0.35
23600	0.35	0.3	0.3	0	0	0.35
23700	0.35	0.3	0.3	0	0	0.35
23800	0.35	0.3	0.3	0	0	0.35
23900	0.34	0.3	0.3	0	0	0.34
24000	0.34	0.31	0.31	0	0	0.34
24100	0.34	0.3	0.3	0	0	0.34
24200	0.34	0.3	0.3	0	0	0.34
24300	0.34	0.3	0.3	0	0	0.34
24400	0.34	0.3	0.3	0	0	0.34
24500	0.34	0.3	0.3	0	0	0.34
24600	0.34	0.3	0.3	0	0	0.34
24700	0.34	0.3	0.3	0	0	0.34
24800	0.34	0.31	0.31	0	0	0.34
24900	0.34	0.32	0.32	0	0	0.34
25000	0.34	0.34	0.34	0	0	0.34
25100	0.34	0.32	0.32	0	0	0.34
25200	0.34	0.33	0.33	0	0	0.34
25300	0.34	0.32	0.32	0	0	0.34
25400	0.34	0.32	0.32	0	0	0.34
25500	0.34	0.33	0.33	0	0	0.34
25600	0.34	0.32	0.32	0	0	0.34
25700	0.34	0.32	0.32	0	0	0.34
25800	0.34	0.34	0.34	0	0	0.34
25900	0.35	0.31	0.31	0	0	0.35
26000	0.35	0.31	0.31	0	0	0.35
26100	0.35	0.3	0.3	0	0	0.35
26200	0.35	0.25	0.25	0	0	0.35
26300	0.35	0.25	0.25	0	0	0.35
26400	0.35	0.25	0.25	0	0	0.35
26500	0.34	0.23	0.23	0	0	0.34
26600	0.34	0.22	0.22	0	0	0.34
26700	0.34	0.22	0.22	0	0	0.34
26800	0.34	0.22	0.22	0	0	0.34
26900	0.35	0.23	0.23	0	0	0.35
27000	0.34	0.23	0.23	0	0	0.34
27100	0.34	0.26	0.26	0	0	0.34
27200	0.35	0.24	0.24	0	0	0.35
27300	0.35	0.25	0.25	0	0	0.35
27400	0.35	0.25	0.25	0	0	0.35
27500	0.34	0.25	0.25	0	0	0.34
27600	0.34	0.26	0.26	0	0	0.34
27700	0.34	0.25	0.25	0	0	0.34
27800	0.34	0.26	0.26	0	0	0.34
27900	0.34	0.25	0.25	0	0	0.34
28000	0.34	0.25	0.25	0	0	0.34
28100	0.34	0.25	0.25	0	0	0.34
28200	0.34	0.25	0.25	0	0	0.34
28300	0.34	0.27	0.27	0	0	0.34
28400	0.35	0.27	0.27	0	0	0.35
28500	0.35	0.29	0.29	0	0	0.35
28600	0.35	0.29	0.29	0	0	0.35
28700	0.35	0.3	0.3	0	0	0.35
28800	0.34	0.3	0.3	0	0	0.34
28900	0.34	0.3	0.3	0	0	0.34
29000	0.35	0.3	0.3	0	0	0.35
29100	0.35	0.31	0.31	0	0	0.35
29200	0.35	0.3	0.3	0	0	0.35
29300	0.35	0.29	0.29	0	0	0.35
29400	0.35	0.29	0.29	0	0	0.35
29500	0.36	0.29	0.29	0	0	0.36
29600	0.35	0.29	0.29	0	0	0.35
29700	0.36	0.29	0.29	0	0	0.36
29800	0.36	0.29	0.29	0	0	0.36
29900	0.37	0.29	0.29	0	0	0.37
30000	0.37	0.3	0.3	0	0	0.37
30100	0.36	0.29	0.29	0	0	0.36
30200	0.37	0.29	0.29	0	0	0.37
30300	0.37	0.29	0.29	0	0	0.37
30400	0.37	0.29	0.29	0	0	0.37
30500	0.37	0.3	0.3	0	0	0.37
30600	0.38	0.3	0.3	0	0	0.38
30700	0.38	0.3	0.3	0	0	0.38
30800	0.37	0.31	0.31	0	0	0.37
30900	0.37	0.31	0.31	0	0	0.37
31000	0.37	0.32	0.32	0	0	0.37
31100	0.37	0.31	0.31	0	0	0.37
31200	0.37	0.31	0.31	0	0	0.37
31300	0.37	0.31	0.31	0	0	0.37
31400	0.37	0.31	0.31	0	0	0.37
31500	0.38	0.31	0.31	0	0	0.38
31600	0.38	0.31	0.31	0	0	0.38
31700	0.38	0.31	0.31	0	0	0.38
31800	0.39	0.31	0.31	0	0	0.39
31900	0.39	0.31	0.31	0	0	0.39
32000	0.39	0.31	0.31	0	0	0.39
32100	0.39	0.31	0.31	0	0	0.39
32200	0.38	0.3	0.3	0	0	0.38
32300	0.38	0.29	0.29	0	0	0.38
32400	0.37	0.29	0.29	0	0	0.37
32500	0.38	0.3	0.3	0	0	0.38
32600	0.39	0.31	0.31	0	0	0.39
32700	0.38	0.31	0.31	0	0	0.38
32800	0.38	0.31	0.31	0	0	0.38
32900	0.38	0.3	0.3	0	0	0.38
33000	0.38	0.3	0.3	0	0	0.38
33100	0.38	0.3	0.3	0	0	0.38
33200	0.38	0.3	0.3	0	0	0.38
33300	0.38	0.3	0.3	0	0	0.38
33400	0.38	0.32	0.32	0	0	0.38
33500	0.38	0.31	0.31	0	0	0.38
33600	0.38	0.3	0.3	0	0	0.38
33700	0.38	0.31	0.31	0	0	0.38
33800	0.38	0.3	0.3	0	0	0.38
33900	0.38	0.3	0.3	0	0	0.38
34000	0.38	0.3	0.3	0	0	0.38
34100	0.38	0.3	0.3	0	0	0.38
34200	0.37	0.3	0.3	0	0	0.37
34300	0.37	0.31	0.31	0	0	0.37
34400	0.37	0.31	0.31	0	0	0.37
34500	0.37	0.31	0.31	0	0	0.37
34600	0.37	0.31	0.31	0	0	0.37
34700	0.37	0.31	0.31	0	0	0.37
34800	0.39	0.31	0.31	0	0	0.39
34900	0.39	0.31	0.31	0	0	0.39
35000	0.39	0.31	0.31	0	0	0.39
35100	0.39	0.3	0.3	0	0	0.39
35200	0.4	0.3	0.3	0	0	0.4
35300	0.39	0.3	0.3	0	0	0.39
35400	0.37	0.29	0.29	0	0	0.37
35500	0.37	0.28	0.28	0	0	0.37
35600	0.37	0.28	0.28	0	0	0.37
35700	0.37	0.28	0.28	0	0	0.37
35800	0.38	0.28	0.28	0	0	0.38
35900	0.38	0.28	0.28	0	0	0.38
36000	0.37	0.28	0.28	0	0	0.37
36100	0.39	0.28	0.28	0	0	0.39
36200	0.39	0.28	0.28	0	0	0.39
36300	0.38	0.28	0.28	0	0	0.38
36400	0.4	0.28	0.28	0	0	0.4
36500	0.39	0.28	0.28	0	0	0.39
36600	0.38	0.28	0.28	0	0	0.38
36700	0.39	0.28	0.28	0	0	0.39
36800	0.38	0.28	0.28	0	0	0.38
36900	0.38	0.29	0.29	0	0	0.38
37000	0.38	0.29	0.29	0	0	0.38
37100	0.37	0.29	0.29	0	0	0.37
37200	0.37	0.3	0.3	0	0	0.37
37300	0.37	0.3	0.3	0	0	0.37
37400	0.37	0.31	0.31	0	0	0.37
37500	0.37	0.31	0.31	0	0	0.37
37600	0.37	0.32	0.32	0	0	0.37
37700	0.37	0.32	0.32	0	0	0.37
37800	0.38	0.32	0.32	0	0	0.38
37900	0.38	0.31	0.31	0	0	0.38
38000	0.38	0.33	0.33	0	0	0.38
38100	0.37	0.31	0.31	0	0	0.37
38200	0.36	0.32	0.32	0	0	0.36
38300	0.36	0.32	0.32	0	0	0.36
38400	0.36	0.33	0.33	0	0	0.36
38500	0.36	0.33	0.33	0	0	0.36
38600	0.37	0.32	0.32	0	0	0.37
38700	0.36	0.32	0.32	0	0	0.36
38800	0.36	0.32	0.32	0	0	0.36
38900	0.36	0.33	0.33	0	0	0.36
39000	0.36	0.32	0.32	0	0	0.36
39100	0.36	0.32	0.32	0	0	0.36
39200	0.37	0.33	0.33	0	0	0.37
39300	0.37	0.33	0.33	0	0	0.37
39400	0.37	0.33	0.33	0	0	0.37
39500	0.37	0.33	0.33	0	0	0.37
39600	0.37	0.33	0.33	0	0	0.37
39700	0.37	0.33	0.33	0	0	0.37
39800	0.37	0.32	0.32	0	0	0.37
39900	0.38	0.32	0.32	0	0	0.38
40000	0.38	0.33	0.33	0	0	0.38
40100	0.38	0.33	0.33	0	0	0.38
40200	0.39	0.34	0.34	0	0	0.39
40300	0.39	0.32	0.32	0	0	0.39
40400	0.39	0.3	0.3	0	0	0.39
40500	0.39	0.3	0.3	0	0	0.39
40600	0.4	0.29	0.29	0	0	0.4
40700	0.4	0.3	0.3	0	0	0.4
40800	0.41	0.3	0.3	0	0	0.41
40900	0.41	0.29	0.29	0	0	0.41
41000	0.41	0.29	0.29	0	0	0.41
41100	0.41	0.29	0.29	0	0	0.41
41200	0.41	0.3	0.3	0	0	0.41
41300	0.42	0.3	0.3	0	0	0.42
41400	0.41	0.29	0.29	0	0	0.41
41500	0.41	0.29	0.29	0	0	0.41
41600	0.41	0.29	0.29	0	0	0.41
41700	0.42	0.29	0.29	0	0	0.42
41800	0.41	0.29	0.29	0	0	0.41
41900	0.41	0.29	0.29	0	0	0.41
42000	0.41	0.29	0.29	0	0	0.41
42100	0.41	0.29	0.29	0	0	0.41
42200	0.41	0.29	0.29	0	0	0.41
42300	0.41	0.29	0.29	0	0	0.41
42400	0.42	0.29	0.29	0	0	0.42
42500	0.4	0.3	0.3	0	0	0.4
42600	0.41	0.3	0.3	0	0	0.41
42700	0.41	0.3	0.3	0	0	0.41
42800	0.41	0.31	0.31	0	0	0.41
42900	0.41	0.32	0.32	0	0	0.41
43000	0.42	0.32	0.32	0	0	0.42
43100	0.41	0.32	0.32	0	0	0.41
43200	0.41	0.32	0.32	0	0	0.41
43300	0.42	0.32	0.32	0	0	0.42
43400	0.42	0.32	0.32	0	0	0.42
43500	0.42	0.32	0.32	0	0	0.42
43600	0.42	0.32	0.32	0	0	0.42
43700	0.41	0.32	0.32	0	0	0.41
43800	0.42	0.32	0.32	0	0	0.42
43900	0.43	0.32	0.32	0	0	0.43
44000	0.43	0.31	0.31	0	0	0.43
44100	0.44	0.32	0.32	0	0	0.44
44200	0.43	0.31	0.31	0	0	0.43
44300	0.42	0.31	0.31	0	0	0.42
44400	0.42	0.32	0.32	0	0	0.42
44500	0.42	0.32	0.32	0	0	0.42
44600	0.42	0.32	0.32	0	0	0.42
44700	0.42	0.32	0.32	0	0	0.42
44800	0.42	0.32	0.32	0	0	0.42
44900	0.42	0.31	0.31	0	0	0.42
45000	0.42	0.31	0.31	0	0	0.42
45100	0.42	0.32	0.32	0	0	0.42
45200	0.42	0.32	0.32	0	0	0.42
45300	0.43	0.32	0.32	0	0	0.43
45400	0.43	0.34	0.34	0	0	0.43
45500	0.43	0.34	0.34	0	0	0.43
45600	0.43	0.34	0.34	0	0	0.43
45700	0.43	0.34	0.34	0	0	0.43
45800	0.43	0.35	0.35	0	0	0.43
45900	0.43	0.35	0.35	0	0	0.43
46000	0.42	0.35	0.35	0	0	0.42
46100	0.42	0.35	0.35	0	0	0.42
46200	0.42	0.35	0.35	0	0	0.42
46300	0.42	0.34	0.34	0	0	0.42
46400	0.42	0.35	0.35	0	0	0.42
46500	0.42	0.35	0.35	0	0	0.42
46600	0.42	0.35	0.35	0	0	0.42
46700	0.44	0.35	0.35	0	0	0.44
46800	0.43	0.35	0.35	0	0	0.43
46900	0.44	0.35	0.35	0	0	0.44
47000	0.44	0.35	0.35	0	0	0.44
47100	0.44	0.35	0.35	0	0	0.44
47200	0.44	0.35	0.35	0	0	0.44
47300	0.44	0.35	0.35	0	0	0.44
47400	0.44	0.36	0.36	0	0	0.44
47500	0.44	0.36	0.36	0	0	0.44
47600	0.44	0.36	0.36	0	0	0.44
47700	0.43	0.36	0.36	0	0	0.43
47800	0.43	0.37	0.37	0	0	0.43
47900	0.4	0.36	0.36	0	0	0.4
48000	0.4	0.37	0.37	0	0	0.4
48100	0.4	0.37	0.37	0	0	0.4
48200	0.4	0.37	0.37	0	0	0.4
48300	0.4	0.37	0.37	0	0	0.4
48400	0.4	0.37	0.37	0	0	0.4
48500	0.4	0.37	0.37	0	0	0.4
48600	0.39	0.37	0.37	0	0	0.39
48700	0.39	0.37	0.37	0	0	0.39
48800	0.39	0.37	0.37	0	0	0.39
48900	0.38	0.38	0.38	0	0	0.38
49000	0.38	0.37	0.37	0	0	0.38
49100	0.38	0.37	0.37	0	0	0.38
49200	0.37	0.38	0.38	0	0	0.37
49300	0.37	0.38	0.38	0	0	0.37
49400	0.37	0.38	0.38	0	0	0.37
49500	0.37	0.38	0.38	0	0	0.37
49600	0.37	0.38	0.38	0	0	0.37
49700	0.37	0.38	0.38	0	0	0.37
49800	0.37	0.38	0.38	0	0	0.37
49900	0.37	0.38	0.38	0	0	0.37
50000	0.38	0.38	0.38	0	0	0.38
50100	0.38	0.37	0.37	0	0	0.38
50200	0.39	0.38	0.38	0	0	0.39
50300	0.38	0.39	0.39	0	0	0.38
50400	0.38	0.39	0.39	0	0	0.38
50500	0.38	0.39	0.39	0	0	0.38
50600	0.38	0.39	0.39	0	0	0.38
50700	0.38	0.39	0.39	0	0	0.38
50800	0.38	0.39	0.39	0	0	0.38
50900	0.38	0.39	0.39	0	0	0.38
51000	0.38	0.4	0.4	0	0	0.38
51100	0.38	0.4	0.4	0	0	0.38
51200	0.38	0.4	0.4	0	0	0.38
51300	0.38	0.4	0.4	0	0	0.38
51400	0.38	0.4	0.4	0	0	0.38
51500	0.38	0.39	0.39	0	0	0.38
51600	0.38	0.39	0.39	0	0	0.38
51700	0.38	0.39	0.39	0	0	0.38
51800	0.38	0.38	0.38	0	0	0.38
51900	0.39	0.38	0.38	0	0	0.39
52000	0.4	0.38	0.38	0	0	0.4
52100	0.39	0.38	0.38	0	0	0.39
52200	0.39	0.38	0.38	0	0	0.39
52300	0.39	0.38	0.38	0	0	0.39
52400	0.4	0.38	0.38	0	0	0.4
52500	0.4	0.38	0.38	0	0	0.4
52600	0.4	0.38	0.38	0	0	0.4
52700	0.4	0.38	0.38	0	0	0.4
52800	0.4	0.38	0.38	0	0	0.4
52900	0.4	0.38	0.38	0	0	0.4
53000	0.4	0.38	0.38	0	0	0.4
53100	0.4	0.38	0.38	0	0	0.4
53200	0.4	0.39	0.39	0	0	0.4
53300	0.39	0.39	0.39	0	0	0.39
53400	0.39	0.39	0.39	0	0	0.39
53500	0.39	0.39	0.39	0	0	0.39
53600	0.39	0.39	0.39	0	0	0.39
53700	0.39	0.4	0.4	0	0	0.39
53800	0.39	0.39	0.39	0	0	0.39
53900	0.39	0.39	0.39	0	0	0.39
54000	0.4	0.39	0.39	0	0	0.4
54100	0.4	0.39	0.39	0	0	0.4
54200	0.4	0.39	0.39	0	0	0.4
54300	0.4	0.39	0.39	0	0	0.4
54400	0.4	0.39	0.39	0	0	0.4
54500	0.4	0.39	0.39	0	0	0.4
54600	0.4	0.39	0.39	0	0	0.4
54700	0.4	0.39	0.39	0	0	0.4
54800	0.4	0.4	0.4	0	0	0.4
54900	0.4	0.4	0.4	0	0	0.4
55000	0.4	0.4	0.4	0	0	0.4
55100	0.41	0.4	0.4	0	0	0.41
55200	0.4	0.4	0.4	0	0	0.4
55300	0.4	0.4	0.4	0	0	0.4
55400	0.4	0.4	0.4	0	0	0.4
55500	0.4	0.4	0.4	0	0	0.4
55600	0.4	0.4	0.4	0	0	0.4
55700	0.4	0.4	0.4	0	0	0.4
55800	0.4	0.4	0.4	0	0	0.4
55900	0.4	0.4	0.4	0	0	0.4
56000	0.41	0.39	0.39	0	0	0.41
56100	0.4	0.39	0.39	0	0	0.4
56200	0.4	0.39	0.39	0	0	0.4
56300	0.4	0.39	0.39	0	0	0.4
56400	0.4	0.38	0.38	0	0	0.4
56500	0.4	0.38	0.38	0	0	0.4
56600	0.4	0.38	0.38	0	0	0.4
56700	0.4	0.37	0.37	0	0	0.4
56800	0.4	0.36	0.36	0	0	0.4
56900	0.4	0.36	0.36	0	0	0.4
57000	0.4	0.36	0.36	0	0	0.4
57100	0.4	0.35	0.35	0	0	0.4
57200	0.4	0.34	0.34	0	0	0.4
57300	0.4	0.33	0.33	0	0	0.4
57400	0.4	0.33	0.33	0	0	0.4
57500	0.4	0.33	0.33	0	0	0.4
57600	0.39	0.32	0.32	0	0	0.39
57700	0.39	0.33	0.33	0	0	0.39
57800	0.4	0.33	0.33	0	0	0.4
57900	0.39	0.33	0.33	0	0	0.39
58000	0.4	0.31	0.31	0	0	0.4
58100	0.4	0.31	0.31	0	0	0.4
58200	0.4	0.32	0.32	0	0	0.4
58300	0.4	0.31	0.31	0	0	0.4
58400	0.4	0.31	0.31	0	0	0.4
58500	0.4	0.31	0.31	0	0	0.4
58600	0.41	0.32	0.32	0	0	0.41
58700	0.42	0.32	0.32	0	0	0.42
58800	0.42	0.32	0.32	0	0	0.42
58900	0.42	0.32	0.32	0	0	0.42
59000	0.42	0.32	0.32	0	0	0.42
59100	0.42	0.33	0.33	0	0	0.42
59200	0.42	0.34	0.34	0	0	0.42
59300	0.41	0.32	0.32	0	0	0.41
59400	0.4	0.32	0.32	0	0	0.4
59500	0.4	0.32	0.32	0	0	0.4
59600	0.41	0.32	0.32	0	0	0.41
59700	0.41	0.33	0.33	0	0	0.41
59800	0.41	0.33	0.33	0	0	0.41
59900	0.41	0.33	0.33	0	0	0.41
60000	0.41	0.33	0.33	0	0	0.41
60100	0.42	0.33	0.33	0	0	0.42
60200	0.42	0.32	0.32	0	0	0.42
60300	0.42	0.32	0.32	0	0	0.42
60400	0.42	0.32	0.32	0	0	0.42
60500	0.42	0.32	0.32	0	0	0.42
60600	0.42	0.32	0.32	0	0	0.42
60700	0.42	0.32	0.32	0	0	0.42
60800	0.42	0.32	0.32	0	0	0.42
60900	0.42	0.32	0.32	0	0	0.42
61000	0.42	0.32	0.32	0	0	0.42
61100	0.42	0.32	0.32	0	0	0.42
61200	0.42	0.33	0.33	0	0	0.42
61300	0.42	0.32	0.32	0	0	0.42
61400	0.42	0.32	0.32	0	0	0.42
61500	0.42	0.33	0.33	0	0	0.42
61600	0.42	0.33	0.33	0	0	0.42
61700	0.42	0.34	0.34	0	0	0.42
61800	0.42	0.34	0.34	0	0	0.42
61900	0.43	0.34	0.34	0	0	0.43
62000	0.43	0.34	0.34	0	0	0.43
62100	0.43	0.34	0.34	0	0	0.43
62200	0.42	0.34	0.34	0	0	0.42
62300	0.42	0.34	0.34	0	0	0.42
62400	0.42	0.34	0.34	0	0	0.42
62500	0.43	0.34	0.34	0	0	0.43
62600	0.43	0.34	0.34	0	0	0.43
62700	0.43	0.34	0.34	0	0	0.43
62800	0.43	0.34	0.34	0	0	0.43
62900	0.42	0.35	0.35	0	0	0.42
63000	0.42	0.35	0.35	0	0	0.42
63100	0.42	0.35	0.35	0	0	0.42
63200	0.42	0.35	0.35	0	0	0.42
63300	0.42	0.35	0.35	0	0	0.42
63400	0.42	0.36	0.36	0	0	0.42
63500	0.41	0.36	0.36	0	0	0.41
63600	0.41	0.36	0.36	0	0	0.41
63700	0.41	0.36	0.36	0	0	0.41
63800	0.4	0.36	0.36	0	0	0.4
63900	0.4	0.36	0.36	0	0	0.4
64000	0.39	0.36	0.36	0	0	0.39
64100	0.39	0.37	0.37	0	0	0.39
64200	0.39	0.37	0.37	0	0	0.39
64300	0.39	0.37	0.37	0	0	0.39
64400	0.4	0.37	0.37	0	0	0.4
64500	0.4	0.37	0.37	0	0	0.4
64600	0.39	0.37	0.37	0	0	0.39
64700	0.39	0.37	0.37	0	0	0.39
64800	0.39	0.36	0.36	0	0	0.39
64900	0.39	0.38	0.38	0	0	0.39
65000	0.39	0.38	0.38	0	0	0.39
65100	0.39	0.38	0.38	0	0	0.39
65200	0.39	0.37	0.37	0	0	0.39
65300	0.39	0.37	0.37	0	0	0.39
65400	0.39	0.37	0.37	0	0	0.39
65500	0.39	0.37	0.37	0	0	0.39
65600	0.39	0.37	0.37	0	0	0.39
65700	0.39	0.37	0.37	0	0	0.39
65800	0.39	0.37	0.37	0	0	0.39
65900	0.39	0.37	0.37	0	0	0.39
66000	0.39	0.37	0.37	0	0	0.39
66100	0.39	0.37	0.37	0	0	0.39
66200	0.39	0.38	0.38	0	0	0.39
66300	0.39	0.38	0.38	0	0	0.39
66400	0.39	0.38	0.38	0	0	0.39
66500	0.39	0.38	0.38	0	0	0.39
66600	0.39	0.38	0.38	0	0	0.39
66700	0.39	0.37	0.37	0	0	0.39
66800	0.39	0.37	0.37	0	0	0.39
66900	0.39	0.37	0.37	0	0	0.39
67000	0.39	0.37	0.37	0	0	0.39
67100	0.39	0.37	0.37	0	0	0.39
67200	0.41	0.37	0.37	0	0	0.41
67300	0.4	0.37	0.37	0	0	0.4
67400	0.4	0.38	0.38	0	0	0.4
67500	0.4	0.38	0.38	0	0	0.4
67600	0.4	0.38	0.38	0	0	0.4
67700	0.4	0.38	0.38	0	0	0.4
67800	0.4	0.38	0.38	0	0	0.4
67900	0.4	0.38	0.38	0	0	0.4
68000	0.4	0.38	0.38	0	0	0.4
68100	0.4	0.38	0.38	0	0	0.4
68200	0.41	0.38	0.38	0	0	0.41
68300	0.4	0.38	0.38	0	0	0.4
68400	0.4	0.38	0.38	0	0	0.4
68500	0.4	0.38	0.38	0	0	0.4
68600	0.4	0.38	0.38	0	0	0.4
68700	0.39	0.38	0.38	0	0	0.39
68800	0.4	0.38	0.38	0	0	0.4
68900	0.41	0.38	0.38	0	0	0.41
69000	0.41	0.38	0.38	0	0	0.41
69100	0.41	0.38	0.38	0	0	0.41
69200	0.41	0.38	0.38	0	0	0.41
69300	0.42	0.38	0.38	0	0	0.42
69400	0.41	0.38	0.38	0	0	0.41
69500	0.4	0.38	0.38	0	0	0.4
69600	0.4	0.38	0.38	0	0	0.4
69700	0.4	0.39	0.39	0	0	0.4
69800	0.42	0.38	0.38	0	0	0.42
69900	0.42	0.38	0.38	0	0	0.42
70000	0.42	0.38	0.38	0	0	0.42
70100	0.42	0.39	0.39	0	0	0.42
70200	0.41	0.38	0.38	0	0	0.41
70300	0.41	0.37	0.37	0	0	0.41
70400	0.41	0.37	0.37	0	0	0.41
70500	0.41	0.38	0.38	0	0	0.41
70600	0.41	0.39	0.39	0	0	0.41
70700	0.41	0.39	0.39	0	0	0.41
70800	0.41	0.39	0.39	0	0	0.41
70900	0.41	0.39	0.39	0	0	0.41
71000	0.41	0.39	0.39	0	0	0.41
71100	0.41	0.39	0.39	0	0	0.41
71200	0.41	0.39	0.39	0	0	0.41
71300	0.41	0.39	0.39	0	0	0.41
71400	0.41	0.39	0.39	0	0	0.41
71500	0.41	0.39	0.39	0	0	0.41
71600	0.41	0.39	0.39	0	0	0.41
71700	0.41	0.39	0.39	0	0	0.41
71800	0.41	0.39	0.39	0	0	0.41
71900	0.41	0.39	0.39	0	0	0.41
72000	0.41	0.39	0.39	0	0	0.41
72100	0.41	0.39	0.39	0	0	0.41
72200	0.41	0.39	0.39	0	0	0.41
72300	0.41	0.39	0.39	0	0	0.41
72400	0.41	0.39	0.39	0	0	0.41
72500	0.41	0.39	0.39	0	0	0.41
72600	0.42	0.39	0.39	0	0	0.42
72700	0.41	0.38	0.38	0	0	0.41
72800	0.41	0.38	0.38	0	0	0.41
72900	0.41	0.38	0.38	0	0	0.41
73000	0.41	0.39	0.39	0	0	0.41
73100	0.41	0.39	0.39	0	0	0.41
73200	0.41	0.39	0.39	0	0	0.41
73300	0.4	0.38	0.38	0	0	0.4
73400	0.4	0.37	0.37	0	0	0.4
73500	0.4	0.36	0.36	0	0	0.4
73600	0.4	0.36	0.36	0	0	0.4
73700	0.39	0.36	0.36	0	0	0.39
73800	0.39	0.36	0.36	0	0	0.39
73900	0.39	0.36	0.36	0	0	0.39
74000	0.39	0.36	0.36	0	0	0.39
74100	0.39	0.36	0.36	0	0	0.39
74200	0.39	0.37	0.37	0	0	0.39
74300	0.39	0.37	0.37	0	0	0.39
74400	0.39	0.37	0.37	0	0	0.39
74500	0.39	0.37	0.37	0	0	0.39
74600	0.39	0.37	0.37	0	0	0.39
74700	0.39	0.37	0.37	0	0	0.39
74800	0.39	0.37	0.37	0	0	0.39
74900	0.39	0.37	0.37	0	0	0.39
75000	0.39	0.37	0.37	0	0	0.39
75100	0.38	0.37	0.37	0	0	0.38
75200	0.37	0.37	0.37	0	0	0.37
75300	0.37	0.37	0.37	0	0	0.37
75400	0.37	0.37	0.37	0	0	0.37
75500	0.37	0.37	0.37	0	0	0.37
75600	0.37	0.37	0.37	0	0	0.37
75700	0.37	0.37	0.37	0	0	0.37
75800	0.37	0.37	0.37	0	0	0.37
75900	0.37	0.36	0.36	0	0	0.37
76000	0.37	0.36	0.36	0	0	0.37
76100	0.37	0.36	0.36	0	0	0.37
76200	0.37	0.36	0.36	0	0	0.37
76300	0.37	0.36	0.36	0	0	0.37
76400	0.37	0.36	0.36	0	0	0.37
76500	0.37	0.36	0.36	0	0	0.37
76600	0.37	0.36	0.36	0	0	0.37
76700	0.37	0.36	0.36	0	0	0.37
76800	0.37	0.37	0.37	0	0	0.37
76900	0.37	0.37	0.37	0	0	0.37
77000	0.37	0.37	0.37	0	0	0.37
77100	0.37	0.37	0.37	0	0	0.37
77200	0.37	0.37	0.37	0	0	0.37
77300	0.37	0.37	0.37	0	0	0.37
77400	0.37	0.37	0.37	0	0	0.37
77500	0.36	0.37	0.37	0	0	0.36
77600	0.36	0.37	0.37	0	0	0.36
77700	0.36	0.37	0.37	0	0	0.36
77800	0.36	0.37	0.37	0	0	0.36
77900	0.36	0.37	0.37	0	0	0.36
78000	0.36	0.37	0.37	0	0	0.36
78100	0.36	0.38	0.38	0	0	0.36
78200	0.36	0.38	0.38	0	0	0.36
78300	0.36	0.38	0.38	0	0	0.36
78400	0.36	0.37	0.37	0	0	0.36
78500	0.36	0.38	0.38	0	0	0.36
78600	0.36	0.38	0.38	0	0	0.36
78700	0.37	0.38	0.38	0	0	0.37
78800	0.37	0.38	0.38	0	0	0.37
78900	0.37	0.38	0.38	0	0	0.37
79000	0.37	0.38	0.38	0	0	0.37
79100	0.37	0.38	0.38	0	0	0.37
79200	0.37	0.39	0.39	0	0	0.37
79300	0.37	0.39	0.39	0	0	0.37
79400	0.37	0.39	0.39	0	0	0.37
79500	0.37	0.39	0.39	0	0	0.37
79600	0.37	0.39	0.39	0	0	0.37
79700	0.37	0.39	0.39	0	0	0.37
79800	0.37	0.39	0.39	0	0	0.37
79900	0.38	0.39	0.39	0	0	0.38
80000	0.38	0.39	0.39	0	0	0.38
80100	0.38	0.39	0.39	0	0	0.38
80200	0.38	0.39	0.39	0	0	0.38
80300	0.38	0.38	0.38	0	0	0.38
80400	0.38	0.38	0.38	0	0	0.38
80500	0.38	0.38	0.38	0	0	0.38
80600	0.38	0.37	0.37	0	0	0.38
80700	0.38	0.37	0.37	0	0	0.38
80800	0.38	0.36	0.36	0	0	0.38
80900	0.38	0.36	0.36	0	0	0.38
81000	0.38	0.36	0.36	0	0	0.38
81100	0.39	0.36	0.36	0	0	0.39
81200	0.39	0.36	0.36	0	0	0.39
81300	0.38	0.35	0.35	0	0	0.38
81400	0.38	0.35	0.35	0	0	0.38
81500	0.38	0.35	0.35	0	0	0.38
81600	0.38	0.35	0.35	0	0	0.38
81700	0.38	0.35	0.35	0	0	0.38
81800	0.38	0.35	0.35	0	0	0.38
81900	0.38	0.35	0.35	0	0	0.38
82000	0.38	0.35	0.35	0	0	0.38
82100	0.39	0.35	0.35	0	0	0.39
82200	0.4	0.35	0.35	0	0	0.4
82300	0.4	0.35	0.35	0	0	0.4
82400	0.4	0.35	0.35	0	0	0.4
82500	0.4	0.35	0.35	0	0	0.4
82600	0.4	0.35	0.35	0	0	0.4
82700	0.4	0.35	0.35	0	0	0.4
82800	0.4	0.35	0.35	0	0	0.4
82900	0.4	0.35	0.35	0	0	0.4
83000	0.4	0.35	0.35	0	0	0.4
83100	0.4	0.36	0.36	0	0	0.4
83200	0.4	0.35	0.35	0	0	0.4
83300	0.4	0.35	0.35	0	0	0.4
83400	0.4	0.35	0.35	0	0	0.4
83500	0.4	0.35	0.35	0	0	0.4
83600	0.4	0.35	0.35	0	0	0.4
83700	0.4	0.35	0.35	0	0	0.4
83800	0.41	0.36	0.36	0	0	0.41
83900	0.41	0.35	0.35	0	0	0.41
84000	0.41	0.35	0.35	0	0	0.41
84100	0.41	0.35	0.35	0	0	0.41
84200	0.42	0.35	0.35	0	0	0.42
84300	0.42	0.36	0.36	0	0	0.42
84400	0.42	0.36	0.36	0	0	0.42
84500	0.41	0.36	0.36	0	0	0.41
84600	0.41	0.36	0.36	0	0	0.41
84700	0.41	0.36	0.36	0	0	0.41
84800	0.42	0.36	0.36	0	0	0.42
84900	0.41	0.36	0.36	0	0	0.41
85000	0.42	0.36	0.36	0	0	0.42
85100	0.42	0.36	0.36	0	0	0.42
85200	0.41	0.36	0.36	0	0	0.41
85300	0.41	0.36	0.36	0	0	0.41
85400	0.41	0.37	0.37	0	0	0.41
85500	0.41	0.36	0.36	0	0	0.41
85600	0.42	0.36	0.36	0	0	0.42
85700	0.42	0.36	0.36	0	0	0.42
85800	0.42	0.36	0.36	0	0	0.42
85900	0.42	0.36	0.36	0	0	0.42
86000	0.43	0.37	0.37	0	0	0.43
86100	0.43	0.37	0.37	0	0	0.43
86200	0.43	0.37	0.37	0	0	0.43
86300	0.43	0.37	0.37	0	0	0.43
86400	0.43	0.38	0.38	0	0	0.43
86500	0.43	0.38	0.38	0	0	0.43
86600	0.43	0.38	0.38	0	0	0.43
86700	0.43	0.38	0.38	0	0	0.43
86800	0.43	0.38	0.38	0	0	0.43
86900	0.43	0.38	0.38	0	0	0.43
87000	0.43	0.38	0.38	0	0	0.43
87100	0.43	0.38	0.38	0	0	0.43
87200	0.43	0.38	0.38	0	0	0.43
87300	0.43	0.37	0.37	0	0	0.43
87400	0.43	0.36	0.36	0	0	0.43
87500	0.43	0.36	0.36	0	0	0.43
87600	0.43	0.36	0.36	0	0	0.43
87700	0.43	0.36	0.36	0	0	0.43
87800	0.43	0.36	0.36	0	0	0.43
87900	0.43	0.36	0.36	0	0	0.43
88000	0.43	0.36	0.36	0	0	0.43
88100	0.43	0.36	0.36	0	0	0.43
88200	0.43	0.36	0.36	0	0	0.43
88300	0.42	0.36	0.36	0	0	0.42
88400	0.42	0.36	0.36	0	0	0.42
88500	0.42	0.36	0.36	0	0	0.42
88600	0.42	0.36	0.36	0	0	0.42
88700	0.42	0.36	0.36	0	0	0.42
88800	0.43	0.36	0.36	0	0	0.43
88900	0.42	0.36	0.36	0	0	0.42
89000	0.42	0.35	0.35	0	0	0.42
89100	0.42	0.35	0.35	0	0	0.42
89200	0.42	0.35	0.35	0	0	0.42
89300	0.42	0.35	0.35	0	0	0.42
89400	0.42	0.34	0.34	0	0	0.42
89500	0.42	0.34	0.34	0	0	0.42
89600	0.42	0.34	0.34	0	0	0.42
89700	0.42	0.34	0.34	0	0	0.42
89800	0.42	0.36	0.36	0	0	0.42
89900	0.42	0.36	0.36	0	0	0.42
90000	0.42	0.35	0.35	0	0	0.42
90100	0.42	0.34	0.34	0	0	0.42
90200	0.42	0.34	0.34	0	0	0.42
90300	0.42	0.34	0.34	0	0	0.42
90400	0.43	0.34	0.34	0	0	0.43
90500	0.43	0.34	0.34	0	0	0.43
90600	0.43	0.34	0.34	0	0	0.43
90700	0.43	0.34	0.34	0	0	0.43
90800	0.43	0.34	0.34	0	0	0.43
90900	0.43	0.34	0.34	0	0	0.43
91000	0.43	0.34	0.34	0	0	0.43
91100	0.43	0.34	0.34	0	0	0.43
91200	0.43	0.34	0.34	0	0	0.43
91300	0.43	0.34	0.34	0	0	0.43
91400	0.43	0.34	0.34	0	0	0.43
91500	0.43	0.34	0.34	0	0	0.43
91600	0.43	0.34	0.34	0	0	0.43
91700	0.43	0.34	0.34	0	0	0.43
91800	0.43	0.34	0.34	0	0	0.43
91900	0.44	0.34	0.34	0	0	0.44
92000	0.43	0.34	0.34	0	0	0.43
92100	0.43	0.34	0.34	0	0	0.43
92200	0.43	0.34	0.34	0	0	0.43
92300	0.43	0.34	0.34	0	0	0.43
92400	0.43	0.34	0.34	0	0	0.43
92500	0.43	0.34	0.34	0	0	0.43
92600	0.43	0.34	0.34	0	0	0.43
92700	0.43	0.34	0.34	0	0	0.43
92800	0.41	0.34	0.34	0	0	0.41
92900	0.41	0.34	0.34	0	0	0.41
93000	0.41	0.34	0.34	0	0	0.41
93100	0.41	0.34	0.34	0	0	0.41
93200	0.4	0.34	0.34	0	0	0.4
93300	0.41	0.34	0.34	0	0	0.41
93400	0.41	0.34	0.34	0	0	0.41
93500	0.39	0.35	0.35	0	0	0.39
93600	0.38	0.35	0.35	0	0	0.38
93700	0.38	0.35	0.35	0	0	0.38
93800	0.38	0.36	0.36	0	0	0.38
93900	0.38	0.35	0.35	0	0	0.38
94000	0.38	0.35	0.35	0	0	0.38
94100	0.38	0.35	0.35	0	0	0.38
94200	0.38	0.35	0.35	0	0	0.38
94300	0.38	0.35	0.35	0	0	0.38
94400	0.38	0.35	0.35	0	0	0.38
94500	0.38	0.35	0.35	0	0	0.38
94600	0.38	0.35	0.35	0	0	0.38
94700	0.39	0.35	0.35	0	0	0.39
94800	0.39	0.35	0.35	0	0	0.39
94900	0.39	0.35	0.35	0	0	0.39
95000	0.39	0.35	0.35	0	0	0.39
95100	0.39	0.35	0.35	0	0	0.39
95200	0.38	0.35	0.35	0	0	0.38
95300	0.4	0.35	0.35	0	0	0.4
95400	0.39	0.34	0.34	0	0	0.39
95500	0.4	0.34	0.34	0	0	0.4
95600	0.39	0.34	0.34	0	0	0.39
95700	0.39	0.34	0.34	0	0	0.39
95800	0.39	0.34	0.34	0	0	0.39
95900	0.39	0.34	0.34	0	0	0.39
96000	0.39	0.34	0.34	0	0	0.39
96100	0.39	0.33	0.33	0	0	0.39
96200	0.4	0.33	0.33	0	0	0.4
96300	0.4	0.33	0.33	0	0	0.4
96400	0.4	0.33	0.33	0	0	0.4
96500	0.41	0.33	0.33	0	0	0.41
96600	0.41	0.33	0.33	0	0	0.41
96700	0.41	0.34	0.34	0	0	0.41
96800	0.41	0.34	0.34	0	0	0.41
96900	0.4	0.34	0.34	0	0	0.4
97000	0.4	0.34	0.34	0	0	0.4
97100	0.4	0.34	0.34	0	0	0.4
97200	0.4	0.34	0.34	0	0	0.4
97300	0.4	0.34	0.34	0	0	0.4
97400	0.4	0.34	0.34	0	0	0.4
97500	0.41	0.35	0.35	0	0	0.41
97600	0.41	0.35	0.35	0	0	0.41
97700	0.41	0.35	0.35	0	0	0.41
97800	0.41	0.35	0.35	0	0	0.41
97900	0.42	0.35	0.35	0	0	0.42
98000	0.42	0.35	0.35	0	0	0.42
98100	0.42	0.35	0.35	0	0	0.42
98200	0.42	0.35	0.35	0	0	0.42
98300	0.42	0.35	0.35	0	0	0.42
98400	0.42	0.36	0.36	0	0	0.42
98500	0.42	0.36	0.36	0	0	0.42
98600	0.42	0.36	0.36	0	0	0.42
98700	0.43	0.36	0.36	0	0	0.43
98800	0.43	0.36	0.36	0	0	0.43
98900	0.43	0.36	0.36	0	0	0.43
99000	0.42	0.36	0.36	0	0	0.42
99100	0.4	0.36	0.36	0	0	0.4
99200	0.4	0.36	0.36	0	0	0.4
99300	0.4	0.36	0.36	0	0	0.4
99400	0.4	0.36	0.36	0	0	0.4
99500	0.4	0.36	0.36	0	0	0.4
99600	0.4	0.36	0.36	0	0	0.4
99700	0.4	0.36	0.36	0	0	0.4
99800	0.4	0.36	0.36	0	0	0.4
99900	0.4	0.36	0.36	0	0	0.4
100000	0.4	0.36	0.36	0	0	0.4
100100	0.4	0.36	0.36	0	0	0.4
100200	0.4	0.36	0.36	0	0	0.4
100300	0.4	0.36	0.36	0	0	0.4
100400	0.4	0.36	0.36	0	0	0.4
100500	0.4	0.36	0.36	0	0	0.4
100600	0.4	0.36	0.36	0	0	0.4
100700	0.4	0.36	0.36	0	0	0.4
100800	0.4	0.36	0.36	0	0	0.4
100900	0.4	0.36	0.36	0	0	0.4
101000	0.4	0.36	0.36	0	0	0.4
101100	0.4	0.36	0.36	0	0	0.4
101200	0.4	0.36	0.36	0	0	0.4
101300	0.4	0.36	0.36	0	0	0.4
101400	0.4	0.36	0.36	0	0	0.4
101500	0.4	0.36	0.36	0	0	0.4
101600	0.4	0.36	0.36	0	0	0.4
101700	0.4	0.36	0.36	0	0	0.4
101800	0.4	0.36	0.36	0	0	0.4
101900	0.4	0.36	0.36	0	0	0.4
102000	0.4	0.36	0.36	0	0	0.4
102100	0.41	0.37	0.37	0	0	0.41
102200	0.41	0.37	0.37	0	0	0.41
102300	0.41	0.37	0.37	0	0	0.41
102400	0.41	0.37	0.37	0	0	0.41
102500	0.41	0.37	0.37	0	0	0.41
102600	0.41	0.37	0.37	0	0	0.41
102700	0.41	0.37	0.37	0	0	0.41
102800	0.41	0.37	0.37	0	0	0.41
102900	0.41	0.37	0.37	0	0	0.41
103000	0.41	0.37	0.37	0	0	0.41
103100	0.41	0.37	0.37	0	0	0.41
103200	0.41	0.37	0.37	0	0	0.41
103300	0.41	0.37	0.37	0	0	0.41
103400	0.41	0.37	0.37	0	0	0.41
103500	0.41	0.37	0.37	0	0	0.41
103600	0.41	0.37	0.37	0	0	0.41
103700	0.4	0.37	0.37	0	0	0.4
103800	0.4	0.37	0.37	0	0	0.4
103900	0.4	0.37	0.37	0	0	0.4
104000	0.4	0.37	0.37	0	0	0.4
104100	0.4	0.37	0.37	0	0	0.4
104200	0.4	0.37	0.37	0	0	0.4
104300	0.4	0.37	0.37	0	0	0.4
104400	0.4	0.37	0.37	0	0	0.4
104500	0.39	0.37	0.37	0	0	0.39
104600	0.39	0.37	0.37	0	0	0.39
104700	0.39	0.38	0.38	0	0	0.39
104800	0.39	0.38	0.38	0	0	0.39
104900	0.37	0.38	0.38	0	0	0.37
105000	0.37	0.38	0.38	0	0	0.37
105100	0.37	0.38	0.38	0	0	0.37
105200	0.37	0.38	0.38	0	0	0.37
105300	0.37	0.38	0.38	0	0	0.37
105400	0.37	0.39	0.39	0	0	0.37
105500	0.37	0.39	0.39	0	0	0.37
105600	0.37	0.39	0.39	0	0	0.37
105700	0.38	0.39	0.39	0	0	0.38
105800	0.37	0.39	0.39	0	0	0.37
105900	0.37	0.39	0.39	0	0	0.37
106000	0.37	0.39	0.39	0	0	0.37
106100	0.37	0.39	0.39	0	0	0.37
106200	0.37	0.4	0.4	0	0	0.37
106300	0.37	0.4	0.4	0	0	0.37
106400	0.37	0.4	0.4	0	0	0.37
106500	0.37	0.4	0.4	0	0	0.37
106600	0.37	0.4	0.4	0	0	0.37
106700	0.37	0.39	0.39	0	0	0.37
106800	0.37	0.39	0.39	0	0	0.37
106900	0.37	0.38	0.38	0	0	0.37
107000	0.37	0.38	0.38	0	0	0.37
107100	0.37	0.37	0.37	0	0	0.37
107200	0.37	0.37	0.37	0	0	0.37
107300	0.37	0.37	0.37	0	0	0.37
107400	0.37	0.37	0.37	0	0	0.37
107500	0.37	0.37	0.37	0	0	0.37
107600	0.37	0.37	0.37	0	0	0.37
107700	0.37	0.37	0.37	0	0	0.37
107800	0.37	0.37	0.37	0	0	0.37
107900	0.37	0.37	0.37	0	0	0.37
108000	0.38	0.37	0.37	0	0	0.38
108100	0.37	0.37	0.37	0	0	0.37
108200	0.37	0.37	0.37	0	0	0.37
108300	0.37	0.37	0.37	0	0	0.37
108400	0.37	0.37	0.37	0	0	0.37
108500	0.37	0.37	0.37	0	0	0.37
108600	0.37	0.37	0.37	0	0	0.37
108700	0.38	0.37	0.37	0	0	0.38
108800	0.38	0.37	0.37	0	0	0.38
108900	0.39	0.37	0.37	0	0	0.39
109000	0.38	0.37	0.37	0	0	0.38
109100	0.37	0.37	0.37	0	0	0.37
109200	0.37	0.37	0.37	0	0	0.37
109300	0.37	0.37	0.37	0	0	0.37
109400	0.37	0.37	0.37	0	0	0.37
109500	0.37	0.37	0.37	0	0	0.37
109600	0.37	0.37	0.37	0	0	0.37
109700	0.38	0.37	0.37	0	0	0.38
109800	0.38	0.37	0.37	0	0	0.38
109900	0.39	0.37	0.37	0	0	0.39
110000	0.39	0.37	0.37	0	0	0.39
110100	0.4	0.37	0.37	0	0	0.4
110200	0.4	0.37	0.37	0	0	0.4
110300	0.4	0.37	0.37	0	0	0.4
110400	0.4	0.37	0.37	0	0	0.4
110500	0.4	0.37	0.37	0	0	0.4
110600	0.39	0.37	0.37	0	0	0.39
110700	0.39	0.37	0.37	0	0	0.39
110800	0.39	0.37	0.37	0	0	0.39
110900	0.39	0.38	0.38	0	0	0.39
111000	0.39	0.38	0.38	0	0	0.39
111100	0.39	0.38	0.38	0	0	0.39
111200	0.39	0.38	0.38	0	0	0.39
111300	0.39	0.37	0.37	0	0	0.39
111400	0.39	0.38	0.38	0	0	0.39
111500	0.4	0.38	0.38	0	0	0.4
111600	0.4	0.38	0.38	0	0	0.4
111700	0.39	0.37	0.37	0	0	0.39
111800	0.39	0.36	0.36	0	0	0.39
111900	0.39	0.35	0.35	0	0	0.39
112000	0.39	0.35	0.35	0	0	0.39
112100	0.39	0.35	0.35	0	0	0.39
112200	0.39	0.35	0.35	0	0	0.39
112300	0.39	0.35	0.35	0	0	0.39
112400	0.39	0.35	0.35	0	0	0.39
112500	0.4	0.35	0.35	0	0	0.4
112600	0.4	0.35	0.35	0	0	0.4
112700	0.4	0.35	0.35	0	0	0.4
112800	0.41	0.35	0.35	0	0	0.41
112900	0.4	0.35	0.35	0	0	0.4
113000	0.38	0.35	0.35	0	0	0.38
113100	0.38	0.35	0.35	0	0	0.38
113200	0.38	0.35	0.35	0	0	0.38
113300	0.36	0.35	0.35	0	0	0.36
113400	0.36	0.35	0.35	0	0	0.36
113500	0.36	0.35	0.35	0	0	0.36
113600	0.36	0.35	0.35	0	0	0.36
113700	0.36	0.35	0.35	0	0	0.36
113800	0.36	0.35	0.35	0	0	0.36
113900	0.33	0.35	0.35	0	0	0.33
114000	0.32	0.35	0.35	0	0	0.32
114100	0.32	0.35	0.35	0	0	0.32
114200	0.31	0.35	0.35	0	0	0.31
114300	0.31	0.35	0.35	0	0	0.31
114400	0.31	0.35	0.35	0	0	0.31
114500	0.31	0.35	0.35	0	0	0.31
114600	0.31	0.35	0.35	0	0	0.31
114700	0.31	0.35	0.35	0	0	0.31
114800	0.32	0.35	0.35	0	0	0.32
114900	0.32	0.35	0.35	0	0	0.32
115000	0.31	0.35	0.35	0	0	0.31
115100	0.31	0.35	0.35	0	0	0.31
115200	0.32	0.35	0.35	0	0	0.32
115300	0.32	0.35	0.35	0	0	0.32
115400	0.32	0.35	0.35	0	0	0.32
115500	0.32	0.36	0.36	0	0	0.32
115600	0.32	0.35	0.35	0	0	0.32
115700	0.32	0.35	0.35	0	0	0.32
115800	0.32	0.36	0.36	0	0	0.32
115900	0.32	0.35	0.35	0	0	0.32
116000	0.31	0.35	0.35	0	0	0.31
116100	0.31	0.35	0.35	0	0	0.31
116200	0.31	0.35	0.35	0	0	0.31
116300	0.31	0.35	0.35	0	0	0.31
116400	0.3	0.35	0.35	0	0	0.3
116500	0.3	0.35	0.35	0	0	0.3
116600	0.3	0.35	0.35	0	0	0.3
116700	0.31	0.35	0.35	0	0	0.31
116800	0.3	0.35	0.35	0	0	0.3
116900	0.3	0.35	0.35	0	0	0.3
117000	0.3	0.35	0.35	0	0	0.3
117100	0.3	0.35	0.35	0	0	0.3
117200	0.31	0.35	0.35	0	0	0.31
117300	0.31	0.35	0.35	0	0	0.31
117400	0.31	0.35	0.35	0	0	0.31
117500	0.31	0.35	0.35	0	0	0.31
117600	0.31	0.35	0.35	0	0	0.31
117700	0.31	0.35	0.35	0	0	0.31
117800	0.32	0.36	0.36	0	0	0.32
117900	0.32	0.36	0.36	0	0	0.32
118000	0.32	0.35	0.35	0	0	0.32
118100	0.32	0.35	0.35	0	0	0.32
118200	0.32	0.36	0.36	0	0	0.32
118300	0.32	0.36	0.36	0	0	0.32
118400	0.32	0.36	0.36	0	0	0.32
118500	0.32	0.36	0.36	0	0	0.32
118600	0.32	0.37	0.37	0	0	0.32
118700	0.32	0.36	0.36	0	0	0.32
118800	0.32	0.36	0.36	0	0	0.32
118900	0.32	0.36	0.36	0	0	0.32
119000	0.32	0.36	0.36	0	0	0.32
119100	0.32	0.36	0.36	0	0	0.32
119200	0.32	0.36	0.36	0	0	0.32
119300	0.33	0.36	0.36	0	0	0.33
119400	0.33	0.36	0.36	0	0	0.33
119500	0.32	0.36	0.36	0	0	0.32
119600	0.34	0.36	0.36	0	0	0.34
119700	0.33	0.36	0.36	0	0	0.33
119800	0.33	0.36	0.36	0	0	0.33
119900	0.33	0.36	0.36	0	0	0.33
120000	0.33	0.36	0.36	0	0	0.33
120100	0.32	0.37	0.37	0	0	0.32
120200	0.32	0.37	0.37	0	0	0.32
120300	0.32	0.37	0.37	0	0	0.32
120400	0.32	0.37	0.37	0	0	0.32
120500	0.32	0.37	0.37	0	0	0.32
120600	0.32	0.37	0.37	0	0	0.32
120700	0.32	0.37	0.37	0	0	0.32
120800	0.32	0.37	0.37	0	0	0.32
120900	0.32	0.37	0.37	0	0	0.32
121000	0.32	0.37	0.37	0	0	0.32
121100	0.32	0.37	0.37	0	0	0.32
121200	0.32	0.37	0.37	0	0	0.32
121300	0.32	0.36	0.36	0	0	0.32
121400	0.32	0.36	0.36	0	0	0.32
121500	0.33	0.36	0.36	0	0	0.33
121600	0.33	0.36	0.36	0	0	0.33
121700	0.32	0.36	0.36	0	0	0.32
121800	0.32	0.36	0.36	0	0	0.32
121900	0.32	0.36	0.36	0	0	0.32
122000	0.32	0.36	0.36	0	0	0.32
122100	0.32	0.36	0.36	0	0	0.32
122200	0.32	0.37	0.37	0	0	0.32
122300	0.32	0.36	0.36	0	0	0.32
122400	0.32	0.36	0.36	0	0	0.32
122500	0.32	0.37	0.37	0	0	0.32
122600	0.32	0.36	0.36	0	0	0.32
122700	0.34	0.36	0.36	0	0	0.34
122800	0.32	0.36	0.36	0	0	0.32
122900	0.33	0.36	0.36	0	0	0.33
123000	0.33	0.36	0.36	0	0	0.33
123100	0.33	0.36	0.36	0	0	0.33
123200	0.33	0.36	0.36	0	0	0.33
123300	0.33	0.36	0.36	0	0	0.33
123400	0.33	0.36	0.36	0	0	0.33
123500	0.33	0.36	0.36	0	0	0.33
123600	0.33	0.36	0.36	0	0	0.33
123700	0.33	0.36	0.36	0	0	0.33
123800	0.33	0.37	0.37	0	0	0.33
123900	0.33	0.36	0.36	0	0	0.33
124000	0.33	0.36	0.36	0	0	0.33
124100	0.33	0.36	0.36	0	0	0.33
124200	0.33	0.36	0.36	0	0	0.33
124300	0.33	0.35	0.35	0	0	0.33
124400	0.33	0.35	0.35	0	0	0.33
124500	0.33	0.35	0.35	0	0	0.33
124600	0.33	0.35	0.35	0	0	0.33
124700	0.33	0.35	0.35	0	0	0.33
124800	0.33	0.35	0.35	0	0	0.33
124900	0.33	0.36	0.36	0	0	0.33
125000	0.33	0.35	0.35	0	0	0.33
125100	0.33	0.35	0.35	0	0	0.33
125200	0.33	0.35	0.35	0	0	0.33
125300	0.33	0.35	0.35	0	0	0.33
125400	0.33	0.36	0.36	0	0	0.33
125500	0.33	0.36	0.36	0	0	0.33
125600	0.33	0.36	0.36	0	0	0.33
125700	0.33	0.36	0.36	0	0	0.33
125800	0.33	0.36	0.36	0	0	0.33
125900	0.33	0.36	0.36	0	0	0.33
126000	0.33	0.36	0.36	0	0	0.33
126100	0.33	0.36	0.36	0	0	0.33
126200	0.33	0.36	0.36	0	0	0.33
126300	0.33	0.36	0.36	0	0	0.33
126400	0.33	0.37	0.37	0	0	0.33
126500	0.33	0.37	0.37	0	0	0.33
126600	0.33	0.37	0.37	0	0	0.33
126700	0.33	0.37	0.37	0	0	0.33
126800	0.33	0.37	0.37	0	0	0.33
126900	0.34	0.37	0.37	0	0	0.34
127000	0.34	0.37	0.37	0	0	0.34
127100	0.35	0.37	0.37	0	0	0.35
127200	0.36	0.37	0.37	0	0	0.36
127300	0.36	0.37	0.37	0	0	0.36
127400	0.35	0.37	0.37	0	0	0.35
127500	0.36	0.37	0.37	0	0	0.36
127600	0.36	0.37	0.37	0	0	0.36
127700	0.36	0.37	0.37	0	0	0.36
127800	0.36	0.37	0.37	0	0	0.36
127900	0.36	0.38	0.38	0	0	0.36
128000	0.36	0.38	0.38	0	0	0.36
128100	0.36	0.38	0.38	0	0	0.36
128200	0.36	0.38	0.38	0	0	0.36
128300	0.36	0.38	0.38	0	0	0.36
128400	0.36	0.38	0.38	0	0	0.36
128500	0.36	0.38	0.38	0	0	0.36
128600	0.36	0.38	0.38	0	0	0.36
128700	0.36	0.38	0.38	0	0	0.36
128800	0.36	0.38	0.38	0	0	0.36
128900	0.36	0.39	0.39	0	0	0.36
129000	0.36	0.39	0.39	0	0	0.36
129100	0.36	0.39	0.39	0	0	0.36
129200	0.36	0.36	0.36	0	0	0.36
129300	0.36	0.36	0.36	0	0	0.36
129400	0.36	0.36	0.36	0	0	0.36
129500	0.36	0.36	0.36	0	0	0.36
129600	0.36	0.36	0.36	0	0	0.36
129700	0.36	0.36	0.36	0	0	0.36
129800	0.37	0.36	0.36	0	0	0.37
129900	0.37	0.36	0.36	0	0	0.37
130000	0.37	0.36	0.36	0	0	0.37
130100	0.37	0.36	0.36	0	0	0.37
130200	0.37	0.37	0.37	0	0	0.37
130300	0.37	0.36	0.36	0	0	0.37
130400	0.37	0.36	0.36	0	0	0.37
130500	0.37	0.36	0.36	0	0	0.37
130600	0.37	0.36	0.36	0	0	0.37
130700	0.37	0.36	0.36	0	0	0.37
130800	0.37	0.36	0.36	0	0	0.37
130900	0.37	0.36	0.36	0	0	0.37
131000	0.37	0.36	0.36	0	0	0.37
131100	0.37	0.36	0.36	0	0	0.37
131200	0.38	0.36	0.36	0	0	0.38
131300	0.38	0.36	0.36	0	0	0.38
131400	0.38	0.36	0.36	0	0	0.38
131500	0.38	0.36	0.36	0	0	0.38
131600	0.38	0.36	0.36	0	0	0.38
131700	0.38	0.36	0.36	0	0	0.38
131800	0.37	0.36	0.36	0	0	0.37
131900	0.36	0.36	0.36	0	0	0.36
132000	0.36	0.36	0.36	0	0	0.36
132100	0.36	0.36	0.36	0	0	0.36
132200	0.36	0.36	0.36	0	0	0.36
132300	0.36	0.36	0.36	0	0	0.36
132400	0.36	0.36	0.36	0	0	0.36
132500	0.36	0.36	0.36	0	0	0.36
132600	0.35	0.36	0.36	0	0	0.35
132700	0.36	0.36	0.36	0	0	0.36
132800	0.36	0.36	0.36	0	0	0.36
132900	0.36	0.36	0.36	0	0	0.36
133000	0.36	0.35	0.35	0	0	0.36
133100	0.36	0.35	0.35	0	0	0.36
133200	0.36	0.35	0.35	0	0	0.36
133300	0.35	0.35	0.35	0	0	0.35
133400	0.35	0.36	0.36	0	0	0.35
133500	0.36	0.36	0.36	0	0	0.36
133600	0.36	0.35	0.35	0	0	0.36
133700	0.36	0.35	0.35	0	0	0.36
133800	0.36	0.35	0.35	0	0	0.36
133900	0.36	0.35	0.35	0	0	0.36
134000	0.36	0.35	0.35	0	0	0.36
134100	0.36	0.35	0.35	0	0	0.36
134200	0.36	0.35	0.35	0	0	0.36
134300	0.36	0.35	0.35	0	0	0.36
134400	0.36	0.35	0.35	0	0	0.36
134500	0.36	0.35	0.35	0	0	0.36
134600	0.36	0.35	0.35	0	0	0.36
134700	0.36	0.36	0.36	0	0	0.36
134800	0.36	0.35	0.35	0	0	0.36
134900	0.36	0.36	0.36	0	0	0.36
135000	0.37	0.36	0.36	0	0	0.37
135100	0.37	0.37	0.37	0	0	0.37
135200	0.37	0.37	0.37	0	0	0.37
135300	0.37	0.37	0.37	0	0	0.37
135400	0.37	0.38	0.38	0	0	0.37
135500	0.37	0.38	0.38	0	0	0.37
135600	0.37	0.38	0.38	0	0	0.37
135700	0.37	0.38	0.38	0	0	0.37
135800	0.37	0.39	0.39	0	0	0.37
135900	0.37	0.38	0.38	0	0	0.37
136000	0.38	0.38	0.38	0	0	0.38
136100	0.38	0.39	0.39	0	0	0.38
136200	0.38	0.39	0.39	0	0	0.38
136300	0.38	0.39	0.39	0	0	0.38
136400	0.38	0.39	0.39	0	0	0.38
136500	0.38	0.39	0.39	0	0	0.38
136600	0.38	0.4	0.4	0	0	0.38
136700	0.38	0.4	0.4	0	0	0.38
136800	0.39	0.41	0.41	0	0	0.39
136900	0.38	0.41	0.41	0	0	0.38
137000	0.38	0.41	0.41	0	0	0.38
137100	0.38	0.41	0.41	0	0	0.38
137200	0.38	0.42	0.42	0	0	0.38
137300	0.38	0.4	0.4	0	0	0.38
137400	0.38	0.4	0.4	0	0	0.38
137500	0.38	0.39	0.39	0	0	0.38
137600	0.38	0.39	0.39	0	0	0.38
137700	0.38	0.39	0.39	0	0	0.38
137800	0.38	0.39	0.39	0	0	0.38
137900	0.38	0.39	0.39	0	0	0.38
138000	0.38	0.39	0.39	0	0	0.38
138100	0.38	0.39	0.39	0	0	0.38
138200	0.38	0.39	0.39	0	0	0.38
138300	0.38	0.4	0.4	0	0	0.38
138400	0.38	0.41	0.41	0	0	0.38
138500	0.38	0.39	0.39	0	0	0.38
138600	0.38	0.39	0.39	0	0	0.38
138700	0.38	0.39	0.39	0	0	0.38
138800	0.38	0.39	0.39	0	0	0.38
138900	0.38	0.39	0.39	0	0	0.38
139000	0.38	0.39	0.39	0	0	0.38
139100	0.39	0.39	0.39	0	0	0.39
139200	0.39	0.39	0.39	0	0	0.39
139300	0.39	0.39	0.39	0	0	0.39
139400	0.39	0.39	0.39	0	0	0.39
139500	0.39	0.39	0.39	0	0	0.39
139600	0.39	0.39	0.39	0	0	0.39
139700	0.39	0.39	0.39	0	0	0.39
139800	0.38	0.39	0.39	0	0	0.38
139900	0.38	0.39	0.39	0	0	0.38
140000	0.38	0.39	0.39	0	0	0.38
140100	0.38	0.39	0.39	0	0	0.38
140200	0.38	0.39	0.39	0	0	0.38
140300	0.38	0.39	0.39	0	0	0.38
140400	0.38	0.39	0.39	0	0	0.38
140500	0.39	0.39	0.39	0	0	0.39
140600	0.38	0.39	0.39	0	0	0.38
140700	0.38	0.39	0.39	0	0	0.38
140800	0.38	0.39	0.39	0	0	0.38
140900	0.38	0.39	0.39	0	0	0.38
141000	0.38	0.39	0.39	0	0	0.38
141100	0.38	0.4	0.4	0	0	0.38
141200	0.38	0.4	0.4	0	0	0.38
141300	0.38	0.4	0.4	0	0	0.38
141400	0.38	0.4	0.4	0	0	0.38
141500	0.38	0.41	0.41	0	0	0.38
141600	0.38	0.4	0.4	0	0	0.38
141700	0.38	0.4	0.4	0	0	0.38
141800	0.38	0.41	0.41	0	0	0.38
141900	0.38	0.41	0.41	0	0	0.38
142000	0.38	0.41	0.41	0	0	0.38
142100	0.38	0.41	0.41	0	0	0.38
142200	0.38	0.42	0.42	0	0	0.38
142300	0.38	0.41	0.41	0	0	0.38
142400	0.38	0.41	0.41	0	0	0.38
142500	0.38	0.41	0.41	0	0	0.38
142600	0.38	0.41	0.41	0	0	0.38
142700	0.38	0.41	0.41	0	0	0.38
142800	0.38	0.41	0.41	0	0	0.38
142900	0.38	0.41	0.41	0	0	0.38
143000	0.38	0.41	0.41	0	0	0.38
143100	0.38	0.41	0.41	0	0	0.38
143200	0.38	0.41	0.41	0	0	0.38
143300	0.38	0.41	0.41	0	0	0.38
143400	0.38	0.41	0.41	0	0	0.38
143500	0.38	0.41	0.41	0	0	0.38
143600	0.38	0.41	0.41	0	0	0.38
143700	0.38	0.41	0.41	0	0	0.38
143800	0.38	0.41	0.41	0	0	0.38
143900	0.38	0.41	0.41	0	0	0.38
144000	0.37	0.41	0.41	0	0	0.37
144100	0.38	0.42	0.42	0	0	0.38
144200	0.38	0.42	0.42	0	0	0.38
144300	0.38	0.42	0.42	0	0	0.38
144400	0.38	0.42	0.42	0	0	0.38
144500	0.38	0.43	0.43	0	0	0.38
144600	0.39	0.42	0.42	0	0	0.39
144700	0.39	0.42	0.42	0	0	0.39
144800	0.39	0.42	0.42	0	0	0.39
144900	0.39	0.42	0.42	0	0	0.39
145000	0.39	0.42	0.42	0	0	0.39
145100	0.39	0.42	0.42	0	0	0.39
145200	0.39	0.42	0.42	0	0	0.39
145300	0.39	0.42	0.42	0	0	0.39
145400	0.39	0.42	0.42	0	0	0.39
145500	0.39	0.42	0.42	0	0	0.39
145600	0.39	0.42	0.42	0	0	0.39
145700	0.39	0.42	0.42	0	0	0.39
145800	0.4	0.42	0.42	0	0	0.4
145900	0.4	0.42	0.42	0	0	0.4
146000	0.4	0.42	0.42	0	0	0.4
146100	0.4	0.42	0.42	0	0	0.4
146200	0.4	0.42	0.42	0	0	0.4
146300	0.4	0.42	0.42	0	0	0.4
146400	0.4	0.42	0.42	0	0	0.4
146500	0.39	0.42	0.42	0	0	0.39
146600	0.39	0.42	0.42	0	0	0.39
146700	0.39	0.43	0.43	0	0	0.39
146800	0.39	0.43	0.43	0	0	0.39
146900	0.39	0.43	0.43	0	0	0.39
147000	0.39	0.43	0.43	0	0	0.39
147100	0.39	0.43	0.43	0	0	0.39
147200	0.39	0.43	0.43	0	0	0.39
147300	0.39	0.43	0.43	0	0	0.39
147400	0.39	0.43	0.43	0	0	0.39
147500	0.39	0.43	0.43	0	0	0.39
147600	0.39	0.43	0.43	0	0	0.39
147700	0.39	0.43	0.43	0	0	0.39
147800	0.39	0.43	0.43	0	0	0.39
147900	0.39	0.43	0.43	0	0	0.39
148000	0.39	0.43	0.43	0	0	0.39
148100	0.39	0.43	0.43	0	0	0.39
148200	0.39	0.43	0.43	0	0	0.39
148300	0.39	0.43	0.43	0	0	0.39
148400	0.39	0.43	0.43	0	0	0.39
148500	0.39	0.43	0.43	0	0	0.39
148600	0.39	0.43	0.43	0	0	0.39
148700	0.39	0.43	0.43	0	0	0.39
148800	0.39	0.43	0.43	0	0	0.39
148900	0.39	0.43	0.43	0	0	0.39
149000	0.39	0.43	0.43	0	0	0.39
149100	0.39	0.43	0.43	0	0	0.39
149200	0.39	0.43	0.43	0	0	0.39
149300	0.39	0.43	0.43	0	0	0.39
149400	0.39	0.43	0.43	0	0	0.39
149500	0.4	0.43	0.43	0	0	0.4
149600	0.4	0.43	0.43	0	0	0.4
149700	0.4	0.43	0.43	0	0	0.4
149800	0.41	0.43	0.43	0	0	0.41
149900	0.4	0.43	0.43	0	0	0.4
150000	0.41	0.43	0.43	0	0	0.41
150100	0.41	0.43	0.43	0	0	0.41
150200	0.41	0.43	0.43	0	0	0.41
150300	0.41	0.43	0.43	0	0	0.41
150400	0.41	0.44	0.44	0	0	0.41
150500	0.41	0.44	0.44	0	0	0.41
150600	0.41	0.44	0.44	0	0	0.41
150700	0.41	0.44	0.44	0	0	0.41
150800	0.41	0.44	0.44	0	0	0.41
150900	0.41	0.44	0.44	0	0	0.41
151000	0.41	0.44	0.44	0	0	0.41
151100	0.41	0.44	0.44	0	0	0.41
151200	0.41	0.44	0.44	0	0	0.41
151300	0.41	0.44	0.44	0	0	0.41
151400	0.41	0.44	0.44	0	0	0.41
151500	0.41	0.44	0.44	0	0	0.41
151600	0.41	0.44	0.44	0	0	0.41
151700	0.41	0.44	0.44	0	0	0.41
151800	0.41	0.43	0.43	0	0	0.41
151900	0.41	0.43	0.43	0	0	0.41
152000	0.41	0.43	0.43	0	0	0.41
152100	0.41	0.43	0.43	0	0	0.41
152200	0.41	0.43	0.43	0	0	0.41
152300	0.41	0.43	0.43	0	0	0.41
152400	0.41	0.43	0.43	0	0	0.41
152500	0.41	0.43	0.43	0	0	0.41
152600	0.41	0.43	0.43	0	0	0.41
152700	0.41	0.43	0.43	0	0	0.41
152800	0.41	0.43	0.43	0	0	0.41
152900	0.4	0.43	0.43	0	0	0.4
153000	0.4	0.43	0.43	0	0	0.4
153100	0.4	0.43	0.43	0	0	0.4
153200	0.4	0.42	0.42	0	0	0.4
153300	0.4	0.42	0.42	0	0	0.4
153400	0.41	0.42	0.42	0	0	0.41
153500	0.4	0.42	0.42	0	0	0.4
153600	0.4	0.42	0.42	0	0	0.4
153700	0.4	0.42	0.42	0	0	0.4
153800	0.4	0.42	0.42	0	0	0.4
153900	0.4	0.42	0.42	0	0	0.4
154000	0.4	0.42	0.42	0	0	0.4
154100	0.4	0.42	0.42	0	0	0.4
154200	0.4	0.42	0.42	0	0	0.4
154300	0.4	0.42	0.42	0	0	0.4
154400	0.4	0.42	0.42	0	0	0.4
154500	0.4	0.42	0.42	0	0	0.4
154600	0.4	0.42	0.42	0	0	0.4
154700	0.4	0.42	0.42	0	0	0.4
154800	0.4	0.42	0.42	0	0	0.4
154900	0.4	0.42	0.42	0	0	0.4
155000	0.41	0.42	0.42	0	0	0.41
155100	0.41	0.42	0.42	0	0	0.41
155200	0.41	0.42	0.42	0	0	0.41
155300	0.41	0.42	0.42	0	0	0.41
155400	0.4	0.42	0.42	0	0	0.4
155500	0.4	0.42	0.42	0	0	0.4
155600	0.4	0.42	0.42	0	0	0.4
155700	0.4	0.42	0.42	0	0	0.4
155800	0.4	0.42	0.42	0	0	0.4
155900	0.4	0.42	0.42	0	0	0.4
156000	0.4	0.42	0.42	0	0	0.4
156100	0.4	0.42	0.42	0	0	0.4
156200	0.4	0.42	0.42	0	0	0.4
156300	0.4	0.42	0.42	0	0	0.4
156400	0.4	0.43	0.43	0	0	0.4
156500	0.4	0.42	0.42	0	0	0.4
156600	0.4	0.42	0.42	0	0	0.4
156700	0.4	0.42	0.42	0	0	0.4
156800	0.4	0.42	0.42	0	0	0.4
156900	0.4	0.42	0.42	0	0	0.4
157000	0.4	0.42	0.42	0	0	0.4
157100	0.4	0.42	0.42	0	0	0.4
157200	0.4	0.42	0.42	0	0	0.4
157300	0.4	0.42	0.42	0	0	0.4
157400	0.41	0.42	0.42	0	0	0.41
157500	0.4	0.42	0.42	0	0	0.4
157600	0.4	0.42	0.42	0	0	0.4
157700	0.4	0.42	0.42	0	0	0.4
157800	0.4	0.42	0.42	0	0	0.4
157900	0.4	0.42	0.42	0	0	0.4
158000	0.4	0.42	0.42	0	0	0.4
158100	0.4	0.42	0.42	0	0	0.4
158200	0.4	0.42	0.42	0	0	0.4
158300	0.4	0.42	0.42	0	0	0.4
158400	0.41	0.42	0.42	0	0	0.41
158500	0.41	0.42	0.42	0	0	0.41
158600	0.41	0.42	0.42	0	0	0.41
158700	0.41	0.42	0.42	0	0	0.41
158800	0.41	0.42	0.42	0	0	0.41
158900	0.41	0.43	0.43	0	0	0.41
159000	0.41	0.42	0.42	0	0	0.41
159100	0.41	0.42	0.42	0	0	0.41
159200	0.41	0.43	0.43	0	0	0.41
159300	0.4	0.42	0.42	0	0	0.4
159400	0.39	0.42	0.42	0	0	0.39
159500	0.39	0.42	0.42	0	0	0.39
159600	0.38	0.42	0.42	0	0	0.38
159700	0.38	0.42	0.42	0	0	0.38
159800	0.38	0.42	0.42	0	0	0.38
159900	0.38	0.42	0.42	0	0	0.38
160000	0.38	0.42	0.42	0	0	0.38
160100	0.38	0.42	0.42	0	0	0.38
160200	0.38	0.42	0.42	0	0	0.38
160300	0.38	0.42	0.42	0	0	0.38
160400	0.38	0.42	0.42	0	0	0.38
160500	0.37	0.42	0.42	0	0	0.37
160600	0.36	0.43	0.43	0	0	0.36
160700	0.37	0.43	0.43	0	0	0.37
160800	0.36	0.43	0.43	0	0	0.36
160900	0.36	0.43	0.43	0	0	0.36
161000	0.36	0.42	0.42	0	0	0.36
161100	0.36	0.42	0.42	0	0	0.36
161200	0.36	0.42	0.42	0	0	0.36
161300	0.36	0.42	0.42	0	0	0.36
161400	0.36	0.42	0.42	0	0	0.36
161500	0.36	0.42	0.42	0	0	0.36
161600	0.36	0.42	0.42	0	0	0.36
161700	0.36	0.42	0.42	0	0	0.36
161800	0.36	0.41	0.41	0	0	0.36
161900	0.36	0.4	0.4	0	0	0.36
162000	0.36	0.4	0.4	0	0	0.36
162100	0.36	0.4	0.4	0	0	0.36
162200	0.36	0.4	0.4	0	0	0.36
162300	0.36	0.4	0.4	0	0	0.36
162400	0.36	0.4	0.4	0	0	0.36
162500	0.36	0.4	0.4	0	0	0.36
162600	0.36	0.4	0.4	0	0	0.36
162700	0.36	0.4	0.4	0	0	0.36
162800	0.36	0.4	0.4	0	0	0.36
162900	0.36	0.4	0.4	0	0	0.36
163000	0.36	0.4	0.4	0	0	0.36
163100	0.36	0.4	0.4	0	0	0.36
163200	0.37	0.4	0.4	0	0	0.37
163300	0.36	0.4	0.4	0	0	0.36
163400	0.36	0.4	0.4	0	0	0.36
163500	0.36	0.4	0.4	0	0	0.36
163600	0.36	0.4	0.4	0	0	0.36
163700	0.36	0.4	0.4	0	0	0.36
163800	0.36	0.4	0.4	0	0	0.36
163900	0.37	0.4	0.4	0	0	0.37
164000	0.37	0.4	0.4	0	0	0.37
164100	0.37	0.4	0.4	0	0	0.37
164200	0.38	0.4	0.4	0	0	0.38
164300	0.37	0.4	0.4	0	0	0.37
164400	0.37	0.4	0.4	0	0	0.37
164500	0.37	0.4	0.4	0	0	0.37
164600	0.37	0.4	0.4	0	0	0.37
164700	0.38	0.4	0.4	0	0	0.38
164800	0.38	0.4	0.4	0	0	0.38
164900	0.38	0.4	0.4	0	0	0.38
165000	0.38	0.4	0.4	0	0	0.38
165100	0.39	0.4	0.4	0	0	0.39
165200	0.38	0.4	0.4	0	0	0.38
165300	0.39	0.41	0.41	0	0	0.39
165400	0.38	0.41	0.41	0	0	0.38
165500	0.38	0.41	0.41	0	0	0.38
165600	0.38	0.41	0.41	0	0	0.38
165700	0.38	0.41	0.41	0	0	0.38
165800	0.38	0.41	0.41	0	0	0.38
165900	0.38	0.41	0.41	0	0	0.38
166000	0.38	0.41	0.41	0	0	0.38
166100	0.38	0.41	0.41	0	0	0.38
166200	0.38	0.41	0.41	0	0	0.38
166300	0.38	0.41	0.41	0	0	0.38
166400	0.37	0.41	0.41	0	0	0.37
166500	0.37	0.41	0.41	0	0	0.37
166600	0.39	0.41	0.41	0	0	0.39
166700	0.38	0.41	0.41	0	0	0.38
166800	0.38	0.4	0.4	0	0	0.38
166900	0.38	0.4	0.4	0	0	0.38
167000	0.38	0.4	0.4	0	0	0.38
167100	0.38	0.4	0.4	0	0	0.38
167200	0.38	0.4	0.4	0	0	0.38
167300	0.38	0.4	0.4	0	0	0.38
167400	0.38	0.4	0.4	0	0	0.38
167500	0.38	0.4	0.4	0	0	0.38
167600	0.38	0.4	0.4	0	0	0.38
167700	0.38	0.4	0.4	0	0	0.38
167800	0.38	0.4	0.4	0	0	0.38
167900	0.38	0.39	0.39	0	0	0.38
168000	0.38	0.39	0.39	0	0	0.38
168100	0.38	0.39	0.39	0	0	0.38
168200	0.38	0.39	0.39	0	0	0.38
168300	0.39	0.39	0.39	0	0	0.39
168400	0.39	0.39	0.39	0	0	0.39
168500	0.39	0.4	0.4	0	0	0.39
168600	0.39	0.4	0.4	0	0	0.39
168700	0.38	0.4	0.4	0	0	0.38
168800	0.38	0.4	0.4	0	0	0.38
168900	0.39	0.4	0.4	0	0	0.39
169000	0.39	0.39	0.39	0	0	0.39
169100	0.39	0.39	0.39	0	0	0.39
169200	0.39	0.39	0.39	0	0	0.39
169300	0.39	0.39	0.39	0	0	0.39
169400	0.39	0.39	0.39	0	0	0.39
169500	0.39	0.39	0.39	0	0	0.39
169600	0.39	0.39	0.39	0	0	0.39
169700	0.39	0.39	0.39	0	0	0.39
169800	0.39	0.39	0.39	0	0	0.39
169900	0.39	0.39	0.39	0	0	0.39
170000	0.39	0.39	0.39	0	0	0.39
170100	0.39	0.39	0.39	0	0	0.39
170200	0.39	0.4	0.4	0	0	0.39
170300	0.39	0.4	0.4	0	0	0.39
170400	0.39	0.4	0.4	0	0	0.39
170500	0.39	0.39	0.39	0	0	0.39
170600	0.39	0.39	0.39	0	0	0.39
170700	0.39	0.4	0.4	0	0	0.39
170800	0.4	0.4	0.4	0	0	0.4
170900	0.4	0.4	0.4	0	0	0.4
171000	0.38	0.4	0.4	0	0	0.38
171100	0.37	0.4	0.4	0	0	0.37
171200	0.37	0.4	0.4	0	0	0.37
171300	0.38	0.4	0.4	0	0	0.38
171400	0.38	0.4	0.4	0	0	0.38
171500	0.39	0.4	0.4	0	0	0.39
171600	0.39	0.4	0.4	0	0	0.39
171700	0.39	0.4	0.4	0	0	0.39
171800	0.39	0.4	0.4	0	0	0.39
171900	0.4	0.4	0.4	0	0	0.4
172000	0.4	0.4	0.4	0	0	0.4
172100	0.4	0.4	0.4	0	0	0.4
172200	0.4	0.4	0.4	0	0	0.4
172300	0.4	0.4	0.4	0	0	0.4
172400	0.41	0.39	0.39	0	0	0.41
172500	0.41	0.39	0.39	0	0	0.41
172600	0.4	0.39	0.39	0	0	0.4
172700	0.4	0.39	0.39	0	0	0.4
172800	0.41	0.39	0.39	0	0	0.41
172900	0.41	0.39	0.39	0	0	0.41
173000	0.41	0.39	0.39	0	0	0.41
173100	0.41	0.39	0.39	0	0	0.41
173200	0.42	0.39	0.39	0	0	0.42
173300	0.41	0.39	0.39	0	0	0.41
173400	0.41	0.39	0.39	0	0	0.41
173500	0.4	0.39	0.39	0	0	0.4
173600	0.4	0.39	0.39	0	0	0.4
173700	0.4	0.39	0.39	0	0	0.4
173800	0.39	0.39	0.39	0	0	0.39
173900	0.39	0.39	0.39	0	0	0.39
174000	0.39	0.39	0.39	0	0	0.39
174100	0.38	0.39	0.39	0	0	0.38
174200	0.38	0.39	0.39	0	0	0.38
174300	0.38	0.39	0.39	0	0	0.38
174400	0.38	0.39	0.39	0	0	0.38
174500	0.38	0.39	0.39	0	0	0.38
174600	0.38	0.39	0.39	0	0	0.38
174700	0.37	0.39	0.39	0	0	0.37
174800	0.37	0.39	0.39	0	0	0.37
174900	0.38	0.39	0.39	0	0	0.38
175000	0.38	0.39	0.39	0	0	0.38
175100	0.38	0.39	0.39	0	0	0.38
175200	0.38	0.39	0.39	0	0	0.38
175300	0.38	0.39	0.39	0	0	0.38
175400	0.38	0.39	0.39	0	0	0.38
175500	0.39	0.39	0.39	0	0	0.39
175600	0.38	0.39	0.39	0	0	0.38
175700	0.38	0.39	0.39	0	0	0.38
175800	0.38	0.39	0.39	0	0	0.38
175900	0.38	0.39	0.39	0	0	0.38
176000	0.38	0.39	0.39	0	0	0.38
176100	0.38	0.39	0.39	0	0	0.38
176200	0.38	0.39	0.39	0	0	0.38
176300	0.39	0.39	0.39	0	0	0.39
176400	0.39	0.39	0.39	0	0	0.39
176500	0.38	0.39	0.39	0	0	0.38
176600	0.38	0.39	0.39	0	0	0.38
176700	0.38	0.39	0.39	0	0	0.38
176800	0.39	0.39	0.39	0	0	0.39
176900	0.39	0.39	0.39	0	0	0.39
177000	0.4	0.39	0.39	0	0	0.4
177100	0.4	0.39	0.39	0	0	0.4
177200	0.4	0.39	0.39	0	0	0.4
177300	0.4	0.39	0.39	0	0	0.4
177400	0.4	0.39	0.39	0	0	0.4
177500	0.4	0.39	0.39	0	0	0.4
177600	0.4	0.39	0.39	0	0	0.4
177700	0.4	0.39	0.39	0	0	0.4
177800	0.4	0.39	0.39	0	0	0.4
177900	0.4	0.39	0.39	0	0	0.4
178000	0.4	0.39	0.39	0	0	0.4
178100	0.4	0.39	0.39	0	0	0.4
178200	0.4	0.39	0.39	0	0	0.4
178300	0.4	0.39	0.39	0	0	0.4
178400	0.4	0.39	0.39	0	0	0.4
178500	0.4	0.39	0.39	0	0	0.4
178600	0.4	0.39	0.39	0	0	0.4
178700	0.4	0.39	0.39	0	0	0.4
178800	0.4	0.39	0.39	0	0	0.4
178900	0.4	0.39	0.39	0	0	0.4
179000	0.4	0.39	0.39	0	0	0.4
179100	0.4	0.39	0.39	0	0	0.4
179200	0.4	0.39	0.39	0	0	0.4
179300	0.4	0.39	0.39	0	0	0.4
179400	0.4	0.39	0.39	0	0	0.4
179500	0.4	0.39	0.39	0	0	0.4
179600	0.4	0.39	0.39	0	0	0.4
179700	0.4	0.39	0.39	0	0	0.4
179800	0.4	0.39	0.39	0	0	0.4
179900	0.4	0.4	0.4	0	0	0.4
180000	0.4	0.4	0.4	0	0	0.4
180100	0.4	0.4	0.4	0	0	0.4
180200	0.4	0.4	0.4	0	0	0.4
180300	0.4	0.41	0.41	0	0	0.4
180400	0.4	0.41	0.41	0	0	0.4
180500	0.4	0.4	0.4	0	0	0.4
180600	0.41	0.39	0.39	0	0	0.41
180700	0.4	0.39	0.39	0	0	0.4
180800	0.4	0.39	0.39	0	0	0.4
180900	0.41	0.39	0.39	0	0	0.41
181000	0.4	0.4	0.4	0	0	0.4
181100	0.4	0.39	0.39	0	0	0.4
181200	0.4	0.39	0.39	0	0	0.4
181300	0.4	0.39	0.39	0	0	0.4
181400	0.39	0.39	0.39	0	0	0.39
181500	0.4	0.39	0.39	0	0	0.4
181600	0.4	0.39	0.39	0	0	0.4
181700	0.4	0.4	0.4	0	0	0.4
181800	0.4	0.39	0.39	0	0	0.4
181900	0.4	0.39	0.39	0	0	0.4
182000	0.4	0.39	0.39	0	0	0.4
182100	0.41	0.39	0.39	0	0	0.41
182200	0.4	0.39	0.39	0	0	0.4
182300	0.4	0.39	0.39	0	0	0.4
182400	0.4	0.39	0.39	0	0	0.4
182500	0.4	0.39	0.39	0	0	0.4
182600	0.4	0.39	0.39	0	0	0.4
182700	0.4	0.39	0.39	0	0	0.4
182800	0.4	0.39	0.39	0	0	0.4
182900	0.4	0.39	0.39	0	0	0.4
183000	0.4	0.39	0.39	0	0	0.4
183100	0.4	0.39	0.39	0	0	0.4
183200	0.4	0.4	0.4	0	0	0.4
183300	0.4	0.4	0.4	0	0	0.4
183400	0.4	0.4	0.4	0	0	0.4
183500	0.4	0.41	0.41	0	0	0.4
183600	0.4	0.41	0.41	0	0	0.4
183700	0.4	0.41	0.41	0	0	0.4
183800	0.4	0.41	0.41	0	0	0.4
183900	0.4	0.41	0.41	0	0	0.4
184000	0.41	0.41	0.41	0	0	0.41
184100	0.4	0.41	0.41	0	0	0.4
184200	0.4	0.41	0.41	0	0	0.4
184300	0.4	0.42	0.42	0	0	0.4
184400	0.4	0.41	0.41	0	0	0.4
184500	0.4	0.41	0.41	0	0	0.4
184600	0.4	0.41	0.41	0	0	0.4
184700	0.4	0.41	0.41	0	0	0.4
184800	0.4	0.41	0.41	0	0	0.4
184900	0.41	0.41	0.41	0	0	0.41
185000	0.41	0.41	0.41	0	0	0.41
185100	0.41	0.41	0.41	0	0	0.41
185200	0.41	0.41	0.41	0	0	0.41
185300	0.41	0.41	0.41	0	0	0.41
185400	0.41	0.41	0.41	0	0	0.41
185500	0.41	0.42	0.42	0	0	0.41
185600	0.42	0.41	0.41	0	0	0.42
185700	0.41	0.41	0.41	0	0	0.41
185800	0.41	0.41	0.41	0	0	0.41
185900	0.42	0.42	0.42	0	0	0.42
186000	0.43	0.42	0.42	0	0	0.43
186100	0.43	0.42	0.42	0	0	0.43
186200	0.43	0.42	0.42	0	0	0.43
186300	0.42	0.42	0.42	0	0	0.42
186400	0.42	0.42	0.42	0	0	0.42
186500	0.42	0.42	0.42	0	0	0.42
186600	0.42	0.42	0.42	0	0	0.42
186700	0.41	0.39	0.39	0	0	0.41
186800	0.41	0.39	0.39	0	0	0.41
186900	0.41	0.39	0.39	0	0	0.41
187000	0.41	0.39	0.39	0	0	0.41
187100	0.41	0.39	0.39	0	0	0.41
187200	0.41	0.39	0.39	0	0	0.41
187300	0.41	0.4	0.4	0	0	0.41
187400	0.42	0.4	0.4	0	0	0.42
187500	0.42	0.4	0.4	0	0	0.42
187600	0.42	0.41	0.41	0	0	0.42
187700	0.42	0.4	0.4	0	0	0.42
187800	0.42	0.4	0.4	0	0	0.42
187900	0.42	0.4	0.4	0	0	0.42
188000	0.42	0.4	0.4	0	0	0.42
188100	0.42	0.4	0.4	0	0	0.42
188200	0.42	0.4	0.4	0	0	0.42
188300	0.42	0.4	0.4	0	0	0.42
188400	0.42	0.4	0.4	0	0	0.42
188500	0.42	0.4	0.4	0	0	0.42
188600	0.42	0.4	0.4	0	0	0.42
188700	0.42	0.4	0.4	0	0	0.42
188800	0.42	0.4	0.4	0	0	0.42
188900	0.42	0.4	0.4	0	0	0.42
189000	0.42	0.4	0.4	0	0	0.42
189100	0.42	0.4	0.4	0	0	0.42
189200	0.42	0.4	0.4	0	0	0.42
189300	0.42	0.4	0.4	0	0	0.42
189400	0.42	0.4	0.4	0	0	0.42
189500	0.42	0.4	0.4	0	0	0.42
189600	0.42	0.4	0.4	0	0	0.42
189700	0.42	0.4	0.4	0	0	0.42
189800	0.42	0.4	0.4	0	0	0.42
189900	0.42	0.4	0.4	0	0	0.42
190000	0.42	0.41	0.41	0	0	0.42
190100	0.42	0.4	0.4	0	0	0.42
190200	0.42	0.4	0.4	0	0	0.42
190300	0.42	0.4	0.4	0	0	0.42
190400	0.41	0.4	0.4	0	0	0.41
190500	0.41	0.4	0.4	0	0	0.41
190600	0.41	0.4	0.4	0	0	0.41
190700	0.41	0.4	0.4	0	0	0.41
190800	0.41	0.4	0.4	0	0	0.41
190900	0.41	0.41	0.41	0	0	0.41
191000	0.41	0.4	0.4	0	0	0.41
191100	0.41	0.4	0.4	0	0	0.41
191200	0.41	0.4	0.4	0	0	0.41
191300	0.41	0.4	0.4	0	0	0.41
191400	0.41	0.4	0.4	0	0	0.41
191500	0.41	0.4	0.4	0	0	0.41
191600	0.41	0.4	0.4	0	0	0.41
191700	0.41	0.4	0.4	0	0	0.41
191800	0.41	0.4	0.4	0	0	0.41
191900	0.41	0.4	0.4	0	0	0.41
192000	0.41	0.4	0.4	0	0	0.41
192100	0.41	0.4	0.4	0	0	0.41
192200	0.42	0.4	0.4	0	0	0.42
192300	0.42	0.4	0.4	0	0	0.42
192400	0.42	0.4	0.4	0	0	0.42
192500	0.41	0.41	0.41	0	0	0.41
192600	0.41	0.41	0.41	0	0	0.41
192700	0.41	0.41	0.41	0	0	0.41
192800	0.41	0.42	0.42	0	0	0.41
192900	0.41	0.42	0.42	0	0	0.41
193000	0.41	0.42	0.42	0	0	0.41
193100	0.41	0.42	0.42	0	0	0.41
193200	0.42	0.42	0.42	0	0	0.42
193300	0.42	0.42	0.42	0	0	0.42
193400	0.42	0.42	0.42	0	0	0.42
193500	0.42	0.42	0.42	0	0	0.42
193600	0.42	0.42	0.42	0	0	0.42
193700	0.42	0.42	0.42	0	0	0.42
193800	0.42	0.42	0.42	0	0	0.42
193900	0.42	0.42	0.42	0	0	0.42
194000	0.42	0.42	0.42	0	0	0.42
194100	0.42	0.42	0.42	0	0	0.42
194200	0.41	0.42	0.42	0	0	0.41
194300	0.41	0.42	0.42	0	0	0.41
194400	0.41	0.42	0.42	0	0	0.41
194500	0.41	0.42	0.42	0	0	0.41
194600	0.41	0.42	0.42	0	0	0.41
194700	0.41	0.42	0.42	0	0	0.41
194800	0.41	0.42	0.42	0	0	0.41
194900	0.4	0.43	0.43	0	0	0.4
195000	0.4	0.43	0.43	0	0	0.4
195100	0.4	0.43	0.43	0	0	0.4
195200	0.4	0.43	0.43	0	0	0.4
195300	0.4	0.43	0.43	0	0	0.4
195400	0.4	0.43	0.43	0	0	0.4
195500	0.4	0.43	0.43	0	0	0.4
195600	0.41	0.43	0.43	0	0	0.41
195700	0.41	0.43	0.43	0	0	0.41
195800	0.41	0.44	0.44	0	0	0.41
195900	0.41	0.44	0.44	0	0	0.41
196000	0.42	0.43	0.43	0	0	0.42
196100	0.42	0.43	0.43	0	0	0.42
196200	0.41	0.43	0.43	0	0	0.41
196300	0.41	0.43	0.43	0	0	0.41
196400	0.41	0.43	0.43	0	0	0.41
196500	0.41	0.43	0.43	0	0	0.41
196600	0.41	0.43	0.43	0	0	0.41
196700	0.41	0.43	0.43	0	0	0.41
196800	0.41	0.43	0.43	0	0	0.41
196900	0.41	0.43	0.43	0	0	0.41
197000	0.41	0.43	0.43	0	0	0.41
197100	0.41	0.43	0.43	0	0	0.41
197200	0.41	0.43	0.43	0	0	0.41
197300	0.41	0.43	0.43	0	0	0.41
197400	0.41	0.43	0.43	0	0	0.41
197500	0.41	0.44	0.44	0	0	0.41
197600	0.41	0.43	0.43	0	0	0.41
197700	0.41	0.43	0.43	0	0	0.41
197800	0.41	0.43	0.43	0	0	0.41
197900	0.41	0.43	0.43	0	0	0.41
198000	0.41	0.43	0.43	0	0	0.41
198100	0.42	0.43	0.43	0	0	0.42
198200	0.41	0.43	0.43	0	0	0.41
198300	0.41	0.43	0.43	0	0	0.41
198400	0.41	0.43	0.43	0	0	0.41
198500	0.41	0.43	0.43	0	0	0.41
198600	0.41	0.42	0.42	0	0	0.41
198700	0.41	0.42	0.42	0	0	0.41
198800	0.41	0.42	0.42	0	0	0.41
198900	0.41	0.42	0.42	0	0	0.41
199000	0.41	0.42	0.42	0	0	0.41
199100	0.41	0.42	0.42	0	0	0.41
199200	0.41	0.42	0.42	0	0	0.41
199300	0.41	0.42	0.42	0	0	0.41
199400	0.41	0.42	0.42	0	0	0.41
199500	0.41	0.42	0.42	0	0	0.41
199600	0.41	0.42	0.42	0	0	0.41
199700	0.42	0.42	0.42	0	0	0.42
199800	0.41	0.42	0.42	0	0	0.41
199900	0.41	0.42	0.42	0	0	0.41
200000	0.41	0.42	0.42	0	0	0.41
200100	0.41	0.42	0.42	0	0	0.41
200200	0.41	0.42	0.42	0	0	0.41
200300	0.41	0.43	0.43	0	0	0.41
200400	0.41	0.43	0.43	0	0	0.41
200500	0.41	0.43	0.43	0	0	0.41
200600	0.41	0.43	0.43	0	0	0.41
200700	0.41	0.43	0.43	0	0	0.41
200800	0.41	0.43	0.43	0	0	0.41
200900	0.42	0.43	0.43	0	0	0.42
201000	0.42	0.43	0.43	0	0	0.42
201100	0.43	0.43	0.43	0	0	0.43
201200	0.43	0.43	0.43	0	0	0.43
201300	0.43	0.43	0.43	0	0	0.43
201400	0.42	0.43	0.43	0	0	0.42
201500	0.42	0.43	0.43	0	0	0.42
201600	0.41	0.42	0.42	0	0	0.41
201700	0.41	0.42	0.42	0	0	0.41
201800	0.41	0.42	0.42	0	0	0.41
201900	0.41	0.42	0.42	0	0	0.41
202000	0.41	0.42	0.42	0	0	0.41
202100	0.41	0.42	0.42	0	0	0.41
202200	0.41	0.43	0.43	0	0	0.41
202300	0.41	0.43	0.43	0	0	0.41
202400	0.41	0.43	0.43	0	0	0.41
202500	0.41	0.43	0.43	0	0	0.41
202600	0.41	0.43	0.43	0	0	0.41
202700	0.41	0.43	0.43	0	0	0.41
202800	0.41	0.43	0.43	0	0	0.41
202900	0.41	0.43	0.43	0	0	0.41
203000	0.41	0.43	0.43	0	0	0.41
203100	0.42	0.42	0.42	0	0	0.42
203200	0.41	0.42	0.42	0	0	0.41
203300	0.41	0.43	0.43	0	0	0.41
203400	0.41	0.42	0.42	0	0	0.41
203500	0.41	0.42	0.42	0	0	0.41
203600	0.41	0.42	0.42	0	0	0.41
203700	0.41	0.42	0.42	0	0	0.41
203800	0.41	0.42	0.42	0	0	0.41
203900	0.41	0.42	0.42	0	0	0.41
204000	0.41	0.42	0.42	0	0	0.41
204100	0.41	0.42	0.42	0	0	0.41
204200	0.41	0.42	0.42	0	0	0.41
204300	0.41	0.42	0.42	0	0	0.41
204400	0.41	0.42	0.42	0	0	0.41
204500	0.41	0.42	0.42	0	0	0.41
204600	0.41	0.42	0.42	0	0	0.41
204700	0.42	0.42	0.42	0	0	0.42
204800	0.42	0.42	0.42	0	0	0.42
204900	0.42	0.42	0.42	0	0	0.42
205000	0.42	0.42	0.42	0	0	0.42
205100	0.42	0.42	0.42	0	0	0.42
205200	0.42	0.42	0.42	0	0	0.42
205300	0.42	0.42	0.42	0	0	0.42
205400	0.42	0.42	0.42	0	0	0.42
205500	0.42	0.42	0.42	0	0	0.42
205600	0.42	0.42	0.42	0	0	0.42
205700	0.42	0.42	0.42	0	0	0.42
205800	0.42	0.42	0.42	0	0	0.42
205900	0.42	0.42	0.42	0	0	0.42
206000	0.42	0.42	0.42	0	0	0.42
206100	0.42	0.42	0.42	0	0	0.42
206200	0.42	0.42	0.42	0	0	0.42
206300	0.42	0.42	0.42	0	0	0.42
206400	0.42	0.42	0.42	0	0	0.42
206500	0.42	0.42	0.42	0	0	0.42
206600	0.43	0.42	0.42	0	0	0.43
206700	0.43	0.42	0.42	0	0	0.43
206800	0.43	0.42	0.42	0	0	0.43
206900	0.43	0.42	0.42	0	0	0.43
207000	0.43	0.41	0.41	0	0	0.43
207100	0.43	0.41	0.41	0	0	0.43
207200	0.43	0.41	0.41	0	0	0.43
207300	0.43	0.41	0.41	0	0	0.43
207400	0.43	0.41	0.41	0	0	0.43
207500	0.43	0.41	0.41	0	0	0.43
207600	0.43	0.41	0.41	0	0	0.43
207700	0.43	0.41	0.41	0	0	0.43
207800	0.43	0.41	0.41	0	0	0.43
207900	0.44	0.41	0.41	0	0	0.44
208000	0.44	0.42	0.42	0	0	0.44
208100	0.43	0.42	0.42	0	0	0.43
208200	0.43	0.42	0.42	0	0	0.43
208300	0.44	0.42	0.42	0	0	0.44
208400	0.44	0.42	0.42	0	0	0.44
208500	0.44	0.42	0.42	0	0	0.44
208600	0.43	0.42	0.42	0	0	0.43
208700	0.43	0.42	0.42	0	0	0.43
208800	0.44	0.42	0.42	0	0	0.44
208900	0.43	0.42	0.42	0	0	0.43
209000	0.43	0.42	0.42	0	0	0.43
209100	0.43	0.42	0.42	0	0	0.43
209200	0.44	0.41	0.41	0	0	0.44
209300	0.44	0.41	0.41	0	0	0.44
209400	0.44	0.41	0.41	0	0	0.44
209500	0.44	0.41	0.41	0	0	0.44
209600	0.44	0.41	0.41	0	0	0.44
209700	0.44	0.41	0.41	0	0	0.44
209800	0.44	0.41	0.41	0	0	0.44
209900	0.44	0.41	0.41	0	0	0.44
210000	0.44	0.41	0.41	0	0	0.44
210100	0.44	0.41	0.41	0	0	0.44
210200	0.44	0.41	0.41	0	0	0.44
210300	0.44	0.41	0.41	0	0	0.44
210400	0.44	0.41	0.41	0	0	0.44
210500	0.44	0.41	0.41	0	0	0.44
210600	0.44	0.41	0.41	0	0	0.44
210700	0.44	0.41	0.41	0	0	0.44
210800	0.44	0.41	0.41	0	0	0.44
210900	0.44	0.41	0.41	0	0	0.44
211000	0.44	0.41	0.41	0	0	0.44
211100	0.44	0.41	0.41	0	0	0.44
211200	0.43	0.41	0.41	0	0	0.43
211300	0.43	0.41	0.41	0	0	0.43
211400	0.44	0.41	0.41	0	0	0.44
211500	0.44	0.41	0.41	0	0	0.44
211600	0.44	0.41	0.41	0	0	0.44
211700	0.44	0.41	0.41	0	0	0.44
211800	0.44	0.41	0.41	0	0	0.44
211900	0.44	0.41	0.41	0	0	0.44
212000	0.44	0.41	0.41	0	0	0.44
212100	0.43	0.41	0.41	0	0	0.43
212200	0.43	0.41	0.41	0	0	0.43
212300	0.43	0.41	0.41	0	0	0.43
212400	0.43	0.41	0.41	0	0	0.43
212500	0.42	0.41	0.41	0	0	0.42
212600	0.42	0.41	0.41	0	0	0.42
212700	0.42	0.41	0.41	0	0	0.42
212800	0.42	0.41	0.41	0	0	0.42
212900	0.42	0.41	0.41	0	0	0.42
213000	0.42	0.41	0.41	0	0	0.42
213100	0.42	0.41	0.41	0	0	0.42
213200	0.42	0.41	0.41	0	0	0.42
213300	0.42	0.41	0.41	0	0	0.42
213400	0.42	0.41	0.41	0	0	0.42
213500	0.42	0.41	0.41	0	0	0.42
213600	0.42	0.41	0.41	0	0	0.42
213700	0.42	0.42	0.42	0	0	0.42
213800	0.42	0.41	0.41	0	0	0.42
213900	0.42	0.41	0.41	0	0	0.42
214000	0.42	0.41	0.41	0	0	0.42
214100	0.42	0.41	0.41	0	0	0.42
214200	0.42	0.41	0.41	0	0	0.42
214300	0.42	0.41	0.41	0	0	0.42
214400	0.42	0.41	0.41	0	0	0.42
214500	0.42	0.41	0.41	0	0	0.42
214600	0.42	0.41	0.41	0	0	0.42
214700	0.42	0.41	0.41	0	0	0.42
214800	0.42	0.41	0.41	0	0	0.42
214900	0.42	0.41	0.41	0	0	0.42
215000	0.42	0.41	0.41	0	0	0.42
215100	0.42	0.42	0.42	0	0	0.42
215200	0.42	0.41	0.41	0	0	0.42
215300	0.42	0.41	0.41	0	0	0.42
215400	0.42	0.41	0.41	0	0	0.42
215500	0.42	0.41	0.41	0	0	0.42
215600	0.42	0.41	0.41	0	0	0.42
215700	0.42	0.42	0.42	0	0	0.42
215800	0.42	0.42	0.42	0	0	0.42
215900	0.42	0.41	0.41	0	0	0.42
216000	0.42	0.41	0.41	0	0	0.42
216100	0.42	0.41	0.41	0	0	0.42
216200	0.42	0.41	0.41	0	0	0.42
216300	0.42	0.41	0.41	0	0	0.42
216400	0.42	0.41	0.41	0	0	0.42
216500	0.42	0.4	0.4	0	0	0.42
216600	0.42	0.4	0.4	0	0	0.42
216700	0.41	0.41	0.41	0	0	0.41
216800	0.4	0.4	0.4	0	0	0.4
216900	0.4	0.4	0.4	0	0	0.4
217000	0.4	0.4	0.4	0	0	0.4
217100	0.4	0.4	0.4	0	0	0.4
217200	0.4	0.4	0.4	0	0	0.4
217300	0.4	0.41	0.41	0	0	0.4
217400	0.4	0.41	0.41	0	0	0.4
217500	0.41	0.41	0.41	0	0	0.41
217600	0.41	0.41	0.41	0	0	0.41
217700	0.41	0.41	0.41	0	0	0.41
217800	0.4	0.41	0.41	0	0	0.4
217900	0.4	0.41	0.41	0	0	0.4
218000	0.4	0.41	0.41	0	0	0.4
218100	0.4	0.41	0.41	0	0	0.4
218200	0.4	0.41	0.41	0	0	0.4
218300	0.4	0.41	0.41	0	0	0.4
218400	0.4	0.41	0.41	0	0	0.4
218500	0.4	0.41	0.41	0	0	0.4
218600	0.4	0.41	0.41	0	0	0.4
218700	0.41	0.41	0.41	0	0	0.41
218800	0.4	0.41	0.41	0	0	0.4
218900	0.4	0.41	0.41	0	0	0.4
219000	0.4	0.41	0.41	0	0	0.4
219100	0.4	0.41	0.41	0	0	0.4
219200	0.4	0.41	0.41	0	0	0.4
219300	0.4	0.41	0.41	0	0	0.4
219400	0.4	0.41	0.41	0	0	0.4
219500	0.41	0.41	0.41	0	0	0.41
219600	0.41	0.4	0.4	0	0	0.41
219700	0.41	0.4	0.4	0	0	0.41
219800	0.41	0.4	0.4	0	0	0.41
219900	0.41	0.4	0.4	0	0	0.41
220000	0.41	0.4	0.4	0	0	0.41
220100	0.41	0.4	0.4	0	0	0.41
220200	0.41	0.4	0.4	0	0	0.41
220300	0.41	0.4	0.4	0	0	0.41
220400	0.41	0.4	0.4	0	0	0.41
220500	0.41	0.4	0.4	0	0	0.41
220600	0.41	0.4	0.4	0	0	0.41
220700	0.42	0.4	0.4	0	0	0.42
220800	0.41	0.39	0.39	0	0	0.41
220900	0.41	0.39	0.39	0	0	0.41
221000	0.41	0.39	0.39	0	0	0.41
221100	0.41	0.39	0.39	0	0	0.41
221200	0.41	0.39	0.39	0	0	0.41
221300	0.41	0.39	0.39	0	0	0.41
221400	0.41	0.39	0.39	0	0	0.41
221500	0.42	0.39	0.39	0	0	0.42
221600	0.42	0.39	0.39	0	0	0.42
221700	0.42	0.39	0.39	0	0	0.42
221800	0.41	0.39	0.39	0	0	0.41
221900	0.4	0.39	0.39	0	0	0.4
222000	0.4	0.39	0.39	0	0	0.4
222100	0.4	0.39	0.39	0	0	0.4
222200	0.4	0.39	0.39	0	0	0.4
222300	0.4	0.39	0.39	0	0	0.4
222400	0.4	0.39	0.39	0	0	0.4
222500	0.4	0.39	0.39	0	0	0.4
222600	0.4	0.39	0.39	0	0	0.4
222700	0.4	0.39	0.39	0	0	0.4
222800	0.4	0.39	0.39	0	0	0.4
222900	0.4	0.39	0.39	0	0	0.4
223000	0.4	0.39	0.39	0	0	0.4
223100	0.4	0.39	0.39	0	0	0.4
223200	0.4	0.39	0.39	0	0	0.4
223300	0.4	0.4	0.4	0	0	0.4
223400	0.4	0.39	0.39	0	0	0.4
223500	0.4	0.39	0.39	0	0	0.4
223600	0.4	0.39	0.39	0	0	0.4
223700	0.4	0.39	0.39	0	0	0.4
223800	0.4	0.39	0.39	0	0	0.4
223900	0.4	0.39	0.39	0	0	0.4
224000	0.4	0.4	0.4	0	0	0.4
224100	0.4	0.4	0.4	0	0	0.4
224200	0.4	0.4	0.4	0	0	0.4
224300	0.41	0.4	0.4	0	0	0.41
224400	0.41	0.4	0.4	0	0	0.41
224500	0.41	0.4	0.4	0	0	0.41
224600	0.41	0.4	0.4	0	0	0.41
224700	0.41	0.4	0.4	0	0	0.41
224800	0.41	0.4	0.4	0	0	0.41
224900	0.4	0.4	0.4	0	0	0.4
225000	0.39	0.4	0.4	0	0	0.39
225100	0.39	0.4	0.4	0	0	0.39
225200	0.39	0.4	0.4	0	0	0.39
225300	0.39	0.4	0.4	0	0	0.39
225400	0.39	0.4	0.4	0	0	0.39
225500	0.39	0.4	0.4	0	0	0.39
225600	0.39	0.4	0.4	0	0	0.39
225700	0.39	0.4	0.4	0	0	0.39
225800	0.39	0.4	0.4	0	0	0.39
225900	0.39	0.41	0.41	0	0	0.39
226000	0.4	0.41	0.41	0	0	0.4
226100	0.4	0.41	0.41	0	0	0.4
226200	0.4	0.41	0.41	0	0	0.4
226300	0.4	0.42	0.42	0	0	0.4
226400	0.4	0.42	0.42	0	0	0.4
226500	0.4	0.41	0.41	0	0	0.4
226600	0.4	0.41	0.41	0	0	0.4
226700	0.4	0.41	0.41	0	0	0.4
226800	0.4	0.41	0.41	0	0	0.4
226900	0.4	0.41	0.41	0	0	0.4
227000	0.4	0.41	0.41	0	0	0.4
227100	0.4	0.41	0.41	0	0	0.4
227200	0.4	0.41	0.41	0	0	0.4
227300	0.4	0.41	0.41	0	0	0.4
227400	0.4	0.41	0.41	0	0	0.4
227500	0.4	0.41	0.41	0	0	0.4
227600	0.4	0.41	0.41	0	0	0.4
227700	0.4	0.41	0.41	0	0	0.4
227800	0.4	0.42	0.42	0	0	0.4
227900	0.4	0.42	0.42	0	0	0.4
228000	0.4	0.42	0.42	0	0	0.4
228100	0.4	0.42	0.42	0	0	0.4
228200	0.4	0.42	0.42	0	0	0.4
228300	0.4	0.42	0.42	0	0	0.4
228400	0.4	0.42	0.42	0	0	0.4
228500	0.4	0.42	0.42	0	0	0.4
228600	0.4	0.42	0.42	0	0	0.4
228700	0.4	0.42	0.42	0	0	0.4
228800	0.4	0.42	0.42	0	0	0.4
228900	0.4	0.42	0.42	0	0	0.4
229000	0.4	0.42	0.42	0	0	0.4
229100	0.4	0.42	0.42	0	0	0.4
229200	0.4	0.42	0.42	0	0	0.4
229300	0.41	0.43	0.43	0	0	0.41
229400	0.42	0.43	0.43	0	0	0.42
229500	0.42	0.43	0.43	0	0	0.42
229600	0.41	0.43	0.43	0	0	0.41
229700	0.4	0.42	0.42	0	0	0.4
229800	0.4	0.42	0.42	0	0	0.4
229900	0.4	0.42	0.42	0	0	0.4
230000	0.4	0.42	0.42	0	0	0.4
230100	0.4	0.41	0.41	0	0	0.4
230200	0.4	0.41	0.41	0	0	0.4
230300	0.4	0.42	0.42	0	0	0.4
230400	0.4	0.42	0.42	0	0	0.4
230500	0.4	0.43	0.43	0	0	0.4
230600	0.4	0.43	0.43	0	0	0.4
230700	0.4	0.43	0.43	0	0	0.4
230800	0.4	0.43	0.43	0	0	0.4
230900	0.4	0.43	0.43	0	0	0.4
231000	0.4	0.43	0.43	0	0	0.4
231100	0.4	0.43	0.43	0	0	0.4
231200	0.4	0.43	0.43	0	0	0.4
231300	0.4	0.43	0.43	0	0	0.4
231400	0.4	0.43	0.43	0	0	0.4
231500	0.4	0.43	0.43	0	0	0.4
231600	0.4	0.42	0.42	0	0	0.4
231700	0.4	0.42	0.42	0	0	0.4
231800	0.4	0.42	0.42	0	0	0.4
231900	0.4	0.42	0.42	0	0	0.4
232000	0.4	0.42	0.42	0	0	0.4
232100	0.4	0.42	0.42	0	0	0.4
232200	0.4	0.42	0.42	0	0	0.4
232300	0.4	0.42	0.42	0	0	0.4
232400	0.4	0.42	0.42	0	0	0.4
232500	0.4	0.42	0.42	0	0	0.4
232600	0.4	0.42	0.42	0	0	0.4
232700	0.4	0.42	0.42	0	0	0.4
232800	0.4	0.42	0.42	0	0	0.4
232900	0.4	0.42	0.42	0	0	0.4
233000	0.4	0.42	0.42	0	0	0.4
233100	0.4	0.42	0.42	0	0	0.4
233200	0.4	0.42	0.42	0	0	0.4
233300	0.4	0.42	0.42	0	0	0.4
233400	0.4	0.42	0.42	0	0	0.4
233500	0.4	0.42	0.42	0	0	0.4
233600	0.4	0.42	0.42	0	0	0.4
233700	0.4	0.42	0.42	0	0	0.4
233800	0.4	0.42	0.42	0	0	0.4
233900	0.4	0.42	0.42	0	0	0.4
234000	0.4	0.42	0.42	0	0	0.4
234100	0.41	0.42	0.42	0	0	0.41
234200	0.41	0.42	0.42	0	0	0.41
234300	0.41	0.42	0.42	0	0	0.41
234400	0.41	0.42	0.42	0	0	0.41
234500	0.41	0.42	0.42	0	0	0.41
234600	0.41	0.43	0.43	0	0	0.41
234700	0.41	0.43	0.43	0	0	0.41
234800	0.41	0.43	0.43	0	0	0.41
234900	0.41	0.43	0.43	0	0	0.41
235000	0.41	0.43	0.43	0	0	0.41
235100	0.41	0.43	0.43	0	0	0.41
235200	0.41	0.43	0.43	0	0	0.41
235300	0.41	0.43	0.43	0	0	0.41
235400	0.41	0.43	0.43	0	0	0.41
235500	0.41	0.43	0.43	0	0	0.41
235600	0.41	0.43	0.43	0	0	0.41
235700	0.41	0.43	0.43	0	0	0.41
235800	0.41	0.43	0.43	0	0	0.41
235900	0.41	0.43	0.43	0	0	0.41
236000	0.41	0.43	0.43	0	0	0.41
236100	0.41	0.43	0.43	0	0	0.41
236200	0.41	0.43	0.43	0	0	0.41
236300	0.41	0.43	0.43	0	0	0.41
236400	0.41	0.43	0.43	0	0	0.41
236500	0.41	0.43	0.43	0	0	0.41
236600	0.41	0.43	0.43	0	0	0.41
236700	0.41	0.43	0.43	0	0	0.41
236800	0.41	0.43	0.43	0	0	0.41
236900	0.41	0.43	0.43	0	0	0.41
237000	0.41	0.43	0.43	0	0	0.41
237100	0.41	0.44	0.44	0	0	0.41
237200	0.41	0.43	0.43	0	0	0.41
237300	0.41	0.43	0.43	0	0	0.41
237400	0.41	0.44	0.44	0	0	0.41
237500	0.42	0.44	0.44	0	0	0.42
237600	0.42	0.43	0.43	0	0	0.42
237700	0.42	0.43	0.43	0	0	0.42
237800	0.42	0.43	0.43	0	0	0.42
237900	0.42	0.44	0.44	0	0	0.42
238000	0.42	0.44	0.44	0	0	0.42
238100	0.42	0.44	0.44	0	0	0.42
238200	0.42	0.44	0.44	0	0	0.42
238300	0.43	0.44	0.44	0	0	0.43
238400	0.43	0.44	0.44	0	0	0.43
238500	0.43	0.44	0.44	0	0	0.43
238600	0.43	0.44	0.44	0	0	0.43
238700	0.43	0.44	0.44	0	0	0.43
238800	0.43	0.44	0.44	0	0	0.43
238900	0.43	0.44	0.44	0	0	0.43
239000	0.43	0.44	0.44	0	0	0.43
239100	0.43	0.44	0.44	0	0	0.43
239200	0.43	0.44	0.44	0	0	0.43
239300	0.43	0.44	0.44	0	0	0.43
239400	0.43	0.44	0.44	0	0	0.43
239500	0.43	0.44	0.44	0	0	0.43
239600	0.43	0.44	0.44	0	0	0.43
239700	0.43	0.44	0.44	0	0	0.43
239800	0.42	0.44	0.44	0	0	0.42
239900	0.4	0.44	0.44	0	0	0.4
240000	0.39	0.44	0.44	0	0	0.39
240100	0.39	0.44	0.44	0	0	0.39
240200	0.39	0.44	0.44	0	0	0.39
240300	0.39	0.44	0.44	0	0	0.39
240400	0.39	0.44	0.44	0	0	0.39
240500	0.39	0.44	0.44	0	0	0.39
240600	0.39	0.44	0.44	0	0	0.39
240700	0.39	0.44	0.44	0	0	0.39
240800	0.39	0.44	0.44	0	0	0.39
240900	0.39	0.44	0.44	0	0	0.39
241000	0.39	0.44	0.44	0	0	0.39
241100	0.39	0.44	0.44	0	0	0.39
241200	0.39	0.44	0.44	0	0	0.39
241300	0.39	0.44	0.44	0	0	0.39
241400	0.39	0.44	0.44	0	0	0.39
241500	0.39	0.44	0.44	0	0	0.39
241600	0.39	0.44	0.44	0	0	0.39
241700	0.39	0.44	0.44	0	0	0.39
241800	0.39	0.44	0.44	0	0	0.39
241900	0.4	0.44	0.44	0	0	0.4
242000	0.39	0.44	0.44	0	0	0.39
242100	0.39	0.44	0.44	0	0	0.39
242200	0.39	0.44	0.44	0	0	0.39
242300	0.39	0.44	0.44	0	0	0.39
242400	0.4	0.44	0.44	0	0	0.4
242500	0.39	0.44	0.44	0	0	0.39
242600	0.38	0.44	0.44	0	0	0.38
242700	0.38	0.44	0.44	0	0	0.38
242800	0.38	0.44	0.44	0	0	0.38
242900	0.38	0.44	0.44	0	0	0.38
243000	0.38	0.44	0.44	0	0	0.38
243100	0.38	0.44	0.44	0	0	0.38
243200	0.38	0.44	0.44	0	0	0.38
243300	0.39	0.43	0.43	0	0	0.39
243400	0.39	0.43	0.43	0	0	0.39
243500	0.39	0.43	0.43	0	0	0.39
243600	0.39	0.43	0.43	0	0	0.39
243700	0.39	0.43	0.43	0	0	0.39
243800	0.39	0.43	0.43	0	0	0.39
243900	0.38	0.43	0.43	0	0	0.38
244000	0.38	0.43	0.43	0	0	0.38
244100	0.38	0.43	0.43	0	0	0.38
244200	0.38	0.43	0.43	0	0	0.38
244300	0.37	0.43	0.43	0	0	0.37
244400	0.37	0.43	0.43	0	0	0.37
244500	0.37	0.43	0.43	0	0	0.37
244600	0.37	0.43	0.43	0	0	0.37
244700	0.37	0.43	0.43	0	0	0.37
244800	0.37	0.43	0.43	0	0	0.37
244900	0.37	0.43	0.43	0	0	0.37
245000	0.37	0.43	0.43	0	0	0.37
245100	0.37	0.43	0.43	0	0	0.37
245200	0.37	0.43	0.43	0	0	0.37
245300	0.37	0.43	0.43	0	0	0.37
245400	0.37	0.43	0.43	0	0	0.37
245500	0.37	0.43	0.43	0	0	0.37
245600	0.37	0.43	0.43	0	0	0.37
245700	0.37	0.43	0.43	0	0	0.37
245800	0.37	0.43	0.43	0	0	0.37
245900	0.37	0.43	0.43	0	0	0.37
246000	0.37	0.43	0.43	0	0	0.37
246100	0.37	0.43	0.43	0	0	0.37
246200	0.37	0.43	0.43	0	0	0.37
246300	0.37	0.43	0.43	0	0	0.37
246400	0.37	0.43	0.43	0	0	0.37
246500	0.37	0.43	0.43	0	0	0.37
246600	0.37	0.43	0.43	0	0	0.37
246700	0.37	0.43	0.43	0	0	0.37
246800	0.37	0.43	0.43	0	0	0.37
246900	0.37	0.43	0.43	0	0	0.37
247000	0.39	0.43	0.43	0	0	0.39
247100	0.39	0.43	0.43	0	0	0.39
247200	0.39	0.43	0.43	0	0	0.39
247300	0.39	0.43	0.43	0	0	0.39
247400	0.39	0.43	0.43	0	0	0.39
247500	0.39	0.43	0.43	0	0	0.39
247600	0.39	0.43	0.43	0	0	0.39
247700	0.39	0.43	0.43	0	0	0.39
247800	0.39	0.45	0.45	0	0	0.39
247900	0.39	0.45	0.45	0	0	0.39
248000	0.39	0.44	0.44	0	0	0.39
248100	0.39	0.44	0.44	0	0	0.39
248200	0.39	0.44	0.44	0	0	0.39
248300	0.39	0.44	0.44	0	0	0.39
248400	0.39	0.44	0.44	0	0	0.39
248500	0.39	0.44	0.44	0	0	0.39
248600	0.39	0.43	0.43	0	0	0.39
248700	0.39	0.43	0.43	0	0	0.39
248800	0.39	0.43	0.43	0	0	0.39
248900	0.4	0.43	0.43	0	0	0.4
249000	0.4	0.43	0.43	0	0	0.4
249100	0.4	0.43	0.43	0	0	0.4
249200	0.4	0.43	0.43	0	0	0.4
249300	0.4	0.43	0.43	0	0	0.4
249400	0.4	0.43	0.43	0	0	0.4
249500	0.4	0.43	0.43	0	0	0.4
249600	0.4	0.43	0.43	0	0	0.4
249700	0.4	0.43	0.43	0	0	0.4
249800	0.41	0.43	0.43	0	0	0.41
249900	0.4	0.43	0.43	0	0	0.4
250000	0.4	0.43	0.43	0	0	0.4
250100	0.4	0.43	0.43	0	0	0.4
250200	0.4	0.43	0.43	0	0	0.4
250300	0.4	0.43	0.43	0	0	0.4
250400	0.4	0.43	0.43	0	0	0.4
250500	0.4	0.43	0.43	0	0	0.4
250600	0.4	0.43	0.43	0	0	0.4
250700	0.4	0.43	0.43	0	0	0.4
250800	0.4	0.43	0.43	0	0	0.4
250900	0.4	0.43	0.43	0	0	0.4
251000	0.4	0.43	0.43	0	0	0.4
251100	0.4	0.43	0.43	0	0	0.4
251200	0.4	0.43	0.43	0	0	0.4
251300	0.41	0.43	0.43	0	0	0.41
251400	0.41	0.43	0.43	0	0	0.41
251500	0.4	0.43	0.43	0	0	0.4
251600	0.4	0.43	0.43	0	0	0.4
251700	0.4	0.43	0.43	0	0	0.4
251800	0.4	0.43	0.43	0	0	0.4
251900	0.4	0.43	0.43	0	0	0.4
252000	0.4	0.43	0.43	0	0	0.4
252100	0.4	0.41	0.41	0	0	0.4
252200	0.4	0.41	0.41	0	0	0.4
252300	0.39	0.41	0.41	0	0	0.39
252400	0.39	0.41	0.41	0	0	0.39
252500	0.39	0.41	0.41	0	0	0.39
252600	0.39	0.41	0.41	0	0	0.39
252700	0.39	0.41	0.41	0	0	0.39
252800	0.4	0.41	0.41	0	0	0.4
252900	0.4	0.41	0.41	0	0	0.4
253000	0.4	0.41	0.41	0	0	0.4
253100	0.4	0.41	0.41	0	0	0.4
253200	0.4	0.41	0.41	0	0	0.4
253300	0.4	0.41	0.41	0	0	0.4
253400	0.39	0.41	0.41	0	0	0.39
253500	0.39	0.41	0.41	0	0	0.39
253600	0.39	0.41	0.41	0	0	0.39
253700	0.4	0.41	0.41	0	0	0.4
253800	0.39	0.41	0.41	0	0	0.39
253900	0.39	0.41	0.41	0	0	0.39
254000	0.39	0.42	0.42	0	0	0.39
254100	0.39	0.43	0.43	0	0	0.39
254200	0.39	0.42	0.42	0	0	0.39
254300	0.39	0.42	0.42	0	0	0.39
254400	0.4	0.42	0.42	0	0	0.4
254500	0.4	0.42	0.42	0	0	0.4
254600	0.4	0.42	0.42	0	0	0.4
254700	0.4	0.42	0.42	0	0	0.4
254800	0.4	0.43	0.43	0	0	0.4
254900	0.4	0.43	0.43	0	0	0.4
255000	0.4	0.43	0.43	0	0	0.4
255100	0.41	0.42	0.42	0	0	0.41
255200	0.4	0.42	0.42	0	0	0.4
255300	0.4	0.42	0.42	0	0	0.4
255400	0.4	0.42	0.42	0	0	0.4
255500	0.4	0.42	0.42	0	0	0.4
255600	0.4	0.42	0.42	0	0	0.4
255700	0.4	0.42	0.42	0	0	0.4
255800	0.4	0.42	0.42	0	0	0.4
255900	0.4	0.42	0.42	0	0	0.4
256000	0.4	0.42	0.42	0	0	0.4
256100	0.4	0.42	0.42	0	0	0.4
256200	0.4	0.42	0.42	0	0	0.4
256300	0.4	0.42	0.42	0	0	0.4
256400	0.39	0.42	0.42	0	0	0.39
256500	0.39	0.42	0.42	0	0	0.39
256600	0.39	0.42	0.42	0	0	0.39
256700	0.39	0.42	0.42	0	0	0.39
256800	0.39	0.42	0.42	0	0	0.39
256900	0.39	0.42	0.42	0	0	0.39
257000	0.39	0.42	0.42	0	0	0.39
257100	0.39	0.42	0.42	0	0	0.39
257200	0.39	0.42	0.42	0	0	0.39
257300	0.39	0.42	0.42	0	0	0.39
257400	0.4	0.42	0.42	0	0	0.4
257500	0.4	0.42	0.42	0	0	0.4
257600	0.4	0.42	0.42	0	0	0.4
257700	0.4	0.42	0.42	0	0	0.4
257800	0.4	0.42	0.42	0	0	0.4
257900	0.4	0.42	0.42	0	0	0.4
258000	0.4	0.42	0.42	0	0	0.4
258100	0.4	0.42	0.42	0	0	0.4
258200	0.4	0.42	0.42	0	0	0.4
258300	0.4	0.42	0.42	0	0	0.4
258400	0.4	0.42	0.42	0	0	0.4
258500	0.4	0.43	0.43	0	0	0.4
258600	0.4	0.42	0.42	0	0	0.4
258700	0.4	0.41	0.41	0	0	0.4
258800	0.4	0.41	0.41	0	0	0.4
258900	0.39	0.41	0.41	0	0	0.39
259000	0.39	0.41	0.41	0	0	0.39
259100	0.4	0.41	0.41	0	0	0.4
259200	0.39	0.41	0.41	0	0	0.39
259300	0.39	0.41	0.41	0	0	0.39
259400	0.39	0.41	0.41	0	0	0.39
259500	0.39	0.41	0.41	0	0	0.39
259600	0.39	0.41	0.41	0	0	0.39
259700	0.39	0.41	0.41	0	0	0.39
259800	0.39	0.41	0.41	0	0	0.39
259900	0.39	0.41	0.41	0	0	0.39
260000	0.39	0.41	0.41	0	0	0.39
260100	0.39	0.41	0.41	0	0	0.39
260200	0.38	0.41	0.41	0	0	0.38
260300	0.38	0.42	0.42	0	0	0.38
260400	0.38	0.42	0.42	0	0	0.38
260500	0.38	0.42	0.42	0	0	0.38
260600	0.38	0.42	0.42	0	0	0.38
260700	0.38	0.42	0.42	0	0	0.38
260800	0.38	0.42	0.42	0	0	0.38
260900	0.39	0.42	0.42	0	0	0.39
261000	0.38	0.42	0.42	0	0	0.38
261100	0.38	0.42	0.42	0	0	0.38
261200	0.38	0.42	0.42	0	0	0.38
261300	0.38	0.42	0.42	0	0	0.38
261400	0.38	0.42	0.42	0	0	0.38
261500	0.38	0.42	0.42	0	0	0.38
261600	0.38	0.42	0.42	0	0	0.38
261700	0.38	0.42	0.42	0	0	0.38
261800	0.38	0.42	0.42	0	0	0.38
261900	0.38	0.41	0.41	0	0	0.38
262000	0.38	0.41	0.41	0	0	0.38
262100	0.38	0.41	0.41	0	0	0.38
262200	0.38	0.41	0.41	0	0	0.38
262300	0.38	0.41	0.41	0	0	0.38
262400	0.38	0.41	0.41	0	0	0.38
262500	0.38	0.41	0.41	0	0	0.38
262600	0.38	0.41	0.41	0	0	0.38
262700	0.39	0.41	0.41	0	0	0.39
262800	0.39	0.42	0.42	0	0	0.39
262900	0.38	0.42	0.42	0	0	0.38
263000	0.38	0.42	0.42	0	0	0.38
263100	0.39	0.42	0.42	0	0	0.39
263200	0.38	0.42	0.42	0	0	0.38
263300	0.38	0.42	0.42	0	0	0.38
263400	0.38	0.42	0.42	0	0	0.38
263500	0.38	0.42	0.42	0	0	0.38
263600	0.39	0.42	0.42	0	0	0.39
263700	0.39	0.42	0.42	0	0	0.39
263800	0.39	0.42	0.42	0	0	0.39
263900	0.39	0.42	0.42	0	0	0.39
264000	0.39	0.42	0.42	0	0	0.39
264100	0.39	0.42	0.42	0	0	0.39
264200	0.39	0.42	0.42	0	0	0.39
264300	0.39	0.42	0.42	0	0	0.39
264400	0.39	0.42	0.42	0	0	0.39
264500	0.39	0.42	0.42	0	0	0.39
264600	0.39	0.42	0.42	0	0	0.39
264700	0.39	0.42	0.42	0	0	0.39
264800	0.39	0.42	0.42	0	0	0.39
264900	0.39	0.42	0.42	0	0	0.39
265000	0.39	0.42	0.42	0	0	0.39
265100	0.39	0.42	0.42	0	0	0.39
265200	0.39	0.42	0.42	0	0	0.39
265300	0.39	0.42	0.42	0	0	0.39
265400	0.39	0.41	0.41	0	0	0.39
265500	0.39	0.41	0.41	0	0	0.39
265600	0.39	0.41	0.41	0	0	0.39
265700	0.39	0.41	0.41	0	0	0.39
265800	0.39	0.41	0.41	0	0	0.39
265900	0.39	0.41	0.41	0	0	0.39
266000	0.38	0.41	0.41	0	0	0.38
266100	0.38	0.41	0.41	0	0	0.38
266200	0.38	0.41	0.41	0	0	0.38
266300	0.38	0.41	0.41	0	0	0.38
266400	0.38	0.41	0.41	0	0	0.38
266500	0.38	0.41	0.41	0	0	0.38
266600	0.38	0.41	0.41	0	0	0.38
266700	0.38	0.41	0.41	0	0	0.38
266800	0.38	0.41	0.41	0	0	0.38
266900	0.38	0.41	0.41	0	0	0.38
267000	0.38	0.41	0.41	0	0	0.38
267100	0.38	0.4	0.4	0	0	0.38
267200	0.38	0.4	0.4	0	0	0.38
267300	0.38	0.4	0.4	0	0	0.38
267400	0.38	0.4	0.4	0	0	0.38
267500	0.38	0.4	0.4	0	0	0.38
267600	0.38	0.41	0.41	0	0	0.38
267700	0.38	0.41	0.41	0	0	0.38
267800	0.38	0.41	0.41	0	0	0.38
267900	0.38	0.41	0.41	0	0	0.38
268000	0.38	0.41	0.41	0	0	0.38
268100	0.38	0.41	0.41	0	0	0.38
268200	0.38	0.41	0.41	0	0	0.38
268300	0.38	0.41	0.41	0	0	0.38
268400	0.38	0.41	0.41	0	0	0.38
268500	0.38	0.41	0.41	0	0	0.38
268600	0.38	0.41	0.41	0	0	0.38
268700	0.38	0.41	0.41	0	0	0.38
268800	0.38	0.41	0.41	0	0	0.38
268900	0.38	0.41	0.41	0	0	0.38
269000	0.38	0.41	0.41	0	0	0.38
269100	0.38	0.41	0.41	0	0	0.38
269200	0.38	0.41	0.41	0	0	0.38
269300	0.38	0.41	0.41	0	0	0.38
269400	0.38	0.41	0.41	0	0	0.38
269500	0.38	0.41	0.41	0	0	0.38
269600	0.39	0.42	0.42	0	0	0.39
269700	0.39	0.41	0.41	0	0	0.39
269800	0.39	0.41	0.41	0	0	0.39
269900	0.39	0.41	0.41	0	0	0.39
270000	0.39	0.41	0.41	0	0	0.39
270100	0.39	0.41	0.41	0	0	0.39
270200	0.39	0.41	0.41	0	0	0.39
270300	0.39	0.41	0.41	0	0	0.39
270400	0.39	0.41	0.41	0	0	0.39
270500	0.39	0.41	0.41	0	0	0.39
270600	0.39	0.41	0.41	0	0	0.39
270700	0.39	0.41	0.41	0	0	0.39
270800	0.39	0.41	0.41	0	0	0.39
270900	0.39	0.41	0.41	0	0	0.39
271000	0.39	0.41	0.41	0	0	0.39
271100	0.4	0.41	0.41	0	0	0.4
271200	0.4	0.41	0.41	0	0	0.4
271300	0.4	0.41	0.41	0	0	0.4
271400	0.4	0.41	0.41	0	0	0.4
271500	0.4	0.41	0.41	0	0	0.4
271600	0.4	0.41	0.41	0	0	0.4
271700	0.4	0.41	0.41	0	0	0.4
271800	0.4	0.41	0.41	0	0	0.4
271900	0.4	0.42	0.42	0	0	0.4
272000	0.4	0.41	0.41	0	0	0.4
272100	0.4	0.41	0.41	0	0	0.4
272200	0.4	0.41	0.41	0	0	0.4
272300	0.4	0.41	0.41	0	0	0.4
272400	0.4	0.41	0.41	0	0	0.4
272500	0.4	0.41	0.41	0	0	0.4
272600	0.4	0.41	0.41	0	0	0.4
272700	0.4	0.41	0.41	0	0	0.4
272800	0.39	0.41	0.41	0	0	0.39
272900	0.4	0.41	0.41	0	0	0.4
273000	0.39	0.41	0.41	0	0	0.39
273100	0.39	0.41	0.41	0	0	0.39
273200	0.39	0.41	0.41	0	0	0.39
273300	0.39	0.41	0.41	0	0	0.39
273400	0.39	0.41	0.41	0	0	0.39
273500	0.39	0.41	0.41	0	0	0.39
273600	0.39	0.41	0.41	0	0	0.39
273700	0.39	0.41	0.41	0	0	0.39
273800	0.39	0.41	0.41	0	0	0.39
273900	0.39	0.41	0.41	0	0	0.39
274000	0.39	0.41	0.41	0	0	0.39
274100	0.39	0.41	0.41	0	0	0.39
274200	0.39	0.41	0.41	0	0	0.39
274300	0.39	0.41	0.41	0	0	0.39
274400	0.39	0.41	0.41	0	0	0.39
274500	0.39	0.41	0.41	0	0	0.39
274600	0.39	0.41	0.41	0	0	0.39
274700	0.39	0.41	0.41	0	0	0.39
274800	0.39	0.42	0.42	0	0	0.39
274900	0.39	0.42	0.42	0	0	0.39
275000	0.39	0.42	0.42	0	0	0.39
275100	0.39	0.42	0.42	0	0	0.39
275200	0.39	0.42	0.42	0	0	0.39
275300	0.39	0.42	0.42	0	0	0.39
275400	0.39	0.43	0.43	0	0	0.39
275500	0.39	0.43	0.43	0	0	0.39
275600	0.39	0.43	0.43	0	0	0.39
275700	0.39	0.43	0.43	0	0	0.39
275800	0.39	0.43	0.43	0	0	0.39
275900	0.39	0.43	0.43	0	0	0.39
276000	0.39	0.43	0.43	0	0	0.39
276100	0.39	0.43	0.43	0	0	0.39
276200	0.39	0.44	0.44	0	0	0.39
276300	0.39	0.43	0.43	0	0	0.39
276400	0.4	0.43	0.43	0	0	0.4
276500	0.39	0.43	0.43	0	0	0.39
276600	0.39	0.43	0.43	0	0	0.39
276700	0.39	0.43	0.43	0	0	0.39
276800	0.39	0.43	0.43	0	0	0.39
276900	0.39	0.43	0.43	0	0	0.39
277000	0.39	0.43	0.43	0	0	0.39
277100	0.39	0.43	0.43	0	0	0.39
277200	0.39	0.43	0.43	0	0	0.39
277300	0.39	0.43	0.43	0	0	0.39
277400	0.39	0.43	0.43	0	0	0.39
277500	0.39	0.43	0.43	0	0	0.39
277600	0.39	0.43	0.43	0	0	0.39
277700	0.39	0.43	0.43	0	0	0.39
277800	0.39	0.43	0.43	0	0	0.39
277900	0.39	0.43	0.43	0	0	0.39
278000	0.39	0.43	0.43	0	0	0.39
278100	0.39	0.43	0.43	0	0	0.39
278200	0.39	0.43	0.43	0	0	0.39
278300	0.39	0.43	0.43	0	0	0.39
278400	0.39	0.43	0.43	0	0	0.39
278500	0.39	0.43	0.43	0	0	0.39
278600	0.39	0.43	0.43	0	0	0.39
278700	0.39	0.43	0.43	0	0	0.39
278800	0.39	0.43	0.43	0	0	0.39
278900	0.39	0.42	0.42	0	0	0.39
279000	0.39	0.42	0.42	0	0	0.39
279100	0.39	0.42	0.42	0	0	0.39
279200	0.39	0.41	0.41	0	0	0.39
279300	0.39	0.41	0.41	0	0	0.39
279400	0.39	0.42	0.42	0	0	0.39
279500	0.39	0.42	0.42	0	0	0.39
279600	0.39	0.42	0.42	0	0	0.39
279700	0.39	0.42	0.42	0	0	0.39
279800	0.39	0.42	0.42	0	0	0.39
279900	0.39	0.42	0.42	0	0	0.39
280000	0.39	0.42	0.42	0	0	0.39
280100	0.39	0.42	0.42	0	0	0.39
280200	0.39	0.42	0.42	0	0	0.39
280300	0.39	0.42	0.42	0	0	0.39
280400	0.39	0.42	0.42	0	0	0.39
280500	0.39	0.42	0.42	0	0	0.39
280600	0.39	0.42	0.42	0	0	0.39
280700	0.39	0.42	0.42	0	0	0.39
280800	0.39	0.42	0.42	0	0	0.39
280900	0.39	0.42	0.42	0	0	0.39
281000	0.39	0.42	0.42	0	0	0.39
281100	0.39	0.42	0.42	0	0	0.39
281200	0.39	0.42	0.42	0	0	0.39
281300	0.39	0.42	0.42	0	0	0.39
281400	0.39	0.42	0.42	0	0	0.39
281500	0.39	0.42	0.42	0	0	0.39
281600	0.39	0.42	0.42	0	0	0.39
281700	0.39	0.42	0.42	0	0	0.39
281800	0.39	0.42	0.42	0	0	0.39
281900	0.39	0.42	0.42	0	0	0.39
282000	0.39	0.42	0.42	0	0	0.39
282100	0.39	0.42	0.42	0	0	0.39
282200	0.39	0.42	0.42	0	0	0.39
282300	0.39	0.42	0.42	0	0	0.39
282400	0.39	0.42	0.42	0	0	0.39
282500	0.39	0.42	0.42	0	0	0.39
282600	0.39	0.42	0.42	0	0	0.39
282700	0.39	0.42	0.42	0	0	0.39
282800	0.39	0.42	0.42	0	0	0.39
282900	0.39	0.42	0.42	0	0	0.39
283000	0.39	0.42	0.42	0	0	0.39
283100	0.39	0.42	0.42	0	0	0.39
283200	0.39	0.42	0.42	0	0	0.39
283300	0.39	0.42	0.42	0	0	0.39
283400	0.39	0.42	0.42	0	0	0.39
283500	0.39	0.42	0.42	0	0	0.39
283600	0.39	0.42	0.42	0	0	0.39
283700	0.4	0.42	0.42	0	0	0.4
283800	0.39	0.42	0.42	0	0	0.39
283900	0.39	0.42	0.42	0	0	0.39
284000	0.39	0.42	0.42	0	0	0.39
284100	0.39	0.42	0.42	0	0	0.39
284200	0.39	0.43	0.43	0	0	0.39
284300	0.39	0.42	0.42	0	0	0.39
284400	0.39	0.43	0.43	0	0	0.39
284500	0.39	0.42	0.42	0	0	0.39
284600	0.39	0.42	0.42	0	0	0.39
284700	0.39	0.42	0.42	0	0	0.39
284800	0.39	0.42	0.42	0	0	0.39
284900	0.39	0.43	0.43	0	0	0.39
285000	0.39	0.43	0.43	0	0	0.39
285100	0.39	0.43	0.43	0	0	0.39
285200	0.39	0.43	0.43	0	0	0.39
285300	0.39	0.43	0.43	0	0	0.39
285400	0.39	0.43	0.43	0	0	0.39
285500	0.39	0.43	0.43	0	0	0.39
285600	0.39	0.43	0.43	0	0	0.39
285700	0.39	0.44	0.44	0	0	0.39
285800	0.39	0.44	0.44	0	0	0.39
285900	0.39	0.42	0.42	0	0	0.39
286000	0.39	0.42	0.42	0	0	0.39
286100	0.39	0.41	0.41	0	0	0.39
286200	0.39	0.41	0.41	0	0	0.39
286300	0.39	0.41	0.41	0	0	0.39
286400	0.39	0.41	0.41	0	0	0.39
286500	0.39	0.41	0.41	0	0	0.39
286600	0.39	0.41	0.41	0	0	0.39
286700	0.39	0.41	0.41	0	0	0.39
286800	0.39	0.41	0.41	0	0	0.39
286900	0.39	0.41	0.41	0	0	0.39
287000	0.39	0.41	0.41	0	0	0.39
287100	0.39	0.41	0.41	0	0	0.39
287200	0.39	0.41	0.41	0	0	0.39
287300	0.39	0.4	0.4	0	0	0.39
287400	0.39	0.4	0.4	0	0	0.39
287500	0.39	0.4	0.4	0	0	0.39
287600	0.39	0.4	0.4	0	0	0.39
287700	0.39	0.4	0.4	0	0	0.39
287800	0.39	0.4	0.4	0	0	0.39
287900	0.39	0.4	0.4	0	0	0.39
288000	0.39	0.4	0.4	0	0	0.39
288100	0.39	0.4	0.4	0	0	0.39
288200	0.39	0.4	0.4	0	0	0.39
288300	0.39	0.4	0.4	0	0	0.39
288400	0.39	0.4	0.4	0	0	0.39
288500	0.39	0.4	0.4	0	0	0.39
288600	0.39	0.4	0.4	0	0	0.39
288700	0.39	0.4	0.4	0	0	0.39
288800	0.39	0.4	0.4	0	0	0.39
288900	0.39	0.41	0.41	0	0	0.39
289000	0.39	0.41	0.41	0	0	0.39
289100	0.39	0.42	0.42	0	0	0.39
289200	0.39	0.41	0.41	0	0	0.39
289300	0.39	0.41	0.41	0	0	0.39
289400	0.39	0.4	0.4	0	0	0.39
289500	0.39	0.4	0.4	0	0	0.39
289600	0.39	0.39	0.39	0	0	0.39
289700	0.39	0.39	0.39	0	0	0.39
289800	0.39	0.39	0.39	0	0	0.39
289900	0.4	0.39	0.39	0	0	0.4
290000	0.39	0.39	0.39	0	0	0.39
290100	0.39	0.39	0.39	0	0	0.39
290200	0.39	0.39	0.39	0	0	0.39
290300	0.39	0.39	0.39	0	0	0.39
290400	0.39	0.4	0.4	0	0	0.39
290500	0.39	0.39	0.39	0	0	0.39
290600	0.39	0.39	0.39	0	0	0.39
290700	0.39	0.39	0.39	0	0	0.39
290800	0.39	0.39	0.39	0	0	0.39
290900	0.39	0.39	0.39	0	0	0.39
291000	0.39	0.39	0.39	0	0	0.39
291100	0.39	0.39	0.39	0	0	0.39
291200	0.39	0.39	0.39	0	0	0.39
291300	0.39	0.39	0.39	0	0	0.39
291400	0.39	0.39	0.39	0	0	0.39
291500	0.39	0.39	0.39	0	0	0.39
291600	0.39	0.39	0.39	0	0	0.39
291700	0.39	0.39	0.39	0	0	0.39
291800	0.39	0.39	0.39	0	0	0.39
291900	0.39	0.39	0.39	0	0	0.39
292000	0.39	0.39	0.39	0	0	0.39
292100	0.39	0.4	0.4	0	0	0.39
292200	0.39	0.4	0.4	0	0	0.39
292300	0.4	0.4	0.4	0	0	0.4
292400	0.39	0.4	0.4	0	0	0.39
292500	0.39	0.4	0.4	0	0	0.39
292600	0.4	0.4	0.4	0	0	0.4
292700	0.39	0.41	0.41	0	0	0.39
292800	0.39	0.41	0.41	0	0	0.39
292900	0.39	0.41	0.41	0	0	0.39
293000	0.39	0.41	0.41	0	0	0.39
293100	0.39	0.41	0.41	0	0	0.39
293200	0.39	0.41	0.41	0	0	0.39
293300	0.39	0.41	0.41	0	0	0.39
293400	0.39	0.41	0.41	0	0	0.39
293500	0.39	0.4	0.4	0	0	0.39
293600	0.39	0.41	0.41	0	0	0.39
293700	0.39	0.41	0.41	0	0	0.39
293800	0.39	0.4	0.4	0	0	0.39
293900	0.39	0.4	0.4	0	0	0.39
294000	0.39	0.4	0.4	0	0	0.39
294100	0.39	0.4	0.4	0	0	0.39
294200	0.39	0.4	0.4	0	0	0.39
294300	0.39	0.4	0.4	0	0	0.39
294400	0.39	0.4	0.4	0	0	0.39
294500	0.39	0.4	0.4	0	0	0.39
294600	0.39	0.4	0.4	0	0	0.39
294700	0.39	0.4	0.4	0	0	0.39
294800	0.39	0.4	0.4	0	0	0.39
294900	0.39	0.4	0.4	0	0	0.39
295000	0.39	0.4	0.4	0	0	0.39
295100	0.39	0.4	0.4	0	0	0.39
295200	0.39	0.4	0.4	0	0	0.39
295300	0.39	0.4	0.4	0	0	0.39
295400	0.39	0.4	0.4	0	0	0.39
295500	0.39	0.4	0.4	0	0	0.39
295600	0.39	0.4	0.4	0	0	0.39
295700	0.39	0.4	0.4	0	0	0.39
295800	0.39	0.4	0.4	0	0	0.39
295900	0.39	0.4	0.4	0	0	0.39
296000	0.39	0.4	0.4	0	0	0.39
296100	0.39	0.4	0.4	0	0	0.39
296200	0.39	0.4	0.4	0	0	0.39
296300	0.39	0.4	0.4	0	0	0.39
296400	0.39	0.4	0.4	0	0	0.39
296500	0.39	0.4	0.4	0	0	0.39
296600	0.39	0.4	0.4	0	0	0.39
296700	0.39	0.4	0.4	0	0	0.39
296800	0.39	0.4	0.4	0	0	0.39
296900	0.39	0.4	0.4	0	0	0.39
297000	0.39	0.4	0.4	0	0	0.39
297100	0.39	0.4	0.4	0	0	0.39
297200	0.39	0.4	0.4	0	0	0.39
297300	0.4	0.4	0.4	0	0	0.4
297400	0.4	0.4	0.4	0	0	0.4
297500	0.4	0.4	0.4	0	0	0.4
297600	0.39	0.4	0.4	0	0	0.39
297700	0.39	0.39	0.39	0	0	0.39
297800	0.39	0.4	0.4	0	0	0.39
297900	0.39	0.4	0.4	0	0	0.39
298000	0.39	0.4	0.4	0	0	0.39
298100	0.39	0.4	0.4	0	0	0.39
298200	0.39	0.4	0.4	0	0	0.39
298300	0.39	0.4	0.4	0	0	0.39
298400	0.39	0.4	0.4	0	0	0.39
298500	0.39	0.4	0.4	0	0	0.39
298600	0.39	0.4	0.4	0	0	0.39
298700	0.39	0.4	0.4	0	0	0.39
298800	0.39	0.4	0.4	0	0	0.39
298900	0.39	0.4	0.4	0	0	0.39
299000	0.39	0.4	0.4	0	0	0.39
299100	0.39	0.41	0.41	0	0	0.39
299200	0.39	0.4	0.4	0	0	0.39
299300	0.39	0.4	0.4	0	0	0.39
299400	0.39	0.4	0.4	0	0	0.39
299500	0.39	0.4	0.4	0	0	0.39
299600	0.39	0.4	0.4	0	0	0.39
299700	0.39	0.4	0.4	0	0	0.39
299800	0.39	0.4	0.4	0	0	0.39
299900	0.39	0.4	0.4	0	0	0.39
300000	0.39	0.4	0.4	0	0	0.39
