100	0.08	0.12	0.12	0	0	0.08
200	0.11	0.12	0.12	0	0	0.11
300	0.14	0.16	0.16	0	0	0.14
400	0.15	0.16	0.16	0	0	0.15
500	0.16	0.15	0.15	0	0	0.16
600	0.17	0.16	0.16	0	0	0.17
700	0.2	0.16	0.16	0	0	0.2
800	0.19	0.17	0.17	0	0	0.19
900	0.17	0.18	0.18	0	0	0.17
1000	0.13	0.18	0.18	0	0	0.13
1100	0.12	0.18	0.18	0	0	0.12
1200	0.12	0.2	0.2	0	0	0.12
1300	0.11	0.23	0.23	0	0	0.11
1400	0.11	0.19	0.19	0	0	0.11
1500	0.11	0.2	0.2	0	0	0.11
1600	0.12	0.19	0.19	0	0	0.12
1700	0.14	0.19	0.19	0	0	0.14
1800	0.15	0.2	0.2	0	0	0.15
1900	0.12	0.19	0.19	0	0	0.12
2000	0.11	0.19	0.19	0	0	0.11
2100	0.11	0.19	0.19	0	0	0.11
2200	0.14	0.19	0.19	0	0	0.14
2300	0.15	0.2	0.2	0	0	0.15
2400	0.16	0.2	0.2	0	0	0.16
2500	0.18	0.21	0.21	0	0	0.18
2600	0.18	0.21	0.21	0	0	0.18
2700	0.19	0.23	0.23	0	0	0.19
2800	0.19	0.23	0.23	0	0	0.19
2900	0.19	0.24	0.24	0	0	0.19
3000	0.19	0.24	0.24	0	0	0.19
3100	0.19	0.23	0.23	0	0	0.19
3200	0.17	0.26	0.26	0	0	0.17
3300	0.19	0.26	0.26	0	0	0.19
3400	0.18	0.25	0.25	0	0	0.18
3500	0.17	0.25	0.25	0	0	0.17
3600	0.15	0.25	0.25	0	0	0.15
3700	0.16	0.26	0.26	0	0	0.16
3800	0.16	0.26	0.26	0	0	0.16
3900	0.17	0.26	0.26	0	0	0.17
4000	0.17	0.25	0.25	0	0	0.17
4100	0.16	0.24	0.24	0	0	0.16
4200	0.16	0.25	0.25	0	0	0.16
4300	0.14	0.26	0.26	0	0	0.14
4400	0.14	0.25	0.25	0	0	0.14
4500	0.15	0.24	0.24	0	0	0.15
4600	0.16	0.24	0.24	0	0	0.16
4700	0.17	0.26	0.26	0	0	0.17
4800	0.16	0.27	0.27	0	0	0.16
4900	0.16	0.28	0.28	0	0	0.16
5000	0.16	0.28	0.28	0	0	0.16
5100	0.16	0.3	0.3	0	0	0.16
5200	0.16	0.29	0.29	0	0	0.16
5300	0.15	0.29	0.29	0	0	0.15
5400	0.16	0.3	0.3	0	0	0.16
5500	0.19	0.29	0.29	0	0	0.19
5600	0.17	0.3	0.3	0	0	0.17
5700	0.18	0.3	0.3	0	0	0.18
5800	0.2	0.3	0.3	0	0	0.2
5900	0.19	0.29	0.29	0	0	0.19
6000	0.18	0.29	0.29	0	0	0.18
6100	0.17	0.29	0.29	0	0	0.17
6200	0.16	0.29	0.29	0	0	0.16
6300	0.17	0.29	0.29	0	0	0.17
6400	0.17	0.3	0.3	0	0	0.17
6500	0.17	0.3	0.3	0	0	0.17
6600	0.18	0.31	0.31	0	0	0.18
6700	0.17	0.3	0.3	0	0	0.17
6800	0.19	0.3	0.3	0	0	0.19
6900	0.19	0.3	0.3	0	0	0.19
7000	0.2	0.29	0.29	0	0	0.2
7100	0.2	0.28	0.28	0	0	0.2
7200	0.2	0.25	0.25	0	0	0.2
7300	0.2	0.26	0.26	0	0	0.2
7400	0.21	0.26	0.26	0	0	0.21
7500	0.22	0.27	0.27	0	0	0.22
7600	0.21	0.25	0.25	0	0	0.21
7700	0.2	0.25	0.25	0	0	0.2
7800	0.2	0.23	0.23	0	0	0.2
7900	0.2	0.23	0.23	0	0	0.2
8000	0.21	0.21	0.21	0	0	0.21
8100	0.23	0.22	0.22	0	0	0.23
8200	0.22	0.22	0.22	0	0	0.22
8300	0.21	0.23	0.23	0	0	0.21
8400	0.21	0.24	0.24	0	0	0.21
8500	0.21	0.24	0.24	0	0	0.21
8600	0.22	0.23	0.23	0	0	0.22
8700	0.23	0.23	0.23	0	0	0.23
8800	0.23	0.22	0.22	0	0	0.23
8900	0.24	0.24	0.24	0	0	0.24
9000	0.24	0.24	0.24	0	0	0.24
9100	0.25	0.26	0.26	0	0	0.25
9200	0.26	0.24	0.24	0	0	0.26
9300	0.25	0.23	0.23	0	0	0.25
9400	0.26	0.23	0.23	0	0	0.26
9500	0.24	0.23	0.23	0	0	0.24
9600	0.23	0.25	0.25	0	0	0.23
9700	0.24	0.25	0.25	0	0	0.24
9800	0.24	0.25	0.25	0	0	0.24
9900	0.23	0.26	0.26	0	0	0.23
10000	0.26	0.26	0.26	0	0	0.26
10100	0.27	0.27	0.27	0	0	0.27
10200	0.27	0.26	0.26	0	0	0.27
10300	0.27	0.27	0.27	0	0	0.27
10400	0.29	0.27	0.27	0	0	0.29
10500	0.28	0.28	0.28	0	0	0.28
10600	0.26	0.29	0.29	0	0	0.26
10700	0.25	0.29	0.29	0	0	0.25
10800	0.26	0.3	0.3	0	0	0.26
10900	0.26	0.31	0.31	0	0	0.26
11000	0.26	0.31	0.31	0	0	0.26
11100	0.26	0.31	0.31	0	0	0.26
11200	0.26	0.32	0.32	0	0	0.26
11300	0.26	0.33	0.33	0	0	0.26
11400	0.26	0.36	0.36	0	0	0.26
11500	0.25	0.35	0.35	0	0	0.25
11600	0.24	0.35	0.35	0	0	0.24
11700	0.26	0.34	0.34	0	0	0.26
11800	0.26	0.34	0.34	0	0	0.26
11900	0.27	0.35	0.35	0	0	0.27
12000	0.27	0.35	0.35	0	0	0.27
12100	0.27	0.34	0.34	0	0	0.27
12200	0.27	0.34	0.34	0	0	0.27
12300	0.28	0.31	0.31	0	0	0.28
12400	0.28	0.31	0.31	0	0	0.28
12500	0.28	0.31	0.31	0	0	0.28
12600	0.28	0.3	0.3	0	0	0.28
12700	0.28	0.3	0.3	0	0	0.28
12800	0.28	0.3	0.3	0	0	0.28
12900	0.29	0.3	0.3	0	0	0.29
13000	0.3	0.31	0.31	0	0	0.3
13100	0.29	0.32	0.32	0	0	0.29
13200	0.29	0.32	0.32	0	0	0.29
13300	0.28	0.32	0.32	0	0	0.28
13400	0.28	0.32	0.32	0	0	0.28
13500	0.29	0.32	0.32	0	0	0.29
13600	0.28	0.35	0.35	0	0	0.28
13700	0.28	0.34	0.34	0	0	0.28
13800	0.28	0.34	0.34	0	0	0.28
13900	0.29	0.34	0.34	0	0	0.29
14000	0.3	0.34	0.34	0	0	0.3
14100	0.28	0.34	0.34	0	0	0.28
14200	0.28	0.34	0.34	0	0	0.28
14300	0.29	0.34	0.34	0	0	0.29
14400	0.29	0.34	0.34	0	0	0.29
14500	0.29	0.35	0.35	0	0	0.29
14600	0.29	0.36	0.36	0	0	0.29
14700	0.29	0.37	0.37	0	0	0.29
14800	0.31	0.37	0.37	0	0	0.31
14900	0.29	0.38	0.38	0	0	0.29
15000	0.27	0.38	0.38	0	0	0.27
15100	0.27	0.37	0.37	0	0	0.27
15200	0.27	0.35	0.35	0	0	0.27
15300	0.26	0.34	0.34	0	0	0.26
15400	0.26	0.34	0.34	0	0	0.26
15500	0.27	0.36	0.36	0	0	0.27
15600	0.27	0.35	0.35	0	0	0.27
15700	0.26	0.35	0.35	0	0	0.26
15800	0.25	0.35	0.35	0	0	0.25
15900	0.25	0.36	0.36	0	0	0.25
16000	0.25	0.36	0.36	0	0	0.25
16100	0.25	0.37	0.37	0	0	0.25
16200	0.25	0.35	0.35	0	0	0.25
16300	0.25	0.35	0.35	0	0	0.25
16400	0.25	0.37	0.37	0	0	0.25
16500	0.25	0.37	0.37	0	0	0.25
16600	0.26	0.36	0.36	0	0	0.26
16700	0.25	0.36	0.36	0	0	0.25
16800	0.25	0.36	0.36	0	0	0.25
16900	0.26	0.33	0.33	0	0	0.26
17000	0.26	0.34	0.34	0	0	0.26
17100	0.26	0.32	0.32	0	0	0.26
17200	0.27	0.33	0.33	0	0	0.27
17300	0.26	0.32	0.32	0	0	0.26
17400	0.26	0.31	0.31	0	0	0.26
17500	0.27	0.31	0.31	0	0	0.27
17600	0.28	0.3	0.3	0	0	0.28
17700	0.28	0.3	0.3	0	0	0.28
17800	0.28	0.3	0.3	0	0	0.28
17900	0.29	0.3	0.3	0	0	0.29
18000	0.29	0.3	0.3	0	0	0.29
18100	0.29	0.3	0.3	0	0	0.29
18200	0.29	0.31	0.31	0	0	0.29
18300	0.29	0.31	0.31	0	0	0.29
18400	0.28	0.32	0.32	0	0	0.28
18500	0.29	0.32	0.32	0	0	0.29
18600	0.29	0.32	0.32	0	0	0.29
18700	0.29	0.33	0.33	0	0	0.29
18800	0.29	0.32	0.32	0	0	0.29
18900	0.3	0.32	0.32	0	0	0.3
19000	0.31	0.33	0.33	0	0	0.31
19100	0.31	0.33	0.33	0	0	0.31
19200	0.31	0.33	0.33	0	0	0.31
19300	0.31	0.32	0.32	0	0	0.31
19400	0.31	0.32	0.32	0	0	0.31
19500	0.31	0.32	0.32	0	0	0.31
19600	0.31	0.32	0.32	0	0	0.31
19700	0.31	0.34	0.34	0	0	0.31
19800	0.31	0.34	0.34	0	0	0.31
19900	0.31	0.34	0.34	0	0	0.31
20000	0.32	0.34	0.34	0	0	0.32
20100	0.33	0.34	0.34	0	0	0.33
20200	0.34	0.35	0.35	0	0	0.34
20300	0.33	0.35	0.35	0	0	0.33
20400	0.33	0.35	0.35	0	0	0.33
20500	0.34	0.36	0.36	0	0	0.34
20600	0.33	0.36	0.36	0	0	0.33
20700	0.34	0.35	0.35	0	0	0.34
20800	0.35	0.35	0.35	0	0	0.35
20900	0.34	0.35	0.35	0	0	0.34
21000	0.34	0.35	0.35	0	0	0.34
21100	0.34	0.35	0.35	0	0	0.34
21200	0.34	0.35	0.35	0	0	0.34
21300	0.34	0.35	0.35	0	0	0.34
21400	0.34	0.35	0.35	0	0	0.34
21500	0.34	0.35	0.35	0	0	0.34
21600	0.34	0.35	0.35	0	0	0.34
21700	0.34	0.36	0.36	0	0	0.34
21800	0.34	0.36	0.36	0	0	0.34
21900	0.34	0.36	0.36	0	0	0.34
22000	0.34	0.37	0.37	0	0	0.34
22100	0.34	0.37	0.37	0	0	0.34
22200	0.34	0.39	0.39	0	0	0.34
22300	0.34	0.38	0.38	0	0	0.34
22400	0.34	0.39	0.39	0	0	0.34
22500	0.34	0.39	0.39	0	0	0.34
22600	0.34	0.39	0.39	0	0	0.34
22700	0.34	0.4	0.4	0	0	0.34
22800	0.34	0.4	0.4	0	0	0.34
22900	0.34	0.4	0.4	0	0	0.34
23000	0.34	0.4	0.4	0	0	0.34
23100	0.34	0.41	0.41	0	0	0.34
23200	0.34	0.41	0.41	0	0	0.34
23300	0.34	0.41	0.41	0	0	0.34
23400	0.34	0.41	0.41	0	0	0.34
23500	0.34	0.41	0.41	0	0	0.34
23600	0.34	0.41	0.41	0	0	0.34
23700	0.34	0.41	0.41	0	0	0.34
23800	0.34	0.41	0.41	0	0	0.34
23900	0.34	0.41	0.41	0	0	0.34
24000	0.36	0.41	0.41	0	0	0.36
24100	0.35	0.41	0.41	0	0	0.35
24200	0.35	0.41	0.41	0	0	0.35
24300	0.35	0.41	0.41	0	0	0.35
24400	0.35	0.41	0.41	0	0	0.35
24500	0.35	0.42	0.42	0	0	0.35
24600	0.35	0.41	0.41	0	0	0.35
24700	0.35	0.42	0.42	0	0	0.35
24800	0.35	0.42	0.42	0	0	0.35
24900	0.36	0.42	0.42	0	0	0.36
25000	0.36	0.42	0.42	0	0	0.36
25100	0.36	0.42	0.42	0	0	0.36
25200	0.36	0.42	0.42	0	0	0.36
25300	0.36	0.42	0.42	0	0	0.36
25400	0.36	0.42	0.42	0	0	0.36
25500	0.36	0.42	0.42	0	0	0.36
25600	0.36	0.42	0.42	0	0	0.36
25700	0.36	0.42	0.42	0	0	0.36
25800	0.35	0.42	0.42	0	0	0.35
25900	0.35	0.42	0.42	0	0	0.35
26000	0.35	0.42	0.42	0	0	0.35
26100	0.34	0.43	0.43	0	0	0.34
26200	0.34	0.43	0.43	0	0	0.34
26300	0.34	0.43	0.43	0	0	0.34
26400	0.34	0.43	0.43	0	0	0.34
26500	0.34	0.43	0.43	0	0	0.34
26600	0.34	0.43	0.43	0	0	0.34
26700	0.34	0.43	0.43	0	0	0.34
26800	0.35	0.43	0.43	0	0	0.35
26900	0.36	0.43	0.43	0	0	0.36
27000	0.36	0.42	0.42	0	0	0.36
27100	0.35	0.42	0.42	0	0	0.35
27200	0.35	0.42	0.42	0	0	0.35
27300	0.35	0.43	0.43	0	0	0.35
27400	0.35	0.43	0.43	0	0	0.35
27500	0.36	0.43	0.43	0	0	0.36
27600	0.34	0.43	0.43	0	0	0.34
27700	0.34	0.43	0.43	0	0	0.34
27800	0.33	0.43	0.43	0	0	0.33
27900	0.33	0.43	0.43	0	0	0.33
28000	0.32	0.44	0.44	0	0	0.32
28100	0.32	0.44	0.44	0	0	0.32
28200	0.32	0.44	0.44	0	0	0.32
28300	0.32	0.44	0.44	0	0	0.32
28400	0.32	0.44	0.44	0	0	0.32
28500	0.32	0.44	0.44	0	0	0.32
28600	0.31	0.44	0.44	0	0	0.31
28700	0.31	0.44	0.44	0	0	0.31
28800	0.31	0.44	0.44	0	0	0.31
28900	0.31	0.44	0.44	0	0	0.31
29000	0.31	0.44	0.44	0	0	0.31
29100	0.31	0.44	0.44	0	0	0.31
29200	0.32	0.44	0.44	0	0	0.32
29300	0.31	0.44	0.44	0	0	0.31
29400	0.31	0.44	0.44	0	0	0.31
29500	0.31	0.44	0.44	0	0	0.31
29600	0.32	0.44	0.44	0	0	0.32
29700	0.32	0.44	0.44	0	0	0.32
29800	0.32	0.44	0.44	0	0	0.32
29900	0.32	0.44	0.44	0	0	0.32
30000	0.32	0.45	0.45	0	0	0.32
30100	0.32	0.45	0.45	0	0	0.32
30200	0.34	0.45	0.45	0	0	0.34
30300	0.34	0.45	0.45	0	0	0.34
30400	0.34	0.45	0.45	0	0	0.34
30500	0.34	0.46	0.46	0	0	0.34
30600	0.34	0.46	0.46	0	0	0.34
30700	0.34	0.46	0.46	0	0	0.34
30800	0.34	0.46	0.46	0	0	0.34
30900	0.34	0.46	0.46	0	0	0.34
31000	0.35	0.46	0.46	0	0	0.35
31100	0.34	0.46	0.46	0	0	0.34
31200	0.34	0.46	0.46	0	0	0.34
31300	0.34	0.46	0.46	0	0	0.34
31400	0.34	0.46	0.46	0	0	0.34
31500	0.34	0.46	0.46	0	0	0.34
31600	0.34	0.46	0.46	0	0	0.34
31700	0.35	0.46	0.46	0	0	0.35
31800	0.35	0.46	0.46	0	0	0.35
31900	0.34	0.47	0.47	0	0	0.34
32000	0.34	0.47	0.47	0	0	0.34
32100	0.34	0.48	0.48	0	0	0.34
32200	0.34	0.48	0.48	0	0	0.34
32300	0.32	0.47	0.47	0	0	0.32
32400	0.32	0.47	0.47	0	0	0.32
32500	0.33	0.47	0.47	0	0	0.33
32600	0.33	0.47	0.47	0	0	0.33
32700	0.33	0.46	0.46	0	0	0.33
32800	0.33	0.46	0.46	0	0	0.33
32900	0.34	0.45	0.45	0	0	0.34
33000	0.33	0.45	0.45	0	0	0.33
33100	0.33	0.44	0.44	0	0	0.33
33200	0.33	0.43	0.43	0	0	0.33
33300	0.33	0.43	0.43	0	0	0.33
33400	0.33	0.44	0.44	0	0	0.33
33500	0.33	0.43	0.43	0	0	0.33
33600	0.33	0.43	0.43	0	0	0.33
33700	0.33	0.43	0.43	0	0	0.33
33800	0.33	0.43	0.43	0	0	0.33
33900	0.34	0.43	0.43	0	0	0.34
34000	0.34	0.44	0.44	0	0	0.34
34100	0.34	0.44	0.44	0	0	0.34
34200	0.35	0.44	0.44	0	0	0.35
34300	0.34	0.44	0.44	0	0	0.34
34400	0.35	0.45	0.45	0	0	0.35
34500	0.33	0.46	0.46	0	0	0.33
34600	0.33	0.47	0.47	0	0	0.33
34700	0.33	0.47	0.47	0	0	0.33
34800	0.33	0.47	0.47	0	0	0.33
34900	0.33	0.47	0.47	0	0	0.33
35000	0.33	0.47	0.47	0	0	0.33
35100	0.33	0.47	0.47	0	0	0.33
35200	0.33	0.47	0.47	0	0	0.33
35300	0.33	0.48	0.48	0	0	0.33
35400	0.33	0.48	0.48	0	0	0.33
35500	0.34	0.48	0.48	0	0	0.34
35600	0.34	0.48	0.48	0	0	0.34
35700	0.34	0.48	0.48	0	0	0.34
35800	0.34	0.48	0.48	0	0	0.34
35900	0.35	0.48	0.48	0	0	0.35
36000	0.35	0.48	0.48	0	0	0.35
36100	0.35	0.48	0.48	0	0	0.35
36200	0.35	0.48	0.48	0	0	0.35
36300	0.35	0.48	0.48	0	0	0.35
36400	0.35	0.49	0.49	0	0	0.35
36500	0.35	0.49	0.49	0	0	0.35
36600	0.35	0.49	0.49	0	0	0.35
36700	0.35	0.49	0.49	0	0	0.35
36800	0.35	0.49	0.49	0	0	0.35
36900	0.35	0.49	0.49	0	0	0.35
37000	0.35	0.49	0.49	0	0	0.35
37100	0.35	0.49	0.49	0	0	0.35
37200	0.35	0.49	0.49	0	0	0.35
37300	0.36	0.49	0.49	0	0	0.36
37400	0.36	0.49	0.49	0	0	0.36
37500	0.36	0.49	0.49	0	0	0.36
37600	0.36	0.49	0.49	0	0	0.36
37700	0.35	0.49	0.49	0	0	0.35
37800	0.35	0.49	0.49	0	0	0.35
37900	0.35	0.49	0.49	0	0	0.35
38000	0.35	0.49	0.49	0	0	0.35
38100	0.35	0.49	0.49	0	0	0.35
38200	0.35	0.49	0.49	0	0	0.35
38300	0.35	0.49	0.49	0	0	0.35
38400	0.36	0.49	0.49	0	0	0.36
38500	0.36	0.49	0.49	0	0	0.36
38600	0.36	0.49	0.49	0	0	0.36
38700	0.36	0.49	0.49	0	0	0.36
38800	0.36	0.49	0.49	0	0	0.36
38900	0.36	0.49	0.49	0	0	0.36
39000	0.36	0.49	0.49	0	0	0.36
39100	0.36	0.49	0.49	0	0	0.36
39200	0.36	0.49	0.49	0	0	0.36
39300	0.36	0.49	0.49	0	0	0.36
39400	0.36	0.49	0.49	0	0	0.36
39500	0.37	0.49	0.49	0	0	0.37
39600	0.37	0.49	0.49	0	0	0.37
39700	0.36	0.48	0.48	0	0	0.36
39800	0.36	0.49	0.49	0	0	0.36
39900	0.37	0.49	0.49	0	0	0.37
40000	0.37	0.49	0.49	0	0	0.37
40100	0.36	0.49	0.49	0	0	0.36
40200	0.36	0.49	0.49	0	0	0.36
40300	0.36	0.49	0.49	0	0	0.36
40400	0.37	0.49	0.49	0	0	0.37
40500	0.36	0.48	0.48	0	0	0.36
40600	0.36	0.48	0.48	0	0	0.36
40700	0.36	0.49	0.49	0	0	0.36
40800	0.36	0.49	0.49	0	0	0.36
40900	0.36	0.49	0.49	0	0	0.36
41000	0.36	0.49	0.49	0	0	0.36
41100	0.36	0.49	0.49	0	0	0.36
41200	0.36	0.49	0.49	0	0	0.36
41300	0.36	0.49	0.49	0	0	0.36
41400	0.36	0.49	0.49	0	0	0.36
41500	0.36	0.49	0.49	0	0	0.36
41600	0.36	0.49	0.49	0	0	0.36
41700	0.36	0.5	0.5	0	0	0.36
41800	0.36	0.5	0.5	0	0	0.36
41900	0.36	0.49	0.49	0	0	0.36
42000	0.36	0.49	0.49	0	0	0.36
42100	0.36	0.49	0.49	0	0	0.36
42200	0.36	0.48	0.48	0	0	0.36
42300	0.36	0.47	0.47	0	0	0.36
42400	0.37	0.47	0.47	0	0	0.37
42500	0.37	0.48	0.48	0	0	0.37
42600	0.37	0.48	0.48	0	0	0.37
42700	0.37	0.48	0.48	0	0	0.37
42800	0.37	0.48	0.48	0	0	0.37
42900	0.37	0.48	0.48	0	0	0.37
43000	0.37	0.48	0.48	0	0	0.37
43100	0.37	0.49	0.49	0	0	0.37
43200	0.37	0.48	0.48	0	0	0.37
43300	0.37	0.48	0.48	0	0	0.37
43400	0.37	0.48	0.48	0	0	0.37
43500	0.37	0.48	0.48	0	0	0.37
43600	0.37	0.48	0.48	0	0	0.37
43700	0.37	0.48	0.48	0	0	0.37
43800	0.37	0.48	0.48	0	0	0.37
43900	0.37	0.48	0.48	0	0	0.37
44000	0.37	0.48	0.48	0	0	0.37
44100	0.37	0.48	0.48	0	0	0.37
44200	0.37	0.49	0.49	0	0	0.37
44300	0.37	0.49	0.49	0	0	0.37
44400	0.37	0.49	0.49	0	0	0.37
44500	0.38	0.49	0.49	0	0	0.38
44600	0.38	0.49	0.49	0	0	0.38
44700	0.38	0.49	0.49	0	0	0.38
44800	0.38	0.49	0.49	0	0	0.38
44900	0.38	0.48	0.48	0	0	0.38
45000	0.38	0.47	0.47	0	0	0.38
45100	0.38	0.46	0.46	0	0	0.38
45200	0.38	0.46	0.46	0	0	0.38
45300	0.37	0.45	0.45	0	0	0.37
45400	0.38	0.45	0.45	0	0	0.38
45500	0.37	0.45	0.45	0	0	0.37
45600	0.37	0.45	0.45	0	0	0.37
45700	0.37	0.45	0.45	0	0	0.37
45800	0.37	0.45	0.45	0	0	0.37
45900	0.37	0.44	0.44	0	0	0.37
46000	0.37	0.44	0.44	0	0	0.37
46100	0.37	0.42	0.42	0	0	0.37
46200	0.37	0.42	0.42	0	0	0.37
46300	0.37	0.43	0.43	0	0	0.37
46400	0.37	0.43	0.43	0	0	0.37
46500	0.37	0.43	0.43	0	0	0.37
46600	0.37	0.44	0.44	0	0	0.37
46700	0.37	0.43	0.43	0	0	0.37
46800	0.37	0.43	0.43	0	0	0.37
46900	0.37	0.43	0.43	0	0	0.37
47000	0.38	0.42	0.42	0	0	0.38
47100	0.37	0.42	0.42	0	0	0.37
47200	0.38	0.42	0.42	0	0	0.38
47300	0.38	0.42	0.42	0	0	0.38
47400	0.38	0.42	0.42	0	0	0.38
47500	0.37	0.42	0.42	0	0	0.37
47600	0.37	0.42	0.42	0	0	0.37
47700	0.37	0.42	0.42	0	0	0.37
47800	0.37	0.43	0.43	0	0	0.37
47900	0.37	0.42	0.42	0	0	0.37
48000	0.37	0.42	0.42	0	0	0.37
48100	0.37	0.42	0.42	0	0	0.37
48200	0.37	0.42	0.42	0	0	0.37
48300	0.37	0.42	0.42	0	0	0.37
48400	0.37	0.42	0.42	0	0	0.37
48500	0.37	0.42	0.42	0	0	0.37
48600	0.37	0.42	0.42	0	0	0.37
48700	0.37	0.42	0.42	0	0	0.37
48800	0.37	0.42	0.42	0	0	0.37
48900	0.37	0.42	0.42	0	0	0.37
49000	0.37	0.42	0.42	0	0	0.37
49100	0.37	0.42	0.42	0	0	0.37
49200	0.37	0.42	0.42	0	0	0.37
49300	0.37	0.42	0.42	0	0	0.37
49400	0.37	0.42	0.42	0	0	0.37
49500	0.37	0.42	0.42	0	0	0.37
49600	0.37	0.42	0.42	0	0	0.37
49700	0.37	0.43	0.43	0	0	0.37
49800	0.37	0.43	0.43	0	0	0.37
49900	0.37	0.43	0.43	0	0	0.37
50000	0.37	0.43	0.43	0	0	0.37
50100	0.37	0.43	0.43	0	0	0.37
50200	0.37	0.43	0.43	0	0	0.37
50300	0.37	0.43	0.43	0	0	0.37
50400	0.37	0.43	0.43	0	0	0.37
50500	0.38	0.43	0.43	0	0	0.38
50600	0.38	0.43	0.43	0	0	0.38
50700	0.39	0.43	0.43	0	0	0.39
50800	0.39	0.43	0.43	0	0	0.39
50900	0.39	0.43	0.43	0	0	0.39
51000	0.39	0.43	0.43	0	0	0.39
51100	0.39	0.43	0.43	0	0	0.39
51200	0.39	0.43	0.43	0	0	0.39
51300	0.39	0.43	0.43	0	0	0.39
51400	0.39	0.44	0.44	0	0	0.39
51500	0.39	0.44	0.44	0	0	0.39
51600	0.39	0.43	0.43	0	0	0.39
51700	0.39	0.43	0.43	0	0	0.39
51800	0.39	0.43	0.43	0	0	0.39
51900	0.39	0.43	0.43	0	0	0.39
52000	0.39	0.43	0.43	0	0	0.39
52100	0.38	0.43	0.43	0	0	0.38
52200	0.38	0.44	0.44	0	0	0.38
52300	0.37	0.44	0.44	0	0	0.37
52400	0.34	0.44	0.44	0	0	0.34
52500	0.34	0.44	0.44	0	0	0.34
52600	0.33	0.45	0.45	0	0	0.33
52700	0.33	0.45	0.45	0	0	0.33
52800	0.33	0.45	0.45	0	0	0.33
52900	0.33	0.45	0.45	0	0	0.33
53000	0.33	0.45	0.45	0	0	0.33
53100	0.31	0.45	0.45	0	0	0.31
53200	0.31	0.45	0.45	0	0	0.31
53300	0.31	0.45	0.45	0	0	0.31
53400	0.31	0.45	0.45	0	0	0.31
53500	0.31	0.45	0.45	0	0	0.31
53600	0.31	0.45	0.45	0	0	0.31
53700	0.31	0.45	0.45	0	0	0.31
53800	0.31	0.45	0.45	0	0	0.31
53900	0.31	0.45	0.45	0	0	0.31
54000	0.32	0.45	0.45	0	0	0.32
54100	0.32	0.45	0.45	0	0	0.32
54200	0.32	0.45	0.45	0	0	0.32
54300	0.32	0.45	0.45	0	0	0.32
54400	0.32	0.45	0.45	0	0	0.32
54500	0.32	0.46	0.46	0	0	0.32
54600	0.32	0.46	0.46	0	0	0.32
54700	0.32	0.45	0.45	0	0	0.32
54800	0.32	0.45	0.45	0	0	0.32
54900	0.33	0.45	0.45	0	0	0.33
55000	0.33	0.44	0.44	0	0	0.33
55100	0.33	0.44	0.44	0	0	0.33
55200	0.33	0.44	0.44	0	0	0.33
55300	0.33	0.44	0.44	0	0	0.33
55400	0.33	0.44	0.44	0	0	0.33
55500	0.33	0.44	0.44	0	0	0.33
55600	0.33	0.44	0.44	0	0	0.33
55700	0.33	0.44	0.44	0	0	0.33
55800	0.33	0.44	0.44	0	0	0.33
55900	0.34	0.45	0.45	0	0	0.34
56000	0.33	0.45	0.45	0	0	0.33
56100	0.34	0.45	0.45	0	0	0.34
56200	0.33	0.45	0.45	0	0	0.33
56300	0.33	0.45	0.45	0	0	0.33
56400	0.33	0.45	0.45	0	0	0.33
56500	0.33	0.45	0.45	0	0	0.33
56600	0.34	0.45	0.45	0	0	0.34
56700	0.34	0.45	0.45	0	0	0.34
56800	0.34	0.45	0.45	0	0	0.34
56900	0.34	0.45	0.45	0	0	0.34
57000	0.33	0.45	0.45	0	0	0.33
57100	0.33	0.45	0.45	0	0	0.33
57200	0.33	0.45	0.45	0	0	0.33
57300	0.34	0.45	0.45	0	0	0.34
57400	0.34	0.45	0.45	0	0	0.34
57500	0.34	0.45	0.45	0	0	0.34
57600	0.34	0.45	0.45	0	0	0.34
57700	0.34	0.45	0.45	0	0	0.34
57800	0.33	0.45	0.45	0	0	0.33
57900	0.33	0.44	0.44	0	0	0.33
58000	0.33	0.44	0.44	0	0	0.33
58100	0.32	0.44	0.44	0	0	0.32
58200	0.32	0.43	0.43	0	0	0.32
58300	0.32	0.44	0.44	0	0	0.32
58400	0.32	0.43	0.43	0	0	0.32
58500	0.32	0.43	0.43	0	0	0.32
58600	0.33	0.43	0.43	0	0	0.33
58700	0.33	0.43	0.43	0	0	0.33
58800	0.32	0.43	0.43	0	0	0.32
58900	0.32	0.43	0.43	0	0	0.32
59000	0.31	0.44	0.44	0	0	0.31
59100	0.31	0.44	0.44	0	0	0.31
59200	0.31	0.44	0.44	0	0	0.31
59300	0.31	0.44	0.44	0	0	0.31
59400	0.31	0.44	0.44	0	0	0.31
59500	0.32	0.44	0.44	0	0	0.32
59600	0.32	0.44	0.44	0	0	0.32
59700	0.32	0.44	0.44	0	0	0.32
59800	0.32	0.44	0.44	0	0	0.32
59900	0.32	0.44	0.44	0	0	0.32
60000	0.32	0.44	0.44	0	0	0.32
60100	0.32	0.44	0.44	0	0	0.32
60200	0.32	0.45	0.45	0	0	0.32
60300	0.32	0.45	0.45	0	0	0.32
60400	0.32	0.45	0.45	0	0	0.32
60500	0.32	0.45	0.45	0	0	0.32
60600	0.32	0.46	0.46	0	0	0.32
60700	0.33	0.46	0.46	0	0	0.33
60800	0.32	0.46	0.46	0	0	0.32
60900	0.32	0.46	0.46	0	0	0.32
61000	0.32	0.46	0.46	0	0	0.32
61100	0.32	0.46	0.46	0	0	0.32
61200	0.32	0.46	0.46	0	0	0.32
61300	0.32	0.46	0.46	0	0	0.32
61400	0.32	0.46	0.46	0	0	0.32
61500	0.32	0.46	0.46	0	0	0.32
61600	0.32	0.47	0.47	0	0	0.32
61700	0.32	0.47	0.47	0	0	0.32
61800	0.33	0.47	0.47	0	0	0.33
61900	0.32	0.47	0.47	0	0	0.32
62000	0.32	0.47	0.47	0	0	0.32
62100	0.32	0.47	0.47	0	0	0.32
62200	0.32	0.47	0.47	0	0	0.32
62300	0.32	0.47	0.47	0	0	0.32
62400	0.32	0.47	0.47	0	0	0.32
62500	0.32	0.47	0.47	0	0	0.32
62600	0.32	0.47	0.47	0	0	0.32
62700	0.32	0.47	0.47	0	0	0.32
62800	0.32	0.47	0.47	0	0	0.32
62900	0.32	0.47	0.47	0	0	0.32
63000	0.32	0.47	0.47	0	0	0.32
63100	0.32	0.47	0.47	0	0	0.32
63200	0.32	0.47	0.47	0	0	0.32
63300	0.32	0.47	0.47	0	0	0.32
63400	0.32	0.48	0.48	0	0	0.32
63500	0.32	0.47	0.47	0	0	0.32
63600	0.33	0.47	0.47	0	0	0.33
63700	0.33	0.47	0.47	0	0	0.33
63800	0.34	0.47	0.47	0	0	0.34
63900	0.35	0.48	0.48	0	0	0.35
64000	0.34	0.48	0.48	0	0	0.34
64100	0.34	0.47	0.47	0	0	0.34
64200	0.34	0.47	0.47	0	0	0.34
64300	0.34	0.47	0.47	0	0	0.34
64400	0.31	0.47	0.47	0	0	0.31
64500	0.31	0.47	0.47	0	0	0.31
64600	0.3	0.47	0.47	0	0	0.3
64700	0.29	0.48	0.48	0	0	0.29
64800	0.29	0.48	0.48	0	0	0.29
64900	0.29	0.48	0.48	0	0	0.29
65000	0.29	0.48	0.48	0	0	0.29
65100	0.3	0.48	0.48	0	0	0.3
65200	0.3	0.48	0.48	0	0	0.3
65300	0.3	0.48	0.48	0	0	0.3
65400	0.3	0.48	0.48	0	0	0.3
65500	0.29	0.48	0.48	0	0	0.29
65600	0.29	0.47	0.47	0	0	0.29
65700	0.28	0.47	0.47	0	0	0.28
65800	0.28	0.47	0.47	0	0	0.28
65900	0.29	0.47	0.47	0	0	0.29
66000	0.29	0.47	0.47	0	0	0.29
66100	0.29	0.47	0.47	0	0	0.29
66200	0.29	0.47	0.47	0	0	0.29
66300	0.3	0.46	0.46	0	0	0.3
66400	0.31	0.46	0.46	0	0	0.31
66500	0.31	0.46	0.46	0	0	0.31
66600	0.3	0.46	0.46	0	0	0.3
66700	0.31	0.46	0.46	0	0	0.31
66800	0.31	0.46	0.46	0	0	0.31
66900	0.3	0.46	0.46	0	0	0.3
67000	0.3	0.46	0.46	0	0	0.3
67100	0.3	0.46	0.46	0	0	0.3
67200	0.31	0.46	0.46	0	0	0.31
67300	0.31	0.46	0.46	0	0	0.31
67400	0.3	0.46	0.46	0	0	0.3
67500	0.29	0.46	0.46	0	0	0.29
67600	0.3	0.46	0.46	0	0	0.3
67700	0.3	0.47	0.47	0	0	0.3
67800	0.3	0.47	0.47	0	0	0.3
67900	0.3	0.47	0.47	0	0	0.3
68000	0.3	0.47	0.47	0	0	0.3
68100	0.3	0.47	0.47	0	0	0.3
68200	0.3	0.47	0.47	0	0	0.3
68300	0.29	0.47	0.47	0	0	0.29
68400	0.29	0.48	0.48	0	0	0.29
68500	0.29	0.48	0.48	0	0	0.29
68600	0.29	0.48	0.48	0	0	0.29
68700	0.29	0.48	0.48	0	0	0.29
68800	0.3	0.49	0.49	0	0	0.3
68900	0.3	0.49	0.49	0	0	0.3
69000	0.29	0.48	0.48	0	0	0.29
69100	0.29	0.47	0.47	0	0	0.29
69200	0.29	0.47	0.47	0	0	0.29
69300	0.29	0.47	0.47	0	0	0.29
69400	0.29	0.47	0.47	0	0	0.29
69500	0.29	0.48	0.48	0	0	0.29
69600	0.29	0.47	0.47	0	0	0.29
69700	0.29	0.47	0.47	0	0	0.29
69800	0.29	0.46	0.46	0	0	0.29
69900	0.29	0.46	0.46	0	0	0.29
70000	0.29	0.46	0.46	0	0	0.29
70100	0.29	0.46	0.46	0	0	0.29
70200	0.29	0.46	0.46	0	0	0.29
70300	0.29	0.46	0.46	0	0	0.29
70400	0.28	0.46	0.46	0	0	0.28
70500	0.29	0.46	0.46	0	0	0.29
70600	0.29	0.46	0.46	0	0	0.29
70700	0.29	0.46	0.46	0	0	0.29
70800	0.29	0.47	0.47	0	0	0.29
70900	0.29	0.47	0.47	0	0	0.29
71000	0.3	0.47	0.47	0	0	0.3
71100	0.3	0.47	0.47	0	0	0.3
71200	0.3	0.48	0.48	0	0	0.3
71300	0.3	0.47	0.47	0	0	0.3
71400	0.31	0.47	0.47	0	0	0.31
71500	0.31	0.46	0.46	0	0	0.31
71600	0.31	0.46	0.46	0	0	0.31
71700	0.32	0.46	0.46	0	0	0.32
71800	0.33	0.46	0.46	0	0	0.33
71900	0.32	0.46	0.46	0	0	0.32
72000	0.32	0.46	0.46	0	0	0.32
72100	0.32	0.47	0.47	0	0	0.32
72200	0.32	0.47	0.47	0	0	0.32
72300	0.32	0.48	0.48	0	0	0.32
72400	0.32	0.48	0.48	0	0	0.32
72500	0.32	0.48	0.48	0	0	0.32
72600	0.32	0.48	0.48	0	0	0.32
72700	0.32	0.47	0.47	0	0	0.32
72800	0.32	0.47	0.47	0	0	0.32
72900	0.32	0.47	0.47	0	0	0.32
73000	0.32	0.47	0.47	0	0	0.32
73100	0.32	0.48	0.48	0	0	0.32
73200	0.32	0.48	0.48	0	0	0.32
73300	0.33	0.47	0.47	0	0	0.33
73400	0.33	0.47	0.47	0	0	0.33
73500	0.33	0.47	0.47	0	0	0.33
73600	0.34	0.47	0.47	0	0	0.34
73700	0.33	0.47	0.47	0	0	0.33
73800	0.29	0.48	0.48	0	0	0.29
73900	0.29	0.48	0.48	0	0	0.29
74000	0.29	0.48	0.48	0	0	0.29
74100	0.29	0.48	0.48	0	0	0.29
74200	0.29	0.47	0.47	0	0	0.29
74300	0.29	0.47	0.47	0	0	0.29
74400	0.29	0.47	0.47	0	0	0.29
74500	0.29	0.47	0.47	0	0	0.29
74600	0.29	0.47	0.47	0	0	0.29
74700	0.29	0.47	0.47	0	0	0.29
74800	0.3	0.47	0.47	0	0	0.3
74900	0.31	0.47	0.47	0	0	0.31
75000	0.31	0.47	0.47	0	0	0.31
75100	0.32	0.47	0.47	0	0	0.32
75200	0.32	0.47	0.47	0	0	0.32
75300	0.31	0.46	0.46	0	0	0.31
75400	0.31	0.47	0.47	0	0	0.31
75500	0.31	0.46	0.46	0	0	0.31
75600	0.3	0.46	0.46	0	0	0.3
75700	0.3	0.46	0.46	0	0	0.3
75800	0.3	0.46	0.46	0	0	0.3
75900	0.3	0.46	0.46	0	0	0.3
76000	0.3	0.46	0.46	0	0	0.3
76100	0.3	0.46	0.46	0	0	0.3
76200	0.3	0.46	0.46	0	0	0.3
76300	0.3	0.46	0.46	0	0	0.3
76400	0.3	0.46	0.46	0	0	0.3
76500	0.3	0.46	0.46	0	0	0.3
76600	0.31	0.45	0.45	0	0	0.31
76700	0.31	0.46	0.46	0	0	0.31
76800	0.31	0.46	0.46	0	0	0.31
76900	0.31	0.47	0.47	0	0	0.31
77000	0.31	0.47	0.47	0	0	0.31
77100	0.31	0.46	0.46	0	0	0.31
77200	0.31	0.46	0.46	0	0	0.31
77300	0.31	0.46	0.46	0	0	0.31
77400	0.31	0.46	0.46	0	0	0.31
77500	0.32	0.46	0.46	0	0	0.32
77600	0.32	0.46	0.46	0	0	0.32
77700	0.32	0.46	0.46	0	0	0.32
77800	0.32	0.46	0.46	0	0	0.32
77900	0.32	0.46	0.46	0	0	0.32
78000	0.31	0.46	0.46	0	0	0.31
78100	0.31	0.46	0.46	0	0	0.31
78200	0.31	0.46	0.46	0	0	0.31
78300	0.31	0.46	0.46	0	0	0.31
78400	0.31	0.45	0.45	0	0	0.31
78500	0.31	0.44	0.44	0	0	0.31
78600	0.31	0.44	0.44	0	0	0.31
78700	0.32	0.45	0.45	0	0	0.32
78800	0.32	0.45	0.45	0	0	0.32
78900	0.32	0.45	0.45	0	0	0.32
79000	0.32	0.45	0.45	0	0	0.32
79100	0.32	0.45	0.45	0	0	0.32
79200	0.31	0.45	0.45	0	0	0.31
79300	0.31	0.45	0.45	0	0	0.31
79400	0.3	0.45	0.45	0	0	0.3
79500	0.3	0.44	0.44	0	0	0.3
79600	0.3	0.45	0.45	0	0	0.3
79700	0.3	0.46	0.46	0	0	0.3
79800	0.3	0.46	0.46	0	0	0.3
79900	0.3	0.45	0.45	0	0	0.3
80000	0.31	0.45	0.45	0	0	0.31
80100	0.32	0.45	0.45	0	0	0.32
80200	0.32	0.45	0.45	0	0	0.32
80300	0.31	0.46	0.46	0	0	0.31
80400	0.31	0.47	0.47	0	0	0.31
80500	0.31	0.46	0.46	0	0	0.31
80600	0.31	0.46	0.46	0	0	0.31
80700	0.31	0.46	0.46	0	0	0.31
80800	0.31	0.46	0.46	0	0	0.31
80900	0.31	0.47	0.47	0	0	0.31
81000	0.31	0.46	0.46	0	0	0.31
81100	0.31	0.46	0.46	0	0	0.31
81200	0.31	0.46	0.46	0	0	0.31
81300	0.31	0.46	0.46	0	0	0.31
81400	0.31	0.46	0.46	0	0	0.31
81500	0.32	0.46	0.46	0	0	0.32
81600	0.32	0.46	0.46	0	0	0.32
81700	0.32	0.46	0.46	0	0	0.32
81800	0.33	0.46	0.46	0	0	0.33
81900	0.33	0.46	0.46	0	0	0.33
82000	0.33	0.46	0.46	0	0	0.33
82100	0.33	0.46	0.46	0	0	0.33
82200	0.33	0.46	0.46	0	0	0.33
82300	0.34	0.46	0.46	0	0	0.34
82400	0.34	0.46	0.46	0	0	0.34
82500	0.34	0.46	0.46	0	0	0.34
82600	0.34	0.46	0.46	0	0	0.34
82700	0.34	0.46	0.46	0	0	0.34
82800	0.34	0.46	0.46	0	0	0.34
82900	0.33	0.46	0.46	0	0	0.33
83000	0.33	0.46	0.46	0	0	0.33
83100	0.34	0.46	0.46	0	0	0.34
83200	0.33	0.46	0.46	0	0	0.33
83300	0.33	0.46	0.46	0	0	0.33
83400	0.33	0.46	0.46	0	0	0.33
83500	0.33	0.46	0.46	0	0	0.33
83600	0.33	0.46	0.46	0	0	0.33
83700	0.32	0.46	0.46	0	0	0.32
83800	0.32	0.46	0.46	0	0	0.32
83900	0.32	0.46	0.46	0	0	0.32
84000	0.32	0.46	0.46	0	0	0.32
84100	0.32	0.46	0.46	0	0	0.32
84200	0.32	0.46	0.46	0	0	0.32
84300	0.32	0.47	0.47	0	0	0.32
84400	0.32	0.47	0.47	0	0	0.32
84500	0.32	0.47	0.47	0	0	0.32
84600	0.32	0.47	0.47	0	0	0.32
84700	0.32	0.47	0.47	0	0	0.32
84800	0.32	0.47	0.47	0	0	0.32
84900	0.32	0.47	0.47	0	0	0.32
85000	0.32	0.47	0.47	0	0	0.32
85100	0.32	0.47	0.47	0	0	0.32
85200	0.33	0.46	0.46	0	0	0.33
85300	0.32	0.47	0.47	0	0	0.32
85400	0.32	0.47	0.47	0	0	0.32
85500	0.32	0.47	0.47	0	0	0.32
85600	0.32	0.47	0.47	0	0	0.32
85700	0.32	0.47	0.47	0	0	0.32
85800	0.32	0.47	0.47	0	0	0.32
85900	0.32	0.46	0.46	0	0	0.32
86000	0.32	0.46	0.46	0	0	0.32
86100	0.32	0.46	0.46	0	0	0.32
86200	0.33	0.46	0.46	0	0	0.33
86300	0.32	0.46	0.46	0	0	0.32
86400	0.32	0.46	0.46	0	0	0.32
86500	0.33	0.46	0.46	0	0	0.33
86600	0.33	0.46	0.46	0	0	0.33
86700	0.33	0.46	0.46	0	0	0.33
86800	0.33	0.46	0.46	0	0	0.33
86900	0.33	0.47	0.47	0	0	0.33
87000	0.33	0.47	0.47	0	0	0.33
87100	0.33	0.47	0.47	0	0	0.33
87200	0.33	0.47	0.47	0	0	0.33
87300	0.33	0.47	0.47	0	0	0.33
87400	0.33	0.46	0.46	0	0	0.33
87500	0.33	0.46	0.46	0	0	0.33
87600	0.33	0.47	0.47	0	0	0.33
87700	0.33	0.47	0.47	0	0	0.33
87800	0.33	0.47	0.47	0	0	0.33
87900	0.33	0.47	0.47	0	0	0.33
88000	0.33	0.47	0.47	0	0	0.33
88100	0.33	0.48	0.48	0	0	0.33
88200	0.33	0.47	0.47	0	0	0.33
88300	0.34	0.47	0.47	0	0	0.34
88400	0.34	0.47	0.47	0	0	0.34
88500	0.34	0.47	0.47	0	0	0.34
88600	0.34	0.47	0.47	0	0	0.34
88700	0.34	0.47	0.47	0	0	0.34
88800	0.34	0.47	0.47	0	0	0.34
88900	0.34	0.47	0.47	0	0	0.34
89000	0.34	0.48	0.48	0	0	0.34
89100	0.34	0.48	0.48	0	0	0.34
89200	0.34	0.48	0.48	0	0	0.34
89300	0.34	0.48	0.48	0	0	0.34
89400	0.34	0.48	0.48	0	0	0.34
89500	0.35	0.49	0.49	0	0	0.35
89600	0.34	0.49	0.49	0	0	0.34
89700	0.34	0.49	0.49	0	0	0.34
89800	0.34	0.49	0.49	0	0	0.34
89900	0.34	0.49	0.49	0	0	0.34
90000	0.34	0.5	0.5	0	0	0.34
90100	0.34	0.5	0.5	0	0	0.34
90200	0.34	0.5	0.5	0	0	0.34
90300	0.35	0.49	0.49	0	0	0.35
90400	0.35	0.49	0.49	0	0	0.35
90500	0.35	0.49	0.49	0	0	0.35
90600	0.35	0.48	0.48	0	0	0.35
90700	0.35	0.48	0.48	0	0	0.35
90800	0.35	0.49	0.49	0	0	0.35
90900	0.35	0.48	0.48	0	0	0.35
91000	0.35	0.49	0.49	0	0	0.35
91100	0.35	0.48	0.48	0	0	0.35
91200	0.35	0.48	0.48	0	0	0.35
91300	0.35	0.48	0.48	0	0	0.35
91400	0.35	0.48	0.48	0	0	0.35
91500	0.35	0.48	0.48	0	0	0.35
91600	0.35	0.48	0.48	0	0	0.35
91700	0.35	0.48	0.48	0	0	0.35
91800	0.35	0.48	0.48	0	0	0.35
91900	0.35	0.48	0.48	0	0	0.35
92000	0.35	0.48	0.48	0	0	0.35
92100	0.35	0.48	0.48	0	0	0.35
92200	0.35	0.48	0.48	0	0	0.35
92300	0.35	0.48	0.48	0	0	0.35
92400	0.35	0.48	0.48	0	0	0.35
92500	0.35	0.48	0.48	0	0	0.35
92600	0.35	0.48	0.48	0	0	0.35
92700	0.35	0.48	0.48	0	0	0.35
92800	0.35	0.48	0.48	0	0	0.35
92900	0.35	0.48	0.48	0	0	0.35
93000	0.35	0.48	0.48	0	0	0.35
93100	0.35	0.48	0.48	0	0	0.35
93200	0.35	0.48	0.48	0	0	0.35
93300	0.35	0.48	0.48	0	0	0.35
93400	0.35	0.48	0.48	0	0	0.35
93500	0.35	0.48	0.48	0	0	0.35
93600	0.35	0.48	0.48	0	0	0.35
93700	0.35	0.48	0.48	0	0	0.35
93800	0.35	0.48	0.48	0	0	0.35
93900	0.35	0.48	0.48	0	0	0.35
94000	0.35	0.48	0.48	0	0	0.35
94100	0.35	0.48	0.48	0	0	0.35
94200	0.35	0.48	0.48	0	0	0.35
94300	0.35	0.48	0.48	0	0	0.35
94400	0.35	0.48	0.48	0	0	0.35
94500	0.35	0.48	0.48	0	0	0.35
94600	0.35	0.48	0.48	0	0	0.35
94700	0.35	0.48	0.48	0	0	0.35
94800	0.35	0.48	0.48	0	0	0.35
94900	0.35	0.48	0.48	0	0	0.35
95000	0.35	0.48	0.48	0	0	0.35
95100	0.35	0.48	0.48	0	0	0.35
95200	0.35	0.49	0.49	0	0	0.35
95300	0.35	0.48	0.48	0	0	0.35
95400	0.36	0.48	0.48	0	0	0.36
95500	0.36	0.48	0.48	0	0	0.36
95600	0.36	0.48	0.48	0	0	0.36
95700	0.36	0.48	0.48	0	0	0.36
95800	0.36	0.49	0.49	0	0	0.36
95900	0.36	0.49	0.49	0	0	0.36
96000	0.36	0.49	0.49	0	0	0.36
96100	0.36	0.49	0.49	0	0	0.36
96200	0.36	0.49	0.49	0	0	0.36
96300	0.36	0.49	0.49	0	0	0.36
96400	0.36	0.49	0.49	0	0	0.36
96500	0.36	0.49	0.49	0	0	0.36
96600	0.36	0.49	0.49	0	0	0.36
96700	0.36	0.49	0.49	0	0	0.36
96800	0.36	0.49	0.49	0	0	0.36
96900	0.36	0.49	0.49	0	0	0.36
97000	0.36	0.49	0.49	0	0	0.36
97100	0.36	0.49	0.49	0	0	0.36
97200	0.36	0.49	0.49	0	0	0.36
97300	0.36	0.49	0.49	0	0	0.36
97400	0.36	0.49	0.49	0	0	0.36
97500	0.36	0.49	0.49	0	0	0.36
97600	0.36	0.49	0.49	0	0	0.36
97700	0.36	0.49	0.49	0	0	0.36
97800	0.36	0.49	0.49	0	0	0.36
97900	0.36	0.49	0.49	0	0	0.36
98000	0.36	0.49	0.49	0	0	0.36
98100	0.36	0.49	0.49	0	0	0.36
98200	0.36	0.49	0.49	0	0	0.36
98300	0.36	0.49	0.49	0	0	0.36
98400	0.37	0.48	0.48	0	0	0.37
98500	0.36	0.48	0.48	0	0	0.36
98600	0.36	0.48	0.48	0	0	0.36
98700	0.36	0.48	0.48	0	0	0.36
98800	0.36	0.48	0.48	0	0	0.36
98900	0.36	0.48	0.48	0	0	0.36
99000	0.36	0.48	0.48	0	0	0.36
99100	0.36	0.48	0.48	0	0	0.36
99200	0.36	0.47	0.47	0	0	0.36
99300	0.36	0.46	0.46	0	0	0.36
99400	0.37	0.47	0.47	0	0	0.37
99500	0.37	0.47	0.47	0	0	0.37
99600	0.37	0.47	0.47	0	0	0.37
99700	0.37	0.48	0.48	0	0	0.37
99800	0.37	0.48	0.48	0	0	0.37
99900	0.37	0.48	0.48	0	0	0.37
100000	0.37	0.48	0.48	0	0	0.37
100100	0.36	0.48	0.48	0	0	0.36
100200	0.36	0.48	0.48	0	0	0.36
100300	0.37	0.48	0.48	0	0	0.37
100400	0.37	0.48	0.48	0	0	0.37
100500	0.37	0.48	0.48	0	0	0.37
100600	0.37	0.48	0.48	0	0	0.37
100700	0.37	0.48	0.48	0	0	0.37
100800	0.37	0.47	0.47	0	0	0.37
100900	0.37	0.47	0.47	0	0	0.37
101000	0.37	0.47	0.47	0	0	0.37
101100	0.37	0.47	0.47	0	0	0.37
101200	0.37	0.47	0.47	0	0	0.37
101300	0.37	0.46	0.46	0	0	0.37
101400	0.37	0.46	0.46	0	0	0.37
101500	0.37	0.46	0.46	0	0	0.37
101600	0.37	0.46	0.46	0	0	0.37
101700	0.37	0.46	0.46	0	0	0.37
101800	0.37	0.46	0.46	0	0	0.37
101900	0.37	0.46	0.46	0	0	0.37
102000	0.37	0.46	0.46	0	0	0.37
102100	0.37	0.46	0.46	0	0	0.37
102200	0.37	0.46	0.46	0	0	0.37
102300	0.37	0.46	0.46	0	0	0.37
102400	0.37	0.46	0.46	0	0	0.37
102500	0.37	0.46	0.46	0	0	0.37
102600	0.38	0.46	0.46	0	0	0.38
102700	0.38	0.46	0.46	0	0	0.38
102800	0.38	0.47	0.47	0	0	0.38
102900	0.38	0.46	0.46	0	0	0.38
103000	0.38	0.46	0.46	0	0	0.38
103100	0.38	0.46	0.46	0	0	0.38
103200	0.38	0.47	0.47	0	0	0.38
103300	0.38	0.47	0.47	0	0	0.38
103400	0.38	0.47	0.47	0	0	0.38
103500	0.39	0.47	0.47	0	0	0.39
103600	0.39	0.47	0.47	0	0	0.39
103700	0.39	0.47	0.47	0	0	0.39
103800	0.39	0.47	0.47	0	0	0.39
103900	0.39	0.47	0.47	0	0	0.39
104000	0.39	0.47	0.47	0	0	0.39
104100	0.39	0.47	0.47	0	0	0.39
104200	0.39	0.47	0.47	0	0	0.39
104300	0.39	0.47	0.47	0	0	0.39
104400	0.39	0.47	0.47	0	0	0.39
104500	0.4	0.47	0.47	0	0	0.4
104600	0.4	0.47	0.47	0	0	0.4
104700	0.4	0.48	0.48	0	0	0.4
104800	0.4	0.48	0.48	0	0	0.4
104900	0.4	0.46	0.46	0	0	0.4
105000	0.41	0.46	0.46	0	0	0.41
105100	0.41	0.46	0.46	0	0	0.41
105200	0.41	0.46	0.46	0	0	0.41
105300	0.41	0.46	0.46	0	0	0.41
105400	0.41	0.46	0.46	0	0	0.41
105500	0.41	0.46	0.46	0	0	0.41
105600	0.41	0.46	0.46	0	0	0.41
105700	0.41	0.46	0.46	0	0	0.41
105800	0.41	0.46	0.46	0	0	0.41
105900	0.4	0.46	0.46	0	0	0.4
106000	0.4	0.47	0.47	0	0	0.4
106100	0.4	0.46	0.46	0	0	0.4
106200	0.4	0.46	0.46	0	0	0.4
106300	0.4	0.47	0.47	0	0	0.4
106400	0.4	0.46	0.46	0	0	0.4
106500	0.4	0.46	0.46	0	0	0.4
106600	0.41	0.46	0.46	0	0	0.41
106700	0.41	0.46	0.46	0	0	0.41
106800	0.41	0.46	0.46	0	0	0.41
106900	0.41	0.46	0.46	0	0	0.41
107000	0.41	0.46	0.46	0	0	0.41
107100	0.41	0.46	0.46	0	0	0.41
107200	0.41	0.46	0.46	0	0	0.41
107300	0.41	0.46	0.46	0	0	0.41
107400	0.41	0.46	0.46	0	0	0.41
107500	0.41	0.46	0.46	0	0	0.41
107600	0.41	0.46	0.46	0	0	0.41
107700	0.41	0.46	0.46	0	0	0.41
107800	0.41	0.46	0.46	0	0	0.41
107900	0.41	0.46	0.46	0	0	0.41
108000	0.41	0.46	0.46	0	0	0.41
108100	0.41	0.46	0.46	0	0	0.41
108200	0.41	0.46	0.46	0	0	0.41
108300	0.41	0.46	0.46	0	0	0.41
108400	0.41	0.47	0.47	0	0	0.41
108500	0.4	0.46	0.46	0	0	0.4
108600	0.4	0.46	0.46	0	0	0.4
108700	0.4	0.46	0.46	0	0	0.4
108800	0.4	0.46	0.46	0	0	0.4
108900	0.4	0.46	0.46	0	0	0.4
109000	0.4	0.46	0.46	0	0	0.4
109100	0.4	0.46	0.46	0	0	0.4
109200	0.4	0.46	0.46	0	0	0.4
109300	0.4	0.46	0.46	0	0	0.4
109400	0.4	0.46	0.46	0	0	0.4
109500	0.4	0.46	0.46	0	0	0.4
109600	0.4	0.46	0.46	0	0	0.4
109700	0.4	0.46	0.46	0	0	0.4
109800	0.4	0.46	0.46	0	0	0.4
109900	0.4	0.46	0.46	0	0	0.4
110000	0.4	0.46	0.46	0	0	0.4
110100	0.4	0.46	0.46	0	0	0.4
110200	0.4	0.46	0.46	0	0	0.4
110300	0.4	0.46	0.46	0	0	0.4
110400	0.4	0.46	0.46	0	0	0.4
110500	0.4	0.46	0.46	0	0	0.4
110600	0.4	0.47	0.47	0	0	0.4
110700	0.4	0.46	0.46	0	0	0.4
110800	0.4	0.46	0.46	0	0	0.4
110900	0.4	0.46	0.46	0	0	0.4
111000	0.4	0.46	0.46	0	0	0.4
111100	0.41	0.46	0.46	0	0	0.41
111200	0.41	0.46	0.46	0	0	0.41
111300	0.41	0.46	0.46	0	0	0.41
111400	0.41	0.46	0.46	0	0	0.41
111500	0.41	0.46	0.46	0	0	0.41
111600	0.41	0.46	0.46	0	0	0.41
111700	0.41	0.46	0.46	0	0	0.41
111800	0.41	0.46	0.46	0	0	0.41
111900	0.41	0.46	0.46	0	0	0.41
112000	0.4	0.46	0.46	0	0	0.4
112100	0.4	0.46	0.46	0	0	0.4
112200	0.4	0.46	0.46	0	0	0.4
112300	0.4	0.46	0.46	0	0	0.4
112400	0.4	0.46	0.46	0	0	0.4
112500	0.39	0.46	0.46	0	0	0.39
112600	0.39	0.46	0.46	0	0	0.39
112700	0.39	0.46	0.46	0	0	0.39
112800	0.39	0.46	0.46	0	0	0.39
112900	0.39	0.46	0.46	0	0	0.39
113000	0.39	0.46	0.46	0	0	0.39
113100	0.39	0.46	0.46	0	0	0.39
113200	0.39	0.46	0.46	0	0	0.39
113300	0.39	0.46	0.46	0	0	0.39
113400	0.39	0.46	0.46	0	0	0.39
113500	0.39	0.46	0.46	0	0	0.39
113600	0.39	0.46	0.46	0	0	0.39
113700	0.39	0.46	0.46	0	0	0.39
113800	0.4	0.46	0.46	0	0	0.4
113900	0.4	0.46	0.46	0	0	0.4
114000	0.41	0.46	0.46	0	0	0.41
114100	0.39	0.46	0.46	0	0	0.39
114200	0.39	0.46	0.46	0	0	0.39
114300	0.39	0.45	0.45	0	0	0.39
114400	0.39	0.45	0.45	0	0	0.39
114500	0.39	0.45	0.45	0	0	0.39
114600	0.39	0.45	0.45	0	0	0.39
114700	0.4	0.45	0.45	0	0	0.4
114800	0.4	0.45	0.45	0	0	0.4
114900	0.4	0.45	0.45	0	0	0.4
115000	0.4	0.45	0.45	0	0	0.4
115100	0.4	0.45	0.45	0	0	0.4
115200	0.39	0.45	0.45	0	0	0.39
115300	0.39	0.45	0.45	0	0	0.39
115400	0.38	0.45	0.45	0	0	0.38
115500	0.38	0.45	0.45	0	0	0.38
115600	0.38	0.45	0.45	0	0	0.38
115700	0.38	0.45	0.45	0	0	0.38
115800	0.38	0.45	0.45	0	0	0.38
115900	0.38	0.45	0.45	0	0	0.38
116000	0.39	0.45	0.45	0	0	0.39
116100	0.39	0.46	0.46	0	0	0.39
116200	0.38	0.46	0.46	0	0	0.38
116300	0.39	0.46	0.46	0	0	0.39
116400	0.4	0.46	0.46	0	0	0.4
116500	0.4	0.46	0.46	0	0	0.4
116600	0.39	0.46	0.46	0	0	0.39
116700	0.38	0.46	0.46	0	0	0.38
116800	0.38	0.46	0.46	0	0	0.38
116900	0.38	0.46	0.46	0	0	0.38
117000	0.37	0.46	0.46	0	0	0.37
117100	0.37	0.46	0.46	0	0	0.37
117200	0.37	0.46	0.46	0	0	0.37
117300	0.36	0.46	0.46	0	0	0.36
117400	0.36	0.46	0.46	0	0	0.36
117500	0.36	0.47	0.47	0	0	0.36
117600	0.36	0.47	0.47	0	0	0.36
117700	0.36	0.47	0.47	0	0	0.36
117800	0.36	0.48	0.48	0	0	0.36
117900	0.36	0.48	0.48	0	0	0.36
118000	0.36	0.47	0.47	0	0	0.36
118100	0.36	0.47	0.47	0	0	0.36
118200	0.36	0.47	0.47	0	0	0.36
118300	0.36	0.47	0.47	0	0	0.36
118400	0.36	0.47	0.47	0	0	0.36
118500	0.36	0.47	0.47	0	0	0.36
118600	0.36	0.47	0.47	0	0	0.36
118700	0.37	0.47	0.47	0	0	0.37
118800	0.37	0.46	0.46	0	0	0.37
118900	0.38	0.46	0.46	0	0	0.38
119000	0.38	0.46	0.46	0	0	0.38
119100	0.38	0.46	0.46	0	0	0.38
119200	0.38	0.46	0.46	0	0	0.38
119300	0.38	0.46	0.46	0	0	0.38
119400	0.38	0.46	0.46	0	0	0.38
119500	0.38	0.45	0.45	0	0	0.38
119600	0.38	0.45	0.45	0	0	0.38
119700	0.37	0.45	0.45	0	0	0.37
119800	0.37	0.45	0.45	0	0	0.37
119900	0.37	0.45	0.45	0	0	0.37
120000	0.37	0.45	0.45	0	0	0.37
120100	0.37	0.46	0.46	0	0	0.37
120200	0.37	0.46	0.46	0	0	0.37
120300	0.37	0.46	0.46	0	0	0.37
120400	0.37	0.46	0.46	0	0	0.37
120500	0.37	0.47	0.47	0	0	0.37
120600	0.37	0.47	0.47	0	0	0.37
120700	0.37	0.46	0.46	0	0	0.37
120800	0.37	0.46	0.46	0	0	0.37
120900	0.37	0.47	0.47	0	0	0.37
121000	0.37	0.46	0.46	0	0	0.37
121100	0.37	0.46	0.46	0	0	0.37
121200	0.37	0.46	0.46	0	0	0.37
121300	0.37	0.45	0.45	0	0	0.37
121400	0.37	0.44	0.44	0	0	0.37
121500	0.37	0.44	0.44	0	0	0.37
121600	0.37	0.44	0.44	0	0	0.37
121700	0.37	0.44	0.44	0	0	0.37
121800	0.37	0.44	0.44	0	0	0.37
121900	0.37	0.44	0.44	0	0	0.37
122000	0.37	0.44	0.44	0	0	0.37
122100	0.37	0.44	0.44	0	0	0.37
122200	0.37	0.44	0.44	0	0	0.37
122300	0.37	0.44	0.44	0	0	0.37
122400	0.37	0.44	0.44	0	0	0.37
122500	0.37	0.44	0.44	0	0	0.37
122600	0.37	0.44	0.44	0	0	0.37
122700	0.37	0.45	0.45	0	0	0.37
122800	0.37	0.45	0.45	0	0	0.37
122900	0.37	0.45	0.45	0	0	0.37
123000	0.37	0.45	0.45	0	0	0.37
123100	0.37	0.44	0.44	0	0	0.37
123200	0.37	0.44	0.44	0	0	0.37
123300	0.37	0.44	0.44	0	0	0.37
123400	0.37	0.44	0.44	0	0	0.37
123500	0.37	0.44	0.44	0	0	0.37
123600	0.37	0.44	0.44	0	0	0.37
123700	0.37	0.44	0.44	0	0	0.37
123800	0.37	0.44	0.44	0	0	0.37
123900	0.37	0.45	0.45	0	0	0.37
124000	0.38	0.45	0.45	0	0	0.38
124100	0.38	0.45	0.45	0	0	0.38
124200	0.38	0.45	0.45	0	0	0.38
124300	0.38	0.44	0.44	0	0	0.38
124400	0.38	0.45	0.45	0	0	0.38
124500	0.38	0.44	0.44	0	0	0.38
124600	0.38	0.44	0.44	0	0	0.38
124700	0.38	0.44	0.44	0	0	0.38
124800	0.38	0.44	0.44	0	0	0.38
124900	0.38	0.45	0.45	0	0	0.38
125000	0.38	0.44	0.44	0	0	0.38
125100	0.38	0.44	0.44	0	0	0.38
125200	0.38	0.44	0.44	0	0	0.38
125300	0.38	0.44	0.44	0	0	0.38
125400	0.38	0.44	0.44	0	0	0.38
125500	0.38	0.44	0.44	0	0	0.38
125600	0.38	0.44	0.44	0	0	0.38
125700	0.38	0.44	0.44	0	0	0.38
125800	0.38	0.44	0.44	0	0	0.38
125900	0.38	0.44	0.44	0	0	0.38
126000	0.38	0.44	0.44	0	0	0.38
126100	0.38	0.44	0.44	0	0	0.38
126200	0.38	0.44	0.44	0	0	0.38
126300	0.38	0.44	0.44	0	0	0.38
126400	0.38	0.44	0.44	0	0	0.38
126500	0.38	0.44	0.44	0	0	0.38
126600	0.38	0.44	0.44	0	0	0.38
126700	0.38	0.45	0.45	0	0	0.38
126800	0.38	0.45	0.45	0	0	0.38
126900	0.38	0.45	0.45	0	0	0.38
127000	0.38	0.45	0.45	0	0	0.38
127100	0.38	0.45	0.45	0	0	0.38
127200	0.38	0.45	0.45	0	0	0.38
127300	0.39	0.45	0.45	0	0	0.39
127400	0.39	0.45	0.45	0	0	0.39
127500	0.39	0.45	0.45	0	0	0.39
127600	0.39	0.45	0.45	0	0	0.39
127700	0.39	0.45	0.45	0	0	0.39
127800	0.39	0.45	0.45	0	0	0.39
127900	0.39	0.45	0.45	0	0	0.39
128000	0.39	0.45	0.45	0	0	0.39
128100	0.39	0.45	0.45	0	0	0.39
128200	0.39	0.45	0.45	0	0	0.39
128300	0.39	0.45	0.45	0	0	0.39
128400	0.4	0.45	0.45	0	0	0.4
128500	0.39	0.45	0.45	0	0	0.39
128600	0.39	0.45	0.45	0	0	0.39
128700	0.39	0.45	0.45	0	0	0.39
128800	0.39	0.45	0.45	0	0	0.39
128900	0.4	0.45	0.45	0	0	0.4
129000	0.4	0.45	0.45	0	0	0.4
129100	0.4	0.45	0.45	0	0	0.4
129200	0.4	0.46	0.46	0	0	0.4
129300	0.4	0.45	0.45	0	0	0.4
129400	0.4	0.45	0.45	0	0	0.4
129500	0.4	0.45	0.45	0	0	0.4
129600	0.4	0.45	0.45	0	0	0.4
129700	0.4	0.45	0.45	0	0	0.4
129800	0.4	0.45	0.45	0	0	0.4
129900	0.4	0.45	0.45	0	0	0.4
130000	0.41	0.45	0.45	0	0	0.41
130100	0.4	0.45	0.45	0	0	0.4
130200	0.4	0.47	0.47	0	0	0.4
130300	0.4	0.46	0.46	0	0	0.4
130400	0.4	0.46	0.46	0	0	0.4
130500	0.41	0.46	0.46	0	0	0.41
130600	0.4	0.46	0.46	0	0	0.4
130700	0.4	0.46	0.46	0	0	0.4
130800	0.4	0.47	0.47	0	0	0.4
130900	0.4	0.45	0.45	0	0	0.4
131000	0.4	0.45	0.45	0	0	0.4
131100	0.4	0.45	0.45	0	0	0.4
131200	0.4	0.45	0.45	0	0	0.4
131300	0.4	0.46	0.46	0	0	0.4
131400	0.4	0.45	0.45	0	0	0.4
131500	0.4	0.45	0.45	0	0	0.4
131600	0.4	0.45	0.45	0	0	0.4
131700	0.4	0.45	0.45	0	0	0.4
131800	0.4	0.45	0.45	0	0	0.4
131900	0.4	0.45	0.45	0	0	0.4
132000	0.4	0.45	0.45	0	0	0.4
132100	0.4	0.45	0.45	0	0	0.4
132200	0.4	0.45	0.45	0	0	0.4
132300	0.4	0.45	0.45	0	0	0.4
132400	0.4	0.45	0.45	0	0	0.4
132500	0.4	0.45	0.45	0	0	0.4
132600	0.4	0.45	0.45	0	0	0.4
132700	0.4	0.45	0.45	0	0	0.4
132800	0.4	0.46	0.46	0	0	0.4
132900	0.4	0.46	0.46	0	0	0.4
133000	0.4	0.47	0.47	0	0	0.4
133100	0.4	0.47	0.47	0	0	0.4
133200	0.4	0.47	0.47	0	0	0.4
133300	0.4	0.47	0.47	0	0	0.4
133400	0.4	0.47	0.47	0	0	0.4
133500	0.4	0.46	0.46	0	0	0.4
133600	0.4	0.46	0.46	0	0	0.4
133700	0.4	0.47	0.47	0	0	0.4
133800	0.4	0.47	0.47	0	0	0.4
133900	0.4	0.47	0.47	0	0	0.4
134000	0.4	0.47	0.47	0	0	0.4
134100	0.4	0.47	0.47	0	0	0.4
134200	0.4	0.46	0.46	0	0	0.4
134300	0.4	0.46	0.46	0	0	0.4
134400	0.4	0.46	0.46	0	0	0.4
134500	0.41	0.46	0.46	0	0	0.41
134600	0.41	0.46	0.46	0	0	0.41
134700	0.41	0.46	0.46	0	0	0.41
134800	0.41	0.46	0.46	0	0	0.41
134900	0.41	0.46	0.46	0	0	0.41
135000	0.41	0.46	0.46	0	0	0.41
135100	0.41	0.46	0.46	0	0	0.41
135200	0.41	0.46	0.46	0	0	0.41
135300	0.41	0.46	0.46	0	0	0.41
135400	0.41	0.46	0.46	0	0	0.41
135500	0.41	0.46	0.46	0	0	0.41
135600	0.41	0.46	0.46	0	0	0.41
135700	0.41	0.46	0.46	0	0	0.41
135800	0.41	0.46	0.46	0	0	0.41
135900	0.41	0.46	0.46	0	0	0.41
136000	0.41	0.46	0.46	0	0	0.41
136100	0.41	0.46	0.46	0	0	0.41
136200	0.41	0.46	0.46	0	0	0.41
136300	0.41	0.46	0.46	0	0	0.41
136400	0.41	0.46	0.46	0	0	0.41
136500	0.41	0.46	0.46	0	0	0.41
136600	0.41	0.46	0.46	0	0	0.41
136700	0.41	0.46	0.46	0	0	0.41
136800	0.41	0.46	0.46	0	0	0.41
136900	0.41	0.46	0.46	0	0	0.41
137000	0.41	0.46	0.46	0	0	0.41
137100	0.41	0.46	0.46	0	0	0.41
137200	0.41	0.46	0.46	0	0	0.41
137300	0.41	0.46	0.46	0	0	0.41
137400	0.41	0.46	0.46	0	0	0.41
137500	0.41	0.46	0.46	0	0	0.41
137600	0.41	0.46	0.46	0	0	0.41
137700	0.41	0.46	0.46	0	0	0.41
137800	0.41	0.45	0.45	0	0	0.41
137900	0.41	0.44	0.44	0	0	0.41
138000	0.41	0.44	0.44	0	0	0.41
138100	0.41	0.44	0.44	0	0	0.41
138200	0.41	0.44	0.44	0	0	0.41
138300	0.41	0.44	0.44	0	0	0.41
138400	0.4	0.44	0.44	0	0	0.4
138500	0.4	0.44	0.44	0	0	0.4
138600	0.4	0.44	0.44	0	0	0.4
138700	0.4	0.45	0.45	0	0	0.4
138800	0.4	0.45	0.45	0	0	0.4
138900	0.4	0.45	0.45	0	0	0.4
139000	0.4	0.45	0.45	0	0	0.4
139100	0.4	0.45	0.45	0	0	0.4
139200	0.4	0.45	0.45	0	0	0.4
139300	0.4	0.45	0.45	0	0	0.4
139400	0.4	0.45	0.45	0	0	0.4
139500	0.4	0.45	0.45	0	0	0.4
139600	0.4	0.44	0.44	0	0	0.4
139700	0.4	0.44	0.44	0	0	0.4
139800	0.4	0.44	0.44	0	0	0.4
139900	0.4	0.44	0.44	0	0	0.4
140000	0.4	0.44	0.44	0	0	0.4
140100	0.4	0.44	0.44	0	0	0.4
140200	0.4	0.44	0.44	0	0	0.4
140300	0.4	0.44	0.44	0	0	0.4
140400	0.4	0.44	0.44	0	0	0.4
140500	0.41	0.44	0.44	0	0	0.41
140600	0.41	0.44	0.44	0	0	0.41
140700	0.41	0.44	0.44	0	0	0.41
140800	0.41	0.44	0.44	0	0	0.41
140900	0.41	0.44	0.44	0	0	0.41
141000	0.41	0.44	0.44	0	0	0.41
141100	0.41	0.44	0.44	0	0	0.41
141200	0.41	0.44	0.44	0	0	0.41
141300	0.41	0.44	0.44	0	0	0.41
141400	0.41	0.44	0.44	0	0	0.41
141500	0.41	0.44	0.44	0	0	0.41
141600	0.41	0.44	0.44	0	0	0.41
141700	0.41	0.44	0.44	0	0	0.41
141800	0.41	0.44	0.44	0	0	0.41
141900	0.41	0.44	0.44	0	0	0.41
142000	0.41	0.44	0.44	0	0	0.41
142100	0.41	0.44	0.44	0	0	0.41
142200	0.42	0.44	0.44	0	0	0.42
142300	0.42	0.45	0.45	0	0	0.42
142400	0.42	0.45	0.45	0	0	0.42
142500	0.42	0.45	0.45	0	0	0.42
142600	0.42	0.45	0.45	0	0	0.42
142700	0.42	0.45	0.45	0	0	0.42
142800	0.42	0.45	0.45	0	0	0.42
142900	0.42	0.45	0.45	0	0	0.42
143000	0.42	0.45	0.45	0	0	0.42
143100	0.42	0.45	0.45	0	0	0.42
143200	0.42	0.45	0.45	0	0	0.42
143300	0.42	0.45	0.45	0	0	0.42
143400	0.42	0.45	0.45	0	0	0.42
143500	0.42	0.45	0.45	0	0	0.42
143600	0.42	0.45	0.45	0	0	0.42
143700	0.42	0.45	0.45	0	0	0.42
143800	0.42	0.45	0.45	0	0	0.42
143900	0.42	0.45	0.45	0	0	0.42
144000	0.42	0.45	0.45	0	0	0.42
144100	0.42	0.45	0.45	0	0	0.42
144200	0.42	0.45	0.45	0	0	0.42
144300	0.42	0.45	0.45	0	0	0.42
144400	0.42	0.45	0.45	0	0	0.42
144500	0.42	0.45	0.45	0	0	0.42
144600	0.42	0.45	0.45	0	0	0.42
144700	0.42	0.45	0.45	0	0	0.42
144800	0.42	0.45	0.45	0	0	0.42
144900	0.42	0.45	0.45	0	0	0.42
145000	0.42	0.45	0.45	0	0	0.42
145100	0.42	0.45	0.45	0	0	0.42
145200	0.42	0.45	0.45	0	0	0.42
145300	0.43	0.45	0.45	0	0	0.43
145400	0.43	0.45	0.45	0	0	0.43
145500	0.44	0.45	0.45	0	0	0.44
145600	0.43	0.45	0.45	0	0	0.43
145700	0.43	0.45	0.45	0	0	0.43
145800	0.43	0.45	0.45	0	0	0.43
145900	0.43	0.45	0.45	0	0	0.43
146000	0.43	0.45	0.45	0	0	0.43
146100	0.43	0.45	0.45	0	0	0.43
146200	0.43	0.45	0.45	0	0	0.43
146300	0.43	0.45	0.45	0	0	0.43
146400	0.43	0.45	0.45	0	0	0.43
146500	0.43	0.44	0.44	0	0	0.43
146600	0.43	0.44	0.44	0	0	0.43
146700	0.43	0.44	0.44	0	0	0.43
146800	0.43	0.44	0.44	0	0	0.43
146900	0.43	0.44	0.44	0	0	0.43
147000	0.43	0.44	0.44	0	0	0.43
147100	0.43	0.44	0.44	0	0	0.43
147200	0.43	0.44	0.44	0	0	0.43
147300	0.43	0.44	0.44	0	0	0.43
147400	0.43	0.44	0.44	0	0	0.43
147500	0.43	0.44	0.44	0	0	0.43
147600	0.43	0.44	0.44	0	0	0.43
147700	0.43	0.44	0.44	0	0	0.43
147800	0.43	0.44	0.44	0	0	0.43
147900	0.43	0.44	0.44	0	0	0.43
148000	0.43	0.44	0.44	0	0	0.43
148100	0.44	0.44	0.44	0	0	0.44
148200	0.44	0.44	0.44	0	0	0.44
148300	0.44	0.44	0.44	0	0	0.44
148400	0.43	0.44	0.44	0	0	0.43
148500	0.43	0.44	0.44	0	0	0.43
148600	0.43	0.44	0.44	0	0	0.43
148700	0.43	0.44	0.44	0	0	0.43
148800	0.43	0.44	0.44	0	0	0.43
148900	0.43	0.44	0.44	0	0	0.43
149000	0.43	0.44	0.44	0	0	0.43
149100	0.43	0.44	0.44	0	0	0.43
149200	0.43	0.44	0.44	0	0	0.43
149300	0.43	0.44	0.44	0	0	0.43
149400	0.43	0.44	0.44	0	0	0.43
149500	0.43	0.44	0.44	0	0	0.43
149600	0.43	0.44	0.44	0	0	0.43
149700	0.43	0.44	0.44	0	0	0.43
149800	0.44	0.45	0.45	0	0	0.44
149900	0.44	0.44	0.44	0	0	0.44
150000	0.42	0.44	0.44	0	0	0.42
150100	0.43	0.44	0.44	0	0	0.43
150200	0.42	0.44	0.44	0	0	0.42
150300	0.43	0.44	0.44	0	0	0.43
150400	0.43	0.44	0.44	0	0	0.43
150500	0.43	0.44	0.44	0	0	0.43
150600	0.43	0.44	0.44	0	0	0.43
150700	0.44	0.44	0.44	0	0	0.44
150800	0.43	0.44	0.44	0	0	0.43
150900	0.43	0.44	0.44	0	0	0.43
151000	0.42	0.44	0.44	0	0	0.42
151100	0.42	0.44	0.44	0	0	0.42
151200	0.42	0.44	0.44	0	0	0.42
151300	0.42	0.44	0.44	0	0	0.42
151400	0.42	0.44	0.44	0	0	0.42
151500	0.42	0.44	0.44	0	0	0.42
151600	0.41	0.44	0.44	0	0	0.41
151700	0.41	0.44	0.44	0	0	0.41
151800	0.41	0.44	0.44	0	0	0.41
151900	0.41	0.44	0.44	0	0	0.41
152000	0.4	0.44	0.44	0	0	0.4
152100	0.41	0.44	0.44	0	0	0.41
152200	0.4	0.44	0.44	0	0	0.4
152300	0.4	0.44	0.44	0	0	0.4
152400	0.4	0.44	0.44	0	0	0.4
152500	0.4	0.44	0.44	0	0	0.4
152600	0.4	0.44	0.44	0	0	0.4
152700	0.39	0.44	0.44	0	0	0.39
152800	0.39	0.44	0.44	0	0	0.39
152900	0.39	0.44	0.44	0	0	0.39
153000	0.39	0.44	0.44	0	0	0.39
153100	0.39	0.44	0.44	0	0	0.39
153200	0.39	0.44	0.44	0	0	0.39
153300	0.39	0.44	0.44	0	0	0.39
153400	0.39	0.44	0.44	0	0	0.39
153500	0.39	0.44	0.44	0	0	0.39
153600	0.38	0.44	0.44	0	0	0.38
153700	0.38	0.44	0.44	0	0	0.38
153800	0.38	0.44	0.44	0	0	0.38
153900	0.38	0.44	0.44	0	0	0.38
154000	0.38	0.44	0.44	0	0	0.38
154100	0.38	0.45	0.45	0	0	0.38
154200	0.38	0.45	0.45	0	0	0.38
154300	0.38	0.44	0.44	0	0	0.38
154400	0.38	0.44	0.44	0	0	0.38
154500	0.39	0.44	0.44	0	0	0.39
154600	0.39	0.44	0.44	0	0	0.39
154700	0.39	0.44	0.44	0	0	0.39
154800	0.38	0.44	0.44	0	0	0.38
154900	0.38	0.44	0.44	0	0	0.38
155000	0.38	0.44	0.44	0	0	0.38
155100	0.38	0.44	0.44	0	0	0.38
155200	0.38	0.44	0.44	0	0	0.38
155300	0.38	0.44	0.44	0	0	0.38
155400	0.39	0.44	0.44	0	0	0.39
155500	0.39	0.44	0.44	0	0	0.39
155600	0.39	0.44	0.44	0	0	0.39
155700	0.39	0.44	0.44	0	0	0.39
155800	0.39	0.44	0.44	0	0	0.39
155900	0.39	0.44	0.44	0	0	0.39
156000	0.39	0.44	0.44	0	0	0.39
156100	0.39	0.44	0.44	0	0	0.39
156200	0.39	0.45	0.45	0	0	0.39
156300	0.39	0.44	0.44	0	0	0.39
156400	0.39	0.44	0.44	0	0	0.39
156500	0.39	0.44	0.44	0	0	0.39
156600	0.39	0.44	0.44	0	0	0.39
156700	0.39	0.44	0.44	0	0	0.39
156800	0.39	0.44	0.44	0	0	0.39
156900	0.39	0.44	0.44	0	0	0.39
157000	0.39	0.44	0.44	0	0	0.39
157100	0.39	0.44	0.44	0	0	0.39
157200	0.39	0.44	0.44	0	0	0.39
157300	0.39	0.44	0.44	0	0	0.39
157400	0.39	0.44	0.44	0	0	0.39
157500	0.38	0.44	0.44	0	0	0.38
157600	0.38	0.44	0.44	0	0	0.38
157700	0.38	0.44	0.44	0	0	0.38
157800	0.38	0.44	0.44	0	0	0.38
157900	0.38	0.44	0.44	0	0	0.38
158000	0.38	0.44	0.44	0	0	0.38
158100	0.39	0.44	0.44	0	0	0.39
158200	0.39	0.44	0.44	0	0	0.39
158300	0.39	0.44	0.44	0	0	0.39
158400	0.39	0.44	0.44	0	0	0.39
158500	0.39	0.44	0.44	0	0	0.39
158600	0.39	0.44	0.44	0	0	0.39
158700	0.39	0.45	0.45	0	0	0.39
158800	0.39	0.44	0.44	0	0	0.39
158900	0.39	0.44	0.44	0	0	0.39
159000	0.39	0.44	0.44	0	0	0.39
159100	0.4	0.44	0.44	0	0	0.4
159200	0.39	0.44	0.44	0	0	0.39
159300	0.39	0.44	0.44	0	0	0.39
159400	0.39	0.44	0.44	0	0	0.39
159500	0.4	0.44	0.44	0	0	0.4
159600	0.4	0.44	0.44	0	0	0.4
159700	0.41	0.44	0.44	0	0	0.41
159800	0.39	0.44	0.44	0	0	0.39
159900	0.39	0.44	0.44	0	0	0.39
160000	0.4	0.44	0.44	0	0	0.4
160100	0.39	0.44	0.44	0	0	0.39
160200	0.4	0.44	0.44	0	0	0.4
160300	0.39	0.44	0.44	0	0	0.39
160400	0.39	0.44	0.44	0	0	0.39
160500	0.39	0.44	0.44	0	0	0.39
160600	0.39	0.44	0.44	0	0	0.39
160700	0.39	0.44	0.44	0	0	0.39
160800	0.39	0.44	0.44	0	0	0.39
160900	0.39	0.44	0.44	0	0	0.39
161000	0.39	0.44	0.44	0	0	0.39
161100	0.39	0.44	0.44	0	0	0.39
161200	0.39	0.44	0.44	0	0	0.39
161300	0.39	0.44	0.44	0	0	0.39
161400	0.39	0.44	0.44	0	0	0.39
161500	0.39	0.44	0.44	0	0	0.39
161600	0.39	0.44	0.44	0	0	0.39
161700	0.39	0.44	0.44	0	0	0.39
161800	0.39	0.44	0.44	0	0	0.39
161900	0.39	0.44	0.44	0	0	0.39
162000	0.4	0.44	0.44	0	0	0.4
162100	0.4	0.45	0.45	0	0	0.4
162200	0.4	0.45	0.45	0	0	0.4
162300	0.4	0.45	0.45	0	0	0.4
162400	0.41	0.45	0.45	0	0	0.41
162500	0.41	0.45	0.45	0	0	0.41
162600	0.41	0.45	0.45	0	0	0.41
162700	0.41	0.45	0.45	0	0	0.41
162800	0.41	0.45	0.45	0	0	0.41
162900	0.41	0.45	0.45	0	0	0.41
163000	0.41	0.45	0.45	0	0	0.41
163100	0.41	0.46	0.46	0	0	0.41
163200	0.41	0.46	0.46	0	0	0.41
163300	0.41	0.46	0.46	0	0	0.41
163400	0.41	0.47	0.47	0	0	0.41
163500	0.41	0.47	0.47	0	0	0.41
163600	0.41	0.47	0.47	0	0	0.41
163700	0.41	0.47	0.47	0	0	0.41
163800	0.41	0.47	0.47	0	0	0.41
163900	0.41	0.47	0.47	0	0	0.41
164000	0.41	0.47	0.47	0	0	0.41
164100	0.41	0.47	0.47	0	0	0.41
164200	0.41	0.47	0.47	0	0	0.41
164300	0.41	0.48	0.48	0	0	0.41
164400	0.41	0.47	0.47	0	0	0.41
164500	0.41	0.47	0.47	0	0	0.41
164600	0.41	0.47	0.47	0	0	0.41
164700	0.41	0.47	0.47	0	0	0.41
164800	0.41	0.47	0.47	0	0	0.41
164900	0.41	0.47	0.47	0	0	0.41
165000	0.41	0.47	0.47	0	0	0.41
165100	0.41	0.47	0.47	0	0	0.41
165200	0.41	0.47	0.47	0	0	0.41
165300	0.41	0.47	0.47	0	0	0.41
165400	0.41	0.47	0.47	0	0	0.41
165500	0.41	0.47	0.47	0	0	0.41
165600	0.41	0.47	0.47	0	0	0.41
165700	0.41	0.47	0.47	0	0	0.41
165800	0.41	0.47	0.47	0	0	0.41
165900	0.41	0.47	0.47	0	0	0.41
166000	0.41	0.47	0.47	0	0	0.41
166100	0.41	0.47	0.47	0	0	0.41
166200	0.41	0.46	0.46	0	0	0.41
166300	0.41	0.46	0.46	0	0	0.41
166400	0.4	0.46	0.46	0	0	0.4
166500	0.4	0.46	0.46	0	0	0.4
166600	0.4	0.46	0.46	0	0	0.4
166700	0.4	0.46	0.46	0	0	0.4
166800	0.4	0.46	0.46	0	0	0.4
166900	0.4	0.46	0.46	0	0	0.4
167000	0.4	0.46	0.46	0	0	0.4
167100	0.4	0.46	0.46	0	0	0.4
167200	0.4	0.46	0.46	0	0	0.4
167300	0.4	0.46	0.46	0	0	0.4
167400	0.4	0.46	0.46	0	0	0.4
167500	0.4	0.46	0.46	0	0	0.4
167600	0.4	0.46	0.46	0	0	0.4
167700	0.4	0.46	0.46	0	0	0.4
167800	0.4	0.46	0.46	0	0	0.4
167900	0.4	0.46	0.46	0	0	0.4
168000	0.4	0.46	0.46	0	0	0.4
168100	0.4	0.46	0.46	0	0	0.4
168200	0.4	0.46	0.46	0	0	0.4
168300	0.4	0.46	0.46	0	0	0.4
168400	0.4	0.46	0.46	0	0	0.4
168500	0.4	0.46	0.46	0	0	0.4
168600	0.4	0.47	0.47	0	0	0.4
168700	0.4	0.47	0.47	0	0	0.4
168800	0.4	0.47	0.47	0	0	0.4
168900	0.4	0.47	0.47	0	0	0.4
169000	0.4	0.47	0.47	0	0	0.4
169100	0.4	0.47	0.47	0	0	0.4
169200	0.4	0.47	0.47	0	0	0.4
169300	0.4	0.47	0.47	0	0	0.4
169400	0.4	0.46	0.46	0	0	0.4
169500	0.4	0.46	0.46	0	0	0.4
169600	0.4	0.46	0.46	0	0	0.4
169700	0.4	0.46	0.46	0	0	0.4
169800	0.4	0.46	0.46	0	0	0.4
169900	0.4	0.46	0.46	0	0	0.4
170000	0.4	0.46	0.46	0	0	0.4
170100	0.4	0.46	0.46	0	0	0.4
170200	0.4	0.46	0.46	0	0	0.4
170300	0.4	0.46	0.46	0	0	0.4
170400	0.41	0.46	0.46	0	0	0.41
170500	0.41	0.46	0.46	0	0	0.41
170600	0.41	0.46	0.46	0	0	0.41
170700	0.41	0.46	0.46	0	0	0.41
170800	0.41	0.46	0.46	0	0	0.41
170900	0.41	0.46	0.46	0	0	0.41
171000	0.41	0.46	0.46	0	0	0.41
171100	0.41	0.47	0.47	0	0	0.41
171200	0.41	0.47	0.47	0	0	0.41
171300	0.41	0.47	0.47	0	0	0.41
171400	0.4	0.47	0.47	0	0	0.4
171500	0.4	0.47	0.47	0	0	0.4
171600	0.4	0.47	0.47	0	0	0.4
171700	0.4	0.47	0.47	0	0	0.4
171800	0.41	0.47	0.47	0	0	0.41
171900	0.41	0.47	0.47	0	0	0.41
172000	0.41	0.47	0.47	0	0	0.41
172100	0.41	0.47	0.47	0	0	0.41
172200	0.41	0.46	0.46	0	0	0.41
172300	0.41	0.46	0.46	0	0	0.41
172400	0.39	0.46	0.46	0	0	0.39
172500	0.39	0.46	0.46	0	0	0.39
172600	0.39	0.46	0.46	0	0	0.39
172700	0.39	0.46	0.46	0	0	0.39
172800	0.39	0.46	0.46	0	0	0.39
172900	0.4	0.46	0.46	0	0	0.4
173000	0.39	0.46	0.46	0	0	0.39
173100	0.39	0.46	0.46	0	0	0.39
173200	0.39	0.46	0.46	0	0	0.39
173300	0.39	0.46	0.46	0	0	0.39
173400	0.39	0.46	0.46	0	0	0.39
173500	0.39	0.46	0.46	0	0	0.39
173600	0.39	0.46	0.46	0	0	0.39
173700	0.39	0.46	0.46	0	0	0.39
173800	0.39	0.46	0.46	0	0	0.39
173900	0.39	0.46	0.46	0	0	0.39
174000	0.39	0.47	0.47	0	0	0.39
174100	0.39	0.46	0.46	0	0	0.39
174200	0.39	0.46	0.46	0	0	0.39
174300	0.39	0.46	0.46	0	0	0.39
174400	0.39	0.46	0.46	0	0	0.39
174500	0.39	0.46	0.46	0	0	0.39
174600	0.39	0.46	0.46	0	0	0.39
174700	0.39	0.46	0.46	0	0	0.39
174800	0.39	0.46	0.46	0	0	0.39
174900	0.39	0.46	0.46	0	0	0.39
175000	0.39	0.46	0.46	0	0	0.39
175100	0.39	0.46	0.46	0	0	0.39
175200	0.39	0.46	0.46	0	0	0.39
175300	0.39	0.46	0.46	0	0	0.39
175400	0.39	0.46	0.46	0	0	0.39
175500	0.39	0.46	0.46	0	0	0.39
175600	0.39	0.46	0.46	0	0	0.39
175700	0.39	0.46	0.46	0	0	0.39
175800	0.39	0.46	0.46	0	0	0.39
175900	0.4	0.46	0.46	0	0	0.4
176000	0.4	0.46	0.46	0	0	0.4
176100	0.4	0.46	0.46	0	0	0.4
176200	0.4	0.46	0.46	0	0	0.4
176300	0.4	0.46	0.46	0	0	0.4
176400	0.4	0.46	0.46	0	0	0.4
176500	0.4	0.46	0.46	0	0	0.4
176600	0.4	0.46	0.46	0	0	0.4
176700	0.4	0.46	0.46	0	0	0.4
176800	0.4	0.46	0.46	0	0	0.4
176900	0.4	0.46	0.46	0	0	0.4
177000	0.4	0.46	0.46	0	0	0.4
177100	0.4	0.46	0.46	0	0	0.4
177200	0.4	0.46	0.46	0	0	0.4
177300	0.41	0.46	0.46	0	0	0.41
177400	0.41	0.46	0.46	0	0	0.41
177500	0.41	0.46	0.46	0	0	0.41
177600	0.42	0.46	0.46	0	0	0.42
177700	0.42	0.46	0.46	0	0	0.42
177800	0.42	0.46	0.46	0	0	0.42
177900	0.42	0.46	0.46	0	0	0.42
178000	0.42	0.46	0.46	0	0	0.42
178100	0.42	0.46	0.46	0	0	0.42
178200	0.42	0.46	0.46	0	0	0.42
178300	0.42	0.46	0.46	0	0	0.42
178400	0.42	0.46	0.46	0	0	0.42
178500	0.42	0.46	0.46	0	0	0.42
178600	0.42	0.46	0.46	0	0	0.42
178700	0.42	0.46	0.46	0	0	0.42
178800	0.42	0.46	0.46	0	0	0.42
178900	0.42	0.46	0.46	0	0	0.42
179000	0.42	0.46	0.46	0	0	0.42
179100	0.42	0.46	0.46	0	0	0.42
179200	0.42	0.46	0.46	0	0	0.42
179300	0.42	0.46	0.46	0	0	0.42
179400	0.42	0.46	0.46	0	0	0.42
179500	0.42	0.46	0.46	0	0	0.42
179600	0.42	0.46	0.46	0	0	0.42
179700	0.42	0.46	0.46	0	0	0.42
179800	0.42	0.46	0.46	0	0	0.42
179900	0.42	0.46	0.46	0	0	0.42
180000	0.42	0.46	0.46	0	0	0.42
180100	0.42	0.46	0.46	0	0	0.42
180200	0.42	0.46	0.46	0	0	0.42
180300	0.42	0.46	0.46	0	0	0.42
180400	0.42	0.46	0.46	0	0	0.42
180500	0.42	0.46	0.46	0	0	0.42
180600	0.42	0.46	0.46	0	0	0.42
180700	0.42	0.46	0.46	0	0	0.42
180800	0.42	0.46	0.46	0	0	0.42
180900	0.42	0.46	0.46	0	0	0.42
181000	0.42	0.46	0.46	0	0	0.42
181100	0.42	0.46	0.46	0	0	0.42
181200	0.42	0.46	0.46	0	0	0.42
181300	0.42	0.46	0.46	0	0	0.42
181400	0.42	0.46	0.46	0	0	0.42
181500	0.42	0.46	0.46	0	0	0.42
181600	0.42	0.46	0.46	0	0	0.42
181700	0.42	0.46	0.46	0	0	0.42
181800	0.42	0.46	0.46	0	0	0.42
181900	0.42	0.46	0.46	0	0	0.42
182000	0.42	0.46	0.46	0	0	0.42
182100	0.42	0.46	0.46	0	0	0.42
182200	0.42	0.46	0.46	0	0	0.42
182300	0.42	0.46	0.46	0	0	0.42
182400	0.42	0.46	0.46	0	0	0.42
182500	0.42	0.46	0.46	0	0	0.42
182600	0.42	0.46	0.46	0	0	0.42
182700	0.42	0.46	0.46	0	0	0.42
182800	0.42	0.46	0.46	0	0	0.42
182900	0.42	0.46	0.46	0	0	0.42
183000	0.42	0.46	0.46	0	0	0.42
183100	0.42	0.46	0.46	0	0	0.42
183200	0.42	0.46	0.46	0	0	0.42
183300	0.42	0.46	0.46	0	0	0.42
183400	0.42	0.46	0.46	0	0	0.42
183500	0.42	0.46	0.46	0	0	0.42
183600	0.42	0.46	0.46	0	0	0.42
183700	0.42	0.47	0.47	0	0	0.42
183800	0.42	0.47	0.47	0	0	0.42
183900	0.42	0.47	0.47	0	0	0.42
184000	0.42	0.47	0.47	0	0	0.42
184100	0.42	0.47	0.47	0	0	0.42
184200	0.42	0.47	0.47	0	0	0.42
184300	0.42	0.47	0.47	0	0	0.42
184400	0.42	0.47	0.47	0	0	0.42
184500	0.42	0.47	0.47	0	0	0.42
184600	0.42	0.47	0.47	0	0	0.42
184700	0.42	0.47	0.47	0	0	0.42
184800	0.42	0.47	0.47	0	0	0.42
184900	0.42	0.47	0.47	0	0	0.42
185000	0.42	0.47	0.47	0	0	0.42
185100	0.42	0.47	0.47	0	0	0.42
185200	0.42	0.46	0.46	0	0	0.42
185300	0.42	0.46	0.46	0	0	0.42
185400	0.43	0.47	0.47	0	0	0.43
185500	0.43	0.47	0.47	0	0	0.43
185600	0.43	0.47	0.47	0	0	0.43
185700	0.43	0.47	0.47	0	0	0.43
185800	0.43	0.47	0.47	0	0	0.43
185900	0.43	0.47	0.47	0	0	0.43
186000	0.43	0.47	0.47	0	0	0.43
186100	0.43	0.47	0.47	0	0	0.43
186200	0.43	0.47	0.47	0	0	0.43
186300	0.43	0.47	0.47	0	0	0.43
186400	0.43	0.47	0.47	0	0	0.43
186500	0.43	0.47	0.47	0	0	0.43
186600	0.43	0.47	0.47	0	0	0.43
186700	0.43	0.47	0.47	0	0	0.43
186800	0.43	0.47	0.47	0	0	0.43
186900	0.43	0.47	0.47	0	0	0.43
187000	0.43	0.47	0.47	0	0	0.43
187100	0.43	0.47	0.47	0	0	0.43
187200	0.43	0.47	0.47	0	0	0.43
187300	0.43	0.47	0.47	0	0	0.43
187400	0.43	0.47	0.47	0	0	0.43
187500	0.43	0.47	0.47	0	0	0.43
187600	0.43	0.47	0.47	0	0	0.43
187700	0.43	0.47	0.47	0	0	0.43
187800	0.43	0.47	0.47	0	0	0.43
187900	0.43	0.47	0.47	0	0	0.43
188000	0.43	0.47	0.47	0	0	0.43
188100	0.43	0.47	0.47	0	0	0.43
188200	0.43	0.47	0.47	0	0	0.43
188300	0.43	0.47	0.47	0	0	0.43
188400	0.43	0.47	0.47	0	0	0.43
188500	0.43	0.47	0.47	0	0	0.43
188600	0.43	0.47	0.47	0	0	0.43
188700	0.43	0.47	0.47	0	0	0.43
188800	0.43	0.47	0.47	0	0	0.43
188900	0.43	0.47	0.47	0	0	0.43
189000	0.43	0.47	0.47	0	0	0.43
189100	0.43	0.47	0.47	0	0	0.43
189200	0.43	0.47	0.47	0	0	0.43
189300	0.43	0.47	0.47	0	0	0.43
189400	0.43	0.47	0.47	0	0	0.43
189500	0.43	0.47	0.47	0	0	0.43
189600	0.43	0.47	0.47	0	0	0.43
189700	0.43	0.47	0.47	0	0	0.43
189800	0.43	0.47	0.47	0	0	0.43
189900	0.43	0.47	0.47	0	0	0.43
190000	0.43	0.47	0.47	0	0	0.43
190100	0.43	0.47	0.47	0	0	0.43
190200	0.43	0.47	0.47	0	0	0.43
190300	0.43	0.48	0.48	0	0	0.43
190400	0.43	0.48	0.48	0	0	0.43
190500	0.43	0.48	0.48	0	0	0.43
190600	0.43	0.48	0.48	0	0	0.43
190700	0.43	0.48	0.48	0	0	0.43
190800	0.43	0.48	0.48	0	0	0.43
190900	0.43	0.48	0.48	0	0	0.43
191000	0.43	0.48	0.48	0	0	0.43
191100	0.43	0.48	0.48	0	0	0.43
191200	0.43	0.48	0.48	0	0	0.43
191300	0.43	0.48	0.48	0	0	0.43
191400	0.43	0.48	0.48	0	0	0.43
191500	0.43	0.48	0.48	0	0	0.43
191600	0.43	0.48	0.48	0	0	0.43
191700	0.43	0.48	0.48	0	0	0.43
191800	0.43	0.48	0.48	0	0	0.43
191900	0.43	0.48	0.48	0	0	0.43
192000	0.43	0.48	0.48	0	0	0.43
192100	0.43	0.48	0.48	0	0	0.43
192200	0.43	0.48	0.48	0	0	0.43
192300	0.43	0.48	0.48	0	0	0.43
192400	0.43	0.48	0.48	0	0	0.43
192500	0.43	0.48	0.48	0	0	0.43
192600	0.43	0.48	0.48	0	0	0.43
192700	0.43	0.48	0.48	0	0	0.43
192800	0.43	0.48	0.48	0	0	0.43
192900	0.43	0.48	0.48	0	0	0.43
193000	0.43	0.48	0.48	0	0	0.43
193100	0.43	0.48	0.48	0	0	0.43
193200	0.43	0.47	0.47	0	0	0.43
193300	0.43	0.47	0.47	0	0	0.43
193400	0.43	0.47	0.47	0	0	0.43
193500	0.43	0.47	0.47	0	0	0.43
193600	0.43	0.47	0.47	0	0	0.43
193700	0.43	0.47	0.47	0	0	0.43
193800	0.43	0.47	0.47	0	0	0.43
193900	0.43	0.47	0.47	0	0	0.43
194000	0.43	0.47	0.47	0	0	0.43
194100	0.43	0.47	0.47	0	0	0.43
194200	0.43	0.47	0.47	0	0	0.43
194300	0.43	0.47	0.47	0	0	0.43
194400	0.43	0.47	0.47	0	0	0.43
194500	0.43	0.47	0.47	0	0	0.43
194600	0.43	0.47	0.47	0	0	0.43
194700	0.43	0.47	0.47	0	0	0.43
194800	0.43	0.47	0.47	0	0	0.43
194900	0.43	0.47	0.47	0	0	0.43
195000	0.43	0.47	0.47	0	0	0.43
195100	0.43	0.47	0.47	0	0	0.43
195200	0.43	0.47	0.47	0	0	0.43
195300	0.43	0.47	0.47	0	0	0.43
195400	0.43	0.47	0.47	0	0	0.43
195500	0.43	0.47	0.47	0	0	0.43
195600	0.43	0.47	0.47	0	0	0.43
195700	0.43	0.47	0.47	0	0	0.43
195800	0.43	0.47	0.47	0	0	0.43
195900	0.43	0.47	0.47	0	0	0.43
196000	0.43	0.47	0.47	0	0	0.43
196100	0.43	0.47	0.47	0	0	0.43
196200	0.43	0.47	0.47	0	0	0.43
196300	0.43	0.47	0.47	0	0	0.43
196400	0.43	0.47	0.47	0	0	0.43
196500	0.43	0.47	0.47	0	0	0.43
196600	0.43	0.47	0.47	0	0	0.43
196700	0.43	0.47	0.47	0	0	0.43
196800	0.43	0.47	0.47	0	0	0.43
196900	0.43	0.47	0.47	0	0	0.43
197000	0.43	0.47	0.47	0	0	0.43
197100	0.43	0.47	0.47	0	0	0.43
197200	0.43	0.47	0.47	0	0	0.43
197300	0.43	0.47	0.47	0	0	0.43
197400	0.43	0.47	0.47	0	0	0.43
197500	0.43	0.47	0.47	0	0	0.43
197600	0.43	0.47	0.47	0	0	0.43
197700	0.43	0.47	0.47	0	0	0.43
197800	0.43	0.47	0.47	0	0	0.43
197900	0.43	0.47	0.47	0	0	0.43
198000	0.43	0.47	0.47	0	0	0.43
198100	0.43	0.47	0.47	0	0	0.43
198200	0.43	0.47	0.47	0	0	0.43
198300	0.43	0.47	0.47	0	0	0.43
198400	0.43	0.47	0.47	0	0	0.43
198500	0.43	0.47	0.47	0	0	0.43
198600	0.43	0.47	0.47	0	0	0.43
198700	0.43	0.47	0.47	0	0	0.43
198800	0.43	0.47	0.47	0	0	0.43
198900	0.43	0.47	0.47	0	0	0.43
199000	0.43	0.47	0.47	0	0	0.43
199100	0.43	0.47	0.47	0	0	0.43
199200	0.43	0.47	0.47	0	0	0.43
199300	0.43	0.47	0.47	0	0	0.43
199400	0.43	0.47	0.47	0	0	0.43
199500	0.43	0.47	0.47	0	0	0.43
199600	0.43	0.47	0.47	0	0	0.43
199700	0.42	0.47	0.47	0	0	0.42
199800	0.42	0.47	0.47	0	0	0.42
199900	0.42	0.47	0.47	0	0	0.42
200000	0.42	0.47	0.47	0	0	0.42
200100	0.42	0.47	0.47	0	0	0.42
200200	0.42	0.47	0.47	0	0	0.42
200300	0.42	0.47	0.47	0	0	0.42
200400	0.42	0.47	0.47	0	0	0.42
200500	0.42	0.47	0.47	0	0	0.42
200600	0.42	0.47	0.47	0	0	0.42
200700	0.42	0.47	0.47	0	0	0.42
200800	0.42	0.47	0.47	0	0	0.42
200900	0.43	0.47	0.47	0	0	0.43
201000	0.42	0.47	0.47	0	0	0.42
201100	0.42	0.47	0.47	0	0	0.42
201200	0.42	0.47	0.47	0	0	0.42
201300	0.43	0.47	0.47	0	0	0.43
201400	0.42	0.47	0.47	0	0	0.42
201500	0.41	0.47	0.47	0	0	0.41
201600	0.41	0.47	0.47	0	0	0.41
201700	0.41	0.47	0.47	0	0	0.41
201800	0.41	0.47	0.47	0	0	0.41
201900	0.41	0.47	0.47	0	0	0.41
202000	0.41	0.47	0.47	0	0	0.41
202100	0.41	0.47	0.47	0	0	0.41
202200	0.41	0.47	0.47	0	0	0.41
202300	0.41	0.47	0.47	0	0	0.41
202400	0.41	0.47	0.47	0	0	0.41
202500	0.41	0.47	0.47	0	0	0.41
202600	0.41	0.47	0.47	0	0	0.41
202700	0.41	0.47	0.47	0	0	0.41
202800	0.41	0.47	0.47	0	0	0.41
202900	0.42	0.47	0.47	0	0	0.42
203000	0.42	0.47	0.47	0	0	0.42
203100	0.41	0.47	0.47	0	0	0.41
203200	0.41	0.47	0.47	0	0	0.41
203300	0.41	0.47	0.47	0	0	0.41
203400	0.41	0.47	0.47	0	0	0.41
203500	0.41	0.47	0.47	0	0	0.41
203600	0.41	0.47	0.47	0	0	0.41
203700	0.41	0.47	0.47	0	0	0.41
203800	0.41	0.47	0.47	0	0	0.41
203900	0.41	0.47	0.47	0	0	0.41
204000	0.41	0.47	0.47	0	0	0.41
204100	0.41	0.47	0.47	0	0	0.41
204200	0.41	0.47	0.47	0	0	0.41
204300	0.41	0.47	0.47	0	0	0.41
204400	0.41	0.47	0.47	0	0	0.41
204500	0.41	0.47	0.47	0	0	0.41
204600	0.41	0.47	0.47	0	0	0.41
204700	0.41	0.47	0.47	0	0	0.41
204800	0.41	0.47	0.47	0	0	0.41
204900	0.41	0.47	0.47	0	0	0.41
205000	0.41	0.47	0.47	0	0	0.41
205100	0.41	0.47	0.47	0	0	0.41
205200	0.41	0.47	0.47	0	0	0.41
205300	0.41	0.47	0.47	0	0	0.41
205400	0.41	0.47	0.47	0	0	0.41
205500	0.41	0.47	0.47	0	0	0.41
205600	0.42	0.47	0.47	0	0	0.42
205700	0.42	0.47	0.47	0	0	0.42
205800	0.42	0.47	0.47	0	0	0.42
205900	0.42	0.47	0.47	0	0	0.42
206000	0.42	0.47	0.47	0	0	0.42
206100	0.42	0.47	0.47	0	0	0.42
206200	0.42	0.47	0.47	0	0	0.42
206300	0.42	0.47	0.47	0	0	0.42
206400	0.42	0.47	0.47	0	0	0.42
206500	0.42	0.47	0.47	0	0	0.42
206600	0.42	0.47	0.47	0	0	0.42
206700	0.42	0.47	0.47	0	0	0.42
206800	0.42	0.47	0.47	0	0	0.42
206900	0.42	0.47	0.47	0	0	0.42
207000	0.42	0.47	0.47	0	0	0.42
207100	0.42	0.47	0.47	0	0	0.42
207200	0.42	0.47	0.47	0	0	0.42
207300	0.42	0.47	0.47	0	0	0.42
207400	0.42	0.47	0.47	0	0	0.42
207500	0.42	0.47	0.47	0	0	0.42
207600	0.43	0.47	0.47	0	0	0.43
207700	0.43	0.47	0.47	0	0	0.43
207800	0.43	0.47	0.47	0	0	0.43
207900	0.43	0.47	0.47	0	0	0.43
208000	0.43	0.46	0.46	0	0	0.43
208100	0.43	0.46	0.46	0	0	0.43
208200	0.43	0.46	0.46	0	0	0.43
208300	0.43	0.46	0.46	0	0	0.43
208400	0.43	0.46	0.46	0	0	0.43
208500	0.43	0.46	0.46	0	0	0.43
208600	0.43	0.46	0.46	0	0	0.43
208700	0.43	0.46	0.46	0	0	0.43
208800	0.43	0.46	0.46	0	0	0.43
208900	0.42	0.46	0.46	0	0	0.42
209000	0.42	0.46	0.46	0	0	0.42
209100	0.41	0.46	0.46	0	0	0.41
209200	0.41	0.46	0.46	0	0	0.41
209300	0.41	0.46	0.46	0	0	0.41
209400	0.41	0.46	0.46	0	0	0.41
209500	0.41	0.46	0.46	0	0	0.41
209600	0.41	0.46	0.46	0	0	0.41
209700	0.41	0.46	0.46	0	0	0.41
209800	0.41	0.46	0.46	0	0	0.41
209900	0.41	0.46	0.46	0	0	0.41
210000	0.41	0.47	0.47	0	0	0.41
210100	0.41	0.46	0.46	0	0	0.41
210200	0.41	0.46	0.46	0	0	0.41
210300	0.41	0.46	0.46	0	0	0.41
210400	0.41	0.46	0.46	0	0	0.41
210500	0.41	0.46	0.46	0	0	0.41
210600	0.41	0.46	0.46	0	0	0.41
210700	0.41	0.46	0.46	0	0	0.41
210800	0.41	0.46	0.46	0	0	0.41
210900	0.42	0.46	0.46	0	0	0.42
211000	0.41	0.46	0.46	0	0	0.41
211100	0.41	0.47	0.47	0	0	0.41
211200	0.41	0.47	0.47	0	0	0.41
211300	0.41	0.47	0.47	0	0	0.41
211400	0.41	0.47	0.47	0	0	0.41
211500	0.41	0.47	0.47	0	0	0.41
211600	0.41	0.47	0.47	0	0	0.41
211700	0.41	0.47	0.47	0	0	0.41
211800	0.41	0.47	0.47	0	0	0.41
211900	0.42	0.47	0.47	0	0	0.42
212000	0.42	0.47	0.47	0	0	0.42
212100	0.42	0.47	0.47	0	0	0.42
212200	0.42	0.47	0.47	0	0	0.42
212300	0.42	0.47	0.47	0	0	0.42
212400	0.42	0.47	0.47	0	0	0.42
212500	0.42	0.47	0.47	0	0	0.42
212600	0.42	0.47	0.47	0	0	0.42
212700	0.42	0.47	0.47	0	0	0.42
212800	0.42	0.47	0.47	0	0	0.42
212900	0.42	0.47	0.47	0	0	0.42
213000	0.42	0.47	0.47	0	0	0.42
213100	0.42	0.47	0.47	0	0	0.42
213200	0.42	0.47	0.47	0	0	0.42
213300	0.43	0.47	0.47	0	0	0.43
213400	0.43	0.47	0.47	0	0	0.43
213500	0.43	0.47	0.47	0	0	0.43
213600	0.43	0.47	0.47	0	0	0.43
213700	0.43	0.47	0.47	0	0	0.43
213800	0.43	0.47	0.47	0	0	0.43
213900	0.43	0.47	0.47	0	0	0.43
214000	0.43	0.47	0.47	0	0	0.43
214100	0.43	0.47	0.47	0	0	0.43
214200	0.43	0.47	0.47	0	0	0.43
214300	0.43	0.47	0.47	0	0	0.43
214400	0.43	0.47	0.47	0	0	0.43
214500	0.43	0.47	0.47	0	0	0.43
214600	0.43	0.47	0.47	0	0	0.43
214700	0.43	0.47	0.47	0	0	0.43
214800	0.43	0.48	0.48	0	0	0.43
214900	0.43	0.48	0.48	0	0	0.43
215000	0.43	0.48	0.48	0	0	0.43
215100	0.43	0.48	0.48	0	0	0.43
215200	0.43	0.48	0.48	0	0	0.43
215300	0.43	0.48	0.48	0	0	0.43
215400	0.43	0.48	0.48	0	0	0.43
215500	0.43	0.48	0.48	0	0	0.43
215600	0.43	0.48	0.48	0	0	0.43
215700	0.43	0.48	0.48	0	0	0.43
215800	0.43	0.48	0.48	0	0	0.43
215900	0.43	0.48	0.48	0	0	0.43
216000	0.43	0.48	0.48	0	0	0.43
216100	0.43	0.48	0.48	0	0	0.43
216200	0.42	0.48	0.48	0	0	0.42
216300	0.42	0.48	0.48	0	0	0.42
216400	0.42	0.48	0.48	0	0	0.42
216500	0.42	0.48	0.48	0	0	0.42
216600	0.42	0.48	0.48	0	0	0.42
216700	0.42	0.48	0.48	0	0	0.42
216800	0.42	0.48	0.48	0	0	0.42
216900	0.42	0.48	0.48	0	0	0.42
217000	0.42	0.48	0.48	0	0	0.42
217100	0.42	0.48	0.48	0	0	0.42
217200	0.42	0.48	0.48	0	0	0.42
217300	0.42	0.48	0.48	0	0	0.42
217400	0.42	0.48	0.48	0	0	0.42
217500	0.42	0.48	0.48	0	0	0.42
217600	0.42	0.48	0.48	0	0	0.42
217700	0.42	0.48	0.48	0	0	0.42
217800	0.42	0.48	0.48	0	0	0.42
217900	0.43	0.48	0.48	0	0	0.43
218000	0.42	0.48	0.48	0	0	0.42
218100	0.42	0.48	0.48	0	0	0.42
218200	0.42	0.48	0.48	0	0	0.42
218300	0.42	0.48	0.48	0	0	0.42
218400	0.42	0.48	0.48	0	0	0.42
218500	0.42	0.48	0.48	0	0	0.42
218600	0.43	0.48	0.48	0	0	0.43
218700	0.42	0.48	0.48	0	0	0.42
218800	0.43	0.48	0.48	0	0	0.43
218900	0.43	0.48	0.48	0	0	0.43
219000	0.43	0.48	0.48	0	0	0.43
219100	0.43	0.48	0.48	0	0	0.43
219200	0.43	0.48	0.48	0	0	0.43
219300	0.43	0.48	0.48	0	0	0.43
219400	0.43	0.48	0.48	0	0	0.43
219500	0.43	0.48	0.48	0	0	0.43
219600	0.43	0.48	0.48	0	0	0.43
219700	0.43	0.48	0.48	0	0	0.43
219800	0.43	0.48	0.48	0	0	0.43
219900	0.43	0.48	0.48	0	0	0.43
220000	0.43	0.48	0.48	0	0	0.43
220100	0.43	0.48	0.48	0	0	0.43
220200	0.43	0.49	0.49	0	0	0.43
220300	0.43	0.49	0.49	0	0	0.43
220400	0.43	0.49	0.49	0	0	0.43
220500	0.43	0.49	0.49	0	0	0.43
220600	0.43	0.49	0.49	0	0	0.43
220700	0.43	0.49	0.49	0	0	0.43
220800	0.43	0.49	0.49	0	0	0.43
220900	0.43	0.49	0.49	0	0	0.43
221000	0.43	0.49	0.49	0	0	0.43
221100	0.43	0.49	0.49	0	0	0.43
221200	0.43	0.49	0.49	0	0	0.43
221300	0.43	0.49	0.49	0	0	0.43
221400	0.43	0.49	0.49	0	0	0.43
221500	0.43	0.49	0.49	0	0	0.43
221600	0.43	0.49	0.49	0	0	0.43
221700	0.43	0.49	0.49	0	0	0.43
221800	0.43	0.49	0.49	0	0	0.43
221900	0.43	0.49	0.49	0	0	0.43
222000	0.43	0.49	0.49	0	0	0.43
222100	0.43	0.49	0.49	0	0	0.43
222200	0.43	0.49	0.49	0	0	0.43
222300	0.43	0.49	0.49	0	0	0.43
222400	0.43	0.49	0.49	0	0	0.43
222500	0.43	0.49	0.49	0	0	0.43
222600	0.43	0.49	0.49	0	0	0.43
222700	0.43	0.49	0.49	0	0	0.43
222800	0.43	0.49	0.49	0	0	0.43
222900	0.43	0.49	0.49	0	0	0.43
223000	0.43	0.49	0.49	0	0	0.43
223100	0.43	0.49	0.49	0	0	0.43
223200	0.43	0.49	0.49	0	0	0.43
223300	0.43	0.49	0.49	0	0	0.43
223400	0.43	0.49	0.49	0	0	0.43
223500	0.43	0.49	0.49	0	0	0.43
223600	0.43	0.49	0.49	0	0	0.43
223700	0.43	0.49	0.49	0	0	0.43
223800	0.43	0.49	0.49	0	0	0.43
223900	0.43	0.5	0.5	0	0	0.43
224000	0.43	0.5	0.5	0	0	0.43
224100	0.43	0.5	0.5	0	0	0.43
224200	0.43	0.5	0.5	0	0	0.43
224300	0.43	0.5	0.5	0	0	0.43
224400	0.43	0.5	0.5	0	0	0.43
224500	0.43	0.5	0.5	0	0	0.43
224600	0.43	0.5	0.5	0	0	0.43
224700	0.43	0.5	0.5	0	0	0.43
224800	0.43	0.5	0.5	0	0	0.43
224900	0.43	0.5	0.5	0	0	0.43
225000	0.43	0.5	0.5	0	0	0.43
225100	0.43	0.5	0.5	0	0	0.43
225200	0.43	0.5	0.5	0	0	0.43
225300	0.43	0.5	0.5	0	0	0.43
225400	0.43	0.5	0.5	0	0	0.43
225500	0.43	0.5	0.5	0	0	0.43
225600	0.43	0.5	0.5	0	0	0.43
225700	0.43	0.5	0.5	0	0	0.43
225800	0.43	0.5	0.5	0	0	0.43
225900	0.43	0.5	0.5	0	0	0.43
226000	0.43	0.5	0.5	0	0	0.43
226100	0.43	0.5	0.5	0	0	0.43
226200	0.43	0.5	0.5	0	0	0.43
226300	0.43	0.5	0.5	0	0	0.43
226400	0.43	0.5	0.5	0	0	0.43
226500	0.43	0.5	0.5	0	0	0.43
226600	0.43	0.5	0.5	0	0	0.43
226700	0.44	0.5	0.5	0	0	0.44
226800	0.43	0.5	0.5	0	0	0.43
226900	0.43	0.5	0.5	0	0	0.43
227000	0.43	0.5	0.5	0	0	0.43
227100	0.43	0.5	0.5	0	0	0.43
227200	0.43	0.5	0.5	0	0	0.43
227300	0.43	0.5	0.5	0	0	0.43
227400	0.43	0.5	0.5	0	0	0.43
227500	0.42	0.5	0.5	0	0	0.42
227600	0.42	0.5	0.5	0	0	0.42
227700	0.42	0.5	0.5	0	0	0.42
227800	0.42	0.5	0.5	0	0	0.42
227900	0.42	0.5	0.5	0	0	0.42
228000	0.42	0.5	0.5	0	0	0.42
228100	0.43	0.5	0.5	0	0	0.43
228200	0.43	0.5	0.5	0	0	0.43
228300	0.42	0.5	0.5	0	0	0.42
228400	0.42	0.5	0.5	0	0	0.42
228500	0.41	0.5	0.5	0	0	0.41
228600	0.41	0.5	0.5	0	0	0.41
228700	0.41	0.5	0.5	0	0	0.41
228800	0.41	0.5	0.5	0	0	0.41
228900	0.41	0.5	0.5	0	0	0.41
229000	0.41	0.5	0.5	0	0	0.41
229100	0.41	0.51	0.51	0	0	0.41
229200	0.41	0.5	0.5	0	0	0.41
229300	0.41	0.5	0.5	0	0	0.41
229400	0.41	0.5	0.5	0	0	0.41
229500	0.41	0.5	0.5	0	0	0.41
229600	0.41	0.5	0.5	0	0	0.41
229700	0.41	0.5	0.5	0	0	0.41
229800	0.41	0.5	0.5	0	0	0.41
229900	0.41	0.5	0.5	0	0	0.41
230000	0.41	0.5	0.5	0	0	0.41
230100	0.41	0.5	0.5	0	0	0.41
230200	0.41	0.5	0.5	0	0	0.41
230300	0.41	0.5	0.5	0	0	0.41
230400	0.41	0.49	0.49	0	0	0.41
230500	0.41	0.49	0.49	0	0	0.41
230600	0.41	0.49	0.49	0	0	0.41
230700	0.41	0.49	0.49	0	0	0.41
230800	0.41	0.49	0.49	0	0	0.41
230900	0.41	0.48	0.48	0	0	0.41
231000	0.41	0.48	0.48	0	0	0.41
231100	0.41	0.48	0.48	0	0	0.41
231200	0.41	0.48	0.48	0	0	0.41
231300	0.41	0.48	0.48	0	0	0.41
231400	0.41	0.48	0.48	0	0	0.41
231500	0.41	0.48	0.48	0	0	0.41
231600	0.41	0.48	0.48	0	0	0.41
231700	0.41	0.48	0.48	0	0	0.41
231800	0.41	0.48	0.48	0	0	0.41
231900	0.41	0.48	0.48	0	0	0.41
232000	0.41	0.48	0.48	0	0	0.41
232100	0.41	0.48	0.48	0	0	0.41
232200	0.41	0.48	0.48	0	0	0.41
232300	0.41	0.47	0.47	0	0	0.41
232400	0.41	0.47	0.47	0	0	0.41
232500	0.41	0.47	0.47	0	0	0.41
232600	0.41	0.47	0.47	0	0	0.41
232700	0.41	0.47	0.47	0	0	0.41
232800	0.41	0.47	0.47	0	0	0.41
232900	0.41	0.47	0.47	0	0	0.41
233000	0.41	0.47	0.47	0	0	0.41
233100	0.41	0.47	0.47	0	0	0.41
233200	0.41	0.47	0.47	0	0	0.41
233300	0.41	0.47	0.47	0	0	0.41
233400	0.41	0.47	0.47	0	0	0.41
233500	0.41	0.47	0.47	0	0	0.41
233600	0.41	0.47	0.47	0	0	0.41
233700	0.41	0.47	0.47	0	0	0.41
233800	0.41	0.47	0.47	0	0	0.41
233900	0.41	0.47	0.47	0	0	0.41
234000	0.41	0.47	0.47	0	0	0.41
234100	0.41	0.47	0.47	0	0	0.41
234200	0.41	0.47	0.47	0	0	0.41
234300	0.41	0.47	0.47	0	0	0.41
234400	0.41	0.47	0.47	0	0	0.41
234500	0.41	0.47	0.47	0	0	0.41
234600	0.41	0.47	0.47	0	0	0.41
234700	0.41	0.47	0.47	0	0	0.41
234800	0.42	0.47	0.47	0	0	0.42
234900	0.41	0.47	0.47	0	0	0.41
235000	0.41	0.48	0.48	0	0	0.41
235100	0.41	0.47	0.47	0	0	0.41
235200	0.4	0.47	0.47	0	0	0.4
235300	0.4	0.47	0.47	0	0	0.4
235400	0.4	0.47	0.47	0	0	0.4
235500	0.4	0.47	0.47	0	0	0.4
235600	0.4	0.47	0.47	0	0	0.4
235700	0.4	0.47	0.47	0	0	0.4
235800	0.4	0.47	0.47	0	0	0.4
235900	0.4	0.47	0.47	0	0	0.4
236000	0.4	0.47	0.47	0	0	0.4
236100	0.4	0.47	0.47	0	0	0.4
236200	0.4	0.47	0.47	0	0	0.4
236300	0.41	0.47	0.47	0	0	0.41
236400	0.4	0.47	0.47	0	0	0.4
236500	0.4	0.47	0.47	0	0	0.4
236600	0.4	0.47	0.47	0	0	0.4
236700	0.4	0.47	0.47	0	0	0.4
236800	0.4	0.47	0.47	0	0	0.4
236900	0.4	0.47	0.47	0	0	0.4
237000	0.4	0.47	0.47	0	0	0.4
237100	0.4	0.47	0.47	0	0	0.4
237200	0.4	0.47	0.47	0	0	0.4
237300	0.4	0.47	0.47	0	0	0.4
237400	0.4	0.47	0.47	0	0	0.4
237500	0.4	0.47	0.47	0	0	0.4
237600	0.4	0.47	0.47	0	0	0.4
237700	0.4	0.47	0.47	0	0	0.4
237800	0.4	0.47	0.47	0	0	0.4
237900	0.4	0.47	0.47	0	0	0.4
238000	0.4	0.47	0.47	0	0	0.4
238100	0.4	0.47	0.47	0	0	0.4
238200	0.4	0.47	0.47	0	0	0.4
238300	0.4	0.47	0.47	0	0	0.4
238400	0.4	0.47	0.47	0	0	0.4
238500	0.4	0.47	0.47	0	0	0.4
238600	0.4	0.47	0.47	0	0	0.4
238700	0.4	0.47	0.47	0	0	0.4
238800	0.4	0.47	0.47	0	0	0.4
238900	0.4	0.47	0.47	0	0	0.4
239000	0.4	0.47	0.47	0	0	0.4
239100	0.4	0.47	0.47	0	0	0.4
239200	0.4	0.47	0.47	0	0	0.4
239300	0.4	0.47	0.47	0	0	0.4
239400	0.4	0.47	0.47	0	0	0.4
239500	0.4	0.47	0.47	0	0	0.4
239600	0.4	0.47	0.47	0	0	0.4
239700	0.4	0.47	0.47	0	0	0.4
239800	0.4	0.47	0.47	0	0	0.4
239900	0.4	0.47	0.47	0	0	0.4
240000	0.4	0.47	0.47	0	0	0.4
240100	0.4	0.47	0.47	0	0	0.4
240200	0.4	0.47	0.47	0	0	0.4
240300	0.4	0.47	0.47	0	0	0.4
240400	0.4	0.47	0.47	0	0	0.4
240500	0.4	0.47	0.47	0	0	0.4
240600	0.4	0.47	0.47	0	0	0.4
240700	0.4	0.47	0.47	0	0	0.4
240800	0.4	0.47	0.47	0	0	0.4
240900	0.4	0.47	0.47	0	0	0.4
241000	0.4	0.47	0.47	0	0	0.4
241100	0.41	0.47	0.47	0	0	0.41
241200	0.41	0.47	0.47	0	0	0.41
241300	0.41	0.47	0.47	0	0	0.41
241400	0.42	0.47	0.47	0	0	0.42
241500	0.41	0.47	0.47	0	0	0.41
241600	0.41	0.47	0.47	0	0	0.41
241700	0.41	0.47	0.47	0	0	0.41
241800	0.41	0.47	0.47	0	0	0.41
241900	0.41	0.47	0.47	0	0	0.41
242000	0.41	0.47	0.47	0	0	0.41
242100	0.42	0.47	0.47	0	0	0.42
242200	0.41	0.47	0.47	0	0	0.41
242300	0.41	0.47	0.47	0	0	0.41
242400	0.41	0.47	0.47	0	0	0.41
242500	0.41	0.47	0.47	0	0	0.41
242600	0.41	0.47	0.47	0	0	0.41
242700	0.41	0.47	0.47	0	0	0.41
242800	0.41	0.47	0.47	0	0	0.41
242900	0.41	0.47	0.47	0	0	0.41
243000	0.41	0.47	0.47	0	0	0.41
243100	0.41	0.47	0.47	0	0	0.41
243200	0.41	0.47	0.47	0	0	0.41
243300	0.41	0.47	0.47	0	0	0.41
243400	0.41	0.47	0.47	0	0	0.41
243500	0.41	0.47	0.47	0	0	0.41
243600	0.41	0.47	0.47	0	0	0.41
243700	0.42	0.47	0.47	0	0	0.42
243800	0.42	0.47	0.47	0	0	0.42
243900	0.42	0.47	0.47	0	0	0.42
244000	0.42	0.47	0.47	0	0	0.42
244100	0.42	0.47	0.47	0	0	0.42
244200	0.42	0.47	0.47	0	0	0.42
244300	0.42	0.47	0.47	0	0	0.42
244400	0.42	0.47	0.47	0	0	0.42
244500	0.42	0.47	0.47	0	0	0.42
244600	0.42	0.47	0.47	0	0	0.42
244700	0.42	0.47	0.47	0	0	0.42
244800	0.42	0.47	0.47	0	0	0.42
244900	0.42	0.47	0.47	0	0	0.42
245000	0.42	0.47	0.47	0	0	0.42
245100	0.42	0.47	0.47	0	0	0.42
245200	0.42	0.47	0.47	0	0	0.42
245300	0.42	0.47	0.47	0	0	0.42
245400	0.42	0.47	0.47	0	0	0.42
245500	0.42	0.47	0.47	0	0	0.42
245600	0.42	0.47	0.47	0	0	0.42
245700	0.42	0.47	0.47	0	0	0.42
245800	0.42	0.47	0.47	0	0	0.42
245900	0.42	0.47	0.47	0	0	0.42
246000	0.42	0.47	0.47	0	0	0.42
246100	0.42	0.47	0.47	0	0	0.42
246200	0.42	0.47	0.47	0	0	0.42
246300	0.42	0.47	0.47	0	0	0.42
246400	0.42	0.47	0.47	0	0	0.42
246500	0.42	0.47	0.47	0	0	0.42
246600	0.42	0.47	0.47	0	0	0.42
246700	0.42	0.47	0.47	0	0	0.42
246800	0.42	0.47	0.47	0	0	0.42
246900	0.42	0.47	0.47	0	0	0.42
247000	0.42	0.47	0.47	0	0	0.42
247100	0.42	0.47	0.47	0	0	0.42
247200	0.42	0.47	0.47	0	0	0.42
247300	0.42	0.47	0.47	0	0	0.42
247400	0.42	0.47	0.47	0	0	0.42
247500	0.42	0.47	0.47	0	0	0.42
247600	0.42	0.47	0.47	0	0	0.42
247700	0.42	0.47	0.47	0	0	0.42
247800	0.42	0.47	0.47	0	0	0.42
247900	0.42	0.47	0.47	0	0	0.42
248000	0.42	0.47	0.47	0	0	0.42
248100	0.42	0.47	0.47	0	0	0.42
248200	0.42	0.47	0.47	0	0	0.42
248300	0.42	0.47	0.47	0	0	0.42
248400	0.42	0.47	0.47	0	0	0.42
248500	0.42	0.48	0.48	0	0	0.42
248600	0.42	0.47	0.47	0	0	0.42
248700	0.42	0.47	0.47	0	0	0.42
248800	0.42	0.48	0.48	0	0	0.42
248900	0.42	0.48	0.48	0	0	0.42
249000	0.42	0.48	0.48	0	0	0.42
249100	0.42	0.48	0.48	0	0	0.42
249200	0.43	0.48	0.48	0	0	0.43
249300	0.43	0.48	0.48	0	0	0.43
249400	0.42	0.48	0.48	0	0	0.42
249500	0.42	0.48	0.48	0	0	0.42
249600	0.42	0.48	0.48	0	0	0.42
249700	0.42	0.48	0.48	0	0	0.42
249800	0.42	0.48	0.48	0	0	0.42
249900	0.42	0.48	0.48	0	0	0.42
250000	0.42	0.48	0.48	0	0	0.42
250100	0.42	0.48	0.48	0	0	0.42
250200	0.42	0.48	0.48	0	0	0.42
250300	0.42	0.48	0.48	0	0	0.42
250400	0.42	0.48	0.48	0	0	0.42
250500	0.42	0.48	0.48	0	0	0.42
250600	0.42	0.48	0.48	0	0	0.42
250700	0.42	0.48	0.48	0	0	0.42
250800	0.42	0.48	0.48	0	0	0.42
250900	0.42	0.48	0.48	0	0	0.42
251000	0.42	0.48	0.48	0	0	0.42
251100	0.42	0.48	0.48	0	0	0.42
251200	0.42	0.48	0.48	0	0	0.42
251300	0.42	0.48	0.48	0	0	0.42
251400	0.42	0.48	0.48	0	0	0.42
251500	0.42	0.48	0.48	0	0	0.42
251600	0.42	0.48	0.48	0	0	0.42
251700	0.42	0.48	0.48	0	0	0.42
251800	0.43	0.48	0.48	0	0	0.43
251900	0.43	0.48	0.48	0	0	0.43
252000	0.43	0.48	0.48	0	0	0.43
252100	0.42	0.48	0.48	0	0	0.42
252200	0.42	0.48	0.48	0	0	0.42
252300	0.42	0.48	0.48	0	0	0.42
252400	0.42	0.48	0.48	0	0	0.42
252500	0.42	0.48	0.48	0	0	0.42
252600	0.42	0.48	0.48	0	0	0.42
252700	0.42	0.48	0.48	0	0	0.42
252800	0.42	0.48	0.48	0	0	0.42
252900	0.42	0.48	0.48	0	0	0.42
253000	0.42	0.48	0.48	0	0	0.42
253100	0.42	0.48	0.48	0	0	0.42
253200	0.42	0.48	0.48	0	0	0.42
253300	0.42	0.48	0.48	0	0	0.42
253400	0.42	0.48	0.48	0	0	0.42
253500	0.42	0.48	0.48	0	0	0.42
253600	0.42	0.48	0.48	0	0	0.42
253700	0.42	0.48	0.48	0	0	0.42
253800	0.43	0.48	0.48	0	0	0.43
253900	0.42	0.48	0.48	0	0	0.42
254000	0.42	0.48	0.48	0	0	0.42
254100	0.42	0.48	0.48	0	0	0.42
254200	0.42	0.48	0.48	0	0	0.42
254300	0.42	0.48	0.48	0	0	0.42
254400	0.42	0.49	0.49	0	0	0.42
254500	0.42	0.48	0.48	0	0	0.42
254600	0.42	0.49	0.49	0	0	0.42
254700	0.42	0.49	0.49	0	0	0.42
254800	0.42	0.49	0.49	0	0	0.42
254900	0.42	0.49	0.49	0	0	0.42
255000	0.43	0.49	0.49	0	0	0.43
255100	0.43	0.49	0.49	0	0	0.43
255200	0.43	0.49	0.49	0	0	0.43
255300	0.43	0.49	0.49	0	0	0.43
255400	0.43	0.49	0.49	0	0	0.43
255500	0.43	0.49	0.49	0	0	0.43
255600	0.43	0.49	0.49	0	0	0.43
255700	0.43	0.49	0.49	0	0	0.43
255800	0.43	0.49	0.49	0	0	0.43
255900	0.43	0.49	0.49	0	0	0.43
256000	0.43	0.49	0.49	0	0	0.43
256100	0.43	0.49	0.49	0	0	0.43
256200	0.43	0.49	0.49	0	0	0.43
256300	0.43	0.49	0.49	0	0	0.43
256400	0.43	0.49	0.49	0	0	0.43
256500	0.43	0.49	0.49	0	0	0.43
256600	0.43	0.49	0.49	0	0	0.43
256700	0.43	0.49	0.49	0	0	0.43
256800	0.43	0.49	0.49	0	0	0.43
256900	0.43	0.49	0.49	0	0	0.43
257000	0.43	0.49	0.49	0	0	0.43
257100	0.43	0.49	0.49	0	0	0.43
257200	0.43	0.49	0.49	0	0	0.43
257300	0.43	0.49	0.49	0	0	0.43
257400	0.43	0.49	0.49	0	0	0.43
257500	0.43	0.49	0.49	0	0	0.43
257600	0.43	0.49	0.49	0	0	0.43
257700	0.42	0.49	0.49	0	0	0.42
257800	0.42	0.49	0.49	0	0	0.42
257900	0.42	0.49	0.49	0	0	0.42
258000	0.42	0.49	0.49	0	0	0.42
258100	0.42	0.49	0.49	0	0	0.42
258200	0.42	0.49	0.49	0	0	0.42
258300	0.42	0.49	0.49	0	0	0.42
258400	0.42	0.49	0.49	0	0	0.42
258500	0.42	0.49	0.49	0	0	0.42
258600	0.42	0.49	0.49	0	0	0.42
258700	0.42	0.49	0.49	0	0	0.42
258800	0.42	0.49	0.49	0	0	0.42
258900	0.42	0.49	0.49	0	0	0.42
259000	0.42	0.49	0.49	0	0	0.42
259100	0.42	0.49	0.49	0	0	0.42
259200	0.42	0.49	0.49	0	0	0.42
259300	0.42	0.49	0.49	0	0	0.42
259400	0.42	0.49	0.49	0	0	0.42
259500	0.42	0.49	0.49	0	0	0.42
259600	0.42	0.49	0.49	0	0	0.42
259700	0.42	0.49	0.49	0	0	0.42
259800	0.42	0.49	0.49	0	0	0.42
259900	0.42	0.49	0.49	0	0	0.42
260000	0.42	0.49	0.49	0	0	0.42
260100	0.42	0.49	0.49	0	0	0.42
260200	0.42	0.49	0.49	0	0	0.42
260300	0.42	0.49	0.49	0	0	0.42
260400	0.42	0.49	0.49	0	0	0.42
260500	0.42	0.49	0.49	0	0	0.42
260600	0.42	0.49	0.49	0	0	0.42
260700	0.42	0.49	0.49	0	0	0.42
260800	0.42	0.49	0.49	0	0	0.42
260900	0.42	0.49	0.49	0	0	0.42
261000	0.42	0.49	0.49	0	0	0.42
261100	0.42	0.49	0.49	0	0	0.42
261200	0.42	0.49	0.49	0	0	0.42
261300	0.42	0.49	0.49	0	0	0.42
261400	0.42	0.49	0.49	0	0	0.42
261500	0.42	0.49	0.49	0	0	0.42
261600	0.42	0.49	0.49	0	0	0.42
261700	0.42	0.49	0.49	0	0	0.42
261800	0.42	0.49	0.49	0	0	0.42
261900	0.42	0.49	0.49	0	0	0.42
262000	0.42	0.49	0.49	0	0	0.42
262100	0.42	0.49	0.49	0	0	0.42
262200	0.42	0.49	0.49	0	0	0.42
262300	0.42	0.5	0.5	0	0	0.42
262400	0.42	0.49	0.49	0	0	0.42
262500	0.42	0.49	0.49	0	0	0.42
262600	0.42	0.49	0.49	0	0	0.42
262700	0.42	0.49	0.49	0	0	0.42
262800	0.42	0.49	0.49	0	0	0.42
262900	0.42	0.49	0.49	0	0	0.42
263000	0.42	0.49	0.49	0	0	0.42
263100	0.42	0.49	0.49	0	0	0.42
263200	0.42	0.49	0.49	0	0	0.42
263300	0.42	0.49	0.49	0	0	0.42
263400	0.42	0.49	0.49	0	0	0.42
263500	0.42	0.49	0.49	0	0	0.42
263600	0.42	0.48	0.48	0	0	0.42
263700	0.42	0.48	0.48	0	0	0.42
263800	0.42	0.48	0.48	0	0	0.42
263900	0.42	0.48	0.48	0	0	0.42
264000	0.42	0.48	0.48	0	0	0.42
264100	0.42	0.48	0.48	0	0	0.42
264200	0.42	0.48	0.48	0	0	0.42
264300	0.42	0.48	0.48	0	0	0.42
264400	0.42	0.48	0.48	0	0	0.42
264500	0.42	0.49	0.49	0	0	0.42
264600	0.42	0.48	0.48	0	0	0.42
264700	0.42	0.48	0.48	0	0	0.42
264800	0.43	0.48	0.48	0	0	0.43
264900	0.42	0.48	0.48	0	0	0.42
265000	0.42	0.48	0.48	0	0	0.42
265100	0.42	0.48	0.48	0	0	0.42
265200	0.42	0.48	0.48	0	0	0.42
265300	0.42	0.48	0.48	0	0	0.42
265400	0.42	0.48	0.48	0	0	0.42
265500	0.42	0.48	0.48	0	0	0.42
265600	0.42	0.48	0.48	0	0	0.42
265700	0.42	0.48	0.48	0	0	0.42
265800	0.42	0.48	0.48	0	0	0.42
265900	0.42	0.48	0.48	0	0	0.42
266000	0.42	0.48	0.48	0	0	0.42
266100	0.42	0.48	0.48	0	0	0.42
266200	0.42	0.48	0.48	0	0	0.42
266300	0.42	0.48	0.48	0	0	0.42
266400	0.42	0.49	0.49	0	0	0.42
266500	0.42	0.48	0.48	0	0	0.42
266600	0.42	0.48	0.48	0	0	0.42
266700	0.42	0.48	0.48	0	0	0.42
266800	0.42	0.48	0.48	0	0	0.42
266900	0.42	0.48	0.48	0	0	0.42
267000	0.42	0.48	0.48	0	0	0.42
267100	0.42	0.48	0.48	0	0	0.42
267200	0.42	0.48	0.48	0	0	0.42
267300	0.42	0.48	0.48	0	0	0.42
267400	0.42	0.48	0.48	0	0	0.42
267500	0.42	0.48	0.48	0	0	0.42
267600	0.42	0.48	0.48	0	0	0.42
267700	0.42	0.48	0.48	0	0	0.42
267800	0.42	0.48	0.48	0	0	0.42
267900	0.42	0.48	0.48	0	0	0.42
268000	0.42	0.48	0.48	0	0	0.42
268100	0.42	0.48	0.48	0	0	0.42
268200	0.42	0.48	0.48	0	0	0.42
268300	0.42	0.48	0.48	0	0	0.42
268400	0.42	0.48	0.48	0	0	0.42
268500	0.42	0.48	0.48	0	0	0.42
268600	0.42	0.48	0.48	0	0	0.42
268700	0.42	0.48	0.48	0	0	0.42
268800	0.42	0.48	0.48	0	0	0.42
268900	0.42	0.48	0.48	0	0	0.42
269000	0.42	0.48	0.48	0	0	0.42
269100	0.42	0.48	0.48	0	0	0.42
269200	0.42	0.48	0.48	0	0	0.42
269300	0.42	0.48	0.48	0	0	0.42
269400	0.42	0.48	0.48	0	0	0.42
269500	0.42	0.48	0.48	0	0	0.42
269600	0.42	0.48	0.48	0	0	0.42
269700	0.42	0.48	0.48	0	0	0.42
269800	0.42	0.48	0.48	0	0	0.42
269900	0.42	0.48	0.48	0	0	0.42
270000	0.42	0.48	0.48	0	0	0.42
270100	0.42	0.48	0.48	0	0	0.42
270200	0.42	0.48	0.48	0	0	0.42
270300	0.42	0.48	0.48	0	0	0.42
270400	0.42	0.48	0.48	0	0	0.42
270500	0.42	0.48	0.48	0	0	0.42
270600	0.42	0.48	0.48	0	0	0.42
270700	0.42	0.48	0.48	0	0	0.42
270800	0.42	0.48	0.48	0	0	0.42
270900	0.42	0.48	0.48	0	0	0.42
271000	0.43	0.48	0.48	0	0	0.43
271100	0.43	0.48	0.48	0	0	0.43
271200	0.43	0.48	0.48	0	0	0.43
271300	0.43	0.48	0.48	0	0	0.43
271400	0.43	0.48	0.48	0	0	0.43
271500	0.43	0.48	0.48	0	0	0.43
271600	0.43	0.48	0.48	0	0	0.43
271700	0.43	0.48	0.48	0	0	0.43
271800	0.43	0.48	0.48	0	0	0.43
271900	0.43	0.48	0.48	0	0	0.43
272000	0.43	0.48	0.48	0	0	0.43
272100	0.43	0.48	0.48	0	0	0.43
272200	0.43	0.48	0.48	0	0	0.43
272300	0.43	0.48	0.48	0	0	0.43
272400	0.43	0.48	0.48	0	0	0.43
272500	0.43	0.48	0.48	0	0	0.43
272600	0.43	0.48	0.48	0	0	0.43
272700	0.43	0.48	0.48	0	0	0.43
272800	0.43	0.48	0.48	0	0	0.43
272900	0.43	0.48	0.48	0	0	0.43
273000	0.43	0.48	0.48	0	0	0.43
273100	0.43	0.48	0.48	0	0	0.43
273200	0.43	0.48	0.48	0	0	0.43
273300	0.43	0.48	0.48	0	0	0.43
273400	0.43	0.48	0.48	0	0	0.43
273500	0.43	0.48	0.48	0	0	0.43
273600	0.44	0.48	0.48	0	0	0.44
273700	0.44	0.48	0.48	0	0	0.44
273800	0.44	0.48	0.48	0	0	0.44
273900	0.44	0.48	0.48	0	0	0.44
274000	0.44	0.48	0.48	0	0	0.44
274100	0.44	0.48	0.48	0	0	0.44
274200	0.44	0.48	0.48	0	0	0.44
274300	0.44	0.48	0.48	0	0	0.44
274400	0.44	0.48	0.48	0	0	0.44
274500	0.44	0.48	0.48	0	0	0.44
274600	0.44	0.48	0.48	0	0	0.44
274700	0.44	0.48	0.48	0	0	0.44
274800	0.44	0.48	0.48	0	0	0.44
274900	0.44	0.48	0.48	0	0	0.44
275000	0.44	0.48	0.48	0	0	0.44
275100	0.44	0.48	0.48	0	0	0.44
275200	0.44	0.48	0.48	0	0	0.44
275300	0.44	0.48	0.48	0	0	0.44
275400	0.44	0.48	0.48	0	0	0.44
275500	0.43	0.48	0.48	0	0	0.43
275600	0.43	0.48	0.48	0	0	0.43
275700	0.43	0.48	0.48	0	0	0.43
275800	0.44	0.48	0.48	0	0	0.44
275900	0.44	0.48	0.48	0	0	0.44
276000	0.44	0.48	0.48	0	0	0.44
276100	0.44	0.48	0.48	0	0	0.44
276200	0.44	0.48	0.48	0	0	0.44
276300	0.44	0.48	0.48	0	0	0.44
276400	0.44	0.48	0.48	0	0	0.44
276500	0.44	0.48	0.48	0	0	0.44
276600	0.44	0.48	0.48	0	0	0.44
276700	0.44	0.48	0.48	0	0	0.44
276800	0.44	0.48	0.48	0	0	0.44
276900	0.44	0.48	0.48	0	0	0.44
277000	0.44	0.48	0.48	0	0	0.44
277100	0.44	0.48	0.48	0	0	0.44
277200	0.44	0.48	0.48	0	0	0.44
277300	0.44	0.48	0.48	0	0	0.44
277400	0.44	0.48	0.48	0	0	0.44
277500	0.44	0.48	0.48	0	0	0.44
277600	0.44	0.48	0.48	0	0	0.44
277700	0.44	0.47	0.47	0	0	0.44
277800	0.44	0.47	0.47	0	0	0.44
277900	0.44	0.47	0.47	0	0	0.44
278000	0.44	0.46	0.46	0	0	0.44
278100	0.44	0.46	0.46	0	0	0.44
278200	0.44	0.46	0.46	0	0	0.44
278300	0.44	0.47	0.47	0	0	0.44
278400	0.44	0.46	0.46	0	0	0.44
278500	0.44	0.46	0.46	0	0	0.44
278600	0.44	0.46	0.46	0	0	0.44
278700	0.44	0.46	0.46	0	0	0.44
278800	0.44	0.46	0.46	0	0	0.44
278900	0.44	0.46	0.46	0	0	0.44
279000	0.44	0.46	0.46	0	0	0.44
279100	0.44	0.46	0.46	0	0	0.44
279200	0.44	0.46	0.46	0	0	0.44
279300	0.44	0.46	0.46	0	0	0.44
279400	0.44	0.46	0.46	0	0	0.44
279500	0.44	0.46	0.46	0	0	0.44
279600	0.44	0.45	0.45	0	0	0.44
279700	0.44	0.45	0.45	0	0	0.44
279800	0.44	0.45	0.45	0	0	0.44
279900	0.44	0.45	0.45	0	0	0.44
280000	0.44	0.45	0.45	0	0	0.44
280100	0.44	0.45	0.45	0	0	0.44
280200	0.44	0.45	0.45	0	0	0.44
280300	0.44	0.45	0.45	0	0	0.44
280400	0.44	0.45	0.45	0	0	0.44
280500	0.44	0.45	0.45	0	0	0.44
280600	0.44	0.45	0.45	0	0	0.44
280700	0.44	0.45	0.45	0	0	0.44
280800	0.44	0.45	0.45	0	0	0.44
280900	0.44	0.45	0.45	0	0	0.44
281000	0.44	0.45	0.45	0	0	0.44
281100	0.44	0.45	0.45	0	0	0.44
281200	0.44	0.45	0.45	0	0	0.44
281300	0.44	0.45	0.45	0	0	0.44
281400	0.44	0.45	0.45	0	0	0.44
281500	0.44	0.45	0.45	0	0	0.44
281600	0.44	0.45	0.45	0	0	0.44
281700	0.44	0.45	0.45	0	0	0.44
281800	0.44	0.45	0.45	0	0	0.44
281900	0.44	0.46	0.46	0	0	0.44
282000	0.44	0.45	0.45	0	0	0.44
282100	0.44	0.45	0.45	0	0	0.44
282200	0.44	0.45	0.45	0	0	0.44
282300	0.44	0.45	0.45	0	0	0.44
282400	0.44	0.45	0.45	0	0	0.44
282500	0.44	0.45	0.45	0	0	0.44
282600	0.44	0.45	0.45	0	0	0.44
282700	0.44	0.45	0.45	0	0	0.44
282800	0.44	0.45	0.45	0	0	0.44
282900	0.44	0.45	0.45	0	0	0.44
283000	0.44	0.45	0.45	0	0	0.44
283100	0.44	0.45	0.45	0	0	0.44
283200	0.44	0.45	0.45	0	0	0.44
283300	0.44	0.45	0.45	0	0	0.44
283400	0.44	0.45	0.45	0	0	0.44
283500	0.44	0.46	0.46	0	0	0.44
283600	0.44	0.46	0.46	0	0	0.44
283700	0.44	0.46	0.46	0	0	0.44
283800	0.44	0.46	0.46	0	0	0.44
283900	0.44	0.46	0.46	0	0	0.44
284000	0.44	0.46	0.46	0	0	0.44
284100	0.44	0.46	0.46	0	0	0.44
284200	0.44	0.46	0.46	0	0	0.44
284300	0.44	0.46	0.46	0	0	0.44
284400	0.44	0.46	0.46	0	0	0.44
284500	0.44	0.46	0.46	0	0	0.44
284600	0.44	0.46	0.46	0	0	0.44
284700	0.44	0.46	0.46	0	0	0.44
284800	0.44	0.46	0.46	0	0	0.44
284900	0.44	0.46	0.46	0	0	0.44
285000	0.44	0.45	0.45	0	0	0.44
285100	0.44	0.45	0.45	0	0	0.44
285200	0.44	0.45	0.45	0	0	0.44
285300	0.45	0.45	0.45	0	0	0.45
285400	0.45	0.45	0.45	0	0	0.45
285500	0.45	0.45	0.45	0	0	0.45
285600	0.45	0.45	0.45	0	0	0.45
285700	0.45	0.45	0.45	0	0	0.45
285800	0.45	0.46	0.46	0	0	0.45
285900	0.45	0.46	0.46	0	0	0.45
286000	0.46	0.46	0.46	0	0	0.46
286100	0.45	0.46	0.46	0	0	0.45
286200	0.45	0.46	0.46	0	0	0.45
286300	0.45	0.46	0.46	0	0	0.45
286400	0.45	0.46	0.46	0	0	0.45
286500	0.44	0.46	0.46	0	0	0.44
286600	0.44	0.46	0.46	0	0	0.44
286700	0.44	0.46	0.46	0	0	0.44
286800	0.44	0.45	0.45	0	0	0.44
286900	0.44	0.45	0.45	0	0	0.44
287000	0.44	0.45	0.45	0	0	0.44
287100	0.44	0.45	0.45	0	0	0.44
287200	0.44	0.45	0.45	0	0	0.44
287300	0.44	0.45	0.45	0	0	0.44
287400	0.44	0.45	0.45	0	0	0.44
287500	0.44	0.45	0.45	0	0	0.44
287600	0.44	0.45	0.45	0	0	0.44
287700	0.44	0.45	0.45	0	0	0.44
287800	0.44	0.45	0.45	0	0	0.44
287900	0.44	0.45	0.45	0	0	0.44
288000	0.44	0.45	0.45	0	0	0.44
288100	0.44	0.45	0.45	0	0	0.44
288200	0.44	0.45	0.45	0	0	0.44
288300	0.44	0.45	0.45	0	0	0.44
288400	0.44	0.45	0.45	0	0	0.44
288500	0.44	0.45	0.45	0	0	0.44
288600	0.44	0.45	0.45	0	0	0.44
288700	0.44	0.45	0.45	0	0	0.44
288800	0.44	0.45	0.45	0	0	0.44
288900	0.44	0.45	0.45	0	0	0.44
289000	0.44	0.45	0.45	0	0	0.44
289100	0.44	0.45	0.45	0	0	0.44
289200	0.44	0.45	0.45	0	0	0.44
289300	0.44	0.45	0.45	0	0	0.44
289400	0.44	0.46	0.46	0	0	0.44
289500	0.44	0.46	0.46	0	0	0.44
289600	0.44	0.46	0.46	0	0	0.44
289700	0.44	0.46	0.46	0	0	0.44
289800	0.44	0.46	0.46	0	0	0.44
289900	0.44	0.46	0.46	0	0	0.44
290000	0.44	0.46	0.46	0	0	0.44
290100	0.44	0.46	0.46	0	0	0.44
290200	0.44	0.46	0.46	0	0	0.44
290300	0.44	0.46	0.46	0	0	0.44
290400	0.44	0.46	0.46	0	0	0.44
290500	0.44	0.46	0.46	0	0	0.44
290600	0.44	0.46	0.46	0	0	0.44
290700	0.44	0.46	0.46	0	0	0.44
290800	0.44	0.46	0.46	0	0	0.44
290900	0.44	0.46	0.46	0	0	0.44
291000	0.44	0.46	0.46	0	0	0.44
291100	0.44	0.46	0.46	0	0	0.44
291200	0.44	0.46	0.46	0	0	0.44
291300	0.44	0.46	0.46	0	0	0.44
291400	0.44	0.47	0.47	0	0	0.44
291500	0.44	0.46	0.46	0	0	0.44
291600	0.44	0.46	0.46	0	0	0.44
291700	0.44	0.46	0.46	0	0	0.44
291800	0.44	0.46	0.46	0	0	0.44
291900	0.44	0.46	0.46	0	0	0.44
292000	0.44	0.46	0.46	0	0	0.44
292100	0.44	0.46	0.46	0	0	0.44
292200	0.45	0.46	0.46	0	0	0.45
292300	0.45	0.46	0.46	0	0	0.45
292400	0.45	0.46	0.46	0	0	0.45
292500	0.45	0.46	0.46	0	0	0.45
292600	0.45	0.46	0.46	0	0	0.45
292700	0.45	0.46	0.46	0	0	0.45
292800	0.45	0.46	0.46	0	0	0.45
292900	0.45	0.46	0.46	0	0	0.45
293000	0.45	0.46	0.46	0	0	0.45
293100	0.45	0.46	0.46	0	0	0.45
293200	0.45	0.46	0.46	0	0	0.45
293300	0.44	0.46	0.46	0	0	0.44
293400	0.45	0.46	0.46	0	0	0.45
293500	0.44	0.46	0.46	0	0	0.44
293600	0.44	0.46	0.46	0	0	0.44
293700	0.44	0.46	0.46	0	0	0.44
293800	0.43	0.46	0.46	0	0	0.43
293900	0.43	0.46	0.46	0	0	0.43
294000	0.43	0.46	0.46	0	0	0.43
294100	0.43	0.46	0.46	0	0	0.43
294200	0.43	0.46	0.46	0	0	0.43
294300	0.43	0.46	0.46	0	0	0.43
294400	0.43	0.46	0.46	0	0	0.43
294500	0.43	0.46	0.46	0	0	0.43
294600	0.43	0.46	0.46	0	0	0.43
294700	0.43	0.46	0.46	0	0	0.43
294800	0.43	0.46	0.46	0	0	0.43
294900	0.43	0.46	0.46	0	0	0.43
295000	0.43	0.46	0.46	0	0	0.43
295100	0.43	0.46	0.46	0	0	0.43
295200	0.43	0.46	0.46	0	0	0.43
295300	0.43	0.46	0.46	0	0	0.43
295400	0.43	0.46	0.46	0	0	0.43
295500	0.43	0.46	0.46	0	0	0.43
295600	0.43	0.46	0.46	0	0	0.43
295700	0.43	0.46	0.46	0	0	0.43
295800	0.43	0.46	0.46	0	0	0.43
295900	0.43	0.46	0.46	0	0	0.43
296000	0.43	0.46	0.46	0	0	0.43
296100	0.43	0.46	0.46	0	0	0.43
296200	0.43	0.46	0.46	0	0	0.43
296300	0.43	0.46	0.46	0	0	0.43
296400	0.43	0.46	0.46	0	0	0.43
296500	0.43	0.46	0.46	0	0	0.43
296600	0.43	0.46	0.46	0	0	0.43
296700	0.43	0.46	0.46	0	0	0.43
296800	0.43	0.46	0.46	0	0	0.43
296900	0.43	0.46	0.46	0	0	0.43
297000	0.43	0.46	0.46	0	0	0.43
297100	0.43	0.46	0.46	0	0	0.43
297200	0.43	0.46	0.46	0	0	0.43
297300	0.43	0.46	0.46	0	0	0.43
297400	0.43	0.46	0.46	0	0	0.43
297500	0.43	0.46	0.46	0	0	0.43
297600	0.43	0.46	0.46	0	0	0.43
297700	0.43	0.46	0.46	0	0	0.43
297800	0.43	0.46	0.46	0	0	0.43
297900	0.43	0.46	0.46	0	0	0.43
298000	0.43	0.46	0.46	0	0	0.43
298100	0.44	0.46	0.46	0	0	0.44
298200	0.44	0.46	0.46	0	0	0.44
298300	0.44	0.46	0.46	0	0	0.44
298400	0.43	0.46	0.46	0	0	0.43
298500	0.43	0.46	0.46	0	0	0.43
298600	0.43	0.46	0.46	0	0	0.43
298700	0.43	0.46	0.46	0	0	0.43
298800	0.43	0.46	0.46	0	0	0.43
298900	0.43	0.46	0.46	0	0	0.43
299000	0.43	0.46	0.46	0	0	0.43
299100	0.43	0.46	0.46	0	0	0.43
299200	0.42	0.46	0.46	0	0	0.42
299300	0.42	0.46	0.46	0	0	0.42
299400	0.42	0.46	0.46	0	0	0.42
299500	0.42	0.46	0.46	0	0	0.42
299600	0.42	0.46	0.46	0	0	0.42
299700	0.42	0.46	0.46	0	0	0.42
299800	0.42	0.46	0.46	0	0	0.42
299900	0.42	0.46	0.46	0	0	0.42
300000	0.42	0.46	0.46	0	0	0.42
