100	0.02	0.11	0.11	0	0	0.02
200	0.02	0.14	0.14	0	0	0.02
300	0.03	0.14	0.14	0	0	0.03
400	0.03	0.12	0.12	0	0	0.03
500	0.02	0.11	0.11	0	0	0.02
600	0.01	0.11	0.11	0	0	0.01
700	0.02	0.1	0.1	0	0	0.02
800	0.02	0.12	0.12	0	0	0.02
900	0.02	0.11	0.11	0	0	0.02
1000	0.02	0.12	0.12	0	0	0.02
1100	0.03	0.11	0.11	0	0	0.03
1200	0.02	0.11	0.11	0	0	0.02
1300	0.03	0.12	0.12	0	0	0.03
1400	0.04	0.13	0.13	0	0	0.04
1500	0.03	0.12	0.12	0	0	0.03
1600	0.03	0.12	0.12	0	0	0.03
1700	0.03	0.14	0.14	0	0	0.03
1800	0.04	0.14	0.14	0	0	0.04
1900	0.04	0.14	0.14	0	0	0.04
2000	0.05	0.14	0.14	0	0	0.05
2100	0.07	0.14	0.14	0	0	0.07
2200	0.08	0.16	0.16	0	0	0.08
2300	0.08	0.16	0.16	0	0	0.08
2400	0.1	0.19	0.19	0	0	0.1
2500	0.1	0.21	0.21	0	0	0.1
2600	0.1	0.22	0.22	0	0	0.1
2700	0.1	0.21	0.21	0	0	0.1
2800	0.09	0.2	0.2	0	0	0.09
2900	0.09	0.21	0.21	0	0	0.09
3000	0.1	0.22	0.22	0	0	0.1
3100	0.12	0.22	0.22	0	0	0.12
3200	0.12	0.22	0.22	0	0	0.12
3300	0.11	0.21	0.21	0	0	0.11
3400	0.1	0.21	0.21	0	0	0.1
3500	0.09	0.22	0.22	0	0	0.09
3600	0.12	0.22	0.22	0	0	0.12
3700	0.12	0.23	0.23	0	0	0.12
3800	0.12	0.24	0.24	0	0	0.12
3900	0.12	0.26	0.26	0	0	0.12
4000	0.13	0.28	0.28	0	0	0.13
4100	0.13	0.26	0.26	0	0	0.13
4200	0.13	0.27	0.27	0	0	0.13
4300	0.12	0.28	0.28	0	0	0.12
4400	0.12	0.29	0.29	0	0	0.12
4500	0.12	0.3	0.3	0	0	0.12
4600	0.13	0.3	0.3	0	0	0.13
4700	0.13	0.29	0.29	0	0	0.13
4800	0.13	0.3	0.3	0	0	0.13
4900	0.12	0.32	0.32	0	0	0.12
5000	0.12	0.35	0.35	0	0	0.12
5100	0.12	0.34	0.34	0	0	0.12
5200	0.13	0.35	0.35	0	0	0.13
5300	0.14	0.34	0.34	0	0	0.14
5400	0.12	0.34	0.34	0	0	0.12
5500	0.12	0.34	0.34	0	0	0.12
5600	0.12	0.33	0.33	0	0	0.12
5700	0.12	0.34	0.34	0	0	0.12
5800	0.12	0.34	0.34	0	0	0.12
5900	0.13	0.35	0.35	0	0	0.13
6000	0.13	0.35	0.35	0	0	0.13
6100	0.14	0.35	0.35	0	0	0.14
6200	0.14	0.36	0.36	0	0	0.14
6300	0.14	0.37	0.37	0	0	0.14
6400	0.14	0.37	0.37	0	0	0.14
6500	0.13	0.38	0.38	0	0	0.13
6600	0.12	0.39	0.39	0	0	0.12
6700	0.13	0.4	0.4	0	0	0.13
6800	0.13	0.42	0.42	0	0	0.13
6900	0.13	0.42	0.42	0	0	0.13
7000	0.14	0.43	0.43	0	0	0.14
7100	0.13	0.42	0.42	0	0	0.13
7200	0.14	0.41	0.41	0	0	0.14
7300	0.13	0.41	0.41	0	0	0.13
7400	0.13	0.41	0.41	0	0	0.13
7500	0.13	0.41	0.41	0	0	0.13
7600	0.12	0.4	0.4	0	0	0.12
7700	0.12	0.4	0.4	0	0	0.12
7800	0.13	0.4	0.4	0	0	0.13
7900	0.14	0.39	0.39	0	0	0.14
8000	0.14	0.41	0.41	0	0	0.14
8100	0.13	0.41	0.41	0	0	0.13
8200	0.13	0.41	0.41	0	0	0.13
8300	0.13	0.41	0.41	0	0	0.13
8400	0.14	0.42	0.42	0	0	0.14
8500	0.14	0.42	0.42	0	0	0.14
8600	0.13	0.42	0.42	0	0	0.13
8700	0.13	0.42	0.42	0	0	0.13
8800	0.13	0.43	0.43	0	0	0.13
8900	0.13	0.43	0.43	0	0	0.13
9000	0.13	0.43	0.43	0	0	0.13
9100	0.13	0.46	0.46	0	0	0.13
9200	0.14	0.47	0.47	0	0	0.14
9300	0.14	0.47	0.47	0	0	0.14
9400	0.15	0.48	0.48	0	0	0.15
9500	0.15	0.48	0.48	0	0	0.15
9600	0.15	0.48	0.48	0	0	0.15
9700	0.15	0.48	0.48	0	0	0.15
9800	0.16	0.49	0.49	0	0	0.16
9900	0.18	0.49	0.49	0	0	0.18
10000	0.18	0.49	0.49	0	0	0.18
10100	0.18	0.5	0.5	0	0	0.18
10200	0.19	0.5	0.5	0	0	0.19
10300	0.19	0.5	0.5	0	0	0.19
10400	0.19	0.5	0.5	0	0	0.19
10500	0.19	0.5	0.5	0	0	0.19
10600	0.18	0.5	0.5	0	0	0.18
10700	0.18	0.5	0.5	0	0	0.18
10800	0.19	0.5	0.5	0	0	0.19
10900	0.19	0.5	0.5	0	0	0.19
11000	0.19	0.51	0.51	0	0	0.19
11100	0.19	0.51	0.51	0	0	0.19
11200	0.19	0.51	0.51	0	0	0.19
11300	0.18	0.51	0.51	0	0	0.18
11400	0.19	0.51	0.51	0	0	0.19
11500	0.19	0.51	0.51	0	0	0.19
11600	0.19	0.51	0.51	0	0	0.19
11700	0.19	0.51	0.51	0	0	0.19
11800	0.2	0.51	0.51	0	0	0.2
11900	0.2	0.51	0.51	0	0	0.2
12000	0.21	0.51	0.51	0	0	0.21
12100	0.19	0.51	0.51	0	0	0.19
12200	0.19	0.52	0.52	0	0	0.19
12300	0.19	0.52	0.52	0	0	0.19
12400	0.18	0.52	0.52	0	0	0.18
12500	0.18	0.52	0.52	0	0	0.18
12600	0.17	0.52	0.52	0	0	0.17
12700	0.17	0.52	0.52	0	0	0.17
12800	0.18	0.52	0.52	0	0	0.18
12900	0.18	0.52	0.52	0	0	0.18
13000	0.18	0.52	0.52	0	0	0.18
13100	0.17	0.52	0.52	0	0	0.17
13200	0.17	0.52	0.52	0	0	0.17
13300	0.17	0.52	0.52	0	0	0.17
13400	0.17	0.52	0.52	0	0	0.17
13500	0.17	0.52	0.52	0	0	0.17
13600	0.16	0.52	0.52	0	0	0.16
13700	0.16	0.52	0.52	0	0	0.16
13800	0.16	0.53	0.53	0	0	0.16
13900	0.16	0.52	0.52	0	0	0.16
14000	0.16	0.52	0.52	0	0	0.16
14100	0.15	0.52	0.52	0	0	0.15
14200	0.15	0.52	0.52	0	0	0.15
14300	0.16	0.52	0.52	0	0	0.16
14400	0.17	0.52	0.52	0	0	0.17
14500	0.17	0.53	0.53	0	0	0.17
14600	0.18	0.52	0.52	0	0	0.18
14700	0.18	0.51	0.51	0	0	0.18
14800	0.17	0.51	0.51	0	0	0.17
14900	0.17	0.51	0.51	0	0	0.17
15000	0.17	0.51	0.51	0	0	0.17
15100	0.16	0.51	0.51	0	0	0.16
15200	0.16	0.51	0.51	0	0	0.16
15300	0.16	0.52	0.52	0	0	0.16
15400	0.15	0.52	0.52	0	0	0.15
15500	0.15	0.52	0.52	0	0	0.15
15600	0.14	0.52	0.52	0	0	0.14
15700	0.14	0.52	0.52	0	0	0.14
15800	0.13	0.52	0.52	0	0	0.13
15900	0.14	0.52	0.52	0	0	0.14
16000	0.14	0.53	0.53	0	0	0.14
16100	0.14	0.53	0.53	0	0	0.14
16200	0.14	0.53	0.53	0	0	0.14
16300	0.14	0.53	0.53	0	0	0.14
16400	0.14	0.54	0.54	0	0	0.14
16500	0.14	0.54	0.54	0	0	0.14
16600	0.14	0.54	0.54	0	0	0.14
16700	0.14	0.55	0.55	0	0	0.14
16800	0.15	0.54	0.54	0	0	0.15
16900	0.16	0.54	0.54	0	0	0.16
17000	0.16	0.54	0.54	0	0	0.16
17100	0.16	0.54	0.54	0	0	0.16
17200	0.16	0.55	0.55	0	0	0.16
17300	0.15	0.55	0.55	0	0	0.15
17400	0.15	0.55	0.55	0	0	0.15
17500	0.15	0.55	0.55	0	0	0.15
17600	0.15	0.55	0.55	0	0	0.15
17700	0.15	0.55	0.55	0	0	0.15
17800	0.16	0.55	0.55	0	0	0.16
17900	0.16	0.55	0.55	0	0	0.16
18000	0.16	0.55	0.55	0	0	0.16
18100	0.16	0.55	0.55	0	0	0.16
18200	0.17	0.55	0.55	0	0	0.17
18300	0.17	0.55	0.55	0	0	0.17
18400	0.16	0.56	0.56	0	0	0.16
18500	0.16	0.56	0.56	0	0	0.16
18600	0.16	0.56	0.56	0	0	0.16
18700	0.15	0.56	0.56	0	0	0.15
18800	0.15	0.56	0.56	0	0	0.15
18900	0.15	0.56	0.56	0	0	0.15
19000	0.15	0.56	0.56	0	0	0.15
19100	0.16	0.56	0.56	0	0	0.16
19200	0.16	0.56	0.56	0	0	0.16
19300	0.17	0.56	0.56	0	0	0.17
19400	0.16	0.56	0.56	0	0	0.16
19500	0.16	0.56	0.56	0	0	0.16
19600	0.15	0.56	0.56	0	0	0.15
19700	0.15	0.56	0.56	0	0	0.15
19800	0.15	0.56	0.56	0	0	0.15
19900	0.17	0.56	0.56	0	0	0.17
20000	0.15	0.56	0.56	0	0	0.15
20100	0.15	0.56	0.56	0	0	0.15
20200	0.16	0.56	0.56	0	0	0.16
20300	0.16	0.56	0.56	0	0	0.16
20400	0.16	0.56	0.56	0	0	0.16
20500	0.16	0.56	0.56	0	0	0.16
20600	0.17	0.56	0.56	0	0	0.17
20700	0.16	0.57	0.57	0	0	0.16
20800	0.17	0.57	0.57	0	0	0.17
20900	0.17	0.57	0.57	0	0	0.17
21000	0.17	0.57	0.57	0	0	0.17
21100	0.16	0.57	0.57	0	0	0.16
21200	0.16	0.58	0.58	0	0	0.16
21300	0.17	0.57	0.57	0	0	0.17
21400	0.16	0.57	0.57	0	0	0.16
21500	0.15	0.57	0.57	0	0	0.15
21600	0.15	0.57	0.57	0	0	0.15
21700	0.18	0.57	0.57	0	0	0.18
21800	0.2	0.57	0.57	0	0	0.2
21900	0.2	0.57	0.57	0	0	0.2
22000	0.18	0.57	0.57	0	0	0.18
22100	0.18	0.57	0.57	0	0	0.18
22200	0.19	0.57	0.57	0	0	0.19
22300	0.19	0.57	0.57	0	0	0.19
22400	0.18	0.57	0.57	0	0	0.18
22500	0.18	0.57	0.57	0	0	0.18
22600	0.18	0.57	0.57	0	0	0.18
22700	0.18	0.57	0.57	0	0	0.18
22800	0.18	0.57	0.57	0	0	0.18
22900	0.18	0.57	0.57	0	0	0.18
23000	0.18	0.57	0.57	0	0	0.18
23100	0.18	0.58	0.58	0	0	0.18
23200	0.18	0.58	0.58	0	0	0.18
23300	0.18	0.58	0.58	0	0	0.18
23400	0.18	0.59	0.59	0	0	0.18
23500	0.19	0.58	0.58	0	0	0.19
23600	0.19	0.58	0.58	0	0	0.19
23700	0.19	0.58	0.58	0	0	0.19
23800	0.2	0.58	0.58	0	0	0.2
23900	0.19	0.59	0.59	0	0	0.19
24000	0.19	0.59	0.59	0	0	0.19
24100	0.19	0.59	0.59	0	0	0.19
24200	0.19	0.59	0.59	0	0	0.19
24300	0.19	0.59	0.59	0	0	0.19
24400	0.19	0.59	0.59	0	0	0.19
24500	0.19	0.6	0.6	0	0	0.19
24600	0.19	0.6	0.6	0	0	0.19
24700	0.19	0.6	0.6	0	0	0.19
24800	0.18	0.6	0.6	0	0	0.18
24900	0.18	0.6	0.6	0	0	0.18
25000	0.18	0.59	0.59	0	0	0.18
25100	0.18	0.59	0.59	0	0	0.18
25200	0.18	0.6	0.6	0	0	0.18
25300	0.18	0.6	0.6	0	0	0.18
25400	0.2	0.6	0.6	0	0	0.2
25500	0.2	0.6	0.6	0	0	0.2
25600	0.2	0.61	0.61	0	0	0.2
25700	0.2	0.62	0.62	0	0	0.2
25800	0.21	0.62	0.62	0	0	0.21
25900	0.21	0.62	0.62	0	0	0.21
26000	0.21	0.62	0.62	0	0	0.21
26100	0.21	0.62	0.62	0	0	0.21
26200	0.21	0.62	0.62	0	0	0.21
26300	0.21	0.62	0.62	0	0	0.21
26400	0.21	0.62	0.62	0	0	0.21
26500	0.21	0.62	0.62	0	0	0.21
26600	0.21	0.62	0.62	0	0	0.21
26700	0.21	0.62	0.62	0	0	0.21
26800	0.21	0.62	0.62	0	0	0.21
26900	0.21	0.62	0.62	0	0	0.21
27000	0.21	0.62	0.62	0	0	0.21
27100	0.21	0.62	0.62	0	0	0.21
27200	0.21	0.62	0.62	0	0	0.21
27300	0.21	0.62	0.62	0	0	0.21
27400	0.21	0.62	0.62	0	0	0.21
27500	0.2	0.62	0.62	0	0	0.2
27600	0.2	0.62	0.62	0	0	0.2
27700	0.2	0.62	0.62	0	0	0.2
27800	0.2	0.62	0.62	0	0	0.2
27900	0.2	0.62	0.62	0	0	0.2
28000	0.2	0.62	0.62	0	0	0.2
28100	0.2	0.62	0.62	0	0	0.2
28200	0.21	0.62	0.62	0	0	0.21
28300	0.21	0.62	0.62	0	0	0.21
28400	0.22	0.62	0.62	0	0	0.22
28500	0.22	0.62	0.62	0	0	0.22
28600	0.22	0.62	0.62	0	0	0.22
28700	0.23	0.62	0.62	0	0	0.23
28800	0.21	0.62	0.62	0	0	0.21
28900	0.21	0.62	0.62	0	0	0.21
29000	0.22	0.62	0.62	0	0	0.22
29100	0.22	0.62	0.62	0	0	0.22
29200	0.22	0.62	0.62	0	0	0.22
29300	0.22	0.62	0.62	0	0	0.22
29400	0.21	0.62	0.62	0	0	0.21
29500	0.21	0.62	0.62	0	0	0.21
29600	0.21	0.62	0.62	0	0	0.21
29700	0.21	0.62	0.62	0	0	0.21
29800	0.21	0.62	0.62	0	0	0.21
29900	0.21	0.62	0.62	0	0	0.21
30000	0.22	0.62	0.62	0	0	0.22
30100	0.22	0.62	0.62	0	0	0.22
30200	0.22	0.62	0.62	0	0	0.22
30300	0.22	0.63	0.63	0	0	0.22
30400	0.22	0.64	0.64	0	0	0.22
30500	0.22	0.64	0.64	0	0	0.22
30600	0.22	0.64	0.64	0	0	0.22
30700	0.21	0.64	0.64	0	0	0.21
30800	0.21	0.64	0.64	0	0	0.21
30900	0.21	0.64	0.64	0	0	0.21
31000	0.21	0.64	0.64	0	0	0.21
31100	0.21	0.64	0.64	0	0	0.21
31200	0.21	0.64	0.64	0	0	0.21
31300	0.21	0.64	0.64	0	0	0.21
31400	0.21	0.64	0.64	0	0	0.21
31500	0.21	0.64	0.64	0	0	0.21
31600	0.21	0.64	0.64	0	0	0.21
31700	0.2	0.64	0.64	0	0	0.2
31800	0.2	0.65	0.65	0	0	0.2
31900	0.2	0.65	0.65	0	0	0.2
32000	0.2	0.65	0.65	0	0	0.2
32100	0.2	0.65	0.65	0	0	0.2
32200	0.2	0.65	0.65	0	0	0.2
32300	0.2	0.65	0.65	0	0	0.2
32400	0.21	0.65	0.65	0	0	0.21
32500	0.22	0.65	0.65	0	0	0.22
32600	0.22	0.65	0.65	0	0	0.22
32700	0.22	0.65	0.65	0	0	0.22
32800	0.22	0.65	0.65	0	0	0.22
32900	0.22	0.65	0.65	0	0	0.22
33000	0.22	0.65	0.65	0	0	0.22
33100	0.22	0.65	0.65	0	0	0.22
33200	0.22	0.65	0.65	0	0	0.22
33300	0.22	0.65	0.65	0	0	0.22
33400	0.22	0.65	0.65	0	0	0.22
33500	0.22	0.65	0.65	0	0	0.22
33600	0.22	0.65	0.65	0	0	0.22
33700	0.22	0.65	0.65	0	0	0.22
33800	0.22	0.65	0.65	0	0	0.22
33900	0.22	0.65	0.65	0	0	0.22
34000	0.22	0.65	0.65	0	0	0.22
34100	0.22	0.65	0.65	0	0	0.22
34200	0.22	0.65	0.65	0	0	0.22
34300	0.22	0.65	0.65	0	0	0.22
34400	0.23	0.65	0.65	0	0	0.23
34500	0.23	0.65	0.65	0	0	0.23
34600	0.23	0.65	0.65	0	0	0.23
34700	0.23	0.65	0.65	0	0	0.23
34800	0.22	0.65	0.65	0	0	0.22
34900	0.22	0.65	0.65	0	0	0.22
35000	0.22	0.65	0.65	0	0	0.22
35100	0.22	0.65	0.65	0	0	0.22
35200	0.22	0.65	0.65	0	0	0.22
35300	0.22	0.65	0.65	0	0	0.22
35400	0.22	0.65	0.65	0	0	0.22
35500	0.22	0.65	0.65	0	0	0.22
35600	0.22	0.65	0.65	0	0	0.22
35700	0.22	0.65	0.65	0	0	0.22
35800	0.22	0.65	0.65	0	0	0.22
35900	0.22	0.65	0.65	0	0	0.22
36000	0.22	0.65	0.65	0	0	0.22
36100	0.22	0.65	0.65	0	0	0.22
36200	0.23	0.65	0.65	0	0	0.23
36300	0.23	0.65	0.65	0	0	0.23
36400	0.24	0.65	0.65	0	0	0.24
36500	0.24	0.66	0.66	0	0	0.24
36600	0.24	0.66	0.66	0	0	0.24
36700	0.24	0.66	0.66	0	0	0.24
36800	0.24	0.66	0.66	0	0	0.24
36900	0.24	0.66	0.66	0	0	0.24
37000	0.24	0.66	0.66	0	0	0.24
37100	0.25	0.66	0.66	0	0	0.25
37200	0.24	0.66	0.66	0	0	0.24
37300	0.24	0.66	0.66	0	0	0.24
37400	0.24	0.66	0.66	0	0	0.24
37500	0.24	0.66	0.66	0	0	0.24
37600	0.24	0.66	0.66	0	0	0.24
37700	0.24	0.66	0.66	0	0	0.24
37800	0.24	0.66	0.66	0	0	0.24
37900	0.24	0.66	0.66	0	0	0.24
38000	0.24	0.66	0.66	0	0	0.24
38100	0.24	0.66	0.66	0	0	0.24
38200	0.24	0.66	0.66	0	0	0.24
38300	0.24	0.66	0.66	0	0	0.24
38400	0.24	0.66	0.66	0	0	0.24
38500	0.24	0.66	0.66	0	0	0.24
38600	0.24	0.65	0.65	0	0	0.24
38700	0.24	0.66	0.66	0	0	0.24
38800	0.25	0.66	0.66	0	0	0.25
38900	0.25	0.66	0.66	0	0	0.25
39000	0.25	0.66	0.66	0	0	0.25
39100	0.25	0.66	0.66	0	0	0.25
39200	0.25	0.66	0.66	0	0	0.25
39300	0.26	0.66	0.66	0	0	0.26
39400	0.26	0.66	0.66	0	0	0.26
39500	0.26	0.66	0.66	0	0	0.26
39600	0.26	0.66	0.66	0	0	0.26
39700	0.26	0.66	0.66	0	0	0.26
39800	0.26	0.66	0.66	0	0	0.26
39900	0.26	0.67	0.67	0	0	0.26
40000	0.26	0.67	0.67	0	0	0.26
40100	0.26	0.67	0.67	0	0	0.26
40200	0.27	0.67	0.67	0	0	0.27
40300	0.27	0.67	0.67	0	0	0.27
40400	0.27	0.67	0.67	0	0	0.27
40500	0.27	0.67	0.67	0	0	0.27
40600	0.27	0.67	0.67	0	0	0.27
40700	0.27	0.67	0.67	0	0	0.27
40800	0.27	0.67	0.67	0	0	0.27
40900	0.27	0.67	0.67	0	0	0.27
41000	0.27	0.67	0.67	0	0	0.27
41100	0.27	0.67	0.67	0	0	0.27
41200	0.27	0.67	0.67	0	0	0.27
41300	0.26	0.67	0.67	0	0	0.26
41400	0.25	0.67	0.67	0	0	0.25
41500	0.25	0.67	0.67	0	0	0.25
41600	0.25	0.67	0.67	0	0	0.25
41700	0.25	0.67	0.67	0	0	0.25
41800	0.25	0.67	0.67	0	0	0.25
41900	0.24	0.67	0.67	0	0	0.24
42000	0.24	0.67	0.67	0	0	0.24
42100	0.24	0.67	0.67	0	0	0.24
42200	0.24	0.67	0.67	0	0	0.24
42300	0.24	0.67	0.67	0	0	0.24
42400	0.24	0.67	0.67	0	0	0.24
42500	0.24	0.67	0.67	0	0	0.24
42600	0.24	0.67	0.67	0	0	0.24
42700	0.24	0.68	0.68	0	0	0.24
42800	0.24	0.67	0.67	0	0	0.24
42900	0.24	0.67	0.67	0	0	0.24
43000	0.23	0.67	0.67	0	0	0.23
43100	0.23	0.67	0.67	0	0	0.23
43200	0.23	0.67	0.67	0	0	0.23
43300	0.23	0.67	0.67	0	0	0.23
43400	0.24	0.67	0.67	0	0	0.24
43500	0.23	0.67	0.67	0	0	0.23
43600	0.23	0.67	0.67	0	0	0.23
43700	0.23	0.67	0.67	0	0	0.23
43800	0.23	0.67	0.67	0	0	0.23
43900	0.23	0.67	0.67	0	0	0.23
44000	0.23	0.68	0.68	0	0	0.23
44100	0.23	0.68	0.68	0	0	0.23
44200	0.23	0.68	0.68	0	0	0.23
44300	0.23	0.68	0.68	0	0	0.23
44400	0.23	0.68	0.68	0	0	0.23
44500	0.23	0.68	0.68	0	0	0.23
44600	0.23	0.68	0.68	0	0	0.23
44700	0.23	0.69	0.69	0	0	0.23
44800	0.23	0.69	0.69	0	0	0.23
44900	0.23	0.69	0.69	0	0	0.23
45000	0.24	0.69	0.69	0	0	0.24
45100	0.24	0.69	0.69	0	0	0.24
45200	0.24	0.69	0.69	0	0	0.24
45300	0.24	0.69	0.69	0	0	0.24
45400	0.24	0.7	0.7	0	0	0.24
45500	0.24	0.69	0.69	0	0	0.24
45600	0.23	0.69	0.69	0	0	0.23
45700	0.23	0.69	0.69	0	0	0.23
45800	0.23	0.69	0.69	0	0	0.23
45900	0.23	0.69	0.69	0	0	0.23
46000	0.23	0.69	0.69	0	0	0.23
46100	0.23	0.69	0.69	0	0	0.23
46200	0.23	0.69	0.69	0	0	0.23
46300	0.23	0.69	0.69	0	0	0.23
46400	0.23	0.69	0.69	0	0	0.23
46500	0.23	0.69	0.69	0	0	0.23
46600	0.23	0.69	0.69	0	0	0.23
46700	0.23	0.69	0.69	0	0	0.23
46800	0.23	0.69	0.69	0	0	0.23
46900	0.23	0.69	0.69	0	0	0.23
47000	0.23	0.69	0.69	0	0	0.23
47100	0.23	0.69	0.69	0	0	0.23
47200	0.23	0.69	0.69	0	0	0.23
47300	0.23	0.69	0.69	0	0	0.23
47400	0.23	0.69	0.69	0	0	0.23
47500	0.23	0.69	0.69	0	0	0.23
47600	0.23	0.69	0.69	0	0	0.23
47700	0.23	0.7	0.7	0	0	0.23
47800	0.23	0.69	0.69	0	0	0.23
47900	0.24	0.69	0.69	0	0	0.24
48000	0.24	0.69	0.69	0	0	0.24
48100	0.24	0.69	0.69	0	0	0.24
48200	0.24	0.69	0.69	0	0	0.24
48300	0.24	0.69	0.69	0	0	0.24
48400	0.24	0.69	0.69	0	0	0.24
48500	0.24	0.69	0.69	0	0	0.24
48600	0.24	0.69	0.69	0	0	0.24
48700	0.24	0.68	0.68	0	0	0.24
48800	0.24	0.68	0.68	0	0	0.24
48900	0.24	0.68	0.68	0	0	0.24
49000	0.24	0.68	0.68	0	0	0.24
49100	0.25	0.68	0.68	0	0	0.25
49200	0.25	0.68	0.68	0	0	0.25
49300	0.25	0.68	0.68	0	0	0.25
49400	0.25	0.68	0.68	0	0	0.25
49500	0.25	0.68	0.68	0	0	0.25
49600	0.25	0.68	0.68	0	0	0.25
49700	0.25	0.68	0.68	0	0	0.25
49800	0.25	0.68	0.68	0	0	0.25
49900	0.25	0.68	0.68	0	0	0.25
50000	0.25	0.68	0.68	0	0	0.25
50100	0.24	0.68	0.68	0	0	0.24
50200	0.24	0.68	0.68	0	0	0.24
50300	0.24	0.68	0.68	0	0	0.24
50400	0.24	0.68	0.68	0	0	0.24
50500	0.24	0.68	0.68	0	0	0.24
50600	0.24	0.68	0.68	0	0	0.24
50700	0.24	0.68	0.68	0	0	0.24
50800	0.24	0.68	0.68	0	0	0.24
50900	0.24	0.68	0.68	0	0	0.24
51000	0.24	0.68	0.68	0	0	0.24
51100	0.24	0.68	0.68	0	0	0.24
51200	0.24	0.68	0.68	0	0	0.24
51300	0.24	0.68	0.68	0	0	0.24
51400	0.24	0.68	0.68	0	0	0.24
51500	0.24	0.68	0.68	0	0	0.24
51600	0.24	0.68	0.68	0	0	0.24
51700	0.24	0.68	0.68	0	0	0.24
51800	0.24	0.68	0.68	0	0	0.24
51900	0.24	0.68	0.68	0	0	0.24
52000	0.24	0.68	0.68	0	0	0.24
52100	0.24	0.68	0.68	0	0	0.24
52200	0.24	0.68	0.68	0	0	0.24
52300	0.24	0.68	0.68	0	0	0.24
52400	0.24	0.68	0.68	0	0	0.24
52500	0.24	0.68	0.68	0	0	0.24
52600	0.24	0.68	0.68	0	0	0.24
52700	0.24	0.68	0.68	0	0	0.24
52800	0.24	0.68	0.68	0	0	0.24
52900	0.24	0.68	0.68	0	0	0.24
53000	0.24	0.68	0.68	0	0	0.24
53100	0.24	0.68	0.68	0	0	0.24
53200	0.24	0.68	0.68	0	0	0.24
53300	0.24	0.68	0.68	0	0	0.24
53400	0.24	0.68	0.68	0	0	0.24
53500	0.24	0.68	0.68	0	0	0.24
53600	0.24	0.68	0.68	0	0	0.24
53700	0.24	0.68	0.68	0	0	0.24
53800	0.24	0.68	0.68	0	0	0.24
53900	0.24	0.68	0.68	0	0	0.24
54000	0.24	0.68	0.68	0	0	0.24
54100	0.24	0.68	0.68	0	0	0.24
54200	0.24	0.68	0.68	0	0	0.24
54300	0.24	0.68	0.68	0	0	0.24
54400	0.24	0.69	0.69	0	0	0.24
54500	0.24	0.69	0.69	0	0	0.24
54600	0.24	0.69	0.69	0	0	0.24
54700	0.24	0.69	0.69	0	0	0.24
54800	0.24	0.69	0.69	0	0	0.24
54900	0.24	0.69	0.69	0	0	0.24
55000	0.24	0.69	0.69	0	0	0.24
55100	0.24	0.69	0.69	0	0	0.24
55200	0.24	0.69	0.69	0	0	0.24
55300	0.24	0.69	0.69	0	0	0.24
55400	0.24	0.69	0.69	0	0	0.24
55500	0.24	0.69	0.69	0	0	0.24
55600	0.24	0.69	0.69	0	0	0.24
55700	0.24	0.69	0.69	0	0	0.24
55800	0.24	0.69	0.69	0	0	0.24
55900	0.24	0.69	0.69	0	0	0.24
56000	0.24	0.69	0.69	0	0	0.24
56100	0.24	0.69	0.69	0	0	0.24
56200	0.24	0.69	0.69	0	0	0.24
56300	0.24	0.69	0.69	0	0	0.24
56400	0.24	0.69	0.69	0	0	0.24
56500	0.24	0.69	0.69	0	0	0.24
56600	0.25	0.69	0.69	0	0	0.25
56700	0.25	0.69	0.69	0	0	0.25
56800	0.26	0.69	0.69	0	0	0.26
56900	0.26	0.69	0.69	0	0	0.26
57000	0.26	0.69	0.69	0	0	0.26
57100	0.26	0.69	0.69	0	0	0.26
57200	0.26	0.69	0.69	0	0	0.26
57300	0.26	0.69	0.69	0	0	0.26
57400	0.26	0.69	0.69	0	0	0.26
57500	0.26	0.69	0.69	0	0	0.26
57600	0.26	0.69	0.69	0	0	0.26
57700	0.26	0.69	0.69	0	0	0.26
57800	0.26	0.69	0.69	0	0	0.26
57900	0.26	0.69	0.69	0	0	0.26
58000	0.25	0.69	0.69	0	0	0.25
58100	0.25	0.69	0.69	0	0	0.25
58200	0.25	0.69	0.69	0	0	0.25
58300	0.25	0.69	0.69	0	0	0.25
58400	0.25	0.69	0.69	0	0	0.25
58500	0.25	0.69	0.69	0	0	0.25
58600	0.25	0.69	0.69	0	0	0.25
58700	0.25	0.69	0.69	0	0	0.25
58800	0.25	0.69	0.69	0	0	0.25
58900	0.25	0.69	0.69	0	0	0.25
59000	0.25	0.69	0.69	0	0	0.25
59100	0.25	0.69	0.69	0	0	0.25
59200	0.25	0.69	0.69	0	0	0.25
59300	0.25	0.7	0.7	0	0	0.25
59400	0.25	0.7	0.7	0	0	0.25
59500	0.25	0.7	0.7	0	0	0.25
59600	0.25	0.7	0.7	0	0	0.25
59700	0.25	0.7	0.7	0	0	0.25
59800	0.25	0.7	0.7	0	0	0.25
59900	0.25	0.69	0.69	0	0	0.25
60000	0.25	0.7	0.7	0	0	0.25
60100	0.25	0.69	0.69	0	0	0.25
60200	0.25	0.69	0.69	0	0	0.25
60300	0.24	0.69	0.69	0	0	0.24
60400	0.24	0.69	0.69	0	0	0.24
60500	0.24	0.69	0.69	0	0	0.24
60600	0.24	0.69	0.69	0	0	0.24
60700	0.24	0.69	0.69	0	0	0.24
60800	0.24	0.69	0.69	0	0	0.24
60900	0.25	0.69	0.69	0	0	0.25
61000	0.25	0.69	0.69	0	0	0.25
61100	0.25	0.69	0.69	0	0	0.25
61200	0.25	0.69	0.69	0	0	0.25
61300	0.25	0.69	0.69	0	0	0.25
61400	0.25	0.69	0.69	0	0	0.25
61500	0.25	0.69	0.69	0	0	0.25
61600	0.25	0.69	0.69	0	0	0.25
61700	0.25	0.69	0.69	0	0	0.25
61800	0.25	0.69	0.69	0	0	0.25
61900	0.25	0.69	0.69	0	0	0.25
62000	0.25	0.69	0.69	0	0	0.25
62100	0.26	0.69	0.69	0	0	0.26
62200	0.26	0.69	0.69	0	0	0.26
62300	0.25	0.69	0.69	0	0	0.25
62400	0.25	0.69	0.69	0	0	0.25
62500	0.25	0.69	0.69	0	0	0.25
62600	0.25	0.69	0.69	0	0	0.25
62700	0.25	0.69	0.69	0	0	0.25
62800	0.25	0.69	0.69	0	0	0.25
62900	0.25	0.69	0.69	0	0	0.25
63000	0.25	0.69	0.69	0	0	0.25
63100	0.25	0.69	0.69	0	0	0.25
63200	0.25	0.69	0.69	0	0	0.25
63300	0.25	0.69	0.69	0	0	0.25
63400	0.25	0.69	0.69	0	0	0.25
63500	0.25	0.69	0.69	0	0	0.25
63600	0.25	0.69	0.69	0	0	0.25
63700	0.26	0.69	0.69	0	0	0.26
63800	0.26	0.69	0.69	0	0	0.26
63900	0.26	0.69	0.69	0	0	0.26
64000	0.26	0.69	0.69	0	0	0.26
64100	0.26	0.69	0.69	0	0	0.26
64200	0.26	0.69	0.69	0	0	0.26
64300	0.26	0.69	0.69	0	0	0.26
64400	0.26	0.69	0.69	0	0	0.26
64500	0.26	0.69	0.69	0	0	0.26
64600	0.27	0.69	0.69	0	0	0.27
64700	0.27	0.69	0.69	0	0	0.27
64800	0.27	0.69	0.69	0	0	0.27
64900	0.27	0.69	0.69	0	0	0.27
65000	0.27	0.69	0.69	0	0	0.27
65100	0.27	0.69	0.69	0	0	0.27
65200	0.27	0.69	0.69	0	0	0.27
65300	0.27	0.69	0.69	0	0	0.27
65400	0.27	0.69	0.69	0	0	0.27
65500	0.27	0.69	0.69	0	0	0.27
65600	0.27	0.69	0.69	0	0	0.27
65700	0.27	0.69	0.69	0	0	0.27
65800	0.27	0.69	0.69	0	0	0.27
65900	0.27	0.69	0.69	0	0	0.27
66000	0.27	0.69	0.69	0	0	0.27
66100	0.27	0.69	0.69	0	0	0.27
66200	0.27	0.69	0.69	0	0	0.27
66300	0.27	0.69	0.69	0	0	0.27
66400	0.27	0.69	0.69	0	0	0.27
66500	0.27	0.69	0.69	0	0	0.27
66600	0.27	0.69	0.69	0	0	0.27
66700	0.27	0.69	0.69	0	0	0.27
66800	0.27	0.69	0.69	0	0	0.27
66900	0.27	0.69	0.69	0	0	0.27
67000	0.27	0.69	0.69	0	0	0.27
67100	0.27	0.69	0.69	0	0	0.27
67200	0.27	0.69	0.69	0	0	0.27
67300	0.27	0.69	0.69	0	0	0.27
67400	0.27	0.69	0.69	0	0	0.27
67500	0.27	0.69	0.69	0	0	0.27
67600	0.27	0.69	0.69	0	0	0.27
67700	0.27	0.69	0.69	0	0	0.27
67800	0.27	0.69	0.69	0	0	0.27
67900	0.27	0.69	0.69	0	0	0.27
68000	0.27	0.69	0.69	0	0	0.27
68100	0.27	0.69	0.69	0	0	0.27
68200	0.27	0.69	0.69	0	0	0.27
68300	0.27	0.69	0.69	0	0	0.27
68400	0.27	0.69	0.69	0	0	0.27
68500	0.27	0.69	0.69	0	0	0.27
68600	0.27	0.69	0.69	0	0	0.27
68700	0.27	0.69	0.69	0	0	0.27
68800	0.27	0.69	0.69	0	0	0.27
68900	0.27	0.69	0.69	0	0	0.27
69000	0.27	0.69	0.69	0	0	0.27
69100	0.27	0.69	0.69	0	0	0.27
69200	0.27	0.69	0.69	0	0	0.27
69300	0.27	0.69	0.69	0	0	0.27
69400	0.27	0.69	0.69	0	0	0.27
69500	0.27	0.69	0.69	0	0	0.27
69600	0.27	0.69	0.69	0	0	0.27
69700	0.27	0.69	0.69	0	0	0.27
69800	0.27	0.69	0.69	0	0	0.27
69900	0.27	0.69	0.69	0	0	0.27
70000	0.27	0.69	0.69	0	0	0.27
70100	0.28	0.69	0.69	0	0	0.28
70200	0.28	0.69	0.69	0	0	0.28
70300	0.28	0.69	0.69	0	0	0.28
70400	0.28	0.69	0.69	0	0	0.28
70500	0.28	0.69	0.69	0	0	0.28
70600	0.28	0.69	0.69	0	0	0.28
70700	0.28	0.69	0.69	0	0	0.28
70800	0.28	0.69	0.69	0	0	0.28
70900	0.28	0.69	0.69	0	0	0.28
71000	0.27	0.69	0.69	0	0	0.27
71100	0.27	0.69	0.69	0	0	0.27
71200	0.27	0.69	0.69	0	0	0.27
71300	0.27	0.69	0.69	0	0	0.27
71400	0.27	0.69	0.69	0	0	0.27
71500	0.27	0.69	0.69	0	0	0.27
71600	0.27	0.69	0.69	0	0	0.27
71700	0.27	0.69	0.69	0	0	0.27
71800	0.27	0.69	0.69	0	0	0.27
71900	0.27	0.69	0.69	0	0	0.27
72000	0.27	0.69	0.69	0	0	0.27
72100	0.27	0.69	0.69	0	0	0.27
72200	0.27	0.69	0.69	0	0	0.27
72300	0.27	0.69	0.69	0	0	0.27
72400	0.27	0.69	0.69	0	0	0.27
72500	0.27	0.69	0.69	0	0	0.27
72600	0.26	0.69	0.69	0	0	0.26
72700	0.27	0.69	0.69	0	0	0.27
72800	0.26	0.69	0.69	0	0	0.26
72900	0.26	0.69	0.69	0	0	0.26
73000	0.26	0.69	0.69	0	0	0.26
73100	0.26	0.69	0.69	0	0	0.26
73200	0.26	0.69	0.69	0	0	0.26
73300	0.26	0.69	0.69	0	0	0.26
73400	0.27	0.69	0.69	0	0	0.27
73500	0.27	0.69	0.69	0	0	0.27
73600	0.27	0.69	0.69	0	0	0.27
73700	0.27	0.69	0.69	0	0	0.27
73800	0.27	0.69	0.69	0	0	0.27
73900	0.27	0.69	0.69	0	0	0.27
74000	0.27	0.69	0.69	0	0	0.27
74100	0.27	0.69	0.69	0	0	0.27
74200	0.27	0.69	0.69	0	0	0.27
74300	0.27	0.69	0.69	0	0	0.27
74400	0.27	0.69	0.69	0	0	0.27
74500	0.27	0.69	0.69	0	0	0.27
74600	0.27	0.69	0.69	0	0	0.27
74700	0.27	0.69	0.69	0	0	0.27
74800	0.27	0.69	0.69	0	0	0.27
74900	0.27	0.69	0.69	0	0	0.27
75000	0.27	0.69	0.69	0	0	0.27
75100	0.27	0.69	0.69	0	0	0.27
75200	0.27	0.69	0.69	0	0	0.27
75300	0.27	0.69	0.69	0	0	0.27
75400	0.27	0.69	0.69	0	0	0.27
75500	0.27	0.69	0.69	0	0	0.27
75600	0.27	0.69	0.69	0	0	0.27
75700	0.27	0.69	0.69	0	0	0.27
75800	0.27	0.69	0.69	0	0	0.27
75900	0.27	0.69	0.69	0	0	0.27
76000	0.28	0.69	0.69	0	0	0.28
76100	0.28	0.69	0.69	0	0	0.28
76200	0.28	0.69	0.69	0	0	0.28
76300	0.28	0.69	0.69	0	0	0.28
76400	0.28	0.69	0.69	0	0	0.28
76500	0.28	0.69	0.69	0	0	0.28
76600	0.28	0.69	0.69	0	0	0.28
76700	0.28	0.69	0.69	0	0	0.28
76800	0.28	0.69	0.69	0	0	0.28
76900	0.28	0.69	0.69	0	0	0.28
77000	0.28	0.69	0.69	0	0	0.28
77100	0.28	0.69	0.69	0	0	0.28
77200	0.28	0.69	0.69	0	0	0.28
77300	0.28	0.69	0.69	0	0	0.28
77400	0.28	0.69	0.69	0	0	0.28
77500	0.28	0.69	0.69	0	0	0.28
77600	0.28	0.69	0.69	0	0	0.28
77700	0.28	0.69	0.69	0	0	0.28
77800	0.28	0.69	0.69	0	0	0.28
77900	0.28	0.69	0.69	0	0	0.28
78000	0.28	0.69	0.69	0	0	0.28
78100	0.28	0.69	0.69	0	0	0.28
78200	0.28	0.69	0.69	0	0	0.28
78300	0.28	0.69	0.69	0	0	0.28
78400	0.28	0.69	0.69	0	0	0.28
78500	0.28	0.69	0.69	0	0	0.28
78600	0.28	0.69	0.69	0	0	0.28
78700	0.28	0.69	0.69	0	0	0.28
78800	0.28	0.69	0.69	0	0	0.28
78900	0.28	0.69	0.69	0	0	0.28
79000	0.28	0.69	0.69	0	0	0.28
79100	0.28	0.69	0.69	0	0	0.28
79200	0.28	0.69	0.69	0	0	0.28
79300	0.28	0.69	0.69	0	0	0.28
79400	0.28	0.69	0.69	0	0	0.28
79500	0.28	0.69	0.69	0	0	0.28
79600	0.28	0.69	0.69	0	0	0.28
79700	0.28	0.69	0.69	0	0	0.28
79800	0.28	0.69	0.69	0	0	0.28
79900	0.28	0.69	0.69	0	0	0.28
80000	0.28	0.69	0.69	0	0	0.28
80100	0.28	0.69	0.69	0	0	0.28
80200	0.28	0.69	0.69	0	0	0.28
80300	0.28	0.69	0.69	0	0	0.28
80400	0.28	0.69	0.69	0	0	0.28
80500	0.28	0.69	0.69	0	0	0.28
80600	0.28	0.69	0.69	0	0	0.28
80700	0.28	0.69	0.69	0	0	0.28
80800	0.28	0.69	0.69	0	0	0.28
80900	0.28	0.69	0.69	0	0	0.28
81000	0.28	0.69	0.69	0	0	0.28
81100	0.28	0.69	0.69	0	0	0.28
81200	0.28	0.69	0.69	0	0	0.28
81300	0.28	0.69	0.69	0	0	0.28
81400	0.28	0.69	0.69	0	0	0.28
81500	0.28	0.69	0.69	0	0	0.28
81600	0.28	0.69	0.69	0	0	0.28
81700	0.28	0.69	0.69	0	0	0.28
81800	0.28	0.69	0.69	0	0	0.28
81900	0.28	0.69	0.69	0	0	0.28
82000	0.28	0.69	0.69	0	0	0.28
82100	0.28	0.69	0.69	0	0	0.28
82200	0.28	0.69	0.69	0	0	0.28
82300	0.28	0.69	0.69	0	0	0.28
82400	0.28	0.69	0.69	0	0	0.28
82500	0.28	0.69	0.69	0	0	0.28
82600	0.28	0.69	0.69	0	0	0.28
82700	0.28	0.69	0.69	0	0	0.28
82800	0.28	0.69	0.69	0	0	0.28
82900	0.28	0.69	0.69	0	0	0.28
83000	0.28	0.69	0.69	0	0	0.28
83100	0.28	0.69	0.69	0	0	0.28
83200	0.28	0.69	0.69	0	0	0.28
83300	0.28	0.69	0.69	0	0	0.28
83400	0.28	0.69	0.69	0	0	0.28
83500	0.28	0.69	0.69	0	0	0.28
83600	0.28	0.69	0.69	0	0	0.28
83700	0.28	0.69	0.69	0	0	0.28
83800	0.28	0.69	0.69	0	0	0.28
83900	0.28	0.69	0.69	0	0	0.28
84000	0.28	0.69	0.69	0	0	0.28
84100	0.28	0.69	0.69	0	0	0.28
84200	0.28	0.69	0.69	0	0	0.28
84300	0.28	0.69	0.69	0	0	0.28
84400	0.28	0.69	0.69	0	0	0.28
84500	0.28	0.69	0.69	0	0	0.28
84600	0.28	0.69	0.69	0	0	0.28
84700	0.28	0.69	0.69	0	0	0.28
84800	0.28	0.69	0.69	0	0	0.28
84900	0.28	0.69	0.69	0	0	0.28
85000	0.28	0.69	0.69	0	0	0.28
85100	0.28	0.69	0.69	0	0	0.28
85200	0.28	0.69	0.69	0	0	0.28
85300	0.28	0.69	0.69	0	0	0.28
85400	0.28	0.69	0.69	0	0	0.28
85500	0.28	0.69	0.69	0	0	0.28
85600	0.28	0.69	0.69	0	0	0.28
85700	0.28	0.69	0.69	0	0	0.28
85800	0.28	0.69	0.69	0	0	0.28
85900	0.28	0.69	0.69	0	0	0.28
86000	0.28	0.69	0.69	0	0	0.28
86100	0.28	0.69	0.69	0	0	0.28
86200	0.28	0.69	0.69	0	0	0.28
86300	0.28	0.69	0.69	0	0	0.28
86400	0.28	0.69	0.69	0	0	0.28
86500	0.28	0.69	0.69	0	0	0.28
86600	0.28	0.69	0.69	0	0	0.28
86700	0.28	0.69	0.69	0	0	0.28
86800	0.28	0.69	0.69	0	0	0.28
86900	0.28	0.69	0.69	0	0	0.28
87000	0.28	0.69	0.69	0	0	0.28
87100	0.28	0.69	0.69	0	0	0.28
87200	0.28	0.69	0.69	0	0	0.28
87300	0.28	0.69	0.69	0	0	0.28
87400	0.28	0.69	0.69	0	0	0.28
87500	0.28	0.69	0.69	0	0	0.28
87600	0.28	0.69	0.69	0	0	0.28
87700	0.28	0.69	0.69	0	0	0.28
87800	0.28	0.69	0.69	0	0	0.28
87900	0.28	0.69	0.69	0	0	0.28
88000	0.28	0.69	0.69	0	0	0.28
88100	0.28	0.69	0.69	0	0	0.28
88200	0.28	0.69	0.69	0	0	0.28
88300	0.28	0.69	0.69	0	0	0.28
88400	0.28	0.69	0.69	0	0	0.28
88500	0.28	0.69	0.69	0	0	0.28
88600	0.28	0.69	0.69	0	0	0.28
88700	0.28	0.69	0.69	0	0	0.28
88800	0.28	0.69	0.69	0	0	0.28
88900	0.28	0.69	0.69	0	0	0.28
89000	0.28	0.69	0.69	0	0	0.28
89100	0.28	0.69	0.69	0	0	0.28
89200	0.28	0.69	0.69	0	0	0.28
89300	0.28	0.69	0.69	0	0	0.28
89400	0.28	0.69	0.69	0	0	0.28
89500	0.28	0.69	0.69	0	0	0.28
89600	0.28	0.69	0.69	0	0	0.28
89700	0.28	0.69	0.69	0	0	0.28
89800	0.28	0.69	0.69	0	0	0.28
89900	0.28	0.7	0.7	0	0	0.28
90000	0.28	0.7	0.7	0	0	0.28
90100	0.28	0.7	0.7	0	0	0.28
90200	0.28	0.7	0.7	0	0	0.28
90300	0.28	0.7	0.7	0	0	0.28
90400	0.28	0.7	0.7	0	0	0.28
90500	0.28	0.7	0.7	0	0	0.28
90600	0.28	0.7	0.7	0	0	0.28
90700	0.28	0.7	0.7	0	0	0.28
90800	0.28	0.7	0.7	0	0	0.28
90900	0.28	0.7	0.7	0	0	0.28
91000	0.28	0.7	0.7	0	0	0.28
91100	0.28	0.7	0.7	0	0	0.28
91200	0.28	0.7	0.7	0	0	0.28
91300	0.28	0.7	0.7	0	0	0.28
91400	0.28	0.7	0.7	0	0	0.28
91500	0.28	0.7	0.7	0	0	0.28
91600	0.28	0.7	0.7	0	0	0.28
91700	0.28	0.7	0.7	0	0	0.28
91800	0.28	0.7	0.7	0	0	0.28
91900	0.28	0.7	0.7	0	0	0.28
92000	0.28	0.7	0.7	0	0	0.28
92100	0.28	0.7	0.7	0	0	0.28
92200	0.28	0.7	0.7	0	0	0.28
92300	0.28	0.7	0.7	0	0	0.28
92400	0.28	0.7	0.7	0	0	0.28
92500	0.28	0.7	0.7	0	0	0.28
92600	0.28	0.7	0.7	0	0	0.28
92700	0.28	0.7	0.7	0	0	0.28
92800	0.28	0.7	0.7	0	0	0.28
92900	0.28	0.7	0.7	0	0	0.28
93000	0.28	0.7	0.7	0	0	0.28
93100	0.28	0.7	0.7	0	0	0.28
93200	0.28	0.7	0.7	0	0	0.28
93300	0.28	0.7	0.7	0	0	0.28
93400	0.28	0.7	0.7	0	0	0.28
93500	0.28	0.7	0.7	0	0	0.28
93600	0.28	0.7	0.7	0	0	0.28
93700	0.28	0.7	0.7	0	0	0.28
93800	0.28	0.7	0.7	0	0	0.28
93900	0.28	0.7	0.7	0	0	0.28
94000	0.28	0.7	0.7	0	0	0.28
94100	0.28	0.7	0.7	0	0	0.28
94200	0.28	0.7	0.7	0	0	0.28
94300	0.28	0.7	0.7	0	0	0.28
94400	0.28	0.7	0.7	0	0	0.28
94500	0.28	0.7	0.7	0	0	0.28
94600	0.28	0.7	0.7	0	0	0.28
94700	0.28	0.7	0.7	0	0	0.28
94800	0.28	0.7	0.7	0	0	0.28
94900	0.28	0.7	0.7	0	0	0.28
95000	0.28	0.7	0.7	0	0	0.28
95100	0.28	0.7	0.7	0	0	0.28
95200	0.28	0.7	0.7	0	0	0.28
95300	0.28	0.7	0.7	0	0	0.28
95400	0.28	0.7	0.7	0	0	0.28
95500	0.28	0.7	0.7	0	0	0.28
95600	0.28	0.7	0.7	0	0	0.28
95700	0.28	0.7	0.7	0	0	0.28
95800	0.28	0.7	0.7	0	0	0.28
95900	0.28	0.7	0.7	0	0	0.28
96000	0.28	0.7	0.7	0	0	0.28
96100	0.28	0.7	0.7	0	0	0.28
96200	0.28	0.7	0.7	0	0	0.28
96300	0.28	0.7	0.7	0	0	0.28
96400	0.28	0.7	0.7	0	0	0.28
96500	0.28	0.7	0.7	0	0	0.28
96600	0.28	0.7	0.7	0	0	0.28
96700	0.28	0.7	0.7	0	0	0.28
96800	0.28	0.7	0.7	0	0	0.28
96900	0.28	0.7	0.7	0	0	0.28
97000	0.28	0.7	0.7	0	0	0.28
97100	0.28	0.7	0.7	0	0	0.28
97200	0.28	0.7	0.7	0	0	0.28
97300	0.28	0.7	0.7	0	0	0.28
97400	0.28	0.7	0.7	0	0	0.28
97500	0.28	0.7	0.7	0	0	0.28
97600	0.28	0.7	0.7	0	0	0.28
97700	0.28	0.7	0.7	0	0	0.28
97800	0.28	0.7	0.7	0	0	0.28
97900	0.28	0.7	0.7	0	0	0.28
98000	0.28	0.7	0.7	0	0	0.28
98100	0.28	0.7	0.7	0	0	0.28
98200	0.28	0.7	0.7	0	0	0.28
98300	0.28	0.7	0.7	0	0	0.28
98400	0.27	0.7	0.7	0	0	0.27
98500	0.27	0.7	0.7	0	0	0.27
98600	0.27	0.7	0.7	0	0	0.27
98700	0.27	0.7	0.7	0	0	0.27
98800	0.27	0.7	0.7	0	0	0.27
98900	0.27	0.7	0.7	0	0	0.27
99000	0.27	0.7	0.7	0	0	0.27
99100	0.27	0.7	0.7	0	0	0.27
99200	0.27	0.7	0.7	0	0	0.27
99300	0.27	0.7	0.7	0	0	0.27
99400	0.27	0.7	0.7	0	0	0.27
99500	0.27	0.7	0.7	0	0	0.27
99600	0.27	0.7	0.7	0	0	0.27
99700	0.27	0.7	0.7	0	0	0.27
99800	0.27	0.7	0.7	0	0	0.27
99900	0.27	0.7	0.7	0	0	0.27
100000	0.27	0.7	0.7	0	0	0.27
100100	0.27	0.7	0.7	0	0	0.27
100200	0.27	0.7	0.7	0	0	0.27
100300	0.27	0.7	0.7	0	0	0.27
100400	0.27	0.7	0.7	0	0	0.27
100500	0.27	0.7	0.7	0	0	0.27
100600	0.27	0.7	0.7	0	0	0.27
100700	0.27	0.7	0.7	0	0	0.27
100800	0.27	0.7	0.7	0	0	0.27
100900	0.27	0.7	0.7	0	0	0.27
101000	0.27	0.7	0.7	0	0	0.27
101100	0.27	0.7	0.7	0	0	0.27
101200	0.27	0.7	0.7	0	0	0.27
101300	0.27	0.7	0.7	0	0	0.27
101400	0.27	0.7	0.7	0	0	0.27
101500	0.27	0.7	0.7	0	0	0.27
101600	0.27	0.7	0.7	0	0	0.27
101700	0.27	0.7	0.7	0	0	0.27
101800	0.27	0.7	0.7	0	0	0.27
101900	0.27	0.7	0.7	0	0	0.27
102000	0.27	0.7	0.7	0	0	0.27
102100	0.27	0.7	0.7	0	0	0.27
102200	0.27	0.7	0.7	0	0	0.27
102300	0.27	0.7	0.7	0	0	0.27
102400	0.27	0.7	0.7	0	0	0.27
102500	0.27	0.7	0.7	0	0	0.27
102600	0.27	0.7	0.7	0	0	0.27
102700	0.27	0.7	0.7	0	0	0.27
102800	0.27	0.7	0.7	0	0	0.27
102900	0.27	0.7	0.7	0	0	0.27
103000	0.27	0.7	0.7	0	0	0.27
103100	0.27	0.7	0.7	0	0	0.27
103200	0.27	0.7	0.7	0	0	0.27
103300	0.27	0.7	0.7	0	0	0.27
103400	0.27	0.7	0.7	0	0	0.27
103500	0.27	0.7	0.7	0	0	0.27
103600	0.27	0.7	0.7	0	0	0.27
103700	0.28	0.7	0.7	0	0	0.28
103800	0.28	0.7	0.7	0	0	0.28
103900	0.28	0.7	0.7	0	0	0.28
104000	0.28	0.7	0.7	0	0	0.28
104100	0.28	0.7	0.7	0	0	0.28
104200	0.28	0.7	0.7	0	0	0.28
104300	0.28	0.7	0.7	0	0	0.28
104400	0.28	0.7	0.7	0	0	0.28
104500	0.28	0.7	0.7	0	0	0.28
104600	0.28	0.7	0.7	0	0	0.28
104700	0.28	0.7	0.7	0	0	0.28
104800	0.28	0.7	0.7	0	0	0.28
104900	0.28	0.7	0.7	0	0	0.28
105000	0.28	0.7	0.7	0	0	0.28
105100	0.28	0.7	0.7	0	0	0.28
105200	0.28	0.7	0.7	0	0	0.28
105300	0.28	0.7	0.7	0	0	0.28
105400	0.28	0.7	0.7	0	0	0.28
105500	0.28	0.7	0.7	0	0	0.28
105600	0.28	0.7	0.7	0	0	0.28
105700	0.28	0.7	0.7	0	0	0.28
105800	0.28	0.7	0.7	0	0	0.28
105900	0.28	0.7	0.7	0	0	0.28
106000	0.28	0.7	0.7	0	0	0.28
106100	0.28	0.7	0.7	0	0	0.28
106200	0.28	0.7	0.7	0	0	0.28
106300	0.28	0.7	0.7	0	0	0.28
106400	0.28	0.7	0.7	0	0	0.28
106500	0.28	0.7	0.7	0	0	0.28
106600	0.28	0.7	0.7	0	0	0.28
106700	0.28	0.7	0.7	0	0	0.28
106800	0.28	0.7	0.7	0	0	0.28
106900	0.28	0.7	0.7	0	0	0.28
107000	0.28	0.7	0.7	0	0	0.28
107100	0.28	0.7	0.7	0	0	0.28
107200	0.28	0.7	0.7	0	0	0.28
107300	0.28	0.7	0.7	0	0	0.28
107400	0.28	0.7	0.7	0	0	0.28
107500	0.28	0.7	0.7	0	0	0.28
107600	0.28	0.7	0.7	0	0	0.28
107700	0.28	0.7	0.7	0	0	0.28
107800	0.27	0.7	0.7	0	0	0.27
107900	0.27	0.7	0.7	0	0	0.27
108000	0.27	0.7	0.7	0	0	0.27
108100	0.27	0.7	0.7	0	0	0.27
108200	0.27	0.7	0.7	0	0	0.27
108300	0.27	0.7	0.7	0	0	0.27
108400	0.27	0.7	0.7	0	0	0.27
108500	0.27	0.7	0.7	0	0	0.27
108600	0.27	0.7	0.7	0	0	0.27
108700	0.27	0.7	0.7	0	0	0.27
108800	0.27	0.7	0.7	0	0	0.27
108900	0.27	0.7	0.7	0	0	0.27
109000	0.27	0.7	0.7	0	0	0.27
109100	0.27	0.7	0.7	0	0	0.27
109200	0.27	0.7	0.7	0	0	0.27
109300	0.27	0.7	0.7	0	0	0.27
109400	0.27	0.7	0.7	0	0	0.27
109500	0.27	0.7	0.7	0	0	0.27
109600	0.27	0.7	0.7	0	0	0.27
109700	0.27	0.7	0.7	0	0	0.27
109800	0.27	0.7	0.7	0	0	0.27
109900	0.26	0.7	0.7	0	0	0.26
110000	0.26	0.7	0.7	0	0	0.26
110100	0.26	0.7	0.7	0	0	0.26
110200	0.26	0.7	0.7	0	0	0.26
110300	0.26	0.7	0.7	0	0	0.26
110400	0.26	0.7	0.7	0	0	0.26
110500	0.26	0.7	0.7	0	0	0.26
110600	0.26	0.7	0.7	0	0	0.26
110700	0.27	0.7	0.7	0	0	0.27
110800	0.27	0.7	0.7	0	0	0.27
110900	0.27	0.7	0.7	0	0	0.27
111000	0.27	0.7	0.7	0	0	0.27
111100	0.27	0.7	0.7	0	0	0.27
111200	0.27	0.7	0.7	0	0	0.27
111300	0.27	0.7	0.7	0	0	0.27
111400	0.27	0.7	0.7	0	0	0.27
111500	0.27	0.7	0.7	0	0	0.27
111600	0.27	0.7	0.7	0	0	0.27
111700	0.27	0.7	0.7	0	0	0.27
111800	0.27	0.7	0.7	0	0	0.27
111900	0.27	0.7	0.7	0	0	0.27
112000	0.27	0.7	0.7	0	0	0.27
112100	0.27	0.7	0.7	0	0	0.27
112200	0.27	0.7	0.7	0	0	0.27
112300	0.27	0.7	0.7	0	0	0.27
112400	0.27	0.7	0.7	0	0	0.27
112500	0.27	0.7	0.7	0	0	0.27
112600	0.27	0.7	0.7	0	0	0.27
112700	0.27	0.7	0.7	0	0	0.27
112800	0.27	0.7	0.7	0	0	0.27
112900	0.27	0.7	0.7	0	0	0.27
113000	0.27	0.7	0.7	0	0	0.27
113100	0.27	0.7	0.7	0	0	0.27
113200	0.27	0.7	0.7	0	0	0.27
113300	0.27	0.7	0.7	0	0	0.27
113400	0.27	0.7	0.7	0	0	0.27
113500	0.27	0.71	0.71	0	0	0.27
113600	0.27	0.71	0.71	0	0	0.27
113700	0.27	0.7	0.7	0	0	0.27
113800	0.27	0.7	0.7	0	0	0.27
113900	0.27	0.7	0.7	0	0	0.27
114000	0.27	0.7	0.7	0	0	0.27
114100	0.27	0.7	0.7	0	0	0.27
114200	0.27	0.7	0.7	0	0	0.27
114300	0.27	0.7	0.7	0	0	0.27
114400	0.27	0.7	0.7	0	0	0.27
114500	0.27	0.7	0.7	0	0	0.27
114600	0.27	0.7	0.7	0	0	0.27
114700	0.27	0.7	0.7	0	0	0.27
114800	0.27	0.7	0.7	0	0	0.27
114900	0.27	0.7	0.7	0	0	0.27
115000	0.27	0.7	0.7	0	0	0.27
115100	0.27	0.7	0.7	0	0	0.27
115200	0.27	0.7	0.7	0	0	0.27
115300	0.27	0.7	0.7	0	0	0.27
115400	0.27	0.7	0.7	0	0	0.27
115500	0.27	0.7	0.7	0	0	0.27
115600	0.27	0.7	0.7	0	0	0.27
115700	0.27	0.7	0.7	0	0	0.27
115800	0.27	0.7	0.7	0	0	0.27
115900	0.27	0.7	0.7	0	0	0.27
116000	0.27	0.7	0.7	0	0	0.27
116100	0.27	0.7	0.7	0	0	0.27
116200	0.27	0.7	0.7	0	0	0.27
116300	0.27	0.7	0.7	0	0	0.27
116400	0.28	0.7	0.7	0	0	0.28
116500	0.28	0.7	0.7	0	0	0.28
116600	0.28	0.7	0.7	0	0	0.28
116700	0.28	0.7	0.7	0	0	0.28
116800	0.28	0.7	0.7	0	0	0.28
116900	0.28	0.7	0.7	0	0	0.28
117000	0.28	0.7	0.7	0	0	0.28
117100	0.28	0.7	0.7	0	0	0.28
117200	0.28	0.7	0.7	0	0	0.28
117300	0.28	0.7	0.7	0	0	0.28
117400	0.28	0.7	0.7	0	0	0.28
117500	0.28	0.7	0.7	0	0	0.28
117600	0.28	0.7	0.7	0	0	0.28
117700	0.28	0.7	0.7	0	0	0.28
117800	0.28	0.7	0.7	0	0	0.28
117900	0.28	0.7	0.7	0	0	0.28
118000	0.28	0.7	0.7	0	0	0.28
118100	0.28	0.7	0.7	0	0	0.28
118200	0.28	0.7	0.7	0	0	0.28
118300	0.28	0.7	0.7	0	0	0.28
118400	0.28	0.7	0.7	0	0	0.28
118500	0.28	0.7	0.7	0	0	0.28
118600	0.28	0.7	0.7	0	0	0.28
118700	0.28	0.7	0.7	0	0	0.28
118800	0.28	0.7	0.7	0	0	0.28
118900	0.28	0.7	0.7	0	0	0.28
119000	0.28	0.7	0.7	0	0	0.28
119100	0.28	0.7	0.7	0	0	0.28
119200	0.28	0.7	0.7	0	0	0.28
119300	0.28	0.7	0.7	0	0	0.28
119400	0.28	0.7	0.7	0	0	0.28
119500	0.28	0.7	0.7	0	0	0.28
119600	0.28	0.7	0.7	0	0	0.28
119700	0.28	0.7	0.7	0	0	0.28
119800	0.28	0.7	0.7	0	0	0.28
119900	0.28	0.7	0.7	0	0	0.28
120000	0.28	0.7	0.7	0	0	0.28
120100	0.28	0.7	0.7	0	0	0.28
120200	0.28	0.7	0.7	0	0	0.28
120300	0.28	0.7	0.7	0	0	0.28
120400	0.28	0.7	0.7	0	0	0.28
120500	0.28	0.7	0.7	0	0	0.28
120600	0.28	0.7	0.7	0	0	0.28
120700	0.28	0.7	0.7	0	0	0.28
120800	0.28	0.7	0.7	0	0	0.28
120900	0.28	0.7	0.7	0	0	0.28
121000	0.28	0.7	0.7	0	0	0.28
121100	0.28	0.7	0.7	0	0	0.28
121200	0.28	0.7	0.7	0	0	0.28
121300	0.28	0.7	0.7	0	0	0.28
121400	0.28	0.7	0.7	0	0	0.28
121500	0.28	0.7	0.7	0	0	0.28
121600	0.28	0.7	0.7	0	0	0.28
121700	0.28	0.7	0.7	0	0	0.28
121800	0.28	0.7	0.7	0	0	0.28
121900	0.28	0.7	0.7	0	0	0.28
122000	0.28	0.7	0.7	0	0	0.28
122100	0.28	0.7	0.7	0	0	0.28
122200	0.28	0.7	0.7	0	0	0.28
122300	0.28	0.7	0.7	0	0	0.28
122400	0.27	0.7	0.7	0	0	0.27
122500	0.27	0.7	0.7	0	0	0.27
122600	0.27	0.7	0.7	0	0	0.27
122700	0.27	0.7	0.7	0	0	0.27
122800	0.27	0.7	0.7	0	0	0.27
122900	0.27	0.7	0.7	0	0	0.27
123000	0.27	0.7	0.7	0	0	0.27
123100	0.28	0.7	0.7	0	0	0.28
123200	0.28	0.7	0.7	0	0	0.28
123300	0.28	0.7	0.7	0	0	0.28
123400	0.27	0.7	0.7	0	0	0.27
123500	0.27	0.7	0.7	0	0	0.27
123600	0.27	0.7	0.7	0	0	0.27
123700	0.27	0.7	0.7	0	0	0.27
123800	0.27	0.7	0.7	0	0	0.27
123900	0.27	0.7	0.7	0	0	0.27
124000	0.27	0.7	0.7	0	0	0.27
124100	0.27	0.7	0.7	0	0	0.27
124200	0.27	0.7	0.7	0	0	0.27
124300	0.27	0.7	0.7	0	0	0.27
124400	0.27	0.7	0.7	0	0	0.27
124500	0.27	0.7	0.7	0	0	0.27
124600	0.27	0.7	0.7	0	0	0.27
124700	0.28	0.7	0.7	0	0	0.28
124800	0.28	0.7	0.7	0	0	0.28
124900	0.28	0.7	0.7	0	0	0.28
125000	0.28	0.7	0.7	0	0	0.28
125100	0.28	0.7	0.7	0	0	0.28
125200	0.28	0.7	0.7	0	0	0.28
125300	0.28	0.7	0.7	0	0	0.28
125400	0.28	0.7	0.7	0	0	0.28
125500	0.28	0.7	0.7	0	0	0.28
125600	0.28	0.7	0.7	0	0	0.28
125700	0.28	0.7	0.7	0	0	0.28
125800	0.28	0.7	0.7	0	0	0.28
125900	0.28	0.7	0.7	0	0	0.28
126000	0.28	0.7	0.7	0	0	0.28
126100	0.28	0.7	0.7	0	0	0.28
126200	0.28	0.7	0.7	0	0	0.28
126300	0.28	0.7	0.7	0	0	0.28
126400	0.28	0.7	0.7	0	0	0.28
126500	0.28	0.7	0.7	0	0	0.28
126600	0.28	0.7	0.7	0	0	0.28
126700	0.28	0.7	0.7	0	0	0.28
126800	0.28	0.7	0.7	0	0	0.28
126900	0.28	0.7	0.7	0	0	0.28
127000	0.28	0.7	0.7	0	0	0.28
127100	0.28	0.7	0.7	0	0	0.28
127200	0.28	0.7	0.7	0	0	0.28
127300	0.28	0.7	0.7	0	0	0.28
127400	0.28	0.7	0.7	0	0	0.28
127500	0.28	0.7	0.7	0	0	0.28
127600	0.28	0.7	0.7	0	0	0.28
127700	0.28	0.7	0.7	0	0	0.28
127800	0.28	0.7	0.7	0	0	0.28
127900	0.28	0.7	0.7	0	0	0.28
128000	0.28	0.7	0.7	0	0	0.28
128100	0.28	0.7	0.7	0	0	0.28
128200	0.28	0.7	0.7	0	0	0.28
128300	0.28	0.7	0.7	0	0	0.28
128400	0.28	0.7	0.7	0	0	0.28
128500	0.28	0.7	0.7	0	0	0.28
128600	0.28	0.7	0.7	0	0	0.28
128700	0.28	0.7	0.7	0	0	0.28
128800	0.28	0.7	0.7	0	0	0.28
128900	0.28	0.7	0.7	0	0	0.28
129000	0.28	0.7	0.7	0	0	0.28
129100	0.28	0.7	0.7	0	0	0.28
129200	0.28	0.7	0.7	0	0	0.28
129300	0.28	0.7	0.7	0	0	0.28
129400	0.28	0.7	0.7	0	0	0.28
129500	0.28	0.7	0.7	0	0	0.28
129600	0.28	0.7	0.7	0	0	0.28
129700	0.28	0.7	0.7	0	0	0.28
129800	0.28	0.7	0.7	0	0	0.28
129900	0.28	0.7	0.7	0	0	0.28
130000	0.28	0.7	0.7	0	0	0.28
130100	0.28	0.7	0.7	0	0	0.28
130200	0.28	0.7	0.7	0	0	0.28
130300	0.28	0.7	0.7	0	0	0.28
130400	0.28	0.7	0.7	0	0	0.28
130500	0.28	0.7	0.7	0	0	0.28
130600	0.28	0.7	0.7	0	0	0.28
130700	0.28	0.7	0.7	0	0	0.28
130800	0.28	0.7	0.7	0	0	0.28
130900	0.28	0.7	0.7	0	0	0.28
131000	0.28	0.7	0.7	0	0	0.28
131100	0.28	0.7	0.7	0	0	0.28
131200	0.28	0.7	0.7	0	0	0.28
131300	0.28	0.7	0.7	0	0	0.28
131400	0.28	0.7	0.7	0	0	0.28
131500	0.28	0.7	0.7	0	0	0.28
131600	0.28	0.7	0.7	0	0	0.28
131700	0.28	0.7	0.7	0	0	0.28
131800	0.28	0.7	0.7	0	0	0.28
131900	0.28	0.7	0.7	0	0	0.28
132000	0.28	0.7	0.7	0	0	0.28
132100	0.28	0.7	0.7	0	0	0.28
132200	0.28	0.7	0.7	0	0	0.28
132300	0.28	0.7	0.7	0	0	0.28
132400	0.27	0.7	0.7	0	0	0.27
132500	0.27	0.7	0.7	0	0	0.27
132600	0.27	0.7	0.7	0	0	0.27
132700	0.27	0.7	0.7	0	0	0.27
132800	0.27	0.7	0.7	0	0	0.27
132900	0.27	0.7	0.7	0	0	0.27
133000	0.27	0.7	0.7	0	0	0.27
133100	0.27	0.7	0.7	0	0	0.27
133200	0.27	0.7	0.7	0	0	0.27
133300	0.27	0.7	0.7	0	0	0.27
133400	0.27	0.7	0.7	0	0	0.27
133500	0.27	0.7	0.7	0	0	0.27
133600	0.27	0.7	0.7	0	0	0.27
133700	0.27	0.7	0.7	0	0	0.27
133800	0.27	0.7	0.7	0	0	0.27
133900	0.27	0.7	0.7	0	0	0.27
134000	0.27	0.7	0.7	0	0	0.27
134100	0.27	0.7	0.7	0	0	0.27
134200	0.27	0.7	0.7	0	0	0.27
134300	0.27	0.7	0.7	0	0	0.27
134400	0.27	0.7	0.7	0	0	0.27
134500	0.27	0.7	0.7	0	0	0.27
134600	0.27	0.7	0.7	0	0	0.27
134700	0.27	0.7	0.7	0	0	0.27
134800	0.27	0.7	0.7	0	0	0.27
134900	0.27	0.7	0.7	0	0	0.27
135000	0.27	0.7	0.7	0	0	0.27
135100	0.27	0.7	0.7	0	0	0.27
135200	0.27	0.7	0.7	0	0	0.27
135300	0.27	0.7	0.7	0	0	0.27
135400	0.27	0.7	0.7	0	0	0.27
135500	0.27	0.7	0.7	0	0	0.27
135600	0.28	0.7	0.7	0	0	0.28
135700	0.28	0.7	0.7	0	0	0.28
135800	0.27	0.7	0.7	0	0	0.27
135900	0.27	0.7	0.7	0	0	0.27
136000	0.27	0.7	0.7	0	0	0.27
136100	0.27	0.7	0.7	0	0	0.27
136200	0.27	0.7	0.7	0	0	0.27
136300	0.27	0.7	0.7	0	0	0.27
136400	0.27	0.7	0.7	0	0	0.27
136500	0.27	0.7	0.7	0	0	0.27
136600	0.27	0.7	0.7	0	0	0.27
136700	0.27	0.7	0.7	0	0	0.27
136800	0.27	0.7	0.7	0	0	0.27
136900	0.27	0.7	0.7	0	0	0.27
137000	0.27	0.7	0.7	0	0	0.27
137100	0.27	0.7	0.7	0	0	0.27
137200	0.27	0.7	0.7	0	0	0.27
137300	0.27	0.7	0.7	0	0	0.27
137400	0.27	0.7	0.7	0	0	0.27
137500	0.27	0.7	0.7	0	0	0.27
137600	0.27	0.7	0.7	0	0	0.27
137700	0.27	0.7	0.7	0	0	0.27
137800	0.27	0.7	0.7	0	0	0.27
137900	0.27	0.7	0.7	0	0	0.27
138000	0.27	0.7	0.7	0	0	0.27
138100	0.27	0.7	0.7	0	0	0.27
138200	0.27	0.7	0.7	0	0	0.27
138300	0.27	0.7	0.7	0	0	0.27
138400	0.27	0.7	0.7	0	0	0.27
138500	0.27	0.7	0.7	0	0	0.27
138600	0.27	0.7	0.7	0	0	0.27
138700	0.27	0.7	0.7	0	0	0.27
138800	0.27	0.7	0.7	0	0	0.27
138900	0.27	0.7	0.7	0	0	0.27
139000	0.27	0.7	0.7	0	0	0.27
139100	0.27	0.7	0.7	0	0	0.27
139200	0.27	0.7	0.7	0	0	0.27
139300	0.27	0.7	0.7	0	0	0.27
139400	0.27	0.7	0.7	0	0	0.27
139500	0.27	0.7	0.7	0	0	0.27
139600	0.27	0.7	0.7	0	0	0.27
139700	0.27	0.7	0.7	0	0	0.27
139800	0.27	0.7	0.7	0	0	0.27
139900	0.27	0.7	0.7	0	0	0.27
140000	0.27	0.7	0.7	0	0	0.27
140100	0.27	0.7	0.7	0	0	0.27
140200	0.27	0.7	0.7	0	0	0.27
140300	0.27	0.7	0.7	0	0	0.27
140400	0.27	0.7	0.7	0	0	0.27
140500	0.27	0.7	0.7	0	0	0.27
140600	0.27	0.7	0.7	0	0	0.27
140700	0.27	0.7	0.7	0	0	0.27
140800	0.27	0.7	0.7	0	0	0.27
140900	0.27	0.7	0.7	0	0	0.27
141000	0.27	0.7	0.7	0	0	0.27
141100	0.27	0.7	0.7	0	0	0.27
141200	0.27	0.7	0.7	0	0	0.27
141300	0.27	0.7	0.7	0	0	0.27
141400	0.27	0.7	0.7	0	0	0.27
141500	0.27	0.71	0.71	0	0	0.27
141600	0.27	0.71	0.71	0	0	0.27
141700	0.27	0.71	0.71	0	0	0.27
141800	0.27	0.71	0.71	0	0	0.27
141900	0.27	0.71	0.71	0	0	0.27
142000	0.27	0.71	0.71	0	0	0.27
142100	0.27	0.71	0.71	0	0	0.27
142200	0.27	0.71	0.71	0	0	0.27
142300	0.27	0.71	0.71	0	0	0.27
142400	0.27	0.71	0.71	0	0	0.27
142500	0.27	0.71	0.71	0	0	0.27
142600	0.27	0.71	0.71	0	0	0.27
142700	0.27	0.71	0.71	0	0	0.27
142800	0.27	0.71	0.71	0	0	0.27
142900	0.27	0.71	0.71	0	0	0.27
143000	0.27	0.71	0.71	0	0	0.27
143100	0.27	0.71	0.71	0	0	0.27
143200	0.27	0.71	0.71	0	0	0.27
143300	0.27	0.71	0.71	0	0	0.27
143400	0.27	0.71	0.71	0	0	0.27
143500	0.27	0.71	0.71	0	0	0.27
143600	0.27	0.71	0.71	0	0	0.27
143700	0.27	0.71	0.71	0	0	0.27
143800	0.27	0.71	0.71	0	0	0.27
143900	0.27	0.71	0.71	0	0	0.27
144000	0.27	0.71	0.71	0	0	0.27
144100	0.27	0.71	0.71	0	0	0.27
144200	0.27	0.71	0.71	0	0	0.27
144300	0.27	0.71	0.71	0	0	0.27
144400	0.27	0.71	0.71	0	0	0.27
144500	0.27	0.71	0.71	0	0	0.27
144600	0.27	0.71	0.71	0	0	0.27
144700	0.27	0.71	0.71	0	0	0.27
144800	0.27	0.71	0.71	0	0	0.27
144900	0.27	0.71	0.71	0	0	0.27
145000	0.27	0.71	0.71	0	0	0.27
145100	0.27	0.71	0.71	0	0	0.27
145200	0.27	0.71	0.71	0	0	0.27
145300	0.27	0.71	0.71	0	0	0.27
145400	0.27	0.71	0.71	0	0	0.27
145500	0.27	0.71	0.71	0	0	0.27
145600	0.27	0.71	0.71	0	0	0.27
145700	0.27	0.71	0.71	0	0	0.27
145800	0.27	0.71	0.71	0	0	0.27
145900	0.27	0.71	0.71	0	0	0.27
146000	0.27	0.71	0.71	0	0	0.27
146100	0.27	0.71	0.71	0	0	0.27
146200	0.27	0.71	0.71	0	0	0.27
146300	0.27	0.71	0.71	0	0	0.27
146400	0.27	0.71	0.71	0	0	0.27
146500	0.27	0.71	0.71	0	0	0.27
146600	0.27	0.71	0.71	0	0	0.27
146700	0.27	0.71	0.71	0	0	0.27
146800	0.27	0.71	0.71	0	0	0.27
146900	0.27	0.71	0.71	0	0	0.27
147000	0.27	0.71	0.71	0	0	0.27
147100	0.27	0.71	0.71	0	0	0.27
147200	0.27	0.71	0.71	0	0	0.27
147300	0.27	0.71	0.71	0	0	0.27
147400	0.27	0.71	0.71	0	0	0.27
147500	0.27	0.71	0.71	0	0	0.27
147600	0.27	0.71	0.71	0	0	0.27
147700	0.27	0.71	0.71	0	0	0.27
147800	0.27	0.71	0.71	0	0	0.27
147900	0.27	0.71	0.71	0	0	0.27
148000	0.27	0.71	0.71	0	0	0.27
148100	0.27	0.71	0.71	0	0	0.27
148200	0.27	0.71	0.71	0	0	0.27
148300	0.27	0.71	0.71	0	0	0.27
148400	0.27	0.71	0.71	0	0	0.27
148500	0.27	0.71	0.71	0	0	0.27
148600	0.27	0.71	0.71	0	0	0.27
148700	0.27	0.71	0.71	0	0	0.27
148800	0.27	0.71	0.71	0	0	0.27
148900	0.27	0.71	0.71	0	0	0.27
149000	0.27	0.71	0.71	0	0	0.27
149100	0.27	0.71	0.71	0	0	0.27
149200	0.27	0.71	0.71	0	0	0.27
149300	0.27	0.71	0.71	0	0	0.27
149400	0.27	0.71	0.71	0	0	0.27
149500	0.27	0.71	0.71	0	0	0.27
149600	0.27	0.71	0.71	0	0	0.27
149700	0.27	0.71	0.71	0	0	0.27
149800	0.27	0.71	0.71	0	0	0.27
149900	0.27	0.71	0.71	0	0	0.27
150000	0.27	0.71	0.71	0	0	0.27
150100	0.27	0.71	0.71	0	0	0.27
150200	0.27	0.71	0.71	0	0	0.27
150300	0.27	0.71	0.71	0	0	0.27
150400	0.27	0.71	0.71	0	0	0.27
150500	0.27	0.71	0.71	0	0	0.27
150600	0.27	0.71	0.71	0	0	0.27
150700	0.27	0.71	0.71	0	0	0.27
150800	0.27	0.71	0.71	0	0	0.27
150900	0.27	0.71	0.71	0	0	0.27
151000	0.27	0.71	0.71	0	0	0.27
151100	0.27	0.71	0.71	0	0	0.27
151200	0.27	0.71	0.71	0	0	0.27
151300	0.27	0.71	0.71	0	0	0.27
151400	0.27	0.71	0.71	0	0	0.27
151500	0.27	0.71	0.71	0	0	0.27
151600	0.27	0.71	0.71	0	0	0.27
151700	0.27	0.71	0.71	0	0	0.27
151800	0.27	0.71	0.71	0	0	0.27
151900	0.27	0.71	0.71	0	0	0.27
152000	0.27	0.71	0.71	0	0	0.27
152100	0.27	0.71	0.71	0	0	0.27
152200	0.27	0.71	0.71	0	0	0.27
152300	0.27	0.71	0.71	0	0	0.27
152400	0.27	0.71	0.71	0	0	0.27
152500	0.27	0.71	0.71	0	0	0.27
152600	0.27	0.71	0.71	0	0	0.27
152700	0.27	0.71	0.71	0	0	0.27
152800	0.27	0.71	0.71	0	0	0.27
152900	0.27	0.71	0.71	0	0	0.27
153000	0.27	0.71	0.71	0	0	0.27
153100	0.27	0.71	0.71	0	0	0.27
153200	0.27	0.71	0.71	0	0	0.27
153300	0.27	0.71	0.71	0	0	0.27
153400	0.27	0.71	0.71	0	0	0.27
153500	0.27	0.71	0.71	0	0	0.27
153600	0.27	0.71	0.71	0	0	0.27
153700	0.27	0.71	0.71	0	0	0.27
153800	0.27	0.71	0.71	0	0	0.27
153900	0.27	0.71	0.71	0	0	0.27
154000	0.27	0.71	0.71	0	0	0.27
154100	0.27	0.71	0.71	0	0	0.27
154200	0.27	0.71	0.71	0	0	0.27
154300	0.27	0.71	0.71	0	0	0.27
154400	0.27	0.71	0.71	0	0	0.27
154500	0.27	0.71	0.71	0	0	0.27
154600	0.27	0.71	0.71	0	0	0.27
154700	0.27	0.71	0.71	0	0	0.27
154800	0.27	0.71	0.71	0	0	0.27
154900	0.27	0.71	0.71	0	0	0.27
155000	0.27	0.71	0.71	0	0	0.27
155100	0.27	0.71	0.71	0	0	0.27
155200	0.27	0.71	0.71	0	0	0.27
155300	0.27	0.71	0.71	0	0	0.27
155400	0.27	0.71	0.71	0	0	0.27
155500	0.27	0.71	0.71	0	0	0.27
155600	0.27	0.71	0.71	0	0	0.27
155700	0.27	0.71	0.71	0	0	0.27
155800	0.27	0.7	0.7	0	0	0.27
155900	0.27	0.7	0.7	0	0	0.27
156000	0.27	0.7	0.7	0	0	0.27
156100	0.27	0.7	0.7	0	0	0.27
156200	0.27	0.7	0.7	0	0	0.27
156300	0.27	0.7	0.7	0	0	0.27
156400	0.27	0.7	0.7	0	0	0.27
156500	0.27	0.7	0.7	0	0	0.27
156600	0.27	0.7	0.7	0	0	0.27
156700	0.27	0.7	0.7	0	0	0.27
156800	0.27	0.7	0.7	0	0	0.27
156900	0.27	0.7	0.7	0	0	0.27
157000	0.27	0.7	0.7	0	0	0.27
157100	0.27	0.7	0.7	0	0	0.27
157200	0.27	0.7	0.7	0	0	0.27
157300	0.27	0.7	0.7	0	0	0.27
157400	0.27	0.7	0.7	0	0	0.27
157500	0.27	0.7	0.7	0	0	0.27
157600	0.27	0.7	0.7	0	0	0.27
157700	0.27	0.7	0.7	0	0	0.27
157800	0.27	0.7	0.7	0	0	0.27
157900	0.27	0.7	0.7	0	0	0.27
158000	0.27	0.7	0.7	0	0	0.27
158100	0.27	0.7	0.7	0	0	0.27
158200	0.27	0.7	0.7	0	0	0.27
158300	0.27	0.7	0.7	0	0	0.27
158400	0.27	0.7	0.7	0	0	0.27
158500	0.27	0.7	0.7	0	0	0.27
158600	0.27	0.7	0.7	0	0	0.27
158700	0.27	0.7	0.7	0	0	0.27
158800	0.27	0.7	0.7	0	0	0.27
158900	0.26	0.7	0.7	0	0	0.26
159000	0.26	0.7	0.7	0	0	0.26
159100	0.26	0.7	0.7	0	0	0.26
159200	0.26	0.7	0.7	0	0	0.26
159300	0.26	0.7	0.7	0	0	0.26
159400	0.26	0.7	0.7	0	0	0.26
159500	0.26	0.7	0.7	0	0	0.26
159600	0.26	0.7	0.7	0	0	0.26
159700	0.26	0.7	0.7	0	0	0.26
159800	0.26	0.7	0.7	0	0	0.26
159900	0.26	0.7	0.7	0	0	0.26
160000	0.26	0.7	0.7	0	0	0.26
160100	0.26	0.7	0.7	0	0	0.26
160200	0.26	0.7	0.7	0	0	0.26
160300	0.26	0.7	0.7	0	0	0.26
160400	0.26	0.7	0.7	0	0	0.26
160500	0.26	0.7	0.7	0	0	0.26
160600	0.26	0.7	0.7	0	0	0.26
160700	0.26	0.7	0.7	0	0	0.26
160800	0.26	0.7	0.7	0	0	0.26
160900	0.26	0.7	0.7	0	0	0.26
161000	0.26	0.7	0.7	0	0	0.26
161100	0.26	0.7	0.7	0	0	0.26
161200	0.26	0.7	0.7	0	0	0.26
161300	0.26	0.7	0.7	0	0	0.26
161400	0.26	0.7	0.7	0	0	0.26
161500	0.26	0.7	0.7	0	0	0.26
161600	0.26	0.7	0.7	0	0	0.26
161700	0.26	0.7	0.7	0	0	0.26
161800	0.26	0.7	0.7	0	0	0.26
161900	0.26	0.7	0.7	0	0	0.26
162000	0.26	0.7	0.7	0	0	0.26
162100	0.26	0.7	0.7	0	0	0.26
162200	0.26	0.7	0.7	0	0	0.26
162300	0.26	0.7	0.7	0	0	0.26
162400	0.26	0.7	0.7	0	0	0.26
162500	0.26	0.7	0.7	0	0	0.26
162600	0.26	0.7	0.7	0	0	0.26
162700	0.26	0.7	0.7	0	0	0.26
162800	0.26	0.7	0.7	0	0	0.26
162900	0.26	0.7	0.7	0	0	0.26
163000	0.26	0.7	0.7	0	0	0.26
163100	0.26	0.71	0.71	0	0	0.26
163200	0.26	0.71	0.71	0	0	0.26
163300	0.26	0.71	0.71	0	0	0.26
163400	0.26	0.71	0.71	0	0	0.26
163500	0.26	0.7	0.7	0	0	0.26
163600	0.26	0.7	0.7	0	0	0.26
163700	0.26	0.7	0.7	0	0	0.26
163800	0.26	0.7	0.7	0	0	0.26
163900	0.26	0.7	0.7	0	0	0.26
164000	0.26	0.7	0.7	0	0	0.26
164100	0.26	0.7	0.7	0	0	0.26
164200	0.26	0.7	0.7	0	0	0.26
164300	0.26	0.7	0.7	0	0	0.26
164400	0.26	0.7	0.7	0	0	0.26
164500	0.26	0.7	0.7	0	0	0.26
164600	0.26	0.71	0.71	0	0	0.26
164700	0.26	0.71	0.71	0	0	0.26
164800	0.26	0.71	0.71	0	0	0.26
164900	0.26	0.71	0.71	0	0	0.26
165000	0.26	0.71	0.71	0	0	0.26
165100	0.26	0.72	0.72	0	0	0.26
165200	0.26	0.72	0.72	0	0	0.26
165300	0.26	0.71	0.71	0	0	0.26
165400	0.26	0.71	0.71	0	0	0.26
165500	0.26	0.71	0.71	0	0	0.26
165600	0.26	0.71	0.71	0	0	0.26
165700	0.26	0.71	0.71	0	0	0.26
165800	0.26	0.71	0.71	0	0	0.26
165900	0.26	0.71	0.71	0	0	0.26
166000	0.26	0.71	0.71	0	0	0.26
166100	0.26	0.71	0.71	0	0	0.26
166200	0.26	0.7	0.7	0	0	0.26
166300	0.26	0.7	0.7	0	0	0.26
166400	0.27	0.7	0.7	0	0	0.27
166500	0.27	0.7	0.7	0	0	0.27
166600	0.27	0.7	0.7	0	0	0.27
166700	0.27	0.7	0.7	0	0	0.27
166800	0.27	0.7	0.7	0	0	0.27
166900	0.27	0.7	0.7	0	0	0.27
167000	0.27	0.7	0.7	0	0	0.27
167100	0.27	0.7	0.7	0	0	0.27
167200	0.27	0.7	0.7	0	0	0.27
167300	0.27	0.7	0.7	0	0	0.27
167400	0.27	0.7	0.7	0	0	0.27
167500	0.27	0.7	0.7	0	0	0.27
167600	0.27	0.7	0.7	0	0	0.27
167700	0.27	0.7	0.7	0	0	0.27
167800	0.27	0.7	0.7	0	0	0.27
167900	0.27	0.7	0.7	0	0	0.27
168000	0.27	0.7	0.7	0	0	0.27
168100	0.27	0.7	0.7	0	0	0.27
168200	0.27	0.7	0.7	0	0	0.27
168300	0.27	0.7	0.7	0	0	0.27
168400	0.27	0.7	0.7	0	0	0.27
168500	0.27	0.7	0.7	0	0	0.27
168600	0.27	0.7	0.7	0	0	0.27
168700	0.27	0.7	0.7	0	0	0.27
168800	0.27	0.7	0.7	0	0	0.27
168900	0.27	0.7	0.7	0	0	0.27
169000	0.27	0.7	0.7	0	0	0.27
169100	0.27	0.7	0.7	0	0	0.27
169200	0.27	0.7	0.7	0	0	0.27
169300	0.27	0.7	0.7	0	0	0.27
169400	0.27	0.7	0.7	0	0	0.27
169500	0.27	0.7	0.7	0	0	0.27
169600	0.27	0.7	0.7	0	0	0.27
169700	0.27	0.7	0.7	0	0	0.27
169800	0.27	0.7	0.7	0	0	0.27
169900	0.27	0.7	0.7	0	0	0.27
170000	0.27	0.7	0.7	0	0	0.27
170100	0.27	0.7	0.7	0	0	0.27
170200	0.27	0.7	0.7	0	0	0.27
170300	0.27	0.71	0.71	0	0	0.27
170400	0.27	0.71	0.71	0	0	0.27
170500	0.27	0.71	0.71	0	0	0.27
170600	0.27	0.71	0.71	0	0	0.27
170700	0.27	0.71	0.71	0	0	0.27
170800	0.27	0.71	0.71	0	0	0.27
170900	0.27	0.71	0.71	0	0	0.27
171000	0.27	0.71	0.71	0	0	0.27
171100	0.27	0.71	0.71	0	0	0.27
171200	0.27	0.71	0.71	0	0	0.27
171300	0.27	0.71	0.71	0	0	0.27
171400	0.27	0.71	0.71	0	0	0.27
171500	0.27	0.71	0.71	0	0	0.27
171600	0.27	0.71	0.71	0	0	0.27
171700	0.27	0.71	0.71	0	0	0.27
171800	0.27	0.71	0.71	0	0	0.27
171900	0.27	0.71	0.71	0	0	0.27
172000	0.27	0.71	0.71	0	0	0.27
172100	0.27	0.71	0.71	0	0	0.27
172200	0.27	0.71	0.71	0	0	0.27
172300	0.27	0.71	0.71	0	0	0.27
172400	0.27	0.71	0.71	0	0	0.27
172500	0.27	0.71	0.71	0	0	0.27
172600	0.27	0.71	0.71	0	0	0.27
172700	0.27	0.71	0.71	0	0	0.27
172800	0.27	0.71	0.71	0	0	0.27
172900	0.27	0.71	0.71	0	0	0.27
173000	0.27	0.71	0.71	0	0	0.27
173100	0.27	0.71	0.71	0	0	0.27
173200	0.27	0.71	0.71	0	0	0.27
173300	0.27	0.71	0.71	0	0	0.27
173400	0.27	0.71	0.71	0	0	0.27
173500	0.27	0.71	0.71	0	0	0.27
173600	0.27	0.71	0.71	0	0	0.27
173700	0.27	0.71	0.71	0	0	0.27
173800	0.27	0.71	0.71	0	0	0.27
173900	0.27	0.71	0.71	0	0	0.27
174000	0.27	0.71	0.71	0	0	0.27
174100	0.27	0.71	0.71	0	0	0.27
174200	0.27	0.71	0.71	0	0	0.27
174300	0.27	0.71	0.71	0	0	0.27
174400	0.27	0.71	0.71	0	0	0.27
174500	0.27	0.71	0.71	0	0	0.27
174600	0.27	0.71	0.71	0	0	0.27
174700	0.27	0.71	0.71	0	0	0.27
174800	0.27	0.71	0.71	0	0	0.27
174900	0.27	0.71	0.71	0	0	0.27
175000	0.27	0.71	0.71	0	0	0.27
175100	0.27	0.71	0.71	0	0	0.27
175200	0.27	0.71	0.71	0	0	0.27
175300	0.27	0.71	0.71	0	0	0.27
175400	0.27	0.71	0.71	0	0	0.27
175500	0.27	0.71	0.71	0	0	0.27
175600	0.27	0.71	0.71	0	0	0.27
175700	0.27	0.71	0.71	0	0	0.27
175800	0.27	0.71	0.71	0	0	0.27
175900	0.27	0.71	0.71	0	0	0.27
176000	0.27	0.71	0.71	0	0	0.27
176100	0.27	0.71	0.71	0	0	0.27
176200	0.27	0.71	0.71	0	0	0.27
176300	0.27	0.71	0.71	0	0	0.27
176400	0.27	0.71	0.71	0	0	0.27
176500	0.27	0.71	0.71	0	0	0.27
176600	0.27	0.71	0.71	0	0	0.27
176700	0.27	0.71	0.71	0	0	0.27
176800	0.27	0.71	0.71	0	0	0.27
176900	0.27	0.71	0.71	0	0	0.27
177000	0.27	0.71	0.71	0	0	0.27
177100	0.27	0.71	0.71	0	0	0.27
177200	0.27	0.71	0.71	0	0	0.27
177300	0.27	0.71	0.71	0	0	0.27
177400	0.27	0.71	0.71	0	0	0.27
177500	0.27	0.71	0.71	0	0	0.27
177600	0.27	0.71	0.71	0	0	0.27
177700	0.27	0.71	0.71	0	0	0.27
177800	0.27	0.71	0.71	0	0	0.27
177900	0.27	0.71	0.71	0	0	0.27
178000	0.27	0.71	0.71	0	0	0.27
178100	0.27	0.71	0.71	0	0	0.27
178200	0.27	0.71	0.71	0	0	0.27
178300	0.27	0.71	0.71	0	0	0.27
178400	0.27	0.71	0.71	0	0	0.27
178500	0.27	0.71	0.71	0	0	0.27
178600	0.27	0.71	0.71	0	0	0.27
178700	0.27	0.71	0.71	0	0	0.27
178800	0.27	0.71	0.71	0	0	0.27
178900	0.27	0.71	0.71	0	0	0.27
179000	0.27	0.71	0.71	0	0	0.27
179100	0.27	0.71	0.71	0	0	0.27
179200	0.27	0.71	0.71	0	0	0.27
179300	0.27	0.71	0.71	0	0	0.27
179400	0.27	0.71	0.71	0	0	0.27
179500	0.27	0.71	0.71	0	0	0.27
179600	0.27	0.71	0.71	0	0	0.27
179700	0.27	0.71	0.71	0	0	0.27
179800	0.27	0.71	0.71	0	0	0.27
179900	0.27	0.71	0.71	0	0	0.27
180000	0.27	0.71	0.71	0	0	0.27
180100	0.27	0.71	0.71	0	0	0.27
180200	0.27	0.71	0.71	0	0	0.27
180300	0.27	0.71	0.71	0	0	0.27
180400	0.27	0.71	0.71	0	0	0.27
180500	0.27	0.71	0.71	0	0	0.27
180600	0.27	0.71	0.71	0	0	0.27
180700	0.27	0.71	0.71	0	0	0.27
180800	0.27	0.71	0.71	0	0	0.27
180900	0.27	0.71	0.71	0	0	0.27
181000	0.27	0.71	0.71	0	0	0.27
181100	0.27	0.71	0.71	0	0	0.27
181200	0.27	0.71	0.71	0	0	0.27
181300	0.27	0.71	0.71	0	0	0.27
181400	0.27	0.71	0.71	0	0	0.27
181500	0.27	0.71	0.71	0	0	0.27
181600	0.27	0.71	0.71	0	0	0.27
181700	0.27	0.71	0.71	0	0	0.27
181800	0.27	0.71	0.71	0	0	0.27
181900	0.27	0.71	0.71	0	0	0.27
182000	0.27	0.71	0.71	0	0	0.27
182100	0.27	0.71	0.71	0	0	0.27
182200	0.27	0.71	0.71	0	0	0.27
182300	0.27	0.71	0.71	0	0	0.27
182400	0.27	0.71	0.71	0	0	0.27
182500	0.27	0.71	0.71	0	0	0.27
182600	0.27	0.71	0.71	0	0	0.27
182700	0.27	0.71	0.71	0	0	0.27
182800	0.27	0.71	0.71	0	0	0.27
182900	0.27	0.71	0.71	0	0	0.27
183000	0.27	0.71	0.71	0	0	0.27
183100	0.27	0.71	0.71	0	0	0.27
183200	0.27	0.71	0.71	0	0	0.27
183300	0.27	0.71	0.71	0	0	0.27
183400	0.27	0.71	0.71	0	0	0.27
183500	0.27	0.71	0.71	0	0	0.27
183600	0.27	0.71	0.71	0	0	0.27
183700	0.27	0.71	0.71	0	0	0.27
183800	0.27	0.71	0.71	0	0	0.27
183900	0.27	0.71	0.71	0	0	0.27
184000	0.27	0.71	0.71	0	0	0.27
184100	0.27	0.71	0.71	0	0	0.27
184200	0.27	0.71	0.71	0	0	0.27
184300	0.27	0.71	0.71	0	0	0.27
184400	0.27	0.71	0.71	0	0	0.27
184500	0.27	0.71	0.71	0	0	0.27
184600	0.27	0.71	0.71	0	0	0.27
184700	0.27	0.71	0.71	0	0	0.27
184800	0.27	0.71	0.71	0	0	0.27
184900	0.27	0.71	0.71	0	0	0.27
185000	0.27	0.71	0.71	0	0	0.27
185100	0.27	0.71	0.71	0	0	0.27
185200	0.27	0.71	0.71	0	0	0.27
185300	0.27	0.71	0.71	0	0	0.27
185400	0.27	0.71	0.71	0	0	0.27
185500	0.27	0.71	0.71	0	0	0.27
185600	0.27	0.71	0.71	0	0	0.27
185700	0.27	0.71	0.71	0	0	0.27
185800	0.27	0.71	0.71	0	0	0.27
185900	0.27	0.71	0.71	0	0	0.27
186000	0.27	0.71	0.71	0	0	0.27
186100	0.27	0.71	0.71	0	0	0.27
186200	0.27	0.71	0.71	0	0	0.27
186300	0.27	0.71	0.71	0	0	0.27
186400	0.27	0.71	0.71	0	0	0.27
186500	0.27	0.71	0.71	0	0	0.27
186600	0.27	0.71	0.71	0	0	0.27
186700	0.27	0.71	0.71	0	0	0.27
186800	0.27	0.71	0.71	0	0	0.27
186900	0.27	0.71	0.71	0	0	0.27
187000	0.27	0.71	0.71	0	0	0.27
187100	0.27	0.71	0.71	0	0	0.27
187200	0.27	0.71	0.71	0	0	0.27
187300	0.27	0.71	0.71	0	0	0.27
187400	0.27	0.71	0.71	0	0	0.27
187500	0.27	0.71	0.71	0	0	0.27
187600	0.27	0.71	0.71	0	0	0.27
187700	0.27	0.71	0.71	0	0	0.27
187800	0.27	0.71	0.71	0	0	0.27
187900	0.27	0.71	0.71	0	0	0.27
188000	0.27	0.71	0.71	0	0	0.27
188100	0.27	0.71	0.71	0	0	0.27
188200	0.27	0.71	0.71	0	0	0.27
188300	0.27	0.71	0.71	0	0	0.27
188400	0.27	0.71	0.71	0	0	0.27
188500	0.27	0.71	0.71	0	0	0.27
188600	0.27	0.71	0.71	0	0	0.27
188700	0.27	0.71	0.71	0	0	0.27
188800	0.27	0.71	0.71	0	0	0.27
188900	0.27	0.71	0.71	0	0	0.27
189000	0.27	0.71	0.71	0	0	0.27
189100	0.27	0.71	0.71	0	0	0.27
189200	0.27	0.71	0.71	0	0	0.27
189300	0.27	0.71	0.71	0	0	0.27
189400	0.27	0.71	0.71	0	0	0.27
189500	0.27	0.71	0.71	0	0	0.27
189600	0.27	0.71	0.71	0	0	0.27
189700	0.27	0.71	0.71	0	0	0.27
189800	0.27	0.71	0.71	0	0	0.27
189900	0.27	0.71	0.71	0	0	0.27
190000	0.27	0.71	0.71	0	0	0.27
190100	0.27	0.71	0.71	0	0	0.27
190200	0.27	0.71	0.71	0	0	0.27
190300	0.27	0.71	0.71	0	0	0.27
190400	0.27	0.71	0.71	0	0	0.27
190500	0.27	0.71	0.71	0	0	0.27
190600	0.27	0.71	0.71	0	0	0.27
190700	0.27	0.71	0.71	0	0	0.27
190800	0.27	0.71	0.71	0	0	0.27
190900	0.27	0.71	0.71	0	0	0.27
191000	0.27	0.71	0.71	0	0	0.27
191100	0.27	0.71	0.71	0	0	0.27
191200	0.27	0.71	0.71	0	0	0.27
191300	0.27	0.71	0.71	0	0	0.27
191400	0.27	0.71	0.71	0	0	0.27
191500	0.27	0.71	0.71	0	0	0.27
191600	0.27	0.71	0.71	0	0	0.27
191700	0.27	0.71	0.71	0	0	0.27
191800	0.27	0.71	0.71	0	0	0.27
191900	0.27	0.71	0.71	0	0	0.27
192000	0.27	0.71	0.71	0	0	0.27
192100	0.27	0.71	0.71	0	0	0.27
192200	0.27	0.71	0.71	0	0	0.27
192300	0.27	0.71	0.71	0	0	0.27
192400	0.27	0.71	0.71	0	0	0.27
192500	0.27	0.71	0.71	0	0	0.27
192600	0.27	0.71	0.71	0	0	0.27
192700	0.27	0.71	0.71	0	0	0.27
192800	0.27	0.71	0.71	0	0	0.27
192900	0.27	0.71	0.71	0	0	0.27
193000	0.27	0.71	0.71	0	0	0.27
193100	0.27	0.71	0.71	0	0	0.27
193200	0.27	0.71	0.71	0	0	0.27
193300	0.27	0.71	0.71	0	0	0.27
193400	0.27	0.71	0.71	0	0	0.27
193500	0.27	0.71	0.71	0	0	0.27
193600	0.27	0.71	0.71	0	0	0.27
193700	0.27	0.71	0.71	0	0	0.27
193800	0.27	0.71	0.71	0	0	0.27
193900	0.27	0.71	0.71	0	0	0.27
194000	0.27	0.71	0.71	0	0	0.27
194100	0.27	0.71	0.71	0	0	0.27
194200	0.27	0.71	0.71	0	0	0.27
194300	0.27	0.71	0.71	0	0	0.27
194400	0.27	0.71	0.71	0	0	0.27
194500	0.27	0.71	0.71	0	0	0.27
194600	0.27	0.71	0.71	0	0	0.27
194700	0.27	0.71	0.71	0	0	0.27
194800	0.27	0.71	0.71	0	0	0.27
194900	0.27	0.71	0.71	0	0	0.27
195000	0.27	0.71	0.71	0	0	0.27
195100	0.27	0.71	0.71	0	0	0.27
195200	0.27	0.71	0.71	0	0	0.27
195300	0.27	0.71	0.71	0	0	0.27
195400	0.27	0.71	0.71	0	0	0.27
195500	0.27	0.71	0.71	0	0	0.27
195600	0.27	0.71	0.71	0	0	0.27
195700	0.27	0.71	0.71	0	0	0.27
195800	0.27	0.71	0.71	0	0	0.27
195900	0.27	0.71	0.71	0	0	0.27
196000	0.27	0.71	0.71	0	0	0.27
196100	0.27	0.71	0.71	0	0	0.27
196200	0.27	0.71	0.71	0	0	0.27
196300	0.27	0.71	0.71	0	0	0.27
196400	0.27	0.71	0.71	0	0	0.27
196500	0.27	0.71	0.71	0	0	0.27
196600	0.27	0.71	0.71	0	0	0.27
196700	0.27	0.71	0.71	0	0	0.27
196800	0.27	0.71	0.71	0	0	0.27
196900	0.27	0.71	0.71	0	0	0.27
197000	0.27	0.71	0.71	0	0	0.27
197100	0.27	0.71	0.71	0	0	0.27
197200	0.27	0.71	0.71	0	0	0.27
197300	0.27	0.71	0.71	0	0	0.27
197400	0.27	0.71	0.71	0	0	0.27
197500	0.27	0.71	0.71	0	0	0.27
197600	0.27	0.71	0.71	0	0	0.27
197700	0.27	0.71	0.71	0	0	0.27
197800	0.27	0.71	0.71	0	0	0.27
197900	0.27	0.71	0.71	0	0	0.27
198000	0.27	0.71	0.71	0	0	0.27
198100	0.27	0.71	0.71	0	0	0.27
198200	0.27	0.71	0.71	0	0	0.27
198300	0.27	0.71	0.71	0	0	0.27
198400	0.27	0.71	0.71	0	0	0.27
198500	0.27	0.71	0.71	0	0	0.27
198600	0.27	0.71	0.71	0	0	0.27
198700	0.27	0.71	0.71	0	0	0.27
198800	0.27	0.71	0.71	0	0	0.27
198900	0.27	0.71	0.71	0	0	0.27
199000	0.27	0.71	0.71	0	0	0.27
199100	0.27	0.71	0.71	0	0	0.27
199200	0.27	0.71	0.71	0	0	0.27
199300	0.27	0.71	0.71	0	0	0.27
199400	0.27	0.71	0.71	0	0	0.27
199500	0.27	0.71	0.71	0	0	0.27
199600	0.27	0.71	0.71	0	0	0.27
199700	0.27	0.71	0.71	0	0	0.27
199800	0.27	0.71	0.71	0	0	0.27
199900	0.27	0.71	0.71	0	0	0.27
200000	0.27	0.71	0.71	0	0	0.27
200100	0.27	0.71	0.71	0	0	0.27
200200	0.27	0.71	0.71	0	0	0.27
200300	0.27	0.71	0.71	0	0	0.27
200400	0.27	0.71	0.71	0	0	0.27
200500	0.27	0.71	0.71	0	0	0.27
200600	0.27	0.71	0.71	0	0	0.27
200700	0.27	0.71	0.71	0	0	0.27
200800	0.27	0.71	0.71	0	0	0.27
200900	0.27	0.71	0.71	0	0	0.27
201000	0.27	0.71	0.71	0	0	0.27
201100	0.27	0.71	0.71	0	0	0.27
201200	0.27	0.71	0.71	0	0	0.27
201300	0.27	0.71	0.71	0	0	0.27
201400	0.27	0.71	0.71	0	0	0.27
201500	0.27	0.71	0.71	0	0	0.27
201600	0.27	0.71	0.71	0	0	0.27
201700	0.27	0.71	0.71	0	0	0.27
201800	0.27	0.71	0.71	0	0	0.27
201900	0.27	0.71	0.71	0	0	0.27
202000	0.27	0.71	0.71	0	0	0.27
202100	0.27	0.71	0.71	0	0	0.27
202200	0.27	0.71	0.71	0	0	0.27
202300	0.27	0.71	0.71	0	0	0.27
202400	0.27	0.71	0.71	0	0	0.27
202500	0.27	0.71	0.71	0	0	0.27
202600	0.27	0.71	0.71	0	0	0.27
202700	0.27	0.71	0.71	0	0	0.27
202800	0.27	0.71	0.71	0	0	0.27
202900	0.27	0.71	0.71	0	0	0.27
203000	0.27	0.71	0.71	0	0	0.27
203100	0.27	0.71	0.71	0	0	0.27
203200	0.27	0.71	0.71	0	0	0.27
203300	0.27	0.71	0.71	0	0	0.27
203400	0.27	0.71	0.71	0	0	0.27
203500	0.27	0.71	0.71	0	0	0.27
203600	0.27	0.71	0.71	0	0	0.27
203700	0.27	0.71	0.71	0	0	0.27
203800	0.27	0.71	0.71	0	0	0.27
203900	0.27	0.71	0.71	0	0	0.27
204000	0.27	0.71	0.71	0	0	0.27
204100	0.27	0.71	0.71	0	0	0.27
204200	0.27	0.71	0.71	0	0	0.27
204300	0.27	0.71	0.71	0	0	0.27
204400	0.27	0.71	0.71	0	0	0.27
204500	0.27	0.71	0.71	0	0	0.27
204600	0.27	0.71	0.71	0	0	0.27
204700	0.27	0.71	0.71	0	0	0.27
204800	0.27	0.71	0.71	0	0	0.27
204900	0.27	0.71	0.71	0	0	0.27
205000	0.27	0.71	0.71	0	0	0.27
205100	0.27	0.71	0.71	0	0	0.27
205200	0.27	0.71	0.71	0	0	0.27
205300	0.27	0.71	0.71	0	0	0.27
205400	0.27	0.71	0.71	0	0	0.27
205500	0.27	0.71	0.71	0	0	0.27
205600	0.27	0.71	0.71	0	0	0.27
205700	0.27	0.71	0.71	0	0	0.27
205800	0.27	0.71	0.71	0	0	0.27
205900	0.27	0.71	0.71	0	0	0.27
206000	0.27	0.71	0.71	0	0	0.27
206100	0.27	0.71	0.71	0	0	0.27
206200	0.27	0.71	0.71	0	0	0.27
206300	0.27	0.71	0.71	0	0	0.27
206400	0.27	0.71	0.71	0	0	0.27
206500	0.27	0.71	0.71	0	0	0.27
206600	0.27	0.71	0.71	0	0	0.27
206700	0.27	0.71	0.71	0	0	0.27
206800	0.27	0.71	0.71	0	0	0.27
206900	0.27	0.71	0.71	0	0	0.27
207000	0.27	0.71	0.71	0	0	0.27
207100	0.27	0.71	0.71	0	0	0.27
207200	0.27	0.71	0.71	0	0	0.27
207300	0.27	0.71	0.71	0	0	0.27
207400	0.27	0.71	0.71	0	0	0.27
207500	0.27	0.71	0.71	0	0	0.27
207600	0.27	0.71	0.71	0	0	0.27
207700	0.27	0.71	0.71	0	0	0.27
207800	0.27	0.71	0.71	0	0	0.27
207900	0.27	0.71	0.71	0	0	0.27
208000	0.27	0.71	0.71	0	0	0.27
208100	0.27	0.71	0.71	0	0	0.27
208200	0.27	0.71	0.71	0	0	0.27
208300	0.27	0.71	0.71	0	0	0.27
208400	0.27	0.71	0.71	0	0	0.27
208500	0.27	0.71	0.71	0	0	0.27
208600	0.27	0.71	0.71	0	0	0.27
208700	0.27	0.71	0.71	0	0	0.27
208800	0.27	0.71	0.71	0	0	0.27
208900	0.27	0.71	0.71	0	0	0.27
209000	0.27	0.71	0.71	0	0	0.27
209100	0.27	0.71	0.71	0	0	0.27
209200	0.27	0.71	0.71	0	0	0.27
209300	0.27	0.71	0.71	0	0	0.27
209400	0.27	0.71	0.71	0	0	0.27
209500	0.27	0.71	0.71	0	0	0.27
209600	0.27	0.71	0.71	0	0	0.27
209700	0.27	0.71	0.71	0	0	0.27
209800	0.27	0.71	0.71	0	0	0.27
209900	0.27	0.71	0.71	0	0	0.27
210000	0.27	0.71	0.71	0	0	0.27
210100	0.27	0.71	0.71	0	0	0.27
210200	0.27	0.71	0.71	0	0	0.27
210300	0.27	0.71	0.71	0	0	0.27
210400	0.27	0.71	0.71	0	0	0.27
210500	0.27	0.71	0.71	0	0	0.27
210600	0.27	0.71	0.71	0	0	0.27
210700	0.27	0.71	0.71	0	0	0.27
210800	0.27	0.71	0.71	0	0	0.27
210900	0.27	0.71	0.71	0	0	0.27
211000	0.27	0.71	0.71	0	0	0.27
211100	0.27	0.71	0.71	0	0	0.27
211200	0.27	0.71	0.71	0	0	0.27
211300	0.27	0.71	0.71	0	0	0.27
211400	0.27	0.71	0.71	0	0	0.27
211500	0.27	0.71	0.71	0	0	0.27
211600	0.27	0.71	0.71	0	0	0.27
211700	0.27	0.71	0.71	0	0	0.27
211800	0.27	0.71	0.71	0	0	0.27
211900	0.27	0.71	0.71	0	0	0.27
212000	0.27	0.71	0.71	0	0	0.27
212100	0.27	0.71	0.71	0	0	0.27
212200	0.27	0.71	0.71	0	0	0.27
212300	0.27	0.71	0.71	0	0	0.27
212400	0.27	0.71	0.71	0	0	0.27
212500	0.27	0.71	0.71	0	0	0.27
212600	0.27	0.71	0.71	0	0	0.27
212700	0.27	0.71	0.71	0	0	0.27
212800	0.27	0.71	0.71	0	0	0.27
212900	0.27	0.71	0.71	0	0	0.27
213000	0.27	0.71	0.71	0	0	0.27
213100	0.27	0.71	0.71	0	0	0.27
213200	0.27	0.71	0.71	0	0	0.27
213300	0.27	0.71	0.71	0	0	0.27
213400	0.27	0.71	0.71	0	0	0.27
213500	0.27	0.71	0.71	0	0	0.27
213600	0.27	0.71	0.71	0	0	0.27
213700	0.27	0.71	0.71	0	0	0.27
213800	0.27	0.71	0.71	0	0	0.27
213900	0.27	0.71	0.71	0	0	0.27
214000	0.27	0.71	0.71	0	0	0.27
214100	0.27	0.71	0.71	0	0	0.27
214200	0.27	0.71	0.71	0	0	0.27
214300	0.27	0.71	0.71	0	0	0.27
214400	0.27	0.71	0.71	0	0	0.27
214500	0.27	0.71	0.71	0	0	0.27
214600	0.27	0.71	0.71	0	0	0.27
214700	0.27	0.71	0.71	0	0	0.27
214800	0.27	0.71	0.71	0	0	0.27
214900	0.27	0.71	0.71	0	0	0.27
215000	0.27	0.71	0.71	0	0	0.27
215100	0.27	0.71	0.71	0	0	0.27
215200	0.27	0.71	0.71	0	0	0.27
215300	0.27	0.71	0.71	0	0	0.27
215400	0.27	0.71	0.71	0	0	0.27
215500	0.27	0.71	0.71	0	0	0.27
215600	0.27	0.71	0.71	0	0	0.27
215700	0.27	0.71	0.71	0	0	0.27
215800	0.27	0.71	0.71	0	0	0.27
215900	0.27	0.71	0.71	0	0	0.27
216000	0.27	0.71	0.71	0	0	0.27
216100	0.27	0.71	0.71	0	0	0.27
216200	0.27	0.71	0.71	0	0	0.27
216300	0.27	0.71	0.71	0	0	0.27
216400	0.27	0.71	0.71	0	0	0.27
216500	0.27	0.71	0.71	0	0	0.27
216600	0.27	0.71	0.71	0	0	0.27
216700	0.27	0.71	0.71	0	0	0.27
216800	0.27	0.71	0.71	0	0	0.27
216900	0.27	0.71	0.71	0	0	0.27
217000	0.27	0.71	0.71	0	0	0.27
217100	0.27	0.71	0.71	0	0	0.27
217200	0.27	0.71	0.71	0	0	0.27
217300	0.27	0.71	0.71	0	0	0.27
217400	0.27	0.71	0.71	0	0	0.27
217500	0.27	0.71	0.71	0	0	0.27
217600	0.27	0.71	0.71	0	0	0.27
217700	0.27	0.71	0.71	0	0	0.27
217800	0.27	0.71	0.71	0	0	0.27
217900	0.27	0.71	0.71	0	0	0.27
218000	0.27	0.71	0.71	0	0	0.27
218100	0.27	0.71	0.71	0	0	0.27
218200	0.27	0.71	0.71	0	0	0.27
218300	0.27	0.71	0.71	0	0	0.27
218400	0.27	0.71	0.71	0	0	0.27
218500	0.27	0.71	0.71	0	0	0.27
218600	0.27	0.71	0.71	0	0	0.27
218700	0.27	0.71	0.71	0	0	0.27
218800	0.27	0.71	0.71	0	0	0.27
218900	0.27	0.71	0.71	0	0	0.27
219000	0.27	0.71	0.71	0	0	0.27
219100	0.27	0.71	0.71	0	0	0.27
219200	0.27	0.71	0.71	0	0	0.27
219300	0.27	0.71	0.71	0	0	0.27
219400	0.27	0.71	0.71	0	0	0.27
219500	0.27	0.71	0.71	0	0	0.27
219600	0.27	0.71	0.71	0	0	0.27
219700	0.27	0.71	0.71	0	0	0.27
219800	0.27	0.71	0.71	0	0	0.27
219900	0.27	0.71	0.71	0	0	0.27
220000	0.27	0.71	0.71	0	0	0.27
220100	0.27	0.71	0.71	0	0	0.27
220200	0.27	0.71	0.71	0	0	0.27
220300	0.27	0.71	0.71	0	0	0.27
220400	0.27	0.71	0.71	0	0	0.27
220500	0.27	0.71	0.71	0	0	0.27
220600	0.27	0.71	0.71	0	0	0.27
220700	0.27	0.71	0.71	0	0	0.27
220800	0.27	0.71	0.71	0	0	0.27
220900	0.27	0.71	0.71	0	0	0.27
221000	0.27	0.71	0.71	0	0	0.27
221100	0.27	0.71	0.71	0	0	0.27
221200	0.27	0.71	0.71	0	0	0.27
221300	0.27	0.71	0.71	0	0	0.27
221400	0.27	0.71	0.71	0	0	0.27
221500	0.26	0.71	0.71	0	0	0.26
221600	0.26	0.71	0.71	0	0	0.26
221700	0.26	0.71	0.71	0	0	0.26
221800	0.26	0.71	0.71	0	0	0.26
221900	0.26	0.71	0.71	0	0	0.26
222000	0.26	0.71	0.71	0	0	0.26
222100	0.26	0.71	0.71	0	0	0.26
222200	0.26	0.71	0.71	0	0	0.26
222300	0.26	0.71	0.71	0	0	0.26
222400	0.26	0.71	0.71	0	0	0.26
222500	0.26	0.71	0.71	0	0	0.26
222600	0.26	0.71	0.71	0	0	0.26
222700	0.25	0.71	0.71	0	0	0.25
222800	0.25	0.71	0.71	0	0	0.25
222900	0.25	0.71	0.71	0	0	0.25
223000	0.25	0.71	0.71	0	0	0.25
223100	0.25	0.71	0.71	0	0	0.25
223200	0.25	0.71	0.71	0	0	0.25
223300	0.25	0.71	0.71	0	0	0.25
223400	0.25	0.71	0.71	0	0	0.25
223500	0.25	0.71	0.71	0	0	0.25
223600	0.25	0.71	0.71	0	0	0.25
223700	0.26	0.71	0.71	0	0	0.26
223800	0.26	0.71	0.71	0	0	0.26
223900	0.26	0.71	0.71	0	0	0.26
224000	0.27	0.71	0.71	0	0	0.27
224100	0.27	0.71	0.71	0	0	0.27
224200	0.27	0.71	0.71	0	0	0.27
224300	0.27	0.71	0.71	0	0	0.27
224400	0.27	0.71	0.71	0	0	0.27
224500	0.27	0.71	0.71	0	0	0.27
224600	0.27	0.71	0.71	0	0	0.27
224700	0.27	0.71	0.71	0	0	0.27
224800	0.27	0.71	0.71	0	0	0.27
224900	0.27	0.71	0.71	0	0	0.27
225000	0.27	0.71	0.71	0	0	0.27
225100	0.27	0.71	0.71	0	0	0.27
225200	0.27	0.71	0.71	0	0	0.27
225300	0.27	0.71	0.71	0	0	0.27
225400	0.27	0.71	0.71	0	0	0.27
225500	0.27	0.71	0.71	0	0	0.27
225600	0.27	0.71	0.71	0	0	0.27
225700	0.27	0.71	0.71	0	0	0.27
225800	0.27	0.71	0.71	0	0	0.27
225900	0.27	0.71	0.71	0	0	0.27
226000	0.27	0.71	0.71	0	0	0.27
226100	0.27	0.71	0.71	0	0	0.27
226200	0.27	0.71	0.71	0	0	0.27
226300	0.27	0.71	0.71	0	0	0.27
226400	0.27	0.71	0.71	0	0	0.27
226500	0.27	0.71	0.71	0	0	0.27
226600	0.27	0.71	0.71	0	0	0.27
226700	0.27	0.71	0.71	0	0	0.27
226800	0.27	0.71	0.71	0	0	0.27
226900	0.27	0.71	0.71	0	0	0.27
227000	0.27	0.71	0.71	0	0	0.27
227100	0.27	0.71	0.71	0	0	0.27
227200	0.27	0.71	0.71	0	0	0.27
227300	0.27	0.71	0.71	0	0	0.27
227400	0.27	0.71	0.71	0	0	0.27
227500	0.27	0.71	0.71	0	0	0.27
227600	0.27	0.71	0.71	0	0	0.27
227700	0.27	0.71	0.71	0	0	0.27
227800	0.27	0.71	0.71	0	0	0.27
227900	0.27	0.71	0.71	0	0	0.27
228000	0.27	0.71	0.71	0	0	0.27
228100	0.27	0.71	0.71	0	0	0.27
228200	0.27	0.71	0.71	0	0	0.27
228300	0.27	0.71	0.71	0	0	0.27
228400	0.27	0.71	0.71	0	0	0.27
228500	0.27	0.71	0.71	0	0	0.27
228600	0.27	0.71	0.71	0	0	0.27
228700	0.27	0.71	0.71	0	0	0.27
228800	0.27	0.71	0.71	0	0	0.27
228900	0.27	0.71	0.71	0	0	0.27
229000	0.27	0.71	0.71	0	0	0.27
229100	0.27	0.71	0.71	0	0	0.27
229200	0.27	0.71	0.71	0	0	0.27
229300	0.27	0.71	0.71	0	0	0.27
229400	0.27	0.71	0.71	0	0	0.27
229500	0.27	0.71	0.71	0	0	0.27
229600	0.27	0.71	0.71	0	0	0.27
229700	0.27	0.71	0.71	0	0	0.27
229800	0.27	0.71	0.71	0	0	0.27
229900	0.27	0.71	0.71	0	0	0.27
230000	0.27	0.71	0.71	0	0	0.27
230100	0.27	0.71	0.71	0	0	0.27
230200	0.27	0.71	0.71	0	0	0.27
230300	0.27	0.71	0.71	0	0	0.27
230400	0.27	0.71	0.71	0	0	0.27
230500	0.27	0.71	0.71	0	0	0.27
230600	0.27	0.71	0.71	0	0	0.27
230700	0.27	0.71	0.71	0	0	0.27
230800	0.27	0.71	0.71	0	0	0.27
230900	0.27	0.71	0.71	0	0	0.27
231000	0.27	0.71	0.71	0	0	0.27
231100	0.27	0.71	0.71	0	0	0.27
231200	0.27	0.71	0.71	0	0	0.27
231300	0.27	0.71	0.71	0	0	0.27
231400	0.27	0.71	0.71	0	0	0.27
231500	0.27	0.71	0.71	0	0	0.27
231600	0.27	0.71	0.71	0	0	0.27
231700	0.27	0.71	0.71	0	0	0.27
231800	0.27	0.71	0.71	0	0	0.27
231900	0.27	0.71	0.71	0	0	0.27
232000	0.27	0.71	0.71	0	0	0.27
232100	0.27	0.71	0.71	0	0	0.27
232200	0.27	0.71	0.71	0	0	0.27
232300	0.27	0.71	0.71	0	0	0.27
232400	0.27	0.71	0.71	0	0	0.27
232500	0.27	0.71	0.71	0	0	0.27
232600	0.27	0.71	0.71	0	0	0.27
232700	0.27	0.71	0.71	0	0	0.27
232800	0.27	0.71	0.71	0	0	0.27
232900	0.27	0.71	0.71	0	0	0.27
233000	0.27	0.71	0.71	0	0	0.27
233100	0.27	0.71	0.71	0	0	0.27
233200	0.27	0.71	0.71	0	0	0.27
233300	0.27	0.71	0.71	0	0	0.27
233400	0.27	0.71	0.71	0	0	0.27
233500	0.27	0.71	0.71	0	0	0.27
233600	0.27	0.71	0.71	0	0	0.27
233700	0.27	0.71	0.71	0	0	0.27
233800	0.27	0.71	0.71	0	0	0.27
233900	0.27	0.71	0.71	0	0	0.27
234000	0.27	0.71	0.71	0	0	0.27
234100	0.27	0.71	0.71	0	0	0.27
234200	0.27	0.71	0.71	0	0	0.27
234300	0.27	0.71	0.71	0	0	0.27
234400	0.27	0.71	0.71	0	0	0.27
234500	0.27	0.71	0.71	0	0	0.27
234600	0.27	0.71	0.71	0	0	0.27
234700	0.27	0.71	0.71	0	0	0.27
234800	0.27	0.71	0.71	0	0	0.27
234900	0.27	0.71	0.71	0	0	0.27
235000	0.27	0.71	0.71	0	0	0.27
235100	0.27	0.71	0.71	0	0	0.27
235200	0.27	0.71	0.71	0	0	0.27
235300	0.27	0.71	0.71	0	0	0.27
235400	0.27	0.71	0.71	0	0	0.27
235500	0.27	0.71	0.71	0	0	0.27
235600	0.27	0.71	0.71	0	0	0.27
235700	0.27	0.71	0.71	0	0	0.27
235800	0.27	0.71	0.71	0	0	0.27
235900	0.27	0.71	0.71	0	0	0.27
236000	0.27	0.71	0.71	0	0	0.27
236100	0.27	0.71	0.71	0	0	0.27
236200	0.27	0.71	0.71	0	0	0.27
236300	0.27	0.71	0.71	0	0	0.27
236400	0.27	0.71	0.71	0	0	0.27
236500	0.27	0.71	0.71	0	0	0.27
236600	0.27	0.71	0.71	0	0	0.27
236700	0.27	0.71	0.71	0	0	0.27
236800	0.27	0.71	0.71	0	0	0.27
236900	0.27	0.71	0.71	0	0	0.27
237000	0.27	0.71	0.71	0	0	0.27
237100	0.27	0.71	0.71	0	0	0.27
237200	0.27	0.71	0.71	0	0	0.27
237300	0.27	0.71	0.71	0	0	0.27
237400	0.27	0.71	0.71	0	0	0.27
237500	0.27	0.71	0.71	0	0	0.27
237600	0.27	0.71	0.71	0	0	0.27
237700	0.27	0.71	0.71	0	0	0.27
237800	0.27	0.71	0.71	0	0	0.27
237900	0.27	0.71	0.71	0	0	0.27
238000	0.27	0.71	0.71	0	0	0.27
238100	0.27	0.71	0.71	0	0	0.27
238200	0.27	0.71	0.71	0	0	0.27
238300	0.27	0.71	0.71	0	0	0.27
238400	0.27	0.71	0.71	0	0	0.27
238500	0.27	0.71	0.71	0	0	0.27
238600	0.27	0.71	0.71	0	0	0.27
238700	0.27	0.71	0.71	0	0	0.27
238800	0.27	0.71	0.71	0	0	0.27
238900	0.27	0.71	0.71	0	0	0.27
239000	0.27	0.71	0.71	0	0	0.27
239100	0.27	0.71	0.71	0	0	0.27
239200	0.27	0.71	0.71	0	0	0.27
239300	0.27	0.71	0.71	0	0	0.27
239400	0.27	0.71	0.71	0	0	0.27
239500	0.27	0.71	0.71	0	0	0.27
239600	0.27	0.71	0.71	0	0	0.27
239700	0.27	0.71	0.71	0	0	0.27
239800	0.27	0.71	0.71	0	0	0.27
239900	0.27	0.71	0.71	0	0	0.27
240000	0.27	0.71	0.71	0	0	0.27
240100	0.27	0.71	0.71	0	0	0.27
240200	0.27	0.71	0.71	0	0	0.27
240300	0.27	0.71	0.71	0	0	0.27
240400	0.27	0.71	0.71	0	0	0.27
240500	0.27	0.71	0.71	0	0	0.27
240600	0.27	0.71	0.71	0	0	0.27
240700	0.27	0.71	0.71	0	0	0.27
240800	0.27	0.71	0.71	0	0	0.27
240900	0.27	0.71	0.71	0	0	0.27
241000	0.27	0.71	0.71	0	0	0.27
241100	0.27	0.71	0.71	0	0	0.27
241200	0.27	0.71	0.71	0	0	0.27
241300	0.27	0.71	0.71	0	0	0.27
241400	0.27	0.71	0.71	0	0	0.27
241500	0.27	0.71	0.71	0	0	0.27
241600	0.27	0.71	0.71	0	0	0.27
241700	0.27	0.71	0.71	0	0	0.27
241800	0.27	0.71	0.71	0	0	0.27
241900	0.27	0.71	0.71	0	0	0.27
242000	0.27	0.71	0.71	0	0	0.27
242100	0.27	0.71	0.71	0	0	0.27
242200	0.27	0.71	0.71	0	0	0.27
242300	0.27	0.71	0.71	0	0	0.27
242400	0.27	0.71	0.71	0	0	0.27
242500	0.27	0.71	0.71	0	0	0.27
242600	0.27	0.71	0.71	0	0	0.27
242700	0.27	0.71	0.71	0	0	0.27
242800	0.27	0.71	0.71	0	0	0.27
242900	0.27	0.71	0.71	0	0	0.27
243000	0.27	0.71	0.71	0	0	0.27
243100	0.27	0.71	0.71	0	0	0.27
243200	0.27	0.71	0.71	0	0	0.27
243300	0.27	0.71	0.71	0	0	0.27
243400	0.27	0.71	0.71	0	0	0.27
243500	0.27	0.71	0.71	0	0	0.27
243600	0.27	0.71	0.71	0	0	0.27
243700	0.27	0.71	0.71	0	0	0.27
243800	0.27	0.71	0.71	0	0	0.27
243900	0.27	0.71	0.71	0	0	0.27
244000	0.27	0.71	0.71	0	0	0.27
244100	0.27	0.71	0.71	0	0	0.27
244200	0.27	0.71	0.71	0	0	0.27
244300	0.27	0.71	0.71	0	0	0.27
244400	0.27	0.71	0.71	0	0	0.27
244500	0.27	0.71	0.71	0	0	0.27
244600	0.27	0.71	0.71	0	0	0.27
244700	0.27	0.71	0.71	0	0	0.27
244800	0.27	0.71	0.71	0	0	0.27
244900	0.27	0.71	0.71	0	0	0.27
245000	0.27	0.71	0.71	0	0	0.27
245100	0.27	0.71	0.71	0	0	0.27
245200	0.27	0.71	0.71	0	0	0.27
245300	0.27	0.71	0.71	0	0	0.27
245400	0.27	0.71	0.71	0	0	0.27
245500	0.27	0.71	0.71	0	0	0.27
245600	0.27	0.71	0.71	0	0	0.27
245700	0.27	0.71	0.71	0	0	0.27
245800	0.27	0.71	0.71	0	0	0.27
245900	0.27	0.71	0.71	0	0	0.27
246000	0.27	0.71	0.71	0	0	0.27
246100	0.27	0.71	0.71	0	0	0.27
246200	0.27	0.71	0.71	0	0	0.27
246300	0.27	0.71	0.71	0	0	0.27
246400	0.27	0.71	0.71	0	0	0.27
246500	0.27	0.71	0.71	0	0	0.27
246600	0.27	0.71	0.71	0	0	0.27
246700	0.27	0.71	0.71	0	0	0.27
246800	0.27	0.71	0.71	0	0	0.27
246900	0.27	0.71	0.71	0	0	0.27
247000	0.27	0.71	0.71	0	0	0.27
247100	0.27	0.71	0.71	0	0	0.27
247200	0.27	0.71	0.71	0	0	0.27
247300	0.27	0.71	0.71	0	0	0.27
247400	0.27	0.71	0.71	0	0	0.27
247500	0.27	0.71	0.71	0	0	0.27
247600	0.27	0.71	0.71	0	0	0.27
247700	0.27	0.71	0.71	0	0	0.27
247800	0.27	0.71	0.71	0	0	0.27
247900	0.27	0.71	0.71	0	0	0.27
248000	0.27	0.71	0.71	0	0	0.27
248100	0.27	0.71	0.71	0	0	0.27
248200	0.27	0.71	0.71	0	0	0.27
248300	0.27	0.71	0.71	0	0	0.27
248400	0.27	0.71	0.71	0	0	0.27
248500	0.27	0.71	0.71	0	0	0.27
248600	0.27	0.71	0.71	0	0	0.27
248700	0.27	0.71	0.71	0	0	0.27
248800	0.27	0.71	0.71	0	0	0.27
248900	0.27	0.71	0.71	0	0	0.27
249000	0.27	0.71	0.71	0	0	0.27
249100	0.27	0.71	0.71	0	0	0.27
249200	0.27	0.71	0.71	0	0	0.27
249300	0.27	0.71	0.71	0	0	0.27
249400	0.27	0.71	0.71	0	0	0.27
249500	0.27	0.71	0.71	0	0	0.27
249600	0.27	0.71	0.71	0	0	0.27
249700	0.27	0.71	0.71	0	0	0.27
249800	0.27	0.71	0.71	0	0	0.27
249900	0.27	0.71	0.71	0	0	0.27
250000	0.27	0.71	0.71	0	0	0.27
250100	0.27	0.71	0.71	0	0	0.27
250200	0.27	0.71	0.71	0	0	0.27
250300	0.27	0.71	0.71	0	0	0.27
250400	0.27	0.71	0.71	0	0	0.27
250500	0.27	0.71	0.71	0	0	0.27
250600	0.27	0.71	0.71	0	0	0.27
250700	0.27	0.71	0.71	0	0	0.27
250800	0.27	0.71	0.71	0	0	0.27
250900	0.27	0.71	0.71	0	0	0.27
251000	0.27	0.71	0.71	0	0	0.27
251100	0.27	0.71	0.71	0	0	0.27
251200	0.27	0.71	0.71	0	0	0.27
251300	0.27	0.71	0.71	0	0	0.27
251400	0.27	0.71	0.71	0	0	0.27
251500	0.27	0.71	0.71	0	0	0.27
251600	0.27	0.71	0.71	0	0	0.27
251700	0.27	0.71	0.71	0	0	0.27
251800	0.27	0.71	0.71	0	0	0.27
251900	0.27	0.71	0.71	0	0	0.27
252000	0.27	0.71	0.71	0	0	0.27
252100	0.27	0.71	0.71	0	0	0.27
252200	0.27	0.71	0.71	0	0	0.27
252300	0.27	0.71	0.71	0	0	0.27
252400	0.27	0.71	0.71	0	0	0.27
252500	0.27	0.71	0.71	0	0	0.27
252600	0.27	0.71	0.71	0	0	0.27
252700	0.27	0.71	0.71	0	0	0.27
252800	0.27	0.71	0.71	0	0	0.27
252900	0.27	0.71	0.71	0	0	0.27
253000	0.27	0.71	0.71	0	0	0.27
253100	0.27	0.71	0.71	0	0	0.27
253200	0.27	0.71	0.71	0	0	0.27
253300	0.27	0.71	0.71	0	0	0.27
253400	0.27	0.71	0.71	0	0	0.27
253500	0.27	0.71	0.71	0	0	0.27
253600	0.27	0.71	0.71	0	0	0.27
253700	0.27	0.71	0.71	0	0	0.27
253800	0.27	0.71	0.71	0	0	0.27
253900	0.27	0.71	0.71	0	0	0.27
254000	0.27	0.71	0.71	0	0	0.27
254100	0.27	0.71	0.71	0	0	0.27
254200	0.27	0.71	0.71	0	0	0.27
254300	0.27	0.71	0.71	0	0	0.27
254400	0.27	0.71	0.71	0	0	0.27
254500	0.27	0.71	0.71	0	0	0.27
254600	0.27	0.71	0.71	0	0	0.27
254700	0.27	0.71	0.71	0	0	0.27
254800	0.27	0.71	0.71	0	0	0.27
254900	0.27	0.71	0.71	0	0	0.27
255000	0.27	0.71	0.71	0	0	0.27
255100	0.27	0.71	0.71	0	0	0.27
255200	0.27	0.71	0.71	0	0	0.27
255300	0.27	0.71	0.71	0	0	0.27
255400	0.27	0.71	0.71	0	0	0.27
255500	0.27	0.71	0.71	0	0	0.27
255600	0.27	0.71	0.71	0	0	0.27
255700	0.27	0.71	0.71	0	0	0.27
255800	0.27	0.71	0.71	0	0	0.27
255900	0.27	0.71	0.71	0	0	0.27
256000	0.27	0.71	0.71	0	0	0.27
256100	0.27	0.71	0.71	0	0	0.27
256200	0.27	0.71	0.71	0	0	0.27
256300	0.27	0.71	0.71	0	0	0.27
256400	0.27	0.71	0.71	0	0	0.27
256500	0.27	0.71	0.71	0	0	0.27
256600	0.27	0.71	0.71	0	0	0.27
256700	0.27	0.71	0.71	0	0	0.27
256800	0.27	0.71	0.71	0	0	0.27
256900	0.27	0.71	0.71	0	0	0.27
257000	0.27	0.71	0.71	0	0	0.27
257100	0.27	0.71	0.71	0	0	0.27
257200	0.27	0.71	0.71	0	0	0.27
257300	0.27	0.71	0.71	0	0	0.27
257400	0.27	0.71	0.71	0	0	0.27
257500	0.27	0.71	0.71	0	0	0.27
257600	0.27	0.71	0.71	0	0	0.27
257700	0.27	0.71	0.71	0	0	0.27
257800	0.27	0.71	0.71	0	0	0.27
257900	0.27	0.71	0.71	0	0	0.27
258000	0.27	0.71	0.71	0	0	0.27
258100	0.27	0.71	0.71	0	0	0.27
258200	0.27	0.71	0.71	0	0	0.27
258300	0.27	0.71	0.71	0	0	0.27
258400	0.27	0.71	0.71	0	0	0.27
258500	0.27	0.71	0.71	0	0	0.27
258600	0.27	0.71	0.71	0	0	0.27
258700	0.27	0.71	0.71	0	0	0.27
258800	0.27	0.71	0.71	0	0	0.27
258900	0.27	0.71	0.71	0	0	0.27
259000	0.27	0.71	0.71	0	0	0.27
259100	0.27	0.71	0.71	0	0	0.27
259200	0.27	0.71	0.71	0	0	0.27
259300	0.27	0.71	0.71	0	0	0.27
259400	0.27	0.71	0.71	0	0	0.27
259500	0.27	0.71	0.71	0	0	0.27
259600	0.27	0.71	0.71	0	0	0.27
259700	0.27	0.71	0.71	0	0	0.27
259800	0.27	0.71	0.71	0	0	0.27
259900	0.27	0.71	0.71	0	0	0.27
260000	0.27	0.71	0.71	0	0	0.27
260100	0.27	0.71	0.71	0	0	0.27
260200	0.27	0.71	0.71	0	0	0.27
260300	0.27	0.71	0.71	0	0	0.27
260400	0.27	0.71	0.71	0	0	0.27
260500	0.27	0.71	0.71	0	0	0.27
260600	0.27	0.71	0.71	0	0	0.27
260700	0.27	0.71	0.71	0	0	0.27
260800	0.27	0.71	0.71	0	0	0.27
260900	0.27	0.71	0.71	0	0	0.27
261000	0.27	0.71	0.71	0	0	0.27
261100	0.27	0.71	0.71	0	0	0.27
261200	0.27	0.71	0.71	0	0	0.27
261300	0.27	0.71	0.71	0	0	0.27
261400	0.27	0.71	0.71	0	0	0.27
261500	0.27	0.71	0.71	0	0	0.27
261600	0.27	0.71	0.71	0	0	0.27
261700	0.27	0.71	0.71	0	0	0.27
261800	0.27	0.71	0.71	0	0	0.27
261900	0.27	0.71	0.71	0	0	0.27
262000	0.27	0.71	0.71	0	0	0.27
262100	0.27	0.71	0.71	0	0	0.27
262200	0.27	0.71	0.71	0	0	0.27
262300	0.27	0.71	0.71	0	0	0.27
262400	0.27	0.71	0.71	0	0	0.27
262500	0.27	0.71	0.71	0	0	0.27
262600	0.27	0.71	0.71	0	0	0.27
262700	0.27	0.71	0.71	0	0	0.27
262800	0.27	0.71	0.71	0	0	0.27
262900	0.27	0.71	0.71	0	0	0.27
263000	0.27	0.71	0.71	0	0	0.27
263100	0.27	0.71	0.71	0	0	0.27
263200	0.27	0.71	0.71	0	0	0.27
263300	0.27	0.71	0.71	0	0	0.27
263400	0.27	0.71	0.71	0	0	0.27
263500	0.27	0.71	0.71	0	0	0.27
263600	0.27	0.71	0.71	0	0	0.27
263700	0.27	0.71	0.71	0	0	0.27
263800	0.27	0.71	0.71	0	0	0.27
263900	0.27	0.71	0.71	0	0	0.27
264000	0.27	0.71	0.71	0	0	0.27
264100	0.27	0.71	0.71	0	0	0.27
264200	0.27	0.71	0.71	0	0	0.27
264300	0.27	0.71	0.71	0	0	0.27
264400	0.27	0.71	0.71	0	0	0.27
264500	0.27	0.71	0.71	0	0	0.27
264600	0.27	0.71	0.71	0	0	0.27
264700	0.27	0.71	0.71	0	0	0.27
264800	0.27	0.71	0.71	0	0	0.27
264900	0.27	0.71	0.71	0	0	0.27
265000	0.27	0.71	0.71	0	0	0.27
265100	0.27	0.71	0.71	0	0	0.27
265200	0.27	0.71	0.71	0	0	0.27
265300	0.27	0.71	0.71	0	0	0.27
265400	0.27	0.71	0.71	0	0	0.27
265500	0.27	0.71	0.71	0	0	0.27
265600	0.27	0.71	0.71	0	0	0.27
265700	0.27	0.71	0.71	0	0	0.27
265800	0.27	0.71	0.71	0	0	0.27
265900	0.27	0.71	0.71	0	0	0.27
266000	0.27	0.71	0.71	0	0	0.27
266100	0.27	0.71	0.71	0	0	0.27
266200	0.27	0.71	0.71	0	0	0.27
266300	0.27	0.71	0.71	0	0	0.27
266400	0.27	0.71	0.71	0	0	0.27
266500	0.27	0.71	0.71	0	0	0.27
266600	0.27	0.71	0.71	0	0	0.27
266700	0.27	0.71	0.71	0	0	0.27
266800	0.27	0.71	0.71	0	0	0.27
266900	0.27	0.71	0.71	0	0	0.27
267000	0.27	0.71	0.71	0	0	0.27
267100	0.27	0.71	0.71	0	0	0.27
267200	0.27	0.71	0.71	0	0	0.27
267300	0.27	0.71	0.71	0	0	0.27
267400	0.27	0.71	0.71	0	0	0.27
267500	0.27	0.71	0.71	0	0	0.27
267600	0.27	0.71	0.71	0	0	0.27
267700	0.27	0.71	0.71	0	0	0.27
267800	0.27	0.71	0.71	0	0	0.27
267900	0.27	0.71	0.71	0	0	0.27
268000	0.27	0.71	0.71	0	0	0.27
268100	0.27	0.71	0.71	0	0	0.27
268200	0.27	0.71	0.71	0	0	0.27
268300	0.27	0.71	0.71	0	0	0.27
268400	0.27	0.71	0.71	0	0	0.27
268500	0.27	0.71	0.71	0	0	0.27
268600	0.27	0.71	0.71	0	0	0.27
268700	0.27	0.71	0.71	0	0	0.27
268800	0.27	0.71	0.71	0	0	0.27
268900	0.27	0.71	0.71	0	0	0.27
269000	0.27	0.71	0.71	0	0	0.27
269100	0.27	0.71	0.71	0	0	0.27
269200	0.27	0.71	0.71	0	0	0.27
269300	0.27	0.71	0.71	0	0	0.27
269400	0.27	0.71	0.71	0	0	0.27
269500	0.27	0.71	0.71	0	0	0.27
269600	0.27	0.71	0.71	0	0	0.27
269700	0.27	0.71	0.71	0	0	0.27
269800	0.27	0.71	0.71	0	0	0.27
269900	0.27	0.71	0.71	0	0	0.27
270000	0.27	0.71	0.71	0	0	0.27
270100	0.27	0.71	0.71	0	0	0.27
270200	0.27	0.71	0.71	0	0	0.27
270300	0.27	0.71	0.71	0	0	0.27
270400	0.27	0.71	0.71	0	0	0.27
270500	0.27	0.71	0.71	0	0	0.27
270600	0.27	0.71	0.71	0	0	0.27
270700	0.27	0.71	0.71	0	0	0.27
270800	0.27	0.71	0.71	0	0	0.27
270900	0.27	0.71	0.71	0	0	0.27
271000	0.27	0.71	0.71	0	0	0.27
271100	0.27	0.71	0.71	0	0	0.27
271200	0.27	0.71	0.71	0	0	0.27
271300	0.27	0.71	0.71	0	0	0.27
271400	0.27	0.71	0.71	0	0	0.27
271500	0.27	0.71	0.71	0	0	0.27
271600	0.27	0.71	0.71	0	0	0.27
271700	0.27	0.71	0.71	0	0	0.27
271800	0.27	0.71	0.71	0	0	0.27
271900	0.27	0.71	0.71	0	0	0.27
272000	0.27	0.71	0.71	0	0	0.27
272100	0.27	0.71	0.71	0	0	0.27
272200	0.27	0.71	0.71	0	0	0.27
272300	0.27	0.71	0.71	0	0	0.27
272400	0.27	0.71	0.71	0	0	0.27
272500	0.27	0.71	0.71	0	0	0.27
272600	0.27	0.71	0.71	0	0	0.27
272700	0.27	0.71	0.71	0	0	0.27
272800	0.27	0.71	0.71	0	0	0.27
272900	0.27	0.71	0.71	0	0	0.27
273000	0.27	0.71	0.71	0	0	0.27
273100	0.27	0.71	0.71	0	0	0.27
273200	0.27	0.71	0.71	0	0	0.27
273300	0.27	0.71	0.71	0	0	0.27
273400	0.27	0.71	0.71	0	0	0.27
273500	0.27	0.71	0.71	0	0	0.27
273600	0.27	0.71	0.71	0	0	0.27
273700	0.27	0.71	0.71	0	0	0.27
273800	0.27	0.71	0.71	0	0	0.27
273900	0.27	0.71	0.71	0	0	0.27
274000	0.27	0.71	0.71	0	0	0.27
274100	0.27	0.71	0.71	0	0	0.27
274200	0.27	0.71	0.71	0	0	0.27
274300	0.27	0.71	0.71	0	0	0.27
274400	0.27	0.71	0.71	0	0	0.27
274500	0.27	0.71	0.71	0	0	0.27
274600	0.27	0.71	0.71	0	0	0.27
274700	0.27	0.71	0.71	0	0	0.27
274800	0.27	0.71	0.71	0	0	0.27
274900	0.27	0.71	0.71	0	0	0.27
275000	0.27	0.71	0.71	0	0	0.27
275100	0.27	0.71	0.71	0	0	0.27
275200	0.27	0.71	0.71	0	0	0.27
275300	0.27	0.71	0.71	0	0	0.27
275400	0.27	0.71	0.71	0	0	0.27
275500	0.27	0.71	0.71	0	0	0.27
275600	0.27	0.71	0.71	0	0	0.27
275700	0.27	0.71	0.71	0	0	0.27
275800	0.27	0.71	0.71	0	0	0.27
275900	0.27	0.71	0.71	0	0	0.27
276000	0.27	0.71	0.71	0	0	0.27
276100	0.27	0.71	0.71	0	0	0.27
276200	0.27	0.71	0.71	0	0	0.27
276300	0.27	0.71	0.71	0	0	0.27
276400	0.27	0.71	0.71	0	0	0.27
276500	0.27	0.71	0.71	0	0	0.27
276600	0.27	0.71	0.71	0	0	0.27
276700	0.27	0.71	0.71	0	0	0.27
276800	0.27	0.71	0.71	0	0	0.27
276900	0.27	0.71	0.71	0	0	0.27
277000	0.27	0.71	0.71	0	0	0.27
277100	0.27	0.71	0.71	0	0	0.27
277200	0.27	0.71	0.71	0	0	0.27
277300	0.27	0.71	0.71	0	0	0.27
277400	0.27	0.71	0.71	0	0	0.27
277500	0.27	0.71	0.71	0	0	0.27
277600	0.27	0.71	0.71	0	0	0.27
277700	0.27	0.71	0.71	0	0	0.27
277800	0.27	0.71	0.71	0	0	0.27
277900	0.27	0.71	0.71	0	0	0.27
278000	0.27	0.71	0.71	0	0	0.27
278100	0.27	0.71	0.71	0	0	0.27
278200	0.27	0.71	0.71	0	0	0.27
278300	0.27	0.71	0.71	0	0	0.27
278400	0.27	0.71	0.71	0	0	0.27
278500	0.27	0.71	0.71	0	0	0.27
278600	0.27	0.71	0.71	0	0	0.27
278700	0.27	0.71	0.71	0	0	0.27
278800	0.27	0.71	0.71	0	0	0.27
278900	0.27	0.71	0.71	0	0	0.27
279000	0.27	0.71	0.71	0	0	0.27
279100	0.27	0.71	0.71	0	0	0.27
279200	0.27	0.71	0.71	0	0	0.27
279300	0.27	0.71	0.71	0	0	0.27
279400	0.27	0.71	0.71	0	0	0.27
279500	0.27	0.71	0.71	0	0	0.27
279600	0.27	0.71	0.71	0	0	0.27
279700	0.27	0.71	0.71	0	0	0.27
279800	0.27	0.71	0.71	0	0	0.27
279900	0.27	0.71	0.71	0	0	0.27
280000	0.27	0.71	0.71	0	0	0.27
280100	0.27	0.71	0.71	0	0	0.27
280200	0.27	0.71	0.71	0	0	0.27
280300	0.27	0.71	0.71	0	0	0.27
280400	0.27	0.71	0.71	0	0	0.27
280500	0.27	0.71	0.71	0	0	0.27
280600	0.27	0.71	0.71	0	0	0.27
280700	0.27	0.71	0.71	0	0	0.27
280800	0.27	0.71	0.71	0	0	0.27
280900	0.27	0.71	0.71	0	0	0.27
281000	0.27	0.71	0.71	0	0	0.27
281100	0.27	0.71	0.71	0	0	0.27
281200	0.27	0.71	0.71	0	0	0.27
281300	0.27	0.71	0.71	0	0	0.27
281400	0.27	0.71	0.71	0	0	0.27
281500	0.27	0.71	0.71	0	0	0.27
281600	0.27	0.71	0.71	0	0	0.27
281700	0.27	0.71	0.71	0	0	0.27
281800	0.27	0.71	0.71	0	0	0.27
281900	0.27	0.71	0.71	0	0	0.27
282000	0.27	0.71	0.71	0	0	0.27
282100	0.27	0.71	0.71	0	0	0.27
282200	0.27	0.71	0.71	0	0	0.27
282300	0.27	0.71	0.71	0	0	0.27
282400	0.27	0.71	0.71	0	0	0.27
282500	0.27	0.71	0.71	0	0	0.27
282600	0.27	0.71	0.71	0	0	0.27
282700	0.27	0.71	0.71	0	0	0.27
282800	0.27	0.71	0.71	0	0	0.27
282900	0.27	0.71	0.71	0	0	0.27
283000	0.27	0.71	0.71	0	0	0.27
283100	0.27	0.71	0.71	0	0	0.27
283200	0.27	0.71	0.71	0	0	0.27
283300	0.27	0.71	0.71	0	0	0.27
283400	0.27	0.71	0.71	0	0	0.27
283500	0.27	0.71	0.71	0	0	0.27
283600	0.27	0.71	0.71	0	0	0.27
283700	0.27	0.71	0.71	0	0	0.27
283800	0.27	0.71	0.71	0	0	0.27
283900	0.27	0.71	0.71	0	0	0.27
284000	0.27	0.71	0.71	0	0	0.27
284100	0.27	0.71	0.71	0	0	0.27
284200	0.27	0.71	0.71	0	0	0.27
284300	0.27	0.71	0.71	0	0	0.27
284400	0.27	0.71	0.71	0	0	0.27
284500	0.27	0.71	0.71	0	0	0.27
284600	0.27	0.71	0.71	0	0	0.27
284700	0.27	0.71	0.71	0	0	0.27
284800	0.27	0.71	0.71	0	0	0.27
284900	0.27	0.71	0.71	0	0	0.27
285000	0.27	0.71	0.71	0	0	0.27
285100	0.27	0.71	0.71	0	0	0.27
285200	0.27	0.71	0.71	0	0	0.27
285300	0.27	0.71	0.71	0	0	0.27
285400	0.27	0.71	0.71	0	0	0.27
285500	0.27	0.71	0.71	0	0	0.27
285600	0.27	0.71	0.71	0	0	0.27
285700	0.27	0.71	0.71	0	0	0.27
285800	0.27	0.71	0.71	0	0	0.27
285900	0.27	0.71	0.71	0	0	0.27
286000	0.27	0.71	0.71	0	0	0.27
286100	0.27	0.71	0.71	0	0	0.27
286200	0.27	0.71	0.71	0	0	0.27
286300	0.27	0.71	0.71	0	0	0.27
286400	0.27	0.71	0.71	0	0	0.27
286500	0.27	0.71	0.71	0	0	0.27
286600	0.27	0.71	0.71	0	0	0.27
286700	0.27	0.71	0.71	0	0	0.27
286800	0.27	0.71	0.71	0	0	0.27
286900	0.27	0.71	0.71	0	0	0.27
287000	0.27	0.71	0.71	0	0	0.27
287100	0.27	0.71	0.71	0	0	0.27
287200	0.27	0.71	0.71	0	0	0.27
287300	0.27	0.71	0.71	0	0	0.27
287400	0.27	0.71	0.71	0	0	0.27
287500	0.27	0.71	0.71	0	0	0.27
287600	0.27	0.71	0.71	0	0	0.27
287700	0.27	0.71	0.71	0	0	0.27
287800	0.27	0.71	0.71	0	0	0.27
287900	0.27	0.71	0.71	0	0	0.27
288000	0.27	0.71	0.71	0	0	0.27
288100	0.27	0.71	0.71	0	0	0.27
288200	0.27	0.71	0.71	0	0	0.27
288300	0.27	0.71	0.71	0	0	0.27
288400	0.27	0.71	0.71	0	0	0.27
288500	0.27	0.71	0.71	0	0	0.27
288600	0.27	0.71	0.71	0	0	0.27
288700	0.27	0.71	0.71	0	0	0.27
288800	0.27	0.71	0.71	0	0	0.27
288900	0.27	0.71	0.71	0	0	0.27
289000	0.27	0.71	0.71	0	0	0.27
289100	0.27	0.71	0.71	0	0	0.27
289200	0.27	0.71	0.71	0	0	0.27
289300	0.27	0.71	0.71	0	0	0.27
289400	0.27	0.71	0.71	0	0	0.27
289500	0.27	0.71	0.71	0	0	0.27
289600	0.27	0.71	0.71	0	0	0.27
289700	0.27	0.71	0.71	0	0	0.27
289800	0.27	0.71	0.71	0	0	0.27
289900	0.27	0.71	0.71	0	0	0.27
290000	0.27	0.71	0.71	0	0	0.27
290100	0.27	0.71	0.71	0	0	0.27
290200	0.27	0.71	0.71	0	0	0.27
290300	0.27	0.71	0.71	0	0	0.27
290400	0.27	0.71	0.71	0	0	0.27
290500	0.27	0.71	0.71	0	0	0.27
290600	0.27	0.71	0.71	0	0	0.27
290700	0.27	0.71	0.71	0	0	0.27
290800	0.27	0.71	0.71	0	0	0.27
290900	0.27	0.71	0.71	0	0	0.27
291000	0.27	0.71	0.71	0	0	0.27
291100	0.27	0.71	0.71	0	0	0.27
291200	0.27	0.71	0.71	0	0	0.27
291300	0.27	0.71	0.71	0	0	0.27
291400	0.27	0.71	0.71	0	0	0.27
291500	0.27	0.71	0.71	0	0	0.27
291600	0.27	0.71	0.71	0	0	0.27
291700	0.27	0.71	0.71	0	0	0.27
291800	0.27	0.71	0.71	0	0	0.27
291900	0.27	0.71	0.71	0	0	0.27
292000	0.27	0.71	0.71	0	0	0.27
292100	0.27	0.71	0.71	0	0	0.27
292200	0.27	0.71	0.71	0	0	0.27
292300	0.27	0.71	0.71	0	0	0.27
292400	0.27	0.71	0.71	0	0	0.27
292500	0.27	0.71	0.71	0	0	0.27
292600	0.27	0.71	0.71	0	0	0.27
292700	0.27	0.71	0.71	0	0	0.27
292800	0.27	0.71	0.71	0	0	0.27
292900	0.27	0.71	0.71	0	0	0.27
293000	0.27	0.71	0.71	0	0	0.27
293100	0.27	0.71	0.71	0	0	0.27
293200	0.27	0.71	0.71	0	0	0.27
293300	0.27	0.71	0.71	0	0	0.27
293400	0.27	0.71	0.71	0	0	0.27
293500	0.27	0.71	0.71	0	0	0.27
293600	0.27	0.71	0.71	0	0	0.27
293700	0.27	0.71	0.71	0	0	0.27
293800	0.27	0.71	0.71	0	0	0.27
293900	0.27	0.71	0.71	0	0	0.27
294000	0.27	0.71	0.71	0	0	0.27
294100	0.27	0.71	0.71	0	0	0.27
294200	0.27	0.71	0.71	0	0	0.27
294300	0.27	0.71	0.71	0	0	0.27
294400	0.27	0.71	0.71	0	0	0.27
294500	0.27	0.71	0.71	0	0	0.27
294600	0.27	0.71	0.71	0	0	0.27
294700	0.27	0.71	0.71	0	0	0.27
294800	0.27	0.71	0.71	0	0	0.27
294900	0.27	0.71	0.71	0	0	0.27
295000	0.27	0.71	0.71	0	0	0.27
295100	0.27	0.71	0.71	0	0	0.27
295200	0.27	0.71	0.71	0	0	0.27
295300	0.27	0.71	0.71	0	0	0.27
295400	0.27	0.71	0.71	0	0	0.27
295500	0.27	0.71	0.71	0	0	0.27
295600	0.27	0.71	0.71	0	0	0.27
295700	0.27	0.71	0.71	0	0	0.27
295800	0.27	0.71	0.71	0	0	0.27
295900	0.27	0.71	0.71	0	0	0.27
296000	0.27	0.71	0.71	0	0	0.27
296100	0.27	0.71	0.71	0	0	0.27
296200	0.27	0.71	0.71	0	0	0.27
296300	0.27	0.71	0.71	0	0	0.27
296400	0.27	0.71	0.71	0	0	0.27
296500	0.27	0.71	0.71	0	0	0.27
296600	0.27	0.71	0.71	0	0	0.27
296700	0.27	0.71	0.71	0	0	0.27
296800	0.27	0.71	0.71	0	0	0.27
296900	0.27	0.71	0.71	0	0	0.27
297000	0.27	0.71	0.71	0	0	0.27
297100	0.27	0.71	0.71	0	0	0.27
297200	0.27	0.71	0.71	0	0	0.27
297300	0.27	0.71	0.71	0	0	0.27
297400	0.27	0.71	0.71	0	0	0.27
297500	0.27	0.71	0.71	0	0	0.27
297600	0.27	0.71	0.71	0	0	0.27
297700	0.27	0.71	0.71	0	0	0.27
297800	0.27	0.71	0.71	0	0	0.27
297900	0.27	0.71	0.71	0	0	0.27
298000	0.27	0.71	0.71	0	0	0.27
298100	0.27	0.71	0.71	0	0	0.27
298200	0.27	0.71	0.71	0	0	0.27
298300	0.27	0.71	0.71	0	0	0.27
298400	0.27	0.71	0.71	0	0	0.27
298500	0.27	0.71	0.71	0	0	0.27
298600	0.27	0.71	0.71	0	0	0.27
298700	0.27	0.71	0.71	0	0	0.27
298800	0.27	0.71	0.71	0	0	0.27
298900	0.27	0.71	0.71	0	0	0.27
299000	0.27	0.71	0.71	0	0	0.27
299100	0.27	0.71	0.71	0	0	0.27
299200	0.27	0.71	0.71	0	0	0.27
299300	0.27	0.71	0.71	0	0	0.27
299400	0.27	0.71	0.71	0	0	0.27
299500	0.27	0.71	0.71	0	0	0.27
299600	0.27	0.71	0.71	0	0	0.27
299700	0.27	0.71	0.71	0	0	0.27
299800	0.27	0.71	0.71	0	0	0.27
299900	0.27	0.71	0.71	0	0	0.27
300000	0.27	0.71	0.71	0	0	0.27
