100	0.05	0.06	0.06	0	0	0.05
200	0.04	0.05	0.05	0	0	0.04
300	0.04	0.07	0.07	0	0	0.04
400	0.05	0.06	0.06	0	0	0.05
500	0.03	0.05	0.05	0	0	0.03
600	0.02	0.06	0.06	0	0	0.02
700	0.02	0.05	0.05	0	0	0.02
800	0.04	0.07	0.07	0	0	0.04
900	0.03	0.07	0.07	0	0	0.03
1000	0.03	0.08	0.08	0	0	0.03
1100	0	0.09	0.09	0	0	0
1200	0.01	0.09	0.09	0	0	0.01
1300	0.01	0.09	0.09	0	0	0.01
1400	0	0.09	0.09	0	0	0
1500	0	0.09	0.09	0	0	0
1600	0	0.09	0.09	0	0	0
1700	0.02	0.1	0.1	0	0	0.02
1800	0.02	0.11	0.11	0	0	0.02
1900	0.02	0.11	0.11	0	0	0.02
2000	0.03	0.11	0.11	0	0	0.03
2100	0.04	0.12	0.12	0	0	0.04
2200	0.05	0.11	0.11	0	0	0.05
2300	0.05	0.12	0.12	0	0	0.05
2400	0.06	0.13	0.13	0	0	0.06
2500	0.07	0.14	0.14	0	0	0.07
2600	0.06	0.15	0.15	0	0	0.06
2700	0.07	0.15	0.15	0	0	0.07
2800	0.07	0.16	0.16	0	0	0.07
2900	0.06	0.17	0.17	0	0	0.06
3000	0.08	0.17	0.17	0	0	0.08
3100	0.09	0.17	0.17	0	0	0.09
3200	0.09	0.17	0.17	0	0	0.09
3300	0.09	0.18	0.18	0	0	0.09
3400	0.08	0.18	0.18	0	0	0.08
3500	0.06	0.18	0.18	0	0	0.06
3600	0.07	0.19	0.19	0	0	0.07
3700	0.06	0.2	0.2	0	0	0.06
3800	0.06	0.2	0.2	0	0	0.06
3900	0.07	0.19	0.19	0	0	0.07
4000	0.08	0.2	0.2	0	0	0.08
4100	0.07	0.2	0.2	0	0	0.07
4200	0.07	0.2	0.2	0	0	0.07
4300	0.06	0.21	0.21	0	0	0.06
4400	0.06	0.23	0.23	0	0	0.06
4500	0.06	0.22	0.22	0	0	0.06
4600	0.09	0.22	0.22	0	0	0.09
4700	0.1	0.23	0.23	0	0	0.1
4800	0.11	0.23	0.23	0	0	0.11
4900	0.1	0.23	0.23	0	0	0.1
5000	0.08	0.23	0.23	0	0	0.08
5100	0.08	0.23	0.23	0	0	0.08
5200	0.09	0.23	0.23	0	0	0.09
5300	0.09	0.23	0.23	0	0	0.09
5400	0.09	0.23	0.23	0	0	0.09
5500	0.09	0.23	0.23	0	0	0.09
5600	0.1	0.24	0.24	0	0	0.1
5700	0.11	0.24	0.24	0	0	0.11
5800	0.12	0.25	0.25	0	0	0.12
5900	0.13	0.25	0.25	0	0	0.13
6000	0.13	0.25	0.25	0	0	0.13
6100	0.12	0.25	0.25	0	0	0.12
6200	0.11	0.25	0.25	0	0	0.11
6300	0.1	0.26	0.26	0	0	0.1
6400	0.09	0.27	0.27	0	0	0.09
6500	0.09	0.27	0.27	0	0	0.09
6600	0.09	0.27	0.27	0	0	0.09
6700	0.09	0.27	0.27	0	0	0.09
6800	0.09	0.27	0.27	0	0	0.09
6900	0.09	0.28	0.28	0	0	0.09
7000	0.1	0.28	0.28	0	0	0.1
7100	0.1	0.28	0.28	0	0	0.1
7200	0.1	0.28	0.28	0	0	0.1
7300	0.13	0.28	0.28	0	0	0.13
7400	0.14	0.3	0.3	0	0	0.14
7500	0.14	0.31	0.31	0	0	0.14
7600	0.14	0.32	0.32	0	0	0.14
7700	0.14	0.32	0.32	0	0	0.14
7800	0.15	0.32	0.32	0	0	0.15
7900	0.16	0.32	0.32	0	0	0.16
8000	0.17	0.32	0.32	0	0	0.17
8100	0.17	0.33	0.33	0	0	0.17
8200	0.17	0.32	0.32	0	0	0.17
8300	0.2	0.32	0.32	0	0	0.2
8400	0.19	0.32	0.32	0	0	0.19
8500	0.18	0.32	0.32	0	0	0.18
8600	0.18	0.32	0.32	0	0	0.18
8700	0.2	0.33	0.33	0	0	0.2
8800	0.2	0.33	0.33	0	0	0.2
8900	0.19	0.33	0.33	0	0	0.19
9000	0.18	0.34	0.34	0	0	0.18
9100	0.19	0.34	0.34	0	0	0.19
9200	0.19	0.34	0.34	0	0	0.19
9300	0.2	0.34	0.34	0	0	0.2
9400	0.19	0.34	0.34	0	0	0.19
9500	0.21	0.35	0.35	0	0	0.21
9600	0.22	0.35	0.35	0	0	0.22
9700	0.22	0.35	0.35	0	0	0.22
9800	0.22	0.35	0.35	0	0	0.22
9900	0.22	0.36	0.36	0	0	0.22
10000	0.22	0.36	0.36	0	0	0.22
10100	0.22	0.36	0.36	0	0	0.22
10200	0.22	0.36	0.36	0	0	0.22
10300	0.23	0.36	0.36	0	0	0.23
10400	0.23	0.37	0.37	0	0	0.23
10500	0.23	0.37	0.37	0	0	0.23
10600	0.24	0.37	0.37	0	0	0.24
10700	0.24	0.37	0.37	0	0	0.24
10800	0.24	0.37	0.37	0	0	0.24
10900	0.24	0.37	0.37	0	0	0.24
11000	0.25	0.36	0.36	0	0	0.25
11100	0.26	0.36	0.36	0	0	0.26
11200	0.26	0.36	0.36	0	0	0.26
11300	0.26	0.36	0.36	0	0	0.26
11400	0.26	0.36	0.36	0	0	0.26
11500	0.26	0.36	0.36	0	0	0.26
11600	0.26	0.36	0.36	0	0	0.26
11700	0.27	0.36	0.36	0	0	0.27
11800	0.27	0.35	0.35	0	0	0.27
11900	0.27	0.35	0.35	0	0	0.27
12000	0.27	0.35	0.35	0	0	0.27
12100	0.27	0.35	0.35	0	0	0.27
12200	0.27	0.36	0.36	0	0	0.27
12300	0.28	0.37	0.37	0	0	0.28
12400	0.28	0.38	0.38	0	0	0.28
12500	0.27	0.37	0.37	0	0	0.27
12600	0.27	0.37	0.37	0	0	0.27
12700	0.28	0.37	0.37	0	0	0.28
12800	0.28	0.37	0.37	0	0	0.28
12900	0.27	0.36	0.36	0	0	0.27
13000	0.28	0.37	0.37	0	0	0.28
13100	0.27	0.37	0.37	0	0	0.27
13200	0.27	0.37	0.37	0	0	0.27
13300	0.27	0.37	0.37	0	0	0.27
13400	0.29	0.37	0.37	0	0	0.29
13500	0.29	0.37	0.37	0	0	0.29
13600	0.29	0.37	0.37	0	0	0.29
13700	0.29	0.37	0.37	0	0	0.29
13800	0.3	0.37	0.37	0	0	0.3
13900	0.31	0.38	0.38	0	0	0.31
14000	0.31	0.38	0.38	0	0	0.31
14100	0.32	0.38	0.38	0	0	0.32
14200	0.32	0.38	0.38	0	0	0.32
14300	0.33	0.38	0.38	0	0	0.33
14400	0.32	0.38	0.38	0	0	0.32
14500	0.32	0.38	0.38	0	0	0.32
14600	0.32	0.38	0.38	0	0	0.32
14700	0.32	0.38	0.38	0	0	0.32
14800	0.33	0.39	0.39	0	0	0.33
14900	0.33	0.4	0.4	0	0	0.33
15000	0.33	0.4	0.4	0	0	0.33
15100	0.33	0.4	0.4	0	0	0.33
15200	0.34	0.4	0.4	0	0	0.34
15300	0.34	0.4	0.4	0	0	0.34
15400	0.34	0.4	0.4	0	0	0.34
15500	0.34	0.4	0.4	0	0	0.34
15600	0.35	0.41	0.41	0	0	0.35
15700	0.35	0.41	0.41	0	0	0.35
15800	0.36	0.41	0.41	0	0	0.36
15900	0.36	0.41	0.41	0	0	0.36
16000	0.36	0.41	0.41	0	0	0.36
16100	0.36	0.4	0.4	0	0	0.36
16200	0.36	0.4	0.4	0	0	0.36
16300	0.36	0.4	0.4	0	0	0.36
16400	0.37	0.4	0.4	0	0	0.37
16500	0.37	0.4	0.4	0	0	0.37
16600	0.37	0.4	0.4	0	0	0.37
16700	0.37	0.41	0.41	0	0	0.37
16800	0.37	0.41	0.41	0	0	0.37
16900	0.37	0.41	0.41	0	0	0.37
17000	0.37	0.41	0.41	0	0	0.37
17100	0.37	0.41	0.41	0	0	0.37
17200	0.37	0.41	0.41	0	0	0.37
17300	0.37	0.41	0.41	0	0	0.37
17400	0.39	0.41	0.41	0	0	0.39
17500	0.38	0.41	0.41	0	0	0.38
17600	0.38	0.41	0.41	0	0	0.38
17700	0.37	0.41	0.41	0	0	0.37
17800	0.37	0.41	0.41	0	0	0.37
17900	0.37	0.41	0.41	0	0	0.37
18000	0.37	0.41	0.41	0	0	0.37
18100	0.37	0.42	0.42	0	0	0.37
18200	0.37	0.41	0.41	0	0	0.37
18300	0.37	0.41	0.41	0	0	0.37
18400	0.37	0.42	0.42	0	0	0.37
18500	0.37	0.42	0.42	0	0	0.37
18600	0.37	0.42	0.42	0	0	0.37
18700	0.37	0.42	0.42	0	0	0.37
18800	0.37	0.42	0.42	0	0	0.37
18900	0.39	0.42	0.42	0	0	0.39
19000	0.39	0.42	0.42	0	0	0.39
19100	0.39	0.42	0.42	0	0	0.39
19200	0.4	0.42	0.42	0	0	0.4
19300	0.39	0.42	0.42	0	0	0.39
19400	0.39	0.42	0.42	0	0	0.39
19500	0.39	0.42	0.42	0	0	0.39
19600	0.39	0.42	0.42	0	0	0.39
19700	0.39	0.42	0.42	0	0	0.39
19800	0.39	0.42	0.42	0	0	0.39
19900	0.39	0.42	0.42	0	0	0.39
20000	0.39	0.42	0.42	0	0	0.39
20100	0.39	0.42	0.42	0	0	0.39
20200	0.39	0.42	0.42	0	0	0.39
20300	0.39	0.42	0.42	0	0	0.39
20400	0.39	0.42	0.42	0	0	0.39
20500	0.39	0.43	0.43	0	0	0.39
20600	0.39	0.43	0.43	0	0	0.39
20700	0.39	0.43	0.43	0	0	0.39
20800	0.39	0.43	0.43	0	0	0.39
20900	0.39	0.43	0.43	0	0	0.39
21000	0.39	0.43	0.43	0	0	0.39
21100	0.39	0.43	0.43	0	0	0.39
21200	0.39	0.43	0.43	0	0	0.39
21300	0.39	0.43	0.43	0	0	0.39
21400	0.4	0.43	0.43	0	0	0.4
21500	0.4	0.43	0.43	0	0	0.4
21600	0.4	0.43	0.43	0	0	0.4
21700	0.4	0.43	0.43	0	0	0.4
21800	0.4	0.43	0.43	0	0	0.4
21900	0.4	0.43	0.43	0	0	0.4
22000	0.4	0.43	0.43	0	0	0.4
22100	0.41	0.43	0.43	0	0	0.41
22200	0.4	0.43	0.43	0	0	0.4
22300	0.4	0.43	0.43	0	0	0.4
22400	0.4	0.43	0.43	0	0	0.4
22500	0.4	0.43	0.43	0	0	0.4
22600	0.4	0.43	0.43	0	0	0.4
22700	0.41	0.43	0.43	0	0	0.41
22800	0.4	0.43	0.43	0	0	0.4
22900	0.4	0.43	0.43	0	0	0.4
23000	0.4	0.43	0.43	0	0	0.4
23100	0.4	0.43	0.43	0	0	0.4
23200	0.4	0.43	0.43	0	0	0.4
23300	0.41	0.43	0.43	0	0	0.41
23400	0.41	0.43	0.43	0	0	0.41
23500	0.41	0.43	0.43	0	0	0.41
23600	0.41	0.43	0.43	0	0	0.41
23700	0.41	0.43	0.43	0	0	0.41
23800	0.41	0.43	0.43	0	0	0.41
23900	0.41	0.43	0.43	0	0	0.41
24000	0.41	0.43	0.43	0	0	0.41
24100	0.41	0.43	0.43	0	0	0.41
24200	0.42	0.43	0.43	0	0	0.42
24300	0.42	0.43	0.43	0	0	0.42
24400	0.42	0.43	0.43	0	0	0.42
24500	0.42	0.43	0.43	0	0	0.42
24600	0.42	0.43	0.43	0	0	0.42
24700	0.42	0.43	0.43	0	0	0.42
24800	0.42	0.43	0.43	0	0	0.42
24900	0.42	0.43	0.43	0	0	0.42
25000	0.42	0.43	0.43	0	0	0.42
25100	0.42	0.43	0.43	0	0	0.42
25200	0.42	0.43	0.43	0	0	0.42
25300	0.42	0.43	0.43	0	0	0.42
25400	0.42	0.43	0.43	0	0	0.42
25500	0.42	0.44	0.44	0	0	0.42
25600	0.42	0.44	0.44	0	0	0.42
25700	0.42	0.44	0.44	0	0	0.42
25800	0.42	0.44	0.44	0	0	0.42
25900	0.41	0.44	0.44	0	0	0.41
26000	0.41	0.44	0.44	0	0	0.41
26100	0.41	0.44	0.44	0	0	0.41
26200	0.41	0.44	0.44	0	0	0.41
26300	0.41	0.45	0.45	0	0	0.41
26400	0.42	0.44	0.44	0	0	0.42
26500	0.42	0.45	0.45	0	0	0.42
26600	0.41	0.45	0.45	0	0	0.41
26700	0.41	0.45	0.45	0	0	0.41
26800	0.42	0.45	0.45	0	0	0.42
26900	0.42	0.45	0.45	0	0	0.42
27000	0.42	0.46	0.46	0	0	0.42
27100	0.42	0.46	0.46	0	0	0.42
27200	0.42	0.46	0.46	0	0	0.42
27300	0.43	0.46	0.46	0	0	0.43
27400	0.44	0.46	0.46	0	0	0.44
27500	0.44	0.46	0.46	0	0	0.44
27600	0.44	0.46	0.46	0	0	0.44
27700	0.44	0.46	0.46	0	0	0.44
27800	0.44	0.46	0.46	0	0	0.44
27900	0.44	0.46	0.46	0	0	0.44
28000	0.44	0.46	0.46	0	0	0.44
28100	0.45	0.46	0.46	0	0	0.45
28200	0.44	0.46	0.46	0	0	0.44
28300	0.44	0.46	0.46	0	0	0.44
28400	0.44	0.46	0.46	0	0	0.44
28500	0.44	0.46	0.46	0	0	0.44
28600	0.44	0.46	0.46	0	0	0.44
28700	0.44	0.46	0.46	0	0	0.44
28800	0.44	0.46	0.46	0	0	0.44
28900	0.44	0.46	0.46	0	0	0.44
29000	0.44	0.46	0.46	0	0	0.44
29100	0.44	0.46	0.46	0	0	0.44
29200	0.44	0.46	0.46	0	0	0.44
29300	0.44	0.46	0.46	0	0	0.44
29400	0.44	0.46	0.46	0	0	0.44
29500	0.44	0.46	0.46	0	0	0.44
29600	0.44	0.46	0.46	0	0	0.44
29700	0.44	0.46	0.46	0	0	0.44
29800	0.44	0.46	0.46	0	0	0.44
29900	0.44	0.46	0.46	0	0	0.44
30000	0.44	0.46	0.46	0	0	0.44
30100	0.44	0.46	0.46	0	0	0.44
30200	0.44	0.45	0.45	0	0	0.44
30300	0.44	0.45	0.45	0	0	0.44
30400	0.44	0.45	0.45	0	0	0.44
30500	0.44	0.45	0.45	0	0	0.44
30600	0.44	0.45	0.45	0	0	0.44
30700	0.44	0.45	0.45	0	0	0.44
30800	0.44	0.45	0.45	0	0	0.44
30900	0.44	0.45	0.45	0	0	0.44
31000	0.44	0.45	0.45	0	0	0.44
31100	0.44	0.45	0.45	0	0	0.44
31200	0.44	0.45	0.45	0	0	0.44
31300	0.44	0.45	0.45	0	0	0.44
31400	0.44	0.45	0.45	0	0	0.44
31500	0.44	0.45	0.45	0	0	0.44
31600	0.44	0.45	0.45	0	0	0.44
31700	0.44	0.45	0.45	0	0	0.44
31800	0.44	0.45	0.45	0	0	0.44
31900	0.44	0.45	0.45	0	0	0.44
32000	0.44	0.45	0.45	0	0	0.44
32100	0.44	0.45	0.45	0	0	0.44
32200	0.43	0.45	0.45	0	0	0.43
32300	0.43	0.45	0.45	0	0	0.43
32400	0.43	0.45	0.45	0	0	0.43
32500	0.44	0.45	0.45	0	0	0.44
32600	0.44	0.45	0.45	0	0	0.44
32700	0.44	0.45	0.45	0	0	0.44
32800	0.44	0.45	0.45	0	0	0.44
32900	0.44	0.45	0.45	0	0	0.44
33000	0.44	0.45	0.45	0	0	0.44
33100	0.44	0.45	0.45	0	0	0.44
33200	0.44	0.45	0.45	0	0	0.44
33300	0.44	0.45	0.45	0	0	0.44
33400	0.44	0.45	0.45	0	0	0.44
33500	0.44	0.45	0.45	0	0	0.44
33600	0.44	0.45	0.45	0	0	0.44
33700	0.44	0.45	0.45	0	0	0.44
33800	0.44	0.45	0.45	0	0	0.44
33900	0.44	0.45	0.45	0	0	0.44
34000	0.44	0.45	0.45	0	0	0.44
34100	0.44	0.45	0.45	0	0	0.44
34200	0.44	0.45	0.45	0	0	0.44
34300	0.44	0.45	0.45	0	0	0.44
34400	0.44	0.46	0.46	0	0	0.44
34500	0.44	0.46	0.46	0	0	0.44
34600	0.44	0.46	0.46	0	0	0.44
34700	0.44	0.46	0.46	0	0	0.44
34800	0.44	0.46	0.46	0	0	0.44
34900	0.44	0.46	0.46	0	0	0.44
35000	0.44	0.46	0.46	0	0	0.44
35100	0.44	0.46	0.46	0	0	0.44
35200	0.44	0.46	0.46	0	0	0.44
35300	0.44	0.46	0.46	0	0	0.44
35400	0.44	0.46	0.46	0	0	0.44
35500	0.45	0.46	0.46	0	0	0.45
35600	0.45	0.46	0.46	0	0	0.45
35700	0.45	0.46	0.46	0	0	0.45
35800	0.46	0.46	0.46	0	0	0.46
35900	0.45	0.46	0.46	0	0	0.45
36000	0.45	0.46	0.46	0	0	0.45
36100	0.45	0.46	0.46	0	0	0.45
36200	0.45	0.46	0.46	0	0	0.45
36300	0.45	0.46	0.46	0	0	0.45
36400	0.45	0.46	0.46	0	0	0.45
36500	0.45	0.46	0.46	0	0	0.45
36600	0.45	0.46	0.46	0	0	0.45
36700	0.45	0.46	0.46	0	0	0.45
36800	0.46	0.46	0.46	0	0	0.46
36900	0.46	0.46	0.46	0	0	0.46
37000	0.46	0.46	0.46	0	0	0.46
37100	0.46	0.46	0.46	0	0	0.46
37200	0.46	0.46	0.46	0	0	0.46
37300	0.46	0.46	0.46	0	0	0.46
37400	0.46	0.46	0.46	0	0	0.46
37500	0.46	0.46	0.46	0	0	0.46
37600	0.46	0.46	0.46	0	0	0.46
37700	0.46	0.46	0.46	0	0	0.46
37800	0.46	0.46	0.46	0	0	0.46
37900	0.46	0.46	0.46	0	0	0.46
38000	0.46	0.46	0.46	0	0	0.46
38100	0.46	0.46	0.46	0	0	0.46
38200	0.46	0.46	0.46	0	0	0.46
38300	0.46	0.46	0.46	0	0	0.46
38400	0.46	0.46	0.46	0	0	0.46
38500	0.46	0.46	0.46	0	0	0.46
38600	0.46	0.47	0.47	0	0	0.46
38700	0.46	0.47	0.47	0	0	0.46
38800	0.46	0.47	0.47	0	0	0.46
38900	0.46	0.47	0.47	0	0	0.46
39000	0.46	0.47	0.47	0	0	0.46
39100	0.46	0.47	0.47	0	0	0.46
39200	0.47	0.47	0.47	0	0	0.47
39300	0.46	0.48	0.48	0	0	0.46
39400	0.46	0.48	0.48	0	0	0.46
39500	0.46	0.48	0.48	0	0	0.46
39600	0.46	0.48	0.48	0	0	0.46
39700	0.46	0.48	0.48	0	0	0.46
39800	0.46	0.48	0.48	0	0	0.46
39900	0.46	0.48	0.48	0	0	0.46
40000	0.46	0.48	0.48	0	0	0.46
40100	0.47	0.48	0.48	0	0	0.47
40200	0.47	0.48	0.48	0	0	0.47
40300	0.47	0.48	0.48	0	0	0.47
40400	0.47	0.48	0.48	0	0	0.47
40500	0.47	0.48	0.48	0	0	0.47
40600	0.47	0.48	0.48	0	0	0.47
40700	0.47	0.48	0.48	0	0	0.47
40800	0.47	0.48	0.48	0	0	0.47
40900	0.47	0.48	0.48	0	0	0.47
41000	0.47	0.48	0.48	0	0	0.47
41100	0.47	0.48	0.48	0	0	0.47
41200	0.47	0.48	0.48	0	0	0.47
41300	0.47	0.48	0.48	0	0	0.47
41400	0.47	0.48	0.48	0	0	0.47
41500	0.47	0.48	0.48	0	0	0.47
41600	0.47	0.48	0.48	0	0	0.47
41700	0.47	0.49	0.49	0	0	0.47
41800	0.47	0.47	0.47	0	0	0.47
41900	0.47	0.47	0.47	0	0	0.47
42000	0.47	0.47	0.47	0	0	0.47
42100	0.47	0.47	0.47	0	0	0.47
42200	0.47	0.47	0.47	0	0	0.47
42300	0.47	0.47	0.47	0	0	0.47
42400	0.47	0.47	0.47	0	0	0.47
42500	0.47	0.48	0.48	0	0	0.47
42600	0.47	0.48	0.48	0	0	0.47
42700	0.48	0.48	0.48	0	0	0.48
42800	0.48	0.48	0.48	0	0	0.48
42900	0.48	0.49	0.49	0	0	0.48
43000	0.48	0.49	0.49	0	0	0.48
43100	0.48	0.49	0.49	0	0	0.48
43200	0.48	0.49	0.49	0	0	0.48
43300	0.48	0.49	0.49	0	0	0.48
43400	0.48	0.49	0.49	0	0	0.48
43500	0.48	0.49	0.49	0	0	0.48
43600	0.48	0.49	0.49	0	0	0.48
43700	0.49	0.49	0.49	0	0	0.49
43800	0.48	0.49	0.49	0	0	0.48
43900	0.48	0.49	0.49	0	0	0.48
44000	0.48	0.49	0.49	0	0	0.48
44100	0.48	0.49	0.49	0	0	0.48
44200	0.48	0.49	0.49	0	0	0.48
44300	0.48	0.49	0.49	0	0	0.48
44400	0.48	0.49	0.49	0	0	0.48
44500	0.49	0.49	0.49	0	0	0.49
44600	0.49	0.49	0.49	0	0	0.49
44700	0.49	0.49	0.49	0	0	0.49
44800	0.48	0.49	0.49	0	0	0.48
44900	0.48	0.49	0.49	0	0	0.48
45000	0.48	0.49	0.49	0	0	0.48
45100	0.48	0.49	0.49	0	0	0.48
45200	0.48	0.49	0.49	0	0	0.48
45300	0.48	0.49	0.49	0	0	0.48
45400	0.48	0.49	0.49	0	0	0.48
45500	0.48	0.49	0.49	0	0	0.48
45600	0.48	0.49	0.49	0	0	0.48
45700	0.48	0.49	0.49	0	0	0.48
45800	0.48	0.49	0.49	0	0	0.48
45900	0.48	0.49	0.49	0	0	0.48
46000	0.48	0.49	0.49	0	0	0.48
46100	0.48	0.49	0.49	0	0	0.48
46200	0.48	0.49	0.49	0	0	0.48
46300	0.48	0.49	0.49	0	0	0.48
46400	0.49	0.49	0.49	0	0	0.49
46500	0.48	0.49	0.49	0	0	0.48
46600	0.48	0.49	0.49	0	0	0.48
46700	0.48	0.49	0.49	0	0	0.48
46800	0.48	0.49	0.49	0	0	0.48
46900	0.49	0.49	0.49	0	0	0.49
47000	0.49	0.49	0.49	0	0	0.49
47100	0.49	0.49	0.49	0	0	0.49
47200	0.49	0.49	0.49	0	0	0.49
47300	0.49	0.49	0.49	0	0	0.49
47400	0.49	0.49	0.49	0	0	0.49
47500	0.49	0.49	0.49	0	0	0.49
47600	0.49	0.49	0.49	0	0	0.49
47700	0.49	0.49	0.49	0	0	0.49
47800	0.49	0.49	0.49	0	0	0.49
47900	0.49	0.49	0.49	0	0	0.49
48000	0.49	0.49	0.49	0	0	0.49
48100	0.49	0.5	0.5	0	0	0.49
48200	0.49	0.5	0.5	0	0	0.49
48300	0.49	0.5	0.5	0	0	0.49
48400	0.49	0.5	0.5	0	0	0.49
48500	0.49	0.5	0.5	0	0	0.49
48600	0.49	0.5	0.5	0	0	0.49
48700	0.49	0.5	0.5	0	0	0.49
48800	0.49	0.5	0.5	0	0	0.49
48900	0.49	0.5	0.5	0	0	0.49
49000	0.49	0.5	0.5	0	0	0.49
49100	0.49	0.5	0.5	0	0	0.49
49200	0.49	0.5	0.5	0	0	0.49
49300	0.49	0.5	0.5	0	0	0.49
49400	0.49	0.5	0.5	0	0	0.49
49500	0.49	0.5	0.5	0	0	0.49
49600	0.49	0.5	0.5	0	0	0.49
49700	0.49	0.5	0.5	0	0	0.49
49800	0.49	0.5	0.5	0	0	0.49
49900	0.49	0.5	0.5	0	0	0.49
50000	0.49	0.5	0.5	0	0	0.49
50100	0.49	0.5	0.5	0	0	0.49
50200	0.49	0.5	0.5	0	0	0.49
50300	0.49	0.5	0.5	0	0	0.49
50400	0.49	0.5	0.5	0	0	0.49
50500	0.49	0.5	0.5	0	0	0.49
50600	0.49	0.5	0.5	0	0	0.49
50700	0.49	0.5	0.5	0	0	0.49
50800	0.49	0.5	0.5	0	0	0.49
50900	0.49	0.5	0.5	0	0	0.49
51000	0.49	0.5	0.5	0	0	0.49
51100	0.49	0.5	0.5	0	0	0.49
51200	0.49	0.5	0.5	0	0	0.49
51300	0.49	0.5	0.5	0	0	0.49
51400	0.49	0.5	0.5	0	0	0.49
51500	0.49	0.5	0.5	0	0	0.49
51600	0.49	0.5	0.5	0	0	0.49
51700	0.49	0.5	0.5	0	0	0.49
51800	0.49	0.5	0.5	0	0	0.49
51900	0.49	0.5	0.5	0	0	0.49
52000	0.49	0.5	0.5	0	0	0.49
52100	0.49	0.5	0.5	0	0	0.49
52200	0.49	0.5	0.5	0	0	0.49
52300	0.49	0.5	0.5	0	0	0.49
52400	0.49	0.5	0.5	0	0	0.49
52500	0.49	0.5	0.5	0	0	0.49
52600	0.49	0.5	0.5	0	0	0.49
52700	0.49	0.5	0.5	0	0	0.49
52800	0.49	0.5	0.5	0	0	0.49
52900	0.49	0.5	0.5	0	0	0.49
53000	0.49	0.5	0.5	0	0	0.49
53100	0.49	0.5	0.5	0	0	0.49
53200	0.49	0.5	0.5	0	0	0.49
53300	0.49	0.5	0.5	0	0	0.49
53400	0.49	0.5	0.5	0	0	0.49
53500	0.49	0.5	0.5	0	0	0.49
53600	0.49	0.5	0.5	0	0	0.49
53700	0.49	0.5	0.5	0	0	0.49
53800	0.49	0.5	0.5	0	0	0.49
53900	0.49	0.5	0.5	0	0	0.49
54000	0.49	0.5	0.5	0	0	0.49
54100	0.49	0.5	0.5	0	0	0.49
54200	0.49	0.5	0.5	0	0	0.49
54300	0.49	0.5	0.5	0	0	0.49
54400	0.49	0.5	0.5	0	0	0.49
54500	0.49	0.5	0.5	0	0	0.49
54600	0.49	0.5	0.5	0	0	0.49
54700	0.49	0.5	0.5	0	0	0.49
54800	0.49	0.5	0.5	0	0	0.49
54900	0.49	0.5	0.5	0	0	0.49
55000	0.49	0.5	0.5	0	0	0.49
55100	0.49	0.5	0.5	0	0	0.49
55200	0.49	0.5	0.5	0	0	0.49
55300	0.49	0.5	0.5	0	0	0.49
55400	0.49	0.5	0.5	0	0	0.49
55500	0.49	0.5	0.5	0	0	0.49
55600	0.49	0.5	0.5	0	0	0.49
55700	0.49	0.5	0.5	0	0	0.49
55800	0.49	0.5	0.5	0	0	0.49
55900	0.48	0.5	0.5	0	0	0.48
56000	0.48	0.5	0.5	0	0	0.48
56100	0.48	0.5	0.5	0	0	0.48
56200	0.48	0.5	0.5	0	0	0.48
56300	0.48	0.5	0.5	0	0	0.48
56400	0.48	0.5	0.5	0	0	0.48
56500	0.48	0.5	0.5	0	0	0.48
56600	0.48	0.5	0.5	0	0	0.48
56700	0.49	0.5	0.5	0	0	0.49
56800	0.49	0.5	0.5	0	0	0.49
56900	0.49	0.5	0.5	0	0	0.49
57000	0.49	0.5	0.5	0	0	0.49
57100	0.49	0.5	0.5	0	0	0.49
57200	0.49	0.5	0.5	0	0	0.49
57300	0.49	0.5	0.5	0	0	0.49
57400	0.49	0.5	0.5	0	0	0.49
57500	0.49	0.5	0.5	0	0	0.49
57600	0.49	0.5	0.5	0	0	0.49
57700	0.49	0.5	0.5	0	0	0.49
57800	0.49	0.5	0.5	0	0	0.49
57900	0.49	0.5	0.5	0	0	0.49
58000	0.49	0.5	0.5	0	0	0.49
58100	0.49	0.5	0.5	0	0	0.49
58200	0.49	0.5	0.5	0	0	0.49
58300	0.49	0.5	0.5	0	0	0.49
58400	0.49	0.5	0.5	0	0	0.49
58500	0.49	0.5	0.5	0	0	0.49
58600	0.49	0.5	0.5	0	0	0.49
58700	0.49	0.5	0.5	0	0	0.49
58800	0.49	0.5	0.5	0	0	0.49
58900	0.49	0.5	0.5	0	0	0.49
59000	0.49	0.5	0.5	0	0	0.49
59100	0.49	0.5	0.5	0	0	0.49
59200	0.49	0.5	0.5	0	0	0.49
59300	0.49	0.5	0.5	0	0	0.49
59400	0.49	0.5	0.5	0	0	0.49
59500	0.5	0.5	0.5	0	0	0.5
59600	0.5	0.5	0.5	0	0	0.5
59700	0.5	0.5	0.5	0	0	0.5
59800	0.5	0.5	0.5	0	0	0.5
59900	0.5	0.5	0.5	0	0	0.5
60000	0.5	0.5	0.5	0	0	0.5
60100	0.5	0.5	0.5	0	0	0.5
60200	0.5	0.5	0.5	0	0	0.5
60300	0.5	0.5	0.5	0	0	0.5
60400	0.5	0.5	0.5	0	0	0.5
60500	0.5	0.5	0.5	0	0	0.5
60600	0.5	0.5	0.5	0	0	0.5
60700	0.5	0.5	0.5	0	0	0.5
60800	0.5	0.5	0.5	0	0	0.5
60900	0.5	0.5	0.5	0	0	0.5
61000	0.5	0.5	0.5	0	0	0.5
61100	0.5	0.5	0.5	0	0	0.5
61200	0.5	0.5	0.5	0	0	0.5
61300	0.5	0.5	0.5	0	0	0.5
61400	0.5	0.5	0.5	0	0	0.5
61500	0.5	0.5	0.5	0	0	0.5
61600	0.5	0.5	0.5	0	0	0.5
61700	0.5	0.5	0.5	0	0	0.5
61800	0.5	0.5	0.5	0	0	0.5
61900	0.5	0.5	0.5	0	0	0.5
62000	0.5	0.5	0.5	0	0	0.5
62100	0.5	0.5	0.5	0	0	0.5
62200	0.5	0.5	0.5	0	0	0.5
62300	0.5	0.5	0.5	0	0	0.5
62400	0.5	0.5	0.5	0	0	0.5
62500	0.5	0.5	0.5	0	0	0.5
62600	0.5	0.5	0.5	0	0	0.5
62700	0.5	0.5	0.5	0	0	0.5
62800	0.5	0.5	0.5	0	0	0.5
62900	0.5	0.5	0.5	0	0	0.5
63000	0.5	0.5	0.5	0	0	0.5
63100	0.5	0.5	0.5	0	0	0.5
63200	0.5	0.5	0.5	0	0	0.5
63300	0.5	0.5	0.5	0	0	0.5
63400	0.5	0.5	0.5	0	0	0.5
63500	0.5	0.5	0.5	0	0	0.5
63600	0.5	0.5	0.5	0	0	0.5
63700	0.5	0.5	0.5	0	0	0.5
63800	0.5	0.5	0.5	0	0	0.5
63900	0.5	0.5	0.5	0	0	0.5
64000	0.5	0.5	0.5	0	0	0.5
64100	0.5	0.5	0.5	0	0	0.5
64200	0.5	0.5	0.5	0	0	0.5
64300	0.5	0.5	0.5	0	0	0.5
64400	0.5	0.5	0.5	0	0	0.5
64500	0.5	0.5	0.5	0	0	0.5
64600	0.5	0.5	0.5	0	0	0.5
64700	0.5	0.5	0.5	0	0	0.5
64800	0.5	0.5	0.5	0	0	0.5
64900	0.5	0.5	0.5	0	0	0.5
65000	0.5	0.5	0.5	0	0	0.5
65100	0.5	0.5	0.5	0	0	0.5
65200	0.5	0.5	0.5	0	0	0.5
65300	0.5	0.5	0.5	0	0	0.5
65400	0.5	0.5	0.5	0	0	0.5
65500	0.5	0.5	0.5	0	0	0.5
65600	0.5	0.5	0.5	0	0	0.5
65700	0.5	0.5	0.5	0	0	0.5
65800	0.5	0.5	0.5	0	0	0.5
65900	0.5	0.5	0.5	0	0	0.5
66000	0.5	0.5	0.5	0	0	0.5
66100	0.5	0.5	0.5	0	0	0.5
66200	0.5	0.5	0.5	0	0	0.5
66300	0.5	0.5	0.5	0	0	0.5
66400	0.5	0.5	0.5	0	0	0.5
66500	0.5	0.5	0.5	0	0	0.5
66600	0.5	0.5	0.5	0	0	0.5
66700	0.5	0.5	0.5	0	0	0.5
66800	0.5	0.5	0.5	0	0	0.5
66900	0.5	0.5	0.5	0	0	0.5
67000	0.5	0.5	0.5	0	0	0.5
67100	0.5	0.5	0.5	0	0	0.5
67200	0.5	0.5	0.5	0	0	0.5
67300	0.5	0.5	0.5	0	0	0.5
67400	0.5	0.5	0.5	0	0	0.5
67500	0.5	0.5	0.5	0	0	0.5
67600	0.5	0.5	0.5	0	0	0.5
67700	0.5	0.5	0.5	0	0	0.5
67800	0.5	0.5	0.5	0	0	0.5
67900	0.5	0.5	0.5	0	0	0.5
68000	0.5	0.5	0.5	0	0	0.5
68100	0.5	0.5	0.5	0	0	0.5
68200	0.5	0.5	0.5	0	0	0.5
68300	0.5	0.5	0.5	0	0	0.5
68400	0.5	0.5	0.5	0	0	0.5
68500	0.5	0.5	0.5	0	0	0.5
68600	0.5	0.5	0.5	0	0	0.5
68700	0.5	0.5	0.5	0	0	0.5
68800	0.5	0.5	0.5	0	0	0.5
68900	0.5	0.5	0.5	0	0	0.5
69000	0.5	0.5	0.5	0	0	0.5
69100	0.5	0.5	0.5	0	0	0.5
69200	0.5	0.5	0.5	0	0	0.5
69300	0.5	0.5	0.5	0	0	0.5
69400	0.5	0.5	0.5	0	0	0.5
69500	0.5	0.5	0.5	0	0	0.5
69600	0.5	0.5	0.5	0	0	0.5
69700	0.5	0.5	0.5	0	0	0.5
69800	0.5	0.5	0.5	0	0	0.5
69900	0.5	0.5	0.5	0	0	0.5
70000	0.5	0.5	0.5	0	0	0.5
70100	0.5	0.5	0.5	0	0	0.5
70200	0.5	0.5	0.5	0	0	0.5
70300	0.5	0.5	0.5	0	0	0.5
70400	0.5	0.5	0.5	0	0	0.5
70500	0.5	0.5	0.5	0	0	0.5
70600	0.5	0.5	0.5	0	0	0.5
70700	0.5	0.5	0.5	0	0	0.5
70800	0.5	0.5	0.5	0	0	0.5
70900	0.5	0.5	0.5	0	0	0.5
71000	0.5	0.5	0.5	0	0	0.5
71100	0.5	0.5	0.5	0	0	0.5
71200	0.5	0.5	0.5	0	0	0.5
71300	0.5	0.5	0.5	0	0	0.5
71400	0.5	0.5	0.5	0	0	0.5
71500	0.5	0.5	0.5	0	0	0.5
71600	0.5	0.5	0.5	0	0	0.5
71700	0.5	0.5	0.5	0	0	0.5
71800	0.5	0.5	0.5	0	0	0.5
71900	0.5	0.5	0.5	0	0	0.5
72000	0.5	0.5	0.5	0	0	0.5
72100	0.5	0.5	0.5	0	0	0.5
72200	0.5	0.5	0.5	0	0	0.5
72300	0.5	0.5	0.5	0	0	0.5
72400	0.5	0.5	0.5	0	0	0.5
72500	0.5	0.5	0.5	0	0	0.5
72600	0.5	0.5	0.5	0	0	0.5
72700	0.5	0.5	0.5	0	0	0.5
72800	0.5	0.5	0.5	0	0	0.5
72900	0.5	0.5	0.5	0	0	0.5
73000	0.5	0.5	0.5	0	0	0.5
73100	0.5	0.5	0.5	0	0	0.5
73200	0.5	0.5	0.5	0	0	0.5
73300	0.5	0.5	0.5	0	0	0.5
73400	0.5	0.5	0.5	0	0	0.5
73500	0.5	0.5	0.5	0	0	0.5
73600	0.5	0.5	0.5	0	0	0.5
73700	0.5	0.5	0.5	0	0	0.5
73800	0.5	0.5	0.5	0	0	0.5
73900	0.5	0.5	0.5	0	0	0.5
74000	0.5	0.5	0.5	0	0	0.5
74100	0.5	0.5	0.5	0	0	0.5
74200	0.5	0.5	0.5	0	0	0.5
74300	0.5	0.5	0.5	0	0	0.5
74400	0.5	0.5	0.5	0	0	0.5
74500	0.5	0.5	0.5	0	0	0.5
74600	0.5	0.5	0.5	0	0	0.5
74700	0.5	0.5	0.5	0	0	0.5
74800	0.5	0.5	0.5	0	0	0.5
74900	0.5	0.5	0.5	0	0	0.5
75000	0.5	0.5	0.5	0	0	0.5
75100	0.5	0.5	0.5	0	0	0.5
75200	0.5	0.5	0.5	0	0	0.5
75300	0.5	0.5	0.5	0	0	0.5
75400	0.5	0.5	0.5	0	0	0.5
75500	0.5	0.5	0.5	0	0	0.5
75600	0.5	0.5	0.5	0	0	0.5
75700	0.5	0.5	0.5	0	0	0.5
75800	0.5	0.5	0.5	0	0	0.5
75900	0.5	0.5	0.5	0	0	0.5
76000	0.5	0.5	0.5	0	0	0.5
76100	0.5	0.5	0.5	0	0	0.5
76200	0.5	0.5	0.5	0	0	0.5
76300	0.5	0.5	0.5	0	0	0.5
76400	0.5	0.5	0.5	0	0	0.5
76500	0.5	0.5	0.5	0	0	0.5
76600	0.5	0.5	0.5	0	0	0.5
76700	0.5	0.5	0.5	0	0	0.5
76800	0.5	0.5	0.5	0	0	0.5
76900	0.5	0.5	0.5	0	0	0.5
77000	0.5	0.5	0.5	0	0	0.5
77100	0.5	0.5	0.5	0	0	0.5
77200	0.5	0.5	0.5	0	0	0.5
77300	0.5	0.5	0.5	0	0	0.5
77400	0.5	0.5	0.5	0	0	0.5
77500	0.5	0.5	0.5	0	0	0.5
77600	0.5	0.5	0.5	0	0	0.5
77700	0.5	0.5	0.5	0	0	0.5
77800	0.5	0.5	0.5	0	0	0.5
77900	0.5	0.5	0.5	0	0	0.5
78000	0.5	0.5	0.5	0	0	0.5
78100	0.5	0.5	0.5	0	0	0.5
78200	0.5	0.5	0.5	0	0	0.5
78300	0.5	0.5	0.5	0	0	0.5
78400	0.5	0.5	0.5	0	0	0.5
78500	0.5	0.5	0.5	0	0	0.5
78600	0.5	0.5	0.5	0	0	0.5
78700	0.5	0.5	0.5	0	0	0.5
78800	0.5	0.5	0.5	0	0	0.5
78900	0.5	0.5	0.5	0	0	0.5
79000	0.5	0.5	0.5	0	0	0.5
79100	0.5	0.5	0.5	0	0	0.5
79200	0.5	0.5	0.5	0	0	0.5
79300	0.5	0.5	0.5	0	0	0.5
79400	0.5	0.5	0.5	0	0	0.5
79500	0.5	0.5	0.5	0	0	0.5
79600	0.5	0.5	0.5	0	0	0.5
79700	0.5	0.5	0.5	0	0	0.5
79800	0.5	0.5	0.5	0	0	0.5
79900	0.5	0.5	0.5	0	0	0.5
80000	0.5	0.5	0.5	0	0	0.5
80100	0.5	0.5	0.5	0	0	0.5
80200	0.5	0.5	0.5	0	0	0.5
80300	0.5	0.5	0.5	0	0	0.5
80400	0.5	0.5	0.5	0	0	0.5
80500	0.5	0.5	0.5	0	0	0.5
80600	0.5	0.5	0.5	0	0	0.5
80700	0.5	0.5	0.5	0	0	0.5
80800	0.5	0.5	0.5	0	0	0.5
80900	0.5	0.5	0.5	0	0	0.5
81000	0.5	0.5	0.5	0	0	0.5
81100	0.5	0.5	0.5	0	0	0.5
81200	0.5	0.5	0.5	0	0	0.5
81300	0.5	0.5	0.5	0	0	0.5
81400	0.5	0.5	0.5	0	0	0.5
81500	0.5	0.5	0.5	0	0	0.5
81600	0.5	0.5	0.5	0	0	0.5
81700	0.5	0.5	0.5	0	0	0.5
81800	0.5	0.5	0.5	0	0	0.5
81900	0.5	0.5	0.5	0	0	0.5
82000	0.5	0.5	0.5	0	0	0.5
82100	0.5	0.5	0.5	0	0	0.5
82200	0.5	0.5	0.5	0	0	0.5
82300	0.5	0.5	0.5	0	0	0.5
82400	0.5	0.5	0.5	0	0	0.5
82500	0.5	0.5	0.5	0	0	0.5
82600	0.5	0.5	0.5	0	0	0.5
82700	0.5	0.5	0.5	0	0	0.5
82800	0.5	0.5	0.5	0	0	0.5
82900	0.5	0.5	0.5	0	0	0.5
83000	0.5	0.5	0.5	0	0	0.5
83100	0.49	0.49	0.49	0	0	0.49
83200	0.49	0.49	0.49	0	0	0.49
83300	0.49	0.49	0.49	0	0	0.49
83400	0.49	0.49	0.49	0	0	0.49
83500	0.49	0.49	0.49	0	0	0.49
83600	0.49	0.49	0.49	0	0	0.49
83700	0.49	0.49	0.49	0	0	0.49
83800	0.49	0.49	0.49	0	0	0.49
83900	0.49	0.49	0.49	0	0	0.49
84000	0.49	0.49	0.49	0	0	0.49
84100	0.49	0.49	0.49	0	0	0.49
84200	0.49	0.49	0.49	0	0	0.49
84300	0.49	0.49	0.49	0	0	0.49
84400	0.49	0.49	0.49	0	0	0.49
84500	0.49	0.49	0.49	0	0	0.49
84600	0.49	0.49	0.49	0	0	0.49
84700	0.49	0.49	0.49	0	0	0.49
84800	0.49	0.49	0.49	0	0	0.49
84900	0.49	0.49	0.49	0	0	0.49
85000	0.49	0.49	0.49	0	0	0.49
85100	0.49	0.49	0.49	0	0	0.49
85200	0.49	0.49	0.49	0	0	0.49
85300	0.49	0.49	0.49	0	0	0.49
85400	0.49	0.49	0.49	0	0	0.49
85500	0.49	0.49	0.49	0	0	0.49
85600	0.49	0.49	0.49	0	0	0.49
85700	0.49	0.49	0.49	0	0	0.49
85800	0.48	0.49	0.49	0	0	0.48
85900	0.48	0.49	0.49	0	0	0.48
86000	0.48	0.49	0.49	0	0	0.48
86100	0.48	0.49	0.49	0	0	0.48
86200	0.48	0.49	0.49	0	0	0.48
86300	0.48	0.49	0.49	0	0	0.48
86400	0.48	0.49	0.49	0	0	0.48
86500	0.48	0.49	0.49	0	0	0.48
86600	0.48	0.49	0.49	0	0	0.48
86700	0.48	0.49	0.49	0	0	0.48
86800	0.48	0.49	0.49	0	0	0.48
86900	0.48	0.49	0.49	0	0	0.48
87000	0.48	0.49	0.49	0	0	0.48
87100	0.48	0.49	0.49	0	0	0.48
87200	0.48	0.49	0.49	0	0	0.48
87300	0.48	0.49	0.49	0	0	0.48
87400	0.48	0.49	0.49	0	0	0.48
87500	0.48	0.49	0.49	0	0	0.48
87600	0.48	0.49	0.49	0	0	0.48
87700	0.48	0.49	0.49	0	0	0.48
87800	0.48	0.49	0.49	0	0	0.48
87900	0.48	0.49	0.49	0	0	0.48
88000	0.49	0.49	0.49	0	0	0.49
88100	0.49	0.49	0.49	0	0	0.49
88200	0.49	0.49	0.49	0	0	0.49
88300	0.49	0.49	0.49	0	0	0.49
88400	0.49	0.49	0.49	0	0	0.49
88500	0.49	0.49	0.49	0	0	0.49
88600	0.49	0.49	0.49	0	0	0.49
88700	0.49	0.49	0.49	0	0	0.49
88800	0.49	0.49	0.49	0	0	0.49
88900	0.49	0.49	0.49	0	0	0.49
89000	0.49	0.49	0.49	0	0	0.49
89100	0.49	0.49	0.49	0	0	0.49
89200	0.49	0.49	0.49	0	0	0.49
89300	0.49	0.49	0.49	0	0	0.49
89400	0.49	0.49	0.49	0	0	0.49
89500	0.49	0.49	0.49	0	0	0.49
89600	0.49	0.49	0.49	0	0	0.49
89700	0.49	0.49	0.49	0	0	0.49
89800	0.49	0.49	0.49	0	0	0.49
89900	0.49	0.49	0.49	0	0	0.49
90000	0.49	0.49	0.49	0	0	0.49
90100	0.49	0.49	0.49	0	0	0.49
90200	0.49	0.49	0.49	0	0	0.49
90300	0.49	0.49	0.49	0	0	0.49
90400	0.49	0.49	0.49	0	0	0.49
90500	0.49	0.49	0.49	0	0	0.49
90600	0.49	0.49	0.49	0	0	0.49
90700	0.49	0.49	0.49	0	0	0.49
90800	0.49	0.49	0.49	0	0	0.49
90900	0.49	0.49	0.49	0	0	0.49
91000	0.49	0.49	0.49	0	0	0.49
91100	0.49	0.49	0.49	0	0	0.49
91200	0.49	0.49	0.49	0	0	0.49
91300	0.49	0.49	0.49	0	0	0.49
91400	0.49	0.49	0.49	0	0	0.49
91500	0.49	0.49	0.49	0	0	0.49
91600	0.49	0.49	0.49	0	0	0.49
91700	0.49	0.49	0.49	0	0	0.49
91800	0.49	0.49	0.49	0	0	0.49
91900	0.49	0.49	0.49	0	0	0.49
92000	0.49	0.49	0.49	0	0	0.49
92100	0.49	0.5	0.5	0	0	0.49
92200	0.49	0.5	0.5	0	0	0.49
92300	0.49	0.5	0.5	0	0	0.49
92400	0.49	0.5	0.5	0	0	0.49
92500	0.49	0.5	0.5	0	0	0.49
92600	0.49	0.5	0.5	0	0	0.49
92700	0.49	0.5	0.5	0	0	0.49
92800	0.49	0.5	0.5	0	0	0.49
92900	0.49	0.5	0.5	0	0	0.49
93000	0.49	0.5	0.5	0	0	0.49
93100	0.49	0.5	0.5	0	0	0.49
93200	0.49	0.5	0.5	0	0	0.49
93300	0.49	0.5	0.5	0	0	0.49
93400	0.49	0.5	0.5	0	0	0.49
93500	0.49	0.5	0.5	0	0	0.49
93600	0.49	0.5	0.5	0	0	0.49
93700	0.49	0.5	0.5	0	0	0.49
93800	0.48	0.5	0.5	0	0	0.48
93900	0.48	0.5	0.5	0	0	0.48
94000	0.48	0.5	0.5	0	0	0.48
94100	0.48	0.5	0.5	0	0	0.48
94200	0.48	0.5	0.5	0	0	0.48
94300	0.48	0.5	0.5	0	0	0.48
94400	0.47	0.5	0.5	0	0	0.47
94500	0.47	0.5	0.5	0	0	0.47
94600	0.47	0.5	0.5	0	0	0.47
94700	0.47	0.5	0.5	0	0	0.47
94800	0.47	0.5	0.5	0	0	0.47
94900	0.47	0.5	0.5	0	0	0.47
95000	0.47	0.5	0.5	0	0	0.47
95100	0.47	0.5	0.5	0	0	0.47
95200	0.47	0.5	0.5	0	0	0.47
95300	0.48	0.5	0.5	0	0	0.48
95400	0.47	0.5	0.5	0	0	0.47
95500	0.47	0.5	0.5	0	0	0.47
95600	0.47	0.5	0.5	0	0	0.47
95700	0.47	0.5	0.5	0	0	0.47
95800	0.47	0.5	0.5	0	0	0.47
95900	0.47	0.5	0.5	0	0	0.47
96000	0.47	0.5	0.5	0	0	0.47
96100	0.47	0.5	0.5	0	0	0.47
96200	0.47	0.5	0.5	0	0	0.47
96300	0.47	0.5	0.5	0	0	0.47
96400	0.47	0.5	0.5	0	0	0.47
96500	0.47	0.5	0.5	0	0	0.47
96600	0.47	0.5	0.5	0	0	0.47
96700	0.47	0.5	0.5	0	0	0.47
96800	0.47	0.5	0.5	0	0	0.47
96900	0.47	0.5	0.5	0	0	0.47
97000	0.47	0.5	0.5	0	0	0.47
97100	0.48	0.5	0.5	0	0	0.48
97200	0.48	0.5	0.5	0	0	0.48
97300	0.48	0.5	0.5	0	0	0.48
97400	0.48	0.5	0.5	0	0	0.48
97500	0.49	0.5	0.5	0	0	0.49
97600	0.49	0.5	0.5	0	0	0.49
97700	0.49	0.5	0.5	0	0	0.49
97800	0.49	0.5	0.5	0	0	0.49
97900	0.49	0.5	0.5	0	0	0.49
98000	0.48	0.5	0.5	0	0	0.48
98100	0.48	0.5	0.5	0	0	0.48
98200	0.48	0.5	0.5	0	0	0.48
98300	0.48	0.5	0.5	0	0	0.48
98400	0.48	0.5	0.5	0	0	0.48
98500	0.48	0.5	0.5	0	0	0.48
98600	0.48	0.5	0.5	0	0	0.48
98700	0.48	0.5	0.5	0	0	0.48
98800	0.48	0.5	0.5	0	0	0.48
98900	0.48	0.5	0.5	0	0	0.48
99000	0.48	0.5	0.5	0	0	0.48
99100	0.48	0.5	0.5	0	0	0.48
99200	0.48	0.5	0.5	0	0	0.48
99300	0.48	0.5	0.5	0	0	0.48
99400	0.49	0.5	0.5	0	0	0.49
99500	0.49	0.5	0.5	0	0	0.49
99600	0.49	0.5	0.5	0	0	0.49
99700	0.49	0.5	0.5	0	0	0.49
99800	0.49	0.5	0.5	0	0	0.49
99900	0.49	0.5	0.5	0	0	0.49
100000	0.49	0.5	0.5	0	0	0.49
100100	0.49	0.5	0.5	0	0	0.49
100200	0.49	0.5	0.5	0	0	0.49
100300	0.49	0.5	0.5	0	0	0.49
100400	0.49	0.5	0.5	0	0	0.49
100500	0.49	0.5	0.5	0	0	0.49
100600	0.48	0.5	0.5	0	0	0.48
100700	0.48	0.5	0.5	0	0	0.48
100800	0.48	0.5	0.5	0	0	0.48
100900	0.48	0.5	0.5	0	0	0.48
101000	0.48	0.5	0.5	0	0	0.48
101100	0.48	0.5	0.5	0	0	0.48
101200	0.48	0.5	0.5	0	0	0.48
101300	0.48	0.5	0.5	0	0	0.48
101400	0.48	0.5	0.5	0	0	0.48
101500	0.48	0.5	0.5	0	0	0.48
101600	0.48	0.5	0.5	0	0	0.48
101700	0.47	0.5	0.5	0	0	0.47
101800	0.47	0.5	0.5	0	0	0.47
101900	0.48	0.5	0.5	0	0	0.48
102000	0.47	0.5	0.5	0	0	0.47
102100	0.47	0.5	0.5	0	0	0.47
102200	0.47	0.5	0.5	0	0	0.47
102300	0.47	0.5	0.5	0	0	0.47
102400	0.48	0.5	0.5	0	0	0.48
102500	0.48	0.5	0.5	0	0	0.48
102600	0.48	0.5	0.5	0	0	0.48
102700	0.48	0.5	0.5	0	0	0.48
102800	0.47	0.5	0.5	0	0	0.47
102900	0.47	0.5	0.5	0	0	0.47
103000	0.47	0.5	0.5	0	0	0.47
103100	0.47	0.5	0.5	0	0	0.47
103200	0.47	0.5	0.5	0	0	0.47
103300	0.47	0.5	0.5	0	0	0.47
103400	0.47	0.5	0.5	0	0	0.47
103500	0.47	0.5	0.5	0	0	0.47
103600	0.47	0.5	0.5	0	0	0.47
103700	0.47	0.5	0.5	0	0	0.47
103800	0.47	0.5	0.5	0	0	0.47
103900	0.47	0.5	0.5	0	0	0.47
104000	0.47	0.5	0.5	0	0	0.47
104100	0.47	0.5	0.5	0	0	0.47
104200	0.47	0.5	0.5	0	0	0.47
104300	0.47	0.5	0.5	0	0	0.47
104400	0.47	0.5	0.5	0	0	0.47
104500	0.47	0.5	0.5	0	0	0.47
104600	0.47	0.5	0.5	0	0	0.47
104700	0.47	0.5	0.5	0	0	0.47
104800	0.47	0.5	0.5	0	0	0.47
104900	0.47	0.5	0.5	0	0	0.47
105000	0.47	0.5	0.5	0	0	0.47
105100	0.47	0.5	0.5	0	0	0.47
105200	0.47	0.5	0.5	0	0	0.47
105300	0.47	0.5	0.5	0	0	0.47
105400	0.47	0.5	0.5	0	0	0.47
105500	0.47	0.5	0.5	0	0	0.47
105600	0.47	0.5	0.5	0	0	0.47
105700	0.47	0.5	0.5	0	0	0.47
105800	0.47	0.5	0.5	0	0	0.47
105900	0.47	0.5	0.5	0	0	0.47
106000	0.47	0.5	0.5	0	0	0.47
106100	0.47	0.5	0.5	0	0	0.47
106200	0.47	0.5	0.5	0	0	0.47
106300	0.47	0.5	0.5	0	0	0.47
106400	0.47	0.5	0.5	0	0	0.47
106500	0.47	0.5	0.5	0	0	0.47
106600	0.47	0.5	0.5	0	0	0.47
106700	0.48	0.5	0.5	0	0	0.48
106800	0.48	0.5	0.5	0	0	0.48
106900	0.48	0.5	0.5	0	0	0.48
107000	0.48	0.5	0.5	0	0	0.48
107100	0.48	0.5	0.5	0	0	0.48
107200	0.48	0.5	0.5	0	0	0.48
107300	0.48	0.5	0.5	0	0	0.48
107400	0.48	0.5	0.5	0	0	0.48
107500	0.48	0.5	0.5	0	0	0.48
107600	0.48	0.5	0.5	0	0	0.48
107700	0.48	0.5	0.5	0	0	0.48
107800	0.48	0.5	0.5	0	0	0.48
107900	0.48	0.5	0.5	0	0	0.48
108000	0.48	0.5	0.5	0	0	0.48
108100	0.48	0.5	0.5	0	0	0.48
108200	0.48	0.5	0.5	0	0	0.48
108300	0.48	0.5	0.5	0	0	0.48
108400	0.48	0.5	0.5	0	0	0.48
108500	0.48	0.5	0.5	0	0	0.48
108600	0.48	0.5	0.5	0	0	0.48
108700	0.48	0.5	0.5	0	0	0.48
108800	0.48	0.5	0.5	0	0	0.48
108900	0.48	0.5	0.5	0	0	0.48
109000	0.48	0.5	0.5	0	0	0.48
109100	0.48	0.5	0.5	0	0	0.48
109200	0.48	0.5	0.5	0	0	0.48
109300	0.48	0.5	0.5	0	0	0.48
109400	0.48	0.5	0.5	0	0	0.48
109500	0.48	0.5	0.5	0	0	0.48
109600	0.48	0.5	0.5	0	0	0.48
109700	0.48	0.5	0.5	0	0	0.48
109800	0.48	0.5	0.5	0	0	0.48
109900	0.48	0.5	0.5	0	0	0.48
110000	0.48	0.5	0.5	0	0	0.48
110100	0.48	0.5	0.5	0	0	0.48
110200	0.48	0.5	0.5	0	0	0.48
110300	0.48	0.5	0.5	0	0	0.48
110400	0.48	0.5	0.5	0	0	0.48
110500	0.48	0.5	0.5	0	0	0.48
110600	0.48	0.5	0.5	0	0	0.48
110700	0.48	0.5	0.5	0	0	0.48
110800	0.48	0.5	0.5	0	0	0.48
110900	0.48	0.5	0.5	0	0	0.48
111000	0.48	0.5	0.5	0	0	0.48
111100	0.48	0.5	0.5	0	0	0.48
111200	0.48	0.5	0.5	0	0	0.48
111300	0.48	0.5	0.5	0	0	0.48
111400	0.48	0.5	0.5	0	0	0.48
111500	0.48	0.5	0.5	0	0	0.48
111600	0.48	0.5	0.5	0	0	0.48
111700	0.48	0.5	0.5	0	0	0.48
111800	0.48	0.5	0.5	0	0	0.48
111900	0.48	0.5	0.5	0	0	0.48
112000	0.48	0.5	0.5	0	0	0.48
112100	0.48	0.5	0.5	0	0	0.48
112200	0.48	0.5	0.5	0	0	0.48
112300	0.48	0.5	0.5	0	0	0.48
112400	0.48	0.5	0.5	0	0	0.48
112500	0.48	0.5	0.5	0	0	0.48
112600	0.48	0.5	0.5	0	0	0.48
112700	0.48	0.5	0.5	0	0	0.48
112800	0.48	0.5	0.5	0	0	0.48
112900	0.48	0.5	0.5	0	0	0.48
113000	0.48	0.5	0.5	0	0	0.48
113100	0.48	0.5	0.5	0	0	0.48
113200	0.48	0.5	0.5	0	0	0.48
113300	0.48	0.5	0.5	0	0	0.48
113400	0.48	0.5	0.5	0	0	0.48
113500	0.48	0.5	0.5	0	0	0.48
113600	0.48	0.5	0.5	0	0	0.48
113700	0.48	0.5	0.5	0	0	0.48
113800	0.48	0.5	0.5	0	0	0.48
113900	0.48	0.5	0.5	0	0	0.48
114000	0.49	0.5	0.5	0	0	0.49
114100	0.49	0.5	0.5	0	0	0.49
114200	0.49	0.5	0.5	0	0	0.49
114300	0.49	0.5	0.5	0	0	0.49
114400	0.49	0.5	0.5	0	0	0.49
114500	0.49	0.5	0.5	0	0	0.49
114600	0.49	0.5	0.5	0	0	0.49
114700	0.49	0.5	0.5	0	0	0.49
114800	0.49	0.5	0.5	0	0	0.49
114900	0.49	0.5	0.5	0	0	0.49
115000	0.49	0.5	0.5	0	0	0.49
115100	0.49	0.5	0.5	0	0	0.49
115200	0.49	0.5	0.5	0	0	0.49
115300	0.49	0.5	0.5	0	0	0.49
115400	0.49	0.5	0.5	0	0	0.49
115500	0.49	0.5	0.5	0	0	0.49
115600	0.49	0.5	0.5	0	0	0.49
115700	0.49	0.5	0.5	0	0	0.49
115800	0.49	0.5	0.5	0	0	0.49
115900	0.49	0.5	0.5	0	0	0.49
116000	0.49	0.5	0.5	0	0	0.49
116100	0.5	0.5	0.5	0	0	0.5
116200	0.5	0.5	0.5	0	0	0.5
116300	0.5	0.5	0.5	0	0	0.5
116400	0.5	0.5	0.5	0	0	0.5
116500	0.5	0.5	0.5	0	0	0.5
116600	0.5	0.5	0.5	0	0	0.5
116700	0.5	0.5	0.5	0	0	0.5
116800	0.5	0.5	0.5	0	0	0.5
116900	0.5	0.5	0.5	0	0	0.5
117000	0.5	0.5	0.5	0	0	0.5
117100	0.5	0.5	0.5	0	0	0.5
117200	0.5	0.5	0.5	0	0	0.5
117300	0.5	0.5	0.5	0	0	0.5
117400	0.5	0.5	0.5	0	0	0.5
117500	0.5	0.5	0.5	0	0	0.5
117600	0.5	0.5	0.5	0	0	0.5
117700	0.5	0.5	0.5	0	0	0.5
117800	0.5	0.5	0.5	0	0	0.5
117900	0.5	0.5	0.5	0	0	0.5
118000	0.5	0.5	0.5	0	0	0.5
118100	0.5	0.5	0.5	0	0	0.5
118200	0.5	0.5	0.5	0	0	0.5
118300	0.5	0.5	0.5	0	0	0.5
118400	0.5	0.5	0.5	0	0	0.5
118500	0.5	0.5	0.5	0	0	0.5
118600	0.5	0.5	0.5	0	0	0.5
118700	0.5	0.5	0.5	0	0	0.5
118800	0.5	0.5	0.5	0	0	0.5
118900	0.5	0.5	0.5	0	0	0.5
119000	0.5	0.5	0.5	0	0	0.5
119100	0.5	0.5	0.5	0	0	0.5
119200	0.5	0.5	0.5	0	0	0.5
119300	0.5	0.5	0.5	0	0	0.5
119400	0.5	0.5	0.5	0	0	0.5
119500	0.5	0.5	0.5	0	0	0.5
119600	0.5	0.5	0.5	0	0	0.5
119700	0.5	0.5	0.5	0	0	0.5
119800	0.5	0.5	0.5	0	0	0.5
119900	0.5	0.5	0.5	0	0	0.5
120000	0.5	0.5	0.5	0	0	0.5
120100	0.5	0.5	0.5	0	0	0.5
120200	0.5	0.5	0.5	0	0	0.5
120300	0.5	0.5	0.5	0	0	0.5
120400	0.5	0.5	0.5	0	0	0.5
120500	0.5	0.5	0.5	0	0	0.5
120600	0.5	0.5	0.5	0	0	0.5
120700	0.5	0.5	0.5	0	0	0.5
120800	0.5	0.5	0.5	0	0	0.5
120900	0.5	0.49	0.49	0	0	0.5
121000	0.5	0.49	0.49	0	0	0.5
121100	0.5	0.49	0.49	0	0	0.5
121200	0.5	0.49	0.49	0	0	0.5
121300	0.5	0.49	0.49	0	0	0.5
121400	0.5	0.49	0.49	0	0	0.5
121500	0.5	0.49	0.49	0	0	0.5
121600	0.5	0.49	0.49	0	0	0.5
121700	0.5	0.49	0.49	0	0	0.5
121800	0.5	0.49	0.49	0	0	0.5
121900	0.5	0.49	0.49	0	0	0.5
122000	0.5	0.49	0.49	0	0	0.5
122100	0.5	0.49	0.49	0	0	0.5
122200	0.5	0.49	0.49	0	0	0.5
122300	0.5	0.49	0.49	0	0	0.5
122400	0.5	0.49	0.49	0	0	0.5
122500	0.5	0.49	0.49	0	0	0.5
122600	0.5	0.49	0.49	0	0	0.5
122700	0.5	0.49	0.49	0	0	0.5
122800	0.5	0.49	0.49	0	0	0.5
122900	0.5	0.49	0.49	0	0	0.5
123000	0.5	0.49	0.49	0	0	0.5
123100	0.5	0.49	0.49	0	0	0.5
123200	0.5	0.49	0.49	0	0	0.5
123300	0.5	0.49	0.49	0	0	0.5
123400	0.5	0.49	0.49	0	0	0.5
123500	0.5	0.49	0.49	0	0	0.5
123600	0.5	0.49	0.49	0	0	0.5
123700	0.5	0.49	0.49	0	0	0.5
123800	0.5	0.49	0.49	0	0	0.5
123900	0.5	0.49	0.49	0	0	0.5
124000	0.5	0.49	0.49	0	0	0.5
124100	0.5	0.49	0.49	0	0	0.5
124200	0.5	0.49	0.49	0	0	0.5
124300	0.5	0.49	0.49	0	0	0.5
124400	0.5	0.49	0.49	0	0	0.5
124500	0.5	0.49	0.49	0	0	0.5
124600	0.5	0.49	0.49	0	0	0.5
124700	0.5	0.49	0.49	0	0	0.5
124800	0.5	0.49	0.49	0	0	0.5
124900	0.5	0.49	0.49	0	0	0.5
125000	0.5	0.49	0.49	0	0	0.5
125100	0.5	0.49	0.49	0	0	0.5
125200	0.5	0.49	0.49	0	0	0.5
125300	0.5	0.49	0.49	0	0	0.5
125400	0.5	0.49	0.49	0	0	0.5
125500	0.5	0.49	0.49	0	0	0.5
125600	0.5	0.49	0.49	0	0	0.5
125700	0.5	0.5	0.5	0	0	0.5
125800	0.5	0.5	0.5	0	0	0.5
125900	0.5	0.5	0.5	0	0	0.5
126000	0.5	0.5	0.5	0	0	0.5
126100	0.5	0.5	0.5	0	0	0.5
126200	0.5	0.5	0.5	0	0	0.5
126300	0.5	0.5	0.5	0	0	0.5
126400	0.5	0.5	0.5	0	0	0.5
126500	0.5	0.5	0.5	0	0	0.5
126600	0.5	0.5	0.5	0	0	0.5
126700	0.5	0.5	0.5	0	0	0.5
126800	0.5	0.5	0.5	0	0	0.5
126900	0.5	0.5	0.5	0	0	0.5
127000	0.5	0.5	0.5	0	0	0.5
127100	0.5	0.5	0.5	0	0	0.5
127200	0.5	0.5	0.5	0	0	0.5
127300	0.5	0.5	0.5	0	0	0.5
127400	0.5	0.5	0.5	0	0	0.5
127500	0.5	0.5	0.5	0	0	0.5
127600	0.5	0.5	0.5	0	0	0.5
127700	0.5	0.5	0.5	0	0	0.5
127800	0.5	0.5	0.5	0	0	0.5
127900	0.5	0.5	0.5	0	0	0.5
128000	0.5	0.5	0.5	0	0	0.5
128100	0.5	0.5	0.5	0	0	0.5
128200	0.5	0.5	0.5	0	0	0.5
128300	0.5	0.5	0.5	0	0	0.5
128400	0.5	0.5	0.5	0	0	0.5
128500	0.5	0.5	0.5	0	0	0.5
128600	0.5	0.5	0.5	0	0	0.5
128700	0.5	0.5	0.5	0	0	0.5
128800	0.5	0.5	0.5	0	0	0.5
128900	0.5	0.5	0.5	0	0	0.5
129000	0.5	0.5	0.5	0	0	0.5
129100	0.5	0.5	0.5	0	0	0.5
129200	0.5	0.5	0.5	0	0	0.5
129300	0.5	0.5	0.5	0	0	0.5
129400	0.5	0.5	0.5	0	0	0.5
129500	0.5	0.5	0.5	0	0	0.5
129600	0.5	0.5	0.5	0	0	0.5
129700	0.5	0.5	0.5	0	0	0.5
129800	0.5	0.5	0.5	0	0	0.5
129900	0.5	0.5	0.5	0	0	0.5
130000	0.5	0.5	0.5	0	0	0.5
130100	0.5	0.5	0.5	0	0	0.5
130200	0.5	0.5	0.5	0	0	0.5
130300	0.5	0.5	0.5	0	0	0.5
130400	0.5	0.5	0.5	0	0	0.5
130500	0.5	0.5	0.5	0	0	0.5
130600	0.5	0.5	0.5	0	0	0.5
130700	0.5	0.5	0.5	0	0	0.5
130800	0.5	0.5	0.5	0	0	0.5
130900	0.5	0.5	0.5	0	0	0.5
131000	0.5	0.5	0.5	0	0	0.5
131100	0.5	0.5	0.5	0	0	0.5
131200	0.5	0.5	0.5	0	0	0.5
131300	0.5	0.5	0.5	0	0	0.5
131400	0.5	0.5	0.5	0	0	0.5
131500	0.5	0.5	0.5	0	0	0.5
131600	0.5	0.5	0.5	0	0	0.5
131700	0.5	0.5	0.5	0	0	0.5
131800	0.5	0.5	0.5	0	0	0.5
131900	0.5	0.5	0.5	0	0	0.5
132000	0.5	0.5	0.5	0	0	0.5
132100	0.5	0.5	0.5	0	0	0.5
132200	0.5	0.5	0.5	0	0	0.5
132300	0.5	0.5	0.5	0	0	0.5
132400	0.5	0.5	0.5	0	0	0.5
132500	0.5	0.5	0.5	0	0	0.5
132600	0.5	0.5	0.5	0	0	0.5
132700	0.5	0.5	0.5	0	0	0.5
132800	0.5	0.5	0.5	0	0	0.5
132900	0.5	0.5	0.5	0	0	0.5
133000	0.5	0.5	0.5	0	0	0.5
133100	0.5	0.5	0.5	0	0	0.5
133200	0.5	0.5	0.5	0	0	0.5
133300	0.5	0.5	0.5	0	0	0.5
133400	0.5	0.5	0.5	0	0	0.5
133500	0.5	0.5	0.5	0	0	0.5
133600	0.5	0.5	0.5	0	0	0.5
133700	0.5	0.5	0.5	0	0	0.5
133800	0.5	0.5	0.5	0	0	0.5
133900	0.5	0.5	0.5	0	0	0.5
134000	0.5	0.5	0.5	0	0	0.5
134100	0.5	0.5	0.5	0	0	0.5
134200	0.5	0.5	0.5	0	0	0.5
134300	0.5	0.5	0.5	0	0	0.5
134400	0.5	0.5	0.5	0	0	0.5
134500	0.5	0.5	0.5	0	0	0.5
134600	0.5	0.5	0.5	0	0	0.5
134700	0.5	0.5	0.5	0	0	0.5
134800	0.5	0.5	0.5	0	0	0.5
134900	0.5	0.5	0.5	0	0	0.5
135000	0.5	0.5	0.5	0	0	0.5
135100	0.5	0.5	0.5	0	0	0.5
135200	0.5	0.5	0.5	0	0	0.5
135300	0.5	0.5	0.5	0	0	0.5
135400	0.5	0.5	0.5	0	0	0.5
135500	0.5	0.5	0.5	0	0	0.5
135600	0.5	0.5	0.5	0	0	0.5
135700	0.5	0.5	0.5	0	0	0.5
135800	0.5	0.5	0.5	0	0	0.5
135900	0.5	0.5	0.5	0	0	0.5
136000	0.5	0.5	0.5	0	0	0.5
136100	0.5	0.5	0.5	0	0	0.5
136200	0.5	0.5	0.5	0	0	0.5
136300	0.5	0.5	0.5	0	0	0.5
136400	0.5	0.5	0.5	0	0	0.5
136500	0.5	0.5	0.5	0	0	0.5
136600	0.5	0.5	0.5	0	0	0.5
136700	0.5	0.5	0.5	0	0	0.5
136800	0.5	0.5	0.5	0	0	0.5
136900	0.5	0.5	0.5	0	0	0.5
137000	0.5	0.5	0.5	0	0	0.5
137100	0.5	0.5	0.5	0	0	0.5
137200	0.5	0.5	0.5	0	0	0.5
137300	0.5	0.5	0.5	0	0	0.5
137400	0.5	0.5	0.5	0	0	0.5
137500	0.5	0.5	0.5	0	0	0.5
137600	0.5	0.5	0.5	0	0	0.5
137700	0.5	0.5	0.5	0	0	0.5
137800	0.5	0.5	0.5	0	0	0.5
137900	0.5	0.5	0.5	0	0	0.5
138000	0.5	0.5	0.5	0	0	0.5
138100	0.5	0.5	0.5	0	0	0.5
138200	0.5	0.5	0.5	0	0	0.5
138300	0.5	0.5	0.5	0	0	0.5
138400	0.5	0.5	0.5	0	0	0.5
138500	0.5	0.5	0.5	0	0	0.5
138600	0.5	0.5	0.5	0	0	0.5
138700	0.5	0.5	0.5	0	0	0.5
138800	0.5	0.5	0.5	0	0	0.5
138900	0.5	0.5	0.5	0	0	0.5
139000	0.5	0.5	0.5	0	0	0.5
139100	0.5	0.5	0.5	0	0	0.5
139200	0.5	0.5	0.5	0	0	0.5
139300	0.5	0.5	0.5	0	0	0.5
139400	0.5	0.5	0.5	0	0	0.5
139500	0.5	0.5	0.5	0	0	0.5
139600	0.5	0.5	0.5	0	0	0.5
139700	0.5	0.5	0.5	0	0	0.5
139800	0.5	0.5	0.5	0	0	0.5
139900	0.5	0.5	0.5	0	0	0.5
140000	0.5	0.5	0.5	0	0	0.5
140100	0.5	0.5	0.5	0	0	0.5
140200	0.5	0.5	0.5	0	0	0.5
140300	0.5	0.5	0.5	0	0	0.5
140400	0.5	0.5	0.5	0	0	0.5
140500	0.5	0.5	0.5	0	0	0.5
140600	0.5	0.5	0.5	0	0	0.5
140700	0.5	0.5	0.5	0	0	0.5
140800	0.5	0.5	0.5	0	0	0.5
140900	0.5	0.5	0.5	0	0	0.5
141000	0.5	0.5	0.5	0	0	0.5
141100	0.5	0.5	0.5	0	0	0.5
141200	0.5	0.5	0.5	0	0	0.5
141300	0.5	0.5	0.5	0	0	0.5
141400	0.5	0.5	0.5	0	0	0.5
141500	0.5	0.5	0.5	0	0	0.5
141600	0.5	0.5	0.5	0	0	0.5
141700	0.5	0.5	0.5	0	0	0.5
141800	0.5	0.5	0.5	0	0	0.5
141900	0.5	0.5	0.5	0	0	0.5
142000	0.5	0.5	0.5	0	0	0.5
142100	0.5	0.5	0.5	0	0	0.5
142200	0.5	0.5	0.5	0	0	0.5
142300	0.5	0.5	0.5	0	0	0.5
142400	0.5	0.5	0.5	0	0	0.5
142500	0.5	0.5	0.5	0	0	0.5
142600	0.5	0.5	0.5	0	0	0.5
142700	0.5	0.5	0.5	0	0	0.5
142800	0.5	0.5	0.5	0	0	0.5
142900	0.5	0.5	0.5	0	0	0.5
143000	0.5	0.5	0.5	0	0	0.5
143100	0.5	0.5	0.5	0	0	0.5
143200	0.5	0.5	0.5	0	0	0.5
143300	0.5	0.5	0.5	0	0	0.5
143400	0.5	0.5	0.5	0	0	0.5
143500	0.5	0.5	0.5	0	0	0.5
143600	0.5	0.5	0.5	0	0	0.5
143700	0.5	0.5	0.5	0	0	0.5
143800	0.5	0.5	0.5	0	0	0.5
143900	0.5	0.49	0.49	0	0	0.5
144000	0.5	0.49	0.49	0	0	0.5
144100	0.5	0.49	0.49	0	0	0.5
144200	0.5	0.49	0.49	0	0	0.5
144300	0.5	0.49	0.49	0	0	0.5
144400	0.5	0.49	0.49	0	0	0.5
144500	0.5	0.5	0.5	0	0	0.5
144600	0.5	0.5	0.5	0	0	0.5
144700	0.5	0.5	0.5	0	0	0.5
144800	0.5	0.5	0.5	0	0	0.5
144900	0.5	0.5	0.5	0	0	0.5
145000	0.5	0.5	0.5	0	0	0.5
145100	0.5	0.5	0.5	0	0	0.5
145200	0.5	0.5	0.5	0	0	0.5
145300	0.5	0.5	0.5	0	0	0.5
145400	0.5	0.5	0.5	0	0	0.5
145500	0.5	0.5	0.5	0	0	0.5
145600	0.5	0.5	0.5	0	0	0.5
145700	0.5	0.5	0.5	0	0	0.5
145800	0.5	0.5	0.5	0	0	0.5
145900	0.5	0.5	0.5	0	0	0.5
146000	0.5	0.5	0.5	0	0	0.5
146100	0.5	0.5	0.5	0	0	0.5
146200	0.5	0.5	0.5	0	0	0.5
146300	0.5	0.5	0.5	0	0	0.5
146400	0.5	0.5	0.5	0	0	0.5
146500	0.5	0.5	0.5	0	0	0.5
146600	0.5	0.5	0.5	0	0	0.5
146700	0.5	0.5	0.5	0	0	0.5
146800	0.5	0.5	0.5	0	0	0.5
146900	0.5	0.5	0.5	0	0	0.5
147000	0.5	0.5	0.5	0	0	0.5
147100	0.5	0.5	0.5	0	0	0.5
147200	0.5	0.5	0.5	0	0	0.5
147300	0.5	0.5	0.5	0	0	0.5
147400	0.5	0.5	0.5	0	0	0.5
147500	0.5	0.5	0.5	0	0	0.5
147600	0.5	0.5	0.5	0	0	0.5
147700	0.5	0.5	0.5	0	0	0.5
147800	0.5	0.5	0.5	0	0	0.5
147900	0.5	0.5	0.5	0	0	0.5
148000	0.5	0.5	0.5	0	0	0.5
148100	0.5	0.5	0.5	0	0	0.5
148200	0.5	0.5	0.5	0	0	0.5
148300	0.5	0.5	0.5	0	0	0.5
148400	0.5	0.5	0.5	0	0	0.5
148500	0.5	0.5	0.5	0	0	0.5
148600	0.5	0.5	0.5	0	0	0.5
148700	0.5	0.5	0.5	0	0	0.5
148800	0.5	0.5	0.5	0	0	0.5
148900	0.5	0.5	0.5	0	0	0.5
149000	0.5	0.5	0.5	0	0	0.5
149100	0.5	0.5	0.5	0	0	0.5
149200	0.5	0.5	0.5	0	0	0.5
149300	0.5	0.5	0.5	0	0	0.5
149400	0.5	0.5	0.5	0	0	0.5
149500	0.5	0.5	0.5	0	0	0.5
149600	0.5	0.5	0.5	0	0	0.5
149700	0.5	0.5	0.5	0	0	0.5
149800	0.5	0.5	0.5	0	0	0.5
149900	0.5	0.5	0.5	0	0	0.5
150000	0.5	0.5	0.5	0	0	0.5
150100	0.5	0.5	0.5	0	0	0.5
150200	0.5	0.5	0.5	0	0	0.5
150300	0.5	0.5	0.5	0	0	0.5
150400	0.5	0.5	0.5	0	0	0.5
150500	0.5	0.5	0.5	0	0	0.5
150600	0.5	0.5	0.5	0	0	0.5
150700	0.5	0.5	0.5	0	0	0.5
150800	0.5	0.5	0.5	0	0	0.5
150900	0.5	0.5	0.5	0	0	0.5
151000	0.5	0.5	0.5	0	0	0.5
151100	0.5	0.5	0.5	0	0	0.5
151200	0.5	0.5	0.5	0	0	0.5
151300	0.5	0.5	0.5	0	0	0.5
151400	0.5	0.5	0.5	0	0	0.5
151500	0.5	0.5	0.5	0	0	0.5
151600	0.5	0.5	0.5	0	0	0.5
151700	0.5	0.5	0.5	0	0	0.5
151800	0.5	0.5	0.5	0	0	0.5
151900	0.5	0.5	0.5	0	0	0.5
152000	0.5	0.5	0.5	0	0	0.5
152100	0.5	0.5	0.5	0	0	0.5
152200	0.5	0.5	0.5	0	0	0.5
152300	0.5	0.5	0.5	0	0	0.5
152400	0.5	0.5	0.5	0	0	0.5
152500	0.5	0.5	0.5	0	0	0.5
152600	0.5	0.5	0.5	0	0	0.5
152700	0.5	0.5	0.5	0	0	0.5
152800	0.5	0.5	0.5	0	0	0.5
152900	0.5	0.5	0.5	0	0	0.5
153000	0.5	0.5	0.5	0	0	0.5
153100	0.5	0.5	0.5	0	0	0.5
153200	0.5	0.5	0.5	0	0	0.5
153300	0.5	0.5	0.5	0	0	0.5
153400	0.5	0.5	0.5	0	0	0.5
153500	0.5	0.5	0.5	0	0	0.5
153600	0.5	0.5	0.5	0	0	0.5
153700	0.5	0.5	0.5	0	0	0.5
153800	0.5	0.5	0.5	0	0	0.5
153900	0.5	0.5	0.5	0	0	0.5
154000	0.5	0.5	0.5	0	0	0.5
154100	0.5	0.5	0.5	0	0	0.5
154200	0.5	0.5	0.5	0	0	0.5
154300	0.5	0.5	0.5	0	0	0.5
154400	0.5	0.5	0.5	0	0	0.5
154500	0.5	0.5	0.5	0	0	0.5
154600	0.5	0.5	0.5	0	0	0.5
154700	0.5	0.5	0.5	0	0	0.5
154800	0.5	0.5	0.5	0	0	0.5
154900	0.5	0.5	0.5	0	0	0.5
155000	0.5	0.5	0.5	0	0	0.5
155100	0.5	0.5	0.5	0	0	0.5
155200	0.5	0.5	0.5	0	0	0.5
155300	0.5	0.5	0.5	0	0	0.5
155400	0.5	0.5	0.5	0	0	0.5
155500	0.5	0.5	0.5	0	0	0.5
155600	0.5	0.5	0.5	0	0	0.5
155700	0.5	0.5	0.5	0	0	0.5
155800	0.5	0.5	0.5	0	0	0.5
155900	0.5	0.5	0.5	0	0	0.5
156000	0.5	0.5	0.5	0	0	0.5
156100	0.5	0.5	0.5	0	0	0.5
156200	0.5	0.5	0.5	0	0	0.5
156300	0.5	0.5	0.5	0	0	0.5
156400	0.5	0.5	0.5	0	0	0.5
156500	0.5	0.5	0.5	0	0	0.5
156600	0.5	0.5	0.5	0	0	0.5
156700	0.5	0.5	0.5	0	0	0.5
156800	0.5	0.5	0.5	0	0	0.5
156900	0.5	0.5	0.5	0	0	0.5
157000	0.5	0.5	0.5	0	0	0.5
157100	0.5	0.5	0.5	0	0	0.5
157200	0.5	0.5	0.5	0	0	0.5
157300	0.5	0.5	0.5	0	0	0.5
157400	0.5	0.5	0.5	0	0	0.5
157500	0.5	0.5	0.5	0	0	0.5
157600	0.5	0.5	0.5	0	0	0.5
157700	0.5	0.5	0.5	0	0	0.5
157800	0.5	0.5	0.5	0	0	0.5
157900	0.5	0.5	0.5	0	0	0.5
158000	0.5	0.5	0.5	0	0	0.5
158100	0.5	0.5	0.5	0	0	0.5
158200	0.5	0.5	0.5	0	0	0.5
158300	0.5	0.5	0.5	0	0	0.5
158400	0.5	0.5	0.5	0	0	0.5
158500	0.5	0.5	0.5	0	0	0.5
158600	0.5	0.5	0.5	0	0	0.5
158700	0.5	0.5	0.5	0	0	0.5
158800	0.5	0.5	0.5	0	0	0.5
158900	0.5	0.5	0.5	0	0	0.5
159000	0.5	0.5	0.5	0	0	0.5
159100	0.5	0.5	0.5	0	0	0.5
159200	0.5	0.5	0.5	0	0	0.5
159300	0.5	0.5	0.5	0	0	0.5
159400	0.5	0.5	0.5	0	0	0.5
159500	0.5	0.5	0.5	0	0	0.5
159600	0.5	0.5	0.5	0	0	0.5
159700	0.5	0.5	0.5	0	0	0.5
159800	0.5	0.5	0.5	0	0	0.5
159900	0.5	0.5	0.5	0	0	0.5
160000	0.5	0.5	0.5	0	0	0.5
160100	0.5	0.5	0.5	0	0	0.5
160200	0.5	0.5	0.5	0	0	0.5
160300	0.5	0.5	0.5	0	0	0.5
160400	0.5	0.5	0.5	0	0	0.5
160500	0.5	0.5	0.5	0	0	0.5
160600	0.5	0.5	0.5	0	0	0.5
160700	0.5	0.5	0.5	0	0	0.5
160800	0.5	0.49	0.49	0	0	0.5
160900	0.5	0.49	0.49	0	0	0.5
161000	0.5	0.49	0.49	0	0	0.5
161100	0.5	0.49	0.49	0	0	0.5
161200	0.5	0.49	0.49	0	0	0.5
161300	0.5	0.49	0.49	0	0	0.5
161400	0.5	0.49	0.49	0	0	0.5
161500	0.5	0.49	0.49	0	0	0.5
161600	0.5	0.49	0.49	0	0	0.5
161700	0.5	0.49	0.49	0	0	0.5
161800	0.5	0.49	0.49	0	0	0.5
161900	0.5	0.49	0.49	0	0	0.5
162000	0.5	0.49	0.49	0	0	0.5
162100	0.5	0.49	0.49	0	0	0.5
162200	0.5	0.49	0.49	0	0	0.5
162300	0.5	0.49	0.49	0	0	0.5
162400	0.5	0.49	0.49	0	0	0.5
162500	0.5	0.49	0.49	0	0	0.5
162600	0.5	0.49	0.49	0	0	0.5
162700	0.5	0.49	0.49	0	0	0.5
162800	0.5	0.49	0.49	0	0	0.5
162900	0.5	0.49	0.49	0	0	0.5
163000	0.5	0.49	0.49	0	0	0.5
163100	0.5	0.49	0.49	0	0	0.5
163200	0.49	0.49	0.49	0	0	0.49
163300	0.49	0.49	0.49	0	0	0.49
163400	0.49	0.49	0.49	0	0	0.49
163500	0.49	0.49	0.49	0	0	0.49
163600	0.49	0.49	0.49	0	0	0.49
163700	0.49	0.49	0.49	0	0	0.49
163800	0.49	0.49	0.49	0	0	0.49
163900	0.49	0.49	0.49	0	0	0.49
164000	0.49	0.49	0.49	0	0	0.49
164100	0.49	0.49	0.49	0	0	0.49
164200	0.49	0.5	0.5	0	0	0.49
164300	0.49	0.5	0.5	0	0	0.49
164400	0.49	0.5	0.5	0	0	0.49
164500	0.49	0.5	0.5	0	0	0.49
164600	0.49	0.5	0.5	0	0	0.49
164700	0.49	0.5	0.5	0	0	0.49
164800	0.49	0.5	0.5	0	0	0.49
164900	0.49	0.5	0.5	0	0	0.49
165000	0.49	0.5	0.5	0	0	0.49
165100	0.49	0.5	0.5	0	0	0.49
165200	0.49	0.5	0.5	0	0	0.49
165300	0.49	0.5	0.5	0	0	0.49
165400	0.49	0.5	0.5	0	0	0.49
165500	0.49	0.5	0.5	0	0	0.49
165600	0.49	0.5	0.5	0	0	0.49
165700	0.49	0.5	0.5	0	0	0.49
165800	0.49	0.5	0.5	0	0	0.49
165900	0.49	0.5	0.5	0	0	0.49
166000	0.49	0.5	0.5	0	0	0.49
166100	0.49	0.49	0.49	0	0	0.49
166200	0.49	0.49	0.49	0	0	0.49
166300	0.49	0.49	0.49	0	0	0.49
166400	0.49	0.49	0.49	0	0	0.49
166500	0.49	0.49	0.49	0	0	0.49
166600	0.49	0.49	0.49	0	0	0.49
166700	0.49	0.49	0.49	0	0	0.49
166800	0.49	0.49	0.49	0	0	0.49
166900	0.49	0.49	0.49	0	0	0.49
167000	0.49	0.49	0.49	0	0	0.49
167100	0.49	0.49	0.49	0	0	0.49
167200	0.49	0.49	0.49	0	0	0.49
167300	0.49	0.49	0.49	0	0	0.49
167400	0.49	0.49	0.49	0	0	0.49
167500	0.49	0.49	0.49	0	0	0.49
167600	0.49	0.49	0.49	0	0	0.49
167700	0.49	0.49	0.49	0	0	0.49
167800	0.49	0.49	0.49	0	0	0.49
167900	0.49	0.49	0.49	0	0	0.49
168000	0.49	0.49	0.49	0	0	0.49
168100	0.49	0.49	0.49	0	0	0.49
168200	0.49	0.49	0.49	0	0	0.49
168300	0.49	0.49	0.49	0	0	0.49
168400	0.49	0.49	0.49	0	0	0.49
168500	0.49	0.49	0.49	0	0	0.49
168600	0.49	0.49	0.49	0	0	0.49
168700	0.49	0.49	0.49	0	0	0.49
168800	0.49	0.49	0.49	0	0	0.49
168900	0.49	0.49	0.49	0	0	0.49
169000	0.49	0.49	0.49	0	0	0.49
169100	0.49	0.49	0.49	0	0	0.49
169200	0.49	0.49	0.49	0	0	0.49
169300	0.49	0.49	0.49	0	0	0.49
169400	0.49	0.49	0.49	0	0	0.49
169500	0.49	0.49	0.49	0	0	0.49
169600	0.49	0.49	0.49	0	0	0.49
169700	0.49	0.49	0.49	0	0	0.49
169800	0.49	0.49	0.49	0	0	0.49
169900	0.49	0.49	0.49	0	0	0.49
170000	0.49	0.49	0.49	0	0	0.49
170100	0.49	0.49	0.49	0	0	0.49
170200	0.49	0.49	0.49	0	0	0.49
170300	0.49	0.49	0.49	0	0	0.49
170400	0.49	0.49	0.49	0	0	0.49
170500	0.49	0.49	0.49	0	0	0.49
170600	0.49	0.49	0.49	0	0	0.49
170700	0.49	0.49	0.49	0	0	0.49
170800	0.49	0.49	0.49	0	0	0.49
170900	0.49	0.49	0.49	0	0	0.49
171000	0.49	0.49	0.49	0	0	0.49
171100	0.49	0.49	0.49	0	0	0.49
171200	0.49	0.49	0.49	0	0	0.49
171300	0.49	0.49	0.49	0	0	0.49
171400	0.49	0.49	0.49	0	0	0.49
171500	0.49	0.49	0.49	0	0	0.49
171600	0.49	0.49	0.49	0	0	0.49
171700	0.49	0.49	0.49	0	0	0.49
171800	0.49	0.49	0.49	0	0	0.49
171900	0.49	0.49	0.49	0	0	0.49
172000	0.49	0.49	0.49	0	0	0.49
172100	0.49	0.49	0.49	0	0	0.49
172200	0.49	0.49	0.49	0	0	0.49
172300	0.49	0.49	0.49	0	0	0.49
172400	0.49	0.49	0.49	0	0	0.49
172500	0.49	0.49	0.49	0	0	0.49
172600	0.49	0.49	0.49	0	0	0.49
172700	0.49	0.49	0.49	0	0	0.49
172800	0.49	0.49	0.49	0	0	0.49
172900	0.49	0.49	0.49	0	0	0.49
173000	0.5	0.49	0.49	0	0	0.5
173100	0.49	0.49	0.49	0	0	0.49
173200	0.49	0.49	0.49	0	0	0.49
173300	0.49	0.49	0.49	0	0	0.49
173400	0.49	0.49	0.49	0	0	0.49
173500	0.49	0.49	0.49	0	0	0.49
173600	0.49	0.49	0.49	0	0	0.49
173700	0.49	0.49	0.49	0	0	0.49
173800	0.49	0.49	0.49	0	0	0.49
173900	0.49	0.49	0.49	0	0	0.49
174000	0.49	0.49	0.49	0	0	0.49
174100	0.49	0.49	0.49	0	0	0.49
174200	0.49	0.49	0.49	0	0	0.49
174300	0.49	0.49	0.49	0	0	0.49
174400	0.49	0.49	0.49	0	0	0.49
174500	0.49	0.49	0.49	0	0	0.49
174600	0.49	0.49	0.49	0	0	0.49
174700	0.49	0.49	0.49	0	0	0.49
174800	0.49	0.49	0.49	0	0	0.49
174900	0.49	0.49	0.49	0	0	0.49
175000	0.49	0.49	0.49	0	0	0.49
175100	0.49	0.49	0.49	0	0	0.49
175200	0.49	0.49	0.49	0	0	0.49
175300	0.49	0.49	0.49	0	0	0.49
175400	0.49	0.49	0.49	0	0	0.49
175500	0.49	0.49	0.49	0	0	0.49
175600	0.49	0.49	0.49	0	0	0.49
175700	0.49	0.49	0.49	0	0	0.49
175800	0.49	0.49	0.49	0	0	0.49
175900	0.49	0.49	0.49	0	0	0.49
176000	0.49	0.49	0.49	0	0	0.49
176100	0.49	0.49	0.49	0	0	0.49
176200	0.49	0.49	0.49	0	0	0.49
176300	0.49	0.49	0.49	0	0	0.49
176400	0.49	0.49	0.49	0	0	0.49
176500	0.49	0.49	0.49	0	0	0.49
176600	0.49	0.49	0.49	0	0	0.49
176700	0.49	0.49	0.49	0	0	0.49
176800	0.49	0.49	0.49	0	0	0.49
176900	0.49	0.49	0.49	0	0	0.49
177000	0.49	0.49	0.49	0	0	0.49
177100	0.49	0.49	0.49	0	0	0.49
177200	0.49	0.49	0.49	0	0	0.49
177300	0.49	0.49	0.49	0	0	0.49
177400	0.49	0.49	0.49	0	0	0.49
177500	0.49	0.49	0.49	0	0	0.49
177600	0.49	0.49	0.49	0	0	0.49
177700	0.49	0.49	0.49	0	0	0.49
177800	0.49	0.49	0.49	0	0	0.49
177900	0.49	0.49	0.49	0	0	0.49
178000	0.49	0.49	0.49	0	0	0.49
178100	0.49	0.49	0.49	0	0	0.49
178200	0.49	0.49	0.49	0	0	0.49
178300	0.49	0.49	0.49	0	0	0.49
178400	0.49	0.49	0.49	0	0	0.49
178500	0.49	0.49	0.49	0	0	0.49
178600	0.49	0.49	0.49	0	0	0.49
178700	0.49	0.49	0.49	0	0	0.49
178800	0.49	0.49	0.49	0	0	0.49
178900	0.49	0.49	0.49	0	0	0.49
179000	0.49	0.49	0.49	0	0	0.49
179100	0.49	0.49	0.49	0	0	0.49
179200	0.49	0.49	0.49	0	0	0.49
179300	0.49	0.49	0.49	0	0	0.49
179400	0.49	0.49	0.49	0	0	0.49
179500	0.49	0.49	0.49	0	0	0.49
179600	0.49	0.49	0.49	0	0	0.49
179700	0.49	0.49	0.49	0	0	0.49
179800	0.49	0.49	0.49	0	0	0.49
179900	0.49	0.49	0.49	0	0	0.49
180000	0.49	0.49	0.49	0	0	0.49
180100	0.49	0.49	0.49	0	0	0.49
180200	0.49	0.49	0.49	0	0	0.49
180300	0.49	0.48	0.48	0	0	0.49
180400	0.49	0.48	0.48	0	0	0.49
180500	0.49	0.48	0.48	0	0	0.49
180600	0.49	0.49	0.49	0	0	0.49
180700	0.49	0.48	0.48	0	0	0.49
180800	0.49	0.48	0.48	0	0	0.49
180900	0.49	0.48	0.48	0	0	0.49
181000	0.49	0.48	0.48	0	0	0.49
181100	0.49	0.48	0.48	0	0	0.49
181200	0.49	0.48	0.48	0	0	0.49
181300	0.49	0.48	0.48	0	0	0.49
181400	0.49	0.48	0.48	0	0	0.49
181500	0.49	0.48	0.48	0	0	0.49
181600	0.49	0.48	0.48	0	0	0.49
181700	0.49	0.48	0.48	0	0	0.49
181800	0.49	0.48	0.48	0	0	0.49
181900	0.49	0.48	0.48	0	0	0.49
182000	0.49	0.48	0.48	0	0	0.49
182100	0.49	0.48	0.48	0	0	0.49
182200	0.49	0.48	0.48	0	0	0.49
182300	0.49	0.48	0.48	0	0	0.49
182400	0.49	0.48	0.48	0	0	0.49
182500	0.49	0.48	0.48	0	0	0.49
182600	0.49	0.48	0.48	0	0	0.49
182700	0.49	0.48	0.48	0	0	0.49
182800	0.49	0.48	0.48	0	0	0.49
182900	0.49	0.48	0.48	0	0	0.49
183000	0.49	0.48	0.48	0	0	0.49
183100	0.49	0.48	0.48	0	0	0.49
183200	0.49	0.48	0.48	0	0	0.49
183300	0.49	0.48	0.48	0	0	0.49
183400	0.49	0.48	0.48	0	0	0.49
183500	0.49	0.48	0.48	0	0	0.49
183600	0.49	0.48	0.48	0	0	0.49
183700	0.49	0.48	0.48	0	0	0.49
183800	0.49	0.48	0.48	0	0	0.49
183900	0.49	0.48	0.48	0	0	0.49
184000	0.49	0.48	0.48	0	0	0.49
184100	0.49	0.48	0.48	0	0	0.49
184200	0.49	0.48	0.48	0	0	0.49
184300	0.49	0.48	0.48	0	0	0.49
184400	0.49	0.48	0.48	0	0	0.49
184500	0.49	0.48	0.48	0	0	0.49
184600	0.49	0.48	0.48	0	0	0.49
184700	0.49	0.48	0.48	0	0	0.49
184800	0.49	0.48	0.48	0	0	0.49
184900	0.49	0.48	0.48	0	0	0.49
185000	0.49	0.48	0.48	0	0	0.49
185100	0.49	0.48	0.48	0	0	0.49
185200	0.5	0.48	0.48	0	0	0.5
185300	0.5	0.48	0.48	0	0	0.5
185400	0.5	0.48	0.48	0	0	0.5
185500	0.5	0.48	0.48	0	0	0.5
185600	0.5	0.48	0.48	0	0	0.5
185700	0.5	0.48	0.48	0	0	0.5
185800	0.5	0.48	0.48	0	0	0.5
185900	0.5	0.48	0.48	0	0	0.5
186000	0.5	0.48	0.48	0	0	0.5
186100	0.5	0.48	0.48	0	0	0.5
186200	0.5	0.48	0.48	0	0	0.5
186300	0.5	0.48	0.48	0	0	0.5
186400	0.5	0.48	0.48	0	0	0.5
186500	0.5	0.48	0.48	0	0	0.5
186600	0.5	0.48	0.48	0	0	0.5
186700	0.5	0.48	0.48	0	0	0.5
186800	0.5	0.48	0.48	0	0	0.5
186900	0.5	0.48	0.48	0	0	0.5
187000	0.5	0.48	0.48	0	0	0.5
187100	0.5	0.48	0.48	0	0	0.5
187200	0.5	0.48	0.48	0	0	0.5
187300	0.5	0.48	0.48	0	0	0.5
187400	0.5	0.48	0.48	0	0	0.5
187500	0.5	0.48	0.48	0	0	0.5
187600	0.5	0.49	0.49	0	0	0.5
187700	0.5	0.49	0.49	0	0	0.5
187800	0.5	0.49	0.49	0	0	0.5
187900	0.5	0.49	0.49	0	0	0.5
188000	0.5	0.49	0.49	0	0	0.5
188100	0.5	0.49	0.49	0	0	0.5
188200	0.5	0.49	0.49	0	0	0.5
188300	0.5	0.49	0.49	0	0	0.5
188400	0.5	0.49	0.49	0	0	0.5
188500	0.5	0.49	0.49	0	0	0.5
188600	0.5	0.49	0.49	0	0	0.5
188700	0.5	0.49	0.49	0	0	0.5
188800	0.5	0.49	0.49	0	0	0.5
188900	0.5	0.49	0.49	0	0	0.5
189000	0.5	0.49	0.49	0	0	0.5
189100	0.5	0.49	0.49	0	0	0.5
189200	0.5	0.49	0.49	0	0	0.5
189300	0.5	0.49	0.49	0	0	0.5
189400	0.5	0.49	0.49	0	0	0.5
189500	0.5	0.49	0.49	0	0	0.5
189600	0.5	0.49	0.49	0	0	0.5
189700	0.5	0.49	0.49	0	0	0.5
189800	0.5	0.49	0.49	0	0	0.5
189900	0.5	0.49	0.49	0	0	0.5
190000	0.5	0.49	0.49	0	0	0.5
190100	0.5	0.49	0.49	0	0	0.5
190200	0.5	0.49	0.49	0	0	0.5
190300	0.5	0.49	0.49	0	0	0.5
190400	0.5	0.49	0.49	0	0	0.5
190500	0.5	0.49	0.49	0	0	0.5
190600	0.5	0.49	0.49	0	0	0.5
190700	0.5	0.49	0.49	0	0	0.5
190800	0.5	0.49	0.49	0	0	0.5
190900	0.5	0.49	0.49	0	0	0.5
191000	0.5	0.49	0.49	0	0	0.5
191100	0.5	0.49	0.49	0	0	0.5
191200	0.5	0.49	0.49	0	0	0.5
191300	0.5	0.49	0.49	0	0	0.5
191400	0.5	0.49	0.49	0	0	0.5
191500	0.5	0.49	0.49	0	0	0.5
191600	0.5	0.49	0.49	0	0	0.5
191700	0.5	0.49	0.49	0	0	0.5
191800	0.5	0.49	0.49	0	0	0.5
191900	0.5	0.49	0.49	0	0	0.5
192000	0.5	0.49	0.49	0	0	0.5
192100	0.5	0.49	0.49	0	0	0.5
192200	0.5	0.49	0.49	0	0	0.5
192300	0.5	0.49	0.49	0	0	0.5
192400	0.5	0.49	0.49	0	0	0.5
192500	0.5	0.49	0.49	0	0	0.5
192600	0.5	0.49	0.49	0	0	0.5
192700	0.5	0.49	0.49	0	0	0.5
192800	0.5	0.49	0.49	0	0	0.5
192900	0.5	0.49	0.49	0	0	0.5
193000	0.5	0.49	0.49	0	0	0.5
193100	0.5	0.49	0.49	0	0	0.5
193200	0.5	0.49	0.49	0	0	0.5
193300	0.5	0.49	0.49	0	0	0.5
193400	0.5	0.49	0.49	0	0	0.5
193500	0.5	0.49	0.49	0	0	0.5
193600	0.5	0.49	0.49	0	0	0.5
193700	0.5	0.49	0.49	0	0	0.5
193800	0.5	0.49	0.49	0	0	0.5
193900	0.5	0.49	0.49	0	0	0.5
194000	0.5	0.49	0.49	0	0	0.5
194100	0.5	0.49	0.49	0	0	0.5
194200	0.5	0.49	0.49	0	0	0.5
194300	0.5	0.49	0.49	0	0	0.5
194400	0.5	0.49	0.49	0	0	0.5
194500	0.5	0.49	0.49	0	0	0.5
194600	0.5	0.49	0.49	0	0	0.5
194700	0.5	0.49	0.49	0	0	0.5
194800	0.5	0.49	0.49	0	0	0.5
194900	0.5	0.49	0.49	0	0	0.5
195000	0.5	0.49	0.49	0	0	0.5
195100	0.5	0.49	0.49	0	0	0.5
195200	0.5	0.49	0.49	0	0	0.5
195300	0.5	0.49	0.49	0	0	0.5
195400	0.5	0.49	0.49	0	0	0.5
195500	0.5	0.49	0.49	0	0	0.5
195600	0.5	0.49	0.49	0	0	0.5
195700	0.5	0.49	0.49	0	0	0.5
195800	0.5	0.49	0.49	0	0	0.5
195900	0.5	0.49	0.49	0	0	0.5
196000	0.5	0.49	0.49	0	0	0.5
196100	0.5	0.49	0.49	0	0	0.5
196200	0.5	0.49	0.49	0	0	0.5
196300	0.5	0.49	0.49	0	0	0.5
196400	0.5	0.49	0.49	0	0	0.5
196500	0.5	0.49	0.49	0	0	0.5
196600	0.5	0.49	0.49	0	0	0.5
196700	0.5	0.49	0.49	0	0	0.5
196800	0.5	0.49	0.49	0	0	0.5
196900	0.5	0.49	0.49	0	0	0.5
197000	0.5	0.49	0.49	0	0	0.5
197100	0.5	0.49	0.49	0	0	0.5
197200	0.5	0.49	0.49	0	0	0.5
197300	0.5	0.49	0.49	0	0	0.5
197400	0.5	0.49	0.49	0	0	0.5
197500	0.5	0.49	0.49	0	0	0.5
197600	0.5	0.49	0.49	0	0	0.5
197700	0.5	0.49	0.49	0	0	0.5
197800	0.5	0.49	0.49	0	0	0.5
197900	0.5	0.49	0.49	0	0	0.5
198000	0.5	0.49	0.49	0	0	0.5
198100	0.5	0.49	0.49	0	0	0.5
198200	0.5	0.49	0.49	0	0	0.5
198300	0.5	0.49	0.49	0	0	0.5
198400	0.5	0.49	0.49	0	0	0.5
198500	0.5	0.49	0.49	0	0	0.5
198600	0.5	0.49	0.49	0	0	0.5
198700	0.5	0.49	0.49	0	0	0.5
198800	0.5	0.49	0.49	0	0	0.5
198900	0.5	0.49	0.49	0	0	0.5
199000	0.5	0.49	0.49	0	0	0.5
199100	0.5	0.49	0.49	0	0	0.5
199200	0.5	0.49	0.49	0	0	0.5
199300	0.5	0.49	0.49	0	0	0.5
199400	0.5	0.49	0.49	0	0	0.5
199500	0.5	0.49	0.49	0	0	0.5
199600	0.5	0.5	0.5	0	0	0.5
199700	0.5	0.5	0.5	0	0	0.5
199800	0.5	0.5	0.5	0	0	0.5
199900	0.5	0.5	0.5	0	0	0.5
200000	0.5	0.5	0.5	0	0	0.5
200100	0.5	0.5	0.5	0	0	0.5
200200	0.5	0.5	0.5	0	0	0.5
200300	0.5	0.5	0.5	0	0	0.5
200400	0.5	0.5	0.5	0	0	0.5
200500	0.5	0.5	0.5	0	0	0.5
200600	0.5	0.5	0.5	0	0	0.5
200700	0.5	0.5	0.5	0	0	0.5
200800	0.5	0.5	0.5	0	0	0.5
200900	0.5	0.5	0.5	0	0	0.5
201000	0.5	0.5	0.5	0	0	0.5
201100	0.5	0.5	0.5	0	0	0.5
201200	0.5	0.5	0.5	0	0	0.5
201300	0.5	0.5	0.5	0	0	0.5
201400	0.5	0.5	0.5	0	0	0.5
201500	0.5	0.5	0.5	0	0	0.5
201600	0.5	0.5	0.5	0	0	0.5
201700	0.5	0.5	0.5	0	0	0.5
201800	0.5	0.5	0.5	0	0	0.5
201900	0.5	0.5	0.5	0	0	0.5
202000	0.5	0.5	0.5	0	0	0.5
202100	0.5	0.5	0.5	0	0	0.5
202200	0.5	0.5	0.5	0	0	0.5
202300	0.5	0.5	0.5	0	0	0.5
202400	0.5	0.5	0.5	0	0	0.5
202500	0.5	0.5	0.5	0	0	0.5
202600	0.5	0.5	0.5	0	0	0.5
202700	0.5	0.5	0.5	0	0	0.5
202800	0.5	0.5	0.5	0	0	0.5
202900	0.5	0.5	0.5	0	0	0.5
203000	0.5	0.5	0.5	0	0	0.5
203100	0.5	0.5	0.5	0	0	0.5
203200	0.5	0.5	0.5	0	0	0.5
203300	0.5	0.5	0.5	0	0	0.5
203400	0.5	0.5	0.5	0	0	0.5
203500	0.5	0.5	0.5	0	0	0.5
203600	0.5	0.5	0.5	0	0	0.5
203700	0.5	0.5	0.5	0	0	0.5
203800	0.5	0.5	0.5	0	0	0.5
203900	0.5	0.5	0.5	0	0	0.5
204000	0.5	0.5	0.5	0	0	0.5
204100	0.5	0.5	0.5	0	0	0.5
204200	0.5	0.5	0.5	0	0	0.5
204300	0.5	0.5	0.5	0	0	0.5
204400	0.5	0.5	0.5	0	0	0.5
204500	0.5	0.5	0.5	0	0	0.5
204600	0.5	0.5	0.5	0	0	0.5
204700	0.5	0.5	0.5	0	0	0.5
204800	0.5	0.5	0.5	0	0	0.5
204900	0.5	0.5	0.5	0	0	0.5
205000	0.5	0.5	0.5	0	0	0.5
205100	0.5	0.5	0.5	0	0	0.5
205200	0.5	0.5	0.5	0	0	0.5
205300	0.5	0.5	0.5	0	0	0.5
205400	0.5	0.5	0.5	0	0	0.5
205500	0.5	0.5	0.5	0	0	0.5
205600	0.5	0.5	0.5	0	0	0.5
205700	0.5	0.5	0.5	0	0	0.5
205800	0.5	0.5	0.5	0	0	0.5
205900	0.5	0.5	0.5	0	0	0.5
206000	0.5	0.5	0.5	0	0	0.5
206100	0.5	0.5	0.5	0	0	0.5
206200	0.5	0.5	0.5	0	0	0.5
206300	0.5	0.5	0.5	0	0	0.5
206400	0.5	0.5	0.5	0	0	0.5
206500	0.5	0.5	0.5	0	0	0.5
206600	0.5	0.5	0.5	0	0	0.5
206700	0.5	0.5	0.5	0	0	0.5
206800	0.5	0.5	0.5	0	0	0.5
206900	0.5	0.5	0.5	0	0	0.5
207000	0.5	0.5	0.5	0	0	0.5
207100	0.5	0.5	0.5	0	0	0.5
207200	0.5	0.5	0.5	0	0	0.5
207300	0.5	0.5	0.5	0	0	0.5
207400	0.5	0.5	0.5	0	0	0.5
207500	0.5	0.5	0.5	0	0	0.5
207600	0.5	0.5	0.5	0	0	0.5
207700	0.5	0.5	0.5	0	0	0.5
207800	0.5	0.5	0.5	0	0	0.5
207900	0.5	0.5	0.5	0	0	0.5
208000	0.5	0.5	0.5	0	0	0.5
208100	0.5	0.5	0.5	0	0	0.5
208200	0.5	0.5	0.5	0	0	0.5
208300	0.5	0.5	0.5	0	0	0.5
208400	0.5	0.5	0.5	0	0	0.5
208500	0.5	0.5	0.5	0	0	0.5
208600	0.5	0.5	0.5	0	0	0.5
208700	0.5	0.5	0.5	0	0	0.5
208800	0.5	0.5	0.5	0	0	0.5
208900	0.5	0.5	0.5	0	0	0.5
209000	0.5	0.5	0.5	0	0	0.5
209100	0.5	0.5	0.5	0	0	0.5
209200	0.5	0.5	0.5	0	0	0.5
209300	0.5	0.5	0.5	0	0	0.5
209400	0.5	0.5	0.5	0	0	0.5
209500	0.5	0.5	0.5	0	0	0.5
209600	0.5	0.5	0.5	0	0	0.5
209700	0.5	0.5	0.5	0	0	0.5
209800	0.5	0.5	0.5	0	0	0.5
209900	0.5	0.5	0.5	0	0	0.5
210000	0.5	0.5	0.5	0	0	0.5
210100	0.5	0.5	0.5	0	0	0.5
210200	0.5	0.5	0.5	0	0	0.5
210300	0.5	0.5	0.5	0	0	0.5
210400	0.5	0.5	0.5	0	0	0.5
210500	0.5	0.5	0.5	0	0	0.5
210600	0.5	0.5	0.5	0	0	0.5
210700	0.5	0.5	0.5	0	0	0.5
210800	0.5	0.5	0.5	0	0	0.5
210900	0.5	0.5	0.5	0	0	0.5
211000	0.5	0.5	0.5	0	0	0.5
211100	0.5	0.5	0.5	0	0	0.5
211200	0.5	0.5	0.5	0	0	0.5
211300	0.5	0.5	0.5	0	0	0.5
211400	0.5	0.5	0.5	0	0	0.5
211500	0.5	0.49	0.49	0	0	0.5
211600	0.5	0.49	0.49	0	0	0.5
211700	0.5	0.49	0.49	0	0	0.5
211800	0.5	0.49	0.49	0	0	0.5
211900	0.5	0.49	0.49	0	0	0.5
212000	0.5	0.49	0.49	0	0	0.5
212100	0.5	0.49	0.49	0	0	0.5
212200	0.5	0.49	0.49	0	0	0.5
212300	0.5	0.49	0.49	0	0	0.5
212400	0.5	0.49	0.49	0	0	0.5
212500	0.5	0.49	0.49	0	0	0.5
212600	0.5	0.49	0.49	0	0	0.5
212700	0.5	0.49	0.49	0	0	0.5
212800	0.5	0.49	0.49	0	0	0.5
212900	0.5	0.49	0.49	0	0	0.5
213000	0.5	0.49	0.49	0	0	0.5
213100	0.5	0.49	0.49	0	0	0.5
213200	0.5	0.49	0.49	0	0	0.5
213300	0.5	0.49	0.49	0	0	0.5
213400	0.5	0.49	0.49	0	0	0.5
213500	0.5	0.49	0.49	0	0	0.5
213600	0.5	0.49	0.49	0	0	0.5
213700	0.5	0.49	0.49	0	0	0.5
213800	0.5	0.49	0.49	0	0	0.5
213900	0.5	0.49	0.49	0	0	0.5
214000	0.5	0.49	0.49	0	0	0.5
214100	0.5	0.49	0.49	0	0	0.5
214200	0.5	0.49	0.49	0	0	0.5
214300	0.5	0.49	0.49	0	0	0.5
214400	0.5	0.49	0.49	0	0	0.5
214500	0.5	0.49	0.49	0	0	0.5
214600	0.5	0.49	0.49	0	0	0.5
214700	0.5	0.49	0.49	0	0	0.5
214800	0.5	0.49	0.49	0	0	0.5
214900	0.5	0.49	0.49	0	0	0.5
215000	0.5	0.49	0.49	0	0	0.5
215100	0.5	0.49	0.49	0	0	0.5
215200	0.5	0.49	0.49	0	0	0.5
215300	0.5	0.49	0.49	0	0	0.5
215400	0.5	0.49	0.49	0	0	0.5
215500	0.5	0.49	0.49	0	0	0.5
215600	0.5	0.49	0.49	0	0	0.5
215700	0.5	0.49	0.49	0	0	0.5
215800	0.5	0.49	0.49	0	0	0.5
215900	0.5	0.49	0.49	0	0	0.5
216000	0.5	0.49	0.49	0	0	0.5
216100	0.5	0.49	0.49	0	0	0.5
216200	0.5	0.49	0.49	0	0	0.5
216300	0.5	0.49	0.49	0	0	0.5
216400	0.5	0.49	0.49	0	0	0.5
216500	0.5	0.5	0.5	0	0	0.5
216600	0.5	0.49	0.49	0	0	0.5
216700	0.5	0.49	0.49	0	0	0.5
216800	0.5	0.49	0.49	0	0	0.5
216900	0.5	0.49	0.49	0	0	0.5
217000	0.5	0.49	0.49	0	0	0.5
217100	0.5	0.49	0.49	0	0	0.5
217200	0.5	0.49	0.49	0	0	0.5
217300	0.5	0.49	0.49	0	0	0.5
217400	0.5	0.49	0.49	0	0	0.5
217500	0.5	0.49	0.49	0	0	0.5
217600	0.5	0.49	0.49	0	0	0.5
217700	0.5	0.49	0.49	0	0	0.5
217800	0.5	0.49	0.49	0	0	0.5
217900	0.5	0.49	0.49	0	0	0.5
218000	0.5	0.49	0.49	0	0	0.5
218100	0.5	0.5	0.5	0	0	0.5
218200	0.5	0.5	0.5	0	0	0.5
218300	0.5	0.5	0.5	0	0	0.5
218400	0.5	0.5	0.5	0	0	0.5
218500	0.5	0.5	0.5	0	0	0.5
218600	0.5	0.5	0.5	0	0	0.5
218700	0.5	0.5	0.5	0	0	0.5
218800	0.5	0.5	0.5	0	0	0.5
218900	0.5	0.5	0.5	0	0	0.5
219000	0.5	0.5	0.5	0	0	0.5
219100	0.5	0.5	0.5	0	0	0.5
219200	0.5	0.5	0.5	0	0	0.5
219300	0.5	0.5	0.5	0	0	0.5
219400	0.5	0.5	0.5	0	0	0.5
219500	0.5	0.5	0.5	0	0	0.5
219600	0.5	0.5	0.5	0	0	0.5
219700	0.5	0.5	0.5	0	0	0.5
219800	0.5	0.5	0.5	0	0	0.5
219900	0.5	0.5	0.5	0	0	0.5
220000	0.5	0.5	0.5	0	0	0.5
220100	0.5	0.5	0.5	0	0	0.5
220200	0.5	0.5	0.5	0	0	0.5
220300	0.5	0.49	0.49	0	0	0.5
220400	0.5	0.49	0.49	0	0	0.5
220500	0.5	0.49	0.49	0	0	0.5
220600	0.5	0.49	0.49	0	0	0.5
220700	0.5	0.49	0.49	0	0	0.5
220800	0.5	0.49	0.49	0	0	0.5
220900	0.5	0.49	0.49	0	0	0.5
221000	0.5	0.49	0.49	0	0	0.5
221100	0.5	0.49	0.49	0	0	0.5
221200	0.5	0.49	0.49	0	0	0.5
221300	0.5	0.49	0.49	0	0	0.5
221400	0.5	0.49	0.49	0	0	0.5
221500	0.5	0.49	0.49	0	0	0.5
221600	0.5	0.49	0.49	0	0	0.5
221700	0.5	0.49	0.49	0	0	0.5
221800	0.5	0.49	0.49	0	0	0.5
221900	0.5	0.49	0.49	0	0	0.5
222000	0.5	0.49	0.49	0	0	0.5
222100	0.5	0.49	0.49	0	0	0.5
222200	0.5	0.49	0.49	0	0	0.5
222300	0.5	0.49	0.49	0	0	0.5
222400	0.5	0.49	0.49	0	0	0.5
222500	0.5	0.49	0.49	0	0	0.5
222600	0.5	0.49	0.49	0	0	0.5
222700	0.5	0.49	0.49	0	0	0.5
222800	0.5	0.49	0.49	0	0	0.5
222900	0.5	0.49	0.49	0	0	0.5
223000	0.5	0.49	0.49	0	0	0.5
223100	0.5	0.49	0.49	0	0	0.5
223200	0.5	0.49	0.49	0	0	0.5
223300	0.5	0.49	0.49	0	0	0.5
223400	0.5	0.49	0.49	0	0	0.5
223500	0.5	0.49	0.49	0	0	0.5
223600	0.5	0.49	0.49	0	0	0.5
223700	0.5	0.49	0.49	0	0	0.5
223800	0.5	0.49	0.49	0	0	0.5
223900	0.5	0.49	0.49	0	0	0.5
224000	0.5	0.49	0.49	0	0	0.5
224100	0.5	0.49	0.49	0	0	0.5
224200	0.5	0.49	0.49	0	0	0.5
224300	0.5	0.49	0.49	0	0	0.5
224400	0.5	0.49	0.49	0	0	0.5
224500	0.5	0.49	0.49	0	0	0.5
224600	0.5	0.49	0.49	0	0	0.5
224700	0.5	0.49	0.49	0	0	0.5
224800	0.5	0.49	0.49	0	0	0.5
224900	0.5	0.49	0.49	0	0	0.5
225000	0.5	0.5	0.5	0	0	0.5
225100	0.5	0.5	0.5	0	0	0.5
225200	0.5	0.5	0.5	0	0	0.5
225300	0.5	0.5	0.5	0	0	0.5
225400	0.5	0.5	0.5	0	0	0.5
225500	0.5	0.5	0.5	0	0	0.5
225600	0.5	0.5	0.5	0	0	0.5
225700	0.5	0.5	0.5	0	0	0.5
225800	0.5	0.5	0.5	0	0	0.5
225900	0.5	0.5	0.5	0	0	0.5
226000	0.5	0.5	0.5	0	0	0.5
226100	0.5	0.5	0.5	0	0	0.5
226200	0.5	0.5	0.5	0	0	0.5
226300	0.5	0.5	0.5	0	0	0.5
226400	0.5	0.5	0.5	0	0	0.5
226500	0.5	0.5	0.5	0	0	0.5
226600	0.5	0.5	0.5	0	0	0.5
226700	0.5	0.5	0.5	0	0	0.5
226800	0.5	0.5	0.5	0	0	0.5
226900	0.5	0.5	0.5	0	0	0.5
227000	0.5	0.5	0.5	0	0	0.5
227100	0.5	0.5	0.5	0	0	0.5
227200	0.5	0.5	0.5	0	0	0.5
227300	0.5	0.5	0.5	0	0	0.5
227400	0.5	0.5	0.5	0	0	0.5
227500	0.5	0.5	0.5	0	0	0.5
227600	0.5	0.5	0.5	0	0	0.5
227700	0.5	0.5	0.5	0	0	0.5
227800	0.5	0.5	0.5	0	0	0.5
227900	0.5	0.5	0.5	0	0	0.5
228000	0.5	0.5	0.5	0	0	0.5
228100	0.5	0.5	0.5	0	0	0.5
228200	0.5	0.5	0.5	0	0	0.5
228300	0.5	0.5	0.5	0	0	0.5
228400	0.5	0.5	0.5	0	0	0.5
228500	0.5	0.5	0.5	0	0	0.5
228600	0.5	0.5	0.5	0	0	0.5
228700	0.5	0.5	0.5	0	0	0.5
228800	0.5	0.5	0.5	0	0	0.5
228900	0.5	0.5	0.5	0	0	0.5
229000	0.5	0.5	0.5	0	0	0.5
229100	0.5	0.5	0.5	0	0	0.5
229200	0.5	0.5	0.5	0	0	0.5
229300	0.5	0.5	0.5	0	0	0.5
229400	0.5	0.5	0.5	0	0	0.5
229500	0.5	0.5	0.5	0	0	0.5
229600	0.5	0.5	0.5	0	0	0.5
229700	0.5	0.5	0.5	0	0	0.5
229800	0.5	0.5	0.5	0	0	0.5
229900	0.5	0.5	0.5	0	0	0.5
230000	0.5	0.5	0.5	0	0	0.5
230100	0.5	0.5	0.5	0	0	0.5
230200	0.5	0.5	0.5	0	0	0.5
230300	0.5	0.5	0.5	0	0	0.5
230400	0.5	0.5	0.5	0	0	0.5
230500	0.5	0.5	0.5	0	0	0.5
230600	0.5	0.5	0.5	0	0	0.5
230700	0.5	0.5	0.5	0	0	0.5
230800	0.5	0.5	0.5	0	0	0.5
230900	0.5	0.5	0.5	0	0	0.5
231000	0.5	0.5	0.5	0	0	0.5
231100	0.5	0.5	0.5	0	0	0.5
231200	0.5	0.5	0.5	0	0	0.5
231300	0.5	0.5	0.5	0	0	0.5
231400	0.5	0.5	0.5	0	0	0.5
231500	0.5	0.5	0.5	0	0	0.5
231600	0.5	0.5	0.5	0	0	0.5
231700	0.5	0.5	0.5	0	0	0.5
231800	0.5	0.5	0.5	0	0	0.5
231900	0.5	0.5	0.5	0	0	0.5
232000	0.5	0.5	0.5	0	0	0.5
232100	0.5	0.5	0.5	0	0	0.5
232200	0.5	0.5	0.5	0	0	0.5
232300	0.5	0.5	0.5	0	0	0.5
232400	0.5	0.5	0.5	0	0	0.5
232500	0.5	0.5	0.5	0	0	0.5
232600	0.5	0.5	0.5	0	0	0.5
232700	0.5	0.5	0.5	0	0	0.5
232800	0.5	0.5	0.5	0	0	0.5
232900	0.5	0.5	0.5	0	0	0.5
233000	0.5	0.5	0.5	0	0	0.5
233100	0.5	0.5	0.5	0	0	0.5
233200	0.5	0.5	0.5	0	0	0.5
233300	0.5	0.5	0.5	0	0	0.5
233400	0.5	0.5	0.5	0	0	0.5
233500	0.5	0.5	0.5	0	0	0.5
233600	0.5	0.5	0.5	0	0	0.5
233700	0.49	0.5	0.5	0	0	0.49
233800	0.49	0.5	0.5	0	0	0.49
233900	0.49	0.5	0.5	0	0	0.49
234000	0.49	0.5	0.5	0	0	0.49
234100	0.49	0.5	0.5	0	0	0.49
234200	0.49	0.5	0.5	0	0	0.49
234300	0.49	0.5	0.5	0	0	0.49
234400	0.49	0.5	0.5	0	0	0.49
234500	0.49	0.5	0.5	0	0	0.49
234600	0.49	0.5	0.5	0	0	0.49
234700	0.49	0.5	0.5	0	0	0.49
234800	0.49	0.5	0.5	0	0	0.49
234900	0.49	0.5	0.5	0	0	0.49
235000	0.49	0.5	0.5	0	0	0.49
235100	0.49	0.5	0.5	0	0	0.49
235200	0.49	0.5	0.5	0	0	0.49
235300	0.49	0.5	0.5	0	0	0.49
235400	0.49	0.5	0.5	0	0	0.49
235500	0.49	0.5	0.5	0	0	0.49
235600	0.49	0.5	0.5	0	0	0.49
235700	0.49	0.5	0.5	0	0	0.49
235800	0.5	0.5	0.5	0	0	0.5
235900	0.5	0.5	0.5	0	0	0.5
236000	0.5	0.5	0.5	0	0	0.5
236100	0.5	0.5	0.5	0	0	0.5
236200	0.5	0.5	0.5	0	0	0.5
236300	0.5	0.5	0.5	0	0	0.5
236400	0.5	0.5	0.5	0	0	0.5
236500	0.5	0.5	0.5	0	0	0.5
236600	0.5	0.5	0.5	0	0	0.5
236700	0.5	0.5	0.5	0	0	0.5
236800	0.5	0.5	0.5	0	0	0.5
236900	0.5	0.5	0.5	0	0	0.5
237000	0.5	0.5	0.5	0	0	0.5
237100	0.5	0.5	0.5	0	0	0.5
237200	0.5	0.5	0.5	0	0	0.5
237300	0.5	0.5	0.5	0	0	0.5
237400	0.5	0.5	0.5	0	0	0.5
237500	0.5	0.5	0.5	0	0	0.5
237600	0.5	0.5	0.5	0	0	0.5
237700	0.5	0.5	0.5	0	0	0.5
237800	0.5	0.5	0.5	0	0	0.5
237900	0.5	0.5	0.5	0	0	0.5
238000	0.5	0.5	0.5	0	0	0.5
238100	0.5	0.5	0.5	0	0	0.5
238200	0.5	0.5	0.5	0	0	0.5
238300	0.5	0.5	0.5	0	0	0.5
238400	0.5	0.5	0.5	0	0	0.5
238500	0.5	0.5	0.5	0	0	0.5
238600	0.5	0.5	0.5	0	0	0.5
238700	0.5	0.5	0.5	0	0	0.5
238800	0.5	0.5	0.5	0	0	0.5
238900	0.5	0.5	0.5	0	0	0.5
239000	0.5	0.49	0.49	0	0	0.5
239100	0.5	0.49	0.49	0	0	0.5
239200	0.5	0.49	0.49	0	0	0.5
239300	0.5	0.49	0.49	0	0	0.5
239400	0.5	0.49	0.49	0	0	0.5
239500	0.5	0.49	0.49	0	0	0.5
239600	0.5	0.49	0.49	0	0	0.5
239700	0.5	0.5	0.5	0	0	0.5
239800	0.5	0.5	0.5	0	0	0.5
239900	0.5	0.5	0.5	0	0	0.5
240000	0.5	0.5	0.5	0	0	0.5
240100	0.5	0.5	0.5	0	0	0.5
240200	0.5	0.5	0.5	0	0	0.5
240300	0.5	0.5	0.5	0	0	0.5
240400	0.5	0.5	0.5	0	0	0.5
240500	0.5	0.5	0.5	0	0	0.5
240600	0.5	0.5	0.5	0	0	0.5
240700	0.5	0.5	0.5	0	0	0.5
240800	0.5	0.5	0.5	0	0	0.5
240900	0.5	0.5	0.5	0	0	0.5
241000	0.5	0.5	0.5	0	0	0.5
241100	0.5	0.5	0.5	0	0	0.5
241200	0.5	0.5	0.5	0	0	0.5
241300	0.5	0.5	0.5	0	0	0.5
241400	0.5	0.5	0.5	0	0	0.5
241500	0.5	0.5	0.5	0	0	0.5
241600	0.5	0.5	0.5	0	0	0.5
241700	0.5	0.5	0.5	0	0	0.5
241800	0.5	0.5	0.5	0	0	0.5
241900	0.5	0.5	0.5	0	0	0.5
242000	0.5	0.5	0.5	0	0	0.5
242100	0.5	0.5	0.5	0	0	0.5
242200	0.5	0.5	0.5	0	0	0.5
242300	0.5	0.5	0.5	0	0	0.5
242400	0.5	0.5	0.5	0	0	0.5
242500	0.5	0.5	0.5	0	0	0.5
242600	0.5	0.5	0.5	0	0	0.5
242700	0.5	0.5	0.5	0	0	0.5
242800	0.5	0.5	0.5	0	0	0.5
242900	0.5	0.5	0.5	0	0	0.5
243000	0.5	0.5	0.5	0	0	0.5
243100	0.5	0.5	0.5	0	0	0.5
243200	0.5	0.5	0.5	0	0	0.5
243300	0.5	0.5	0.5	0	0	0.5
243400	0.5	0.5	0.5	0	0	0.5
243500	0.5	0.5	0.5	0	0	0.5
243600	0.5	0.5	0.5	0	0	0.5
243700	0.5	0.5	0.5	0	0	0.5
243800	0.5	0.5	0.5	0	0	0.5
243900	0.5	0.5	0.5	0	0	0.5
244000	0.5	0.5	0.5	0	0	0.5
244100	0.5	0.5	0.5	0	0	0.5
244200	0.5	0.5	0.5	0	0	0.5
244300	0.5	0.5	0.5	0	0	0.5
244400	0.5	0.5	0.5	0	0	0.5
244500	0.5	0.5	0.5	0	0	0.5
244600	0.5	0.5	0.5	0	0	0.5
244700	0.5	0.5	0.5	0	0	0.5
244800	0.5	0.5	0.5	0	0	0.5
244900	0.5	0.5	0.5	0	0	0.5
245000	0.5	0.5	0.5	0	0	0.5
245100	0.5	0.5	0.5	0	0	0.5
245200	0.49	0.5	0.5	0	0	0.49
245300	0.49	0.5	0.5	0	0	0.49
245400	0.49	0.5	0.5	0	0	0.49
245500	0.49	0.5	0.5	0	0	0.49
245600	0.49	0.5	0.5	0	0	0.49
245700	0.49	0.5	0.5	0	0	0.49
245800	0.49	0.5	0.5	0	0	0.49
245900	0.49	0.5	0.5	0	0	0.49
246000	0.49	0.5	0.5	0	0	0.49
246100	0.49	0.5	0.5	0	0	0.49
246200	0.49	0.5	0.5	0	0	0.49
246300	0.49	0.5	0.5	0	0	0.49
246400	0.49	0.5	0.5	0	0	0.49
246500	0.49	0.5	0.5	0	0	0.49
246600	0.49	0.5	0.5	0	0	0.49
246700	0.49	0.5	0.5	0	0	0.49
246800	0.49	0.5	0.5	0	0	0.49
246900	0.49	0.5	0.5	0	0	0.49
247000	0.49	0.5	0.5	0	0	0.49
247100	0.49	0.5	0.5	0	0	0.49
247200	0.49	0.5	0.5	0	0	0.49
247300	0.49	0.5	0.5	0	0	0.49
247400	0.49	0.5	0.5	0	0	0.49
247500	0.49	0.5	0.5	0	0	0.49
247600	0.49	0.5	0.5	0	0	0.49
247700	0.49	0.5	0.5	0	0	0.49
247800	0.49	0.5	0.5	0	0	0.49
247900	0.49	0.5	0.5	0	0	0.49
248000	0.49	0.5	0.5	0	0	0.49
248100	0.49	0.5	0.5	0	0	0.49
248200	0.49	0.5	0.5	0	0	0.49
248300	0.49	0.5	0.5	0	0	0.49
248400	0.49	0.5	0.5	0	0	0.49
248500	0.49	0.5	0.5	0	0	0.49
248600	0.49	0.5	0.5	0	0	0.49
248700	0.49	0.5	0.5	0	0	0.49
248800	0.49	0.5	0.5	0	0	0.49
248900	0.49	0.5	0.5	0	0	0.49
249000	0.49	0.5	0.5	0	0	0.49
249100	0.49	0.5	0.5	0	0	0.49
249200	0.49	0.5	0.5	0	0	0.49
249300	0.49	0.5	0.5	0	0	0.49
249400	0.49	0.5	0.5	0	0	0.49
249500	0.49	0.5	0.5	0	0	0.49
249600	0.49	0.5	0.5	0	0	0.49
249700	0.49	0.5	0.5	0	0	0.49
249800	0.49	0.5	0.5	0	0	0.49
249900	0.49	0.5	0.5	0	0	0.49
250000	0.49	0.5	0.5	0	0	0.49
250100	0.49	0.5	0.5	0	0	0.49
250200	0.49	0.5	0.5	0	0	0.49
250300	0.49	0.5	0.5	0	0	0.49
250400	0.49	0.5	0.5	0	0	0.49
250500	0.49	0.5	0.5	0	0	0.49
250600	0.49	0.5	0.5	0	0	0.49
250700	0.49	0.5	0.5	0	0	0.49
250800	0.49	0.5	0.5	0	0	0.49
250900	0.49	0.5	0.5	0	0	0.49
251000	0.49	0.5	0.5	0	0	0.49
251100	0.49	0.5	0.5	0	0	0.49
251200	0.49	0.5	0.5	0	0	0.49
251300	0.49	0.5	0.5	0	0	0.49
251400	0.49	0.5	0.5	0	0	0.49
251500	0.49	0.5	0.5	0	0	0.49
251600	0.49	0.5	0.5	0	0	0.49
251700	0.49	0.5	0.5	0	0	0.49
251800	0.49	0.5	0.5	0	0	0.49
251900	0.49	0.5	0.5	0	0	0.49
252000	0.49	0.5	0.5	0	0	0.49
252100	0.49	0.5	0.5	0	0	0.49
252200	0.49	0.5	0.5	0	0	0.49
252300	0.49	0.5	0.5	0	0	0.49
252400	0.49	0.5	0.5	0	0	0.49
252500	0.49	0.5	0.5	0	0	0.49
252600	0.49	0.5	0.5	0	0	0.49
252700	0.49	0.5	0.5	0	0	0.49
252800	0.49	0.5	0.5	0	0	0.49
252900	0.49	0.5	0.5	0	0	0.49
253000	0.49	0.5	0.5	0	0	0.49
253100	0.49	0.5	0.5	0	0	0.49
253200	0.49	0.5	0.5	0	0	0.49
253300	0.49	0.5	0.5	0	0	0.49
253400	0.49	0.5	0.5	0	0	0.49
253500	0.49	0.5	0.5	0	0	0.49
253600	0.49	0.5	0.5	0	0	0.49
253700	0.49	0.49	0.49	0	0	0.49
253800	0.49	0.49	0.49	0	0	0.49
253900	0.49	0.49	0.49	0	0	0.49
254000	0.49	0.49	0.49	0	0	0.49
254100	0.49	0.49	0.49	0	0	0.49
254200	0.49	0.49	0.49	0	0	0.49
254300	0.49	0.49	0.49	0	0	0.49
254400	0.49	0.49	0.49	0	0	0.49
254500	0.49	0.49	0.49	0	0	0.49
254600	0.49	0.49	0.49	0	0	0.49
254700	0.49	0.49	0.49	0	0	0.49
254800	0.49	0.49	0.49	0	0	0.49
254900	0.49	0.49	0.49	0	0	0.49
255000	0.49	0.49	0.49	0	0	0.49
255100	0.49	0.49	0.49	0	0	0.49
255200	0.49	0.49	0.49	0	0	0.49
255300	0.49	0.49	0.49	0	0	0.49
255400	0.49	0.49	0.49	0	0	0.49
255500	0.49	0.49	0.49	0	0	0.49
255600	0.49	0.49	0.49	0	0	0.49
255700	0.49	0.49	0.49	0	0	0.49
255800	0.49	0.49	0.49	0	0	0.49
255900	0.49	0.49	0.49	0	0	0.49
256000	0.49	0.49	0.49	0	0	0.49
256100	0.49	0.49	0.49	0	0	0.49
256200	0.49	0.49	0.49	0	0	0.49
256300	0.49	0.49	0.49	0	0	0.49
256400	0.49	0.49	0.49	0	0	0.49
256500	0.49	0.49	0.49	0	0	0.49
256600	0.49	0.49	0.49	0	0	0.49
256700	0.49	0.49	0.49	0	0	0.49
256800	0.49	0.49	0.49	0	0	0.49
256900	0.49	0.49	0.49	0	0	0.49
257000	0.49	0.49	0.49	0	0	0.49
257100	0.49	0.49	0.49	0	0	0.49
257200	0.49	0.49	0.49	0	0	0.49
257300	0.49	0.49	0.49	0	0	0.49
257400	0.49	0.49	0.49	0	0	0.49
257500	0.49	0.49	0.49	0	0	0.49
257600	0.49	0.49	0.49	0	0	0.49
257700	0.49	0.49	0.49	0	0	0.49
257800	0.49	0.49	0.49	0	0	0.49
257900	0.49	0.49	0.49	0	0	0.49
258000	0.49	0.49	0.49	0	0	0.49
258100	0.49	0.49	0.49	0	0	0.49
258200	0.49	0.49	0.49	0	0	0.49
258300	0.5	0.49	0.49	0	0	0.5
258400	0.5	0.49	0.49	0	0	0.5
258500	0.5	0.49	0.49	0	0	0.5
258600	0.5	0.49	0.49	0	0	0.5
258700	0.5	0.49	0.49	0	0	0.5
258800	0.5	0.49	0.49	0	0	0.5
258900	0.5	0.49	0.49	0	0	0.5
259000	0.5	0.49	0.49	0	0	0.5
259100	0.5	0.5	0.5	0	0	0.5
259200	0.5	0.5	0.5	0	0	0.5
259300	0.5	0.5	0.5	0	0	0.5
259400	0.5	0.5	0.5	0	0	0.5
259500	0.5	0.5	0.5	0	0	0.5
259600	0.5	0.5	0.5	0	0	0.5
259700	0.5	0.5	0.5	0	0	0.5
259800	0.5	0.5	0.5	0	0	0.5
259900	0.5	0.5	0.5	0	0	0.5
260000	0.5	0.5	0.5	0	0	0.5
260100	0.5	0.5	0.5	0	0	0.5
260200	0.5	0.5	0.5	0	0	0.5
260300	0.5	0.5	0.5	0	0	0.5
260400	0.5	0.5	0.5	0	0	0.5
260500	0.5	0.5	0.5	0	0	0.5
260600	0.5	0.5	0.5	0	0	0.5
260700	0.5	0.5	0.5	0	0	0.5
260800	0.5	0.5	0.5	0	0	0.5
260900	0.5	0.5	0.5	0	0	0.5
261000	0.5	0.5	0.5	0	0	0.5
261100	0.5	0.5	0.5	0	0	0.5
261200	0.5	0.5	0.5	0	0	0.5
261300	0.5	0.5	0.5	0	0	0.5
261400	0.49	0.5	0.5	0	0	0.49
261500	0.49	0.5	0.5	0	0	0.49
261600	0.49	0.5	0.5	0	0	0.49
261700	0.49	0.5	0.5	0	0	0.49
261800	0.49	0.5	0.5	0	0	0.49
261900	0.49	0.5	0.5	0	0	0.49
262000	0.49	0.5	0.5	0	0	0.49
262100	0.5	0.5	0.5	0	0	0.5
262200	0.5	0.5	0.5	0	0	0.5
262300	0.5	0.5	0.5	0	0	0.5
262400	0.5	0.5	0.5	0	0	0.5
262500	0.5	0.5	0.5	0	0	0.5
262600	0.5	0.5	0.5	0	0	0.5
262700	0.5	0.5	0.5	0	0	0.5
262800	0.5	0.5	0.5	0	0	0.5
262900	0.5	0.5	0.5	0	0	0.5
263000	0.5	0.5	0.5	0	0	0.5
263100	0.5	0.5	0.5	0	0	0.5
263200	0.5	0.5	0.5	0	0	0.5
263300	0.5	0.5	0.5	0	0	0.5
263400	0.5	0.5	0.5	0	0	0.5
263500	0.5	0.5	0.5	0	0	0.5
263600	0.5	0.5	0.5	0	0	0.5
263700	0.5	0.5	0.5	0	0	0.5
263800	0.5	0.5	0.5	0	0	0.5
263900	0.5	0.5	0.5	0	0	0.5
264000	0.5	0.5	0.5	0	0	0.5
264100	0.5	0.5	0.5	0	0	0.5
264200	0.5	0.5	0.5	0	0	0.5
264300	0.5	0.5	0.5	0	0	0.5
264400	0.5	0.5	0.5	0	0	0.5
264500	0.5	0.5	0.5	0	0	0.5
264600	0.5	0.5	0.5	0	0	0.5
264700	0.5	0.5	0.5	0	0	0.5
264800	0.5	0.5	0.5	0	0	0.5
264900	0.5	0.5	0.5	0	0	0.5
265000	0.5	0.5	0.5	0	0	0.5
265100	0.5	0.5	0.5	0	0	0.5
265200	0.5	0.5	0.5	0	0	0.5
265300	0.5	0.5	0.5	0	0	0.5
265400	0.5	0.5	0.5	0	0	0.5
265500	0.5	0.5	0.5	0	0	0.5
265600	0.5	0.5	0.5	0	0	0.5
265700	0.5	0.5	0.5	0	0	0.5
265800	0.5	0.5	0.5	0	0	0.5
265900	0.5	0.5	0.5	0	0	0.5
266000	0.5	0.5	0.5	0	0	0.5
266100	0.5	0.5	0.5	0	0	0.5
266200	0.5	0.5	0.5	0	0	0.5
266300	0.5	0.5	0.5	0	0	0.5
266400	0.5	0.5	0.5	0	0	0.5
266500	0.5	0.5	0.5	0	0	0.5
266600	0.5	0.5	0.5	0	0	0.5
266700	0.5	0.5	0.5	0	0	0.5
266800	0.5	0.5	0.5	0	0	0.5
266900	0.5	0.5	0.5	0	0	0.5
267000	0.5	0.5	0.5	0	0	0.5
267100	0.5	0.5	0.5	0	0	0.5
267200	0.5	0.5	0.5	0	0	0.5
267300	0.5	0.5	0.5	0	0	0.5
267400	0.5	0.5	0.5	0	0	0.5
267500	0.5	0.5	0.5	0	0	0.5
267600	0.5	0.5	0.5	0	0	0.5
267700	0.5	0.5	0.5	0	0	0.5
267800	0.5	0.5	0.5	0	0	0.5
267900	0.5	0.5	0.5	0	0	0.5
268000	0.5	0.5	0.5	0	0	0.5
268100	0.5	0.5	0.5	0	0	0.5
268200	0.5	0.5	0.5	0	0	0.5
268300	0.5	0.5	0.5	0	0	0.5
268400	0.5	0.5	0.5	0	0	0.5
268500	0.5	0.5	0.5	0	0	0.5
268600	0.5	0.5	0.5	0	0	0.5
268700	0.5	0.5	0.5	0	0	0.5
268800	0.5	0.5	0.5	0	0	0.5
268900	0.5	0.5	0.5	0	0	0.5
269000	0.5	0.5	0.5	0	0	0.5
269100	0.5	0.5	0.5	0	0	0.5
269200	0.5	0.5	0.5	0	0	0.5
269300	0.5	0.5	0.5	0	0	0.5
269400	0.5	0.5	0.5	0	0	0.5
269500	0.5	0.5	0.5	0	0	0.5
269600	0.5	0.5	0.5	0	0	0.5
269700	0.5	0.5	0.5	0	0	0.5
269800	0.5	0.5	0.5	0	0	0.5
269900	0.5	0.5	0.5	0	0	0.5
270000	0.5	0.5	0.5	0	0	0.5
270100	0.5	0.5	0.5	0	0	0.5
270200	0.5	0.5	0.5	0	0	0.5
270300	0.5	0.5	0.5	0	0	0.5
270400	0.5	0.5	0.5	0	0	0.5
270500	0.5	0.5	0.5	0	0	0.5
270600	0.5	0.5	0.5	0	0	0.5
270700	0.5	0.5	0.5	0	0	0.5
270800	0.5	0.5	0.5	0	0	0.5
270900	0.5	0.5	0.5	0	0	0.5
271000	0.5	0.5	0.5	0	0	0.5
271100	0.5	0.5	0.5	0	0	0.5
271200	0.5	0.5	0.5	0	0	0.5
271300	0.5	0.5	0.5	0	0	0.5
271400	0.5	0.5	0.5	0	0	0.5
271500	0.5	0.5	0.5	0	0	0.5
271600	0.5	0.5	0.5	0	0	0.5
271700	0.5	0.5	0.5	0	0	0.5
271800	0.5	0.5	0.5	0	0	0.5
271900	0.5	0.5	0.5	0	0	0.5
272000	0.5	0.5	0.5	0	0	0.5
272100	0.5	0.5	0.5	0	0	0.5
272200	0.5	0.5	0.5	0	0	0.5
272300	0.5	0.5	0.5	0	0	0.5
272400	0.5	0.5	0.5	0	0	0.5
272500	0.5	0.5	0.5	0	0	0.5
272600	0.5	0.5	0.5	0	0	0.5
272700	0.5	0.5	0.5	0	0	0.5
272800	0.5	0.5	0.5	0	0	0.5
272900	0.5	0.5	0.5	0	0	0.5
273000	0.5	0.5	0.5	0	0	0.5
273100	0.5	0.5	0.5	0	0	0.5
273200	0.5	0.5	0.5	0	0	0.5
273300	0.5	0.5	0.5	0	0	0.5
273400	0.5	0.5	0.5	0	0	0.5
273500	0.5	0.5	0.5	0	0	0.5
273600	0.5	0.5	0.5	0	0	0.5
273700	0.5	0.5	0.5	0	0	0.5
273800	0.5	0.5	0.5	0	0	0.5
273900	0.5	0.5	0.5	0	0	0.5
274000	0.5	0.5	0.5	0	0	0.5
274100	0.5	0.5	0.5	0	0	0.5
274200	0.5	0.5	0.5	0	0	0.5
274300	0.5	0.5	0.5	0	0	0.5
274400	0.5	0.5	0.5	0	0	0.5
274500	0.49	0.5	0.5	0	0	0.49
274600	0.49	0.5	0.5	0	0	0.49
274700	0.49	0.5	0.5	0	0	0.49
274800	0.49	0.5	0.5	0	0	0.49
274900	0.49	0.5	0.5	0	0	0.49
275000	0.49	0.5	0.5	0	0	0.49
275100	0.49	0.5	0.5	0	0	0.49
275200	0.49	0.5	0.5	0	0	0.49
275300	0.49	0.5	0.5	0	0	0.49
275400	0.49	0.5	0.5	0	0	0.49
275500	0.49	0.5	0.5	0	0	0.49
275600	0.49	0.5	0.5	0	0	0.49
275700	0.49	0.5	0.5	0	0	0.49
275800	0.49	0.5	0.5	0	0	0.49
275900	0.49	0.5	0.5	0	0	0.49
276000	0.49	0.5	0.5	0	0	0.49
276100	0.49	0.5	0.5	0	0	0.49
276200	0.49	0.5	0.5	0	0	0.49
276300	0.49	0.5	0.5	0	0	0.49
276400	0.49	0.5	0.5	0	0	0.49
276500	0.49	0.5	0.5	0	0	0.49
276600	0.49	0.5	0.5	0	0	0.49
276700	0.49	0.5	0.5	0	0	0.49
276800	0.49	0.5	0.5	0	0	0.49
276900	0.49	0.5	0.5	0	0	0.49
277000	0.49	0.5	0.5	0	0	0.49
277100	0.49	0.5	0.5	0	0	0.49
277200	0.49	0.5	0.5	0	0	0.49
277300	0.49	0.5	0.5	0	0	0.49
277400	0.49	0.5	0.5	0	0	0.49
277500	0.49	0.49	0.49	0	0	0.49
277600	0.49	0.49	0.49	0	0	0.49
277700	0.49	0.49	0.49	0	0	0.49
277800	0.49	0.49	0.49	0	0	0.49
277900	0.49	0.49	0.49	0	0	0.49
278000	0.49	0.49	0.49	0	0	0.49
278100	0.49	0.49	0.49	0	0	0.49
278200	0.49	0.49	0.49	0	0	0.49
278300	0.49	0.49	0.49	0	0	0.49
278400	0.49	0.49	0.49	0	0	0.49
278500	0.49	0.49	0.49	0	0	0.49
278600	0.49	0.49	0.49	0	0	0.49
278700	0.49	0.49	0.49	0	0	0.49
278800	0.49	0.49	0.49	0	0	0.49
278900	0.49	0.49	0.49	0	0	0.49
279000	0.49	0.49	0.49	0	0	0.49
279100	0.49	0.49	0.49	0	0	0.49
279200	0.49	0.49	0.49	0	0	0.49
279300	0.49	0.49	0.49	0	0	0.49
279400	0.49	0.49	0.49	0	0	0.49
279500	0.49	0.49	0.49	0	0	0.49
279600	0.49	0.5	0.5	0	0	0.49
279700	0.49	0.5	0.5	0	0	0.49
279800	0.49	0.5	0.5	0	0	0.49
279900	0.49	0.5	0.5	0	0	0.49
280000	0.49	0.5	0.5	0	0	0.49
280100	0.49	0.5	0.5	0	0	0.49
280200	0.49	0.5	0.5	0	0	0.49
280300	0.49	0.5	0.5	0	0	0.49
280400	0.49	0.5	0.5	0	0	0.49
280500	0.49	0.5	0.5	0	0	0.49
280600	0.49	0.5	0.5	0	0	0.49
280700	0.49	0.5	0.5	0	0	0.49
280800	0.49	0.5	0.5	0	0	0.49
280900	0.49	0.5	0.5	0	0	0.49
281000	0.49	0.5	0.5	0	0	0.49
281100	0.49	0.5	0.5	0	0	0.49
281200	0.49	0.5	0.5	0	0	0.49
281300	0.49	0.5	0.5	0	0	0.49
281400	0.49	0.5	0.5	0	0	0.49
281500	0.49	0.5	0.5	0	0	0.49
281600	0.49	0.5	0.5	0	0	0.49
281700	0.49	0.5	0.5	0	0	0.49
281800	0.49	0.5	0.5	0	0	0.49
281900	0.49	0.5	0.5	0	0	0.49
282000	0.49	0.5	0.5	0	0	0.49
282100	0.49	0.5	0.5	0	0	0.49
282200	0.49	0.5	0.5	0	0	0.49
282300	0.49	0.5	0.5	0	0	0.49
282400	0.49	0.5	0.5	0	0	0.49
282500	0.49	0.5	0.5	0	0	0.49
282600	0.49	0.5	0.5	0	0	0.49
282700	0.49	0.5	0.5	0	0	0.49
282800	0.49	0.5	0.5	0	0	0.49
282900	0.49	0.5	0.5	0	0	0.49
283000	0.49	0.5	0.5	0	0	0.49
283100	0.49	0.5	0.5	0	0	0.49
283200	0.49	0.5	0.5	0	0	0.49
283300	0.49	0.5	0.5	0	0	0.49
283400	0.49	0.5	0.5	0	0	0.49
283500	0.49	0.5	0.5	0	0	0.49
283600	0.49	0.5	0.5	0	0	0.49
283700	0.49	0.5	0.5	0	0	0.49
283800	0.49	0.5	0.5	0	0	0.49
283900	0.49	0.5	0.5	0	0	0.49
284000	0.49	0.5	0.5	0	0	0.49
284100	0.49	0.5	0.5	0	0	0.49
284200	0.49	0.5	0.5	0	0	0.49
284300	0.49	0.5	0.5	0	0	0.49
284400	0.49	0.5	0.5	0	0	0.49
284500	0.49	0.5	0.5	0	0	0.49
284600	0.49	0.5	0.5	0	0	0.49
284700	0.49	0.5	0.5	0	0	0.49
284800	0.49	0.5	0.5	0	0	0.49
284900	0.49	0.5	0.5	0	0	0.49
285000	0.49	0.5	0.5	0	0	0.49
285100	0.49	0.5	0.5	0	0	0.49
285200	0.49	0.5	0.5	0	0	0.49
285300	0.49	0.5	0.5	0	0	0.49
285400	0.49	0.5	0.5	0	0	0.49
285500	0.49	0.5	0.5	0	0	0.49
285600	0.49	0.5	0.5	0	0	0.49
285700	0.49	0.5	0.5	0	0	0.49
285800	0.49	0.5	0.5	0	0	0.49
285900	0.49	0.5	0.5	0	0	0.49
286000	0.49	0.5	0.5	0	0	0.49
286100	0.49	0.5	0.5	0	0	0.49
286200	0.49	0.5	0.5	0	0	0.49
286300	0.49	0.5	0.5	0	0	0.49
286400	0.49	0.5	0.5	0	0	0.49
286500	0.49	0.5	0.5	0	0	0.49
286600	0.49	0.5	0.5	0	0	0.49
286700	0.49	0.5	0.5	0	0	0.49
286800	0.49	0.5	0.5	0	0	0.49
286900	0.49	0.5	0.5	0	0	0.49
287000	0.49	0.5	0.5	0	0	0.49
287100	0.49	0.5	0.5	0	0	0.49
287200	0.49	0.5	0.5	0	0	0.49
287300	0.49	0.5	0.5	0	0	0.49
287400	0.49	0.5	0.5	0	0	0.49
287500	0.49	0.5	0.5	0	0	0.49
287600	0.49	0.5	0.5	0	0	0.49
287700	0.49	0.5	0.5	0	0	0.49
287800	0.49	0.5	0.5	0	0	0.49
287900	0.49	0.5	0.5	0	0	0.49
288000	0.49	0.5	0.5	0	0	0.49
288100	0.49	0.5	0.5	0	0	0.49
288200	0.49	0.5	0.5	0	0	0.49
288300	0.49	0.5	0.5	0	0	0.49
288400	0.49	0.5	0.5	0	0	0.49
288500	0.49	0.5	0.5	0	0	0.49
288600	0.49	0.5	0.5	0	0	0.49
288700	0.49	0.5	0.5	0	0	0.49
288800	0.49	0.5	0.5	0	0	0.49
288900	0.49	0.5	0.5	0	0	0.49
289000	0.49	0.5	0.5	0	0	0.49
289100	0.49	0.5	0.5	0	0	0.49
289200	0.49	0.5	0.5	0	0	0.49
289300	0.48	0.5	0.5	0	0	0.48
289400	0.48	0.5	0.5	0	0	0.48
289500	0.48	0.5	0.5	0	0	0.48
289600	0.48	0.5	0.5	0	0	0.48
289700	0.48	0.5	0.5	0	0	0.48
289800	0.48	0.5	0.5	0	0	0.48
289900	0.48	0.5	0.5	0	0	0.48
290000	0.49	0.5	0.5	0	0	0.49
290100	0.49	0.5	0.5	0	0	0.49
290200	0.48	0.5	0.5	0	0	0.48
290300	0.48	0.5	0.5	0	0	0.48
290400	0.48	0.5	0.5	0	0	0.48
290500	0.48	0.5	0.5	0	0	0.48
290600	0.48	0.5	0.5	0	0	0.48
290700	0.48	0.5	0.5	0	0	0.48
290800	0.48	0.5	0.5	0	0	0.48
290900	0.48	0.5	0.5	0	0	0.48
291000	0.48	0.5	0.5	0	0	0.48
291100	0.48	0.5	0.5	0	0	0.48
291200	0.48	0.5	0.5	0	0	0.48
291300	0.48	0.5	0.5	0	0	0.48
291400	0.48	0.5	0.5	0	0	0.48
291500	0.48	0.5	0.5	0	0	0.48
291600	0.48	0.5	0.5	0	0	0.48
291700	0.48	0.5	0.5	0	0	0.48
291800	0.48	0.5	0.5	0	0	0.48
291900	0.48	0.5	0.5	0	0	0.48
292000	0.48	0.5	0.5	0	0	0.48
292100	0.48	0.5	0.5	0	0	0.48
292200	0.48	0.5	0.5	0	0	0.48
292300	0.48	0.5	0.5	0	0	0.48
292400	0.48	0.5	0.5	0	0	0.48
292500	0.48	0.49	0.49	0	0	0.48
292600	0.48	0.49	0.49	0	0	0.48
292700	0.48	0.49	0.49	0	0	0.48
292800	0.48	0.49	0.49	0	0	0.48
292900	0.48	0.49	0.49	0	0	0.48
293000	0.48	0.49	0.49	0	0	0.48
293100	0.48	0.49	0.49	0	0	0.48
293200	0.48	0.49	0.49	0	0	0.48
293300	0.48	0.49	0.49	0	0	0.48
293400	0.48	0.49	0.49	0	0	0.48
293500	0.48	0.49	0.49	0	0	0.48
293600	0.48	0.5	0.5	0	0	0.48
293700	0.48	0.5	0.5	0	0	0.48
293800	0.48	0.5	0.5	0	0	0.48
293900	0.48	0.5	0.5	0	0	0.48
294000	0.49	0.5	0.5	0	0	0.49
294100	0.49	0.5	0.5	0	0	0.49
294200	0.49	0.5	0.5	0	0	0.49
294300	0.49	0.5	0.5	0	0	0.49
294400	0.49	0.5	0.5	0	0	0.49
294500	0.5	0.5	0.5	0	0	0.5
294600	0.5	0.5	0.5	0	0	0.5
294700	0.5	0.5	0.5	0	0	0.5
294800	0.5	0.5	0.5	0	0	0.5
294900	0.5	0.5	0.5	0	0	0.5
295000	0.5	0.5	0.5	0	0	0.5
295100	0.5	0.5	0.5	0	0	0.5
295200	0.5	0.5	0.5	0	0	0.5
295300	0.5	0.5	0.5	0	0	0.5
295400	0.5	0.5	0.5	0	0	0.5
295500	0.5	0.5	0.5	0	0	0.5
295600	0.5	0.5	0.5	0	0	0.5
295700	0.5	0.5	0.5	0	0	0.5
295800	0.5	0.5	0.5	0	0	0.5
295900	0.5	0.5	0.5	0	0	0.5
296000	0.5	0.5	0.5	0	0	0.5
296100	0.5	0.5	0.5	0	0	0.5
296200	0.5	0.5	0.5	0	0	0.5
296300	0.5	0.5	0.5	0	0	0.5
296400	0.5	0.5	0.5	0	0	0.5
296500	0.5	0.5	0.5	0	0	0.5
296600	0.5	0.5	0.5	0	0	0.5
296700	0.5	0.5	0.5	0	0	0.5
296800	0.5	0.5	0.5	0	0	0.5
296900	0.5	0.5	0.5	0	0	0.5
297000	0.5	0.5	0.5	0	0	0.5
297100	0.5	0.5	0.5	0	0	0.5
297200	0.5	0.5	0.5	0	0	0.5
297300	0.5	0.5	0.5	0	0	0.5
297400	0.5	0.5	0.5	0	0	0.5
297500	0.5	0.5	0.5	0	0	0.5
297600	0.5	0.5	0.5	0	0	0.5
297700	0.5	0.5	0.5	0	0	0.5
297800	0.5	0.5	0.5	0	0	0.5
297900	0.5	0.5	0.5	0	0	0.5
298000	0.5	0.5	0.5	0	0	0.5
298100	0.5	0.5	0.5	0	0	0.5
298200	0.5	0.5	0.5	0	0	0.5
298300	0.5	0.5	0.5	0	0	0.5
298400	0.5	0.5	0.5	0	0	0.5
298500	0.5	0.5	0.5	0	0	0.5
298600	0.5	0.5	0.5	0	0	0.5
298700	0.5	0.5	0.5	0	0	0.5
298800	0.5	0.5	0.5	0	0	0.5
298900	0.5	0.5	0.5	0	0	0.5
299000	0.5	0.5	0.5	0	0	0.5
299100	0.5	0.5	0.5	0	0	0.5
299200	0.5	0.5	0.5	0	0	0.5
299300	0.5	0.5	0.5	0	0	0.5
299400	0.5	0.5	0.5	0	0	0.5
299500	0.5	0.5	0.5	0	0	0.5
299600	0.5	0.5	0.5	0	0	0.5
299700	0.5	0.5	0.5	0	0	0.5
299800	0.5	0.5	0.5	0	0	0.5
299900	0.5	0.5	0.5	0	0	0.5
300000	0.5	0.5	0.5	0	0	0.5
