100	0.04	0.06	0.06	0	0	0.04
200	0.04	0.06	0.06	0	0	0.04
300	0.04	0.08	0.08	0	0	0.04
400	0.05	0.08	0.08	0	0	0.05
500	0.07	0.09	0.09	0	0	0.07
600	0.09	0.09	0.09	0	0	0.09
700	0.09	0.09	0.09	0	0	0.09
800	0.1	0.09	0.09	0	0	0.1
900	0.1	0.09	0.09	0	0	0.1
1000	0.1	0.1	0.1	0	0	0.1
1100	0.1	0.11	0.11	0	0	0.1
1200	0.12	0.13	0.13	0	0	0.12
1300	0.13	0.13	0.13	0	0	0.13
1400	0.12	0.14	0.14	0	0	0.12
1500	0.11	0.16	0.16	0	0	0.11
1600	0.09	0.15	0.15	0	0	0.09
1700	0.1	0.17	0.17	0	0	0.1
1800	0.12	0.18	0.18	0	0	0.12
1900	0.13	0.18	0.18	0	0	0.13
2000	0.13	0.19	0.19	0	0	0.13
2100	0.11	0.19	0.19	0	0	0.11
2200	0.11	0.19	0.19	0	0	0.11
2300	0.11	0.21	0.21	0	0	0.11
2400	0.12	0.17	0.17	0	0	0.12
2500	0.13	0.18	0.18	0	0	0.13
2600	0.13	0.18	0.18	0	0	0.13
2700	0.14	0.19	0.19	0	0	0.14
2800	0.17	0.19	0.19	0	0	0.17
2900	0.2	0.2	0.2	0	0	0.2
3000	0.17	0.22	0.22	0	0	0.17
3100	0.15	0.21	0.21	0	0	0.15
3200	0.15	0.23	0.23	0	0	0.15
3300	0.16	0.24	0.24	0	0	0.16
3400	0.16	0.24	0.24	0	0	0.16
3500	0.14	0.23	0.23	0	0	0.14
3600	0.15	0.23	0.23	0	0	0.15
3700	0.15	0.23	0.23	0	0	0.15
3800	0.15	0.23	0.23	0	0	0.15
3900	0.16	0.23	0.23	0	0	0.16
4000	0.17	0.23	0.23	0	0	0.17
4100	0.16	0.23	0.23	0	0	0.16
4200	0.17	0.22	0.22	0	0	0.17
4300	0.17	0.22	0.22	0	0	0.17
4400	0.16	0.23	0.23	0	0	0.16
4500	0.18	0.23	0.23	0	0	0.18
4600	0.19	0.24	0.24	0	0	0.19
4700	0.19	0.24	0.24	0	0	0.19
4800	0.19	0.24	0.24	0	0	0.19
4900	0.19	0.24	0.24	0	0	0.19
5000	0.19	0.26	0.26	0	0	0.19
5100	0.19	0.26	0.26	0	0	0.19
5200	0.19	0.25	0.25	0	0	0.19
5300	0.2	0.25	0.25	0	0	0.2
5400	0.21	0.23	0.23	0	0	0.21
5500	0.22	0.23	0.23	0	0	0.22
5600	0.23	0.23	0.23	0	0	0.23
5700	0.22	0.22	0.22	0	0	0.22
5800	0.23	0.22	0.22	0	0	0.23
5900	0.22	0.22	0.22	0	0	0.22
6000	0.22	0.22	0.22	0	0	0.22
6100	0.22	0.23	0.23	0	0	0.22
6200	0.22	0.25	0.25	0	0	0.22
6300	0.23	0.23	0.23	0	0	0.23
6400	0.24	0.24	0.24	0	0	0.24
6500	0.24	0.24	0.24	0	0	0.24
6600	0.24	0.25	0.25	0	0	0.24
6700	0.24	0.25	0.25	0	0	0.24
6800	0.25	0.26	0.26	0	0	0.25
6900	0.24	0.26	0.26	0	0	0.24
7000	0.23	0.27	0.27	0	0	0.23
7100	0.23	0.27	0.27	0	0	0.23
7200	0.24	0.28	0.28	0	0	0.24
7300	0.24	0.28	0.28	0	0	0.24
7400	0.23	0.28	0.28	0	0	0.23
7500	0.23	0.28	0.28	0	0	0.23
7600	0.22	0.28	0.28	0	0	0.22
7700	0.22	0.29	0.29	0	0	0.22
7800	0.22	0.29	0.29	0	0	0.22
7900	0.22	0.29	0.29	0	0	0.22
8000	0.22	0.29	0.29	0	0	0.22
8100	0.22	0.29	0.29	0	0	0.22
8200	0.22	0.29	0.29	0	0	0.22
8300	0.22	0.28	0.28	0	0	0.22
8400	0.23	0.28	0.28	0	0	0.23
8500	0.23	0.28	0.28	0	0	0.23
8600	0.26	0.29	0.29	0	0	0.26
8700	0.27	0.3	0.3	0	0	0.27
8800	0.27	0.31	0.31	0	0	0.27
8900	0.26	0.31	0.31	0	0	0.26
9000	0.27	0.31	0.31	0	0	0.27
9100	0.27	0.33	0.33	0	0	0.27
9200	0.26	0.32	0.32	0	0	0.26
9300	0.27	0.32	0.32	0	0	0.27
9400	0.27	0.32	0.32	0	0	0.27
9500	0.25	0.32	0.32	0	0	0.25
9600	0.25	0.33	0.33	0	0	0.25
9700	0.25	0.33	0.33	0	0	0.25
9800	0.25	0.33	0.33	0	0	0.25
9900	0.25	0.32	0.32	0	0	0.25
10000	0.24	0.33	0.33	0	0	0.24
10100	0.24	0.33	0.33	0	0	0.24
10200	0.25	0.33	0.33	0	0	0.25
10300	0.25	0.33	0.33	0	0	0.25
10400	0.25	0.32	0.32	0	0	0.25
10500	0.25	0.32	0.32	0	0	0.25
10600	0.25	0.33	0.33	0	0	0.25
10700	0.25	0.34	0.34	0	0	0.25
10800	0.24	0.33	0.33	0	0	0.24
10900	0.24	0.33	0.33	0	0	0.24
11000	0.24	0.33	0.33	0	0	0.24
11100	0.24	0.33	0.33	0	0	0.24
11200	0.25	0.33	0.33	0	0	0.25
11300	0.25	0.33	0.33	0	0	0.25
11400	0.26	0.33	0.33	0	0	0.26
11500	0.25	0.32	0.32	0	0	0.25
11600	0.25	0.32	0.32	0	0	0.25
11700	0.26	0.32	0.32	0	0	0.26
11800	0.28	0.32	0.32	0	0	0.28
11900	0.27	0.33	0.33	0	0	0.27
12000	0.29	0.34	0.34	0	0	0.29
12100	0.29	0.33	0.33	0	0	0.29
12200	0.31	0.32	0.32	0	0	0.31
12300	0.3	0.32	0.32	0	0	0.3
12400	0.3	0.32	0.32	0	0	0.3
12500	0.3	0.31	0.31	0	0	0.3
12600	0.3	0.32	0.32	0	0	0.3
12700	0.31	0.32	0.32	0	0	0.31
12800	0.29	0.32	0.32	0	0	0.29
12900	0.3	0.31	0.31	0	0	0.3
13000	0.32	0.3	0.3	0	0	0.32
13100	0.31	0.3	0.3	0	0	0.31
13200	0.32	0.29	0.29	0	0	0.32
13300	0.32	0.27	0.27	0	0	0.32
13400	0.31	0.27	0.27	0	0	0.31
13500	0.3	0.27	0.27	0	0	0.3
13600	0.3	0.28	0.28	0	0	0.3
13700	0.3	0.28	0.28	0	0	0.3
13800	0.31	0.29	0.29	0	0	0.31
13900	0.3	0.29	0.29	0	0	0.3
14000	0.28	0.3	0.3	0	0	0.28
14100	0.29	0.3	0.3	0	0	0.29
14200	0.29	0.3	0.3	0	0	0.29
14300	0.28	0.3	0.3	0	0	0.28
14400	0.28	0.3	0.3	0	0	0.28
14500	0.28	0.31	0.31	0	0	0.28
14600	0.28	0.31	0.31	0	0	0.28
14700	0.28	0.31	0.31	0	0	0.28
14800	0.29	0.31	0.31	0	0	0.29
14900	0.29	0.31	0.31	0	0	0.29
15000	0.29	0.31	0.31	0	0	0.29
15100	0.29	0.31	0.31	0	0	0.29
15200	0.29	0.31	0.31	0	0	0.29
15300	0.29	0.33	0.33	0	0	0.29
15400	0.29	0.32	0.32	0	0	0.29
15500	0.29	0.32	0.32	0	0	0.29
15600	0.29	0.31	0.31	0	0	0.29
15700	0.29	0.31	0.31	0	0	0.29
15800	0.29	0.33	0.33	0	0	0.29
15900	0.29	0.33	0.33	0	0	0.29
16000	0.29	0.32	0.32	0	0	0.29
16100	0.29	0.32	0.32	0	0	0.29
16200	0.3	0.32	0.32	0	0	0.3
16300	0.3	0.32	0.32	0	0	0.3
16400	0.29	0.33	0.33	0	0	0.29
16500	0.3	0.33	0.33	0	0	0.3
16600	0.3	0.33	0.33	0	0	0.3
16700	0.3	0.33	0.33	0	0	0.3
16800	0.3	0.33	0.33	0	0	0.3
16900	0.3	0.33	0.33	0	0	0.3
17000	0.31	0.34	0.34	0	0	0.31
17100	0.31	0.34	0.34	0	0	0.31
17200	0.31	0.35	0.35	0	0	0.31
17300	0.34	0.35	0.35	0	0	0.34
17400	0.33	0.35	0.35	0	0	0.33
17500	0.31	0.35	0.35	0	0	0.31
17600	0.31	0.34	0.34	0	0	0.31
17700	0.31	0.35	0.35	0	0	0.31
17800	0.31	0.36	0.36	0	0	0.31
17900	0.31	0.36	0.36	0	0	0.31
18000	0.31	0.36	0.36	0	0	0.31
18100	0.31	0.36	0.36	0	0	0.31
18200	0.32	0.36	0.36	0	0	0.32
18300	0.33	0.36	0.36	0	0	0.33
18400	0.33	0.36	0.36	0	0	0.33
18500	0.32	0.35	0.35	0	0	0.32
18600	0.31	0.37	0.37	0	0	0.31
18700	0.31	0.37	0.37	0	0	0.31
18800	0.31	0.37	0.37	0	0	0.31
18900	0.32	0.37	0.37	0	0	0.32
19000	0.32	0.37	0.37	0	0	0.32
19100	0.34	0.37	0.37	0	0	0.34
19200	0.34	0.37	0.37	0	0	0.34
19300	0.34	0.37	0.37	0	0	0.34
19400	0.34	0.37	0.37	0	0	0.34
19500	0.34	0.38	0.38	0	0	0.34
19600	0.34	0.38	0.38	0	0	0.34
19700	0.35	0.37	0.37	0	0	0.35
19800	0.35	0.37	0.37	0	0	0.35
19900	0.35	0.37	0.37	0	0	0.35
20000	0.35	0.37	0.37	0	0	0.35
20100	0.35	0.37	0.37	0	0	0.35
20200	0.36	0.37	0.37	0	0	0.36
20300	0.37	0.37	0.37	0	0	0.37
20400	0.36	0.37	0.37	0	0	0.36
20500	0.36	0.38	0.38	0	0	0.36
20600	0.36	0.37	0.37	0	0	0.36
20700	0.37	0.37	0.37	0	0	0.37
20800	0.37	0.37	0.37	0	0	0.37
20900	0.37	0.37	0.37	0	0	0.37
21000	0.37	0.37	0.37	0	0	0.37
21100	0.37	0.37	0.37	0	0	0.37
21200	0.37	0.38	0.38	0	0	0.37
21300	0.37	0.38	0.38	0	0	0.37
21400	0.37	0.38	0.38	0	0	0.37
21500	0.37	0.38	0.38	0	0	0.37
21600	0.37	0.38	0.38	0	0	0.37
21700	0.37	0.38	0.38	0	0	0.37
21800	0.36	0.38	0.38	0	0	0.36
21900	0.36	0.38	0.38	0	0	0.36
22000	0.36	0.39	0.39	0	0	0.36
22100	0.37	0.4	0.4	0	0	0.37
22200	0.37	0.4	0.4	0	0	0.37
22300	0.37	0.4	0.4	0	0	0.37
22400	0.36	0.4	0.4	0	0	0.36
22500	0.37	0.4	0.4	0	0	0.37
22600	0.36	0.4	0.4	0	0	0.36
22700	0.36	0.4	0.4	0	0	0.36
22800	0.36	0.4	0.4	0	0	0.36
22900	0.36	0.4	0.4	0	0	0.36
23000	0.36	0.4	0.4	0	0	0.36
23100	0.36	0.4	0.4	0	0	0.36
23200	0.36	0.4	0.4	0	0	0.36
23300	0.37	0.4	0.4	0	0	0.37
23400	0.37	0.4	0.4	0	0	0.37
23500	0.38	0.4	0.4	0	0	0.38
23600	0.38	0.4	0.4	0	0	0.38
23700	0.38	0.4	0.4	0	0	0.38
23800	0.38	0.4	0.4	0	0	0.38
23900	0.38	0.4	0.4	0	0	0.38
24000	0.38	0.4	0.4	0	0	0.38
24100	0.38	0.4	0.4	0	0	0.38
24200	0.39	0.4	0.4	0	0	0.39
24300	0.39	0.4	0.4	0	0	0.39
24400	0.39	0.4	0.4	0	0	0.39
24500	0.39	0.4	0.4	0	0	0.39
24600	0.39	0.4	0.4	0	0	0.39
24700	0.39	0.4	0.4	0	0	0.39
24800	0.39	0.4	0.4	0	0	0.39
24900	0.39	0.4	0.4	0	0	0.39
25000	0.39	0.4	0.4	0	0	0.39
25100	0.38	0.4	0.4	0	0	0.38
25200	0.38	0.4	0.4	0	0	0.38
25300	0.38	0.4	0.4	0	0	0.38
25400	0.39	0.41	0.41	0	0	0.39
25500	0.4	0.41	0.41	0	0	0.4
25600	0.39	0.41	0.41	0	0	0.39
25700	0.39	0.41	0.41	0	0	0.39
25800	0.39	0.41	0.41	0	0	0.39
25900	0.39	0.41	0.41	0	0	0.39
26000	0.39	0.41	0.41	0	0	0.39
26100	0.39	0.42	0.42	0	0	0.39
26200	0.39	0.42	0.42	0	0	0.39
26300	0.39	0.42	0.42	0	0	0.39
26400	0.39	0.42	0.42	0	0	0.39
26500	0.39	0.42	0.42	0	0	0.39
26600	0.39	0.42	0.42	0	0	0.39
26700	0.4	0.42	0.42	0	0	0.4
26800	0.4	0.42	0.42	0	0	0.4
26900	0.4	0.42	0.42	0	0	0.4
27000	0.4	0.42	0.42	0	0	0.4
27100	0.4	0.42	0.42	0	0	0.4
27200	0.39	0.42	0.42	0	0	0.39
27300	0.39	0.42	0.42	0	0	0.39
27400	0.39	0.42	0.42	0	0	0.39
27500	0.39	0.42	0.42	0	0	0.39
27600	0.39	0.42	0.42	0	0	0.39
27700	0.39	0.42	0.42	0	0	0.39
27800	0.39	0.42	0.42	0	0	0.39
27900	0.39	0.43	0.43	0	0	0.39
28000	0.4	0.43	0.43	0	0	0.4
28100	0.41	0.43	0.43	0	0	0.41
28200	0.42	0.43	0.43	0	0	0.42
28300	0.42	0.42	0.42	0	0	0.42
28400	0.42	0.42	0.42	0	0	0.42
28500	0.42	0.42	0.42	0	0	0.42
28600	0.42	0.43	0.43	0	0	0.42
28700	0.42	0.42	0.42	0	0	0.42
28800	0.42	0.42	0.42	0	0	0.42
28900	0.42	0.42	0.42	0	0	0.42
29000	0.42	0.42	0.42	0	0	0.42
29100	0.42	0.43	0.43	0	0	0.42
29200	0.42	0.43	0.43	0	0	0.42
29300	0.4	0.43	0.43	0	0	0.4
29400	0.4	0.43	0.43	0	0	0.4
29500	0.4	0.43	0.43	0	0	0.4
29600	0.4	0.43	0.43	0	0	0.4
29700	0.4	0.43	0.43	0	0	0.4
29800	0.4	0.43	0.43	0	0	0.4
29900	0.4	0.43	0.43	0	0	0.4
30000	0.4	0.43	0.43	0	0	0.4
30100	0.41	0.43	0.43	0	0	0.41
30200	0.41	0.43	0.43	0	0	0.41
30300	0.41	0.43	0.43	0	0	0.41
30400	0.41	0.43	0.43	0	0	0.41
30500	0.41	0.43	0.43	0	0	0.41
30600	0.41	0.43	0.43	0	0	0.41
30700	0.41	0.43	0.43	0	0	0.41
30800	0.41	0.43	0.43	0	0	0.41
30900	0.41	0.43	0.43	0	0	0.41
31000	0.41	0.43	0.43	0	0	0.41
31100	0.41	0.43	0.43	0	0	0.41
31200	0.41	0.43	0.43	0	0	0.41
31300	0.41	0.43	0.43	0	0	0.41
31400	0.41	0.43	0.43	0	0	0.41
31500	0.41	0.44	0.44	0	0	0.41
31600	0.41	0.44	0.44	0	0	0.41
31700	0.41	0.44	0.44	0	0	0.41
31800	0.41	0.44	0.44	0	0	0.41
31900	0.41	0.44	0.44	0	0	0.41
32000	0.41	0.44	0.44	0	0	0.41
32100	0.42	0.44	0.44	0	0	0.42
32200	0.42	0.44	0.44	0	0	0.42
32300	0.42	0.44	0.44	0	0	0.42
32400	0.42	0.44	0.44	0	0	0.42
32500	0.43	0.44	0.44	0	0	0.43
32600	0.43	0.44	0.44	0	0	0.43
32700	0.43	0.44	0.44	0	0	0.43
32800	0.43	0.44	0.44	0	0	0.43
32900	0.43	0.44	0.44	0	0	0.43
33000	0.42	0.44	0.44	0	0	0.42
33100	0.42	0.44	0.44	0	0	0.42
33200	0.42	0.44	0.44	0	0	0.42
33300	0.42	0.44	0.44	0	0	0.42
33400	0.42	0.44	0.44	0	0	0.42
33500	0.42	0.44	0.44	0	0	0.42
33600	0.42	0.44	0.44	0	0	0.42
33700	0.42	0.44	0.44	0	0	0.42
33800	0.42	0.44	0.44	0	0	0.42
33900	0.42	0.44	0.44	0	0	0.42
34000	0.42	0.44	0.44	0	0	0.42
34100	0.42	0.44	0.44	0	0	0.42
34200	0.42	0.44	0.44	0	0	0.42
34300	0.43	0.44	0.44	0	0	0.43
34400	0.43	0.44	0.44	0	0	0.43
34500	0.43	0.44	0.44	0	0	0.43
34600	0.43	0.44	0.44	0	0	0.43
34700	0.42	0.44	0.44	0	0	0.42
34800	0.42	0.44	0.44	0	0	0.42
34900	0.42	0.44	0.44	0	0	0.42
35000	0.42	0.44	0.44	0	0	0.42
35100	0.42	0.44	0.44	0	0	0.42
35200	0.42	0.45	0.45	0	0	0.42
35300	0.42	0.45	0.45	0	0	0.42
35400	0.42	0.45	0.45	0	0	0.42
35500	0.42	0.45	0.45	0	0	0.42
35600	0.42	0.45	0.45	0	0	0.42
35700	0.42	0.45	0.45	0	0	0.42
35800	0.42	0.45	0.45	0	0	0.42
35900	0.42	0.45	0.45	0	0	0.42
36000	0.42	0.46	0.46	0	0	0.42
36100	0.42	0.46	0.46	0	0	0.42
36200	0.42	0.46	0.46	0	0	0.42
36300	0.42	0.46	0.46	0	0	0.42
36400	0.42	0.46	0.46	0	0	0.42
36500	0.42	0.46	0.46	0	0	0.42
36600	0.42	0.46	0.46	0	0	0.42
36700	0.42	0.46	0.46	0	0	0.42
36800	0.42	0.46	0.46	0	0	0.42
36900	0.42	0.46	0.46	0	0	0.42
37000	0.42	0.45	0.45	0	0	0.42
37100	0.42	0.45	0.45	0	0	0.42
37200	0.42	0.45	0.45	0	0	0.42
37300	0.42	0.45	0.45	0	0	0.42
37400	0.42	0.45	0.45	0	0	0.42
37500	0.42	0.45	0.45	0	0	0.42
37600	0.42	0.45	0.45	0	0	0.42
37700	0.42	0.45	0.45	0	0	0.42
37800	0.42	0.45	0.45	0	0	0.42
37900	0.42	0.45	0.45	0	0	0.42
38000	0.42	0.45	0.45	0	0	0.42
38100	0.42	0.45	0.45	0	0	0.42
38200	0.42	0.45	0.45	0	0	0.42
38300	0.42	0.45	0.45	0	0	0.42
38400	0.42	0.45	0.45	0	0	0.42
38500	0.42	0.45	0.45	0	0	0.42
38600	0.42	0.45	0.45	0	0	0.42
38700	0.42	0.45	0.45	0	0	0.42
38800	0.42	0.45	0.45	0	0	0.42
38900	0.42	0.45	0.45	0	0	0.42
39000	0.42	0.45	0.45	0	0	0.42
39100	0.42	0.45	0.45	0	0	0.42
39200	0.42	0.45	0.45	0	0	0.42
39300	0.42	0.45	0.45	0	0	0.42
39400	0.42	0.45	0.45	0	0	0.42
39500	0.42	0.45	0.45	0	0	0.42
39600	0.43	0.45	0.45	0	0	0.43
39700	0.44	0.46	0.46	0	0	0.44
39800	0.44	0.46	0.46	0	0	0.44
39900	0.44	0.46	0.46	0	0	0.44
40000	0.44	0.46	0.46	0	0	0.44
40100	0.44	0.46	0.46	0	0	0.44
40200	0.44	0.46	0.46	0	0	0.44
40300	0.44	0.46	0.46	0	0	0.44
40400	0.44	0.46	0.46	0	0	0.44
40500	0.44	0.46	0.46	0	0	0.44
40600	0.44	0.46	0.46	0	0	0.44
40700	0.44	0.46	0.46	0	0	0.44
40800	0.44	0.46	0.46	0	0	0.44
40900	0.44	0.46	0.46	0	0	0.44
41000	0.44	0.46	0.46	0	0	0.44
41100	0.44	0.46	0.46	0	0	0.44
41200	0.44	0.46	0.46	0	0	0.44
41300	0.44	0.46	0.46	0	0	0.44
41400	0.44	0.46	0.46	0	0	0.44
41500	0.44	0.46	0.46	0	0	0.44
41600	0.44	0.46	0.46	0	0	0.44
41700	0.44	0.46	0.46	0	0	0.44
41800	0.44	0.46	0.46	0	0	0.44
41900	0.44	0.45	0.45	0	0	0.44
42000	0.44	0.45	0.45	0	0	0.44
42100	0.44	0.46	0.46	0	0	0.44
42200	0.44	0.46	0.46	0	0	0.44
42300	0.44	0.46	0.46	0	0	0.44
42400	0.44	0.46	0.46	0	0	0.44
42500	0.44	0.46	0.46	0	0	0.44
42600	0.44	0.46	0.46	0	0	0.44
42700	0.44	0.46	0.46	0	0	0.44
42800	0.44	0.46	0.46	0	0	0.44
42900	0.44	0.46	0.46	0	0	0.44
43000	0.44	0.46	0.46	0	0	0.44
43100	0.45	0.46	0.46	0	0	0.45
43200	0.45	0.46	0.46	0	0	0.45
43300	0.45	0.46	0.46	0	0	0.45
43400	0.45	0.46	0.46	0	0	0.45
43500	0.45	0.46	0.46	0	0	0.45
43600	0.45	0.46	0.46	0	0	0.45
43700	0.45	0.46	0.46	0	0	0.45
43800	0.45	0.46	0.46	0	0	0.45
43900	0.45	0.46	0.46	0	0	0.45
44000	0.45	0.46	0.46	0	0	0.45
44100	0.45	0.46	0.46	0	0	0.45
44200	0.45	0.45	0.45	0	0	0.45
44300	0.45	0.45	0.45	0	0	0.45
44400	0.45	0.45	0.45	0	0	0.45
44500	0.45	0.45	0.45	0	0	0.45
44600	0.45	0.45	0.45	0	0	0.45
44700	0.45	0.45	0.45	0	0	0.45
44800	0.45	0.45	0.45	0	0	0.45
44900	0.45	0.45	0.45	0	0	0.45
45000	0.45	0.45	0.45	0	0	0.45
45100	0.45	0.45	0.45	0	0	0.45
45200	0.45	0.45	0.45	0	0	0.45
45300	0.45	0.45	0.45	0	0	0.45
45400	0.45	0.45	0.45	0	0	0.45
45500	0.45	0.45	0.45	0	0	0.45
45600	0.45	0.45	0.45	0	0	0.45
45700	0.45	0.45	0.45	0	0	0.45
45800	0.45	0.44	0.44	0	0	0.45
45900	0.45	0.44	0.44	0	0	0.45
46000	0.45	0.44	0.44	0	0	0.45
46100	0.44	0.44	0.44	0	0	0.44
46200	0.44	0.44	0.44	0	0	0.44
46300	0.44	0.44	0.44	0	0	0.44
46400	0.44	0.44	0.44	0	0	0.44
46500	0.44	0.44	0.44	0	0	0.44
46600	0.44	0.44	0.44	0	0	0.44
46700	0.44	0.44	0.44	0	0	0.44
46800	0.44	0.44	0.44	0	0	0.44
46900	0.44	0.44	0.44	0	0	0.44
47000	0.44	0.44	0.44	0	0	0.44
47100	0.44	0.44	0.44	0	0	0.44
47200	0.44	0.44	0.44	0	0	0.44
47300	0.44	0.44	0.44	0	0	0.44
47400	0.44	0.44	0.44	0	0	0.44
47500	0.44	0.44	0.44	0	0	0.44
47600	0.44	0.44	0.44	0	0	0.44
47700	0.44	0.44	0.44	0	0	0.44
47800	0.44	0.44	0.44	0	0	0.44
47900	0.44	0.44	0.44	0	0	0.44
48000	0.44	0.44	0.44	0	0	0.44
48100	0.44	0.44	0.44	0	0	0.44
48200	0.44	0.44	0.44	0	0	0.44
48300	0.44	0.44	0.44	0	0	0.44
48400	0.44	0.44	0.44	0	0	0.44
48500	0.44	0.44	0.44	0	0	0.44
48600	0.44	0.44	0.44	0	0	0.44
48700	0.44	0.44	0.44	0	0	0.44
48800	0.44	0.45	0.45	0	0	0.44
48900	0.44	0.45	0.45	0	0	0.44
49000	0.44	0.45	0.45	0	0	0.44
49100	0.44	0.45	0.45	0	0	0.44
49200	0.44	0.45	0.45	0	0	0.44
49300	0.44	0.45	0.45	0	0	0.44
49400	0.44	0.45	0.45	0	0	0.44
49500	0.44	0.45	0.45	0	0	0.44
49600	0.44	0.45	0.45	0	0	0.44
49700	0.43	0.45	0.45	0	0	0.43
49800	0.43	0.46	0.46	0	0	0.43
49900	0.43	0.47	0.47	0	0	0.43
50000	0.43	0.47	0.47	0	0	0.43
50100	0.43	0.47	0.47	0	0	0.43
50200	0.43	0.47	0.47	0	0	0.43
50300	0.43	0.47	0.47	0	0	0.43
50400	0.43	0.47	0.47	0	0	0.43
50500	0.43	0.47	0.47	0	0	0.43
50600	0.43	0.47	0.47	0	0	0.43
50700	0.43	0.47	0.47	0	0	0.43
50800	0.43	0.47	0.47	0	0	0.43
50900	0.43	0.47	0.47	0	0	0.43
51000	0.43	0.47	0.47	0	0	0.43
51100	0.43	0.47	0.47	0	0	0.43
51200	0.43	0.47	0.47	0	0	0.43
51300	0.43	0.47	0.47	0	0	0.43
51400	0.43	0.47	0.47	0	0	0.43
51500	0.43	0.47	0.47	0	0	0.43
51600	0.43	0.47	0.47	0	0	0.43
51700	0.43	0.47	0.47	0	0	0.43
51800	0.43	0.47	0.47	0	0	0.43
51900	0.43	0.48	0.48	0	0	0.43
52000	0.43	0.48	0.48	0	0	0.43
52100	0.43	0.48	0.48	0	0	0.43
52200	0.43	0.48	0.48	0	0	0.43
52300	0.43	0.48	0.48	0	0	0.43
52400	0.43	0.48	0.48	0	0	0.43
52500	0.43	0.48	0.48	0	0	0.43
52600	0.43	0.48	0.48	0	0	0.43
52700	0.43	0.48	0.48	0	0	0.43
52800	0.43	0.48	0.48	0	0	0.43
52900	0.43	0.48	0.48	0	0	0.43
53000	0.43	0.48	0.48	0	0	0.43
53100	0.43	0.48	0.48	0	0	0.43
53200	0.43	0.48	0.48	0	0	0.43
53300	0.43	0.48	0.48	0	0	0.43
53400	0.43	0.48	0.48	0	0	0.43
53500	0.43	0.48	0.48	0	0	0.43
53600	0.43	0.48	0.48	0	0	0.43
53700	0.43	0.48	0.48	0	0	0.43
53800	0.43	0.48	0.48	0	0	0.43
53900	0.43	0.48	0.48	0	0	0.43
54000	0.43	0.48	0.48	0	0	0.43
54100	0.43	0.48	0.48	0	0	0.43
54200	0.43	0.48	0.48	0	0	0.43
54300	0.43	0.48	0.48	0	0	0.43
54400	0.43	0.48	0.48	0	0	0.43
54500	0.43	0.48	0.48	0	0	0.43
54600	0.43	0.48	0.48	0	0	0.43
54700	0.43	0.48	0.48	0	0	0.43
54800	0.43	0.48	0.48	0	0	0.43
54900	0.42	0.48	0.48	0	0	0.42
55000	0.42	0.48	0.48	0	0	0.42
55100	0.42	0.48	0.48	0	0	0.42
55200	0.42	0.48	0.48	0	0	0.42
55300	0.42	0.48	0.48	0	0	0.42
55400	0.42	0.48	0.48	0	0	0.42
55500	0.42	0.48	0.48	0	0	0.42
55600	0.42	0.48	0.48	0	0	0.42
55700	0.42	0.48	0.48	0	0	0.42
55800	0.42	0.48	0.48	0	0	0.42
55900	0.42	0.48	0.48	0	0	0.42
56000	0.42	0.48	0.48	0	0	0.42
56100	0.42	0.48	0.48	0	0	0.42
56200	0.42	0.48	0.48	0	0	0.42
56300	0.42	0.48	0.48	0	0	0.42
56400	0.42	0.48	0.48	0	0	0.42
56500	0.42	0.48	0.48	0	0	0.42
56600	0.42	0.48	0.48	0	0	0.42
56700	0.42	0.48	0.48	0	0	0.42
56800	0.42	0.48	0.48	0	0	0.42
56900	0.42	0.48	0.48	0	0	0.42
57000	0.42	0.48	0.48	0	0	0.42
57100	0.42	0.48	0.48	0	0	0.42
57200	0.42	0.48	0.48	0	0	0.42
57300	0.42	0.48	0.48	0	0	0.42
57400	0.42	0.48	0.48	0	0	0.42
57500	0.42	0.48	0.48	0	0	0.42
57600	0.42	0.49	0.49	0	0	0.42
57700	0.42	0.49	0.49	0	0	0.42
57800	0.42	0.48	0.48	0	0	0.42
57900	0.42	0.48	0.48	0	0	0.42
58000	0.42	0.48	0.48	0	0	0.42
58100	0.42	0.48	0.48	0	0	0.42
58200	0.42	0.48	0.48	0	0	0.42
58300	0.42	0.48	0.48	0	0	0.42
58400	0.42	0.48	0.48	0	0	0.42
58500	0.42	0.48	0.48	0	0	0.42
58600	0.42	0.48	0.48	0	0	0.42
58700	0.42	0.48	0.48	0	0	0.42
58800	0.42	0.48	0.48	0	0	0.42
58900	0.42	0.48	0.48	0	0	0.42
59000	0.42	0.48	0.48	0	0	0.42
59100	0.42	0.48	0.48	0	0	0.42
59200	0.42	0.48	0.48	0	0	0.42
59300	0.42	0.48	0.48	0	0	0.42
59400	0.42	0.48	0.48	0	0	0.42
59500	0.42	0.48	0.48	0	0	0.42
59600	0.42	0.48	0.48	0	0	0.42
59700	0.42	0.48	0.48	0	0	0.42
59800	0.42	0.48	0.48	0	0	0.42
59900	0.42	0.48	0.48	0	0	0.42
60000	0.42	0.48	0.48	0	0	0.42
60100	0.42	0.48	0.48	0	0	0.42
60200	0.42	0.48	0.48	0	0	0.42
60300	0.42	0.48	0.48	0	0	0.42
60400	0.42	0.48	0.48	0	0	0.42
60500	0.42	0.48	0.48	0	0	0.42
60600	0.42	0.48	0.48	0	0	0.42
60700	0.42	0.48	0.48	0	0	0.42
60800	0.42	0.48	0.48	0	0	0.42
60900	0.42	0.48	0.48	0	0	0.42
61000	0.42	0.48	0.48	0	0	0.42
61100	0.42	0.48	0.48	0	0	0.42
61200	0.42	0.48	0.48	0	0	0.42
61300	0.42	0.48	0.48	0	0	0.42
61400	0.42	0.48	0.48	0	0	0.42
61500	0.42	0.48	0.48	0	0	0.42
61600	0.42	0.48	0.48	0	0	0.42
61700	0.42	0.48	0.48	0	0	0.42
61800	0.42	0.48	0.48	0	0	0.42
61900	0.42	0.48	0.48	0	0	0.42
62000	0.42	0.48	0.48	0	0	0.42
62100	0.42	0.48	0.48	0	0	0.42
62200	0.42	0.47	0.47	0	0	0.42
62300	0.43	0.47	0.47	0	0	0.43
62400	0.42	0.47	0.47	0	0	0.42
62500	0.42	0.47	0.47	0	0	0.42
62600	0.42	0.47	0.47	0	0	0.42
62700	0.42	0.47	0.47	0	0	0.42
62800	0.42	0.47	0.47	0	0	0.42
62900	0.42	0.47	0.47	0	0	0.42
63000	0.42	0.48	0.48	0	0	0.42
63100	0.42	0.48	0.48	0	0	0.42
63200	0.42	0.48	0.48	0	0	0.42
63300	0.42	0.48	0.48	0	0	0.42
63400	0.42	0.48	0.48	0	0	0.42
63500	0.42	0.48	0.48	0	0	0.42
63600	0.42	0.48	0.48	0	0	0.42
63700	0.42	0.48	0.48	0	0	0.42
63800	0.42	0.48	0.48	0	0	0.42
63900	0.42	0.48	0.48	0	0	0.42
64000	0.42	0.48	0.48	0	0	0.42
64100	0.42	0.48	0.48	0	0	0.42
64200	0.42	0.48	0.48	0	0	0.42
64300	0.42	0.48	0.48	0	0	0.42
64400	0.42	0.48	0.48	0	0	0.42
64500	0.42	0.48	0.48	0	0	0.42
64600	0.42	0.48	0.48	0	0	0.42
64700	0.42	0.48	0.48	0	0	0.42
64800	0.42	0.48	0.48	0	0	0.42
64900	0.42	0.48	0.48	0	0	0.42
65000	0.42	0.48	0.48	0	0	0.42
65100	0.42	0.49	0.49	0	0	0.42
65200	0.42	0.47	0.47	0	0	0.42
65300	0.43	0.47	0.47	0	0	0.43
65400	0.42	0.47	0.47	0	0	0.42
65500	0.42	0.47	0.47	0	0	0.42
65600	0.42	0.47	0.47	0	0	0.42
65700	0.42	0.47	0.47	0	0	0.42
65800	0.42	0.48	0.48	0	0	0.42
65900	0.42	0.48	0.48	0	0	0.42
66000	0.42	0.48	0.48	0	0	0.42
66100	0.42	0.48	0.48	0	0	0.42
66200	0.42	0.48	0.48	0	0	0.42
66300	0.42	0.48	0.48	0	0	0.42
66400	0.42	0.48	0.48	0	0	0.42
66500	0.42	0.48	0.48	0	0	0.42
66600	0.42	0.48	0.48	0	0	0.42
66700	0.42	0.48	0.48	0	0	0.42
66800	0.42	0.48	0.48	0	0	0.42
66900	0.42	0.47	0.47	0	0	0.42
67000	0.42	0.47	0.47	0	0	0.42
67100	0.42	0.46	0.46	0	0	0.42
67200	0.42	0.46	0.46	0	0	0.42
67300	0.42	0.46	0.46	0	0	0.42
67400	0.42	0.45	0.45	0	0	0.42
67500	0.42	0.45	0.45	0	0	0.42
67600	0.42	0.45	0.45	0	0	0.42
67700	0.42	0.45	0.45	0	0	0.42
67800	0.42	0.45	0.45	0	0	0.42
67900	0.42	0.45	0.45	0	0	0.42
68000	0.42	0.45	0.45	0	0	0.42
68100	0.42	0.45	0.45	0	0	0.42
68200	0.42	0.45	0.45	0	0	0.42
68300	0.42	0.45	0.45	0	0	0.42
68400	0.42	0.45	0.45	0	0	0.42
68500	0.42	0.45	0.45	0	0	0.42
68600	0.42	0.46	0.46	0	0	0.42
68700	0.42	0.46	0.46	0	0	0.42
68800	0.42	0.45	0.45	0	0	0.42
68900	0.42	0.45	0.45	0	0	0.42
69000	0.42	0.45	0.45	0	0	0.42
69100	0.42	0.45	0.45	0	0	0.42
69200	0.42	0.45	0.45	0	0	0.42
69300	0.43	0.45	0.45	0	0	0.43
69400	0.43	0.45	0.45	0	0	0.43
69500	0.43	0.45	0.45	0	0	0.43
69600	0.43	0.45	0.45	0	0	0.43
69700	0.43	0.45	0.45	0	0	0.43
69800	0.43	0.46	0.46	0	0	0.43
69900	0.42	0.46	0.46	0	0	0.42
70000	0.42	0.46	0.46	0	0	0.42
70100	0.42	0.46	0.46	0	0	0.42
70200	0.42	0.46	0.46	0	0	0.42
70300	0.43	0.46	0.46	0	0	0.43
70400	0.43	0.46	0.46	0	0	0.43
70500	0.44	0.46	0.46	0	0	0.44
70600	0.44	0.46	0.46	0	0	0.44
70700	0.43	0.46	0.46	0	0	0.43
70800	0.43	0.46	0.46	0	0	0.43
70900	0.43	0.46	0.46	0	0	0.43
71000	0.43	0.47	0.47	0	0	0.43
71100	0.43	0.47	0.47	0	0	0.43
71200	0.43	0.47	0.47	0	0	0.43
71300	0.43	0.47	0.47	0	0	0.43
71400	0.43	0.47	0.47	0	0	0.43
71500	0.43	0.47	0.47	0	0	0.43
71600	0.43	0.47	0.47	0	0	0.43
71700	0.43	0.48	0.48	0	0	0.43
71800	0.43	0.48	0.48	0	0	0.43
71900	0.43	0.48	0.48	0	0	0.43
72000	0.43	0.48	0.48	0	0	0.43
72100	0.43	0.48	0.48	0	0	0.43
72200	0.43	0.48	0.48	0	0	0.43
72300	0.43	0.48	0.48	0	0	0.43
72400	0.43	0.48	0.48	0	0	0.43
72500	0.43	0.48	0.48	0	0	0.43
72600	0.43	0.47	0.47	0	0	0.43
72700	0.43	0.47	0.47	0	0	0.43
72800	0.43	0.47	0.47	0	0	0.43
72900	0.43	0.47	0.47	0	0	0.43
73000	0.43	0.47	0.47	0	0	0.43
73100	0.43	0.47	0.47	0	0	0.43
73200	0.44	0.47	0.47	0	0	0.44
73300	0.44	0.47	0.47	0	0	0.44
73400	0.44	0.47	0.47	0	0	0.44
73500	0.44	0.47	0.47	0	0	0.44
73600	0.44	0.47	0.47	0	0	0.44
73700	0.45	0.47	0.47	0	0	0.45
73800	0.45	0.47	0.47	0	0	0.45
73900	0.45	0.47	0.47	0	0	0.45
74000	0.45	0.47	0.47	0	0	0.45
74100	0.45	0.47	0.47	0	0	0.45
74200	0.45	0.47	0.47	0	0	0.45
74300	0.45	0.47	0.47	0	0	0.45
74400	0.45	0.47	0.47	0	0	0.45
74500	0.45	0.47	0.47	0	0	0.45
74600	0.45	0.47	0.47	0	0	0.45
74700	0.45	0.47	0.47	0	0	0.45
74800	0.45	0.47	0.47	0	0	0.45
74900	0.45	0.47	0.47	0	0	0.45
75000	0.45	0.47	0.47	0	0	0.45
75100	0.45	0.47	0.47	0	0	0.45
75200	0.45	0.47	0.47	0	0	0.45
75300	0.45	0.47	0.47	0	0	0.45
75400	0.45	0.47	0.47	0	0	0.45
75500	0.45	0.47	0.47	0	0	0.45
75600	0.44	0.47	0.47	0	0	0.44
75700	0.44	0.47	0.47	0	0	0.44
75800	0.44	0.47	0.47	0	0	0.44
75900	0.44	0.47	0.47	0	0	0.44
76000	0.44	0.47	0.47	0	0	0.44
76100	0.44	0.47	0.47	0	0	0.44
76200	0.44	0.47	0.47	0	0	0.44
76300	0.44	0.47	0.47	0	0	0.44
76400	0.44	0.47	0.47	0	0	0.44
76500	0.44	0.47	0.47	0	0	0.44
76600	0.44	0.47	0.47	0	0	0.44
76700	0.44	0.47	0.47	0	0	0.44
76800	0.44	0.47	0.47	0	0	0.44
76900	0.44	0.47	0.47	0	0	0.44
77000	0.44	0.47	0.47	0	0	0.44
77100	0.44	0.47	0.47	0	0	0.44
77200	0.44	0.47	0.47	0	0	0.44
77300	0.44	0.47	0.47	0	0	0.44
77400	0.44	0.47	0.47	0	0	0.44
77500	0.44	0.47	0.47	0	0	0.44
77600	0.44	0.47	0.47	0	0	0.44
77700	0.44	0.47	0.47	0	0	0.44
77800	0.45	0.47	0.47	0	0	0.45
77900	0.45	0.47	0.47	0	0	0.45
78000	0.45	0.47	0.47	0	0	0.45
78100	0.45	0.47	0.47	0	0	0.45
78200	0.45	0.47	0.47	0	0	0.45
78300	0.45	0.47	0.47	0	0	0.45
78400	0.45	0.47	0.47	0	0	0.45
78500	0.45	0.47	0.47	0	0	0.45
78600	0.45	0.47	0.47	0	0	0.45
78700	0.45	0.47	0.47	0	0	0.45
78800	0.45	0.47	0.47	0	0	0.45
78900	0.45	0.47	0.47	0	0	0.45
79000	0.45	0.47	0.47	0	0	0.45
79100	0.45	0.47	0.47	0	0	0.45
79200	0.45	0.47	0.47	0	0	0.45
79300	0.45	0.47	0.47	0	0	0.45
79400	0.45	0.47	0.47	0	0	0.45
79500	0.45	0.47	0.47	0	0	0.45
79600	0.45	0.47	0.47	0	0	0.45
79700	0.45	0.47	0.47	0	0	0.45
79800	0.45	0.48	0.48	0	0	0.45
79900	0.45	0.48	0.48	0	0	0.45
80000	0.45	0.47	0.47	0	0	0.45
80100	0.45	0.47	0.47	0	0	0.45
80200	0.45	0.47	0.47	0	0	0.45
80300	0.45	0.47	0.47	0	0	0.45
80400	0.45	0.47	0.47	0	0	0.45
80500	0.45	0.47	0.47	0	0	0.45
80600	0.45	0.47	0.47	0	0	0.45
80700	0.45	0.47	0.47	0	0	0.45
80800	0.45	0.47	0.47	0	0	0.45
80900	0.45	0.47	0.47	0	0	0.45
81000	0.45	0.48	0.48	0	0	0.45
81100	0.45	0.48	0.48	0	0	0.45
81200	0.45	0.48	0.48	0	0	0.45
81300	0.45	0.48	0.48	0	0	0.45
81400	0.45	0.48	0.48	0	0	0.45
81500	0.45	0.48	0.48	0	0	0.45
81600	0.46	0.48	0.48	0	0	0.46
81700	0.45	0.48	0.48	0	0	0.45
81800	0.44	0.48	0.48	0	0	0.44
81900	0.44	0.48	0.48	0	0	0.44
82000	0.44	0.49	0.49	0	0	0.44
82100	0.44	0.49	0.49	0	0	0.44
82200	0.44	0.49	0.49	0	0	0.44
82300	0.44	0.49	0.49	0	0	0.44
82400	0.44	0.49	0.49	0	0	0.44
82500	0.44	0.49	0.49	0	0	0.44
82600	0.44	0.49	0.49	0	0	0.44
82700	0.44	0.49	0.49	0	0	0.44
82800	0.44	0.49	0.49	0	0	0.44
82900	0.44	0.49	0.49	0	0	0.44
83000	0.44	0.49	0.49	0	0	0.44
83100	0.44	0.49	0.49	0	0	0.44
83200	0.44	0.49	0.49	0	0	0.44
83300	0.44	0.49	0.49	0	0	0.44
83400	0.44	0.49	0.49	0	0	0.44
83500	0.44	0.49	0.49	0	0	0.44
83600	0.44	0.49	0.49	0	0	0.44
83700	0.44	0.49	0.49	0	0	0.44
83800	0.44	0.49	0.49	0	0	0.44
83900	0.45	0.49	0.49	0	0	0.45
84000	0.45	0.49	0.49	0	0	0.45
84100	0.45	0.48	0.48	0	0	0.45
84200	0.45	0.48	0.48	0	0	0.45
84300	0.45	0.48	0.48	0	0	0.45
84400	0.45	0.48	0.48	0	0	0.45
84500	0.45	0.48	0.48	0	0	0.45
84600	0.45	0.48	0.48	0	0	0.45
84700	0.45	0.48	0.48	0	0	0.45
84800	0.45	0.48	0.48	0	0	0.45
84900	0.45	0.48	0.48	0	0	0.45
85000	0.45	0.48	0.48	0	0	0.45
85100	0.45	0.48	0.48	0	0	0.45
85200	0.45	0.48	0.48	0	0	0.45
85300	0.45	0.48	0.48	0	0	0.45
85400	0.45	0.48	0.48	0	0	0.45
85500	0.45	0.48	0.48	0	0	0.45
85600	0.45	0.48	0.48	0	0	0.45
85700	0.45	0.48	0.48	0	0	0.45
85800	0.44	0.48	0.48	0	0	0.44
85900	0.44	0.48	0.48	0	0	0.44
86000	0.43	0.48	0.48	0	0	0.43
86100	0.43	0.48	0.48	0	0	0.43
86200	0.43	0.48	0.48	0	0	0.43
86300	0.43	0.48	0.48	0	0	0.43
86400	0.43	0.48	0.48	0	0	0.43
86500	0.43	0.48	0.48	0	0	0.43
86600	0.43	0.48	0.48	0	0	0.43
86700	0.43	0.49	0.49	0	0	0.43
86800	0.43	0.49	0.49	0	0	0.43
86900	0.43	0.49	0.49	0	0	0.43
87000	0.43	0.49	0.49	0	0	0.43
87100	0.43	0.49	0.49	0	0	0.43
87200	0.43	0.49	0.49	0	0	0.43
87300	0.43	0.49	0.49	0	0	0.43
87400	0.43	0.49	0.49	0	0	0.43
87500	0.43	0.49	0.49	0	0	0.43
87600	0.43	0.49	0.49	0	0	0.43
87700	0.43	0.48	0.48	0	0	0.43
87800	0.43	0.48	0.48	0	0	0.43
87900	0.43	0.48	0.48	0	0	0.43
88000	0.43	0.48	0.48	0	0	0.43
88100	0.43	0.48	0.48	0	0	0.43
88200	0.43	0.48	0.48	0	0	0.43
88300	0.43	0.48	0.48	0	0	0.43
88400	0.43	0.48	0.48	0	0	0.43
88500	0.43	0.48	0.48	0	0	0.43
88600	0.43	0.48	0.48	0	0	0.43
88700	0.43	0.48	0.48	0	0	0.43
88800	0.43	0.48	0.48	0	0	0.43
88900	0.43	0.48	0.48	0	0	0.43
89000	0.43	0.48	0.48	0	0	0.43
89100	0.43	0.48	0.48	0	0	0.43
89200	0.43	0.48	0.48	0	0	0.43
89300	0.43	0.48	0.48	0	0	0.43
89400	0.43	0.48	0.48	0	0	0.43
89500	0.43	0.48	0.48	0	0	0.43
89600	0.43	0.48	0.48	0	0	0.43
89700	0.43	0.48	0.48	0	0	0.43
89800	0.43	0.48	0.48	0	0	0.43
89900	0.43	0.48	0.48	0	0	0.43
90000	0.43	0.48	0.48	0	0	0.43
90100	0.43	0.48	0.48	0	0	0.43
90200	0.43	0.48	0.48	0	0	0.43
90300	0.43	0.49	0.49	0	0	0.43
90400	0.43	0.48	0.48	0	0	0.43
90500	0.43	0.48	0.48	0	0	0.43
90600	0.43	0.48	0.48	0	0	0.43
90700	0.43	0.48	0.48	0	0	0.43
90800	0.43	0.48	0.48	0	0	0.43
90900	0.43	0.48	0.48	0	0	0.43
91000	0.43	0.48	0.48	0	0	0.43
91100	0.43	0.48	0.48	0	0	0.43
91200	0.43	0.48	0.48	0	0	0.43
91300	0.43	0.48	0.48	0	0	0.43
91400	0.43	0.48	0.48	0	0	0.43
91500	0.43	0.48	0.48	0	0	0.43
91600	0.43	0.48	0.48	0	0	0.43
91700	0.43	0.48	0.48	0	0	0.43
91800	0.43	0.48	0.48	0	0	0.43
91900	0.43	0.49	0.49	0	0	0.43
92000	0.43	0.49	0.49	0	0	0.43
92100	0.43	0.49	0.49	0	0	0.43
92200	0.43	0.49	0.49	0	0	0.43
92300	0.43	0.49	0.49	0	0	0.43
92400	0.43	0.49	0.49	0	0	0.43
92500	0.43	0.49	0.49	0	0	0.43
92600	0.43	0.49	0.49	0	0	0.43
92700	0.43	0.49	0.49	0	0	0.43
92800	0.43	0.49	0.49	0	0	0.43
92900	0.43	0.49	0.49	0	0	0.43
93000	0.43	0.49	0.49	0	0	0.43
93100	0.43	0.49	0.49	0	0	0.43
93200	0.43	0.49	0.49	0	0	0.43
93300	0.43	0.5	0.5	0	0	0.43
93400	0.43	0.5	0.5	0	0	0.43
93500	0.43	0.5	0.5	0	0	0.43
93600	0.43	0.5	0.5	0	0	0.43
93700	0.43	0.5	0.5	0	0	0.43
93800	0.43	0.49	0.49	0	0	0.43
93900	0.43	0.49	0.49	0	0	0.43
94000	0.43	0.49	0.49	0	0	0.43
94100	0.43	0.49	0.49	0	0	0.43
94200	0.43	0.49	0.49	0	0	0.43
94300	0.43	0.49	0.49	0	0	0.43
94400	0.43	0.49	0.49	0	0	0.43
94500	0.43	0.49	0.49	0	0	0.43
94600	0.43	0.49	0.49	0	0	0.43
94700	0.43	0.49	0.49	0	0	0.43
94800	0.43	0.49	0.49	0	0	0.43
94900	0.43	0.49	0.49	0	0	0.43
95000	0.43	0.49	0.49	0	0	0.43
95100	0.43	0.49	0.49	0	0	0.43
95200	0.43	0.49	0.49	0	0	0.43
95300	0.43	0.49	0.49	0	0	0.43
95400	0.43	0.49	0.49	0	0	0.43
95500	0.43	0.49	0.49	0	0	0.43
95600	0.43	0.49	0.49	0	0	0.43
95700	0.43	0.49	0.49	0	0	0.43
95800	0.43	0.49	0.49	0	0	0.43
95900	0.43	0.49	0.49	0	0	0.43
96000	0.43	0.49	0.49	0	0	0.43
96100	0.43	0.49	0.49	0	0	0.43
96200	0.43	0.49	0.49	0	0	0.43
96300	0.42	0.49	0.49	0	0	0.42
96400	0.42	0.49	0.49	0	0	0.42
96500	0.42	0.49	0.49	0	0	0.42
96600	0.42	0.49	0.49	0	0	0.42
96700	0.42	0.5	0.5	0	0	0.42
96800	0.42	0.5	0.5	0	0	0.42
96900	0.42	0.5	0.5	0	0	0.42
97000	0.42	0.5	0.5	0	0	0.42
97100	0.42	0.5	0.5	0	0	0.42
97200	0.42	0.5	0.5	0	0	0.42
97300	0.42	0.5	0.5	0	0	0.42
97400	0.42	0.5	0.5	0	0	0.42
97500	0.42	0.5	0.5	0	0	0.42
97600	0.42	0.5	0.5	0	0	0.42
97700	0.42	0.5	0.5	0	0	0.42
97800	0.42	0.5	0.5	0	0	0.42
97900	0.42	0.5	0.5	0	0	0.42
98000	0.42	0.5	0.5	0	0	0.42
98100	0.42	0.5	0.5	0	0	0.42
98200	0.43	0.5	0.5	0	0	0.43
98300	0.43	0.5	0.5	0	0	0.43
98400	0.43	0.5	0.5	0	0	0.43
98500	0.43	0.5	0.5	0	0	0.43
98600	0.43	0.5	0.5	0	0	0.43
98700	0.43	0.5	0.5	0	0	0.43
98800	0.43	0.5	0.5	0	0	0.43
98900	0.43	0.5	0.5	0	0	0.43
99000	0.43	0.5	0.5	0	0	0.43
99100	0.43	0.5	0.5	0	0	0.43
99200	0.42	0.5	0.5	0	0	0.42
99300	0.42	0.5	0.5	0	0	0.42
99400	0.42	0.5	0.5	0	0	0.42
99500	0.42	0.5	0.5	0	0	0.42
99600	0.42	0.5	0.5	0	0	0.42
99700	0.42	0.5	0.5	0	0	0.42
99800	0.42	0.5	0.5	0	0	0.42
99900	0.42	0.5	0.5	0	0	0.42
100000	0.42	0.5	0.5	0	0	0.42
100100	0.42	0.5	0.5	0	0	0.42
100200	0.42	0.5	0.5	0	0	0.42
100300	0.42	0.5	0.5	0	0	0.42
100400	0.42	0.5	0.5	0	0	0.42
100500	0.42	0.5	0.5	0	0	0.42
100600	0.42	0.5	0.5	0	0	0.42
100700	0.42	0.5	0.5	0	0	0.42
100800	0.42	0.5	0.5	0	0	0.42
100900	0.42	0.5	0.5	0	0	0.42
101000	0.42	0.5	0.5	0	0	0.42
101100	0.42	0.5	0.5	0	0	0.42
101200	0.42	0.5	0.5	0	0	0.42
101300	0.42	0.51	0.51	0	0	0.42
101400	0.42	0.51	0.51	0	0	0.42
101500	0.42	0.51	0.51	0	0	0.42
101600	0.42	0.51	0.51	0	0	0.42
101700	0.42	0.51	0.51	0	0	0.42
101800	0.42	0.51	0.51	0	0	0.42
101900	0.42	0.51	0.51	0	0	0.42
102000	0.42	0.51	0.51	0	0	0.42
102100	0.42	0.51	0.51	0	0	0.42
102200	0.42	0.51	0.51	0	0	0.42
102300	0.42	0.51	0.51	0	0	0.42
102400	0.42	0.51	0.51	0	0	0.42
102500	0.42	0.51	0.51	0	0	0.42
102600	0.42	0.51	0.51	0	0	0.42
102700	0.42	0.51	0.51	0	0	0.42
102800	0.42	0.51	0.51	0	0	0.42
102900	0.42	0.51	0.51	0	0	0.42
103000	0.42	0.51	0.51	0	0	0.42
103100	0.42	0.51	0.51	0	0	0.42
103200	0.42	0.51	0.51	0	0	0.42
103300	0.42	0.51	0.51	0	0	0.42
103400	0.42	0.51	0.51	0	0	0.42
103500	0.42	0.51	0.51	0	0	0.42
103600	0.42	0.51	0.51	0	0	0.42
103700	0.42	0.51	0.51	0	0	0.42
103800	0.42	0.51	0.51	0	0	0.42
103900	0.42	0.51	0.51	0	0	0.42
104000	0.42	0.51	0.51	0	0	0.42
104100	0.42	0.51	0.51	0	0	0.42
104200	0.42	0.51	0.51	0	0	0.42
104300	0.42	0.51	0.51	0	0	0.42
104400	0.42	0.51	0.51	0	0	0.42
104500	0.42	0.51	0.51	0	0	0.42
104600	0.42	0.51	0.51	0	0	0.42
104700	0.42	0.51	0.51	0	0	0.42
104800	0.42	0.51	0.51	0	0	0.42
104900	0.42	0.51	0.51	0	0	0.42
105000	0.42	0.51	0.51	0	0	0.42
105100	0.42	0.51	0.51	0	0	0.42
105200	0.42	0.51	0.51	0	0	0.42
105300	0.42	0.51	0.51	0	0	0.42
105400	0.42	0.51	0.51	0	0	0.42
105500	0.42	0.51	0.51	0	0	0.42
105600	0.42	0.51	0.51	0	0	0.42
105700	0.42	0.51	0.51	0	0	0.42
105800	0.42	0.51	0.51	0	0	0.42
105900	0.42	0.51	0.51	0	0	0.42
106000	0.42	0.51	0.51	0	0	0.42
106100	0.42	0.51	0.51	0	0	0.42
106200	0.42	0.51	0.51	0	0	0.42
106300	0.42	0.51	0.51	0	0	0.42
106400	0.42	0.51	0.51	0	0	0.42
106500	0.42	0.51	0.51	0	0	0.42
106600	0.42	0.51	0.51	0	0	0.42
106700	0.42	0.51	0.51	0	0	0.42
106800	0.42	0.51	0.51	0	0	0.42
106900	0.42	0.51	0.51	0	0	0.42
107000	0.42	0.51	0.51	0	0	0.42
107100	0.42	0.51	0.51	0	0	0.42
107200	0.42	0.51	0.51	0	0	0.42
107300	0.42	0.51	0.51	0	0	0.42
107400	0.42	0.51	0.51	0	0	0.42
107500	0.42	0.51	0.51	0	0	0.42
107600	0.42	0.51	0.51	0	0	0.42
107700	0.42	0.51	0.51	0	0	0.42
107800	0.42	0.51	0.51	0	0	0.42
107900	0.42	0.51	0.51	0	0	0.42
108000	0.42	0.51	0.51	0	0	0.42
108100	0.42	0.51	0.51	0	0	0.42
108200	0.42	0.51	0.51	0	0	0.42
108300	0.42	0.51	0.51	0	0	0.42
108400	0.42	0.51	0.51	0	0	0.42
108500	0.42	0.51	0.51	0	0	0.42
108600	0.42	0.51	0.51	0	0	0.42
108700	0.42	0.51	0.51	0	0	0.42
108800	0.42	0.51	0.51	0	0	0.42
108900	0.42	0.51	0.51	0	0	0.42
109000	0.42	0.51	0.51	0	0	0.42
109100	0.42	0.51	0.51	0	0	0.42
109200	0.42	0.51	0.51	0	0	0.42
109300	0.42	0.51	0.51	0	0	0.42
109400	0.42	0.51	0.51	0	0	0.42
109500	0.42	0.51	0.51	0	0	0.42
109600	0.42	0.51	0.51	0	0	0.42
109700	0.42	0.51	0.51	0	0	0.42
109800	0.42	0.51	0.51	0	0	0.42
109900	0.42	0.51	0.51	0	0	0.42
110000	0.42	0.51	0.51	0	0	0.42
110100	0.42	0.51	0.51	0	0	0.42
110200	0.42	0.51	0.51	0	0	0.42
110300	0.42	0.51	0.51	0	0	0.42
110400	0.42	0.51	0.51	0	0	0.42
110500	0.42	0.51	0.51	0	0	0.42
110600	0.42	0.51	0.51	0	0	0.42
110700	0.42	0.51	0.51	0	0	0.42
110800	0.42	0.51	0.51	0	0	0.42
110900	0.42	0.51	0.51	0	0	0.42
111000	0.42	0.51	0.51	0	0	0.42
111100	0.42	0.51	0.51	0	0	0.42
111200	0.42	0.51	0.51	0	0	0.42
111300	0.42	0.51	0.51	0	0	0.42
111400	0.42	0.51	0.51	0	0	0.42
111500	0.42	0.51	0.51	0	0	0.42
111600	0.42	0.51	0.51	0	0	0.42
111700	0.42	0.51	0.51	0	0	0.42
111800	0.42	0.51	0.51	0	0	0.42
111900	0.42	0.51	0.51	0	0	0.42
112000	0.42	0.51	0.51	0	0	0.42
112100	0.42	0.51	0.51	0	0	0.42
112200	0.42	0.51	0.51	0	0	0.42
112300	0.42	0.51	0.51	0	0	0.42
112400	0.42	0.51	0.51	0	0	0.42
112500	0.42	0.51	0.51	0	0	0.42
112600	0.42	0.51	0.51	0	0	0.42
112700	0.42	0.51	0.51	0	0	0.42
112800	0.42	0.51	0.51	0	0	0.42
112900	0.42	0.51	0.51	0	0	0.42
113000	0.42	0.51	0.51	0	0	0.42
113100	0.42	0.51	0.51	0	0	0.42
113200	0.42	0.51	0.51	0	0	0.42
113300	0.42	0.51	0.51	0	0	0.42
113400	0.42	0.51	0.51	0	0	0.42
113500	0.42	0.51	0.51	0	0	0.42
113600	0.42	0.51	0.51	0	0	0.42
113700	0.42	0.51	0.51	0	0	0.42
113800	0.42	0.51	0.51	0	0	0.42
113900	0.42	0.51	0.51	0	0	0.42
114000	0.42	0.51	0.51	0	0	0.42
114100	0.42	0.51	0.51	0	0	0.42
114200	0.42	0.51	0.51	0	0	0.42
114300	0.42	0.51	0.51	0	0	0.42
114400	0.42	0.51	0.51	0	0	0.42
114500	0.42	0.51	0.51	0	0	0.42
114600	0.42	0.51	0.51	0	0	0.42
114700	0.42	0.51	0.51	0	0	0.42
114800	0.42	0.51	0.51	0	0	0.42
114900	0.42	0.51	0.51	0	0	0.42
115000	0.42	0.51	0.51	0	0	0.42
115100	0.42	0.51	0.51	0	0	0.42
115200	0.42	0.51	0.51	0	0	0.42
115300	0.42	0.51	0.51	0	0	0.42
115400	0.42	0.51	0.51	0	0	0.42
115500	0.42	0.51	0.51	0	0	0.42
115600	0.42	0.51	0.51	0	0	0.42
115700	0.42	0.51	0.51	0	0	0.42
115800	0.42	0.51	0.51	0	0	0.42
115900	0.42	0.51	0.51	0	0	0.42
116000	0.42	0.51	0.51	0	0	0.42
116100	0.42	0.51	0.51	0	0	0.42
116200	0.42	0.51	0.51	0	0	0.42
116300	0.42	0.51	0.51	0	0	0.42
116400	0.42	0.51	0.51	0	0	0.42
116500	0.42	0.51	0.51	0	0	0.42
116600	0.42	0.51	0.51	0	0	0.42
116700	0.42	0.51	0.51	0	0	0.42
116800	0.42	0.51	0.51	0	0	0.42
116900	0.42	0.51	0.51	0	0	0.42
117000	0.42	0.51	0.51	0	0	0.42
117100	0.42	0.51	0.51	0	0	0.42
117200	0.42	0.51	0.51	0	0	0.42
117300	0.42	0.51	0.51	0	0	0.42
117400	0.42	0.51	0.51	0	0	0.42
117500	0.42	0.51	0.51	0	0	0.42
117600	0.42	0.51	0.51	0	0	0.42
117700	0.42	0.51	0.51	0	0	0.42
117800	0.42	0.51	0.51	0	0	0.42
117900	0.42	0.51	0.51	0	0	0.42
118000	0.42	0.51	0.51	0	0	0.42
118100	0.42	0.51	0.51	0	0	0.42
118200	0.42	0.51	0.51	0	0	0.42
118300	0.42	0.51	0.51	0	0	0.42
118400	0.42	0.51	0.51	0	0	0.42
118500	0.42	0.51	0.51	0	0	0.42
118600	0.42	0.51	0.51	0	0	0.42
118700	0.42	0.51	0.51	0	0	0.42
118800	0.42	0.51	0.51	0	0	0.42
118900	0.42	0.51	0.51	0	0	0.42
119000	0.42	0.51	0.51	0	0	0.42
119100	0.42	0.51	0.51	0	0	0.42
119200	0.42	0.51	0.51	0	0	0.42
119300	0.42	0.51	0.51	0	0	0.42
119400	0.42	0.51	0.51	0	0	0.42
119500	0.42	0.51	0.51	0	0	0.42
119600	0.42	0.51	0.51	0	0	0.42
119700	0.42	0.51	0.51	0	0	0.42
119800	0.42	0.51	0.51	0	0	0.42
119900	0.42	0.51	0.51	0	0	0.42
120000	0.42	0.51	0.51	0	0	0.42
120100	0.42	0.51	0.51	0	0	0.42
120200	0.42	0.51	0.51	0	0	0.42
120300	0.42	0.51	0.51	0	0	0.42
120400	0.42	0.51	0.51	0	0	0.42
120500	0.42	0.51	0.51	0	0	0.42
120600	0.42	0.51	0.51	0	0	0.42
120700	0.42	0.51	0.51	0	0	0.42
120800	0.42	0.51	0.51	0	0	0.42
120900	0.42	0.51	0.51	0	0	0.42
121000	0.42	0.51	0.51	0	0	0.42
121100	0.42	0.51	0.51	0	0	0.42
121200	0.42	0.51	0.51	0	0	0.42
121300	0.42	0.51	0.51	0	0	0.42
121400	0.42	0.51	0.51	0	0	0.42
121500	0.42	0.51	0.51	0	0	0.42
121600	0.42	0.51	0.51	0	0	0.42
121700	0.42	0.51	0.51	0	0	0.42
121800	0.42	0.51	0.51	0	0	0.42
121900	0.42	0.51	0.51	0	0	0.42
122000	0.42	0.51	0.51	0	0	0.42
122100	0.42	0.51	0.51	0	0	0.42
122200	0.42	0.51	0.51	0	0	0.42
122300	0.42	0.51	0.51	0	0	0.42
122400	0.42	0.51	0.51	0	0	0.42
122500	0.42	0.51	0.51	0	0	0.42
122600	0.42	0.51	0.51	0	0	0.42
122700	0.42	0.51	0.51	0	0	0.42
122800	0.42	0.51	0.51	0	0	0.42
122900	0.42	0.51	0.51	0	0	0.42
123000	0.42	0.51	0.51	0	0	0.42
123100	0.42	0.51	0.51	0	0	0.42
123200	0.42	0.51	0.51	0	0	0.42
123300	0.42	0.51	0.51	0	0	0.42
123400	0.42	0.51	0.51	0	0	0.42
123500	0.42	0.51	0.51	0	0	0.42
123600	0.42	0.51	0.51	0	0	0.42
123700	0.42	0.51	0.51	0	0	0.42
123800	0.42	0.51	0.51	0	0	0.42
123900	0.42	0.51	0.51	0	0	0.42
124000	0.42	0.51	0.51	0	0	0.42
124100	0.42	0.51	0.51	0	0	0.42
124200	0.42	0.51	0.51	0	0	0.42
124300	0.42	0.51	0.51	0	0	0.42
124400	0.42	0.51	0.51	0	0	0.42
124500	0.42	0.51	0.51	0	0	0.42
124600	0.42	0.51	0.51	0	0	0.42
124700	0.42	0.51	0.51	0	0	0.42
124800	0.42	0.51	0.51	0	0	0.42
124900	0.42	0.51	0.51	0	0	0.42
125000	0.42	0.51	0.51	0	0	0.42
125100	0.42	0.51	0.51	0	0	0.42
125200	0.42	0.51	0.51	0	0	0.42
125300	0.42	0.51	0.51	0	0	0.42
125400	0.42	0.51	0.51	0	0	0.42
125500	0.42	0.51	0.51	0	0	0.42
125600	0.42	0.51	0.51	0	0	0.42
125700	0.42	0.51	0.51	0	0	0.42
125800	0.42	0.51	0.51	0	0	0.42
125900	0.42	0.51	0.51	0	0	0.42
126000	0.42	0.51	0.51	0	0	0.42
126100	0.42	0.51	0.51	0	0	0.42
126200	0.42	0.51	0.51	0	0	0.42
126300	0.42	0.51	0.51	0	0	0.42
126400	0.42	0.51	0.51	0	0	0.42
126500	0.42	0.51	0.51	0	0	0.42
126600	0.42	0.51	0.51	0	0	0.42
126700	0.42	0.51	0.51	0	0	0.42
126800	0.42	0.51	0.51	0	0	0.42
126900	0.42	0.51	0.51	0	0	0.42
127000	0.42	0.51	0.51	0	0	0.42
127100	0.42	0.51	0.51	0	0	0.42
127200	0.42	0.51	0.51	0	0	0.42
127300	0.42	0.51	0.51	0	0	0.42
127400	0.42	0.51	0.51	0	0	0.42
127500	0.42	0.51	0.51	0	0	0.42
127600	0.42	0.51	0.51	0	0	0.42
127700	0.42	0.51	0.51	0	0	0.42
127800	0.42	0.51	0.51	0	0	0.42
127900	0.42	0.51	0.51	0	0	0.42
128000	0.42	0.51	0.51	0	0	0.42
128100	0.42	0.51	0.51	0	0	0.42
128200	0.42	0.5	0.5	0	0	0.42
128300	0.42	0.5	0.5	0	0	0.42
128400	0.42	0.5	0.5	0	0	0.42
128500	0.42	0.5	0.5	0	0	0.42
128600	0.42	0.5	0.5	0	0	0.42
128700	0.42	0.5	0.5	0	0	0.42
128800	0.42	0.5	0.5	0	0	0.42
128900	0.42	0.5	0.5	0	0	0.42
129000	0.42	0.5	0.5	0	0	0.42
129100	0.42	0.5	0.5	0	0	0.42
129200	0.42	0.5	0.5	0	0	0.42
129300	0.42	0.5	0.5	0	0	0.42
129400	0.42	0.5	0.5	0	0	0.42
129500	0.42	0.5	0.5	0	0	0.42
129600	0.42	0.5	0.5	0	0	0.42
129700	0.42	0.5	0.5	0	0	0.42
129800	0.42	0.5	0.5	0	0	0.42
129900	0.42	0.5	0.5	0	0	0.42
130000	0.42	0.5	0.5	0	0	0.42
130100	0.42	0.5	0.5	0	0	0.42
130200	0.42	0.5	0.5	0	0	0.42
130300	0.42	0.5	0.5	0	0	0.42
130400	0.42	0.5	0.5	0	0	0.42
130500	0.42	0.5	0.5	0	0	0.42
130600	0.42	0.5	0.5	0	0	0.42
130700	0.42	0.5	0.5	0	0	0.42
130800	0.42	0.5	0.5	0	0	0.42
130900	0.42	0.5	0.5	0	0	0.42
131000	0.42	0.5	0.5	0	0	0.42
131100	0.42	0.5	0.5	0	0	0.42
131200	0.42	0.5	0.5	0	0	0.42
131300	0.42	0.5	0.5	0	0	0.42
131400	0.42	0.5	0.5	0	0	0.42
131500	0.42	0.5	0.5	0	0	0.42
131600	0.42	0.5	0.5	0	0	0.42
131700	0.42	0.5	0.5	0	0	0.42
131800	0.42	0.5	0.5	0	0	0.42
131900	0.42	0.5	0.5	0	0	0.42
132000	0.42	0.5	0.5	0	0	0.42
132100	0.42	0.5	0.5	0	0	0.42
132200	0.42	0.5	0.5	0	0	0.42
132300	0.42	0.5	0.5	0	0	0.42
132400	0.42	0.5	0.5	0	0	0.42
132500	0.42	0.5	0.5	0	0	0.42
132600	0.42	0.5	0.5	0	0	0.42
132700	0.42	0.5	0.5	0	0	0.42
132800	0.42	0.5	0.5	0	0	0.42
132900	0.42	0.5	0.5	0	0	0.42
133000	0.42	0.5	0.5	0	0	0.42
133100	0.42	0.5	0.5	0	0	0.42
133200	0.42	0.5	0.5	0	0	0.42
133300	0.42	0.5	0.5	0	0	0.42
133400	0.42	0.5	0.5	0	0	0.42
133500	0.42	0.5	0.5	0	0	0.42
133600	0.42	0.5	0.5	0	0	0.42
133700	0.42	0.5	0.5	0	0	0.42
133800	0.42	0.5	0.5	0	0	0.42
133900	0.42	0.5	0.5	0	0	0.42
134000	0.42	0.5	0.5	0	0	0.42
134100	0.42	0.5	0.5	0	0	0.42
134200	0.42	0.5	0.5	0	0	0.42
134300	0.42	0.5	0.5	0	0	0.42
134400	0.42	0.5	0.5	0	0	0.42
134500	0.42	0.5	0.5	0	0	0.42
134600	0.42	0.5	0.5	0	0	0.42
134700	0.42	0.5	0.5	0	0	0.42
134800	0.42	0.5	0.5	0	0	0.42
134900	0.42	0.5	0.5	0	0	0.42
135000	0.42	0.5	0.5	0	0	0.42
135100	0.42	0.5	0.5	0	0	0.42
135200	0.42	0.5	0.5	0	0	0.42
135300	0.42	0.5	0.5	0	0	0.42
135400	0.42	0.5	0.5	0	0	0.42
135500	0.42	0.5	0.5	0	0	0.42
135600	0.42	0.5	0.5	0	0	0.42
135700	0.42	0.5	0.5	0	0	0.42
135800	0.42	0.5	0.5	0	0	0.42
135900	0.43	0.5	0.5	0	0	0.43
136000	0.43	0.5	0.5	0	0	0.43
136100	0.43	0.5	0.5	0	0	0.43
136200	0.43	0.5	0.5	0	0	0.43
136300	0.43	0.5	0.5	0	0	0.43
136400	0.43	0.5	0.5	0	0	0.43
136500	0.43	0.5	0.5	0	0	0.43
136600	0.43	0.5	0.5	0	0	0.43
136700	0.43	0.5	0.5	0	0	0.43
136800	0.43	0.5	0.5	0	0	0.43
136900	0.43	0.5	0.5	0	0	0.43
137000	0.43	0.5	0.5	0	0	0.43
137100	0.43	0.5	0.5	0	0	0.43
137200	0.43	0.5	0.5	0	0	0.43
137300	0.43	0.5	0.5	0	0	0.43
137400	0.43	0.5	0.5	0	0	0.43
137500	0.43	0.5	0.5	0	0	0.43
137600	0.43	0.5	0.5	0	0	0.43
137700	0.43	0.5	0.5	0	0	0.43
137800	0.43	0.5	0.5	0	0	0.43
137900	0.43	0.5	0.5	0	0	0.43
138000	0.43	0.5	0.5	0	0	0.43
138100	0.43	0.5	0.5	0	0	0.43
138200	0.43	0.5	0.5	0	0	0.43
138300	0.42	0.5	0.5	0	0	0.42
138400	0.42	0.5	0.5	0	0	0.42
138500	0.42	0.5	0.5	0	0	0.42
138600	0.42	0.5	0.5	0	0	0.42
138700	0.42	0.5	0.5	0	0	0.42
138800	0.42	0.5	0.5	0	0	0.42
138900	0.42	0.5	0.5	0	0	0.42
139000	0.42	0.5	0.5	0	0	0.42
139100	0.42	0.5	0.5	0	0	0.42
139200	0.42	0.5	0.5	0	0	0.42
139300	0.42	0.5	0.5	0	0	0.42
139400	0.42	0.5	0.5	0	0	0.42
139500	0.42	0.5	0.5	0	0	0.42
139600	0.42	0.5	0.5	0	0	0.42
139700	0.42	0.5	0.5	0	0	0.42
139800	0.42	0.5	0.5	0	0	0.42
139900	0.42	0.5	0.5	0	0	0.42
140000	0.42	0.5	0.5	0	0	0.42
140100	0.42	0.5	0.5	0	0	0.42
140200	0.43	0.5	0.5	0	0	0.43
140300	0.43	0.5	0.5	0	0	0.43
140400	0.43	0.5	0.5	0	0	0.43
140500	0.43	0.5	0.5	0	0	0.43
140600	0.43	0.5	0.5	0	0	0.43
140700	0.43	0.5	0.5	0	0	0.43
140800	0.43	0.5	0.5	0	0	0.43
140900	0.43	0.5	0.5	0	0	0.43
141000	0.43	0.5	0.5	0	0	0.43
141100	0.43	0.5	0.5	0	0	0.43
141200	0.43	0.5	0.5	0	0	0.43
141300	0.43	0.5	0.5	0	0	0.43
141400	0.43	0.5	0.5	0	0	0.43
141500	0.43	0.5	0.5	0	0	0.43
141600	0.43	0.5	0.5	0	0	0.43
141700	0.43	0.5	0.5	0	0	0.43
141800	0.43	0.5	0.5	0	0	0.43
141900	0.43	0.5	0.5	0	0	0.43
142000	0.43	0.5	0.5	0	0	0.43
142100	0.43	0.5	0.5	0	0	0.43
142200	0.43	0.5	0.5	0	0	0.43
142300	0.43	0.5	0.5	0	0	0.43
142400	0.43	0.5	0.5	0	0	0.43
142500	0.43	0.5	0.5	0	0	0.43
142600	0.43	0.5	0.5	0	0	0.43
142700	0.43	0.5	0.5	0	0	0.43
142800	0.43	0.5	0.5	0	0	0.43
142900	0.43	0.5	0.5	0	0	0.43
143000	0.43	0.5	0.5	0	0	0.43
143100	0.43	0.5	0.5	0	0	0.43
143200	0.43	0.5	0.5	0	0	0.43
143300	0.43	0.5	0.5	0	0	0.43
143400	0.43	0.5	0.5	0	0	0.43
143500	0.43	0.5	0.5	0	0	0.43
143600	0.43	0.5	0.5	0	0	0.43
143700	0.43	0.5	0.5	0	0	0.43
143800	0.43	0.5	0.5	0	0	0.43
143900	0.43	0.5	0.5	0	0	0.43
144000	0.43	0.5	0.5	0	0	0.43
144100	0.43	0.5	0.5	0	0	0.43
144200	0.43	0.5	0.5	0	0	0.43
144300	0.43	0.5	0.5	0	0	0.43
144400	0.43	0.5	0.5	0	0	0.43
144500	0.43	0.5	0.5	0	0	0.43
144600	0.43	0.5	0.5	0	0	0.43
144700	0.43	0.5	0.5	0	0	0.43
144800	0.43	0.5	0.5	0	0	0.43
144900	0.43	0.5	0.5	0	0	0.43
145000	0.43	0.5	0.5	0	0	0.43
145100	0.43	0.5	0.5	0	0	0.43
145200	0.43	0.5	0.5	0	0	0.43
145300	0.43	0.5	0.5	0	0	0.43
145400	0.43	0.5	0.5	0	0	0.43
145500	0.43	0.5	0.5	0	0	0.43
145600	0.43	0.5	0.5	0	0	0.43
145700	0.43	0.5	0.5	0	0	0.43
145800	0.43	0.5	0.5	0	0	0.43
145900	0.43	0.5	0.5	0	0	0.43
146000	0.43	0.5	0.5	0	0	0.43
146100	0.43	0.5	0.5	0	0	0.43
146200	0.43	0.5	0.5	0	0	0.43
146300	0.43	0.5	0.5	0	0	0.43
146400	0.43	0.5	0.5	0	0	0.43
146500	0.43	0.5	0.5	0	0	0.43
146600	0.43	0.5	0.5	0	0	0.43
146700	0.43	0.5	0.5	0	0	0.43
146800	0.43	0.5	0.5	0	0	0.43
146900	0.43	0.5	0.5	0	0	0.43
147000	0.43	0.5	0.5	0	0	0.43
147100	0.43	0.5	0.5	0	0	0.43
147200	0.43	0.5	0.5	0	0	0.43
147300	0.43	0.5	0.5	0	0	0.43
147400	0.43	0.5	0.5	0	0	0.43
147500	0.43	0.5	0.5	0	0	0.43
147600	0.43	0.5	0.5	0	0	0.43
147700	0.43	0.5	0.5	0	0	0.43
147800	0.43	0.5	0.5	0	0	0.43
147900	0.43	0.5	0.5	0	0	0.43
148000	0.43	0.5	0.5	0	0	0.43
148100	0.43	0.5	0.5	0	0	0.43
148200	0.43	0.5	0.5	0	0	0.43
148300	0.43	0.5	0.5	0	0	0.43
148400	0.43	0.5	0.5	0	0	0.43
148500	0.43	0.5	0.5	0	0	0.43
148600	0.43	0.5	0.5	0	0	0.43
148700	0.43	0.5	0.5	0	0	0.43
148800	0.43	0.5	0.5	0	0	0.43
148900	0.43	0.5	0.5	0	0	0.43
149000	0.43	0.5	0.5	0	0	0.43
149100	0.43	0.5	0.5	0	0	0.43
149200	0.43	0.5	0.5	0	0	0.43
149300	0.43	0.5	0.5	0	0	0.43
149400	0.43	0.5	0.5	0	0	0.43
149500	0.43	0.5	0.5	0	0	0.43
149600	0.43	0.5	0.5	0	0	0.43
149700	0.43	0.5	0.5	0	0	0.43
149800	0.43	0.5	0.5	0	0	0.43
149900	0.43	0.5	0.5	0	0	0.43
150000	0.43	0.5	0.5	0	0	0.43
150100	0.43	0.5	0.5	0	0	0.43
150200	0.43	0.5	0.5	0	0	0.43
150300	0.43	0.5	0.5	0	0	0.43
150400	0.43	0.5	0.5	0	0	0.43
150500	0.43	0.5	0.5	0	0	0.43
150600	0.43	0.5	0.5	0	0	0.43
150700	0.43	0.5	0.5	0	0	0.43
150800	0.43	0.5	0.5	0	0	0.43
150900	0.43	0.5	0.5	0	0	0.43
151000	0.43	0.5	0.5	0	0	0.43
151100	0.43	0.5	0.5	0	0	0.43
151200	0.43	0.5	0.5	0	0	0.43
151300	0.43	0.5	0.5	0	0	0.43
151400	0.43	0.5	0.5	0	0	0.43
151500	0.43	0.5	0.5	0	0	0.43
151600	0.43	0.5	0.5	0	0	0.43
151700	0.43	0.5	0.5	0	0	0.43
151800	0.43	0.5	0.5	0	0	0.43
151900	0.43	0.5	0.5	0	0	0.43
152000	0.43	0.5	0.5	0	0	0.43
152100	0.43	0.5	0.5	0	0	0.43
152200	0.43	0.5	0.5	0	0	0.43
152300	0.43	0.5	0.5	0	0	0.43
152400	0.43	0.5	0.5	0	0	0.43
152500	0.43	0.5	0.5	0	0	0.43
152600	0.43	0.5	0.5	0	0	0.43
152700	0.43	0.5	0.5	0	0	0.43
152800	0.43	0.5	0.5	0	0	0.43
152900	0.43	0.5	0.5	0	0	0.43
153000	0.43	0.5	0.5	0	0	0.43
153100	0.43	0.5	0.5	0	0	0.43
153200	0.43	0.5	0.5	0	0	0.43
153300	0.43	0.5	0.5	0	0	0.43
153400	0.43	0.5	0.5	0	0	0.43
153500	0.43	0.5	0.5	0	0	0.43
153600	0.43	0.5	0.5	0	0	0.43
153700	0.43	0.5	0.5	0	0	0.43
153800	0.43	0.5	0.5	0	0	0.43
153900	0.43	0.5	0.5	0	0	0.43
154000	0.43	0.5	0.5	0	0	0.43
154100	0.43	0.5	0.5	0	0	0.43
154200	0.43	0.5	0.5	0	0	0.43
154300	0.43	0.5	0.5	0	0	0.43
154400	0.43	0.5	0.5	0	0	0.43
154500	0.43	0.5	0.5	0	0	0.43
154600	0.43	0.5	0.5	0	0	0.43
154700	0.43	0.5	0.5	0	0	0.43
154800	0.43	0.5	0.5	0	0	0.43
154900	0.43	0.5	0.5	0	0	0.43
155000	0.43	0.5	0.5	0	0	0.43
155100	0.43	0.5	0.5	0	0	0.43
155200	0.43	0.5	0.5	0	0	0.43
155300	0.43	0.5	0.5	0	0	0.43
155400	0.43	0.5	0.5	0	0	0.43
155500	0.43	0.5	0.5	0	0	0.43
155600	0.43	0.5	0.5	0	0	0.43
155700	0.43	0.5	0.5	0	0	0.43
155800	0.43	0.5	0.5	0	0	0.43
155900	0.43	0.5	0.5	0	0	0.43
156000	0.43	0.5	0.5	0	0	0.43
156100	0.43	0.5	0.5	0	0	0.43
156200	0.43	0.5	0.5	0	0	0.43
156300	0.43	0.5	0.5	0	0	0.43
156400	0.43	0.5	0.5	0	0	0.43
156500	0.43	0.5	0.5	0	0	0.43
156600	0.43	0.5	0.5	0	0	0.43
156700	0.43	0.5	0.5	0	0	0.43
156800	0.43	0.5	0.5	0	0	0.43
156900	0.43	0.5	0.5	0	0	0.43
157000	0.43	0.5	0.5	0	0	0.43
157100	0.43	0.5	0.5	0	0	0.43
157200	0.43	0.5	0.5	0	0	0.43
157300	0.43	0.5	0.5	0	0	0.43
157400	0.43	0.5	0.5	0	0	0.43
157500	0.43	0.5	0.5	0	0	0.43
157600	0.43	0.5	0.5	0	0	0.43
157700	0.43	0.5	0.5	0	0	0.43
157800	0.43	0.5	0.5	0	0	0.43
157900	0.43	0.5	0.5	0	0	0.43
158000	0.43	0.5	0.5	0	0	0.43
158100	0.43	0.5	0.5	0	0	0.43
158200	0.43	0.5	0.5	0	0	0.43
158300	0.43	0.5	0.5	0	0	0.43
158400	0.43	0.5	0.5	0	0	0.43
158500	0.43	0.5	0.5	0	0	0.43
158600	0.43	0.5	0.5	0	0	0.43
158700	0.43	0.5	0.5	0	0	0.43
158800	0.43	0.5	0.5	0	0	0.43
158900	0.43	0.5	0.5	0	0	0.43
159000	0.43	0.5	0.5	0	0	0.43
159100	0.43	0.5	0.5	0	0	0.43
159200	0.43	0.5	0.5	0	0	0.43
159300	0.43	0.5	0.5	0	0	0.43
159400	0.43	0.5	0.5	0	0	0.43
159500	0.43	0.5	0.5	0	0	0.43
159600	0.43	0.5	0.5	0	0	0.43
159700	0.43	0.5	0.5	0	0	0.43
159800	0.43	0.5	0.5	0	0	0.43
159900	0.43	0.5	0.5	0	0	0.43
160000	0.43	0.5	0.5	0	0	0.43
160100	0.43	0.5	0.5	0	0	0.43
160200	0.43	0.5	0.5	0	0	0.43
160300	0.43	0.5	0.5	0	0	0.43
160400	0.43	0.5	0.5	0	0	0.43
160500	0.43	0.5	0.5	0	0	0.43
160600	0.43	0.5	0.5	0	0	0.43
160700	0.43	0.5	0.5	0	0	0.43
160800	0.43	0.5	0.5	0	0	0.43
160900	0.43	0.5	0.5	0	0	0.43
161000	0.43	0.5	0.5	0	0	0.43
161100	0.43	0.5	0.5	0	0	0.43
161200	0.43	0.5	0.5	0	0	0.43
161300	0.43	0.5	0.5	0	0	0.43
161400	0.43	0.5	0.5	0	0	0.43
161500	0.43	0.5	0.5	0	0	0.43
161600	0.43	0.5	0.5	0	0	0.43
161700	0.43	0.5	0.5	0	0	0.43
161800	0.43	0.5	0.5	0	0	0.43
161900	0.43	0.5	0.5	0	0	0.43
162000	0.43	0.5	0.5	0	0	0.43
162100	0.43	0.5	0.5	0	0	0.43
162200	0.43	0.5	0.5	0	0	0.43
162300	0.43	0.5	0.5	0	0	0.43
162400	0.43	0.5	0.5	0	0	0.43
162500	0.43	0.5	0.5	0	0	0.43
162600	0.43	0.5	0.5	0	0	0.43
162700	0.43	0.5	0.5	0	0	0.43
162800	0.43	0.5	0.5	0	0	0.43
162900	0.43	0.5	0.5	0	0	0.43
163000	0.43	0.5	0.5	0	0	0.43
163100	0.43	0.5	0.5	0	0	0.43
163200	0.43	0.5	0.5	0	0	0.43
163300	0.43	0.5	0.5	0	0	0.43
163400	0.43	0.5	0.5	0	0	0.43
163500	0.43	0.5	0.5	0	0	0.43
163600	0.43	0.5	0.5	0	0	0.43
163700	0.43	0.5	0.5	0	0	0.43
163800	0.43	0.5	0.5	0	0	0.43
163900	0.43	0.5	0.5	0	0	0.43
164000	0.43	0.5	0.5	0	0	0.43
164100	0.43	0.5	0.5	0	0	0.43
164200	0.43	0.5	0.5	0	0	0.43
164300	0.43	0.5	0.5	0	0	0.43
164400	0.43	0.5	0.5	0	0	0.43
164500	0.43	0.5	0.5	0	0	0.43
164600	0.43	0.5	0.5	0	0	0.43
164700	0.43	0.5	0.5	0	0	0.43
164800	0.43	0.5	0.5	0	0	0.43
164900	0.43	0.5	0.5	0	0	0.43
165000	0.43	0.5	0.5	0	0	0.43
165100	0.43	0.5	0.5	0	0	0.43
165200	0.43	0.5	0.5	0	0	0.43
165300	0.43	0.5	0.5	0	0	0.43
165400	0.43	0.5	0.5	0	0	0.43
165500	0.43	0.5	0.5	0	0	0.43
165600	0.43	0.5	0.5	0	0	0.43
165700	0.43	0.5	0.5	0	0	0.43
165800	0.43	0.5	0.5	0	0	0.43
165900	0.43	0.5	0.5	0	0	0.43
166000	0.43	0.5	0.5	0	0	0.43
166100	0.43	0.5	0.5	0	0	0.43
166200	0.43	0.5	0.5	0	0	0.43
166300	0.43	0.5	0.5	0	0	0.43
166400	0.43	0.5	0.5	0	0	0.43
166500	0.43	0.5	0.5	0	0	0.43
166600	0.43	0.5	0.5	0	0	0.43
166700	0.43	0.5	0.5	0	0	0.43
166800	0.43	0.5	0.5	0	0	0.43
166900	0.43	0.5	0.5	0	0	0.43
167000	0.43	0.5	0.5	0	0	0.43
167100	0.43	0.5	0.5	0	0	0.43
167200	0.43	0.5	0.5	0	0	0.43
167300	0.43	0.5	0.5	0	0	0.43
167400	0.43	0.5	0.5	0	0	0.43
167500	0.43	0.5	0.5	0	0	0.43
167600	0.43	0.5	0.5	0	0	0.43
167700	0.43	0.5	0.5	0	0	0.43
167800	0.43	0.5	0.5	0	0	0.43
167900	0.43	0.5	0.5	0	0	0.43
168000	0.43	0.5	0.5	0	0	0.43
168100	0.43	0.5	0.5	0	0	0.43
168200	0.43	0.5	0.5	0	0	0.43
168300	0.43	0.5	0.5	0	0	0.43
168400	0.43	0.5	0.5	0	0	0.43
168500	0.43	0.5	0.5	0	0	0.43
168600	0.43	0.5	0.5	0	0	0.43
168700	0.43	0.5	0.5	0	0	0.43
168800	0.43	0.5	0.5	0	0	0.43
168900	0.43	0.5	0.5	0	0	0.43
169000	0.43	0.5	0.5	0	0	0.43
169100	0.43	0.5	0.5	0	0	0.43
169200	0.43	0.5	0.5	0	0	0.43
169300	0.43	0.5	0.5	0	0	0.43
169400	0.43	0.5	0.5	0	0	0.43
169500	0.43	0.5	0.5	0	0	0.43
169600	0.43	0.5	0.5	0	0	0.43
169700	0.43	0.5	0.5	0	0	0.43
169800	0.43	0.5	0.5	0	0	0.43
169900	0.43	0.5	0.5	0	0	0.43
170000	0.43	0.5	0.5	0	0	0.43
170100	0.43	0.5	0.5	0	0	0.43
170200	0.43	0.5	0.5	0	0	0.43
170300	0.43	0.5	0.5	0	0	0.43
170400	0.43	0.5	0.5	0	0	0.43
170500	0.43	0.5	0.5	0	0	0.43
170600	0.43	0.5	0.5	0	0	0.43
170700	0.43	0.5	0.5	0	0	0.43
170800	0.43	0.5	0.5	0	0	0.43
170900	0.43	0.5	0.5	0	0	0.43
171000	0.43	0.5	0.5	0	0	0.43
171100	0.43	0.5	0.5	0	0	0.43
171200	0.43	0.5	0.5	0	0	0.43
171300	0.43	0.5	0.5	0	0	0.43
171400	0.43	0.5	0.5	0	0	0.43
171500	0.43	0.5	0.5	0	0	0.43
171600	0.43	0.5	0.5	0	0	0.43
171700	0.43	0.5	0.5	0	0	0.43
171800	0.43	0.5	0.5	0	0	0.43
171900	0.42	0.5	0.5	0	0	0.42
172000	0.42	0.5	0.5	0	0	0.42
172100	0.42	0.5	0.5	0	0	0.42
172200	0.43	0.5	0.5	0	0	0.43
172300	0.43	0.5	0.5	0	0	0.43
172400	0.43	0.5	0.5	0	0	0.43
172500	0.43	0.5	0.5	0	0	0.43
172600	0.43	0.5	0.5	0	0	0.43
172700	0.42	0.5	0.5	0	0	0.42
172800	0.42	0.5	0.5	0	0	0.42
172900	0.42	0.5	0.5	0	0	0.42
173000	0.42	0.5	0.5	0	0	0.42
173100	0.42	0.5	0.5	0	0	0.42
173200	0.42	0.5	0.5	0	0	0.42
173300	0.42	0.5	0.5	0	0	0.42
173400	0.42	0.5	0.5	0	0	0.42
173500	0.42	0.5	0.5	0	0	0.42
173600	0.42	0.5	0.5	0	0	0.42
173700	0.42	0.5	0.5	0	0	0.42
173800	0.42	0.5	0.5	0	0	0.42
173900	0.42	0.5	0.5	0	0	0.42
174000	0.42	0.5	0.5	0	0	0.42
174100	0.42	0.5	0.5	0	0	0.42
174200	0.42	0.5	0.5	0	0	0.42
174300	0.42	0.5	0.5	0	0	0.42
174400	0.42	0.5	0.5	0	0	0.42
174500	0.42	0.5	0.5	0	0	0.42
174600	0.42	0.5	0.5	0	0	0.42
174700	0.42	0.5	0.5	0	0	0.42
174800	0.42	0.5	0.5	0	0	0.42
174900	0.42	0.5	0.5	0	0	0.42
175000	0.42	0.5	0.5	0	0	0.42
175100	0.42	0.5	0.5	0	0	0.42
175200	0.42	0.5	0.5	0	0	0.42
175300	0.42	0.5	0.5	0	0	0.42
175400	0.42	0.5	0.5	0	0	0.42
175500	0.42	0.5	0.5	0	0	0.42
175600	0.42	0.5	0.5	0	0	0.42
175700	0.42	0.5	0.5	0	0	0.42
175800	0.42	0.5	0.5	0	0	0.42
175900	0.42	0.5	0.5	0	0	0.42
176000	0.42	0.5	0.5	0	0	0.42
176100	0.42	0.5	0.5	0	0	0.42
176200	0.42	0.5	0.5	0	0	0.42
176300	0.42	0.5	0.5	0	0	0.42
176400	0.42	0.5	0.5	0	0	0.42
176500	0.42	0.5	0.5	0	0	0.42
176600	0.42	0.5	0.5	0	0	0.42
176700	0.42	0.5	0.5	0	0	0.42
176800	0.42	0.5	0.5	0	0	0.42
176900	0.42	0.5	0.5	0	0	0.42
177000	0.42	0.5	0.5	0	0	0.42
177100	0.42	0.5	0.5	0	0	0.42
177200	0.42	0.5	0.5	0	0	0.42
177300	0.42	0.5	0.5	0	0	0.42
177400	0.42	0.5	0.5	0	0	0.42
177500	0.42	0.5	0.5	0	0	0.42
177600	0.43	0.5	0.5	0	0	0.43
177700	0.43	0.5	0.5	0	0	0.43
177800	0.43	0.5	0.5	0	0	0.43
177900	0.43	0.5	0.5	0	0	0.43
178000	0.43	0.5	0.5	0	0	0.43
178100	0.43	0.5	0.5	0	0	0.43
178200	0.43	0.5	0.5	0	0	0.43
178300	0.43	0.5	0.5	0	0	0.43
178400	0.43	0.5	0.5	0	0	0.43
178500	0.43	0.5	0.5	0	0	0.43
178600	0.43	0.5	0.5	0	0	0.43
178700	0.43	0.5	0.5	0	0	0.43
178800	0.43	0.5	0.5	0	0	0.43
178900	0.43	0.5	0.5	0	0	0.43
179000	0.43	0.5	0.5	0	0	0.43
179100	0.43	0.5	0.5	0	0	0.43
179200	0.43	0.5	0.5	0	0	0.43
179300	0.43	0.5	0.5	0	0	0.43
179400	0.43	0.5	0.5	0	0	0.43
179500	0.43	0.5	0.5	0	0	0.43
179600	0.43	0.5	0.5	0	0	0.43
179700	0.43	0.5	0.5	0	0	0.43
179800	0.43	0.5	0.5	0	0	0.43
179900	0.43	0.5	0.5	0	0	0.43
180000	0.43	0.5	0.5	0	0	0.43
180100	0.43	0.5	0.5	0	0	0.43
180200	0.43	0.5	0.5	0	0	0.43
180300	0.43	0.5	0.5	0	0	0.43
180400	0.43	0.5	0.5	0	0	0.43
180500	0.43	0.5	0.5	0	0	0.43
180600	0.43	0.5	0.5	0	0	0.43
180700	0.43	0.5	0.5	0	0	0.43
180800	0.43	0.5	0.5	0	0	0.43
180900	0.43	0.5	0.5	0	0	0.43
181000	0.43	0.5	0.5	0	0	0.43
181100	0.43	0.5	0.5	0	0	0.43
181200	0.43	0.5	0.5	0	0	0.43
181300	0.43	0.5	0.5	0	0	0.43
181400	0.43	0.5	0.5	0	0	0.43
181500	0.43	0.5	0.5	0	0	0.43
181600	0.43	0.5	0.5	0	0	0.43
181700	0.43	0.5	0.5	0	0	0.43
181800	0.43	0.5	0.5	0	0	0.43
181900	0.43	0.5	0.5	0	0	0.43
182000	0.43	0.5	0.5	0	0	0.43
182100	0.43	0.5	0.5	0	0	0.43
182200	0.43	0.5	0.5	0	0	0.43
182300	0.43	0.5	0.5	0	0	0.43
182400	0.43	0.5	0.5	0	0	0.43
182500	0.43	0.5	0.5	0	0	0.43
182600	0.43	0.5	0.5	0	0	0.43
182700	0.43	0.5	0.5	0	0	0.43
182800	0.43	0.5	0.5	0	0	0.43
182900	0.43	0.5	0.5	0	0	0.43
183000	0.43	0.5	0.5	0	0	0.43
183100	0.43	0.5	0.5	0	0	0.43
183200	0.43	0.5	0.5	0	0	0.43
183300	0.43	0.5	0.5	0	0	0.43
183400	0.43	0.5	0.5	0	0	0.43
183500	0.43	0.5	0.5	0	0	0.43
183600	0.43	0.5	0.5	0	0	0.43
183700	0.43	0.5	0.5	0	0	0.43
183800	0.43	0.5	0.5	0	0	0.43
183900	0.43	0.5	0.5	0	0	0.43
184000	0.43	0.5	0.5	0	0	0.43
184100	0.43	0.5	0.5	0	0	0.43
184200	0.43	0.5	0.5	0	0	0.43
184300	0.43	0.5	0.5	0	0	0.43
184400	0.43	0.5	0.5	0	0	0.43
184500	0.43	0.5	0.5	0	0	0.43
184600	0.43	0.5	0.5	0	0	0.43
184700	0.43	0.5	0.5	0	0	0.43
184800	0.43	0.5	0.5	0	0	0.43
184900	0.43	0.5	0.5	0	0	0.43
185000	0.43	0.5	0.5	0	0	0.43
185100	0.43	0.5	0.5	0	0	0.43
185200	0.43	0.5	0.5	0	0	0.43
185300	0.43	0.5	0.5	0	0	0.43
185400	0.43	0.5	0.5	0	0	0.43
185500	0.43	0.5	0.5	0	0	0.43
185600	0.43	0.5	0.5	0	0	0.43
185700	0.43	0.5	0.5	0	0	0.43
185800	0.43	0.5	0.5	0	0	0.43
185900	0.43	0.5	0.5	0	0	0.43
186000	0.43	0.5	0.5	0	0	0.43
186100	0.43	0.5	0.5	0	0	0.43
186200	0.43	0.5	0.5	0	0	0.43
186300	0.43	0.5	0.5	0	0	0.43
186400	0.43	0.5	0.5	0	0	0.43
186500	0.43	0.5	0.5	0	0	0.43
186600	0.43	0.5	0.5	0	0	0.43
186700	0.43	0.5	0.5	0	0	0.43
186800	0.43	0.5	0.5	0	0	0.43
186900	0.43	0.5	0.5	0	0	0.43
187000	0.43	0.5	0.5	0	0	0.43
187100	0.43	0.5	0.5	0	0	0.43
187200	0.43	0.5	0.5	0	0	0.43
187300	0.43	0.5	0.5	0	0	0.43
187400	0.43	0.5	0.5	0	0	0.43
187500	0.43	0.5	0.5	0	0	0.43
187600	0.43	0.5	0.5	0	0	0.43
187700	0.43	0.5	0.5	0	0	0.43
187800	0.43	0.5	0.5	0	0	0.43
187900	0.43	0.5	0.5	0	0	0.43
188000	0.43	0.5	0.5	0	0	0.43
188100	0.43	0.5	0.5	0	0	0.43
188200	0.43	0.5	0.5	0	0	0.43
188300	0.43	0.5	0.5	0	0	0.43
188400	0.43	0.5	0.5	0	0	0.43
188500	0.43	0.5	0.5	0	0	0.43
188600	0.43	0.5	0.5	0	0	0.43
188700	0.43	0.5	0.5	0	0	0.43
188800	0.43	0.5	0.5	0	0	0.43
188900	0.43	0.5	0.5	0	0	0.43
189000	0.43	0.5	0.5	0	0	0.43
189100	0.43	0.5	0.5	0	0	0.43
189200	0.43	0.5	0.5	0	0	0.43
189300	0.43	0.5	0.5	0	0	0.43
189400	0.43	0.5	0.5	0	0	0.43
189500	0.43	0.5	0.5	0	0	0.43
189600	0.43	0.5	0.5	0	0	0.43
189700	0.43	0.5	0.5	0	0	0.43
189800	0.43	0.5	0.5	0	0	0.43
189900	0.43	0.5	0.5	0	0	0.43
190000	0.43	0.5	0.5	0	0	0.43
190100	0.43	0.5	0.5	0	0	0.43
190200	0.43	0.5	0.5	0	0	0.43
190300	0.43	0.5	0.5	0	0	0.43
190400	0.43	0.5	0.5	0	0	0.43
190500	0.43	0.5	0.5	0	0	0.43
190600	0.43	0.5	0.5	0	0	0.43
190700	0.43	0.5	0.5	0	0	0.43
190800	0.43	0.5	0.5	0	0	0.43
190900	0.43	0.5	0.5	0	0	0.43
191000	0.43	0.5	0.5	0	0	0.43
191100	0.43	0.5	0.5	0	0	0.43
191200	0.43	0.5	0.5	0	0	0.43
191300	0.43	0.5	0.5	0	0	0.43
191400	0.43	0.5	0.5	0	0	0.43
191500	0.43	0.5	0.5	0	0	0.43
191600	0.43	0.5	0.5	0	0	0.43
191700	0.43	0.5	0.5	0	0	0.43
191800	0.43	0.5	0.5	0	0	0.43
191900	0.43	0.5	0.5	0	0	0.43
192000	0.43	0.5	0.5	0	0	0.43
192100	0.43	0.5	0.5	0	0	0.43
192200	0.43	0.5	0.5	0	0	0.43
192300	0.43	0.5	0.5	0	0	0.43
192400	0.43	0.5	0.5	0	0	0.43
192500	0.43	0.5	0.5	0	0	0.43
192600	0.43	0.5	0.5	0	0	0.43
192700	0.43	0.5	0.5	0	0	0.43
192800	0.43	0.5	0.5	0	0	0.43
192900	0.43	0.5	0.5	0	0	0.43
193000	0.43	0.5	0.5	0	0	0.43
193100	0.43	0.5	0.5	0	0	0.43
193200	0.43	0.5	0.5	0	0	0.43
193300	0.43	0.5	0.5	0	0	0.43
193400	0.43	0.5	0.5	0	0	0.43
193500	0.43	0.5	0.5	0	0	0.43
193600	0.43	0.5	0.5	0	0	0.43
193700	0.43	0.5	0.5	0	0	0.43
193800	0.43	0.5	0.5	0	0	0.43
193900	0.43	0.5	0.5	0	0	0.43
194000	0.43	0.5	0.5	0	0	0.43
194100	0.43	0.5	0.5	0	0	0.43
194200	0.43	0.5	0.5	0	0	0.43
194300	0.43	0.5	0.5	0	0	0.43
194400	0.43	0.5	0.5	0	0	0.43
194500	0.43	0.5	0.5	0	0	0.43
194600	0.43	0.5	0.5	0	0	0.43
194700	0.43	0.5	0.5	0	0	0.43
194800	0.43	0.5	0.5	0	0	0.43
194900	0.43	0.5	0.5	0	0	0.43
195000	0.43	0.5	0.5	0	0	0.43
195100	0.43	0.5	0.5	0	0	0.43
195200	0.43	0.5	0.5	0	0	0.43
195300	0.43	0.5	0.5	0	0	0.43
195400	0.43	0.5	0.5	0	0	0.43
195500	0.43	0.5	0.5	0	0	0.43
195600	0.43	0.5	0.5	0	0	0.43
195700	0.43	0.5	0.5	0	0	0.43
195800	0.43	0.5	0.5	0	0	0.43
195900	0.43	0.5	0.5	0	0	0.43
196000	0.43	0.5	0.5	0	0	0.43
196100	0.43	0.5	0.5	0	0	0.43
196200	0.43	0.5	0.5	0	0	0.43
196300	0.43	0.5	0.5	0	0	0.43
196400	0.43	0.5	0.5	0	0	0.43
196500	0.43	0.5	0.5	0	0	0.43
196600	0.43	0.5	0.5	0	0	0.43
196700	0.43	0.5	0.5	0	0	0.43
196800	0.43	0.5	0.5	0	0	0.43
196900	0.43	0.5	0.5	0	0	0.43
197000	0.43	0.5	0.5	0	0	0.43
197100	0.43	0.5	0.5	0	0	0.43
197200	0.43	0.5	0.5	0	0	0.43
197300	0.43	0.5	0.5	0	0	0.43
197400	0.43	0.5	0.5	0	0	0.43
197500	0.43	0.5	0.5	0	0	0.43
197600	0.43	0.5	0.5	0	0	0.43
197700	0.43	0.5	0.5	0	0	0.43
197800	0.43	0.5	0.5	0	0	0.43
197900	0.43	0.5	0.5	0	0	0.43
198000	0.43	0.5	0.5	0	0	0.43
198100	0.43	0.5	0.5	0	0	0.43
198200	0.43	0.5	0.5	0	0	0.43
198300	0.43	0.5	0.5	0	0	0.43
198400	0.43	0.5	0.5	0	0	0.43
198500	0.43	0.5	0.5	0	0	0.43
198600	0.43	0.5	0.5	0	0	0.43
198700	0.43	0.5	0.5	0	0	0.43
198800	0.43	0.5	0.5	0	0	0.43
198900	0.43	0.5	0.5	0	0	0.43
199000	0.43	0.5	0.5	0	0	0.43
199100	0.43	0.5	0.5	0	0	0.43
199200	0.43	0.5	0.5	0	0	0.43
199300	0.43	0.5	0.5	0	0	0.43
199400	0.43	0.5	0.5	0	0	0.43
199500	0.43	0.5	0.5	0	0	0.43
199600	0.43	0.5	0.5	0	0	0.43
199700	0.43	0.5	0.5	0	0	0.43
199800	0.43	0.5	0.5	0	0	0.43
199900	0.43	0.5	0.5	0	0	0.43
200000	0.43	0.5	0.5	0	0	0.43
200100	0.43	0.5	0.5	0	0	0.43
200200	0.43	0.5	0.5	0	0	0.43
200300	0.43	0.5	0.5	0	0	0.43
200400	0.43	0.5	0.5	0	0	0.43
200500	0.43	0.5	0.5	0	0	0.43
200600	0.43	0.5	0.5	0	0	0.43
200700	0.43	0.5	0.5	0	0	0.43
200800	0.43	0.5	0.5	0	0	0.43
200900	0.43	0.5	0.5	0	0	0.43
201000	0.43	0.5	0.5	0	0	0.43
201100	0.43	0.5	0.5	0	0	0.43
201200	0.43	0.5	0.5	0	0	0.43
201300	0.43	0.5	0.5	0	0	0.43
201400	0.43	0.5	0.5	0	0	0.43
201500	0.43	0.5	0.5	0	0	0.43
201600	0.43	0.5	0.5	0	0	0.43
201700	0.43	0.5	0.5	0	0	0.43
201800	0.43	0.5	0.5	0	0	0.43
201900	0.43	0.5	0.5	0	0	0.43
202000	0.43	0.5	0.5	0	0	0.43
202100	0.43	0.5	0.5	0	0	0.43
202200	0.43	0.5	0.5	0	0	0.43
202300	0.43	0.5	0.5	0	0	0.43
202400	0.43	0.5	0.5	0	0	0.43
202500	0.43	0.5	0.5	0	0	0.43
202600	0.43	0.5	0.5	0	0	0.43
202700	0.43	0.5	0.5	0	0	0.43
202800	0.43	0.5	0.5	0	0	0.43
202900	0.43	0.5	0.5	0	0	0.43
203000	0.43	0.5	0.5	0	0	0.43
203100	0.43	0.5	0.5	0	0	0.43
203200	0.43	0.5	0.5	0	0	0.43
203300	0.43	0.5	0.5	0	0	0.43
203400	0.43	0.5	0.5	0	0	0.43
203500	0.43	0.5	0.5	0	0	0.43
203600	0.43	0.5	0.5	0	0	0.43
203700	0.43	0.5	0.5	0	0	0.43
203800	0.43	0.5	0.5	0	0	0.43
203900	0.43	0.5	0.5	0	0	0.43
204000	0.43	0.5	0.5	0	0	0.43
204100	0.43	0.5	0.5	0	0	0.43
204200	0.43	0.5	0.5	0	0	0.43
204300	0.43	0.5	0.5	0	0	0.43
204400	0.43	0.5	0.5	0	0	0.43
204500	0.43	0.5	0.5	0	0	0.43
204600	0.43	0.5	0.5	0	0	0.43
204700	0.43	0.5	0.5	0	0	0.43
204800	0.43	0.5	0.5	0	0	0.43
204900	0.43	0.5	0.5	0	0	0.43
205000	0.43	0.5	0.5	0	0	0.43
205100	0.43	0.5	0.5	0	0	0.43
205200	0.43	0.5	0.5	0	0	0.43
205300	0.43	0.5	0.5	0	0	0.43
205400	0.43	0.5	0.5	0	0	0.43
205500	0.43	0.5	0.5	0	0	0.43
205600	0.43	0.5	0.5	0	0	0.43
205700	0.43	0.5	0.5	0	0	0.43
205800	0.43	0.5	0.5	0	0	0.43
205900	0.43	0.5	0.5	0	0	0.43
206000	0.43	0.5	0.5	0	0	0.43
206100	0.43	0.5	0.5	0	0	0.43
206200	0.43	0.5	0.5	0	0	0.43
206300	0.43	0.5	0.5	0	0	0.43
206400	0.43	0.5	0.5	0	0	0.43
206500	0.43	0.5	0.5	0	0	0.43
206600	0.43	0.5	0.5	0	0	0.43
206700	0.43	0.5	0.5	0	0	0.43
206800	0.43	0.5	0.5	0	0	0.43
206900	0.43	0.5	0.5	0	0	0.43
207000	0.43	0.5	0.5	0	0	0.43
207100	0.43	0.5	0.5	0	0	0.43
207200	0.43	0.5	0.5	0	0	0.43
207300	0.43	0.5	0.5	0	0	0.43
207400	0.43	0.5	0.5	0	0	0.43
207500	0.43	0.5	0.5	0	0	0.43
207600	0.43	0.5	0.5	0	0	0.43
207700	0.43	0.5	0.5	0	0	0.43
207800	0.43	0.5	0.5	0	0	0.43
207900	0.43	0.5	0.5	0	0	0.43
208000	0.43	0.5	0.5	0	0	0.43
208100	0.43	0.5	0.5	0	0	0.43
208200	0.43	0.5	0.5	0	0	0.43
208300	0.43	0.5	0.5	0	0	0.43
208400	0.43	0.5	0.5	0	0	0.43
208500	0.43	0.5	0.5	0	0	0.43
208600	0.43	0.5	0.5	0	0	0.43
208700	0.43	0.5	0.5	0	0	0.43
208800	0.43	0.5	0.5	0	0	0.43
208900	0.43	0.5	0.5	0	0	0.43
209000	0.43	0.5	0.5	0	0	0.43
209100	0.43	0.5	0.5	0	0	0.43
209200	0.43	0.5	0.5	0	0	0.43
209300	0.43	0.5	0.5	0	0	0.43
209400	0.43	0.5	0.5	0	0	0.43
209500	0.43	0.5	0.5	0	0	0.43
209600	0.43	0.5	0.5	0	0	0.43
209700	0.43	0.5	0.5	0	0	0.43
209800	0.43	0.5	0.5	0	0	0.43
209900	0.43	0.5	0.5	0	0	0.43
210000	0.43	0.5	0.5	0	0	0.43
210100	0.43	0.5	0.5	0	0	0.43
210200	0.43	0.5	0.5	0	0	0.43
210300	0.43	0.5	0.5	0	0	0.43
210400	0.43	0.5	0.5	0	0	0.43
210500	0.43	0.5	0.5	0	0	0.43
210600	0.43	0.5	0.5	0	0	0.43
210700	0.43	0.5	0.5	0	0	0.43
210800	0.43	0.5	0.5	0	0	0.43
210900	0.43	0.5	0.5	0	0	0.43
211000	0.43	0.5	0.5	0	0	0.43
211100	0.43	0.5	0.5	0	0	0.43
211200	0.43	0.5	0.5	0	0	0.43
211300	0.43	0.5	0.5	0	0	0.43
211400	0.43	0.5	0.5	0	0	0.43
211500	0.43	0.5	0.5	0	0	0.43
211600	0.43	0.5	0.5	0	0	0.43
211700	0.43	0.5	0.5	0	0	0.43
211800	0.43	0.5	0.5	0	0	0.43
211900	0.43	0.5	0.5	0	0	0.43
212000	0.43	0.5	0.5	0	0	0.43
212100	0.43	0.5	0.5	0	0	0.43
212200	0.43	0.5	0.5	0	0	0.43
212300	0.43	0.5	0.5	0	0	0.43
212400	0.43	0.5	0.5	0	0	0.43
212500	0.43	0.5	0.5	0	0	0.43
212600	0.43	0.5	0.5	0	0	0.43
212700	0.43	0.5	0.5	0	0	0.43
212800	0.43	0.5	0.5	0	0	0.43
212900	0.43	0.5	0.5	0	0	0.43
213000	0.43	0.5	0.5	0	0	0.43
213100	0.43	0.5	0.5	0	0	0.43
213200	0.43	0.5	0.5	0	0	0.43
213300	0.43	0.5	0.5	0	0	0.43
213400	0.43	0.5	0.5	0	0	0.43
213500	0.43	0.5	0.5	0	0	0.43
213600	0.43	0.5	0.5	0	0	0.43
213700	0.43	0.5	0.5	0	0	0.43
213800	0.43	0.5	0.5	0	0	0.43
213900	0.43	0.5	0.5	0	0	0.43
214000	0.43	0.5	0.5	0	0	0.43
214100	0.43	0.5	0.5	0	0	0.43
214200	0.43	0.5	0.5	0	0	0.43
214300	0.43	0.5	0.5	0	0	0.43
214400	0.43	0.5	0.5	0	0	0.43
214500	0.43	0.5	0.5	0	0	0.43
214600	0.43	0.5	0.5	0	0	0.43
214700	0.43	0.5	0.5	0	0	0.43
214800	0.43	0.5	0.5	0	0	0.43
214900	0.43	0.5	0.5	0	0	0.43
215000	0.43	0.5	0.5	0	0	0.43
215100	0.43	0.5	0.5	0	0	0.43
215200	0.43	0.5	0.5	0	0	0.43
215300	0.43	0.5	0.5	0	0	0.43
215400	0.43	0.5	0.5	0	0	0.43
215500	0.43	0.5	0.5	0	0	0.43
215600	0.43	0.5	0.5	0	0	0.43
215700	0.43	0.5	0.5	0	0	0.43
215800	0.43	0.5	0.5	0	0	0.43
215900	0.43	0.5	0.5	0	0	0.43
216000	0.43	0.5	0.5	0	0	0.43
216100	0.43	0.5	0.5	0	0	0.43
216200	0.43	0.5	0.5	0	0	0.43
216300	0.43	0.5	0.5	0	0	0.43
216400	0.43	0.5	0.5	0	0	0.43
216500	0.43	0.5	0.5	0	0	0.43
216600	0.43	0.5	0.5	0	0	0.43
216700	0.43	0.5	0.5	0	0	0.43
216800	0.43	0.5	0.5	0	0	0.43
216900	0.43	0.5	0.5	0	0	0.43
217000	0.43	0.5	0.5	0	0	0.43
217100	0.43	0.5	0.5	0	0	0.43
217200	0.43	0.5	0.5	0	0	0.43
217300	0.43	0.5	0.5	0	0	0.43
217400	0.43	0.5	0.5	0	0	0.43
217500	0.43	0.5	0.5	0	0	0.43
217600	0.43	0.5	0.5	0	0	0.43
217700	0.43	0.5	0.5	0	0	0.43
217800	0.43	0.5	0.5	0	0	0.43
217900	0.43	0.5	0.5	0	0	0.43
218000	0.43	0.5	0.5	0	0	0.43
218100	0.43	0.5	0.5	0	0	0.43
218200	0.43	0.5	0.5	0	0	0.43
218300	0.43	0.5	0.5	0	0	0.43
218400	0.43	0.5	0.5	0	0	0.43
218500	0.43	0.5	0.5	0	0	0.43
218600	0.43	0.5	0.5	0	0	0.43
218700	0.43	0.5	0.5	0	0	0.43
218800	0.43	0.5	0.5	0	0	0.43
218900	0.43	0.5	0.5	0	0	0.43
219000	0.43	0.5	0.5	0	0	0.43
219100	0.43	0.5	0.5	0	0	0.43
219200	0.43	0.5	0.5	0	0	0.43
219300	0.43	0.5	0.5	0	0	0.43
219400	0.43	0.5	0.5	0	0	0.43
219500	0.43	0.5	0.5	0	0	0.43
219600	0.43	0.5	0.5	0	0	0.43
219700	0.43	0.5	0.5	0	0	0.43
219800	0.43	0.5	0.5	0	0	0.43
219900	0.43	0.5	0.5	0	0	0.43
220000	0.43	0.5	0.5	0	0	0.43
220100	0.43	0.5	0.5	0	0	0.43
220200	0.43	0.5	0.5	0	0	0.43
220300	0.43	0.5	0.5	0	0	0.43
220400	0.43	0.5	0.5	0	0	0.43
220500	0.43	0.5	0.5	0	0	0.43
220600	0.43	0.5	0.5	0	0	0.43
220700	0.43	0.5	0.5	0	0	0.43
220800	0.43	0.5	0.5	0	0	0.43
220900	0.43	0.5	0.5	0	0	0.43
221000	0.43	0.5	0.5	0	0	0.43
221100	0.43	0.5	0.5	0	0	0.43
221200	0.43	0.5	0.5	0	0	0.43
221300	0.43	0.5	0.5	0	0	0.43
221400	0.43	0.5	0.5	0	0	0.43
221500	0.43	0.5	0.5	0	0	0.43
221600	0.43	0.5	0.5	0	0	0.43
221700	0.43	0.5	0.5	0	0	0.43
221800	0.43	0.5	0.5	0	0	0.43
221900	0.43	0.5	0.5	0	0	0.43
222000	0.43	0.5	0.5	0	0	0.43
222100	0.43	0.5	0.5	0	0	0.43
222200	0.43	0.5	0.5	0	0	0.43
222300	0.43	0.5	0.5	0	0	0.43
222400	0.43	0.5	0.5	0	0	0.43
222500	0.43	0.5	0.5	0	0	0.43
222600	0.43	0.5	0.5	0	0	0.43
222700	0.43	0.5	0.5	0	0	0.43
222800	0.43	0.5	0.5	0	0	0.43
222900	0.43	0.5	0.5	0	0	0.43
223000	0.43	0.5	0.5	0	0	0.43
223100	0.43	0.5	0.5	0	0	0.43
223200	0.43	0.5	0.5	0	0	0.43
223300	0.43	0.5	0.5	0	0	0.43
223400	0.43	0.5	0.5	0	0	0.43
223500	0.43	0.5	0.5	0	0	0.43
223600	0.43	0.5	0.5	0	0	0.43
223700	0.43	0.5	0.5	0	0	0.43
223800	0.43	0.5	0.5	0	0	0.43
223900	0.43	0.5	0.5	0	0	0.43
224000	0.43	0.5	0.5	0	0	0.43
224100	0.43	0.5	0.5	0	0	0.43
224200	0.43	0.5	0.5	0	0	0.43
224300	0.43	0.5	0.5	0	0	0.43
224400	0.43	0.5	0.5	0	0	0.43
224500	0.43	0.5	0.5	0	0	0.43
224600	0.43	0.5	0.5	0	0	0.43
224700	0.43	0.5	0.5	0	0	0.43
224800	0.43	0.5	0.5	0	0	0.43
224900	0.43	0.5	0.5	0	0	0.43
225000	0.43	0.5	0.5	0	0	0.43
225100	0.43	0.5	0.5	0	0	0.43
225200	0.43	0.5	0.5	0	0	0.43
225300	0.43	0.5	0.5	0	0	0.43
225400	0.43	0.5	0.5	0	0	0.43
225500	0.43	0.5	0.5	0	0	0.43
225600	0.43	0.5	0.5	0	0	0.43
225700	0.43	0.5	0.5	0	0	0.43
225800	0.43	0.5	0.5	0	0	0.43
225900	0.43	0.5	0.5	0	0	0.43
226000	0.43	0.5	0.5	0	0	0.43
226100	0.43	0.5	0.5	0	0	0.43
226200	0.43	0.5	0.5	0	0	0.43
226300	0.43	0.5	0.5	0	0	0.43
226400	0.43	0.5	0.5	0	0	0.43
226500	0.43	0.5	0.5	0	0	0.43
226600	0.43	0.5	0.5	0	0	0.43
226700	0.43	0.5	0.5	0	0	0.43
226800	0.43	0.5	0.5	0	0	0.43
226900	0.43	0.5	0.5	0	0	0.43
227000	0.43	0.5	0.5	0	0	0.43
227100	0.43	0.5	0.5	0	0	0.43
227200	0.43	0.5	0.5	0	0	0.43
227300	0.43	0.5	0.5	0	0	0.43
227400	0.43	0.5	0.5	0	0	0.43
227500	0.43	0.5	0.5	0	0	0.43
227600	0.43	0.5	0.5	0	0	0.43
227700	0.43	0.5	0.5	0	0	0.43
227800	0.43	0.5	0.5	0	0	0.43
227900	0.43	0.5	0.5	0	0	0.43
228000	0.43	0.5	0.5	0	0	0.43
228100	0.43	0.5	0.5	0	0	0.43
228200	0.43	0.5	0.5	0	0	0.43
228300	0.43	0.5	0.5	0	0	0.43
228400	0.43	0.5	0.5	0	0	0.43
228500	0.43	0.5	0.5	0	0	0.43
228600	0.43	0.5	0.5	0	0	0.43
228700	0.43	0.5	0.5	0	0	0.43
228800	0.43	0.5	0.5	0	0	0.43
228900	0.43	0.5	0.5	0	0	0.43
229000	0.43	0.5	0.5	0	0	0.43
229100	0.43	0.5	0.5	0	0	0.43
229200	0.43	0.5	0.5	0	0	0.43
229300	0.43	0.5	0.5	0	0	0.43
229400	0.43	0.5	0.5	0	0	0.43
229500	0.43	0.5	0.5	0	0	0.43
229600	0.43	0.5	0.5	0	0	0.43
229700	0.43	0.5	0.5	0	0	0.43
229800	0.43	0.5	0.5	0	0	0.43
229900	0.43	0.5	0.5	0	0	0.43
230000	0.43	0.5	0.5	0	0	0.43
230100	0.43	0.5	0.5	0	0	0.43
230200	0.43	0.5	0.5	0	0	0.43
230300	0.43	0.5	0.5	0	0	0.43
230400	0.43	0.5	0.5	0	0	0.43
230500	0.43	0.5	0.5	0	0	0.43
230600	0.43	0.5	0.5	0	0	0.43
230700	0.43	0.5	0.5	0	0	0.43
230800	0.43	0.5	0.5	0	0	0.43
230900	0.43	0.5	0.5	0	0	0.43
231000	0.43	0.5	0.5	0	0	0.43
231100	0.43	0.5	0.5	0	0	0.43
231200	0.43	0.5	0.5	0	0	0.43
231300	0.43	0.5	0.5	0	0	0.43
231400	0.43	0.5	0.5	0	0	0.43
231500	0.43	0.5	0.5	0	0	0.43
231600	0.43	0.5	0.5	0	0	0.43
231700	0.43	0.5	0.5	0	0	0.43
231800	0.43	0.5	0.5	0	0	0.43
231900	0.43	0.5	0.5	0	0	0.43
232000	0.43	0.5	0.5	0	0	0.43
232100	0.43	0.5	0.5	0	0	0.43
232200	0.43	0.5	0.5	0	0	0.43
232300	0.43	0.5	0.5	0	0	0.43
232400	0.43	0.5	0.5	0	0	0.43
232500	0.43	0.5	0.5	0	0	0.43
232600	0.43	0.5	0.5	0	0	0.43
232700	0.43	0.5	0.5	0	0	0.43
232800	0.43	0.5	0.5	0	0	0.43
232900	0.43	0.5	0.5	0	0	0.43
233000	0.43	0.5	0.5	0	0	0.43
233100	0.43	0.5	0.5	0	0	0.43
233200	0.43	0.5	0.5	0	0	0.43
233300	0.43	0.5	0.5	0	0	0.43
233400	0.43	0.5	0.5	0	0	0.43
233500	0.43	0.5	0.5	0	0	0.43
233600	0.43	0.5	0.5	0	0	0.43
233700	0.43	0.5	0.5	0	0	0.43
233800	0.43	0.5	0.5	0	0	0.43
233900	0.43	0.5	0.5	0	0	0.43
234000	0.43	0.5	0.5	0	0	0.43
234100	0.43	0.5	0.5	0	0	0.43
234200	0.43	0.5	0.5	0	0	0.43
234300	0.43	0.5	0.5	0	0	0.43
234400	0.43	0.5	0.5	0	0	0.43
234500	0.43	0.5	0.5	0	0	0.43
234600	0.43	0.5	0.5	0	0	0.43
234700	0.43	0.5	0.5	0	0	0.43
234800	0.43	0.5	0.5	0	0	0.43
234900	0.43	0.5	0.5	0	0	0.43
235000	0.43	0.5	0.5	0	0	0.43
235100	0.43	0.5	0.5	0	0	0.43
235200	0.43	0.5	0.5	0	0	0.43
235300	0.43	0.5	0.5	0	0	0.43
235400	0.43	0.5	0.5	0	0	0.43
235500	0.43	0.5	0.5	0	0	0.43
235600	0.43	0.5	0.5	0	0	0.43
235700	0.43	0.5	0.5	0	0	0.43
235800	0.43	0.5	0.5	0	0	0.43
235900	0.43	0.5	0.5	0	0	0.43
236000	0.43	0.5	0.5	0	0	0.43
236100	0.43	0.5	0.5	0	0	0.43
236200	0.43	0.5	0.5	0	0	0.43
236300	0.43	0.5	0.5	0	0	0.43
236400	0.43	0.49	0.49	0	0	0.43
236500	0.43	0.49	0.49	0	0	0.43
236600	0.43	0.49	0.49	0	0	0.43
236700	0.43	0.49	0.49	0	0	0.43
236800	0.43	0.49	0.49	0	0	0.43
236900	0.43	0.49	0.49	0	0	0.43
237000	0.43	0.49	0.49	0	0	0.43
237100	0.43	0.49	0.49	0	0	0.43
237200	0.43	0.49	0.49	0	0	0.43
237300	0.43	0.49	0.49	0	0	0.43
237400	0.43	0.49	0.49	0	0	0.43
237500	0.43	0.49	0.49	0	0	0.43
237600	0.43	0.49	0.49	0	0	0.43
237700	0.43	0.49	0.49	0	0	0.43
237800	0.43	0.49	0.49	0	0	0.43
237900	0.43	0.49	0.49	0	0	0.43
238000	0.43	0.49	0.49	0	0	0.43
238100	0.43	0.49	0.49	0	0	0.43
238200	0.43	0.49	0.49	0	0	0.43
238300	0.43	0.49	0.49	0	0	0.43
238400	0.43	0.49	0.49	0	0	0.43
238500	0.43	0.49	0.49	0	0	0.43
238600	0.43	0.49	0.49	0	0	0.43
238700	0.43	0.49	0.49	0	0	0.43
238800	0.43	0.49	0.49	0	0	0.43
238900	0.43	0.49	0.49	0	0	0.43
239000	0.43	0.49	0.49	0	0	0.43
239100	0.43	0.49	0.49	0	0	0.43
239200	0.43	0.49	0.49	0	0	0.43
239300	0.43	0.49	0.49	0	0	0.43
239400	0.43	0.49	0.49	0	0	0.43
239500	0.43	0.49	0.49	0	0	0.43
239600	0.43	0.48	0.48	0	0	0.43
239700	0.43	0.48	0.48	0	0	0.43
239800	0.43	0.48	0.48	0	0	0.43
239900	0.43	0.48	0.48	0	0	0.43
240000	0.43	0.48	0.48	0	0	0.43
240100	0.43	0.48	0.48	0	0	0.43
240200	0.43	0.48	0.48	0	0	0.43
240300	0.43	0.48	0.48	0	0	0.43
240400	0.43	0.48	0.48	0	0	0.43
240500	0.43	0.48	0.48	0	0	0.43
240600	0.43	0.48	0.48	0	0	0.43
240700	0.43	0.48	0.48	0	0	0.43
240800	0.43	0.48	0.48	0	0	0.43
240900	0.43	0.48	0.48	0	0	0.43
241000	0.43	0.48	0.48	0	0	0.43
241100	0.43	0.48	0.48	0	0	0.43
241200	0.43	0.48	0.48	0	0	0.43
241300	0.43	0.48	0.48	0	0	0.43
241400	0.43	0.48	0.48	0	0	0.43
241500	0.43	0.48	0.48	0	0	0.43
241600	0.43	0.48	0.48	0	0	0.43
241700	0.43	0.48	0.48	0	0	0.43
241800	0.43	0.48	0.48	0	0	0.43
241900	0.43	0.48	0.48	0	0	0.43
242000	0.43	0.48	0.48	0	0	0.43
242100	0.43	0.48	0.48	0	0	0.43
242200	0.43	0.48	0.48	0	0	0.43
242300	0.43	0.48	0.48	0	0	0.43
242400	0.43	0.48	0.48	0	0	0.43
242500	0.43	0.48	0.48	0	0	0.43
242600	0.43	0.48	0.48	0	0	0.43
242700	0.43	0.48	0.48	0	0	0.43
242800	0.43	0.48	0.48	0	0	0.43
242900	0.43	0.48	0.48	0	0	0.43
243000	0.43	0.48	0.48	0	0	0.43
243100	0.43	0.48	0.48	0	0	0.43
243200	0.43	0.48	0.48	0	0	0.43
243300	0.43	0.48	0.48	0	0	0.43
243400	0.43	0.48	0.48	0	0	0.43
243500	0.43	0.48	0.48	0	0	0.43
243600	0.43	0.48	0.48	0	0	0.43
243700	0.43	0.49	0.49	0	0	0.43
243800	0.43	0.49	0.49	0	0	0.43
243900	0.43	0.49	0.49	0	0	0.43
244000	0.43	0.48	0.48	0	0	0.43
244100	0.43	0.48	0.48	0	0	0.43
244200	0.43	0.48	0.48	0	0	0.43
244300	0.43	0.48	0.48	0	0	0.43
244400	0.43	0.48	0.48	0	0	0.43
244500	0.43	0.48	0.48	0	0	0.43
244600	0.43	0.48	0.48	0	0	0.43
244700	0.43	0.48	0.48	0	0	0.43
244800	0.43	0.48	0.48	0	0	0.43
244900	0.43	0.48	0.48	0	0	0.43
245000	0.43	0.48	0.48	0	0	0.43
245100	0.43	0.48	0.48	0	0	0.43
245200	0.43	0.48	0.48	0	0	0.43
245300	0.43	0.48	0.48	0	0	0.43
245400	0.43	0.48	0.48	0	0	0.43
245500	0.43	0.48	0.48	0	0	0.43
245600	0.43	0.48	0.48	0	0	0.43
245700	0.43	0.48	0.48	0	0	0.43
245800	0.43	0.48	0.48	0	0	0.43
245900	0.43	0.48	0.48	0	0	0.43
246000	0.43	0.48	0.48	0	0	0.43
246100	0.43	0.48	0.48	0	0	0.43
246200	0.43	0.48	0.48	0	0	0.43
246300	0.43	0.48	0.48	0	0	0.43
246400	0.43	0.48	0.48	0	0	0.43
246500	0.43	0.48	0.48	0	0	0.43
246600	0.43	0.48	0.48	0	0	0.43
246700	0.43	0.48	0.48	0	0	0.43
246800	0.43	0.48	0.48	0	0	0.43
246900	0.43	0.48	0.48	0	0	0.43
247000	0.43	0.48	0.48	0	0	0.43
247100	0.43	0.48	0.48	0	0	0.43
247200	0.43	0.48	0.48	0	0	0.43
247300	0.43	0.49	0.49	0	0	0.43
247400	0.43	0.49	0.49	0	0	0.43
247500	0.43	0.49	0.49	0	0	0.43
247600	0.43	0.49	0.49	0	0	0.43
247700	0.43	0.49	0.49	0	0	0.43
247800	0.43	0.49	0.49	0	0	0.43
247900	0.43	0.49	0.49	0	0	0.43
248000	0.43	0.49	0.49	0	0	0.43
248100	0.43	0.49	0.49	0	0	0.43
248200	0.43	0.49	0.49	0	0	0.43
248300	0.43	0.49	0.49	0	0	0.43
248400	0.43	0.49	0.49	0	0	0.43
248500	0.43	0.49	0.49	0	0	0.43
248600	0.43	0.49	0.49	0	0	0.43
248700	0.43	0.49	0.49	0	0	0.43
248800	0.43	0.49	0.49	0	0	0.43
248900	0.43	0.49	0.49	0	0	0.43
249000	0.43	0.49	0.49	0	0	0.43
249100	0.43	0.49	0.49	0	0	0.43
249200	0.43	0.49	0.49	0	0	0.43
249300	0.43	0.49	0.49	0	0	0.43
249400	0.43	0.49	0.49	0	0	0.43
249500	0.43	0.49	0.49	0	0	0.43
249600	0.43	0.49	0.49	0	0	0.43
249700	0.43	0.49	0.49	0	0	0.43
249800	0.43	0.49	0.49	0	0	0.43
249900	0.43	0.49	0.49	0	0	0.43
250000	0.43	0.49	0.49	0	0	0.43
250100	0.43	0.49	0.49	0	0	0.43
250200	0.43	0.49	0.49	0	0	0.43
250300	0.43	0.49	0.49	0	0	0.43
250400	0.43	0.49	0.49	0	0	0.43
250500	0.43	0.49	0.49	0	0	0.43
250600	0.43	0.49	0.49	0	0	0.43
250700	0.43	0.49	0.49	0	0	0.43
250800	0.43	0.49	0.49	0	0	0.43
250900	0.43	0.49	0.49	0	0	0.43
251000	0.43	0.49	0.49	0	0	0.43
251100	0.43	0.49	0.49	0	0	0.43
251200	0.43	0.49	0.49	0	0	0.43
251300	0.43	0.49	0.49	0	0	0.43
251400	0.43	0.49	0.49	0	0	0.43
251500	0.43	0.49	0.49	0	0	0.43
251600	0.43	0.49	0.49	0	0	0.43
251700	0.43	0.49	0.49	0	0	0.43
251800	0.43	0.49	0.49	0	0	0.43
251900	0.43	0.49	0.49	0	0	0.43
252000	0.43	0.49	0.49	0	0	0.43
252100	0.43	0.49	0.49	0	0	0.43
252200	0.43	0.49	0.49	0	0	0.43
252300	0.43	0.49	0.49	0	0	0.43
252400	0.43	0.49	0.49	0	0	0.43
252500	0.43	0.49	0.49	0	0	0.43
252600	0.43	0.49	0.49	0	0	0.43
252700	0.43	0.49	0.49	0	0	0.43
252800	0.43	0.49	0.49	0	0	0.43
252900	0.43	0.49	0.49	0	0	0.43
253000	0.43	0.49	0.49	0	0	0.43
253100	0.43	0.5	0.5	0	0	0.43
253200	0.43	0.49	0.49	0	0	0.43
253300	0.43	0.49	0.49	0	0	0.43
253400	0.43	0.49	0.49	0	0	0.43
253500	0.43	0.49	0.49	0	0	0.43
253600	0.43	0.49	0.49	0	0	0.43
253700	0.43	0.49	0.49	0	0	0.43
253800	0.43	0.49	0.49	0	0	0.43
253900	0.43	0.49	0.49	0	0	0.43
254000	0.43	0.49	0.49	0	0	0.43
254100	0.43	0.49	0.49	0	0	0.43
254200	0.43	0.49	0.49	0	0	0.43
254300	0.43	0.49	0.49	0	0	0.43
254400	0.43	0.49	0.49	0	0	0.43
254500	0.43	0.49	0.49	0	0	0.43
254600	0.43	0.49	0.49	0	0	0.43
254700	0.43	0.49	0.49	0	0	0.43
254800	0.43	0.49	0.49	0	0	0.43
254900	0.43	0.49	0.49	0	0	0.43
255000	0.43	0.49	0.49	0	0	0.43
255100	0.43	0.49	0.49	0	0	0.43
255200	0.43	0.49	0.49	0	0	0.43
255300	0.43	0.49	0.49	0	0	0.43
255400	0.43	0.49	0.49	0	0	0.43
255500	0.43	0.49	0.49	0	0	0.43
255600	0.43	0.49	0.49	0	0	0.43
255700	0.43	0.49	0.49	0	0	0.43
255800	0.43	0.49	0.49	0	0	0.43
255900	0.43	0.49	0.49	0	0	0.43
256000	0.43	0.49	0.49	0	0	0.43
256100	0.43	0.49	0.49	0	0	0.43
256200	0.43	0.49	0.49	0	0	0.43
256300	0.43	0.49	0.49	0	0	0.43
256400	0.43	0.49	0.49	0	0	0.43
256500	0.43	0.49	0.49	0	0	0.43
256600	0.43	0.48	0.48	0	0	0.43
256700	0.43	0.48	0.48	0	0	0.43
256800	0.43	0.48	0.48	0	0	0.43
256900	0.43	0.48	0.48	0	0	0.43
257000	0.43	0.48	0.48	0	0	0.43
257100	0.43	0.48	0.48	0	0	0.43
257200	0.43	0.48	0.48	0	0	0.43
257300	0.43	0.48	0.48	0	0	0.43
257400	0.43	0.48	0.48	0	0	0.43
257500	0.43	0.48	0.48	0	0	0.43
257600	0.43	0.48	0.48	0	0	0.43
257700	0.43	0.48	0.48	0	0	0.43
257800	0.43	0.48	0.48	0	0	0.43
257900	0.43	0.48	0.48	0	0	0.43
258000	0.43	0.49	0.49	0	0	0.43
258100	0.43	0.49	0.49	0	0	0.43
258200	0.43	0.48	0.48	0	0	0.43
258300	0.43	0.48	0.48	0	0	0.43
258400	0.43	0.48	0.48	0	0	0.43
258500	0.43	0.48	0.48	0	0	0.43
258600	0.43	0.48	0.48	0	0	0.43
258700	0.43	0.48	0.48	0	0	0.43
258800	0.43	0.48	0.48	0	0	0.43
258900	0.43	0.48	0.48	0	0	0.43
259000	0.43	0.48	0.48	0	0	0.43
259100	0.43	0.48	0.48	0	0	0.43
259200	0.43	0.48	0.48	0	0	0.43
259300	0.43	0.48	0.48	0	0	0.43
259400	0.43	0.48	0.48	0	0	0.43
259500	0.43	0.48	0.48	0	0	0.43
259600	0.43	0.48	0.48	0	0	0.43
259700	0.43	0.48	0.48	0	0	0.43
259800	0.43	0.48	0.48	0	0	0.43
259900	0.43	0.48	0.48	0	0	0.43
260000	0.43	0.48	0.48	0	0	0.43
260100	0.43	0.48	0.48	0	0	0.43
260200	0.43	0.48	0.48	0	0	0.43
260300	0.43	0.48	0.48	0	0	0.43
260400	0.43	0.48	0.48	0	0	0.43
260500	0.43	0.48	0.48	0	0	0.43
260600	0.43	0.48	0.48	0	0	0.43
260700	0.43	0.48	0.48	0	0	0.43
260800	0.43	0.48	0.48	0	0	0.43
260900	0.43	0.48	0.48	0	0	0.43
261000	0.43	0.48	0.48	0	0	0.43
261100	0.43	0.48	0.48	0	0	0.43
261200	0.43	0.48	0.48	0	0	0.43
261300	0.43	0.48	0.48	0	0	0.43
261400	0.43	0.48	0.48	0	0	0.43
261500	0.43	0.48	0.48	0	0	0.43
261600	0.43	0.48	0.48	0	0	0.43
261700	0.43	0.48	0.48	0	0	0.43
261800	0.43	0.49	0.49	0	0	0.43
261900	0.43	0.49	0.49	0	0	0.43
262000	0.43	0.49	0.49	0	0	0.43
262100	0.43	0.49	0.49	0	0	0.43
262200	0.43	0.49	0.49	0	0	0.43
262300	0.43	0.49	0.49	0	0	0.43
262400	0.43	0.49	0.49	0	0	0.43
262500	0.43	0.49	0.49	0	0	0.43
262600	0.43	0.49	0.49	0	0	0.43
262700	0.43	0.49	0.49	0	0	0.43
262800	0.43	0.49	0.49	0	0	0.43
262900	0.43	0.49	0.49	0	0	0.43
263000	0.43	0.49	0.49	0	0	0.43
263100	0.43	0.49	0.49	0	0	0.43
263200	0.43	0.49	0.49	0	0	0.43
263300	0.43	0.49	0.49	0	0	0.43
263400	0.43	0.49	0.49	0	0	0.43
263500	0.43	0.49	0.49	0	0	0.43
263600	0.43	0.49	0.49	0	0	0.43
263700	0.43	0.49	0.49	0	0	0.43
263800	0.43	0.49	0.49	0	0	0.43
263900	0.43	0.49	0.49	0	0	0.43
264000	0.43	0.49	0.49	0	0	0.43
264100	0.43	0.49	0.49	0	0	0.43
264200	0.43	0.49	0.49	0	0	0.43
264300	0.43	0.49	0.49	0	0	0.43
264400	0.43	0.49	0.49	0	0	0.43
264500	0.43	0.49	0.49	0	0	0.43
264600	0.43	0.49	0.49	0	0	0.43
264700	0.43	0.49	0.49	0	0	0.43
264800	0.43	0.49	0.49	0	0	0.43
264900	0.43	0.49	0.49	0	0	0.43
265000	0.43	0.49	0.49	0	0	0.43
265100	0.43	0.5	0.5	0	0	0.43
265200	0.43	0.5	0.5	0	0	0.43
265300	0.43	0.5	0.5	0	0	0.43
265400	0.43	0.5	0.5	0	0	0.43
265500	0.43	0.5	0.5	0	0	0.43
265600	0.43	0.5	0.5	0	0	0.43
265700	0.43	0.5	0.5	0	0	0.43
265800	0.43	0.5	0.5	0	0	0.43
265900	0.43	0.5	0.5	0	0	0.43
266000	0.43	0.49	0.49	0	0	0.43
266100	0.43	0.49	0.49	0	0	0.43
266200	0.43	0.49	0.49	0	0	0.43
266300	0.43	0.49	0.49	0	0	0.43
266400	0.43	0.49	0.49	0	0	0.43
266500	0.43	0.49	0.49	0	0	0.43
266600	0.43	0.49	0.49	0	0	0.43
266700	0.43	0.49	0.49	0	0	0.43
266800	0.43	0.49	0.49	0	0	0.43
266900	0.43	0.49	0.49	0	0	0.43
267000	0.43	0.49	0.49	0	0	0.43
267100	0.43	0.49	0.49	0	0	0.43
267200	0.43	0.49	0.49	0	0	0.43
267300	0.43	0.49	0.49	0	0	0.43
267400	0.43	0.49	0.49	0	0	0.43
267500	0.43	0.49	0.49	0	0	0.43
267600	0.43	0.49	0.49	0	0	0.43
267700	0.43	0.49	0.49	0	0	0.43
267800	0.43	0.49	0.49	0	0	0.43
267900	0.43	0.49	0.49	0	0	0.43
268000	0.43	0.49	0.49	0	0	0.43
268100	0.43	0.49	0.49	0	0	0.43
268200	0.43	0.49	0.49	0	0	0.43
268300	0.43	0.49	0.49	0	0	0.43
268400	0.43	0.49	0.49	0	0	0.43
268500	0.43	0.49	0.49	0	0	0.43
268600	0.43	0.49	0.49	0	0	0.43
268700	0.43	0.49	0.49	0	0	0.43
268800	0.43	0.49	0.49	0	0	0.43
268900	0.43	0.49	0.49	0	0	0.43
269000	0.43	0.49	0.49	0	0	0.43
269100	0.43	0.49	0.49	0	0	0.43
269200	0.43	0.49	0.49	0	0	0.43
269300	0.43	0.49	0.49	0	0	0.43
269400	0.43	0.48	0.48	0	0	0.43
269500	0.43	0.48	0.48	0	0	0.43
269600	0.43	0.48	0.48	0	0	0.43
269700	0.43	0.48	0.48	0	0	0.43
269800	0.43	0.48	0.48	0	0	0.43
269900	0.43	0.48	0.48	0	0	0.43
270000	0.43	0.48	0.48	0	0	0.43
270100	0.43	0.48	0.48	0	0	0.43
270200	0.43	0.48	0.48	0	0	0.43
270300	0.43	0.48	0.48	0	0	0.43
270400	0.43	0.48	0.48	0	0	0.43
270500	0.43	0.48	0.48	0	0	0.43
270600	0.43	0.48	0.48	0	0	0.43
270700	0.43	0.48	0.48	0	0	0.43
270800	0.43	0.48	0.48	0	0	0.43
270900	0.43	0.48	0.48	0	0	0.43
271000	0.43	0.48	0.48	0	0	0.43
271100	0.43	0.48	0.48	0	0	0.43
271200	0.43	0.48	0.48	0	0	0.43
271300	0.43	0.48	0.48	0	0	0.43
271400	0.43	0.48	0.48	0	0	0.43
271500	0.43	0.48	0.48	0	0	0.43
271600	0.43	0.48	0.48	0	0	0.43
271700	0.44	0.48	0.48	0	0	0.44
271800	0.44	0.48	0.48	0	0	0.44
271900	0.44	0.48	0.48	0	0	0.44
272000	0.44	0.48	0.48	0	0	0.44
272100	0.44	0.48	0.48	0	0	0.44
272200	0.44	0.48	0.48	0	0	0.44
272300	0.44	0.48	0.48	0	0	0.44
272400	0.44	0.48	0.48	0	0	0.44
272500	0.44	0.48	0.48	0	0	0.44
272600	0.44	0.48	0.48	0	0	0.44
272700	0.44	0.48	0.48	0	0	0.44
272800	0.44	0.48	0.48	0	0	0.44
272900	0.44	0.48	0.48	0	0	0.44
273000	0.44	0.48	0.48	0	0	0.44
273100	0.44	0.48	0.48	0	0	0.44
273200	0.44	0.48	0.48	0	0	0.44
273300	0.44	0.48	0.48	0	0	0.44
273400	0.44	0.48	0.48	0	0	0.44
273500	0.44	0.48	0.48	0	0	0.44
273600	0.44	0.48	0.48	0	0	0.44
273700	0.44	0.48	0.48	0	0	0.44
273800	0.44	0.48	0.48	0	0	0.44
273900	0.44	0.48	0.48	0	0	0.44
274000	0.44	0.48	0.48	0	0	0.44
274100	0.44	0.48	0.48	0	0	0.44
274200	0.45	0.48	0.48	0	0	0.45
274300	0.45	0.48	0.48	0	0	0.45
274400	0.45	0.48	0.48	0	0	0.45
274500	0.45	0.48	0.48	0	0	0.45
274600	0.45	0.48	0.48	0	0	0.45
274700	0.45	0.48	0.48	0	0	0.45
274800	0.45	0.48	0.48	0	0	0.45
274900	0.45	0.48	0.48	0	0	0.45
275000	0.45	0.48	0.48	0	0	0.45
275100	0.45	0.48	0.48	0	0	0.45
275200	0.45	0.48	0.48	0	0	0.45
275300	0.45	0.48	0.48	0	0	0.45
275400	0.45	0.48	0.48	0	0	0.45
275500	0.45	0.48	0.48	0	0	0.45
275600	0.45	0.48	0.48	0	0	0.45
275700	0.45	0.48	0.48	0	0	0.45
275800	0.45	0.48	0.48	0	0	0.45
275900	0.45	0.48	0.48	0	0	0.45
276000	0.45	0.48	0.48	0	0	0.45
276100	0.45	0.48	0.48	0	0	0.45
276200	0.45	0.48	0.48	0	0	0.45
276300	0.45	0.48	0.48	0	0	0.45
276400	0.45	0.48	0.48	0	0	0.45
276500	0.45	0.48	0.48	0	0	0.45
276600	0.45	0.48	0.48	0	0	0.45
276700	0.45	0.48	0.48	0	0	0.45
276800	0.45	0.48	0.48	0	0	0.45
276900	0.45	0.48	0.48	0	0	0.45
277000	0.45	0.48	0.48	0	0	0.45
277100	0.45	0.48	0.48	0	0	0.45
277200	0.45	0.48	0.48	0	0	0.45
277300	0.45	0.48	0.48	0	0	0.45
277400	0.45	0.48	0.48	0	0	0.45
277500	0.45	0.48	0.48	0	0	0.45
277600	0.45	0.48	0.48	0	0	0.45
277700	0.45	0.48	0.48	0	0	0.45
277800	0.45	0.48	0.48	0	0	0.45
277900	0.45	0.48	0.48	0	0	0.45
278000	0.45	0.48	0.48	0	0	0.45
278100	0.45	0.48	0.48	0	0	0.45
278200	0.45	0.48	0.48	0	0	0.45
278300	0.45	0.48	0.48	0	0	0.45
278400	0.45	0.48	0.48	0	0	0.45
278500	0.45	0.48	0.48	0	0	0.45
278600	0.45	0.48	0.48	0	0	0.45
278700	0.45	0.48	0.48	0	0	0.45
278800	0.45	0.48	0.48	0	0	0.45
278900	0.45	0.48	0.48	0	0	0.45
279000	0.45	0.48	0.48	0	0	0.45
279100	0.45	0.48	0.48	0	0	0.45
279200	0.45	0.48	0.48	0	0	0.45
279300	0.45	0.48	0.48	0	0	0.45
279400	0.45	0.48	0.48	0	0	0.45
279500	0.45	0.48	0.48	0	0	0.45
279600	0.45	0.48	0.48	0	0	0.45
279700	0.45	0.48	0.48	0	0	0.45
279800	0.45	0.48	0.48	0	0	0.45
279900	0.45	0.48	0.48	0	0	0.45
280000	0.45	0.48	0.48	0	0	0.45
280100	0.45	0.48	0.48	0	0	0.45
280200	0.45	0.48	0.48	0	0	0.45
280300	0.45	0.48	0.48	0	0	0.45
280400	0.45	0.48	0.48	0	0	0.45
280500	0.45	0.48	0.48	0	0	0.45
280600	0.45	0.48	0.48	0	0	0.45
280700	0.45	0.48	0.48	0	0	0.45
280800	0.45	0.48	0.48	0	0	0.45
280900	0.45	0.48	0.48	0	0	0.45
281000	0.45	0.48	0.48	0	0	0.45
281100	0.45	0.48	0.48	0	0	0.45
281200	0.45	0.48	0.48	0	0	0.45
281300	0.45	0.48	0.48	0	0	0.45
281400	0.45	0.48	0.48	0	0	0.45
281500	0.45	0.48	0.48	0	0	0.45
281600	0.45	0.48	0.48	0	0	0.45
281700	0.45	0.48	0.48	0	0	0.45
281800	0.45	0.48	0.48	0	0	0.45
281900	0.45	0.48	0.48	0	0	0.45
282000	0.45	0.48	0.48	0	0	0.45
282100	0.45	0.48	0.48	0	0	0.45
282200	0.45	0.48	0.48	0	0	0.45
282300	0.45	0.48	0.48	0	0	0.45
282400	0.45	0.48	0.48	0	0	0.45
282500	0.45	0.48	0.48	0	0	0.45
282600	0.45	0.48	0.48	0	0	0.45
282700	0.45	0.48	0.48	0	0	0.45
282800	0.45	0.48	0.48	0	0	0.45
282900	0.45	0.48	0.48	0	0	0.45
283000	0.45	0.48	0.48	0	0	0.45
283100	0.45	0.48	0.48	0	0	0.45
283200	0.45	0.48	0.48	0	0	0.45
283300	0.45	0.48	0.48	0	0	0.45
283400	0.45	0.48	0.48	0	0	0.45
283500	0.45	0.48	0.48	0	0	0.45
283600	0.45	0.48	0.48	0	0	0.45
283700	0.45	0.48	0.48	0	0	0.45
283800	0.45	0.48	0.48	0	0	0.45
283900	0.45	0.48	0.48	0	0	0.45
284000	0.45	0.48	0.48	0	0	0.45
284100	0.45	0.48	0.48	0	0	0.45
284200	0.45	0.48	0.48	0	0	0.45
284300	0.45	0.48	0.48	0	0	0.45
284400	0.45	0.48	0.48	0	0	0.45
284500	0.45	0.48	0.48	0	0	0.45
284600	0.45	0.48	0.48	0	0	0.45
284700	0.45	0.48	0.48	0	0	0.45
284800	0.45	0.48	0.48	0	0	0.45
284900	0.45	0.48	0.48	0	0	0.45
285000	0.45	0.48	0.48	0	0	0.45
285100	0.45	0.48	0.48	0	0	0.45
285200	0.45	0.48	0.48	0	0	0.45
285300	0.45	0.48	0.48	0	0	0.45
285400	0.45	0.48	0.48	0	0	0.45
285500	0.45	0.48	0.48	0	0	0.45
285600	0.45	0.48	0.48	0	0	0.45
285700	0.45	0.48	0.48	0	0	0.45
285800	0.45	0.48	0.48	0	0	0.45
285900	0.45	0.48	0.48	0	0	0.45
286000	0.45	0.48	0.48	0	0	0.45
286100	0.45	0.48	0.48	0	0	0.45
286200	0.45	0.48	0.48	0	0	0.45
286300	0.45	0.48	0.48	0	0	0.45
286400	0.45	0.48	0.48	0	0	0.45
286500	0.45	0.48	0.48	0	0	0.45
286600	0.45	0.48	0.48	0	0	0.45
286700	0.45	0.48	0.48	0	0	0.45
286800	0.45	0.48	0.48	0	0	0.45
286900	0.45	0.48	0.48	0	0	0.45
287000	0.45	0.48	0.48	0	0	0.45
287100	0.45	0.48	0.48	0	0	0.45
287200	0.45	0.48	0.48	0	0	0.45
287300	0.45	0.48	0.48	0	0	0.45
287400	0.45	0.48	0.48	0	0	0.45
287500	0.45	0.48	0.48	0	0	0.45
287600	0.45	0.48	0.48	0	0	0.45
287700	0.45	0.48	0.48	0	0	0.45
287800	0.45	0.48	0.48	0	0	0.45
287900	0.45	0.48	0.48	0	0	0.45
288000	0.45	0.48	0.48	0	0	0.45
288100	0.45	0.48	0.48	0	0	0.45
288200	0.45	0.48	0.48	0	0	0.45
288300	0.45	0.48	0.48	0	0	0.45
288400	0.45	0.48	0.48	0	0	0.45
288500	0.45	0.48	0.48	0	0	0.45
288600	0.45	0.48	0.48	0	0	0.45
288700	0.45	0.48	0.48	0	0	0.45
288800	0.45	0.48	0.48	0	0	0.45
288900	0.45	0.48	0.48	0	0	0.45
289000	0.45	0.48	0.48	0	0	0.45
289100	0.45	0.48	0.48	0	0	0.45
289200	0.45	0.48	0.48	0	0	0.45
289300	0.45	0.48	0.48	0	0	0.45
289400	0.45	0.48	0.48	0	0	0.45
289500	0.45	0.48	0.48	0	0	0.45
289600	0.45	0.48	0.48	0	0	0.45
289700	0.45	0.48	0.48	0	0	0.45
289800	0.45	0.48	0.48	0	0	0.45
289900	0.45	0.48	0.48	0	0	0.45
290000	0.45	0.48	0.48	0	0	0.45
290100	0.45	0.48	0.48	0	0	0.45
290200	0.45	0.48	0.48	0	0	0.45
290300	0.45	0.48	0.48	0	0	0.45
290400	0.45	0.48	0.48	0	0	0.45
290500	0.45	0.48	0.48	0	0	0.45
290600	0.45	0.48	0.48	0	0	0.45
290700	0.45	0.48	0.48	0	0	0.45
290800	0.45	0.48	0.48	0	0	0.45
290900	0.45	0.48	0.48	0	0	0.45
291000	0.45	0.48	0.48	0	0	0.45
291100	0.45	0.48	0.48	0	0	0.45
291200	0.45	0.48	0.48	0	0	0.45
291300	0.45	0.48	0.48	0	0	0.45
291400	0.45	0.48	0.48	0	0	0.45
291500	0.45	0.48	0.48	0	0	0.45
291600	0.45	0.48	0.48	0	0	0.45
291700	0.45	0.48	0.48	0	0	0.45
291800	0.45	0.48	0.48	0	0	0.45
291900	0.45	0.48	0.48	0	0	0.45
292000	0.45	0.48	0.48	0	0	0.45
292100	0.45	0.48	0.48	0	0	0.45
292200	0.45	0.48	0.48	0	0	0.45
292300	0.45	0.48	0.48	0	0	0.45
292400	0.45	0.48	0.48	0	0	0.45
292500	0.45	0.48	0.48	0	0	0.45
292600	0.45	0.48	0.48	0	0	0.45
292700	0.45	0.48	0.48	0	0	0.45
292800	0.45	0.48	0.48	0	0	0.45
292900	0.45	0.48	0.48	0	0	0.45
293000	0.45	0.48	0.48	0	0	0.45
293100	0.45	0.48	0.48	0	0	0.45
293200	0.45	0.48	0.48	0	0	0.45
293300	0.45	0.48	0.48	0	0	0.45
293400	0.45	0.48	0.48	0	0	0.45
293500	0.45	0.48	0.48	0	0	0.45
293600	0.45	0.48	0.48	0	0	0.45
293700	0.45	0.48	0.48	0	0	0.45
293800	0.45	0.48	0.48	0	0	0.45
293900	0.45	0.48	0.48	0	0	0.45
294000	0.45	0.48	0.48	0	0	0.45
294100	0.45	0.48	0.48	0	0	0.45
294200	0.45	0.48	0.48	0	0	0.45
294300	0.45	0.48	0.48	0	0	0.45
294400	0.45	0.48	0.48	0	0	0.45
294500	0.45	0.48	0.48	0	0	0.45
294600	0.45	0.48	0.48	0	0	0.45
294700	0.45	0.48	0.48	0	0	0.45
294800	0.45	0.48	0.48	0	0	0.45
294900	0.45	0.48	0.48	0	0	0.45
295000	0.45	0.48	0.48	0	0	0.45
295100	0.45	0.48	0.48	0	0	0.45
295200	0.45	0.48	0.48	0	0	0.45
295300	0.45	0.48	0.48	0	0	0.45
295400	0.45	0.48	0.48	0	0	0.45
295500	0.45	0.48	0.48	0	0	0.45
295600	0.45	0.48	0.48	0	0	0.45
295700	0.45	0.48	0.48	0	0	0.45
295800	0.45	0.48	0.48	0	0	0.45
295900	0.45	0.48	0.48	0	0	0.45
296000	0.45	0.48	0.48	0	0	0.45
296100	0.45	0.48	0.48	0	0	0.45
296200	0.45	0.48	0.48	0	0	0.45
296300	0.45	0.48	0.48	0	0	0.45
296400	0.45	0.48	0.48	0	0	0.45
296500	0.45	0.48	0.48	0	0	0.45
296600	0.45	0.48	0.48	0	0	0.45
296700	0.45	0.48	0.48	0	0	0.45
296800	0.45	0.48	0.48	0	0	0.45
296900	0.45	0.48	0.48	0	0	0.45
297000	0.45	0.48	0.48	0	0	0.45
297100	0.45	0.48	0.48	0	0	0.45
297200	0.45	0.48	0.48	0	0	0.45
297300	0.45	0.48	0.48	0	0	0.45
297400	0.45	0.48	0.48	0	0	0.45
297500	0.45	0.48	0.48	0	0	0.45
297600	0.45	0.48	0.48	0	0	0.45
297700	0.45	0.48	0.48	0	0	0.45
297800	0.45	0.48	0.48	0	0	0.45
297900	0.45	0.48	0.48	0	0	0.45
298000	0.45	0.48	0.48	0	0	0.45
298100	0.45	0.48	0.48	0	0	0.45
298200	0.45	0.48	0.48	0	0	0.45
298300	0.45	0.48	0.48	0	0	0.45
298400	0.45	0.48	0.48	0	0	0.45
298500	0.45	0.48	0.48	0	0	0.45
298600	0.45	0.48	0.48	0	0	0.45
298700	0.45	0.48	0.48	0	0	0.45
298800	0.45	0.48	0.48	0	0	0.45
298900	0.45	0.48	0.48	0	0	0.45
299000	0.45	0.48	0.48	0	0	0.45
299100	0.45	0.48	0.48	0	0	0.45
299200	0.45	0.48	0.48	0	0	0.45
299300	0.45	0.48	0.48	0	0	0.45
299400	0.45	0.48	0.48	0	0	0.45
299500	0.45	0.48	0.48	0	0	0.45
299600	0.45	0.48	0.48	0	0	0.45
299700	0.45	0.48	0.48	0	0	0.45
299800	0.45	0.48	0.48	0	0	0.45
299900	0.45	0.48	0.48	0	0	0.45
300000	0.45	0.48	0.48	0	0	0.45
