100	0.08	0.06	0.06	0	0	0.08
200	0.09	0.1	0.1	0	0	0.09
300	0.12	0.13	0.13	0	0	0.12
400	0.14	0.13	0.13	0	0	0.14
500	0.13	0.13	0.13	0	0	0.13
600	0.13	0.12	0.12	0	0	0.13
700	0.12	0.13	0.13	0	0	0.12
800	0.11	0.13	0.13	0	0	0.11
900	0.13	0.14	0.14	0	0	0.13
1000	0.14	0.14	0.14	0	0	0.14
1100	0.12	0.16	0.16	0	0	0.12
1200	0.12	0.17	0.17	0	0	0.12
1300	0.12	0.17	0.17	0	0	0.12
1400	0.13	0.17	0.17	0	0	0.13
1500	0.15	0.16	0.16	0	0	0.15
1600	0.16	0.15	0.15	0	0	0.16
1700	0.15	0.16	0.16	0	0	0.15
1800	0.14	0.16	0.16	0	0	0.14
1900	0.15	0.17	0.17	0	0	0.15
2000	0.16	0.18	0.18	0	0	0.16
2100	0.16	0.18	0.18	0	0	0.16
2200	0.14	0.17	0.17	0	0	0.14
2300	0.15	0.17	0.17	0	0	0.15
2400	0.16	0.18	0.18	0	0	0.16
2500	0.15	0.18	0.18	0	0	0.15
2600	0.15	0.18	0.18	0	0	0.15
2700	0.15	0.18	0.18	0	0	0.15
2800	0.16	0.18	0.18	0	0	0.16
2900	0.17	0.19	0.19	0	0	0.17
3000	0.18	0.2	0.2	0	0	0.18
3100	0.18	0.21	0.21	0	0	0.18
3200	0.17	0.21	0.21	0	0	0.17
3300	0.17	0.21	0.21	0	0	0.17
3400	0.16	0.21	0.21	0	0	0.16
3500	0.17	0.2	0.2	0	0	0.17
3600	0.17	0.2	0.2	0	0	0.17
3700	0.17	0.2	0.2	0	0	0.17
3800	0.17	0.2	0.2	0	0	0.17
3900	0.16	0.22	0.22	0	0	0.16
4000	0.16	0.22	0.22	0	0	0.16
4100	0.18	0.22	0.22	0	0	0.18
4200	0.19	0.21	0.21	0	0	0.19
4300	0.19	0.22	0.22	0	0	0.19
4400	0.18	0.22	0.22	0	0	0.18
4500	0.18	0.23	0.23	0	0	0.18
4600	0.17	0.22	0.22	0	0	0.17
4700	0.18	0.24	0.24	0	0	0.18
4800	0.18	0.26	0.26	0	0	0.18
4900	0.18	0.25	0.25	0	0	0.18
5000	0.18	0.25	0.25	0	0	0.18
5100	0.19	0.25	0.25	0	0	0.19
5200	0.2	0.24	0.24	0	0	0.2
5300	0.2	0.25	0.25	0	0	0.2
5400	0.21	0.25	0.25	0	0	0.21
5500	0.21	0.25	0.25	0	0	0.21
5600	0.22	0.25	0.25	0	0	0.22
5700	0.23	0.25	0.25	0	0	0.23
5800	0.23	0.25	0.25	0	0	0.23
5900	0.25	0.25	0.25	0	0	0.25
6000	0.25	0.25	0.25	0	0	0.25
6100	0.26	0.26	0.26	0	0	0.26
6200	0.25	0.26	0.26	0	0	0.25
6300	0.25	0.25	0.25	0	0	0.25
6400	0.26	0.25	0.25	0	0	0.26
6500	0.27	0.27	0.27	0	0	0.27
6600	0.27	0.26	0.26	0	0	0.27
6700	0.27	0.26	0.26	0	0	0.27
6800	0.26	0.27	0.27	0	0	0.26
6900	0.26	0.27	0.27	0	0	0.26
7000	0.25	0.27	0.27	0	0	0.25
7100	0.26	0.27	0.27	0	0	0.26
7200	0.26	0.27	0.27	0	0	0.26
7300	0.26	0.27	0.27	0	0	0.26
7400	0.27	0.27	0.27	0	0	0.27
7500	0.27	0.27	0.27	0	0	0.27
7600	0.3	0.27	0.27	0	0	0.3
7700	0.28	0.28	0.28	0	0	0.28
7800	0.28	0.28	0.28	0	0	0.28
7900	0.29	0.28	0.28	0	0	0.29
8000	0.3	0.28	0.28	0	0	0.3
8100	0.3	0.28	0.28	0	0	0.3
8200	0.31	0.28	0.28	0	0	0.31
8300	0.31	0.27	0.27	0	0	0.31
8400	0.31	0.27	0.27	0	0	0.31
8500	0.31	0.27	0.27	0	0	0.31
8600	0.31	0.26	0.26	0	0	0.31
8700	0.32	0.26	0.26	0	0	0.32
8800	0.28	0.26	0.26	0	0	0.28
8900	0.28	0.26	0.26	0	0	0.28
9000	0.28	0.26	0.26	0	0	0.28
9100	0.28	0.26	0.26	0	0	0.28
9200	0.28	0.26	0.26	0	0	0.28
9300	0.28	0.26	0.26	0	0	0.28
9400	0.28	0.26	0.26	0	0	0.28
9500	0.28	0.28	0.28	0	0	0.28
9600	0.29	0.27	0.27	0	0	0.29
9700	0.29	0.27	0.27	0	0	0.29
9800	0.29	0.27	0.27	0	0	0.29
9900	0.28	0.27	0.27	0	0	0.28
10000	0.28	0.27	0.27	0	0	0.28
10100	0.28	0.27	0.27	0	0	0.28
10200	0.28	0.28	0.28	0	0	0.28
10300	0.28	0.29	0.29	0	0	0.28
10400	0.28	0.31	0.31	0	0	0.28
10500	0.29	0.31	0.31	0	0	0.29
10600	0.29	0.3	0.3	0	0	0.29
10700	0.28	0.3	0.3	0	0	0.28
10800	0.28	0.27	0.27	0	0	0.28
10900	0.28	0.28	0.28	0	0	0.28
11000	0.29	0.29	0.29	0	0	0.29
11100	0.3	0.29	0.29	0	0	0.3
11200	0.3	0.29	0.29	0	0	0.3
11300	0.3	0.29	0.29	0	0	0.3
11400	0.3	0.29	0.29	0	0	0.3
11500	0.31	0.3	0.3	0	0	0.31
11600	0.31	0.3	0.3	0	0	0.31
11700	0.31	0.32	0.32	0	0	0.31
11800	0.31	0.33	0.33	0	0	0.31
11900	0.31	0.34	0.34	0	0	0.31
12000	0.3	0.34	0.34	0	0	0.3
12100	0.31	0.34	0.34	0	0	0.31
12200	0.31	0.33	0.33	0	0	0.31
12300	0.31	0.33	0.33	0	0	0.31
12400	0.3	0.34	0.34	0	0	0.3
12500	0.3	0.34	0.34	0	0	0.3
12600	0.31	0.34	0.34	0	0	0.31
12700	0.31	0.34	0.34	0	0	0.31
12800	0.31	0.34	0.34	0	0	0.31
12900	0.31	0.34	0.34	0	0	0.31
13000	0.31	0.34	0.34	0	0	0.31
13100	0.31	0.34	0.34	0	0	0.31
13200	0.31	0.34	0.34	0	0	0.31
13300	0.31	0.33	0.33	0	0	0.31
13400	0.31	0.33	0.33	0	0	0.31
13500	0.31	0.35	0.35	0	0	0.31
13600	0.31	0.35	0.35	0	0	0.31
13700	0.31	0.35	0.35	0	0	0.31
13800	0.32	0.34	0.34	0	0	0.32
13900	0.32	0.34	0.34	0	0	0.32
14000	0.32	0.34	0.34	0	0	0.32
14100	0.33	0.34	0.34	0	0	0.33
14200	0.34	0.34	0.34	0	0	0.34
14300	0.36	0.34	0.34	0	0	0.36
14400	0.36	0.34	0.34	0	0	0.36
14500	0.36	0.34	0.34	0	0	0.36
14600	0.35	0.35	0.35	0	0	0.35
14700	0.35	0.35	0.35	0	0	0.35
14800	0.35	0.35	0.35	0	0	0.35
14900	0.36	0.36	0.36	0	0	0.36
15000	0.36	0.36	0.36	0	0	0.36
15100	0.38	0.36	0.36	0	0	0.38
15200	0.37	0.36	0.36	0	0	0.37
15300	0.37	0.36	0.36	0	0	0.37
15400	0.37	0.36	0.36	0	0	0.37
15500	0.37	0.37	0.37	0	0	0.37
15600	0.38	0.38	0.38	0	0	0.38
15700	0.38	0.38	0.38	0	0	0.38
15800	0.38	0.38	0.38	0	0	0.38
15900	0.38	0.39	0.39	0	0	0.38
16000	0.38	0.39	0.39	0	0	0.38
16100	0.38	0.38	0.38	0	0	0.38
16200	0.38	0.38	0.38	0	0	0.38
16300	0.38	0.37	0.37	0	0	0.38
16400	0.38	0.38	0.38	0	0	0.38
16500	0.38	0.37	0.37	0	0	0.38
16600	0.38	0.37	0.37	0	0	0.38
16700	0.38	0.37	0.37	0	0	0.38
16800	0.38	0.37	0.37	0	0	0.38
16900	0.39	0.37	0.37	0	0	0.39
17000	0.39	0.38	0.38	0	0	0.39
17100	0.39	0.38	0.38	0	0	0.39
17200	0.39	0.39	0.39	0	0	0.39
17300	0.39	0.4	0.4	0	0	0.39
17400	0.39	0.4	0.4	0	0	0.39
17500	0.39	0.4	0.4	0	0	0.39
17600	0.39	0.4	0.4	0	0	0.39
17700	0.39	0.4	0.4	0	0	0.39
17800	0.39	0.4	0.4	0	0	0.39
17900	0.39	0.41	0.41	0	0	0.39
18000	0.39	0.4	0.4	0	0	0.39
18100	0.39	0.4	0.4	0	0	0.39
18200	0.38	0.4	0.4	0	0	0.38
18300	0.38	0.4	0.4	0	0	0.38
18400	0.4	0.4	0.4	0	0	0.4
18500	0.41	0.41	0.41	0	0	0.41
18600	0.41	0.41	0.41	0	0	0.41
18700	0.41	0.41	0.41	0	0	0.41
18800	0.41	0.42	0.42	0	0	0.41
18900	0.41	0.41	0.41	0	0	0.41
19000	0.41	0.41	0.41	0	0	0.41
19100	0.41	0.41	0.41	0	0	0.41
19200	0.41	0.41	0.41	0	0	0.41
19300	0.41	0.41	0.41	0	0	0.41
19400	0.41	0.41	0.41	0	0	0.41
19500	0.41	0.41	0.41	0	0	0.41
19600	0.41	0.41	0.41	0	0	0.41
19700	0.42	0.41	0.41	0	0	0.42
19800	0.44	0.42	0.42	0	0	0.44
19900	0.43	0.42	0.42	0	0	0.43
20000	0.43	0.42	0.42	0	0	0.43
20100	0.43	0.42	0.42	0	0	0.43
20200	0.43	0.42	0.42	0	0	0.43
20300	0.43	0.42	0.42	0	0	0.43
20400	0.43	0.42	0.42	0	0	0.43
20500	0.43	0.42	0.42	0	0	0.43
20600	0.43	0.42	0.42	0	0	0.43
20700	0.43	0.43	0.43	0	0	0.43
20800	0.43	0.43	0.43	0	0	0.43
20900	0.43	0.43	0.43	0	0	0.43
21000	0.43	0.43	0.43	0	0	0.43
21100	0.43	0.43	0.43	0	0	0.43
21200	0.43	0.43	0.43	0	0	0.43
21300	0.43	0.43	0.43	0	0	0.43
21400	0.43	0.43	0.43	0	0	0.43
21500	0.43	0.43	0.43	0	0	0.43
21600	0.43	0.43	0.43	0	0	0.43
21700	0.43	0.44	0.44	0	0	0.43
21800	0.43	0.44	0.44	0	0	0.43
21900	0.44	0.43	0.43	0	0	0.44
22000	0.44	0.43	0.43	0	0	0.44
22100	0.44	0.43	0.43	0	0	0.44
22200	0.44	0.43	0.43	0	0	0.44
22300	0.44	0.43	0.43	0	0	0.44
22400	0.43	0.42	0.42	0	0	0.43
22500	0.45	0.41	0.41	0	0	0.45
22600	0.44	0.41	0.41	0	0	0.44
22700	0.44	0.41	0.41	0	0	0.44
22800	0.42	0.41	0.41	0	0	0.42
22900	0.42	0.41	0.41	0	0	0.42
23000	0.42	0.41	0.41	0	0	0.42
23100	0.42	0.41	0.41	0	0	0.42
23200	0.43	0.43	0.43	0	0	0.43
23300	0.43	0.43	0.43	0	0	0.43
23400	0.43	0.43	0.43	0	0	0.43
23500	0.43	0.43	0.43	0	0	0.43
23600	0.43	0.43	0.43	0	0	0.43
23700	0.43	0.43	0.43	0	0	0.43
23800	0.43	0.43	0.43	0	0	0.43
23900	0.43	0.43	0.43	0	0	0.43
24000	0.44	0.43	0.43	0	0	0.44
24100	0.43	0.44	0.44	0	0	0.43
24200	0.43	0.44	0.44	0	0	0.43
24300	0.43	0.44	0.44	0	0	0.43
24400	0.43	0.44	0.44	0	0	0.43
24500	0.43	0.44	0.44	0	0	0.43
24600	0.43	0.44	0.44	0	0	0.43
24700	0.43	0.45	0.45	0	0	0.43
24800	0.43	0.45	0.45	0	0	0.43
24900	0.43	0.45	0.45	0	0	0.43
25000	0.43	0.46	0.46	0	0	0.43
25100	0.43	0.46	0.46	0	0	0.43
25200	0.43	0.45	0.45	0	0	0.43
25300	0.43	0.45	0.45	0	0	0.43
25400	0.43	0.45	0.45	0	0	0.43
25500	0.43	0.45	0.45	0	0	0.43
25600	0.43	0.45	0.45	0	0	0.43
25700	0.43	0.45	0.45	0	0	0.43
25800	0.43	0.45	0.45	0	0	0.43
25900	0.44	0.45	0.45	0	0	0.44
26000	0.43	0.46	0.46	0	0	0.43
26100	0.43	0.46	0.46	0	0	0.43
26200	0.43	0.46	0.46	0	0	0.43
26300	0.43	0.46	0.46	0	0	0.43
26400	0.43	0.46	0.46	0	0	0.43
26500	0.43	0.46	0.46	0	0	0.43
26600	0.43	0.46	0.46	0	0	0.43
26700	0.43	0.46	0.46	0	0	0.43
26800	0.43	0.46	0.46	0	0	0.43
26900	0.43	0.46	0.46	0	0	0.43
27000	0.44	0.46	0.46	0	0	0.44
27100	0.44	0.46	0.46	0	0	0.44
27200	0.43	0.46	0.46	0	0	0.43
27300	0.43	0.46	0.46	0	0	0.43
27400	0.43	0.47	0.47	0	0	0.43
27500	0.43	0.47	0.47	0	0	0.43
27600	0.43	0.47	0.47	0	0	0.43
27700	0.43	0.48	0.48	0	0	0.43
27800	0.43	0.49	0.49	0	0	0.43
27900	0.43	0.48	0.48	0	0	0.43
28000	0.43	0.48	0.48	0	0	0.43
28100	0.43	0.47	0.47	0	0	0.43
28200	0.43	0.47	0.47	0	0	0.43
28300	0.43	0.47	0.47	0	0	0.43
28400	0.43	0.47	0.47	0	0	0.43
28500	0.43	0.47	0.47	0	0	0.43
28600	0.43	0.47	0.47	0	0	0.43
28700	0.43	0.47	0.47	0	0	0.43
28800	0.43	0.47	0.47	0	0	0.43
28900	0.43	0.47	0.47	0	0	0.43
29000	0.43	0.47	0.47	0	0	0.43
29100	0.43	0.47	0.47	0	0	0.43
29200	0.43	0.47	0.47	0	0	0.43
29300	0.43	0.47	0.47	0	0	0.43
29400	0.43	0.47	0.47	0	0	0.43
29500	0.43	0.47	0.47	0	0	0.43
29600	0.43	0.47	0.47	0	0	0.43
29700	0.43	0.47	0.47	0	0	0.43
29800	0.43	0.47	0.47	0	0	0.43
29900	0.43	0.47	0.47	0	0	0.43
30000	0.44	0.47	0.47	0	0	0.44
30100	0.44	0.47	0.47	0	0	0.44
30200	0.44	0.47	0.47	0	0	0.44
30300	0.44	0.47	0.47	0	0	0.44
30400	0.44	0.47	0.47	0	0	0.44
30500	0.44	0.47	0.47	0	0	0.44
30600	0.44	0.47	0.47	0	0	0.44
30700	0.44	0.47	0.47	0	0	0.44
30800	0.44	0.47	0.47	0	0	0.44
30900	0.44	0.47	0.47	0	0	0.44
31000	0.44	0.47	0.47	0	0	0.44
31100	0.44	0.47	0.47	0	0	0.44
31200	0.44	0.46	0.46	0	0	0.44
31300	0.45	0.46	0.46	0	0	0.45
31400	0.45	0.46	0.46	0	0	0.45
31500	0.45	0.46	0.46	0	0	0.45
31600	0.45	0.46	0.46	0	0	0.45
31700	0.44	0.46	0.46	0	0	0.44
31800	0.44	0.46	0.46	0	0	0.44
31900	0.44	0.46	0.46	0	0	0.44
32000	0.44	0.47	0.47	0	0	0.44
32100	0.44	0.47	0.47	0	0	0.44
32200	0.44	0.48	0.48	0	0	0.44
32300	0.44	0.47	0.47	0	0	0.44
32400	0.44	0.47	0.47	0	0	0.44
32500	0.44	0.47	0.47	0	0	0.44
32600	0.44	0.48	0.48	0	0	0.44
32700	0.45	0.48	0.48	0	0	0.45
32800	0.44	0.48	0.48	0	0	0.44
32900	0.44	0.48	0.48	0	0	0.44
33000	0.44	0.48	0.48	0	0	0.44
33100	0.44	0.48	0.48	0	0	0.44
33200	0.44	0.48	0.48	0	0	0.44
33300	0.44	0.48	0.48	0	0	0.44
33400	0.44	0.48	0.48	0	0	0.44
33500	0.44	0.49	0.49	0	0	0.44
33600	0.43	0.48	0.48	0	0	0.43
33700	0.43	0.48	0.48	0	0	0.43
33800	0.43	0.48	0.48	0	0	0.43
33900	0.42	0.48	0.48	0	0	0.42
34000	0.42	0.48	0.48	0	0	0.42
34100	0.42	0.48	0.48	0	0	0.42
34200	0.42	0.49	0.49	0	0	0.42
34300	0.42	0.49	0.49	0	0	0.42
34400	0.42	0.49	0.49	0	0	0.42
34500	0.42	0.49	0.49	0	0	0.42
34600	0.42	0.49	0.49	0	0	0.42
34700	0.42	0.49	0.49	0	0	0.42
34800	0.43	0.49	0.49	0	0	0.43
34900	0.43	0.49	0.49	0	0	0.43
35000	0.43	0.49	0.49	0	0	0.43
35100	0.43	0.49	0.49	0	0	0.43
35200	0.43	0.49	0.49	0	0	0.43
35300	0.43	0.49	0.49	0	0	0.43
35400	0.43	0.49	0.49	0	0	0.43
35500	0.44	0.49	0.49	0	0	0.44
35600	0.44	0.48	0.48	0	0	0.44
35700	0.44	0.48	0.48	0	0	0.44
35800	0.44	0.48	0.48	0	0	0.44
35900	0.44	0.48	0.48	0	0	0.44
36000	0.44	0.48	0.48	0	0	0.44
36100	0.44	0.48	0.48	0	0	0.44
36200	0.45	0.48	0.48	0	0	0.45
36300	0.44	0.48	0.48	0	0	0.44
36400	0.44	0.48	0.48	0	0	0.44
36500	0.44	0.48	0.48	0	0	0.44
36600	0.44	0.48	0.48	0	0	0.44
36700	0.44	0.48	0.48	0	0	0.44
36800	0.44	0.48	0.48	0	0	0.44
36900	0.44	0.48	0.48	0	0	0.44
37000	0.44	0.48	0.48	0	0	0.44
37100	0.45	0.48	0.48	0	0	0.45
37200	0.45	0.48	0.48	0	0	0.45
37300	0.45	0.47	0.47	0	0	0.45
37400	0.45	0.47	0.47	0	0	0.45
37500	0.44	0.47	0.47	0	0	0.44
37600	0.44	0.47	0.47	0	0	0.44
37700	0.44	0.47	0.47	0	0	0.44
37800	0.44	0.47	0.47	0	0	0.44
37900	0.44	0.47	0.47	0	0	0.44
38000	0.45	0.47	0.47	0	0	0.45
38100	0.45	0.47	0.47	0	0	0.45
38200	0.44	0.47	0.47	0	0	0.44
38300	0.44	0.47	0.47	0	0	0.44
38400	0.44	0.48	0.48	0	0	0.44
38500	0.44	0.48	0.48	0	0	0.44
38600	0.44	0.47	0.47	0	0	0.44
38700	0.44	0.47	0.47	0	0	0.44
38800	0.45	0.47	0.47	0	0	0.45
38900	0.45	0.47	0.47	0	0	0.45
39000	0.45	0.47	0.47	0	0	0.45
39100	0.45	0.47	0.47	0	0	0.45
39200	0.45	0.47	0.47	0	0	0.45
39300	0.45	0.47	0.47	0	0	0.45
39400	0.45	0.47	0.47	0	0	0.45
39500	0.45	0.47	0.47	0	0	0.45
39600	0.45	0.47	0.47	0	0	0.45
39700	0.46	0.47	0.47	0	0	0.46
39800	0.46	0.47	0.47	0	0	0.46
39900	0.46	0.47	0.47	0	0	0.46
40000	0.46	0.48	0.48	0	0	0.46
40100	0.46	0.48	0.48	0	0	0.46
40200	0.46	0.48	0.48	0	0	0.46
40300	0.46	0.47	0.47	0	0	0.46
40400	0.46	0.47	0.47	0	0	0.46
40500	0.46	0.47	0.47	0	0	0.46
40600	0.46	0.47	0.47	0	0	0.46
40700	0.45	0.47	0.47	0	0	0.45
40800	0.45	0.47	0.47	0	0	0.45
40900	0.45	0.47	0.47	0	0	0.45
41000	0.45	0.47	0.47	0	0	0.45
41100	0.45	0.47	0.47	0	0	0.45
41200	0.45	0.47	0.47	0	0	0.45
41300	0.45	0.47	0.47	0	0	0.45
41400	0.45	0.47	0.47	0	0	0.45
41500	0.45	0.47	0.47	0	0	0.45
41600	0.46	0.47	0.47	0	0	0.46
41700	0.46	0.45	0.45	0	0	0.46
41800	0.46	0.45	0.45	0	0	0.46
41900	0.46	0.45	0.45	0	0	0.46
42000	0.45	0.45	0.45	0	0	0.45
42100	0.45	0.45	0.45	0	0	0.45
42200	0.45	0.45	0.45	0	0	0.45
42300	0.45	0.45	0.45	0	0	0.45
42400	0.45	0.45	0.45	0	0	0.45
42500	0.45	0.45	0.45	0	0	0.45
42600	0.45	0.45	0.45	0	0	0.45
42700	0.45	0.45	0.45	0	0	0.45
42800	0.44	0.45	0.45	0	0	0.44
42900	0.45	0.45	0.45	0	0	0.45
43000	0.45	0.45	0.45	0	0	0.45
43100	0.45	0.45	0.45	0	0	0.45
43200	0.45	0.45	0.45	0	0	0.45
43300	0.45	0.45	0.45	0	0	0.45
43400	0.45	0.45	0.45	0	0	0.45
43500	0.46	0.45	0.45	0	0	0.46
43600	0.46	0.45	0.45	0	0	0.46
43700	0.46	0.45	0.45	0	0	0.46
43800	0.46	0.45	0.45	0	0	0.46
43900	0.46	0.45	0.45	0	0	0.46
44000	0.46	0.45	0.45	0	0	0.46
44100	0.46	0.45	0.45	0	0	0.46
44200	0.46	0.46	0.46	0	0	0.46
44300	0.46	0.46	0.46	0	0	0.46
44400	0.46	0.46	0.46	0	0	0.46
44500	0.45	0.45	0.45	0	0	0.45
44600	0.46	0.46	0.46	0	0	0.46
44700	0.46	0.46	0.46	0	0	0.46
44800	0.46	0.46	0.46	0	0	0.46
44900	0.46	0.46	0.46	0	0	0.46
45000	0.46	0.46	0.46	0	0	0.46
45100	0.46	0.46	0.46	0	0	0.46
45200	0.46	0.47	0.47	0	0	0.46
45300	0.46	0.47	0.47	0	0	0.46
45400	0.46	0.46	0.46	0	0	0.46
45500	0.46	0.46	0.46	0	0	0.46
45600	0.46	0.45	0.45	0	0	0.46
45700	0.46	0.45	0.45	0	0	0.46
45800	0.46	0.45	0.45	0	0	0.46
45900	0.46	0.45	0.45	0	0	0.46
46000	0.46	0.45	0.45	0	0	0.46
46100	0.46	0.45	0.45	0	0	0.46
46200	0.46	0.45	0.45	0	0	0.46
46300	0.47	0.45	0.45	0	0	0.47
46400	0.48	0.45	0.45	0	0	0.48
46500	0.48	0.45	0.45	0	0	0.48
46600	0.48	0.45	0.45	0	0	0.48
46700	0.48	0.46	0.46	0	0	0.48
46800	0.48	0.46	0.46	0	0	0.48
46900	0.47	0.46	0.46	0	0	0.47
47000	0.47	0.47	0.47	0	0	0.47
47100	0.47	0.47	0.47	0	0	0.47
47200	0.46	0.47	0.47	0	0	0.46
47300	0.46	0.47	0.47	0	0	0.46
47400	0.46	0.47	0.47	0	0	0.46
47500	0.46	0.47	0.47	0	0	0.46
47600	0.46	0.47	0.47	0	0	0.46
47700	0.46	0.47	0.47	0	0	0.46
47800	0.46	0.47	0.47	0	0	0.46
47900	0.46	0.47	0.47	0	0	0.46
48000	0.46	0.47	0.47	0	0	0.46
48100	0.46	0.47	0.47	0	0	0.46
48200	0.47	0.47	0.47	0	0	0.47
48300	0.46	0.47	0.47	0	0	0.46
48400	0.46	0.47	0.47	0	0	0.46
48500	0.46	0.47	0.47	0	0	0.46
48600	0.45	0.47	0.47	0	0	0.45
48700	0.45	0.47	0.47	0	0	0.45
48800	0.45	0.47	0.47	0	0	0.45
48900	0.45	0.47	0.47	0	0	0.45
49000	0.44	0.47	0.47	0	0	0.44
49100	0.44	0.47	0.47	0	0	0.44
49200	0.44	0.47	0.47	0	0	0.44
49300	0.44	0.47	0.47	0	0	0.44
49400	0.44	0.47	0.47	0	0	0.44
49500	0.44	0.47	0.47	0	0	0.44
49600	0.44	0.47	0.47	0	0	0.44
49700	0.44	0.48	0.48	0	0	0.44
49800	0.44	0.48	0.48	0	0	0.44
49900	0.44	0.48	0.48	0	0	0.44
50000	0.44	0.48	0.48	0	0	0.44
50100	0.44	0.48	0.48	0	0	0.44
50200	0.44	0.48	0.48	0	0	0.44
50300	0.44	0.48	0.48	0	0	0.44
50400	0.44	0.48	0.48	0	0	0.44
50500	0.44	0.48	0.48	0	0	0.44
50600	0.44	0.48	0.48	0	0	0.44
50700	0.45	0.48	0.48	0	0	0.45
50800	0.44	0.48	0.48	0	0	0.44
50900	0.44	0.48	0.48	0	0	0.44
51000	0.44	0.48	0.48	0	0	0.44
51100	0.45	0.48	0.48	0	0	0.45
51200	0.45	0.48	0.48	0	0	0.45
51300	0.44	0.48	0.48	0	0	0.44
51400	0.44	0.48	0.48	0	0	0.44
51500	0.44	0.48	0.48	0	0	0.44
51600	0.44	0.48	0.48	0	0	0.44
51700	0.44	0.48	0.48	0	0	0.44
51800	0.45	0.48	0.48	0	0	0.45
51900	0.45	0.48	0.48	0	0	0.45
52000	0.45	0.48	0.48	0	0	0.45
52100	0.45	0.48	0.48	0	0	0.45
52200	0.45	0.48	0.48	0	0	0.45
52300	0.45	0.48	0.48	0	0	0.45
52400	0.45	0.48	0.48	0	0	0.45
52500	0.45	0.48	0.48	0	0	0.45
52600	0.45	0.48	0.48	0	0	0.45
52700	0.45	0.48	0.48	0	0	0.45
52800	0.45	0.48	0.48	0	0	0.45
52900	0.45	0.48	0.48	0	0	0.45
53000	0.45	0.49	0.49	0	0	0.45
53100	0.45	0.48	0.48	0	0	0.45
53200	0.45	0.48	0.48	0	0	0.45
53300	0.45	0.48	0.48	0	0	0.45
53400	0.45	0.48	0.48	0	0	0.45
53500	0.45	0.48	0.48	0	0	0.45
53600	0.45	0.48	0.48	0	0	0.45
53700	0.45	0.48	0.48	0	0	0.45
53800	0.45	0.48	0.48	0	0	0.45
53900	0.45	0.49	0.49	0	0	0.45
54000	0.45	0.49	0.49	0	0	0.45
54100	0.45	0.49	0.49	0	0	0.45
54200	0.45	0.49	0.49	0	0	0.45
54300	0.45	0.49	0.49	0	0	0.45
54400	0.45	0.48	0.48	0	0	0.45
54500	0.45	0.48	0.48	0	0	0.45
54600	0.45	0.48	0.48	0	0	0.45
54700	0.45	0.48	0.48	0	0	0.45
54800	0.45	0.48	0.48	0	0	0.45
54900	0.45	0.48	0.48	0	0	0.45
55000	0.45	0.48	0.48	0	0	0.45
55100	0.45	0.48	0.48	0	0	0.45
55200	0.45	0.48	0.48	0	0	0.45
55300	0.45	0.47	0.47	0	0	0.45
55400	0.45	0.46	0.46	0	0	0.45
55500	0.45	0.46	0.46	0	0	0.45
55600	0.45	0.46	0.46	0	0	0.45
55700	0.45	0.46	0.46	0	0	0.45
55800	0.45	0.46	0.46	0	0	0.45
55900	0.45	0.46	0.46	0	0	0.45
56000	0.45	0.46	0.46	0	0	0.45
56100	0.45	0.46	0.46	0	0	0.45
56200	0.45	0.46	0.46	0	0	0.45
56300	0.45	0.46	0.46	0	0	0.45
56400	0.45	0.46	0.46	0	0	0.45
56500	0.45	0.46	0.46	0	0	0.45
56600	0.45	0.46	0.46	0	0	0.45
56700	0.45	0.46	0.46	0	0	0.45
56800	0.45	0.46	0.46	0	0	0.45
56900	0.45	0.46	0.46	0	0	0.45
57000	0.45	0.46	0.46	0	0	0.45
57100	0.45	0.46	0.46	0	0	0.45
57200	0.45	0.46	0.46	0	0	0.45
57300	0.45	0.46	0.46	0	0	0.45
57400	0.45	0.46	0.46	0	0	0.45
57500	0.45	0.46	0.46	0	0	0.45
57600	0.45	0.46	0.46	0	0	0.45
57700	0.45	0.46	0.46	0	0	0.45
57800	0.45	0.46	0.46	0	0	0.45
57900	0.45	0.47	0.47	0	0	0.45
58000	0.45	0.47	0.47	0	0	0.45
58100	0.46	0.47	0.47	0	0	0.46
58200	0.46	0.47	0.47	0	0	0.46
58300	0.46	0.48	0.48	0	0	0.46
58400	0.46	0.48	0.48	0	0	0.46
58500	0.46	0.48	0.48	0	0	0.46
58600	0.46	0.48	0.48	0	0	0.46
58700	0.46	0.48	0.48	0	0	0.46
58800	0.46	0.48	0.48	0	0	0.46
58900	0.46	0.48	0.48	0	0	0.46
59000	0.46	0.48	0.48	0	0	0.46
59100	0.46	0.48	0.48	0	0	0.46
59200	0.46	0.48	0.48	0	0	0.46
59300	0.46	0.48	0.48	0	0	0.46
59400	0.46	0.48	0.48	0	0	0.46
59500	0.46	0.48	0.48	0	0	0.46
59600	0.46	0.48	0.48	0	0	0.46
59700	0.46	0.48	0.48	0	0	0.46
59800	0.46	0.48	0.48	0	0	0.46
59900	0.46	0.48	0.48	0	0	0.46
60000	0.46	0.48	0.48	0	0	0.46
60100	0.46	0.48	0.48	0	0	0.46
60200	0.46	0.48	0.48	0	0	0.46
60300	0.46	0.48	0.48	0	0	0.46
60400	0.46	0.48	0.48	0	0	0.46
60500	0.46	0.48	0.48	0	0	0.46
60600	0.46	0.48	0.48	0	0	0.46
60700	0.46	0.48	0.48	0	0	0.46
60800	0.46	0.47	0.47	0	0	0.46
60900	0.46	0.47	0.47	0	0	0.46
61000	0.46	0.47	0.47	0	0	0.46
61100	0.46	0.47	0.47	0	0	0.46
61200	0.46	0.47	0.47	0	0	0.46
61300	0.46	0.47	0.47	0	0	0.46
61400	0.46	0.47	0.47	0	0	0.46
61500	0.46	0.47	0.47	0	0	0.46
61600	0.46	0.47	0.47	0	0	0.46
61700	0.46	0.47	0.47	0	0	0.46
61800	0.46	0.47	0.47	0	0	0.46
61900	0.46	0.47	0.47	0	0	0.46
62000	0.46	0.47	0.47	0	0	0.46
62100	0.46	0.47	0.47	0	0	0.46
62200	0.47	0.47	0.47	0	0	0.47
62300	0.46	0.47	0.47	0	0	0.46
62400	0.46	0.47	0.47	0	0	0.46
62500	0.46	0.47	0.47	0	0	0.46
62600	0.46	0.47	0.47	0	0	0.46
62700	0.46	0.47	0.47	0	0	0.46
62800	0.46	0.47	0.47	0	0	0.46
62900	0.46	0.47	0.47	0	0	0.46
63000	0.46	0.47	0.47	0	0	0.46
63100	0.46	0.47	0.47	0	0	0.46
63200	0.46	0.47	0.47	0	0	0.46
63300	0.46	0.47	0.47	0	0	0.46
63400	0.46	0.47	0.47	0	0	0.46
63500	0.46	0.47	0.47	0	0	0.46
63600	0.46	0.47	0.47	0	0	0.46
63700	0.46	0.47	0.47	0	0	0.46
63800	0.46	0.47	0.47	0	0	0.46
63900	0.46	0.47	0.47	0	0	0.46
64000	0.46	0.47	0.47	0	0	0.46
64100	0.46	0.47	0.47	0	0	0.46
64200	0.46	0.47	0.47	0	0	0.46
64300	0.46	0.47	0.47	0	0	0.46
64400	0.46	0.47	0.47	0	0	0.46
64500	0.46	0.47	0.47	0	0	0.46
64600	0.47	0.47	0.47	0	0	0.47
64700	0.47	0.47	0.47	0	0	0.47
64800	0.47	0.47	0.47	0	0	0.47
64900	0.47	0.47	0.47	0	0	0.47
65000	0.48	0.47	0.47	0	0	0.48
65100	0.48	0.47	0.47	0	0	0.48
65200	0.48	0.48	0.48	0	0	0.48
65300	0.48	0.48	0.48	0	0	0.48
65400	0.48	0.48	0.48	0	0	0.48
65500	0.48	0.48	0.48	0	0	0.48
65600	0.48	0.48	0.48	0	0	0.48
65700	0.48	0.48	0.48	0	0	0.48
65800	0.48	0.48	0.48	0	0	0.48
65900	0.48	0.48	0.48	0	0	0.48
66000	0.48	0.48	0.48	0	0	0.48
66100	0.48	0.48	0.48	0	0	0.48
66200	0.48	0.48	0.48	0	0	0.48
66300	0.48	0.48	0.48	0	0	0.48
66400	0.48	0.48	0.48	0	0	0.48
66500	0.48	0.48	0.48	0	0	0.48
66600	0.48	0.48	0.48	0	0	0.48
66700	0.47	0.48	0.48	0	0	0.47
66800	0.47	0.48	0.48	0	0	0.47
66900	0.47	0.49	0.49	0	0	0.47
67000	0.47	0.49	0.49	0	0	0.47
67100	0.46	0.48	0.48	0	0	0.46
67200	0.46	0.48	0.48	0	0	0.46
67300	0.46	0.48	0.48	0	0	0.46
67400	0.46	0.48	0.48	0	0	0.46
67500	0.46	0.48	0.48	0	0	0.46
67600	0.46	0.48	0.48	0	0	0.46
67700	0.46	0.48	0.48	0	0	0.46
67800	0.46	0.48	0.48	0	0	0.46
67900	0.46	0.48	0.48	0	0	0.46
68000	0.46	0.48	0.48	0	0	0.46
68100	0.46	0.48	0.48	0	0	0.46
68200	0.46	0.48	0.48	0	0	0.46
68300	0.46	0.48	0.48	0	0	0.46
68400	0.46	0.48	0.48	0	0	0.46
68500	0.46	0.48	0.48	0	0	0.46
68600	0.46	0.48	0.48	0	0	0.46
68700	0.46	0.48	0.48	0	0	0.46
68800	0.46	0.48	0.48	0	0	0.46
68900	0.46	0.48	0.48	0	0	0.46
69000	0.46	0.49	0.49	0	0	0.46
69100	0.46	0.49	0.49	0	0	0.46
69200	0.46	0.5	0.5	0	0	0.46
69300	0.46	0.5	0.5	0	0	0.46
69400	0.46	0.5	0.5	0	0	0.46
69500	0.46	0.5	0.5	0	0	0.46
69600	0.46	0.5	0.5	0	0	0.46
69700	0.46	0.5	0.5	0	0	0.46
69800	0.46	0.5	0.5	0	0	0.46
69900	0.46	0.5	0.5	0	0	0.46
70000	0.46	0.5	0.5	0	0	0.46
70100	0.46	0.5	0.5	0	0	0.46
70200	0.46	0.5	0.5	0	0	0.46
70300	0.46	0.5	0.5	0	0	0.46
70400	0.46	0.5	0.5	0	0	0.46
70500	0.46	0.5	0.5	0	0	0.46
70600	0.46	0.5	0.5	0	0	0.46
70700	0.46	0.5	0.5	0	0	0.46
70800	0.46	0.5	0.5	0	0	0.46
70900	0.46	0.5	0.5	0	0	0.46
71000	0.46	0.5	0.5	0	0	0.46
71100	0.46	0.5	0.5	0	0	0.46
71200	0.46	0.5	0.5	0	0	0.46
71300	0.46	0.5	0.5	0	0	0.46
71400	0.46	0.5	0.5	0	0	0.46
71500	0.46	0.5	0.5	0	0	0.46
71600	0.46	0.5	0.5	0	0	0.46
71700	0.46	0.5	0.5	0	0	0.46
71800	0.46	0.5	0.5	0	0	0.46
71900	0.46	0.5	0.5	0	0	0.46
72000	0.46	0.5	0.5	0	0	0.46
72100	0.46	0.5	0.5	0	0	0.46
72200	0.46	0.5	0.5	0	0	0.46
72300	0.46	0.5	0.5	0	0	0.46
72400	0.46	0.5	0.5	0	0	0.46
72500	0.46	0.49	0.49	0	0	0.46
72600	0.46	0.49	0.49	0	0	0.46
72700	0.46	0.49	0.49	0	0	0.46
72800	0.46	0.49	0.49	0	0	0.46
72900	0.46	0.49	0.49	0	0	0.46
73000	0.46	0.49	0.49	0	0	0.46
73100	0.46	0.49	0.49	0	0	0.46
73200	0.46	0.49	0.49	0	0	0.46
73300	0.46	0.49	0.49	0	0	0.46
73400	0.46	0.49	0.49	0	0	0.46
73500	0.46	0.49	0.49	0	0	0.46
73600	0.46	0.49	0.49	0	0	0.46
73700	0.46	0.49	0.49	0	0	0.46
73800	0.46	0.49	0.49	0	0	0.46
73900	0.46	0.49	0.49	0	0	0.46
74000	0.46	0.49	0.49	0	0	0.46
74100	0.46	0.49	0.49	0	0	0.46
74200	0.46	0.49	0.49	0	0	0.46
74300	0.46	0.48	0.48	0	0	0.46
74400	0.46	0.48	0.48	0	0	0.46
74500	0.46	0.48	0.48	0	0	0.46
74600	0.46	0.48	0.48	0	0	0.46
74700	0.46	0.48	0.48	0	0	0.46
74800	0.46	0.48	0.48	0	0	0.46
74900	0.46	0.48	0.48	0	0	0.46
75000	0.46	0.48	0.48	0	0	0.46
75100	0.46	0.48	0.48	0	0	0.46
75200	0.46	0.48	0.48	0	0	0.46
75300	0.46	0.48	0.48	0	0	0.46
75400	0.47	0.48	0.48	0	0	0.47
75500	0.47	0.47	0.47	0	0	0.47
75600	0.47	0.47	0.47	0	0	0.47
75700	0.47	0.46	0.46	0	0	0.47
75800	0.47	0.45	0.45	0	0	0.47
75900	0.47	0.45	0.45	0	0	0.47
76000	0.47	0.45	0.45	0	0	0.47
76100	0.47	0.45	0.45	0	0	0.47
76200	0.47	0.45	0.45	0	0	0.47
76300	0.47	0.45	0.45	0	0	0.47
76400	0.47	0.45	0.45	0	0	0.47
76500	0.47	0.45	0.45	0	0	0.47
76600	0.47	0.45	0.45	0	0	0.47
76700	0.46	0.45	0.45	0	0	0.46
76800	0.46	0.45	0.45	0	0	0.46
76900	0.46	0.45	0.45	0	0	0.46
77000	0.46	0.45	0.45	0	0	0.46
77100	0.46	0.45	0.45	0	0	0.46
77200	0.46	0.45	0.45	0	0	0.46
77300	0.46	0.45	0.45	0	0	0.46
77400	0.46	0.45	0.45	0	0	0.46
77500	0.46	0.45	0.45	0	0	0.46
77600	0.46	0.46	0.46	0	0	0.46
77700	0.46	0.46	0.46	0	0	0.46
77800	0.47	0.46	0.46	0	0	0.47
77900	0.46	0.47	0.47	0	0	0.46
78000	0.46	0.47	0.47	0	0	0.46
78100	0.47	0.47	0.47	0	0	0.47
78200	0.47	0.46	0.46	0	0	0.47
78300	0.47	0.46	0.46	0	0	0.47
78400	0.47	0.46	0.46	0	0	0.47
78500	0.47	0.46	0.46	0	0	0.47
78600	0.47	0.46	0.46	0	0	0.47
78700	0.47	0.46	0.46	0	0	0.47
78800	0.47	0.46	0.46	0	0	0.47
78900	0.47	0.46	0.46	0	0	0.47
79000	0.47	0.46	0.46	0	0	0.47
79100	0.47	0.46	0.46	0	0	0.47
79200	0.47	0.46	0.46	0	0	0.47
79300	0.47	0.46	0.46	0	0	0.47
79400	0.47	0.46	0.46	0	0	0.47
79500	0.47	0.46	0.46	0	0	0.47
79600	0.47	0.46	0.46	0	0	0.47
79700	0.47	0.46	0.46	0	0	0.47
79800	0.47	0.46	0.46	0	0	0.47
79900	0.47	0.46	0.46	0	0	0.47
80000	0.47	0.47	0.47	0	0	0.47
80100	0.47	0.46	0.46	0	0	0.47
80200	0.47	0.46	0.46	0	0	0.47
80300	0.47	0.46	0.46	0	0	0.47
80400	0.47	0.46	0.46	0	0	0.47
80500	0.47	0.46	0.46	0	0	0.47
80600	0.47	0.46	0.46	0	0	0.47
80700	0.47	0.47	0.47	0	0	0.47
80800	0.47	0.46	0.46	0	0	0.47
80900	0.47	0.46	0.46	0	0	0.47
81000	0.47	0.46	0.46	0	0	0.47
81100	0.48	0.46	0.46	0	0	0.48
81200	0.48	0.46	0.46	0	0	0.48
81300	0.48	0.46	0.46	0	0	0.48
81400	0.48	0.46	0.46	0	0	0.48
81500	0.48	0.46	0.46	0	0	0.48
81600	0.48	0.46	0.46	0	0	0.48
81700	0.48	0.46	0.46	0	0	0.48
81800	0.48	0.46	0.46	0	0	0.48
81900	0.48	0.47	0.47	0	0	0.48
82000	0.48	0.47	0.47	0	0	0.48
82100	0.48	0.47	0.47	0	0	0.48
82200	0.47	0.47	0.47	0	0	0.47
82300	0.47	0.46	0.46	0	0	0.47
82400	0.47	0.46	0.46	0	0	0.47
82500	0.47	0.46	0.46	0	0	0.47
82600	0.47	0.46	0.46	0	0	0.47
82700	0.47	0.46	0.46	0	0	0.47
82800	0.46	0.46	0.46	0	0	0.46
82900	0.46	0.46	0.46	0	0	0.46
83000	0.46	0.46	0.46	0	0	0.46
83100	0.46	0.46	0.46	0	0	0.46
83200	0.46	0.46	0.46	0	0	0.46
83300	0.46	0.46	0.46	0	0	0.46
83400	0.46	0.46	0.46	0	0	0.46
83500	0.45	0.46	0.46	0	0	0.45
83600	0.45	0.46	0.46	0	0	0.45
83700	0.45	0.46	0.46	0	0	0.45
83800	0.45	0.46	0.46	0	0	0.45
83900	0.45	0.46	0.46	0	0	0.45
84000	0.45	0.46	0.46	0	0	0.45
84100	0.45	0.46	0.46	0	0	0.45
84200	0.45	0.46	0.46	0	0	0.45
84300	0.45	0.46	0.46	0	0	0.45
84400	0.45	0.46	0.46	0	0	0.45
84500	0.45	0.46	0.46	0	0	0.45
84600	0.45	0.46	0.46	0	0	0.45
84700	0.45	0.46	0.46	0	0	0.45
84800	0.45	0.46	0.46	0	0	0.45
84900	0.45	0.46	0.46	0	0	0.45
85000	0.45	0.46	0.46	0	0	0.45
85100	0.46	0.46	0.46	0	0	0.46
85200	0.45	0.46	0.46	0	0	0.45
85300	0.45	0.46	0.46	0	0	0.45
85400	0.45	0.46	0.46	0	0	0.45
85500	0.45	0.46	0.46	0	0	0.45
85600	0.45	0.46	0.46	0	0	0.45
85700	0.45	0.47	0.47	0	0	0.45
85800	0.45	0.47	0.47	0	0	0.45
85900	0.45	0.47	0.47	0	0	0.45
86000	0.45	0.47	0.47	0	0	0.45
86100	0.45	0.47	0.47	0	0	0.45
86200	0.45	0.47	0.47	0	0	0.45
86300	0.46	0.47	0.47	0	0	0.46
86400	0.46	0.47	0.47	0	0	0.46
86500	0.46	0.47	0.47	0	0	0.46
86600	0.46	0.47	0.47	0	0	0.46
86700	0.46	0.47	0.47	0	0	0.46
86800	0.46	0.47	0.47	0	0	0.46
86900	0.46	0.47	0.47	0	0	0.46
87000	0.46	0.47	0.47	0	0	0.46
87100	0.46	0.47	0.47	0	0	0.46
87200	0.46	0.47	0.47	0	0	0.46
87300	0.46	0.47	0.47	0	0	0.46
87400	0.46	0.47	0.47	0	0	0.46
87500	0.46	0.47	0.47	0	0	0.46
87600	0.46	0.47	0.47	0	0	0.46
87700	0.46	0.47	0.47	0	0	0.46
87800	0.46	0.47	0.47	0	0	0.46
87900	0.46	0.47	0.47	0	0	0.46
88000	0.46	0.47	0.47	0	0	0.46
88100	0.46	0.47	0.47	0	0	0.46
88200	0.46	0.47	0.47	0	0	0.46
88300	0.46	0.47	0.47	0	0	0.46
88400	0.46	0.47	0.47	0	0	0.46
88500	0.46	0.48	0.48	0	0	0.46
88600	0.46	0.48	0.48	0	0	0.46
88700	0.46	0.48	0.48	0	0	0.46
88800	0.46	0.48	0.48	0	0	0.46
88900	0.46	0.48	0.48	0	0	0.46
89000	0.46	0.48	0.48	0	0	0.46
89100	0.46	0.48	0.48	0	0	0.46
89200	0.46	0.48	0.48	0	0	0.46
89300	0.46	0.48	0.48	0	0	0.46
89400	0.46	0.48	0.48	0	0	0.46
89500	0.46	0.48	0.48	0	0	0.46
89600	0.47	0.48	0.48	0	0	0.47
89700	0.47	0.48	0.48	0	0	0.47
89800	0.47	0.48	0.48	0	0	0.47
89900	0.47	0.48	0.48	0	0	0.47
90000	0.47	0.49	0.49	0	0	0.47
90100	0.47	0.48	0.48	0	0	0.47
90200	0.47	0.48	0.48	0	0	0.47
90300	0.47	0.48	0.48	0	0	0.47
90400	0.47	0.47	0.47	0	0	0.47
90500	0.47	0.47	0.47	0	0	0.47
90600	0.47	0.46	0.46	0	0	0.47
90700	0.47	0.47	0.47	0	0	0.47
90800	0.47	0.47	0.47	0	0	0.47
90900	0.47	0.47	0.47	0	0	0.47
91000	0.47	0.48	0.48	0	0	0.47
91100	0.47	0.47	0.47	0	0	0.47
91200	0.47	0.47	0.47	0	0	0.47
91300	0.47	0.47	0.47	0	0	0.47
91400	0.47	0.47	0.47	0	0	0.47
91500	0.47	0.47	0.47	0	0	0.47
91600	0.47	0.47	0.47	0	0	0.47
91700	0.47	0.47	0.47	0	0	0.47
91800	0.47	0.47	0.47	0	0	0.47
91900	0.47	0.47	0.47	0	0	0.47
92000	0.47	0.47	0.47	0	0	0.47
92100	0.47	0.47	0.47	0	0	0.47
92200	0.47	0.47	0.47	0	0	0.47
92300	0.47	0.47	0.47	0	0	0.47
92400	0.47	0.47	0.47	0	0	0.47
92500	0.47	0.47	0.47	0	0	0.47
92600	0.47	0.47	0.47	0	0	0.47
92700	0.48	0.47	0.47	0	0	0.48
92800	0.48	0.47	0.47	0	0	0.48
92900	0.48	0.47	0.47	0	0	0.48
93000	0.48	0.47	0.47	0	0	0.48
93100	0.48	0.47	0.47	0	0	0.48
93200	0.48	0.47	0.47	0	0	0.48
93300	0.48	0.47	0.47	0	0	0.48
93400	0.48	0.47	0.47	0	0	0.48
93500	0.48	0.47	0.47	0	0	0.48
93600	0.48	0.47	0.47	0	0	0.48
93700	0.48	0.47	0.47	0	0	0.48
93800	0.48	0.47	0.47	0	0	0.48
93900	0.48	0.47	0.47	0	0	0.48
94000	0.48	0.47	0.47	0	0	0.48
94100	0.48	0.47	0.47	0	0	0.48
94200	0.48	0.47	0.47	0	0	0.48
94300	0.48	0.47	0.47	0	0	0.48
94400	0.48	0.47	0.47	0	0	0.48
94500	0.48	0.47	0.47	0	0	0.48
94600	0.48	0.47	0.47	0	0	0.48
94700	0.48	0.47	0.47	0	0	0.48
94800	0.48	0.47	0.47	0	0	0.48
94900	0.48	0.47	0.47	0	0	0.48
95000	0.48	0.47	0.47	0	0	0.48
95100	0.48	0.47	0.47	0	0	0.48
95200	0.48	0.47	0.47	0	0	0.48
95300	0.48	0.47	0.47	0	0	0.48
95400	0.48	0.47	0.47	0	0	0.48
95500	0.48	0.47	0.47	0	0	0.48
95600	0.48	0.47	0.47	0	0	0.48
95700	0.48	0.47	0.47	0	0	0.48
95800	0.48	0.47	0.47	0	0	0.48
95900	0.48	0.47	0.47	0	0	0.48
96000	0.48	0.47	0.47	0	0	0.48
96100	0.48	0.47	0.47	0	0	0.48
96200	0.48	0.47	0.47	0	0	0.48
96300	0.48	0.47	0.47	0	0	0.48
96400	0.48	0.47	0.47	0	0	0.48
96500	0.48	0.47	0.47	0	0	0.48
96600	0.48	0.47	0.47	0	0	0.48
96700	0.48	0.47	0.47	0	0	0.48
96800	0.49	0.47	0.47	0	0	0.49
96900	0.49	0.47	0.47	0	0	0.49
97000	0.49	0.47	0.47	0	0	0.49
97100	0.49	0.47	0.47	0	0	0.49
97200	0.49	0.47	0.47	0	0	0.49
97300	0.49	0.47	0.47	0	0	0.49
97400	0.49	0.47	0.47	0	0	0.49
97500	0.49	0.47	0.47	0	0	0.49
97600	0.49	0.47	0.47	0	0	0.49
97700	0.48	0.47	0.47	0	0	0.48
97800	0.48	0.47	0.47	0	0	0.48
97900	0.48	0.47	0.47	0	0	0.48
98000	0.48	0.47	0.47	0	0	0.48
98100	0.48	0.47	0.47	0	0	0.48
98200	0.48	0.47	0.47	0	0	0.48
98300	0.48	0.47	0.47	0	0	0.48
98400	0.48	0.47	0.47	0	0	0.48
98500	0.48	0.47	0.47	0	0	0.48
98600	0.48	0.47	0.47	0	0	0.48
98700	0.48	0.47	0.47	0	0	0.48
98800	0.48	0.47	0.47	0	0	0.48
98900	0.48	0.47	0.47	0	0	0.48
99000	0.48	0.47	0.47	0	0	0.48
99100	0.48	0.47	0.47	0	0	0.48
99200	0.48	0.47	0.47	0	0	0.48
99300	0.48	0.47	0.47	0	0	0.48
99400	0.48	0.47	0.47	0	0	0.48
99500	0.48	0.47	0.47	0	0	0.48
99600	0.48	0.47	0.47	0	0	0.48
99700	0.48	0.47	0.47	0	0	0.48
99800	0.48	0.47	0.47	0	0	0.48
99900	0.49	0.47	0.47	0	0	0.49
100000	0.49	0.47	0.47	0	0	0.49
100100	0.49	0.47	0.47	0	0	0.49
100200	0.49	0.47	0.47	0	0	0.49
100300	0.49	0.47	0.47	0	0	0.49
100400	0.49	0.47	0.47	0	0	0.49
100500	0.49	0.47	0.47	0	0	0.49
100600	0.49	0.47	0.47	0	0	0.49
100700	0.49	0.47	0.47	0	0	0.49
100800	0.49	0.47	0.47	0	0	0.49
100900	0.49	0.47	0.47	0	0	0.49
101000	0.49	0.47	0.47	0	0	0.49
101100	0.49	0.47	0.47	0	0	0.49
101200	0.49	0.47	0.47	0	0	0.49
101300	0.49	0.47	0.47	0	0	0.49
101400	0.49	0.47	0.47	0	0	0.49
101500	0.49	0.47	0.47	0	0	0.49
101600	0.49	0.47	0.47	0	0	0.49
101700	0.49	0.47	0.47	0	0	0.49
101800	0.49	0.47	0.47	0	0	0.49
101900	0.49	0.47	0.47	0	0	0.49
102000	0.49	0.47	0.47	0	0	0.49
102100	0.49	0.47	0.47	0	0	0.49
102200	0.49	0.47	0.47	0	0	0.49
102300	0.49	0.47	0.47	0	0	0.49
102400	0.49	0.47	0.47	0	0	0.49
102500	0.49	0.47	0.47	0	0	0.49
102600	0.49	0.47	0.47	0	0	0.49
102700	0.49	0.47	0.47	0	0	0.49
102800	0.49	0.47	0.47	0	0	0.49
102900	0.49	0.47	0.47	0	0	0.49
103000	0.49	0.47	0.47	0	0	0.49
103100	0.49	0.47	0.47	0	0	0.49
103200	0.49	0.47	0.47	0	0	0.49
103300	0.49	0.47	0.47	0	0	0.49
103400	0.49	0.47	0.47	0	0	0.49
103500	0.49	0.47	0.47	0	0	0.49
103600	0.49	0.47	0.47	0	0	0.49
103700	0.49	0.47	0.47	0	0	0.49
103800	0.49	0.47	0.47	0	0	0.49
103900	0.49	0.47	0.47	0	0	0.49
104000	0.49	0.47	0.47	0	0	0.49
104100	0.49	0.47	0.47	0	0	0.49
104200	0.49	0.47	0.47	0	0	0.49
104300	0.5	0.47	0.47	0	0	0.5
104400	0.5	0.48	0.48	0	0	0.5
104500	0.5	0.47	0.47	0	0	0.5
104600	0.5	0.47	0.47	0	0	0.5
104700	0.5	0.47	0.47	0	0	0.5
104800	0.5	0.47	0.47	0	0	0.5
104900	0.5	0.47	0.47	0	0	0.5
105000	0.5	0.47	0.47	0	0	0.5
105100	0.5	0.47	0.47	0	0	0.5
105200	0.5	0.47	0.47	0	0	0.5
105300	0.5	0.48	0.48	0	0	0.5
105400	0.5	0.48	0.48	0	0	0.5
105500	0.5	0.48	0.48	0	0	0.5
105600	0.5	0.48	0.48	0	0	0.5
105700	0.5	0.48	0.48	0	0	0.5
105800	0.5	0.48	0.48	0	0	0.5
105900	0.5	0.48	0.48	0	0	0.5
106000	0.5	0.48	0.48	0	0	0.5
106100	0.5	0.48	0.48	0	0	0.5
106200	0.5	0.47	0.47	0	0	0.5
106300	0.5	0.47	0.47	0	0	0.5
106400	0.5	0.47	0.47	0	0	0.5
106500	0.5	0.47	0.47	0	0	0.5
106600	0.5	0.47	0.47	0	0	0.5
106700	0.5	0.47	0.47	0	0	0.5
106800	0.5	0.47	0.47	0	0	0.5
106900	0.5	0.47	0.47	0	0	0.5
107000	0.5	0.47	0.47	0	0	0.5
107100	0.5	0.47	0.47	0	0	0.5
107200	0.5	0.47	0.47	0	0	0.5
107300	0.5	0.47	0.47	0	0	0.5
107400	0.5	0.47	0.47	0	0	0.5
107500	0.5	0.47	0.47	0	0	0.5
107600	0.5	0.47	0.47	0	0	0.5
107700	0.5	0.47	0.47	0	0	0.5
107800	0.5	0.47	0.47	0	0	0.5
107900	0.5	0.47	0.47	0	0	0.5
108000	0.5	0.47	0.47	0	0	0.5
108100	0.5	0.47	0.47	0	0	0.5
108200	0.5	0.47	0.47	0	0	0.5
108300	0.5	0.47	0.47	0	0	0.5
108400	0.5	0.47	0.47	0	0	0.5
108500	0.5	0.47	0.47	0	0	0.5
108600	0.5	0.47	0.47	0	0	0.5
108700	0.5	0.47	0.47	0	0	0.5
108800	0.5	0.47	0.47	0	0	0.5
108900	0.5	0.47	0.47	0	0	0.5
109000	0.5	0.47	0.47	0	0	0.5
109100	0.5	0.47	0.47	0	0	0.5
109200	0.51	0.47	0.47	0	0	0.51
109300	0.51	0.47	0.47	0	0	0.51
109400	0.51	0.47	0.47	0	0	0.51
109500	0.51	0.47	0.47	0	0	0.51
109600	0.5	0.47	0.47	0	0	0.5
109700	0.5	0.47	0.47	0	0	0.5
109800	0.5	0.47	0.47	0	0	0.5
109900	0.5	0.47	0.47	0	0	0.5
110000	0.5	0.47	0.47	0	0	0.5
110100	0.5	0.47	0.47	0	0	0.5
110200	0.5	0.47	0.47	0	0	0.5
110300	0.5	0.47	0.47	0	0	0.5
110400	0.5	0.47	0.47	0	0	0.5
110500	0.5	0.47	0.47	0	0	0.5
110600	0.5	0.47	0.47	0	0	0.5
110700	0.49	0.47	0.47	0	0	0.49
110800	0.49	0.47	0.47	0	0	0.49
110900	0.49	0.47	0.47	0	0	0.49
111000	0.49	0.47	0.47	0	0	0.49
111100	0.49	0.47	0.47	0	0	0.49
111200	0.49	0.47	0.47	0	0	0.49
111300	0.49	0.47	0.47	0	0	0.49
111400	0.49	0.47	0.47	0	0	0.49
111500	0.49	0.47	0.47	0	0	0.49
111600	0.49	0.47	0.47	0	0	0.49
111700	0.49	0.47	0.47	0	0	0.49
111800	0.49	0.47	0.47	0	0	0.49
111900	0.49	0.47	0.47	0	0	0.49
112000	0.49	0.47	0.47	0	0	0.49
112100	0.49	0.47	0.47	0	0	0.49
112200	0.49	0.47	0.47	0	0	0.49
112300	0.49	0.47	0.47	0	0	0.49
112400	0.49	0.47	0.47	0	0	0.49
112500	0.49	0.47	0.47	0	0	0.49
112600	0.49	0.47	0.47	0	0	0.49
112700	0.5	0.47	0.47	0	0	0.5
112800	0.5	0.47	0.47	0	0	0.5
112900	0.5	0.47	0.47	0	0	0.5
113000	0.5	0.47	0.47	0	0	0.5
113100	0.5	0.47	0.47	0	0	0.5
113200	0.5	0.47	0.47	0	0	0.5
113300	0.5	0.47	0.47	0	0	0.5
113400	0.5	0.47	0.47	0	0	0.5
113500	0.5	0.47	0.47	0	0	0.5
113600	0.5	0.47	0.47	0	0	0.5
113700	0.5	0.47	0.47	0	0	0.5
113800	0.5	0.47	0.47	0	0	0.5
113900	0.5	0.47	0.47	0	0	0.5
114000	0.5	0.47	0.47	0	0	0.5
114100	0.5	0.47	0.47	0	0	0.5
114200	0.5	0.47	0.47	0	0	0.5
114300	0.5	0.47	0.47	0	0	0.5
114400	0.5	0.47	0.47	0	0	0.5
114500	0.5	0.47	0.47	0	0	0.5
114600	0.5	0.47	0.47	0	0	0.5
114700	0.5	0.47	0.47	0	0	0.5
114800	0.5	0.47	0.47	0	0	0.5
114900	0.5	0.47	0.47	0	0	0.5
115000	0.5	0.47	0.47	0	0	0.5
115100	0.5	0.47	0.47	0	0	0.5
115200	0.5	0.47	0.47	0	0	0.5
115300	0.5	0.47	0.47	0	0	0.5
115400	0.5	0.47	0.47	0	0	0.5
115500	0.5	0.47	0.47	0	0	0.5
115600	0.5	0.47	0.47	0	0	0.5
115700	0.5	0.47	0.47	0	0	0.5
115800	0.5	0.47	0.47	0	0	0.5
115900	0.5	0.47	0.47	0	0	0.5
116000	0.5	0.47	0.47	0	0	0.5
116100	0.5	0.47	0.47	0	0	0.5
116200	0.5	0.47	0.47	0	0	0.5
116300	0.5	0.47	0.47	0	0	0.5
116400	0.5	0.47	0.47	0	0	0.5
116500	0.5	0.47	0.47	0	0	0.5
116600	0.5	0.47	0.47	0	0	0.5
116700	0.5	0.47	0.47	0	0	0.5
116800	0.5	0.47	0.47	0	0	0.5
116900	0.5	0.47	0.47	0	0	0.5
117000	0.5	0.47	0.47	0	0	0.5
117100	0.5	0.47	0.47	0	0	0.5
117200	0.5	0.47	0.47	0	0	0.5
117300	0.5	0.47	0.47	0	0	0.5
117400	0.5	0.47	0.47	0	0	0.5
117500	0.5	0.47	0.47	0	0	0.5
117600	0.5	0.47	0.47	0	0	0.5
117700	0.5	0.47	0.47	0	0	0.5
117800	0.5	0.47	0.47	0	0	0.5
117900	0.5	0.47	0.47	0	0	0.5
118000	0.5	0.47	0.47	0	0	0.5
118100	0.5	0.47	0.47	0	0	0.5
118200	0.5	0.47	0.47	0	0	0.5
118300	0.5	0.47	0.47	0	0	0.5
118400	0.49	0.47	0.47	0	0	0.49
118500	0.49	0.47	0.47	0	0	0.49
118600	0.49	0.47	0.47	0	0	0.49
118700	0.49	0.47	0.47	0	0	0.49
118800	0.49	0.47	0.47	0	0	0.49
118900	0.49	0.47	0.47	0	0	0.49
119000	0.49	0.47	0.47	0	0	0.49
119100	0.49	0.47	0.47	0	0	0.49
119200	0.49	0.47	0.47	0	0	0.49
119300	0.49	0.47	0.47	0	0	0.49
119400	0.49	0.47	0.47	0	0	0.49
119500	0.49	0.47	0.47	0	0	0.49
119600	0.49	0.47	0.47	0	0	0.49
119700	0.49	0.47	0.47	0	0	0.49
119800	0.49	0.47	0.47	0	0	0.49
119900	0.49	0.47	0.47	0	0	0.49
120000	0.49	0.47	0.47	0	0	0.49
120100	0.49	0.47	0.47	0	0	0.49
120200	0.49	0.47	0.47	0	0	0.49
120300	0.49	0.47	0.47	0	0	0.49
120400	0.49	0.47	0.47	0	0	0.49
120500	0.49	0.47	0.47	0	0	0.49
120600	0.49	0.47	0.47	0	0	0.49
120700	0.49	0.47	0.47	0	0	0.49
120800	0.49	0.47	0.47	0	0	0.49
120900	0.49	0.47	0.47	0	0	0.49
121000	0.49	0.47	0.47	0	0	0.49
121100	0.49	0.47	0.47	0	0	0.49
121200	0.49	0.47	0.47	0	0	0.49
121300	0.49	0.47	0.47	0	0	0.49
121400	0.49	0.47	0.47	0	0	0.49
121500	0.49	0.47	0.47	0	0	0.49
121600	0.49	0.47	0.47	0	0	0.49
121700	0.49	0.47	0.47	0	0	0.49
121800	0.49	0.47	0.47	0	0	0.49
121900	0.49	0.47	0.47	0	0	0.49
122000	0.49	0.47	0.47	0	0	0.49
122100	0.49	0.47	0.47	0	0	0.49
122200	0.49	0.47	0.47	0	0	0.49
122300	0.49	0.47	0.47	0	0	0.49
122400	0.49	0.47	0.47	0	0	0.49
122500	0.49	0.47	0.47	0	0	0.49
122600	0.49	0.47	0.47	0	0	0.49
122700	0.49	0.47	0.47	0	0	0.49
122800	0.49	0.47	0.47	0	0	0.49
122900	0.49	0.47	0.47	0	0	0.49
123000	0.49	0.47	0.47	0	0	0.49
123100	0.49	0.47	0.47	0	0	0.49
123200	0.5	0.47	0.47	0	0	0.5
123300	0.5	0.47	0.47	0	0	0.5
123400	0.5	0.47	0.47	0	0	0.5
123500	0.5	0.47	0.47	0	0	0.5
123600	0.5	0.47	0.47	0	0	0.5
123700	0.5	0.47	0.47	0	0	0.5
123800	0.5	0.47	0.47	0	0	0.5
123900	0.5	0.47	0.47	0	0	0.5
124000	0.5	0.47	0.47	0	0	0.5
124100	0.5	0.46	0.46	0	0	0.5
124200	0.5	0.46	0.46	0	0	0.5
124300	0.5	0.46	0.46	0	0	0.5
124400	0.5	0.46	0.46	0	0	0.5
124500	0.5	0.46	0.46	0	0	0.5
124600	0.5	0.46	0.46	0	0	0.5
124700	0.5	0.46	0.46	0	0	0.5
124800	0.5	0.46	0.46	0	0	0.5
124900	0.5	0.46	0.46	0	0	0.5
125000	0.5	0.45	0.45	0	0	0.5
125100	0.5	0.45	0.45	0	0	0.5
125200	0.5	0.45	0.45	0	0	0.5
125300	0.5	0.45	0.45	0	0	0.5
125400	0.51	0.45	0.45	0	0	0.51
125500	0.51	0.45	0.45	0	0	0.51
125600	0.51	0.45	0.45	0	0	0.51
125700	0.51	0.45	0.45	0	0	0.51
125800	0.51	0.45	0.45	0	0	0.51
125900	0.51	0.45	0.45	0	0	0.51
126000	0.52	0.45	0.45	0	0	0.52
126100	0.53	0.45	0.45	0	0	0.53
126200	0.53	0.45	0.45	0	0	0.53
126300	0.53	0.45	0.45	0	0	0.53
126400	0.53	0.45	0.45	0	0	0.53
126500	0.53	0.45	0.45	0	0	0.53
126600	0.53	0.45	0.45	0	0	0.53
126700	0.53	0.44	0.44	0	0	0.53
126800	0.53	0.44	0.44	0	0	0.53
126900	0.52	0.44	0.44	0	0	0.52
127000	0.52	0.44	0.44	0	0	0.52
127100	0.52	0.44	0.44	0	0	0.52
127200	0.52	0.44	0.44	0	0	0.52
127300	0.52	0.44	0.44	0	0	0.52
127400	0.52	0.44	0.44	0	0	0.52
127500	0.52	0.44	0.44	0	0	0.52
127600	0.52	0.44	0.44	0	0	0.52
127700	0.52	0.44	0.44	0	0	0.52
127800	0.53	0.44	0.44	0	0	0.53
127900	0.53	0.44	0.44	0	0	0.53
128000	0.53	0.44	0.44	0	0	0.53
128100	0.53	0.44	0.44	0	0	0.53
128200	0.53	0.44	0.44	0	0	0.53
128300	0.53	0.44	0.44	0	0	0.53
128400	0.53	0.44	0.44	0	0	0.53
128500	0.53	0.44	0.44	0	0	0.53
128600	0.53	0.44	0.44	0	0	0.53
128700	0.53	0.44	0.44	0	0	0.53
128800	0.53	0.44	0.44	0	0	0.53
128900	0.53	0.44	0.44	0	0	0.53
129000	0.53	0.44	0.44	0	0	0.53
129100	0.53	0.44	0.44	0	0	0.53
129200	0.53	0.44	0.44	0	0	0.53
129300	0.53	0.44	0.44	0	0	0.53
129400	0.53	0.44	0.44	0	0	0.53
129500	0.53	0.44	0.44	0	0	0.53
129600	0.53	0.44	0.44	0	0	0.53
129700	0.53	0.44	0.44	0	0	0.53
129800	0.53	0.44	0.44	0	0	0.53
129900	0.53	0.44	0.44	0	0	0.53
130000	0.53	0.44	0.44	0	0	0.53
130100	0.53	0.44	0.44	0	0	0.53
130200	0.53	0.44	0.44	0	0	0.53
130300	0.53	0.44	0.44	0	0	0.53
130400	0.53	0.44	0.44	0	0	0.53
130500	0.53	0.44	0.44	0	0	0.53
130600	0.53	0.44	0.44	0	0	0.53
130700	0.53	0.44	0.44	0	0	0.53
130800	0.53	0.44	0.44	0	0	0.53
130900	0.53	0.44	0.44	0	0	0.53
131000	0.53	0.44	0.44	0	0	0.53
131100	0.53	0.44	0.44	0	0	0.53
131200	0.53	0.44	0.44	0	0	0.53
131300	0.53	0.44	0.44	0	0	0.53
131400	0.53	0.44	0.44	0	0	0.53
131500	0.53	0.44	0.44	0	0	0.53
131600	0.53	0.44	0.44	0	0	0.53
131700	0.53	0.44	0.44	0	0	0.53
131800	0.53	0.44	0.44	0	0	0.53
131900	0.53	0.44	0.44	0	0	0.53
132000	0.53	0.44	0.44	0	0	0.53
132100	0.53	0.43	0.43	0	0	0.53
132200	0.53	0.43	0.43	0	0	0.53
132300	0.53	0.43	0.43	0	0	0.53
132400	0.53	0.43	0.43	0	0	0.53
132500	0.53	0.43	0.43	0	0	0.53
132600	0.53	0.43	0.43	0	0	0.53
132700	0.53	0.43	0.43	0	0	0.53
132800	0.53	0.43	0.43	0	0	0.53
132900	0.53	0.43	0.43	0	0	0.53
133000	0.53	0.43	0.43	0	0	0.53
133100	0.53	0.43	0.43	0	0	0.53
133200	0.53	0.43	0.43	0	0	0.53
133300	0.52	0.43	0.43	0	0	0.52
133400	0.51	0.43	0.43	0	0	0.51
133500	0.51	0.43	0.43	0	0	0.51
133600	0.51	0.43	0.43	0	0	0.51
133700	0.51	0.45	0.45	0	0	0.51
133800	0.51	0.45	0.45	0	0	0.51
133900	0.51	0.45	0.45	0	0	0.51
134000	0.51	0.44	0.44	0	0	0.51
134100	0.51	0.44	0.44	0	0	0.51
134200	0.51	0.44	0.44	0	0	0.51
134300	0.51	0.44	0.44	0	0	0.51
134400	0.51	0.44	0.44	0	0	0.51
134500	0.51	0.44	0.44	0	0	0.51
134600	0.51	0.45	0.45	0	0	0.51
134700	0.51	0.44	0.44	0	0	0.51
134800	0.51	0.44	0.44	0	0	0.51
134900	0.51	0.44	0.44	0	0	0.51
135000	0.51	0.44	0.44	0	0	0.51
135100	0.51	0.44	0.44	0	0	0.51
135200	0.51	0.44	0.44	0	0	0.51
135300	0.51	0.44	0.44	0	0	0.51
135400	0.51	0.44	0.44	0	0	0.51
135500	0.51	0.44	0.44	0	0	0.51
135600	0.51	0.44	0.44	0	0	0.51
135700	0.51	0.44	0.44	0	0	0.51
135800	0.51	0.44	0.44	0	0	0.51
135900	0.51	0.44	0.44	0	0	0.51
136000	0.51	0.43	0.43	0	0	0.51
136100	0.51	0.42	0.42	0	0	0.51
136200	0.51	0.42	0.42	0	0	0.51
136300	0.51	0.42	0.42	0	0	0.51
136400	0.51	0.42	0.42	0	0	0.51
136500	0.51	0.42	0.42	0	0	0.51
136600	0.51	0.42	0.42	0	0	0.51
136700	0.51	0.42	0.42	0	0	0.51
136800	0.51	0.42	0.42	0	0	0.51
136900	0.5	0.42	0.42	0	0	0.5
137000	0.5	0.42	0.42	0	0	0.5
137100	0.5	0.42	0.42	0	0	0.5
137200	0.5	0.42	0.42	0	0	0.5
137300	0.5	0.42	0.42	0	0	0.5
137400	0.5	0.42	0.42	0	0	0.5
137500	0.5	0.42	0.42	0	0	0.5
137600	0.5	0.42	0.42	0	0	0.5
137700	0.5	0.42	0.42	0	0	0.5
137800	0.51	0.42	0.42	0	0	0.51
137900	0.51	0.42	0.42	0	0	0.51
138000	0.51	0.42	0.42	0	0	0.51
138100	0.51	0.42	0.42	0	0	0.51
138200	0.51	0.42	0.42	0	0	0.51
138300	0.51	0.43	0.43	0	0	0.51
138400	0.51	0.43	0.43	0	0	0.51
138500	0.51	0.43	0.43	0	0	0.51
138600	0.51	0.43	0.43	0	0	0.51
138700	0.51	0.43	0.43	0	0	0.51
138800	0.51	0.43	0.43	0	0	0.51
138900	0.51	0.43	0.43	0	0	0.51
139000	0.51	0.43	0.43	0	0	0.51
139100	0.51	0.43	0.43	0	0	0.51
139200	0.51	0.43	0.43	0	0	0.51
139300	0.51	0.43	0.43	0	0	0.51
139400	0.51	0.43	0.43	0	0	0.51
139500	0.51	0.43	0.43	0	0	0.51
139600	0.51	0.44	0.44	0	0	0.51
139700	0.5	0.44	0.44	0	0	0.5
139800	0.5	0.44	0.44	0	0	0.5
139900	0.5	0.44	0.44	0	0	0.5
140000	0.5	0.44	0.44	0	0	0.5
140100	0.5	0.44	0.44	0	0	0.5
140200	0.5	0.44	0.44	0	0	0.5
140300	0.5	0.44	0.44	0	0	0.5
140400	0.5	0.44	0.44	0	0	0.5
140500	0.5	0.44	0.44	0	0	0.5
140600	0.5	0.44	0.44	0	0	0.5
140700	0.5	0.44	0.44	0	0	0.5
140800	0.5	0.44	0.44	0	0	0.5
140900	0.5	0.44	0.44	0	0	0.5
141000	0.5	0.44	0.44	0	0	0.5
141100	0.5	0.44	0.44	0	0	0.5
141200	0.5	0.44	0.44	0	0	0.5
141300	0.5	0.44	0.44	0	0	0.5
141400	0.5	0.44	0.44	0	0	0.5
141500	0.5	0.44	0.44	0	0	0.5
141600	0.5	0.44	0.44	0	0	0.5
141700	0.5	0.44	0.44	0	0	0.5
141800	0.5	0.44	0.44	0	0	0.5
141900	0.5	0.44	0.44	0	0	0.5
142000	0.5	0.44	0.44	0	0	0.5
142100	0.5	0.44	0.44	0	0	0.5
142200	0.5	0.44	0.44	0	0	0.5
142300	0.5	0.44	0.44	0	0	0.5
142400	0.5	0.44	0.44	0	0	0.5
142500	0.5	0.44	0.44	0	0	0.5
142600	0.5	0.44	0.44	0	0	0.5
142700	0.5	0.44	0.44	0	0	0.5
142800	0.5	0.44	0.44	0	0	0.5
142900	0.5	0.44	0.44	0	0	0.5
143000	0.5	0.44	0.44	0	0	0.5
143100	0.5	0.44	0.44	0	0	0.5
143200	0.5	0.44	0.44	0	0	0.5
143300	0.5	0.44	0.44	0	0	0.5
143400	0.5	0.44	0.44	0	0	0.5
143500	0.5	0.44	0.44	0	0	0.5
143600	0.5	0.44	0.44	0	0	0.5
143700	0.5	0.44	0.44	0	0	0.5
143800	0.5	0.44	0.44	0	0	0.5
143900	0.5	0.44	0.44	0	0	0.5
144000	0.5	0.44	0.44	0	0	0.5
144100	0.5	0.44	0.44	0	0	0.5
144200	0.5	0.44	0.44	0	0	0.5
144300	0.5	0.44	0.44	0	0	0.5
144400	0.5	0.44	0.44	0	0	0.5
144500	0.5	0.44	0.44	0	0	0.5
144600	0.5	0.44	0.44	0	0	0.5
144700	0.5	0.44	0.44	0	0	0.5
144800	0.5	0.44	0.44	0	0	0.5
144900	0.5	0.44	0.44	0	0	0.5
145000	0.5	0.44	0.44	0	0	0.5
145100	0.5	0.44	0.44	0	0	0.5
145200	0.5	0.44	0.44	0	0	0.5
145300	0.5	0.44	0.44	0	0	0.5
145400	0.5	0.43	0.43	0	0	0.5
145500	0.5	0.43	0.43	0	0	0.5
145600	0.5	0.43	0.43	0	0	0.5
145700	0.5	0.43	0.43	0	0	0.5
145800	0.5	0.43	0.43	0	0	0.5
145900	0.5	0.43	0.43	0	0	0.5
146000	0.5	0.43	0.43	0	0	0.5
146100	0.5	0.43	0.43	0	0	0.5
146200	0.5	0.43	0.43	0	0	0.5
146300	0.5	0.43	0.43	0	0	0.5
146400	0.5	0.43	0.43	0	0	0.5
146500	0.5	0.43	0.43	0	0	0.5
146600	0.5	0.43	0.43	0	0	0.5
146700	0.51	0.43	0.43	0	0	0.51
146800	0.51	0.43	0.43	0	0	0.51
146900	0.51	0.43	0.43	0	0	0.51
147000	0.51	0.44	0.44	0	0	0.51
147100	0.51	0.43	0.43	0	0	0.51
147200	0.51	0.43	0.43	0	0	0.51
147300	0.51	0.43	0.43	0	0	0.51
147400	0.51	0.43	0.43	0	0	0.51
147500	0.51	0.43	0.43	0	0	0.51
147600	0.51	0.43	0.43	0	0	0.51
147700	0.51	0.43	0.43	0	0	0.51
147800	0.51	0.43	0.43	0	0	0.51
147900	0.51	0.43	0.43	0	0	0.51
148000	0.51	0.43	0.43	0	0	0.51
148100	0.51	0.43	0.43	0	0	0.51
148200	0.51	0.43	0.43	0	0	0.51
148300	0.51	0.43	0.43	0	0	0.51
148400	0.51	0.43	0.43	0	0	0.51
148500	0.51	0.43	0.43	0	0	0.51
148600	0.51	0.43	0.43	0	0	0.51
148700	0.51	0.43	0.43	0	0	0.51
148800	0.51	0.43	0.43	0	0	0.51
148900	0.51	0.43	0.43	0	0	0.51
149000	0.51	0.43	0.43	0	0	0.51
149100	0.5	0.43	0.43	0	0	0.5
149200	0.5	0.43	0.43	0	0	0.5
149300	0.5	0.43	0.43	0	0	0.5
149400	0.5	0.43	0.43	0	0	0.5
149500	0.5	0.43	0.43	0	0	0.5
149600	0.5	0.43	0.43	0	0	0.5
149700	0.5	0.43	0.43	0	0	0.5
149800	0.5	0.44	0.44	0	0	0.5
149900	0.5	0.44	0.44	0	0	0.5
150000	0.5	0.43	0.43	0	0	0.5
150100	0.5	0.43	0.43	0	0	0.5
150200	0.5	0.43	0.43	0	0	0.5
150300	0.5	0.43	0.43	0	0	0.5
150400	0.5	0.43	0.43	0	0	0.5
150500	0.5	0.44	0.44	0	0	0.5
150600	0.5	0.44	0.44	0	0	0.5
150700	0.5	0.44	0.44	0	0	0.5
150800	0.5	0.44	0.44	0	0	0.5
150900	0.5	0.44	0.44	0	0	0.5
151000	0.5	0.44	0.44	0	0	0.5
151100	0.5	0.44	0.44	0	0	0.5
151200	0.5	0.44	0.44	0	0	0.5
151300	0.5	0.44	0.44	0	0	0.5
151400	0.5	0.44	0.44	0	0	0.5
151500	0.5	0.44	0.44	0	0	0.5
151600	0.5	0.43	0.43	0	0	0.5
151700	0.5	0.43	0.43	0	0	0.5
151800	0.5	0.43	0.43	0	0	0.5
151900	0.5	0.43	0.43	0	0	0.5
152000	0.5	0.43	0.43	0	0	0.5
152100	0.5	0.43	0.43	0	0	0.5
152200	0.5	0.43	0.43	0	0	0.5
152300	0.5	0.43	0.43	0	0	0.5
152400	0.5	0.43	0.43	0	0	0.5
152500	0.5	0.43	0.43	0	0	0.5
152600	0.5	0.43	0.43	0	0	0.5
152700	0.5	0.43	0.43	0	0	0.5
152800	0.5	0.43	0.43	0	0	0.5
152900	0.5	0.43	0.43	0	0	0.5
153000	0.5	0.43	0.43	0	0	0.5
153100	0.5	0.43	0.43	0	0	0.5
153200	0.5	0.43	0.43	0	0	0.5
153300	0.5	0.43	0.43	0	0	0.5
153400	0.5	0.43	0.43	0	0	0.5
153500	0.5	0.43	0.43	0	0	0.5
153600	0.51	0.43	0.43	0	0	0.51
153700	0.5	0.43	0.43	0	0	0.5
153800	0.5	0.43	0.43	0	0	0.5
153900	0.5	0.43	0.43	0	0	0.5
154000	0.5	0.42	0.42	0	0	0.5
154100	0.5	0.42	0.42	0	0	0.5
154200	0.5	0.42	0.42	0	0	0.5
154300	0.5	0.42	0.42	0	0	0.5
154400	0.5	0.42	0.42	0	0	0.5
154500	0.5	0.42	0.42	0	0	0.5
154600	0.5	0.42	0.42	0	0	0.5
154700	0.5	0.42	0.42	0	0	0.5
154800	0.5	0.42	0.42	0	0	0.5
154900	0.5	0.42	0.42	0	0	0.5
155000	0.5	0.43	0.43	0	0	0.5
155100	0.5	0.43	0.43	0	0	0.5
155200	0.5	0.43	0.43	0	0	0.5
155300	0.5	0.43	0.43	0	0	0.5
155400	0.5	0.43	0.43	0	0	0.5
155500	0.5	0.43	0.43	0	0	0.5
155600	0.5	0.43	0.43	0	0	0.5
155700	0.5	0.43	0.43	0	0	0.5
155800	0.5	0.43	0.43	0	0	0.5
155900	0.5	0.43	0.43	0	0	0.5
156000	0.5	0.43	0.43	0	0	0.5
156100	0.5	0.43	0.43	0	0	0.5
156200	0.5	0.43	0.43	0	0	0.5
156300	0.5	0.43	0.43	0	0	0.5
156400	0.5	0.43	0.43	0	0	0.5
156500	0.5	0.44	0.44	0	0	0.5
156600	0.5	0.44	0.44	0	0	0.5
156700	0.5	0.44	0.44	0	0	0.5
156800	0.5	0.44	0.44	0	0	0.5
156900	0.5	0.44	0.44	0	0	0.5
157000	0.49	0.44	0.44	0	0	0.49
157100	0.49	0.44	0.44	0	0	0.49
157200	0.49	0.44	0.44	0	0	0.49
157300	0.49	0.44	0.44	0	0	0.49
157400	0.49	0.44	0.44	0	0	0.49
157500	0.49	0.44	0.44	0	0	0.49
157600	0.49	0.45	0.45	0	0	0.49
157700	0.49	0.45	0.45	0	0	0.49
157800	0.49	0.45	0.45	0	0	0.49
157900	0.49	0.45	0.45	0	0	0.49
158000	0.49	0.45	0.45	0	0	0.49
158100	0.49	0.45	0.45	0	0	0.49
158200	0.49	0.45	0.45	0	0	0.49
158300	0.49	0.45	0.45	0	0	0.49
158400	0.49	0.45	0.45	0	0	0.49
158500	0.49	0.45	0.45	0	0	0.49
158600	0.49	0.45	0.45	0	0	0.49
158700	0.49	0.45	0.45	0	0	0.49
158800	0.49	0.45	0.45	0	0	0.49
158900	0.49	0.45	0.45	0	0	0.49
159000	0.49	0.45	0.45	0	0	0.49
159100	0.49	0.44	0.44	0	0	0.49
159200	0.49	0.44	0.44	0	0	0.49
159300	0.49	0.44	0.44	0	0	0.49
159400	0.49	0.44	0.44	0	0	0.49
159500	0.49	0.44	0.44	0	0	0.49
159600	0.49	0.44	0.44	0	0	0.49
159700	0.49	0.44	0.44	0	0	0.49
159800	0.49	0.44	0.44	0	0	0.49
159900	0.48	0.44	0.44	0	0	0.48
160000	0.48	0.44	0.44	0	0	0.48
160100	0.48	0.44	0.44	0	0	0.48
160200	0.48	0.44	0.44	0	0	0.48
160300	0.48	0.44	0.44	0	0	0.48
160400	0.48	0.44	0.44	0	0	0.48
160500	0.48	0.44	0.44	0	0	0.48
160600	0.48	0.44	0.44	0	0	0.48
160700	0.48	0.44	0.44	0	0	0.48
160800	0.48	0.44	0.44	0	0	0.48
160900	0.48	0.44	0.44	0	0	0.48
161000	0.48	0.44	0.44	0	0	0.48
161100	0.48	0.44	0.44	0	0	0.48
161200	0.48	0.44	0.44	0	0	0.48
161300	0.48	0.44	0.44	0	0	0.48
161400	0.48	0.44	0.44	0	0	0.48
161500	0.48	0.44	0.44	0	0	0.48
161600	0.49	0.44	0.44	0	0	0.49
161700	0.48	0.44	0.44	0	0	0.48
161800	0.49	0.44	0.44	0	0	0.49
161900	0.49	0.44	0.44	0	0	0.49
162000	0.49	0.44	0.44	0	0	0.49
162100	0.48	0.44	0.44	0	0	0.48
162200	0.48	0.44	0.44	0	0	0.48
162300	0.48	0.44	0.44	0	0	0.48
162400	0.48	0.44	0.44	0	0	0.48
162500	0.48	0.44	0.44	0	0	0.48
162600	0.48	0.44	0.44	0	0	0.48
162700	0.48	0.44	0.44	0	0	0.48
162800	0.48	0.44	0.44	0	0	0.48
162900	0.48	0.44	0.44	0	0	0.48
163000	0.48	0.44	0.44	0	0	0.48
163100	0.48	0.44	0.44	0	0	0.48
163200	0.48	0.45	0.45	0	0	0.48
163300	0.48	0.45	0.45	0	0	0.48
163400	0.48	0.45	0.45	0	0	0.48
163500	0.48	0.45	0.45	0	0	0.48
163600	0.48	0.45	0.45	0	0	0.48
163700	0.48	0.45	0.45	0	0	0.48
163800	0.48	0.45	0.45	0	0	0.48
163900	0.48	0.45	0.45	0	0	0.48
164000	0.48	0.45	0.45	0	0	0.48
164100	0.48	0.45	0.45	0	0	0.48
164200	0.48	0.45	0.45	0	0	0.48
164300	0.48	0.45	0.45	0	0	0.48
164400	0.48	0.45	0.45	0	0	0.48
164500	0.48	0.45	0.45	0	0	0.48
164600	0.48	0.45	0.45	0	0	0.48
164700	0.48	0.45	0.45	0	0	0.48
164800	0.48	0.45	0.45	0	0	0.48
164900	0.48	0.45	0.45	0	0	0.48
165000	0.47	0.45	0.45	0	0	0.47
165100	0.47	0.45	0.45	0	0	0.47
165200	0.47	0.45	0.45	0	0	0.47
165300	0.47	0.45	0.45	0	0	0.47
165400	0.47	0.45	0.45	0	0	0.47
165500	0.47	0.45	0.45	0	0	0.47
165600	0.47	0.45	0.45	0	0	0.47
165700	0.47	0.45	0.45	0	0	0.47
165800	0.47	0.45	0.45	0	0	0.47
165900	0.47	0.45	0.45	0	0	0.47
166000	0.47	0.45	0.45	0	0	0.47
166100	0.47	0.45	0.45	0	0	0.47
166200	0.47	0.45	0.45	0	0	0.47
166300	0.48	0.45	0.45	0	0	0.48
166400	0.48	0.45	0.45	0	0	0.48
166500	0.48	0.45	0.45	0	0	0.48
166600	0.48	0.45	0.45	0	0	0.48
166700	0.48	0.45	0.45	0	0	0.48
166800	0.48	0.45	0.45	0	0	0.48
166900	0.48	0.45	0.45	0	0	0.48
167000	0.47	0.45	0.45	0	0	0.47
167100	0.47	0.45	0.45	0	0	0.47
167200	0.46	0.45	0.45	0	0	0.46
167300	0.46	0.45	0.45	0	0	0.46
167400	0.46	0.45	0.45	0	0	0.46
167500	0.46	0.45	0.45	0	0	0.46
167600	0.46	0.45	0.45	0	0	0.46
167700	0.46	0.45	0.45	0	0	0.46
167800	0.46	0.45	0.45	0	0	0.46
167900	0.46	0.45	0.45	0	0	0.46
168000	0.46	0.45	0.45	0	0	0.46
168100	0.46	0.45	0.45	0	0	0.46
168200	0.47	0.45	0.45	0	0	0.47
168300	0.47	0.45	0.45	0	0	0.47
168400	0.47	0.45	0.45	0	0	0.47
168500	0.47	0.45	0.45	0	0	0.47
168600	0.47	0.45	0.45	0	0	0.47
168700	0.47	0.45	0.45	0	0	0.47
168800	0.47	0.45	0.45	0	0	0.47
168900	0.47	0.45	0.45	0	0	0.47
169000	0.47	0.45	0.45	0	0	0.47
169100	0.47	0.45	0.45	0	0	0.47
169200	0.47	0.45	0.45	0	0	0.47
169300	0.47	0.45	0.45	0	0	0.47
169400	0.46	0.45	0.45	0	0	0.46
169500	0.46	0.45	0.45	0	0	0.46
169600	0.46	0.45	0.45	0	0	0.46
169700	0.46	0.45	0.45	0	0	0.46
169800	0.46	0.46	0.46	0	0	0.46
169900	0.46	0.46	0.46	0	0	0.46
170000	0.46	0.45	0.45	0	0	0.46
170100	0.46	0.44	0.44	0	0	0.46
170200	0.46	0.44	0.44	0	0	0.46
170300	0.46	0.44	0.44	0	0	0.46
170400	0.46	0.44	0.44	0	0	0.46
170500	0.46	0.44	0.44	0	0	0.46
170600	0.46	0.44	0.44	0	0	0.46
170700	0.46	0.44	0.44	0	0	0.46
170800	0.46	0.44	0.44	0	0	0.46
170900	0.46	0.44	0.44	0	0	0.46
171000	0.46	0.44	0.44	0	0	0.46
171100	0.46	0.44	0.44	0	0	0.46
171200	0.46	0.44	0.44	0	0	0.46
171300	0.47	0.44	0.44	0	0	0.47
171400	0.46	0.44	0.44	0	0	0.46
171500	0.46	0.44	0.44	0	0	0.46
171600	0.46	0.45	0.45	0	0	0.46
171700	0.46	0.47	0.47	0	0	0.46
171800	0.46	0.45	0.45	0	0	0.46
171900	0.46	0.45	0.45	0	0	0.46
172000	0.46	0.44	0.44	0	0	0.46
172100	0.46	0.44	0.44	0	0	0.46
172200	0.46	0.44	0.44	0	0	0.46
172300	0.46	0.44	0.44	0	0	0.46
172400	0.46	0.44	0.44	0	0	0.46
172500	0.46	0.44	0.44	0	0	0.46
172600	0.46	0.44	0.44	0	0	0.46
172700	0.46	0.44	0.44	0	0	0.46
172800	0.46	0.44	0.44	0	0	0.46
172900	0.46	0.44	0.44	0	0	0.46
173000	0.46	0.44	0.44	0	0	0.46
173100	0.46	0.44	0.44	0	0	0.46
173200	0.46	0.44	0.44	0	0	0.46
173300	0.46	0.44	0.44	0	0	0.46
173400	0.46	0.44	0.44	0	0	0.46
173500	0.46	0.44	0.44	0	0	0.46
173600	0.46	0.45	0.45	0	0	0.46
173700	0.46	0.45	0.45	0	0	0.46
173800	0.46	0.45	0.45	0	0	0.46
173900	0.46	0.45	0.45	0	0	0.46
174000	0.46	0.45	0.45	0	0	0.46
174100	0.46	0.46	0.46	0	0	0.46
174200	0.46	0.46	0.46	0	0	0.46
174300	0.46	0.46	0.46	0	0	0.46
174400	0.46	0.46	0.46	0	0	0.46
174500	0.46	0.46	0.46	0	0	0.46
174600	0.46	0.46	0.46	0	0	0.46
174700	0.46	0.46	0.46	0	0	0.46
174800	0.46	0.46	0.46	0	0	0.46
174900	0.46	0.46	0.46	0	0	0.46
175000	0.46	0.46	0.46	0	0	0.46
175100	0.46	0.46	0.46	0	0	0.46
175200	0.46	0.46	0.46	0	0	0.46
175300	0.46	0.46	0.46	0	0	0.46
175400	0.46	0.46	0.46	0	0	0.46
175500	0.46	0.46	0.46	0	0	0.46
175600	0.46	0.46	0.46	0	0	0.46
175700	0.46	0.46	0.46	0	0	0.46
175800	0.46	0.46	0.46	0	0	0.46
175900	0.46	0.46	0.46	0	0	0.46
176000	0.46	0.46	0.46	0	0	0.46
176100	0.46	0.46	0.46	0	0	0.46
176200	0.46	0.46	0.46	0	0	0.46
176300	0.46	0.46	0.46	0	0	0.46
176400	0.46	0.46	0.46	0	0	0.46
176500	0.46	0.46	0.46	0	0	0.46
176600	0.46	0.46	0.46	0	0	0.46
176700	0.46	0.46	0.46	0	0	0.46
176800	0.46	0.46	0.46	0	0	0.46
176900	0.46	0.46	0.46	0	0	0.46
177000	0.46	0.46	0.46	0	0	0.46
177100	0.46	0.46	0.46	0	0	0.46
177200	0.46	0.46	0.46	0	0	0.46
177300	0.46	0.46	0.46	0	0	0.46
177400	0.46	0.46	0.46	0	0	0.46
177500	0.46	0.46	0.46	0	0	0.46
177600	0.46	0.46	0.46	0	0	0.46
177700	0.46	0.46	0.46	0	0	0.46
177800	0.46	0.46	0.46	0	0	0.46
177900	0.46	0.46	0.46	0	0	0.46
178000	0.46	0.46	0.46	0	0	0.46
178100	0.46	0.46	0.46	0	0	0.46
178200	0.46	0.46	0.46	0	0	0.46
178300	0.46	0.46	0.46	0	0	0.46
178400	0.46	0.46	0.46	0	0	0.46
178500	0.46	0.46	0.46	0	0	0.46
178600	0.46	0.46	0.46	0	0	0.46
178700	0.46	0.47	0.47	0	0	0.46
178800	0.46	0.47	0.47	0	0	0.46
178900	0.46	0.46	0.46	0	0	0.46
179000	0.46	0.46	0.46	0	0	0.46
179100	0.46	0.46	0.46	0	0	0.46
179200	0.46	0.46	0.46	0	0	0.46
179300	0.46	0.46	0.46	0	0	0.46
179400	0.46	0.46	0.46	0	0	0.46
179500	0.46	0.46	0.46	0	0	0.46
179600	0.46	0.46	0.46	0	0	0.46
179700	0.46	0.46	0.46	0	0	0.46
179800	0.46	0.46	0.46	0	0	0.46
179900	0.47	0.46	0.46	0	0	0.47
180000	0.47	0.46	0.46	0	0	0.47
180100	0.47	0.46	0.46	0	0	0.47
180200	0.47	0.46	0.46	0	0	0.47
180300	0.47	0.46	0.46	0	0	0.47
180400	0.47	0.46	0.46	0	0	0.47
180500	0.47	0.46	0.46	0	0	0.47
180600	0.47	0.46	0.46	0	0	0.47
180700	0.47	0.46	0.46	0	0	0.47
180800	0.47	0.46	0.46	0	0	0.47
180900	0.47	0.46	0.46	0	0	0.47
181000	0.47	0.46	0.46	0	0	0.47
181100	0.47	0.46	0.46	0	0	0.47
181200	0.47	0.46	0.46	0	0	0.47
181300	0.47	0.46	0.46	0	0	0.47
181400	0.47	0.46	0.46	0	0	0.47
181500	0.47	0.46	0.46	0	0	0.47
181600	0.47	0.46	0.46	0	0	0.47
181700	0.47	0.46	0.46	0	0	0.47
181800	0.47	0.46	0.46	0	0	0.47
181900	0.47	0.46	0.46	0	0	0.47
182000	0.47	0.46	0.46	0	0	0.47
182100	0.47	0.46	0.46	0	0	0.47
182200	0.47	0.46	0.46	0	0	0.47
182300	0.47	0.46	0.46	0	0	0.47
182400	0.47	0.46	0.46	0	0	0.47
182500	0.47	0.46	0.46	0	0	0.47
182600	0.47	0.46	0.46	0	0	0.47
182700	0.47	0.46	0.46	0	0	0.47
182800	0.47	0.46	0.46	0	0	0.47
182900	0.47	0.46	0.46	0	0	0.47
183000	0.47	0.46	0.46	0	0	0.47
183100	0.47	0.46	0.46	0	0	0.47
183200	0.47	0.46	0.46	0	0	0.47
183300	0.47	0.46	0.46	0	0	0.47
183400	0.47	0.47	0.47	0	0	0.47
183500	0.47	0.46	0.46	0	0	0.47
183600	0.47	0.46	0.46	0	0	0.47
183700	0.47	0.46	0.46	0	0	0.47
183800	0.47	0.46	0.46	0	0	0.47
183900	0.47	0.46	0.46	0	0	0.47
184000	0.47	0.46	0.46	0	0	0.47
184100	0.47	0.46	0.46	0	0	0.47
184200	0.47	0.46	0.46	0	0	0.47
184300	0.47	0.46	0.46	0	0	0.47
184400	0.47	0.46	0.46	0	0	0.47
184500	0.47	0.46	0.46	0	0	0.47
184600	0.47	0.46	0.46	0	0	0.47
184700	0.47	0.46	0.46	0	0	0.47
184800	0.47	0.46	0.46	0	0	0.47
184900	0.47	0.46	0.46	0	0	0.47
185000	0.47	0.47	0.47	0	0	0.47
185100	0.47	0.46	0.46	0	0	0.47
185200	0.47	0.47	0.47	0	0	0.47
185300	0.47	0.47	0.47	0	0	0.47
185400	0.47	0.47	0.47	0	0	0.47
185500	0.47	0.47	0.47	0	0	0.47
185600	0.47	0.47	0.47	0	0	0.47
185700	0.47	0.47	0.47	0	0	0.47
185800	0.47	0.47	0.47	0	0	0.47
185900	0.47	0.47	0.47	0	0	0.47
186000	0.47	0.47	0.47	0	0	0.47
186100	0.47	0.47	0.47	0	0	0.47
186200	0.47	0.47	0.47	0	0	0.47
186300	0.47	0.47	0.47	0	0	0.47
186400	0.47	0.47	0.47	0	0	0.47
186500	0.47	0.47	0.47	0	0	0.47
186600	0.47	0.47	0.47	0	0	0.47
186700	0.47	0.47	0.47	0	0	0.47
186800	0.47	0.47	0.47	0	0	0.47
186900	0.47	0.47	0.47	0	0	0.47
187000	0.48	0.47	0.47	0	0	0.48
187100	0.48	0.47	0.47	0	0	0.48
187200	0.48	0.47	0.47	0	0	0.48
187300	0.48	0.47	0.47	0	0	0.48
187400	0.48	0.47	0.47	0	0	0.48
187500	0.48	0.47	0.47	0	0	0.48
187600	0.48	0.47	0.47	0	0	0.48
187700	0.48	0.47	0.47	0	0	0.48
187800	0.48	0.47	0.47	0	0	0.48
187900	0.48	0.47	0.47	0	0	0.48
188000	0.48	0.47	0.47	0	0	0.48
188100	0.47	0.47	0.47	0	0	0.47
188200	0.47	0.47	0.47	0	0	0.47
188300	0.47	0.47	0.47	0	0	0.47
188400	0.47	0.47	0.47	0	0	0.47
188500	0.47	0.47	0.47	0	0	0.47
188600	0.46	0.47	0.47	0	0	0.46
188700	0.46	0.47	0.47	0	0	0.46
188800	0.46	0.47	0.47	0	0	0.46
188900	0.46	0.47	0.47	0	0	0.46
189000	0.46	0.47	0.47	0	0	0.46
189100	0.46	0.47	0.47	0	0	0.46
189200	0.45	0.47	0.47	0	0	0.45
189300	0.45	0.47	0.47	0	0	0.45
189400	0.45	0.47	0.47	0	0	0.45
189500	0.45	0.47	0.47	0	0	0.45
189600	0.46	0.47	0.47	0	0	0.46
189700	0.46	0.47	0.47	0	0	0.46
189800	0.46	0.47	0.47	0	0	0.46
189900	0.46	0.47	0.47	0	0	0.46
190000	0.46	0.47	0.47	0	0	0.46
190100	0.46	0.47	0.47	0	0	0.46
190200	0.46	0.47	0.47	0	0	0.46
190300	0.46	0.47	0.47	0	0	0.46
190400	0.45	0.47	0.47	0	0	0.45
190500	0.45	0.47	0.47	0	0	0.45
190600	0.45	0.46	0.46	0	0	0.45
190700	0.45	0.46	0.46	0	0	0.45
190800	0.45	0.46	0.46	0	0	0.45
190900	0.45	0.46	0.46	0	0	0.45
191000	0.45	0.46	0.46	0	0	0.45
191100	0.45	0.46	0.46	0	0	0.45
191200	0.46	0.46	0.46	0	0	0.46
191300	0.45	0.46	0.46	0	0	0.45
191400	0.45	0.46	0.46	0	0	0.45
191500	0.45	0.46	0.46	0	0	0.45
191600	0.45	0.46	0.46	0	0	0.45
191700	0.45	0.46	0.46	0	0	0.45
191800	0.45	0.46	0.46	0	0	0.45
191900	0.45	0.46	0.46	0	0	0.45
192000	0.45	0.46	0.46	0	0	0.45
192100	0.45	0.46	0.46	0	0	0.45
192200	0.45	0.46	0.46	0	0	0.45
192300	0.45	0.46	0.46	0	0	0.45
192400	0.45	0.46	0.46	0	0	0.45
192500	0.45	0.46	0.46	0	0	0.45
192600	0.45	0.46	0.46	0	0	0.45
192700	0.45	0.46	0.46	0	0	0.45
192800	0.45	0.46	0.46	0	0	0.45
192900	0.45	0.46	0.46	0	0	0.45
193000	0.45	0.46	0.46	0	0	0.45
193100	0.45	0.46	0.46	0	0	0.45
193200	0.45	0.46	0.46	0	0	0.45
193300	0.45	0.46	0.46	0	0	0.45
193400	0.45	0.46	0.46	0	0	0.45
193500	0.45	0.46	0.46	0	0	0.45
193600	0.45	0.46	0.46	0	0	0.45
193700	0.45	0.46	0.46	0	0	0.45
193800	0.45	0.47	0.47	0	0	0.45
193900	0.45	0.47	0.47	0	0	0.45
194000	0.45	0.47	0.47	0	0	0.45
194100	0.45	0.47	0.47	0	0	0.45
194200	0.45	0.47	0.47	0	0	0.45
194300	0.45	0.47	0.47	0	0	0.45
194400	0.45	0.47	0.47	0	0	0.45
194500	0.45	0.47	0.47	0	0	0.45
194600	0.45	0.47	0.47	0	0	0.45
194700	0.45	0.47	0.47	0	0	0.45
194800	0.45	0.47	0.47	0	0	0.45
194900	0.45	0.47	0.47	0	0	0.45
195000	0.45	0.47	0.47	0	0	0.45
195100	0.45	0.47	0.47	0	0	0.45
195200	0.45	0.47	0.47	0	0	0.45
195300	0.45	0.47	0.47	0	0	0.45
195400	0.45	0.47	0.47	0	0	0.45
195500	0.45	0.48	0.48	0	0	0.45
195600	0.45	0.47	0.47	0	0	0.45
195700	0.45	0.47	0.47	0	0	0.45
195800	0.45	0.47	0.47	0	0	0.45
195900	0.45	0.46	0.46	0	0	0.45
196000	0.45	0.47	0.47	0	0	0.45
196100	0.45	0.47	0.47	0	0	0.45
196200	0.45	0.47	0.47	0	0	0.45
196300	0.45	0.47	0.47	0	0	0.45
196400	0.45	0.47	0.47	0	0	0.45
196500	0.45	0.46	0.46	0	0	0.45
196600	0.45	0.46	0.46	0	0	0.45
196700	0.45	0.46	0.46	0	0	0.45
196800	0.45	0.46	0.46	0	0	0.45
196900	0.45	0.46	0.46	0	0	0.45
197000	0.45	0.46	0.46	0	0	0.45
197100	0.45	0.46	0.46	0	0	0.45
197200	0.45	0.46	0.46	0	0	0.45
197300	0.45	0.46	0.46	0	0	0.45
197400	0.45	0.46	0.46	0	0	0.45
197500	0.45	0.46	0.46	0	0	0.45
197600	0.45	0.46	0.46	0	0	0.45
197700	0.45	0.46	0.46	0	0	0.45
197800	0.45	0.46	0.46	0	0	0.45
197900	0.46	0.46	0.46	0	0	0.46
198000	0.46	0.46	0.46	0	0	0.46
198100	0.46	0.46	0.46	0	0	0.46
198200	0.45	0.46	0.46	0	0	0.45
198300	0.45	0.47	0.47	0	0	0.45
198400	0.45	0.47	0.47	0	0	0.45
198500	0.45	0.47	0.47	0	0	0.45
198600	0.45	0.47	0.47	0	0	0.45
198700	0.45	0.47	0.47	0	0	0.45
198800	0.45	0.47	0.47	0	0	0.45
198900	0.45	0.47	0.47	0	0	0.45
199000	0.45	0.47	0.47	0	0	0.45
199100	0.45	0.47	0.47	0	0	0.45
199200	0.45	0.47	0.47	0	0	0.45
199300	0.45	0.47	0.47	0	0	0.45
199400	0.46	0.47	0.47	0	0	0.46
199500	0.45	0.47	0.47	0	0	0.45
199600	0.45	0.47	0.47	0	0	0.45
199700	0.45	0.47	0.47	0	0	0.45
199800	0.45	0.47	0.47	0	0	0.45
199900	0.45	0.47	0.47	0	0	0.45
200000	0.45	0.47	0.47	0	0	0.45
200100	0.45	0.47	0.47	0	0	0.45
200200	0.45	0.47	0.47	0	0	0.45
200300	0.45	0.47	0.47	0	0	0.45
200400	0.45	0.48	0.48	0	0	0.45
200500	0.45	0.48	0.48	0	0	0.45
200600	0.45	0.48	0.48	0	0	0.45
200700	0.45	0.48	0.48	0	0	0.45
200800	0.45	0.48	0.48	0	0	0.45
200900	0.45	0.48	0.48	0	0	0.45
201000	0.45	0.48	0.48	0	0	0.45
201100	0.45	0.48	0.48	0	0	0.45
201200	0.45	0.48	0.48	0	0	0.45
201300	0.45	0.48	0.48	0	0	0.45
201400	0.45	0.48	0.48	0	0	0.45
201500	0.46	0.48	0.48	0	0	0.46
201600	0.46	0.48	0.48	0	0	0.46
201700	0.46	0.48	0.48	0	0	0.46
201800	0.47	0.48	0.48	0	0	0.47
201900	0.46	0.48	0.48	0	0	0.46
202000	0.46	0.47	0.47	0	0	0.46
202100	0.46	0.47	0.47	0	0	0.46
202200	0.46	0.47	0.47	0	0	0.46
202300	0.47	0.47	0.47	0	0	0.47
202400	0.47	0.47	0.47	0	0	0.47
202500	0.47	0.47	0.47	0	0	0.47
202600	0.47	0.47	0.47	0	0	0.47
202700	0.47	0.47	0.47	0	0	0.47
202800	0.47	0.47	0.47	0	0	0.47
202900	0.47	0.47	0.47	0	0	0.47
203000	0.47	0.47	0.47	0	0	0.47
203100	0.47	0.47	0.47	0	0	0.47
203200	0.47	0.47	0.47	0	0	0.47
203300	0.47	0.47	0.47	0	0	0.47
203400	0.47	0.47	0.47	0	0	0.47
203500	0.47	0.47	0.47	0	0	0.47
203600	0.47	0.47	0.47	0	0	0.47
203700	0.47	0.47	0.47	0	0	0.47
203800	0.47	0.47	0.47	0	0	0.47
203900	0.47	0.47	0.47	0	0	0.47
204000	0.47	0.47	0.47	0	0	0.47
204100	0.47	0.47	0.47	0	0	0.47
204200	0.47	0.47	0.47	0	0	0.47
204300	0.47	0.47	0.47	0	0	0.47
204400	0.47	0.47	0.47	0	0	0.47
204500	0.47	0.47	0.47	0	0	0.47
204600	0.47	0.47	0.47	0	0	0.47
204700	0.48	0.47	0.47	0	0	0.48
204800	0.48	0.47	0.47	0	0	0.48
204900	0.48	0.47	0.47	0	0	0.48
205000	0.48	0.47	0.47	0	0	0.48
205100	0.48	0.47	0.47	0	0	0.48
205200	0.48	0.47	0.47	0	0	0.48
205300	0.48	0.47	0.47	0	0	0.48
205400	0.48	0.47	0.47	0	0	0.48
205500	0.48	0.47	0.47	0	0	0.48
205600	0.48	0.47	0.47	0	0	0.48
205700	0.48	0.47	0.47	0	0	0.48
205800	0.48	0.47	0.47	0	0	0.48
205900	0.48	0.47	0.47	0	0	0.48
206000	0.48	0.47	0.47	0	0	0.48
206100	0.48	0.47	0.47	0	0	0.48
206200	0.48	0.47	0.47	0	0	0.48
206300	0.48	0.47	0.47	0	0	0.48
206400	0.48	0.47	0.47	0	0	0.48
206500	0.47	0.47	0.47	0	0	0.47
206600	0.47	0.47	0.47	0	0	0.47
206700	0.47	0.47	0.47	0	0	0.47
206800	0.47	0.47	0.47	0	0	0.47
206900	0.47	0.47	0.47	0	0	0.47
207000	0.47	0.47	0.47	0	0	0.47
207100	0.47	0.47	0.47	0	0	0.47
207200	0.47	0.47	0.47	0	0	0.47
207300	0.47	0.47	0.47	0	0	0.47
207400	0.47	0.47	0.47	0	0	0.47
207500	0.47	0.47	0.47	0	0	0.47
207600	0.47	0.47	0.47	0	0	0.47
207700	0.46	0.47	0.47	0	0	0.46
207800	0.46	0.47	0.47	0	0	0.46
207900	0.46	0.47	0.47	0	0	0.46
208000	0.46	0.47	0.47	0	0	0.46
208100	0.46	0.47	0.47	0	0	0.46
208200	0.46	0.47	0.47	0	0	0.46
208300	0.46	0.47	0.47	0	0	0.46
208400	0.46	0.47	0.47	0	0	0.46
208500	0.46	0.47	0.47	0	0	0.46
208600	0.46	0.47	0.47	0	0	0.46
208700	0.46	0.47	0.47	0	0	0.46
208800	0.45	0.47	0.47	0	0	0.45
208900	0.45	0.47	0.47	0	0	0.45
209000	0.45	0.47	0.47	0	0	0.45
209100	0.45	0.47	0.47	0	0	0.45
209200	0.45	0.47	0.47	0	0	0.45
209300	0.45	0.47	0.47	0	0	0.45
209400	0.46	0.47	0.47	0	0	0.46
209500	0.46	0.47	0.47	0	0	0.46
209600	0.46	0.47	0.47	0	0	0.46
209700	0.46	0.47	0.47	0	0	0.46
209800	0.46	0.47	0.47	0	0	0.46
209900	0.46	0.47	0.47	0	0	0.46
210000	0.46	0.47	0.47	0	0	0.46
210100	0.46	0.47	0.47	0	0	0.46
210200	0.46	0.47	0.47	0	0	0.46
210300	0.46	0.47	0.47	0	0	0.46
210400	0.46	0.47	0.47	0	0	0.46
210500	0.46	0.47	0.47	0	0	0.46
210600	0.46	0.47	0.47	0	0	0.46
210700	0.46	0.47	0.47	0	0	0.46
210800	0.46	0.47	0.47	0	0	0.46
210900	0.46	0.48	0.48	0	0	0.46
211000	0.46	0.48	0.48	0	0	0.46
211100	0.46	0.48	0.48	0	0	0.46
211200	0.46	0.48	0.48	0	0	0.46
211300	0.46	0.48	0.48	0	0	0.46
211400	0.46	0.49	0.49	0	0	0.46
211500	0.46	0.49	0.49	0	0	0.46
211600	0.46	0.49	0.49	0	0	0.46
211700	0.46	0.49	0.49	0	0	0.46
211800	0.46	0.49	0.49	0	0	0.46
211900	0.46	0.49	0.49	0	0	0.46
212000	0.46	0.49	0.49	0	0	0.46
212100	0.46	0.49	0.49	0	0	0.46
212200	0.46	0.49	0.49	0	0	0.46
212300	0.46	0.48	0.48	0	0	0.46
212400	0.46	0.48	0.48	0	0	0.46
212500	0.45	0.48	0.48	0	0	0.45
212600	0.45	0.48	0.48	0	0	0.45
212700	0.45	0.48	0.48	0	0	0.45
212800	0.45	0.48	0.48	0	0	0.45
212900	0.45	0.48	0.48	0	0	0.45
213000	0.45	0.48	0.48	0	0	0.45
213100	0.45	0.48	0.48	0	0	0.45
213200	0.45	0.48	0.48	0	0	0.45
213300	0.45	0.48	0.48	0	0	0.45
213400	0.45	0.48	0.48	0	0	0.45
213500	0.45	0.48	0.48	0	0	0.45
213600	0.45	0.48	0.48	0	0	0.45
213700	0.45	0.48	0.48	0	0	0.45
213800	0.45	0.48	0.48	0	0	0.45
213900	0.45	0.48	0.48	0	0	0.45
214000	0.45	0.48	0.48	0	0	0.45
214100	0.45	0.48	0.48	0	0	0.45
214200	0.45	0.48	0.48	0	0	0.45
214300	0.45	0.48	0.48	0	0	0.45
214400	0.45	0.48	0.48	0	0	0.45
214500	0.45	0.48	0.48	0	0	0.45
214600	0.45	0.48	0.48	0	0	0.45
214700	0.45	0.48	0.48	0	0	0.45
214800	0.45	0.48	0.48	0	0	0.45
214900	0.44	0.48	0.48	0	0	0.44
215000	0.45	0.48	0.48	0	0	0.45
215100	0.44	0.48	0.48	0	0	0.44
215200	0.44	0.48	0.48	0	0	0.44
215300	0.44	0.48	0.48	0	0	0.44
215400	0.44	0.48	0.48	0	0	0.44
215500	0.44	0.48	0.48	0	0	0.44
215600	0.44	0.48	0.48	0	0	0.44
215700	0.44	0.48	0.48	0	0	0.44
215800	0.44	0.48	0.48	0	0	0.44
215900	0.44	0.48	0.48	0	0	0.44
216000	0.44	0.48	0.48	0	0	0.44
216100	0.44	0.48	0.48	0	0	0.44
216200	0.44	0.48	0.48	0	0	0.44
216300	0.44	0.48	0.48	0	0	0.44
216400	0.44	0.48	0.48	0	0	0.44
216500	0.44	0.48	0.48	0	0	0.44
216600	0.44	0.48	0.48	0	0	0.44
216700	0.44	0.48	0.48	0	0	0.44
216800	0.44	0.48	0.48	0	0	0.44
216900	0.45	0.48	0.48	0	0	0.45
217000	0.45	0.48	0.48	0	0	0.45
217100	0.45	0.48	0.48	0	0	0.45
217200	0.45	0.48	0.48	0	0	0.45
217300	0.45	0.48	0.48	0	0	0.45
217400	0.45	0.48	0.48	0	0	0.45
217500	0.45	0.48	0.48	0	0	0.45
217600	0.45	0.48	0.48	0	0	0.45
217700	0.45	0.48	0.48	0	0	0.45
217800	0.45	0.48	0.48	0	0	0.45
217900	0.45	0.48	0.48	0	0	0.45
218000	0.45	0.48	0.48	0	0	0.45
218100	0.45	0.48	0.48	0	0	0.45
218200	0.45	0.48	0.48	0	0	0.45
218300	0.45	0.48	0.48	0	0	0.45
218400	0.45	0.48	0.48	0	0	0.45
218500	0.45	0.48	0.48	0	0	0.45
218600	0.45	0.48	0.48	0	0	0.45
218700	0.45	0.48	0.48	0	0	0.45
218800	0.45	0.48	0.48	0	0	0.45
218900	0.45	0.48	0.48	0	0	0.45
219000	0.45	0.48	0.48	0	0	0.45
219100	0.45	0.48	0.48	0	0	0.45
219200	0.45	0.48	0.48	0	0	0.45
219300	0.45	0.48	0.48	0	0	0.45
219400	0.45	0.48	0.48	0	0	0.45
219500	0.45	0.48	0.48	0	0	0.45
219600	0.46	0.48	0.48	0	0	0.46
219700	0.46	0.48	0.48	0	0	0.46
219800	0.46	0.48	0.48	0	0	0.46
219900	0.46	0.48	0.48	0	0	0.46
220000	0.46	0.48	0.48	0	0	0.46
220100	0.46	0.48	0.48	0	0	0.46
220200	0.46	0.48	0.48	0	0	0.46
220300	0.45	0.48	0.48	0	0	0.45
220400	0.45	0.48	0.48	0	0	0.45
220500	0.45	0.49	0.49	0	0	0.45
220600	0.45	0.48	0.48	0	0	0.45
220700	0.45	0.48	0.48	0	0	0.45
220800	0.45	0.48	0.48	0	0	0.45
220900	0.46	0.48	0.48	0	0	0.46
221000	0.46	0.48	0.48	0	0	0.46
221100	0.46	0.48	0.48	0	0	0.46
221200	0.45	0.48	0.48	0	0	0.45
221300	0.45	0.48	0.48	0	0	0.45
221400	0.45	0.48	0.48	0	0	0.45
221500	0.45	0.48	0.48	0	0	0.45
221600	0.45	0.48	0.48	0	0	0.45
221700	0.45	0.48	0.48	0	0	0.45
221800	0.45	0.48	0.48	0	0	0.45
221900	0.45	0.48	0.48	0	0	0.45
222000	0.45	0.48	0.48	0	0	0.45
222100	0.45	0.48	0.48	0	0	0.45
222200	0.45	0.48	0.48	0	0	0.45
222300	0.45	0.48	0.48	0	0	0.45
222400	0.44	0.48	0.48	0	0	0.44
222500	0.44	0.48	0.48	0	0	0.44
222600	0.44	0.48	0.48	0	0	0.44
222700	0.44	0.48	0.48	0	0	0.44
222800	0.44	0.48	0.48	0	0	0.44
222900	0.44	0.48	0.48	0	0	0.44
223000	0.44	0.49	0.49	0	0	0.44
223100	0.44	0.48	0.48	0	0	0.44
223200	0.44	0.48	0.48	0	0	0.44
223300	0.44	0.48	0.48	0	0	0.44
223400	0.44	0.48	0.48	0	0	0.44
223500	0.44	0.48	0.48	0	0	0.44
223600	0.44	0.48	0.48	0	0	0.44
223700	0.44	0.48	0.48	0	0	0.44
223800	0.44	0.48	0.48	0	0	0.44
223900	0.44	0.48	0.48	0	0	0.44
224000	0.44	0.48	0.48	0	0	0.44
224100	0.44	0.48	0.48	0	0	0.44
224200	0.44	0.48	0.48	0	0	0.44
224300	0.44	0.48	0.48	0	0	0.44
224400	0.44	0.48	0.48	0	0	0.44
224500	0.44	0.48	0.48	0	0	0.44
224600	0.44	0.48	0.48	0	0	0.44
224700	0.44	0.48	0.48	0	0	0.44
224800	0.44	0.48	0.48	0	0	0.44
224900	0.44	0.48	0.48	0	0	0.44
225000	0.44	0.48	0.48	0	0	0.44
225100	0.44	0.48	0.48	0	0	0.44
225200	0.44	0.48	0.48	0	0	0.44
225300	0.44	0.48	0.48	0	0	0.44
225400	0.44	0.48	0.48	0	0	0.44
225500	0.44	0.48	0.48	0	0	0.44
225600	0.44	0.48	0.48	0	0	0.44
225700	0.44	0.48	0.48	0	0	0.44
225800	0.44	0.48	0.48	0	0	0.44
225900	0.44	0.48	0.48	0	0	0.44
226000	0.44	0.48	0.48	0	0	0.44
226100	0.44	0.48	0.48	0	0	0.44
226200	0.44	0.48	0.48	0	0	0.44
226300	0.44	0.48	0.48	0	0	0.44
226400	0.44	0.48	0.48	0	0	0.44
226500	0.45	0.48	0.48	0	0	0.45
226600	0.45	0.48	0.48	0	0	0.45
226700	0.45	0.48	0.48	0	0	0.45
226800	0.45	0.49	0.49	0	0	0.45
226900	0.45	0.49	0.49	0	0	0.45
227000	0.45	0.49	0.49	0	0	0.45
227100	0.45	0.49	0.49	0	0	0.45
227200	0.45	0.49	0.49	0	0	0.45
227300	0.45	0.49	0.49	0	0	0.45
227400	0.45	0.49	0.49	0	0	0.45
227500	0.45	0.49	0.49	0	0	0.45
227600	0.45	0.49	0.49	0	0	0.45
227700	0.45	0.48	0.48	0	0	0.45
227800	0.45	0.48	0.48	0	0	0.45
227900	0.45	0.48	0.48	0	0	0.45
228000	0.46	0.48	0.48	0	0	0.46
228100	0.46	0.48	0.48	0	0	0.46
228200	0.46	0.48	0.48	0	0	0.46
228300	0.46	0.48	0.48	0	0	0.46
228400	0.46	0.48	0.48	0	0	0.46
228500	0.46	0.48	0.48	0	0	0.46
228600	0.46	0.48	0.48	0	0	0.46
228700	0.46	0.48	0.48	0	0	0.46
228800	0.46	0.48	0.48	0	0	0.46
228900	0.46	0.48	0.48	0	0	0.46
229000	0.46	0.48	0.48	0	0	0.46
229100	0.46	0.48	0.48	0	0	0.46
229200	0.46	0.48	0.48	0	0	0.46
229300	0.46	0.48	0.48	0	0	0.46
229400	0.46	0.48	0.48	0	0	0.46
229500	0.46	0.48	0.48	0	0	0.46
229600	0.46	0.48	0.48	0	0	0.46
229700	0.46	0.48	0.48	0	0	0.46
229800	0.46	0.48	0.48	0	0	0.46
229900	0.46	0.48	0.48	0	0	0.46
230000	0.46	0.48	0.48	0	0	0.46
230100	0.46	0.48	0.48	0	0	0.46
230200	0.46	0.48	0.48	0	0	0.46
230300	0.46	0.48	0.48	0	0	0.46
230400	0.46	0.48	0.48	0	0	0.46
230500	0.46	0.48	0.48	0	0	0.46
230600	0.46	0.48	0.48	0	0	0.46
230700	0.46	0.48	0.48	0	0	0.46
230800	0.46	0.48	0.48	0	0	0.46
230900	0.46	0.48	0.48	0	0	0.46
231000	0.46	0.48	0.48	0	0	0.46
231100	0.46	0.48	0.48	0	0	0.46
231200	0.46	0.48	0.48	0	0	0.46
231300	0.46	0.48	0.48	0	0	0.46
231400	0.46	0.48	0.48	0	0	0.46
231500	0.46	0.48	0.48	0	0	0.46
231600	0.46	0.48	0.48	0	0	0.46
231700	0.46	0.49	0.49	0	0	0.46
231800	0.46	0.48	0.48	0	0	0.46
231900	0.46	0.48	0.48	0	0	0.46
232000	0.46	0.48	0.48	0	0	0.46
232100	0.47	0.48	0.48	0	0	0.47
232200	0.47	0.48	0.48	0	0	0.47
232300	0.47	0.48	0.48	0	0	0.47
232400	0.47	0.48	0.48	0	0	0.47
232500	0.47	0.48	0.48	0	0	0.47
232600	0.47	0.48	0.48	0	0	0.47
232700	0.47	0.48	0.48	0	0	0.47
232800	0.47	0.48	0.48	0	0	0.47
232900	0.47	0.48	0.48	0	0	0.47
233000	0.47	0.48	0.48	0	0	0.47
233100	0.47	0.48	0.48	0	0	0.47
233200	0.46	0.48	0.48	0	0	0.46
233300	0.46	0.48	0.48	0	0	0.46
233400	0.46	0.48	0.48	0	0	0.46
233500	0.46	0.48	0.48	0	0	0.46
233600	0.46	0.48	0.48	0	0	0.46
233700	0.46	0.48	0.48	0	0	0.46
233800	0.46	0.48	0.48	0	0	0.46
233900	0.46	0.48	0.48	0	0	0.46
234000	0.46	0.48	0.48	0	0	0.46
234100	0.46	0.48	0.48	0	0	0.46
234200	0.46	0.48	0.48	0	0	0.46
234300	0.46	0.48	0.48	0	0	0.46
234400	0.46	0.48	0.48	0	0	0.46
234500	0.46	0.48	0.48	0	0	0.46
234600	0.46	0.48	0.48	0	0	0.46
234700	0.46	0.48	0.48	0	0	0.46
234800	0.46	0.48	0.48	0	0	0.46
234900	0.46	0.48	0.48	0	0	0.46
235000	0.45	0.48	0.48	0	0	0.45
235100	0.45	0.48	0.48	0	0	0.45
235200	0.45	0.48	0.48	0	0	0.45
235300	0.45	0.48	0.48	0	0	0.45
235400	0.45	0.48	0.48	0	0	0.45
235500	0.45	0.48	0.48	0	0	0.45
235600	0.45	0.48	0.48	0	0	0.45
235700	0.45	0.48	0.48	0	0	0.45
235800	0.45	0.48	0.48	0	0	0.45
235900	0.45	0.48	0.48	0	0	0.45
236000	0.45	0.48	0.48	0	0	0.45
236100	0.45	0.48	0.48	0	0	0.45
236200	0.45	0.48	0.48	0	0	0.45
236300	0.45	0.48	0.48	0	0	0.45
236400	0.45	0.48	0.48	0	0	0.45
236500	0.45	0.48	0.48	0	0	0.45
236600	0.45	0.48	0.48	0	0	0.45
236700	0.44	0.48	0.48	0	0	0.44
236800	0.44	0.48	0.48	0	0	0.44
236900	0.44	0.48	0.48	0	0	0.44
237000	0.45	0.48	0.48	0	0	0.45
237100	0.45	0.48	0.48	0	0	0.45
237200	0.45	0.48	0.48	0	0	0.45
237300	0.45	0.48	0.48	0	0	0.45
237400	0.45	0.48	0.48	0	0	0.45
237500	0.45	0.48	0.48	0	0	0.45
237600	0.45	0.48	0.48	0	0	0.45
237700	0.45	0.48	0.48	0	0	0.45
237800	0.45	0.48	0.48	0	0	0.45
237900	0.45	0.48	0.48	0	0	0.45
238000	0.45	0.48	0.48	0	0	0.45
238100	0.45	0.48	0.48	0	0	0.45
238200	0.45	0.49	0.49	0	0	0.45
238300	0.45	0.49	0.49	0	0	0.45
238400	0.45	0.49	0.49	0	0	0.45
238500	0.45	0.49	0.49	0	0	0.45
238600	0.45	0.49	0.49	0	0	0.45
238700	0.45	0.49	0.49	0	0	0.45
238800	0.45	0.49	0.49	0	0	0.45
238900	0.45	0.49	0.49	0	0	0.45
239000	0.45	0.49	0.49	0	0	0.45
239100	0.45	0.49	0.49	0	0	0.45
239200	0.45	0.49	0.49	0	0	0.45
239300	0.45	0.49	0.49	0	0	0.45
239400	0.45	0.49	0.49	0	0	0.45
239500	0.45	0.49	0.49	0	0	0.45
239600	0.45	0.49	0.49	0	0	0.45
239700	0.45	0.49	0.49	0	0	0.45
239800	0.45	0.49	0.49	0	0	0.45
239900	0.45	0.5	0.5	0	0	0.45
240000	0.45	0.49	0.49	0	0	0.45
240100	0.46	0.49	0.49	0	0	0.46
240200	0.46	0.49	0.49	0	0	0.46
240300	0.46	0.49	0.49	0	0	0.46
240400	0.46	0.49	0.49	0	0	0.46
240500	0.46	0.49	0.49	0	0	0.46
240600	0.46	0.49	0.49	0	0	0.46
240700	0.46	0.49	0.49	0	0	0.46
240800	0.46	0.49	0.49	0	0	0.46
240900	0.46	0.49	0.49	0	0	0.46
241000	0.46	0.49	0.49	0	0	0.46
241100	0.46	0.49	0.49	0	0	0.46
241200	0.46	0.49	0.49	0	0	0.46
241300	0.46	0.49	0.49	0	0	0.46
241400	0.46	0.49	0.49	0	0	0.46
241500	0.46	0.49	0.49	0	0	0.46
241600	0.46	0.49	0.49	0	0	0.46
241700	0.46	0.49	0.49	0	0	0.46
241800	0.46	0.49	0.49	0	0	0.46
241900	0.46	0.49	0.49	0	0	0.46
242000	0.46	0.49	0.49	0	0	0.46
242100	0.46	0.49	0.49	0	0	0.46
242200	0.46	0.49	0.49	0	0	0.46
242300	0.46	0.49	0.49	0	0	0.46
242400	0.46	0.49	0.49	0	0	0.46
242500	0.46	0.49	0.49	0	0	0.46
242600	0.46	0.49	0.49	0	0	0.46
242700	0.46	0.49	0.49	0	0	0.46
242800	0.46	0.49	0.49	0	0	0.46
242900	0.46	0.49	0.49	0	0	0.46
243000	0.46	0.49	0.49	0	0	0.46
243100	0.46	0.49	0.49	0	0	0.46
243200	0.46	0.49	0.49	0	0	0.46
243300	0.46	0.49	0.49	0	0	0.46
243400	0.46	0.49	0.49	0	0	0.46
243500	0.46	0.49	0.49	0	0	0.46
243600	0.46	0.49	0.49	0	0	0.46
243700	0.46	0.49	0.49	0	0	0.46
243800	0.46	0.49	0.49	0	0	0.46
243900	0.46	0.49	0.49	0	0	0.46
244000	0.46	0.49	0.49	0	0	0.46
244100	0.46	0.49	0.49	0	0	0.46
244200	0.46	0.49	0.49	0	0	0.46
244300	0.46	0.49	0.49	0	0	0.46
244400	0.46	0.49	0.49	0	0	0.46
244500	0.45	0.49	0.49	0	0	0.45
244600	0.45	0.49	0.49	0	0	0.45
244700	0.45	0.49	0.49	0	0	0.45
244800	0.45	0.49	0.49	0	0	0.45
244900	0.45	0.49	0.49	0	0	0.45
245000	0.45	0.49	0.49	0	0	0.45
245100	0.45	0.49	0.49	0	0	0.45
245200	0.45	0.49	0.49	0	0	0.45
245300	0.45	0.49	0.49	0	0	0.45
245400	0.45	0.49	0.49	0	0	0.45
245500	0.45	0.49	0.49	0	0	0.45
245600	0.45	0.49	0.49	0	0	0.45
245700	0.45	0.49	0.49	0	0	0.45
245800	0.45	0.49	0.49	0	0	0.45
245900	0.45	0.49	0.49	0	0	0.45
246000	0.45	0.49	0.49	0	0	0.45
246100	0.45	0.49	0.49	0	0	0.45
246200	0.45	0.49	0.49	0	0	0.45
246300	0.45	0.49	0.49	0	0	0.45
246400	0.45	0.49	0.49	0	0	0.45
246500	0.46	0.49	0.49	0	0	0.46
246600	0.46	0.49	0.49	0	0	0.46
246700	0.46	0.49	0.49	0	0	0.46
246800	0.46	0.49	0.49	0	0	0.46
246900	0.46	0.49	0.49	0	0	0.46
247000	0.47	0.49	0.49	0	0	0.47
247100	0.47	0.49	0.49	0	0	0.47
247200	0.47	0.49	0.49	0	0	0.47
247300	0.46	0.49	0.49	0	0	0.46
247400	0.46	0.49	0.49	0	0	0.46
247500	0.46	0.49	0.49	0	0	0.46
247600	0.45	0.49	0.49	0	0	0.45
247700	0.45	0.49	0.49	0	0	0.45
247800	0.45	0.49	0.49	0	0	0.45
247900	0.45	0.49	0.49	0	0	0.45
248000	0.45	0.49	0.49	0	0	0.45
248100	0.45	0.49	0.49	0	0	0.45
248200	0.45	0.49	0.49	0	0	0.45
248300	0.45	0.49	0.49	0	0	0.45
248400	0.45	0.49	0.49	0	0	0.45
248500	0.45	0.49	0.49	0	0	0.45
248600	0.45	0.49	0.49	0	0	0.45
248700	0.45	0.49	0.49	0	0	0.45
248800	0.45	0.49	0.49	0	0	0.45
248900	0.45	0.49	0.49	0	0	0.45
249000	0.45	0.49	0.49	0	0	0.45
249100	0.45	0.49	0.49	0	0	0.45
249200	0.45	0.49	0.49	0	0	0.45
249300	0.45	0.49	0.49	0	0	0.45
249400	0.45	0.49	0.49	0	0	0.45
249500	0.45	0.49	0.49	0	0	0.45
249600	0.45	0.49	0.49	0	0	0.45
249700	0.45	0.49	0.49	0	0	0.45
249800	0.45	0.49	0.49	0	0	0.45
249900	0.45	0.49	0.49	0	0	0.45
250000	0.45	0.49	0.49	0	0	0.45
250100	0.45	0.49	0.49	0	0	0.45
250200	0.45	0.49	0.49	0	0	0.45
250300	0.45	0.49	0.49	0	0	0.45
250400	0.45	0.49	0.49	0	0	0.45
250500	0.45	0.49	0.49	0	0	0.45
250600	0.45	0.49	0.49	0	0	0.45
250700	0.45	0.49	0.49	0	0	0.45
250800	0.45	0.49	0.49	0	0	0.45
250900	0.46	0.49	0.49	0	0	0.46
251000	0.46	0.49	0.49	0	0	0.46
251100	0.46	0.49	0.49	0	0	0.46
251200	0.46	0.48	0.48	0	0	0.46
251300	0.46	0.48	0.48	0	0	0.46
251400	0.46	0.48	0.48	0	0	0.46
251500	0.46	0.48	0.48	0	0	0.46
251600	0.46	0.48	0.48	0	0	0.46
251700	0.46	0.48	0.48	0	0	0.46
251800	0.46	0.48	0.48	0	0	0.46
251900	0.46	0.48	0.48	0	0	0.46
252000	0.46	0.48	0.48	0	0	0.46
252100	0.46	0.48	0.48	0	0	0.46
252200	0.46	0.48	0.48	0	0	0.46
252300	0.46	0.48	0.48	0	0	0.46
252400	0.46	0.48	0.48	0	0	0.46
252500	0.46	0.48	0.48	0	0	0.46
252600	0.46	0.48	0.48	0	0	0.46
252700	0.46	0.48	0.48	0	0	0.46
252800	0.46	0.48	0.48	0	0	0.46
252900	0.46	0.48	0.48	0	0	0.46
253000	0.46	0.48	0.48	0	0	0.46
253100	0.46	0.48	0.48	0	0	0.46
253200	0.46	0.48	0.48	0	0	0.46
253300	0.47	0.48	0.48	0	0	0.47
253400	0.46	0.48	0.48	0	0	0.46
253500	0.46	0.48	0.48	0	0	0.46
253600	0.46	0.48	0.48	0	0	0.46
253700	0.46	0.48	0.48	0	0	0.46
253800	0.46	0.48	0.48	0	0	0.46
253900	0.46	0.48	0.48	0	0	0.46
254000	0.46	0.48	0.48	0	0	0.46
254100	0.46	0.48	0.48	0	0	0.46
254200	0.46	0.48	0.48	0	0	0.46
254300	0.46	0.48	0.48	0	0	0.46
254400	0.47	0.48	0.48	0	0	0.47
254500	0.47	0.48	0.48	0	0	0.47
254600	0.47	0.48	0.48	0	0	0.47
254700	0.47	0.48	0.48	0	0	0.47
254800	0.47	0.48	0.48	0	0	0.47
254900	0.47	0.48	0.48	0	0	0.47
255000	0.47	0.48	0.48	0	0	0.47
255100	0.47	0.48	0.48	0	0	0.47
255200	0.47	0.48	0.48	0	0	0.47
255300	0.47	0.48	0.48	0	0	0.47
255400	0.47	0.48	0.48	0	0	0.47
255500	0.47	0.48	0.48	0	0	0.47
255600	0.47	0.48	0.48	0	0	0.47
255700	0.47	0.48	0.48	0	0	0.47
255800	0.47	0.48	0.48	0	0	0.47
255900	0.47	0.48	0.48	0	0	0.47
256000	0.47	0.48	0.48	0	0	0.47
256100	0.47	0.48	0.48	0	0	0.47
256200	0.47	0.48	0.48	0	0	0.47
256300	0.47	0.48	0.48	0	0	0.47
256400	0.47	0.48	0.48	0	0	0.47
256500	0.47	0.48	0.48	0	0	0.47
256600	0.47	0.48	0.48	0	0	0.47
256700	0.47	0.48	0.48	0	0	0.47
256800	0.47	0.48	0.48	0	0	0.47
256900	0.47	0.48	0.48	0	0	0.47
257000	0.47	0.48	0.48	0	0	0.47
257100	0.47	0.48	0.48	0	0	0.47
257200	0.47	0.48	0.48	0	0	0.47
257300	0.47	0.48	0.48	0	0	0.47
257400	0.47	0.48	0.48	0	0	0.47
257500	0.47	0.48	0.48	0	0	0.47
257600	0.47	0.48	0.48	0	0	0.47
257700	0.47	0.48	0.48	0	0	0.47
257800	0.47	0.48	0.48	0	0	0.47
257900	0.47	0.48	0.48	0	0	0.47
258000	0.47	0.48	0.48	0	0	0.47
258100	0.47	0.48	0.48	0	0	0.47
258200	0.47	0.48	0.48	0	0	0.47
258300	0.47	0.48	0.48	0	0	0.47
258400	0.47	0.48	0.48	0	0	0.47
258500	0.47	0.48	0.48	0	0	0.47
258600	0.47	0.48	0.48	0	0	0.47
258700	0.47	0.48	0.48	0	0	0.47
258800	0.47	0.48	0.48	0	0	0.47
258900	0.47	0.48	0.48	0	0	0.47
259000	0.47	0.48	0.48	0	0	0.47
259100	0.47	0.48	0.48	0	0	0.47
259200	0.47	0.48	0.48	0	0	0.47
259300	0.47	0.48	0.48	0	0	0.47
259400	0.47	0.48	0.48	0	0	0.47
259500	0.47	0.48	0.48	0	0	0.47
259600	0.47	0.48	0.48	0	0	0.47
259700	0.47	0.48	0.48	0	0	0.47
259800	0.47	0.48	0.48	0	0	0.47
259900	0.47	0.48	0.48	0	0	0.47
260000	0.47	0.48	0.48	0	0	0.47
260100	0.47	0.48	0.48	0	0	0.47
260200	0.47	0.48	0.48	0	0	0.47
260300	0.47	0.48	0.48	0	0	0.47
260400	0.47	0.48	0.48	0	0	0.47
260500	0.47	0.48	0.48	0	0	0.47
260600	0.47	0.48	0.48	0	0	0.47
260700	0.48	0.48	0.48	0	0	0.48
260800	0.47	0.48	0.48	0	0	0.47
260900	0.47	0.48	0.48	0	0	0.47
261000	0.47	0.48	0.48	0	0	0.47
261100	0.47	0.48	0.48	0	0	0.47
261200	0.47	0.48	0.48	0	0	0.47
261300	0.47	0.48	0.48	0	0	0.47
261400	0.47	0.48	0.48	0	0	0.47
261500	0.47	0.48	0.48	0	0	0.47
261600	0.47	0.48	0.48	0	0	0.47
261700	0.47	0.48	0.48	0	0	0.47
261800	0.47	0.48	0.48	0	0	0.47
261900	0.47	0.48	0.48	0	0	0.47
262000	0.47	0.48	0.48	0	0	0.47
262100	0.47	0.48	0.48	0	0	0.47
262200	0.47	0.48	0.48	0	0	0.47
262300	0.47	0.48	0.48	0	0	0.47
262400	0.47	0.48	0.48	0	0	0.47
262500	0.47	0.49	0.49	0	0	0.47
262600	0.47	0.48	0.48	0	0	0.47
262700	0.47	0.48	0.48	0	0	0.47
262800	0.47	0.48	0.48	0	0	0.47
262900	0.48	0.48	0.48	0	0	0.48
263000	0.48	0.48	0.48	0	0	0.48
263100	0.48	0.48	0.48	0	0	0.48
263200	0.48	0.48	0.48	0	0	0.48
263300	0.48	0.48	0.48	0	0	0.48
263400	0.48	0.48	0.48	0	0	0.48
263500	0.48	0.48	0.48	0	0	0.48
263600	0.48	0.48	0.48	0	0	0.48
263700	0.48	0.48	0.48	0	0	0.48
263800	0.48	0.48	0.48	0	0	0.48
263900	0.48	0.48	0.48	0	0	0.48
264000	0.48	0.48	0.48	0	0	0.48
264100	0.48	0.48	0.48	0	0	0.48
264200	0.48	0.48	0.48	0	0	0.48
264300	0.48	0.48	0.48	0	0	0.48
264400	0.48	0.48	0.48	0	0	0.48
264500	0.48	0.48	0.48	0	0	0.48
264600	0.48	0.48	0.48	0	0	0.48
264700	0.48	0.48	0.48	0	0	0.48
264800	0.48	0.48	0.48	0	0	0.48
264900	0.48	0.48	0.48	0	0	0.48
265000	0.48	0.48	0.48	0	0	0.48
265100	0.48	0.48	0.48	0	0	0.48
265200	0.48	0.48	0.48	0	0	0.48
265300	0.48	0.48	0.48	0	0	0.48
265400	0.48	0.48	0.48	0	0	0.48
265500	0.48	0.48	0.48	0	0	0.48
265600	0.48	0.48	0.48	0	0	0.48
265700	0.48	0.48	0.48	0	0	0.48
265800	0.48	0.48	0.48	0	0	0.48
265900	0.48	0.48	0.48	0	0	0.48
266000	0.48	0.48	0.48	0	0	0.48
266100	0.48	0.48	0.48	0	0	0.48
266200	0.48	0.48	0.48	0	0	0.48
266300	0.48	0.48	0.48	0	0	0.48
266400	0.48	0.48	0.48	0	0	0.48
266500	0.48	0.48	0.48	0	0	0.48
266600	0.48	0.48	0.48	0	0	0.48
266700	0.48	0.48	0.48	0	0	0.48
266800	0.48	0.49	0.49	0	0	0.48
266900	0.48	0.49	0.49	0	0	0.48
267000	0.48	0.49	0.49	0	0	0.48
267100	0.48	0.48	0.48	0	0	0.48
267200	0.48	0.48	0.48	0	0	0.48
267300	0.48	0.48	0.48	0	0	0.48
267400	0.47	0.48	0.48	0	0	0.47
267500	0.47	0.48	0.48	0	0	0.47
267600	0.47	0.48	0.48	0	0	0.47
267700	0.47	0.48	0.48	0	0	0.47
267800	0.47	0.48	0.48	0	0	0.47
267900	0.47	0.48	0.48	0	0	0.47
268000	0.47	0.48	0.48	0	0	0.47
268100	0.47	0.48	0.48	0	0	0.47
268200	0.47	0.48	0.48	0	0	0.47
268300	0.47	0.48	0.48	0	0	0.47
268400	0.47	0.48	0.48	0	0	0.47
268500	0.47	0.48	0.48	0	0	0.47
268600	0.47	0.48	0.48	0	0	0.47
268700	0.47	0.48	0.48	0	0	0.47
268800	0.47	0.48	0.48	0	0	0.47
268900	0.47	0.48	0.48	0	0	0.47
269000	0.47	0.48	0.48	0	0	0.47
269100	0.47	0.48	0.48	0	0	0.47
269200	0.47	0.48	0.48	0	0	0.47
269300	0.47	0.48	0.48	0	0	0.47
269400	0.47	0.48	0.48	0	0	0.47
269500	0.47	0.48	0.48	0	0	0.47
269600	0.47	0.48	0.48	0	0	0.47
269700	0.47	0.48	0.48	0	0	0.47
269800	0.48	0.48	0.48	0	0	0.48
269900	0.48	0.48	0.48	0	0	0.48
270000	0.48	0.48	0.48	0	0	0.48
270100	0.48	0.48	0.48	0	0	0.48
270200	0.48	0.48	0.48	0	0	0.48
270300	0.48	0.48	0.48	0	0	0.48
270400	0.48	0.48	0.48	0	0	0.48
270500	0.48	0.48	0.48	0	0	0.48
270600	0.48	0.48	0.48	0	0	0.48
270700	0.48	0.48	0.48	0	0	0.48
270800	0.48	0.48	0.48	0	0	0.48
270900	0.48	0.48	0.48	0	0	0.48
271000	0.48	0.48	0.48	0	0	0.48
271100	0.48	0.48	0.48	0	0	0.48
271200	0.48	0.48	0.48	0	0	0.48
271300	0.48	0.48	0.48	0	0	0.48
271400	0.48	0.48	0.48	0	0	0.48
271500	0.48	0.48	0.48	0	0	0.48
271600	0.48	0.48	0.48	0	0	0.48
271700	0.48	0.48	0.48	0	0	0.48
271800	0.48	0.48	0.48	0	0	0.48
271900	0.48	0.48	0.48	0	0	0.48
272000	0.48	0.48	0.48	0	0	0.48
272100	0.48	0.48	0.48	0	0	0.48
272200	0.48	0.48	0.48	0	0	0.48
272300	0.48	0.48	0.48	0	0	0.48
272400	0.49	0.48	0.48	0	0	0.49
272500	0.49	0.48	0.48	0	0	0.49
272600	0.49	0.48	0.48	0	0	0.49
272700	0.49	0.48	0.48	0	0	0.49
272800	0.49	0.48	0.48	0	0	0.49
272900	0.49	0.48	0.48	0	0	0.49
273000	0.49	0.48	0.48	0	0	0.49
273100	0.49	0.48	0.48	0	0	0.49
273200	0.49	0.48	0.48	0	0	0.49
273300	0.49	0.48	0.48	0	0	0.49
273400	0.49	0.48	0.48	0	0	0.49
273500	0.49	0.48	0.48	0	0	0.49
273600	0.48	0.48	0.48	0	0	0.48
273700	0.48	0.48	0.48	0	0	0.48
273800	0.48	0.48	0.48	0	0	0.48
273900	0.48	0.49	0.49	0	0	0.48
274000	0.47	0.48	0.48	0	0	0.47
274100	0.47	0.48	0.48	0	0	0.47
274200	0.47	0.48	0.48	0	0	0.47
274300	0.47	0.48	0.48	0	0	0.47
274400	0.47	0.48	0.48	0	0	0.47
274500	0.47	0.48	0.48	0	0	0.47
274600	0.47	0.48	0.48	0	0	0.47
274700	0.47	0.48	0.48	0	0	0.47
274800	0.47	0.48	0.48	0	0	0.47
274900	0.47	0.48	0.48	0	0	0.47
275000	0.47	0.49	0.49	0	0	0.47
275100	0.47	0.48	0.48	0	0	0.47
275200	0.47	0.48	0.48	0	0	0.47
275300	0.47	0.48	0.48	0	0	0.47
275400	0.47	0.48	0.48	0	0	0.47
275500	0.47	0.48	0.48	0	0	0.47
275600	0.47	0.48	0.48	0	0	0.47
275700	0.47	0.48	0.48	0	0	0.47
275800	0.48	0.48	0.48	0	0	0.48
275900	0.47	0.48	0.48	0	0	0.47
276000	0.47	0.48	0.48	0	0	0.47
276100	0.47	0.48	0.48	0	0	0.47
276200	0.47	0.48	0.48	0	0	0.47
276300	0.47	0.48	0.48	0	0	0.47
276400	0.47	0.48	0.48	0	0	0.47
276500	0.47	0.48	0.48	0	0	0.47
276600	0.47	0.48	0.48	0	0	0.47
276700	0.47	0.48	0.48	0	0	0.47
276800	0.47	0.48	0.48	0	0	0.47
276900	0.47	0.48	0.48	0	0	0.47
277000	0.47	0.48	0.48	0	0	0.47
277100	0.47	0.48	0.48	0	0	0.47
277200	0.47	0.48	0.48	0	0	0.47
277300	0.47	0.48	0.48	0	0	0.47
277400	0.47	0.48	0.48	0	0	0.47
277500	0.47	0.48	0.48	0	0	0.47
277600	0.47	0.48	0.48	0	0	0.47
277700	0.47	0.48	0.48	0	0	0.47
277800	0.47	0.48	0.48	0	0	0.47
277900	0.47	0.48	0.48	0	0	0.47
278000	0.47	0.48	0.48	0	0	0.47
278100	0.47	0.48	0.48	0	0	0.47
278200	0.47	0.48	0.48	0	0	0.47
278300	0.47	0.48	0.48	0	0	0.47
278400	0.47	0.48	0.48	0	0	0.47
278500	0.47	0.48	0.48	0	0	0.47
278600	0.47	0.48	0.48	0	0	0.47
278700	0.47	0.48	0.48	0	0	0.47
278800	0.47	0.48	0.48	0	0	0.47
278900	0.47	0.48	0.48	0	0	0.47
279000	0.47	0.48	0.48	0	0	0.47
279100	0.47	0.48	0.48	0	0	0.47
279200	0.46	0.48	0.48	0	0	0.46
279300	0.46	0.48	0.48	0	0	0.46
279400	0.46	0.48	0.48	0	0	0.46
279500	0.46	0.49	0.49	0	0	0.46
279600	0.46	0.49	0.49	0	0	0.46
279700	0.46	0.49	0.49	0	0	0.46
279800	0.46	0.49	0.49	0	0	0.46
279900	0.46	0.49	0.49	0	0	0.46
280000	0.46	0.49	0.49	0	0	0.46
280100	0.46	0.49	0.49	0	0	0.46
280200	0.46	0.49	0.49	0	0	0.46
280300	0.46	0.49	0.49	0	0	0.46
280400	0.46	0.49	0.49	0	0	0.46
280500	0.46	0.49	0.49	0	0	0.46
280600	0.46	0.49	0.49	0	0	0.46
280700	0.46	0.49	0.49	0	0	0.46
280800	0.46	0.49	0.49	0	0	0.46
280900	0.46	0.49	0.49	0	0	0.46
281000	0.46	0.49	0.49	0	0	0.46
281100	0.46	0.49	0.49	0	0	0.46
281200	0.46	0.49	0.49	0	0	0.46
281300	0.46	0.49	0.49	0	0	0.46
281400	0.46	0.49	0.49	0	0	0.46
281500	0.46	0.49	0.49	0	0	0.46
281600	0.46	0.49	0.49	0	0	0.46
281700	0.46	0.49	0.49	0	0	0.46
281800	0.46	0.49	0.49	0	0	0.46
281900	0.46	0.49	0.49	0	0	0.46
282000	0.46	0.49	0.49	0	0	0.46
282100	0.46	0.49	0.49	0	0	0.46
282200	0.46	0.49	0.49	0	0	0.46
282300	0.46	0.49	0.49	0	0	0.46
282400	0.46	0.49	0.49	0	0	0.46
282500	0.46	0.49	0.49	0	0	0.46
282600	0.46	0.49	0.49	0	0	0.46
282700	0.46	0.49	0.49	0	0	0.46
282800	0.46	0.49	0.49	0	0	0.46
282900	0.46	0.49	0.49	0	0	0.46
283000	0.46	0.49	0.49	0	0	0.46
283100	0.46	0.49	0.49	0	0	0.46
283200	0.46	0.49	0.49	0	0	0.46
283300	0.46	0.49	0.49	0	0	0.46
283400	0.46	0.49	0.49	0	0	0.46
283500	0.46	0.49	0.49	0	0	0.46
283600	0.46	0.49	0.49	0	0	0.46
283700	0.46	0.49	0.49	0	0	0.46
283800	0.46	0.49	0.49	0	0	0.46
283900	0.46	0.49	0.49	0	0	0.46
284000	0.46	0.49	0.49	0	0	0.46
284100	0.46	0.49	0.49	0	0	0.46
284200	0.46	0.49	0.49	0	0	0.46
284300	0.46	0.49	0.49	0	0	0.46
284400	0.46	0.49	0.49	0	0	0.46
284500	0.46	0.49	0.49	0	0	0.46
284600	0.46	0.49	0.49	0	0	0.46
284700	0.46	0.49	0.49	0	0	0.46
284800	0.46	0.49	0.49	0	0	0.46
284900	0.46	0.49	0.49	0	0	0.46
285000	0.46	0.49	0.49	0	0	0.46
285100	0.46	0.49	0.49	0	0	0.46
285200	0.46	0.49	0.49	0	0	0.46
285300	0.46	0.49	0.49	0	0	0.46
285400	0.46	0.49	0.49	0	0	0.46
285500	0.46	0.49	0.49	0	0	0.46
285600	0.46	0.49	0.49	0	0	0.46
285700	0.46	0.49	0.49	0	0	0.46
285800	0.46	0.49	0.49	0	0	0.46
285900	0.47	0.49	0.49	0	0	0.47
286000	0.47	0.49	0.49	0	0	0.47
286100	0.47	0.49	0.49	0	0	0.47
286200	0.47	0.49	0.49	0	0	0.47
286300	0.47	0.49	0.49	0	0	0.47
286400	0.47	0.49	0.49	0	0	0.47
286500	0.47	0.49	0.49	0	0	0.47
286600	0.47	0.49	0.49	0	0	0.47
286700	0.47	0.49	0.49	0	0	0.47
286800	0.47	0.49	0.49	0	0	0.47
286900	0.47	0.49	0.49	0	0	0.47
287000	0.47	0.49	0.49	0	0	0.47
287100	0.47	0.49	0.49	0	0	0.47
287200	0.47	0.49	0.49	0	0	0.47
287300	0.47	0.49	0.49	0	0	0.47
287400	0.47	0.49	0.49	0	0	0.47
287500	0.47	0.49	0.49	0	0	0.47
287600	0.47	0.49	0.49	0	0	0.47
287700	0.47	0.49	0.49	0	0	0.47
287800	0.47	0.49	0.49	0	0	0.47
287900	0.47	0.49	0.49	0	0	0.47
288000	0.47	0.49	0.49	0	0	0.47
288100	0.47	0.49	0.49	0	0	0.47
288200	0.47	0.49	0.49	0	0	0.47
288300	0.47	0.49	0.49	0	0	0.47
288400	0.47	0.49	0.49	0	0	0.47
288500	0.47	0.49	0.49	0	0	0.47
288600	0.47	0.49	0.49	0	0	0.47
288700	0.47	0.49	0.49	0	0	0.47
288800	0.47	0.49	0.49	0	0	0.47
288900	0.47	0.49	0.49	0	0	0.47
289000	0.47	0.49	0.49	0	0	0.47
289100	0.47	0.49	0.49	0	0	0.47
289200	0.47	0.49	0.49	0	0	0.47
289300	0.47	0.49	0.49	0	0	0.47
289400	0.47	0.49	0.49	0	0	0.47
289500	0.47	0.49	0.49	0	0	0.47
289600	0.47	0.49	0.49	0	0	0.47
289700	0.47	0.49	0.49	0	0	0.47
289800	0.47	0.49	0.49	0	0	0.47
289900	0.47	0.49	0.49	0	0	0.47
290000	0.47	0.49	0.49	0	0	0.47
290100	0.47	0.49	0.49	0	0	0.47
290200	0.47	0.49	0.49	0	0	0.47
290300	0.47	0.49	0.49	0	0	0.47
290400	0.47	0.49	0.49	0	0	0.47
290500	0.47	0.49	0.49	0	0	0.47
290600	0.47	0.49	0.49	0	0	0.47
290700	0.47	0.49	0.49	0	0	0.47
290800	0.47	0.49	0.49	0	0	0.47
290900	0.47	0.49	0.49	0	0	0.47
291000	0.47	0.49	0.49	0	0	0.47
291100	0.47	0.49	0.49	0	0	0.47
291200	0.47	0.49	0.49	0	0	0.47
291300	0.47	0.49	0.49	0	0	0.47
291400	0.47	0.49	0.49	0	0	0.47
291500	0.47	0.49	0.49	0	0	0.47
291600	0.47	0.49	0.49	0	0	0.47
291700	0.47	0.49	0.49	0	0	0.47
291800	0.47	0.49	0.49	0	0	0.47
291900	0.47	0.49	0.49	0	0	0.47
292000	0.47	0.49	0.49	0	0	0.47
292100	0.47	0.49	0.49	0	0	0.47
292200	0.47	0.49	0.49	0	0	0.47
292300	0.47	0.49	0.49	0	0	0.47
292400	0.47	0.49	0.49	0	0	0.47
292500	0.47	0.49	0.49	0	0	0.47
292600	0.47	0.49	0.49	0	0	0.47
292700	0.47	0.49	0.49	0	0	0.47
292800	0.47	0.49	0.49	0	0	0.47
292900	0.47	0.49	0.49	0	0	0.47
293000	0.47	0.49	0.49	0	0	0.47
293100	0.47	0.49	0.49	0	0	0.47
293200	0.47	0.49	0.49	0	0	0.47
293300	0.47	0.49	0.49	0	0	0.47
293400	0.47	0.49	0.49	0	0	0.47
293500	0.47	0.49	0.49	0	0	0.47
293600	0.47	0.49	0.49	0	0	0.47
293700	0.48	0.49	0.49	0	0	0.48
293800	0.47	0.49	0.49	0	0	0.47
293900	0.47	0.49	0.49	0	0	0.47
294000	0.47	0.49	0.49	0	0	0.47
294100	0.47	0.49	0.49	0	0	0.47
294200	0.47	0.49	0.49	0	0	0.47
294300	0.47	0.49	0.49	0	0	0.47
294400	0.47	0.49	0.49	0	0	0.47
294500	0.47	0.49	0.49	0	0	0.47
294600	0.47	0.49	0.49	0	0	0.47
294700	0.47	0.49	0.49	0	0	0.47
294800	0.47	0.49	0.49	0	0	0.47
294900	0.47	0.49	0.49	0	0	0.47
295000	0.47	0.49	0.49	0	0	0.47
295100	0.47	0.49	0.49	0	0	0.47
295200	0.47	0.49	0.49	0	0	0.47
295300	0.47	0.49	0.49	0	0	0.47
295400	0.47	0.49	0.49	0	0	0.47
295500	0.47	0.49	0.49	0	0	0.47
295600	0.47	0.49	0.49	0	0	0.47
295700	0.46	0.49	0.49	0	0	0.46
295800	0.46	0.49	0.49	0	0	0.46
295900	0.46	0.49	0.49	0	0	0.46
296000	0.46	0.49	0.49	0	0	0.46
296100	0.46	0.49	0.49	0	0	0.46
296200	0.46	0.49	0.49	0	0	0.46
296300	0.46	0.49	0.49	0	0	0.46
296400	0.46	0.49	0.49	0	0	0.46
296500	0.46	0.49	0.49	0	0	0.46
296600	0.46	0.49	0.49	0	0	0.46
296700	0.46	0.49	0.49	0	0	0.46
296800	0.45	0.49	0.49	0	0	0.45
296900	0.45	0.49	0.49	0	0	0.45
297000	0.45	0.49	0.49	0	0	0.45
297100	0.45	0.49	0.49	0	0	0.45
297200	0.45	0.49	0.49	0	0	0.45
297300	0.45	0.49	0.49	0	0	0.45
297400	0.45	0.49	0.49	0	0	0.45
297500	0.45	0.49	0.49	0	0	0.45
297600	0.45	0.49	0.49	0	0	0.45
297700	0.45	0.49	0.49	0	0	0.45
297800	0.45	0.49	0.49	0	0	0.45
297900	0.45	0.49	0.49	0	0	0.45
298000	0.45	0.49	0.49	0	0	0.45
298100	0.45	0.49	0.49	0	0	0.45
298200	0.45	0.49	0.49	0	0	0.45
298300	0.45	0.49	0.49	0	0	0.45
298400	0.45	0.49	0.49	0	0	0.45
298500	0.45	0.49	0.49	0	0	0.45
298600	0.46	0.49	0.49	0	0	0.46
298700	0.46	0.49	0.49	0	0	0.46
298800	0.46	0.49	0.49	0	0	0.46
298900	0.46	0.49	0.49	0	0	0.46
299000	0.46	0.49	0.49	0	0	0.46
299100	0.46	0.49	0.49	0	0	0.46
299200	0.46	0.49	0.49	0	0	0.46
299300	0.46	0.49	0.49	0	0	0.46
299400	0.46	0.49	0.49	0	0	0.46
299500	0.46	0.49	0.49	0	0	0.46
299600	0.46	0.49	0.49	0	0	0.46
299700	0.46	0.49	0.49	0	0	0.46
299800	0.46	0.49	0.49	0	0	0.46
299900	0.46	0.49	0.49	0	0	0.46
300000	0.46	0.49	0.49	0	0	0.46
