100	0.08	0.03	0.03	0	0	0.08
200	0.11	0.04	0.04	0	0	0.11
300	0.1	0.06	0.06	0	0	0.1
400	0.1	0.08	0.08	0	0	0.1
500	0.12	0.11	0.11	0	0	0.12
600	0.14	0.11	0.11	0	0	0.14
700	0.15	0.11	0.11	0	0	0.15
800	0.16	0.11	0.11	0	0	0.16
900	0.17	0.11	0.11	0	0	0.17
1000	0.15	0.11	0.11	0	0	0.15
1100	0.15	0.11	0.11	0	0	0.15
1200	0.17	0.1	0.1	0	0	0.17
1300	0.17	0.1	0.1	0	0	0.17
1400	0.17	0.1	0.1	0	0	0.17
1500	0.16	0.11	0.11	0	0	0.16
1600	0.15	0.11	0.11	0	0	0.15
1700	0.14	0.11	0.11	0	0	0.14
1800	0.14	0.1	0.1	0	0	0.14
1900	0.14	0.09	0.09	0	0	0.14
2000	0.15	0.09	0.09	0	0	0.15
2100	0.14	0.08	0.08	0	0	0.14
2200	0.15	0.07	0.07	0	0	0.15
2300	0.15	0.08	0.08	0	0	0.15
2400	0.16	0.09	0.09	0	0	0.16
2500	0.16	0.13	0.13	0	0	0.16
2600	0.16	0.12	0.12	0	0	0.16
2700	0.17	0.12	0.12	0	0	0.17
2800	0.18	0.12	0.12	0	0	0.18
2900	0.19	0.12	0.12	0	0	0.19
3000	0.22	0.12	0.12	0	0	0.22
3100	0.2	0.13	0.13	0	0	0.2
3200	0.2	0.12	0.12	0	0	0.2
3300	0.2	0.12	0.12	0	0	0.2
3400	0.21	0.13	0.13	0	0	0.21
3500	0.21	0.16	0.16	0	0	0.21
3600	0.21	0.16	0.16	0	0	0.21
3700	0.21	0.15	0.15	0	0	0.21
3800	0.2	0.13	0.13	0	0	0.2
3900	0.2	0.15	0.15	0	0	0.2
4000	0.2	0.12	0.12	0	0	0.2
4100	0.2	0.13	0.13	0	0	0.2
4200	0.19	0.12	0.12	0	0	0.19
4300	0.18	0.15	0.15	0	0	0.18
4400	0.17	0.15	0.15	0	0	0.17
4500	0.19	0.15	0.15	0	0	0.19
4600	0.19	0.16	0.16	0	0	0.19
4700	0.19	0.16	0.16	0	0	0.19
4800	0.19	0.18	0.18	0	0	0.19
4900	0.18	0.17	0.17	0	0	0.18
5000	0.18	0.18	0.18	0	0	0.18
5100	0.18	0.18	0.18	0	0	0.18
5200	0.19	0.18	0.18	0	0	0.19
5300	0.19	0.2	0.2	0	0	0.19
5400	0.18	0.19	0.19	0	0	0.18
5500	0.18	0.19	0.19	0	0	0.18
5600	0.2	0.21	0.21	0	0	0.2
5700	0.2	0.21	0.21	0	0	0.2
5800	0.22	0.21	0.21	0	0	0.22
5900	0.22	0.22	0.22	0	0	0.22
6000	0.21	0.21	0.21	0	0	0.21
6100	0.2	0.22	0.22	0	0	0.2
6200	0.2	0.22	0.22	0	0	0.2
6300	0.2	0.23	0.23	0	0	0.2
6400	0.2	0.22	0.22	0	0	0.2
6500	0.21	0.22	0.22	0	0	0.21
6600	0.22	0.22	0.22	0	0	0.22
6700	0.22	0.23	0.23	0	0	0.22
6800	0.22	0.24	0.24	0	0	0.22
6900	0.21	0.26	0.26	0	0	0.21
7000	0.21	0.26	0.26	0	0	0.21
7100	0.21	0.26	0.26	0	0	0.21
7200	0.21	0.27	0.27	0	0	0.21
7300	0.21	0.28	0.28	0	0	0.21
7400	0.23	0.29	0.29	0	0	0.23
7500	0.23	0.3	0.3	0	0	0.23
7600	0.23	0.28	0.28	0	0	0.23
7700	0.23	0.28	0.28	0	0	0.23
7800	0.24	0.29	0.29	0	0	0.24
7900	0.25	0.29	0.29	0	0	0.25
8000	0.27	0.29	0.29	0	0	0.27
8100	0.27	0.28	0.28	0	0	0.27
8200	0.27	0.27	0.27	0	0	0.27
8300	0.26	0.27	0.27	0	0	0.26
8400	0.26	0.27	0.27	0	0	0.26
8500	0.26	0.27	0.27	0	0	0.26
8600	0.25	0.27	0.27	0	0	0.25
8700	0.25	0.27	0.27	0	0	0.25
8800	0.24	0.27	0.27	0	0	0.24
8900	0.24	0.27	0.27	0	0	0.24
9000	0.25	0.28	0.28	0	0	0.25
9100	0.25	0.29	0.29	0	0	0.25
9200	0.24	0.27	0.27	0	0	0.24
9300	0.24	0.27	0.27	0	0	0.24
9400	0.24	0.28	0.28	0	0	0.24
9500	0.25	0.3	0.3	0	0	0.25
9600	0.25	0.29	0.29	0	0	0.25
9700	0.25	0.3	0.3	0	0	0.25
9800	0.25	0.3	0.3	0	0	0.25
9900	0.25	0.29	0.29	0	0	0.25
10000	0.26	0.29	0.29	0	0	0.26
10100	0.27	0.3	0.3	0	0	0.27
10200	0.26	0.3	0.3	0	0	0.26
10300	0.26	0.3	0.3	0	0	0.26
10400	0.24	0.3	0.3	0	0	0.24
10500	0.25	0.31	0.31	0	0	0.25
10600	0.25	0.31	0.31	0	0	0.25
10700	0.24	0.31	0.31	0	0	0.24
10800	0.24	0.32	0.32	0	0	0.24
10900	0.25	0.32	0.32	0	0	0.25
11000	0.25	0.31	0.31	0	0	0.25
11100	0.25	0.31	0.31	0	0	0.25
11200	0.26	0.31	0.31	0	0	0.26
11300	0.26	0.31	0.31	0	0	0.26
11400	0.27	0.32	0.32	0	0	0.27
11500	0.26	0.33	0.33	0	0	0.26
11600	0.27	0.33	0.33	0	0	0.27
11700	0.28	0.33	0.33	0	0	0.28
11800	0.28	0.33	0.33	0	0	0.28
11900	0.29	0.32	0.32	0	0	0.29
12000	0.29	0.32	0.32	0	0	0.29
12100	0.29	0.33	0.33	0	0	0.29
12200	0.29	0.33	0.33	0	0	0.29
12300	0.3	0.32	0.32	0	0	0.3
12400	0.31	0.32	0.32	0	0	0.31
12500	0.31	0.32	0.32	0	0	0.31
12600	0.31	0.32	0.32	0	0	0.31
12700	0.31	0.32	0.32	0	0	0.31
12800	0.3	0.33	0.33	0	0	0.3
12900	0.3	0.33	0.33	0	0	0.3
13000	0.3	0.33	0.33	0	0	0.3
13100	0.29	0.33	0.33	0	0	0.29
13200	0.27	0.33	0.33	0	0	0.27
13300	0.27	0.33	0.33	0	0	0.27
13400	0.27	0.34	0.34	0	0	0.27
13500	0.27	0.34	0.34	0	0	0.27
13600	0.27	0.34	0.34	0	0	0.27
13700	0.29	0.34	0.34	0	0	0.29
13800	0.3	0.34	0.34	0	0	0.3
13900	0.29	0.35	0.35	0	0	0.29
14000	0.29	0.34	0.34	0	0	0.29
14100	0.29	0.34	0.34	0	0	0.29
14200	0.29	0.34	0.34	0	0	0.29
14300	0.3	0.34	0.34	0	0	0.3
14400	0.31	0.34	0.34	0	0	0.31
14500	0.31	0.34	0.34	0	0	0.31
14600	0.33	0.34	0.34	0	0	0.33
14700	0.34	0.34	0.34	0	0	0.34
14800	0.34	0.37	0.37	0	0	0.34
14900	0.34	0.37	0.37	0	0	0.34
15000	0.34	0.37	0.37	0	0	0.34
15100	0.34	0.36	0.36	0	0	0.34
15200	0.34	0.38	0.38	0	0	0.34
15300	0.34	0.38	0.38	0	0	0.34
15400	0.36	0.39	0.39	0	0	0.36
15500	0.36	0.39	0.39	0	0	0.36
15600	0.35	0.39	0.39	0	0	0.35
15700	0.35	0.39	0.39	0	0	0.35
15800	0.37	0.38	0.38	0	0	0.37
15900	0.37	0.4	0.4	0	0	0.37
16000	0.36	0.39	0.39	0	0	0.36
16100	0.36	0.39	0.39	0	0	0.36
16200	0.37	0.39	0.39	0	0	0.37
16300	0.37	0.38	0.38	0	0	0.37
16400	0.37	0.38	0.38	0	0	0.37
16500	0.37	0.38	0.38	0	0	0.37
16600	0.37	0.38	0.38	0	0	0.37
16700	0.37	0.38	0.38	0	0	0.37
16800	0.37	0.39	0.39	0	0	0.37
16900	0.37	0.39	0.39	0	0	0.37
17000	0.37	0.39	0.39	0	0	0.37
17100	0.37	0.39	0.39	0	0	0.37
17200	0.37	0.39	0.39	0	0	0.37
17300	0.38	0.39	0.39	0	0	0.38
17400	0.38	0.39	0.39	0	0	0.38
17500	0.38	0.39	0.39	0	0	0.38
17600	0.38	0.4	0.4	0	0	0.38
17700	0.38	0.4	0.4	0	0	0.38
17800	0.39	0.4	0.4	0	0	0.39
17900	0.39	0.39	0.39	0	0	0.39
18000	0.39	0.39	0.39	0	0	0.39
18100	0.39	0.39	0.39	0	0	0.39
18200	0.4	0.39	0.39	0	0	0.4
18300	0.4	0.39	0.39	0	0	0.4
18400	0.38	0.39	0.39	0	0	0.38
18500	0.39	0.39	0.39	0	0	0.39
18600	0.38	0.39	0.39	0	0	0.38
18700	0.38	0.38	0.38	0	0	0.38
18800	0.38	0.37	0.37	0	0	0.38
18900	0.37	0.37	0.37	0	0	0.37
19000	0.37	0.36	0.36	0	0	0.37
19100	0.39	0.36	0.36	0	0	0.39
19200	0.38	0.36	0.36	0	0	0.38
19300	0.38	0.36	0.36	0	0	0.38
19400	0.38	0.36	0.36	0	0	0.38
19500	0.38	0.37	0.37	0	0	0.38
19600	0.39	0.36	0.36	0	0	0.39
19700	0.39	0.36	0.36	0	0	0.39
19800	0.4	0.36	0.36	0	0	0.4
19900	0.4	0.36	0.36	0	0	0.4
20000	0.4	0.37	0.37	0	0	0.4
20100	0.4	0.36	0.36	0	0	0.4
20200	0.4	0.37	0.37	0	0	0.4
20300	0.4	0.37	0.37	0	0	0.4
20400	0.4	0.37	0.37	0	0	0.4
20500	0.41	0.37	0.37	0	0	0.41
20600	0.41	0.37	0.37	0	0	0.41
20700	0.41	0.37	0.37	0	0	0.41
20800	0.41	0.37	0.37	0	0	0.41
20900	0.41	0.38	0.38	0	0	0.41
21000	0.4	0.38	0.38	0	0	0.4
21100	0.4	0.38	0.38	0	0	0.4
21200	0.4	0.4	0.4	0	0	0.4
21300	0.4	0.4	0.4	0	0	0.4
21400	0.4	0.41	0.41	0	0	0.4
21500	0.4	0.4	0.4	0	0	0.4
21600	0.4	0.4	0.4	0	0	0.4
21700	0.4	0.4	0.4	0	0	0.4
21800	0.4	0.39	0.39	0	0	0.4
21900	0.4	0.4	0.4	0	0	0.4
22000	0.4	0.4	0.4	0	0	0.4
22100	0.4	0.4	0.4	0	0	0.4
22200	0.4	0.4	0.4	0	0	0.4
22300	0.4	0.4	0.4	0	0	0.4
22400	0.4	0.4	0.4	0	0	0.4
22500	0.4	0.4	0.4	0	0	0.4
22600	0.39	0.4	0.4	0	0	0.39
22700	0.4	0.4	0.4	0	0	0.4
22800	0.4	0.4	0.4	0	0	0.4
22900	0.39	0.4	0.4	0	0	0.39
23000	0.39	0.4	0.4	0	0	0.39
23100	0.39	0.4	0.4	0	0	0.39
23200	0.39	0.4	0.4	0	0	0.39
23300	0.39	0.4	0.4	0	0	0.39
23400	0.39	0.4	0.4	0	0	0.39
23500	0.39	0.4	0.4	0	0	0.39
23600	0.39	0.4	0.4	0	0	0.39
23700	0.39	0.4	0.4	0	0	0.39
23800	0.4	0.4	0.4	0	0	0.4
23900	0.39	0.4	0.4	0	0	0.39
24000	0.38	0.4	0.4	0	0	0.38
24100	0.38	0.4	0.4	0	0	0.38
24200	0.38	0.4	0.4	0	0	0.38
24300	0.38	0.4	0.4	0	0	0.38
24400	0.38	0.4	0.4	0	0	0.38
24500	0.38	0.41	0.41	0	0	0.38
24600	0.39	0.41	0.41	0	0	0.39
24700	0.38	0.41	0.41	0	0	0.38
24800	0.38	0.41	0.41	0	0	0.38
24900	0.38	0.41	0.41	0	0	0.38
25000	0.39	0.41	0.41	0	0	0.39
25100	0.39	0.41	0.41	0	0	0.39
25200	0.38	0.41	0.41	0	0	0.38
25300	0.39	0.41	0.41	0	0	0.39
25400	0.39	0.41	0.41	0	0	0.39
25500	0.39	0.41	0.41	0	0	0.39
25600	0.39	0.41	0.41	0	0	0.39
25700	0.39	0.41	0.41	0	0	0.39
25800	0.39	0.41	0.41	0	0	0.39
25900	0.39	0.41	0.41	0	0	0.39
26000	0.39	0.41	0.41	0	0	0.39
26100	0.39	0.41	0.41	0	0	0.39
26200	0.4	0.41	0.41	0	0	0.4
26300	0.4	0.42	0.42	0	0	0.4
26400	0.41	0.41	0.41	0	0	0.41
26500	0.4	0.41	0.41	0	0	0.4
26600	0.4	0.41	0.41	0	0	0.4
26700	0.4	0.41	0.41	0	0	0.4
26800	0.4	0.41	0.41	0	0	0.4
26900	0.4	0.41	0.41	0	0	0.4
27000	0.41	0.41	0.41	0	0	0.41
27100	0.41	0.41	0.41	0	0	0.41
27200	0.41	0.41	0.41	0	0	0.41
27300	0.41	0.42	0.42	0	0	0.41
27400	0.41	0.43	0.43	0	0	0.41
27500	0.42	0.42	0.42	0	0	0.42
27600	0.42	0.42	0.42	0	0	0.42
27700	0.41	0.42	0.42	0	0	0.41
27800	0.41	0.42	0.42	0	0	0.41
27900	0.41	0.42	0.42	0	0	0.41
28000	0.41	0.41	0.41	0	0	0.41
28100	0.4	0.41	0.41	0	0	0.4
28200	0.4	0.41	0.41	0	0	0.4
28300	0.41	0.43	0.43	0	0	0.41
28400	0.41	0.44	0.44	0	0	0.41
28500	0.41	0.44	0.44	0	0	0.41
28600	0.41	0.44	0.44	0	0	0.41
28700	0.41	0.44	0.44	0	0	0.41
28800	0.41	0.44	0.44	0	0	0.41
28900	0.42	0.44	0.44	0	0	0.42
29000	0.42	0.44	0.44	0	0	0.42
29100	0.42	0.44	0.44	0	0	0.42
29200	0.41	0.44	0.44	0	0	0.41
29300	0.4	0.44	0.44	0	0	0.4
29400	0.4	0.44	0.44	0	0	0.4
29500	0.4	0.44	0.44	0	0	0.4
29600	0.4	0.44	0.44	0	0	0.4
29700	0.4	0.44	0.44	0	0	0.4
29800	0.4	0.45	0.45	0	0	0.4
29900	0.4	0.45	0.45	0	0	0.4
30000	0.41	0.45	0.45	0	0	0.41
30100	0.41	0.44	0.44	0	0	0.41
30200	0.41	0.44	0.44	0	0	0.41
30300	0.41	0.44	0.44	0	0	0.41
30400	0.41	0.44	0.44	0	0	0.41
30500	0.41	0.44	0.44	0	0	0.41
30600	0.43	0.44	0.44	0	0	0.43
30700	0.42	0.44	0.44	0	0	0.42
30800	0.41	0.44	0.44	0	0	0.41
30900	0.41	0.44	0.44	0	0	0.41
31000	0.41	0.44	0.44	0	0	0.41
31100	0.41	0.44	0.44	0	0	0.41
31200	0.41	0.44	0.44	0	0	0.41
31300	0.41	0.44	0.44	0	0	0.41
31400	0.41	0.44	0.44	0	0	0.41
31500	0.41	0.44	0.44	0	0	0.41
31600	0.41	0.44	0.44	0	0	0.41
31700	0.41	0.44	0.44	0	0	0.41
31800	0.42	0.44	0.44	0	0	0.42
31900	0.42	0.44	0.44	0	0	0.42
32000	0.43	0.44	0.44	0	0	0.43
32100	0.43	0.44	0.44	0	0	0.43
32200	0.43	0.44	0.44	0	0	0.43
32300	0.43	0.44	0.44	0	0	0.43
32400	0.42	0.44	0.44	0	0	0.42
32500	0.42	0.44	0.44	0	0	0.42
32600	0.41	0.44	0.44	0	0	0.41
32700	0.41	0.44	0.44	0	0	0.41
32800	0.4	0.44	0.44	0	0	0.4
32900	0.4	0.44	0.44	0	0	0.4
33000	0.4	0.44	0.44	0	0	0.4
33100	0.4	0.44	0.44	0	0	0.4
33200	0.39	0.44	0.44	0	0	0.39
33300	0.39	0.44	0.44	0	0	0.39
33400	0.39	0.44	0.44	0	0	0.39
33500	0.39	0.44	0.44	0	0	0.39
33600	0.39	0.44	0.44	0	0	0.39
33700	0.39	0.44	0.44	0	0	0.39
33800	0.39	0.44	0.44	0	0	0.39
33900	0.39	0.44	0.44	0	0	0.39
34000	0.39	0.44	0.44	0	0	0.39
34100	0.39	0.44	0.44	0	0	0.39
34200	0.39	0.44	0.44	0	0	0.39
34300	0.39	0.44	0.44	0	0	0.39
34400	0.39	0.45	0.45	0	0	0.39
34500	0.39	0.45	0.45	0	0	0.39
34600	0.39	0.45	0.45	0	0	0.39
34700	0.39	0.45	0.45	0	0	0.39
34800	0.39	0.45	0.45	0	0	0.39
34900	0.39	0.45	0.45	0	0	0.39
35000	0.39	0.45	0.45	0	0	0.39
35100	0.39	0.46	0.46	0	0	0.39
35200	0.4	0.45	0.45	0	0	0.4
35300	0.4	0.45	0.45	0	0	0.4
35400	0.39	0.45	0.45	0	0	0.39
35500	0.39	0.45	0.45	0	0	0.39
35600	0.39	0.45	0.45	0	0	0.39
35700	0.39	0.45	0.45	0	0	0.39
35800	0.39	0.45	0.45	0	0	0.39
35900	0.4	0.45	0.45	0	0	0.4
36000	0.4	0.45	0.45	0	0	0.4
36100	0.4	0.45	0.45	0	0	0.4
36200	0.4	0.45	0.45	0	0	0.4
36300	0.4	0.45	0.45	0	0	0.4
36400	0.4	0.45	0.45	0	0	0.4
36500	0.4	0.45	0.45	0	0	0.4
36600	0.4	0.45	0.45	0	0	0.4
36700	0.4	0.45	0.45	0	0	0.4
36800	0.4	0.46	0.46	0	0	0.4
36900	0.4	0.46	0.46	0	0	0.4
37000	0.4	0.46	0.46	0	0	0.4
37100	0.4	0.46	0.46	0	0	0.4
37200	0.4	0.46	0.46	0	0	0.4
37300	0.4	0.46	0.46	0	0	0.4
37400	0.4	0.46	0.46	0	0	0.4
37500	0.4	0.46	0.46	0	0	0.4
37600	0.4	0.46	0.46	0	0	0.4
37700	0.41	0.46	0.46	0	0	0.41
37800	0.4	0.46	0.46	0	0	0.4
37900	0.4	0.46	0.46	0	0	0.4
38000	0.4	0.46	0.46	0	0	0.4
38100	0.4	0.46	0.46	0	0	0.4
38200	0.4	0.46	0.46	0	0	0.4
38300	0.4	0.45	0.45	0	0	0.4
38400	0.4	0.45	0.45	0	0	0.4
38500	0.4	0.45	0.45	0	0	0.4
38600	0.4	0.45	0.45	0	0	0.4
38700	0.4	0.45	0.45	0	0	0.4
38800	0.41	0.45	0.45	0	0	0.41
38900	0.41	0.45	0.45	0	0	0.41
39000	0.41	0.46	0.46	0	0	0.41
39100	0.41	0.46	0.46	0	0	0.41
39200	0.41	0.46	0.46	0	0	0.41
39300	0.41	0.46	0.46	0	0	0.41
39400	0.41	0.46	0.46	0	0	0.41
39500	0.41	0.46	0.46	0	0	0.41
39600	0.41	0.46	0.46	0	0	0.41
39700	0.41	0.46	0.46	0	0	0.41
39800	0.41	0.46	0.46	0	0	0.41
39900	0.41	0.46	0.46	0	0	0.41
40000	0.41	0.46	0.46	0	0	0.41
40100	0.41	0.46	0.46	0	0	0.41
40200	0.41	0.46	0.46	0	0	0.41
40300	0.41	0.46	0.46	0	0	0.41
40400	0.41	0.46	0.46	0	0	0.41
40500	0.41	0.46	0.46	0	0	0.41
40600	0.41	0.46	0.46	0	0	0.41
40700	0.42	0.46	0.46	0	0	0.42
40800	0.42	0.46	0.46	0	0	0.42
40900	0.42	0.46	0.46	0	0	0.42
41000	0.42	0.46	0.46	0	0	0.42
41100	0.42	0.46	0.46	0	0	0.42
41200	0.42	0.46	0.46	0	0	0.42
41300	0.42	0.46	0.46	0	0	0.42
41400	0.42	0.46	0.46	0	0	0.42
41500	0.42	0.46	0.46	0	0	0.42
41600	0.43	0.46	0.46	0	0	0.43
41700	0.42	0.46	0.46	0	0	0.42
41800	0.42	0.46	0.46	0	0	0.42
41900	0.43	0.46	0.46	0	0	0.43
42000	0.43	0.46	0.46	0	0	0.43
42100	0.43	0.46	0.46	0	0	0.43
42200	0.43	0.46	0.46	0	0	0.43
42300	0.43	0.46	0.46	0	0	0.43
42400	0.43	0.46	0.46	0	0	0.43
42500	0.43	0.46	0.46	0	0	0.43
42600	0.43	0.46	0.46	0	0	0.43
42700	0.43	0.46	0.46	0	0	0.43
42800	0.43	0.46	0.46	0	0	0.43
42900	0.43	0.46	0.46	0	0	0.43
43000	0.42	0.46	0.46	0	0	0.42
43100	0.42	0.46	0.46	0	0	0.42
43200	0.42	0.46	0.46	0	0	0.42
43300	0.43	0.46	0.46	0	0	0.43
43400	0.43	0.46	0.46	0	0	0.43
43500	0.43	0.46	0.46	0	0	0.43
43600	0.43	0.46	0.46	0	0	0.43
43700	0.43	0.46	0.46	0	0	0.43
43800	0.43	0.46	0.46	0	0	0.43
43900	0.43	0.46	0.46	0	0	0.43
44000	0.43	0.46	0.46	0	0	0.43
44100	0.43	0.46	0.46	0	0	0.43
44200	0.43	0.46	0.46	0	0	0.43
44300	0.43	0.46	0.46	0	0	0.43
44400	0.43	0.46	0.46	0	0	0.43
44500	0.43	0.46	0.46	0	0	0.43
44600	0.43	0.46	0.46	0	0	0.43
44700	0.43	0.46	0.46	0	0	0.43
44800	0.43	0.46	0.46	0	0	0.43
44900	0.43	0.46	0.46	0	0	0.43
45000	0.43	0.46	0.46	0	0	0.43
45100	0.43	0.46	0.46	0	0	0.43
45200	0.44	0.46	0.46	0	0	0.44
45300	0.44	0.46	0.46	0	0	0.44
45400	0.43	0.46	0.46	0	0	0.43
45500	0.43	0.46	0.46	0	0	0.43
45600	0.43	0.46	0.46	0	0	0.43
45700	0.43	0.46	0.46	0	0	0.43
45800	0.43	0.46	0.46	0	0	0.43
45900	0.43	0.46	0.46	0	0	0.43
46000	0.43	0.46	0.46	0	0	0.43
46100	0.43	0.46	0.46	0	0	0.43
46200	0.43	0.46	0.46	0	0	0.43
46300	0.43	0.46	0.46	0	0	0.43
46400	0.43	0.46	0.46	0	0	0.43
46500	0.43	0.46	0.46	0	0	0.43
46600	0.43	0.46	0.46	0	0	0.43
46700	0.43	0.46	0.46	0	0	0.43
46800	0.43	0.47	0.47	0	0	0.43
46900	0.43	0.46	0.46	0	0	0.43
47000	0.43	0.46	0.46	0	0	0.43
47100	0.43	0.46	0.46	0	0	0.43
47200	0.43	0.46	0.46	0	0	0.43
47300	0.43	0.46	0.46	0	0	0.43
47400	0.43	0.46	0.46	0	0	0.43
47500	0.43	0.46	0.46	0	0	0.43
47600	0.43	0.46	0.46	0	0	0.43
47700	0.43	0.46	0.46	0	0	0.43
47800	0.43	0.46	0.46	0	0	0.43
47900	0.43	0.46	0.46	0	0	0.43
48000	0.43	0.46	0.46	0	0	0.43
48100	0.43	0.46	0.46	0	0	0.43
48200	0.43	0.46	0.46	0	0	0.43
48300	0.43	0.46	0.46	0	0	0.43
48400	0.43	0.46	0.46	0	0	0.43
48500	0.43	0.46	0.46	0	0	0.43
48600	0.43	0.46	0.46	0	0	0.43
48700	0.43	0.46	0.46	0	0	0.43
48800	0.43	0.46	0.46	0	0	0.43
48900	0.43	0.46	0.46	0	0	0.43
49000	0.43	0.46	0.46	0	0	0.43
49100	0.43	0.46	0.46	0	0	0.43
49200	0.43	0.46	0.46	0	0	0.43
49300	0.43	0.46	0.46	0	0	0.43
49400	0.43	0.46	0.46	0	0	0.43
49500	0.43	0.46	0.46	0	0	0.43
49600	0.44	0.46	0.46	0	0	0.44
49700	0.43	0.46	0.46	0	0	0.43
49800	0.43	0.46	0.46	0	0	0.43
49900	0.43	0.46	0.46	0	0	0.43
50000	0.43	0.46	0.46	0	0	0.43
50100	0.43	0.46	0.46	0	0	0.43
50200	0.43	0.46	0.46	0	0	0.43
50300	0.43	0.46	0.46	0	0	0.43
50400	0.43	0.46	0.46	0	0	0.43
50500	0.43	0.46	0.46	0	0	0.43
50600	0.43	0.46	0.46	0	0	0.43
50700	0.43	0.46	0.46	0	0	0.43
50800	0.43	0.46	0.46	0	0	0.43
50900	0.43	0.45	0.45	0	0	0.43
51000	0.43	0.44	0.44	0	0	0.43
51100	0.43	0.44	0.44	0	0	0.43
51200	0.42	0.44	0.44	0	0	0.42
51300	0.42	0.44	0.44	0	0	0.42
51400	0.43	0.44	0.44	0	0	0.43
51500	0.42	0.44	0.44	0	0	0.42
51600	0.42	0.44	0.44	0	0	0.42
51700	0.42	0.44	0.44	0	0	0.42
51800	0.42	0.44	0.44	0	0	0.42
51900	0.42	0.44	0.44	0	0	0.42
52000	0.42	0.44	0.44	0	0	0.42
52100	0.42	0.44	0.44	0	0	0.42
52200	0.42	0.44	0.44	0	0	0.42
52300	0.41	0.44	0.44	0	0	0.41
52400	0.41	0.44	0.44	0	0	0.41
52500	0.41	0.44	0.44	0	0	0.41
52600	0.41	0.44	0.44	0	0	0.41
52700	0.41	0.44	0.44	0	0	0.41
52800	0.41	0.44	0.44	0	0	0.41
52900	0.42	0.44	0.44	0	0	0.42
53000	0.42	0.44	0.44	0	0	0.42
53100	0.41	0.44	0.44	0	0	0.41
53200	0.41	0.44	0.44	0	0	0.41
53300	0.42	0.44	0.44	0	0	0.42
53400	0.43	0.44	0.44	0	0	0.43
53500	0.43	0.44	0.44	0	0	0.43
53600	0.43	0.44	0.44	0	0	0.43
53700	0.44	0.44	0.44	0	0	0.44
53800	0.44	0.44	0.44	0	0	0.44
53900	0.44	0.44	0.44	0	0	0.44
54000	0.44	0.44	0.44	0	0	0.44
54100	0.45	0.44	0.44	0	0	0.45
54200	0.45	0.44	0.44	0	0	0.45
54300	0.45	0.44	0.44	0	0	0.45
54400	0.45	0.44	0.44	0	0	0.45
54500	0.45	0.44	0.44	0	0	0.45
54600	0.45	0.44	0.44	0	0	0.45
54700	0.44	0.44	0.44	0	0	0.44
54800	0.45	0.44	0.44	0	0	0.45
54900	0.44	0.44	0.44	0	0	0.44
55000	0.44	0.44	0.44	0	0	0.44
55100	0.44	0.44	0.44	0	0	0.44
55200	0.44	0.44	0.44	0	0	0.44
55300	0.44	0.44	0.44	0	0	0.44
55400	0.45	0.44	0.44	0	0	0.45
55500	0.44	0.45	0.45	0	0	0.44
55600	0.45	0.44	0.44	0	0	0.45
55700	0.46	0.44	0.44	0	0	0.46
55800	0.46	0.44	0.44	0	0	0.46
55900	0.46	0.44	0.44	0	0	0.46
56000	0.46	0.44	0.44	0	0	0.46
56100	0.46	0.45	0.45	0	0	0.46
56200	0.46	0.44	0.44	0	0	0.46
56300	0.46	0.45	0.45	0	0	0.46
56400	0.46	0.43	0.43	0	0	0.46
56500	0.46	0.43	0.43	0	0	0.46
56600	0.46	0.43	0.43	0	0	0.46
56700	0.46	0.43	0.43	0	0	0.46
56800	0.46	0.43	0.43	0	0	0.46
56900	0.46	0.43	0.43	0	0	0.46
57000	0.46	0.43	0.43	0	0	0.46
57100	0.46	0.43	0.43	0	0	0.46
57200	0.46	0.43	0.43	0	0	0.46
57300	0.46	0.43	0.43	0	0	0.46
57400	0.46	0.43	0.43	0	0	0.46
57500	0.46	0.43	0.43	0	0	0.46
57600	0.45	0.43	0.43	0	0	0.45
57700	0.45	0.43	0.43	0	0	0.45
57800	0.45	0.43	0.43	0	0	0.45
57900	0.45	0.43	0.43	0	0	0.45
58000	0.45	0.43	0.43	0	0	0.45
58100	0.45	0.43	0.43	0	0	0.45
58200	0.45	0.43	0.43	0	0	0.45
58300	0.45	0.43	0.43	0	0	0.45
58400	0.45	0.43	0.43	0	0	0.45
58500	0.45	0.43	0.43	0	0	0.45
58600	0.45	0.43	0.43	0	0	0.45
58700	0.45	0.43	0.43	0	0	0.45
58800	0.45	0.42	0.42	0	0	0.45
58900	0.45	0.42	0.42	0	0	0.45
59000	0.45	0.42	0.42	0	0	0.45
59100	0.45	0.42	0.42	0	0	0.45
59200	0.45	0.42	0.42	0	0	0.45
59300	0.45	0.42	0.42	0	0	0.45
59400	0.45	0.42	0.42	0	0	0.45
59500	0.45	0.42	0.42	0	0	0.45
59600	0.45	0.42	0.42	0	0	0.45
59700	0.45	0.43	0.43	0	0	0.45
59800	0.45	0.43	0.43	0	0	0.45
59900	0.45	0.43	0.43	0	0	0.45
60000	0.45	0.42	0.42	0	0	0.45
60100	0.45	0.42	0.42	0	0	0.45
60200	0.45	0.42	0.42	0	0	0.45
60300	0.45	0.42	0.42	0	0	0.45
60400	0.45	0.42	0.42	0	0	0.45
60500	0.45	0.42	0.42	0	0	0.45
60600	0.45	0.42	0.42	0	0	0.45
60700	0.45	0.42	0.42	0	0	0.45
60800	0.45	0.42	0.42	0	0	0.45
60900	0.45	0.42	0.42	0	0	0.45
61000	0.45	0.42	0.42	0	0	0.45
61100	0.46	0.42	0.42	0	0	0.46
61200	0.46	0.42	0.42	0	0	0.46
61300	0.45	0.43	0.43	0	0	0.45
61400	0.45	0.44	0.44	0	0	0.45
61500	0.45	0.43	0.43	0	0	0.45
61600	0.44	0.43	0.43	0	0	0.44
61700	0.44	0.43	0.43	0	0	0.44
61800	0.43	0.43	0.43	0	0	0.43
61900	0.43	0.43	0.43	0	0	0.43
62000	0.43	0.43	0.43	0	0	0.43
62100	0.43	0.43	0.43	0	0	0.43
62200	0.43	0.43	0.43	0	0	0.43
62300	0.43	0.43	0.43	0	0	0.43
62400	0.43	0.43	0.43	0	0	0.43
62500	0.43	0.43	0.43	0	0	0.43
62600	0.43	0.43	0.43	0	0	0.43
62700	0.44	0.43	0.43	0	0	0.44
62800	0.43	0.43	0.43	0	0	0.43
62900	0.43	0.43	0.43	0	0	0.43
63000	0.43	0.43	0.43	0	0	0.43
63100	0.43	0.43	0.43	0	0	0.43
63200	0.43	0.43	0.43	0	0	0.43
63300	0.43	0.43	0.43	0	0	0.43
63400	0.43	0.43	0.43	0	0	0.43
63500	0.43	0.43	0.43	0	0	0.43
63600	0.43	0.43	0.43	0	0	0.43
63700	0.43	0.43	0.43	0	0	0.43
63800	0.43	0.44	0.44	0	0	0.43
63900	0.43	0.44	0.44	0	0	0.43
64000	0.43	0.43	0.43	0	0	0.43
64100	0.43	0.43	0.43	0	0	0.43
64200	0.43	0.43	0.43	0	0	0.43
64300	0.43	0.43	0.43	0	0	0.43
64400	0.43	0.43	0.43	0	0	0.43
64500	0.43	0.43	0.43	0	0	0.43
64600	0.43	0.43	0.43	0	0	0.43
64700	0.43	0.43	0.43	0	0	0.43
64800	0.43	0.43	0.43	0	0	0.43
64900	0.43	0.43	0.43	0	0	0.43
65000	0.42	0.44	0.44	0	0	0.42
65100	0.42	0.43	0.43	0	0	0.42
65200	0.42	0.43	0.43	0	0	0.42
65300	0.41	0.43	0.43	0	0	0.41
65400	0.41	0.44	0.44	0	0	0.41
65500	0.41	0.43	0.43	0	0	0.41
65600	0.41	0.43	0.43	0	0	0.41
65700	0.41	0.43	0.43	0	0	0.41
65800	0.41	0.43	0.43	0	0	0.41
65900	0.41	0.43	0.43	0	0	0.41
66000	0.41	0.43	0.43	0	0	0.41
66100	0.41	0.43	0.43	0	0	0.41
66200	0.41	0.43	0.43	0	0	0.41
66300	0.41	0.43	0.43	0	0	0.41
66400	0.41	0.44	0.44	0	0	0.41
66500	0.42	0.43	0.43	0	0	0.42
66600	0.43	0.44	0.44	0	0	0.43
66700	0.42	0.44	0.44	0	0	0.42
66800	0.42	0.43	0.43	0	0	0.42
66900	0.42	0.43	0.43	0	0	0.42
67000	0.42	0.43	0.43	0	0	0.42
67100	0.42	0.43	0.43	0	0	0.42
67200	0.42	0.43	0.43	0	0	0.42
67300	0.42	0.44	0.44	0	0	0.42
67400	0.42	0.44	0.44	0	0	0.42
67500	0.42	0.43	0.43	0	0	0.42
67600	0.42	0.43	0.43	0	0	0.42
67700	0.42	0.43	0.43	0	0	0.42
67800	0.42	0.43	0.43	0	0	0.42
67900	0.42	0.43	0.43	0	0	0.42
68000	0.43	0.43	0.43	0	0	0.43
68100	0.43	0.43	0.43	0	0	0.43
68200	0.43	0.43	0.43	0	0	0.43
68300	0.42	0.43	0.43	0	0	0.42
68400	0.42	0.43	0.43	0	0	0.42
68500	0.42	0.43	0.43	0	0	0.42
68600	0.42	0.43	0.43	0	0	0.42
68700	0.42	0.43	0.43	0	0	0.42
68800	0.42	0.43	0.43	0	0	0.42
68900	0.42	0.44	0.44	0	0	0.42
69000	0.41	0.43	0.43	0	0	0.41
69100	0.42	0.44	0.44	0	0	0.42
69200	0.42	0.44	0.44	0	0	0.42
69300	0.43	0.44	0.44	0	0	0.43
69400	0.43	0.44	0.44	0	0	0.43
69500	0.43	0.44	0.44	0	0	0.43
69600	0.43	0.44	0.44	0	0	0.43
69700	0.43	0.44	0.44	0	0	0.43
69800	0.43	0.44	0.44	0	0	0.43
69900	0.43	0.44	0.44	0	0	0.43
70000	0.43	0.44	0.44	0	0	0.43
70100	0.43	0.44	0.44	0	0	0.43
70200	0.43	0.44	0.44	0	0	0.43
70300	0.43	0.44	0.44	0	0	0.43
70400	0.41	0.44	0.44	0	0	0.41
70500	0.41	0.44	0.44	0	0	0.41
70600	0.41	0.44	0.44	0	0	0.41
70700	0.41	0.44	0.44	0	0	0.41
70800	0.41	0.43	0.43	0	0	0.41
70900	0.41	0.43	0.43	0	0	0.41
71000	0.41	0.43	0.43	0	0	0.41
71100	0.41	0.43	0.43	0	0	0.41
71200	0.42	0.43	0.43	0	0	0.42
71300	0.41	0.44	0.44	0	0	0.41
71400	0.41	0.45	0.45	0	0	0.41
71500	0.41	0.45	0.45	0	0	0.41
71600	0.41	0.45	0.45	0	0	0.41
71700	0.41	0.45	0.45	0	0	0.41
71800	0.42	0.45	0.45	0	0	0.42
71900	0.42	0.45	0.45	0	0	0.42
72000	0.42	0.45	0.45	0	0	0.42
72100	0.42	0.45	0.45	0	0	0.42
72200	0.42	0.45	0.45	0	0	0.42
72300	0.42	0.45	0.45	0	0	0.42
72400	0.43	0.45	0.45	0	0	0.43
72500	0.43	0.45	0.45	0	0	0.43
72600	0.43	0.45	0.45	0	0	0.43
72700	0.43	0.45	0.45	0	0	0.43
72800	0.44	0.45	0.45	0	0	0.44
72900	0.44	0.45	0.45	0	0	0.44
73000	0.44	0.45	0.45	0	0	0.44
73100	0.44	0.45	0.45	0	0	0.44
73200	0.44	0.45	0.45	0	0	0.44
73300	0.43	0.46	0.46	0	0	0.43
73400	0.44	0.46	0.46	0	0	0.44
73500	0.44	0.46	0.46	0	0	0.44
73600	0.44	0.46	0.46	0	0	0.44
73700	0.44	0.46	0.46	0	0	0.44
73800	0.44	0.46	0.46	0	0	0.44
73900	0.44	0.46	0.46	0	0	0.44
74000	0.44	0.46	0.46	0	0	0.44
74100	0.44	0.46	0.46	0	0	0.44
74200	0.44	0.46	0.46	0	0	0.44
74300	0.44	0.46	0.46	0	0	0.44
74400	0.44	0.46	0.46	0	0	0.44
74500	0.44	0.46	0.46	0	0	0.44
74600	0.44	0.46	0.46	0	0	0.44
74700	0.44	0.46	0.46	0	0	0.44
74800	0.44	0.46	0.46	0	0	0.44
74900	0.44	0.46	0.46	0	0	0.44
75000	0.44	0.46	0.46	0	0	0.44
75100	0.44	0.46	0.46	0	0	0.44
75200	0.45	0.46	0.46	0	0	0.45
75300	0.44	0.46	0.46	0	0	0.44
75400	0.44	0.46	0.46	0	0	0.44
75500	0.44	0.46	0.46	0	0	0.44
75600	0.45	0.46	0.46	0	0	0.45
75700	0.44	0.46	0.46	0	0	0.44
75800	0.44	0.46	0.46	0	0	0.44
75900	0.44	0.46	0.46	0	0	0.44
76000	0.44	0.46	0.46	0	0	0.44
76100	0.44	0.46	0.46	0	0	0.44
76200	0.44	0.46	0.46	0	0	0.44
76300	0.44	0.46	0.46	0	0	0.44
76400	0.44	0.46	0.46	0	0	0.44
76500	0.44	0.46	0.46	0	0	0.44
76600	0.44	0.46	0.46	0	0	0.44
76700	0.44	0.46	0.46	0	0	0.44
76800	0.44	0.46	0.46	0	0	0.44
76900	0.44	0.46	0.46	0	0	0.44
77000	0.44	0.46	0.46	0	0	0.44
77100	0.44	0.46	0.46	0	0	0.44
77200	0.44	0.46	0.46	0	0	0.44
77300	0.44	0.46	0.46	0	0	0.44
77400	0.44	0.46	0.46	0	0	0.44
77500	0.44	0.46	0.46	0	0	0.44
77600	0.45	0.46	0.46	0	0	0.45
77700	0.45	0.46	0.46	0	0	0.45
77800	0.45	0.46	0.46	0	0	0.45
77900	0.45	0.46	0.46	0	0	0.45
78000	0.45	0.46	0.46	0	0	0.45
78100	0.45	0.46	0.46	0	0	0.45
78200	0.45	0.46	0.46	0	0	0.45
78300	0.45	0.46	0.46	0	0	0.45
78400	0.45	0.46	0.46	0	0	0.45
78500	0.45	0.46	0.46	0	0	0.45
78600	0.45	0.46	0.46	0	0	0.45
78700	0.45	0.46	0.46	0	0	0.45
78800	0.45	0.46	0.46	0	0	0.45
78900	0.45	0.46	0.46	0	0	0.45
79000	0.45	0.46	0.46	0	0	0.45
79100	0.45	0.45	0.45	0	0	0.45
79200	0.45	0.45	0.45	0	0	0.45
79300	0.45	0.45	0.45	0	0	0.45
79400	0.45	0.45	0.45	0	0	0.45
79500	0.45	0.45	0.45	0	0	0.45
79600	0.46	0.45	0.45	0	0	0.46
79700	0.46	0.45	0.45	0	0	0.46
79800	0.46	0.45	0.45	0	0	0.46
79900	0.46	0.45	0.45	0	0	0.46
80000	0.46	0.45	0.45	0	0	0.46
80100	0.46	0.45	0.45	0	0	0.46
80200	0.46	0.45	0.45	0	0	0.46
80300	0.46	0.45	0.45	0	0	0.46
80400	0.46	0.45	0.45	0	0	0.46
80500	0.46	0.45	0.45	0	0	0.46
80600	0.47	0.45	0.45	0	0	0.47
80700	0.47	0.45	0.45	0	0	0.47
80800	0.47	0.45	0.45	0	0	0.47
80900	0.45	0.46	0.46	0	0	0.45
81000	0.45	0.46	0.46	0	0	0.45
81100	0.45	0.46	0.46	0	0	0.45
81200	0.45	0.46	0.46	0	0	0.45
81300	0.45	0.46	0.46	0	0	0.45
81400	0.45	0.46	0.46	0	0	0.45
81500	0.45	0.46	0.46	0	0	0.45
81600	0.45	0.46	0.46	0	0	0.45
81700	0.44	0.46	0.46	0	0	0.44
81800	0.44	0.46	0.46	0	0	0.44
81900	0.44	0.46	0.46	0	0	0.44
82000	0.44	0.46	0.46	0	0	0.44
82100	0.44	0.46	0.46	0	0	0.44
82200	0.44	0.46	0.46	0	0	0.44
82300	0.44	0.46	0.46	0	0	0.44
82400	0.44	0.46	0.46	0	0	0.44
82500	0.44	0.46	0.46	0	0	0.44
82600	0.44	0.46	0.46	0	0	0.44
82700	0.44	0.46	0.46	0	0	0.44
82800	0.44	0.46	0.46	0	0	0.44
82900	0.44	0.46	0.46	0	0	0.44
83000	0.44	0.46	0.46	0	0	0.44
83100	0.44	0.46	0.46	0	0	0.44
83200	0.44	0.46	0.46	0	0	0.44
83300	0.44	0.46	0.46	0	0	0.44
83400	0.44	0.46	0.46	0	0	0.44
83500	0.44	0.46	0.46	0	0	0.44
83600	0.45	0.46	0.46	0	0	0.45
83700	0.45	0.46	0.46	0	0	0.45
83800	0.45	0.46	0.46	0	0	0.45
83900	0.45	0.46	0.46	0	0	0.45
84000	0.45	0.46	0.46	0	0	0.45
84100	0.45	0.46	0.46	0	0	0.45
84200	0.45	0.46	0.46	0	0	0.45
84300	0.45	0.46	0.46	0	0	0.45
84400	0.45	0.46	0.46	0	0	0.45
84500	0.45	0.46	0.46	0	0	0.45
84600	0.45	0.46	0.46	0	0	0.45
84700	0.45	0.46	0.46	0	0	0.45
84800	0.45	0.46	0.46	0	0	0.45
84900	0.45	0.46	0.46	0	0	0.45
85000	0.45	0.46	0.46	0	0	0.45
85100	0.45	0.46	0.46	0	0	0.45
85200	0.45	0.46	0.46	0	0	0.45
85300	0.46	0.46	0.46	0	0	0.46
85400	0.46	0.46	0.46	0	0	0.46
85500	0.46	0.46	0.46	0	0	0.46
85600	0.46	0.46	0.46	0	0	0.46
85700	0.46	0.46	0.46	0	0	0.46
85800	0.46	0.46	0.46	0	0	0.46
85900	0.46	0.47	0.47	0	0	0.46
86000	0.46	0.46	0.46	0	0	0.46
86100	0.46	0.46	0.46	0	0	0.46
86200	0.46	0.46	0.46	0	0	0.46
86300	0.47	0.46	0.46	0	0	0.47
86400	0.47	0.46	0.46	0	0	0.47
86500	0.47	0.46	0.46	0	0	0.47
86600	0.47	0.46	0.46	0	0	0.47
86700	0.47	0.46	0.46	0	0	0.47
86800	0.47	0.46	0.46	0	0	0.47
86900	0.47	0.46	0.46	0	0	0.47
87000	0.47	0.47	0.47	0	0	0.47
87100	0.47	0.47	0.47	0	0	0.47
87200	0.47	0.47	0.47	0	0	0.47
87300	0.47	0.47	0.47	0	0	0.47
87400	0.47	0.47	0.47	0	0	0.47
87500	0.47	0.47	0.47	0	0	0.47
87600	0.47	0.48	0.48	0	0	0.47
87700	0.46	0.48	0.48	0	0	0.46
87800	0.46	0.48	0.48	0	0	0.46
87900	0.46	0.48	0.48	0	0	0.46
88000	0.46	0.48	0.48	0	0	0.46
88100	0.46	0.48	0.48	0	0	0.46
88200	0.46	0.48	0.48	0	0	0.46
88300	0.46	0.48	0.48	0	0	0.46
88400	0.46	0.48	0.48	0	0	0.46
88500	0.46	0.48	0.48	0	0	0.46
88600	0.47	0.49	0.49	0	0	0.47
88700	0.47	0.49	0.49	0	0	0.47
88800	0.46	0.49	0.49	0	0	0.46
88900	0.46	0.49	0.49	0	0	0.46
89000	0.46	0.49	0.49	0	0	0.46
89100	0.46	0.49	0.49	0	0	0.46
89200	0.46	0.49	0.49	0	0	0.46
89300	0.46	0.49	0.49	0	0	0.46
89400	0.46	0.49	0.49	0	0	0.46
89500	0.47	0.49	0.49	0	0	0.47
89600	0.47	0.49	0.49	0	0	0.47
89700	0.47	0.49	0.49	0	0	0.47
89800	0.47	0.49	0.49	0	0	0.47
89900	0.47	0.49	0.49	0	0	0.47
90000	0.47	0.49	0.49	0	0	0.47
90100	0.47	0.49	0.49	0	0	0.47
90200	0.47	0.49	0.49	0	0	0.47
90300	0.47	0.49	0.49	0	0	0.47
90400	0.47	0.49	0.49	0	0	0.47
90500	0.47	0.49	0.49	0	0	0.47
90600	0.47	0.49	0.49	0	0	0.47
90700	0.47	0.49	0.49	0	0	0.47
90800	0.47	0.49	0.49	0	0	0.47
90900	0.47	0.49	0.49	0	0	0.47
91000	0.47	0.49	0.49	0	0	0.47
91100	0.47	0.49	0.49	0	0	0.47
91200	0.47	0.49	0.49	0	0	0.47
91300	0.47	0.49	0.49	0	0	0.47
91400	0.47	0.49	0.49	0	0	0.47
91500	0.47	0.49	0.49	0	0	0.47
91600	0.47	0.49	0.49	0	0	0.47
91700	0.47	0.49	0.49	0	0	0.47
91800	0.47	0.49	0.49	0	0	0.47
91900	0.47	0.49	0.49	0	0	0.47
92000	0.47	0.49	0.49	0	0	0.47
92100	0.47	0.49	0.49	0	0	0.47
92200	0.47	0.49	0.49	0	0	0.47
92300	0.47	0.49	0.49	0	0	0.47
92400	0.47	0.49	0.49	0	0	0.47
92500	0.46	0.49	0.49	0	0	0.46
92600	0.46	0.49	0.49	0	0	0.46
92700	0.46	0.49	0.49	0	0	0.46
92800	0.46	0.49	0.49	0	0	0.46
92900	0.46	0.49	0.49	0	0	0.46
93000	0.46	0.49	0.49	0	0	0.46
93100	0.46	0.49	0.49	0	0	0.46
93200	0.46	0.48	0.48	0	0	0.46
93300	0.46	0.48	0.48	0	0	0.46
93400	0.46	0.48	0.48	0	0	0.46
93500	0.46	0.49	0.49	0	0	0.46
93600	0.46	0.49	0.49	0	0	0.46
93700	0.46	0.49	0.49	0	0	0.46
93800	0.46	0.49	0.49	0	0	0.46
93900	0.47	0.5	0.5	0	0	0.47
94000	0.47	0.49	0.49	0	0	0.47
94100	0.47	0.49	0.49	0	0	0.47
94200	0.47	0.49	0.49	0	0	0.47
94300	0.47	0.49	0.49	0	0	0.47
94400	0.47	0.49	0.49	0	0	0.47
94500	0.47	0.49	0.49	0	0	0.47
94600	0.47	0.49	0.49	0	0	0.47
94700	0.47	0.49	0.49	0	0	0.47
94800	0.47	0.49	0.49	0	0	0.47
94900	0.47	0.49	0.49	0	0	0.47
95000	0.47	0.49	0.49	0	0	0.47
95100	0.47	0.49	0.49	0	0	0.47
95200	0.47	0.49	0.49	0	0	0.47
95300	0.47	0.49	0.49	0	0	0.47
95400	0.47	0.49	0.49	0	0	0.47
95500	0.47	0.49	0.49	0	0	0.47
95600	0.47	0.49	0.49	0	0	0.47
95700	0.47	0.49	0.49	0	0	0.47
95800	0.47	0.49	0.49	0	0	0.47
95900	0.47	0.49	0.49	0	0	0.47
96000	0.47	0.49	0.49	0	0	0.47
96100	0.47	0.49	0.49	0	0	0.47
96200	0.47	0.49	0.49	0	0	0.47
96300	0.47	0.49	0.49	0	0	0.47
96400	0.47	0.49	0.49	0	0	0.47
96500	0.47	0.49	0.49	0	0	0.47
96600	0.47	0.49	0.49	0	0	0.47
96700	0.47	0.49	0.49	0	0	0.47
96800	0.47	0.49	0.49	0	0	0.47
96900	0.46	0.49	0.49	0	0	0.46
97000	0.46	0.49	0.49	0	0	0.46
97100	0.46	0.49	0.49	0	0	0.46
97200	0.46	0.49	0.49	0	0	0.46
97300	0.46	0.49	0.49	0	0	0.46
97400	0.46	0.49	0.49	0	0	0.46
97500	0.46	0.49	0.49	0	0	0.46
97600	0.46	0.49	0.49	0	0	0.46
97700	0.47	0.49	0.49	0	0	0.47
97800	0.47	0.49	0.49	0	0	0.47
97900	0.47	0.49	0.49	0	0	0.47
98000	0.47	0.49	0.49	0	0	0.47
98100	0.47	0.49	0.49	0	0	0.47
98200	0.47	0.49	0.49	0	0	0.47
98300	0.47	0.49	0.49	0	0	0.47
98400	0.47	0.49	0.49	0	0	0.47
98500	0.47	0.5	0.5	0	0	0.47
98600	0.47	0.5	0.5	0	0	0.47
98700	0.47	0.5	0.5	0	0	0.47
98800	0.47	0.5	0.5	0	0	0.47
98900	0.47	0.5	0.5	0	0	0.47
99000	0.47	0.5	0.5	0	0	0.47
99100	0.47	0.5	0.5	0	0	0.47
99200	0.47	0.5	0.5	0	0	0.47
99300	0.47	0.5	0.5	0	0	0.47
99400	0.47	0.5	0.5	0	0	0.47
99500	0.47	0.5	0.5	0	0	0.47
99600	0.47	0.5	0.5	0	0	0.47
99700	0.47	0.5	0.5	0	0	0.47
99800	0.47	0.5	0.5	0	0	0.47
99900	0.47	0.5	0.5	0	0	0.47
100000	0.47	0.5	0.5	0	0	0.47
100100	0.47	0.5	0.5	0	0	0.47
100200	0.47	0.5	0.5	0	0	0.47
100300	0.47	0.5	0.5	0	0	0.47
100400	0.47	0.5	0.5	0	0	0.47
100500	0.47	0.5	0.5	0	0	0.47
100600	0.47	0.5	0.5	0	0	0.47
100700	0.47	0.5	0.5	0	0	0.47
100800	0.47	0.5	0.5	0	0	0.47
100900	0.47	0.5	0.5	0	0	0.47
101000	0.47	0.5	0.5	0	0	0.47
101100	0.47	0.5	0.5	0	0	0.47
101200	0.47	0.5	0.5	0	0	0.47
101300	0.47	0.5	0.5	0	0	0.47
101400	0.47	0.5	0.5	0	0	0.47
101500	0.47	0.5	0.5	0	0	0.47
101600	0.47	0.5	0.5	0	0	0.47
101700	0.47	0.5	0.5	0	0	0.47
101800	0.47	0.5	0.5	0	0	0.47
101900	0.47	0.5	0.5	0	0	0.47
102000	0.47	0.5	0.5	0	0	0.47
102100	0.47	0.5	0.5	0	0	0.47
102200	0.47	0.5	0.5	0	0	0.47
102300	0.47	0.5	0.5	0	0	0.47
102400	0.48	0.5	0.5	0	0	0.48
102500	0.48	0.5	0.5	0	0	0.48
102600	0.48	0.5	0.5	0	0	0.48
102700	0.48	0.5	0.5	0	0	0.48
102800	0.48	0.5	0.5	0	0	0.48
102900	0.48	0.5	0.5	0	0	0.48
103000	0.48	0.5	0.5	0	0	0.48
103100	0.48	0.5	0.5	0	0	0.48
103200	0.48	0.5	0.5	0	0	0.48
103300	0.48	0.5	0.5	0	0	0.48
103400	0.48	0.5	0.5	0	0	0.48
103500	0.48	0.5	0.5	0	0	0.48
103600	0.48	0.5	0.5	0	0	0.48
103700	0.48	0.5	0.5	0	0	0.48
103800	0.48	0.5	0.5	0	0	0.48
103900	0.48	0.5	0.5	0	0	0.48
104000	0.48	0.5	0.5	0	0	0.48
104100	0.48	0.5	0.5	0	0	0.48
104200	0.48	0.5	0.5	0	0	0.48
104300	0.48	0.5	0.5	0	0	0.48
104400	0.48	0.5	0.5	0	0	0.48
104500	0.48	0.5	0.5	0	0	0.48
104600	0.48	0.5	0.5	0	0	0.48
104700	0.48	0.5	0.5	0	0	0.48
104800	0.48	0.5	0.5	0	0	0.48
104900	0.48	0.5	0.5	0	0	0.48
105000	0.48	0.5	0.5	0	0	0.48
105100	0.48	0.5	0.5	0	0	0.48
105200	0.48	0.5	0.5	0	0	0.48
105300	0.47	0.5	0.5	0	0	0.47
105400	0.47	0.5	0.5	0	0	0.47
105500	0.47	0.5	0.5	0	0	0.47
105600	0.47	0.5	0.5	0	0	0.47
105700	0.47	0.5	0.5	0	0	0.47
105800	0.47	0.5	0.5	0	0	0.47
105900	0.47	0.5	0.5	0	0	0.47
106000	0.47	0.5	0.5	0	0	0.47
106100	0.47	0.5	0.5	0	0	0.47
106200	0.47	0.5	0.5	0	0	0.47
106300	0.47	0.5	0.5	0	0	0.47
106400	0.47	0.5	0.5	0	0	0.47
106500	0.47	0.5	0.5	0	0	0.47
106600	0.47	0.5	0.5	0	0	0.47
106700	0.47	0.5	0.5	0	0	0.47
106800	0.47	0.5	0.5	0	0	0.47
106900	0.47	0.5	0.5	0	0	0.47
107000	0.47	0.5	0.5	0	0	0.47
107100	0.47	0.5	0.5	0	0	0.47
107200	0.47	0.5	0.5	0	0	0.47
107300	0.47	0.5	0.5	0	0	0.47
107400	0.47	0.5	0.5	0	0	0.47
107500	0.47	0.5	0.5	0	0	0.47
107600	0.47	0.5	0.5	0	0	0.47
107700	0.47	0.5	0.5	0	0	0.47
107800	0.47	0.5	0.5	0	0	0.47
107900	0.47	0.5	0.5	0	0	0.47
108000	0.47	0.5	0.5	0	0	0.47
108100	0.47	0.5	0.5	0	0	0.47
108200	0.47	0.5	0.5	0	0	0.47
108300	0.48	0.5	0.5	0	0	0.48
108400	0.48	0.5	0.5	0	0	0.48
108500	0.48	0.5	0.5	0	0	0.48
108600	0.48	0.5	0.5	0	0	0.48
108700	0.48	0.5	0.5	0	0	0.48
108800	0.47	0.5	0.5	0	0	0.47
108900	0.47	0.5	0.5	0	0	0.47
109000	0.47	0.5	0.5	0	0	0.47
109100	0.47	0.5	0.5	0	0	0.47
109200	0.47	0.5	0.5	0	0	0.47
109300	0.47	0.5	0.5	0	0	0.47
109400	0.47	0.5	0.5	0	0	0.47
109500	0.47	0.5	0.5	0	0	0.47
109600	0.47	0.5	0.5	0	0	0.47
109700	0.47	0.5	0.5	0	0	0.47
109800	0.47	0.5	0.5	0	0	0.47
109900	0.47	0.5	0.5	0	0	0.47
110000	0.47	0.5	0.5	0	0	0.47
110100	0.47	0.5	0.5	0	0	0.47
110200	0.47	0.5	0.5	0	0	0.47
110300	0.47	0.5	0.5	0	0	0.47
110400	0.47	0.5	0.5	0	0	0.47
110500	0.47	0.5	0.5	0	0	0.47
110600	0.47	0.5	0.5	0	0	0.47
110700	0.47	0.5	0.5	0	0	0.47
110800	0.47	0.5	0.5	0	0	0.47
110900	0.47	0.5	0.5	0	0	0.47
111000	0.47	0.5	0.5	0	0	0.47
111100	0.47	0.5	0.5	0	0	0.47
111200	0.47	0.5	0.5	0	0	0.47
111300	0.47	0.5	0.5	0	0	0.47
111400	0.47	0.5	0.5	0	0	0.47
111500	0.47	0.5	0.5	0	0	0.47
111600	0.48	0.5	0.5	0	0	0.48
111700	0.47	0.5	0.5	0	0	0.47
111800	0.47	0.5	0.5	0	0	0.47
111900	0.47	0.5	0.5	0	0	0.47
112000	0.47	0.5	0.5	0	0	0.47
112100	0.47	0.5	0.5	0	0	0.47
112200	0.47	0.5	0.5	0	0	0.47
112300	0.47	0.5	0.5	0	0	0.47
112400	0.47	0.5	0.5	0	0	0.47
112500	0.47	0.5	0.5	0	0	0.47
112600	0.47	0.5	0.5	0	0	0.47
112700	0.47	0.5	0.5	0	0	0.47
112800	0.47	0.5	0.5	0	0	0.47
112900	0.47	0.5	0.5	0	0	0.47
113000	0.47	0.5	0.5	0	0	0.47
113100	0.47	0.5	0.5	0	0	0.47
113200	0.48	0.5	0.5	0	0	0.48
113300	0.48	0.5	0.5	0	0	0.48
113400	0.48	0.5	0.5	0	0	0.48
113500	0.48	0.49	0.49	0	0	0.48
113600	0.48	0.49	0.49	0	0	0.48
113700	0.48	0.49	0.49	0	0	0.48
113800	0.48	0.49	0.49	0	0	0.48
113900	0.48	0.49	0.49	0	0	0.48
114000	0.48	0.49	0.49	0	0	0.48
114100	0.48	0.49	0.49	0	0	0.48
114200	0.48	0.49	0.49	0	0	0.48
114300	0.48	0.49	0.49	0	0	0.48
114400	0.48	0.49	0.49	0	0	0.48
114500	0.48	0.49	0.49	0	0	0.48
114600	0.48	0.49	0.49	0	0	0.48
114700	0.48	0.49	0.49	0	0	0.48
114800	0.48	0.49	0.49	0	0	0.48
114900	0.48	0.49	0.49	0	0	0.48
115000	0.48	0.49	0.49	0	0	0.48
115100	0.48	0.49	0.49	0	0	0.48
115200	0.48	0.49	0.49	0	0	0.48
115300	0.48	0.49	0.49	0	0	0.48
115400	0.48	0.49	0.49	0	0	0.48
115500	0.48	0.49	0.49	0	0	0.48
115600	0.48	0.49	0.49	0	0	0.48
115700	0.48	0.49	0.49	0	0	0.48
115800	0.49	0.49	0.49	0	0	0.49
115900	0.49	0.49	0.49	0	0	0.49
116000	0.49	0.49	0.49	0	0	0.49
116100	0.49	0.49	0.49	0	0	0.49
116200	0.49	0.49	0.49	0	0	0.49
116300	0.49	0.49	0.49	0	0	0.49
116400	0.48	0.49	0.49	0	0	0.48
116500	0.48	0.49	0.49	0	0	0.48
116600	0.48	0.49	0.49	0	0	0.48
116700	0.48	0.49	0.49	0	0	0.48
116800	0.48	0.49	0.49	0	0	0.48
116900	0.48	0.49	0.49	0	0	0.48
117000	0.48	0.49	0.49	0	0	0.48
117100	0.49	0.49	0.49	0	0	0.49
117200	0.49	0.49	0.49	0	0	0.49
117300	0.49	0.49	0.49	0	0	0.49
117400	0.49	0.49	0.49	0	0	0.49
117500	0.49	0.49	0.49	0	0	0.49
117600	0.49	0.49	0.49	0	0	0.49
117700	0.49	0.49	0.49	0	0	0.49
117800	0.49	0.49	0.49	0	0	0.49
117900	0.49	0.49	0.49	0	0	0.49
118000	0.49	0.49	0.49	0	0	0.49
118100	0.49	0.49	0.49	0	0	0.49
118200	0.49	0.49	0.49	0	0	0.49
118300	0.49	0.49	0.49	0	0	0.49
118400	0.49	0.49	0.49	0	0	0.49
118500	0.49	0.49	0.49	0	0	0.49
118600	0.49	0.49	0.49	0	0	0.49
118700	0.49	0.49	0.49	0	0	0.49
118800	0.49	0.49	0.49	0	0	0.49
118900	0.49	0.49	0.49	0	0	0.49
119000	0.49	0.49	0.49	0	0	0.49
119100	0.49	0.49	0.49	0	0	0.49
119200	0.49	0.49	0.49	0	0	0.49
119300	0.49	0.49	0.49	0	0	0.49
119400	0.49	0.49	0.49	0	0	0.49
119500	0.49	0.49	0.49	0	0	0.49
119600	0.49	0.49	0.49	0	0	0.49
119700	0.49	0.49	0.49	0	0	0.49
119800	0.49	0.49	0.49	0	0	0.49
119900	0.49	0.49	0.49	0	0	0.49
120000	0.49	0.49	0.49	0	0	0.49
120100	0.49	0.49	0.49	0	0	0.49
120200	0.49	0.49	0.49	0	0	0.49
120300	0.49	0.49	0.49	0	0	0.49
120400	0.49	0.49	0.49	0	0	0.49
120500	0.49	0.49	0.49	0	0	0.49
120600	0.49	0.49	0.49	0	0	0.49
120700	0.48	0.49	0.49	0	0	0.48
120800	0.48	0.49	0.49	0	0	0.48
120900	0.48	0.49	0.49	0	0	0.48
121000	0.48	0.49	0.49	0	0	0.48
121100	0.48	0.49	0.49	0	0	0.48
121200	0.47	0.49	0.49	0	0	0.47
121300	0.47	0.49	0.49	0	0	0.47
121400	0.47	0.49	0.49	0	0	0.47
121500	0.47	0.49	0.49	0	0	0.47
121600	0.47	0.49	0.49	0	0	0.47
121700	0.47	0.49	0.49	0	0	0.47
121800	0.47	0.49	0.49	0	0	0.47
121900	0.47	0.49	0.49	0	0	0.47
122000	0.47	0.49	0.49	0	0	0.47
122100	0.47	0.49	0.49	0	0	0.47
122200	0.47	0.49	0.49	0	0	0.47
122300	0.47	0.49	0.49	0	0	0.47
122400	0.47	0.49	0.49	0	0	0.47
122500	0.47	0.49	0.49	0	0	0.47
122600	0.47	0.49	0.49	0	0	0.47
122700	0.47	0.49	0.49	0	0	0.47
122800	0.47	0.49	0.49	0	0	0.47
122900	0.47	0.49	0.49	0	0	0.47
123000	0.47	0.49	0.49	0	0	0.47
123100	0.47	0.48	0.48	0	0	0.47
123200	0.47	0.48	0.48	0	0	0.47
123300	0.47	0.48	0.48	0	0	0.47
123400	0.47	0.48	0.48	0	0	0.47
123500	0.47	0.48	0.48	0	0	0.47
123600	0.47	0.48	0.48	0	0	0.47
123700	0.47	0.47	0.47	0	0	0.47
123800	0.47	0.47	0.47	0	0	0.47
123900	0.47	0.47	0.47	0	0	0.47
124000	0.47	0.47	0.47	0	0	0.47
124100	0.47	0.47	0.47	0	0	0.47
124200	0.47	0.47	0.47	0	0	0.47
124300	0.47	0.46	0.46	0	0	0.47
124400	0.47	0.46	0.46	0	0	0.47
124500	0.47	0.46	0.46	0	0	0.47
124600	0.47	0.46	0.46	0	0	0.47
124700	0.47	0.46	0.46	0	0	0.47
124800	0.47	0.45	0.45	0	0	0.47
124900	0.47	0.45	0.45	0	0	0.47
125000	0.47	0.45	0.45	0	0	0.47
125100	0.47	0.45	0.45	0	0	0.47
125200	0.47	0.45	0.45	0	0	0.47
125300	0.47	0.45	0.45	0	0	0.47
125400	0.47	0.45	0.45	0	0	0.47
125500	0.47	0.45	0.45	0	0	0.47
125600	0.47	0.45	0.45	0	0	0.47
125700	0.47	0.45	0.45	0	0	0.47
125800	0.47	0.45	0.45	0	0	0.47
125900	0.47	0.45	0.45	0	0	0.47
126000	0.47	0.45	0.45	0	0	0.47
126100	0.48	0.45	0.45	0	0	0.48
126200	0.47	0.45	0.45	0	0	0.47
126300	0.47	0.45	0.45	0	0	0.47
126400	0.47	0.45	0.45	0	0	0.47
126500	0.47	0.45	0.45	0	0	0.47
126600	0.47	0.45	0.45	0	0	0.47
126700	0.47	0.45	0.45	0	0	0.47
126800	0.47	0.45	0.45	0	0	0.47
126900	0.47	0.45	0.45	0	0	0.47
127000	0.47	0.45	0.45	0	0	0.47
127100	0.48	0.45	0.45	0	0	0.48
127200	0.48	0.45	0.45	0	0	0.48
127300	0.48	0.45	0.45	0	0	0.48
127400	0.48	0.45	0.45	0	0	0.48
127500	0.48	0.45	0.45	0	0	0.48
127600	0.48	0.45	0.45	0	0	0.48
127700	0.48	0.45	0.45	0	0	0.48
127800	0.48	0.45	0.45	0	0	0.48
127900	0.48	0.45	0.45	0	0	0.48
128000	0.48	0.45	0.45	0	0	0.48
128100	0.48	0.45	0.45	0	0	0.48
128200	0.48	0.45	0.45	0	0	0.48
128300	0.48	0.45	0.45	0	0	0.48
128400	0.48	0.45	0.45	0	0	0.48
128500	0.48	0.45	0.45	0	0	0.48
128600	0.48	0.45	0.45	0	0	0.48
128700	0.48	0.45	0.45	0	0	0.48
128800	0.48	0.46	0.46	0	0	0.48
128900	0.48	0.46	0.46	0	0	0.48
129000	0.48	0.46	0.46	0	0	0.48
129100	0.48	0.46	0.46	0	0	0.48
129200	0.48	0.46	0.46	0	0	0.48
129300	0.48	0.46	0.46	0	0	0.48
129400	0.48	0.47	0.47	0	0	0.48
129500	0.48	0.46	0.46	0	0	0.48
129600	0.48	0.47	0.47	0	0	0.48
129700	0.48	0.47	0.47	0	0	0.48
129800	0.48	0.47	0.47	0	0	0.48
129900	0.48	0.47	0.47	0	0	0.48
130000	0.48	0.47	0.47	0	0	0.48
130100	0.48	0.47	0.47	0	0	0.48
130200	0.48	0.47	0.47	0	0	0.48
130300	0.48	0.47	0.47	0	0	0.48
130400	0.48	0.47	0.47	0	0	0.48
130500	0.48	0.48	0.48	0	0	0.48
130600	0.48	0.48	0.48	0	0	0.48
130700	0.48	0.48	0.48	0	0	0.48
130800	0.48	0.48	0.48	0	0	0.48
130900	0.48	0.48	0.48	0	0	0.48
131000	0.48	0.48	0.48	0	0	0.48
131100	0.48	0.48	0.48	0	0	0.48
131200	0.48	0.48	0.48	0	0	0.48
131300	0.48	0.48	0.48	0	0	0.48
131400	0.48	0.48	0.48	0	0	0.48
131500	0.48	0.48	0.48	0	0	0.48
131600	0.48	0.48	0.48	0	0	0.48
131700	0.48	0.48	0.48	0	0	0.48
131800	0.48	0.48	0.48	0	0	0.48
131900	0.48	0.48	0.48	0	0	0.48
132000	0.48	0.48	0.48	0	0	0.48
132100	0.48	0.48	0.48	0	0	0.48
132200	0.48	0.48	0.48	0	0	0.48
132300	0.48	0.48	0.48	0	0	0.48
132400	0.48	0.48	0.48	0	0	0.48
132500	0.48	0.48	0.48	0	0	0.48
132600	0.48	0.48	0.48	0	0	0.48
132700	0.48	0.48	0.48	0	0	0.48
132800	0.48	0.48	0.48	0	0	0.48
132900	0.48	0.48	0.48	0	0	0.48
133000	0.48	0.48	0.48	0	0	0.48
133100	0.48	0.48	0.48	0	0	0.48
133200	0.48	0.48	0.48	0	0	0.48
133300	0.48	0.48	0.48	0	0	0.48
133400	0.48	0.48	0.48	0	0	0.48
133500	0.48	0.48	0.48	0	0	0.48
133600	0.48	0.48	0.48	0	0	0.48
133700	0.48	0.48	0.48	0	0	0.48
133800	0.48	0.48	0.48	0	0	0.48
133900	0.48	0.48	0.48	0	0	0.48
134000	0.48	0.48	0.48	0	0	0.48
134100	0.48	0.48	0.48	0	0	0.48
134200	0.48	0.48	0.48	0	0	0.48
134300	0.48	0.48	0.48	0	0	0.48
134400	0.48	0.48	0.48	0	0	0.48
134500	0.48	0.48	0.48	0	0	0.48
134600	0.48	0.48	0.48	0	0	0.48
134700	0.48	0.48	0.48	0	0	0.48
134800	0.48	0.48	0.48	0	0	0.48
134900	0.48	0.48	0.48	0	0	0.48
135000	0.48	0.48	0.48	0	0	0.48
135100	0.48	0.48	0.48	0	0	0.48
135200	0.48	0.48	0.48	0	0	0.48
135300	0.48	0.48	0.48	0	0	0.48
135400	0.48	0.48	0.48	0	0	0.48
135500	0.48	0.5	0.5	0	0	0.48
135600	0.48	0.49	0.49	0	0	0.48
135700	0.48	0.49	0.49	0	0	0.48
135800	0.48	0.49	0.49	0	0	0.48
135900	0.48	0.49	0.49	0	0	0.48
136000	0.48	0.49	0.49	0	0	0.48
136100	0.48	0.49	0.49	0	0	0.48
136200	0.48	0.49	0.49	0	0	0.48
136300	0.48	0.49	0.49	0	0	0.48
136400	0.48	0.49	0.49	0	0	0.48
136500	0.48	0.49	0.49	0	0	0.48
136600	0.48	0.49	0.49	0	0	0.48
136700	0.48	0.49	0.49	0	0	0.48
136800	0.48	0.49	0.49	0	0	0.48
136900	0.48	0.49	0.49	0	0	0.48
137000	0.48	0.49	0.49	0	0	0.48
137100	0.48	0.49	0.49	0	0	0.48
137200	0.48	0.49	0.49	0	0	0.48
137300	0.48	0.49	0.49	0	0	0.48
137400	0.48	0.49	0.49	0	0	0.48
137500	0.48	0.49	0.49	0	0	0.48
137600	0.48	0.49	0.49	0	0	0.48
137700	0.49	0.49	0.49	0	0	0.49
137800	0.49	0.49	0.49	0	0	0.49
137900	0.49	0.49	0.49	0	0	0.49
138000	0.48	0.49	0.49	0	0	0.48
138100	0.48	0.49	0.49	0	0	0.48
138200	0.48	0.49	0.49	0	0	0.48
138300	0.48	0.49	0.49	0	0	0.48
138400	0.48	0.49	0.49	0	0	0.48
138500	0.48	0.49	0.49	0	0	0.48
138600	0.48	0.49	0.49	0	0	0.48
138700	0.48	0.49	0.49	0	0	0.48
138800	0.48	0.49	0.49	0	0	0.48
138900	0.48	0.49	0.49	0	0	0.48
139000	0.48	0.49	0.49	0	0	0.48
139100	0.48	0.49	0.49	0	0	0.48
139200	0.48	0.49	0.49	0	0	0.48
139300	0.48	0.49	0.49	0	0	0.48
139400	0.48	0.49	0.49	0	0	0.48
139500	0.48	0.49	0.49	0	0	0.48
139600	0.48	0.49	0.49	0	0	0.48
139700	0.48	0.49	0.49	0	0	0.48
139800	0.48	0.49	0.49	0	0	0.48
139900	0.47	0.49	0.49	0	0	0.47
140000	0.47	0.49	0.49	0	0	0.47
140100	0.47	0.49	0.49	0	0	0.47
140200	0.47	0.49	0.49	0	0	0.47
140300	0.47	0.49	0.49	0	0	0.47
140400	0.47	0.49	0.49	0	0	0.47
140500	0.47	0.49	0.49	0	0	0.47
140600	0.47	0.49	0.49	0	0	0.47
140700	0.47	0.49	0.49	0	0	0.47
140800	0.47	0.49	0.49	0	0	0.47
140900	0.47	0.49	0.49	0	0	0.47
141000	0.47	0.49	0.49	0	0	0.47
141100	0.47	0.49	0.49	0	0	0.47
141200	0.47	0.49	0.49	0	0	0.47
141300	0.47	0.49	0.49	0	0	0.47
141400	0.47	0.5	0.5	0	0	0.47
141500	0.47	0.5	0.5	0	0	0.47
141600	0.47	0.5	0.5	0	0	0.47
141700	0.47	0.5	0.5	0	0	0.47
141800	0.47	0.5	0.5	0	0	0.47
141900	0.47	0.5	0.5	0	0	0.47
142000	0.47	0.5	0.5	0	0	0.47
142100	0.47	0.5	0.5	0	0	0.47
142200	0.47	0.5	0.5	0	0	0.47
142300	0.46	0.5	0.5	0	0	0.46
142400	0.46	0.5	0.5	0	0	0.46
142500	0.46	0.5	0.5	0	0	0.46
142600	0.46	0.5	0.5	0	0	0.46
142700	0.46	0.5	0.5	0	0	0.46
142800	0.46	0.5	0.5	0	0	0.46
142900	0.46	0.5	0.5	0	0	0.46
143000	0.46	0.5	0.5	0	0	0.46
143100	0.46	0.5	0.5	0	0	0.46
143200	0.46	0.5	0.5	0	0	0.46
143300	0.46	0.5	0.5	0	0	0.46
143400	0.46	0.5	0.5	0	0	0.46
143500	0.46	0.5	0.5	0	0	0.46
143600	0.46	0.5	0.5	0	0	0.46
143700	0.46	0.5	0.5	0	0	0.46
143800	0.46	0.5	0.5	0	0	0.46
143900	0.46	0.5	0.5	0	0	0.46
144000	0.46	0.5	0.5	0	0	0.46
144100	0.46	0.5	0.5	0	0	0.46
144200	0.46	0.5	0.5	0	0	0.46
144300	0.46	0.5	0.5	0	0	0.46
144400	0.46	0.5	0.5	0	0	0.46
144500	0.46	0.5	0.5	0	0	0.46
144600	0.46	0.5	0.5	0	0	0.46
144700	0.46	0.5	0.5	0	0	0.46
144800	0.46	0.5	0.5	0	0	0.46
144900	0.46	0.5	0.5	0	0	0.46
145000	0.46	0.5	0.5	0	0	0.46
145100	0.46	0.5	0.5	0	0	0.46
145200	0.46	0.5	0.5	0	0	0.46
145300	0.46	0.5	0.5	0	0	0.46
145400	0.46	0.5	0.5	0	0	0.46
145500	0.46	0.5	0.5	0	0	0.46
145600	0.46	0.49	0.49	0	0	0.46
145700	0.46	0.49	0.49	0	0	0.46
145800	0.47	0.49	0.49	0	0	0.47
145900	0.47	0.49	0.49	0	0	0.47
146000	0.47	0.49	0.49	0	0	0.47
146100	0.47	0.49	0.49	0	0	0.47
146200	0.47	0.49	0.49	0	0	0.47
146300	0.47	0.49	0.49	0	0	0.47
146400	0.47	0.49	0.49	0	0	0.47
146500	0.47	0.49	0.49	0	0	0.47
146600	0.47	0.49	0.49	0	0	0.47
146700	0.47	0.49	0.49	0	0	0.47
146800	0.47	0.49	0.49	0	0	0.47
146900	0.47	0.49	0.49	0	0	0.47
147000	0.47	0.49	0.49	0	0	0.47
147100	0.47	0.49	0.49	0	0	0.47
147200	0.47	0.49	0.49	0	0	0.47
147300	0.47	0.49	0.49	0	0	0.47
147400	0.47	0.49	0.49	0	0	0.47
147500	0.47	0.49	0.49	0	0	0.47
147600	0.47	0.49	0.49	0	0	0.47
147700	0.47	0.49	0.49	0	0	0.47
147800	0.47	0.49	0.49	0	0	0.47
147900	0.47	0.49	0.49	0	0	0.47
148000	0.47	0.49	0.49	0	0	0.47
148100	0.47	0.49	0.49	0	0	0.47
148200	0.47	0.49	0.49	0	0	0.47
148300	0.47	0.49	0.49	0	0	0.47
148400	0.47	0.49	0.49	0	0	0.47
148500	0.47	0.49	0.49	0	0	0.47
148600	0.47	0.49	0.49	0	0	0.47
148700	0.47	0.49	0.49	0	0	0.47
148800	0.47	0.49	0.49	0	0	0.47
148900	0.47	0.49	0.49	0	0	0.47
149000	0.47	0.49	0.49	0	0	0.47
149100	0.47	0.49	0.49	0	0	0.47
149200	0.47	0.49	0.49	0	0	0.47
149300	0.47	0.49	0.49	0	0	0.47
149400	0.47	0.49	0.49	0	0	0.47
149500	0.47	0.49	0.49	0	0	0.47
149600	0.47	0.49	0.49	0	0	0.47
149700	0.47	0.49	0.49	0	0	0.47
149800	0.47	0.49	0.49	0	0	0.47
149900	0.47	0.49	0.49	0	0	0.47
150000	0.47	0.49	0.49	0	0	0.47
150100	0.47	0.49	0.49	0	0	0.47
150200	0.47	0.49	0.49	0	0	0.47
150300	0.47	0.49	0.49	0	0	0.47
150400	0.47	0.49	0.49	0	0	0.47
150500	0.47	0.49	0.49	0	0	0.47
150600	0.47	0.49	0.49	0	0	0.47
150700	0.47	0.49	0.49	0	0	0.47
150800	0.47	0.49	0.49	0	0	0.47
150900	0.47	0.49	0.49	0	0	0.47
151000	0.47	0.49	0.49	0	0	0.47
151100	0.47	0.49	0.49	0	0	0.47
151200	0.47	0.49	0.49	0	0	0.47
151300	0.47	0.49	0.49	0	0	0.47
151400	0.47	0.49	0.49	0	0	0.47
151500	0.47	0.49	0.49	0	0	0.47
151600	0.47	0.49	0.49	0	0	0.47
151700	0.47	0.5	0.5	0	0	0.47
151800	0.47	0.5	0.5	0	0	0.47
151900	0.47	0.5	0.5	0	0	0.47
152000	0.47	0.5	0.5	0	0	0.47
152100	0.47	0.5	0.5	0	0	0.47
152200	0.47	0.49	0.49	0	0	0.47
152300	0.47	0.49	0.49	0	0	0.47
152400	0.47	0.49	0.49	0	0	0.47
152500	0.47	0.49	0.49	0	0	0.47
152600	0.47	0.49	0.49	0	0	0.47
152700	0.47	0.49	0.49	0	0	0.47
152800	0.47	0.49	0.49	0	0	0.47
152900	0.47	0.49	0.49	0	0	0.47
153000	0.47	0.49	0.49	0	0	0.47
153100	0.47	0.49	0.49	0	0	0.47
153200	0.47	0.49	0.49	0	0	0.47
153300	0.47	0.49	0.49	0	0	0.47
153400	0.47	0.49	0.49	0	0	0.47
153500	0.47	0.49	0.49	0	0	0.47
153600	0.47	0.49	0.49	0	0	0.47
153700	0.47	0.49	0.49	0	0	0.47
153800	0.47	0.49	0.49	0	0	0.47
153900	0.47	0.49	0.49	0	0	0.47
154000	0.47	0.49	0.49	0	0	0.47
154100	0.47	0.49	0.49	0	0	0.47
154200	0.47	0.49	0.49	0	0	0.47
154300	0.47	0.49	0.49	0	0	0.47
154400	0.47	0.49	0.49	0	0	0.47
154500	0.47	0.49	0.49	0	0	0.47
154600	0.47	0.49	0.49	0	0	0.47
154700	0.47	0.49	0.49	0	0	0.47
154800	0.47	0.49	0.49	0	0	0.47
154900	0.47	0.5	0.5	0	0	0.47
155000	0.47	0.49	0.49	0	0	0.47
155100	0.47	0.49	0.49	0	0	0.47
155200	0.47	0.49	0.49	0	0	0.47
155300	0.47	0.49	0.49	0	0	0.47
155400	0.47	0.49	0.49	0	0	0.47
155500	0.47	0.49	0.49	0	0	0.47
155600	0.47	0.49	0.49	0	0	0.47
155700	0.47	0.49	0.49	0	0	0.47
155800	0.47	0.49	0.49	0	0	0.47
155900	0.47	0.49	0.49	0	0	0.47
156000	0.47	0.49	0.49	0	0	0.47
156100	0.47	0.49	0.49	0	0	0.47
156200	0.47	0.49	0.49	0	0	0.47
156300	0.47	0.49	0.49	0	0	0.47
156400	0.47	0.49	0.49	0	0	0.47
156500	0.47	0.49	0.49	0	0	0.47
156600	0.47	0.49	0.49	0	0	0.47
156700	0.47	0.49	0.49	0	0	0.47
156800	0.47	0.49	0.49	0	0	0.47
156900	0.47	0.49	0.49	0	0	0.47
157000	0.47	0.49	0.49	0	0	0.47
157100	0.47	0.49	0.49	0	0	0.47
157200	0.47	0.49	0.49	0	0	0.47
157300	0.47	0.49	0.49	0	0	0.47
157400	0.47	0.49	0.49	0	0	0.47
157500	0.47	0.48	0.48	0	0	0.47
157600	0.47	0.48	0.48	0	0	0.47
157700	0.47	0.48	0.48	0	0	0.47
157800	0.47	0.48	0.48	0	0	0.47
157900	0.47	0.48	0.48	0	0	0.47
158000	0.47	0.48	0.48	0	0	0.47
158100	0.47	0.48	0.48	0	0	0.47
158200	0.47	0.48	0.48	0	0	0.47
158300	0.47	0.48	0.48	0	0	0.47
158400	0.47	0.48	0.48	0	0	0.47
158500	0.47	0.48	0.48	0	0	0.47
158600	0.47	0.48	0.48	0	0	0.47
158700	0.47	0.48	0.48	0	0	0.47
158800	0.47	0.48	0.48	0	0	0.47
158900	0.47	0.48	0.48	0	0	0.47
159000	0.47	0.48	0.48	0	0	0.47
159100	0.47	0.48	0.48	0	0	0.47
159200	0.47	0.48	0.48	0	0	0.47
159300	0.47	0.48	0.48	0	0	0.47
159400	0.47	0.48	0.48	0	0	0.47
159500	0.47	0.48	0.48	0	0	0.47
159600	0.47	0.48	0.48	0	0	0.47
159700	0.47	0.48	0.48	0	0	0.47
159800	0.47	0.48	0.48	0	0	0.47
159900	0.47	0.48	0.48	0	0	0.47
160000	0.47	0.48	0.48	0	0	0.47
160100	0.46	0.48	0.48	0	0	0.46
160200	0.46	0.48	0.48	0	0	0.46
160300	0.46	0.48	0.48	0	0	0.46
160400	0.46	0.48	0.48	0	0	0.46
160500	0.46	0.48	0.48	0	0	0.46
160600	0.46	0.48	0.48	0	0	0.46
160700	0.46	0.48	0.48	0	0	0.46
160800	0.46	0.48	0.48	0	0	0.46
160900	0.46	0.48	0.48	0	0	0.46
161000	0.46	0.48	0.48	0	0	0.46
161100	0.46	0.48	0.48	0	0	0.46
161200	0.46	0.48	0.48	0	0	0.46
161300	0.46	0.48	0.48	0	0	0.46
161400	0.46	0.48	0.48	0	0	0.46
161500	0.46	0.48	0.48	0	0	0.46
161600	0.46	0.48	0.48	0	0	0.46
161700	0.46	0.48	0.48	0	0	0.46
161800	0.46	0.48	0.48	0	0	0.46
161900	0.46	0.48	0.48	0	0	0.46
162000	0.46	0.48	0.48	0	0	0.46
162100	0.46	0.48	0.48	0	0	0.46
162200	0.46	0.48	0.48	0	0	0.46
162300	0.46	0.48	0.48	0	0	0.46
162400	0.46	0.48	0.48	0	0	0.46
162500	0.46	0.47	0.47	0	0	0.46
162600	0.46	0.47	0.47	0	0	0.46
162700	0.46	0.47	0.47	0	0	0.46
162800	0.46	0.47	0.47	0	0	0.46
162900	0.46	0.47	0.47	0	0	0.46
163000	0.46	0.47	0.47	0	0	0.46
163100	0.46	0.48	0.48	0	0	0.46
163200	0.46	0.48	0.48	0	0	0.46
163300	0.46	0.48	0.48	0	0	0.46
163400	0.46	0.47	0.47	0	0	0.46
163500	0.46	0.47	0.47	0	0	0.46
163600	0.46	0.47	0.47	0	0	0.46
163700	0.46	0.47	0.47	0	0	0.46
163800	0.46	0.47	0.47	0	0	0.46
163900	0.46	0.47	0.47	0	0	0.46
164000	0.46	0.47	0.47	0	0	0.46
164100	0.46	0.47	0.47	0	0	0.46
164200	0.46	0.47	0.47	0	0	0.46
164300	0.46	0.47	0.47	0	0	0.46
164400	0.46	0.47	0.47	0	0	0.46
164500	0.46	0.47	0.47	0	0	0.46
164600	0.47	0.47	0.47	0	0	0.47
164700	0.46	0.47	0.47	0	0	0.46
164800	0.46	0.47	0.47	0	0	0.46
164900	0.46	0.47	0.47	0	0	0.46
165000	0.46	0.47	0.47	0	0	0.46
165100	0.46	0.47	0.47	0	0	0.46
165200	0.46	0.47	0.47	0	0	0.46
165300	0.46	0.47	0.47	0	0	0.46
165400	0.46	0.47	0.47	0	0	0.46
165500	0.46	0.47	0.47	0	0	0.46
165600	0.46	0.47	0.47	0	0	0.46
165700	0.46	0.47	0.47	0	0	0.46
165800	0.46	0.47	0.47	0	0	0.46
165900	0.46	0.47	0.47	0	0	0.46
166000	0.46	0.47	0.47	0	0	0.46
166100	0.46	0.47	0.47	0	0	0.46
166200	0.46	0.47	0.47	0	0	0.46
166300	0.46	0.47	0.47	0	0	0.46
166400	0.46	0.47	0.47	0	0	0.46
166500	0.46	0.48	0.48	0	0	0.46
166600	0.46	0.47	0.47	0	0	0.46
166700	0.46	0.48	0.48	0	0	0.46
166800	0.46	0.47	0.47	0	0	0.46
166900	0.46	0.47	0.47	0	0	0.46
167000	0.46	0.47	0.47	0	0	0.46
167100	0.46	0.47	0.47	0	0	0.46
167200	0.46	0.47	0.47	0	0	0.46
167300	0.46	0.47	0.47	0	0	0.46
167400	0.46	0.47	0.47	0	0	0.46
167500	0.46	0.47	0.47	0	0	0.46
167600	0.46	0.47	0.47	0	0	0.46
167700	0.46	0.47	0.47	0	0	0.46
167800	0.46	0.47	0.47	0	0	0.46
167900	0.46	0.47	0.47	0	0	0.46
168000	0.46	0.47	0.47	0	0	0.46
168100	0.46	0.47	0.47	0	0	0.46
168200	0.46	0.47	0.47	0	0	0.46
168300	0.46	0.47	0.47	0	0	0.46
168400	0.46	0.47	0.47	0	0	0.46
168500	0.46	0.47	0.47	0	0	0.46
168600	0.46	0.47	0.47	0	0	0.46
168700	0.46	0.47	0.47	0	0	0.46
168800	0.46	0.47	0.47	0	0	0.46
168900	0.46	0.47	0.47	0	0	0.46
169000	0.46	0.47	0.47	0	0	0.46
169100	0.46	0.47	0.47	0	0	0.46
169200	0.46	0.47	0.47	0	0	0.46
169300	0.46	0.47	0.47	0	0	0.46
169400	0.46	0.47	0.47	0	0	0.46
169500	0.46	0.47	0.47	0	0	0.46
169600	0.46	0.47	0.47	0	0	0.46
169700	0.46	0.47	0.47	0	0	0.46
169800	0.47	0.47	0.47	0	0	0.47
169900	0.47	0.47	0.47	0	0	0.47
170000	0.47	0.47	0.47	0	0	0.47
170100	0.47	0.47	0.47	0	0	0.47
170200	0.47	0.47	0.47	0	0	0.47
170300	0.47	0.47	0.47	0	0	0.47
170400	0.47	0.47	0.47	0	0	0.47
170500	0.47	0.47	0.47	0	0	0.47
170600	0.47	0.47	0.47	0	0	0.47
170700	0.47	0.47	0.47	0	0	0.47
170800	0.47	0.47	0.47	0	0	0.47
170900	0.47	0.47	0.47	0	0	0.47
171000	0.47	0.47	0.47	0	0	0.47
171100	0.47	0.47	0.47	0	0	0.47
171200	0.47	0.47	0.47	0	0	0.47
171300	0.47	0.47	0.47	0	0	0.47
171400	0.47	0.47	0.47	0	0	0.47
171500	0.47	0.47	0.47	0	0	0.47
171600	0.47	0.47	0.47	0	0	0.47
171700	0.47	0.47	0.47	0	0	0.47
171800	0.47	0.47	0.47	0	0	0.47
171900	0.47	0.47	0.47	0	0	0.47
172000	0.47	0.47	0.47	0	0	0.47
172100	0.47	0.47	0.47	0	0	0.47
172200	0.47	0.47	0.47	0	0	0.47
172300	0.47	0.47	0.47	0	0	0.47
172400	0.47	0.47	0.47	0	0	0.47
172500	0.47	0.47	0.47	0	0	0.47
172600	0.47	0.47	0.47	0	0	0.47
172700	0.47	0.48	0.48	0	0	0.47
172800	0.47	0.47	0.47	0	0	0.47
172900	0.47	0.47	0.47	0	0	0.47
173000	0.47	0.48	0.48	0	0	0.47
173100	0.47	0.47	0.47	0	0	0.47
173200	0.47	0.47	0.47	0	0	0.47
173300	0.47	0.47	0.47	0	0	0.47
173400	0.47	0.47	0.47	0	0	0.47
173500	0.47	0.47	0.47	0	0	0.47
173600	0.47	0.47	0.47	0	0	0.47
173700	0.47	0.47	0.47	0	0	0.47
173800	0.47	0.47	0.47	0	0	0.47
173900	0.47	0.47	0.47	0	0	0.47
174000	0.47	0.47	0.47	0	0	0.47
174100	0.47	0.47	0.47	0	0	0.47
174200	0.47	0.47	0.47	0	0	0.47
174300	0.47	0.47	0.47	0	0	0.47
174400	0.47	0.47	0.47	0	0	0.47
174500	0.47	0.47	0.47	0	0	0.47
174600	0.47	0.47	0.47	0	0	0.47
174700	0.47	0.47	0.47	0	0	0.47
174800	0.47	0.47	0.47	0	0	0.47
174900	0.47	0.47	0.47	0	0	0.47
175000	0.47	0.47	0.47	0	0	0.47
175100	0.47	0.47	0.47	0	0	0.47
175200	0.47	0.47	0.47	0	0	0.47
175300	0.47	0.47	0.47	0	0	0.47
175400	0.47	0.47	0.47	0	0	0.47
175500	0.47	0.47	0.47	0	0	0.47
175600	0.47	0.47	0.47	0	0	0.47
175700	0.47	0.47	0.47	0	0	0.47
175800	0.47	0.47	0.47	0	0	0.47
175900	0.47	0.47	0.47	0	0	0.47
176000	0.47	0.47	0.47	0	0	0.47
176100	0.47	0.47	0.47	0	0	0.47
176200	0.47	0.47	0.47	0	0	0.47
176300	0.47	0.47	0.47	0	0	0.47
176400	0.48	0.47	0.47	0	0	0.48
176500	0.48	0.47	0.47	0	0	0.48
176600	0.48	0.47	0.47	0	0	0.48
176700	0.48	0.47	0.47	0	0	0.48
176800	0.48	0.47	0.47	0	0	0.48
176900	0.48	0.47	0.47	0	0	0.48
177000	0.48	0.47	0.47	0	0	0.48
177100	0.48	0.47	0.47	0	0	0.48
177200	0.48	0.47	0.47	0	0	0.48
177300	0.48	0.47	0.47	0	0	0.48
177400	0.48	0.47	0.47	0	0	0.48
177500	0.48	0.47	0.47	0	0	0.48
177600	0.48	0.47	0.47	0	0	0.48
177700	0.48	0.47	0.47	0	0	0.48
177800	0.48	0.47	0.47	0	0	0.48
177900	0.48	0.47	0.47	0	0	0.48
178000	0.48	0.47	0.47	0	0	0.48
178100	0.48	0.47	0.47	0	0	0.48
178200	0.48	0.47	0.47	0	0	0.48
178300	0.48	0.47	0.47	0	0	0.48
178400	0.48	0.47	0.47	0	0	0.48
178500	0.48	0.47	0.47	0	0	0.48
178600	0.48	0.47	0.47	0	0	0.48
178700	0.48	0.47	0.47	0	0	0.48
178800	0.48	0.47	0.47	0	0	0.48
178900	0.48	0.47	0.47	0	0	0.48
179000	0.48	0.47	0.47	0	0	0.48
179100	0.48	0.47	0.47	0	0	0.48
179200	0.48	0.47	0.47	0	0	0.48
179300	0.48	0.47	0.47	0	0	0.48
179400	0.48	0.47	0.47	0	0	0.48
179500	0.49	0.47	0.47	0	0	0.49
179600	0.49	0.47	0.47	0	0	0.49
179700	0.49	0.47	0.47	0	0	0.49
179800	0.49	0.47	0.47	0	0	0.49
179900	0.49	0.47	0.47	0	0	0.49
180000	0.49	0.47	0.47	0	0	0.49
180100	0.5	0.47	0.47	0	0	0.5
180200	0.5	0.47	0.47	0	0	0.5
180300	0.5	0.47	0.47	0	0	0.5
180400	0.5	0.47	0.47	0	0	0.5
180500	0.5	0.47	0.47	0	0	0.5
180600	0.5	0.47	0.47	0	0	0.5
180700	0.5	0.47	0.47	0	0	0.5
180800	0.5	0.47	0.47	0	0	0.5
180900	0.5	0.47	0.47	0	0	0.5
181000	0.5	0.47	0.47	0	0	0.5
181100	0.5	0.47	0.47	0	0	0.5
181200	0.5	0.47	0.47	0	0	0.5
181300	0.5	0.47	0.47	0	0	0.5
181400	0.5	0.47	0.47	0	0	0.5
181500	0.5	0.47	0.47	0	0	0.5
181600	0.5	0.47	0.47	0	0	0.5
181700	0.5	0.47	0.47	0	0	0.5
181800	0.5	0.47	0.47	0	0	0.5
181900	0.5	0.47	0.47	0	0	0.5
182000	0.5	0.47	0.47	0	0	0.5
182100	0.5	0.47	0.47	0	0	0.5
182200	0.5	0.47	0.47	0	0	0.5
182300	0.5	0.47	0.47	0	0	0.5
182400	0.5	0.47	0.47	0	0	0.5
182500	0.5	0.47	0.47	0	0	0.5
182600	0.5	0.47	0.47	0	0	0.5
182700	0.5	0.47	0.47	0	0	0.5
182800	0.5	0.47	0.47	0	0	0.5
182900	0.5	0.47	0.47	0	0	0.5
183000	0.5	0.47	0.47	0	0	0.5
183100	0.5	0.47	0.47	0	0	0.5
183200	0.5	0.47	0.47	0	0	0.5
183300	0.5	0.47	0.47	0	0	0.5
183400	0.5	0.46	0.46	0	0	0.5
183500	0.5	0.46	0.46	0	0	0.5
183600	0.5	0.46	0.46	0	0	0.5
183700	0.5	0.46	0.46	0	0	0.5
183800	0.5	0.46	0.46	0	0	0.5
183900	0.5	0.46	0.46	0	0	0.5
184000	0.5	0.46	0.46	0	0	0.5
184100	0.5	0.46	0.46	0	0	0.5
184200	0.5	0.46	0.46	0	0	0.5
184300	0.5	0.46	0.46	0	0	0.5
184400	0.5	0.46	0.46	0	0	0.5
184500	0.5	0.46	0.46	0	0	0.5
184600	0.5	0.46	0.46	0	0	0.5
184700	0.5	0.46	0.46	0	0	0.5
184800	0.5	0.46	0.46	0	0	0.5
184900	0.5	0.46	0.46	0	0	0.5
185000	0.5	0.46	0.46	0	0	0.5
185100	0.5	0.46	0.46	0	0	0.5
185200	0.5	0.46	0.46	0	0	0.5
185300	0.5	0.46	0.46	0	0	0.5
185400	0.5	0.46	0.46	0	0	0.5
185500	0.5	0.46	0.46	0	0	0.5
185600	0.5	0.46	0.46	0	0	0.5
185700	0.5	0.46	0.46	0	0	0.5
185800	0.5	0.46	0.46	0	0	0.5
185900	0.5	0.46	0.46	0	0	0.5
186000	0.5	0.46	0.46	0	0	0.5
186100	0.5	0.46	0.46	0	0	0.5
186200	0.5	0.46	0.46	0	0	0.5
186300	0.5	0.46	0.46	0	0	0.5
186400	0.5	0.46	0.46	0	0	0.5
186500	0.5	0.46	0.46	0	0	0.5
186600	0.5	0.46	0.46	0	0	0.5
186700	0.5	0.46	0.46	0	0	0.5
186800	0.5	0.46	0.46	0	0	0.5
186900	0.5	0.46	0.46	0	0	0.5
187000	0.5	0.46	0.46	0	0	0.5
187100	0.5	0.46	0.46	0	0	0.5
187200	0.5	0.46	0.46	0	0	0.5
187300	0.51	0.46	0.46	0	0	0.51
187400	0.51	0.46	0.46	0	0	0.51
187500	0.51	0.46	0.46	0	0	0.51
187600	0.5	0.46	0.46	0	0	0.5
187700	0.5	0.46	0.46	0	0	0.5
187800	0.5	0.46	0.46	0	0	0.5
187900	0.5	0.46	0.46	0	0	0.5
188000	0.5	0.46	0.46	0	0	0.5
188100	0.5	0.46	0.46	0	0	0.5
188200	0.5	0.46	0.46	0	0	0.5
188300	0.5	0.46	0.46	0	0	0.5
188400	0.5	0.46	0.46	0	0	0.5
188500	0.5	0.46	0.46	0	0	0.5
188600	0.5	0.46	0.46	0	0	0.5
188700	0.5	0.46	0.46	0	0	0.5
188800	0.5	0.46	0.46	0	0	0.5
188900	0.5	0.46	0.46	0	0	0.5
189000	0.5	0.46	0.46	0	0	0.5
189100	0.5	0.46	0.46	0	0	0.5
189200	0.5	0.46	0.46	0	0	0.5
189300	0.5	0.46	0.46	0	0	0.5
189400	0.5	0.46	0.46	0	0	0.5
189500	0.5	0.46	0.46	0	0	0.5
189600	0.5	0.46	0.46	0	0	0.5
189700	0.5	0.46	0.46	0	0	0.5
189800	0.5	0.46	0.46	0	0	0.5
189900	0.5	0.46	0.46	0	0	0.5
190000	0.5	0.46	0.46	0	0	0.5
190100	0.5	0.46	0.46	0	0	0.5
190200	0.5	0.46	0.46	0	0	0.5
190300	0.5	0.46	0.46	0	0	0.5
190400	0.5	0.46	0.46	0	0	0.5
190500	0.5	0.46	0.46	0	0	0.5
190600	0.5	0.46	0.46	0	0	0.5
190700	0.49	0.46	0.46	0	0	0.49
190800	0.49	0.46	0.46	0	0	0.49
190900	0.49	0.47	0.47	0	0	0.49
191000	0.49	0.47	0.47	0	0	0.49
191100	0.49	0.47	0.47	0	0	0.49
191200	0.49	0.47	0.47	0	0	0.49
191300	0.49	0.46	0.46	0	0	0.49
191400	0.49	0.46	0.46	0	0	0.49
191500	0.49	0.46	0.46	0	0	0.49
191600	0.49	0.46	0.46	0	0	0.49
191700	0.49	0.46	0.46	0	0	0.49
191800	0.49	0.46	0.46	0	0	0.49
191900	0.49	0.46	0.46	0	0	0.49
192000	0.49	0.46	0.46	0	0	0.49
192100	0.49	0.46	0.46	0	0	0.49
192200	0.49	0.46	0.46	0	0	0.49
192300	0.49	0.46	0.46	0	0	0.49
192400	0.49	0.46	0.46	0	0	0.49
192500	0.49	0.46	0.46	0	0	0.49
192600	0.49	0.46	0.46	0	0	0.49
192700	0.49	0.46	0.46	0	0	0.49
192800	0.49	0.46	0.46	0	0	0.49
192900	0.49	0.46	0.46	0	0	0.49
193000	0.49	0.46	0.46	0	0	0.49
193100	0.49	0.46	0.46	0	0	0.49
193200	0.49	0.46	0.46	0	0	0.49
193300	0.49	0.46	0.46	0	0	0.49
193400	0.49	0.47	0.47	0	0	0.49
193500	0.49	0.46	0.46	0	0	0.49
193600	0.49	0.46	0.46	0	0	0.49
193700	0.49	0.46	0.46	0	0	0.49
193800	0.49	0.46	0.46	0	0	0.49
193900	0.49	0.46	0.46	0	0	0.49
194000	0.49	0.46	0.46	0	0	0.49
194100	0.49	0.46	0.46	0	0	0.49
194200	0.49	0.46	0.46	0	0	0.49
194300	0.49	0.46	0.46	0	0	0.49
194400	0.49	0.46	0.46	0	0	0.49
194500	0.49	0.46	0.46	0	0	0.49
194600	0.5	0.46	0.46	0	0	0.5
194700	0.5	0.46	0.46	0	0	0.5
194800	0.49	0.46	0.46	0	0	0.49
194900	0.49	0.46	0.46	0	0	0.49
195000	0.49	0.46	0.46	0	0	0.49
195100	0.49	0.46	0.46	0	0	0.49
195200	0.49	0.46	0.46	0	0	0.49
195300	0.49	0.46	0.46	0	0	0.49
195400	0.49	0.46	0.46	0	0	0.49
195500	0.49	0.46	0.46	0	0	0.49
195600	0.49	0.46	0.46	0	0	0.49
195700	0.49	0.46	0.46	0	0	0.49
195800	0.49	0.46	0.46	0	0	0.49
195900	0.49	0.46	0.46	0	0	0.49
196000	0.49	0.46	0.46	0	0	0.49
196100	0.49	0.46	0.46	0	0	0.49
196200	0.49	0.46	0.46	0	0	0.49
196300	0.49	0.46	0.46	0	0	0.49
196400	0.49	0.46	0.46	0	0	0.49
196500	0.49	0.46	0.46	0	0	0.49
196600	0.49	0.46	0.46	0	0	0.49
196700	0.49	0.46	0.46	0	0	0.49
196800	0.49	0.46	0.46	0	0	0.49
196900	0.49	0.46	0.46	0	0	0.49
197000	0.49	0.46	0.46	0	0	0.49
197100	0.49	0.46	0.46	0	0	0.49
197200	0.49	0.46	0.46	0	0	0.49
197300	0.49	0.46	0.46	0	0	0.49
197400	0.49	0.46	0.46	0	0	0.49
197500	0.49	0.46	0.46	0	0	0.49
197600	0.49	0.46	0.46	0	0	0.49
197700	0.49	0.46	0.46	0	0	0.49
197800	0.49	0.46	0.46	0	0	0.49
197900	0.49	0.46	0.46	0	0	0.49
198000	0.49	0.46	0.46	0	0	0.49
198100	0.49	0.46	0.46	0	0	0.49
198200	0.49	0.46	0.46	0	0	0.49
198300	0.49	0.46	0.46	0	0	0.49
198400	0.49	0.46	0.46	0	0	0.49
198500	0.49	0.46	0.46	0	0	0.49
198600	0.48	0.46	0.46	0	0	0.48
198700	0.48	0.46	0.46	0	0	0.48
198800	0.48	0.46	0.46	0	0	0.48
198900	0.48	0.46	0.46	0	0	0.48
199000	0.48	0.46	0.46	0	0	0.48
199100	0.48	0.46	0.46	0	0	0.48
199200	0.48	0.46	0.46	0	0	0.48
199300	0.48	0.46	0.46	0	0	0.48
199400	0.48	0.46	0.46	0	0	0.48
199500	0.48	0.46	0.46	0	0	0.48
199600	0.48	0.46	0.46	0	0	0.48
199700	0.48	0.46	0.46	0	0	0.48
199800	0.48	0.46	0.46	0	0	0.48
199900	0.48	0.46	0.46	0	0	0.48
200000	0.48	0.46	0.46	0	0	0.48
200100	0.48	0.46	0.46	0	0	0.48
200200	0.48	0.46	0.46	0	0	0.48
200300	0.48	0.46	0.46	0	0	0.48
200400	0.48	0.46	0.46	0	0	0.48
200500	0.48	0.47	0.47	0	0	0.48
200600	0.48	0.47	0.47	0	0	0.48
200700	0.48	0.47	0.47	0	0	0.48
200800	0.48	0.47	0.47	0	0	0.48
200900	0.48	0.47	0.47	0	0	0.48
201000	0.48	0.47	0.47	0	0	0.48
201100	0.48	0.47	0.47	0	0	0.48
201200	0.48	0.47	0.47	0	0	0.48
201300	0.48	0.47	0.47	0	0	0.48
201400	0.48	0.47	0.47	0	0	0.48
201500	0.48	0.47	0.47	0	0	0.48
201600	0.48	0.47	0.47	0	0	0.48
201700	0.48	0.47	0.47	0	0	0.48
201800	0.48	0.47	0.47	0	0	0.48
201900	0.48	0.47	0.47	0	0	0.48
202000	0.48	0.47	0.47	0	0	0.48
202100	0.48	0.47	0.47	0	0	0.48
202200	0.48	0.47	0.47	0	0	0.48
202300	0.48	0.47	0.47	0	0	0.48
202400	0.48	0.47	0.47	0	0	0.48
202500	0.48	0.47	0.47	0	0	0.48
202600	0.48	0.47	0.47	0	0	0.48
202700	0.48	0.47	0.47	0	0	0.48
202800	0.48	0.47	0.47	0	0	0.48
202900	0.48	0.47	0.47	0	0	0.48
203000	0.48	0.47	0.47	0	0	0.48
203100	0.48	0.47	0.47	0	0	0.48
203200	0.48	0.47	0.47	0	0	0.48
203300	0.48	0.47	0.47	0	0	0.48
203400	0.48	0.47	0.47	0	0	0.48
203500	0.48	0.47	0.47	0	0	0.48
203600	0.48	0.47	0.47	0	0	0.48
203700	0.48	0.47	0.47	0	0	0.48
203800	0.48	0.47	0.47	0	0	0.48
203900	0.48	0.47	0.47	0	0	0.48
204000	0.48	0.47	0.47	0	0	0.48
204100	0.48	0.47	0.47	0	0	0.48
204200	0.48	0.47	0.47	0	0	0.48
204300	0.48	0.47	0.47	0	0	0.48
204400	0.48	0.47	0.47	0	0	0.48
204500	0.48	0.47	0.47	0	0	0.48
204600	0.48	0.47	0.47	0	0	0.48
204700	0.48	0.46	0.46	0	0	0.48
204800	0.48	0.47	0.47	0	0	0.48
204900	0.48	0.46	0.46	0	0	0.48
205000	0.48	0.46	0.46	0	0	0.48
205100	0.48	0.46	0.46	0	0	0.48
205200	0.48	0.46	0.46	0	0	0.48
205300	0.48	0.46	0.46	0	0	0.48
205400	0.48	0.46	0.46	0	0	0.48
205500	0.48	0.46	0.46	0	0	0.48
205600	0.48	0.46	0.46	0	0	0.48
205700	0.48	0.46	0.46	0	0	0.48
205800	0.48	0.46	0.46	0	0	0.48
205900	0.48	0.46	0.46	0	0	0.48
206000	0.48	0.46	0.46	0	0	0.48
206100	0.48	0.46	0.46	0	0	0.48
206200	0.48	0.46	0.46	0	0	0.48
206300	0.48	0.46	0.46	0	0	0.48
206400	0.48	0.46	0.46	0	0	0.48
206500	0.47	0.46	0.46	0	0	0.47
206600	0.47	0.46	0.46	0	0	0.47
206700	0.47	0.46	0.46	0	0	0.47
206800	0.47	0.47	0.47	0	0	0.47
206900	0.47	0.47	0.47	0	0	0.47
207000	0.47	0.46	0.46	0	0	0.47
207100	0.47	0.46	0.46	0	0	0.47
207200	0.47	0.46	0.46	0	0	0.47
207300	0.47	0.46	0.46	0	0	0.47
207400	0.47	0.46	0.46	0	0	0.47
207500	0.47	0.46	0.46	0	0	0.47
207600	0.47	0.46	0.46	0	0	0.47
207700	0.47	0.46	0.46	0	0	0.47
207800	0.47	0.46	0.46	0	0	0.47
207900	0.47	0.46	0.46	0	0	0.47
208000	0.47	0.46	0.46	0	0	0.47
208100	0.47	0.46	0.46	0	0	0.47
208200	0.47	0.46	0.46	0	0	0.47
208300	0.47	0.46	0.46	0	0	0.47
208400	0.47	0.46	0.46	0	0	0.47
208500	0.47	0.46	0.46	0	0	0.47
208600	0.47	0.46	0.46	0	0	0.47
208700	0.47	0.46	0.46	0	0	0.47
208800	0.47	0.46	0.46	0	0	0.47
208900	0.47	0.46	0.46	0	0	0.47
209000	0.47	0.46	0.46	0	0	0.47
209100	0.47	0.46	0.46	0	0	0.47
209200	0.47	0.46	0.46	0	0	0.47
209300	0.47	0.46	0.46	0	0	0.47
209400	0.47	0.46	0.46	0	0	0.47
209500	0.47	0.46	0.46	0	0	0.47
209600	0.47	0.46	0.46	0	0	0.47
209700	0.47	0.46	0.46	0	0	0.47
209800	0.47	0.46	0.46	0	0	0.47
209900	0.47	0.46	0.46	0	0	0.47
210000	0.47	0.46	0.46	0	0	0.47
210100	0.47	0.46	0.46	0	0	0.47
210200	0.47	0.46	0.46	0	0	0.47
210300	0.47	0.46	0.46	0	0	0.47
210400	0.47	0.46	0.46	0	0	0.47
210500	0.47	0.46	0.46	0	0	0.47
210600	0.47	0.46	0.46	0	0	0.47
210700	0.47	0.47	0.47	0	0	0.47
210800	0.47	0.47	0.47	0	0	0.47
210900	0.47	0.47	0.47	0	0	0.47
211000	0.47	0.47	0.47	0	0	0.47
211100	0.47	0.47	0.47	0	0	0.47
211200	0.48	0.47	0.47	0	0	0.48
211300	0.48	0.47	0.47	0	0	0.48
211400	0.48	0.47	0.47	0	0	0.48
211500	0.48	0.47	0.47	0	0	0.48
211600	0.48	0.48	0.48	0	0	0.48
211700	0.48	0.48	0.48	0	0	0.48
211800	0.47	0.48	0.48	0	0	0.47
211900	0.47	0.48	0.48	0	0	0.47
212000	0.47	0.48	0.48	0	0	0.47
212100	0.47	0.48	0.48	0	0	0.47
212200	0.47	0.48	0.48	0	0	0.47
212300	0.47	0.48	0.48	0	0	0.47
212400	0.47	0.48	0.48	0	0	0.47
212500	0.47	0.48	0.48	0	0	0.47
212600	0.47	0.48	0.48	0	0	0.47
212700	0.47	0.48	0.48	0	0	0.47
212800	0.47	0.48	0.48	0	0	0.47
212900	0.47	0.48	0.48	0	0	0.47
213000	0.47	0.48	0.48	0	0	0.47
213100	0.47	0.48	0.48	0	0	0.47
213200	0.47	0.48	0.48	0	0	0.47
213300	0.47	0.48	0.48	0	0	0.47
213400	0.47	0.48	0.48	0	0	0.47
213500	0.47	0.48	0.48	0	0	0.47
213600	0.47	0.48	0.48	0	0	0.47
213700	0.47	0.48	0.48	0	0	0.47
213800	0.47	0.48	0.48	0	0	0.47
213900	0.47	0.48	0.48	0	0	0.47
214000	0.47	0.48	0.48	0	0	0.47
214100	0.47	0.48	0.48	0	0	0.47
214200	0.47	0.47	0.47	0	0	0.47
214300	0.47	0.47	0.47	0	0	0.47
214400	0.47	0.47	0.47	0	0	0.47
214500	0.47	0.47	0.47	0	0	0.47
214600	0.47	0.47	0.47	0	0	0.47
214700	0.47	0.47	0.47	0	0	0.47
214800	0.47	0.47	0.47	0	0	0.47
214900	0.47	0.47	0.47	0	0	0.47
215000	0.47	0.46	0.46	0	0	0.47
215100	0.47	0.46	0.46	0	0	0.47
215200	0.46	0.46	0.46	0	0	0.46
215300	0.46	0.46	0.46	0	0	0.46
215400	0.46	0.46	0.46	0	0	0.46
215500	0.46	0.46	0.46	0	0	0.46
215600	0.46	0.46	0.46	0	0	0.46
215700	0.46	0.46	0.46	0	0	0.46
215800	0.46	0.44	0.44	0	0	0.46
215900	0.46	0.44	0.44	0	0	0.46
216000	0.47	0.44	0.44	0	0	0.47
216100	0.47	0.44	0.44	0	0	0.47
216200	0.47	0.44	0.44	0	0	0.47
216300	0.47	0.44	0.44	0	0	0.47
216400	0.47	0.45	0.45	0	0	0.47
216500	0.48	0.45	0.45	0	0	0.48
216600	0.48	0.45	0.45	0	0	0.48
216700	0.48	0.45	0.45	0	0	0.48
216800	0.48	0.44	0.44	0	0	0.48
216900	0.48	0.44	0.44	0	0	0.48
217000	0.48	0.44	0.44	0	0	0.48
217100	0.48	0.44	0.44	0	0	0.48
217200	0.48	0.44	0.44	0	0	0.48
217300	0.49	0.44	0.44	0	0	0.49
217400	0.49	0.44	0.44	0	0	0.49
217500	0.49	0.44	0.44	0	0	0.49
217600	0.49	0.44	0.44	0	0	0.49
217700	0.49	0.44	0.44	0	0	0.49
217800	0.49	0.44	0.44	0	0	0.49
217900	0.48	0.44	0.44	0	0	0.48
218000	0.48	0.44	0.44	0	0	0.48
218100	0.49	0.42	0.42	0	0	0.49
218200	0.49	0.43	0.43	0	0	0.49
218300	0.49	0.43	0.43	0	0	0.49
218400	0.49	0.43	0.43	0	0	0.49
218500	0.49	0.43	0.43	0	0	0.49
218600	0.49	0.43	0.43	0	0	0.49
218700	0.49	0.43	0.43	0	0	0.49
218800	0.49	0.43	0.43	0	0	0.49
218900	0.49	0.43	0.43	0	0	0.49
219000	0.49	0.43	0.43	0	0	0.49
219100	0.49	0.43	0.43	0	0	0.49
219200	0.49	0.43	0.43	0	0	0.49
219300	0.48	0.43	0.43	0	0	0.48
219400	0.48	0.41	0.41	0	0	0.48
219500	0.48	0.41	0.41	0	0	0.48
219600	0.48	0.41	0.41	0	0	0.48
219700	0.48	0.41	0.41	0	0	0.48
219800	0.48	0.41	0.41	0	0	0.48
219900	0.48	0.41	0.41	0	0	0.48
220000	0.48	0.41	0.41	0	0	0.48
220100	0.48	0.41	0.41	0	0	0.48
220200	0.48	0.41	0.41	0	0	0.48
220300	0.48	0.41	0.41	0	0	0.48
220400	0.49	0.42	0.42	0	0	0.49
220500	0.48	0.42	0.42	0	0	0.48
220600	0.48	0.41	0.41	0	0	0.48
220700	0.47	0.41	0.41	0	0	0.47
220800	0.47	0.42	0.42	0	0	0.47
220900	0.47	0.43	0.43	0	0	0.47
221000	0.47	0.43	0.43	0	0	0.47
221100	0.46	0.43	0.43	0	0	0.46
221200	0.46	0.43	0.43	0	0	0.46
221300	0.46	0.43	0.43	0	0	0.46
221400	0.46	0.43	0.43	0	0	0.46
221500	0.46	0.43	0.43	0	0	0.46
221600	0.46	0.43	0.43	0	0	0.46
221700	0.46	0.43	0.43	0	0	0.46
221800	0.46	0.43	0.43	0	0	0.46
221900	0.46	0.43	0.43	0	0	0.46
222000	0.46	0.43	0.43	0	0	0.46
222100	0.46	0.43	0.43	0	0	0.46
222200	0.46	0.43	0.43	0	0	0.46
222300	0.46	0.43	0.43	0	0	0.46
222400	0.46	0.43	0.43	0	0	0.46
222500	0.46	0.43	0.43	0	0	0.46
222600	0.46	0.43	0.43	0	0	0.46
222700	0.45	0.43	0.43	0	0	0.45
222800	0.45	0.43	0.43	0	0	0.45
222900	0.45	0.43	0.43	0	0	0.45
223000	0.45	0.44	0.44	0	0	0.45
223100	0.45	0.44	0.44	0	0	0.45
223200	0.45	0.44	0.44	0	0	0.45
223300	0.46	0.45	0.45	0	0	0.46
223400	0.46	0.44	0.44	0	0	0.46
223500	0.46	0.44	0.44	0	0	0.46
223600	0.46	0.44	0.44	0	0	0.46
223700	0.46	0.44	0.44	0	0	0.46
223800	0.46	0.44	0.44	0	0	0.46
223900	0.46	0.44	0.44	0	0	0.46
224000	0.46	0.44	0.44	0	0	0.46
224100	0.46	0.44	0.44	0	0	0.46
224200	0.46	0.44	0.44	0	0	0.46
224300	0.46	0.44	0.44	0	0	0.46
224400	0.47	0.44	0.44	0	0	0.47
224500	0.47	0.45	0.45	0	0	0.47
224600	0.49	0.45	0.45	0	0	0.49
224700	0.48	0.45	0.45	0	0	0.48
224800	0.48	0.45	0.45	0	0	0.48
224900	0.48	0.45	0.45	0	0	0.48
225000	0.48	0.45	0.45	0	0	0.48
225100	0.48	0.45	0.45	0	0	0.48
225200	0.48	0.45	0.45	0	0	0.48
225300	0.48	0.45	0.45	0	0	0.48
225400	0.48	0.45	0.45	0	0	0.48
225500	0.48	0.45	0.45	0	0	0.48
225600	0.48	0.44	0.44	0	0	0.48
225700	0.48	0.45	0.45	0	0	0.48
225800	0.48	0.45	0.45	0	0	0.48
225900	0.48	0.45	0.45	0	0	0.48
226000	0.48	0.45	0.45	0	0	0.48
226100	0.48	0.45	0.45	0	0	0.48
226200	0.48	0.45	0.45	0	0	0.48
226300	0.48	0.45	0.45	0	0	0.48
226400	0.48	0.45	0.45	0	0	0.48
226500	0.48	0.45	0.45	0	0	0.48
226600	0.48	0.45	0.45	0	0	0.48
226700	0.48	0.45	0.45	0	0	0.48
226800	0.48	0.45	0.45	0	0	0.48
226900	0.48	0.45	0.45	0	0	0.48
227000	0.48	0.45	0.45	0	0	0.48
227100	0.48	0.45	0.45	0	0	0.48
227200	0.49	0.45	0.45	0	0	0.49
227300	0.48	0.45	0.45	0	0	0.48
227400	0.48	0.45	0.45	0	0	0.48
227500	0.48	0.45	0.45	0	0	0.48
227600	0.48	0.45	0.45	0	0	0.48
227700	0.48	0.45	0.45	0	0	0.48
227800	0.48	0.45	0.45	0	0	0.48
227900	0.48	0.45	0.45	0	0	0.48
228000	0.48	0.45	0.45	0	0	0.48
228100	0.48	0.45	0.45	0	0	0.48
228200	0.48	0.45	0.45	0	0	0.48
228300	0.48	0.45	0.45	0	0	0.48
228400	0.48	0.45	0.45	0	0	0.48
228500	0.48	0.45	0.45	0	0	0.48
228600	0.48	0.45	0.45	0	0	0.48
228700	0.48	0.45	0.45	0	0	0.48
228800	0.48	0.45	0.45	0	0	0.48
228900	0.48	0.45	0.45	0	0	0.48
229000	0.48	0.45	0.45	0	0	0.48
229100	0.48	0.45	0.45	0	0	0.48
229200	0.48	0.45	0.45	0	0	0.48
229300	0.48	0.45	0.45	0	0	0.48
229400	0.48	0.45	0.45	0	0	0.48
229500	0.48	0.45	0.45	0	0	0.48
229600	0.48	0.45	0.45	0	0	0.48
229700	0.48	0.45	0.45	0	0	0.48
229800	0.48	0.45	0.45	0	0	0.48
229900	0.48	0.45	0.45	0	0	0.48
230000	0.48	0.45	0.45	0	0	0.48
230100	0.48	0.45	0.45	0	0	0.48
230200	0.48	0.45	0.45	0	0	0.48
230300	0.48	0.45	0.45	0	0	0.48
230400	0.48	0.45	0.45	0	0	0.48
230500	0.48	0.45	0.45	0	0	0.48
230600	0.48	0.45	0.45	0	0	0.48
230700	0.48	0.45	0.45	0	0	0.48
230800	0.48	0.45	0.45	0	0	0.48
230900	0.48	0.46	0.46	0	0	0.48
231000	0.48	0.46	0.46	0	0	0.48
231100	0.48	0.46	0.46	0	0	0.48
231200	0.48	0.46	0.46	0	0	0.48
231300	0.48	0.46	0.46	0	0	0.48
231400	0.48	0.46	0.46	0	0	0.48
231500	0.48	0.46	0.46	0	0	0.48
231600	0.48	0.45	0.45	0	0	0.48
231700	0.48	0.45	0.45	0	0	0.48
231800	0.48	0.45	0.45	0	0	0.48
231900	0.48	0.45	0.45	0	0	0.48
232000	0.48	0.45	0.45	0	0	0.48
232100	0.48	0.45	0.45	0	0	0.48
232200	0.48	0.45	0.45	0	0	0.48
232300	0.48	0.46	0.46	0	0	0.48
232400	0.48	0.46	0.46	0	0	0.48
232500	0.48	0.46	0.46	0	0	0.48
232600	0.48	0.46	0.46	0	0	0.48
232700	0.48	0.46	0.46	0	0	0.48
232800	0.48	0.46	0.46	0	0	0.48
232900	0.48	0.46	0.46	0	0	0.48
233000	0.48	0.46	0.46	0	0	0.48
233100	0.48	0.45	0.45	0	0	0.48
233200	0.48	0.45	0.45	0	0	0.48
233300	0.48	0.45	0.45	0	0	0.48
233400	0.48	0.45	0.45	0	0	0.48
233500	0.48	0.45	0.45	0	0	0.48
233600	0.48	0.45	0.45	0	0	0.48
233700	0.48	0.45	0.45	0	0	0.48
233800	0.48	0.45	0.45	0	0	0.48
233900	0.48	0.45	0.45	0	0	0.48
234000	0.48	0.45	0.45	0	0	0.48
234100	0.48	0.45	0.45	0	0	0.48
234200	0.48	0.45	0.45	0	0	0.48
234300	0.48	0.45	0.45	0	0	0.48
234400	0.48	0.46	0.46	0	0	0.48
234500	0.48	0.46	0.46	0	0	0.48
234600	0.48	0.45	0.45	0	0	0.48
234700	0.48	0.45	0.45	0	0	0.48
234800	0.48	0.45	0.45	0	0	0.48
234900	0.48	0.45	0.45	0	0	0.48
235000	0.48	0.45	0.45	0	0	0.48
235100	0.48	0.45	0.45	0	0	0.48
235200	0.48	0.45	0.45	0	0	0.48
235300	0.48	0.45	0.45	0	0	0.48
235400	0.48	0.45	0.45	0	0	0.48
235500	0.48	0.45	0.45	0	0	0.48
235600	0.48	0.45	0.45	0	0	0.48
235700	0.48	0.45	0.45	0	0	0.48
235800	0.48	0.44	0.44	0	0	0.48
235900	0.48	0.44	0.44	0	0	0.48
236000	0.48	0.44	0.44	0	0	0.48
236100	0.48	0.44	0.44	0	0	0.48
236200	0.48	0.45	0.45	0	0	0.48
236300	0.48	0.45	0.45	0	0	0.48
236400	0.48	0.44	0.44	0	0	0.48
236500	0.48	0.44	0.44	0	0	0.48
236600	0.48	0.44	0.44	0	0	0.48
236700	0.48	0.44	0.44	0	0	0.48
236800	0.48	0.44	0.44	0	0	0.48
236900	0.48	0.44	0.44	0	0	0.48
237000	0.48	0.44	0.44	0	0	0.48
237100	0.48	0.44	0.44	0	0	0.48
237200	0.48	0.44	0.44	0	0	0.48
237300	0.48	0.44	0.44	0	0	0.48
237400	0.48	0.44	0.44	0	0	0.48
237500	0.48	0.44	0.44	0	0	0.48
237600	0.49	0.44	0.44	0	0	0.49
237700	0.48	0.44	0.44	0	0	0.48
237800	0.48	0.44	0.44	0	0	0.48
237900	0.48	0.46	0.46	0	0	0.48
238000	0.48	0.46	0.46	0	0	0.48
238100	0.48	0.45	0.45	0	0	0.48
238200	0.48	0.45	0.45	0	0	0.48
238300	0.48	0.45	0.45	0	0	0.48
238400	0.48	0.45	0.45	0	0	0.48
238500	0.48	0.45	0.45	0	0	0.48
238600	0.49	0.45	0.45	0	0	0.49
238700	0.49	0.45	0.45	0	0	0.49
238800	0.49	0.45	0.45	0	0	0.49
238900	0.49	0.46	0.46	0	0	0.49
239000	0.49	0.45	0.45	0	0	0.49
239100	0.49	0.45	0.45	0	0	0.49
239200	0.49	0.45	0.45	0	0	0.49
239300	0.49	0.45	0.45	0	0	0.49
239400	0.49	0.45	0.45	0	0	0.49
239500	0.49	0.45	0.45	0	0	0.49
239600	0.49	0.45	0.45	0	0	0.49
239700	0.49	0.45	0.45	0	0	0.49
239800	0.49	0.45	0.45	0	0	0.49
239900	0.49	0.46	0.46	0	0	0.49
240000	0.49	0.46	0.46	0	0	0.49
240100	0.49	0.46	0.46	0	0	0.49
240200	0.49	0.46	0.46	0	0	0.49
240300	0.49	0.46	0.46	0	0	0.49
240400	0.49	0.47	0.47	0	0	0.49
240500	0.49	0.46	0.46	0	0	0.49
240600	0.49	0.46	0.46	0	0	0.49
240700	0.49	0.46	0.46	0	0	0.49
240800	0.49	0.46	0.46	0	0	0.49
240900	0.49	0.46	0.46	0	0	0.49
241000	0.49	0.46	0.46	0	0	0.49
241100	0.49	0.46	0.46	0	0	0.49
241200	0.49	0.46	0.46	0	0	0.49
241300	0.49	0.46	0.46	0	0	0.49
241400	0.49	0.46	0.46	0	0	0.49
241500	0.49	0.46	0.46	0	0	0.49
241600	0.49	0.46	0.46	0	0	0.49
241700	0.49	0.46	0.46	0	0	0.49
241800	0.49	0.46	0.46	0	0	0.49
241900	0.49	0.46	0.46	0	0	0.49
242000	0.49	0.46	0.46	0	0	0.49
242100	0.49	0.46	0.46	0	0	0.49
242200	0.49	0.46	0.46	0	0	0.49
242300	0.49	0.46	0.46	0	0	0.49
242400	0.49	0.46	0.46	0	0	0.49
242500	0.49	0.46	0.46	0	0	0.49
242600	0.49	0.46	0.46	0	0	0.49
242700	0.49	0.46	0.46	0	0	0.49
242800	0.49	0.46	0.46	0	0	0.49
242900	0.49	0.46	0.46	0	0	0.49
243000	0.49	0.46	0.46	0	0	0.49
243100	0.49	0.46	0.46	0	0	0.49
243200	0.49	0.46	0.46	0	0	0.49
243300	0.49	0.46	0.46	0	0	0.49
243400	0.49	0.46	0.46	0	0	0.49
243500	0.49	0.46	0.46	0	0	0.49
243600	0.49	0.46	0.46	0	0	0.49
243700	0.49	0.46	0.46	0	0	0.49
243800	0.49	0.46	0.46	0	0	0.49
243900	0.5	0.46	0.46	0	0	0.5
244000	0.5	0.46	0.46	0	0	0.5
244100	0.5	0.46	0.46	0	0	0.5
244200	0.5	0.46	0.46	0	0	0.5
244300	0.5	0.46	0.46	0	0	0.5
244400	0.5	0.46	0.46	0	0	0.5
244500	0.49	0.46	0.46	0	0	0.49
244600	0.49	0.46	0.46	0	0	0.49
244700	0.49	0.46	0.46	0	0	0.49
244800	0.5	0.46	0.46	0	0	0.5
244900	0.5	0.46	0.46	0	0	0.5
245000	0.5	0.46	0.46	0	0	0.5
245100	0.49	0.46	0.46	0	0	0.49
245200	0.49	0.46	0.46	0	0	0.49
245300	0.49	0.46	0.46	0	0	0.49
245400	0.49	0.45	0.45	0	0	0.49
245500	0.49	0.45	0.45	0	0	0.49
245600	0.49	0.45	0.45	0	0	0.49
245700	0.49	0.45	0.45	0	0	0.49
245800	0.49	0.45	0.45	0	0	0.49
245900	0.49	0.45	0.45	0	0	0.49
246000	0.49	0.45	0.45	0	0	0.49
246100	0.49	0.45	0.45	0	0	0.49
246200	0.49	0.45	0.45	0	0	0.49
246300	0.49	0.45	0.45	0	0	0.49
246400	0.5	0.45	0.45	0	0	0.5
246500	0.5	0.45	0.45	0	0	0.5
246600	0.5	0.45	0.45	0	0	0.5
246700	0.5	0.45	0.45	0	0	0.5
246800	0.5	0.45	0.45	0	0	0.5
246900	0.5	0.45	0.45	0	0	0.5
247000	0.5	0.45	0.45	0	0	0.5
247100	0.5	0.45	0.45	0	0	0.5
247200	0.5	0.45	0.45	0	0	0.5
247300	0.5	0.45	0.45	0	0	0.5
247400	0.5	0.45	0.45	0	0	0.5
247500	0.5	0.45	0.45	0	0	0.5
247600	0.5	0.45	0.45	0	0	0.5
247700	0.5	0.45	0.45	0	0	0.5
247800	0.5	0.45	0.45	0	0	0.5
247900	0.5	0.45	0.45	0	0	0.5
248000	0.5	0.45	0.45	0	0	0.5
248100	0.5	0.45	0.45	0	0	0.5
248200	0.5	0.45	0.45	0	0	0.5
248300	0.5	0.45	0.45	0	0	0.5
248400	0.5	0.45	0.45	0	0	0.5
248500	0.5	0.45	0.45	0	0	0.5
248600	0.5	0.45	0.45	0	0	0.5
248700	0.5	0.45	0.45	0	0	0.5
248800	0.5	0.45	0.45	0	0	0.5
248900	0.5	0.45	0.45	0	0	0.5
249000	0.5	0.45	0.45	0	0	0.5
249100	0.5	0.45	0.45	0	0	0.5
249200	0.5	0.45	0.45	0	0	0.5
249300	0.5	0.45	0.45	0	0	0.5
249400	0.5	0.45	0.45	0	0	0.5
249500	0.5	0.45	0.45	0	0	0.5
249600	0.5	0.45	0.45	0	0	0.5
249700	0.5	0.45	0.45	0	0	0.5
249800	0.5	0.45	0.45	0	0	0.5
249900	0.5	0.45	0.45	0	0	0.5
250000	0.5	0.45	0.45	0	0	0.5
250100	0.5	0.45	0.45	0	0	0.5
250200	0.5	0.45	0.45	0	0	0.5
250300	0.5	0.45	0.45	0	0	0.5
250400	0.5	0.45	0.45	0	0	0.5
250500	0.5	0.45	0.45	0	0	0.5
250600	0.5	0.45	0.45	0	0	0.5
250700	0.5	0.45	0.45	0	0	0.5
250800	0.5	0.45	0.45	0	0	0.5
250900	0.5	0.45	0.45	0	0	0.5
251000	0.5	0.45	0.45	0	0	0.5
251100	0.5	0.45	0.45	0	0	0.5
251200	0.5	0.45	0.45	0	0	0.5
251300	0.5	0.45	0.45	0	0	0.5
251400	0.5	0.45	0.45	0	0	0.5
251500	0.5	0.45	0.45	0	0	0.5
251600	0.5	0.45	0.45	0	0	0.5
251700	0.5	0.46	0.46	0	0	0.5
251800	0.5	0.46	0.46	0	0	0.5
251900	0.5	0.46	0.46	0	0	0.5
252000	0.5	0.45	0.45	0	0	0.5
252100	0.5	0.45	0.45	0	0	0.5
252200	0.5	0.45	0.45	0	0	0.5
252300	0.5	0.45	0.45	0	0	0.5
252400	0.5	0.45	0.45	0	0	0.5
252500	0.5	0.45	0.45	0	0	0.5
252600	0.5	0.46	0.46	0	0	0.5
252700	0.5	0.46	0.46	0	0	0.5
252800	0.5	0.46	0.46	0	0	0.5
252900	0.5	0.46	0.46	0	0	0.5
253000	0.5	0.45	0.45	0	0	0.5
253100	0.5	0.45	0.45	0	0	0.5
253200	0.5	0.45	0.45	0	0	0.5
253300	0.51	0.45	0.45	0	0	0.51
253400	0.51	0.45	0.45	0	0	0.51
253500	0.51	0.45	0.45	0	0	0.51
253600	0.51	0.45	0.45	0	0	0.51
253700	0.51	0.45	0.45	0	0	0.51
253800	0.51	0.45	0.45	0	0	0.51
253900	0.51	0.45	0.45	0	0	0.51
254000	0.51	0.45	0.45	0	0	0.51
254100	0.51	0.45	0.45	0	0	0.51
254200	0.51	0.45	0.45	0	0	0.51
254300	0.51	0.45	0.45	0	0	0.51
254400	0.51	0.45	0.45	0	0	0.51
254500	0.51	0.45	0.45	0	0	0.51
254600	0.51	0.45	0.45	0	0	0.51
254700	0.51	0.45	0.45	0	0	0.51
254800	0.51	0.45	0.45	0	0	0.51
254900	0.51	0.45	0.45	0	0	0.51
255000	0.5	0.45	0.45	0	0	0.5
255100	0.5	0.45	0.45	0	0	0.5
255200	0.5	0.45	0.45	0	0	0.5
255300	0.5	0.45	0.45	0	0	0.5
255400	0.5	0.45	0.45	0	0	0.5
255500	0.5	0.45	0.45	0	0	0.5
255600	0.5	0.45	0.45	0	0	0.5
255700	0.5	0.45	0.45	0	0	0.5
255800	0.5	0.45	0.45	0	0	0.5
255900	0.5	0.45	0.45	0	0	0.5
256000	0.5	0.45	0.45	0	0	0.5
256100	0.5	0.45	0.45	0	0	0.5
256200	0.5	0.45	0.45	0	0	0.5
256300	0.5	0.45	0.45	0	0	0.5
256400	0.5	0.45	0.45	0	0	0.5
256500	0.5	0.45	0.45	0	0	0.5
256600	0.5	0.45	0.45	0	0	0.5
256700	0.5	0.45	0.45	0	0	0.5
256800	0.5	0.45	0.45	0	0	0.5
256900	0.5	0.45	0.45	0	0	0.5
257000	0.5	0.45	0.45	0	0	0.5
257100	0.5	0.45	0.45	0	0	0.5
257200	0.5	0.45	0.45	0	0	0.5
257300	0.5	0.45	0.45	0	0	0.5
257400	0.5	0.45	0.45	0	0	0.5
257500	0.5	0.45	0.45	0	0	0.5
257600	0.5	0.45	0.45	0	0	0.5
257700	0.5	0.45	0.45	0	0	0.5
257800	0.5	0.45	0.45	0	0	0.5
257900	0.5	0.45	0.45	0	0	0.5
258000	0.5	0.45	0.45	0	0	0.5
258100	0.5	0.46	0.46	0	0	0.5
258200	0.5	0.46	0.46	0	0	0.5
258300	0.5	0.46	0.46	0	0	0.5
258400	0.5	0.46	0.46	0	0	0.5
258500	0.5	0.47	0.47	0	0	0.5
258600	0.5	0.46	0.46	0	0	0.5
258700	0.5	0.46	0.46	0	0	0.5
258800	0.5	0.46	0.46	0	0	0.5
258900	0.5	0.46	0.46	0	0	0.5
259000	0.5	0.46	0.46	0	0	0.5
259100	0.5	0.46	0.46	0	0	0.5
259200	0.5	0.46	0.46	0	0	0.5
259300	0.5	0.47	0.47	0	0	0.5
259400	0.5	0.47	0.47	0	0	0.5
259500	0.5	0.47	0.47	0	0	0.5
259600	0.5	0.47	0.47	0	0	0.5
259700	0.5	0.47	0.47	0	0	0.5
259800	0.5	0.47	0.47	0	0	0.5
259900	0.5	0.47	0.47	0	0	0.5
260000	0.5	0.47	0.47	0	0	0.5
260100	0.5	0.47	0.47	0	0	0.5
260200	0.5	0.47	0.47	0	0	0.5
260300	0.5	0.47	0.47	0	0	0.5
260400	0.5	0.47	0.47	0	0	0.5
260500	0.5	0.47	0.47	0	0	0.5
260600	0.5	0.47	0.47	0	0	0.5
260700	0.5	0.47	0.47	0	0	0.5
260800	0.5	0.47	0.47	0	0	0.5
260900	0.5	0.47	0.47	0	0	0.5
261000	0.5	0.47	0.47	0	0	0.5
261100	0.5	0.47	0.47	0	0	0.5
261200	0.5	0.47	0.47	0	0	0.5
261300	0.5	0.47	0.47	0	0	0.5
261400	0.5	0.47	0.47	0	0	0.5
261500	0.5	0.47	0.47	0	0	0.5
261600	0.5	0.47	0.47	0	0	0.5
261700	0.5	0.47	0.47	0	0	0.5
261800	0.5	0.47	0.47	0	0	0.5
261900	0.5	0.47	0.47	0	0	0.5
262000	0.5	0.47	0.47	0	0	0.5
262100	0.5	0.47	0.47	0	0	0.5
262200	0.5	0.47	0.47	0	0	0.5
262300	0.5	0.47	0.47	0	0	0.5
262400	0.5	0.47	0.47	0	0	0.5
262500	0.5	0.47	0.47	0	0	0.5
262600	0.5	0.47	0.47	0	0	0.5
262700	0.5	0.47	0.47	0	0	0.5
262800	0.5	0.47	0.47	0	0	0.5
262900	0.5	0.47	0.47	0	0	0.5
263000	0.5	0.47	0.47	0	0	0.5
263100	0.5	0.47	0.47	0	0	0.5
263200	0.5	0.47	0.47	0	0	0.5
263300	0.5	0.47	0.47	0	0	0.5
263400	0.5	0.47	0.47	0	0	0.5
263500	0.5	0.47	0.47	0	0	0.5
263600	0.5	0.47	0.47	0	0	0.5
263700	0.5	0.47	0.47	0	0	0.5
263800	0.5	0.47	0.47	0	0	0.5
263900	0.5	0.47	0.47	0	0	0.5
264000	0.5	0.47	0.47	0	0	0.5
264100	0.5	0.47	0.47	0	0	0.5
264200	0.5	0.47	0.47	0	0	0.5
264300	0.5	0.47	0.47	0	0	0.5
264400	0.5	0.47	0.47	0	0	0.5
264500	0.5	0.47	0.47	0	0	0.5
264600	0.5	0.47	0.47	0	0	0.5
264700	0.5	0.47	0.47	0	0	0.5
264800	0.5	0.47	0.47	0	0	0.5
264900	0.5	0.47	0.47	0	0	0.5
265000	0.5	0.47	0.47	0	0	0.5
265100	0.5	0.47	0.47	0	0	0.5
265200	0.5	0.47	0.47	0	0	0.5
265300	0.51	0.47	0.47	0	0	0.51
265400	0.51	0.47	0.47	0	0	0.51
265500	0.51	0.47	0.47	0	0	0.51
265600	0.51	0.47	0.47	0	0	0.51
265700	0.51	0.47	0.47	0	0	0.51
265800	0.51	0.47	0.47	0	0	0.51
265900	0.51	0.47	0.47	0	0	0.51
266000	0.51	0.47	0.47	0	0	0.51
266100	0.5	0.47	0.47	0	0	0.5
266200	0.5	0.47	0.47	0	0	0.5
266300	0.5	0.47	0.47	0	0	0.5
266400	0.5	0.47	0.47	0	0	0.5
266500	0.5	0.47	0.47	0	0	0.5
266600	0.5	0.47	0.47	0	0	0.5
266700	0.5	0.47	0.47	0	0	0.5
266800	0.5	0.47	0.47	0	0	0.5
266900	0.51	0.47	0.47	0	0	0.51
267000	0.5	0.47	0.47	0	0	0.5
267100	0.5	0.47	0.47	0	0	0.5
267200	0.5	0.47	0.47	0	0	0.5
267300	0.5	0.47	0.47	0	0	0.5
267400	0.5	0.47	0.47	0	0	0.5
267500	0.5	0.47	0.47	0	0	0.5
267600	0.5	0.47	0.47	0	0	0.5
267700	0.5	0.47	0.47	0	0	0.5
267800	0.5	0.47	0.47	0	0	0.5
267900	0.5	0.47	0.47	0	0	0.5
268000	0.5	0.47	0.47	0	0	0.5
268100	0.5	0.47	0.47	0	0	0.5
268200	0.5	0.47	0.47	0	0	0.5
268300	0.5	0.47	0.47	0	0	0.5
268400	0.5	0.47	0.47	0	0	0.5
268500	0.5	0.47	0.47	0	0	0.5
268600	0.5	0.47	0.47	0	0	0.5
268700	0.5	0.47	0.47	0	0	0.5
268800	0.5	0.47	0.47	0	0	0.5
268900	0.5	0.47	0.47	0	0	0.5
269000	0.5	0.47	0.47	0	0	0.5
269100	0.5	0.47	0.47	0	0	0.5
269200	0.5	0.47	0.47	0	0	0.5
269300	0.5	0.47	0.47	0	0	0.5
269400	0.5	0.47	0.47	0	0	0.5
269500	0.5	0.48	0.48	0	0	0.5
269600	0.5	0.48	0.48	0	0	0.5
269700	0.5	0.48	0.48	0	0	0.5
269800	0.5	0.48	0.48	0	0	0.5
269900	0.5	0.48	0.48	0	0	0.5
270000	0.5	0.48	0.48	0	0	0.5
270100	0.5	0.48	0.48	0	0	0.5
270200	0.5	0.48	0.48	0	0	0.5
270300	0.5	0.48	0.48	0	0	0.5
270400	0.5	0.48	0.48	0	0	0.5
270500	0.5	0.48	0.48	0	0	0.5
270600	0.5	0.48	0.48	0	0	0.5
270700	0.5	0.48	0.48	0	0	0.5
270800	0.5	0.48	0.48	0	0	0.5
270900	0.5	0.48	0.48	0	0	0.5
271000	0.5	0.48	0.48	0	0	0.5
271100	0.5	0.48	0.48	0	0	0.5
271200	0.5	0.48	0.48	0	0	0.5
271300	0.5	0.48	0.48	0	0	0.5
271400	0.5	0.48	0.48	0	0	0.5
271500	0.5	0.48	0.48	0	0	0.5
271600	0.5	0.48	0.48	0	0	0.5
271700	0.5	0.48	0.48	0	0	0.5
271800	0.5	0.48	0.48	0	0	0.5
271900	0.5	0.48	0.48	0	0	0.5
272000	0.5	0.48	0.48	0	0	0.5
272100	0.5	0.48	0.48	0	0	0.5
272200	0.5	0.48	0.48	0	0	0.5
272300	0.5	0.48	0.48	0	0	0.5
272400	0.5	0.48	0.48	0	0	0.5
272500	0.5	0.48	0.48	0	0	0.5
272600	0.5	0.48	0.48	0	0	0.5
272700	0.5	0.48	0.48	0	0	0.5
272800	0.5	0.48	0.48	0	0	0.5
272900	0.5	0.48	0.48	0	0	0.5
273000	0.5	0.48	0.48	0	0	0.5
273100	0.5	0.48	0.48	0	0	0.5
273200	0.5	0.48	0.48	0	0	0.5
273300	0.5	0.48	0.48	0	0	0.5
273400	0.5	0.48	0.48	0	0	0.5
273500	0.5	0.48	0.48	0	0	0.5
273600	0.5	0.48	0.48	0	0	0.5
273700	0.5	0.48	0.48	0	0	0.5
273800	0.5	0.48	0.48	0	0	0.5
273900	0.5	0.48	0.48	0	0	0.5
274000	0.5	0.48	0.48	0	0	0.5
274100	0.5	0.48	0.48	0	0	0.5
274200	0.5	0.48	0.48	0	0	0.5
274300	0.5	0.48	0.48	0	0	0.5
274400	0.5	0.48	0.48	0	0	0.5
274500	0.5	0.48	0.48	0	0	0.5
274600	0.5	0.48	0.48	0	0	0.5
274700	0.5	0.48	0.48	0	0	0.5
274800	0.5	0.48	0.48	0	0	0.5
274900	0.5	0.48	0.48	0	0	0.5
275000	0.5	0.48	0.48	0	0	0.5
275100	0.5	0.47	0.47	0	0	0.5
275200	0.5	0.47	0.47	0	0	0.5
275300	0.5	0.47	0.47	0	0	0.5
275400	0.5	0.47	0.47	0	0	0.5
275500	0.5	0.47	0.47	0	0	0.5
275600	0.5	0.47	0.47	0	0	0.5
275700	0.5	0.47	0.47	0	0	0.5
275800	0.5	0.47	0.47	0	0	0.5
275900	0.5	0.47	0.47	0	0	0.5
276000	0.5	0.47	0.47	0	0	0.5
276100	0.5	0.47	0.47	0	0	0.5
276200	0.5	0.47	0.47	0	0	0.5
276300	0.5	0.47	0.47	0	0	0.5
276400	0.5	0.47	0.47	0	0	0.5
276500	0.5	0.47	0.47	0	0	0.5
276600	0.5	0.47	0.47	0	0	0.5
276700	0.5	0.47	0.47	0	0	0.5
276800	0.5	0.47	0.47	0	0	0.5
276900	0.5	0.47	0.47	0	0	0.5
277000	0.5	0.47	0.47	0	0	0.5
277100	0.49	0.48	0.48	0	0	0.49
277200	0.49	0.48	0.48	0	0	0.49
277300	0.49	0.48	0.48	0	0	0.49
277400	0.49	0.48	0.48	0	0	0.49
277500	0.49	0.48	0.48	0	0	0.49
277600	0.49	0.48	0.48	0	0	0.49
277700	0.49	0.48	0.48	0	0	0.49
277800	0.49	0.48	0.48	0	0	0.49
277900	0.49	0.48	0.48	0	0	0.49
278000	0.49	0.48	0.48	0	0	0.49
278100	0.49	0.48	0.48	0	0	0.49
278200	0.49	0.48	0.48	0	0	0.49
278300	0.5	0.48	0.48	0	0	0.5
278400	0.49	0.48	0.48	0	0	0.49
278500	0.49	0.48	0.48	0	0	0.49
278600	0.49	0.48	0.48	0	0	0.49
278700	0.49	0.48	0.48	0	0	0.49
278800	0.49	0.48	0.48	0	0	0.49
278900	0.49	0.48	0.48	0	0	0.49
279000	0.49	0.48	0.48	0	0	0.49
279100	0.49	0.48	0.48	0	0	0.49
279200	0.49	0.48	0.48	0	0	0.49
279300	0.49	0.48	0.48	0	0	0.49
279400	0.49	0.48	0.48	0	0	0.49
279500	0.49	0.48	0.48	0	0	0.49
279600	0.49	0.48	0.48	0	0	0.49
279700	0.49	0.48	0.48	0	0	0.49
279800	0.49	0.48	0.48	0	0	0.49
279900	0.49	0.48	0.48	0	0	0.49
280000	0.49	0.48	0.48	0	0	0.49
280100	0.49	0.48	0.48	0	0	0.49
280200	0.49	0.48	0.48	0	0	0.49
280300	0.49	0.48	0.48	0	0	0.49
280400	0.49	0.48	0.48	0	0	0.49
280500	0.49	0.48	0.48	0	0	0.49
280600	0.49	0.48	0.48	0	0	0.49
280700	0.49	0.48	0.48	0	0	0.49
280800	0.49	0.48	0.48	0	0	0.49
280900	0.49	0.48	0.48	0	0	0.49
281000	0.49	0.48	0.48	0	0	0.49
281100	0.49	0.48	0.48	0	0	0.49
281200	0.49	0.48	0.48	0	0	0.49
281300	0.49	0.48	0.48	0	0	0.49
281400	0.49	0.48	0.48	0	0	0.49
281500	0.49	0.48	0.48	0	0	0.49
281600	0.49	0.48	0.48	0	0	0.49
281700	0.49	0.48	0.48	0	0	0.49
281800	0.49	0.48	0.48	0	0	0.49
281900	0.49	0.48	0.48	0	0	0.49
282000	0.49	0.48	0.48	0	0	0.49
282100	0.49	0.48	0.48	0	0	0.49
282200	0.49	0.48	0.48	0	0	0.49
282300	0.49	0.48	0.48	0	0	0.49
282400	0.49	0.48	0.48	0	0	0.49
282500	0.49	0.48	0.48	0	0	0.49
282600	0.49	0.48	0.48	0	0	0.49
282700	0.49	0.48	0.48	0	0	0.49
282800	0.49	0.48	0.48	0	0	0.49
282900	0.49	0.48	0.48	0	0	0.49
283000	0.49	0.48	0.48	0	0	0.49
283100	0.49	0.48	0.48	0	0	0.49
283200	0.49	0.48	0.48	0	0	0.49
283300	0.49	0.48	0.48	0	0	0.49
283400	0.49	0.48	0.48	0	0	0.49
283500	0.49	0.48	0.48	0	0	0.49
283600	0.49	0.48	0.48	0	0	0.49
283700	0.49	0.48	0.48	0	0	0.49
283800	0.49	0.48	0.48	0	0	0.49
283900	0.49	0.48	0.48	0	0	0.49
284000	0.49	0.48	0.48	0	0	0.49
284100	0.49	0.48	0.48	0	0	0.49
284200	0.49	0.48	0.48	0	0	0.49
284300	0.49	0.48	0.48	0	0	0.49
284400	0.49	0.48	0.48	0	0	0.49
284500	0.49	0.48	0.48	0	0	0.49
284600	0.49	0.48	0.48	0	0	0.49
284700	0.49	0.48	0.48	0	0	0.49
284800	0.49	0.48	0.48	0	0	0.49
284900	0.48	0.48	0.48	0	0	0.48
285000	0.48	0.48	0.48	0	0	0.48
285100	0.48	0.48	0.48	0	0	0.48
285200	0.48	0.48	0.48	0	0	0.48
285300	0.48	0.48	0.48	0	0	0.48
285400	0.48	0.48	0.48	0	0	0.48
285500	0.49	0.48	0.48	0	0	0.49
285600	0.49	0.48	0.48	0	0	0.49
285700	0.49	0.48	0.48	0	0	0.49
285800	0.49	0.48	0.48	0	0	0.49
285900	0.49	0.48	0.48	0	0	0.49
286000	0.49	0.48	0.48	0	0	0.49
286100	0.49	0.48	0.48	0	0	0.49
286200	0.49	0.48	0.48	0	0	0.49
286300	0.49	0.48	0.48	0	0	0.49
286400	0.49	0.48	0.48	0	0	0.49
286500	0.49	0.48	0.48	0	0	0.49
286600	0.49	0.48	0.48	0	0	0.49
286700	0.49	0.48	0.48	0	0	0.49
286800	0.49	0.48	0.48	0	0	0.49
286900	0.49	0.48	0.48	0	0	0.49
287000	0.49	0.48	0.48	0	0	0.49
287100	0.49	0.47	0.47	0	0	0.49
287200	0.49	0.47	0.47	0	0	0.49
287300	0.49	0.47	0.47	0	0	0.49
287400	0.49	0.47	0.47	0	0	0.49
287500	0.49	0.46	0.46	0	0	0.49
287600	0.49	0.46	0.46	0	0	0.49
287700	0.49	0.46	0.46	0	0	0.49
287800	0.49	0.46	0.46	0	0	0.49
287900	0.49	0.46	0.46	0	0	0.49
288000	0.49	0.46	0.46	0	0	0.49
288100	0.49	0.47	0.47	0	0	0.49
288200	0.49	0.47	0.47	0	0	0.49
288300	0.49	0.47	0.47	0	0	0.49
288400	0.49	0.46	0.46	0	0	0.49
288500	0.49	0.46	0.46	0	0	0.49
288600	0.49	0.46	0.46	0	0	0.49
288700	0.49	0.46	0.46	0	0	0.49
288800	0.49	0.46	0.46	0	0	0.49
288900	0.49	0.45	0.45	0	0	0.49
289000	0.49	0.45	0.45	0	0	0.49
289100	0.49	0.45	0.45	0	0	0.49
289200	0.49	0.45	0.45	0	0	0.49
289300	0.49	0.45	0.45	0	0	0.49
289400	0.49	0.45	0.45	0	0	0.49
289500	0.49	0.45	0.45	0	0	0.49
289600	0.49	0.45	0.45	0	0	0.49
289700	0.49	0.45	0.45	0	0	0.49
289800	0.5	0.45	0.45	0	0	0.5
289900	0.5	0.45	0.45	0	0	0.5
290000	0.5	0.45	0.45	0	0	0.5
290100	0.5	0.45	0.45	0	0	0.5
290200	0.49	0.45	0.45	0	0	0.49
290300	0.49	0.45	0.45	0	0	0.49
290400	0.49	0.45	0.45	0	0	0.49
290500	0.49	0.45	0.45	0	0	0.49
290600	0.49	0.45	0.45	0	0	0.49
290700	0.49	0.45	0.45	0	0	0.49
290800	0.49	0.45	0.45	0	0	0.49
290900	0.49	0.45	0.45	0	0	0.49
291000	0.49	0.45	0.45	0	0	0.49
291100	0.49	0.45	0.45	0	0	0.49
291200	0.49	0.45	0.45	0	0	0.49
291300	0.49	0.45	0.45	0	0	0.49
291400	0.49	0.45	0.45	0	0	0.49
291500	0.49	0.45	0.45	0	0	0.49
291600	0.49	0.45	0.45	0	0	0.49
291700	0.49	0.45	0.45	0	0	0.49
291800	0.49	0.45	0.45	0	0	0.49
291900	0.49	0.45	0.45	0	0	0.49
292000	0.49	0.45	0.45	0	0	0.49
292100	0.49	0.45	0.45	0	0	0.49
292200	0.49	0.45	0.45	0	0	0.49
292300	0.49	0.45	0.45	0	0	0.49
292400	0.49	0.45	0.45	0	0	0.49
292500	0.49	0.45	0.45	0	0	0.49
292600	0.49	0.45	0.45	0	0	0.49
292700	0.49	0.45	0.45	0	0	0.49
292800	0.49	0.45	0.45	0	0	0.49
292900	0.49	0.45	0.45	0	0	0.49
293000	0.49	0.45	0.45	0	0	0.49
293100	0.49	0.45	0.45	0	0	0.49
293200	0.49	0.45	0.45	0	0	0.49
293300	0.49	0.45	0.45	0	0	0.49
293400	0.5	0.45	0.45	0	0	0.5
293500	0.5	0.45	0.45	0	0	0.5
293600	0.5	0.45	0.45	0	0	0.5
293700	0.5	0.45	0.45	0	0	0.5
293800	0.5	0.45	0.45	0	0	0.5
293900	0.5	0.45	0.45	0	0	0.5
294000	0.5	0.45	0.45	0	0	0.5
294100	0.5	0.45	0.45	0	0	0.5
294200	0.5	0.45	0.45	0	0	0.5
294300	0.5	0.45	0.45	0	0	0.5
294400	0.5	0.45	0.45	0	0	0.5
294500	0.5	0.45	0.45	0	0	0.5
294600	0.5	0.45	0.45	0	0	0.5
294700	0.5	0.45	0.45	0	0	0.5
294800	0.5	0.45	0.45	0	0	0.5
294900	0.5	0.45	0.45	0	0	0.5
295000	0.5	0.45	0.45	0	0	0.5
295100	0.5	0.45	0.45	0	0	0.5
295200	0.5	0.45	0.45	0	0	0.5
295300	0.5	0.45	0.45	0	0	0.5
295400	0.5	0.45	0.45	0	0	0.5
295500	0.5	0.45	0.45	0	0	0.5
295600	0.51	0.45	0.45	0	0	0.51
295700	0.5	0.45	0.45	0	0	0.5
295800	0.5	0.45	0.45	0	0	0.5
295900	0.5	0.45	0.45	0	0	0.5
296000	0.5	0.45	0.45	0	0	0.5
296100	0.5	0.45	0.45	0	0	0.5
296200	0.5	0.45	0.45	0	0	0.5
296300	0.5	0.45	0.45	0	0	0.5
296400	0.5	0.45	0.45	0	0	0.5
296500	0.5	0.45	0.45	0	0	0.5
296600	0.5	0.45	0.45	0	0	0.5
296700	0.51	0.45	0.45	0	0	0.51
296800	0.51	0.45	0.45	0	0	0.51
296900	0.51	0.45	0.45	0	0	0.51
297000	0.51	0.45	0.45	0	0	0.51
297100	0.51	0.45	0.45	0	0	0.51
297200	0.51	0.45	0.45	0	0	0.51
297300	0.51	0.45	0.45	0	0	0.51
297400	0.51	0.45	0.45	0	0	0.51
297500	0.51	0.45	0.45	0	0	0.51
297600	0.51	0.45	0.45	0	0	0.51
297700	0.51	0.45	0.45	0	0	0.51
297800	0.51	0.45	0.45	0	0	0.51
297900	0.51	0.45	0.45	0	0	0.51
298000	0.51	0.45	0.45	0	0	0.51
298100	0.51	0.45	0.45	0	0	0.51
298200	0.51	0.45	0.45	0	0	0.51
298300	0.51	0.45	0.45	0	0	0.51
298400	0.51	0.45	0.45	0	0	0.51
298500	0.52	0.45	0.45	0	0	0.52
298600	0.51	0.45	0.45	0	0	0.51
298700	0.51	0.45	0.45	0	0	0.51
298800	0.51	0.45	0.45	0	0	0.51
298900	0.51	0.45	0.45	0	0	0.51
299000	0.51	0.45	0.45	0	0	0.51
299100	0.51	0.45	0.45	0	0	0.51
299200	0.51	0.45	0.45	0	0	0.51
299300	0.51	0.45	0.45	0	0	0.51
299400	0.51	0.45	0.45	0	0	0.51
299500	0.51	0.45	0.45	0	0	0.51
299600	0.51	0.45	0.45	0	0	0.51
299700	0.51	0.45	0.45	0	0	0.51
299800	0.51	0.45	0.45	0	0	0.51
299900	0.51	0.45	0.45	0	0	0.51
300000	0.51	0.45	0.45	0	0	0.51
